user2019/resources/simulation/Vinschgau/output-maps/thetaliqL0001N1004.asc
ncols         63
nrows         48
xllcorner     598000.000000
yllcorner     5145000.000000
cellsize      1000.000000
NODATA_value  -9999.0
[rows 0 to 28 of 48, columns 0 to 62 of 63]
-9999.0 -9999.0 -9999.0 -9999.0 -9999.0 -9999.0 -9999.0 -9999.0 -9999.0 -9999.0 -9999.0 -9999.0 -9999.0 -9999.0 -9999.0 -9999.0 -9999.0 -9999.0 -9999.0 -9999.0 -9999.0 -9999.0 -9999.0 -9999.0 -9999.0 -9999.0 -9999.0 -9999.0 -9999.0 -9999.0 -9999.0 -9999.0 -9999.0 -9999.0 -9999.0 -9999.0 -9999.0 -9999.0 -9999.0 -9999.0 -9999.0 -9999.0 -9999.0 -9999.0 -9999.0 -9999.0 -9999.0 -9999.0 -9999.0 -9999.0 -9999.0 -9999.0 -9999.0 -9999.0 -9999.0 -9999.0 -9999.0 -9999.0 -9999.0 -9999.0 -9999.0 -9999.0 -9999.0
-9999.0 -9999.0 -9999.0 -9999.0 -9999.0 -9999.0 -9999.0 -9999.0 -9999.0 -9999.0 -9999.0 -9999.0 -9999.0 -9999.0 -9999.0 -9999.0 -9999.0 -9999.0 -9999.0 -9999.0 -9999.0 -9999.0 -9999.0 -9999.0 -9999.0 -9999.0 -9999.0 0.035560 0.040045 0.020146 0.040111 0.040210 0.040004 -9999.0 -9999.0 -9999.0 -9999.0 -9999.0 -9999.0 -9999.0 -9999.0 -9999.0 -9999.0 -9999.0 -9999.0 -9999.0 -9999.0 -9999.0 -9999.0 -9999.0 -9999.0 -9999.0 -9999.0 -9999.0 -9999.0 -9999.0 -9999.0 -9999.0 -9999.0 -9999.0 -9999.0 -9999.0 -9999.0
-9999.0 -9999.0 -9999.0 -9999.0 -9999.0 -9999.0 -9999.0 -9999.0 -9999.0 -9999.0 -9999.0 -9999.0 -9999.0 -9999.0 -9999.0 -9999.0 -9999.0 -9999.0 -9999.0 -9999.0 -9999.0 -9999.0 -9999.0 -9999.0 0.158012 0.181316 0.211701 0.168078 0.063292 0.051748 0.042986 -9999.0 -9999.0 -9999.0 -9999.0 -9999.0 -9999.0 -9999.0 -9999.0 -9999.0 -9999.0 -9999.0 -9999.0 -9999.0 -9999.0 -9999.0 -9999.0 -9999.0 -9999.0 -9999.0 -9999.0 -9999.0 -9999.0 -9999.0 -9999.0 -9999.0 -9999.0 -9999.0 -9999.0 -9999.0 -9999.0 -9999.0 -9999.0
-9999.0 -9999.0 -9999.0 -9999.0 -9999.0 -9999.0 -9999.0 -9999.0 -9999.0 -9999.0 -9999.0 -9999.0 -9999.0 -9999.0 -9999.0 -9999.0 -9999.0 -9999.0 -9999.0 -9999.0 -9999.0 -9999.0 -9999.0 0.192576 0.119969 0.215361 0.182594 0.079240 0.372252 0.195588 0.040101 0.040114 -9999.0 -9999.0 -9999.0 -9999.0 -9999.0 -9999.0 -9999.0 -9999.0 -9999.0 -9999.0 -9999.0 -9999.0 -9999.0 -9999.0 -9999.0 -9999.0 -9999.0 -9999.0 -9999.0 -9999.0 -9999.0 -9999.0 -9999.0 -9999.0 -9999.0 -9999.0 -9999.0 -9999.0 -9999.0 -9999.0 -9999.0
-9999.0 -9999.0 -9999.0 -9999.0 -9999.0 -9999.0 -9999.0 -9999.0 -9999.0 -9999.0 -9999.0 -9999.0 -9999.0 -9999.0 -9999.0 -9999.0 -9999.0 -9999.0 0.443570 0.111258 -9999.0 0.225368 0.118126 0.253455 0.256330 0.084079 0.438283 0.434409 0.520000 0.120535 0.096717 0.040129 0.020281 0.020295 -9999.0 -9999.0 -9999.0 -9999.0 -9999.0 -9999.0 -9999.0 -9999.0 -9999.0 -9999.0 -9999.0 -9999.0 -9999.0 -9999.0 -9999.0 -9999.0 -9999.0 -9999.0 -9999.0 -9999.0 -9999.0 -9999.0 -9999.0 -9999.0 -9999.0 -9999.0 -9999.0 -9999.0 -9999.0
-9999.0 -9999.0 -9999.0 -9999.0 -9999.0 -9999.0 -9999.0 -9999.0 -9999.0 -9999.0 -9999.0 -9999.0 -9999.0 -9999.0 -9999.0 -9999.0 -9999.0 0.069822 0.072254 0.134392 0.199986 0.091893 0.107014 0.158049 0.425685 0.101683 0.051945 0.116733 0.040402 0.338466 0.147885 0.183517 0.027910 0.036363 0.020252 0.020150 -9999.0 -9999.0 -9999.0 -9999.0 -9999.0 -9999.0 -9999.0 -9999.0 -9999.0 -9999.0 -9999.0 -9999.0 -9999.0 -9999.0 -9999.0 -9999.0 -9999.0 -9999.0 -9999.0 -9999.0 -9999.0 -9999.0 -9999.0 -9999.0 -9999.0 -9999.0 -9999.0
-9999.0 -9999.0 -9999.0 -9999.0 -9999.0 -9999.0 -9999.0 -9999.0 -9999.0 -9999.0 -9999.0 -9999.0 -9999.0 0.446114 0.412831 0.076972 0.070558 0.022771 0.070685 0.078257 0.240957 0.381158 0.273068 0.425940 0.087435 0.250247 0.020136 0.040037 0.043959 0.101644 0.040042 0.069658 0.123513 0.040123 0.020621 0.020107 -9999.0 -9999.0 -9999.0 -9999.0 -9999.0 -9999.0 -9999.0 -9999.0 -9999.0 -9999.0 -9999.0 -9999.0 -9999.0 -9999.0 -9999.0 -9999.0 -9999.0 -9999.0 -9999.0 -9999.0 -9999.0 -9999.0 -9999.0 -9999.0 -9999.0 -9999.0 -9999.0
-9999.0 -9999.0 -9999.0 -9999.0 -9999.0 -9999.0 -9999.0 -9999.0 -9999.0 -9999.0 -9999.0 -9999.0 -9999.0 0.502713 0.232488 0.072660 0.071374 0.254126 0.022772 0.091914 0.071605 0.232476 0.243210 0.358845 0.205713 0.040100 0.108994 0.033937 0.021013 0.040300 0.040034 0.046217 0.020230 0.020022 0.020128 -9999.0 -9999.0 -9999.0 -9999.0 -9999.0 -9999.0 -9999.0 -9999.0 -9999.0 -9999.0 -9999.0 -9999.0 -9999.0 -9999.0 -9999.0 -9999.0 -9999.0 -9999.0 -9999.0 -9999.0 -9999.0 -9999.0 -9999.0 -9999.0 -9999.0 -9999.0 -9999.0 -9999.0
-9999.0 -9999.0 -9999.0 -9999.0 -9999.0 -9999.0 -9999.0 -9999.0 -9999.0 -9999.0 -9999.0 -9999.0 -9999.0 0.185182 0.520000 0.092356 0.072997 0.072313 0.022743 0.071027 0.300642 0.198867 0.121883 0.077762 0.161518 0.134107 0.092322 0.020377 0.040079 0.020026 0.040078 0.020019 0.020019 0.020012 0.020105 -9999.0 -9999.0 -9999.0 -9999.0 -9999.0 -9999.0 -9999.0 -9999.0 -9999.0 -9999.0 -9999.0 -9999.0 -9999.0 -9999.0 -9999.0 -9999.0 -9999.0 -9999.0 -9999.0 -9999.0 -9999.0 -9999.0 -9999.0 -9999.0 -9999.0 -9999.0 -9999.0 -9999.0
-9999.0 -9999.0 -9999.0 -9999.0 -9999.0 -9999.0 -9999.0 -9999.0 -9999.0 -9999.0 -9999.0 -9999.0 0.321417 0.520000 0.192963 0.421170 0.161175 0.076599 0.216910 0.023050 0.307811 0.101570 0.040342 0.070697 0.040035 0.099806 0.040013 0.040093 0.040181 0.020197 0.040006 0.020300 0.040054 0.020106 -9999.0 -9999.0 -9999.0 -9999.0 -9999.0 -9999.0 -9999.0 -9999.0 -9999.0 -9999.0 -9999.0 -9999.0 -9999.0 -9999.0 -9999.0 -9999.0 -9999.0 -9999.0 -9999.0 -9999.0 -9999.0 -9999.0 -9999.0 -9999.0 -9999.0 -9999.0 -9999.0 -9999.0 -9999.0
-9999.0 -9999.0 -9999.0 -9999.0 -9999.0 -9999.0 -9999.0 -9999.0 -9999.0 -9999.0 -9999.0 0.461904 0.344311 0.520000 0.230878 0.520000 0.037228 0.076799 0.366016 0.198282 0.073395 0.451402 0.199278 0.142970 0.040037 0.040669 0.040861 0.040251 0.040322 0.020096 0.020291 0.140513 0.020120 0.020185 0.020269 0.020149 0.040086 0.040014 0.040718 -9999.0 -9999.0 -9999.0 0.020300 -9999.0 -9999.0 -9999.0 -9999.0 -9999.0 -9999.0 -9999.0 -9999.0 -9999.0 -9999.0 -9999.0 -9999.0 -9999.0 -9999.0 -9999.0 -9999.0 -9999.0 -9999.0 -9999.0 -9999.0
-9999.0 -9999.0 -9999.0 -9999.0 -9999.0 -9999.0 -9999.0 -9999.0 -9999.0 -9999.0 -9999.0 0.354488 0.294635 0.195641 0.151872 0.520000 0.083136 0.071005 0.249221 0.289181 0.385178 0.413781 0.117758 0.040080 0.040027 0.040242 0.040003 0.043132 0.023672 0.020134 0.040207 0.051900 0.041631 0.040047 0.040645 0.040203 0.057569 0.204486 0.115927 0.020236 0.020347 0.020278 0.040156 0.020315 -9999.0 -9999.0 -9999.0 0.040625 0.040212 0.020166 0.040181 0.020095 0.020092 0.040165 0.040144 0.020089 -9999.0 -9999.0 -9999.0 -9999.0 -9999.0 -9999.0 -9999.0
-9999.0 -9999.0 -9999.0 -9999.0 -9999.0 -9999.0 -9999.0 -9999.0 -9999.0 -9999.0 -9999.0 0.180198 0.426679 0.077131 0.520000 0.520000 0.417488 0.075678 0.237195 0.252719 0.238680 0.133146 0.040924 0.157889 0.040000 0.046733 0.040426 0.040006 0.021162 0.040049 0.021194 0.040004 0.041802 0.040061 0.020349 0.047098 0.040009 0.040014 0.129786 0.022735 0.040395 0.040079 0.044287 0.040000 0.040214 -9999.0 0.020152 0.040046 0.040132 0.129357 0.153136 0.067102 0.077622 0.040103 0.040081 0.040437 -9999.0 -9999.0 -9999.0 -9999.0 -9999.0 -9999.0 -9999.0
-9999.0 -9999.0 -9999.0 -9999.0 -9999.0 -9999.0 -9999.0 -9999.0 -9999.0 -9999.0 -9999.0 -9999.0 0.220563 0.041371 0.501904 0.520000 0.279729 0.076333 0.283005 0.273569 0.167393 0.149526 0.040849 0.040138 0.040053 0.040298 0.163837 0.121758 0.040107 0.020464 0.040001 0.040005 0.152448 0.040081 0.040060 0.040360 0.040032 0.040017 0.379488 0.168224 0.081361 0.123595 0.040040 0.221437 0.020120 0.040329 0.020169 0.040366 0.040055 0.041279 0.072779 0.040006 0.040006 0.040004 0.040017 0.040081 0.040925 -9999.0 -9999.0 -9999.0 -9999.0 -9999.0 -9999.0
-9999.0 -9999.0 -9999.0 -9999.0 -9999.0 -9999.0 -9999.0 -9999.0 -9999.0 -9999.0 -9999.0 0.047138 0.233128 0.229220 0.040296 0.161096 0.416798 0.141857 0.289143 0.078476 0.081731 0.336503 0.102353 0.040313 0.040484 0.040077 0.040059 0.040083 0.040101 0.058561 0.040312 0.040011 0.080090 0.040086 0.040051 0.040176 0.089102 0.045546 0.134044 0.356357 0.046587 0.110737 0.040139 0.024530 0.111279 0.044457 0.040556 0.068971 0.121163 0.091751 0.020053 0.040104 0.040013 0.020028 0.020023 0.020018 0.020216 -9999.0 -9999.0 -9999.0 -9999.0 -9999.0 -9999.0
-9999.0 -9999.0 -9999.0 -9999.0 -9999.0 -9999.0 -9999.0 -9999.0 -9999.0 -9999.0 0.187361 0.040068 0.211990 0.127227 0.418224 0.054426 0.048923 0.111158 0.073484 0.081151 0.340371 0.466266 0.041086 0.347921 0.108056 0.040033 0.040098 0.020036 0.165425 0.225625 0.040022 0.040020 0.197909 0.040084 0.020088 0.020868 0.155708 0.041935 0.042664 0.150970 0.157578 0.198678 0.198426 0.368952 0.073546 0.057394 0.134314 0.040047 0.040025 0.106354 0.020033 0.020111 0.020022 0.020018 0.020020 0.040095 0.040095 -9999.0 -9999.0 -9999.0 -9999.0 -9999.0 -9999.0
-9999.0 -9999.0 -9999.0 -9999.0 -9999.0 -9999.0 -9999.0 -9999.0 -9999.0 0.040078 0.119096 0.040016 0.040068 0.045497 0.040071 0.040705 0.081679 0.457309 0.078463 0.072666 0.312829 0.160628 0.124039 0.163359 0.130049 0.040102 0.040045 0.230766 0.053376 0.106467 0.134996 0.040080 0.020819 0.020023 0.020388 0.020137 0.046555 0.040236 0.040675 0.040152 0.040997 0.044445 0.041904 0.166044 0.309784 0.090188 0.381097 0.043390 0.044183 0.133422 0.040105 0.020167 0.020016 0.020058 0.020081 0.040013 0.040018 0.020414 0.020099 -9999.0 -9999.0 -9999.0 -9999.0
-9999.0 -9999.0 -9999.0 -9999.0 -9999.0 -9999.0 -9999.0 -9999.0 -9999.0 0.040013 0.040060 0.231286 0.417275 0.113117 0.076609 0.046908 0.297370 0.185133 0.076762 0.215571 0.253733 0.167102 0.460245 0.267859 0.040192 0.040183 0.046265 0.112540 0.188643 0.271569 0.232493 0.040055 0.040280 0.040056 0.040135 0.022317 0.036313 0.028377 0.096490 0.083087 0.040052 0.040107 0.054983 0.359045 0.264838 0.364785 0.415059 0.158749 0.127043 0.133010 0.040030 0.040011 0.020051 0.040044 0.020142 0.040010 0.040020 0.040028 0.036307 -9999.0 -9999.0 -9999.0 -9999.0
-9999.0 -9999.0 -9999.0 -9999.0 -9999.0 -9999.0 -9999.0 -9999.0 -9999.0 -9999.0 0.040157 0.072415 0.096058 0.040405 0.131006 0.082806 0.122962 0.382685 0.069810 0.160366 0.286881 0.081304 0.089849 0.049773 0.040430 0.093601 0.145271 0.484887 0.231445 0.040085 0.040060 0.040006 0.040021 0.040075 0.044275 0.091930 0.230401 0.134594 0.030760 0.040174 0.048572 0.241948 0.308623 0.090806 0.104702 0.116258 0.216887 0.403053 0.373805 0.140591 0.040065 0.040021 0.020071 0.020051 0.040037 0.040685 0.040499 0.040032 0.040058 0.099206 -9999.0 -9999.0 -9999.0
-9999.0 -9999.0 -9999.0 -9999.0 -9999.0 -9999.0 -9999.0 -9999.0 -9999.0 -9999.0 0.040116 0.126654 0.215028 0.116965 0.482957 0.125340 0.109840 0.085311 0.070297 0.072593 0.070477 0.090269 0.086864 0.079195 0.094173 0.207291 0.520000 0.109030 0.040131 0.040024 0.057252 0.058905 0.020038 0.040052 0.040005 0.104008 0.040034 0.040077 0.040093 0.044272 0.040359 0.080923 0.040038 0.183224 0.245718 0.047009 0.113808 0.105919 0.185020 0.473067 0.136018 0.040069 0.040017 0.020089 0.020041 0.020056 0.040375 0.041454 0.520000 0.520000 -9999.0 -9999.0 -9999.0
-9999.0 -9999.0 -9999.0 -9999.0 -9999.0 -9999.0 -9999.0 -9999.0 0.042527 0.040163 0.041954 0.044920 0.040008 0.045712 0.073179 0.303950 0.077532 0.143055 0.090768 0.071262 0.067660 0.068891 0.080515 0.097722 0.154824 0.426179 0.497215 0.040361 0.040152 0.040023 0.020023 0.040199 0.040191 0.040071 0.040524 0.108463 0.368311 0.040705 0.040038 0.020962 0.020143 0.118298 0.020049 0.024828 0.135809 0.196226 0.040042 0.046354 0.112337 0.475611 0.150723 0.040477 0.040018 0.040010 0.020065 0.040278 0.021209 0.151950 0.196531 0.337551 -9999.0 -9999.0 -9999.0
-9999.0 -9999.0 -9999.0 -9999.0 -9999.0 -9999.0 -9999.0 -9999.0 0.020022 0.040034 0.040038 0.041710 0.110868 0.040015 0.040279 0.114565 0.084537 0.075874 0.067787 0.070602 0.206472 0.148757 0.146869 0.130822 0.074745 0.165164 0.368664 0.051211 0.020038 0.040087 0.040059 0.034003 0.040648 0.040089 0.044893 0.213267 0.362886 0.050906 0.044825 0.165030 0.040177 0.040010 0.041207 0.186555 0.151895 0.041966 0.020041 0.142092 0.054509 0.335631 0.520000 0.070908 0.040017 0.040797 0.106642 0.020093 0.040267 0.115584 0.461859 0.338814 0.076205 -9999.0 -9999.0
-9999.0 -9999.0 -9999.0 -9999.0 -9999.0 -9999.0 -9999.0 -9999.0 0.040000 0.084473 0.046151 0.040024 0.048513 0.020054 0.043082 0.040425 0.127618 0.192860 0.068471 0.183663 0.070010 0.079439 0.096749 0.072721 0.207079 0.079850 0.295154 0.040142 0.020030 0.040002 0.056736 0.107160 0.040085 0.040159 0.132271 0.277658 0.137372 0.520000 0.058065 0.040044 0.043899 0.065546 0.165055 0.080006 0.040217 0.130882 0.021736 0.093925 0.040059 0.095201 0.348059 0.140930 0.040028 0.040019 0.040186 0.040916 0.501307 0.455954 0.277174 0.365812 0.263295 -9999.0 -9999.0
-9999.0 -9999.0 -9999.0 -9999.0 -9999.0 -9999.0 -9999.0 -9999.0 0.020159 0.163075 0.040072 0.020035 0.136458 0.040184 0.046984 0.228831 0.071540 0.069590 0.260359 0.068155 0.071703 0.071563 0.088731 0.076349 0.074730 0.242738 0.065951 0.040059 0.221144 0.040049 0.043634 0.051045 0.128527 0.042043 0.077956 0.358183 0.471791 0.081794 0.394361 0.104753 0.209677 0.241183 0.238627 0.134728 0.120994 0.066099 0.169072 0.032504 0.121825 0.040982 0.102481 0.378470 0.135927 0.040594 0.153164 0.519941 0.381287 0.266308 0.122981 0.270283 0.280582 0.202592 -9999.0
-9999.0 -9999.0 -9999.0 -9999.0 -9999.0 -9999.0 -9999.0 -9999.0 0.040201 0.121021 0.040012 0.040091 0.042705 0.066678 0.315468 0.434733 0.429590 0.094105 0.207460 0.075501 0.070268 0.074611 0.073466 0.074689 0.249553 0.113834 0.040191 0.091979 0.133775 0.042155 0.047920 0.148347 0.520000 0.484268 0.146918 0.425757 0.286229 0.072887 0.072717 0.474575 0.158210 0.148065 0.177043 0.126281 0.041816 0.143206 0.043935 0.040071 0.060484 0.140537 0.446272 0.193539 0.315817 0.380334 0.520000 0.520000 0.449359 0.336419 0.312379 0.265628 0.090614 0.216583 -9999.0
-9999.0 -9999.0 0.111839 0.143631 0.040004 0.040129 0.040000 0.040048 0.040098 0.040226 0.040453 0.040266 0.072430 0.060008 0.520000 0.484362 0.092921 0.040143 0.047428 0.126923 0.075982 0.072160 0.282829 0.069064 0.077661 0.080009 0.109386 0.132370 0.259306 0.520000 0.093054 0.289494 0.462942 0.110600 0.323078 0.076624 0.169716 0.070147 0.070940 0.074905 0.254584 0.337982 0.188931 0.387206 0.115074 0.144840 0.477219 0.333709 0.360151 0.337248 0.226675 0.242892 0.373869 0.415047 0.517455 0.492083 0.412251 0.333313 0.342924 0.175955 0.366606 0.237089 -9999.0
-9999.0 0.044779 0.040043 0.041026 0.040167 0.041266 0.040000 0.040033 0.040020 0.041134 0.040055 0.040324 0.154867 0.389652 0.418471 0.045036 0.040303 0.040078 0.040358 0.100822 0.078754 0.075369 0.501244 0.132094 0.078479 0.077982 0.170886 0.222486 0.206984 0.310102 0.197854 0.224035 0.285811 0.289001 0.093253 0.097422 0.073414 0.067176 0.096706 0.148232 0.081145 0.106587 0.164834 0.072471 0.074489 0.078779 0.260259 0.070055 0.108977 0.084834 0.272713 0.341237 0.415376 0.459347 0.488235 0.520000 0.416105 0.387593 0.520000 0.430872 0.372472 0.241922 -9999.0
-9999.0 0.184627 0.040050 0.102608 0.227031 0.040630 0.040038 0.040025 0.040898 0.040073 0.040039 0.040145 0.235367 0.429933 0.058263 0.040026 0.040036 0.040059 0.054216 0.142801 0.520000 0.297882 0.178062 0.440889 0.345257 0.199958 0.068892 0.072524 0.157507 0.068080 0.067412 0.067953 0.218473 0.204708 0.226636 0.087373 0.160851 0.098322 0.073972 0.072527 0.073959 0.080441 0.073305 0.066820 0.066001 0.066074 0.083389 0.159288 0.193248 0.238063 0.295808 0.281003 0.363652 0.460695 0.469789 0.074227 0.041722 0.068576 0.079285 0.057941 0.083097 -9999.0 -9999.0
-9999.0 0.235063 0.040109 0.040048 0.336915 0.255001 0.229721 0.040081 0.040076 0.040086 0.040637 0.088043 0.488331 0.254169 0.040094 0.040019 0.040027 0.040133 0.040085 0.052277 0.057654 0.076778 0.198095 0.390155 0.379904 0.266436 0.253918 0.241763 0.072728 0.134251 0.070596 0.069971 0.171085 0.166503 0.094025 0.074682 0.074487 0.087799 0.073144 0.072239 0.072165 0.133235 0.075266 0.068079 0.068313 0.108119 0.128927 0.216353 0.266863 0.105868 0.332527 0.256337 0.086075 0.062129 0.050847 0.040133 0.040125 0.040079 0.040092 -9999.0 -9999.0 -9999.0 -9999.0
