user2019/resources/simulation/Vinschgau/output-maps/thetaliqL0007N0262.asc
ncols         63
nrows         48
xllcorner     598000.000000
yllcorner     5145000.000000
cellsize      1000.000000
NODATA_value  -9999.0
[rows 0 to 28 of 48, columns 0 to 62 of 63]
-9999.0 -9999.0 -9999.0 -9999.0 -9999.0 -9999.0 -9999.0 -9999.0 -9999.0 -9999.0 -9999.0 -9999.0 -9999.0 -9999.0 -9999.0 -9999.0 -9999.0 -9999.0 -9999.0 -9999.0 -9999.0 -9999.0 -9999.0 -9999.0 -9999.0 -9999.0 -9999.0 -9999.0 -9999.0 -9999.0 -9999.0 -9999.0 -9999.0 -9999.0 -9999.0 -9999.0 -9999.0 -9999.0 -9999.0 -9999.0 -9999.0 -9999.0 -9999.0 -9999.0 -9999.0 -9999.0 -9999.0 -9999.0 -9999.0 -9999.0 -9999.0 -9999.0 -9999.0 -9999.0 -9999.0 -9999.0 -9999.0 -9999.0 -9999.0 -9999.0 -9999.0 -9999.0 -9999.0
-9999.0 -9999.0 -9999.0 -9999.0 -9999.0 -9999.0 -9999.0 -9999.0 -9999.0 -9999.0 -9999.0 -9999.0 -9999.0 -9999.0 -9999.0 -9999.0 -9999.0 -9999.0 -9999.0 -9999.0 -9999.0 -9999.0 -9999.0 -9999.0 -9999.0 -9999.0 -9999.0 0.020022 0.020021 0.020021 0.020020 0.020018 0.020018 -9999.0 -9999.0 -9999.0 -9999.0 -9999.0 -9999.0 -9999.0 -9999.0 -9999.0 -9999.0 -9999.0 -9999.0 -9999.0 -9999.0 -9999.0 -9999.0 -9999.0 -9999.0 -9999.0 -9999.0 -9999.0 -9999.0 -9999.0 -9999.0 -9999.0 -9999.0 -9999.0 -9999.0 -9999.0 -9999.0
-9999.0 -9999.0 -9999.0 -9999.0 -9999.0 -9999.0 -9999.0 -9999.0 -9999.0 -9999.0 -9999.0 -9999.0 -9999.0 -9999.0 -9999.0 -9999.0 -9999.0 -9999.0 -9999.0 -9999.0 -9999.0 -9999.0 -9999.0 -9999.0 0.020029 0.020025 0.020024 0.020023 0.020023 0.020022 0.020020 -9999.0 -9999.0 -9999.0 -9999.0 -9999.0 -9999.0 -9999.0 -9999.0 -9999.0 -9999.0 -9999.0 -9999.0 -9999.0 -9999.0 -9999.0 -9999.0 -9999.0 -9999.0 -9999.0 -9999.0 -9999.0 -9999.0 -9999.0 -9999.0 -9999.0 -9999.0 -9999.0 -9999.0 -9999.0 -9999.0 -9999.0 -9999.0
-9999.0 -9999.0 -9999.0 -9999.0 -9999.0 -9999.0 -9999.0 -9999.0 -9999.0 -9999.0 -9999.0 -9999.0 -9999.0 -9999.0 -9999.0 -9999.0 -9999.0 -9999.0 -9999.0 -9999.0 -9999.0 -9999.0 -9999.0 0.020027 0.020028 0.040015 0.020023 0.020022 0.020022 0.020021 0.020019 0.020022 -9999.0 -9999.0 -9999.0 -9999.0 -9999.0 -9999.0 -9999.0 -9999.0 -9999.0 -9999.0 -9999.0 -9999.0 -9999.0 -9999.0 -9999.0 -9999.0 -9999.0 -9999.0 -9999.0 -9999.0 -9999.0 -9999.0 -9999.0 -9999.0 -9999.0 -9999.0 -9999.0 -9999.0 -9999.0 -9999.0 -9999.0
-9999.0 -9999.0 -9999.0 -9999.0 -9999.0 -9999.0 -9999.0 -9999.0 -9999.0 -9999.0 -9999.0 -9999.0 -9999.0 -9999.0 -9999.0 -9999.0 -9999.0 -9999.0 0.040021 0.020035 -9999.0 0.020030 0.020031 0.020029 0.020022 0.020050 0.040008 0.040008 0.040028 0.020023 0.020021 0.020019 0.020018 0.020016 -9999.0 -9999.0 -9999.0 -9999.0 -9999.0 -9999.0 -9999.0 -9999.0 -9999.0 -9999.0 -9999.0 -9999.0 -9999.0 -9999.0 -9999.0 -9999.0 -9999.0 -9999.0 -9999.0 -9999.0 -9999.0 -9999.0 -9999.0 -9999.0 -9999.0 -9999.0 -9999.0 -9999.0 -9999.0
-9999.0 -9999.0 -9999.0 -9999.0 -9999.0 -9999.0 -9999.0 -9999.0 -9999.0 -9999.0 -9999.0 -9999.0 -9999.0 -9999.0 -9999.0 -9999.0 -9999.0 0.040008 0.020020 0.020025 0.020030 0.040013 0.020029 0.020025 0.040026 0.020023 0.020023 0.020028 0.020023 0.040007 0.020024 0.020021 0.020021 0.020018 0.020017 0.020016 -9999.0 -9999.0 -9999.0 -9999.0 -9999.0 -9999.0 -9999.0 -9999.0 -9999.0 -9999.0 -9999.0 -9999.0 -9999.0 -9999.0 -9999.0 -9999.0 -9999.0 -9999.0 -9999.0 -9999.0 -9999.0 -9999.0 -9999.0 -9999.0 -9999.0 -9999.0 -9999.0
-9999.0 -9999.0 -9999.0 -9999.0 -9999.0 -9999.0 -9999.0 -9999.0 -9999.0 -9999.0 -9999.0 -9999.0 -9999.0 0.020030 0.020041 0.040006 0.040006 0.020026 0.040006 0.020022 0.020022 0.020023 0.020024 0.020028 0.020024 0.020023 0.020020 0.020023 0.020020 0.020026 0.020024 0.020020 0.020019 0.020016 0.020015 0.020015 -9999.0 -9999.0 -9999.0 -9999.0 -9999.0 -9999.0 -9999.0 -9999.0 -9999.0 -9999.0 -9999.0 -9999.0 -9999.0 -9999.0 -9999.0 -9999.0 -9999.0 -9999.0 -9999.0 -9999.0 -9999.0 -9999.0 -9999.0 -9999.0 -9999.0 -9999.0 -9999.0
-9999.0 -9999.0 -9999.0 -9999.0 -9999.0 -9999.0 -9999.0 -9999.0 -9999.0 -9999.0 -9999.0 -9999.0 -9999.0 0.020045 0.020045 0.040008 0.040010 0.040009 0.020024 0.020023 0.020039 0.020023 0.020028 0.020026 0.020028 0.020025 0.020022 0.020018 0.020017 0.020020 0.020023 0.020016 0.020016 0.020014 0.020014 -9999.0 -9999.0 -9999.0 -9999.0 -9999.0 -9999.0 -9999.0 -9999.0 -9999.0 -9999.0 -9999.0 -9999.0 -9999.0 -9999.0 -9999.0 -9999.0 -9999.0 -9999.0 -9999.0 -9999.0 -9999.0 -9999.0 -9999.0 -9999.0 -9999.0 -9999.0 -9999.0 -9999.0
-9999.0 -9999.0 -9999.0 -9999.0 -9999.0 -9999.0 -9999.0 -9999.0 -9999.0 -9999.0 -9999.0 -9999.0 -9999.0 0.020037 0.020023 0.111245 0.040013 0.040007 0.020027 0.040023 0.020036 0.020022 0.020026 0.020028 0.020034 0.020047 0.020023 0.020017 0.020021 0.020016 0.020016 0.020014 0.020014 0.020013 0.020014 -9999.0 -9999.0 -9999.0 -9999.0 -9999.0 -9999.0 -9999.0 -9999.0 -9999.0 -9999.0 -9999.0 -9999.0 -9999.0 -9999.0 -9999.0 -9999.0 -9999.0 -9999.0 -9999.0 -9999.0 -9999.0 -9999.0 -9999.0 -9999.0 -9999.0 -9999.0 -9999.0 -9999.0
-9999.0 -9999.0 -9999.0 -9999.0 -9999.0 -9999.0 -9999.0 -9999.0 -9999.0 -9999.0 -9999.0 -9999.0 0.020044 0.020028 0.020107 0.020024 0.040046 0.040007 0.040136 0.020028 0.020031 0.020024 0.020026 0.020029 0.040017 0.020019 0.020028 0.020023 0.020023 0.020017 0.020016 0.020018 0.020017 0.020015 -9999.0 -9999.0 -9999.0 -9999.0 -9999.0 -9999.0 -9999.0 -9999.0 -9999.0 -9999.0 -9999.0 -9999.0 -9999.0 -9999.0 -9999.0 -9999.0 -9999.0 -9999.0 -9999.0 -9999.0 -9999.0 -9999.0 -9999.0 -9999.0 -9999.0 -9999.0 -9999.0 -9999.0 -9999.0
-9999.0 -9999.0 -9999.0 -9999.0 -9999.0 -9999.0 -9999.0 -9999.0 -9999.0 -9999.0 -9999.0 0.020038 0.020031 0.040054 0.020026 0.020027 0.020022 0.040006 0.047497 0.020026 0.020027 0.040014 0.020027 0.020022 0.020026 0.020024 0.020017 0.020024 0.020022 0.020016 0.020019 0.020020 0.020017 0.020015 0.020014 0.020013 0.020012 0.020012 0.020020 -9999.0 -9999.0 -9999.0 0.020014 -9999.0 -9999.0 -9999.0 -9999.0 -9999.0 -9999.0 -9999.0 -9999.0 -9999.0 -9999.0 -9999.0 -9999.0 -9999.0 -9999.0 -9999.0 -9999.0 -9999.0 -9999.0 -9999.0 -9999.0
-9999.0 -9999.0 -9999.0 -9999.0 -9999.0 -9999.0 -9999.0 -9999.0 -9999.0 -9999.0 -9999.0 0.020029 0.020033 0.020036 0.020040 0.020023 0.020036 0.020022 0.043859 0.040024 0.020025 0.020071 0.020031 0.020028 0.020026 0.020022 0.020024 0.020026 0.020023 0.020017 0.020020 0.020019 0.020017 0.020016 0.020013 0.020013 0.020032 0.020031 0.020025 0.020010 0.020011 0.020012 0.020015 0.020016 -9999.0 -9999.0 -9999.0 0.141842 0.020044 0.020039 0.020135 0.020064 0.020062 0.236790 0.246424 0.020068 -9999.0 -9999.0 -9999.0 -9999.0 -9999.0 -9999.0 -9999.0
-9999.0 -9999.0 -9999.0 -9999.0 -9999.0 -9999.0 -9999.0 -9999.0 -9999.0 -9999.0 -9999.0 0.020034 0.020029 0.020024 0.040024 0.020026 0.020033 0.020023 0.020031 0.040068 0.040020 0.020032 0.020035 0.020034 0.020021 0.020024 0.020031 0.020023 0.020019 0.020020 0.020018 0.020019 0.020019 0.020015 0.020014 0.020014 0.020022 0.020022 0.020034 0.020021 0.020027 0.020013 0.020015 0.020017 0.020019 -9999.0 0.020021 0.020035 0.020058 0.020118 0.020066 0.020089 0.023735 0.051036 0.025236 0.046817 -9999.0 -9999.0 -9999.0 -9999.0 -9999.0 -9999.0 -9999.0
-9999.0 -9999.0 -9999.0 -9999.0 -9999.0 -9999.0 -9999.0 -9999.0 -9999.0 -9999.0 -9999.0 -9999.0 0.020033 0.040024 0.020121 0.020051 0.020030 0.020025 0.040017 0.042603 0.020024 0.020032 0.020029 0.020034 0.020025 0.020033 0.020038 0.020021 0.020022 0.020022 0.020021 0.020020 0.020019 0.020016 0.020013 0.020013 0.020017 0.020021 0.020051 0.020025 0.020028 0.020015 0.020018 0.020020 0.020019 0.020024 0.020025 0.020034 0.020032 0.020038 0.040016 0.020095 0.184843 0.051545 0.020052 0.020054 0.020432 -9999.0 -9999.0 -9999.0 -9999.0 -9999.0 -9999.0
-9999.0 -9999.0 -9999.0 -9999.0 -9999.0 -9999.0 -9999.0 -9999.0 -9999.0 -9999.0 -9999.0 0.040048 0.020028 0.020027 0.020040 0.020039 0.020037 0.020026 0.020029 0.052146 0.020025 0.020026 0.020041 0.020030 0.020036 0.020032 0.040016 0.020020 0.020024 0.020023 0.020026 0.020025 0.020021 0.020017 0.020013 0.020013 0.020012 0.020019 0.040007 0.020068 0.020024 0.020037 0.020023 0.020019 0.020022 0.020023 0.020032 0.020031 0.020036 0.020029 0.020026 0.020026 0.020034 0.020023 0.020027 0.020024 0.020074 -9999.0 -9999.0 -9999.0 -9999.0 -9999.0 -9999.0
-9999.0 -9999.0 -9999.0 -9999.0 -9999.0 -9999.0 -9999.0 -9999.0 -9999.0 -9999.0 0.040163 0.020061 0.020147 0.020033 0.020139 0.020028 0.020027 0.020030 0.040007 0.040050 0.040034 0.040220 0.020030 0.020061 0.020028 0.040021 0.020023 0.020022 0.020030 0.020029 0.020024 0.020023 0.020020 0.020017 0.020013 0.020014 0.020015 0.020020 0.020022 0.020048 0.020061 0.020023 0.020022 0.040006 0.020021 0.020022 0.020032 0.020026 0.020025 0.020028 0.020036 0.020024 0.020025 0.020023 0.020026 0.021773 0.023205 -9999.0 -9999.0 -9999.0 -9999.0 -9999.0 -9999.0
-9999.0 -9999.0 -9999.0 -9999.0 -9999.0 -9999.0 -9999.0 -9999.0 -9999.0 0.020028 0.040198 0.040169 0.020030 0.020059 0.040063 0.020031 0.020030 0.020072 0.020024 0.055248 0.040347 0.020025 0.020024 0.020041 0.040020 0.020024 0.020028 0.020032 0.020025 0.020027 0.020024 0.020021 0.020016 0.020015 0.020016 0.020015 0.020015 0.020015 0.020015 0.020017 0.020027 0.020019 0.020019 0.020043 0.020021 0.020022 0.020022 0.020029 0.020036 0.040008 0.020048 0.020042 0.020022 0.020030 0.020049 0.020104 0.026397 0.024348 0.020421 -9999.0 -9999.0 -9999.0 -9999.0
-9999.0 -9999.0 -9999.0 -9999.0 -9999.0 -9999.0 -9999.0 -9999.0 -9999.0 0.020028 0.020029 0.020029 0.020024 0.020033 0.020069 0.020094 0.047300 0.020028 0.020028 0.055199 0.055415 0.026482 0.040017 0.020048 0.020025 0.020032 0.020027 0.020025 0.020043 0.040010 0.020025 0.020024 0.020020 0.020020 0.020018 0.020018 0.020016 0.020017 0.020015 0.020018 0.040006 0.020018 0.020023 0.020023 0.040043 0.044665 0.021109 0.020026 0.020025 0.020029 0.020037 0.020053 0.020030 0.020034 0.020025 0.040287 0.020825 0.024160 0.024771 -9999.0 -9999.0 -9999.0 -9999.0
-9999.0 -9999.0 -9999.0 -9999.0 -9999.0 -9999.0 -9999.0 -9999.0 -9999.0 -9999.0 0.020029 0.020030 0.020034 0.040013 0.020028 0.020063 0.020063 0.020028 0.026472 0.057166 0.040031 0.020029 0.020064 0.020037 0.020030 0.020025 0.020028 0.020141 0.020027 0.020023 0.020022 0.040013 0.020020 0.020019 0.020021 0.020022 0.020021 0.020020 0.020017 0.020016 0.020016 0.020023 0.020023 0.020024 0.020021 0.020021 0.020025 0.040011 0.022096 0.020027 0.020056 0.020087 0.020053 0.020032 0.020043 0.020030 0.020067 0.020037 0.020032 0.020067 -9999.0 -9999.0 -9999.0
-9999.0 -9999.0 -9999.0 -9999.0 -9999.0 -9999.0 -9999.0 -9999.0 -9999.0 -9999.0 0.020029 0.020030 0.020036 0.020065 0.040137 0.020024 0.020029 0.040007 0.143852 0.058436 0.043330 0.020031 0.020023 0.020027 0.020027 0.020034 0.044799 0.020029 0.020026 0.020019 0.020020 0.020029 0.020022 0.020019 0.020019 0.020021 0.020023 0.020024 0.020021 0.020019 0.020025 0.020025 0.020026 0.020022 0.040050 0.020028 0.020037 0.020024 0.020087 0.020109 0.020029 0.020105 0.022075 0.020056 0.020037 0.020076 0.020030 0.020618 0.020043 0.040135 -9999.0 -9999.0 -9999.0
-9999.0 -9999.0 -9999.0 -9999.0 -9999.0 -9999.0 -9999.0 -9999.0 0.020149 0.020108 0.020030 0.020035 0.020033 0.020034 0.020056 0.040032 0.020062 0.026780 0.069707 0.081492 0.118986 0.027001 0.020045 0.020022 0.020026 0.130494 0.040024 0.020025 0.020030 0.020023 0.020017 0.020021 0.020023 0.020023 0.020026 0.020018 0.020029 0.020027 0.020022 0.020023 0.020021 0.020023 0.020020 0.020019 0.020031 0.020058 0.020024 0.020077 0.020028 0.041920 0.020031 0.020048 0.020785 0.020044 0.020075 0.024446 0.022373 0.064409 0.020038 0.021862 -9999.0 -9999.0 -9999.0
-9999.0 -9999.0 -9999.0 -9999.0 -9999.0 -9999.0 -9999.0 -9999.0 0.020027 0.020091 0.020039 0.020023 0.020027 0.020035 0.020058 0.020036 0.020040 0.020036 0.021806 0.176425 0.304630 0.146634 0.102118 0.027286 0.027083 0.145370 0.040013 0.020031 0.020022 0.020029 0.020029 0.020027 0.020031 0.020026 0.020044 0.020043 0.020034 0.020030 0.020029 0.020033 0.020023 0.020017 0.020020 0.020042 0.020047 0.020047 0.020023 0.020026 0.020032 0.020036 0.020151 0.020044 0.020330 0.023923 0.020067 0.020039 0.020038 0.020034 0.021997 0.370736 0.407796 -9999.0 -9999.0
-9999.0 -9999.0 -9999.0 -9999.0 -9999.0 -9999.0 -9999.0 -9999.0 0.020026 0.020034 0.020106 0.020029 0.020048 0.020024 0.020110 0.020032 0.020035 0.020073 0.039078 0.112207 0.319603 0.115598 0.214949 0.109819 0.158765 0.020030 0.020027 0.020028 0.020024 0.020031 0.020028 0.020042 0.020033 0.020031 0.020079 0.020040 0.020036 0.020029 0.020032 0.020034 0.020033 0.020030 0.020087 0.020033 0.020031 0.020030 0.020042 0.020264 0.020039 0.020029 0.052491 0.020048 0.020045 0.020071 0.020043 0.020053 0.020126 0.022044 0.023585 0.056304 0.382913 -9999.0 -9999.0
-9999.0 -9999.0 -9999.0 -9999.0 -9999.0 -9999.0 -9999.0 -9999.0 0.020020 0.020034 0.106636 0.020039 0.020517 0.053230 0.020032 0.020026 0.020072 0.031278 0.051046 0.088288 0.071882 0.331347 0.316984 0.119051 0.040014 0.020033 0.020072 0.020035 0.020043 0.020030 0.020038 0.020040 0.020027 0.020029 0.020033 0.020040 0.020047 0.020030 0.020044 0.020041 0.020044 0.020083 0.020099 0.020038 0.020205 0.020043 0.020202 0.020066 0.020220 0.020044 0.020048 0.021813 0.020094 0.040067 0.020232 0.021334 0.021552 0.056129 0.430000 0.375295 0.053135 0.211620 -9999.0
-9999.0 -9999.0 -9999.0 -9999.0 -9999.0 -9999.0 -9999.0 -9999.0 0.020032 0.020046 0.098198 0.020041 0.020030 0.020026 0.020197 0.040429 0.040024 0.020031 0.020036 0.020034 0.085626 0.239782 0.239420 0.057833 0.020089 0.020028 0.020031 0.020035 0.020027 0.020027 0.020038 0.020037 0.020032 0.020038 0.020040 0.020048 0.020040 0.020036 0.020033 0.020051 0.020048 0.020045 0.020031 0.020036 0.020041 0.020085 0.020039 0.020029 0.020032 0.020038 0.020075 0.021116 0.021713 0.021372 0.021665 0.051563 0.171769 0.244941 0.054595 0.022161 0.020067 0.352738 -9999.0
-9999.0 -9999.0 0.020037 0.020054 0.020041 0.020053 0.020082 0.020052 0.020048 0.020053 0.020050 0.040019 0.020031 0.020047 0.023836 0.040031 0.020028 0.020031 0.020034 0.020043 0.020038 0.169840 0.201943 0.055940 0.053297 0.020038 0.020031 0.020022 0.020029 0.020045 0.020029 0.020031 0.040060 0.020025 0.020037 0.020028 0.020062 0.020262 0.020042 0.020034 0.020031 0.020035 0.020028 0.020030 0.020032 0.020031 0.020035 0.040009 0.020076 0.021939 0.021955 0.052770 0.166569 0.073609 0.051502 0.053663 0.050782 0.044049 0.020083 0.020044 0.392049 0.394332 -9999.0
-9999.0 0.020070 0.020058 0.020089 0.020069 0.020153 0.020042 0.020037 0.020036 0.020032 0.020044 0.020230 0.040036 0.226957 0.111048 0.020092 0.020036 0.020037 0.040054 0.020030 0.020032 0.023482 0.054075 0.074774 0.050001 0.045437 0.073204 0.064233 0.022244 0.040026 0.020090 0.020047 0.020043 0.047358 0.021837 0.044812 0.022813 0.024799 0.048370 0.045054 0.021921 0.021857 0.021500 0.020031 0.020048 0.020040 0.052952 0.021964 0.024486 0.056104 0.183232 0.090343 0.050994 0.047682 0.047521 0.040039 0.040091 0.067767 0.265655 0.335682 0.396616 0.404987 -9999.0
-9999.0 0.020045 0.020047 0.020039 0.107487 0.020051 0.020049 0.020051 0.020053 0.020043 0.020082 0.020081 0.020040 0.197507 0.020045 0.020039 0.020034 0.020035 0.020036 0.020030 0.150307 0.040014 0.052841 0.052656 0.088765 0.178338 0.122522 0.240793 0.235023 0.057439 0.051184 0.026495 0.044186 0.054268 0.057115 0.058581 0.237971 0.430000 0.086345 0.085446 0.056723 0.056499 0.024947 0.076680 0.214580 0.048039 0.347214 0.394401 0.304532 0.248245 0.044125 0.040012 0.040100 0.040038 0.020046 0.129621 0.020172 0.040441 0.020436 0.226445 0.279603 -9999.0 -9999.0
-9999.0 0.020033 0.020031 0.020041 0.020032 0.163956 0.045986 0.020047 0.020073 0.020110 0.020096 0.020030 0.020122 0.164800 0.020235 0.020038 0.020040 0.020046 0.020034 0.020034 0.020099 0.020035 0.040021 0.052570 0.055170 0.055156 0.085420 0.116623 0.162321 0.178906 0.158142 0.217187 0.237520 0.056076 0.113636 0.089733 0.059295 0.130628 0.154988 0.363002 0.420915 0.430000 0.430000 0.351010 0.320897 0.318989 0.078740 0.053852 0.051999 0.044817 0.020038 0.040062 0.040153 0.132021 0.040194 0.040727 0.068494 0.122728 0.160935 -9999.0 -9999.0 -9999.0 -9999.0
