user2019/resources/simulation/Vinschgau/output-maps/thetaliqL0004N0116.asc
ncols         63
nrows         48
xllcorner     598000.000000
yllcorner     5145000.000000
cellsize      1000.000000
NODATA_value  -9999.0
[rows 0 to 28 of 48, columns 0 to 62 of 63]
-9999.0 -9999.0 -9999.0 -9999.0 -9999.0 -9999.0 -9999.0 -9999.0 -9999.0 -9999.0 -9999.0 -9999.0 -9999.0 -9999.0 -9999.0 -9999.0 -9999.0 -9999.0 -9999.0 -9999.0 -9999.0 -9999.0 -9999.0 -9999.0 -9999.0 -9999.0 -9999.0 -9999.0 -9999.0 -9999.0 -9999.0 -9999.0 -9999.0 -9999.0 -9999.0 -9999.0 -9999.0 -9999.0 -9999.0 -9999.0 -9999.0 -9999.0 -9999.0 -9999.0 -9999.0 -9999.0 -9999.0 -9999.0 -9999.0 -9999.0 -9999.0 -9999.0 -9999.0 -9999.0 -9999.0 -9999.0 -9999.0 -9999.0 -9999.0 -9999.0 -9999.0 -9999.0 -9999.0
-9999.0 -9999.0 -9999.0 -9999.0 -9999.0 -9999.0 -9999.0 -9999.0 -9999.0 -9999.0 -9999.0 -9999.0 -9999.0 -9999.0 -9999.0 -9999.0 -9999.0 -9999.0 -9999.0 -9999.0 -9999.0 -9999.0 -9999.0 -9999.0 -9999.0 -9999.0 -9999.0 0.020116 0.040078 0.020109 0.040087 0.040042 0.040034 -9999.0 -9999.0 -9999.0 -9999.0 -9999.0 -9999.0 -9999.0 -9999.0 -9999.0 -9999.0 -9999.0 -9999.0 -9999.0 -9999.0 -9999.0 -9999.0 -9999.0 -9999.0 -9999.0 -9999.0 -9999.0 -9999.0 -9999.0 -9999.0 -9999.0 -9999.0 -9999.0 -9999.0 -9999.0 -9999.0
-9999.0 -9999.0 -9999.0 -9999.0 -9999.0 -9999.0 -9999.0 -9999.0 -9999.0 -9999.0 -9999.0 -9999.0 -9999.0 -9999.0 -9999.0 -9999.0 -9999.0 -9999.0 -9999.0 -9999.0 -9999.0 -9999.0 -9999.0 -9999.0 0.040203 0.040073 0.040064 0.040060 0.040058 0.040067 0.040090 -9999.0 -9999.0 -9999.0 -9999.0 -9999.0 -9999.0 -9999.0 -9999.0 -9999.0 -9999.0 -9999.0 -9999.0 -9999.0 -9999.0 -9999.0 -9999.0 -9999.0 -9999.0 -9999.0 -9999.0 -9999.0 -9999.0 -9999.0 -9999.0 -9999.0 -9999.0 -9999.0 -9999.0 -9999.0 -9999.0 -9999.0 -9999.0
-9999.0 -9999.0 -9999.0 -9999.0 -9999.0 -9999.0 -9999.0 -9999.0 -9999.0 -9999.0 -9999.0 -9999.0 -9999.0 -9999.0 -9999.0 -9999.0 -9999.0 -9999.0 -9999.0 -9999.0 -9999.0 -9999.0 -9999.0 0.040092 0.040097 0.051267 0.041271 0.109049 0.040109 0.040062 0.040069 0.040087 -9999.0 -9999.0 -9999.0 -9999.0 -9999.0 -9999.0 -9999.0 -9999.0 -9999.0 -9999.0 -9999.0 -9999.0 -9999.0 -9999.0 -9999.0 -9999.0 -9999.0 -9999.0 -9999.0 -9999.0 -9999.0 -9999.0 -9999.0 -9999.0 -9999.0 -9999.0 -9999.0 -9999.0 -9999.0 -9999.0 -9999.0
-9999.0 -9999.0 -9999.0 -9999.0 -9999.0 -9999.0 -9999.0 -9999.0 -9999.0 -9999.0 -9999.0 -9999.0 -9999.0 -9999.0 -9999.0 -9999.0 -9999.0 -9999.0 0.151370 0.047887 -9999.0 0.040112 0.040161 0.385941 0.064639 0.040023 0.040164 0.040167 0.040374 0.040283 0.040057 0.040075 0.020082 0.020058 -9999.0 -9999.0 -9999.0 -9999.0 -9999.0 -9999.0 -9999.0 -9999.0 -9999.0 -9999.0 -9999.0 -9999.0 -9999.0 -9999.0 -9999.0 -9999.0 -9999.0 -9999.0 -9999.0 -9999.0 -9999.0 -9999.0 -9999.0 -9999.0 -9999.0 -9999.0 -9999.0 -9999.0 -9999.0
-9999.0 -9999.0 -9999.0 -9999.0 -9999.0 -9999.0 -9999.0 -9999.0 -9999.0 -9999.0 -9999.0 -9999.0 -9999.0 -9999.0 -9999.0 -9999.0 -9999.0 0.040014 0.040086 0.020130 0.020134 0.040685 0.043884 0.040066 0.040532 0.040050 0.040076 0.040181 0.040062 0.040160 0.040104 0.040064 0.020088 0.020075 0.020101 0.020042 -9999.0 -9999.0 -9999.0 -9999.0 -9999.0 -9999.0 -9999.0 -9999.0 -9999.0 -9999.0 -9999.0 -9999.0 -9999.0 -9999.0 -9999.0 -9999.0 -9999.0 -9999.0 -9999.0 -9999.0 -9999.0 -9999.0 -9999.0 -9999.0 -9999.0 -9999.0 -9999.0
-9999.0 -9999.0 -9999.0 -9999.0 -9999.0 -9999.0 -9999.0 -9999.0 -9999.0 -9999.0 -9999.0 -9999.0 -9999.0 0.040114 0.043673 0.040150 0.040148 0.020072 0.040015 0.049608 0.054706 0.145291 0.040081 0.040669 0.040057 0.040088 0.020123 0.040089 0.040086 0.040105 0.040082 0.040072 0.040084 0.040023 0.020037 0.020035 -9999.0 -9999.0 -9999.0 -9999.0 -9999.0 -9999.0 -9999.0 -9999.0 -9999.0 -9999.0 -9999.0 -9999.0 -9999.0 -9999.0 -9999.0 -9999.0 -9999.0 -9999.0 -9999.0 -9999.0 -9999.0 -9999.0 -9999.0 -9999.0 -9999.0 -9999.0 -9999.0
-9999.0 -9999.0 -9999.0 -9999.0 -9999.0 -9999.0 -9999.0 -9999.0 -9999.0 -9999.0 -9999.0 -9999.0 -9999.0 0.041414 0.156311 0.040213 0.040228 0.040769 0.020074 0.040077 0.040020 0.040047 0.040217 0.040100 0.040153 0.040092 0.040089 0.020061 0.020054 0.040090 0.040081 0.040025 0.020037 0.020032 0.020032 -9999.0 -9999.0 -9999.0 -9999.0 -9999.0 -9999.0 -9999.0 -9999.0 -9999.0 -9999.0 -9999.0 -9999.0 -9999.0 -9999.0 -9999.0 -9999.0 -9999.0 -9999.0 -9999.0 -9999.0 -9999.0 -9999.0 -9999.0 -9999.0 -9999.0 -9999.0 -9999.0 -9999.0
-9999.0 -9999.0 -9999.0 -9999.0 -9999.0 -9999.0 -9999.0 -9999.0 -9999.0 -9999.0 -9999.0 -9999.0 -9999.0 0.043806 0.041618 0.105087 0.040306 0.040183 0.020075 0.040093 0.041511 0.020127 0.040118 0.040103 0.040341 0.041594 0.020123 0.020055 0.040088 0.020044 0.040030 0.020034 0.020034 0.020031 0.020030 -9999.0 -9999.0 -9999.0 -9999.0 -9999.0 -9999.0 -9999.0 -9999.0 -9999.0 -9999.0 -9999.0 -9999.0 -9999.0 -9999.0 -9999.0 -9999.0 -9999.0 -9999.0 -9999.0 -9999.0 -9999.0 -9999.0 -9999.0 -9999.0 -9999.0 -9999.0 -9999.0 -9999.0
-9999.0 -9999.0 -9999.0 -9999.0 -9999.0 -9999.0 -9999.0 -9999.0 -9999.0 -9999.0 -9999.0 -9999.0 0.045016 0.064094 0.042930 0.040086 0.043040 0.040238 0.040898 0.020078 0.040635 0.040099 0.040119 0.040121 0.040587 0.040049 0.040120 0.040096 0.040090 0.020047 0.040026 0.020104 0.040061 0.020038 -9999.0 -9999.0 -9999.0 -9999.0 -9999.0 -9999.0 -9999.0 -9999.0 -9999.0 -9999.0 -9999.0 -9999.0 -9999.0 -9999.0 -9999.0 -9999.0 -9999.0 -9999.0 -9999.0 -9999.0 -9999.0 -9999.0 -9999.0 -9999.0 -9999.0 -9999.0 -9999.0 -9999.0 -9999.0
-9999.0 -9999.0 -9999.0 -9999.0 -9999.0 -9999.0 -9999.0 -9999.0 -9999.0 -9999.0 -9999.0 0.040253 0.040123 0.042015 0.040091 0.040101 0.020134 0.040269 0.040787 0.020085 0.040056 0.048196 0.040123 0.040113 0.040108 0.040112 0.040042 0.040098 0.040080 0.020040 0.020118 0.040067 0.020068 0.020035 0.020036 0.020025 0.040005 0.040004 0.040004 -9999.0 -9999.0 -9999.0 0.020034 -9999.0 -9999.0 -9999.0 -9999.0 -9999.0 -9999.0 -9999.0 -9999.0 -9999.0 -9999.0 -9999.0 -9999.0 -9999.0 -9999.0 -9999.0 -9999.0 -9999.0 -9999.0 -9999.0 -9999.0
-9999.0 -9999.0 -9999.0 -9999.0 -9999.0 -9999.0 -9999.0 -9999.0 -9999.0 -9999.0 -9999.0 0.040108 0.040146 0.043134 0.041258 0.040116 0.043329 0.040234 0.040836 0.041018 0.042680 0.055616 0.040119 0.040105 0.040107 0.040111 0.040104 0.040093 0.020135 0.020058 0.040077 0.040064 0.040030 0.040050 0.040014 0.040007 0.040004 0.040002 0.040002 0.020011 0.020014 0.020021 0.040013 0.020045 -9999.0 -9999.0 -9999.0 0.044297 0.040487 0.020172 0.049018 0.020272 0.020222 0.255527 0.263318 0.020288 -9999.0 -9999.0 -9999.0 -9999.0 -9999.0 -9999.0 -9999.0
-9999.0 -9999.0 -9999.0 -9999.0 -9999.0 -9999.0 -9999.0 -9999.0 -9999.0 -9999.0 -9999.0 0.040112 0.040117 0.040088 0.040650 0.040100 0.040942 0.040272 0.040996 0.040860 0.040266 0.040478 0.040283 0.040113 0.040108 0.020133 0.040092 0.040097 0.020086 0.040094 0.020057 0.040059 0.040057 0.040024 0.020028 0.040005 0.040005 0.040004 0.040004 0.020008 0.040003 0.040005 0.040017 0.040024 0.040080 -9999.0 0.020138 0.040279 0.042168 0.127086 0.041881 0.020190 0.489389 0.505153 0.515370 0.406401 -9999.0 -9999.0 -9999.0 -9999.0 -9999.0 -9999.0 -9999.0
-9999.0 -9999.0 -9999.0 -9999.0 -9999.0 -9999.0 -9999.0 -9999.0 -9999.0 -9999.0 -9999.0 -9999.0 0.040127 0.040592 0.069167 0.041069 0.040100 0.040230 0.040836 0.040876 0.040236 0.040768 0.045415 0.040937 0.040105 0.040105 0.049396 0.040104 0.040105 0.020126 0.040086 0.040067 0.040055 0.040037 0.040015 0.040006 0.040004 0.040004 0.040006 0.040004 0.040005 0.020019 0.040009 0.040096 0.020097 0.040096 0.020133 0.040174 0.040122 0.040103 0.040654 0.047774 0.044244 0.103560 0.040314 0.040212 0.106490 -9999.0 -9999.0 -9999.0 -9999.0 -9999.0 -9999.0
-9999.0 -9999.0 -9999.0 -9999.0 -9999.0 -9999.0 -9999.0 -9999.0 -9999.0 -9999.0 -9999.0 0.040850 0.040119 0.040129 0.041691 0.041974 0.041130 0.040079 0.041008 0.040019 0.040238 0.041929 0.041489 0.040124 0.040133 0.043993 0.040692 0.040103 0.040092 0.020129 0.040085 0.040066 0.040060 0.040047 0.040011 0.040007 0.040004 0.040004 0.040008 0.040007 0.040006 0.040008 0.040011 0.020029 0.040704 0.040090 0.040134 0.020140 0.020154 0.040062 0.020166 0.040133 0.040133 0.020162 0.020168 0.020162 0.020283 -9999.0 -9999.0 -9999.0 -9999.0 -9999.0 -9999.0
-9999.0 -9999.0 -9999.0 -9999.0 -9999.0 -9999.0 -9999.0 -9999.0 -9999.0 -9999.0 0.041073 0.041174 0.046747 0.040117 0.134681 0.047732 0.040097 0.040168 0.040187 0.040177 0.040930 0.041308 0.042564 0.071921 0.049718 0.040636 0.040109 0.020087 0.040116 0.047657 0.040246 0.040073 0.040081 0.040033 0.020027 0.020026 0.040005 0.040004 0.040006 0.040009 0.040010 0.020021 0.020039 0.040010 0.040053 0.020113 0.040181 0.040068 0.040279 0.040090 0.020168 0.020160 0.020163 0.020151 0.020167 0.345990 0.383151 -9999.0 -9999.0 -9999.0 -9999.0 -9999.0 -9999.0
-9999.0 -9999.0 -9999.0 -9999.0 -9999.0 -9999.0 -9999.0 -9999.0 -9999.0 0.040126 0.041157 0.040944 0.043083 0.040816 0.044612 0.040107 0.040115 0.047528 0.040186 0.040028 0.040852 0.050566 0.048896 0.040768 0.040460 0.040118 0.040093 0.049115 0.043573 0.041260 0.040047 0.040092 0.020042 0.020037 0.020038 0.020029 0.040022 0.040010 0.040011 0.040007 0.040008 0.040039 0.040037 0.040012 0.040010 0.040027 0.274636 0.040074 0.040109 0.040131 0.040139 0.020184 0.020138 0.020170 0.020191 0.040507 0.243194 0.106664 0.021112 -9999.0 -9999.0 -9999.0 -9999.0
-9999.0 -9999.0 -9999.0 -9999.0 -9999.0 -9999.0 -9999.0 -9999.0 -9999.0 0.040131 0.040125 0.040126 0.042267 0.047698 0.044276 0.041637 0.354117 0.040690 0.040173 0.041006 0.040952 0.040085 0.040284 0.043046 0.040118 0.040108 0.046442 0.044666 0.040095 0.040262 0.040078 0.040058 0.040094 0.040090 0.040070 0.020050 0.020039 0.020038 0.040018 0.040053 0.040151 0.040069 0.040044 0.040025 0.040017 0.040018 0.040013 0.040015 0.040768 0.040062 0.040144 0.040154 0.020175 0.040149 0.020174 0.041643 0.233274 0.179415 0.112689 -9999.0 -9999.0 -9999.0 -9999.0
-9999.0 -9999.0 -9999.0 -9999.0 -9999.0 -9999.0 -9999.0 -9999.0 -9999.0 -9999.0 0.040126 0.040128 0.040115 0.040099 0.040175 0.045176 0.045811 0.041160 0.040012 0.040168 0.041136 0.040094 0.044219 0.044580 0.040122 0.047059 0.040114 0.040034 0.040089 0.040101 0.040110 0.040518 0.040096 0.040071 0.040073 0.040065 0.040065 0.040046 0.020064 0.040037 0.040027 0.040061 0.040049 0.040087 0.040063 0.040020 0.040038 0.040171 0.040014 0.040039 0.040151 0.040172 0.020325 0.020182 0.040163 0.040159 0.040563 0.043829 0.276314 0.201263 -9999.0 -9999.0 -9999.0
-9999.0 -9999.0 -9999.0 -9999.0 -9999.0 -9999.0 -9999.0 -9999.0 -9999.0 -9999.0 0.040125 0.040128 0.040146 0.043478 0.040472 0.040175 0.040468 0.040374 0.040060 0.040041 0.040105 0.040665 0.060674 0.042606 0.047141 0.040198 0.040047 0.040310 0.040097 0.040092 0.040096 0.040119 0.020103 0.040083 0.040076 0.040086 0.040045 0.040060 0.040062 0.040092 0.040097 0.020129 0.040101 0.040105 0.040824 0.040114 0.040317 0.040074 0.040023 0.040025 0.040046 0.040417 0.043997 0.020256 0.020181 0.020381 0.040152 0.271173 0.040027 0.040105 -9999.0 -9999.0 -9999.0
-9999.0 -9999.0 -9999.0 -9999.0 -9999.0 -9999.0 -9999.0 -9999.0 0.049857 0.046036 0.040119 0.040183 0.040125 0.040124 0.042598 0.040098 0.040098 0.040141 0.040251 0.040361 0.040096 0.040034 0.040016 0.040468 0.040644 0.045262 0.040335 0.040087 0.040113 0.040104 0.020052 0.040107 0.040110 0.040104 0.040108 0.040054 0.040115 0.040064 0.040061 0.020129 0.020135 0.040099 0.020109 0.020077 0.020144 0.043188 0.040125 0.044902 0.040056 0.040229 0.040792 0.040325 0.056580 0.040176 0.020373 0.514487 0.071620 0.336692 0.040862 0.040050 -9999.0 -9999.0 -9999.0
-9999.0 -9999.0 -9999.0 -9999.0 -9999.0 -9999.0 -9999.0 -9999.0 0.020156 0.045093 0.040125 0.040123 0.040127 0.040253 0.042130 0.040291 0.040299 0.040271 0.040227 0.043076 0.040338 0.040093 0.040026 0.040022 0.040038 0.044029 0.040252 0.040092 0.020137 0.040107 0.040106 0.020135 0.040121 0.020137 0.040958 0.040933 0.040097 0.040080 0.040103 0.040181 0.040111 0.020074 0.020120 0.040725 0.040863 0.040785 0.020157 0.040137 0.040119 0.040239 0.040198 0.041609 0.043426 0.472656 0.040411 0.020154 0.050936 0.040959 0.040036 0.107815 0.099043 -9999.0 -9999.0
-9999.0 -9999.0 -9999.0 -9999.0 -9999.0 -9999.0 -9999.0 -9999.0 0.040122 0.040130 0.046571 0.040122 0.040158 0.020154 0.080888 0.040741 0.040077 0.040113 0.041188 0.040084 0.110135 0.040127 0.040101 0.040053 0.041026 0.040176 0.040259 0.040098 0.020070 0.040106 0.020139 0.040896 0.040106 0.040115 0.043009 0.046528 0.040132 0.040054 0.040120 0.040118 0.040127 0.020148 0.044031 0.040133 0.040123 0.040125 0.020193 0.123800 0.040304 0.040068 0.077894 0.040138 0.040182 0.040137 0.041308 0.041632 0.040245 0.040275 0.043355 0.071952 0.087200 -9999.0 -9999.0
-9999.0 -9999.0 -9999.0 -9999.0 -9999.0 -9999.0 -9999.0 -9999.0 0.020082 0.040127 0.047074 0.020146 0.153009 0.081851 0.099401 0.040083 0.040036 0.041674 0.040053 0.256290 0.048957 0.099310 0.058754 0.044050 0.040284 0.041375 0.044698 0.040111 0.048527 0.048695 0.040127 0.040122 0.040148 0.040827 0.040119 0.040150 0.040120 0.040201 0.040113 0.040121 0.040348 0.045742 0.072491 0.020142 0.050486 0.020199 0.389437 0.020181 0.217317 0.040097 0.040361 0.128592 0.040391 0.041919 0.042128 0.049635 0.075062 0.518563 0.519818 0.101916 0.040207 0.040244 -9999.0
-9999.0 -9999.0 -9999.0 -9999.0 -9999.0 -9999.0 -9999.0 -9999.0 0.040106 0.040347 0.113269 0.140988 0.131392 0.040101 0.040478 0.040086 0.040130 0.040114 0.040247 0.040410 0.040172 0.079874 0.084081 0.040094 0.040602 0.043300 0.040588 0.047973 0.041560 0.042017 0.040227 0.044618 0.040040 0.044572 0.040110 0.040106 0.040133 0.041194 0.040055 0.040116 0.040108 0.040106 0.040222 0.040105 0.040121 0.045356 0.040103 0.042394 0.042149 0.040037 0.040035 0.040133 0.171357 0.053750 0.088155 0.087120 0.102839 0.097231 0.052547 0.040303 0.040051 0.041983 -9999.0
-9999.0 -9999.0 0.040127 0.040277 0.040233 0.040118 0.041214 0.040114 0.040141 0.040843 0.040297 0.040125 0.040189 0.040612 0.040439 0.040119 0.040055 0.040124 0.040147 0.040275 0.040614 0.258613 0.079287 0.040038 0.040091 0.040080 0.040613 0.040114 0.040021 0.040895 0.043815 0.041623 0.041075 0.040136 0.040101 0.040192 0.040174 0.041955 0.040343 0.042478 0.040541 0.040147 0.040035 0.040653 0.041121 0.042366 0.040076 0.040086 0.040024 0.040091 0.067546 0.089213 0.165980 0.087295 0.078383 0.056282 0.052796 0.042155 0.040290 0.040054 0.043658 0.163905 -9999.0
-9999.0 0.044584 0.046293 0.044524 0.040281 0.049418 0.040213 0.040132 0.040121 0.040134 0.040286 0.165824 0.040624 0.424842 0.084874 0.119043 0.040181 0.040166 0.044193 0.040208 0.040114 0.040019 0.040108 0.139943 0.040131 0.040034 0.040057 0.040064 0.040021 0.040025 0.040062 0.040074 0.040215 0.040110 0.040232 0.040951 0.042135 0.045494 0.042607 0.040744 0.040252 0.040226 0.040138 0.040097 0.040074 0.040023 0.040038 0.040043 0.042041 0.363451 0.091823 0.069201 0.044273 0.044202 0.044507 0.041773 0.040483 0.040402 0.041766 0.045433 0.478956 0.466433 -9999.0
-9999.0 0.040716 0.046843 0.047390 0.247697 0.047227 0.041133 0.040118 0.040117 0.040128 0.040170 0.106639 0.040156 0.182953 0.040077 0.040143 0.040137 0.040116 0.046590 0.040167 0.041010 0.040122 0.040024 0.040091 0.040103 0.041083 0.213973 0.048558 0.045007 0.040030 0.042017 0.040928 0.040053 0.040204 0.041306 0.042766 0.068087 0.144726 0.075945 0.071687 0.061184 0.044252 0.040663 0.057319 0.113344 0.134041 0.141591 0.191752 0.120960 0.110581 0.040711 0.040084 0.040423 0.040532 0.040567 0.042342 0.042021 0.045621 0.115986 0.289096 0.310526 -9999.0 -9999.0
-9999.0 0.040144 0.040089 0.040275 0.040087 0.283823 0.220207 0.050084 0.040830 0.043243 0.204831 0.040164 0.040583 0.041104 0.162641 0.040151 0.040260 0.040368 0.040121 0.040269 0.041763 0.040218 0.040608 0.040858 0.041191 0.040779 0.041464 0.042206 0.043491 0.044108 0.044572 0.056217 0.061097 0.040265 0.061199 0.042572 0.059125 0.148510 0.067611 0.072848 0.091148 0.047041 0.109837 0.129343 0.131101 0.131683 0.099446 0.040206 0.040060 0.040352 0.040296 0.040554 0.040453 0.042063 0.041378 0.047579 0.082431 0.227146 0.228680 -9999.0 -9999.0 -9999.0 -9999.0
