user2019/resources/simulation/Vinschgau/output-maps/thetaliqL0007N1460.asc
ncols         63
nrows         48
xllcorner     598000.000000
yllcorner     5145000.000000
cellsize      1000.000000
NODATA_value  -9999.0
[rows 0 to 28 of 48, columns 0 to 62 of 63]
-9999.0 -9999.0 -9999.0 -9999.0 -9999.0 -9999.0 -9999.0 -9999.0 -9999.0 -9999.0 -9999.0 -9999.0 -9999.0 -9999.0 -9999.0 -9999.0 -9999.0 -9999.0 -9999.0 -9999.0 -9999.0 -9999.0 -9999.0 -9999.0 -9999.0 -9999.0 -9999.0 -9999.0 -9999.0 -9999.0 -9999.0 -9999.0 -9999.0 -9999.0 -9999.0 -9999.0 -9999.0 -9999.0 -9999.0 -9999.0 -9999.0 -9999.0 -9999.0 -9999.0 -9999.0 -9999.0 -9999.0 -9999.0 -9999.0 -9999.0 -9999.0 -9999.0 -9999.0 -9999.0 -9999.0 -9999.0 -9999.0 -9999.0 -9999.0 -9999.0 -9999.0 -9999.0 -9999.0
-9999.0 -9999.0 -9999.0 -9999.0 -9999.0 -9999.0 -9999.0 -9999.0 -9999.0 -9999.0 -9999.0 -9999.0 -9999.0 -9999.0 -9999.0 -9999.0 -9999.0 -9999.0 -9999.0 -9999.0 -9999.0 -9999.0 -9999.0 -9999.0 -9999.0 -9999.0 -9999.0 0.020089 0.025986 0.020115 0.020107 0.020052 0.020033 -9999.0 -9999.0 -9999.0 -9999.0 -9999.0 -9999.0 -9999.0 -9999.0 -9999.0 -9999.0 -9999.0 -9999.0 -9999.0 -9999.0 -9999.0 -9999.0 -9999.0 -9999.0 -9999.0 -9999.0 -9999.0 -9999.0 -9999.0 -9999.0 -9999.0 -9999.0 -9999.0 -9999.0 -9999.0 -9999.0
-9999.0 -9999.0 -9999.0 -9999.0 -9999.0 -9999.0 -9999.0 -9999.0 -9999.0 -9999.0 -9999.0 -9999.0 -9999.0 -9999.0 -9999.0 -9999.0 -9999.0 -9999.0 -9999.0 -9999.0 -9999.0 -9999.0 -9999.0 -9999.0 0.139054 0.157392 0.166190 0.141466 0.170299 0.158002 0.020098 -9999.0 -9999.0 -9999.0 -9999.0 -9999.0 -9999.0 -9999.0 -9999.0 -9999.0 -9999.0 -9999.0 -9999.0 -9999.0 -9999.0 -9999.0 -9999.0 -9999.0 -9999.0 -9999.0 -9999.0 -9999.0 -9999.0 -9999.0 -9999.0 -9999.0 -9999.0 -9999.0 -9999.0 -9999.0 -9999.0 -9999.0 -9999.0
-9999.0 -9999.0 -9999.0 -9999.0 -9999.0 -9999.0 -9999.0 -9999.0 -9999.0 -9999.0 -9999.0 -9999.0 -9999.0 -9999.0 -9999.0 -9999.0 -9999.0 -9999.0 -9999.0 -9999.0 -9999.0 -9999.0 -9999.0 0.161738 0.164533 0.157258 0.021676 0.020583 0.020632 0.122536 0.020100 0.020043 -9999.0 -9999.0 -9999.0 -9999.0 -9999.0 -9999.0 -9999.0 -9999.0 -9999.0 -9999.0 -9999.0 -9999.0 -9999.0 -9999.0 -9999.0 -9999.0 -9999.0 -9999.0 -9999.0 -9999.0 -9999.0 -9999.0 -9999.0 -9999.0 -9999.0 -9999.0 -9999.0 -9999.0 -9999.0 -9999.0 -9999.0
-9999.0 -9999.0 -9999.0 -9999.0 -9999.0 -9999.0 -9999.0 -9999.0 -9999.0 -9999.0 -9999.0 -9999.0 -9999.0 -9999.0 -9999.0 -9999.0 -9999.0 -9999.0 0.268765 0.159173 -9999.0 0.164158 0.163663 0.020704 0.022811 0.020666 0.245764 0.228732 0.229684 0.034545 0.118869 0.020109 0.020036 0.020026 -9999.0 -9999.0 -9999.0 -9999.0 -9999.0 -9999.0 -9999.0 -9999.0 -9999.0 -9999.0 -9999.0 -9999.0 -9999.0 -9999.0 -9999.0 -9999.0 -9999.0 -9999.0 -9999.0 -9999.0 -9999.0 -9999.0 -9999.0 -9999.0 -9999.0 -9999.0 -9999.0 -9999.0 -9999.0
-9999.0 -9999.0 -9999.0 -9999.0 -9999.0 -9999.0 -9999.0 -9999.0 -9999.0 -9999.0 -9999.0 -9999.0 -9999.0 -9999.0 -9999.0 -9999.0 -9999.0 0.145176 0.020650 0.020670 0.044910 0.265332 0.035846 0.020888 0.223324 0.042501 0.021309 0.058217 0.023845 0.245264 0.165706 0.145050 0.020142 0.020092 0.020031 0.020026 -9999.0 -9999.0 -9999.0 -9999.0 -9999.0 -9999.0 -9999.0 -9999.0 -9999.0 -9999.0 -9999.0 -9999.0 -9999.0 -9999.0 -9999.0 -9999.0 -9999.0 -9999.0 -9999.0 -9999.0 -9999.0 -9999.0 -9999.0 -9999.0 -9999.0 -9999.0 -9999.0
-9999.0 -9999.0 -9999.0 -9999.0 -9999.0 -9999.0 -9999.0 -9999.0 -9999.0 -9999.0 -9999.0 -9999.0 -9999.0 0.136209 0.038898 0.134597 0.095351 0.050002 0.147820 0.020769 0.023019 0.023875 0.020772 0.128414 0.051800 0.161887 0.020100 0.020183 0.020159 0.062734 0.020083 0.169366 0.083039 0.020118 0.020050 0.020025 -9999.0 -9999.0 -9999.0 -9999.0 -9999.0 -9999.0 -9999.0 -9999.0 -9999.0 -9999.0 -9999.0 -9999.0 -9999.0 -9999.0 -9999.0 -9999.0 -9999.0 -9999.0 -9999.0 -9999.0 -9999.0 -9999.0 -9999.0 -9999.0 -9999.0 -9999.0 -9999.0
-9999.0 -9999.0 -9999.0 -9999.0 -9999.0 -9999.0 -9999.0 -9999.0 -9999.0 -9999.0 -9999.0 -9999.0 -9999.0 0.153910 0.021826 0.108631 0.100760 0.231253 0.050021 0.021723 0.020131 0.050511 0.022164 0.029306 0.045368 0.020992 0.020228 0.020103 0.020045 0.020150 0.020332 0.020114 0.020038 0.020027 0.020029 -9999.0 -9999.0 -9999.0 -9999.0 -9999.0 -9999.0 -9999.0 -9999.0 -9999.0 -9999.0 -9999.0 -9999.0 -9999.0 -9999.0 -9999.0 -9999.0 -9999.0 -9999.0 -9999.0 -9999.0 -9999.0 -9999.0 -9999.0 -9999.0 -9999.0 -9999.0 -9999.0 -9999.0
-9999.0 -9999.0 -9999.0 -9999.0 -9999.0 -9999.0 -9999.0 -9999.0 -9999.0 -9999.0 -9999.0 -9999.0 -9999.0 0.021554 0.200000 0.149243 0.107209 0.105704 0.050030 0.139481 0.142364 0.020861 0.039572 0.033607 0.045065 0.052640 0.020154 0.020039 0.020044 0.020032 0.020097 0.020025 0.020024 0.020013 0.020024 -9999.0 -9999.0 -9999.0 -9999.0 -9999.0 -9999.0 -9999.0 -9999.0 -9999.0 -9999.0 -9999.0 -9999.0 -9999.0 -9999.0 -9999.0 -9999.0 -9999.0 -9999.0 -9999.0 -9999.0 -9999.0 -9999.0 -9999.0 -9999.0 -9999.0 -9999.0 -9999.0 -9999.0
-9999.0 -9999.0 -9999.0 -9999.0 -9999.0 -9999.0 -9999.0 -9999.0 -9999.0 -9999.0 -9999.0 -9999.0 0.020756 0.200000 0.021674 0.028632 0.159026 0.120459 0.205564 0.020636 0.023057 0.046643 0.021020 0.029121 0.040039 0.020176 0.020049 0.020086 0.088501 0.020035 0.020028 0.020034 0.020041 0.020023 -9999.0 -9999.0 -9999.0 -9999.0 -9999.0 -9999.0 -9999.0 -9999.0 -9999.0 -9999.0 -9999.0 -9999.0 -9999.0 -9999.0 -9999.0 -9999.0 -9999.0 -9999.0 -9999.0 -9999.0 -9999.0 -9999.0 -9999.0 -9999.0 -9999.0 -9999.0 -9999.0 -9999.0 -9999.0
-9999.0 -9999.0 -9999.0 -9999.0 -9999.0 -9999.0 -9999.0 -9999.0 -9999.0 -9999.0 -9999.0 0.157153 0.027118 0.376211 0.021704 0.150140 0.020658 0.109897 0.265817 0.020577 0.020118 0.192092 0.145546 0.067813 0.020990 0.104861 0.020046 0.020157 0.020042 0.020027 0.020033 0.100690 0.020049 0.020029 0.020032 0.020061 0.020058 0.020122 0.020131 -9999.0 -9999.0 -9999.0 0.020028 -9999.0 -9999.0 -9999.0 -9999.0 -9999.0 -9999.0 -9999.0 -9999.0 -9999.0 -9999.0 -9999.0 -9999.0 -9999.0 -9999.0 -9999.0 -9999.0 -9999.0 -9999.0 -9999.0 -9999.0
-9999.0 -9999.0 -9999.0 -9999.0 -9999.0 -9999.0 -9999.0 -9999.0 -9999.0 -9999.0 -9999.0 0.157082 0.022563 0.020568 0.021096 0.119372 0.020844 0.020407 0.256903 0.230104 0.146035 0.153509 0.168207 0.020062 0.020097 0.020258 0.020115 0.122047 0.020124 0.020028 0.020132 0.165922 0.020042 0.020035 0.020031 0.020121 0.069775 0.034845 0.020131 0.020030 0.020030 0.020028 0.020112 0.020037 -9999.0 -9999.0 -9999.0 0.040007 0.020029 0.020031 0.020034 0.020026 0.020025 0.040008 0.040008 0.020024 -9999.0 -9999.0 -9999.0 -9999.0 -9999.0 -9999.0 -9999.0
-9999.0 -9999.0 -9999.0 -9999.0 -9999.0 -9999.0 -9999.0 -9999.0 -9999.0 -9999.0 -9999.0 0.160623 0.154721 0.021010 0.271631 0.145161 0.079966 0.020969 0.134355 0.228249 0.238261 0.021362 0.020116 0.152013 0.020165 0.020094 0.020101 0.020042 0.020069 0.020033 0.020046 0.020084 0.122441 0.020037 0.020036 0.067262 0.020169 0.020102 0.052502 0.020049 0.020142 0.020064 0.079872 0.020142 0.020036 -9999.0 0.020023 0.020036 0.020111 0.095909 0.086499 0.020138 0.020144 0.020105 0.020099 0.020038 -9999.0 -9999.0 -9999.0 -9999.0 -9999.0 -9999.0 -9999.0
-9999.0 -9999.0 -9999.0 -9999.0 -9999.0 -9999.0 -9999.0 -9999.0 -9999.0 -9999.0 -9999.0 -9999.0 0.159558 0.098949 0.153536 0.153110 0.035079 0.021466 0.239912 0.230439 0.023858 0.021136 0.020336 0.020169 0.020053 0.020093 0.200000 0.043819 0.020103 0.020038 0.020115 0.020101 0.067213 0.020072 0.020041 0.020139 0.020105 0.020124 0.077122 0.020183 0.063004 0.020148 0.020170 0.167529 0.020044 0.020034 0.020029 0.020037 0.020054 0.020153 0.080001 0.020111 0.040015 0.040033 0.020052 0.020112 0.020039 -9999.0 -9999.0 -9999.0 -9999.0 -9999.0 -9999.0
-9999.0 -9999.0 -9999.0 -9999.0 -9999.0 -9999.0 -9999.0 -9999.0 -9999.0 -9999.0 -9999.0 0.040104 0.160182 0.101871 0.029016 0.090832 0.094034 0.023948 0.141279 0.197176 0.022742 0.047658 0.042384 0.020097 0.020102 0.020241 0.040119 0.020096 0.020057 0.020103 0.020094 0.020119 0.157321 0.020099 0.020031 0.020118 0.020127 0.020160 0.183648 0.052618 0.020158 0.034205 0.027016 0.020176 0.147559 0.020100 0.058910 0.020108 0.020150 0.020285 0.020039 0.020103 0.020038 0.020024 0.020021 0.020026 0.020035 -9999.0 -9999.0 -9999.0 -9999.0 -9999.0 -9999.0
-9999.0 -9999.0 -9999.0 -9999.0 -9999.0 -9999.0 -9999.0 -9999.0 -9999.0 -9999.0 0.429963 0.020359 0.163827 0.161632 0.157697 0.038136 0.033095 0.055287 0.145703 0.203481 0.246808 0.287348 0.020239 0.162704 0.043888 0.040034 0.020069 0.020026 0.069930 0.145881 0.021306 0.020072 0.143918 0.020091 0.020024 0.020047 0.053129 0.020130 0.021782 0.108388 0.021253 0.021147 0.050995 0.305165 0.023702 0.020109 0.071567 0.020197 0.020744 0.099283 0.020027 0.020029 0.020020 0.020022 0.020024 0.020077 0.020103 -9999.0 -9999.0 -9999.0 -9999.0 -9999.0 -9999.0
-9999.0 -9999.0 -9999.0 -9999.0 -9999.0 -9999.0 -9999.0 -9999.0 -9999.0 0.037776 0.343701 0.042060 0.025422 0.020156 0.050308 0.024557 0.020819 0.154884 0.021374 0.192557 0.241567 0.030923 0.020682 0.067908 0.380998 0.020096 0.020048 0.147713 0.020408 0.030976 0.142228 0.020085 0.020058 0.020027 0.020030 0.020046 0.137629 0.020090 0.020114 0.020974 0.020398 0.020414 0.020295 0.031327 0.020621 0.020330 0.157208 0.020139 0.020142 0.408576 0.020072 0.020033 0.020021 0.020021 0.020026 0.020036 0.020048 0.020039 0.020028 -9999.0 -9999.0 -9999.0 -9999.0
-9999.0 -9999.0 -9999.0 -9999.0 -9999.0 -9999.0 -9999.0 -9999.0 -9999.0 0.020142 0.028398 0.136737 0.200000 0.092945 0.020631 0.020152 0.161712 0.100477 0.020986 0.227915 0.233194 0.108575 0.245622 0.163961 0.020129 0.020081 0.020169 0.080604 0.135335 0.326016 0.080152 0.020069 0.038221 0.020038 0.020107 0.020045 0.020082 0.020130 0.020129 0.143941 0.040083 0.020070 0.020203 0.116743 0.247184 0.228714 0.078124 0.021138 0.021191 0.114200 0.020049 0.020025 0.020021 0.020025 0.020032 0.040009 0.020051 0.020068 0.020093 -9999.0 -9999.0 -9999.0 -9999.0
-9999.0 -9999.0 -9999.0 -9999.0 -9999.0 -9999.0 -9999.0 -9999.0 -9999.0 -9999.0 0.020110 0.145816 0.025023 0.040433 0.021351 0.020879 0.096571 0.081018 0.020701 0.188007 0.236144 0.020118 0.070557 0.020755 0.020100 0.022708 0.139023 0.147009 0.080940 0.020088 0.020073 0.040017 0.020035 0.020050 0.123148 0.161947 0.159863 0.165452 0.020083 0.020121 0.020102 0.167795 0.200000 0.020883 0.021063 0.066043 0.020612 0.245161 0.020867 0.021330 0.020076 0.020042 0.020025 0.020022 0.020024 0.020035 0.161420 0.020071 0.021326 0.056035 -9999.0 -9999.0 -9999.0
-9999.0 -9999.0 -9999.0 -9999.0 -9999.0 -9999.0 -9999.0 -9999.0 -9999.0 -9999.0 0.020102 0.077576 0.165501 0.030754 0.333585 0.042858 0.047839 0.166099 0.120872 0.161773 0.127561 0.023320 0.056158 0.020267 0.023749 0.147749 0.304979 0.078129 0.020109 0.020038 0.020117 0.174085 0.020031 0.020037 0.020124 0.168072 0.020073 0.020878 0.020067 0.020072 0.023485 0.051551 0.020167 0.124139 0.333220 0.020195 0.108585 0.021142 0.020152 0.021164 0.022998 0.020062 0.020032 0.020027 0.020020 0.020022 0.020035 0.020126 0.152396 0.360481 -9999.0 -9999.0 -9999.0
-9999.0 -9999.0 -9999.0 -9999.0 -9999.0 -9999.0 -9999.0 -9999.0 0.160138 0.020112 0.020050 0.170778 0.020134 0.020206 0.023400 0.276314 0.020586 0.109270 0.193502 0.155163 0.098996 0.020648 0.020905 0.022104 0.072153 0.311684 0.348710 0.020170 0.020078 0.020038 0.020029 0.020121 0.020127 0.020040 0.045346 0.020154 0.145415 0.024728 0.020056 0.020046 0.020107 0.168873 0.020038 0.020061 0.020161 0.200000 0.020060 0.020186 0.021650 0.289315 0.063214 0.020124 0.020033 0.020023 0.020024 0.020043 0.020044 0.166569 0.021397 0.025676 -9999.0 -9999.0 -9999.0
-9999.0 -9999.0 -9999.0 -9999.0 -9999.0 -9999.0 -9999.0 -9999.0 0.020042 0.020105 0.020045 0.020055 0.028360 0.020058 0.020149 0.065362 0.025538 0.022518 0.020118 0.154249 0.253718 0.217405 0.171942 0.111058 0.021062 0.184352 0.356982 0.020373 0.020030 0.020079 0.020037 0.020069 0.070225 0.020089 0.158790 0.167061 0.165847 0.128644 0.020249 0.121105 0.020117 0.020062 0.020094 0.131693 0.199732 0.020136 0.020029 0.089078 0.020453 0.061518 0.060258 0.020382 0.020032 0.020036 0.020139 0.020073 0.020067 0.021401 0.020991 0.232045 0.161916 -9999.0 -9999.0
-9999.0 -9999.0 -9999.0 -9999.0 -9999.0 -9999.0 -9999.0 -9999.0 0.020121 0.089776 0.020168 0.020036 0.176653 0.020041 0.020136 0.020174 0.039496 0.024990 0.020500 0.252591 0.153692 0.213731 0.169203 0.146952 0.183942 0.022296 0.075773 0.020113 0.020027 0.020130 0.020099 0.171685 0.020064 0.020079 0.169579 0.169799 0.020727 0.032199 0.021323 0.020180 0.109062 0.020105 0.153847 0.141898 0.020088 0.146985 0.020045 0.056870 0.020055 0.026631 0.281885 0.079256 0.020051 0.020032 0.020119 0.027436 0.175693 0.135142 0.020865 0.214037 0.199143 -9999.0 -9999.0
-9999.0 -9999.0 -9999.0 -9999.0 -9999.0 -9999.0 -9999.0 -9999.0 0.020031 0.123162 0.040142 0.020028 0.132581 0.040043 0.020123 0.072240 0.020118 0.020595 0.234797 0.140494 0.157583 0.160675 0.216203 0.209488 0.148180 0.038569 0.062882 0.020071 0.165855 0.020207 0.020143 0.020331 0.020915 0.028130 0.020214 0.122587 0.135017 0.021613 0.021991 0.020541 0.135310 0.146482 0.148899 0.020159 0.083992 0.020107 0.077370 0.020136 0.020155 0.020118 0.079610 0.053690 0.078246 0.040074 0.186345 0.168894 0.024264 0.227041 0.200963 0.203072 0.158663 0.205101 -9999.0
-9999.0 -9999.0 -9999.0 -9999.0 -9999.0 -9999.0 -9999.0 -9999.0 0.020031 0.149885 0.040023 0.020090 0.020335 0.022049 0.174977 0.246712 0.280256 0.024138 0.043196 0.022254 0.119305 0.169323 0.161697 0.159503 0.110417 0.045193 0.020127 0.022269 0.104768 0.033803 0.020524 0.126548 0.038852 0.134693 0.021295 0.021084 0.020935 0.020650 0.020118 0.131511 0.021265 0.021198 0.021259 0.021354 0.020129 0.144023 0.020332 0.020784 0.020260 0.022043 0.021119 0.036031 0.055180 0.097034 0.160469 0.324114 0.264122 0.230994 0.217087 0.020851 0.022029 0.217091 -9999.0
-9999.0 -9999.0 0.020163 0.143278 0.020037 0.020073 0.020044 0.020050 0.020053 0.066713 0.020106 0.040704 0.022330 0.166949 0.160525 0.430000 0.022781 0.020114 0.020175 0.064266 0.022326 0.124575 0.196312 0.133593 0.170309 0.024102 0.046525 0.049244 0.026741 0.159544 0.066383 0.054600 0.228280 0.022317 0.070150 0.021107 0.023123 0.020347 0.020118 0.020118 0.020789 0.020784 0.020118 0.022221 0.021734 0.021242 0.130515 0.272867 0.020919 0.050087 0.028583 0.234128 0.265643 0.284335 0.307843 0.299777 0.268942 0.200522 0.021714 0.024010 0.237012 0.235675 -9999.0
-9999.0 0.020161 0.020146 0.020118 0.020079 0.020151 0.020044 0.020042 0.020033 0.020048 0.020057 0.020161 0.415477 0.356246 0.430000 0.020477 0.020100 0.020063 0.040047 0.064153 0.022774 0.021241 0.249240 0.203480 0.168003 0.153110 0.181350 0.187428 0.027299 0.165725 0.023440 0.028881 0.071745 0.195615 0.021838 0.149437 0.021023 0.020224 0.152378 0.146530 0.021480 0.021965 0.020523 0.020840 0.021422 0.021160 0.206265 0.020580 0.021877 0.188795 0.213564 0.240805 0.268858 0.308372 0.313328 0.413298 0.391538 0.366187 0.410127 0.342517 0.314024 0.240590 -9999.0
-9999.0 0.166279 0.025760 0.024779 0.346449 0.020212 0.020056 0.020037 0.020042 0.020041 0.020047 0.020113 0.080337 0.417904 0.022004 0.020040 0.020045 0.020054 0.020349 0.033405 0.340754 0.236077 0.231769 0.246534 0.275940 0.257139 0.088399 0.174142 0.179629 0.020436 0.020377 0.020404 0.163644 0.202997 0.218235 0.161275 0.241105 0.236038 0.149556 0.143515 0.149027 0.186590 0.021207 0.089805 0.079755 0.020298 0.198185 0.176198 0.183062 0.195366 0.171700 0.232464 0.331924 0.414067 0.189528 0.381062 0.020292 0.300721 0.095283 0.182207 0.365271 -9999.0 -9999.0
-9999.0 0.101255 0.023902 0.022980 0.116638 0.355501 0.359148 0.020084 0.020061 0.020062 0.020111 0.080112 0.152446 0.430000 0.020093 0.020034 0.020038 0.020076 0.020087 0.020441 0.021031 0.086879 0.211322 0.287158 0.282099 0.212851 0.200932 0.194498 0.160221 0.178807 0.152523 0.150852 0.172659 0.168891 0.163494 0.159005 0.157510 0.235226 0.156408 0.156254 0.156813 0.241128 0.159863 0.150612 0.150315 0.168345 0.173007 0.184568 0.204772 0.162566 0.053779 0.316345 0.351628 0.260088 0.050628 0.040067 0.040064 0.040045 0.040050 -9999.0 -9999.0 -9999.0 -9999.0
