user2019/resources/simulation/Vinschgau/output-maps/thetaiceL0002N0219.asc
ncols         63
nrows         48
xllcorner     598000.000000
yllcorner     5145000.000000
cellsize      1000.000000
NODATA_value  -9999.0
[rows 0 to 28 of 48, columns 0 to 62 of 63]
-9999.0 -9999.0 -9999.0 -9999.0 -9999.0 -9999.0 -9999.0 -9999.0 -9999.0 -9999.0 -9999.0 -9999.0 -9999.0 -9999.0 -9999.0 -9999.0 -9999.0 -9999.0 -9999.0 -9999.0 -9999.0 -9999.0 -9999.0 -9999.0 -9999.0 -9999.0 -9999.0 -9999.0 -9999.0 -9999.0 -9999.0 -9999.0 -9999.0 -9999.0 -9999.0 -9999.0 -9999.0 -9999.0 -9999.0 -9999.0 -9999.0 -9999.0 -9999.0 -9999.0 -9999.0 -9999.0 -9999.0 -9999.0 -9999.0 -9999.0 -9999.0 -9999.0 -9999.0 -9999.0 -9999.0 -9999.0 -9999.0 -9999.0 -9999.0 -9999.0 -9999.0 -9999.0 -9999.0
-9999.0 -9999.0 -9999.0 -9999.0 -9999.0 -9999.0 -9999.0 -9999.0 -9999.0 -9999.0 -9999.0 -9999.0 -9999.0 -9999.0 -9999.0 -9999.0 -9999.0 -9999.0 -9999.0 -9999.0 -9999.0 -9999.0 -9999.0 -9999.0 -9999.0 -9999.0 -9999.0 0.098716 0.259365 0.093802 0.208726 0.195726 0.188839 -9999.0 -9999.0 -9999.0 -9999.0 -9999.0 -9999.0 -9999.0 -9999.0 -9999.0 -9999.0 -9999.0 -9999.0 -9999.0 -9999.0 -9999.0 -9999.0 -9999.0 -9999.0 -9999.0 -9999.0 -9999.0 -9999.0 -9999.0 -9999.0 -9999.0 -9999.0 -9999.0 -9999.0 -9999.0 -9999.0
-9999.0 -9999.0 -9999.0 -9999.0 -9999.0 -9999.0 -9999.0 -9999.0 -9999.0 -9999.0 -9999.0 -9999.0 -9999.0 -9999.0 -9999.0 -9999.0 -9999.0 -9999.0 -9999.0 -9999.0 -9999.0 -9999.0 -9999.0 -9999.0 0.241390 0.419018 0.430641 0.454626 0.477163 0.243840 0.151804 -9999.0 -9999.0 -9999.0 -9999.0 -9999.0 -9999.0 -9999.0 -9999.0 -9999.0 -9999.0 -9999.0 -9999.0 -9999.0 -9999.0 -9999.0 -9999.0 -9999.0 -9999.0 -9999.0 -9999.0 -9999.0 -9999.0 -9999.0 -9999.0 -9999.0 -9999.0 -9999.0 -9999.0 -9999.0 -9999.0 -9999.0 -9999.0
-9999.0 -9999.0 -9999.0 -9999.0 -9999.0 -9999.0 -9999.0 -9999.0 -9999.0 -9999.0 -9999.0 -9999.0 -9999.0 -9999.0 -9999.0 -9999.0 -9999.0 -9999.0 -9999.0 -9999.0 -9999.0 -9999.0 -9999.0 0.451536 0.479991 0.479884 0.479970 0.479980 0.479992 0.268814 0.332250 0.256008 -9999.0 -9999.0 -9999.0 -9999.0 -9999.0 -9999.0 -9999.0 -9999.0 -9999.0 -9999.0 -9999.0 -9999.0 -9999.0 -9999.0 -9999.0 -9999.0 -9999.0 -9999.0 -9999.0 -9999.0 -9999.0 -9999.0 -9999.0 -9999.0 -9999.0 -9999.0 -9999.0 -9999.0 -9999.0 -9999.0 -9999.0
-9999.0 -9999.0 -9999.0 -9999.0 -9999.0 -9999.0 -9999.0 -9999.0 -9999.0 -9999.0 -9999.0 -9999.0 -9999.0 -9999.0 -9999.0 -9999.0 -9999.0 -9999.0 0.479870 0.479973 -9999.0 0.282278 0.479990 0.479971 0.479975 0.479994 0.479988 0.479988 0.479992 0.479991 0.332490 0.310858 0.088081 0.081932 -9999.0 -9999.0 -9999.0 -9999.0 -9999.0 -9999.0 -9999.0 -9999.0 -9999.0 -9999.0 -9999.0 -9999.0 -9999.0 -9999.0 -9999.0 -9999.0 -9999.0 -9999.0 -9999.0 -9999.0 -9999.0 -9999.0 -9999.0 -9999.0 -9999.0 -9999.0 -9999.0 -9999.0 -9999.0
-9999.0 -9999.0 -9999.0 -9999.0 -9999.0 -9999.0 -9999.0 -9999.0 -9999.0 -9999.0 -9999.0 -9999.0 -9999.0 -9999.0 -9999.0 -9999.0 -9999.0 0.464010 0.479992 0.143066 0.077597 0.441936 0.479984 0.479992 0.479989 0.479993 0.471756 0.361843 0.478609 0.475655 0.479992 0.300096 0.080931 0.083564 0.064153 0.018196 -9999.0 -9999.0 -9999.0 -9999.0 -9999.0 -9999.0 -9999.0 -9999.0 -9999.0 -9999.0 -9999.0 -9999.0 -9999.0 -9999.0 -9999.0 -9999.0 -9999.0 -9999.0 -9999.0 -9999.0 -9999.0 -9999.0 -9999.0 -9999.0 -9999.0 -9999.0 -9999.0
-9999.0 -9999.0 -9999.0 -9999.0 -9999.0 -9999.0 -9999.0 -9999.0 -9999.0 -9999.0 -9999.0 -9999.0 -9999.0 0.247959 0.479966 0.479991 0.479991 0.167196 0.479864 0.479989 0.479988 0.479977 0.479994 0.479991 0.479994 0.116197 0.021801 0.322654 0.358844 0.381957 0.242405 0.120128 0.136309 0.157845 0.018652 0.018016 -9999.0 -9999.0 -9999.0 -9999.0 -9999.0 -9999.0 -9999.0 -9999.0 -9999.0 -9999.0 -9999.0 -9999.0 -9999.0 -9999.0 -9999.0 -9999.0 -9999.0 -9999.0 -9999.0 -9999.0 -9999.0 -9999.0 -9999.0 -9999.0 -9999.0 -9999.0 -9999.0
-9999.0 -9999.0 -9999.0 -9999.0 -9999.0 -9999.0 -9999.0 -9999.0 -9999.0 -9999.0 -9999.0 -9999.0 -9999.0 0.479972 0.479902 0.479964 0.479970 0.479981 0.166422 0.479992 0.479991 0.479994 0.479988 0.479991 0.479989 0.439488 0.238113 0.023171 0.034620 0.229446 0.254878 0.182614 0.019580 0.018203 0.018106 -9999.0 -9999.0 -9999.0 -9999.0 -9999.0 -9999.0 -9999.0 -9999.0 -9999.0 -9999.0 -9999.0 -9999.0 -9999.0 -9999.0 -9999.0 -9999.0 -9999.0 -9999.0 -9999.0 -9999.0 -9999.0 -9999.0 -9999.0 -9999.0 -9999.0 -9999.0 -9999.0 -9999.0
-9999.0 -9999.0 -9999.0 -9999.0 -9999.0 -9999.0 -9999.0 -9999.0 -9999.0 -9999.0 -9999.0 -9999.0 -9999.0 0.479964 0.479974 0.479830 0.479966 0.479990 0.166462 0.479986 0.479972 0.008884 0.479990 0.406323 0.283470 0.456808 0.094555 0.020334 0.288125 0.021273 0.176396 0.018374 0.018215 0.018013 0.018031 -9999.0 -9999.0 -9999.0 -9999.0 -9999.0 -9999.0 -9999.0 -9999.0 -9999.0 -9999.0 -9999.0 -9999.0 -9999.0 -9999.0 -9999.0 -9999.0 -9999.0 -9999.0 -9999.0 -9999.0 -9999.0 -9999.0 -9999.0 -9999.0 -9999.0 -9999.0 -9999.0 -9999.0
-9999.0 -9999.0 -9999.0 -9999.0 -9999.0 -9999.0 -9999.0 -9999.0 -9999.0 -9999.0 -9999.0 -9999.0 0.479976 0.479964 0.479846 0.160711 0.479948 0.479983 0.479986 0.152869 0.469706 0.355448 0.426868 0.432878 0.266210 0.166498 0.419496 0.217208 0.271544 0.019239 0.167991 0.084896 0.279347 0.017986 -9999.0 -9999.0 -9999.0 -9999.0 -9999.0 -9999.0 -9999.0 -9999.0 -9999.0 -9999.0 -9999.0 -9999.0 -9999.0 -9999.0 -9999.0 -9999.0 -9999.0 -9999.0 -9999.0 -9999.0 -9999.0 -9999.0 -9999.0 -9999.0 -9999.0 -9999.0 -9999.0 -9999.0 -9999.0
-9999.0 -9999.0 -9999.0 -9999.0 -9999.0 -9999.0 -9999.0 -9999.0 -9999.0 -9999.0 -9999.0 0.427878 0.478662 0.479874 0.150071 0.176284 0.017305 0.479981 0.479986 0.159375 0.479993 0.479959 0.196739 0.154176 0.359027 0.223749 0.154399 0.231437 0.209430 0.018383 0.080777 0.447387 0.059018 0.017873 0.040343 0.019219 0.418079 0.479998 0.464585 -9999.0 -9999.0 -9999.0 0.029806 -9999.0 -9999.0 -9999.0 -9999.0 -9999.0 -9999.0 -9999.0 -9999.0 -9999.0 -9999.0 -9999.0 -9999.0 -9999.0 -9999.0 -9999.0 -9999.0 -9999.0 -9999.0 -9999.0 -9999.0
-9999.0 -9999.0 -9999.0 -9999.0 -9999.0 -9999.0 -9999.0 -9999.0 -9999.0 -9999.0 -9999.0 0.206644 0.350667 0.479976 0.479967 0.185373 0.479976 0.479993 0.479985 0.479975 0.479969 0.479959 0.205828 0.432875 0.430809 0.163030 0.251583 0.458110 0.078516 0.018072 0.326639 0.216836 0.229976 0.173133 0.220273 0.242688 0.479998 0.208488 0.176453 0.037123 0.040935 0.023216 0.449053 0.034180 -9999.0 -9999.0 -9999.0 0.412986 0.479964 0.091793 0.479945 0.098963 0.096662 0.479444 0.478915 0.084930 -9999.0 -9999.0 -9999.0 -9999.0 -9999.0 -9999.0 -9999.0
-9999.0 -9999.0 -9999.0 -9999.0 -9999.0 -9999.0 -9999.0 -9999.0 -9999.0 -9999.0 -9999.0 0.242651 0.235029 0.475520 0.215566 0.242027 0.479986 0.477097 0.479992 0.479986 0.479976 0.479987 0.479986 0.420924 0.156672 0.089868 0.479992 0.368765 0.018010 0.225625 0.017934 0.421443 0.470383 0.199990 0.028364 0.475103 0.479993 0.479992 0.036796 0.107986 0.479998 0.460996 0.479854 0.239785 0.205148 -9999.0 0.025240 0.399860 0.479970 0.479957 0.479974 0.147900 0.479943 0.478585 0.479777 0.478468 -9999.0 -9999.0 -9999.0 -9999.0 -9999.0 -9999.0 -9999.0
-9999.0 -9999.0 -9999.0 -9999.0 -9999.0 -9999.0 -9999.0 -9999.0 -9999.0 -9999.0 -9999.0 -9999.0 0.232627 0.406495 0.479949 0.479966 0.476578 0.479991 0.479987 0.479987 0.479992 0.479985 0.479980 0.479988 0.294514 0.479991 0.479958 0.167732 0.166469 0.082342 0.251588 0.465588 0.246061 0.239743 0.223258 0.178173 0.479995 0.448169 0.029683 0.144567 0.479997 0.075442 0.471027 0.479994 0.089480 0.303273 0.086091 0.359730 0.355430 0.433598 0.479958 0.479956 0.479722 0.479728 0.196509 0.169028 0.474077 -9999.0 -9999.0 -9999.0 -9999.0 -9999.0 -9999.0
-9999.0 -9999.0 -9999.0 -9999.0 -9999.0 -9999.0 -9999.0 -9999.0 -9999.0 -9999.0 -9999.0 0.468223 0.252450 0.162402 0.479975 0.479977 0.479980 0.479991 0.479986 0.457643 0.479993 0.479971 0.479974 0.479992 0.479990 0.479974 0.440830 0.157830 0.273008 0.093409 0.479993 0.479994 0.479994 0.152463 0.236809 0.169426 0.112429 0.479994 0.479989 0.120324 0.475930 0.479972 0.468162 0.079130 0.479992 0.237529 0.465463 0.132011 0.138529 0.479993 0.029117 0.187615 0.211021 0.028197 0.017846 0.061863 0.104538 -9999.0 -9999.0 -9999.0 -9999.0 -9999.0 -9999.0
-9999.0 -9999.0 -9999.0 -9999.0 -9999.0 -9999.0 -9999.0 -9999.0 -9999.0 -9999.0 0.329423 0.479976 0.479957 0.264228 0.479955 0.479975 0.476168 0.477991 0.479988 0.466499 0.479985 0.479879 0.479988 0.479960 0.479983 0.479969 0.333767 0.028594 0.479991 0.479987 0.479992 0.422584 0.216428 0.208405 0.017793 0.030021 0.478045 0.479994 0.479987 0.479967 0.476465 0.165347 0.161714 0.479946 0.479993 0.094992 0.477876 0.458494 0.479988 0.479991 0.041322 0.052651 0.017884 0.057762 0.057959 0.479706 0.479479 -9999.0 -9999.0 -9999.0 -9999.0 -9999.0 -9999.0
-9999.0 -9999.0 -9999.0 -9999.0 -9999.0 -9999.0 -9999.0 -9999.0 -9999.0 0.267784 0.223600 0.479961 0.479968 0.479982 0.479920 0.471077 0.443796 0.479960 0.479993 0.454069 0.479988 0.479992 0.479992 0.479992 0.479972 0.407445 0.479994 0.479981 0.479990 0.479991 0.474905 0.401364 0.017866 0.018091 0.018000 0.017745 0.158619 0.336059 0.395770 0.461622 0.479978 0.472434 0.458946 0.479929 0.479211 0.479992 0.479987 0.479195 0.388864 0.479986 0.468497 0.102546 0.044048 0.042705 0.095807 0.479935 0.479569 0.173859 0.108816 -9999.0 -9999.0 -9999.0 -9999.0
-9999.0 -9999.0 -9999.0 -9999.0 -9999.0 -9999.0 -9999.0 -9999.0 -9999.0 0.188596 0.238560 0.196189 0.479970 0.479969 0.479965 0.479969 0.479652 0.479840 0.479990 0.479986 0.479987 0.040309 0.474962 0.479965 0.418578 0.479992 0.479988 0.479990 0.479993 0.479987 0.137686 0.441359 0.170770 0.181579 0.240904 0.077460 0.071251 0.059585 0.196806 0.239934 0.295141 0.284776 0.479994 0.475487 0.478745 0.470989 0.470655 0.479825 0.479990 0.464988 0.479098 0.479985 0.050725 0.207571 0.066375 0.418018 0.479922 0.479945 0.171791 -9999.0 -9999.0 -9999.0 -9999.0
-9999.0 -9999.0 -9999.0 -9999.0 -9999.0 -9999.0 -9999.0 -9999.0 -9999.0 -9999.0 0.234438 0.230565 0.479987 0.479988 0.479986 0.479962 0.479963 0.479989 0.418517 0.339986 0.479984 0.479993 0.479964 0.479983 0.479992 0.479990 0.479993 0.477928 0.195395 0.390054 0.332911 0.428385 0.277628 0.156317 0.439424 0.479994 0.479994 0.479995 0.086051 0.154172 0.148992 0.413964 0.471252 0.479992 0.407241 0.479696 0.478627 0.479978 0.462134 0.479992 0.479988 0.479984 0.106731 0.056780 0.219760 0.208365 0.200789 0.479947 0.479958 0.472809 -9999.0 -9999.0 -9999.0
-9999.0 -9999.0 -9999.0 -9999.0 -9999.0 -9999.0 -9999.0 -9999.0 -9999.0 -9999.0 0.218511 0.227522 0.211542 0.479962 0.479985 0.479990 0.473466 0.479993 0.270090 0.252601 0.472465 0.479993 0.479991 0.479987 0.479989 0.479983 0.444665 0.479993 0.451751 0.291962 0.170924 0.253301 0.026926 0.161857 0.172967 0.170921 0.479994 0.416692 0.344422 0.185183 0.241489 0.092571 0.301214 0.194633 0.197118 0.479989 0.479981 0.187786 0.479721 0.479991 0.479990 0.479978 0.479960 0.109114 0.085584 0.106516 0.201636 0.479947 0.473473 0.479914 -9999.0 -9999.0 -9999.0
-9999.0 -9999.0 -9999.0 -9999.0 -9999.0 -9999.0 -9999.0 -9999.0 0.479964 0.479972 0.297290 0.211412 0.479986 0.479987 0.479965 0.479988 0.479990 0.013712 0.177113 0.114617 0.191473 0.428555 0.478987 0.479994 0.479993 0.161390 0.479981 0.479992 0.479989 0.418513 0.018069 0.178549 0.196724 0.174989 0.202776 0.176296 0.312072 0.479993 0.422087 0.091009 0.023798 0.199679 0.031498 0.048678 0.115623 0.479965 0.302479 0.479960 0.479175 0.479972 0.479988 0.479985 0.479959 0.479971 0.105640 0.479941 0.173887 0.479428 0.479986 0.171814 -9999.0 -9999.0 -9999.0
-9999.0 -9999.0 -9999.0 -9999.0 -9999.0 -9999.0 -9999.0 -9999.0 0.030849 0.479962 0.452686 0.227116 0.257128 0.479984 0.479965 0.479491 0.479964 0.479981 0.179527 0.007858 0.011619 0.004660 0.010747 0.066395 0.464405 0.183876 0.479992 0.479992 0.033688 0.199595 0.186419 0.096241 0.211817 0.090438 0.278824 0.478547 0.479991 0.479991 0.391268 0.446854 0.205931 0.203275 0.055773 0.479974 0.479982 0.479963 0.029511 0.171797 0.479988 0.479990 0.479990 0.479977 0.479959 0.479627 0.479986 0.161523 0.479948 0.479986 0.366057 0.003772 0.002088 -9999.0 -9999.0
-9999.0 -9999.0 -9999.0 -9999.0 -9999.0 -9999.0 -9999.0 -9999.0 0.156039 0.479988 0.479958 0.344448 0.478674 0.031823 0.479960 0.479989 0.479994 0.479992 0.060748 0.017990 0.011153 0.005878 0.004470 0.019744 0.005671 0.479993 0.465088 0.440880 0.028421 0.468057 0.097446 0.479986 0.447873 0.431720 0.479964 0.479976 0.406784 0.479992 0.462410 0.308997 0.251328 0.102350 0.479961 0.162773 0.251700 0.188931 0.108545 0.479948 0.361659 0.479332 0.378946 0.479991 0.479986 0.479990 0.479990 0.479990 0.475831 0.253045 0.220148 0.116842 0.005757 -9999.0 -9999.0
-9999.0 -9999.0 -9999.0 -9999.0 -9999.0 -9999.0 -9999.0 -9999.0 0.017797 0.219828 0.479637 0.056764 0.479960 0.479821 0.479984 0.479992 0.359798 0.021158 0.479957 0.029662 0.300375 0.070046 0.004954 0.005697 0.479985 0.479971 0.479964 0.479527 0.479967 0.479984 0.436459 0.450953 0.479988 0.479983 0.402773 0.479989 0.479990 0.479989 0.479992 0.479991 0.479976 0.479964 0.479965 0.141175 0.479962 0.099207 0.479960 0.152131 0.479964 0.479989 0.479830 0.220370 0.479982 0.479990 0.479977 0.464189 0.428877 0.002589 0.000019 0.005965 0.362905 0.479676 -9999.0
-9999.0 -9999.0 -9999.0 -9999.0 -9999.0 -9999.0 -9999.0 -9999.0 0.261225 0.200980 0.479846 0.479917 0.479954 0.479882 0.479990 0.479979 0.479985 0.479994 0.479983 0.479990 0.333048 0.215600 0.166558 0.136863 0.479992 0.479983 0.479987 0.479956 0.479991 0.479986 0.479990 0.479964 0.479992 0.479969 0.459078 0.478416 0.479989 0.479987 0.476788 0.479989 0.472934 0.478503 0.479985 0.479988 0.478205 0.479971 0.469326 0.479986 0.479985 0.479991 0.479988 0.385069 0.199509 0.475454 0.475983 0.408055 0.182398 0.210886 0.400191 0.432777 0.477631 0.479751 -9999.0
-9999.0 -9999.0 0.248443 0.320765 0.307532 0.475383 0.479971 0.456125 0.286941 0.304564 0.479981 0.479869 0.479885 0.479983 0.479989 0.479980 0.476057 0.479988 0.460540 0.479964 0.479990 0.006075 0.200699 0.479379 0.246290 0.479991 0.479992 0.479993 0.476833 0.479988 0.479979 0.479969 0.479987 0.479693 0.479992 0.479612 0.479991 0.479989 0.479989 0.479988 0.479988 0.479991 0.479693 0.479989 0.479986 0.479984 0.479993 0.479494 0.454705 0.345380 0.453701 0.292850 0.083653 0.171674 0.425936 0.048036 0.471217 0.479846 0.479991 0.477126 0.479148 0.479399 -9999.0
-9999.0 0.479968 0.479969 0.479956 0.479979 0.479961 0.479980 0.394514 0.329120 0.209607 0.479980 0.479961 0.477901 0.479949 0.475551 0.479960 0.465178 0.479982 0.479969 0.479985 0.479992 0.338469 0.377089 0.006965 0.119204 0.338580 0.011060 0.009455 0.479953 0.475887 0.474939 0.479993 0.479991 0.189893 0.479977 0.473439 0.478806 0.473588 0.468725 0.473160 0.476221 0.479957 0.479965 0.479601 0.479992 0.479934 0.293850 0.160399 0.344575 0.012601 0.374118 0.405447 0.467013 0.473123 0.479954 0.479993 0.479869 0.479880 0.479841 0.479557 0.479506 0.479371 -9999.0
-9999.0 0.410048 0.479964 0.479948 0.478870 0.479962 0.479988 0.465597 0.290117 0.348482 0.479985 0.479949 0.478840 0.478689 0.477469 0.451786 0.479985 0.324548 0.479946 0.477917 0.479895 0.479980 0.181834 0.468701 0.062977 0.033836 0.003959 0.010037 0.106647 0.004540 0.007018 0.227207 0.479931 0.468191 0.048423 0.458873 0.004613 0.000000 0.316317 0.229193 0.303353 0.342970 0.472824 0.165572 0.007333 0.002562 0.002440 0.003362 0.416511 0.391004 0.473547 0.479994 0.479899 0.478424 0.479990 0.479891 0.479963 0.479878 0.479954 0.479463 0.478569 -9999.0 -9999.0
-9999.0 0.208985 0.479989 0.471222 0.479993 0.479541 0.477623 0.479955 0.479980 0.479968 0.479946 0.479988 0.479983 0.479809 0.479958 0.462128 0.479977 0.479972 0.467147 0.479233 0.479967 0.478435 0.479967 0.479984 0.479987 0.348643 0.293272 0.301635 0.328794 0.394866 0.406329 0.007921 0.161743 0.466351 0.323098 0.453181 0.457769 0.221658 0.441556 0.400248 0.258458 0.005294 0.188610 0.007977 0.008196 0.061323 0.357213 0.456321 0.464148 0.465398 0.478070 0.479972 0.478221 0.479881 0.479971 0.479846 0.479737 0.479620 0.479507 -9999.0 -9999.0 -9999.0 -9999.0
