user2019/resources/simulation/Vinschgau/output-maps/thetaiceL0008N0149.asc
ncols         63
nrows         48
xllcorner     598000.000000
yllcorner     5145000.000000
cellsize      1000.000000
NODATA_value  -9999.0
[rows 0 to 28 of 48, columns 0 to 62 of 63]
-9999.0 -9999.0 -9999.0 -9999.0 -9999.0 -9999.0 -9999.0 -9999.0 -9999.0 -9999.0 -9999.0 -9999.0 -9999.0 -9999.0 -9999.0 -9999.0 -9999.0 -9999.0 -9999.0 -9999.0 -9999.0 -9999.0 -9999.0 -9999.0 -9999.0 -9999.0 -9999.0 -9999.0 -9999.0 -9999.0 -9999.0 -9999.0 -9999.0 -9999.0 -9999.0 -9999.0 -9999.0 -9999.0 -9999.0 -9999.0 -9999.0 -9999.0 -9999.0 -9999.0 -9999.0 -9999.0 -9999.0 -9999.0 -9999.0 -9999.0 -9999.0 -9999.0 -9999.0 -9999.0 -9999.0 -9999.0 -9999.0 -9999.0 -9999.0 -9999.0 -9999.0 -9999.0 -9999.0
-9999.0 -9999.0 -9999.0 -9999.0 -9999.0 -9999.0 -9999.0 -9999.0 -9999.0 -9999.0 -9999.0 -9999.0 -9999.0 -9999.0 -9999.0 -9999.0 -9999.0 -9999.0 -9999.0 -9999.0 -9999.0 -9999.0 -9999.0 -9999.0 -9999.0 -9999.0 -9999.0 0.066143 0.066160 0.066190 0.065972 0.065947 0.065949 -9999.0 -9999.0 -9999.0 -9999.0 -9999.0 -9999.0 -9999.0 -9999.0 -9999.0 -9999.0 -9999.0 -9999.0 -9999.0 -9999.0 -9999.0 -9999.0 -9999.0 -9999.0 -9999.0 -9999.0 -9999.0 -9999.0 -9999.0 -9999.0 -9999.0 -9999.0 -9999.0 -9999.0 -9999.0 -9999.0
-9999.0 -9999.0 -9999.0 -9999.0 -9999.0 -9999.0 -9999.0 -9999.0 -9999.0 -9999.0 -9999.0 -9999.0 -9999.0 -9999.0 -9999.0 -9999.0 -9999.0 -9999.0 -9999.0 -9999.0 -9999.0 -9999.0 -9999.0 -9999.0 0.028339 0.064797 0.066156 0.066168 0.066134 0.066185 0.066028 -9999.0 -9999.0 -9999.0 -9999.0 -9999.0 -9999.0 -9999.0 -9999.0 -9999.0 -9999.0 -9999.0 -9999.0 -9999.0 -9999.0 -9999.0 -9999.0 -9999.0 -9999.0 -9999.0 -9999.0 -9999.0 -9999.0 -9999.0 -9999.0 -9999.0 -9999.0 -9999.0 -9999.0 -9999.0 -9999.0 -9999.0 -9999.0
-9999.0 -9999.0 -9999.0 -9999.0 -9999.0 -9999.0 -9999.0 -9999.0 -9999.0 -9999.0 -9999.0 -9999.0 -9999.0 -9999.0 -9999.0 -9999.0 -9999.0 -9999.0 -9999.0 -9999.0 -9999.0 -9999.0 -9999.0 0.054563 0.045212 0.000051 0.000044 0.000005 0.046644 0.066204 0.066197 0.066041 -9999.0 -9999.0 -9999.0 -9999.0 -9999.0 -9999.0 -9999.0 -9999.0 -9999.0 -9999.0 -9999.0 -9999.0 -9999.0 -9999.0 -9999.0 -9999.0 -9999.0 -9999.0 -9999.0 -9999.0 -9999.0 -9999.0 -9999.0 -9999.0 -9999.0 -9999.0 -9999.0 -9999.0 -9999.0 -9999.0 -9999.0
-9999.0 -9999.0 -9999.0 -9999.0 -9999.0 -9999.0 -9999.0 -9999.0 -9999.0 -9999.0 -9999.0 -9999.0 -9999.0 -9999.0 -9999.0 -9999.0 -9999.0 -9999.0 0.000002 0.000120 -9999.0 0.040506 0.038132 0.000000 0.000001 0.066213 0.010415 0.007882 0.000012 0.034076 0.066204 0.066187 0.066197 0.066204 -9999.0 -9999.0 -9999.0 -9999.0 -9999.0 -9999.0 -9999.0 -9999.0 -9999.0 -9999.0 -9999.0 -9999.0 -9999.0 -9999.0 -9999.0 -9999.0 -9999.0 -9999.0 -9999.0 -9999.0 -9999.0 -9999.0 -9999.0 -9999.0 -9999.0 -9999.0 -9999.0 -9999.0 -9999.0
-9999.0 -9999.0 -9999.0 -9999.0 -9999.0 -9999.0 -9999.0 -9999.0 -9999.0 -9999.0 -9999.0 -9999.0 -9999.0 -9999.0 -9999.0 -9999.0 -9999.0 0.095310 0.058169 0.066082 0.065974 0.000599 0.005032 0.058356 0.000028 0.064268 0.056572 0.028300 0.065356 0.014532 0.044738 0.066204 0.066152 0.066192 0.065959 0.065945 -9999.0 -9999.0 -9999.0 -9999.0 -9999.0 -9999.0 -9999.0 -9999.0 -9999.0 -9999.0 -9999.0 -9999.0 -9999.0 -9999.0 -9999.0 -9999.0 -9999.0 -9999.0 -9999.0 -9999.0 -9999.0 -9999.0 -9999.0 -9999.0 -9999.0 -9999.0 -9999.0
-9999.0 -9999.0 -9999.0 -9999.0 -9999.0 -9999.0 -9999.0 -9999.0 -9999.0 -9999.0 -9999.0 -9999.0 -9999.0 0.055479 0.000159 0.000163 0.000175 0.066063 0.111928 0.002245 0.000020 0.000006 0.065178 0.000012 0.064705 0.066072 0.066159 0.065860 0.066117 0.040629 0.045342 0.066114 0.066095 0.065932 0.065942 0.065945 -9999.0 -9999.0 -9999.0 -9999.0 -9999.0 -9999.0 -9999.0 -9999.0 -9999.0 -9999.0 -9999.0 -9999.0 -9999.0 -9999.0 -9999.0 -9999.0 -9999.0 -9999.0 -9999.0 -9999.0 -9999.0 -9999.0 -9999.0 -9999.0 -9999.0 -9999.0 -9999.0
-9999.0 -9999.0 -9999.0 -9999.0 -9999.0 -9999.0 -9999.0 -9999.0 -9999.0 -9999.0 -9999.0 -9999.0 -9999.0 0.005761 0.000000 0.000107 0.000113 0.000000 0.066117 0.066141 0.057117 0.065749 0.002640 0.042691 0.037017 0.064977 0.066173 0.065949 0.065941 0.066152 0.055942 0.065936 0.065942 0.065944 0.065944 -9999.0 -9999.0 -9999.0 -9999.0 -9999.0 -9999.0 -9999.0 -9999.0 -9999.0 -9999.0 -9999.0 -9999.0 -9999.0 -9999.0 -9999.0 -9999.0 -9999.0 -9999.0 -9999.0 -9999.0 -9999.0 -9999.0 -9999.0 -9999.0 -9999.0 -9999.0 -9999.0 -9999.0
-9999.0 -9999.0 -9999.0 -9999.0 -9999.0 -9999.0 -9999.0 -9999.0 -9999.0 -9999.0 -9999.0 -9999.0 -9999.0 0.000119 0.000002 0.000004 0.000140 0.000156 0.066110 0.000138 0.000115 0.066098 0.041773 0.043926 0.021469 0.002527 0.066170 0.065948 0.066178 0.065940 0.065941 0.065945 0.065947 0.065946 0.065944 -9999.0 -9999.0 -9999.0 -9999.0 -9999.0 -9999.0 -9999.0 -9999.0 -9999.0 -9999.0 -9999.0 -9999.0 -9999.0 -9999.0 -9999.0 -9999.0 -9999.0 -9999.0 -9999.0 -9999.0 -9999.0 -9999.0 -9999.0 -9999.0 -9999.0 -9999.0 -9999.0 -9999.0
-9999.0 -9999.0 -9999.0 -9999.0 -9999.0 -9999.0 -9999.0 -9999.0 -9999.0 -9999.0 -9999.0 -9999.0 0.006762 0.000000 0.000001 0.066025 0.000207 0.000134 0.000000 0.066125 0.014576 0.058343 0.064370 0.039267 0.000586 0.065954 0.038370 0.065989 0.066180 0.065946 0.065943 0.066203 0.066201 0.065995 -9999.0 -9999.0 -9999.0 -9999.0 -9999.0 -9999.0 -9999.0 -9999.0 -9999.0 -9999.0 -9999.0 -9999.0 -9999.0 -9999.0 -9999.0 -9999.0 -9999.0 -9999.0 -9999.0 -9999.0 -9999.0 -9999.0 -9999.0 -9999.0 -9999.0 -9999.0 -9999.0 -9999.0 -9999.0
-9999.0 -9999.0 -9999.0 -9999.0 -9999.0 -9999.0 -9999.0 -9999.0 -9999.0 -9999.0 -9999.0 0.024627 0.036863 0.000039 0.060836 0.057281 0.066121 0.000153 0.000000 0.066115 0.060374 0.000081 0.063085 0.065969 0.065592 0.066012 0.065950 0.065983 0.066038 0.065945 0.066174 0.066198 0.066123 0.066003 0.066177 0.066220 0.066191 0.066206 0.066229 -9999.0 -9999.0 -9999.0 0.066007 -9999.0 -9999.0 -9999.0 -9999.0 -9999.0 -9999.0 -9999.0 -9999.0 -9999.0 -9999.0 -9999.0 -9999.0 -9999.0 -9999.0 -9999.0 -9999.0 -9999.0 -9999.0 -9999.0 -9999.0
-9999.0 -9999.0 -9999.0 -9999.0 -9999.0 -9999.0 -9999.0 -9999.0 -9999.0 -9999.0 -9999.0 0.048981 0.032841 0.009701 0.005745 0.065976 0.000512 0.024001 0.000000 0.000000 0.000007 0.000000 0.045939 0.062389 0.061229 0.065962 0.066125 0.066134 0.066144 0.065985 0.066195 0.066205 0.066198 0.066197 0.066217 0.066201 0.066231 0.066228 0.066247 0.066216 0.066198 0.066144 0.066198 0.065995 -9999.0 -9999.0 -9999.0 0.000081 0.015064 0.037302 0.001012 0.025192 0.026039 0.000018 0.000016 0.029332 -9999.0 -9999.0 -9999.0 -9999.0 -9999.0 -9999.0 -9999.0
-9999.0 -9999.0 -9999.0 -9999.0 -9999.0 -9999.0 -9999.0 -9999.0 -9999.0 -9999.0 -9999.0 0.044277 0.048475 0.066143 0.000717 0.066058 0.019346 0.022434 0.000013 0.000000 0.000021 0.028261 0.033760 0.047045 0.065968 0.066159 0.060287 0.066115 0.065976 0.065995 0.065963 0.066183 0.066202 0.066209 0.066113 0.066219 0.066234 0.066209 0.066219 0.066199 0.066246 0.066199 0.066197 0.066215 0.066182 -9999.0 0.065992 0.027731 0.010162 0.000116 0.019303 0.046421 0.000000 0.000000 0.000000 0.000003 -9999.0 -9999.0 -9999.0 -9999.0 -9999.0 -9999.0 -9999.0
-9999.0 -9999.0 -9999.0 -9999.0 -9999.0 -9999.0 -9999.0 -9999.0 -9999.0 -9999.0 -9999.0 -9999.0 0.039582 0.000786 0.000288 0.007057 0.043983 0.032701 0.000000 0.000000 0.023608 0.022532 0.006993 0.027287 0.066114 0.050554 0.000023 0.065960 0.065990 0.066171 0.066168 0.066201 0.066205 0.066209 0.066068 0.066206 0.066168 0.066235 0.066192 0.066217 0.066245 0.066203 0.066214 0.050790 0.066199 0.063059 0.063625 0.033046 0.048318 0.059642 0.000495 0.000332 0.000069 0.000262 0.022034 0.023132 0.000247 -9999.0 -9999.0 -9999.0 -9999.0 -9999.0 -9999.0
-9999.0 -9999.0 -9999.0 -9999.0 -9999.0 -9999.0 -9999.0 -9999.0 -9999.0 -9999.0 -9999.0 0.000816 0.057859 0.064798 0.011362 0.009200 0.007461 0.050881 0.000000 0.077767 0.054055 0.000026 0.003645 0.064846 0.040615 0.000198 0.000783 0.065964 0.066135 0.066171 0.066164 0.066181 0.066141 0.066210 0.065973 0.066212 0.066151 0.066134 0.170826 0.066217 0.066235 0.066230 0.066225 0.066169 0.030750 0.060242 0.040189 0.065986 0.046325 0.066194 0.065926 0.065675 0.043568 0.065943 0.065909 0.065940 0.021041 -9999.0 -9999.0 -9999.0 -9999.0 -9999.0 -9999.0
-9999.0 -9999.0 -9999.0 -9999.0 -9999.0 -9999.0 -9999.0 -9999.0 -9999.0 -9999.0 0.000369 0.014628 0.000333 0.053108 0.000217 0.000382 0.059447 0.032349 0.000102 0.000026 0.000000 0.000042 0.031294 0.000033 0.000138 0.000468 0.066103 0.066059 0.048812 0.013079 0.041476 0.066018 0.066170 0.066032 0.065951 0.066185 0.066184 0.066208 0.063232 0.066205 0.066184 0.066203 0.066000 0.222611 0.066089 0.066195 0.036524 0.066164 0.039450 0.055660 0.065866 0.065949 0.065976 0.065950 0.065941 0.000031 0.000034 -9999.0 -9999.0 -9999.0 -9999.0 -9999.0 -9999.0
-9999.0 -9999.0 -9999.0 -9999.0 -9999.0 -9999.0 -9999.0 -9999.0 -9999.0 0.064609 0.000436 0.000466 0.000703 0.028331 0.000274 0.051867 0.052072 0.000061 0.041477 0.067078 0.000000 0.030505 0.040122 0.007093 0.000390 0.065908 0.066147 0.000312 0.036101 0.013627 0.066120 0.065800 0.065951 0.065951 0.066036 0.065990 0.066220 0.066218 0.066200 0.066237 0.063608 0.066048 0.065913 0.061333 0.059240 0.066197 0.000032 0.066157 0.066055 0.000183 0.065798 0.034002 0.065956 0.065334 0.034678 0.015325 0.000164 0.000173 0.002534 -9999.0 -9999.0 -9999.0 -9999.0
-9999.0 -9999.0 -9999.0 -9999.0 -9999.0 -9999.0 -9999.0 -9999.0 -9999.0 0.065756 0.058939 0.061782 0.000004 0.001360 0.000588 0.010383 0.000022 0.020865 0.059060 0.000000 0.000000 0.066214 0.000265 0.000156 0.065887 0.049538 0.014997 0.002430 0.065855 0.006498 0.066145 0.065258 0.065979 0.066169 0.066206 0.066179 0.066203 0.066200 0.065987 0.066207 0.028375 0.066162 0.066154 0.066203 0.093416 0.068217 0.066232 0.066208 0.030972 0.057602 0.056350 0.043474 0.063849 0.051921 0.065935 0.000324 0.000299 0.000182 0.001113 -9999.0 -9999.0 -9999.0 -9999.0
-9999.0 -9999.0 -9999.0 -9999.0 -9999.0 -9999.0 -9999.0 -9999.0 -9999.0 -9999.0 0.059494 0.060391 0.043249 0.000185 0.045725 0.000305 0.000238 0.000026 0.057818 0.000127 0.000000 0.056277 0.000122 0.015763 0.047831 0.008467 0.065525 0.066246 0.065101 0.065828 0.066009 0.001497 0.066054 0.065974 0.066178 0.066010 0.058721 0.066193 0.066210 0.065971 0.065958 0.062828 0.066027 0.065696 0.065634 0.064939 0.062427 0.000034 0.066148 0.066187 0.064743 0.042711 0.023194 0.060190 0.025928 0.060319 0.010438 0.007786 0.000016 0.000042 -9999.0 -9999.0 -9999.0
-9999.0 -9999.0 -9999.0 -9999.0 -9999.0 -9999.0 -9999.0 -9999.0 -9999.0 -9999.0 0.060011 0.058982 0.034803 0.000285 0.000000 0.002279 0.024427 0.000095 0.057094 0.013305 0.033056 0.021040 0.000069 0.010138 0.007893 0.066249 0.051812 0.036645 0.063930 0.066074 0.065975 0.041186 0.066067 0.065973 0.065978 0.066137 0.066186 0.066205 0.066192 0.065988 0.059616 0.065809 0.049047 0.065990 0.000556 0.054210 0.021495 0.065498 0.060835 0.066180 0.066133 0.025460 0.000407 0.024305 0.045847 0.014349 0.058248 0.000109 0.058653 0.000089 -9999.0 -9999.0 -9999.0
-9999.0 -9999.0 -9999.0 -9999.0 -9999.0 -9999.0 -9999.0 -9999.0 0.000236 0.015516 0.066034 0.032260 0.046117 0.049526 0.001115 0.000122 0.058739 0.044439 0.000146 0.000147 0.056888 0.058381 0.059903 0.031564 0.026415 0.061196 0.000032 0.057661 0.043834 0.066084 0.065961 0.065972 0.065992 0.065944 0.051236 0.065967 0.043477 0.066177 0.065766 0.066058 0.066014 0.065983 0.066004 0.065957 0.053131 0.000223 0.065917 0.000305 0.064397 0.000111 0.000505 0.043105 0.000278 0.032786 0.014927 0.000000 0.001002 0.000028 0.051023 0.054823 -9999.0 -9999.0 -9999.0
-9999.0 -9999.0 -9999.0 -9999.0 -9999.0 -9999.0 -9999.0 -9999.0 0.065970 0.000779 0.066093 0.066010 0.061999 0.028027 0.003845 0.016668 0.000029 0.000075 0.058009 0.000067 0.000070 0.003104 0.052871 0.066240 0.058435 0.058828 0.000138 0.052456 0.066041 0.054665 0.053406 0.066156 0.044296 0.062636 0.007075 0.010019 0.053191 0.055944 0.066151 0.033701 0.066030 0.065965 0.065978 0.013912 0.015751 0.013584 0.065979 0.065845 0.046238 0.006746 0.066110 0.017052 0.003315 0.000000 0.037414 0.065060 0.023129 0.041410 0.066148 0.000000 0.000000 -9999.0 -9999.0
-9999.0 -9999.0 -9999.0 -9999.0 -9999.0 -9999.0 -9999.0 -9999.0 0.065003 0.048259 0.000277 0.066091 0.033962 0.066066 0.000221 0.047250 0.060758 0.034446 0.057153 0.000327 0.000000 0.000546 0.016033 0.035034 0.002600 0.061164 0.016257 0.060785 0.066079 0.066093 0.066135 0.021522 0.066111 0.066178 0.000204 0.004903 0.038563 0.062986 0.065540 0.051324 0.043924 0.053385 0.000246 0.036233 0.041505 0.049477 0.031881 0.000158 0.023852 0.057691 0.000129 0.047738 0.057975 0.060905 0.066037 0.019403 0.062671 0.066179 0.031034 0.000000 0.000000 -9999.0 -9999.0
-9999.0 -9999.0 -9999.0 -9999.0 -9999.0 -9999.0 -9999.0 -9999.0 0.065956 0.048324 0.000054 0.066141 0.000155 0.000138 0.023284 0.060652 0.056904 0.055945 0.018538 0.001249 0.000073 0.000000 0.000000 0.000018 0.000037 0.000014 0.000189 0.064547 0.000079 0.017792 0.066091 0.065875 0.055185 0.022798 0.064886 0.040820 0.047772 0.000034 0.065147 0.065117 0.019440 0.003573 0.000840 0.066038 0.000200 0.033741 0.000033 0.040084 0.000060 0.064064 0.000024 0.052115 0.065152 0.000015 0.065327 0.063648 0.036022 0.000051 0.000000 0.000000 0.000038 0.000000 -9999.0
-9999.0 -9999.0 -9999.0 -9999.0 -9999.0 -9999.0 -9999.0 -9999.0 0.046173 0.017873 0.000134 0.001214 0.000000 0.031591 0.000006 0.000161 0.000014 0.057459 0.000047 0.003773 0.054004 0.000001 0.000007 0.000054 0.036995 0.000010 0.038332 0.000162 0.000082 0.000065 0.046114 0.000076 0.066190 0.000161 0.066080 0.064494 0.050015 0.000007 0.062605 0.048744 0.066108 0.065983 0.049840 0.065902 0.065935 0.007417 0.064819 0.031816 0.035541 0.066191 0.066158 0.057434 0.039085 0.043846 0.024242 0.000034 0.000000 0.000000 0.000004 0.038645 0.060419 0.000000 -9999.0
-9999.0 -9999.0 0.062021 0.022318 0.028803 0.044315 0.013359 0.053302 0.034461 0.010394 0.022552 0.000043 0.000107 0.000012 0.019088 0.000000 0.064247 0.044503 0.036621 0.000038 0.002507 0.023040 0.000012 0.031377 0.001902 0.060240 0.000046 0.036628 0.059134 0.000008 0.000381 0.000054 0.000000 0.059020 0.043716 0.043540 0.038871 0.003510 0.062606 0.038404 0.046790 0.066049 0.060339 0.000167 0.042325 0.031577 0.058650 0.000158 0.066129 0.066219 0.047575 0.000015 0.000000 0.000000 0.000000 0.000000 0.000034 0.000048 0.046623 0.061473 0.000000 0.000000 -9999.0
-9999.0 0.000551 0.000698 0.002186 0.024349 0.000345 0.029551 0.036876 0.040383 0.048867 0.025576 0.000156 0.000000 0.000000 0.000000 0.000017 0.033233 0.032668 0.000295 0.000047 0.024149 0.057988 0.000104 0.000054 0.000157 0.045810 0.014397 0.011841 0.066186 0.025646 0.066221 0.042675 0.022169 0.000107 0.056762 0.000104 0.045723 0.034137 0.000052 0.000128 0.060998 0.062920 0.066110 0.058852 0.059112 0.057642 0.032238 0.052579 0.049387 0.000067 0.000000 0.000000 0.000054 0.000067 0.000067 0.000119 0.000000 0.000000 0.000000 0.000000 0.000000 0.000000 -9999.0
-9999.0 0.012935 0.000145 0.000103 0.000000 0.000124 0.036447 0.062580 0.040500 0.064706 0.034398 0.000139 0.000028 0.000000 0.052037 0.037243 0.046757 0.051324 0.000063 0.008132 0.000000 0.000053 0.043394 0.000173 0.000020 0.000004 0.000051 0.000000 0.000000 0.053374 0.053436 0.054315 0.045016 0.008609 0.000000 0.000000 0.000000 0.000000 0.000000 0.000007 0.000025 0.000000 0.063266 0.007869 0.010887 0.045238 0.000000 0.000000 0.000000 0.000000 0.000176 0.033999 0.000002 0.003016 0.004002 0.000005 0.000007 0.000158 0.000175 0.000063 0.000044 -9999.0 -9999.0
-9999.0 0.043303 0.050656 0.000050 0.051345 0.000000 0.000000 0.000605 0.017675 0.008708 0.000132 0.002098 0.000008 0.000013 0.000179 0.034619 0.025901 0.017914 0.048640 0.002193 0.000092 0.000123 0.000016 0.000000 0.000000 0.000032 0.000023 0.000020 0.000000 0.000000 0.000000 0.000000 0.000000 0.002368 0.000000 0.000000 0.000000 0.000000 0.000000 0.000000 0.000000 0.000000 0.000000 0.000000 0.000000 0.000000 0.000000 0.000000 0.002540 0.062246 0.000067 0.000304 0.000115 0.000004 0.000261 0.000184 0.000180 0.000131 0.000121 -9999.0 -9999.0 -9999.0 -9999.0
