user2019/resources/simulation/Vinschgau/output-maps/thetaiceL0001N0081.asc
ncols         63
nrows         48
xllcorner     598000.000000
yllcorner     5145000.000000
cellsize      1000.000000
NODATA_value  -9999.0
[rows 0 to 28 of 48, columns 0 to 62 of 63]
-9999.0 -9999.0 -9999.0 -9999.0 -9999.0 -9999.0 -9999.0 -9999.0 -9999.0 -9999.0 -9999.0 -9999.0 -9999.0 -9999.0 -9999.0 -9999.0 -9999.0 -9999.0 -9999.0 -9999.0 -9999.0 -9999.0 -9999.0 -9999.0 -9999.0 -9999.0 -9999.0 -9999.0 -9999.0 -9999.0 -9999.0 -9999.0 -9999.0 -9999.0 -9999.0 -9999.0 -9999.0 -9999.0 -9999.0 -9999.0 -9999.0 -9999.0 -9999.0 -9999.0 -9999.0 -9999.0 -9999.0 -9999.0 -9999.0 -9999.0 -9999.0 -9999.0 -9999.0 -9999.0 -9999.0 -9999.0 -9999.0 -9999.0 -9999.0 -9999.0 -9999.0 -9999.0 -9999.0
-9999.0 -9999.0 -9999.0 -9999.0 -9999.0 -9999.0 -9999.0 -9999.0 -9999.0 -9999.0 -9999.0 -9999.0 -9999.0 -9999.0 -9999.0 -9999.0 -9999.0 -9999.0 -9999.0 -9999.0 -9999.0 -9999.0 -9999.0 -9999.0 -9999.0 -9999.0 -9999.0 0.169684 0.479878 0.170615 0.364634 0.314469 0.312812 -9999.0 -9999.0 -9999.0 -9999.0 -9999.0 -9999.0 -9999.0 -9999.0 -9999.0 -9999.0 -9999.0 -9999.0 -9999.0 -9999.0 -9999.0 -9999.0 -9999.0 -9999.0 -9999.0 -9999.0 -9999.0 -9999.0 -9999.0 -9999.0 -9999.0 -9999.0 -9999.0 -9999.0 -9999.0 -9999.0
-9999.0 -9999.0 -9999.0 -9999.0 -9999.0 -9999.0 -9999.0 -9999.0 -9999.0 -9999.0 -9999.0 -9999.0 -9999.0 -9999.0 -9999.0 -9999.0 -9999.0 -9999.0 -9999.0 -9999.0 -9999.0 -9999.0 -9999.0 -9999.0 0.478516 0.479751 0.479851 0.479848 0.479842 0.479860 0.475307 -9999.0 -9999.0 -9999.0 -9999.0 -9999.0 -9999.0 -9999.0 -9999.0 -9999.0 -9999.0 -9999.0 -9999.0 -9999.0 -9999.0 -9999.0 -9999.0 -9999.0 -9999.0 -9999.0 -9999.0 -9999.0 -9999.0 -9999.0 -9999.0 -9999.0 -9999.0 -9999.0 -9999.0 -9999.0 -9999.0 -9999.0 -9999.0
-9999.0 -9999.0 -9999.0 -9999.0 -9999.0 -9999.0 -9999.0 -9999.0 -9999.0 -9999.0 -9999.0 -9999.0 -9999.0 -9999.0 -9999.0 -9999.0 -9999.0 -9999.0 -9999.0 -9999.0 -9999.0 -9999.0 -9999.0 0.479728 0.478621 0.368946 0.453182 0.405742 0.473103 0.479888 0.479878 0.479839 -9999.0 -9999.0 -9999.0 -9999.0 -9999.0 -9999.0 -9999.0 -9999.0 -9999.0 -9999.0 -9999.0 -9999.0 -9999.0 -9999.0 -9999.0 -9999.0 -9999.0 -9999.0 -9999.0 -9999.0 -9999.0 -9999.0 -9999.0 -9999.0 -9999.0 -9999.0 -9999.0 -9999.0 -9999.0 -9999.0 -9999.0
-9999.0 -9999.0 -9999.0 -9999.0 -9999.0 -9999.0 -9999.0 -9999.0 -9999.0 -9999.0 -9999.0 -9999.0 -9999.0 -9999.0 -9999.0 -9999.0 -9999.0 -9999.0 0.445162 0.472221 -9999.0 0.479494 0.479357 0.235452 0.432945 0.471170 0.479731 0.479724 0.476139 0.476436 0.479855 0.479886 0.171057 0.171212 -9999.0 -9999.0 -9999.0 -9999.0 -9999.0 -9999.0 -9999.0 -9999.0 -9999.0 -9999.0 -9999.0 -9999.0 -9999.0 -9999.0 -9999.0 -9999.0 -9999.0 -9999.0 -9999.0 -9999.0 -9999.0 -9999.0 -9999.0 -9999.0 -9999.0 -9999.0 -9999.0 -9999.0 -9999.0
-9999.0 -9999.0 -9999.0 -9999.0 -9999.0 -9999.0 -9999.0 -9999.0 -9999.0 -9999.0 -9999.0 -9999.0 -9999.0 -9999.0 -9999.0 -9999.0 -9999.0 0.479980 0.479864 0.179818 0.165356 0.478914 0.474321 0.475890 0.472741 0.475639 0.407836 0.283962 0.479724 0.479736 0.457764 0.479897 0.169122 0.170786 0.169892 0.066493 -9999.0 -9999.0 -9999.0 -9999.0 -9999.0 -9999.0 -9999.0 -9999.0 -9999.0 -9999.0 -9999.0 -9999.0 -9999.0 -9999.0 -9999.0 -9999.0 -9999.0 -9999.0 -9999.0 -9999.0 -9999.0 -9999.0 -9999.0 -9999.0 -9999.0 -9999.0 -9999.0
-9999.0 -9999.0 -9999.0 -9999.0 -9999.0 -9999.0 -9999.0 -9999.0 -9999.0 -9999.0 -9999.0 -9999.0 -9999.0 0.479594 0.472720 0.479817 0.479850 0.179880 0.479972 0.462129 0.444463 0.413651 0.463639 0.470822 0.479907 0.307565 0.168310 0.122479 0.213725 0.113122 0.479531 0.476847 0.472507 0.477422 0.169397 0.061072 -9999.0 -9999.0 -9999.0 -9999.0 -9999.0 -9999.0 -9999.0 -9999.0 -9999.0 -9999.0 -9999.0 -9999.0 -9999.0 -9999.0 -9999.0 -9999.0 -9999.0 -9999.0 -9999.0 -9999.0 -9999.0 -9999.0 -9999.0 -9999.0 -9999.0 -9999.0 -9999.0
-9999.0 -9999.0 -9999.0 -9999.0 -9999.0 -9999.0 -9999.0 -9999.0 -9999.0 -9999.0 -9999.0 -9999.0 -9999.0 0.474621 0.435957 0.479721 0.479743 0.479223 0.179345 0.479905 0.479936 0.479660 0.479762 0.479139 0.478854 0.479833 0.479879 0.168394 0.169161 0.385358 0.111159 0.317071 0.083838 0.068447 0.067779 -9999.0 -9999.0 -9999.0 -9999.0 -9999.0 -9999.0 -9999.0 -9999.0 -9999.0 -9999.0 -9999.0 -9999.0 -9999.0 -9999.0 -9999.0 -9999.0 -9999.0 -9999.0 -9999.0 -9999.0 -9999.0 -9999.0 -9999.0 -9999.0 -9999.0 -9999.0 -9999.0 -9999.0
-9999.0 -9999.0 -9999.0 -9999.0 -9999.0 -9999.0 -9999.0 -9999.0 -9999.0 -9999.0 -9999.0 -9999.0 -9999.0 0.473901 0.457161 0.469433 0.479660 0.479833 0.178653 0.479956 0.477239 0.167394 0.469209 0.478075 0.477601 0.472155 0.170648 0.168611 0.479871 0.107759 0.322773 0.077096 0.065183 0.054767 0.058640 -9999.0 -9999.0 -9999.0 -9999.0 -9999.0 -9999.0 -9999.0 -9999.0 -9999.0 -9999.0 -9999.0 -9999.0 -9999.0 -9999.0 -9999.0 -9999.0 -9999.0 -9999.0 -9999.0 -9999.0 -9999.0 -9999.0 -9999.0 -9999.0 -9999.0 -9999.0 -9999.0 -9999.0
-9999.0 -9999.0 -9999.0 -9999.0 -9999.0 -9999.0 -9999.0 -9999.0 -9999.0 -9999.0 -9999.0 -9999.0 0.474230 0.459790 0.472084 0.479927 0.474439 0.479825 0.479495 0.166386 0.477395 0.475105 0.475516 0.478200 0.479598 0.326708 0.473475 0.478896 0.479882 0.081106 0.332248 0.170706 0.479904 0.169673 -9999.0 -9999.0 -9999.0 -9999.0 -9999.0 -9999.0 -9999.0 -9999.0 -9999.0 -9999.0 -9999.0 -9999.0 -9999.0 -9999.0 -9999.0 -9999.0 -9999.0 -9999.0 -9999.0 -9999.0 -9999.0 -9999.0 -9999.0 -9999.0 -9999.0 -9999.0 -9999.0 -9999.0 -9999.0
-9999.0 -9999.0 -9999.0 -9999.0 -9999.0 -9999.0 -9999.0 -9999.0 -9999.0 -9999.0 -9999.0 0.476236 0.479377 0.473672 0.479879 0.479757 0.166894 0.479830 0.479459 0.166478 0.479601 0.462717 0.478472 0.389626 0.476897 0.479850 0.351093 0.479850 0.477457 0.071194 0.169995 0.479906 0.170256 0.170572 0.171155 0.171704 0.479980 0.479986 0.479987 -9999.0 -9999.0 -9999.0 0.170610 -9999.0 -9999.0 -9999.0 -9999.0 -9999.0 -9999.0 -9999.0 -9999.0 -9999.0 -9999.0 -9999.0 -9999.0 -9999.0 -9999.0 -9999.0 -9999.0 -9999.0 -9999.0 -9999.0 -9999.0
-9999.0 -9999.0 -9999.0 -9999.0 -9999.0 -9999.0 -9999.0 -9999.0 -9999.0 -9999.0 -9999.0 0.479617 0.479033 0.477212 0.476285 0.479464 0.476116 0.479645 0.479509 0.479377 0.474400 0.468905 0.478524 0.476032 0.475933 0.478184 0.479302 0.479851 0.169726 0.167336 0.479872 0.479611 0.479906 0.478632 0.479941 0.479977 0.479991 0.479996 0.478400 0.170995 0.169957 0.172106 0.479945 0.169935 -9999.0 -9999.0 -9999.0 0.473041 0.462892 0.167186 0.443314 0.168358 0.168569 0.244933 0.172807 0.144826 -9999.0 -9999.0 -9999.0 -9999.0 -9999.0 -9999.0 -9999.0
-9999.0 -9999.0 -9999.0 -9999.0 -9999.0 -9999.0 -9999.0 -9999.0 -9999.0 -9999.0 -9999.0 0.479434 0.479491 0.479911 0.479424 0.479868 0.477983 0.478023 0.479553 0.479548 0.479753 0.473082 0.478388 0.479710 0.475625 0.170461 0.479731 0.476817 0.166577 0.477350 0.165057 0.478791 0.479902 0.479932 0.171231 0.479985 0.479996 0.196954 0.176099 0.171864 0.479992 0.479978 0.479959 0.479927 0.479900 -9999.0 0.164888 0.477401 0.456181 0.447224 0.453506 0.178694 0.269530 0.000000 0.000000 0.169159 -9999.0 -9999.0 -9999.0 -9999.0 -9999.0 -9999.0 -9999.0
-9999.0 -9999.0 -9999.0 -9999.0 -9999.0 -9999.0 -9999.0 -9999.0 -9999.0 -9999.0 -9999.0 -9999.0 0.475244 0.479336 0.459599 0.466079 0.471350 0.479896 0.479540 0.479625 0.479744 0.473398 0.464685 0.476903 0.477319 0.478849 0.467593 0.474958 0.479826 0.169984 0.479875 0.477678 0.479913 0.479584 0.428978 0.479982 0.479997 0.133368 0.131434 0.479997 0.479992 0.168964 0.476200 0.478505 0.170808 0.479745 0.167969 0.478079 0.479626 0.479542 0.479392 0.332284 0.460885 0.357790 0.472018 0.472904 0.189542 -9999.0 -9999.0 -9999.0 -9999.0 -9999.0 -9999.0
-9999.0 -9999.0 -9999.0 -9999.0 -9999.0 -9999.0 -9999.0 -9999.0 -9999.0 -9999.0 -9999.0 0.477536 0.336970 0.477136 0.474089 0.474990 0.477113 0.473466 0.478144 0.479978 0.479823 0.466886 0.475792 0.479282 0.479027 0.472491 0.479387 0.475436 0.479801 0.170716 0.479876 0.477749 0.479079 0.478872 0.281439 0.479973 0.160134 0.293373 0.316427 0.424909 0.479989 0.479990 0.479963 0.167681 0.447854 0.479745 0.478719 0.179823 0.179431 0.479937 0.166130 0.351773 0.371349 0.044115 0.021809 0.154680 0.170979 -9999.0 -9999.0 -9999.0 -9999.0 -9999.0 -9999.0
-9999.0 -9999.0 -9999.0 -9999.0 -9999.0 -9999.0 -9999.0 -9999.0 -9999.0 -9999.0 0.474216 0.455179 0.453992 0.479691 0.425928 0.475838 0.479879 0.478812 0.479857 0.479930 0.478360 0.478700 0.469439 0.454099 0.429877 0.479020 0.476174 0.169804 0.474895 0.475156 0.477217 0.479882 0.476243 0.340065 0.058750 0.170916 0.479986 0.479996 0.479995 0.479991 0.479991 0.179970 0.179328 0.468908 0.478678 0.170763 0.478382 0.477042 0.474742 0.479464 0.166214 0.137491 0.019605 0.143181 0.148963 0.106571 0.161287 -9999.0 -9999.0 -9999.0 -9999.0 -9999.0 -9999.0
-9999.0 -9999.0 -9999.0 -9999.0 -9999.0 -9999.0 -9999.0 -9999.0 -9999.0 0.475482 0.476524 0.470507 0.471758 0.469172 0.466763 0.479552 0.477980 0.463868 0.479885 0.479967 0.478909 0.452908 0.444523 0.444993 0.479014 0.476436 0.479874 0.471092 0.424542 0.464151 0.478722 0.476328 0.058983 0.119536 0.171264 0.170741 0.479093 0.479972 0.477547 0.478094 0.479994 0.479964 0.479955 0.479985 0.474435 0.465257 0.338117 0.479751 0.479710 0.479705 0.479765 0.170001 0.123352 0.169833 0.169754 0.457667 0.293022 0.000000 0.095050 -9999.0 -9999.0 -9999.0 -9999.0
-9999.0 -9999.0 -9999.0 -9999.0 -9999.0 -9999.0 -9999.0 -9999.0 -9999.0 0.475665 0.479380 0.475716 0.428421 0.470091 0.389564 0.456996 0.273620 0.467933 0.479939 0.479029 0.479070 0.479132 0.479644 0.476094 0.475709 0.479342 0.466912 0.446203 0.477957 0.479720 0.479921 0.477131 0.479863 0.478503 0.479873 0.169657 0.171160 0.171038 0.477219 0.476665 0.359441 0.329905 0.479771 0.473270 0.479976 0.479962 0.479960 0.479507 0.447713 0.479775 0.478984 0.478069 0.170160 0.477784 0.171310 0.474597 0.303811 0.304806 0.000000 -9999.0 -9999.0 -9999.0 -9999.0
-9999.0 -9999.0 -9999.0 -9999.0 -9999.0 -9999.0 -9999.0 -9999.0 -9999.0 -9999.0 0.474853 0.476647 0.478843 0.472967 0.468480 0.434680 0.468169 0.465435 0.467025 0.479953 0.479649 0.479866 0.475532 0.472126 0.478363 0.445387 0.467036 0.479896 0.479870 0.387869 0.337140 0.479344 0.292620 0.474807 0.479897 0.478261 0.479284 0.479881 0.171159 0.476283 0.356623 0.479859 0.479914 0.479809 0.479948 0.479981 0.472441 0.479877 0.479947 0.477821 0.477220 0.468251 0.169594 0.169921 0.462050 0.477836 0.469293 0.424456 0.351480 0.285094 -9999.0 -9999.0 -9999.0
-9999.0 -9999.0 -9999.0 -9999.0 -9999.0 -9999.0 -9999.0 -9999.0 -9999.0 -9999.0 0.476519 0.476213 0.475950 0.476196 0.462423 0.476923 0.473817 0.479864 0.479909 0.479866 0.479918 0.461133 0.212504 0.459239 0.443980 0.479574 0.479936 0.479555 0.479631 0.333388 0.327974 0.479395 0.169676 0.351275 0.337116 0.475859 0.479832 0.474763 0.479222 0.475419 0.479732 0.169380 0.473782 0.328372 0.474784 0.475544 0.478423 0.479941 0.465506 0.479952 0.473105 0.427398 0.435569 0.173063 0.169607 0.135876 0.475636 0.256786 0.464124 0.477011 -9999.0 -9999.0 -9999.0
-9999.0 -9999.0 -9999.0 -9999.0 -9999.0 -9999.0 -9999.0 -9999.0 0.450751 0.438115 0.479125 0.477949 0.452769 0.471121 0.475738 0.479904 0.479934 0.479761 0.479597 0.479608 0.479925 0.479975 0.479952 0.470956 0.457304 0.479943 0.479236 0.479705 0.479473 0.479835 0.068132 0.476194 0.479817 0.479830 0.479664 0.335469 0.479027 0.479851 0.479181 0.169259 0.167638 0.370047 0.046450 0.135549 0.179695 0.460939 0.319929 0.340524 0.472072 0.479938 0.478027 0.370615 0.347505 0.473560 0.084094 0.016173 0.000000 0.294020 0.478646 0.454637 -9999.0 -9999.0 -9999.0
-9999.0 -9999.0 -9999.0 -9999.0 -9999.0 -9999.0 -9999.0 -9999.0 0.149545 0.401230 0.479739 0.274015 0.479788 0.475366 0.460967 0.472267 0.479807 0.479798 0.479895 0.479610 0.397283 0.479293 0.479924 0.479856 0.479980 0.479954 0.479835 0.479583 0.167351 0.479634 0.479611 0.170770 0.479567 0.169109 0.476599 0.476510 0.479061 0.479215 0.478885 0.478206 0.330891 0.319889 0.144948 0.466465 0.476747 0.456256 0.167395 0.478286 0.479689 0.472439 0.479945 0.466580 0.373721 0.040210 0.438398 0.149185 0.278356 0.457443 0.474880 0.370076 0.316660 -9999.0 -9999.0
-9999.0 -9999.0 -9999.0 -9999.0 -9999.0 -9999.0 -9999.0 -9999.0 0.427072 0.473918 0.411716 0.477274 0.478203 0.165280 0.310018 0.458644 0.479906 0.479625 0.479898 0.479670 0.478767 0.474867 0.479169 0.479689 0.479272 0.479928 0.473359 0.479728 0.170321 0.479835 0.170712 0.477369 0.479832 0.479814 0.465711 0.457279 0.476742 0.478402 0.479737 0.479569 0.479582 0.169845 0.467012 0.474671 0.474430 0.475055 0.170084 0.443524 0.477768 0.471144 0.479758 0.479601 0.365080 0.471045 0.449078 0.474145 0.479935 0.474214 0.474187 0.472182 0.395255 -9999.0 -9999.0
-9999.0 -9999.0 -9999.0 -9999.0 -9999.0 -9999.0 -9999.0 -9999.0 0.167299 0.477799 0.462897 0.167275 0.388906 0.349937 0.373071 0.472756 0.478354 0.479881 0.479960 0.479876 0.479578 0.478753 0.479189 0.479130 0.479738 0.479166 0.472963 0.479673 0.467871 0.454285 0.479696 0.479548 0.384372 0.466857 0.479784 0.478404 0.479163 0.466212 0.478587 0.479732 0.471237 0.453793 0.452631 0.179778 0.459596 0.179288 0.392275 0.179534 0.428597 0.466162 0.474636 0.479684 0.479639 0.445665 0.479925 0.474566 0.474685 0.452339 0.421656 0.431157 0.454227 0.472300 -9999.0
-9999.0 -9999.0 -9999.0 -9999.0 -9999.0 -9999.0 -9999.0 -9999.0 0.476066 0.476135 0.460958 0.391423 0.426887 0.457992 0.454267 0.479898 0.479907 0.479936 0.479745 0.479474 0.479903 0.478637 0.478802 0.478995 0.476921 0.443973 0.477187 0.451806 0.383537 0.461318 0.474145 0.470287 0.473510 0.473238 0.479710 0.470730 0.462984 0.456852 0.462887 0.476348 0.479044 0.462113 0.441011 0.451742 0.479806 0.443044 0.467831 0.466490 0.387639 0.479775 0.479908 0.459725 0.479397 0.475776 0.476091 0.475451 0.472820 0.472710 0.455564 0.454391 0.459903 0.479453 -9999.0
-9999.0 -9999.0 0.479741 0.478439 0.472116 0.479496 0.446472 0.479552 0.478835 0.476799 0.476690 0.469191 0.458373 0.455759 0.478457 0.479858 0.471968 0.477862 0.476792 0.479605 0.479498 0.465898 0.478675 0.448927 0.479834 0.479687 0.425918 0.466666 0.472595 0.467230 0.396067 0.450164 0.476023 0.467938 0.471159 0.456278 0.478736 0.471116 0.457522 0.469543 0.471565 0.457589 0.477279 0.457768 0.456174 0.462669 0.479819 0.473860 0.479951 0.473694 0.472286 0.473828 0.466832 0.473201 0.476705 0.442716 0.453375 0.455208 0.457826 0.461602 0.478409 0.470316 -9999.0
-9999.0 0.456750 0.457775 0.439043 0.471597 0.428144 0.463495 0.478020 0.476429 0.477690 0.448959 0.459799 0.456183 0.411503 0.473313 0.468379 0.474096 0.478151 0.458009 0.479396 0.479587 0.479871 0.478961 0.479606 0.376288 0.479872 0.479306 0.479579 0.456735 0.479749 0.479678 0.478302 0.479279 0.479164 0.479706 0.479435 0.479305 0.479356 0.479255 0.479577 0.479595 0.479810 0.479829 0.474825 0.479620 0.479862 0.475187 0.455277 0.471862 0.450124 0.475128 0.475234 0.455182 0.456440 0.456615 0.461224 0.477215 0.472976 0.479213 0.477226 0.377843 0.415516 -9999.0
-9999.0 0.472716 0.471980 0.461890 0.390036 0.472490 0.465523 0.479769 0.479377 0.479590 0.475028 0.428505 0.455968 0.468235 0.470715 0.476482 0.479389 0.478192 0.457311 0.471063 0.477214 0.479850 0.479778 0.462668 0.479785 0.478801 0.479576 0.478378 0.478361 0.479633 0.479660 0.479693 0.473220 0.479452 0.347361 0.141752 0.029500 0.000000 0.000000 0.006911 0.155138 0.419555 0.473342 0.479530 0.463207 0.478378 0.290346 0.342542 0.476047 0.475785 0.455871 0.463358 0.473063 0.460017 0.472838 0.479440 0.479432 0.476569 0.454808 0.218714 0.183339 -9999.0 -9999.0
-9999.0 0.449528 0.479812 0.474536 0.479831 0.435035 0.420829 0.431365 0.451884 0.417388 0.351860 0.456951 0.470714 0.474418 0.438432 0.458077 0.478921 0.441173 0.478931 0.471409 0.470569 0.470808 0.479467 0.478126 0.479571 0.479312 0.479373 0.479406 0.479416 0.479414 0.479431 0.478312 0.478233 0.478099 0.476948 0.287438 0.042037 0.070663 0.000000 0.000041 0.024662 0.088240 0.154690 0.213183 0.359925 0.429345 0.477370 0.479022 0.456667 0.462628 0.472650 0.479419 0.476448 0.479168 0.479091 0.362324 0.309100 0.247716 0.218261 -9999.0 -9999.0 -9999.0 -9999.0
