user2019/resources/simulation/Vinschgau/output-maps/thetaliqL0004N0931.asc
ncols         63
nrows         48
xllcorner     598000.000000
yllcorner     5145000.000000
cellsize      1000.000000
NODATA_value  -9999.0
[rows 0 to 28 of 48, columns 0 to 62 of 63]
-9999.0 -9999.0 -9999.0 -9999.0 -9999.0 -9999.0 -9999.0 -9999.0 -9999.0 -9999.0 -9999.0 -9999.0 -9999.0 -9999.0 -9999.0 -9999.0 -9999.0 -9999.0 -9999.0 -9999.0 -9999.0 -9999.0 -9999.0 -9999.0 -9999.0 -9999.0 -9999.0 -9999.0 -9999.0 -9999.0 -9999.0 -9999.0 -9999.0 -9999.0 -9999.0 -9999.0 -9999.0 -9999.0 -9999.0 -9999.0 -9999.0 -9999.0 -9999.0 -9999.0 -9999.0 -9999.0 -9999.0 -9999.0 -9999.0 -9999.0 -9999.0 -9999.0 -9999.0 -9999.0 -9999.0 -9999.0 -9999.0 -9999.0 -9999.0 -9999.0 -9999.0 -9999.0 -9999.0
-9999.0 -9999.0 -9999.0 -9999.0 -9999.0 -9999.0 -9999.0 -9999.0 -9999.0 -9999.0 -9999.0 -9999.0 -9999.0 -9999.0 -9999.0 -9999.0 -9999.0 -9999.0 -9999.0 -9999.0 -9999.0 -9999.0 -9999.0 -9999.0 -9999.0 -9999.0 -9999.0 0.020026 0.040013 0.020031 0.040011 0.040009 0.040008 -9999.0 -9999.0 -9999.0 -9999.0 -9999.0 -9999.0 -9999.0 -9999.0 -9999.0 -9999.0 -9999.0 -9999.0 -9999.0 -9999.0 -9999.0 -9999.0 -9999.0 -9999.0 -9999.0 -9999.0 -9999.0 -9999.0 -9999.0 -9999.0 -9999.0 -9999.0 -9999.0 -9999.0 -9999.0 -9999.0
-9999.0 -9999.0 -9999.0 -9999.0 -9999.0 -9999.0 -9999.0 -9999.0 -9999.0 -9999.0 -9999.0 -9999.0 -9999.0 -9999.0 -9999.0 -9999.0 -9999.0 -9999.0 -9999.0 -9999.0 -9999.0 -9999.0 -9999.0 -9999.0 0.040017 0.040019 0.040016 0.040017 0.040016 0.040012 0.040010 -9999.0 -9999.0 -9999.0 -9999.0 -9999.0 -9999.0 -9999.0 -9999.0 -9999.0 -9999.0 -9999.0 -9999.0 -9999.0 -9999.0 -9999.0 -9999.0 -9999.0 -9999.0 -9999.0 -9999.0 -9999.0 -9999.0 -9999.0 -9999.0 -9999.0 -9999.0 -9999.0 -9999.0 -9999.0 -9999.0 -9999.0 -9999.0
-9999.0 -9999.0 -9999.0 -9999.0 -9999.0 -9999.0 -9999.0 -9999.0 -9999.0 -9999.0 -9999.0 -9999.0 -9999.0 -9999.0 -9999.0 -9999.0 -9999.0 -9999.0 -9999.0 -9999.0 -9999.0 -9999.0 -9999.0 0.040019 0.040039 0.225787 0.248146 0.105069 0.392381 0.040022 0.040010 0.040009 -9999.0 -9999.0 -9999.0 -9999.0 -9999.0 -9999.0 -9999.0 -9999.0 -9999.0 -9999.0 -9999.0 -9999.0 -9999.0 -9999.0 -9999.0 -9999.0 -9999.0 -9999.0 -9999.0 -9999.0 -9999.0 -9999.0 -9999.0 -9999.0 -9999.0 -9999.0 -9999.0 -9999.0 -9999.0 -9999.0 -9999.0
-9999.0 -9999.0 -9999.0 -9999.0 -9999.0 -9999.0 -9999.0 -9999.0 -9999.0 -9999.0 -9999.0 -9999.0 -9999.0 -9999.0 -9999.0 -9999.0 -9999.0 -9999.0 0.097766 0.040027 -9999.0 0.040023 0.040035 0.120611 0.307335 0.102505 0.108169 0.093868 0.436494 0.062727 0.040019 0.040011 0.020022 0.020017 -9999.0 -9999.0 -9999.0 -9999.0 -9999.0 -9999.0 -9999.0 -9999.0 -9999.0 -9999.0 -9999.0 -9999.0 -9999.0 -9999.0 -9999.0 -9999.0 -9999.0 -9999.0 -9999.0 -9999.0 -9999.0 -9999.0 -9999.0 -9999.0 -9999.0 -9999.0 -9999.0 -9999.0 -9999.0
-9999.0 -9999.0 -9999.0 -9999.0 -9999.0 -9999.0 -9999.0 -9999.0 -9999.0 -9999.0 -9999.0 -9999.0 -9999.0 -9999.0 -9999.0 -9999.0 -9999.0 0.108839 0.158017 0.041698 0.020046 0.048445 0.062913 0.099765 0.173024 0.091175 0.041012 0.051491 0.047074 0.121536 0.040065 0.040020 0.020032 0.020027 0.020020 0.020017 -9999.0 -9999.0 -9999.0 -9999.0 -9999.0 -9999.0 -9999.0 -9999.0 -9999.0 -9999.0 -9999.0 -9999.0 -9999.0 -9999.0 -9999.0 -9999.0 -9999.0 -9999.0 -9999.0 -9999.0 -9999.0 -9999.0 -9999.0 -9999.0 -9999.0 -9999.0 -9999.0
-9999.0 -9999.0 -9999.0 -9999.0 -9999.0 -9999.0 -9999.0 -9999.0 -9999.0 -9999.0 -9999.0 -9999.0 -9999.0 0.040055 0.135444 0.180576 0.098532 0.023254 0.114086 0.149000 0.260387 0.263972 0.301483 0.149062 0.081201 0.040035 0.020062 0.040121 0.040097 0.045784 0.040051 0.040015 0.040015 0.040008 0.020023 0.020017 -9999.0 -9999.0 -9999.0 -9999.0 -9999.0 -9999.0 -9999.0 -9999.0 -9999.0 -9999.0 -9999.0 -9999.0 -9999.0 -9999.0 -9999.0 -9999.0 -9999.0 -9999.0 -9999.0 -9999.0 -9999.0 -9999.0 -9999.0 -9999.0 -9999.0 -9999.0 -9999.0
-9999.0 -9999.0 -9999.0 -9999.0 -9999.0 -9999.0 -9999.0 -9999.0 -9999.0 -9999.0 -9999.0 -9999.0 -9999.0 0.046368 0.292717 0.159071 0.111040 0.344068 0.023249 0.203130 0.099104 0.329605 0.310470 0.370861 0.042060 0.041312 0.040013 0.020029 0.020024 0.040048 0.040081 0.040012 0.020023 0.020015 0.020019 -9999.0 -9999.0 -9999.0 -9999.0 -9999.0 -9999.0 -9999.0 -9999.0 -9999.0 -9999.0 -9999.0 -9999.0 -9999.0 -9999.0 -9999.0 -9999.0 -9999.0 -9999.0 -9999.0 -9999.0 -9999.0 -9999.0 -9999.0 -9999.0 -9999.0 -9999.0 -9999.0 -9999.0
-9999.0 -9999.0 -9999.0 -9999.0 -9999.0 -9999.0 -9999.0 -9999.0 -9999.0 -9999.0 -9999.0 -9999.0 -9999.0 0.259866 0.520000 0.228435 0.151769 0.122626 0.023238 0.109080 0.387326 0.025289 0.060225 0.054945 0.094923 0.079182 0.020036 0.020023 0.040008 0.020017 0.040010 0.020014 0.020013 0.020011 0.020016 -9999.0 -9999.0 -9999.0 -9999.0 -9999.0 -9999.0 -9999.0 -9999.0 -9999.0 -9999.0 -9999.0 -9999.0 -9999.0 -9999.0 -9999.0 -9999.0 -9999.0 -9999.0 -9999.0 -9999.0 -9999.0 -9999.0 -9999.0 -9999.0 -9999.0 -9999.0 -9999.0 -9999.0
-9999.0 -9999.0 -9999.0 -9999.0 -9999.0 -9999.0 -9999.0 -9999.0 -9999.0 -9999.0 -9999.0 -9999.0 0.110031 0.052320 0.305940 0.312011 0.273089 0.178500 0.312044 0.048626 0.278049 0.044651 0.040072 0.040412 0.040048 0.040013 0.040019 0.040009 0.040016 0.020021 0.040004 0.020021 0.040008 0.020015 -9999.0 -9999.0 -9999.0 -9999.0 -9999.0 -9999.0 -9999.0 -9999.0 -9999.0 -9999.0 -9999.0 -9999.0 -9999.0 -9999.0 -9999.0 -9999.0 -9999.0 -9999.0 -9999.0 -9999.0 -9999.0 -9999.0 -9999.0 -9999.0 -9999.0 -9999.0 -9999.0 -9999.0 -9999.0
-9999.0 -9999.0 -9999.0 -9999.0 -9999.0 -9999.0 -9999.0 -9999.0 -9999.0 -9999.0 -9999.0 0.040114 0.419747 0.520000 0.329727 0.049884 0.058268 0.194670 0.487729 0.176407 0.141050 0.284656 0.040029 0.040015 0.042247 0.040017 0.040009 0.040012 0.040010 0.020018 0.020021 0.040016 0.020024 0.020018 0.020020 0.020025 0.040009 0.040011 0.040017 -9999.0 -9999.0 -9999.0 0.020018 -9999.0 -9999.0 -9999.0 -9999.0 -9999.0 -9999.0 -9999.0 -9999.0 -9999.0 -9999.0 -9999.0 -9999.0 -9999.0 -9999.0 -9999.0 -9999.0 -9999.0 -9999.0 -9999.0 -9999.0
-9999.0 -9999.0 -9999.0 -9999.0 -9999.0 -9999.0 -9999.0 -9999.0 -9999.0 -9999.0 -9999.0 0.040047 0.364453 0.344532 0.251758 0.040074 0.165444 0.136369 0.339314 0.379184 0.434637 0.046700 0.040025 0.040022 0.040036 0.040013 0.040011 0.040018 0.020031 0.020019 0.040012 0.040013 0.040008 0.040007 0.040006 0.040012 0.040023 0.040023 0.040016 0.020019 0.020019 0.020018 0.040011 0.020022 -9999.0 -9999.0 -9999.0 0.040004 0.040006 0.020021 0.040007 0.020018 0.020018 0.040005 0.040005 0.020016 -9999.0 -9999.0 -9999.0 -9999.0 -9999.0 -9999.0 -9999.0
-9999.0 -9999.0 -9999.0 -9999.0 -9999.0 -9999.0 -9999.0 -9999.0 -9999.0 -9999.0 -9999.0 0.040029 0.040046 0.040807 0.047137 0.044996 0.398762 0.207386 0.348484 0.337810 0.315652 0.072982 0.040046 0.040017 0.040013 0.020027 0.040038 0.040016 0.020026 0.040006 0.020024 0.040013 0.040019 0.040008 0.020022 0.040020 0.040018 0.040026 0.040031 0.020024 0.040014 0.040009 0.040019 0.040013 0.040007 -9999.0 0.020016 0.040007 0.040011 0.040016 0.040018 0.020034 0.040013 0.040011 0.040010 0.040008 -9999.0 -9999.0 -9999.0 -9999.0 -9999.0 -9999.0 -9999.0
-9999.0 -9999.0 -9999.0 -9999.0 -9999.0 -9999.0 -9999.0 -9999.0 -9999.0 -9999.0 -9999.0 -9999.0 0.040075 0.040935 0.040264 0.040823 0.300750 0.192203 0.378125 0.360373 0.276844 0.089000 0.041750 0.040076 0.040018 0.040034 0.040023 0.040016 0.040010 0.020023 0.040011 0.040014 0.040018 0.040010 0.040008 0.040014 0.040039 0.040029 0.047808 0.040020 0.040026 0.020035 0.040067 0.040018 0.020024 0.040007 0.020020 0.040008 0.040019 0.040060 0.040273 0.040015 0.040023 0.040012 0.040016 0.040011 0.040008 -9999.0 -9999.0 -9999.0 -9999.0 -9999.0 -9999.0
-9999.0 -9999.0 -9999.0 -9999.0 -9999.0 -9999.0 -9999.0 -9999.0 -9999.0 -9999.0 -9999.0 0.040096 0.040019 0.040050 0.040338 0.062747 0.162557 0.282649 0.386663 0.207522 0.225589 0.266182 0.040292 0.040036 0.040039 0.040152 0.040116 0.040010 0.040009 0.020029 0.040035 0.040020 0.040018 0.040010 0.040006 0.040012 0.040013 0.040065 0.064620 0.040059 0.040063 0.048060 0.040173 0.020092 0.040039 0.040010 0.040014 0.020029 0.020035 0.040671 0.020035 0.040011 0.040007 0.020019 0.020017 0.020015 0.020022 -9999.0 -9999.0 -9999.0 -9999.0 -9999.0 -9999.0
-9999.0 -9999.0 -9999.0 -9999.0 -9999.0 -9999.0 -9999.0 -9999.0 -9999.0 -9999.0 0.040031 0.040243 0.040025 0.040026 0.040133 0.040110 0.040107 0.122253 0.162072 0.217826 0.428018 0.309878 0.040177 0.040083 0.047460 0.040046 0.040025 0.020029 0.040017 0.040024 0.040027 0.040026 0.040026 0.040010 0.020017 0.020024 0.040019 0.040049 0.044563 0.093032 0.097217 0.081574 0.175159 0.418495 0.040809 0.020030 0.040015 0.040081 0.040160 0.047924 0.020021 0.020020 0.020016 0.020014 0.020014 0.040010 0.040010 -9999.0 -9999.0 -9999.0 -9999.0 -9999.0 -9999.0
-9999.0 -9999.0 -9999.0 -9999.0 -9999.0 -9999.0 -9999.0 -9999.0 -9999.0 0.040014 0.040036 0.040027 0.040074 0.040101 0.040212 0.040200 0.040441 0.052124 0.167013 0.163129 0.396667 0.206897 0.197706 0.104582 0.077400 0.040056 0.040017 0.040017 0.040265 0.052793 0.081602 0.040047 0.020025 0.020014 0.020019 0.020024 0.040021 0.040033 0.040043 0.040218 0.042028 0.040596 0.040230 0.254864 0.331775 0.040464 0.040266 0.040054 0.040055 0.085605 0.040026 0.020022 0.020013 0.020015 0.020019 0.040007 0.040008 0.020023 0.020020 -9999.0 -9999.0 -9999.0 -9999.0
-9999.0 -9999.0 -9999.0 -9999.0 -9999.0 -9999.0 -9999.0 -9999.0 -9999.0 0.040009 0.040013 0.040025 0.040145 0.058983 0.040339 0.040097 0.040146 0.129499 0.155347 0.303599 0.336467 0.269620 0.447631 0.051376 0.040083 0.040030 0.040111 0.046272 0.122282 0.052935 0.040379 0.040036 0.040014 0.040008 0.040011 0.020024 0.020026 0.020033 0.040013 0.040019 0.040084 0.040026 0.040136 0.206422 0.315310 0.398521 0.433271 0.097786 0.056798 0.089322 0.040022 0.040008 0.020016 0.040005 0.020021 0.040005 0.040009 0.040011 0.020028 -9999.0 -9999.0 -9999.0 -9999.0
-9999.0 -9999.0 -9999.0 -9999.0 -9999.0 -9999.0 -9999.0 -9999.0 -9999.0 -9999.0 0.040011 0.040016 0.042088 0.040233 0.067551 0.040466 0.055042 0.409122 0.146352 0.265481 0.372764 0.148061 0.086129 0.040721 0.040038 0.041291 0.086119 0.367875 0.040286 0.040050 0.040038 0.040017 0.040012 0.040009 0.040018 0.040015 0.040018 0.040035 0.020026 0.040012 0.040010 0.040021 0.040061 0.040559 0.104513 0.146605 0.304749 0.454288 0.428543 0.083707 0.040041 0.040010 0.020019 0.020017 0.040005 0.040007 0.040016 0.040040 0.040036 0.042036 -9999.0 -9999.0 -9999.0
-9999.0 -9999.0 -9999.0 -9999.0 -9999.0 -9999.0 -9999.0 -9999.0 -9999.0 -9999.0 0.040010 0.040015 0.040023 0.047161 0.135499 0.204247 0.120558 0.200321 0.166806 0.119622 0.124657 0.191799 0.072360 0.040162 0.041266 0.133620 0.520000 0.104213 0.040066 0.040013 0.040012 0.040024 0.020024 0.040007 0.040012 0.040025 0.040046 0.040158 0.040024 0.040009 0.040013 0.020038 0.040065 0.040021 0.040058 0.040419 0.049621 0.105485 0.272253 0.516437 0.066284 0.040025 0.040011 0.020020 0.020016 0.020017 0.040007 0.040052 0.520000 0.520000 -9999.0 -9999.0 -9999.0
-9999.0 -9999.0 -9999.0 -9999.0 -9999.0 -9999.0 -9999.0 -9999.0 0.040018 0.040011 0.040009 0.040019 0.040018 0.040084 0.049519 0.362230 0.156030 0.256937 0.223837 0.097270 0.097236 0.131625 0.152301 0.187401 0.094349 0.454777 0.123873 0.040119 0.040030 0.040013 0.020016 0.040012 0.040012 0.040008 0.040014 0.040013 0.040155 0.040087 0.040026 0.020024 0.020029 0.040018 0.020035 0.020025 0.020036 0.040034 0.040029 0.040125 0.112361 0.516887 0.089914 0.040139 0.040009 0.040007 0.020018 0.040009 0.020024 0.040058 0.118093 0.490926 -9999.0 -9999.0 -9999.0
-9999.0 -9999.0 -9999.0 -9999.0 -9999.0 -9999.0 -9999.0 -9999.0 0.020037 0.040039 0.040016 0.040009 0.040013 0.040023 0.040099 0.145815 0.218522 0.183986 0.086924 0.095487 0.311167 0.274586 0.272639 0.269662 0.149461 0.278061 0.407165 0.040255 0.020023 0.040009 0.040008 0.020025 0.040014 0.020026 0.040017 0.040022 0.040203 0.041122 0.040112 0.040018 0.040011 0.020019 0.020027 0.040019 0.040019 0.040053 0.020032 0.040017 0.040289 0.352649 0.513991 0.040227 0.040009 0.040008 0.040014 0.020035 0.040049 0.049197 0.495003 0.447397 0.115912 -9999.0 -9999.0
-9999.0 -9999.0 -9999.0 -9999.0 -9999.0 -9999.0 -9999.0 -9999.0 0.040012 0.040015 0.040019 0.040012 0.040011 0.020037 0.040071 0.040121 0.223312 0.283619 0.105912 0.287025 0.092767 0.211516 0.244662 0.137604 0.295541 0.212164 0.385642 0.040070 0.020026 0.040012 0.020028 0.040017 0.040023 0.040028 0.040029 0.040033 0.056879 0.511854 0.068162 0.040072 0.040017 0.020029 0.040018 0.040014 0.040033 0.040017 0.020024 0.040012 0.040021 0.098511 0.399684 0.087030 0.040011 0.040009 0.040024 0.040072 0.401442 0.498267 0.365971 0.510571 0.351906 -9999.0 -9999.0
-9999.0 -9999.0 -9999.0 -9999.0 -9999.0 -9999.0 -9999.0 -9999.0 0.020021 0.040019 0.040122 0.020022 0.040015 0.040041 0.040410 0.375797 0.117147 0.117920 0.338801 0.099642 0.106784 0.111461 0.223256 0.152687 0.163290 0.286182 0.050527 0.040037 0.040023 0.040085 0.040055 0.040141 0.051688 0.040187 0.040346 0.040054 0.057373 0.218200 0.433216 0.041820 0.040023 0.040017 0.040019 0.020036 0.040013 0.020029 0.040018 0.020034 0.040014 0.040046 0.108082 0.433166 0.089116 0.040042 0.100226 0.520000 0.464531 0.422438 0.274577 0.357946 0.358053 0.297250 -9999.0
-9999.0 -9999.0 -9999.0 -9999.0 -9999.0 -9999.0 -9999.0 -9999.0 0.040006 0.040016 0.040028 0.040051 0.040267 0.043685 0.055190 0.496392 0.489367 0.227011 0.277863 0.184050 0.131813 0.144062 0.115806 0.114226 0.330224 0.168767 0.040080 0.041093 0.070375 0.040373 0.040445 0.084183 0.520000 0.287539 0.087735 0.316240 0.365694 0.173823 0.151000 0.488130 0.098871 0.078038 0.063944 0.052534 0.040049 0.040036 0.040221 0.044715 0.040171 0.081343 0.466306 0.275871 0.383157 0.428865 0.520000 0.520000 0.520000 0.422875 0.401948 0.353107 0.243743 0.307189 -9999.0
-9999.0 -9999.0 0.040014 0.040017 0.040013 0.040027 0.040015 0.040018 0.040009 0.040012 0.040041 0.041303 0.045221 0.041089 0.421077 0.520000 0.093492 0.040072 0.040116 0.190471 0.181779 0.179426 0.393003 0.089462 0.139761 0.189628 0.130806 0.228931 0.325814 0.212150 0.089922 0.342226 0.520000 0.271574 0.393436 0.198489 0.294577 0.141577 0.118239 0.159624 0.339883 0.401889 0.286335 0.422691 0.151053 0.083142 0.477466 0.369205 0.377378 0.378988 0.310505 0.303189 0.447285 0.483935 0.520000 0.520000 0.496560 0.407311 0.409745 0.293918 0.435218 0.320582 -9999.0
-9999.0 0.040105 0.040059 0.040045 0.040029 0.040056 0.040015 0.040015 0.040011 0.040009 0.040022 0.040112 0.055578 0.040589 0.084615 0.040406 0.040039 0.040023 0.040056 0.101607 0.187014 0.207758 0.520000 0.295604 0.173037 0.148860 0.251701 0.298497 0.316165 0.394081 0.272912 0.318100 0.406217 0.391072 0.261597 0.248498 0.183318 0.097769 0.259898 0.270767 0.238120 0.273672 0.298246 0.179235 0.181684 0.175103 0.345578 0.163534 0.254443 0.246895 0.351076 0.418975 0.502417 0.520000 0.520000 0.520000 0.463900 0.428912 0.520000 0.090873 0.393097 0.324766 -9999.0
-9999.0 0.040042 0.040071 0.040114 0.040246 0.040052 0.040027 0.040013 0.040009 0.040008 0.040018 0.040070 0.156328 0.088749 0.043759 0.040013 0.040016 0.040020 0.040261 0.071232 0.109552 0.372752 0.301758 0.520000 0.435475 0.284856 0.085737 0.096557 0.267559 0.134389 0.094861 0.107727 0.341107 0.335756 0.348010 0.256736 0.299833 0.262589 0.202085 0.172803 0.208095 0.251251 0.228812 0.117164 0.079969 0.093150 0.225403 0.282139 0.300370 0.330482 0.371768 0.342683 0.414007 0.520000 0.485582 0.057541 0.041470 0.048879 0.063363 0.043805 0.065423 -9999.0 -9999.0
-9999.0 0.040022 0.040049 0.040871 0.472109 0.045459 0.040304 0.040047 0.040022 0.040024 0.040043 0.077151 0.358258 0.050422 0.040055 0.040010 0.040013 0.040028 0.040049 0.049551 0.042925 0.066778 0.224844 0.472602 0.469826 0.350087 0.347964 0.341107 0.117658 0.256867 0.087714 0.082421 0.302862 0.305957 0.259271 0.201189 0.206095 0.248370 0.180259 0.170087 0.173778 0.278212 0.220855 0.078610 0.078679 0.262865 0.265827 0.324949 0.357068 0.255485 0.388401 0.050261 0.069404 0.040246 0.041034 0.040094 0.040092 0.040049 0.040062 -9999.0 -9999.0 -9999.0 -9999.0
