user2019/resources/simulation/Vinschgau/output-maps/thetaliqL0007N1106.asc
ncols         63
nrows         48
xllcorner     598000.000000
yllcorner     5145000.000000
cellsize      1000.000000
NODATA_value  -9999.0
[rows 0 to 28 of 48, columns 0 to 62 of 63]
-9999.0 -9999.0 -9999.0 -9999.0 -9999.0 -9999.0 -9999.0 -9999.0 -9999.0 -9999.0 -9999.0 -9999.0 -9999.0 -9999.0 -9999.0 -9999.0 -9999.0 -9999.0 -9999.0 -9999.0 -9999.0 -9999.0 -9999.0 -9999.0 -9999.0 -9999.0 -9999.0 -9999.0 -9999.0 -9999.0 -9999.0 -9999.0 -9999.0 -9999.0 -9999.0 -9999.0 -9999.0 -9999.0 -9999.0 -9999.0 -9999.0 -9999.0 -9999.0 -9999.0 -9999.0 -9999.0 -9999.0 -9999.0 -9999.0 -9999.0 -9999.0 -9999.0 -9999.0 -9999.0 -9999.0 -9999.0 -9999.0 -9999.0 -9999.0 -9999.0 -9999.0 -9999.0 -9999.0
-9999.0 -9999.0 -9999.0 -9999.0 -9999.0 -9999.0 -9999.0 -9999.0 -9999.0 -9999.0 -9999.0 -9999.0 -9999.0 -9999.0 -9999.0 -9999.0 -9999.0 -9999.0 -9999.0 -9999.0 -9999.0 -9999.0 -9999.0 -9999.0 -9999.0 -9999.0 -9999.0 0.021582 0.020833 0.020838 0.020131 0.020173 0.020084 -9999.0 -9999.0 -9999.0 -9999.0 -9999.0 -9999.0 -9999.0 -9999.0 -9999.0 -9999.0 -9999.0 -9999.0 -9999.0 -9999.0 -9999.0 -9999.0 -9999.0 -9999.0 -9999.0 -9999.0 -9999.0 -9999.0 -9999.0 -9999.0 -9999.0 -9999.0 -9999.0 -9999.0 -9999.0 -9999.0
-9999.0 -9999.0 -9999.0 -9999.0 -9999.0 -9999.0 -9999.0 -9999.0 -9999.0 -9999.0 -9999.0 -9999.0 -9999.0 -9999.0 -9999.0 -9999.0 -9999.0 -9999.0 -9999.0 -9999.0 -9999.0 -9999.0 -9999.0 -9999.0 0.021633 0.021964 0.021630 0.022040 0.020816 0.020472 0.020472 -9999.0 -9999.0 -9999.0 -9999.0 -9999.0 -9999.0 -9999.0 -9999.0 -9999.0 -9999.0 -9999.0 -9999.0 -9999.0 -9999.0 -9999.0 -9999.0 -9999.0 -9999.0 -9999.0 -9999.0 -9999.0 -9999.0 -9999.0 -9999.0 -9999.0 -9999.0 -9999.0 -9999.0 -9999.0 -9999.0 -9999.0 -9999.0
-9999.0 -9999.0 -9999.0 -9999.0 -9999.0 -9999.0 -9999.0 -9999.0 -9999.0 -9999.0 -9999.0 -9999.0 -9999.0 -9999.0 -9999.0 -9999.0 -9999.0 -9999.0 -9999.0 -9999.0 -9999.0 -9999.0 -9999.0 0.022453 0.022776 0.273471 0.054691 0.020587 0.020687 0.022433 0.020254 0.020157 -9999.0 -9999.0 -9999.0 -9999.0 -9999.0 -9999.0 -9999.0 -9999.0 -9999.0 -9999.0 -9999.0 -9999.0 -9999.0 -9999.0 -9999.0 -9999.0 -9999.0 -9999.0 -9999.0 -9999.0 -9999.0 -9999.0 -9999.0 -9999.0 -9999.0 -9999.0 -9999.0 -9999.0 -9999.0 -9999.0 -9999.0
-9999.0 -9999.0 -9999.0 -9999.0 -9999.0 -9999.0 -9999.0 -9999.0 -9999.0 -9999.0 -9999.0 -9999.0 -9999.0 -9999.0 -9999.0 -9999.0 -9999.0 -9999.0 0.414263 0.024518 -9999.0 0.022794 0.023548 0.020739 0.064996 0.020654 0.407903 0.415006 0.427383 0.067483 0.021533 0.020267 0.020176 0.020131 -9999.0 -9999.0 -9999.0 -9999.0 -9999.0 -9999.0 -9999.0 -9999.0 -9999.0 -9999.0 -9999.0 -9999.0 -9999.0 -9999.0 -9999.0 -9999.0 -9999.0 -9999.0 -9999.0 -9999.0 -9999.0 -9999.0 -9999.0 -9999.0 -9999.0 -9999.0 -9999.0 -9999.0 -9999.0
-9999.0 -9999.0 -9999.0 -9999.0 -9999.0 -9999.0 -9999.0 -9999.0 -9999.0 -9999.0 -9999.0 -9999.0 -9999.0 -9999.0 -9999.0 -9999.0 -9999.0 0.170915 0.027085 0.020622 0.051144 0.364811 0.071063 0.021471 0.402910 0.073910 0.020534 0.088030 0.047215 0.429996 0.024041 0.021605 0.020339 0.021572 0.020141 0.020110 -9999.0 -9999.0 -9999.0 -9999.0 -9999.0 -9999.0 -9999.0 -9999.0 -9999.0 -9999.0 -9999.0 -9999.0 -9999.0 -9999.0 -9999.0 -9999.0 -9999.0 -9999.0 -9999.0 -9999.0 -9999.0 -9999.0 -9999.0 -9999.0 -9999.0 -9999.0 -9999.0
-9999.0 -9999.0 -9999.0 -9999.0 -9999.0 -9999.0 -9999.0 -9999.0 -9999.0 -9999.0 -9999.0 -9999.0 -9999.0 0.132632 0.090052 0.228704 0.151028 0.049997 0.175382 0.020703 0.063750 0.064737 0.020832 0.139368 0.089704 0.024431 0.020291 0.020265 0.020795 0.079412 0.020158 0.021624 0.020165 0.020089 0.020066 0.020101 -9999.0 -9999.0 -9999.0 -9999.0 -9999.0 -9999.0 -9999.0 -9999.0 -9999.0 -9999.0 -9999.0 -9999.0 -9999.0 -9999.0 -9999.0 -9999.0 -9999.0 -9999.0 -9999.0 -9999.0 -9999.0 -9999.0 -9999.0 -9999.0 -9999.0 -9999.0 -9999.0
-9999.0 -9999.0 -9999.0 -9999.0 -9999.0 -9999.0 -9999.0 -9999.0 -9999.0 -9999.0 -9999.0 -9999.0 -9999.0 0.185758 0.065567 0.201149 0.162566 0.346717 0.050017 0.044945 0.020128 0.051177 0.056930 0.081098 0.083271 0.022036 0.022024 0.021381 0.020473 0.020100 0.020082 0.020470 0.020213 0.020025 0.020110 -9999.0 -9999.0 -9999.0 -9999.0 -9999.0 -9999.0 -9999.0 -9999.0 -9999.0 -9999.0 -9999.0 -9999.0 -9999.0 -9999.0 -9999.0 -9999.0 -9999.0 -9999.0 -9999.0 -9999.0 -9999.0 -9999.0 -9999.0 -9999.0 -9999.0 -9999.0 -9999.0 -9999.0
-9999.0 -9999.0 -9999.0 -9999.0 -9999.0 -9999.0 -9999.0 -9999.0 -9999.0 -9999.0 -9999.0 -9999.0 -9999.0 0.054238 0.200000 0.244021 0.195730 0.174004 0.050031 0.161950 0.170615 0.020872 0.073424 0.073977 0.096893 0.099036 0.051232 0.020272 0.020218 0.020028 0.020419 0.020023 0.020023 0.020017 0.020090 -9999.0 -9999.0 -9999.0 -9999.0 -9999.0 -9999.0 -9999.0 -9999.0 -9999.0 -9999.0 -9999.0 -9999.0 -9999.0 -9999.0 -9999.0 -9999.0 -9999.0 -9999.0 -9999.0 -9999.0 -9999.0 -9999.0 -9999.0 -9999.0 -9999.0 -9999.0 -9999.0 -9999.0
-9999.0 -9999.0 -9999.0 -9999.0 -9999.0 -9999.0 -9999.0 -9999.0 -9999.0 -9999.0 -9999.0 -9999.0 0.020828 0.200000 0.072415 0.101417 0.292539 0.225030 0.327535 0.020593 0.065072 0.072926 0.021057 0.024216 0.040095 0.021940 0.020067 0.020454 0.020142 0.020138 0.020024 0.020162 0.020079 0.020099 -9999.0 -9999.0 -9999.0 -9999.0 -9999.0 -9999.0 -9999.0 -9999.0 -9999.0 -9999.0 -9999.0 -9999.0 -9999.0 -9999.0 -9999.0 -9999.0 -9999.0 -9999.0 -9999.0 -9999.0 -9999.0 -9999.0 -9999.0 -9999.0 -9999.0 -9999.0 -9999.0 -9999.0 -9999.0
-9999.0 -9999.0 -9999.0 -9999.0 -9999.0 -9999.0 -9999.0 -9999.0 -9999.0 -9999.0 -9999.0 0.074101 0.123647 0.430000 0.084568 0.182718 0.020574 0.224523 0.388273 0.020531 0.020227 0.406688 0.023795 0.022123 0.020133 0.020336 0.020263 0.020243 0.020171 0.020107 0.020158 0.020181 0.020124 0.020136 0.020132 0.020408 0.020321 0.020185 0.020105 -9999.0 -9999.0 -9999.0 0.020122 -9999.0 -9999.0 -9999.0 -9999.0 -9999.0 -9999.0 -9999.0 -9999.0 -9999.0 -9999.0 -9999.0 -9999.0 -9999.0 -9999.0 -9999.0 -9999.0 -9999.0 -9999.0 -9999.0 -9999.0
-9999.0 -9999.0 -9999.0 -9999.0 -9999.0 -9999.0 -9999.0 -9999.0 -9999.0 -9999.0 -9999.0 0.040249 0.105184 0.020552 0.066907 0.115957 0.031644 0.022487 0.342344 0.352446 0.176807 0.154104 0.022935 0.020092 0.020049 0.020588 0.020664 0.020240 0.020152 0.020133 0.020179 0.020724 0.020195 0.020051 0.020123 0.020228 0.020590 0.022132 0.021322 0.020141 0.020153 0.020128 0.020302 0.020205 -9999.0 -9999.0 -9999.0 0.040038 0.020070 0.020081 0.020049 0.020073 0.020071 0.040029 0.040015 0.020067 -9999.0 -9999.0 -9999.0 -9999.0 -9999.0 -9999.0 -9999.0
-9999.0 -9999.0 -9999.0 -9999.0 -9999.0 -9999.0 -9999.0 -9999.0 -9999.0 -9999.0 -9999.0 0.024853 0.076018 0.022116 0.426340 0.146386 0.134382 0.038995 0.166040 0.334363 0.331725 0.022877 0.020144 0.021936 0.020984 0.021900 0.020077 0.020055 0.021110 0.020133 0.020443 0.020047 0.020259 0.020124 0.020160 0.020337 0.020063 0.020077 0.052209 0.020543 0.020208 0.020262 0.020333 0.020309 0.020093 -9999.0 0.020086 0.020049 0.020199 0.020203 0.020551 0.021095 0.020451 0.020477 0.020079 0.020091 -9999.0 -9999.0 -9999.0 -9999.0 -9999.0 -9999.0 -9999.0
-9999.0 -9999.0 -9999.0 -9999.0 -9999.0 -9999.0 -9999.0 -9999.0 -9999.0 -9999.0 -9999.0 -9999.0 0.024570 0.043313 0.187396 0.186812 0.073939 0.040438 0.359105 0.343156 0.060080 0.022242 0.020136 0.020060 0.020089 0.020089 0.023235 0.021368 0.020237 0.020222 0.020308 0.020050 0.020451 0.020142 0.020093 0.020163 0.020051 0.020084 0.071469 0.024160 0.020823 0.051155 0.020062 0.021765 0.020358 0.020093 0.020107 0.020100 0.020037 0.020059 0.147189 0.020052 0.040021 0.040016 0.020036 0.020072 0.020111 -9999.0 -9999.0 -9999.0 -9999.0 -9999.0 -9999.0
-9999.0 -9999.0 -9999.0 -9999.0 -9999.0 -9999.0 -9999.0 -9999.0 -9999.0 -9999.0 -9999.0 0.040044 0.023342 0.083466 0.020666 0.116986 0.136864 0.067695 0.171350 0.271274 0.055687 0.081073 0.074536 0.020160 0.020088 0.020088 0.040049 0.020502 0.020357 0.027342 0.020073 0.020070 0.021877 0.020153 0.020108 0.020108 0.020864 0.020081 0.162249 0.052287 0.020443 0.024865 0.020210 0.020470 0.023363 0.020319 0.020180 0.033160 0.051207 0.021518 0.020058 0.020643 0.020036 0.020033 0.020028 0.020023 0.020150 -9999.0 -9999.0 -9999.0 -9999.0 -9999.0 -9999.0
-9999.0 -9999.0 -9999.0 -9999.0 -9999.0 -9999.0 -9999.0 -9999.0 -9999.0 -9999.0 0.048325 0.020317 0.023534 0.024382 0.099155 0.023948 0.023525 0.075691 0.218732 0.277191 0.383020 0.418882 0.020331 0.025907 0.094830 0.040062 0.020092 0.020041 0.021918 0.022716 0.020094 0.020089 0.021536 0.020292 0.020100 0.020449 0.021059 0.020055 0.020280 0.093381 0.023573 0.021323 0.050374 0.424380 0.023308 0.033027 0.021401 0.020065 0.020097 0.124851 0.020037 0.020097 0.020026 0.020021 0.020022 0.020342 0.020254 -9999.0 -9999.0 -9999.0 -9999.0 -9999.0 -9999.0
-9999.0 -9999.0 -9999.0 -9999.0 -9999.0 -9999.0 -9999.0 -9999.0 -9999.0 0.020802 0.044442 0.040042 0.020374 0.020504 0.040372 0.020294 0.023896 0.186167 0.035114 0.252889 0.367939 0.054688 0.022271 0.091030 0.404231 0.020116 0.020080 0.023829 0.020315 0.020923 0.133343 0.020100 0.020868 0.020024 0.020156 0.020416 0.020512 0.020048 0.020083 0.020112 0.020149 0.020326 0.020381 0.061037 0.024627 0.022930 0.104227 0.020377 0.020385 0.409570 0.020084 0.020134 0.020019 0.020048 0.020065 0.020038 0.020043 0.020233 0.020079 -9999.0 -9999.0 -9999.0 -9999.0
-9999.0 -9999.0 -9999.0 -9999.0 -9999.0 -9999.0 -9999.0 -9999.0 -9999.0 0.020764 0.021432 0.023630 0.134022 0.116240 0.023402 0.020467 0.043088 0.127438 0.030385 0.321847 0.340343 0.114006 0.420106 0.184354 0.020169 0.020098 0.020445 0.114938 0.133937 0.430000 0.027176 0.020079 0.020199 0.020153 0.020079 0.020432 0.021433 0.051201 0.021273 0.021935 0.040024 0.020099 0.020932 0.133226 0.340889 0.400705 0.109232 0.022279 0.022577 0.129332 0.020054 0.020032 0.020046 0.020048 0.020048 0.040009 0.020048 0.020054 0.021568 -9999.0 -9999.0 -9999.0 -9999.0
-9999.0 -9999.0 -9999.0 -9999.0 -9999.0 -9999.0 -9999.0 -9999.0 -9999.0 -9999.0 0.020457 0.021604 0.020707 0.040588 0.022959 0.024016 0.121738 0.116643 0.026159 0.283953 0.353846 0.020609 0.092282 0.020483 0.020189 0.029814 0.120357 0.179910 0.028472 0.020105 0.020084 0.040026 0.020051 0.020196 0.020222 0.021883 0.023006 0.022005 0.021475 0.020167 0.020797 0.022620 0.030723 0.024381 0.030950 0.089090 0.027769 0.413381 0.021502 0.023269 0.020087 0.020045 0.020061 0.020045 0.020048 0.020057 0.020156 0.020109 0.020136 0.092527 -9999.0 -9999.0 -9999.0
-9999.0 -9999.0 -9999.0 -9999.0 -9999.0 -9999.0 -9999.0 -9999.0 -9999.0 -9999.0 0.020242 0.020922 0.022926 0.023278 0.430000 0.062591 0.070114 0.251520 0.210529 0.189363 0.180708 0.045834 0.078514 0.022441 0.037172 0.142143 0.429995 0.085468 0.020135 0.020057 0.020685 0.020818 0.020039 0.020159 0.020552 0.022292 0.020112 0.020088 0.020078 0.020381 0.020239 0.022950 0.020062 0.022859 0.053970 0.020234 0.136850 0.030657 0.023172 0.046596 0.020788 0.020093 0.020044 0.020052 0.020038 0.020047 0.020086 0.020099 0.165254 0.430000 -9999.0 -9999.0 -9999.0
-9999.0 -9999.0 -9999.0 -9999.0 -9999.0 -9999.0 -9999.0 -9999.0 0.020463 0.020428 0.020243 0.020412 0.020061 0.020300 0.022754 0.372079 0.034769 0.115271 0.272692 0.166810 0.153472 0.024176 0.028914 0.042051 0.092686 0.418393 0.427632 0.020244 0.020088 0.020059 0.020026 0.020272 0.020239 0.020196 0.020127 0.021866 0.100900 0.020373 0.020062 0.020513 0.032148 0.021730 0.020059 0.021005 0.051075 0.023990 0.020068 0.020432 0.029643 0.426796 0.072566 0.020124 0.020040 0.020029 0.020052 0.020115 0.020332 0.024360 0.026728 0.099837 -9999.0 -9999.0 -9999.0
-9999.0 -9999.0 -9999.0 -9999.0 -9999.0 -9999.0 -9999.0 -9999.0 0.020053 0.020052 0.020073 0.020328 0.021583 0.020080 0.020203 0.088521 0.057745 0.045460 0.020118 0.164916 0.330767 0.295608 0.279635 0.118304 0.030201 0.295478 0.412751 0.020337 0.020044 0.020385 0.020134 0.021177 0.020164 0.021759 0.020531 0.022497 0.166491 0.023815 0.020259 0.021788 0.020414 0.020034 0.022120 0.022146 0.022807 0.020069 0.020049 0.021892 0.020540 0.089836 0.141259 0.023265 0.020039 0.020105 0.020501 0.020077 0.020117 0.023509 0.030423 0.371109 0.186407 -9999.0 -9999.0
-9999.0 -9999.0 -9999.0 -9999.0 -9999.0 -9999.0 -9999.0 -9999.0 0.020512 0.021800 0.020484 0.020052 0.020309 0.020065 0.020261 0.020251 0.058312 0.066523 0.022364 0.322464 0.163521 0.274076 0.265570 0.198402 0.308554 0.050243 0.097407 0.020142 0.020033 0.020302 0.025397 0.021621 0.020092 0.020079 0.022614 0.059108 0.023468 0.059641 0.021962 0.020065 0.021079 0.035610 0.021684 0.021556 0.020057 0.021388 0.020432 0.020912 0.020103 0.033901 0.388732 0.080026 0.020056 0.020041 0.020112 0.020270 0.192692 0.175425 0.051574 0.376139 0.324041 -9999.0 -9999.0
-9999.0 -9999.0 -9999.0 -9999.0 -9999.0 -9999.0 -9999.0 -9999.0 0.020111 0.021443 0.040116 0.020038 0.021582 0.040049 0.020127 0.086728 0.020178 0.023198 0.333039 0.160654 0.175540 0.190714 0.280166 0.249838 0.219573 0.068917 0.086253 0.020082 0.023313 0.020068 0.020086 0.020188 0.021015 0.020361 0.020650 0.092379 0.134426 0.046835 0.036495 0.023223 0.023713 0.023030 0.022438 0.051092 0.021687 0.033829 0.021941 0.051216 0.021943 0.020256 0.094285 0.092457 0.087589 0.040092 0.171720 0.200000 0.103187 0.340591 0.288734 0.329931 0.332296 0.311713 -9999.0
-9999.0 -9999.0 -9999.0 -9999.0 -9999.0 -9999.0 -9999.0 -9999.0 0.020069 0.020403 0.040037 0.020106 0.020093 0.020416 0.192629 0.414463 0.414211 0.056334 0.070192 0.044534 0.183196 0.224511 0.190458 0.179763 0.116055 0.062195 0.020165 0.035112 0.121295 0.021446 0.020372 0.135959 0.066487 0.168559 0.024559 0.023598 0.021679 0.028268 0.020454 0.176088 0.025560 0.021585 0.023931 0.021573 0.020291 0.024863 0.020627 0.020142 0.021378 0.024177 0.025964 0.062806 0.085277 0.117353 0.200000 0.430000 0.417738 0.377207 0.357087 0.048664 0.054220 0.322817 -9999.0
-9999.0 -9999.0 0.021334 0.021349 0.020046 0.020085 0.020052 0.020038 0.020268 0.020325 0.020056 0.040450 0.021114 0.024268 0.196475 0.430000 0.031334 0.020143 0.020627 0.083308 0.042968 0.220418 0.332977 0.149897 0.204042 0.046916 0.062636 0.068508 0.065531 0.196196 0.085344 0.083571 0.409042 0.058292 0.127347 0.037462 0.101637 0.021971 0.020134 0.020566 0.020944 0.021071 0.020859 0.082165 0.028448 0.024064 0.164899 0.387053 0.022321 0.091543 0.076576 0.329479 0.402987 0.417501 0.429189 0.426790 0.412149 0.375555 0.079563 0.066629 0.395696 0.339348 -9999.0
-9999.0 0.020136 0.020058 0.020054 0.020090 0.020060 0.020087 0.020067 0.020046 0.020223 0.020109 0.020222 0.424241 0.426836 0.430000 0.020363 0.020097 0.020096 0.040052 0.083061 0.044476 0.043288 0.411358 0.294946 0.236354 0.212292 0.283753 0.312972 0.088256 0.352457 0.059523 0.079754 0.145967 0.345337 0.090152 0.238466 0.063829 0.020705 0.234853 0.226364 0.077887 0.100141 0.024706 0.031519 0.036266 0.032444 0.321806 0.025285 0.063344 0.274750 0.336792 0.382255 0.412589 0.427070 0.428220 0.430000 0.424892 0.415769 0.430000 0.429845 0.409699 0.343910 -9999.0
-9999.0 0.024485 0.020250 0.020247 0.192231 0.020171 0.020063 0.020054 0.020205 0.020165 0.020079 0.020139 0.091057 0.430000 0.021612 0.020051 0.020072 0.020094 0.020292 0.050833 0.430000 0.364609 0.315821 0.408677 0.392926 0.326840 0.123218 0.194584 0.279922 0.022630 0.021522 0.021877 0.298411 0.298283 0.316041 0.244366 0.312619 0.297747 0.165067 0.191922 0.207177 0.258140 0.090835 0.156444 0.114345 0.021117 0.266163 0.275886 0.289464 0.312131 0.348265 0.347844 0.405791 0.430000 0.151070 0.376857 0.020440 0.362696 0.093214 0.303162 0.397094 -9999.0 -9999.0
-9999.0 0.024531 0.020165 0.020556 0.150961 0.130673 0.232531 0.020099 0.020097 0.020091 0.020093 0.093440 0.186383 0.405041 0.020111 0.020043 0.020057 0.020084 0.020102 0.020554 0.025209 0.095365 0.279471 0.409624 0.404849 0.335856 0.323877 0.315328 0.183769 0.272170 0.159861 0.155412 0.276876 0.271782 0.250166 0.226492 0.222548 0.295232 0.212938 0.209377 0.212506 0.308272 0.232638 0.154927 0.154012 0.259660 0.267557 0.297886 0.325746 0.273767 0.090000 0.429994 0.394052 0.139782 0.220234 0.040090 0.040086 0.040057 0.040065 -9999.0 -9999.0 -9999.0 -9999.0
