user2019/resources/simulation/Vinschgau/output-maps/thetaiceL0002N0200.asc
ncols         63
nrows         48
xllcorner     598000.000000
yllcorner     5145000.000000
cellsize      1000.000000
NODATA_value  -9999.0
[rows 0 to 28 of 48, columns 0 to 62 of 63]
-9999.0 -9999.0 -9999.0 -9999.0 -9999.0 -9999.0 -9999.0 -9999.0 -9999.0 -9999.0 -9999.0 -9999.0 -9999.0 -9999.0 -9999.0 -9999.0 -9999.0 -9999.0 -9999.0 -9999.0 -9999.0 -9999.0 -9999.0 -9999.0 -9999.0 -9999.0 -9999.0 -9999.0 -9999.0 -9999.0 -9999.0 -9999.0 -9999.0 -9999.0 -9999.0 -9999.0 -9999.0 -9999.0 -9999.0 -9999.0 -9999.0 -9999.0 -9999.0 -9999.0 -9999.0 -9999.0 -9999.0 -9999.0 -9999.0 -9999.0 -9999.0 -9999.0 -9999.0 -9999.0 -9999.0 -9999.0 -9999.0 -9999.0 -9999.0 -9999.0 -9999.0 -9999.0 -9999.0
-9999.0 -9999.0 -9999.0 -9999.0 -9999.0 -9999.0 -9999.0 -9999.0 -9999.0 -9999.0 -9999.0 -9999.0 -9999.0 -9999.0 -9999.0 -9999.0 -9999.0 -9999.0 -9999.0 -9999.0 -9999.0 -9999.0 -9999.0 -9999.0 -9999.0 -9999.0 -9999.0 0.098710 0.259211 0.093798 0.207652 0.195721 0.188834 -9999.0 -9999.0 -9999.0 -9999.0 -9999.0 -9999.0 -9999.0 -9999.0 -9999.0 -9999.0 -9999.0 -9999.0 -9999.0 -9999.0 -9999.0 -9999.0 -9999.0 -9999.0 -9999.0 -9999.0 -9999.0 -9999.0 -9999.0 -9999.0 -9999.0 -9999.0 -9999.0 -9999.0 -9999.0 -9999.0
-9999.0 -9999.0 -9999.0 -9999.0 -9999.0 -9999.0 -9999.0 -9999.0 -9999.0 -9999.0 -9999.0 -9999.0 -9999.0 -9999.0 -9999.0 -9999.0 -9999.0 -9999.0 -9999.0 -9999.0 -9999.0 -9999.0 -9999.0 -9999.0 0.241279 0.418881 0.430483 0.454468 0.477013 0.243676 0.151686 -9999.0 -9999.0 -9999.0 -9999.0 -9999.0 -9999.0 -9999.0 -9999.0 -9999.0 -9999.0 -9999.0 -9999.0 -9999.0 -9999.0 -9999.0 -9999.0 -9999.0 -9999.0 -9999.0 -9999.0 -9999.0 -9999.0 -9999.0 -9999.0 -9999.0 -9999.0 -9999.0 -9999.0 -9999.0 -9999.0 -9999.0 -9999.0
-9999.0 -9999.0 -9999.0 -9999.0 -9999.0 -9999.0 -9999.0 -9999.0 -9999.0 -9999.0 -9999.0 -9999.0 -9999.0 -9999.0 -9999.0 -9999.0 -9999.0 -9999.0 -9999.0 -9999.0 -9999.0 -9999.0 -9999.0 0.451408 0.479989 0.479952 0.479985 0.479988 0.479992 0.268636 0.332079 0.255871 -9999.0 -9999.0 -9999.0 -9999.0 -9999.0 -9999.0 -9999.0 -9999.0 -9999.0 -9999.0 -9999.0 -9999.0 -9999.0 -9999.0 -9999.0 -9999.0 -9999.0 -9999.0 -9999.0 -9999.0 -9999.0 -9999.0 -9999.0 -9999.0 -9999.0 -9999.0 -9999.0 -9999.0 -9999.0 -9999.0 -9999.0
-9999.0 -9999.0 -9999.0 -9999.0 -9999.0 -9999.0 -9999.0 -9999.0 -9999.0 -9999.0 -9999.0 -9999.0 -9999.0 -9999.0 -9999.0 -9999.0 -9999.0 -9999.0 0.479936 0.479981 -9999.0 0.282169 0.479984 0.479981 0.479982 0.479995 0.479981 0.479981 0.479987 0.479990 0.332306 0.310693 0.088078 0.081929 -9999.0 -9999.0 -9999.0 -9999.0 -9999.0 -9999.0 -9999.0 -9999.0 -9999.0 -9999.0 -9999.0 -9999.0 -9999.0 -9999.0 -9999.0 -9999.0 -9999.0 -9999.0 -9999.0 -9999.0 -9999.0 -9999.0 -9999.0 -9999.0 -9999.0 -9999.0 -9999.0 -9999.0 -9999.0
-9999.0 -9999.0 -9999.0 -9999.0 -9999.0 -9999.0 -9999.0 -9999.0 -9999.0 -9999.0 -9999.0 -9999.0 -9999.0 -9999.0 -9999.0 -9999.0 -9999.0 0.479963 0.479995 0.143069 0.077592 0.441871 0.479985 0.479994 0.479989 0.479992 0.471750 0.361831 0.478475 0.475549 0.479991 0.299916 0.080930 0.083561 0.064149 0.018194 -9999.0 -9999.0 -9999.0 -9999.0 -9999.0 -9999.0 -9999.0 -9999.0 -9999.0 -9999.0 -9999.0 -9999.0 -9999.0 -9999.0 -9999.0 -9999.0 -9999.0 -9999.0 -9999.0 -9999.0 -9999.0 -9999.0 -9999.0 -9999.0 -9999.0 -9999.0 -9999.0
-9999.0 -9999.0 -9999.0 -9999.0 -9999.0 -9999.0 -9999.0 -9999.0 -9999.0 -9999.0 -9999.0 -9999.0 -9999.0 0.247854 0.479981 0.479993 0.479992 0.167200 0.479976 0.479991 0.479993 0.479990 0.479995 0.479992 0.479993 0.115247 0.021796 0.322651 0.358839 0.380530 0.242288 0.120007 0.136188 0.157672 0.018649 0.018014 -9999.0 -9999.0 -9999.0 -9999.0 -9999.0 -9999.0 -9999.0 -9999.0 -9999.0 -9999.0 -9999.0 -9999.0 -9999.0 -9999.0 -9999.0 -9999.0 -9999.0 -9999.0 -9999.0 -9999.0 -9999.0 -9999.0 -9999.0 -9999.0 -9999.0 -9999.0 -9999.0
-9999.0 -9999.0 -9999.0 -9999.0 -9999.0 -9999.0 -9999.0 -9999.0 -9999.0 -9999.0 -9999.0 -9999.0 -9999.0 0.479973 0.479926 0.479985 0.479985 0.479984 0.166427 0.479993 0.479994 0.479993 0.479983 0.479989 0.479985 0.439356 0.237949 0.023167 0.034617 0.229439 0.253572 0.181209 0.019563 0.018183 0.018105 -9999.0 -9999.0 -9999.0 -9999.0 -9999.0 -9999.0 -9999.0 -9999.0 -9999.0 -9999.0 -9999.0 -9999.0 -9999.0 -9999.0 -9999.0 -9999.0 -9999.0 -9999.0 -9999.0 -9999.0 -9999.0 -9999.0 -9999.0 -9999.0 -9999.0 -9999.0 -9999.0 -9999.0
-9999.0 -9999.0 -9999.0 -9999.0 -9999.0 -9999.0 -9999.0 -9999.0 -9999.0 -9999.0 -9999.0 -9999.0 -9999.0 0.479982 0.479982 0.479825 0.479982 0.479991 0.166467 0.479992 0.479982 0.008880 0.479987 0.406211 0.283362 0.456734 0.094551 0.020331 0.287960 0.021270 0.176391 0.018372 0.018194 0.018012 0.018030 -9999.0 -9999.0 -9999.0 -9999.0 -9999.0 -9999.0 -9999.0 -9999.0 -9999.0 -9999.0 -9999.0 -9999.0 -9999.0 -9999.0 -9999.0 -9999.0 -9999.0 -9999.0 -9999.0 -9999.0 -9999.0 -9999.0 -9999.0 -9999.0 -9999.0 -9999.0 -9999.0 -9999.0
-9999.0 -9999.0 -9999.0 -9999.0 -9999.0 -9999.0 -9999.0 -9999.0 -9999.0 -9999.0 -9999.0 -9999.0 0.479974 0.479974 0.479816 0.160577 0.479935 0.479990 0.479981 0.152875 0.469610 0.355358 0.426776 0.432784 0.266135 0.164737 0.419423 0.217087 0.271377 0.019221 0.167986 0.084892 0.279157 0.017984 -9999.0 -9999.0 -9999.0 -9999.0 -9999.0 -9999.0 -9999.0 -9999.0 -9999.0 -9999.0 -9999.0 -9999.0 -9999.0 -9999.0 -9999.0 -9999.0 -9999.0 -9999.0 -9999.0 -9999.0 -9999.0 -9999.0 -9999.0 -9999.0 -9999.0 -9999.0 -9999.0 -9999.0 -9999.0
-9999.0 -9999.0 -9999.0 -9999.0 -9999.0 -9999.0 -9999.0 -9999.0 -9999.0 -9999.0 -9999.0 0.427773 0.478563 0.479918 0.149948 0.176162 0.017302 0.479989 0.479986 0.159380 0.479994 0.479968 0.196631 0.153344 0.358926 0.223617 0.153334 0.231295 0.209312 0.018357 0.080773 0.447219 0.059015 0.017871 0.040341 0.019219 0.417881 0.479998 0.464350 -9999.0 -9999.0 -9999.0 0.029804 -9999.0 -9999.0 -9999.0 -9999.0 -9999.0 -9999.0 -9999.0 -9999.0 -9999.0 -9999.0 -9999.0 -9999.0 -9999.0 -9999.0 -9999.0 -9999.0 -9999.0 -9999.0 -9999.0 -9999.0
-9999.0 -9999.0 -9999.0 -9999.0 -9999.0 -9999.0 -9999.0 -9999.0 -9999.0 -9999.0 -9999.0 0.206533 0.350561 0.479971 0.479970 0.185242 0.479982 0.479994 0.479985 0.479984 0.479986 0.479974 0.205728 0.432781 0.430714 0.162902 0.251457 0.457956 0.078511 0.018069 0.326467 0.216678 0.229767 0.172972 0.220094 0.242467 0.479996 0.442844 0.452427 0.037122 0.040935 0.023215 0.448872 0.034178 -9999.0 -9999.0 -9999.0 0.412783 0.479932 0.091757 0.479920 0.098899 0.096598 0.477336 0.476780 0.084865 -9999.0 -9999.0 -9999.0 -9999.0 -9999.0 -9999.0 -9999.0
-9999.0 -9999.0 -9999.0 -9999.0 -9999.0 -9999.0 -9999.0 -9999.0 -9999.0 -9999.0 -9999.0 0.242543 0.234918 0.475376 0.215496 0.241905 0.479982 0.477014 0.479992 0.479989 0.479983 0.479984 0.479983 0.420809 0.156543 0.089864 0.479991 0.368649 0.018007 0.225496 0.017931 0.421289 0.470211 0.199812 0.028363 0.474882 0.470182 0.473984 0.066414 0.128177 0.479997 0.460778 0.479674 0.239583 0.204987 -9999.0 0.025234 0.399745 0.479959 0.479964 0.479958 0.147878 0.479868 0.478628 0.477585 0.476737 -9999.0 -9999.0 -9999.0 -9999.0 -9999.0 -9999.0 -9999.0
-9999.0 -9999.0 -9999.0 -9999.0 -9999.0 -9999.0 -9999.0 -9999.0 -9999.0 -9999.0 -9999.0 -9999.0 0.232515 0.406426 0.479966 0.479965 0.476515 0.479991 0.479989 0.479991 0.479993 0.479983 0.479985 0.479983 0.294397 0.479988 0.479969 0.167600 0.166325 0.082338 0.251431 0.465442 0.245874 0.239574 0.223195 0.177969 0.479995 0.431518 0.052210 0.098846 0.479996 0.075441 0.470822 0.479995 0.089478 0.303145 0.086082 0.359615 0.355325 0.433488 0.479976 0.479930 0.479709 0.479462 0.196430 0.168955 0.473866 -9999.0 -9999.0 -9999.0 -9999.0 -9999.0 -9999.0
-9999.0 -9999.0 -9999.0 -9999.0 -9999.0 -9999.0 -9999.0 -9999.0 -9999.0 -9999.0 -9999.0 0.468153 0.252149 0.162285 0.479979 0.479979 0.479981 0.479990 0.479991 0.479956 0.479995 0.479988 0.479972 0.479989 0.479984 0.479985 0.440753 0.157699 0.272856 0.093405 0.479994 0.479994 0.479994 0.152298 0.236805 0.169228 0.112426 0.473329 0.479990 0.159366 0.475637 0.462134 0.467890 0.079135 0.479994 0.237401 0.465356 0.132005 0.138516 0.479993 0.029108 0.187494 0.210985 0.028191 0.017836 0.061856 0.104501 -9999.0 -9999.0 -9999.0 -9999.0 -9999.0 -9999.0
-9999.0 -9999.0 -9999.0 -9999.0 -9999.0 -9999.0 -9999.0 -9999.0 -9999.0 -9999.0 0.329342 0.479964 0.479962 0.264123 0.479929 0.479985 0.476044 0.477889 0.479991 0.466393 0.479984 0.479960 0.479987 0.479964 0.479990 0.479975 0.333655 0.028592 0.479988 0.479982 0.479993 0.422444 0.216298 0.208400 0.017792 0.030020 0.477824 0.479994 0.479992 0.423714 0.479931 0.165350 0.161715 0.479978 0.479995 0.094990 0.477771 0.458370 0.479993 0.479992 0.041312 0.052645 0.017877 0.057757 0.057952 0.477651 0.477529 -9999.0 -9999.0 -9999.0 -9999.0 -9999.0 -9999.0
-9999.0 -9999.0 -9999.0 -9999.0 -9999.0 -9999.0 -9999.0 -9999.0 -9999.0 0.267697 0.223521 0.479954 0.479982 0.479967 0.479919 0.470964 0.443693 0.479961 0.479993 0.479877 0.479988 0.479995 0.479994 0.479993 0.479978 0.407326 0.479993 0.479983 0.479994 0.479993 0.474755 0.401222 0.017864 0.018089 0.017998 0.017744 0.158440 0.335865 0.395580 0.461408 0.479991 0.472248 0.458758 0.479976 0.478987 0.479996 0.479992 0.479066 0.388729 0.479991 0.468373 0.102495 0.044043 0.042694 0.095745 0.479889 0.479204 0.173808 0.108776 -9999.0 -9999.0 -9999.0 -9999.0
-9999.0 -9999.0 -9999.0 -9999.0 -9999.0 -9999.0 -9999.0 -9999.0 -9999.0 0.188501 0.238454 0.196099 0.479985 0.479983 0.479971 0.479961 0.479814 0.479798 0.479989 0.479979 0.479982 0.479426 0.474902 0.479981 0.418470 0.479990 0.479990 0.479993 0.479995 0.479981 0.137537 0.441205 0.170617 0.181443 0.240724 0.077459 0.071251 0.059585 0.196628 0.239793 0.294753 0.284771 0.479995 0.475348 0.479969 0.479499 0.479640 0.479634 0.479993 0.464825 0.478988 0.479964 0.050713 0.207488 0.066367 0.417789 0.479731 0.479868 0.171730 -9999.0 -9999.0 -9999.0 -9999.0
-9999.0 -9999.0 -9999.0 -9999.0 -9999.0 -9999.0 -9999.0 -9999.0 -9999.0 -9999.0 0.234354 0.230472 0.479978 0.479990 0.479989 0.479972 0.479975 0.479990 0.477560 0.478705 0.479983 0.479993 0.479974 0.479972 0.479990 0.479993 0.479992 0.479971 0.195266 0.390047 0.332302 0.428308 0.276476 0.156181 0.439259 0.479994 0.479994 0.479995 0.086049 0.154014 0.148986 0.413831 0.471109 0.479989 0.407071 0.479497 0.478500 0.479976 0.479472 0.479995 0.479986 0.479967 0.106673 0.056765 0.219711 0.208279 0.200715 0.479975 0.479977 0.479870 -9999.0 -9999.0 -9999.0
-9999.0 -9999.0 -9999.0 -9999.0 -9999.0 -9999.0 -9999.0 -9999.0 -9999.0 -9999.0 0.218418 0.227431 0.211443 0.479964 0.479982 0.479991 0.473422 0.479990 0.479110 0.468817 0.467236 0.479994 0.479993 0.479990 0.479991 0.479984 0.479880 0.479992 0.451631 0.291951 0.169905 0.253181 0.026923 0.161533 0.171561 0.170800 0.479995 0.416553 0.344264 0.185053 0.241360 0.092564 0.301134 0.193768 0.197048 0.479982 0.479962 0.187632 0.479939 0.479991 0.479994 0.479955 0.479938 0.109058 0.085558 0.106475 0.201561 0.479843 0.473318 0.479939 -9999.0 -9999.0 -9999.0
-9999.0 -9999.0 -9999.0 -9999.0 -9999.0 -9999.0 -9999.0 -9999.0 0.479964 0.479955 0.297147 0.211308 0.479976 0.479978 0.479963 0.479986 0.479988 0.479051 0.466338 0.467354 0.472859 0.479334 0.479966 0.479995 0.479993 0.479463 0.479989 0.479990 0.479983 0.418368 0.018066 0.178419 0.196583 0.174856 0.202656 0.175239 0.311958 0.479993 0.421929 0.091002 0.023793 0.198746 0.031486 0.048674 0.115612 0.479961 0.301597 0.479946 0.479069 0.479980 0.479989 0.479982 0.479935 0.479922 0.105601 0.479614 0.173851 0.479738 0.479989 0.479820 -9999.0 -9999.0 -9999.0
-9999.0 -9999.0 -9999.0 -9999.0 -9999.0 -9999.0 -9999.0 -9999.0 0.030841 0.479969 0.452555 0.226596 0.256999 0.479967 0.479960 0.479437 0.479982 0.479982 0.467556 0.466152 0.396688 0.465870 0.465283 0.479568 0.479769 0.479147 0.479992 0.479990 0.033683 0.199477 0.186296 0.096237 0.211701 0.090427 0.278733 0.478454 0.479988 0.479991 0.391143 0.446748 0.205924 0.203270 0.055768 0.479957 0.479974 0.479943 0.029504 0.171691 0.479979 0.479987 0.479990 0.479979 0.479935 0.478627 0.479972 0.161537 0.479977 0.479989 0.478527 0.452855 0.447181 -9999.0 -9999.0
-9999.0 -9999.0 -9999.0 -9999.0 -9999.0 -9999.0 -9999.0 -9999.0 0.155080 0.479979 0.479962 0.344341 0.478565 0.031816 0.479967 0.479992 0.479992 0.479989 0.469188 0.451258 0.465694 0.474030 0.466747 0.468403 0.467828 0.479994 0.465023 0.440750 0.028418 0.467909 0.097441 0.479976 0.447723 0.431552 0.479955 0.479974 0.406676 0.479993 0.462275 0.308883 0.251213 0.102333 0.479941 0.162694 0.251624 0.188851 0.108502 0.479848 0.361537 0.479248 0.478830 0.479990 0.479987 0.479984 0.479989 0.479986 0.479853 0.479505 0.477986 0.468709 0.453234 -9999.0 -9999.0
-9999.0 -9999.0 -9999.0 -9999.0 -9999.0 -9999.0 -9999.0 -9999.0 0.017792 0.219729 0.479892 0.056760 0.479931 0.479862 0.479988 0.479991 0.478971 0.471046 0.479968 0.467004 0.466664 0.463972 0.465806 0.466754 0.479989 0.479985 0.479972 0.479393 0.479979 0.479985 0.436322 0.450825 0.479993 0.479987 0.402646 0.479979 0.479982 0.479988 0.479990 0.479985 0.479941 0.479948 0.479952 0.141168 0.479941 0.099172 0.479949 0.152106 0.479955 0.479989 0.479803 0.478842 0.479969 0.479955 0.479866 0.470035 0.472982 0.475081 0.457152 0.460013 0.470341 0.479939 -9999.0
-9999.0 -9999.0 -9999.0 -9999.0 -9999.0 -9999.0 -9999.0 -9999.0 0.261136 0.200877 0.479805 0.479976 0.479988 0.479790 0.479989 0.479980 0.479991 0.479993 0.479980 0.479987 0.469702 0.466164 0.466206 0.479766 0.479993 0.479987 0.479990 0.479984 0.479992 0.479991 0.479986 0.479981 0.479991 0.479982 0.458944 0.478301 0.479986 0.479988 0.476656 0.479983 0.472808 0.478384 0.479987 0.479989 0.478073 0.479962 0.469212 0.479990 0.479988 0.479987 0.479981 0.479380 0.478932 0.479554 0.479497 0.479274 0.466087 0.460301 0.479413 0.478401 0.477504 0.479789 -9999.0
-9999.0 -9999.0 0.248319 0.320664 0.307422 0.475274 0.479963 0.456013 0.286830 0.304467 0.479964 0.479817 0.479846 0.479990 0.479989 0.479986 0.475955 0.479979 0.460433 0.479978 0.479987 0.465701 0.466312 0.479862 0.479955 0.479990 0.479993 0.479993 0.477618 0.479991 0.479987 0.479983 0.479968 0.479590 0.479990 0.479521 0.479984 0.479987 0.479992 0.479987 0.479991 0.479992 0.479515 0.479990 0.479987 0.479987 0.479988 0.479396 0.479925 0.477126 0.471526 0.475423 0.466770 0.476874 0.477931 0.479256 0.479948 0.479953 0.479992 0.476999 0.479810 0.479727 -9999.0
-9999.0 0.479969 0.479975 0.479966 0.479968 0.479968 0.479955 0.394420 0.329036 0.209514 0.479955 0.479940 0.477891 0.479953 0.479970 0.479967 0.465070 0.479960 0.479948 0.479987 0.479991 0.476678 0.479388 0.465483 0.475938 0.479941 0.479162 0.479063 0.479950 0.479970 0.479973 0.479990 0.479990 0.474231 0.479970 0.476359 0.474073 0.479463 0.479819 0.479910 0.479956 0.475500 0.477260 0.479483 0.479989 0.479933 0.479825 0.479126 0.479014 0.478853 0.466904 0.477283 0.479106 0.479946 0.479960 0.479941 0.479957 0.479950 0.479924 0.479705 0.478726 0.478900 -9999.0
-9999.0 0.409959 0.479979 0.479976 0.479910 0.479977 0.479980 0.465474 0.290003 0.348355 0.479971 0.479965 0.478812 0.479922 0.477390 0.451679 0.479971 0.324453 0.479977 0.477866 0.479957 0.479987 0.476606 0.479877 0.478923 0.395419 0.465455 0.462337 0.465975 0.465956 0.466617 0.468302 0.479920 0.479896 0.478853 0.470099 0.370368 0.191451 0.463982 0.464341 0.464121 0.469939 0.479706 0.468172 0.466961 0.466092 0.460958 0.460628 0.461402 0.461651 0.479796 0.479994 0.479958 0.478320 0.479986 0.479928 0.479945 0.479767 0.479880 0.478083 0.477754 -9999.0 -9999.0
-9999.0 0.208875 0.479985 0.471200 0.479994 0.479910 0.479923 0.479970 0.479967 0.479966 0.479905 0.479990 0.479990 0.479949 0.479923 0.462021 0.479941 0.479947 0.467036 0.479189 0.479963 0.478390 0.479973 0.479956 0.479976 0.468999 0.467134 0.467095 0.467189 0.467517 0.467467 0.462129 0.461753 0.479863 0.462020 0.463498 0.463523 0.476712 0.452966 0.450957 0.449764 0.459677 0.461153 0.461304 0.461386 0.461207 0.462264 0.479813 0.479884 0.479193 0.477996 0.479966 0.478226 0.479942 0.479914 0.479662 0.479555 0.479353 0.479123 -9999.0 -9999.0 -9999.0 -9999.0
