user2019/resources/simulation/Vinschgau/output-maps/thetaliqL0005N1431.asc
ncols         63
nrows         48
xllcorner     598000.000000
yllcorner     5145000.000000
cellsize      1000.000000
NODATA_value  -9999.0
[rows 0 to 28 of 48, columns 0 to 62 of 63]
-9999.0 -9999.0 -9999.0 -9999.0 -9999.0 -9999.0 -9999.0 -9999.0 -9999.0 -9999.0 -9999.0 -9999.0 -9999.0 -9999.0 -9999.0 -9999.0 -9999.0 -9999.0 -9999.0 -9999.0 -9999.0 -9999.0 -9999.0 -9999.0 -9999.0 -9999.0 -9999.0 -9999.0 -9999.0 -9999.0 -9999.0 -9999.0 -9999.0 -9999.0 -9999.0 -9999.0 -9999.0 -9999.0 -9999.0 -9999.0 -9999.0 -9999.0 -9999.0 -9999.0 -9999.0 -9999.0 -9999.0 -9999.0 -9999.0 -9999.0 -9999.0 -9999.0 -9999.0 -9999.0 -9999.0 -9999.0 -9999.0 -9999.0 -9999.0 -9999.0 -9999.0 -9999.0 -9999.0
-9999.0 -9999.0 -9999.0 -9999.0 -9999.0 -9999.0 -9999.0 -9999.0 -9999.0 -9999.0 -9999.0 -9999.0 -9999.0 -9999.0 -9999.0 -9999.0 -9999.0 -9999.0 -9999.0 -9999.0 -9999.0 -9999.0 -9999.0 -9999.0 -9999.0 -9999.0 -9999.0 0.020074 0.045698 0.020578 0.040102 0.020066 0.020035 -9999.0 -9999.0 -9999.0 -9999.0 -9999.0 -9999.0 -9999.0 -9999.0 -9999.0 -9999.0 -9999.0 -9999.0 -9999.0 -9999.0 -9999.0 -9999.0 -9999.0 -9999.0 -9999.0 -9999.0 -9999.0 -9999.0 -9999.0 -9999.0 -9999.0 -9999.0 -9999.0 -9999.0 -9999.0 -9999.0
-9999.0 -9999.0 -9999.0 -9999.0 -9999.0 -9999.0 -9999.0 -9999.0 -9999.0 -9999.0 -9999.0 -9999.0 -9999.0 -9999.0 -9999.0 -9999.0 -9999.0 -9999.0 -9999.0 -9999.0 -9999.0 -9999.0 -9999.0 -9999.0 0.107389 0.133621 0.189381 0.108108 0.205973 0.144176 0.040069 -9999.0 -9999.0 -9999.0 -9999.0 -9999.0 -9999.0 -9999.0 -9999.0 -9999.0 -9999.0 -9999.0 -9999.0 -9999.0 -9999.0 -9999.0 -9999.0 -9999.0 -9999.0 -9999.0 -9999.0 -9999.0 -9999.0 -9999.0 -9999.0 -9999.0 -9999.0 -9999.0 -9999.0 -9999.0 -9999.0 -9999.0 -9999.0
-9999.0 -9999.0 -9999.0 -9999.0 -9999.0 -9999.0 -9999.0 -9999.0 -9999.0 -9999.0 -9999.0 -9999.0 -9999.0 -9999.0 -9999.0 -9999.0 -9999.0 -9999.0 -9999.0 -9999.0 -9999.0 -9999.0 -9999.0 0.143616 0.182709 0.083662 0.073902 0.059005 0.059191 0.105356 0.040077 0.040029 -9999.0 -9999.0 -9999.0 -9999.0 -9999.0 -9999.0 -9999.0 -9999.0 -9999.0 -9999.0 -9999.0 -9999.0 -9999.0 -9999.0 -9999.0 -9999.0 -9999.0 -9999.0 -9999.0 -9999.0 -9999.0 -9999.0 -9999.0 -9999.0 -9999.0 -9999.0 -9999.0 -9999.0 -9999.0 -9999.0 -9999.0
-9999.0 -9999.0 -9999.0 -9999.0 -9999.0 -9999.0 -9999.0 -9999.0 -9999.0 -9999.0 -9999.0 -9999.0 -9999.0 -9999.0 -9999.0 -9999.0 -9999.0 -9999.0 0.165749 0.166405 -9999.0 0.181231 0.176240 0.060100 0.078252 0.060080 0.135342 0.118502 0.123314 0.090697 0.076112 0.040109 0.020049 0.020035 -9999.0 -9999.0 -9999.0 -9999.0 -9999.0 -9999.0 -9999.0 -9999.0 -9999.0 -9999.0 -9999.0 -9999.0 -9999.0 -9999.0 -9999.0 -9999.0 -9999.0 -9999.0 -9999.0 -9999.0 -9999.0 -9999.0 -9999.0 -9999.0 -9999.0 -9999.0 -9999.0 -9999.0 -9999.0
-9999.0 -9999.0 -9999.0 -9999.0 -9999.0 -9999.0 -9999.0 -9999.0 -9999.0 -9999.0 -9999.0 -9999.0 -9999.0 -9999.0 -9999.0 -9999.0 -9999.0 0.083674 0.073935 0.020555 0.064122 0.157537 0.089273 0.061999 0.116398 0.151785 0.045992 0.106474 0.056699 0.140185 0.179518 0.098091 0.027455 0.020077 0.020043 0.020032 -9999.0 -9999.0 -9999.0 -9999.0 -9999.0 -9999.0 -9999.0 -9999.0 -9999.0 -9999.0 -9999.0 -9999.0 -9999.0 -9999.0 -9999.0 -9999.0 -9999.0 -9999.0 -9999.0 -9999.0 -9999.0 -9999.0 -9999.0 -9999.0 -9999.0 -9999.0 -9999.0
-9999.0 -9999.0 -9999.0 -9999.0 -9999.0 -9999.0 -9999.0 -9999.0 -9999.0 -9999.0 -9999.0 -9999.0 -9999.0 0.097863 0.083138 0.087355 0.079943 0.022608 0.084838 0.060885 0.078146 0.080010 0.060924 0.085863 0.162369 0.177854 0.020120 0.045353 0.043121 0.168464 0.040049 0.215493 0.046286 0.040143 0.020060 0.020030 -9999.0 -9999.0 -9999.0 -9999.0 -9999.0 -9999.0 -9999.0 -9999.0 -9999.0 -9999.0 -9999.0 -9999.0 -9999.0 -9999.0 -9999.0 -9999.0 -9999.0 -9999.0 -9999.0 -9999.0 -9999.0 -9999.0 -9999.0 -9999.0 -9999.0 -9999.0 -9999.0
-9999.0 -9999.0 -9999.0 -9999.0 -9999.0 -9999.0 -9999.0 -9999.0 -9999.0 -9999.0 -9999.0 -9999.0 -9999.0 0.134362 0.075177 0.082033 0.080782 0.134243 0.022603 0.073728 0.064165 0.061285 0.079878 0.104997 0.086020 0.065838 0.045634 0.020105 0.020057 0.040191 0.043154 0.040114 0.020051 0.020031 0.020037 -9999.0 -9999.0 -9999.0 -9999.0 -9999.0 -9999.0 -9999.0 -9999.0 -9999.0 -9999.0 -9999.0 -9999.0 -9999.0 -9999.0 -9999.0 -9999.0 -9999.0 -9999.0 -9999.0 -9999.0 -9999.0 -9999.0 -9999.0 -9999.0 -9999.0 -9999.0 -9999.0 -9999.0
-9999.0 -9999.0 -9999.0 -9999.0 -9999.0 -9999.0 -9999.0 -9999.0 -9999.0 -9999.0 -9999.0 -9999.0 -9999.0 0.073317 0.430000 0.081819 0.082018 0.081554 0.022588 0.083056 0.107602 0.020788 0.140688 0.090965 0.082909 0.085285 0.028508 0.020052 0.040029 0.020043 0.040066 0.020028 0.020027 0.020014 0.020028 -9999.0 -9999.0 -9999.0 -9999.0 -9999.0 -9999.0 -9999.0 -9999.0 -9999.0 -9999.0 -9999.0 -9999.0 -9999.0 -9999.0 -9999.0 -9999.0 -9999.0 -9999.0 -9999.0 -9999.0 -9999.0 -9999.0 -9999.0 -9999.0 -9999.0 -9999.0 -9999.0 -9999.0
-9999.0 -9999.0 -9999.0 -9999.0 -9999.0 -9999.0 -9999.0 -9999.0 -9999.0 -9999.0 -9999.0 -9999.0 0.060877 0.430000 0.074053 0.081193 0.096866 0.084535 0.115538 0.020515 0.078454 0.112215 0.021625 0.091468 0.040044 0.045422 0.040021 0.040061 0.046069 0.020048 0.040010 0.020046 0.040021 0.020028 -9999.0 -9999.0 -9999.0 -9999.0 -9999.0 -9999.0 -9999.0 -9999.0 -9999.0 -9999.0 -9999.0 -9999.0 -9999.0 -9999.0 -9999.0 -9999.0 -9999.0 -9999.0 -9999.0 -9999.0 -9999.0 -9999.0 -9999.0 -9999.0 -9999.0 -9999.0 -9999.0 -9999.0 -9999.0
-9999.0 -9999.0 -9999.0 -9999.0 -9999.0 -9999.0 -9999.0 -9999.0 -9999.0 -9999.0 -9999.0 0.137069 0.080296 0.276931 0.074470 0.123422 0.020507 0.082590 0.152464 0.020435 0.065283 0.095369 0.102280 0.047125 0.070502 0.048863 0.040028 0.040391 0.040020 0.020032 0.020045 0.046734 0.020060 0.020038 0.020043 0.020065 0.040030 0.040145 0.020400 -9999.0 -9999.0 -9999.0 0.020035 -9999.0 -9999.0 -9999.0 -9999.0 -9999.0 -9999.0 -9999.0 -9999.0 -9999.0 -9999.0 -9999.0 -9999.0 -9999.0 -9999.0 -9999.0 -9999.0 -9999.0 -9999.0 -9999.0 -9999.0
-9999.0 -9999.0 -9999.0 -9999.0 -9999.0 -9999.0 -9999.0 -9999.0 -9999.0 -9999.0 -9999.0 0.136368 0.078248 0.058705 0.070798 0.090424 0.068669 0.072327 0.147197 0.099130 0.114456 0.103933 0.216614 0.040032 0.040065 0.044604 0.040135 0.062024 0.020860 0.020037 0.040234 0.169842 0.040026 0.040015 0.040012 0.040219 0.119322 0.052817 0.040916 0.020041 0.020042 0.020036 0.040117 0.020050 -9999.0 -9999.0 -9999.0 0.040008 0.040011 0.020037 0.040014 0.020028 0.020027 0.040009 0.040009 0.020026 -9999.0 -9999.0 -9999.0 -9999.0 -9999.0 -9999.0 -9999.0
-9999.0 -9999.0 -9999.0 -9999.0 -9999.0 -9999.0 -9999.0 -9999.0 -9999.0 -9999.0 -9999.0 0.141484 0.131161 0.068571 0.162771 0.088569 0.083317 0.075725 0.080999 0.098842 0.138087 0.134284 0.040084 0.135501 0.042417 0.020081 0.040069 0.040017 0.020068 0.040014 0.020057 0.040052 0.081709 0.040016 0.020049 0.104518 0.040089 0.040099 0.076841 0.020060 0.042812 0.020069 0.079043 0.040788 0.040015 -9999.0 0.020027 0.040015 0.040110 0.046583 0.024445 0.023043 0.023316 0.040086 0.020137 0.040017 -9999.0 -9999.0 -9999.0 -9999.0 -9999.0 -9999.0 -9999.0
-9999.0 -9999.0 -9999.0 -9999.0 -9999.0 -9999.0 -9999.0 -9999.0 -9999.0 -9999.0 -9999.0 -9999.0 0.143105 0.206915 0.128806 0.129384 0.112596 0.077523 0.139243 0.100258 0.085741 0.074079 0.066868 0.040163 0.040025 0.040061 0.430000 0.024307 0.040085 0.020051 0.040131 0.040069 0.024640 0.040064 0.040023 0.045969 0.040071 0.040116 0.151642 0.022801 0.094934 0.029981 0.040161 0.208675 0.020057 0.040014 0.020035 0.040016 0.040025 0.040133 0.042037 0.040080 0.040015 0.040038 0.040024 0.040240 0.040018 -9999.0 -9999.0 -9999.0 -9999.0 -9999.0 -9999.0
-9999.0 -9999.0 -9999.0 -9999.0 -9999.0 -9999.0 -9999.0 -9999.0 -9999.0 -9999.0 -9999.0 0.040130 0.163141 0.085753 0.218283 0.121232 0.087484 0.086338 0.102478 0.107715 0.081287 0.135311 0.298759 0.040065 0.040070 0.040187 0.040149 0.040063 0.040035 0.020106 0.040062 0.040042 0.140356 0.040072 0.040012 0.040185 0.040465 0.040133 0.152917 0.082489 0.040131 0.103556 0.197529 0.020244 0.119480 0.040077 0.045908 0.020124 0.029868 0.022413 0.020041 0.040075 0.040015 0.020027 0.020024 0.020027 0.020048 -9999.0 -9999.0 -9999.0 -9999.0 -9999.0 -9999.0
-9999.0 -9999.0 -9999.0 -9999.0 -9999.0 -9999.0 -9999.0 -9999.0 -9999.0 -9999.0 0.429653 0.042011 0.175567 0.162507 0.140260 0.426718 0.419068 0.149026 0.089927 0.111699 0.119337 0.166790 0.040223 0.177629 0.074329 0.040036 0.040038 0.020032 0.024609 0.118909 0.046253 0.040050 0.140724 0.040068 0.020029 0.020058 0.067133 0.040101 0.043491 0.351842 0.178799 0.030469 0.155043 0.192089 0.048195 0.020135 0.045992 0.040226 0.043581 0.100283 0.020031 0.020033 0.020022 0.020024 0.020026 0.040064 0.040079 -9999.0 -9999.0 -9999.0 -9999.0 -9999.0 -9999.0
-9999.0 -9999.0 -9999.0 -9999.0 -9999.0 -9999.0 -9999.0 -9999.0 -9999.0 0.045830 0.240195 0.044541 0.074112 0.040139 0.052337 0.061350 0.044632 0.141298 0.076430 0.104940 0.113755 0.098997 0.094792 0.100156 0.283553 0.040054 0.040022 0.145311 0.042364 0.112797 0.344284 0.020085 0.020064 0.020034 0.020041 0.020058 0.113698 0.040058 0.040083 0.045254 0.040301 0.040566 0.040313 0.109950 0.100096 0.044883 0.117442 0.040112 0.040116 0.328869 0.020079 0.020045 0.020022 0.020022 0.020028 0.040014 0.040021 0.020052 0.020030 -9999.0 -9999.0 -9999.0 -9999.0
-9999.0 -9999.0 -9999.0 -9999.0 -9999.0 -9999.0 -9999.0 -9999.0 -9999.0 0.023534 0.045794 0.111965 0.430000 0.169142 0.042171 0.040130 0.167494 0.111853 0.074784 0.099656 0.104714 0.080179 0.138616 0.220504 0.040085 0.040049 0.040161 0.085719 0.243645 0.223692 0.114327 0.040033 0.045535 0.040017 0.040100 0.020057 0.020071 0.024204 0.041164 0.133112 0.040099 0.040039 0.040248 0.183415 0.146277 0.131582 0.095855 0.078690 0.137302 0.203340 0.020049 0.040008 0.020023 0.040008 0.020038 0.040010 0.040024 0.040037 0.020080 -9999.0 -9999.0 -9999.0 -9999.0
-9999.0 -9999.0 -9999.0 -9999.0 -9999.0 -9999.0 -9999.0 -9999.0 -9999.0 -9999.0 0.040109 0.133979 0.064050 0.040197 0.138396 0.044766 0.151197 0.088619 0.073212 0.093798 0.107777 0.068698 0.097723 0.041912 0.040067 0.047524 0.312658 0.180288 0.147902 0.040048 0.040036 0.040018 0.040013 0.040033 0.062242 0.142871 0.185378 0.198145 0.020072 0.040190 0.040075 0.212540 0.430000 0.047182 0.148104 0.192198 0.081766 0.138815 0.062824 0.099681 0.020076 0.020052 0.020027 0.020023 0.040008 0.040014 0.101341 0.040036 0.052757 0.062860 -9999.0 -9999.0 -9999.0
-9999.0 -9999.0 -9999.0 -9999.0 -9999.0 -9999.0 -9999.0 -9999.0 -9999.0 -9999.0 0.040078 0.046167 0.189730 0.111307 0.225363 0.141512 0.167313 0.101600 0.083526 0.084646 0.085003 0.082034 0.077531 0.040931 0.048059 0.267784 0.201116 0.187966 0.040066 0.040015 0.040139 0.240858 0.020037 0.040018 0.040196 0.208995 0.040037 0.044892 0.040036 0.040046 0.044431 0.129127 0.040156 0.087165 0.226621 0.020573 0.117829 0.135803 0.078532 0.066169 0.378269 0.040033 0.040011 0.020030 0.020021 0.020024 0.040014 0.040100 0.307821 0.256584 -9999.0 -9999.0 -9999.0
-9999.0 -9999.0 -9999.0 -9999.0 -9999.0 -9999.0 -9999.0 -9999.0 0.147544 0.040125 0.020067 0.184224 0.040069 0.040252 0.051258 0.173229 0.064455 0.080078 0.080114 0.082953 0.079686 0.072501 0.073742 0.078185 0.119361 0.213114 0.245946 0.040131 0.040048 0.040015 0.020034 0.040174 0.040242 0.040025 0.045593 0.045606 0.110433 0.064771 0.040024 0.020058 0.020121 0.214367 0.020041 0.020064 0.040241 0.430000 0.040027 0.040190 0.158264 0.184858 0.279111 0.020194 0.040017 0.040007 0.020026 0.020058 0.020056 0.212625 0.108596 0.095192 -9999.0 -9999.0 -9999.0
-9999.0 -9999.0 -9999.0 -9999.0 -9999.0 -9999.0 -9999.0 -9999.0 0.020043 0.040072 0.040019 0.040035 0.045936 0.040026 0.040106 0.181916 0.088863 0.080104 0.063003 0.082520 0.143350 0.091775 0.083290 0.077338 0.074834 0.115146 0.255829 0.042073 0.020038 0.040061 0.040016 0.020067 0.046145 0.020075 0.146163 0.184052 0.111904 0.333889 0.040482 0.068560 0.040166 0.020070 0.020081 0.080879 0.382977 0.040108 0.020036 0.046947 0.042611 0.194968 0.246027 0.041648 0.040015 0.040015 0.022098 0.020089 0.040080 0.131435 0.068942 0.110546 0.085687 -9999.0 -9999.0
-9999.0 -9999.0 -9999.0 -9999.0 -9999.0 -9999.0 -9999.0 -9999.0 0.040166 0.044799 0.044548 0.040013 0.222840 0.020044 0.040107 0.040134 0.134250 0.080997 0.071943 0.143031 0.082239 0.091214 0.083012 0.081662 0.088444 0.080095 0.233484 0.040070 0.020033 0.040279 0.020092 0.235662 0.040033 0.020087 0.225242 0.118031 0.160880 0.163155 0.065077 0.040189 0.056436 0.020108 0.132877 0.043610 0.040057 0.125123 0.020057 0.044530 0.040027 0.121718 0.179391 0.313904 0.040025 0.040016 0.040094 0.184551 0.324824 0.136246 0.076001 0.110389 0.100715 -9999.0 -9999.0
-9999.0 -9999.0 -9999.0 -9999.0 -9999.0 -9999.0 -9999.0 -9999.0 0.020038 0.073812 0.040193 0.020034 0.103763 0.040050 0.020560 0.263963 0.066247 0.072936 0.110725 0.083023 0.083386 0.083757 0.093234 0.092910 0.091482 0.131010 0.054310 0.040034 0.186387 0.040259 0.040118 0.041424 0.057122 0.360068 0.021965 0.103393 0.096163 0.078376 0.140742 0.066181 0.113030 0.114678 0.119795 0.040427 0.047646 0.020119 0.024722 0.024834 0.045437 0.040086 0.201747 0.135654 0.283033 0.040732 0.409417 0.276142 0.099295 0.130262 0.110918 0.103539 0.090786 0.129300 -9999.0
-9999.0 -9999.0 -9999.0 -9999.0 -9999.0 -9999.0 -9999.0 -9999.0 0.040011 0.132387 0.040024 0.040049 0.040388 0.044869 0.334205 0.143929 0.165742 0.086589 0.117123 0.079417 0.083537 0.086549 0.084591 0.084652 0.080830 0.137230 0.040083 0.047137 0.191358 0.429104 0.040931 0.285996 0.076499 0.187027 0.089016 0.066347 0.063518 0.074478 0.066354 0.117064 0.077838 0.022358 0.098952 0.030942 0.040100 0.116308 0.041403 0.059848 0.040523 0.253194 0.073838 0.114135 0.135230 0.156735 0.218529 0.218312 0.156799 0.126489 0.114239 0.075650 0.080144 0.136290 -9999.0
-9999.0 -9999.0 0.024031 0.117405 0.040013 0.040042 0.040019 0.040023 0.040058 0.043156 0.040075 0.040301 0.046026 0.429955 0.135890 0.415748 0.097080 0.040071 0.040168 0.178196 0.079738 0.084594 0.097554 0.081963 0.089188 0.085100 0.148054 0.150516 0.095386 0.124648 0.108670 0.124067 0.116787 0.080648 0.081811 0.076903 0.079824 0.072126 0.064566 0.068081 0.062190 0.061870 0.068091 0.083378 0.150015 0.078334 0.143569 0.175388 0.064678 0.084585 0.081837 0.118128 0.150005 0.179337 0.202774 0.184565 0.162659 0.121562 0.080561 0.087698 0.128855 0.147297 -9999.0
-9999.0 0.040146 0.040122 0.040087 0.040047 0.040114 0.040018 0.040018 0.040012 0.040033 0.040028 0.040119 0.321006 0.241684 0.430000 0.040752 0.040069 0.040033 0.040055 0.157964 0.081134 0.076575 0.119370 0.111391 0.084622 0.084384 0.089525 0.090992 0.080553 0.095342 0.079903 0.081261 0.080753 0.089456 0.075643 0.081710 0.071472 0.070036 0.081533 0.081980 0.074238 0.076370 0.070918 0.074725 0.077062 0.075960 0.106609 0.072972 0.075334 0.101482 0.111885 0.135924 0.162366 0.203480 0.209874 0.327010 0.296538 0.271232 0.322792 0.243025 0.212045 0.150030 -9999.0
-9999.0 0.204135 0.077198 0.062702 0.238918 0.042905 0.040024 0.040014 0.040026 0.020059 0.040021 0.040069 0.245575 0.323709 0.046162 0.040025 0.040019 0.040026 0.040840 0.120781 0.237181 0.148293 0.133665 0.138379 0.162511 0.147895 0.078296 0.085433 0.079760 0.071410 0.070843 0.071250 0.083819 0.090650 0.091822 0.082963 0.132626 0.129603 0.080906 0.080543 0.080809 0.085321 0.071471 0.078020 0.075066 0.069691 0.090368 0.088328 0.091562 0.098034 0.098855 0.147470 0.235570 0.326305 0.430000 0.067317 0.040485 0.050653 0.067078 0.045870 0.078583 -9999.0 -9999.0
-9999.0 0.087125 0.058435 0.050892 0.278223 0.245529 0.256531 0.040045 0.040031 0.040033 0.040078 0.089995 0.232168 0.407700 0.040052 0.040017 0.040015 0.040044 0.040047 0.040579 0.042918 0.072331 0.135560 0.172594 0.167784 0.110236 0.100799 0.096837 0.084173 0.089362 0.082249 0.081812 0.086473 0.085065 0.083492 0.082381 0.081995 0.127976 0.081755 0.081638 0.081725 0.132262 0.082389 0.081106 0.081235 0.084964 0.086779 0.092054 0.104930 0.098553 0.136044 0.212760 0.086777 0.429340 0.042837 0.040067 0.040065 0.040045 0.040050 -9999.0 -9999.0 -9999.0 -9999.0
