user2019/resources/simulation/Vinschgau/output-maps/thetaliqL0003N1102.asc
ncols         63
nrows         48
xllcorner     598000.000000
yllcorner     5145000.000000
cellsize      1000.000000
NODATA_value  -9999.0
[rows 0 to 28 of 48, columns 0 to 62 of 63]
-9999.0 -9999.0 -9999.0 -9999.0 -9999.0 -9999.0 -9999.0 -9999.0 -9999.0 -9999.0 -9999.0 -9999.0 -9999.0 -9999.0 -9999.0 -9999.0 -9999.0 -9999.0 -9999.0 -9999.0 -9999.0 -9999.0 -9999.0 -9999.0 -9999.0 -9999.0 -9999.0 -9999.0 -9999.0 -9999.0 -9999.0 -9999.0 -9999.0 -9999.0 -9999.0 -9999.0 -9999.0 -9999.0 -9999.0 -9999.0 -9999.0 -9999.0 -9999.0 -9999.0 -9999.0 -9999.0 -9999.0 -9999.0 -9999.0 -9999.0 -9999.0 -9999.0 -9999.0 -9999.0 -9999.0 -9999.0 -9999.0 -9999.0 -9999.0 -9999.0 -9999.0 -9999.0 -9999.0
-9999.0 -9999.0 -9999.0 -9999.0 -9999.0 -9999.0 -9999.0 -9999.0 -9999.0 -9999.0 -9999.0 -9999.0 -9999.0 -9999.0 -9999.0 -9999.0 -9999.0 -9999.0 -9999.0 -9999.0 -9999.0 -9999.0 -9999.0 -9999.0 -9999.0 -9999.0 -9999.0 0.145156 0.081471 0.157675 0.040697 0.041821 0.040770 -9999.0 -9999.0 -9999.0 -9999.0 -9999.0 -9999.0 -9999.0 -9999.0 -9999.0 -9999.0 -9999.0 -9999.0 -9999.0 -9999.0 -9999.0 -9999.0 -9999.0 -9999.0 -9999.0 -9999.0 -9999.0 -9999.0 -9999.0 -9999.0 -9999.0 -9999.0 -9999.0 -9999.0 -9999.0 -9999.0
-9999.0 -9999.0 -9999.0 -9999.0 -9999.0 -9999.0 -9999.0 -9999.0 -9999.0 -9999.0 -9999.0 -9999.0 -9999.0 -9999.0 -9999.0 -9999.0 -9999.0 -9999.0 -9999.0 -9999.0 -9999.0 -9999.0 -9999.0 -9999.0 0.059442 0.502190 0.303042 0.501499 0.047076 0.044044 0.044683 -9999.0 -9999.0 -9999.0 -9999.0 -9999.0 -9999.0 -9999.0 -9999.0 -9999.0 -9999.0 -9999.0 -9999.0 -9999.0 -9999.0 -9999.0 -9999.0 -9999.0 -9999.0 -9999.0 -9999.0 -9999.0 -9999.0 -9999.0 -9999.0 -9999.0 -9999.0 -9999.0 -9999.0 -9999.0 -9999.0 -9999.0 -9999.0
-9999.0 -9999.0 -9999.0 -9999.0 -9999.0 -9999.0 -9999.0 -9999.0 -9999.0 -9999.0 -9999.0 -9999.0 -9999.0 -9999.0 -9999.0 -9999.0 -9999.0 -9999.0 -9999.0 -9999.0 -9999.0 -9999.0 -9999.0 0.511002 0.516775 0.149084 0.104860 0.075762 0.295925 0.511670 0.045920 0.041618 -9999.0 -9999.0 -9999.0 -9999.0 -9999.0 -9999.0 -9999.0 -9999.0 -9999.0 -9999.0 -9999.0 -9999.0 -9999.0 -9999.0 -9999.0 -9999.0 -9999.0 -9999.0 -9999.0 -9999.0 -9999.0 -9999.0 -9999.0 -9999.0 -9999.0 -9999.0 -9999.0 -9999.0 -9999.0 -9999.0 -9999.0
-9999.0 -9999.0 -9999.0 -9999.0 -9999.0 -9999.0 -9999.0 -9999.0 -9999.0 -9999.0 -9999.0 -9999.0 -9999.0 -9999.0 -9999.0 -9999.0 -9999.0 -9999.0 0.334108 0.517999 -9999.0 0.514683 0.516736 0.106414 0.178231 0.073764 0.332004 0.336787 0.402180 0.210036 0.201414 0.042169 0.021563 0.053095 -9999.0 -9999.0 -9999.0 -9999.0 -9999.0 -9999.0 -9999.0 -9999.0 -9999.0 -9999.0 -9999.0 -9999.0 -9999.0 -9999.0 -9999.0 -9999.0 -9999.0 -9999.0 -9999.0 -9999.0 -9999.0 -9999.0 -9999.0 -9999.0 -9999.0 -9999.0 -9999.0 -9999.0 -9999.0
-9999.0 -9999.0 -9999.0 -9999.0 -9999.0 -9999.0 -9999.0 -9999.0 -9999.0 -9999.0 -9999.0 -9999.0 -9999.0 -9999.0 -9999.0 -9999.0 -9999.0 0.074357 0.077441 0.022140 0.177496 0.118618 0.355086 0.306761 0.308277 0.157295 0.045119 0.177677 0.053055 0.455284 0.520000 0.258483 0.044197 0.117245 0.021355 0.024215 -9999.0 -9999.0 -9999.0 -9999.0 -9999.0 -9999.0 -9999.0 -9999.0 -9999.0 -9999.0 -9999.0 -9999.0 -9999.0 -9999.0 -9999.0 -9999.0 -9999.0 -9999.0 -9999.0 -9999.0 -9999.0 -9999.0 -9999.0 -9999.0 -9999.0 -9999.0 -9999.0
-9999.0 -9999.0 -9999.0 -9999.0 -9999.0 -9999.0 -9999.0 -9999.0 -9999.0 -9999.0 -9999.0 -9999.0 -9999.0 0.481070 0.291147 0.092241 0.074529 0.022474 0.075117 0.073907 0.116014 0.242408 0.119475 0.313476 0.098730 0.520000 0.021658 0.040389 0.045565 0.075082 0.040808 0.203614 0.041614 0.040819 0.020429 0.020964 -9999.0 -9999.0 -9999.0 -9999.0 -9999.0 -9999.0 -9999.0 -9999.0 -9999.0 -9999.0 -9999.0 -9999.0 -9999.0 -9999.0 -9999.0 -9999.0 -9999.0 -9999.0 -9999.0 -9999.0 -9999.0 -9999.0 -9999.0 -9999.0 -9999.0 -9999.0 -9999.0
-9999.0 -9999.0 -9999.0 -9999.0 -9999.0 -9999.0 -9999.0 -9999.0 -9999.0 -9999.0 -9999.0 -9999.0 -9999.0 0.449222 0.089152 0.080574 0.075615 0.167276 0.022469 0.076312 0.074923 0.088279 0.152291 0.284658 0.376982 0.112088 0.368454 0.144739 0.070750 0.040913 0.040161 0.043197 0.021789 0.020038 0.021074 -9999.0 -9999.0 -9999.0 -9999.0 -9999.0 -9999.0 -9999.0 -9999.0 -9999.0 -9999.0 -9999.0 -9999.0 -9999.0 -9999.0 -9999.0 -9999.0 -9999.0 -9999.0 -9999.0 -9999.0 -9999.0 -9999.0 -9999.0 -9999.0 -9999.0 -9999.0 -9999.0 -9999.0
-9999.0 -9999.0 -9999.0 -9999.0 -9999.0 -9999.0 -9999.0 -9999.0 -9999.0 -9999.0 -9999.0 -9999.0 -9999.0 0.077451 0.520000 0.076109 0.080248 0.076650 0.022448 0.074855 0.191950 0.100319 0.188278 0.060285 0.297790 0.442621 0.182989 0.034241 0.042208 0.020049 0.044108 0.020030 0.020032 0.020016 0.026095 -9999.0 -9999.0 -9999.0 -9999.0 -9999.0 -9999.0 -9999.0 -9999.0 -9999.0 -9999.0 -9999.0 -9999.0 -9999.0 -9999.0 -9999.0 -9999.0 -9999.0 -9999.0 -9999.0 -9999.0 -9999.0 -9999.0 -9999.0 -9999.0 -9999.0 -9999.0 -9999.0 -9999.0
-9999.0 -9999.0 -9999.0 -9999.0 -9999.0 -9999.0 -9999.0 -9999.0 -9999.0 -9999.0 -9999.0 -9999.0 0.125890 0.520000 0.080986 0.231445 0.134983 0.090079 0.140331 0.022112 0.179059 0.111341 0.043765 0.067599 0.040667 0.279921 0.040073 0.044297 0.041372 0.021309 0.040014 0.022255 0.040630 0.022986 -9999.0 -9999.0 -9999.0 -9999.0 -9999.0 -9999.0 -9999.0 -9999.0 -9999.0 -9999.0 -9999.0 -9999.0 -9999.0 -9999.0 -9999.0 -9999.0 -9999.0 -9999.0 -9999.0 -9999.0 -9999.0 -9999.0 -9999.0 -9999.0 -9999.0 -9999.0 -9999.0 -9999.0 -9999.0
-9999.0 -9999.0 -9999.0 -9999.0 -9999.0 -9999.0 -9999.0 -9999.0 -9999.0 -9999.0 -9999.0 0.520000 0.194431 0.520000 0.087030 0.385647 0.021960 0.088904 0.240876 0.052967 0.076289 0.321033 0.516447 0.494491 0.040628 0.042035 0.042619 0.041493 0.041680 0.020979 0.027294 0.042797 0.021077 0.025931 0.022718 0.084029 0.043275 0.047011 0.041187 -9999.0 -9999.0 -9999.0 0.041051 -9999.0 -9999.0 -9999.0 -9999.0 -9999.0 -9999.0 -9999.0 -9999.0 -9999.0 -9999.0 -9999.0 -9999.0 -9999.0 -9999.0 -9999.0 -9999.0 -9999.0 -9999.0 -9999.0 -9999.0
-9999.0 -9999.0 -9999.0 -9999.0 -9999.0 -9999.0 -9999.0 -9999.0 -9999.0 -9999.0 -9999.0 0.520000 0.139616 0.080076 0.071587 0.423543 0.069541 0.074499 0.162168 0.176155 0.269718 0.482944 0.516115 0.040504 0.040043 0.044078 0.046258 0.042303 0.021380 0.021178 0.041441 0.045704 0.041974 0.040392 0.041166 0.041596 0.044919 0.306378 0.138570 0.025313 0.040964 0.053045 0.043762 0.022679 -9999.0 -9999.0 -9999.0 0.040637 0.040613 0.020874 0.040403 0.020755 0.020730 0.040527 0.040369 0.020680 -9999.0 -9999.0 -9999.0 -9999.0 -9999.0 -9999.0 -9999.0
-9999.0 -9999.0 -9999.0 -9999.0 -9999.0 -9999.0 -9999.0 -9999.0 -9999.0 -9999.0 -9999.0 0.520000 0.484000 0.515817 0.375065 0.383992 0.284476 0.084364 0.091594 0.147677 0.186537 0.166884 0.041361 0.496694 0.071501 0.154298 0.040679 0.040054 0.106639 0.041251 0.066362 0.040040 0.042480 0.041216 0.021936 0.044202 0.040083 0.040182 0.334628 0.060599 0.041465 0.042746 0.042184 0.041404 0.040879 -9999.0 0.043814 0.040375 0.041672 0.042934 0.042610 0.099777 0.041637 0.044751 0.040532 0.040803 -9999.0 -9999.0 -9999.0 -9999.0 -9999.0 -9999.0 -9999.0
-9999.0 -9999.0 -9999.0 -9999.0 -9999.0 -9999.0 -9999.0 -9999.0 -9999.0 -9999.0 -9999.0 -9999.0 0.520000 0.045240 0.439972 0.436031 0.199052 0.087018 0.188445 0.165779 0.120214 0.348320 0.040835 0.040074 0.040302 0.040759 0.514974 0.340484 0.045321 0.032531 0.042456 0.040047 0.042693 0.041319 0.040765 0.041782 0.040048 0.040277 0.364921 0.445774 0.113684 0.182863 0.040079 0.408445 0.043046 0.040873 0.021061 0.040975 0.040025 0.040070 0.050004 0.040049 0.040048 0.040031 0.040023 0.040627 0.041083 -9999.0 -9999.0 -9999.0 -9999.0 -9999.0 -9999.0
-9999.0 -9999.0 -9999.0 -9999.0 -9999.0 -9999.0 -9999.0 -9999.0 -9999.0 -9999.0 -9999.0 0.040685 0.513389 0.520000 0.044910 0.416914 0.340254 0.116945 0.169835 0.106253 0.096951 0.287579 0.046149 0.041647 0.040848 0.040220 0.040217 0.044672 0.043470 0.158850 0.040589 0.040106 0.281107 0.041397 0.041030 0.040869 0.051614 0.040111 0.156023 0.290814 0.045214 0.087201 0.041801 0.022547 0.517174 0.046009 0.041228 0.156178 0.183649 0.063558 0.020104 0.046034 0.040030 0.020048 0.020039 0.020026 0.021372 -9999.0 -9999.0 -9999.0 -9999.0 -9999.0 -9999.0
-9999.0 -9999.0 -9999.0 -9999.0 -9999.0 -9999.0 -9999.0 -9999.0 -9999.0 -9999.0 0.515860 0.044072 0.515807 0.520000 0.495934 0.096310 0.076633 0.161349 0.088280 0.110866 0.243910 0.359656 0.042454 0.520000 0.053334 0.040341 0.040572 0.020061 0.251117 0.514872 0.040270 0.040201 0.420627 0.043098 0.020924 0.068872 0.372178 0.040060 0.040747 0.450154 0.484623 0.184021 0.193840 0.387581 0.056264 0.138136 0.430682 0.040089 0.040296 0.080963 0.020061 0.020969 0.020035 0.020025 0.020032 0.043461 0.042777 -9999.0 -9999.0 -9999.0 -9999.0 -9999.0 -9999.0
-9999.0 -9999.0 -9999.0 -9999.0 -9999.0 -9999.0 -9999.0 -9999.0 -9999.0 0.058175 0.511523 0.040169 0.042018 0.044541 0.041717 0.046477 0.054443 0.416320 0.082194 0.093433 0.216115 0.120109 0.186369 0.340162 0.183041 0.040164 0.040205 0.515292 0.043806 0.050321 0.239843 0.040118 0.083295 0.020040 0.060967 0.068550 0.044900 0.040042 0.040881 0.040328 0.040233 0.043354 0.043057 0.172716 0.350936 0.060162 0.520000 0.043708 0.043838 0.337661 0.040469 0.021251 0.020022 0.020477 0.020645 0.040033 0.040032 0.023826 0.020787 -9999.0 -9999.0 -9999.0 -9999.0
-9999.0 -9999.0 -9999.0 -9999.0 -9999.0 -9999.0 -9999.0 -9999.0 -9999.0 0.053292 0.229958 0.515891 0.520000 0.101400 0.051878 0.044403 0.520000 0.402100 0.078198 0.129424 0.160160 0.083309 0.363331 0.520000 0.040413 0.040856 0.044607 0.069910 0.520000 0.472098 0.519334 0.040075 0.043455 0.041513 0.040709 0.068194 0.144637 0.183163 0.130112 0.346619 0.040058 0.040693 0.046604 0.485828 0.223952 0.339349 0.378743 0.413309 0.101086 0.426827 0.040036 0.040019 0.020299 0.040380 0.020301 0.040019 0.040059 0.040046 0.121817 -9999.0 -9999.0 -9999.0 -9999.0
-9999.0 -9999.0 -9999.0 -9999.0 -9999.0 -9999.0 -9999.0 -9999.0 -9999.0 -9999.0 0.045685 0.094704 0.047574 0.040857 0.141087 0.055153 0.092430 0.328687 0.075331 0.113665 0.187397 0.077319 0.080053 0.041134 0.042051 0.052674 0.515679 0.515120 0.520000 0.040129 0.040084 0.040063 0.040051 0.042081 0.042181 0.285449 0.515170 0.460897 0.127970 0.042710 0.047764 0.515625 0.520000 0.060764 0.112822 0.158598 0.176494 0.345029 0.267514 0.370064 0.040090 0.040033 0.020411 0.020292 0.040375 0.040378 0.041581 0.040414 0.040843 0.066701 -9999.0 -9999.0 -9999.0
-9999.0 -9999.0 -9999.0 -9999.0 -9999.0 -9999.0 -9999.0 -9999.0 -9999.0 -9999.0 0.042682 0.185158 0.515210 0.046688 0.520000 0.170779 0.122933 0.108684 0.081404 0.073220 0.077432 0.095602 0.067204 0.050771 0.058181 0.520000 0.449837 0.132828 0.040230 0.040064 0.043243 0.047158 0.020054 0.041559 0.041816 0.504489 0.040517 0.040203 0.040363 0.043690 0.041471 0.176317 0.040074 0.513923 0.520000 0.044250 0.085752 0.116041 0.157747 0.353408 0.187169 0.040490 0.040036 0.020325 0.020242 0.020311 0.040808 0.040699 0.520000 0.520000 -9999.0 -9999.0 -9999.0
-9999.0 -9999.0 -9999.0 -9999.0 -9999.0 -9999.0 -9999.0 -9999.0 0.043881 0.041735 0.042480 0.044034 0.040072 0.043239 0.053510 0.273611 0.081654 0.077624 0.080762 0.071431 0.072945 0.073940 0.077700 0.093657 0.377551 0.362908 0.398798 0.041051 0.040653 0.040072 0.020040 0.042657 0.048556 0.041988 0.041244 0.249722 0.520000 0.041486 0.040048 0.067969 0.161107 0.450474 0.020108 0.120716 0.184644 0.520000 0.040055 0.044241 0.141405 0.410885 0.513335 0.041373 0.040028 0.040016 0.020356 0.041143 0.047198 0.520000 0.500836 0.204535 -9999.0 -9999.0 -9999.0
-9999.0 -9999.0 -9999.0 -9999.0 -9999.0 -9999.0 -9999.0 -9999.0 0.020071 0.040051 0.040141 0.043235 0.235531 0.040154 0.040748 0.145010 0.103207 0.089392 0.072717 0.071390 0.143508 0.086976 0.081999 0.068961 0.077783 0.142393 0.355200 0.043905 0.020079 0.043783 0.041341 0.126696 0.041765 0.145702 0.043129 0.514000 0.520000 0.091150 0.043893 0.205503 0.047075 0.040025 0.149589 0.506264 0.512343 0.040088 0.020078 0.178753 0.045812 0.354478 0.470133 0.051431 0.040031 0.041028 0.043992 0.020212 0.041213 0.087720 0.454658 0.242118 0.076543 -9999.0 -9999.0
-9999.0 -9999.0 -9999.0 -9999.0 -9999.0 -9999.0 -9999.0 -9999.0 0.047306 0.260447 0.045341 0.040057 0.042950 0.020131 0.042955 0.041282 0.200452 0.109202 0.073424 0.136843 0.070897 0.074912 0.075315 0.072355 0.123950 0.093998 0.362412 0.040258 0.020041 0.041707 0.155094 0.434297 0.040531 0.040492 0.516062 0.520000 0.089228 0.520000 0.053871 0.040087 0.424696 0.166527 0.293100 0.187520 0.040057 0.323696 0.061273 0.051401 0.040500 0.094079 0.326002 0.517564 0.040070 0.040036 0.040421 0.042437 0.520000 0.448272 0.186545 0.255602 0.180294 -9999.0 -9999.0
-9999.0 -9999.0 -9999.0 -9999.0 -9999.0 -9999.0 -9999.0 -9999.0 0.021138 0.356603 0.040177 0.020053 0.306044 0.040752 0.043041 0.324486 0.075962 0.074537 0.167462 0.073563 0.072336 0.072432 0.081464 0.073871 0.090870 0.219530 0.052894 0.040081 0.514695 0.040102 0.041316 0.041263 0.082651 0.043000 0.046399 0.497122 0.383391 0.091708 0.382803 0.046202 0.514653 0.515378 0.514800 0.183739 0.412120 0.162607 0.458287 0.174362 0.257990 0.042757 0.115068 0.323509 0.477771 0.040718 0.520000 0.520000 0.325551 0.185226 0.123484 0.189109 0.208780 0.169280 -9999.0
-9999.0 -9999.0 -9999.0 -9999.0 -9999.0 -9999.0 -9999.0 -9999.0 0.040612 0.042288 0.040119 0.040137 0.040076 0.041025 0.520000 0.340140 0.356841 0.105997 0.183037 0.088440 0.077427 0.076609 0.074078 0.074910 0.131235 0.182504 0.040401 0.059208 0.146531 0.045180 0.043626 0.514171 0.520000 0.423639 0.439195 0.349551 0.162117 0.078351 0.076451 0.424483 0.465066 0.512322 0.516106 0.120538 0.043071 0.520000 0.046402 0.040980 0.048706 0.407313 0.425392 0.157735 0.258640 0.343624 0.520000 0.520000 0.346095 0.262151 0.232149 0.174551 0.101469 0.181822 -9999.0
-9999.0 -9999.0 0.286510 0.198221 0.040034 0.040588 0.040050 0.040025 0.042767 0.043639 0.040059 0.040399 0.048786 0.097260 0.463771 0.515698 0.089434 0.040256 0.045258 0.176036 0.089125 0.085769 0.183684 0.074259 0.079008 0.096547 0.152810 0.192261 0.197550 0.480500 0.085445 0.238862 0.324445 0.106447 0.202447 0.085544 0.079367 0.074270 0.075134 0.078237 0.101457 0.195060 0.131727 0.348027 0.150210 0.378842 0.452737 0.309247 0.314842 0.276943 0.131158 0.187594 0.308415 0.348232 0.407887 0.375653 0.335576 0.271187 0.266909 0.127110 0.292344 0.202251 -9999.0
-9999.0 0.040933 0.040066 0.040056 0.040727 0.040073 0.040199 0.040106 0.040042 0.042321 0.040603 0.040882 0.193411 0.520000 0.520000 0.043577 0.040833 0.040508 0.040797 0.102018 0.094495 0.086451 0.308000 0.125551 0.074577 0.077942 0.109492 0.139352 0.099991 0.231072 0.115673 0.120917 0.143562 0.171127 0.073812 0.076480 0.072174 0.072099 0.074943 0.087464 0.073855 0.073755 0.081663 0.079762 0.084748 0.082113 0.180851 0.075603 0.075872 0.108937 0.202022 0.274434 0.336411 0.393974 0.401140 0.520000 0.391905 0.364360 0.520000 0.433886 0.335733 0.206936 -9999.0
-9999.0 0.520000 0.046501 0.047087 0.519144 0.045069 0.040048 0.040061 0.042071 0.041687 0.040184 0.040260 0.324160 0.520000 0.048565 0.040058 0.040130 0.040405 0.041345 0.086743 0.499226 0.247778 0.149188 0.317159 0.259398 0.147310 0.074065 0.073281 0.109469 0.073030 0.072466 0.072845 0.113987 0.101880 0.109902 0.077230 0.118730 0.106107 0.071322 0.071204 0.071215 0.072851 0.070624 0.072113 0.071421 0.071340 0.079520 0.103549 0.120877 0.156410 0.228855 0.221124 0.336759 0.520000 0.520000 0.059421 0.041334 0.051249 0.056841 0.046242 0.064205 -9999.0 -9999.0
-9999.0 0.517648 0.045114 0.040667 0.455973 0.520000 0.519218 0.040119 0.040566 0.040481 0.040937 0.073673 0.486345 0.520000 0.040142 0.040037 0.040070 0.040678 0.040127 0.041384 0.048044 0.061738 0.185903 0.304595 0.289024 0.193242 0.170890 0.155026 0.073253 0.099576 0.071470 0.070977 0.100742 0.094284 0.079624 0.073116 0.072624 0.102290 0.072002 0.071462 0.071335 0.113938 0.072932 0.069342 0.069625 0.085039 0.092680 0.130412 0.183454 0.120943 0.280217 0.451278 0.070980 0.177469 0.045314 0.040224 0.040207 0.040115 0.040142 -9999.0 -9999.0 -9999.0 -9999.0
