user2019/resources/simulation/Vinschgau/output-maps/thetaiceL0004N0296.asc
ncols         63
nrows         48
xllcorner     598000.000000
yllcorner     5145000.000000
cellsize      1000.000000
NODATA_value  -9999.0
[rows 0 to 28 of 48, columns 0 to 62 of 63]
-9999.0 -9999.0 -9999.0 -9999.0 -9999.0 -9999.0 -9999.0 -9999.0 -9999.0 -9999.0 -9999.0 -9999.0 -9999.0 -9999.0 -9999.0 -9999.0 -9999.0 -9999.0 -9999.0 -9999.0 -9999.0 -9999.0 -9999.0 -9999.0 -9999.0 -9999.0 -9999.0 -9999.0 -9999.0 -9999.0 -9999.0 -9999.0 -9999.0 -9999.0 -9999.0 -9999.0 -9999.0 -9999.0 -9999.0 -9999.0 -9999.0 -9999.0 -9999.0 -9999.0 -9999.0 -9999.0 -9999.0 -9999.0 -9999.0 -9999.0 -9999.0 -9999.0 -9999.0 -9999.0 -9999.0 -9999.0 -9999.0 -9999.0 -9999.0 -9999.0 -9999.0 -9999.0 -9999.0
-9999.0 -9999.0 -9999.0 -9999.0 -9999.0 -9999.0 -9999.0 -9999.0 -9999.0 -9999.0 -9999.0 -9999.0 -9999.0 -9999.0 -9999.0 -9999.0 -9999.0 -9999.0 -9999.0 -9999.0 -9999.0 -9999.0 -9999.0 -9999.0 -9999.0 -9999.0 -9999.0 0.018918 0.260439 0.018782 0.243025 0.093845 0.091611 -9999.0 -9999.0 -9999.0 -9999.0 -9999.0 -9999.0 -9999.0 -9999.0 -9999.0 -9999.0 -9999.0 -9999.0 -9999.0 -9999.0 -9999.0 -9999.0 -9999.0 -9999.0 -9999.0 -9999.0 -9999.0 -9999.0 -9999.0 -9999.0 -9999.0 -9999.0 -9999.0 -9999.0 -9999.0 -9999.0
-9999.0 -9999.0 -9999.0 -9999.0 -9999.0 -9999.0 -9999.0 -9999.0 -9999.0 -9999.0 -9999.0 -9999.0 -9999.0 -9999.0 -9999.0 -9999.0 -9999.0 -9999.0 -9999.0 -9999.0 -9999.0 -9999.0 -9999.0 -9999.0 0.439683 0.298261 0.213419 0.231668 0.221534 0.271578 0.279257 -9999.0 -9999.0 -9999.0 -9999.0 -9999.0 -9999.0 -9999.0 -9999.0 -9999.0 -9999.0 -9999.0 -9999.0 -9999.0 -9999.0 -9999.0 -9999.0 -9999.0 -9999.0 -9999.0 -9999.0 -9999.0 -9999.0 -9999.0 -9999.0 -9999.0 -9999.0 -9999.0 -9999.0 -9999.0 -9999.0 -9999.0 -9999.0
-9999.0 -9999.0 -9999.0 -9999.0 -9999.0 -9999.0 -9999.0 -9999.0 -9999.0 -9999.0 -9999.0 -9999.0 -9999.0 -9999.0 -9999.0 -9999.0 -9999.0 -9999.0 -9999.0 -9999.0 -9999.0 -9999.0 -9999.0 0.262658 0.414809 0.473008 0.479987 0.479988 0.479989 0.215261 0.225409 0.377218 -9999.0 -9999.0 -9999.0 -9999.0 -9999.0 -9999.0 -9999.0 -9999.0 -9999.0 -9999.0 -9999.0 -9999.0 -9999.0 -9999.0 -9999.0 -9999.0 -9999.0 -9999.0 -9999.0 -9999.0 -9999.0 -9999.0 -9999.0 -9999.0 -9999.0 -9999.0 -9999.0 -9999.0 -9999.0 -9999.0 -9999.0
-9999.0 -9999.0 -9999.0 -9999.0 -9999.0 -9999.0 -9999.0 -9999.0 -9999.0 -9999.0 -9999.0 -9999.0 -9999.0 -9999.0 -9999.0 -9999.0 -9999.0 -9999.0 0.479513 0.458436 -9999.0 0.288610 0.372865 0.479989 0.479980 0.163922 0.429468 0.402053 0.011316 0.454134 0.152387 0.258966 0.018721 0.018794 -9999.0 -9999.0 -9999.0 -9999.0 -9999.0 -9999.0 -9999.0 -9999.0 -9999.0 -9999.0 -9999.0 -9999.0 -9999.0 -9999.0 -9999.0 -9999.0 -9999.0 -9999.0 -9999.0 -9999.0 -9999.0 -9999.0 -9999.0 -9999.0 -9999.0 -9999.0 -9999.0 -9999.0 -9999.0
-9999.0 -9999.0 -9999.0 -9999.0 -9999.0 -9999.0 -9999.0 -9999.0 -9999.0 -9999.0 -9999.0 -9999.0 -9999.0 -9999.0 -9999.0 -9999.0 -9999.0 0.479955 0.479979 0.007501 0.018488 0.362098 0.456470 0.479986 0.000372 0.438198 0.263777 0.352546 0.234806 0.388303 0.462246 0.160977 0.018162 0.018540 0.018861 0.018800 -9999.0 -9999.0 -9999.0 -9999.0 -9999.0 -9999.0 -9999.0 -9999.0 -9999.0 -9999.0 -9999.0 -9999.0 -9999.0 -9999.0 -9999.0 -9999.0 -9999.0 -9999.0 -9999.0 -9999.0 -9999.0 -9999.0 -9999.0 -9999.0 -9999.0 -9999.0 -9999.0
-9999.0 -9999.0 -9999.0 -9999.0 -9999.0 -9999.0 -9999.0 -9999.0 -9999.0 -9999.0 -9999.0 -9999.0 -9999.0 0.278483 0.475263 0.449781 0.448514 0.000000 0.449871 0.479985 0.479980 0.479975 0.479957 0.001390 0.440842 0.284910 0.017266 0.272527 0.261340 0.342393 0.299234 0.266656 0.290586 0.236219 0.018784 0.018799 -9999.0 -9999.0 -9999.0 -9999.0 -9999.0 -9999.0 -9999.0 -9999.0 -9999.0 -9999.0 -9999.0 -9999.0 -9999.0 -9999.0 -9999.0 -9999.0 -9999.0 -9999.0 -9999.0 -9999.0 -9999.0 -9999.0 -9999.0 -9999.0 -9999.0 -9999.0 -9999.0
-9999.0 -9999.0 -9999.0 -9999.0 -9999.0 -9999.0 -9999.0 -9999.0 -9999.0 -9999.0 -9999.0 -9999.0 -9999.0 0.328444 0.479983 0.450200 0.450074 0.278397 0.000000 0.455042 0.393296 0.479987 0.477353 0.475790 0.448096 0.268968 0.289867 0.018785 0.018795 0.240462 0.286666 0.238585 0.018790 0.018788 0.018787 -9999.0 -9999.0 -9999.0 -9999.0 -9999.0 -9999.0 -9999.0 -9999.0 -9999.0 -9999.0 -9999.0 -9999.0 -9999.0 -9999.0 -9999.0 -9999.0 -9999.0 -9999.0 -9999.0 -9999.0 -9999.0 -9999.0 -9999.0 -9999.0 -9999.0 -9999.0 -9999.0 -9999.0
-9999.0 -9999.0 -9999.0 -9999.0 -9999.0 -9999.0 -9999.0 -9999.0 -9999.0 -9999.0 -9999.0 -9999.0 -9999.0 0.449514 0.479979 0.468252 0.448687 0.448694 0.000000 0.253338 0.456643 0.011577 0.471056 0.238830 0.303513 0.313014 0.018909 0.018794 0.197318 0.018794 0.239243 0.018785 0.018795 0.018809 0.018804 -9999.0 -9999.0 -9999.0 -9999.0 -9999.0 -9999.0 -9999.0 -9999.0 -9999.0 -9999.0 -9999.0 -9999.0 -9999.0 -9999.0 -9999.0 -9999.0 -9999.0 -9999.0 -9999.0 -9999.0 -9999.0 -9999.0 -9999.0 -9999.0 -9999.0 -9999.0 -9999.0 -9999.0
-9999.0 -9999.0 -9999.0 -9999.0 -9999.0 -9999.0 -9999.0 -9999.0 -9999.0 -9999.0 -9999.0 -9999.0 0.451208 0.479985 0.479950 0.205156 0.466562 0.449104 0.000014 0.016795 0.438640 0.312733 0.077145 0.317419 0.204148 0.243558 0.301894 0.371173 0.235992 0.018792 0.240684 0.018792 0.242149 0.018806 -9999.0 -9999.0 -9999.0 -9999.0 -9999.0 -9999.0 -9999.0 -9999.0 -9999.0 -9999.0 -9999.0 -9999.0 -9999.0 -9999.0 -9999.0 -9999.0 -9999.0 -9999.0 -9999.0 -9999.0 -9999.0 -9999.0 -9999.0 -9999.0 -9999.0 -9999.0 -9999.0 -9999.0 -9999.0
-9999.0 -9999.0 -9999.0 -9999.0 -9999.0 -9999.0 -9999.0 -9999.0 -9999.0 -9999.0 -9999.0 0.363600 0.430515 0.474344 0.339635 0.321221 0.015111 0.448472 0.000009 0.023089 0.479984 0.447367 0.338552 0.237501 0.250405 0.295417 0.243215 0.315473 0.379020 0.018787 0.018859 0.258301 0.018806 0.018793 0.018596 0.018218 0.289539 0.442849 0.183699 -9999.0 -9999.0 -9999.0 0.018818 -9999.0 -9999.0 -9999.0 -9999.0 -9999.0 -9999.0 -9999.0 -9999.0 -9999.0 -9999.0 -9999.0 -9999.0 -9999.0 -9999.0 -9999.0 -9999.0 -9999.0 -9999.0 -9999.0 -9999.0
-9999.0 -9999.0 -9999.0 -9999.0 -9999.0 -9999.0 -9999.0 -9999.0 -9999.0 -9999.0 -9999.0 0.318833 0.283793 0.479987 0.434015 0.218090 0.443868 0.450854 0.000007 0.006870 0.132429 0.479985 0.424205 0.281486 0.265257 0.243781 0.298335 0.169941 0.019030 0.018790 0.150439 0.243747 0.283584 0.347223 0.291060 0.267222 0.199691 0.173492 0.229838 0.016579 0.017322 0.018501 0.344187 0.018832 -9999.0 -9999.0 -9999.0 0.451319 0.384764 0.018839 0.376666 0.018866 0.018903 0.458978 0.458112 0.019076 -9999.0 -9999.0 -9999.0 -9999.0 -9999.0 -9999.0 -9999.0
-9999.0 -9999.0 -9999.0 -9999.0 -9999.0 -9999.0 -9999.0 -9999.0 -9999.0 -9999.0 -9999.0 0.252822 0.286546 0.263530 0.315756 0.256498 0.446490 0.456597 0.000477 0.000020 0.451217 0.457614 0.334211 0.289774 0.247325 0.018746 0.374082 0.239373 0.018776 0.238221 0.018777 0.257053 0.231708 0.336148 0.018625 0.444971 0.226912 0.428676 0.067445 0.036867 0.246169 0.296313 0.419189 0.276905 0.371555 -9999.0 0.018809 0.330280 0.188813 0.459803 0.418184 0.019637 0.479767 0.449744 0.466614 0.479492 -9999.0 -9999.0 -9999.0 -9999.0 -9999.0 -9999.0 -9999.0
-9999.0 -9999.0 -9999.0 -9999.0 -9999.0 -9999.0 -9999.0 -9999.0 -9999.0 -9999.0 -9999.0 -9999.0 0.284471 0.267418 0.434829 0.216615 0.434673 0.448273 0.000026 0.000010 0.453450 0.448476 0.479982 0.412739 0.282601 0.374533 0.479987 0.081324 0.244723 0.018884 0.261845 0.263503 0.136691 0.318564 0.287776 0.317740 0.298931 0.186051 0.058899 0.104411 0.166825 0.016946 0.446273 0.473701 0.018768 0.252852 0.018865 0.365684 0.254134 0.349901 0.446866 0.342992 0.463209 0.422571 0.267047 0.251657 0.447572 -9999.0 -9999.0 -9999.0 -9999.0 -9999.0 -9999.0
-9999.0 -9999.0 -9999.0 -9999.0 -9999.0 -9999.0 -9999.0 -9999.0 -9999.0 -9999.0 -9999.0 0.375852 0.290383 0.078246 0.422451 0.431263 0.452587 0.439457 0.016409 0.362164 0.448588 0.479982 0.461364 0.397164 0.345122 0.479985 0.248455 0.249733 0.241597 0.018803 0.382073 0.409845 0.445318 0.362238 0.250048 0.334847 0.314385 0.329897 0.417605 0.115798 0.344447 0.455476 0.479983 0.005851 0.479662 0.325599 0.171636 0.018682 0.018856 0.160597 0.019968 0.259859 0.260543 0.019837 0.018779 0.018810 0.019028 -9999.0 -9999.0 -9999.0 -9999.0 -9999.0 -9999.0
-9999.0 -9999.0 -9999.0 -9999.0 -9999.0 -9999.0 -9999.0 -9999.0 -9999.0 -9999.0 0.366296 0.399470 0.259994 0.284461 0.447694 0.474413 0.428616 0.459564 0.450808 0.358643 0.001866 0.454936 0.444019 0.479986 0.450601 0.452957 0.256438 0.019698 0.443163 0.479989 0.452173 0.279085 0.383678 0.231579 0.018796 0.018865 0.311788 0.330320 0.361733 0.060364 0.159710 0.040581 0.032840 0.479982 0.449100 0.018774 0.181290 0.410773 0.456975 0.455088 0.018920 0.018806 0.018792 0.018817 0.018807 0.479794 0.479759 -9999.0 -9999.0 -9999.0 -9999.0 -9999.0 -9999.0
-9999.0 -9999.0 -9999.0 -9999.0 -9999.0 -9999.0 -9999.0 -9999.0 -9999.0 0.277201 0.360370 0.246933 0.472643 0.368599 0.442161 0.257427 0.258464 0.468265 0.479944 0.152696 0.000394 0.454977 0.479980 0.332677 0.467386 0.273330 0.356040 0.479988 0.479985 0.479981 0.457031 0.092527 0.018781 0.018793 0.018792 0.018782 0.275888 0.269617 0.265354 0.254950 0.479943 0.262956 0.250164 0.453649 0.479983 0.479964 0.005545 0.425097 0.310275 0.476443 0.138386 0.019061 0.018815 0.018807 0.018989 0.242207 0.453730 0.120072 0.019078 -9999.0 -9999.0 -9999.0 -9999.0
-9999.0 -9999.0 -9999.0 -9999.0 -9999.0 -9999.0 -9999.0 -9999.0 -9999.0 0.171516 0.283348 0.276465 0.109904 0.451199 0.448802 0.387752 0.479830 0.444953 0.479900 0.000000 0.000000 0.000000 0.479963 0.456892 0.244863 0.314904 0.467838 0.479855 0.344634 0.445655 0.277923 0.270684 0.245149 0.343656 0.272037 0.018486 0.018593 0.018499 0.242491 0.283768 0.260841 0.262987 0.425781 0.464250 0.450690 0.001407 0.002674 0.479968 0.479946 0.467506 0.099364 0.250636 0.018807 0.259231 0.018801 0.248879 0.468930 0.461902 0.099145 -9999.0 -9999.0 -9999.0 -9999.0
-9999.0 -9999.0 -9999.0 -9999.0 -9999.0 -9999.0 -9999.0 -9999.0 -9999.0 -9999.0 0.317374 0.318680 0.425899 0.443982 0.451215 0.437916 0.446425 0.479931 0.462986 0.000000 0.013628 0.479945 0.450264 0.479984 0.307023 0.479980 0.479943 0.012173 0.237627 0.295280 0.280654 0.245334 0.261643 0.243921 0.177678 0.446280 0.424349 0.360857 0.018909 0.242449 0.238795 0.272720 0.283677 0.229365 0.263750 0.451882 0.479980 0.469484 0.000153 0.479954 0.103968 0.094760 0.018973 0.018805 0.249853 0.256852 0.284833 0.479972 0.479957 0.479961 -9999.0 -9999.0 -9999.0
-9999.0 -9999.0 -9999.0 -9999.0 -9999.0 -9999.0 -9999.0 -9999.0 -9999.0 -9999.0 0.272848 0.282205 0.329237 0.448537 0.000000 0.479980 0.453212 0.462230 0.000000 0.000000 0.288273 0.479805 0.465650 0.442112 0.450625 0.463678 0.000581 0.473540 0.265108 0.272818 0.257331 0.406528 0.018993 0.249884 0.250639 0.253180 0.415331 0.386720 0.266139 0.253077 0.346658 0.018932 0.262309 0.255931 0.258126 0.108577 0.378867 0.253133 0.377330 0.001624 0.479950 0.283629 0.292162 0.019018 0.019069 0.018944 0.247883 0.479495 0.464697 0.001570 -9999.0 -9999.0 -9999.0
-9999.0 -9999.0 -9999.0 -9999.0 -9999.0 -9999.0 -9999.0 -9999.0 0.419704 0.354373 0.109360 0.342955 0.261095 0.306008 0.449754 0.432713 0.347074 0.000000 0.000000 0.000000 0.000000 0.000800 0.387159 0.479968 0.479949 0.001024 0.000834 0.249660 0.255608 0.274371 0.018791 0.249305 0.246396 0.316549 0.352415 0.255324 0.353080 0.421161 0.254046 0.018979 0.018785 0.257407 0.020019 0.018799 0.018761 0.331905 0.268506 0.403356 0.479981 0.300418 0.479913 0.477811 0.371712 0.244305 0.019195 0.478735 0.121417 0.479959 0.463615 0.000000 -9999.0 -9999.0 -9999.0
-9999.0 -9999.0 -9999.0 -9999.0 -9999.0 -9999.0 -9999.0 -9999.0 0.019478 0.446722 0.221726 0.275497 0.291036 0.422483 0.240582 0.457858 0.479956 0.479959 0.000000 0.000000 0.000000 0.000000 0.000000 0.000000 0.110804 0.000062 0.479953 0.462368 0.020319 0.366054 0.324588 0.018709 0.381793 0.018916 0.437619 0.280527 0.426635 0.429135 0.229646 0.240090 0.261329 0.020168 0.018802 0.191741 0.430536 0.265531 0.020006 0.240278 0.277035 0.479913 0.001419 0.479969 0.310513 0.463772 0.441665 0.023734 0.479007 0.479873 0.000296 0.000000 0.000000 -9999.0 -9999.0
-9999.0 -9999.0 -9999.0 -9999.0 -9999.0 -9999.0 -9999.0 -9999.0 0.273076 0.178903 0.479978 0.250884 0.205905 0.019642 0.449742 0.417951 0.477950 0.005783 0.000000 0.000000 0.000000 0.000000 0.000000 0.000000 0.000000 0.444400 0.479966 0.343550 0.018751 0.214951 0.018720 0.437184 0.268854 0.124267 0.252309 0.479987 0.268263 0.479981 0.246795 0.239511 0.393650 0.019000 0.436304 0.321332 0.257345 0.257825 0.018886 0.448558 0.266979 0.479973 0.000000 0.457196 0.294334 0.273510 0.476025 0.456716 0.001004 0.000000 0.000000 0.000000 0.000000 -9999.0 -9999.0
-9999.0 -9999.0 -9999.0 -9999.0 -9999.0 -9999.0 -9999.0 -9999.0 0.018790 0.185196 0.465911 0.015699 0.451263 0.462026 0.469806 0.479948 0.224710 0.000000 0.379209 0.000000 0.000000 0.000000 0.000000 0.000000 0.226237 0.479961 0.454917 0.419741 0.479987 0.479985 0.366793 0.291132 0.479982 0.463317 0.087480 0.385278 0.413313 0.479970 0.255914 0.252223 0.273358 0.255256 0.410259 0.018947 0.372113 0.018777 0.470799 0.020261 0.473193 0.212833 0.479961 0.000000 0.016886 0.454975 0.000000 0.000000 0.000000 0.000000 0.000000 0.000000 0.000000 0.479616 -9999.0
-9999.0 -9999.0 -9999.0 -9999.0 -9999.0 -9999.0 -9999.0 -9999.0 0.197400 0.288266 0.449236 0.479980 0.479969 0.476153 0.000000 0.001561 0.402626 0.452153 0.479980 0.457290 0.000000 0.000000 0.000000 0.000000 0.000000 0.479305 0.401222 0.457794 0.479411 0.479964 0.458429 0.479980 0.479908 0.479324 0.180977 0.218579 0.448062 0.471837 0.479952 0.268204 0.236463 0.111458 0.464714 0.278837 0.243934 0.455007 0.247341 0.479973 0.479979 0.479655 0.002173 0.000000 0.000000 0.000000 0.000000 0.000000 0.000000 0.000000 0.000000 0.000000 0.053843 0.479827 -9999.0
-9999.0 -9999.0 0.068426 0.229397 0.234878 0.274947 0.447980 0.228096 0.193545 0.439128 0.340021 0.476357 0.479927 0.271635 0.000000 0.413658 0.479974 0.227240 0.344128 0.479974 0.460566 0.000000 0.000000 0.000000 0.000000 0.459723 0.479963 0.479970 0.479910 0.001649 0.479984 0.479980 0.001668 0.479966 0.479717 0.479963 0.208789 0.001605 0.479842 0.479974 0.479948 0.479907 0.477943 0.479947 0.479985 0.479979 0.479865 0.479954 0.020239 0.000000 0.000000 0.000000 0.000000 0.000000 0.000000 0.000000 0.000000 0.000000 0.092819 0.430651 0.479762 0.479325 -9999.0
-9999.0 0.435358 0.439767 0.432784 0.424346 0.442655 0.294149 0.250001 0.279272 0.306763 0.286826 0.458246 0.427838 0.000000 0.000000 0.479921 0.363604 0.231074 0.448923 0.479960 0.474191 0.161331 0.000000 0.000000 0.000000 0.000000 0.000000 0.000000 0.000583 0.252578 0.343659 0.461268 0.456745 0.000000 0.000264 0.000000 0.000000 0.000000 0.000000 0.000015 0.001801 0.000275 0.000930 0.479938 0.479961 0.479935 0.001155 0.000668 0.000000 0.000000 0.000000 0.000000 0.000000 0.000000 0.000000 0.439090 0.478993 0.479379 0.479330 0.468656 0.457813 0.465491 -9999.0
-9999.0 0.283781 0.479983 0.479981 0.133955 0.469174 0.358992 0.287556 0.182425 0.080412 0.344215 0.468764 0.462265 0.000000 0.479946 0.221019 0.217949 0.269902 0.479973 0.479949 0.479618 0.444945 0.000000 0.000000 0.000000 0.000000 0.000000 0.000000 0.000000 0.000000 0.000000 0.000000 0.000006 0.000000 0.000000 0.000000 0.000000 0.000000 0.000000 0.000000 0.000000 0.000000 0.000000 0.000000 0.000000 0.000000 0.000000 0.000000 0.000000 0.000000 0.000000 0.471468 0.479445 0.078276 0.479679 0.478615 0.479867 0.440270 0.443543 0.452381 0.457903 -9999.0 -9999.0
-9999.0 0.171419 0.278765 0.479841 0.478951 0.125355 0.003951 0.412459 0.441263 0.448271 0.460714 0.479940 0.001026 0.479222 0.446769 0.252515 0.250849 0.266356 0.215083 0.479969 0.479965 0.479961 0.071949 0.000000 0.000000 0.000000 0.000000 0.000000 0.000000 0.000000 0.000000 0.000000 0.000000 0.000000 0.000000 0.000000 0.000000 0.000000 0.000000 0.000000 0.000000 0.000000 0.000000 0.000000 0.000000 0.000000 0.000000 0.000000 0.000000 0.000000 0.479925 0.312120 0.452571 0.479562 0.394733 0.453855 0.465084 0.456092 0.452023 -9999.0 -9999.0 -9999.0 -9999.0
