user2019/resources/simulation/Vinschgau/output-maps/thetaliqL0006N1421.asc
ncols         63
nrows         48
xllcorner     598000.000000
yllcorner     5145000.000000
cellsize      1000.000000
NODATA_value  -9999.0
[rows 0 to 28 of 48, columns 0 to 62 of 63]
-9999.0 -9999.0 -9999.0 -9999.0 -9999.0 -9999.0 -9999.0 -9999.0 -9999.0 -9999.0 -9999.0 -9999.0 -9999.0 -9999.0 -9999.0 -9999.0 -9999.0 -9999.0 -9999.0 -9999.0 -9999.0 -9999.0 -9999.0 -9999.0 -9999.0 -9999.0 -9999.0 -9999.0 -9999.0 -9999.0 -9999.0 -9999.0 -9999.0 -9999.0 -9999.0 -9999.0 -9999.0 -9999.0 -9999.0 -9999.0 -9999.0 -9999.0 -9999.0 -9999.0 -9999.0 -9999.0 -9999.0 -9999.0 -9999.0 -9999.0 -9999.0 -9999.0 -9999.0 -9999.0 -9999.0 -9999.0 -9999.0 -9999.0 -9999.0 -9999.0 -9999.0 -9999.0 -9999.0
-9999.0 -9999.0 -9999.0 -9999.0 -9999.0 -9999.0 -9999.0 -9999.0 -9999.0 -9999.0 -9999.0 -9999.0 -9999.0 -9999.0 -9999.0 -9999.0 -9999.0 -9999.0 -9999.0 -9999.0 -9999.0 -9999.0 -9999.0 -9999.0 -9999.0 -9999.0 -9999.0 0.020339 0.109846 0.022020 0.021280 0.020197 0.020049 -9999.0 -9999.0 -9999.0 -9999.0 -9999.0 -9999.0 -9999.0 -9999.0 -9999.0 -9999.0 -9999.0 -9999.0 -9999.0 -9999.0 -9999.0 -9999.0 -9999.0 -9999.0 -9999.0 -9999.0 -9999.0 -9999.0 -9999.0 -9999.0 -9999.0 -9999.0 -9999.0 -9999.0 -9999.0 -9999.0
-9999.0 -9999.0 -9999.0 -9999.0 -9999.0 -9999.0 -9999.0 -9999.0 -9999.0 -9999.0 -9999.0 -9999.0 -9999.0 -9999.0 -9999.0 -9999.0 -9999.0 -9999.0 -9999.0 -9999.0 -9999.0 -9999.0 -9999.0 -9999.0 0.252835 0.252932 0.250224 0.250638 0.267349 0.145254 0.021163 -9999.0 -9999.0 -9999.0 -9999.0 -9999.0 -9999.0 -9999.0 -9999.0 -9999.0 -9999.0 -9999.0 -9999.0 -9999.0 -9999.0 -9999.0 -9999.0 -9999.0 -9999.0 -9999.0 -9999.0 -9999.0 -9999.0 -9999.0 -9999.0 -9999.0 -9999.0 -9999.0 -9999.0 -9999.0 -9999.0 -9999.0 -9999.0
-9999.0 -9999.0 -9999.0 -9999.0 -9999.0 -9999.0 -9999.0 -9999.0 -9999.0 -9999.0 -9999.0 -9999.0 -9999.0 -9999.0 -9999.0 -9999.0 -9999.0 -9999.0 -9999.0 -9999.0 -9999.0 -9999.0 -9999.0 0.247144 0.226608 0.121267 0.079032 0.020345 0.020360 0.136440 0.021216 0.020686 -9999.0 -9999.0 -9999.0 -9999.0 -9999.0 -9999.0 -9999.0 -9999.0 -9999.0 -9999.0 -9999.0 -9999.0 -9999.0 -9999.0 -9999.0 -9999.0 -9999.0 -9999.0 -9999.0 -9999.0 -9999.0 -9999.0 -9999.0 -9999.0 -9999.0 -9999.0 -9999.0 -9999.0 -9999.0 -9999.0 -9999.0
-9999.0 -9999.0 -9999.0 -9999.0 -9999.0 -9999.0 -9999.0 -9999.0 -9999.0 -9999.0 -9999.0 -9999.0 -9999.0 -9999.0 -9999.0 -9999.0 -9999.0 -9999.0 0.211866 0.209252 -9999.0 0.234375 0.220380 0.020428 0.090924 0.020422 0.187203 0.171695 0.173964 0.128470 0.141334 0.021283 0.020119 0.020098 -9999.0 -9999.0 -9999.0 -9999.0 -9999.0 -9999.0 -9999.0 -9999.0 -9999.0 -9999.0 -9999.0 -9999.0 -9999.0 -9999.0 -9999.0 -9999.0 -9999.0 -9999.0 -9999.0 -9999.0 -9999.0 -9999.0 -9999.0 -9999.0 -9999.0 -9999.0 -9999.0 -9999.0 -9999.0
-9999.0 -9999.0 -9999.0 -9999.0 -9999.0 -9999.0 -9999.0 -9999.0 -9999.0 -9999.0 -9999.0 -9999.0 -9999.0 -9999.0 -9999.0 -9999.0 -9999.0 0.113326 0.066781 0.020116 0.043597 0.205325 0.125236 0.020589 0.168055 0.187058 0.048662 0.147451 0.058945 0.188791 0.223618 0.140757 0.042925 0.020331 0.020102 0.020081 -9999.0 -9999.0 -9999.0 -9999.0 -9999.0 -9999.0 -9999.0 -9999.0 -9999.0 -9999.0 -9999.0 -9999.0 -9999.0 -9999.0 -9999.0 -9999.0 -9999.0 -9999.0 -9999.0 -9999.0 -9999.0 -9999.0 -9999.0 -9999.0 -9999.0 -9999.0 -9999.0
-9999.0 -9999.0 -9999.0 -9999.0 -9999.0 -9999.0 -9999.0 -9999.0 -9999.0 -9999.0 -9999.0 -9999.0 -9999.0 0.122483 0.112111 0.116599 0.098713 0.042075 0.115017 0.020490 0.089548 0.097190 0.020493 0.120697 0.206091 0.220253 0.020118 0.023510 0.020664 0.216338 0.040068 0.258749 0.144973 0.038537 0.020170 0.020071 -9999.0 -9999.0 -9999.0 -9999.0 -9999.0 -9999.0 -9999.0 -9999.0 -9999.0 -9999.0 -9999.0 -9999.0 -9999.0 -9999.0 -9999.0 -9999.0 -9999.0 -9999.0 -9999.0 -9999.0 -9999.0 -9999.0 -9999.0 -9999.0 -9999.0 -9999.0 -9999.0
-9999.0 -9999.0 -9999.0 -9999.0 -9999.0 -9999.0 -9999.0 -9999.0 -9999.0 -9999.0 -9999.0 -9999.0 -9999.0 0.174613 0.080949 0.106421 0.101822 0.178068 0.042039 0.074860 0.020954 0.020639 0.087407 0.131995 0.120641 0.020849 0.108976 0.021620 0.020156 0.020469 0.045390 0.021327 0.020122 0.020057 0.020087 -9999.0 -9999.0 -9999.0 -9999.0 -9999.0 -9999.0 -9999.0 -9999.0 -9999.0 -9999.0 -9999.0 -9999.0 -9999.0 -9999.0 -9999.0 -9999.0 -9999.0 -9999.0 -9999.0 -9999.0 -9999.0 -9999.0 -9999.0 -9999.0 -9999.0 -9999.0 -9999.0 -9999.0
-9999.0 -9999.0 -9999.0 -9999.0 -9999.0 -9999.0 -9999.0 -9999.0 -9999.0 -9999.0 -9999.0 -9999.0 -9999.0 0.075343 0.430000 0.115080 0.105848 0.103956 0.042014 0.110428 0.142363 0.020118 0.174141 0.139804 0.112776 0.119719 0.043204 0.020133 0.020725 0.020098 0.021087 0.020044 0.020048 0.020016 0.020056 -9999.0 -9999.0 -9999.0 -9999.0 -9999.0 -9999.0 -9999.0 -9999.0 -9999.0 -9999.0 -9999.0 -9999.0 -9999.0 -9999.0 -9999.0 -9999.0 -9999.0 -9999.0 -9999.0 -9999.0 -9999.0 -9999.0 -9999.0 -9999.0 -9999.0 -9999.0 -9999.0 -9999.0
-9999.0 -9999.0 -9999.0 -9999.0 -9999.0 -9999.0 -9999.0 -9999.0 -9999.0 -9999.0 -9999.0 -9999.0 0.020463 0.430000 0.077915 0.106485 0.131664 0.111784 0.157224 0.020118 0.089918 0.151860 0.020118 0.099053 0.040060 0.099707 0.040025 0.021081 0.150634 0.020110 0.020050 0.020109 0.020138 0.020067 -9999.0 -9999.0 -9999.0 -9999.0 -9999.0 -9999.0 -9999.0 -9999.0 -9999.0 -9999.0 -9999.0 -9999.0 -9999.0 -9999.0 -9999.0 -9999.0 -9999.0 -9999.0 -9999.0 -9999.0 -9999.0 -9999.0 -9999.0 -9999.0 -9999.0 -9999.0 -9999.0 -9999.0 -9999.0
-9999.0 -9999.0 -9999.0 -9999.0 -9999.0 -9999.0 -9999.0 -9999.0 -9999.0 -9999.0 -9999.0 0.183354 0.103918 0.333464 0.079483 0.160995 0.020118 0.107861 0.201016 0.020118 0.021088 0.145360 0.131409 0.137428 0.021119 0.144122 0.020656 0.074585 0.040076 0.020078 0.020105 0.146656 0.020177 0.020095 0.020102 0.020216 0.020212 0.021289 0.021386 -9999.0 -9999.0 -9999.0 0.020090 -9999.0 -9999.0 -9999.0 -9999.0 -9999.0 -9999.0 -9999.0 -9999.0 -9999.0 -9999.0 -9999.0 -9999.0 -9999.0 -9999.0 -9999.0 -9999.0 -9999.0 -9999.0 -9999.0 -9999.0
-9999.0 -9999.0 -9999.0 -9999.0 -9999.0 -9999.0 -9999.0 -9999.0 -9999.0 -9999.0 -9999.0 0.183621 0.093080 0.020310 0.071028 0.116444 0.065051 0.061297 0.194501 0.159403 0.150580 0.124059 0.263116 0.040045 0.040106 0.096072 0.021451 0.145460 0.034209 0.020092 0.050424 0.147932 0.020411 0.020077 0.020068 0.049176 0.132793 0.086269 0.021279 0.020100 0.020104 0.020089 0.021319 0.020123 -9999.0 -9999.0 -9999.0 0.040016 0.020050 0.020085 0.020061 0.020042 0.020041 0.040015 0.040016 0.020038 -9999.0 -9999.0 -9999.0 -9999.0 -9999.0 -9999.0 -9999.0
-9999.0 -9999.0 -9999.0 -9999.0 -9999.0 -9999.0 -9999.0 -9999.0 -9999.0 -9999.0 -9999.0 0.189986 0.177766 0.020969 0.211464 0.115440 0.113392 0.072748 0.113239 0.158548 0.180736 0.033871 0.040148 0.271933 0.089446 0.020439 0.040115 0.020048 0.020239 0.020086 0.020157 0.020128 0.146720 0.020082 0.020117 0.137314 0.040254 0.020256 0.082036 0.020183 0.062415 0.020194 0.144310 0.082542 0.020068 -9999.0 0.020054 0.020066 0.021317 0.147117 0.168402 0.044625 0.098446 0.021239 0.021293 0.020082 -9999.0 -9999.0 -9999.0 -9999.0 -9999.0 -9999.0 -9999.0
-9999.0 -9999.0 -9999.0 -9999.0 -9999.0 -9999.0 -9999.0 -9999.0 -9999.0 -9999.0 -9999.0 -9999.0 0.190507 0.260016 0.171062 0.170018 0.142606 0.078463 0.184197 0.160340 0.102425 0.021683 0.025177 0.040387 0.040033 0.040098 0.430000 0.161121 0.021245 0.020126 0.021356 0.040114 0.161366 0.021074 0.020157 0.113975 0.040126 0.040316 0.186991 0.047644 0.145375 0.038032 0.020357 0.260991 0.020156 0.020064 0.020086 0.020074 0.020070 0.040276 0.043359 0.040134 0.040018 0.040054 0.040031 0.161101 0.040058 -9999.0 -9999.0 -9999.0 -9999.0 -9999.0 -9999.0
-9999.0 -9999.0 -9999.0 -9999.0 -9999.0 -9999.0 -9999.0 -9999.0 -9999.0 -9999.0 -9999.0 0.040297 0.214281 0.155423 0.269963 0.159003 0.122945 0.103983 0.137461 0.149603 0.092118 0.169206 0.232235 0.020153 0.040117 0.040314 0.040322 0.021094 0.020936 0.021782 0.040101 0.040065 0.141164 0.021175 0.020062 0.048010 0.043416 0.020130 0.167142 0.082729 0.020129 0.133468 0.093267 0.020121 0.135423 0.021209 0.134351 0.021939 0.043802 0.020134 0.020048 0.021200 0.040018 0.020030 0.020026 0.020039 0.020108 -9999.0 -9999.0 -9999.0 -9999.0 -9999.0 -9999.0
-9999.0 -9999.0 -9999.0 -9999.0 -9999.0 -9999.0 -9999.0 -9999.0 -9999.0 -9999.0 0.430000 0.042315 0.219830 0.207504 0.185847 0.426396 0.368305 0.183147 0.120772 0.153630 0.175764 0.219241 0.020321 0.220252 0.107004 0.040046 0.020100 0.020035 0.162225 0.135844 0.049715 0.040093 0.140609 0.021125 0.020067 0.020162 0.131939 0.040188 0.043526 0.385392 0.040157 0.020126 0.101830 0.241201 0.066733 0.021921 0.141221 0.020500 0.043290 0.163994 0.020034 0.020059 0.020024 0.020033 0.020036 0.021063 0.021211 -9999.0 -9999.0 -9999.0 -9999.0 -9999.0 -9999.0
-9999.0 -9999.0 -9999.0 -9999.0 -9999.0 -9999.0 -9999.0 -9999.0 -9999.0 0.124129 0.289197 0.047147 0.071790 0.040307 0.053811 0.064709 0.051102 0.179958 0.076798 0.145784 0.170996 0.124018 0.057533 0.138080 0.326659 0.020106 0.040029 0.139843 0.021252 0.104913 0.378938 0.020092 0.020197 0.020082 0.020100 0.020162 0.141417 0.040094 0.040144 0.049177 0.041007 0.040957 0.020419 0.135072 0.058745 0.022969 0.131705 0.020248 0.020254 0.367975 0.020103 0.020100 0.020030 0.020031 0.020039 0.020043 0.040028 0.020132 0.020045 -9999.0 -9999.0 -9999.0 -9999.0
-9999.0 -9999.0 -9999.0 -9999.0 -9999.0 -9999.0 -9999.0 -9999.0 -9999.0 0.100985 0.111259 0.133664 0.430000 0.223893 0.043167 0.040277 0.210917 0.149635 0.071765 0.158469 0.162950 0.104424 0.188340 0.253358 0.020148 0.040077 0.040380 0.139693 0.282951 0.265562 0.095326 0.020075 0.118496 0.020112 0.021285 0.020166 0.020302 0.030618 0.082887 0.138694 0.040180 0.020101 0.040724 0.219572 0.189201 0.177656 0.135138 0.022272 0.037037 0.234956 0.020051 0.020028 0.020031 0.020036 0.020080 0.040011 0.020066 0.040055 0.020350 -9999.0 -9999.0 -9999.0 -9999.0
-9999.0 -9999.0 -9999.0 -9999.0 -9999.0 -9999.0 -9999.0 -9999.0 -9999.0 -9999.0 0.021297 0.139160 0.068479 0.040300 0.034955 0.051899 0.197899 0.124147 0.067394 0.138434 0.165889 0.021675 0.247890 0.021156 0.040111 0.065740 0.355663 0.216674 0.092505 0.040054 0.020078 0.040021 0.020042 0.020796 0.150087 0.141829 0.234056 0.240132 0.020306 0.045775 0.021208 0.261849 0.430000 0.024239 0.044295 0.235873 0.059033 0.188261 0.020635 0.026644 0.020082 0.020061 0.020038 0.020031 0.040012 0.020062 0.331907 0.020086 0.024028 0.109464 -9999.0 -9999.0 -9999.0
-9999.0 -9999.0 -9999.0 -9999.0 -9999.0 -9999.0 -9999.0 -9999.0 -9999.0 -9999.0 0.021224 0.143657 0.247088 0.101092 0.270143 0.175070 0.201913 0.135717 0.110678 0.120142 0.111773 0.094094 0.232273 0.041738 0.071106 0.307014 0.244161 0.343583 0.040077 0.020046 0.023195 0.310592 0.020042 0.020133 0.046965 0.250623 0.040049 0.048078 0.020095 0.020998 0.099292 0.095836 0.040346 0.135655 0.272958 0.020832 0.177826 0.045088 0.036643 0.020878 0.102616 0.020088 0.040013 0.020043 0.020028 0.020032 0.020059 0.020222 0.351322 0.301493 -9999.0 -9999.0 -9999.0
-9999.0 -9999.0 -9999.0 -9999.0 -9999.0 -9999.0 -9999.0 -9999.0 0.277422 0.021315 0.020201 0.290417 0.040084 0.040722 0.052770 0.215875 0.061246 0.103864 0.123418 0.115542 0.099719 0.066306 0.070738 0.084895 0.156498 0.253577 0.277177 0.040167 0.040075 0.020047 0.020071 0.040222 0.054220 0.020298 0.127069 0.101222 0.128365 0.065166 0.020059 0.020171 0.021942 0.260614 0.020047 0.020211 0.043538 0.430000 0.020064 0.040469 0.062783 0.229276 0.318025 0.020233 0.040021 0.020026 0.020035 0.020172 0.020152 0.250991 0.028859 0.122707 -9999.0 -9999.0 -9999.0
-9999.0 -9999.0 -9999.0 -9999.0 -9999.0 -9999.0 -9999.0 -9999.0 0.020048 0.040121 0.020058 0.020834 0.113283 0.040032 0.040131 0.223686 0.108851 0.088095 0.020840 0.114946 0.190515 0.151088 0.127743 0.102128 0.072610 0.150227 0.294760 0.042446 0.020043 0.021075 0.020090 0.020259 0.142534 0.020342 0.276763 0.257902 0.128464 0.372716 0.020820 0.140598 0.030221 0.020201 0.020423 0.138210 0.429962 0.040203 0.020041 0.141984 0.021355 0.235974 0.280994 0.042373 0.040015 0.020064 0.094803 0.020105 0.020179 0.037259 0.021085 0.164387 0.120218 -9999.0 -9999.0
-9999.0 -9999.0 -9999.0 -9999.0 -9999.0 -9999.0 -9999.0 -9999.0 0.032478 0.198338 0.126413 0.020044 0.321049 0.020051 0.040204 0.020210 0.164262 0.102080 0.062948 0.189589 0.114530 0.148898 0.126005 0.113583 0.136285 0.087446 0.268071 0.040082 0.020037 0.056688 0.020788 0.284238 0.040048 0.020119 0.269582 0.131555 0.039454 0.113445 0.026371 0.020424 0.142243 0.021986 0.263244 0.428033 0.040091 0.264112 0.020166 0.223233 0.040036 0.054225 0.224302 0.352115 0.020060 0.020043 0.020628 0.092524 0.363606 0.172290 0.070383 0.157801 0.147754 -9999.0 -9999.0
-9999.0 -9999.0 -9999.0 -9999.0 -9999.0 -9999.0 -9999.0 -9999.0 0.020088 0.143165 0.040505 0.020038 0.273337 0.040078 0.020817 0.302514 0.021308 0.064895 0.167488 0.110841 0.117079 0.119013 0.150683 0.147397 0.122445 0.160483 0.103779 0.020077 0.246398 0.020561 0.020260 0.021083 0.021016 0.137347 0.020120 0.125496 0.118019 0.080872 0.082923 0.024141 0.134082 0.133930 0.135616 0.043339 0.225009 0.021981 0.161963 0.032065 0.097207 0.020195 0.260684 0.166797 0.324391 0.042125 0.413988 0.317891 0.121418 0.172091 0.152516 0.150388 0.127699 0.164898 -9999.0
-9999.0 -9999.0 -9999.0 -9999.0 -9999.0 -9999.0 -9999.0 -9999.0 0.040020 0.291471 0.040029 0.020098 0.020494 0.043428 0.366723 0.189486 0.215089 0.102443 0.145941 0.085877 0.109060 0.125014 0.119800 0.118624 0.106654 0.167982 0.040100 0.067976 0.237153 0.420687 0.020867 0.332105 0.021723 0.227206 0.024121 0.020923 0.020659 0.066965 0.021167 0.156335 0.022174 0.020118 0.026362 0.020160 0.020223 0.133297 0.021094 0.024839 0.020853 0.056417 0.021685 0.140930 0.165566 0.183649 0.257821 0.260722 0.200929 0.171369 0.160430 0.069604 0.085892 0.172859 -9999.0
-9999.0 -9999.0 0.120221 0.261577 0.040015 0.040063 0.040024 0.040030 0.043241 0.257960 0.040125 0.040654 0.045231 0.430000 0.178013 0.427507 0.036772 0.040083 0.040390 0.216688 0.086269 0.112584 0.145046 0.107027 0.126340 0.099248 0.180573 0.185207 0.119529 0.169743 0.247683 0.154803 0.170608 0.089543 0.108114 0.074370 0.097359 0.059976 0.020878 0.021399 0.020529 0.020516 0.021426 0.097275 0.079736 0.022322 0.180234 0.220090 0.020758 0.114996 0.105728 0.167849 0.197052 0.221114 0.243680 0.232642 0.206266 0.160703 0.086885 0.104958 0.178745 0.185600 -9999.0
-9999.0 0.040326 0.040246 0.040153 0.040074 0.040105 0.040025 0.040022 0.040014 0.020722 0.040038 0.040149 0.228849 0.287212 0.430000 0.020772 0.040112 0.040045 0.040088 0.232293 0.090167 0.076512 0.177270 0.153844 0.125657 0.118405 0.135540 0.139565 0.103017 0.135318 0.093512 0.105299 0.105408 0.141856 0.083112 0.114939 0.069081 0.055846 0.115311 0.112581 0.077149 0.085895 0.061404 0.070283 0.077675 0.074286 0.153540 0.065522 0.080395 0.143508 0.157726 0.180075 0.206088 0.244420 0.249856 0.360787 0.331933 0.304913 0.355540 0.277443 0.252216 0.188968 -9999.0
-9999.0 0.246753 0.076701 0.066429 0.284815 0.047225 0.040026 0.040017 0.040340 0.020151 0.040026 0.040080 0.286351 0.354191 0.022350 0.040026 0.020057 0.040035 0.041057 0.122601 0.277126 0.187594 0.175241 0.184059 0.209941 0.193768 0.094173 0.126333 0.121027 0.062159 0.060152 0.061034 0.123193 0.144220 0.151415 0.119801 0.179901 0.176647 0.112042 0.110706 0.112804 0.133732 0.074062 0.097151 0.090422 0.058146 0.142146 0.130436 0.135420 0.144599 0.138812 0.185431 0.271345 0.361606 0.430000 0.214408 0.040798 0.058916 0.181256 0.050302 0.271587 -9999.0 -9999.0
-9999.0 0.159736 0.057721 0.048085 0.317571 0.287111 0.297534 0.040050 0.040043 0.040047 0.040133 0.271491 0.267722 0.418992 0.040059 0.040018 0.040018 0.040067 0.040052 0.040526 0.042910 0.286007 0.169089 0.220275 0.215491 0.156661 0.148361 0.143514 0.118790 0.131796 0.113919 0.112949 0.127656 0.124946 0.121174 0.118121 0.117165 0.174917 0.116404 0.116135 0.116486 0.179471 0.118590 0.112521 0.112398 0.124509 0.127755 0.136650 0.152045 0.133878 0.167095 0.254297 0.268561 0.428828 0.044435 0.040078 0.040074 0.040050 0.040057 -9999.0 -9999.0 -9999.0 -9999.0
