user2019/resources/simulation/Vinschgau/output-maps/thetaliqL0002N0640.asc
ncols         63
nrows         48
xllcorner     598000.000000
yllcorner     5145000.000000
cellsize      1000.000000
NODATA_value  -9999.0
[rows 0 to 28 of 48, columns 0 to 62 of 63]
-9999.0 -9999.0 -9999.0 -9999.0 -9999.0 -9999.0 -9999.0 -9999.0 -9999.0 -9999.0 -9999.0 -9999.0 -9999.0 -9999.0 -9999.0 -9999.0 -9999.0 -9999.0 -9999.0 -9999.0 -9999.0 -9999.0 -9999.0 -9999.0 -9999.0 -9999.0 -9999.0 -9999.0 -9999.0 -9999.0 -9999.0 -9999.0 -9999.0 -9999.0 -9999.0 -9999.0 -9999.0 -9999.0 -9999.0 -9999.0 -9999.0 -9999.0 -9999.0 -9999.0 -9999.0 -9999.0 -9999.0 -9999.0 -9999.0 -9999.0 -9999.0 -9999.0 -9999.0 -9999.0 -9999.0 -9999.0 -9999.0 -9999.0 -9999.0 -9999.0 -9999.0 -9999.0 -9999.0
-9999.0 -9999.0 -9999.0 -9999.0 -9999.0 -9999.0 -9999.0 -9999.0 -9999.0 -9999.0 -9999.0 -9999.0 -9999.0 -9999.0 -9999.0 -9999.0 -9999.0 -9999.0 -9999.0 -9999.0 -9999.0 -9999.0 -9999.0 -9999.0 -9999.0 -9999.0 -9999.0 0.175487 0.520000 0.161102 0.520000 0.520000 0.520000 -9999.0 -9999.0 -9999.0 -9999.0 -9999.0 -9999.0 -9999.0 -9999.0 -9999.0 -9999.0 -9999.0 -9999.0 -9999.0 -9999.0 -9999.0 -9999.0 -9999.0 -9999.0 -9999.0 -9999.0 -9999.0 -9999.0 -9999.0 -9999.0 -9999.0 -9999.0 -9999.0 -9999.0 -9999.0 -9999.0
-9999.0 -9999.0 -9999.0 -9999.0 -9999.0 -9999.0 -9999.0 -9999.0 -9999.0 -9999.0 -9999.0 -9999.0 -9999.0 -9999.0 -9999.0 -9999.0 -9999.0 -9999.0 -9999.0 -9999.0 -9999.0 -9999.0 -9999.0 -9999.0 0.520000 0.489797 0.468013 0.459254 0.520000 0.520000 0.520000 -9999.0 -9999.0 -9999.0 -9999.0 -9999.0 -9999.0 -9999.0 -9999.0 -9999.0 -9999.0 -9999.0 -9999.0 -9999.0 -9999.0 -9999.0 -9999.0 -9999.0 -9999.0 -9999.0 -9999.0 -9999.0 -9999.0 -9999.0 -9999.0 -9999.0 -9999.0 -9999.0 -9999.0 -9999.0 -9999.0 -9999.0 -9999.0
-9999.0 -9999.0 -9999.0 -9999.0 -9999.0 -9999.0 -9999.0 -9999.0 -9999.0 -9999.0 -9999.0 -9999.0 -9999.0 -9999.0 -9999.0 -9999.0 -9999.0 -9999.0 -9999.0 -9999.0 -9999.0 -9999.0 -9999.0 0.520000 0.512643 0.099767 0.076067 0.072495 0.298710 0.443510 0.492473 0.520000 -9999.0 -9999.0 -9999.0 -9999.0 -9999.0 -9999.0 -9999.0 -9999.0 -9999.0 -9999.0 -9999.0 -9999.0 -9999.0 -9999.0 -9999.0 -9999.0 -9999.0 -9999.0 -9999.0 -9999.0 -9999.0 -9999.0 -9999.0 -9999.0 -9999.0 -9999.0 -9999.0 -9999.0 -9999.0 -9999.0 -9999.0
-9999.0 -9999.0 -9999.0 -9999.0 -9999.0 -9999.0 -9999.0 -9999.0 -9999.0 -9999.0 -9999.0 -9999.0 -9999.0 -9999.0 -9999.0 -9999.0 -9999.0 -9999.0 0.520000 0.520000 -9999.0 0.520000 0.520000 0.147382 0.109587 0.073627 0.158570 0.186688 0.072537 0.079444 0.478465 0.520000 0.166229 0.171195 -9999.0 -9999.0 -9999.0 -9999.0 -9999.0 -9999.0 -9999.0 -9999.0 -9999.0 -9999.0 -9999.0 -9999.0 -9999.0 -9999.0 -9999.0 -9999.0 -9999.0 -9999.0 -9999.0 -9999.0 -9999.0 -9999.0 -9999.0 -9999.0 -9999.0 -9999.0 -9999.0 -9999.0 -9999.0
-9999.0 -9999.0 -9999.0 -9999.0 -9999.0 -9999.0 -9999.0 -9999.0 -9999.0 -9999.0 -9999.0 -9999.0 -9999.0 -9999.0 -9999.0 -9999.0 -9999.0 0.119585 0.229349 0.088408 0.163126 0.330275 0.203390 0.127637 0.128459 0.163784 0.214950 0.415551 0.147141 0.313650 0.520000 0.520000 0.096976 0.096797 0.105181 0.107193 -9999.0 -9999.0 -9999.0 -9999.0 -9999.0 -9999.0 -9999.0 -9999.0 -9999.0 -9999.0 -9999.0 -9999.0 -9999.0 -9999.0 -9999.0 -9999.0 -9999.0 -9999.0 -9999.0 -9999.0 -9999.0 -9999.0 -9999.0 -9999.0 -9999.0 -9999.0 -9999.0
-9999.0 -9999.0 -9999.0 -9999.0 -9999.0 -9999.0 -9999.0 -9999.0 -9999.0 -9999.0 -9999.0 -9999.0 -9999.0 0.520000 0.324269 0.184523 0.140236 0.086386 0.128820 0.155355 0.205388 0.140777 0.112270 0.160552 0.224582 0.520000 0.143629 0.520000 0.242859 0.184839 0.520000 0.520000 0.520000 0.520000 0.172140 0.154628 -9999.0 -9999.0 -9999.0 -9999.0 -9999.0 -9999.0 -9999.0 -9999.0 -9999.0 -9999.0 -9999.0 -9999.0 -9999.0 -9999.0 -9999.0 -9999.0 -9999.0 -9999.0 -9999.0 -9999.0 -9999.0 -9999.0 -9999.0 -9999.0 -9999.0 -9999.0 -9999.0
-9999.0 -9999.0 -9999.0 -9999.0 -9999.0 -9999.0 -9999.0 -9999.0 -9999.0 -9999.0 -9999.0 -9999.0 -9999.0 0.520000 0.287284 0.171425 0.181145 0.473833 0.080822 0.131189 0.120145 0.408711 0.227908 0.196875 0.189078 0.336052 0.520000 0.152832 0.179220 0.520000 0.520000 0.520000 0.160431 0.164974 0.164804 -9999.0 -9999.0 -9999.0 -9999.0 -9999.0 -9999.0 -9999.0 -9999.0 -9999.0 -9999.0 -9999.0 -9999.0 -9999.0 -9999.0 -9999.0 -9999.0 -9999.0 -9999.0 -9999.0 -9999.0 -9999.0 -9999.0 -9999.0 -9999.0 -9999.0 -9999.0 -9999.0 -9999.0
-9999.0 -9999.0 -9999.0 -9999.0 -9999.0 -9999.0 -9999.0 -9999.0 -9999.0 -9999.0 -9999.0 -9999.0 -9999.0 0.246803 0.520000 0.187895 0.188381 0.161761 0.084910 0.157638 0.520000 0.114431 0.520000 0.278104 0.278960 0.520000 0.137910 0.154655 0.520000 0.162146 0.520000 0.200000 0.164484 0.197899 0.162509 -9999.0 -9999.0 -9999.0 -9999.0 -9999.0 -9999.0 -9999.0 -9999.0 -9999.0 -9999.0 -9999.0 -9999.0 -9999.0 -9999.0 -9999.0 -9999.0 -9999.0 -9999.0 -9999.0 -9999.0 -9999.0 -9999.0 -9999.0 -9999.0 -9999.0 -9999.0 -9999.0 -9999.0
-9999.0 -9999.0 -9999.0 -9999.0 -9999.0 -9999.0 -9999.0 -9999.0 -9999.0 -9999.0 -9999.0 -9999.0 0.192443 0.520000 0.215543 0.414838 0.338511 0.188331 0.416021 0.108674 0.196328 0.312232 0.520000 0.499623 0.520000 0.520000 0.520000 0.520000 0.520000 0.158500 0.520000 0.141989 0.520000 0.149139 -9999.0 -9999.0 -9999.0 -9999.0 -9999.0 -9999.0 -9999.0 -9999.0 -9999.0 -9999.0 -9999.0 -9999.0 -9999.0 -9999.0 -9999.0 -9999.0 -9999.0 -9999.0 -9999.0 -9999.0 -9999.0 -9999.0 -9999.0 -9999.0 -9999.0 -9999.0 -9999.0 -9999.0 -9999.0
-9999.0 -9999.0 -9999.0 -9999.0 -9999.0 -9999.0 -9999.0 -9999.0 -9999.0 -9999.0 -9999.0 0.520000 0.520000 0.520000 0.374223 0.520000 0.080976 0.276049 0.456550 0.108460 0.279628 0.463889 0.520000 0.520000 0.520000 0.520000 0.520000 0.520000 0.520000 0.180343 0.145330 0.520000 0.149637 0.146132 0.143223 0.158468 0.140135 0.078151 0.073584 -9999.0 -9999.0 -9999.0 0.131458 -9999.0 -9999.0 -9999.0 -9999.0 -9999.0 -9999.0 -9999.0 -9999.0 -9999.0 -9999.0 -9999.0 -9999.0 -9999.0 -9999.0 -9999.0 -9999.0 -9999.0 -9999.0 -9999.0 -9999.0
-9999.0 -9999.0 -9999.0 -9999.0 -9999.0 -9999.0 -9999.0 -9999.0 -9999.0 -9999.0 -9999.0 0.520000 0.520000 0.520000 0.443231 0.520000 0.316379 0.132902 0.435472 0.520000 0.520000 0.520000 0.520000 0.520000 0.520000 0.520000 0.520000 0.520000 0.167949 0.157878 0.520000 0.520000 0.520000 0.520000 0.520000 0.319628 0.069548 0.067734 0.068011 0.138354 0.178724 0.184986 0.520000 0.172653 -9999.0 -9999.0 -9999.0 0.520000 0.520000 0.146434 0.520000 0.144343 0.145585 0.520000 0.520000 0.169941 -9999.0 -9999.0 -9999.0 -9999.0 -9999.0 -9999.0 -9999.0
-9999.0 -9999.0 -9999.0 -9999.0 -9999.0 -9999.0 -9999.0 -9999.0 -9999.0 -9999.0 -9999.0 0.520000 0.520000 0.520000 0.520000 0.520000 0.520000 0.503380 0.467923 0.428808 0.517646 0.520000 0.520000 0.520000 0.520000 0.144306 0.520000 0.520000 0.150190 0.520000 0.152010 0.520000 0.520000 0.520000 0.174590 0.117914 0.078832 0.074858 0.066352 0.023083 0.068570 0.138111 0.340713 0.520000 0.520000 -9999.0 0.149700 0.520000 0.520000 0.520000 0.520000 0.143066 0.520000 0.520000 0.520000 0.520000 -9999.0 -9999.0 -9999.0 -9999.0 -9999.0 -9999.0 -9999.0
-9999.0 -9999.0 -9999.0 -9999.0 -9999.0 -9999.0 -9999.0 -9999.0 -9999.0 -9999.0 -9999.0 -9999.0 0.520000 0.520000 0.520000 0.520000 0.520000 0.454301 0.520000 0.434622 0.520000 0.520000 0.520000 0.520000 0.520000 0.520000 0.520000 0.520000 0.520000 0.143308 0.520000 0.520000 0.520000 0.520000 0.520000 0.131968 0.081895 0.075882 0.066040 0.067930 0.068258 0.132657 0.166524 0.492613 0.170222 0.520000 0.144100 0.520000 0.520000 0.520000 0.520000 0.520000 0.520000 0.520000 0.520000 0.520000 0.520000 -9999.0 -9999.0 -9999.0 -9999.0 -9999.0 -9999.0
-9999.0 -9999.0 -9999.0 -9999.0 -9999.0 -9999.0 -9999.0 -9999.0 -9999.0 -9999.0 -9999.0 0.520000 0.520000 0.520000 0.520000 0.520000 0.520000 0.520000 0.520000 0.322133 0.520000 0.520000 0.520000 0.520000 0.520000 0.520000 0.520000 0.520000 0.520000 0.147395 0.520000 0.520000 0.520000 0.520000 0.520000 0.339969 0.075163 0.076276 0.075713 0.065951 0.078853 0.084662 0.225080 0.157130 0.520000 0.520000 0.520000 0.142818 0.148316 0.520000 0.167951 0.520000 0.520000 0.193285 0.186224 0.169416 0.155752 -9999.0 -9999.0 -9999.0 -9999.0 -9999.0 -9999.0
-9999.0 -9999.0 -9999.0 -9999.0 -9999.0 -9999.0 -9999.0 -9999.0 -9999.0 -9999.0 0.520000 0.520000 0.520000 0.520000 0.520000 0.520000 0.520000 0.520000 0.265108 0.342819 0.520000 0.520000 0.520000 0.520000 0.520000 0.520000 0.520000 0.151497 0.520000 0.520000 0.520000 0.520000 0.520000 0.520000 0.180115 0.177302 0.113279 0.084817 0.081535 0.074430 0.075255 0.123144 0.144250 0.248862 0.489472 0.176097 0.520000 0.520000 0.520000 0.520000 0.151206 0.158481 0.193212 0.200000 0.161788 0.520000 0.520000 -9999.0 -9999.0 -9999.0 -9999.0 -9999.0 -9999.0
-9999.0 -9999.0 -9999.0 -9999.0 -9999.0 -9999.0 -9999.0 -9999.0 -9999.0 0.520000 0.520000 0.520000 0.520000 0.520000 0.520000 0.520000 0.520000 0.520000 0.341988 0.248593 0.520000 0.359874 0.520000 0.520000 0.520000 0.520000 0.520000 0.520000 0.520000 0.520000 0.520000 0.520000 0.167074 0.165112 0.149822 0.154775 0.520000 0.257366 0.209201 0.283966 0.221845 0.329856 0.401983 0.132847 0.278536 0.492343 0.516433 0.485787 0.520000 0.520000 0.520000 0.156002 0.199864 0.172553 0.154329 0.520000 0.520000 0.150938 0.153653 -9999.0 -9999.0 -9999.0 -9999.0
-9999.0 -9999.0 -9999.0 -9999.0 -9999.0 -9999.0 -9999.0 -9999.0 -9999.0 0.520000 0.520000 0.520000 0.520000 0.471538 0.492094 0.520000 0.520000 0.520000 0.290234 0.246515 0.293914 0.281888 0.520000 0.520000 0.520000 0.520000 0.520000 0.520000 0.520000 0.520000 0.520000 0.520000 0.520000 0.520000 0.520000 0.172755 0.177047 0.179337 0.520000 0.520000 0.520000 0.520000 0.256079 0.340532 0.292080 0.213190 0.252334 0.205190 0.362319 0.500322 0.520000 0.520000 0.155547 0.520000 0.197374 0.520000 0.520000 0.520000 0.163730 -9999.0 -9999.0 -9999.0 -9999.0
-9999.0 -9999.0 -9999.0 -9999.0 -9999.0 -9999.0 -9999.0 -9999.0 -9999.0 -9999.0 0.520000 0.520000 0.520000 0.520000 0.421206 0.460681 0.520000 0.473529 0.223492 0.261407 0.381644 0.520000 0.520000 0.520000 0.520000 0.520000 0.520000 0.520000 0.520000 0.520000 0.520000 0.520000 0.520000 0.520000 0.520000 0.520000 0.493211 0.520000 0.181510 0.520000 0.520000 0.520000 0.520000 0.520000 0.520000 0.520000 0.520000 0.488207 0.424420 0.520000 0.520000 0.520000 0.147546 0.181514 0.520000 0.520000 0.520000 0.520000 0.520000 0.519878 -9999.0 -9999.0 -9999.0
-9999.0 -9999.0 -9999.0 -9999.0 -9999.0 -9999.0 -9999.0 -9999.0 -9999.0 -9999.0 0.520000 0.520000 0.520000 0.520000 0.419941 0.312828 0.429845 0.266128 0.161389 0.245463 0.279659 0.392065 0.520000 0.520000 0.520000 0.476814 0.515175 0.520000 0.520000 0.520000 0.520000 0.520000 0.176729 0.520000 0.520000 0.520000 0.520000 0.520000 0.520000 0.520000 0.520000 0.171893 0.520000 0.520000 0.520000 0.520000 0.520000 0.520000 0.520000 0.520000 0.520000 0.520000 0.520000 0.147920 0.168783 0.165905 0.520000 0.520000 0.520000 0.520000 -9999.0 -9999.0 -9999.0
-9999.0 -9999.0 -9999.0 -9999.0 -9999.0 -9999.0 -9999.0 -9999.0 0.520000 0.520000 0.520000 0.520000 0.520000 0.520000 0.520000 0.349222 0.176371 0.189655 0.189386 0.256896 0.261876 0.311336 0.369579 0.280200 0.303752 0.395634 0.520000 0.520000 0.520000 0.520000 0.200000 0.520000 0.520000 0.520000 0.520000 0.520000 0.520000 0.520000 0.520000 0.167180 0.142850 0.520000 0.164662 0.178619 0.164908 0.520000 0.520000 0.520000 0.520000 0.520000 0.520000 0.520000 0.520000 0.520000 0.166912 0.520000 0.166105 0.520000 0.514776 0.520000 -9999.0 -9999.0 -9999.0
-9999.0 -9999.0 -9999.0 -9999.0 -9999.0 -9999.0 -9999.0 -9999.0 0.200000 0.520000 0.520000 0.520000 0.520000 0.520000 0.520000 0.488781 0.352626 0.281679 0.173047 0.259741 0.319246 0.345973 0.520000 0.351617 0.230442 0.443930 0.520000 0.520000 0.168514 0.520000 0.520000 0.115945 0.520000 0.117545 0.520000 0.520000 0.520000 0.520000 0.520000 0.520000 0.520000 0.520000 0.134537 0.520000 0.520000 0.520000 0.161710 0.520000 0.520000 0.520000 0.520000 0.520000 0.520000 0.520000 0.520000 0.147797 0.520000 0.520000 0.504188 0.520000 0.205709 -9999.0 -9999.0
-9999.0 -9999.0 -9999.0 -9999.0 -9999.0 -9999.0 -9999.0 -9999.0 0.520000 0.520000 0.520000 0.520000 0.520000 0.158768 0.520000 0.520000 0.359755 0.245299 0.187477 0.306292 0.284220 0.300382 0.346058 0.308255 0.276659 0.520000 0.520000 0.520000 0.157788 0.520000 0.105467 0.520000 0.520000 0.520000 0.520000 0.520000 0.520000 0.520000 0.520000 0.520000 0.520000 0.108229 0.520000 0.520000 0.520000 0.520000 0.155847 0.520000 0.520000 0.520000 0.437319 0.520000 0.520000 0.520000 0.520000 0.520000 0.520000 0.512794 0.460783 0.365121 0.265117 -9999.0 -9999.0
-9999.0 -9999.0 -9999.0 -9999.0 -9999.0 -9999.0 -9999.0 -9999.0 0.141080 0.520000 0.520000 0.142694 0.520000 0.520000 0.520000 0.489033 0.265146 0.152743 0.322318 0.219442 0.277593 0.277334 0.233063 0.171629 0.251766 0.520000 0.520000 0.520000 0.520000 0.520000 0.520000 0.520000 0.520000 0.520000 0.520000 0.520000 0.520000 0.520000 0.520000 0.520000 0.520000 0.520000 0.520000 0.163619 0.520000 0.159656 0.520000 0.150138 0.520000 0.513329 0.475429 0.446467 0.520000 0.457395 0.520000 0.520000 0.520000 0.520000 0.205666 0.267841 0.357065 0.424706 -9999.0
-9999.0 -9999.0 -9999.0 -9999.0 -9999.0 -9999.0 -9999.0 -9999.0 0.520000 0.520000 0.520000 0.520000 0.520000 0.520000 0.520000 0.429279 0.515363 0.433590 0.478667 0.291847 0.227727 0.244147 0.208743 0.129879 0.164268 0.360192 0.520000 0.520000 0.520000 0.520000 0.520000 0.520000 0.520000 0.520000 0.520000 0.520000 0.520000 0.520000 0.520000 0.520000 0.520000 0.520000 0.520000 0.520000 0.520000 0.520000 0.520000 0.520000 0.497711 0.477370 0.400382 0.197497 0.369400 0.347308 0.520000 0.520000 0.464770 0.380490 0.370351 0.386319 0.431295 0.450557 -9999.0
-9999.0 -9999.0 0.520000 0.520000 0.520000 0.520000 0.520000 0.520000 0.520000 0.520000 0.520000 0.520000 0.520000 0.520000 0.485571 0.520000 0.520000 0.520000 0.520000 0.520000 0.254427 0.176322 0.240046 0.121484 0.229042 0.232636 0.327157 0.438871 0.487523 0.520000 0.520000 0.520000 0.520000 0.520000 0.520000 0.520000 0.520000 0.492767 0.520000 0.520000 0.520000 0.520000 0.520000 0.520000 0.520000 0.520000 0.520000 0.520000 0.489658 0.270418 0.142274 0.164139 0.470468 0.509585 0.520000 0.491303 0.520000 0.520000 0.520000 0.500649 0.520000 0.479670 -9999.0
-9999.0 0.520000 0.520000 0.520000 0.520000 0.520000 0.520000 0.520000 0.520000 0.520000 0.520000 0.520000 0.520000 0.520000 0.520000 0.520000 0.520000 0.520000 0.520000 0.495352 0.222798 0.289159 0.305953 0.150119 0.131412 0.176737 0.165035 0.158438 0.243842 0.430660 0.186211 0.261361 0.520000 0.520000 0.520000 0.506619 0.486767 0.411640 0.520000 0.475816 0.469912 0.520000 0.520000 0.462763 0.399121 0.325385 0.373578 0.270925 0.193402 0.099813 0.293130 0.482609 0.520000 0.520000 0.520000 0.520000 0.520000 0.520000 0.520000 0.520000 0.520000 0.488807 -9999.0
-9999.0 0.520000 0.520000 0.520000 0.520000 0.520000 0.520000 0.520000 0.520000 0.520000 0.520000 0.520000 0.520000 0.520000 0.520000 0.520000 0.520000 0.520000 0.520000 0.520000 0.520000 0.520000 0.329924 0.274941 0.246604 0.176036 0.117730 0.135630 0.197653 0.092271 0.081350 0.080800 0.520000 0.520000 0.520000 0.312419 0.287319 0.342539 0.520000 0.267094 0.477597 0.520000 0.520000 0.129207 0.084439 0.079736 0.106566 0.220575 0.403518 0.452523 0.514699 0.449918 0.477550 0.520000 0.520000 0.520000 0.520000 0.520000 0.520000 0.520000 0.520000 -9999.0 -9999.0
-9999.0 0.520000 0.520000 0.520000 0.520000 0.520000 0.520000 0.520000 0.520000 0.520000 0.520000 0.520000 0.498841 0.520000 0.520000 0.520000 0.520000 0.520000 0.520000 0.520000 0.465630 0.353390 0.190961 0.294264 0.490824 0.276339 0.472820 0.499820 0.163584 0.197648 0.101329 0.078139 0.380920 0.328013 0.293696 0.223807 0.520000 0.356728 0.444531 0.219964 0.183195 0.489389 0.445888 0.121230 0.122331 0.433742 0.234603 0.520000 0.520000 0.520000 0.520000 0.520000 0.520000 0.520000 0.520000 0.520000 0.520000 0.520000 0.520000 -9999.0 -9999.0 -9999.0 -9999.0
