user2019/resources/simulation/Vinschgau/output-maps/thetaliqL0002N0153.asc
ncols         63
nrows         48
xllcorner     598000.000000
yllcorner     5145000.000000
cellsize      1000.000000
NODATA_value  -9999.0
[rows 0 to 28 of 48, columns 0 to 62 of 63]
-9999.0 -9999.0 -9999.0 -9999.0 -9999.0 -9999.0 -9999.0 -9999.0 -9999.0 -9999.0 -9999.0 -9999.0 -9999.0 -9999.0 -9999.0 -9999.0 -9999.0 -9999.0 -9999.0 -9999.0 -9999.0 -9999.0 -9999.0 -9999.0 -9999.0 -9999.0 -9999.0 -9999.0 -9999.0 -9999.0 -9999.0 -9999.0 -9999.0 -9999.0 -9999.0 -9999.0 -9999.0 -9999.0 -9999.0 -9999.0 -9999.0 -9999.0 -9999.0 -9999.0 -9999.0 -9999.0 -9999.0 -9999.0 -9999.0 -9999.0 -9999.0 -9999.0 -9999.0 -9999.0 -9999.0 -9999.0 -9999.0 -9999.0 -9999.0 -9999.0 -9999.0 -9999.0 -9999.0
-9999.0 -9999.0 -9999.0 -9999.0 -9999.0 -9999.0 -9999.0 -9999.0 -9999.0 -9999.0 -9999.0 -9999.0 -9999.0 -9999.0 -9999.0 -9999.0 -9999.0 -9999.0 -9999.0 -9999.0 -9999.0 -9999.0 -9999.0 -9999.0 -9999.0 -9999.0 -9999.0 0.020065 0.040031 0.020041 0.040018 0.040012 0.040012 -9999.0 -9999.0 -9999.0 -9999.0 -9999.0 -9999.0 -9999.0 -9999.0 -9999.0 -9999.0 -9999.0 -9999.0 -9999.0 -9999.0 -9999.0 -9999.0 -9999.0 -9999.0 -9999.0 -9999.0 -9999.0 -9999.0 -9999.0 -9999.0 -9999.0 -9999.0 -9999.0 -9999.0 -9999.0 -9999.0
-9999.0 -9999.0 -9999.0 -9999.0 -9999.0 -9999.0 -9999.0 -9999.0 -9999.0 -9999.0 -9999.0 -9999.0 -9999.0 -9999.0 -9999.0 -9999.0 -9999.0 -9999.0 -9999.0 -9999.0 -9999.0 -9999.0 -9999.0 -9999.0 0.040078 0.040063 0.040031 0.040026 0.040036 0.040022 0.040025 -9999.0 -9999.0 -9999.0 -9999.0 -9999.0 -9999.0 -9999.0 -9999.0 -9999.0 -9999.0 -9999.0 -9999.0 -9999.0 -9999.0 -9999.0 -9999.0 -9999.0 -9999.0 -9999.0 -9999.0 -9999.0 -9999.0 -9999.0 -9999.0 -9999.0 -9999.0 -9999.0 -9999.0 -9999.0 -9999.0 -9999.0 -9999.0
-9999.0 -9999.0 -9999.0 -9999.0 -9999.0 -9999.0 -9999.0 -9999.0 -9999.0 -9999.0 -9999.0 -9999.0 -9999.0 -9999.0 -9999.0 -9999.0 -9999.0 -9999.0 -9999.0 -9999.0 -9999.0 -9999.0 -9999.0 0.040071 0.040073 0.040749 0.040774 0.040745 0.040082 0.040016 0.040018 0.040051 -9999.0 -9999.0 -9999.0 -9999.0 -9999.0 -9999.0 -9999.0 -9999.0 -9999.0 -9999.0 -9999.0 -9999.0 -9999.0 -9999.0 -9999.0 -9999.0 -9999.0 -9999.0 -9999.0 -9999.0 -9999.0 -9999.0 -9999.0 -9999.0 -9999.0 -9999.0 -9999.0 -9999.0 -9999.0 -9999.0 -9999.0
-9999.0 -9999.0 -9999.0 -9999.0 -9999.0 -9999.0 -9999.0 -9999.0 -9999.0 -9999.0 -9999.0 -9999.0 -9999.0 -9999.0 -9999.0 -9999.0 -9999.0 -9999.0 0.041408 0.040744 -9999.0 0.040079 0.040078 0.042327 0.041445 0.040014 0.040059 0.040061 0.040264 0.040088 0.040015 0.040021 0.020031 0.020027 -9999.0 -9999.0 -9999.0 -9999.0 -9999.0 -9999.0 -9999.0 -9999.0 -9999.0 -9999.0 -9999.0 -9999.0 -9999.0 -9999.0 -9999.0 -9999.0 -9999.0 -9999.0 -9999.0 -9999.0 -9999.0 -9999.0 -9999.0 -9999.0 -9999.0 -9999.0 -9999.0 -9999.0 -9999.0
-9999.0 -9999.0 -9999.0 -9999.0 -9999.0 -9999.0 -9999.0 -9999.0 -9999.0 -9999.0 -9999.0 -9999.0 -9999.0 -9999.0 -9999.0 -9999.0 -9999.0 0.058848 0.040055 0.020089 0.020097 0.040254 0.040093 0.040092 0.040636 0.040040 0.040063 0.040066 0.040056 0.040056 0.040063 0.040014 0.020033 0.020029 0.020034 0.020025 -9999.0 -9999.0 -9999.0 -9999.0 -9999.0 -9999.0 -9999.0 -9999.0 -9999.0 -9999.0 -9999.0 -9999.0 -9999.0 -9999.0 -9999.0 -9999.0 -9999.0 -9999.0 -9999.0 -9999.0 -9999.0 -9999.0 -9999.0 -9999.0 -9999.0 -9999.0 -9999.0
-9999.0 -9999.0 -9999.0 -9999.0 -9999.0 -9999.0 -9999.0 -9999.0 -9999.0 -9999.0 -9999.0 -9999.0 -9999.0 0.040088 0.040259 0.040309 0.040125 0.020067 0.041584 0.040134 0.043587 0.042356 0.040094 0.040792 0.040027 0.040044 0.020049 0.040062 0.040038 0.040069 0.040059 0.040034 0.040019 0.040009 0.020023 0.020022 -9999.0 -9999.0 -9999.0 -9999.0 -9999.0 -9999.0 -9999.0 -9999.0 -9999.0 -9999.0 -9999.0 -9999.0 -9999.0 -9999.0 -9999.0 -9999.0 -9999.0 -9999.0 -9999.0 -9999.0 -9999.0 -9999.0 -9999.0 -9999.0 -9999.0 -9999.0 -9999.0
-9999.0 -9999.0 -9999.0 -9999.0 -9999.0 -9999.0 -9999.0 -9999.0 -9999.0 -9999.0 -9999.0 -9999.0 -9999.0 0.040098 0.043769 0.040270 0.040258 0.040615 0.020059 0.040020 0.040012 0.040041 0.040074 0.040061 0.040070 0.040067 0.040025 0.020030 0.020028 0.040026 0.040061 0.040010 0.020023 0.020021 0.020021 -9999.0 -9999.0 -9999.0 -9999.0 -9999.0 -9999.0 -9999.0 -9999.0 -9999.0 -9999.0 -9999.0 -9999.0 -9999.0 -9999.0 -9999.0 -9999.0 -9999.0 -9999.0 -9999.0 -9999.0 -9999.0 -9999.0 -9999.0 -9999.0 -9999.0 -9999.0 -9999.0 -9999.0
-9999.0 -9999.0 -9999.0 -9999.0 -9999.0 -9999.0 -9999.0 -9999.0 -9999.0 -9999.0 -9999.0 -9999.0 -9999.0 0.040579 0.042313 0.041225 0.040284 0.040188 0.020059 0.040116 0.040187 0.020044 0.040059 0.040069 0.040070 0.040102 0.020052 0.020029 0.040025 0.020025 0.040010 0.020022 0.020022 0.020020 0.020020 -9999.0 -9999.0 -9999.0 -9999.0 -9999.0 -9999.0 -9999.0 -9999.0 -9999.0 -9999.0 -9999.0 -9999.0 -9999.0 -9999.0 -9999.0 -9999.0 -9999.0 -9999.0 -9999.0 -9999.0 -9999.0 -9999.0 -9999.0 -9999.0 -9999.0 -9999.0 -9999.0 -9999.0
-9999.0 -9999.0 -9999.0 -9999.0 -9999.0 -9999.0 -9999.0 -9999.0 -9999.0 -9999.0 -9999.0 -9999.0 0.040101 0.042389 0.041437 0.040050 0.040836 0.040208 0.040839 0.020040 0.040064 0.040068 0.040072 0.040070 0.040178 0.040014 0.040065 0.040054 0.040023 0.020027 0.040010 0.020033 0.040011 0.020023 -9999.0 -9999.0 -9999.0 -9999.0 -9999.0 -9999.0 -9999.0 -9999.0 -9999.0 -9999.0 -9999.0 -9999.0 -9999.0 -9999.0 -9999.0 -9999.0 -9999.0 -9999.0 -9999.0 -9999.0 -9999.0 -9999.0 -9999.0 -9999.0 -9999.0 -9999.0 -9999.0 -9999.0 -9999.0
-9999.0 -9999.0 -9999.0 -9999.0 -9999.0 -9999.0 -9999.0 -9999.0 -9999.0 -9999.0 -9999.0 0.040084 0.040083 0.041075 0.040078 0.040074 0.020044 0.040301 0.040870 0.020042 0.040054 0.041284 0.040081 0.040022 0.040072 0.040053 0.040013 0.040058 0.040046 0.020025 0.020045 0.040015 0.020030 0.020021 0.020020 0.020017 0.040004 0.040003 0.040003 -9999.0 -9999.0 -9999.0 0.020020 -9999.0 -9999.0 -9999.0 -9999.0 -9999.0 -9999.0 -9999.0 -9999.0 -9999.0 -9999.0 -9999.0 -9999.0 -9999.0 -9999.0 -9999.0 -9999.0 -9999.0 -9999.0 -9999.0 -9999.0
-9999.0 -9999.0 -9999.0 -9999.0 -9999.0 -9999.0 -9999.0 -9999.0 -9999.0 -9999.0 -9999.0 0.040074 0.040074 0.040095 0.040101 0.040042 0.040156 0.040084 0.040650 0.041412 0.042186 0.042577 0.040077 0.040073 0.040071 0.040026 0.040038 0.040034 0.020057 0.020029 0.040016 0.040012 0.040008 0.040011 0.040006 0.040005 0.040004 0.040003 0.040003 0.020011 0.020012 0.020016 0.040007 0.020024 -9999.0 -9999.0 -9999.0 0.040806 0.040098 0.020130 0.040161 0.020123 0.020126 0.042958 0.043230 0.020133 -9999.0 -9999.0 -9999.0 -9999.0 -9999.0 -9999.0 -9999.0
-9999.0 -9999.0 -9999.0 -9999.0 -9999.0 -9999.0 -9999.0 -9999.0 -9999.0 -9999.0 -9999.0 0.040080 0.040075 0.040029 0.040221 0.040047 0.040110 0.040072 0.041404 0.040869 0.040562 0.040087 0.040086 0.040079 0.040019 0.020047 0.040075 0.040034 0.020035 0.040022 0.020029 0.040012 0.040012 0.040008 0.020018 0.040004 0.040017 0.040024 0.040020 0.020017 0.040003 0.040003 0.040007 0.040008 0.040023 -9999.0 0.020053 0.040089 0.040103 0.040334 0.040126 0.020135 0.044532 0.053882 0.053267 0.048808 -9999.0 -9999.0 -9999.0 -9999.0 -9999.0 -9999.0 -9999.0
-9999.0 -9999.0 -9999.0 -9999.0 -9999.0 -9999.0 -9999.0 -9999.0 -9999.0 -9999.0 -9999.0 -9999.0 0.040073 0.040205 0.041093 0.040098 0.040091 0.040069 0.040562 0.040151 0.040099 0.040090 0.040116 0.040081 0.040039 0.040077 0.040988 0.040017 0.040024 0.020052 0.040026 0.040014 0.040011 0.040010 0.040006 0.040004 0.040007 0.040022 0.040026 0.040016 0.040004 0.020016 0.040006 0.040058 0.020029 0.040071 0.020114 0.040090 0.040100 0.040096 0.040264 0.040253 0.040913 0.041251 0.040105 0.040101 0.042166 -9999.0 -9999.0 -9999.0 -9999.0 -9999.0 -9999.0
-9999.0 -9999.0 -9999.0 -9999.0 -9999.0 -9999.0 -9999.0 -9999.0 -9999.0 -9999.0 -9999.0 0.040249 0.040074 0.040078 0.040119 0.040115 0.040096 0.040074 0.040585 0.062933 0.040073 0.041226 0.040083 0.040075 0.040081 0.040211 0.040172 0.040018 0.040033 0.020046 0.040027 0.040022 0.040030 0.040010 0.040006 0.040004 0.040003 0.040021 0.040061 0.040032 0.040005 0.040009 0.040008 0.020022 0.040087 0.040077 0.040089 0.020096 0.020122 0.040019 0.020085 0.040075 0.040091 0.020057 0.020089 0.020059 0.020138 -9999.0 -9999.0 -9999.0 -9999.0 -9999.0 -9999.0
-9999.0 -9999.0 -9999.0 -9999.0 -9999.0 -9999.0 -9999.0 -9999.0 -9999.0 -9999.0 0.040404 0.040094 0.040249 0.040087 0.041918 0.040253 0.040067 0.040071 0.040148 0.040105 0.041260 0.040572 0.040087 0.040992 0.040244 0.040197 0.040037 0.020033 0.040076 0.040089 0.040071 0.040044 0.040023 0.040010 0.020018 0.020017 0.040004 0.040007 0.040026 0.040029 0.040034 0.020021 0.020023 0.042819 0.040050 0.020033 0.040090 0.040027 0.040124 0.040074 0.020095 0.020059 0.020066 0.020054 0.020066 0.052665 0.049918 -9999.0 -9999.0 -9999.0 -9999.0 -9999.0 -9999.0
-9999.0 -9999.0 -9999.0 -9999.0 -9999.0 -9999.0 -9999.0 -9999.0 -9999.0 0.040078 0.040295 0.040273 0.040140 0.040078 0.040873 0.040071 0.040074 0.041251 0.040052 0.055087 0.040167 0.040163 0.040171 0.040139 0.040204 0.040028 0.040025 0.040151 0.040134 0.040115 0.040030 0.040015 0.020024 0.020023 0.020022 0.020019 0.040007 0.040005 0.040005 0.040005 0.040041 0.040011 0.040010 0.040310 0.040008 0.040027 0.040823 0.040030 0.040054 0.040221 0.040076 0.020129 0.020051 0.020109 0.020132 0.040114 0.043715 0.020265 0.020160 -9999.0 -9999.0 -9999.0 -9999.0
-9999.0 -9999.0 -9999.0 -9999.0 -9999.0 -9999.0 -9999.0 -9999.0 -9999.0 0.040069 0.040080 0.040087 0.041310 0.040117 0.040153 0.040096 0.042724 0.040099 0.040031 0.040047 0.040052 0.040014 0.040195 0.040444 0.040038 0.040073 0.040102 0.040277 0.040028 0.040058 0.040029 0.040013 0.040017 0.040026 0.040012 0.020023 0.020020 0.020021 0.040007 0.040012 0.040046 0.040013 0.040031 0.040013 0.042724 0.040012 0.040010 0.040015 0.040107 0.040051 0.040099 0.040093 0.020118 0.040090 0.020071 0.040729 0.043937 0.042292 0.020198 -9999.0 -9999.0 -9999.0 -9999.0
-9999.0 -9999.0 -9999.0 -9999.0 -9999.0 -9999.0 -9999.0 -9999.0 -9999.0 -9999.0 0.040081 0.040086 0.040073 0.040266 0.040083 0.040204 0.040577 0.041476 0.044872 0.040029 0.040110 0.040052 0.040519 0.040079 0.040068 0.040116 0.040024 0.040011 0.040058 0.040049 0.040027 0.040090 0.040018 0.040015 0.040021 0.040045 0.040053 0.040018 0.020027 0.040010 0.040009 0.040065 0.040036 0.040057 0.040014 0.040008 0.040018 0.040070 0.040011 0.040029 0.040077 0.040103 0.020122 0.020125 0.040084 0.040096 0.040119 0.040111 0.041281 0.042753 -9999.0 -9999.0 -9999.0
-9999.0 -9999.0 -9999.0 -9999.0 -9999.0 -9999.0 -9999.0 -9999.0 -9999.0 -9999.0 0.040080 0.040078 0.040075 0.040168 0.040315 0.040117 0.040094 0.040124 0.060773 0.040040 0.040026 0.040099 0.042606 0.040089 0.040109 0.040013 0.040021 0.040055 0.040057 0.040016 0.040017 0.040068 0.020035 0.040016 0.040016 0.040028 0.040023 0.040014 0.040012 0.040019 0.040082 0.020096 0.040070 0.040023 0.040248 0.040088 0.040079 0.040025 0.040002 0.040012 0.040025 0.040103 0.040243 0.020129 0.020120 0.020127 0.040099 0.043828 0.040018 0.041640 -9999.0 -9999.0 -9999.0
-9999.0 -9999.0 -9999.0 -9999.0 -9999.0 -9999.0 -9999.0 -9999.0 0.040496 0.040094 0.040051 0.040069 0.040073 0.040075 0.040095 0.040110 0.040025 0.040015 0.076800 0.082127 0.061551 0.040317 0.040010 0.040066 0.040057 0.048220 0.040183 0.040054 0.040062 0.040032 0.020028 0.040020 0.040033 0.040050 0.040086 0.040014 0.040077 0.040023 0.040013 0.020084 0.020045 0.040052 0.020039 0.020035 0.020126 0.040172 0.040045 0.040227 0.040036 0.040025 0.040097 0.040090 0.040596 0.040096 0.020127 0.050708 0.020194 0.043027 0.040090 0.040016 -9999.0 -9999.0 -9999.0
-9999.0 -9999.0 -9999.0 -9999.0 -9999.0 -9999.0 -9999.0 -9999.0 0.020087 0.040127 0.040041 0.040030 0.040071 0.040069 0.040085 0.040062 0.040423 0.040157 0.055634 0.092406 0.219291 0.136356 0.040016 0.040011 0.043173 0.061836 0.040101 0.040059 0.020043 0.040071 0.040074 0.020055 0.040080 0.020114 0.040095 0.040087 0.040080 0.040065 0.040031 0.040088 0.040037 0.040014 0.020041 0.040104 0.040086 0.040098 0.020061 0.040063 0.040092 0.040055 0.040016 0.040078 0.040147 0.049802 0.040098 0.020104 0.040107 0.040109 0.040010 0.059936 0.054022 -9999.0 -9999.0
-9999.0 -9999.0 -9999.0 -9999.0 -9999.0 -9999.0 -9999.0 -9999.0 0.040073 0.040082 0.040214 0.040044 0.040073 0.020059 0.040766 0.040071 0.040018 0.040036 0.054810 0.040107 0.114361 0.040066 0.045307 0.046898 0.409470 0.040024 0.040059 0.040061 0.020031 0.040041 0.020064 0.040078 0.040039 0.040020 0.040207 0.040122 0.040092 0.040039 0.040053 0.040087 0.040088 0.020117 0.040249 0.040091 0.040083 0.040082 0.020122 0.042629 0.040092 0.040068 0.040027 0.040058 0.040071 0.040087 0.040048 0.040075 0.040014 0.040013 0.040023 0.040024 0.044592 -9999.0 -9999.0
-9999.0 -9999.0 -9999.0 -9999.0 -9999.0 -9999.0 -9999.0 -9999.0 0.020037 0.040083 0.040710 0.020045 0.041855 0.040644 0.040076 0.040022 0.040043 0.044801 0.040014 0.070697 0.040041 0.080016 0.122100 0.040226 0.040090 0.040436 0.040514 0.040038 0.040685 0.040096 0.040044 0.040068 0.040114 0.040081 0.040078 0.040090 0.040087 0.040188 0.040032 0.040074 0.040083 0.040124 0.040155 0.020088 0.040619 0.020120 0.040832 0.020134 0.040936 0.040072 0.040276 0.040014 0.040017 0.040146 0.040010 0.040009 0.040013 0.040021 0.041163 0.041884 0.040036 0.040788 -9999.0
-9999.0 -9999.0 -9999.0 -9999.0 -9999.0 -9999.0 -9999.0 -9999.0 0.040071 0.040083 0.040693 0.040349 0.040711 0.040059 0.040911 0.040022 0.040035 0.040033 0.040134 0.040049 0.040137 0.058300 0.040793 0.040024 0.040030 0.040636 0.040067 0.040204 0.041482 0.040798 0.040083 0.040657 0.040026 0.040240 0.040047 0.040077 0.040094 0.040512 0.040020 0.040078 0.040043 0.040058 0.040094 0.040064 0.040065 0.040116 0.040076 0.040118 0.040084 0.040026 0.040014 0.040007 0.040010 0.040009 0.040009 0.040013 0.040026 0.040062 0.040028 0.040021 0.040014 0.046295 -9999.0
-9999.0 -9999.0 0.040087 0.040085 0.040087 0.040084 0.040087 0.040084 0.040078 0.040093 0.040076 0.040217 0.040217 0.040463 0.040017 0.040051 0.040035 0.040068 0.040075 0.040423 0.040054 0.040019 0.040233 0.040021 0.040020 0.040015 0.040310 0.040119 0.040011 0.040900 0.040136 0.040606 0.040147 0.040070 0.040149 0.040092 0.040096 0.040076 0.040046 0.040071 0.040091 0.040077 0.040015 0.040210 0.040085 0.040093 0.040164 0.040987 0.040010 0.040011 0.040014 0.040016 0.040023 0.040017 0.040016 0.040009 0.040014 0.040017 0.040013 0.040015 0.044092 0.049058 -9999.0
-9999.0 0.040155 0.040171 0.040115 0.040084 0.040685 0.040082 0.040079 0.040080 0.040084 0.040087 0.041800 0.040379 0.041283 0.040289 0.040495 0.040071 0.040081 0.040532 0.040164 0.040039 0.040011 0.040001 0.040059 0.040018 0.040013 0.040013 0.040013 0.040016 0.040020 0.040019 0.040068 0.040061 0.040028 0.040042 0.040024 0.040023 0.040025 0.040035 0.040069 0.040067 0.040016 0.040014 0.040066 0.040047 0.040010 0.040019 0.040088 0.040047 0.040025 0.040047 0.040028 0.040013 0.040011 0.040011 0.040023 0.040104 0.040296 0.040440 0.040969 0.044466 0.049392 -9999.0
-9999.0 0.040079 0.040748 0.040820 0.042479 0.040678 0.040082 0.040072 0.040076 0.040081 0.040078 0.040585 0.040144 0.040426 0.040057 0.040077 0.040090 0.040076 0.040593 0.040065 0.040359 0.040075 0.040009 0.040015 0.040015 0.040080 0.040231 0.063367 0.063541 0.040022 0.040318 0.040102 0.040024 0.040024 0.040021 0.040028 0.040021 0.040020 0.040026 0.040029 0.040032 0.040037 0.040025 0.040155 0.046514 0.059243 0.093977 0.071428 0.040330 0.040085 0.040016 0.040018 0.040095 0.040015 0.040039 0.040414 0.040450 0.040786 0.042213 0.044658 0.053646 -9999.0 -9999.0
-9999.0 0.040090 0.040068 0.040236 0.040069 0.042324 0.042578 0.040198 0.040085 0.040096 0.040694 0.040079 0.040279 0.040406 0.040721 0.040078 0.040086 0.040081 0.040077 0.040080 0.040449 0.040114 0.040089 0.040034 0.040021 0.040036 0.040058 0.040103 0.040183 0.040379 0.040445 0.050644 0.043355 0.040026 0.040122 0.040028 0.040023 0.040029 0.040026 0.040111 0.040389 0.040077 0.070765 0.075819 0.073493 0.067993 0.040033 0.040028 0.040015 0.040024 0.040129 0.040246 0.040218 0.040326 0.040394 0.041257 0.042272 0.043466 0.044138 -9999.0 -9999.0 -9999.0 -9999.0
