user2019/resources/simulation/Vinschgau/output-maps/thetaiceL0003N0281.asc
ncols         63
nrows         48
xllcorner     598000.000000
yllcorner     5145000.000000
cellsize      1000.000000
NODATA_value  -9999.0
[rows 0 to 28 of 48, columns 0 to 62 of 63]
-9999.0 -9999.0 -9999.0 -9999.0 -9999.0 -9999.0 -9999.0 -9999.0 -9999.0 -9999.0 -9999.0 -9999.0 -9999.0 -9999.0 -9999.0 -9999.0 -9999.0 -9999.0 -9999.0 -9999.0 -9999.0 -9999.0 -9999.0 -9999.0 -9999.0 -9999.0 -9999.0 -9999.0 -9999.0 -9999.0 -9999.0 -9999.0 -9999.0 -9999.0 -9999.0 -9999.0 -9999.0 -9999.0 -9999.0 -9999.0 -9999.0 -9999.0 -9999.0 -9999.0 -9999.0 -9999.0 -9999.0 -9999.0 -9999.0 -9999.0 -9999.0 -9999.0 -9999.0 -9999.0 -9999.0 -9999.0 -9999.0 -9999.0 -9999.0 -9999.0 -9999.0 -9999.0 -9999.0
-9999.0 -9999.0 -9999.0 -9999.0 -9999.0 -9999.0 -9999.0 -9999.0 -9999.0 -9999.0 -9999.0 -9999.0 -9999.0 -9999.0 -9999.0 -9999.0 -9999.0 -9999.0 -9999.0 -9999.0 -9999.0 -9999.0 -9999.0 -9999.0 -9999.0 -9999.0 -9999.0 0.023409 0.173170 0.021344 0.212368 0.212685 0.223206 -9999.0 -9999.0 -9999.0 -9999.0 -9999.0 -9999.0 -9999.0 -9999.0 -9999.0 -9999.0 -9999.0 -9999.0 -9999.0 -9999.0 -9999.0 -9999.0 -9999.0 -9999.0 -9999.0 -9999.0 -9999.0 -9999.0 -9999.0 -9999.0 -9999.0 -9999.0 -9999.0 -9999.0 -9999.0 -9999.0
-9999.0 -9999.0 -9999.0 -9999.0 -9999.0 -9999.0 -9999.0 -9999.0 -9999.0 -9999.0 -9999.0 -9999.0 -9999.0 -9999.0 -9999.0 -9999.0 -9999.0 -9999.0 -9999.0 -9999.0 -9999.0 -9999.0 -9999.0 -9999.0 0.172730 0.204963 0.199803 0.318086 0.229810 0.258068 0.276235 -9999.0 -9999.0 -9999.0 -9999.0 -9999.0 -9999.0 -9999.0 -9999.0 -9999.0 -9999.0 -9999.0 -9999.0 -9999.0 -9999.0 -9999.0 -9999.0 -9999.0 -9999.0 -9999.0 -9999.0 -9999.0 -9999.0 -9999.0 -9999.0 -9999.0 -9999.0 -9999.0 -9999.0 -9999.0 -9999.0 -9999.0 -9999.0
-9999.0 -9999.0 -9999.0 -9999.0 -9999.0 -9999.0 -9999.0 -9999.0 -9999.0 -9999.0 -9999.0 -9999.0 -9999.0 -9999.0 -9999.0 -9999.0 -9999.0 -9999.0 -9999.0 -9999.0 -9999.0 -9999.0 -9999.0 0.239406 0.402715 0.479987 0.479989 0.479989 0.479988 0.333677 0.171284 0.118609 -9999.0 -9999.0 -9999.0 -9999.0 -9999.0 -9999.0 -9999.0 -9999.0 -9999.0 -9999.0 -9999.0 -9999.0 -9999.0 -9999.0 -9999.0 -9999.0 -9999.0 -9999.0 -9999.0 -9999.0 -9999.0 -9999.0 -9999.0 -9999.0 -9999.0 -9999.0 -9999.0 -9999.0 -9999.0 -9999.0 -9999.0
-9999.0 -9999.0 -9999.0 -9999.0 -9999.0 -9999.0 -9999.0 -9999.0 -9999.0 -9999.0 -9999.0 -9999.0 -9999.0 -9999.0 -9999.0 -9999.0 -9999.0 -9999.0 0.479986 0.472527 -9999.0 0.297809 0.270951 0.479983 0.479990 0.468572 0.464457 0.458813 0.443520 0.479637 0.362528 0.155637 0.019968 0.019329 -9999.0 -9999.0 -9999.0 -9999.0 -9999.0 -9999.0 -9999.0 -9999.0 -9999.0 -9999.0 -9999.0 -9999.0 -9999.0 -9999.0 -9999.0 -9999.0 -9999.0 -9999.0 -9999.0 -9999.0 -9999.0 -9999.0 -9999.0 -9999.0 -9999.0 -9999.0 -9999.0 -9999.0 -9999.0
-9999.0 -9999.0 -9999.0 -9999.0 -9999.0 -9999.0 -9999.0 -9999.0 -9999.0 -9999.0 -9999.0 -9999.0 -9999.0 -9999.0 -9999.0 -9999.0 -9999.0 0.473682 0.479973 0.075894 0.020545 0.445794 0.461717 0.479990 0.001528 0.438816 0.376817 0.332399 0.292886 0.453176 0.439105 0.364235 0.020255 0.019767 0.018602 0.018284 -9999.0 -9999.0 -9999.0 -9999.0 -9999.0 -9999.0 -9999.0 -9999.0 -9999.0 -9999.0 -9999.0 -9999.0 -9999.0 -9999.0 -9999.0 -9999.0 -9999.0 -9999.0 -9999.0 -9999.0 -9999.0 -9999.0 -9999.0 -9999.0 -9999.0 -9999.0 -9999.0
-9999.0 -9999.0 -9999.0 -9999.0 -9999.0 -9999.0 -9999.0 -9999.0 -9999.0 -9999.0 -9999.0 -9999.0 -9999.0 0.191319 0.479979 0.466532 0.453831 0.140405 0.479963 0.479989 0.479980 0.479981 0.479969 0.002595 0.479724 0.330753 0.017464 0.261962 0.249689 0.214818 0.381813 0.322123 0.272137 0.217574 0.018228 0.018262 -9999.0 -9999.0 -9999.0 -9999.0 -9999.0 -9999.0 -9999.0 -9999.0 -9999.0 -9999.0 -9999.0 -9999.0 -9999.0 -9999.0 -9999.0 -9999.0 -9999.0 -9999.0 -9999.0 -9999.0 -9999.0 -9999.0 -9999.0 -9999.0 -9999.0 -9999.0 -9999.0
-9999.0 -9999.0 -9999.0 -9999.0 -9999.0 -9999.0 -9999.0 -9999.0 -9999.0 -9999.0 -9999.0 -9999.0 -9999.0 0.479984 0.479984 0.458601 0.458052 0.479989 0.000000 0.478651 0.470125 0.479418 0.479985 0.447537 0.453668 0.252619 0.118502 0.018230 0.018276 0.271476 0.328815 0.252657 0.018233 0.018232 0.018225 -9999.0 -9999.0 -9999.0 -9999.0 -9999.0 -9999.0 -9999.0 -9999.0 -9999.0 -9999.0 -9999.0 -9999.0 -9999.0 -9999.0 -9999.0 -9999.0 -9999.0 -9999.0 -9999.0 -9999.0 -9999.0 -9999.0 -9999.0 -9999.0 -9999.0 -9999.0 -9999.0 -9999.0
-9999.0 -9999.0 -9999.0 -9999.0 -9999.0 -9999.0 -9999.0 -9999.0 -9999.0 -9999.0 -9999.0 -9999.0 -9999.0 0.479980 0.479990 0.479773 0.454669 0.458261 0.141551 0.459737 0.479978 0.009926 0.450129 0.353094 0.166532 0.465012 0.021815 0.018259 0.151730 0.018257 0.255349 0.018253 0.018269 0.018308 0.018278 -9999.0 -9999.0 -9999.0 -9999.0 -9999.0 -9999.0 -9999.0 -9999.0 -9999.0 -9999.0 -9999.0 -9999.0 -9999.0 -9999.0 -9999.0 -9999.0 -9999.0 -9999.0 -9999.0 -9999.0 -9999.0 -9999.0 -9999.0 -9999.0 -9999.0 -9999.0 -9999.0 -9999.0
-9999.0 -9999.0 -9999.0 -9999.0 -9999.0 -9999.0 -9999.0 -9999.0 -9999.0 -9999.0 -9999.0 -9999.0 0.479983 0.479989 0.479932 0.354716 0.455897 0.458793 0.000111 0.103647 0.479981 0.276565 0.205817 0.251915 0.318389 0.236178 0.254673 0.106226 0.284860 0.018243 0.248597 0.019709 0.153840 0.018278 -9999.0 -9999.0 -9999.0 -9999.0 -9999.0 -9999.0 -9999.0 -9999.0 -9999.0 -9999.0 -9999.0 -9999.0 -9999.0 -9999.0 -9999.0 -9999.0 -9999.0 -9999.0 -9999.0 -9999.0 -9999.0 -9999.0 -9999.0 -9999.0 -9999.0 -9999.0 -9999.0 -9999.0 -9999.0
-9999.0 -9999.0 -9999.0 -9999.0 -9999.0 -9999.0 -9999.0 -9999.0 -9999.0 -9999.0 -9999.0 0.245458 0.439641 0.479950 0.344932 0.171109 0.014684 0.451743 0.000002 0.110529 0.479988 0.479987 0.104717 0.243885 0.254426 0.378584 0.233571 0.140164 0.149318 0.018266 0.019305 0.339143 0.018349 0.018222 0.017302 0.015455 0.290317 0.469695 0.060303 -9999.0 -9999.0 -9999.0 0.018214 -9999.0 -9999.0 -9999.0 -9999.0 -9999.0 -9999.0 -9999.0 -9999.0 -9999.0 -9999.0 -9999.0 -9999.0 -9999.0 -9999.0 -9999.0 -9999.0 -9999.0 -9999.0 -9999.0 -9999.0
-9999.0 -9999.0 -9999.0 -9999.0 -9999.0 -9999.0 -9999.0 -9999.0 -9999.0 -9999.0 -9999.0 0.132689 0.311451 0.479985 0.479987 0.296980 0.479987 0.470645 0.000002 0.212098 0.479990 0.479965 0.116987 0.256885 0.262216 0.251988 0.178629 0.201328 0.019849 0.018235 0.331350 0.242499 0.160922 0.096671 0.112487 0.146184 0.048245 0.042903 0.045362 0.012860 0.012673 0.016943 0.332140 0.018211 -9999.0 -9999.0 -9999.0 0.251140 0.311106 0.021117 0.450789 0.023455 0.022846 0.479118 0.478806 0.020704 -9999.0 -9999.0 -9999.0 -9999.0 -9999.0 -9999.0 -9999.0
-9999.0 -9999.0 -9999.0 -9999.0 -9999.0 -9999.0 -9999.0 -9999.0 -9999.0 -9999.0 -9999.0 0.203641 0.227851 0.457864 0.191381 0.168235 0.479985 0.476209 0.017633 0.000964 0.479969 0.479978 0.432698 0.422996 0.257331 0.020605 0.396570 0.272690 0.018220 0.368064 0.018196 0.333860 0.357330 0.098862 0.017378 0.473500 0.469806 0.443842 0.047032 0.068464 0.030205 0.436310 0.451423 0.166451 0.107289 -9999.0 0.018313 0.193177 0.422653 0.479906 0.479873 0.083372 0.474994 0.475392 0.478859 0.478596 -9999.0 -9999.0 -9999.0 -9999.0 -9999.0 -9999.0 -9999.0
-9999.0 -9999.0 -9999.0 -9999.0 -9999.0 -9999.0 -9999.0 -9999.0 -9999.0 -9999.0 -9999.0 -9999.0 0.238151 0.252874 0.479973 0.462647 0.448279 0.455957 0.001231 0.000434 0.479985 0.479980 0.479986 0.450558 0.324806 0.400332 0.479985 0.232028 0.244848 0.019483 0.222709 0.437569 0.128405 0.106361 0.201005 0.106674 0.341184 0.463486 0.060773 0.155581 0.005407 0.029120 0.459620 0.468195 0.020403 0.145907 0.020073 0.175625 0.433250 0.440337 0.439878 0.458415 0.474965 0.477898 0.245786 0.277021 0.409335 -9999.0 -9999.0 -9999.0 -9999.0 -9999.0 -9999.0
-9999.0 -9999.0 -9999.0 -9999.0 -9999.0 -9999.0 -9999.0 -9999.0 -9999.0 -9999.0 -9999.0 0.421842 0.212896 0.334172 0.479971 0.479973 0.467675 0.458014 0.479988 0.458542 0.450782 0.479985 0.479980 0.412624 0.435356 0.479983 0.309012 0.254958 0.291091 0.021457 0.427560 0.420727 0.479987 0.093560 0.187852 0.099913 0.205441 0.306630 0.479967 0.108002 0.479601 0.473951 0.478641 0.016447 0.479991 0.114863 0.349716 0.054259 0.065381 0.479980 0.022780 0.265816 0.209354 0.022204 0.018260 0.018605 0.025912 -9999.0 -9999.0 -9999.0 -9999.0 -9999.0 -9999.0
-9999.0 -9999.0 -9999.0 -9999.0 -9999.0 -9999.0 -9999.0 -9999.0 -9999.0 -9999.0 0.209858 0.479976 0.456518 0.284032 0.479945 0.479985 0.434515 0.475917 0.455208 0.458793 0.003936 0.479974 0.479981 0.479978 0.479988 0.438039 0.268894 0.022311 0.479975 0.479979 0.469424 0.290574 0.144954 0.207981 0.018234 0.018386 0.440392 0.479986 0.479960 0.117693 0.388706 0.132249 0.120692 0.479946 0.479986 0.021866 0.329081 0.432096 0.479985 0.479856 0.021313 0.018440 0.018278 0.018564 0.018552 0.479829 0.479836 -9999.0 -9999.0 -9999.0 -9999.0 -9999.0 -9999.0
-9999.0 -9999.0 -9999.0 -9999.0 -9999.0 -9999.0 -9999.0 -9999.0 -9999.0 0.243010 0.124161 0.332720 0.479985 0.446261 0.479799 0.370555 0.272917 0.479967 0.473204 0.405285 0.001191 0.479978 0.479980 0.472795 0.451872 0.246720 0.412884 0.479979 0.479990 0.479983 0.479981 0.254328 0.018205 0.018245 0.018234 0.018172 0.259655 0.274991 0.223809 0.302320 0.479432 0.275376 0.267249 0.471931 0.479965 0.479984 0.003815 0.399540 0.431730 0.479979 0.453024 0.025088 0.018403 0.018396 0.022342 0.340857 0.479514 0.152944 0.041245 -9999.0 -9999.0 -9999.0 -9999.0
-9999.0 -9999.0 -9999.0 -9999.0 -9999.0 -9999.0 -9999.0 -9999.0 -9999.0 0.118290 0.219153 0.147902 0.479991 0.479985 0.479942 0.456028 0.479602 0.479988 0.474627 0.000000 0.000000 0.000000 0.478752 0.479972 0.284549 0.445871 0.479987 0.479981 0.473442 0.455452 0.345788 0.298163 0.255005 0.109581 0.190455 0.019202 0.018522 0.017436 0.208529 0.261148 0.257293 0.223489 0.459209 0.479987 0.461732 0.083916 0.157010 0.475925 0.479984 0.479985 0.268905 0.421986 0.018462 0.221088 0.018661 0.274732 0.479843 0.471807 0.142577 -9999.0 -9999.0 -9999.0 -9999.0
-9999.0 -9999.0 -9999.0 -9999.0 -9999.0 -9999.0 -9999.0 -9999.0 -9999.0 -9999.0 0.134943 0.162660 0.439209 0.471992 0.479986 0.479957 0.479966 0.479958 0.470612 0.000000 0.237928 0.479984 0.479973 0.479984 0.442779 0.479983 0.472896 0.394284 0.441472 0.225110 0.240511 0.329602 0.222431 0.252823 0.186768 0.479985 0.462000 0.452774 0.020233 0.227601 0.222710 0.207914 0.298832 0.312448 0.261798 0.453855 0.479983 0.479984 0.002065 0.475808 0.464838 0.368712 0.027003 0.018556 0.229906 0.243967 0.414909 0.479986 0.476310 0.479972 -9999.0 -9999.0 -9999.0
-9999.0 -9999.0 -9999.0 -9999.0 -9999.0 -9999.0 -9999.0 -9999.0 -9999.0 -9999.0 0.139062 0.139557 0.120591 0.479980 0.000064 0.479976 0.446483 0.476609 0.000000 0.000000 0.394704 0.474058 0.479984 0.479987 0.479988 0.476831 0.284980 0.445275 0.299155 0.207640 0.232722 0.103542 0.021024 0.250359 0.247049 0.249198 0.440604 0.428636 0.394985 0.227208 0.113976 0.021598 0.276518 0.228484 0.229968 0.404846 0.294265 0.383144 0.462540 0.213461 0.475172 0.423719 0.479763 0.028104 0.021001 0.026734 0.249707 0.479849 0.357220 0.004600 -9999.0 -9999.0 -9999.0
-9999.0 -9999.0 -9999.0 -9999.0 -9999.0 -9999.0 -9999.0 -9999.0 0.473016 0.479964 0.181016 0.121245 0.272880 0.260714 0.479983 0.463361 0.415944 0.000000 0.000000 0.000000 0.000000 0.171416 0.470706 0.475161 0.479376 0.427929 0.209320 0.345082 0.290805 0.217481 0.018242 0.220907 0.209994 0.254816 0.111178 0.251612 0.262000 0.421927 0.282723 0.021375 0.018236 0.223926 0.023483 0.018355 0.042468 0.479980 0.270035 0.479976 0.479983 0.454043 0.478286 0.479972 0.477342 0.332002 0.044026 0.468565 0.155583 0.479391 0.474132 0.000000 -9999.0 -9999.0 -9999.0
-9999.0 -9999.0 -9999.0 -9999.0 -9999.0 -9999.0 -9999.0 -9999.0 0.022558 0.465174 0.430755 0.213076 0.132698 0.477260 0.479980 0.466185 0.479980 0.469224 0.000000 0.000000 0.000000 0.000000 0.000000 0.000000 0.341523 0.274189 0.475547 0.440157 0.024348 0.122525 0.118067 0.021952 0.115120 0.020794 0.274098 0.376578 0.426739 0.467656 0.448103 0.364109 0.238106 0.072113 0.018433 0.450788 0.457317 0.287787 0.022714 0.241068 0.263352 0.479979 0.147869 0.479982 0.477882 0.479761 0.479961 0.118495 0.479986 0.471772 0.000356 0.000000 0.000000 -9999.0 -9999.0
-9999.0 -9999.0 -9999.0 -9999.0 -9999.0 -9999.0 -9999.0 -9999.0 0.259322 0.325123 0.479817 0.414388 0.452122 0.023102 0.479932 0.479986 0.474175 0.302040 0.000000 0.000000 0.000000 0.000000 0.000000 0.000000 0.000000 0.470997 0.477235 0.422079 0.021448 0.224668 0.022304 0.426480 0.465647 0.454298 0.434734 0.479973 0.348262 0.479989 0.323672 0.391668 0.152772 0.024704 0.414154 0.292742 0.272668 0.250089 0.027636 0.479919 0.231711 0.479978 0.000510 0.460564 0.474797 0.469240 0.472163 0.429475 0.002410 0.000000 0.000000 0.000000 0.000000 -9999.0 -9999.0
-9999.0 -9999.0 -9999.0 -9999.0 -9999.0 -9999.0 -9999.0 -9999.0 0.018236 0.447822 0.479978 0.017796 0.478680 0.479928 0.479983 0.474423 0.227159 0.000000 0.431454 0.000000 0.000000 0.000000 0.000000 0.000000 0.352735 0.479983 0.479971 0.434931 0.479976 0.479986 0.395452 0.463943 0.479988 0.479989 0.379815 0.456941 0.460996 0.479984 0.313712 0.411244 0.392923 0.458878 0.479963 0.073125 0.479959 0.037751 0.479873 0.088618 0.479413 0.479979 0.479966 0.000000 0.172322 0.333846 0.001586 0.000008 0.000000 0.000000 0.000000 0.000000 0.000000 0.479906 -9999.0
-9999.0 -9999.0 -9999.0 -9999.0 -9999.0 -9999.0 -9999.0 -9999.0 0.219094 0.448764 0.476086 0.479982 0.479896 0.469377 0.000043 0.172154 0.470555 0.479972 0.479981 0.479976 0.000000 0.000000 0.000000 0.000000 0.000063 0.479972 0.449980 0.479984 0.473305 0.479962 0.477845 0.479985 0.469962 0.479983 0.470047 0.451095 0.479816 0.479932 0.472771 0.394389 0.473943 0.466989 0.479990 0.456344 0.467508 0.479722 0.462269 0.479981 0.479990 0.465854 0.003130 0.000489 0.000000 0.000000 0.000000 0.000000 0.000000 0.000000 0.000000 0.000000 0.000000 0.479542 -9999.0
-9999.0 -9999.0 0.324521 0.409592 0.404407 0.465482 0.457607 0.435818 0.432575 0.182689 0.284913 0.468755 0.473040 0.355420 0.000000 0.461995 0.479976 0.332192 0.203248 0.479977 0.479977 0.000000 0.000000 0.000000 0.000387 0.455991 0.475612 0.479968 0.477255 0.001172 0.479989 0.479988 0.000866 0.479974 0.474340 0.479979 0.460198 0.196420 0.479964 0.479988 0.479929 0.469689 0.471263 0.477394 0.479985 0.479989 0.465934 0.476552 0.271009 0.000018 0.000000 0.000000 0.000000 0.000000 0.000000 0.000000 0.000000 0.000000 0.234707 0.477830 0.475743 0.468356 -9999.0
-9999.0 0.479921 0.479946 0.463432 0.356648 0.479789 0.302108 0.348458 0.307225 0.142292 0.284517 0.478115 0.112672 0.000004 0.001494 0.479911 0.197029 0.314384 0.406243 0.479985 0.474534 0.176017 0.000000 0.000000 0.000000 0.000000 0.000000 0.000000 0.003990 0.413992 0.421118 0.472837 0.471713 0.000000 0.002121 0.000000 0.000000 0.000000 0.000000 0.000246 0.002339 0.001019 0.007015 0.476302 0.479942 0.475168 0.103467 0.001821 0.000000 0.000000 0.000000 0.000000 0.000000 0.000003 0.000370 0.462256 0.479954 0.479793 0.479545 0.471666 0.466250 0.449467 -9999.0
-9999.0 0.438232 0.479977 0.479984 0.479983 0.479977 0.465196 0.463449 0.425356 0.217416 0.450414 0.479975 0.168662 0.003378 0.479939 0.310344 0.358411 0.330357 0.479987 0.479971 0.479922 0.385064 0.000000 0.000000 0.000000 0.000000 0.000000 0.000000 0.000000 0.000000 0.000000 0.000000 0.000966 0.000518 0.000000 0.000000 0.000000 0.000000 0.000000 0.000000 0.000000 0.000000 0.000000 0.000000 0.000000 0.000000 0.000000 0.000000 0.000000 0.000000 0.000003 0.479956 0.479949 0.000719 0.479968 0.473497 0.479389 0.479802 0.479673 0.477426 0.475938 -9999.0 -9999.0
-9999.0 0.126781 0.307641 0.469988 0.474837 0.479980 0.023024 0.479969 0.419819 0.454878 0.479945 0.476069 0.169282 0.479911 0.476394 0.431365 0.390580 0.290779 0.271454 0.479975 0.479870 0.479963 0.077483 0.000000 0.000000 0.000000 0.000000 0.000000 0.000000 0.000000 0.000000 0.000000 0.000000 0.000000 0.000000 0.000000 0.000000 0.000000 0.000000 0.000000 0.000000 0.000000 0.000000 0.000000 0.000000 0.000000 0.000000 0.000000 0.000557 0.000006 0.479949 0.432493 0.476774 0.479879 0.479845 0.479849 0.479532 0.479011 0.478289 -9999.0 -9999.0 -9999.0 -9999.0
