user2019/resources/simulation/Vinschgau/output-maps/thetaliqL0008N0402.asc
ncols         63
nrows         48
xllcorner     598000.000000
yllcorner     5145000.000000
cellsize      1000.000000
NODATA_value  -9999.0
[rows 0 to 28 of 48, columns 0 to 62 of 63]
-9999.0 -9999.0 -9999.0 -9999.0 -9999.0 -9999.0 -9999.0 -9999.0 -9999.0 -9999.0 -9999.0 -9999.0 -9999.0 -9999.0 -9999.0 -9999.0 -9999.0 -9999.0 -9999.0 -9999.0 -9999.0 -9999.0 -9999.0 -9999.0 -9999.0 -9999.0 -9999.0 -9999.0 -9999.0 -9999.0 -9999.0 -9999.0 -9999.0 -9999.0 -9999.0 -9999.0 -9999.0 -9999.0 -9999.0 -9999.0 -9999.0 -9999.0 -9999.0 -9999.0 -9999.0 -9999.0 -9999.0 -9999.0 -9999.0 -9999.0 -9999.0 -9999.0 -9999.0 -9999.0 -9999.0 -9999.0 -9999.0 -9999.0 -9999.0 -9999.0 -9999.0 -9999.0 -9999.0
-9999.0 -9999.0 -9999.0 -9999.0 -9999.0 -9999.0 -9999.0 -9999.0 -9999.0 -9999.0 -9999.0 -9999.0 -9999.0 -9999.0 -9999.0 -9999.0 -9999.0 -9999.0 -9999.0 -9999.0 -9999.0 -9999.0 -9999.0 -9999.0 -9999.0 -9999.0 -9999.0 0.074517 0.084906 0.086247 0.020061 0.020204 0.020118 -9999.0 -9999.0 -9999.0 -9999.0 -9999.0 -9999.0 -9999.0 -9999.0 -9999.0 -9999.0 -9999.0 -9999.0 -9999.0 -9999.0 -9999.0 -9999.0 -9999.0 -9999.0 -9999.0 -9999.0 -9999.0 -9999.0 -9999.0 -9999.0 -9999.0 -9999.0 -9999.0 -9999.0 -9999.0 -9999.0
-9999.0 -9999.0 -9999.0 -9999.0 -9999.0 -9999.0 -9999.0 -9999.0 -9999.0 -9999.0 -9999.0 -9999.0 -9999.0 -9999.0 -9999.0 -9999.0 -9999.0 -9999.0 -9999.0 -9999.0 -9999.0 -9999.0 -9999.0 -9999.0 0.080254 0.086257 0.086257 0.086252 0.086256 0.086250 0.020056 -9999.0 -9999.0 -9999.0 -9999.0 -9999.0 -9999.0 -9999.0 -9999.0 -9999.0 -9999.0 -9999.0 -9999.0 -9999.0 -9999.0 -9999.0 -9999.0 -9999.0 -9999.0 -9999.0 -9999.0 -9999.0 -9999.0 -9999.0 -9999.0 -9999.0 -9999.0 -9999.0 -9999.0 -9999.0 -9999.0 -9999.0 -9999.0
-9999.0 -9999.0 -9999.0 -9999.0 -9999.0 -9999.0 -9999.0 -9999.0 -9999.0 -9999.0 -9999.0 -9999.0 -9999.0 -9999.0 -9999.0 -9999.0 -9999.0 -9999.0 -9999.0 -9999.0 -9999.0 -9999.0 -9999.0 0.086266 0.086269 0.053971 0.086281 0.085942 0.086120 0.086250 0.073305 0.020074 -9999.0 -9999.0 -9999.0 -9999.0 -9999.0 -9999.0 -9999.0 -9999.0 -9999.0 -9999.0 -9999.0 -9999.0 -9999.0 -9999.0 -9999.0 -9999.0 -9999.0 -9999.0 -9999.0 -9999.0 -9999.0 -9999.0 -9999.0 -9999.0 -9999.0 -9999.0 -9999.0 -9999.0 -9999.0 -9999.0 -9999.0
-9999.0 -9999.0 -9999.0 -9999.0 -9999.0 -9999.0 -9999.0 -9999.0 -9999.0 -9999.0 -9999.0 -9999.0 -9999.0 -9999.0 -9999.0 -9999.0 -9999.0 -9999.0 0.096289 0.086276 -9999.0 0.086265 0.086263 0.086118 0.086306 0.085409 0.088468 0.088003 0.097057 0.086259 0.086249 0.068510 0.082499 0.020067 -9999.0 -9999.0 -9999.0 -9999.0 -9999.0 -9999.0 -9999.0 -9999.0 -9999.0 -9999.0 -9999.0 -9999.0 -9999.0 -9999.0 -9999.0 -9999.0 -9999.0 -9999.0 -9999.0 -9999.0 -9999.0 -9999.0 -9999.0 -9999.0 -9999.0 -9999.0 -9999.0 -9999.0 -9999.0
-9999.0 -9999.0 -9999.0 -9999.0 -9999.0 -9999.0 -9999.0 -9999.0 -9999.0 -9999.0 -9999.0 -9999.0 -9999.0 -9999.0 -9999.0 -9999.0 -9999.0 0.113336 0.052107 0.085656 0.086201 0.022241 0.078980 0.086242 0.098575 0.021234 0.020425 0.020966 0.020586 0.022992 0.086271 0.086248 0.086194 0.086228 0.020045 0.020183 -9999.0 -9999.0 -9999.0 -9999.0 -9999.0 -9999.0 -9999.0 -9999.0 -9999.0 -9999.0 -9999.0 -9999.0 -9999.0 -9999.0 -9999.0 -9999.0 -9999.0 -9999.0 -9999.0 -9999.0 -9999.0 -9999.0 -9999.0 -9999.0 -9999.0 -9999.0 -9999.0
-9999.0 -9999.0 -9999.0 -9999.0 -9999.0 -9999.0 -9999.0 -9999.0 -9999.0 -9999.0 -9999.0 -9999.0 -9999.0 0.067427 0.042700 0.022056 0.055462 0.086225 0.098655 0.085918 0.086283 0.086284 0.085651 0.086331 0.021072 0.020319 0.020081 0.020370 0.020090 0.020298 0.021559 0.020201 0.020134 0.020124 0.020076 0.020114 -9999.0 -9999.0 -9999.0 -9999.0 -9999.0 -9999.0 -9999.0 -9999.0 -9999.0 -9999.0 -9999.0 -9999.0 -9999.0 -9999.0 -9999.0 -9999.0 -9999.0 -9999.0 -9999.0 -9999.0 -9999.0 -9999.0 -9999.0 -9999.0 -9999.0 -9999.0 -9999.0
-9999.0 -9999.0 -9999.0 -9999.0 -9999.0 -9999.0 -9999.0 -9999.0 -9999.0 -9999.0 -9999.0 -9999.0 -9999.0 0.086273 0.077198 0.021898 0.021931 0.097137 0.086209 0.086265 0.029271 0.086256 0.068877 0.022777 0.057492 0.039160 0.086252 0.020085 0.020213 0.020119 0.020100 0.020163 0.020157 0.020154 0.020136 -9999.0 -9999.0 -9999.0 -9999.0 -9999.0 -9999.0 -9999.0 -9999.0 -9999.0 -9999.0 -9999.0 -9999.0 -9999.0 -9999.0 -9999.0 -9999.0 -9999.0 -9999.0 -9999.0 -9999.0 -9999.0 -9999.0 -9999.0 -9999.0 -9999.0 -9999.0 -9999.0 -9999.0
-9999.0 -9999.0 -9999.0 -9999.0 -9999.0 -9999.0 -9999.0 -9999.0 -9999.0 -9999.0 -9999.0 -9999.0 -9999.0 0.084238 0.086364 0.046138 0.021029 0.027901 0.086202 0.191391 0.086281 0.038367 0.021311 0.020688 0.046290 0.029934 0.086247 0.020232 0.077617 0.020508 0.020137 0.020113 0.020176 0.020027 0.020121 -9999.0 -9999.0 -9999.0 -9999.0 -9999.0 -9999.0 -9999.0 -9999.0 -9999.0 -9999.0 -9999.0 -9999.0 -9999.0 -9999.0 -9999.0 -9999.0 -9999.0 -9999.0 -9999.0 -9999.0 -9999.0 -9999.0 -9999.0 -9999.0 -9999.0 -9999.0 -9999.0 -9999.0
-9999.0 -9999.0 -9999.0 -9999.0 -9999.0 -9999.0 -9999.0 -9999.0 -9999.0 -9999.0 -9999.0 -9999.0 0.058257 0.086619 0.021795 0.023078 0.020584 0.022103 0.101652 0.085269 0.086251 0.020114 0.024782 0.020156 0.023000 0.020126 0.020119 0.020509 0.086248 0.020184 0.020302 0.044474 0.055370 0.020067 -9999.0 -9999.0 -9999.0 -9999.0 -9999.0 -9999.0 -9999.0 -9999.0 -9999.0 -9999.0 -9999.0 -9999.0 -9999.0 -9999.0 -9999.0 -9999.0 -9999.0 -9999.0 -9999.0 -9999.0 -9999.0 -9999.0 -9999.0 -9999.0 -9999.0 -9999.0 -9999.0 -9999.0 -9999.0
-9999.0 -9999.0 -9999.0 -9999.0 -9999.0 -9999.0 -9999.0 -9999.0 -9999.0 -9999.0 -9999.0 0.020529 0.021746 0.023289 0.020492 0.020070 0.020365 0.021386 0.430000 0.085449 0.041617 0.070439 0.079617 0.020093 0.035924 0.028968 0.020477 0.071459 0.073062 0.020271 0.020182 0.086244 0.054965 0.020061 0.044353 0.079579 0.086210 0.086220 0.086243 -9999.0 -9999.0 -9999.0 0.020087 -9999.0 -9999.0 -9999.0 -9999.0 -9999.0 -9999.0 -9999.0 -9999.0 -9999.0 -9999.0 -9999.0 -9999.0 -9999.0 -9999.0 -9999.0 -9999.0 -9999.0 -9999.0 -9999.0 -9999.0
-9999.0 -9999.0 -9999.0 -9999.0 -9999.0 -9999.0 -9999.0 -9999.0 -9999.0 -9999.0 -9999.0 0.020206 0.020408 0.039251 0.021159 0.020225 0.055068 0.044493 0.430000 0.430000 0.086327 0.086259 0.086265 0.020521 0.020737 0.020165 0.086249 0.086245 0.068944 0.020106 0.086246 0.086247 0.086227 0.020261 0.035328 0.086221 0.086244 0.086239 0.086258 0.086230 0.086212 0.072965 0.086226 0.046318 -9999.0 -9999.0 -9999.0 0.252677 0.020121 0.020064 0.020194 0.020110 0.020945 0.348601 0.356606 0.022021 -9999.0 -9999.0 -9999.0 -9999.0 -9999.0 -9999.0 -9999.0
-9999.0 -9999.0 -9999.0 -9999.0 -9999.0 -9999.0 -9999.0 -9999.0 -9999.0 -9999.0 -9999.0 0.032493 0.020238 0.021012 0.020731 0.035854 0.021598 0.021448 0.086314 0.430000 0.061672 0.084524 0.035585 0.086266 0.020127 0.086227 0.037181 0.021461 0.020107 0.020066 0.020081 0.021060 0.086243 0.040202 0.072484 0.086234 0.028269 0.085854 0.086240 0.086210 0.086259 0.086216 0.086221 0.086246 0.031582 -9999.0 0.020937 0.020063 0.080900 0.086260 0.086258 0.086259 0.086257 0.086535 0.086436 0.075245 -9999.0 -9999.0 -9999.0 -9999.0 -9999.0 -9999.0 -9999.0
-9999.0 -9999.0 -9999.0 -9999.0 -9999.0 -9999.0 -9999.0 -9999.0 -9999.0 -9999.0 -9999.0 -9999.0 0.020104 0.020508 0.086278 0.054979 0.020499 0.021605 0.100752 0.430000 0.059777 0.086224 0.086204 0.050218 0.021542 0.032216 0.086364 0.020274 0.020355 0.053842 0.086249 0.021592 0.086242 0.069528 0.020064 0.086225 0.022576 0.079000 0.086229 0.086231 0.086260 0.086219 0.042921 0.086276 0.086236 0.040009 0.020281 0.020065 0.020837 0.054110 0.089373 0.020340 0.318672 0.062447 0.021559 0.021408 0.027684 -9999.0 -9999.0 -9999.0 -9999.0 -9999.0 -9999.0
-9999.0 -9999.0 -9999.0 -9999.0 -9999.0 -9999.0 -9999.0 -9999.0 -9999.0 -9999.0 -9999.0 0.020827 0.020735 0.020100 0.021921 0.022007 0.029608 0.021469 0.086361 0.224508 0.059856 0.053141 0.048223 0.044310 0.035747 0.071797 0.021906 0.020112 0.086245 0.086236 0.030423 0.041422 0.086261 0.065238 0.020046 0.075235 0.086167 0.041960 0.050405 0.086234 0.086149 0.086238 0.086244 0.085973 0.086256 0.063689 0.086262 0.086252 0.086260 0.086216 0.020138 0.021231 0.021252 0.021270 0.021360 0.021006 0.021768 -9999.0 -9999.0 -9999.0 -9999.0 -9999.0 -9999.0
-9999.0 -9999.0 -9999.0 -9999.0 -9999.0 -9999.0 -9999.0 -9999.0 -9999.0 -9999.0 0.034146 0.021911 0.086277 0.053201 0.086282 0.062968 0.022924 0.021617 0.069011 0.294020 0.430000 0.415856 0.057227 0.086296 0.086265 0.023549 0.021238 0.022047 0.086238 0.086256 0.077372 0.023721 0.072392 0.020248 0.020061 0.053445 0.086199 0.021282 0.020527 0.086220 0.085684 0.086202 0.086029 0.054263 0.070976 0.086235 0.086261 0.076780 0.086261 0.086254 0.021898 0.021362 0.021276 0.021192 0.021335 0.067087 0.068376 -9999.0 -9999.0 -9999.0 -9999.0 -9999.0 -9999.0
-9999.0 -9999.0 -9999.0 -9999.0 -9999.0 -9999.0 -9999.0 -9999.0 -9999.0 0.020144 0.020474 0.020989 0.058501 0.021837 0.022798 0.021849 0.020253 0.086286 0.057171 0.274289 0.430000 0.055566 0.056233 0.086263 0.041749 0.025989 0.033860 0.086256 0.086192 0.086262 0.086261 0.020599 0.020104 0.020227 0.020703 0.040897 0.059192 0.021273 0.020668 0.031513 0.036670 0.021369 0.023988 0.060883 0.053173 0.086105 0.086256 0.086181 0.083037 0.089976 0.055615 0.020091 0.021022 0.021624 0.021923 0.020762 0.074472 0.084937 0.020151 -9999.0 -9999.0 -9999.0 -9999.0
-9999.0 -9999.0 -9999.0 -9999.0 -9999.0 -9999.0 -9999.0 -9999.0 -9999.0 0.020079 0.020149 0.021434 0.086639 0.086262 0.060439 0.024518 0.086292 0.086254 0.050109 0.420438 0.429487 0.086360 0.089972 0.086280 0.030728 0.061525 0.086259 0.086262 0.086285 0.088310 0.086255 0.020668 0.025969 0.020522 0.086247 0.086209 0.086230 0.086227 0.027214 0.086251 0.020640 0.020111 0.078768 0.086252 0.153809 0.092397 0.086262 0.085922 0.086090 0.086260 0.021292 0.021000 0.021677 0.021628 0.021526 0.038869 0.025565 0.086273 0.086253 -9999.0 -9999.0 -9999.0 -9999.0
-9999.0 -9999.0 -9999.0 -9999.0 -9999.0 -9999.0 -9999.0 -9999.0 -9999.0 -9999.0 0.020091 0.052778 0.022945 0.053913 0.086143 0.086262 0.086268 0.086275 0.042314 0.392794 0.430000 0.054442 0.056208 0.043635 0.057067 0.086259 0.086289 0.086279 0.086257 0.020743 0.020591 0.021628 0.020076 0.020121 0.086242 0.086260 0.086266 0.086265 0.086245 0.020072 0.020176 0.086259 0.086276 0.021759 0.021900 0.031022 0.063346 0.094259 0.085044 0.085993 0.033980 0.055128 0.020287 0.021811 0.021257 0.021703 0.020587 0.086253 0.086137 0.086284 -9999.0 -9999.0 -9999.0
-9999.0 -9999.0 -9999.0 -9999.0 -9999.0 -9999.0 -9999.0 -9999.0 -9999.0 -9999.0 0.020083 0.021222 0.020883 0.035367 0.430000 0.063483 0.061887 0.065501 0.038554 0.365005 0.048291 0.055346 0.063626 0.086246 0.086259 0.086291 0.095038 0.069503 0.021560 0.020111 0.020122 0.048438 0.024195 0.020172 0.020098 0.020609 0.083132 0.056108 0.021486 0.020090 0.047054 0.086258 0.020533 0.020100 0.021330 0.021509 0.032583 0.044701 0.050141 0.085437 0.084773 0.061934 0.025400 0.031382 0.021206 0.020099 0.021473 0.041545 0.046223 0.102355 -9999.0 -9999.0 -9999.0
-9999.0 -9999.0 -9999.0 -9999.0 -9999.0 -9999.0 -9999.0 -9999.0 0.086271 0.086254 0.063747 0.022127 0.021872 0.025872 0.025284 0.280510 0.044358 0.086374 0.377803 0.351551 0.029090 0.030895 0.047904 0.058279 0.086266 0.063509 0.098349 0.025703 0.022132 0.020734 0.020889 0.020090 0.022634 0.020080 0.037036 0.020500 0.086261 0.062459 0.020108 0.043306 0.020073 0.020228 0.020108 0.020993 0.086259 0.086271 0.020131 0.021459 0.068715 0.350957 0.086257 0.059916 0.040938 0.020344 0.073493 0.086281 0.086257 0.086308 0.086072 0.027345 -9999.0 -9999.0 -9999.0
-9999.0 -9999.0 -9999.0 -9999.0 -9999.0 -9999.0 -9999.0 -9999.0 0.022549 0.056406 0.032587 0.020446 0.020110 0.025570 0.026137 0.073356 0.061113 0.061415 0.021074 0.355459 0.429075 0.406721 0.093416 0.086320 0.036720 0.053220 0.059592 0.064752 0.021924 0.077904 0.030870 0.086243 0.070173 0.059645 0.061340 0.086268 0.086258 0.086257 0.031447 0.082793 0.020363 0.020466 0.020389 0.084298 0.086282 0.021044 0.020121 0.020243 0.045249 0.058952 0.086254 0.086261 0.026577 0.086318 0.086258 0.086070 0.086193 0.086159 0.085290 0.430000 0.413138 -9999.0 -9999.0
-9999.0 -9999.0 -9999.0 -9999.0 -9999.0 -9999.0 -9999.0 -9999.0 0.020120 0.086255 0.086265 0.021561 0.086264 0.020860 0.086270 0.061239 0.055714 0.086263 0.021229 0.429929 0.356796 0.413321 0.092353 0.089326 0.103349 0.051638 0.066691 0.021700 0.051679 0.086244 0.086246 0.086267 0.022055 0.034043 0.086271 0.086257 0.033099 0.059434 0.021044 0.024254 0.020216 0.020128 0.030602 0.020606 0.020151 0.020154 0.077472 0.068793 0.020697 0.067685 0.430000 0.086272 0.063181 0.070099 0.086150 0.086295 0.086304 0.086300 0.086220 0.430000 0.430000 -9999.0 -9999.0
-9999.0 -9999.0 -9999.0 -9999.0 -9999.0 -9999.0 -9999.0 -9999.0 0.020482 0.086256 0.274148 0.053246 0.086279 0.057054 0.057493 0.056008 0.029649 0.020487 0.430000 0.335326 0.371860 0.402260 0.427999 0.428661 0.058041 0.064527 0.052253 0.040003 0.086287 0.086235 0.064791 0.072059 0.085993 0.086257 0.039549 0.086257 0.086255 0.062765 0.047160 0.032854 0.072986 0.086263 0.086262 0.086248 0.075889 0.086261 0.086258 0.086259 0.086255 0.086219 0.069193 0.028132 0.086267 0.097002 0.086310 0.086313 0.086241 0.430000 0.430000 0.430000 0.102716 0.066395 -9999.0
-9999.0 -9999.0 -9999.0 -9999.0 -9999.0 -9999.0 -9999.0 -9999.0 0.020226 0.086265 0.069651 0.064875 0.059045 0.059810 0.086351 0.093530 0.403797 0.060296 0.073753 0.058543 0.046158 0.408415 0.413509 0.414869 0.086314 0.060073 0.062436 0.086267 0.086272 0.086273 0.045294 0.086283 0.086000 0.086271 0.086230 0.086226 0.086221 0.057460 0.055483 0.086258 0.086234 0.086189 0.086195 0.086142 0.043527 0.086258 0.086219 0.086173 0.086198 0.085987 0.085507 0.034811 0.029616 0.086299 0.086501 0.430000 0.430000 0.430000 0.430000 0.086264 0.046614 0.077327 -9999.0
-9999.0 -9999.0 0.086246 0.086269 0.021883 0.037482 0.035056 0.029251 0.086267 0.061375 0.043098 0.220171 0.059658 0.086290 0.086553 0.420364 0.067062 0.026705 0.031571 0.073238 0.055759 0.041234 0.430000 0.391470 0.395814 0.046613 0.057724 0.058444 0.050695 0.086339 0.062598 0.065480 0.103629 0.058642 0.086289 0.061607 0.086291 0.049785 0.055424 0.063196 0.086135 0.085997 0.049887 0.086250 0.062751 0.086155 0.086294 0.049743 0.085306 0.086276 0.086290 0.430000 0.430000 0.430000 0.430000 0.430000 0.430000 0.104402 0.086287 0.051542 0.115418 0.092470 -9999.0
-9999.0 0.075395 0.065656 0.056251 0.055464 0.055837 0.024687 0.020957 0.020544 0.028145 0.029284 0.050733 0.430000 0.430000 0.430000 0.070854 0.030999 0.024754 0.051750 0.063172 0.047726 0.033427 0.430000 0.430000 0.097396 0.089673 0.095689 0.097940 0.086224 0.092928 0.086278 0.086280 0.086275 0.105950 0.086283 0.095388 0.086294 0.033299 0.104017 0.096147 0.086288 0.086282 0.086218 0.051077 0.052242 0.048703 0.430000 0.023807 0.086280 0.430000 0.430000 0.430000 0.430000 0.430000 0.430000 0.101328 0.074121 0.071267 0.106565 0.107323 0.100317 0.099475 -9999.0
-9999.0 0.086266 0.086277 0.086284 0.430000 0.086280 0.025612 0.027754 0.086264 0.086240 0.045784 0.066153 0.056667 0.430000 0.064930 0.026087 0.021579 0.039921 0.086280 0.059330 0.100730 0.063176 0.430000 0.430000 0.430000 0.430000 0.025603 0.416288 0.430000 0.020173 0.020154 0.020555 0.098040 0.430000 0.430000 0.430000 0.430000 0.430000 0.112965 0.104824 0.107224 0.430000 0.086287 0.030622 0.023611 0.020128 0.430000 0.430000 0.430000 0.430000 0.100361 0.071118 0.080720 0.073436 0.059233 0.075247 0.067542 0.070738 0.049447 0.078638 0.083117 -9999.0 -9999.0
-9999.0 0.063183 0.042287 0.036094 0.054999 0.430000 0.430000 0.035173 0.064460 0.051890 0.086278 0.059486 0.086312 0.430000 0.035057 0.021745 0.020872 0.022074 0.027814 0.067764 0.068833 0.066849 0.061636 0.430000 0.430000 0.430000 0.430000 0.430000 0.426419 0.430000 0.407448 0.348397 0.430000 0.430000 0.430000 0.430000 0.430000 0.430000 0.430000 0.430000 0.429991 0.430000 0.430000 0.376920 0.348698 0.430000 0.430000 0.430000 0.430000 0.061605 0.061046 0.091167 0.077972 0.098966 0.069118 0.047672 0.063510 0.077342 0.079579 -9999.0 -9999.0 -9999.0 -9999.0
