user2019/resources/simulation/Vinschgau/output-maps/thetaliqL0001N0139.asc
ncols         63
nrows         48
xllcorner     598000.000000
yllcorner     5145000.000000
cellsize      1000.000000
NODATA_value  -9999.0
[rows 0 to 28 of 48, columns 0 to 62 of 63]
-9999.0 -9999.0 -9999.0 -9999.0 -9999.0 -9999.0 -9999.0 -9999.0 -9999.0 -9999.0 -9999.0 -9999.0 -9999.0 -9999.0 -9999.0 -9999.0 -9999.0 -9999.0 -9999.0 -9999.0 -9999.0 -9999.0 -9999.0 -9999.0 -9999.0 -9999.0 -9999.0 -9999.0 -9999.0 -9999.0 -9999.0 -9999.0 -9999.0 -9999.0 -9999.0 -9999.0 -9999.0 -9999.0 -9999.0 -9999.0 -9999.0 -9999.0 -9999.0 -9999.0 -9999.0 -9999.0 -9999.0 -9999.0 -9999.0 -9999.0 -9999.0 -9999.0 -9999.0 -9999.0 -9999.0 -9999.0 -9999.0 -9999.0 -9999.0 -9999.0 -9999.0 -9999.0 -9999.0
-9999.0 -9999.0 -9999.0 -9999.0 -9999.0 -9999.0 -9999.0 -9999.0 -9999.0 -9999.0 -9999.0 -9999.0 -9999.0 -9999.0 -9999.0 -9999.0 -9999.0 -9999.0 -9999.0 -9999.0 -9999.0 -9999.0 -9999.0 -9999.0 -9999.0 -9999.0 -9999.0 0.020075 0.040039 0.020048 0.040025 0.040014 0.040013 -9999.0 -9999.0 -9999.0 -9999.0 -9999.0 -9999.0 -9999.0 -9999.0 -9999.0 -9999.0 -9999.0 -9999.0 -9999.0 -9999.0 -9999.0 -9999.0 -9999.0 -9999.0 -9999.0 -9999.0 -9999.0 -9999.0 -9999.0 -9999.0 -9999.0 -9999.0 -9999.0 -9999.0 -9999.0 -9999.0
-9999.0 -9999.0 -9999.0 -9999.0 -9999.0 -9999.0 -9999.0 -9999.0 -9999.0 -9999.0 -9999.0 -9999.0 -9999.0 -9999.0 -9999.0 -9999.0 -9999.0 -9999.0 -9999.0 -9999.0 -9999.0 -9999.0 -9999.0 -9999.0 0.040050 0.040046 0.040042 0.040036 0.040048 0.040029 0.040031 -9999.0 -9999.0 -9999.0 -9999.0 -9999.0 -9999.0 -9999.0 -9999.0 -9999.0 -9999.0 -9999.0 -9999.0 -9999.0 -9999.0 -9999.0 -9999.0 -9999.0 -9999.0 -9999.0 -9999.0 -9999.0 -9999.0 -9999.0 -9999.0 -9999.0 -9999.0 -9999.0 -9999.0 -9999.0 -9999.0 -9999.0 -9999.0
-9999.0 -9999.0 -9999.0 -9999.0 -9999.0 -9999.0 -9999.0 -9999.0 -9999.0 -9999.0 -9999.0 -9999.0 -9999.0 -9999.0 -9999.0 -9999.0 -9999.0 -9999.0 -9999.0 -9999.0 -9999.0 -9999.0 -9999.0 0.040048 0.040055 0.042166 0.041685 0.042213 0.040060 0.040019 0.040022 0.040046 -9999.0 -9999.0 -9999.0 -9999.0 -9999.0 -9999.0 -9999.0 -9999.0 -9999.0 -9999.0 -9999.0 -9999.0 -9999.0 -9999.0 -9999.0 -9999.0 -9999.0 -9999.0 -9999.0 -9999.0 -9999.0 -9999.0 -9999.0 -9999.0 -9999.0 -9999.0 -9999.0 -9999.0 -9999.0 -9999.0 -9999.0
-9999.0 -9999.0 -9999.0 -9999.0 -9999.0 -9999.0 -9999.0 -9999.0 -9999.0 -9999.0 -9999.0 -9999.0 -9999.0 -9999.0 -9999.0 -9999.0 -9999.0 -9999.0 0.046819 0.041080 -9999.0 0.040053 0.040055 0.044061 0.043814 0.040016 0.040173 0.040229 0.040827 0.040058 0.040017 0.040027 0.020034 0.020029 -9999.0 -9999.0 -9999.0 -9999.0 -9999.0 -9999.0 -9999.0 -9999.0 -9999.0 -9999.0 -9999.0 -9999.0 -9999.0 -9999.0 -9999.0 -9999.0 -9999.0 -9999.0 -9999.0 -9999.0 -9999.0 -9999.0 -9999.0 -9999.0 -9999.0 -9999.0 -9999.0 -9999.0 -9999.0
-9999.0 -9999.0 -9999.0 -9999.0 -9999.0 -9999.0 -9999.0 -9999.0 -9999.0 -9999.0 -9999.0 -9999.0 -9999.0 -9999.0 -9999.0 -9999.0 -9999.0 0.040040 0.040197 0.020100 0.020099 0.040390 0.040257 0.040079 0.041226 0.040070 0.040054 0.040053 0.040052 0.040105 0.040060 0.040018 0.020036 0.020031 0.020039 0.020027 -9999.0 -9999.0 -9999.0 -9999.0 -9999.0 -9999.0 -9999.0 -9999.0 -9999.0 -9999.0 -9999.0 -9999.0 -9999.0 -9999.0 -9999.0 -9999.0 -9999.0 -9999.0 -9999.0 -9999.0 -9999.0 -9999.0 -9999.0 -9999.0 -9999.0 -9999.0 -9999.0
-9999.0 -9999.0 -9999.0 -9999.0 -9999.0 -9999.0 -9999.0 -9999.0 -9999.0 -9999.0 -9999.0 -9999.0 -9999.0 0.040070 0.041860 0.043733 0.064526 0.025112 0.040026 0.040723 0.042024 0.042195 0.040073 0.045125 0.040051 0.040055 0.020059 0.040051 0.040048 0.040055 0.040055 0.040050 0.040025 0.040010 0.020025 0.020024 -9999.0 -9999.0 -9999.0 -9999.0 -9999.0 -9999.0 -9999.0 -9999.0 -9999.0 -9999.0 -9999.0 -9999.0 -9999.0 -9999.0 -9999.0 -9999.0 -9999.0 -9999.0 -9999.0 -9999.0 -9999.0 -9999.0 -9999.0 -9999.0 -9999.0 -9999.0 -9999.0
-9999.0 -9999.0 -9999.0 -9999.0 -9999.0 -9999.0 -9999.0 -9999.0 -9999.0 -9999.0 -9999.0 -9999.0 -9999.0 0.040208 0.048161 0.044800 0.044657 0.071002 0.023763 0.048642 0.040019 0.040236 0.041979 0.040091 0.040078 0.040065 0.040034 0.020033 0.020031 0.040036 0.040048 0.040014 0.020028 0.020026 0.020023 -9999.0 -9999.0 -9999.0 -9999.0 -9999.0 -9999.0 -9999.0 -9999.0 -9999.0 -9999.0 -9999.0 -9999.0 -9999.0 -9999.0 -9999.0 -9999.0 -9999.0 -9999.0 -9999.0 -9999.0 -9999.0 -9999.0 -9999.0 -9999.0 -9999.0 -9999.0 -9999.0 -9999.0
-9999.0 -9999.0 -9999.0 -9999.0 -9999.0 -9999.0 -9999.0 -9999.0 -9999.0 -9999.0 -9999.0 -9999.0 -9999.0 0.042171 0.046139 0.049530 0.043275 0.062797 0.024064 0.063153 0.044012 0.020061 0.040082 0.040059 0.040065 0.040170 0.020063 0.020032 0.040030 0.020027 0.040012 0.020027 0.020029 0.020021 0.020021 -9999.0 -9999.0 -9999.0 -9999.0 -9999.0 -9999.0 -9999.0 -9999.0 -9999.0 -9999.0 -9999.0 -9999.0 -9999.0 -9999.0 -9999.0 -9999.0 -9999.0 -9999.0 -9999.0 -9999.0 -9999.0 -9999.0 -9999.0 -9999.0 -9999.0 -9999.0 -9999.0 -9999.0
-9999.0 -9999.0 -9999.0 -9999.0 -9999.0 -9999.0 -9999.0 -9999.0 -9999.0 -9999.0 -9999.0 -9999.0 0.040220 0.051568 0.052263 0.040089 0.043188 0.061588 0.068965 0.020198 0.040164 0.040060 0.040065 0.040053 0.040387 0.040022 0.040050 0.040046 0.040029 0.020034 0.040014 0.020037 0.040014 0.020025 -9999.0 -9999.0 -9999.0 -9999.0 -9999.0 -9999.0 -9999.0 -9999.0 -9999.0 -9999.0 -9999.0 -9999.0 -9999.0 -9999.0 -9999.0 -9999.0 -9999.0 -9999.0 -9999.0 -9999.0 -9999.0 -9999.0 -9999.0 -9999.0 -9999.0 -9999.0 -9999.0 -9999.0 -9999.0
-9999.0 -9999.0 -9999.0 -9999.0 -9999.0 -9999.0 -9999.0 -9999.0 -9999.0 -9999.0 -9999.0 0.040071 0.040093 0.046606 0.040079 0.040070 0.020060 0.043313 0.069270 0.020385 0.040105 0.042131 0.040067 0.040029 0.040063 0.040055 0.040019 0.040049 0.040050 0.020030 0.020053 0.040019 0.020034 0.020023 0.020023 0.020019 0.040004 0.040003 0.040003 -9999.0 -9999.0 -9999.0 0.020022 -9999.0 -9999.0 -9999.0 -9999.0 -9999.0 -9999.0 -9999.0 -9999.0 -9999.0 -9999.0 -9999.0 -9999.0 -9999.0 -9999.0 -9999.0 -9999.0 -9999.0 -9999.0 -9999.0 -9999.0
-9999.0 -9999.0 -9999.0 -9999.0 -9999.0 -9999.0 -9999.0 -9999.0 -9999.0 -9999.0 -9999.0 0.040059 0.040072 0.040268 0.040270 0.040063 0.040529 0.040715 0.068628 0.067156 0.045446 0.044832 0.040061 0.040053 0.040054 0.040033 0.040047 0.040049 0.020072 0.020032 0.040021 0.040016 0.040009 0.040014 0.040007 0.040005 0.040004 0.040003 0.040003 0.020011 0.020012 0.020016 0.040007 0.020026 -9999.0 -9999.0 -9999.0 0.040455 0.040065 0.020090 0.040151 0.020092 0.020101 0.044322 0.045332 0.020126 -9999.0 -9999.0 -9999.0 -9999.0 -9999.0 -9999.0 -9999.0
-9999.0 -9999.0 -9999.0 -9999.0 -9999.0 -9999.0 -9999.0 -9999.0 -9999.0 -9999.0 -9999.0 0.040060 0.040057 0.040051 0.040383 0.040078 0.040142 0.040744 0.068788 0.066641 0.042069 0.040100 0.040060 0.040050 0.040024 0.020056 0.040058 0.040055 0.020040 0.040027 0.020032 0.040017 0.040015 0.040009 0.020020 0.040004 0.040016 0.040015 0.040043 0.020012 0.040003 0.040004 0.040008 0.040009 0.040030 -9999.0 0.020063 0.040055 0.040081 0.040564 0.040066 0.020081 0.045200 0.045798 0.045112 0.045783 -9999.0 -9999.0 -9999.0 -9999.0 -9999.0 -9999.0 -9999.0
-9999.0 -9999.0 -9999.0 -9999.0 -9999.0 -9999.0 -9999.0 -9999.0 -9999.0 -9999.0 -9999.0 -9999.0 0.040058 0.040341 0.042147 0.040166 0.040102 0.040245 0.067618 0.065147 0.040180 0.040114 0.040270 0.040059 0.040046 0.040058 0.041798 0.040021 0.040030 0.020060 0.040035 0.040019 0.040014 0.040012 0.040007 0.040005 0.040006 0.040048 0.040038 0.040004 0.040004 0.020016 0.040006 0.040051 0.020033 0.040041 0.020077 0.040050 0.040058 0.040060 0.040721 0.040336 0.041143 0.041121 0.040066 0.040073 0.041658 -9999.0 -9999.0 -9999.0 -9999.0 -9999.0 -9999.0
-9999.0 -9999.0 -9999.0 -9999.0 -9999.0 -9999.0 -9999.0 -9999.0 -9999.0 -9999.0 -9999.0 0.040275 0.040053 0.040066 0.040129 0.040168 0.040289 0.040154 0.068967 0.243446 0.040111 0.042944 0.040419 0.040060 0.040058 0.041162 0.040296 0.040022 0.040041 0.020055 0.040038 0.040036 0.040051 0.040013 0.040009 0.040005 0.040003 0.040009 0.040343 0.040006 0.040006 0.040008 0.040009 0.020022 0.040064 0.040052 0.040049 0.020081 0.020085 0.040027 0.020091 0.040057 0.040056 0.020067 0.020103 0.020073 0.020117 -9999.0 -9999.0 -9999.0 -9999.0 -9999.0 -9999.0
-9999.0 -9999.0 -9999.0 -9999.0 -9999.0 -9999.0 -9999.0 -9999.0 -9999.0 -9999.0 0.040792 0.040093 0.040686 0.040060 0.043263 0.040533 0.040088 0.040097 0.048621 0.060208 0.047253 0.044436 0.040068 0.043222 0.040729 0.040723 0.040050 0.020037 0.040053 0.040093 0.040059 0.040065 0.040037 0.040016 0.020020 0.020019 0.040004 0.040005 0.040030 0.040024 0.040019 0.020055 0.020124 0.040029 0.040058 0.020037 0.040050 0.040039 0.040063 0.040078 0.020079 0.020072 0.020081 0.020067 0.020085 0.045406 0.045249 -9999.0 -9999.0 -9999.0 -9999.0 -9999.0 -9999.0
-9999.0 -9999.0 -9999.0 -9999.0 -9999.0 -9999.0 -9999.0 -9999.0 -9999.0 0.040055 0.040420 0.040551 0.040432 0.040061 0.041491 0.040069 0.040060 0.045744 0.040448 0.147080 0.053502 0.040073 0.040069 0.040552 0.041331 0.040046 0.040034 0.040274 0.040059 0.040119 0.040053 0.040021 0.020026 0.020024 0.020024 0.020021 0.040010 0.040007 0.040007 0.040006 0.040017 0.040018 0.040015 0.051797 0.040012 0.040024 0.042165 0.040040 0.040060 0.042609 0.040059 0.020094 0.020061 0.020109 0.020110 0.040078 0.041851 0.020206 0.020189 -9999.0 -9999.0 -9999.0 -9999.0
-9999.0 -9999.0 -9999.0 -9999.0 -9999.0 -9999.0 -9999.0 -9999.0 -9999.0 0.040059 0.040056 0.040066 0.042996 0.040366 0.040307 0.040107 0.044034 0.040116 0.045560 0.064872 0.061702 0.040307 0.043842 0.042398 0.040058 0.040048 0.040072 0.040346 0.040060 0.040429 0.040065 0.040015 0.040021 0.040035 0.040015 0.020026 0.020023 0.020024 0.040009 0.040020 0.040061 0.040017 0.040057 0.040197 0.302771 0.040506 0.040043 0.040017 0.040073 0.040205 0.040061 0.040048 0.020105 0.040073 0.020087 0.040451 0.042030 0.041648 0.020178 -9999.0 -9999.0 -9999.0 -9999.0
-9999.0 -9999.0 -9999.0 -9999.0 -9999.0 -9999.0 -9999.0 -9999.0 -9999.0 -9999.0 0.040058 0.040066 0.040075 0.040938 0.040078 0.041070 0.041974 0.045563 0.104197 0.061861 0.067472 0.040136 0.042301 0.040108 0.040046 0.040146 0.040044 0.040016 0.040072 0.040053 0.040047 0.040253 0.040024 0.040017 0.040029 0.040053 0.040047 0.040031 0.020031 0.040012 0.040011 0.040057 0.040089 0.040068 0.040024 0.040012 0.040070 0.065694 0.040052 0.040037 0.040060 0.040054 0.020093 0.020109 0.040070 0.040068 0.040089 0.040229 0.042599 0.045575 -9999.0 -9999.0 -9999.0
-9999.0 -9999.0 -9999.0 -9999.0 -9999.0 -9999.0 -9999.0 -9999.0 -9999.0 -9999.0 0.040055 0.040059 0.040056 0.041456 0.043377 0.040904 0.040102 0.042413 0.520000 0.066296 0.040288 0.040113 0.041750 0.040100 0.040156 0.040021 0.040104 0.040084 0.040052 0.040022 0.040023 0.040049 0.020039 0.040020 0.040025 0.040043 0.040032 0.040020 0.040015 0.040023 0.040052 0.020093 0.040053 0.040031 0.040300 0.040067 0.040077 0.040049 0.040080 0.040914 0.040043 0.040059 0.040163 0.020100 0.020104 0.020109 0.040069 0.043240 0.040233 0.069717 -9999.0 -9999.0 -9999.0
-9999.0 -9999.0 -9999.0 -9999.0 -9999.0 -9999.0 -9999.0 -9999.0 0.040899 0.040083 0.040052 0.040052 0.040062 0.040062 0.040408 0.041651 0.040106 0.056738 0.514955 0.520000 0.520000 0.040179 0.040031 0.040081 0.040080 0.040117 0.040982 0.040051 0.040048 0.040042 0.020035 0.040024 0.040042 0.040048 0.040051 0.040021 0.040057 0.040037 0.040015 0.020077 0.020052 0.040051 0.020043 0.020038 0.020084 0.040716 0.040053 0.040347 0.040101 0.068428 0.041773 0.040077 0.040540 0.040064 0.020097 0.045138 0.020183 0.043723 0.040081 0.520000 -9999.0 -9999.0 -9999.0
-9999.0 -9999.0 -9999.0 -9999.0 -9999.0 -9999.0 -9999.0 -9999.0 0.020094 0.040259 0.040055 0.040040 0.040053 0.040077 0.040293 0.040196 0.045366 0.044417 0.520000 0.520000 0.509425 0.501105 0.054105 0.040052 0.040120 0.262530 0.041003 0.040055 0.020050 0.040043 0.040045 0.020066 0.040049 0.020077 0.040096 0.040071 0.040065 0.040057 0.040040 0.040048 0.040046 0.040016 0.020046 0.040070 0.040076 0.040069 0.020072 0.040060 0.040077 0.056649 0.058464 0.040094 0.040144 0.044690 0.040051 0.020086 0.040066 0.040067 0.045018 0.520000 0.520000 -9999.0 -9999.0
-9999.0 -9999.0 -9999.0 -9999.0 -9999.0 -9999.0 -9999.0 -9999.0 0.040056 0.040069 0.040340 0.040053 0.040056 0.020075 0.042859 0.040057 0.040035 0.040222 0.520000 0.509333 0.520000 0.519319 0.511234 0.267356 0.051781 0.040339 0.040177 0.040053 0.020033 0.040046 0.020077 0.040054 0.040038 0.040023 0.040373 0.040216 0.040056 0.040059 0.040050 0.040047 0.040051 0.020084 0.040350 0.040054 0.040052 0.040050 0.020086 0.041657 0.040059 0.040113 0.520000 0.040414 0.040050 0.040051 0.040050 0.040127 0.053455 0.058756 0.520000 0.520000 0.520000 -9999.0 -9999.0
-9999.0 -9999.0 -9999.0 -9999.0 -9999.0 -9999.0 -9999.0 -9999.0 0.020041 0.040061 0.042374 0.020056 0.042431 0.041460 0.040097 0.040050 0.143412 0.520000 0.064249 0.520000 0.520000 0.520000 0.520000 0.123420 0.051743 0.043352 0.041621 0.040049 0.040805 0.040075 0.040048 0.040052 0.040048 0.040070 0.040053 0.040043 0.040052 0.042209 0.040043 0.040041 0.040050 0.040132 0.040143 0.020076 0.040538 0.020080 0.041893 0.020082 0.041979 0.040059 0.045021 0.520000 0.048311 0.040905 0.053127 0.057917 0.520000 0.520000 0.520000 0.520000 0.076623 0.070433 -9999.0
-9999.0 -9999.0 -9999.0 -9999.0 -9999.0 -9999.0 -9999.0 -9999.0 0.040046 0.040065 0.042306 0.042609 0.046128 0.040092 0.045465 0.074524 0.072857 0.040535 0.043521 0.042641 0.520000 0.520000 0.520000 0.448756 0.040239 0.042042 0.040045 0.041057 0.041029 0.042172 0.040060 0.041652 0.040033 0.041520 0.040046 0.040049 0.040052 0.043094 0.040024 0.040051 0.040044 0.040048 0.040050 0.040046 0.040047 0.040123 0.040055 0.040070 0.040059 0.040036 0.041240 0.043404 0.520000 0.059630 0.520000 0.520000 0.520000 0.520000 0.520000 0.071347 0.049478 0.063893 -9999.0
-9999.0 -9999.0 0.040057 0.040058 0.040057 0.040060 0.040087 0.040053 0.040050 0.040084 0.040075 0.041176 0.041315 0.045915 0.056948 0.064780 0.040107 0.040062 0.040063 0.043500 0.042206 0.520000 0.520000 0.520000 0.063037 0.040028 0.041114 0.040061 0.040019 0.042993 0.040371 0.042076 0.045657 0.040047 0.040050 0.040047 0.040060 0.040892 0.040039 0.040044 0.040045 0.040043 0.040014 0.040773 0.040055 0.040063 0.040081 0.042060 0.040165 0.048449 0.520000 0.520000 0.520000 0.520000 0.520000 0.520000 0.520000 0.520000 0.058318 0.046470 0.078372 0.049623 -9999.0
-9999.0 0.040294 0.040243 0.040232 0.040065 0.041207 0.040064 0.040053 0.040055 0.040057 0.040061 0.044971 0.046107 0.071524 0.074063 0.046144 0.040062 0.040054 0.040699 0.043029 0.040246 0.520000 0.071267 0.520000 0.072381 0.054532 0.049057 0.055193 0.040227 0.040348 0.040036 0.040066 0.040148 0.057658 0.040113 0.042105 0.040164 0.040188 0.042013 0.041066 0.040058 0.041628 0.050903 0.040062 0.040046 0.040029 0.041536 0.520000 0.520000 0.520000 0.520000 0.520000 0.520000 0.381072 0.366425 0.068437 0.064586 0.071519 0.069290 0.044530 0.047038 0.047469 -9999.0
-9999.0 0.040102 0.041923 0.042327 0.044844 0.041881 0.040053 0.040043 0.040048 0.040055 0.040053 0.043508 0.046183 0.074627 0.040114 0.040061 0.040061 0.040057 0.041801 0.040362 0.045948 0.057234 0.520000 0.067919 0.071862 0.073359 0.520000 0.466441 0.444592 0.520000 0.520000 0.044234 0.041442 0.045429 0.064460 0.055765 0.068481 0.069395 0.064560 0.064910 0.052595 0.174547 0.041587 0.297724 0.520000 0.520000 0.520000 0.520000 0.520000 0.520000 0.409139 0.055271 0.063655 0.067873 0.059450 0.044744 0.044945 0.042478 0.043640 0.046784 0.047985 -9999.0 -9999.0
-9999.0 0.040069 0.040082 0.043358 0.040072 0.047199 0.045513 0.040639 0.040068 0.040102 0.043298 0.041281 0.065411 0.045645 0.044151 0.040057 0.040058 0.040065 0.040065 0.041000 0.042372 0.041103 0.044748 0.072151 0.075068 0.160553 0.335910 0.370412 0.384834 0.374787 0.346025 0.307374 0.252100 0.043162 0.063379 0.070104 0.069234 0.062807 0.074342 0.116854 0.391470 0.371358 0.520000 0.520000 0.520000 0.520000 0.520000 0.520000 0.088372 0.512369 0.060382 0.042205 0.043251 0.059760 0.041792 0.041863 0.042402 0.042278 0.043223 -9999.0 -9999.0 -9999.0 -9999.0
