user2019/resources/simulation/Vinschgau/output-maps/thetaliqL0005N0908.asc
ncols         63
nrows         48
xllcorner     598000.000000
yllcorner     5145000.000000
cellsize      1000.000000
NODATA_value  -9999.0
[rows 0 to 28 of 48, columns 0 to 62 of 63]
-9999.0 -9999.0 -9999.0 -9999.0 -9999.0 -9999.0 -9999.0 -9999.0 -9999.0 -9999.0 -9999.0 -9999.0 -9999.0 -9999.0 -9999.0 -9999.0 -9999.0 -9999.0 -9999.0 -9999.0 -9999.0 -9999.0 -9999.0 -9999.0 -9999.0 -9999.0 -9999.0 -9999.0 -9999.0 -9999.0 -9999.0 -9999.0 -9999.0 -9999.0 -9999.0 -9999.0 -9999.0 -9999.0 -9999.0 -9999.0 -9999.0 -9999.0 -9999.0 -9999.0 -9999.0 -9999.0 -9999.0 -9999.0 -9999.0 -9999.0 -9999.0 -9999.0 -9999.0 -9999.0 -9999.0 -9999.0 -9999.0 -9999.0 -9999.0 -9999.0 -9999.0 -9999.0 -9999.0
-9999.0 -9999.0 -9999.0 -9999.0 -9999.0 -9999.0 -9999.0 -9999.0 -9999.0 -9999.0 -9999.0 -9999.0 -9999.0 -9999.0 -9999.0 -9999.0 -9999.0 -9999.0 -9999.0 -9999.0 -9999.0 -9999.0 -9999.0 -9999.0 -9999.0 -9999.0 -9999.0 0.020027 0.040012 0.020032 0.040010 0.020027 0.020026 -9999.0 -9999.0 -9999.0 -9999.0 -9999.0 -9999.0 -9999.0 -9999.0 -9999.0 -9999.0 -9999.0 -9999.0 -9999.0 -9999.0 -9999.0 -9999.0 -9999.0 -9999.0 -9999.0 -9999.0 -9999.0 -9999.0 -9999.0 -9999.0 -9999.0 -9999.0 -9999.0 -9999.0 -9999.0 -9999.0
-9999.0 -9999.0 -9999.0 -9999.0 -9999.0 -9999.0 -9999.0 -9999.0 -9999.0 -9999.0 -9999.0 -9999.0 -9999.0 -9999.0 -9999.0 -9999.0 -9999.0 -9999.0 -9999.0 -9999.0 -9999.0 -9999.0 -9999.0 -9999.0 0.040017 0.040019 0.040025 0.040017 0.040025 0.040011 0.040009 -9999.0 -9999.0 -9999.0 -9999.0 -9999.0 -9999.0 -9999.0 -9999.0 -9999.0 -9999.0 -9999.0 -9999.0 -9999.0 -9999.0 -9999.0 -9999.0 -9999.0 -9999.0 -9999.0 -9999.0 -9999.0 -9999.0 -9999.0 -9999.0 -9999.0 -9999.0 -9999.0 -9999.0 -9999.0 -9999.0 -9999.0 -9999.0
-9999.0 -9999.0 -9999.0 -9999.0 -9999.0 -9999.0 -9999.0 -9999.0 -9999.0 -9999.0 -9999.0 -9999.0 -9999.0 -9999.0 -9999.0 -9999.0 -9999.0 -9999.0 -9999.0 -9999.0 -9999.0 -9999.0 -9999.0 0.040020 0.040079 0.219849 0.248205 0.128509 0.185545 0.040022 0.040009 0.040008 -9999.0 -9999.0 -9999.0 -9999.0 -9999.0 -9999.0 -9999.0 -9999.0 -9999.0 -9999.0 -9999.0 -9999.0 -9999.0 -9999.0 -9999.0 -9999.0 -9999.0 -9999.0 -9999.0 -9999.0 -9999.0 -9999.0 -9999.0 -9999.0 -9999.0 -9999.0 -9999.0 -9999.0 -9999.0 -9999.0 -9999.0
-9999.0 -9999.0 -9999.0 -9999.0 -9999.0 -9999.0 -9999.0 -9999.0 -9999.0 -9999.0 -9999.0 -9999.0 -9999.0 -9999.0 -9999.0 -9999.0 -9999.0 -9999.0 0.351038 0.040032 -9999.0 0.040025 0.040069 0.144700 0.279382 0.116237 0.327681 0.367119 0.400698 0.233146 0.040018 0.040010 0.020023 0.020017 -9999.0 -9999.0 -9999.0 -9999.0 -9999.0 -9999.0 -9999.0 -9999.0 -9999.0 -9999.0 -9999.0 -9999.0 -9999.0 -9999.0 -9999.0 -9999.0 -9999.0 -9999.0 -9999.0 -9999.0 -9999.0 -9999.0 -9999.0 -9999.0 -9999.0 -9999.0 -9999.0 -9999.0 -9999.0
-9999.0 -9999.0 -9999.0 -9999.0 -9999.0 -9999.0 -9999.0 -9999.0 -9999.0 -9999.0 -9999.0 -9999.0 -9999.0 -9999.0 -9999.0 -9999.0 -9999.0 0.130919 0.180525 0.022440 0.020052 0.045247 0.241377 0.261402 0.305009 0.323502 0.041605 0.047531 0.045187 0.364961 0.040073 0.040020 0.020032 0.020028 0.020020 0.020017 -9999.0 -9999.0 -9999.0 -9999.0 -9999.0 -9999.0 -9999.0 -9999.0 -9999.0 -9999.0 -9999.0 -9999.0 -9999.0 -9999.0 -9999.0 -9999.0 -9999.0 -9999.0 -9999.0 -9999.0 -9999.0 -9999.0 -9999.0 -9999.0 -9999.0 -9999.0 -9999.0
-9999.0 -9999.0 -9999.0 -9999.0 -9999.0 -9999.0 -9999.0 -9999.0 -9999.0 -9999.0 -9999.0 -9999.0 -9999.0 0.040088 0.322752 0.196110 0.118870 0.023449 0.135290 0.148446 0.253324 0.253414 0.253434 0.317430 0.334302 0.040053 0.020060 0.040104 0.040124 0.042280 0.040049 0.040015 0.040011 0.040007 0.020024 0.020017 -9999.0 -9999.0 -9999.0 -9999.0 -9999.0 -9999.0 -9999.0 -9999.0 -9999.0 -9999.0 -9999.0 -9999.0 -9999.0 -9999.0 -9999.0 -9999.0 -9999.0 -9999.0 -9999.0 -9999.0 -9999.0 -9999.0 -9999.0 -9999.0 -9999.0 -9999.0 -9999.0
-9999.0 -9999.0 -9999.0 -9999.0 -9999.0 -9999.0 -9999.0 -9999.0 -9999.0 -9999.0 -9999.0 -9999.0 -9999.0 0.040374 0.277396 0.179583 0.131418 0.321869 0.023390 0.203923 0.117735 0.306038 0.291457 0.334612 0.047914 0.041940 0.040012 0.020030 0.020025 0.040038 0.040066 0.040011 0.020023 0.020015 0.020019 -9999.0 -9999.0 -9999.0 -9999.0 -9999.0 -9999.0 -9999.0 -9999.0 -9999.0 -9999.0 -9999.0 -9999.0 -9999.0 -9999.0 -9999.0 -9999.0 -9999.0 -9999.0 -9999.0 -9999.0 -9999.0 -9999.0 -9999.0 -9999.0 -9999.0 -9999.0 -9999.0 -9999.0
-9999.0 -9999.0 -9999.0 -9999.0 -9999.0 -9999.0 -9999.0 -9999.0 -9999.0 -9999.0 -9999.0 -9999.0 -9999.0 0.252323 0.430000 0.231191 0.171550 0.142438 0.023353 0.129634 0.351006 0.021386 0.314543 0.123555 0.342501 0.198493 0.020039 0.020023 0.040008 0.020017 0.040009 0.020014 0.020013 0.020011 0.020016 -9999.0 -9999.0 -9999.0 -9999.0 -9999.0 -9999.0 -9999.0 -9999.0 -9999.0 -9999.0 -9999.0 -9999.0 -9999.0 -9999.0 -9999.0 -9999.0 -9999.0 -9999.0 -9999.0 -9999.0 -9999.0 -9999.0 -9999.0 -9999.0 -9999.0 -9999.0 -9999.0 -9999.0
-9999.0 -9999.0 -9999.0 -9999.0 -9999.0 -9999.0 -9999.0 -9999.0 -9999.0 -9999.0 -9999.0 -9999.0 0.189434 0.047559 0.293235 0.334847 0.271299 0.197476 0.295149 0.022848 0.263313 0.042669 0.020998 0.040461 0.040046 0.040012 0.040015 0.040009 0.040014 0.020022 0.040003 0.020022 0.040007 0.020015 -9999.0 -9999.0 -9999.0 -9999.0 -9999.0 -9999.0 -9999.0 -9999.0 -9999.0 -9999.0 -9999.0 -9999.0 -9999.0 -9999.0 -9999.0 -9999.0 -9999.0 -9999.0 -9999.0 -9999.0 -9999.0 -9999.0 -9999.0 -9999.0 -9999.0 -9999.0 -9999.0 -9999.0 -9999.0
-9999.0 -9999.0 -9999.0 -9999.0 -9999.0 -9999.0 -9999.0 -9999.0 -9999.0 -9999.0 -9999.0 0.040125 0.378968 0.430000 0.311288 0.041491 0.023082 0.213448 0.428394 0.119828 0.162627 0.348766 0.040034 0.040015 0.040972 0.040016 0.040008 0.040012 0.040010 0.020018 0.020021 0.040015 0.020025 0.020019 0.020021 0.020026 0.040009 0.040012 0.020035 -9999.0 -9999.0 -9999.0 0.020018 -9999.0 -9999.0 -9999.0 -9999.0 -9999.0 -9999.0 -9999.0 -9999.0 -9999.0 -9999.0 -9999.0 -9999.0 -9999.0 -9999.0 -9999.0 -9999.0 -9999.0 -9999.0 -9999.0 -9999.0
-9999.0 -9999.0 -9999.0 -9999.0 -9999.0 -9999.0 -9999.0 -9999.0 -9999.0 -9999.0 -9999.0 0.040086 0.339387 0.336551 0.258320 0.040117 0.195577 0.159486 0.316837 0.351042 0.382078 0.040473 0.040034 0.040019 0.040031 0.040012 0.040010 0.040017 0.020034 0.020019 0.040012 0.040012 0.040008 0.040006 0.040005 0.040011 0.040023 0.040023 0.040012 0.020019 0.020020 0.020019 0.040011 0.020023 -9999.0 -9999.0 -9999.0 0.040004 0.040005 0.020021 0.040006 0.020018 0.020018 0.040004 0.040005 0.020017 -9999.0 -9999.0 -9999.0 -9999.0 -9999.0 -9999.0 -9999.0
-9999.0 -9999.0 -9999.0 -9999.0 -9999.0 -9999.0 -9999.0 -9999.0 -9999.0 -9999.0 -9999.0 0.040029 0.040092 0.040721 0.041346 0.040252 0.366512 0.229010 0.328502 0.315439 0.303105 0.257255 0.040057 0.040017 0.040012 0.020028 0.040034 0.040014 0.020026 0.040006 0.020025 0.040011 0.040018 0.040007 0.020023 0.040020 0.040016 0.040020 0.040035 0.020025 0.040014 0.020028 0.040019 0.040012 0.040007 -9999.0 0.020016 0.040007 0.040010 0.040016 0.020046 0.020037 0.020036 0.040010 0.020030 0.040007 -9999.0 -9999.0 -9999.0 -9999.0 -9999.0 -9999.0 -9999.0
-9999.0 -9999.0 -9999.0 -9999.0 -9999.0 -9999.0 -9999.0 -9999.0 -9999.0 -9999.0 -9999.0 -9999.0 0.040115 0.040372 0.040143 0.040292 0.293423 0.212308 0.351679 0.334611 0.272908 0.258511 0.041200 0.040114 0.040015 0.040031 0.040041 0.020042 0.040009 0.020023 0.040011 0.040012 0.020046 0.040009 0.040008 0.040013 0.040034 0.040024 0.040542 0.020043 0.040026 0.020038 0.040058 0.040029 0.020024 0.040006 0.020020 0.040007 0.040016 0.040052 0.040337 0.040013 0.040022 0.040010 0.040008 0.040010 0.040007 -9999.0 -9999.0 -9999.0 -9999.0 -9999.0 -9999.0
-9999.0 -9999.0 -9999.0 -9999.0 -9999.0 -9999.0 -9999.0 -9999.0 -9999.0 -9999.0 -9999.0 0.040194 0.040020 0.020101 0.040214 0.065367 0.364297 0.281564 0.357469 0.227545 0.241584 0.320165 0.043069 0.040031 0.040038 0.040470 0.040217 0.040009 0.040008 0.020030 0.040031 0.040017 0.040029 0.040009 0.040005 0.040011 0.040013 0.040062 0.079169 0.040087 0.040060 0.043844 0.040189 0.020097 0.040048 0.040009 0.040014 0.020031 0.020038 0.020455 0.020034 0.040010 0.040006 0.020019 0.020017 0.020015 0.020022 -9999.0 -9999.0 -9999.0 -9999.0 -9999.0 -9999.0
-9999.0 -9999.0 -9999.0 -9999.0 -9999.0 -9999.0 -9999.0 -9999.0 -9999.0 -9999.0 0.040043 0.040262 0.040030 0.040031 0.040141 0.040126 0.040120 0.314177 0.181804 0.235800 0.387393 0.414149 0.040165 0.040112 0.044035 0.040048 0.040021 0.020028 0.020045 0.040026 0.040023 0.040022 0.040027 0.040009 0.020016 0.020025 0.040019 0.040043 0.047273 0.347074 0.343909 0.030120 0.113819 0.380215 0.041626 0.020031 0.040014 0.040072 0.040295 0.044721 0.020021 0.020021 0.020016 0.020014 0.020014 0.040009 0.040010 -9999.0 -9999.0 -9999.0 -9999.0 -9999.0 -9999.0
-9999.0 -9999.0 -9999.0 -9999.0 -9999.0 -9999.0 -9999.0 -9999.0 -9999.0 0.040013 0.040058 0.040049 0.040366 0.040105 0.040311 0.040780 0.040559 0.042309 0.188232 0.183004 0.363669 0.213216 0.220533 0.326086 0.346631 0.040048 0.040014 0.040027 0.040270 0.050526 0.343998 0.020080 0.020026 0.020015 0.020019 0.020024 0.040021 0.040028 0.040037 0.040458 0.043803 0.040957 0.040217 0.258126 0.312435 0.040433 0.040193 0.040049 0.040051 0.366293 0.020052 0.020022 0.020013 0.020015 0.020019 0.040005 0.040007 0.020024 0.020020 -9999.0 -9999.0 -9999.0 -9999.0
-9999.0 -9999.0 -9999.0 -9999.0 -9999.0 -9999.0 -9999.0 -9999.0 -9999.0 0.020027 0.040012 0.040026 0.040259 0.175462 0.040450 0.040102 0.040170 0.364820 0.177460 0.288177 0.314875 0.258320 0.388387 0.042516 0.040073 0.040026 0.040117 0.043353 0.371600 0.061259 0.040283 0.040030 0.040013 0.040007 0.040010 0.020024 0.020027 0.020035 0.040012 0.040039 0.040087 0.040022 0.040145 0.376139 0.302307 0.357116 0.381329 0.303842 0.119803 0.365558 0.020048 0.040006 0.020016 0.040004 0.020022 0.040004 0.040007 0.040009 0.020029 -9999.0 -9999.0 -9999.0 -9999.0
-9999.0 -9999.0 -9999.0 -9999.0 -9999.0 -9999.0 -9999.0 -9999.0 -9999.0 -9999.0 0.040010 0.040027 0.041364 0.040282 0.242376 0.040718 0.122578 0.360451 0.171536 0.261525 0.345342 0.169702 0.340261 0.040674 0.040036 0.041658 0.352973 0.401972 0.040249 0.040043 0.040033 0.040017 0.040010 0.040008 0.040018 0.040033 0.040028 0.040052 0.020027 0.040011 0.040010 0.040031 0.040088 0.040499 0.297353 0.337779 0.298342 0.392854 0.376900 0.313958 0.020072 0.020026 0.020018 0.020016 0.040004 0.040007 0.040015 0.040048 0.040032 0.041909 -9999.0 -9999.0 -9999.0
-9999.0 -9999.0 -9999.0 -9999.0 -9999.0 -9999.0 -9999.0 -9999.0 -9999.0 -9999.0 0.040009 0.040014 0.040024 0.042591 0.413289 0.258577 0.297292 0.214348 0.190400 0.141190 0.145739 0.204729 0.299453 0.040179 0.041655 0.377950 0.430000 0.197529 0.040058 0.040011 0.040011 0.040023 0.020023 0.040007 0.040011 0.040040 0.040049 0.040432 0.040020 0.040008 0.040012 0.020045 0.040055 0.040021 0.040083 0.020366 0.046325 0.296315 0.282966 0.430000 0.073123 0.040020 0.040009 0.020020 0.020015 0.020017 0.040007 0.040046 0.430000 0.430000 -9999.0 -9999.0 -9999.0
-9999.0 -9999.0 -9999.0 -9999.0 -9999.0 -9999.0 -9999.0 -9999.0 0.040017 0.040010 0.020027 0.040018 0.040015 0.040072 0.046391 0.335731 0.175073 0.249938 0.229892 0.119296 0.120704 0.155879 0.173453 0.198755 0.335908 0.391198 0.387839 0.040106 0.040025 0.040011 0.020016 0.040011 0.040011 0.040007 0.040013 0.040013 0.040164 0.040483 0.040022 0.020024 0.020031 0.040032 0.020034 0.020026 0.020040 0.040052 0.040025 0.040133 0.288849 0.430000 0.183252 0.020169 0.040009 0.040006 0.020018 0.020027 0.020025 0.040087 0.368623 0.430000 -9999.0 -9999.0 -9999.0
-9999.0 -9999.0 -9999.0 -9999.0 -9999.0 -9999.0 -9999.0 -9999.0 0.020038 0.040033 0.040013 0.040008 0.040013 0.040021 0.040089 0.342175 0.231712 0.204414 0.108421 0.118521 0.298253 0.268876 0.265646 0.260117 0.170609 0.277204 0.373506 0.040270 0.020024 0.040009 0.040007 0.020026 0.040014 0.020027 0.040017 0.040023 0.040226 0.040759 0.040143 0.040018 0.040011 0.020019 0.020028 0.040019 0.040024 0.040050 0.020031 0.040016 0.040296 0.334098 0.430000 0.040389 0.040007 0.040007 0.020038 0.020035 0.040043 0.046333 0.419730 0.409288 0.133676 -9999.0 -9999.0
-9999.0 -9999.0 -9999.0 -9999.0 -9999.0 -9999.0 -9999.0 -9999.0 0.040011 0.040015 0.040017 0.040010 0.040010 0.020036 0.040090 0.040111 0.246915 0.271523 0.129721 0.277480 0.116143 0.220412 0.246089 0.159475 0.280689 0.229167 0.352157 0.040061 0.020029 0.040011 0.020029 0.040032 0.040019 0.020057 0.040035 0.040040 0.052442 0.429070 0.077473 0.040062 0.040017 0.020030 0.040018 0.040014 0.040028 0.040017 0.020024 0.040012 0.040018 0.370360 0.362702 0.273653 0.040009 0.040008 0.040020 0.040085 0.413056 0.425846 0.342403 0.430000 0.331334 -9999.0 -9999.0
-9999.0 -9999.0 -9999.0 -9999.0 -9999.0 -9999.0 -9999.0 -9999.0 0.020021 0.040019 0.040110 0.020023 0.040014 0.040054 0.020363 0.350581 0.139141 0.141288 0.314027 0.122888 0.129178 0.134356 0.227313 0.167890 0.181951 0.276486 0.090599 0.040032 0.040026 0.040075 0.040049 0.040130 0.022121 0.040444 0.020334 0.040086 0.098603 0.230505 0.381538 0.040947 0.040023 0.040028 0.040028 0.020039 0.040013 0.020031 0.020046 0.020036 0.040013 0.040041 0.358924 0.386097 0.339160 0.040085 0.270086 0.430000 0.414872 0.411870 0.283627 0.336242 0.332683 0.289012 -9999.0
-9999.0 -9999.0 -9999.0 -9999.0 -9999.0 -9999.0 -9999.0 -9999.0 0.040006 0.040016 0.040034 0.040044 0.040250 0.043848 0.092259 0.426340 0.420560 0.238010 0.267805 0.205003 0.153661 0.163225 0.136873 0.133708 0.306166 0.261863 0.040071 0.041597 0.303873 0.040271 0.040422 0.212650 0.430000 0.390643 0.338645 0.341556 0.335363 0.200457 0.180069 0.418191 0.357701 0.049297 0.136311 0.022418 0.040044 0.040044 0.040231 0.041596 0.040183 0.312867 0.400387 0.266735 0.350429 0.380149 0.430000 0.430000 0.430000 0.386713 0.371900 0.331067 0.254920 0.296764 -9999.0
-9999.0 -9999.0 0.020038 0.040017 0.040011 0.040023 0.040013 0.040015 0.040009 0.040012 0.040036 0.040882 0.043648 0.040342 0.417345 0.430000 0.310478 0.040062 0.040123 0.325412 0.201969 0.202834 0.370195 0.109914 0.155006 0.204935 0.269508 0.286789 0.305055 0.397577 0.338014 0.323334 0.430000 0.275837 0.357287 0.218987 0.286549 0.170582 0.146737 0.185266 0.317865 0.364118 0.282654 0.378050 0.345610 0.326276 0.411737 0.339915 0.348397 0.343006 0.293544 0.282975 0.399311 0.421198 0.430000 0.430000 0.429796 0.371576 0.370873 0.287768 0.385172 0.306641 -9999.0
-9999.0 0.040110 0.040066 0.040044 0.040025 0.040036 0.040013 0.040013 0.040009 0.040008 0.040019 0.040100 0.056983 0.041147 0.390019 0.040379 0.040037 0.040019 0.040057 0.334660 0.202878 0.230308 0.430000 0.303939 0.183306 0.163890 0.239469 0.279535 0.303505 0.357802 0.257688 0.301415 0.380000 0.364997 0.265622 0.252048 0.208208 0.129900 0.264011 0.266787 0.245079 0.275478 0.293619 0.205549 0.204146 0.193192 0.323668 0.190653 0.256268 0.264334 0.328036 0.381210 0.430000 0.430000 0.430000 0.430000 0.406281 0.380149 0.430000 0.371868 0.356408 0.310091 -9999.0
-9999.0 0.040192 0.040071 0.040514 0.040304 0.040040 0.040023 0.040010 0.040008 0.020026 0.040015 0.040061 0.315809 0.398775 0.042505 0.040015 0.040014 0.040017 0.040285 0.070095 0.370106 0.344332 0.301065 0.430000 0.394463 0.271276 0.103888 0.118267 0.264299 0.161760 0.119636 0.133390 0.330325 0.327384 0.333427 0.264864 0.295101 0.265490 0.224791 0.201241 0.228927 0.262520 0.248266 0.145099 0.098227 0.120194 0.234340 0.279023 0.291847 0.314466 0.343831 0.320565 0.371364 0.430000 0.417792 0.078341 0.040223 0.055294 0.105797 0.044296 0.162667 -9999.0 -9999.0
-9999.0 0.020066 0.040597 0.040763 0.426885 0.040929 0.040336 0.040040 0.040019 0.040020 0.040041 0.154282 0.401363 0.042290 0.040047 0.040009 0.040011 0.040024 0.040042 0.050107 0.043435 0.253965 0.218626 0.413991 0.414024 0.328864 0.329773 0.325365 0.139384 0.257290 0.108337 0.099970 0.299170 0.303402 0.265898 0.221446 0.227228 0.254132 0.207167 0.198121 0.201184 0.277084 0.238108 0.095053 0.094527 0.267926 0.267645 0.313105 0.335134 0.265731 0.354040 0.041943 0.089900 0.040330 0.041189 0.040094 0.040091 0.040056 0.040071 -9999.0 -9999.0 -9999.0 -9999.0
