user2019/resources/simulation/Vinschgau/output-maps/thetaliqL0001N0143.asc
ncols         63
nrows         48
xllcorner     598000.000000
yllcorner     5145000.000000
cellsize      1000.000000
NODATA_value  -9999.0
[rows 0 to 28 of 48, columns 0 to 62 of 63]
-9999.0 -9999.0 -9999.0 -9999.0 -9999.0 -9999.0 -9999.0 -9999.0 -9999.0 -9999.0 -9999.0 -9999.0 -9999.0 -9999.0 -9999.0 -9999.0 -9999.0 -9999.0 -9999.0 -9999.0 -9999.0 -9999.0 -9999.0 -9999.0 -9999.0 -9999.0 -9999.0 -9999.0 -9999.0 -9999.0 -9999.0 -9999.0 -9999.0 -9999.0 -9999.0 -9999.0 -9999.0 -9999.0 -9999.0 -9999.0 -9999.0 -9999.0 -9999.0 -9999.0 -9999.0 -9999.0 -9999.0 -9999.0 -9999.0 -9999.0 -9999.0 -9999.0 -9999.0 -9999.0 -9999.0 -9999.0 -9999.0 -9999.0 -9999.0 -9999.0 -9999.0 -9999.0 -9999.0
-9999.0 -9999.0 -9999.0 -9999.0 -9999.0 -9999.0 -9999.0 -9999.0 -9999.0 -9999.0 -9999.0 -9999.0 -9999.0 -9999.0 -9999.0 -9999.0 -9999.0 -9999.0 -9999.0 -9999.0 -9999.0 -9999.0 -9999.0 -9999.0 -9999.0 -9999.0 -9999.0 0.020082 0.040044 0.020049 0.040025 0.040014 0.040013 -9999.0 -9999.0 -9999.0 -9999.0 -9999.0 -9999.0 -9999.0 -9999.0 -9999.0 -9999.0 -9999.0 -9999.0 -9999.0 -9999.0 -9999.0 -9999.0 -9999.0 -9999.0 -9999.0 -9999.0 -9999.0 -9999.0 -9999.0 -9999.0 -9999.0 -9999.0 -9999.0 -9999.0 -9999.0 -9999.0
-9999.0 -9999.0 -9999.0 -9999.0 -9999.0 -9999.0 -9999.0 -9999.0 -9999.0 -9999.0 -9999.0 -9999.0 -9999.0 -9999.0 -9999.0 -9999.0 -9999.0 -9999.0 -9999.0 -9999.0 -9999.0 -9999.0 -9999.0 -9999.0 0.040073 0.040069 0.040046 0.040039 0.040057 0.040031 0.040032 -9999.0 -9999.0 -9999.0 -9999.0 -9999.0 -9999.0 -9999.0 -9999.0 -9999.0 -9999.0 -9999.0 -9999.0 -9999.0 -9999.0 -9999.0 -9999.0 -9999.0 -9999.0 -9999.0 -9999.0 -9999.0 -9999.0 -9999.0 -9999.0 -9999.0 -9999.0 -9999.0 -9999.0 -9999.0 -9999.0 -9999.0 -9999.0
-9999.0 -9999.0 -9999.0 -9999.0 -9999.0 -9999.0 -9999.0 -9999.0 -9999.0 -9999.0 -9999.0 -9999.0 -9999.0 -9999.0 -9999.0 -9999.0 -9999.0 -9999.0 -9999.0 -9999.0 -9999.0 -9999.0 -9999.0 0.040072 0.040085 0.041829 0.041484 0.041536 0.040090 0.040020 0.040023 0.040062 -9999.0 -9999.0 -9999.0 -9999.0 -9999.0 -9999.0 -9999.0 -9999.0 -9999.0 -9999.0 -9999.0 -9999.0 -9999.0 -9999.0 -9999.0 -9999.0 -9999.0 -9999.0 -9999.0 -9999.0 -9999.0 -9999.0 -9999.0 -9999.0 -9999.0 -9999.0 -9999.0 -9999.0 -9999.0 -9999.0 -9999.0
-9999.0 -9999.0 -9999.0 -9999.0 -9999.0 -9999.0 -9999.0 -9999.0 -9999.0 -9999.0 -9999.0 -9999.0 -9999.0 -9999.0 -9999.0 -9999.0 -9999.0 -9999.0 0.041345 0.041154 -9999.0 0.040077 0.040083 0.043838 0.040950 0.040013 0.040115 0.040138 0.040172 0.040085 0.040017 0.040029 0.020035 0.020029 -9999.0 -9999.0 -9999.0 -9999.0 -9999.0 -9999.0 -9999.0 -9999.0 -9999.0 -9999.0 -9999.0 -9999.0 -9999.0 -9999.0 -9999.0 -9999.0 -9999.0 -9999.0 -9999.0 -9999.0 -9999.0 -9999.0 -9999.0 -9999.0 -9999.0 -9999.0 -9999.0 -9999.0 -9999.0
-9999.0 -9999.0 -9999.0 -9999.0 -9999.0 -9999.0 -9999.0 -9999.0 -9999.0 -9999.0 -9999.0 -9999.0 -9999.0 -9999.0 -9999.0 -9999.0 -9999.0 0.040015 0.040025 0.020100 0.020124 0.040452 0.040205 0.040082 0.040142 0.040075 0.040079 0.040078 0.040078 0.040097 0.040079 0.040018 0.020036 0.020032 0.020039 0.020027 -9999.0 -9999.0 -9999.0 -9999.0 -9999.0 -9999.0 -9999.0 -9999.0 -9999.0 -9999.0 -9999.0 -9999.0 -9999.0 -9999.0 -9999.0 -9999.0 -9999.0 -9999.0 -9999.0 -9999.0 -9999.0 -9999.0 -9999.0 -9999.0 -9999.0 -9999.0 -9999.0
-9999.0 -9999.0 -9999.0 -9999.0 -9999.0 -9999.0 -9999.0 -9999.0 -9999.0 -9999.0 -9999.0 -9999.0 -9999.0 0.040097 0.040718 0.040068 0.040053 0.020056 0.040005 0.040155 0.040356 0.040537 0.040048 0.040226 0.040044 0.040073 0.020060 0.040074 0.040060 0.040075 0.040078 0.040061 0.040026 0.040011 0.020025 0.020024 -9999.0 -9999.0 -9999.0 -9999.0 -9999.0 -9999.0 -9999.0 -9999.0 -9999.0 -9999.0 -9999.0 -9999.0 -9999.0 -9999.0 -9999.0 -9999.0 -9999.0 -9999.0 -9999.0 -9999.0 -9999.0 -9999.0 -9999.0 -9999.0 -9999.0 -9999.0 -9999.0
-9999.0 -9999.0 -9999.0 -9999.0 -9999.0 -9999.0 -9999.0 -9999.0 -9999.0 -9999.0 -9999.0 -9999.0 -9999.0 0.040188 0.041273 0.040138 0.040132 0.040100 0.020049 0.040013 0.040007 0.040047 0.040124 0.040074 0.040088 0.040090 0.040036 0.020033 0.020031 0.040037 0.040069 0.040014 0.020028 0.020027 0.020023 -9999.0 -9999.0 -9999.0 -9999.0 -9999.0 -9999.0 -9999.0 -9999.0 -9999.0 -9999.0 -9999.0 -9999.0 -9999.0 -9999.0 -9999.0 -9999.0 -9999.0 -9999.0 -9999.0 -9999.0 -9999.0 -9999.0 -9999.0 -9999.0 -9999.0 -9999.0 -9999.0 -9999.0
-9999.0 -9999.0 -9999.0 -9999.0 -9999.0 -9999.0 -9999.0 -9999.0 -9999.0 -9999.0 -9999.0 -9999.0 -9999.0 0.040797 0.040185 0.040956 0.040158 0.040067 0.020047 0.040026 0.040233 0.020057 0.040081 0.040087 0.040089 0.040245 0.020065 0.020032 0.040032 0.020027 0.040012 0.020023 0.020029 0.020021 0.020021 -9999.0 -9999.0 -9999.0 -9999.0 -9999.0 -9999.0 -9999.0 -9999.0 -9999.0 -9999.0 -9999.0 -9999.0 -9999.0 -9999.0 -9999.0 -9999.0 -9999.0 -9999.0 -9999.0 -9999.0 -9999.0 -9999.0 -9999.0 -9999.0 -9999.0 -9999.0 -9999.0 -9999.0
-9999.0 -9999.0 -9999.0 -9999.0 -9999.0 -9999.0 -9999.0 -9999.0 -9999.0 -9999.0 -9999.0 -9999.0 0.040181 0.040667 0.040933 0.040092 0.040480 0.040100 0.040052 0.020031 0.040081 0.040084 0.040091 0.040076 0.040361 0.040022 0.040071 0.040063 0.040031 0.020034 0.040011 0.020038 0.040014 0.020025 -9999.0 -9999.0 -9999.0 -9999.0 -9999.0 -9999.0 -9999.0 -9999.0 -9999.0 -9999.0 -9999.0 -9999.0 -9999.0 -9999.0 -9999.0 -9999.0 -9999.0 -9999.0 -9999.0 -9999.0 -9999.0 -9999.0 -9999.0 -9999.0 -9999.0 -9999.0 -9999.0 -9999.0 -9999.0
-9999.0 -9999.0 -9999.0 -9999.0 -9999.0 -9999.0 -9999.0 -9999.0 -9999.0 -9999.0 -9999.0 0.040100 0.040109 0.040449 0.040096 0.040092 0.020056 0.040066 0.040045 0.020034 0.040052 0.040788 0.040092 0.040029 0.040092 0.040076 0.040019 0.040070 0.040072 0.020030 0.020054 0.040019 0.020034 0.020023 0.020023 0.020018 0.040004 0.040003 0.040003 -9999.0 -9999.0 -9999.0 0.020022 -9999.0 -9999.0 -9999.0 -9999.0 -9999.0 -9999.0 -9999.0 -9999.0 -9999.0 -9999.0 -9999.0 -9999.0 -9999.0 -9999.0 -9999.0 -9999.0 -9999.0 -9999.0 -9999.0 -9999.0
-9999.0 -9999.0 -9999.0 -9999.0 -9999.0 -9999.0 -9999.0 -9999.0 -9999.0 -9999.0 -9999.0 0.040081 0.040096 0.040140 0.040212 0.040071 0.040219 0.040038 0.040048 0.040097 0.040236 0.042652 0.040083 0.040074 0.040076 0.040034 0.040056 0.040056 0.020074 0.020032 0.040022 0.040015 0.040009 0.040014 0.040007 0.040004 0.040003 0.040002 0.040002 0.020010 0.020011 0.020016 0.040007 0.020027 -9999.0 -9999.0 -9999.0 0.040630 0.040074 0.020103 0.040194 0.020099 0.020105 0.042358 0.045750 0.020123 -9999.0 -9999.0 -9999.0 -9999.0 -9999.0 -9999.0 -9999.0
-9999.0 -9999.0 -9999.0 -9999.0 -9999.0 -9999.0 -9999.0 -9999.0 -9999.0 -9999.0 -9999.0 0.040083 0.040081 0.040043 0.040389 0.040087 0.040102 0.040041 0.040054 0.040056 0.040091 0.040095 0.040085 0.040072 0.040025 0.020058 0.040088 0.040060 0.020040 0.040027 0.020032 0.040016 0.040015 0.040009 0.020020 0.040003 0.040001 0.040003 0.040005 0.020008 0.040003 0.040003 0.040007 0.040009 0.040032 -9999.0 0.020061 0.040071 0.040101 0.040588 0.040100 0.020107 0.046024 0.048372 0.047085 0.046752 -9999.0 -9999.0 -9999.0 -9999.0 -9999.0 -9999.0 -9999.0
-9999.0 -9999.0 -9999.0 -9999.0 -9999.0 -9999.0 -9999.0 -9999.0 -9999.0 -9999.0 -9999.0 -9999.0 0.040082 0.040379 0.042098 0.040167 0.040089 0.040052 0.040049 0.040037 0.040053 0.040101 0.040156 0.040084 0.040056 0.040089 0.041096 0.040022 0.040030 0.020062 0.040037 0.040018 0.040014 0.040012 0.040007 0.040004 0.040002 0.040008 0.040007 0.040002 0.040003 0.020014 0.040005 0.040054 0.020033 0.040059 0.020094 0.040065 0.040084 0.040103 0.040719 0.040362 0.041919 0.041381 0.040079 0.040080 0.041887 -9999.0 -9999.0 -9999.0 -9999.0 -9999.0 -9999.0
-9999.0 -9999.0 -9999.0 -9999.0 -9999.0 -9999.0 -9999.0 -9999.0 -9999.0 -9999.0 -9999.0 0.040382 0.040069 0.040094 0.040150 0.040163 0.040139 0.040061 0.040171 0.040005 0.040038 0.040469 0.040271 0.040086 0.040089 0.040510 0.040341 0.040022 0.040048 0.020056 0.040044 0.040035 0.040054 0.040013 0.040009 0.040004 0.040003 0.040002 0.040005 0.040002 0.040004 0.040004 0.040005 0.020018 0.040072 0.040077 0.040077 0.020108 0.020113 0.040026 0.020102 0.040068 0.040067 0.020064 0.020103 0.020068 0.020120 -9999.0 -9999.0 -9999.0 -9999.0 -9999.0 -9999.0
-9999.0 -9999.0 -9999.0 -9999.0 -9999.0 -9999.0 -9999.0 -9999.0 -9999.0 -9999.0 0.040866 0.040123 0.040888 0.040085 0.043470 0.040288 0.040098 0.040085 0.040090 0.040043 0.040228 0.040379 0.040086 0.043171 0.040367 0.040391 0.040058 0.020038 0.040086 0.040119 0.040070 0.040080 0.040037 0.040016 0.020020 0.020019 0.040003 0.040002 0.040003 0.040004 0.040003 0.020014 0.020020 0.040016 0.040047 0.020037 0.040078 0.040042 0.040089 0.040088 0.020098 0.020068 0.020076 0.020062 0.020078 0.047003 0.046706 -9999.0 -9999.0 -9999.0 -9999.0 -9999.0 -9999.0
-9999.0 -9999.0 -9999.0 -9999.0 -9999.0 -9999.0 -9999.0 -9999.0 -9999.0 0.040072 0.040595 0.040667 0.040245 0.040084 0.041467 0.040093 0.040086 0.042416 0.040037 0.040006 0.040075 0.040055 0.040062 0.040102 0.040376 0.040048 0.040039 0.040628 0.040078 0.040093 0.040040 0.040020 0.020027 0.020024 0.020024 0.020021 0.040008 0.040006 0.040006 0.040005 0.040003 0.040013 0.040012 0.040004 0.040005 0.040021 0.041053 0.040043 0.040093 0.040479 0.040094 0.020105 0.020057 0.020109 0.020114 0.040088 0.042572 0.020224 0.020197 -9999.0 -9999.0 -9999.0 -9999.0
-9999.0 -9999.0 -9999.0 -9999.0 -9999.0 -9999.0 -9999.0 -9999.0 -9999.0 0.040077 0.040072 0.040092 0.040351 0.040289 0.040385 0.040133 0.044014 0.040082 0.040022 0.040038 0.040039 0.040017 0.040256 0.040733 0.040067 0.040072 0.040098 0.040212 0.040031 0.040145 0.040058 0.040015 0.040022 0.040037 0.040016 0.020026 0.020023 0.020023 0.040009 0.040017 0.040065 0.040017 0.040051 0.040018 0.040006 0.040008 0.040005 0.040013 0.040130 0.040131 0.040090 0.040061 0.020107 0.040075 0.020082 0.040539 0.042784 0.042542 0.020222 -9999.0 -9999.0 -9999.0 -9999.0
-9999.0 -9999.0 -9999.0 -9999.0 -9999.0 -9999.0 -9999.0 -9999.0 -9999.0 -9999.0 0.040074 0.040093 0.040100 0.040095 0.040081 0.040908 0.041126 0.040210 0.040002 0.040016 0.040083 0.040057 0.041029 0.040121 0.040070 0.040184 0.040034 0.040009 0.040086 0.040076 0.040049 0.040300 0.040024 0.040018 0.040030 0.040081 0.040070 0.040028 0.020031 0.040013 0.040011 0.040079 0.040066 0.040096 0.040020 0.040010 0.040034 0.040082 0.040005 0.040030 0.040097 0.040082 0.020100 0.020111 0.040071 0.040074 0.040099 0.040375 0.044480 0.049985 -9999.0 -9999.0 -9999.0
-9999.0 -9999.0 -9999.0 -9999.0 -9999.0 -9999.0 -9999.0 -9999.0 -9999.0 -9999.0 0.040071 0.040078 0.040079 0.040601 0.040192 0.040135 0.040073 0.040079 0.040018 0.040009 0.040021 0.040052 0.040741 0.040115 0.040117 0.040012 0.040015 0.040071 0.040075 0.040023 0.040023 0.040071 0.020040 0.040020 0.040025 0.040047 0.040029 0.040019 0.040015 0.040023 0.040075 0.020122 0.040079 0.040032 0.040458 0.040102 0.040115 0.040044 0.040004 0.040016 0.040038 0.040090 0.040208 0.020107 0.020106 0.020110 0.040077 0.045267 0.040035 0.077927 -9999.0 -9999.0 -9999.0
-9999.0 -9999.0 -9999.0 -9999.0 -9999.0 -9999.0 -9999.0 -9999.0 0.041165 0.040106 0.040067 0.040071 0.040089 0.040088 0.040338 0.040068 0.040032 0.040015 0.040015 0.040015 0.040024 0.040000 0.040007 0.040031 0.040038 0.040008 0.040101 0.040072 0.040071 0.040047 0.020034 0.040025 0.040044 0.040059 0.040069 0.040021 0.040085 0.040035 0.040015 0.020093 0.020052 0.040071 0.020044 0.020038 0.020110 0.040658 0.040063 0.040430 0.040083 0.040025 0.041812 0.040131 0.040791 0.040072 0.020103 0.047691 0.020223 0.046721 0.040308 0.040041 -9999.0 -9999.0 -9999.0
-9999.0 -9999.0 -9999.0 -9999.0 -9999.0 -9999.0 -9999.0 -9999.0 0.020117 0.040362 0.040065 0.040040 0.040072 0.040101 0.040277 0.040099 0.040364 0.040233 0.040059 0.040021 0.040023 0.040001 0.040009 0.040009 0.040000 0.040008 0.040071 0.040074 0.020051 0.040059 0.040059 0.020069 0.040067 0.020093 0.040102 0.040091 0.040105 0.040079 0.040046 0.040066 0.040047 0.040016 0.020045 0.040092 0.040115 0.040092 0.020072 0.040076 0.040125 0.051301 0.040045 0.040143 0.040194 0.046842 0.040084 0.020143 0.040127 0.040141 0.040018 0.040937 0.040969 -9999.0 -9999.0
-9999.0 -9999.0 -9999.0 -9999.0 -9999.0 -9999.0 -9999.0 -9999.0 0.040075 0.040099 0.040455 0.040061 0.040080 0.020077 0.043622 0.040093 0.040023 0.040035 0.040021 0.040011 0.040034 0.040025 0.040002 0.040020 0.040009 0.040033 0.040092 0.040075 0.020034 0.040061 0.020083 0.040085 0.040051 0.040025 0.040526 0.040229 0.040082 0.040071 0.040071 0.040065 0.040062 0.020096 0.040423 0.040072 0.040068 0.040063 0.020099 0.042418 0.040078 0.040133 0.040030 0.041819 0.040098 0.040091 0.040120 0.040553 0.040124 0.040012 0.040142 0.040172 0.040970 -9999.0 -9999.0
-9999.0 -9999.0 -9999.0 -9999.0 -9999.0 -9999.0 -9999.0 -9999.0 0.020041 0.040087 0.041370 0.020057 0.043673 0.042109 0.040136 0.040027 0.040014 0.040012 0.040009 0.040078 0.040031 0.040040 0.040020 0.040012 0.040215 0.040488 0.041249 0.040064 0.041322 0.040144 0.040070 0.040087 0.040077 0.040094 0.040075 0.040064 0.040082 0.040712 0.040049 0.040059 0.040062 0.040165 0.040217 0.020096 0.040642 0.020095 0.042335 0.020105 0.043037 0.040121 0.043262 0.040190 0.040206 0.042147 0.040063 0.040018 0.040141 0.040093 0.040650 0.040984 0.040013 0.088725 -9999.0
-9999.0 -9999.0 -9999.0 -9999.0 -9999.0 -9999.0 -9999.0 -9999.0 0.040059 0.040089 0.042047 0.041893 0.045200 0.040073 0.040256 0.040029 0.040026 0.040051 0.040364 0.040171 0.040025 0.040031 0.040031 0.040010 0.040043 0.040734 0.040077 0.040959 0.040337 0.040775 0.040095 0.041897 0.040026 0.041351 0.040068 0.040079 0.040088 0.041287 0.040025 0.040083 0.040062 0.040079 0.040087 0.040082 0.040070 0.040150 0.040099 0.040117 0.040113 0.040033 0.040048 0.040016 0.040289 0.040017 0.040171 0.040186 0.041063 0.041046 0.040163 0.040015 0.040029 0.084724 -9999.0
-9999.0 -9999.0 0.040079 0.040081 0.040080 0.040087 0.040118 0.040077 0.040067 0.040101 0.040110 0.040238 0.040318 0.040602 0.040031 0.040055 0.040082 0.040091 0.040092 0.040657 0.040203 0.040019 0.040029 0.040026 0.040028 0.040019 0.040442 0.040063 0.040011 0.040712 0.040334 0.041525 0.040239 0.040065 0.040070 0.040071 0.040095 0.040523 0.040071 0.040082 0.040079 0.040067 0.040013 0.040564 0.040097 0.040110 0.040082 0.041029 0.040016 0.040003 0.040101 0.040163 0.041049 0.041055 0.041126 0.040563 0.040157 0.040118 0.040024 0.040038 0.100339 0.058505 -9999.0
-9999.0 0.040407 0.040420 0.040342 0.040094 0.041611 0.040091 0.040070 0.040068 0.040072 0.040087 0.045290 0.041400 0.095436 0.075603 0.043404 0.040091 0.040076 0.041355 0.040787 0.040065 0.040004 0.040000 0.040055 0.040012 0.040010 0.040025 0.040025 0.040010 0.040031 0.040023 0.040077 0.040079 0.040076 0.040076 0.040109 0.040084 0.040100 0.040424 0.043427 0.040088 0.040040 0.040031 0.040071 0.040051 0.040013 0.040009 0.040008 0.040078 0.040073 0.041053 0.041043 0.040123 0.040070 0.040071 0.040066 0.081495 0.090232 0.087977 0.048704 0.053484 0.055215 -9999.0
-9999.0 0.040133 0.041545 0.041311 0.043832 0.041289 0.040083 0.040062 0.040066 0.040075 0.040078 0.043438 0.048095 0.098056 0.040109 0.040091 0.040081 0.040082 0.041515 0.040166 0.040959 0.040706 0.040007 0.040012 0.040020 0.040008 0.040058 0.040027 0.040026 0.040009 0.040012 0.040009 0.040012 0.040015 0.040024 0.040022 0.040061 0.040065 0.040038 0.040030 0.040033 0.040019 0.040027 0.040029 0.040020 0.040025 0.041054 0.041120 0.041105 0.041070 0.040028 0.040058 0.075945 0.040066 0.069284 0.044495 0.048866 0.043680 0.045732 0.047541 0.052158 -9999.0 -9999.0
-9999.0 0.040098 0.040100 0.040657 0.040060 0.043059 0.043124 0.040552 0.040098 0.040130 0.044797 0.040330 0.043044 0.041475 0.044717 0.040080 0.040074 0.040090 0.040095 0.040444 0.041533 0.040483 0.048700 0.040577 0.040053 0.040018 0.040022 0.040022 0.040024 0.040025 0.040026 0.040029 0.040029 0.040000 0.040014 0.040020 0.040026 0.040086 0.040044 0.040497 0.040944 0.040057 0.041484 0.041297 0.041173 0.041100 0.040049 0.040038 0.040010 0.040007 0.071564 0.041723 0.042225 0.081676 0.042172 0.042948 0.043737 0.043495 0.043449 -9999.0 -9999.0 -9999.0 -9999.0
