user2019/resources/simulation/Vinschgau/output-maps/thetaliqL0007N0667.asc
ncols         63
nrows         48
xllcorner     598000.000000
yllcorner     5145000.000000
cellsize      1000.000000
NODATA_value  -9999.0
[rows 0 to 28 of 48, columns 0 to 62 of 63]
-9999.0 -9999.0 -9999.0 -9999.0 -9999.0 -9999.0 -9999.0 -9999.0 -9999.0 -9999.0 -9999.0 -9999.0 -9999.0 -9999.0 -9999.0 -9999.0 -9999.0 -9999.0 -9999.0 -9999.0 -9999.0 -9999.0 -9999.0 -9999.0 -9999.0 -9999.0 -9999.0 -9999.0 -9999.0 -9999.0 -9999.0 -9999.0 -9999.0 -9999.0 -9999.0 -9999.0 -9999.0 -9999.0 -9999.0 -9999.0 -9999.0 -9999.0 -9999.0 -9999.0 -9999.0 -9999.0 -9999.0 -9999.0 -9999.0 -9999.0 -9999.0 -9999.0 -9999.0 -9999.0 -9999.0 -9999.0 -9999.0 -9999.0 -9999.0 -9999.0 -9999.0 -9999.0 -9999.0
-9999.0 -9999.0 -9999.0 -9999.0 -9999.0 -9999.0 -9999.0 -9999.0 -9999.0 -9999.0 -9999.0 -9999.0 -9999.0 -9999.0 -9999.0 -9999.0 -9999.0 -9999.0 -9999.0 -9999.0 -9999.0 -9999.0 -9999.0 -9999.0 -9999.0 -9999.0 -9999.0 0.049876 0.102217 0.049908 0.109307 0.055959 0.142434 -9999.0 -9999.0 -9999.0 -9999.0 -9999.0 -9999.0 -9999.0 -9999.0 -9999.0 -9999.0 -9999.0 -9999.0 -9999.0 -9999.0 -9999.0 -9999.0 -9999.0 -9999.0 -9999.0 -9999.0 -9999.0 -9999.0 -9999.0 -9999.0 -9999.0 -9999.0 -9999.0 -9999.0 -9999.0 -9999.0
-9999.0 -9999.0 -9999.0 -9999.0 -9999.0 -9999.0 -9999.0 -9999.0 -9999.0 -9999.0 -9999.0 -9999.0 -9999.0 -9999.0 -9999.0 -9999.0 -9999.0 -9999.0 -9999.0 -9999.0 -9999.0 -9999.0 -9999.0 -9999.0 0.174927 0.168965 0.177563 0.181132 0.199730 0.133530 0.094455 -9999.0 -9999.0 -9999.0 -9999.0 -9999.0 -9999.0 -9999.0 -9999.0 -9999.0 -9999.0 -9999.0 -9999.0 -9999.0 -9999.0 -9999.0 -9999.0 -9999.0 -9999.0 -9999.0 -9999.0 -9999.0 -9999.0 -9999.0 -9999.0 -9999.0 -9999.0 -9999.0 -9999.0 -9999.0 -9999.0 -9999.0 -9999.0
-9999.0 -9999.0 -9999.0 -9999.0 -9999.0 -9999.0 -9999.0 -9999.0 -9999.0 -9999.0 -9999.0 -9999.0 -9999.0 -9999.0 -9999.0 -9999.0 -9999.0 -9999.0 -9999.0 -9999.0 -9999.0 -9999.0 -9999.0 0.168147 0.186651 0.166802 0.021652 0.020410 0.020429 0.086394 0.098220 0.093649 -9999.0 -9999.0 -9999.0 -9999.0 -9999.0 -9999.0 -9999.0 -9999.0 -9999.0 -9999.0 -9999.0 -9999.0 -9999.0 -9999.0 -9999.0 -9999.0 -9999.0 -9999.0 -9999.0 -9999.0 -9999.0 -9999.0 -9999.0 -9999.0 -9999.0 -9999.0 -9999.0 -9999.0 -9999.0 -9999.0 -9999.0
-9999.0 -9999.0 -9999.0 -9999.0 -9999.0 -9999.0 -9999.0 -9999.0 -9999.0 -9999.0 -9999.0 -9999.0 -9999.0 -9999.0 -9999.0 -9999.0 -9999.0 -9999.0 0.430000 0.166264 -9999.0 0.176934 0.186585 0.020429 0.024816 0.020405 0.318117 0.346729 0.225433 0.024077 0.104119 0.109014 0.049923 0.049926 -9999.0 -9999.0 -9999.0 -9999.0 -9999.0 -9999.0 -9999.0 -9999.0 -9999.0 -9999.0 -9999.0 -9999.0 -9999.0 -9999.0 -9999.0 -9999.0 -9999.0 -9999.0 -9999.0 -9999.0 -9999.0 -9999.0 -9999.0 -9999.0 -9999.0 -9999.0 -9999.0 -9999.0 -9999.0
-9999.0 -9999.0 -9999.0 -9999.0 -9999.0 -9999.0 -9999.0 -9999.0 -9999.0 -9999.0 -9999.0 -9999.0 -9999.0 -9999.0 -9999.0 -9999.0 -9999.0 0.151958 0.031679 0.020397 0.050008 0.430000 0.036428 0.020449 0.295006 0.024532 0.029442 0.065010 0.023899 0.430000 0.200000 0.125900 0.050019 0.049949 0.050404 0.050454 -9999.0 -9999.0 -9999.0 -9999.0 -9999.0 -9999.0 -9999.0 -9999.0 -9999.0 -9999.0 -9999.0 -9999.0 -9999.0 -9999.0 -9999.0 -9999.0 -9999.0 -9999.0 -9999.0 -9999.0 -9999.0 -9999.0 -9999.0 -9999.0 -9999.0 -9999.0 -9999.0
-9999.0 -9999.0 -9999.0 -9999.0 -9999.0 -9999.0 -9999.0 -9999.0 -9999.0 -9999.0 -9999.0 -9999.0 -9999.0 0.102050 0.052793 0.152856 0.118675 0.049984 0.153792 0.020449 0.035841 0.027183 0.020442 0.116256 0.029882 0.174590 0.020460 0.020583 0.020505 0.036005 0.200000 0.192555 0.117310 0.105794 0.050471 0.050452 -9999.0 -9999.0 -9999.0 -9999.0 -9999.0 -9999.0 -9999.0 -9999.0 -9999.0 -9999.0 -9999.0 -9999.0 -9999.0 -9999.0 -9999.0 -9999.0 -9999.0 -9999.0 -9999.0 -9999.0 -9999.0 -9999.0 -9999.0 -9999.0 -9999.0 -9999.0 -9999.0
-9999.0 -9999.0 -9999.0 -9999.0 -9999.0 -9999.0 -9999.0 -9999.0 -9999.0 -9999.0 -9999.0 -9999.0 -9999.0 0.189015 0.049454 0.140977 0.145502 0.430000 0.050006 0.026548 0.020123 0.049969 0.035142 0.027395 0.032982 0.020500 0.086126 0.050438 0.050463 0.020671 0.089999 0.093281 0.050474 0.050473 0.050472 -9999.0 -9999.0 -9999.0 -9999.0 -9999.0 -9999.0 -9999.0 -9999.0 -9999.0 -9999.0 -9999.0 -9999.0 -9999.0 -9999.0 -9999.0 -9999.0 -9999.0 -9999.0 -9999.0 -9999.0 -9999.0 -9999.0 -9999.0 -9999.0 -9999.0 -9999.0 -9999.0 -9999.0
-9999.0 -9999.0 -9999.0 -9999.0 -9999.0 -9999.0 -9999.0 -9999.0 -9999.0 -9999.0 -9999.0 -9999.0 -9999.0 0.041191 0.200000 0.239704 0.163577 0.139491 0.050019 0.191429 0.197884 0.020446 0.039158 0.031857 0.044800 0.077185 0.049909 0.050446 0.106038 0.050474 0.095602 0.050473 0.050468 0.050476 0.050478 -9999.0 -9999.0 -9999.0 -9999.0 -9999.0 -9999.0 -9999.0 -9999.0 -9999.0 -9999.0 -9999.0 -9999.0 -9999.0 -9999.0 -9999.0 -9999.0 -9999.0 -9999.0 -9999.0 -9999.0 -9999.0 -9999.0 -9999.0 -9999.0 -9999.0 -9999.0 -9999.0 -9999.0
-9999.0 -9999.0 -9999.0 -9999.0 -9999.0 -9999.0 -9999.0 -9999.0 -9999.0 -9999.0 -9999.0 -9999.0 0.020430 0.200000 0.041512 0.063001 0.430000 0.172309 0.430000 0.020405 0.036244 0.048435 0.020480 0.070196 0.430000 0.090787 0.192954 0.099357 0.129139 0.050457 0.067126 0.049898 0.113740 0.050360 -9999.0 -9999.0 -9999.0 -9999.0 -9999.0 -9999.0 -9999.0 -9999.0 -9999.0 -9999.0 -9999.0 -9999.0 -9999.0 -9999.0 -9999.0 -9999.0 -9999.0 -9999.0 -9999.0 -9999.0 -9999.0 -9999.0 -9999.0 -9999.0 -9999.0 -9999.0 -9999.0 -9999.0 -9999.0
-9999.0 -9999.0 -9999.0 -9999.0 -9999.0 -9999.0 -9999.0 -9999.0 -9999.0 -9999.0 -9999.0 0.183583 0.082886 0.430000 0.058412 0.183028 0.020457 0.379907 0.430000 0.020407 0.020210 0.430000 0.118415 0.100192 0.020593 0.114048 0.084452 0.116488 0.200000 0.050457 0.049921 0.126245 0.050071 0.050353 0.049981 0.049918 0.050707 0.050360 0.049921 -9999.0 -9999.0 -9999.0 0.050352 -9999.0 -9999.0 -9999.0 -9999.0 -9999.0 -9999.0 -9999.0 -9999.0 -9999.0 -9999.0 -9999.0 -9999.0 -9999.0 -9999.0 -9999.0 -9999.0 -9999.0 -9999.0 -9999.0 -9999.0
-9999.0 -9999.0 -9999.0 -9999.0 -9999.0 -9999.0 -9999.0 -9999.0 -9999.0 -9999.0 -9999.0 0.177035 0.075629 0.020464 0.063504 0.087503 0.051926 0.027823 0.430000 0.430000 0.200000 0.120712 0.195287 0.108630 0.122325 0.106066 0.109063 0.126478 0.049925 0.050368 0.119741 0.143237 0.095602 0.104300 0.058802 0.063876 0.054459 0.051629 0.050784 0.049939 0.049980 0.050067 0.097460 0.050360 -9999.0 -9999.0 -9999.0 0.430000 0.095844 0.049854 0.106732 0.049848 0.049874 0.430000 0.430000 0.050319 -9999.0 -9999.0 -9999.0 -9999.0 -9999.0 -9999.0 -9999.0
-9999.0 -9999.0 -9999.0 -9999.0 -9999.0 -9999.0 -9999.0 -9999.0 -9999.0 -9999.0 -9999.0 0.193390 0.170900 0.020840 0.430000 0.109510 0.103551 0.043019 0.198195 0.430000 0.430000 0.020643 0.101958 0.196447 0.102710 0.049955 0.106270 0.200000 0.050370 0.097647 0.050411 0.021269 0.111368 0.090317 0.050136 0.057614 0.020847 0.020456 0.050922 0.049983 0.050265 0.050002 0.072342 0.095024 0.085993 -9999.0 0.050266 0.106824 0.117710 0.127547 0.075300 0.049879 0.077315 0.132730 0.084766 0.114703 -9999.0 -9999.0 -9999.0 -9999.0 -9999.0 -9999.0 -9999.0
-9999.0 -9999.0 -9999.0 -9999.0 -9999.0 -9999.0 -9999.0 -9999.0 -9999.0 -9999.0 -9999.0 -9999.0 0.185952 0.430000 0.178930 0.182374 0.047695 0.043073 0.430000 0.430000 0.041323 0.020618 0.020645 0.112570 0.111216 0.103346 0.200000 0.060920 0.108520 0.049895 0.114272 0.112809 0.055595 0.098493 0.074635 0.056995 0.021019 0.020710 0.068920 0.049963 0.055972 0.049961 0.020568 0.182049 0.049930 0.104759 0.049876 0.103868 0.020935 0.112440 0.430000 0.146088 0.430000 0.430000 0.131775 0.177014 0.181764 -9999.0 -9999.0 -9999.0 -9999.0 -9999.0 -9999.0
-9999.0 -9999.0 -9999.0 -9999.0 -9999.0 -9999.0 -9999.0 -9999.0 -9999.0 -9999.0 -9999.0 0.430000 0.169962 0.061179 0.112479 0.108415 0.109514 0.047315 0.200000 0.430000 0.041118 0.043298 0.115940 0.020710 0.100274 0.119725 0.430000 0.096959 0.091843 0.049934 0.104276 0.121914 0.130886 0.106325 0.083765 0.073279 0.050275 0.020524 0.168035 0.050927 0.020476 0.020768 0.038770 0.020470 0.115187 0.095668 0.125436 0.049900 0.049888 0.020594 0.020671 0.096966 0.123640 0.020834 0.020780 0.050367 0.049859 -9999.0 -9999.0 -9999.0 -9999.0 -9999.0 -9999.0
-9999.0 -9999.0 -9999.0 -9999.0 -9999.0 -9999.0 -9999.0 -9999.0 -9999.0 -9999.0 0.430000 0.112450 0.192756 0.179438 0.192197 0.200000 0.200000 0.049884 0.241433 0.430000 0.430000 0.430000 0.020843 0.189561 0.099339 0.430000 0.021217 0.020533 0.065536 0.118962 0.120426 0.171606 0.115274 0.103530 0.050466 0.049989 0.056450 0.021112 0.020559 0.020981 0.020452 0.020633 0.050364 0.275740 0.085347 0.049945 0.117816 0.020688 0.110451 0.107961 0.020545 0.050348 0.020793 0.050363 0.050329 0.121070 0.120212 -9999.0 -9999.0 -9999.0 -9999.0 -9999.0 -9999.0
-9999.0 -9999.0 -9999.0 -9999.0 -9999.0 -9999.0 -9999.0 -9999.0 -9999.0 0.105157 0.430000 0.430000 0.115180 0.101016 0.430000 0.115371 0.105314 0.197725 0.038351 0.262601 0.430000 0.037114 0.020603 0.068380 0.430000 0.021797 0.094988 0.121841 0.020663 0.100313 0.109325 0.020118 0.050448 0.050453 0.050279 0.050381 0.110636 0.042009 0.029958 0.050848 0.033071 0.042408 0.020438 0.021433 0.020160 0.020572 0.124695 0.020578 0.020654 0.430000 0.020565 0.049869 0.050365 0.050239 0.050011 0.021172 0.134472 0.049894 0.049880 -9999.0 -9999.0 -9999.0 -9999.0
-9999.0 -9999.0 -9999.0 -9999.0 -9999.0 -9999.0 -9999.0 -9999.0 -9999.0 0.073353 0.106581 0.108244 0.200000 0.091811 0.090286 0.095245 0.199234 0.093322 0.036574 0.351769 0.430000 0.101844 0.430000 0.191505 0.021733 0.089218 0.095769 0.095726 0.088826 0.430000 0.058562 0.021522 0.113679 0.100873 0.120609 0.049993 0.049940 0.049948 0.065653 0.114629 0.430000 0.021463 0.040398 0.058321 0.325575 0.238364 0.043040 0.020510 0.020549 0.100576 0.020118 0.020781 0.050287 0.099423 0.050322 0.430000 0.021246 0.126501 0.049910 -9999.0 -9999.0 -9999.0 -9999.0
-9999.0 -9999.0 -9999.0 -9999.0 -9999.0 -9999.0 -9999.0 -9999.0 -9999.0 -9999.0 0.104550 0.118341 0.120862 0.430000 0.020550 0.088536 0.096081 0.083561 0.035441 0.239589 0.430000 0.020557 0.050818 0.021292 0.088969 0.091483 0.085915 0.096564 0.059896 0.070234 0.022527 0.430000 0.021503 0.101484 0.126210 0.138124 0.156426 0.183226 0.049905 0.102548 0.081842 0.187922 0.200000 0.021321 0.021672 0.053349 0.021007 0.430000 0.020520 0.020621 0.020118 0.020571 0.049853 0.050282 0.162118 0.105391 0.188053 0.200000 0.020811 0.097869 -9999.0 -9999.0 -9999.0
-9999.0 -9999.0 -9999.0 -9999.0 -9999.0 -9999.0 -9999.0 -9999.0 -9999.0 -9999.0 0.110387 0.112629 0.182599 0.116965 0.430000 0.034803 0.041627 0.383508 0.156538 0.205438 0.177744 0.037782 0.041990 0.073923 0.084050 0.074901 0.430000 0.052646 0.062952 0.022263 0.102862 0.197280 0.020542 0.094116 0.100620 0.186078 0.200000 0.110703 0.020827 0.096575 0.114608 0.049882 0.119120 0.101881 0.430000 0.020119 0.118163 0.021628 0.020848 0.020610 0.020647 0.020708 0.120157 0.049850 0.050350 0.049859 0.094063 0.021299 0.052035 0.430000 -9999.0 -9999.0 -9999.0
-9999.0 -9999.0 -9999.0 -9999.0 -9999.0 -9999.0 -9999.0 -9999.0 0.194768 0.114748 0.058036 0.188576 0.145550 0.120044 0.052713 0.430000 0.028512 0.103119 0.213825 0.199027 0.147835 0.030107 0.034753 0.030809 0.046620 0.430000 0.430000 0.065437 0.126266 0.021258 0.050420 0.108966 0.111065 0.101270 0.116156 0.083023 0.113721 0.114604 0.021898 0.049887 0.050258 0.188539 0.020671 0.050413 0.049892 0.200000 0.022421 0.120413 0.021535 0.430000 0.041225 0.020118 0.121968 0.020903 0.049890 0.083674 0.049895 0.200000 0.020666 0.042639 -9999.0 -9999.0 -9999.0
-9999.0 -9999.0 -9999.0 -9999.0 -9999.0 -9999.0 -9999.0 -9999.0 0.027413 0.117087 0.020743 0.099188 0.103647 0.200000 0.055030 0.048237 0.040871 0.034126 0.020123 0.186889 0.417697 0.341347 0.430000 0.099692 0.026207 0.430000 0.430000 0.128651 0.020596 0.112168 0.109242 0.049920 0.122828 0.049866 0.195489 0.194947 0.137357 0.121027 0.020820 0.117117 0.102012 0.050512 0.050350 0.118914 0.200000 0.122344 0.020641 0.109167 0.021438 0.049109 0.042147 0.125001 0.057809 0.125334 0.074795 0.020487 0.020692 0.020704 0.020647 0.430000 0.197652 -9999.0 -9999.0
-9999.0 -9999.0 -9999.0 -9999.0 -9999.0 -9999.0 -9999.0 -9999.0 0.103446 0.200000 0.059108 0.020914 0.200000 0.020674 0.107148 0.020849 0.037613 0.038077 0.023824 0.418848 0.187254 0.303096 0.367877 0.216032 0.398468 0.041868 0.047736 0.059464 0.020519 0.117419 0.049912 0.200000 0.114609 0.020558 0.197876 0.147708 0.020816 0.021146 0.021728 0.020906 0.112186 0.049866 0.191515 0.200000 0.116079 0.181582 0.049880 0.183447 0.114104 0.021761 0.430000 0.041941 0.021119 0.021206 0.020693 0.132000 0.125989 0.115751 0.035177 0.411984 0.335876 -9999.0 -9999.0
-9999.0 -9999.0 -9999.0 -9999.0 -9999.0 -9999.0 -9999.0 -9999.0 0.050407 0.118962 0.430000 0.020534 0.200000 0.430000 0.020119 0.041445 0.020229 0.023817 0.418796 0.162199 0.186305 0.183556 0.264662 0.258900 0.173946 0.044886 0.053177 0.021201 0.190299 0.020662 0.020673 0.020704 0.020498 0.121893 0.020569 0.089358 0.097944 0.051180 0.021264 0.020821 0.106768 0.120554 0.123671 0.049907 0.176313 0.049883 0.068472 0.049888 0.089010 0.020660 0.054337 0.041943 0.040515 0.430000 0.129640 0.135816 0.041263 0.426760 0.288546 0.339911 0.408273 0.426378 -9999.0
-9999.0 -9999.0 -9999.0 -9999.0 -9999.0 -9999.0 -9999.0 -9999.0 0.168695 0.193412 0.430000 0.021142 0.021119 0.047338 0.200000 0.430000 0.430000 0.043569 0.046308 0.035380 0.128423 0.175775 0.169936 0.168536 0.089746 0.037415 0.046765 0.094861 0.087247 0.114028 0.021026 0.114588 0.020645 0.120523 0.020564 0.020567 0.020704 0.049960 0.021222 0.125327 0.020673 0.020516 0.020658 0.020521 0.020719 0.112929 0.020685 0.020700 0.020626 0.020594 0.020536 0.025861 0.034307 0.068759 0.178186 0.430000 0.429087 0.413987 0.412468 0.034958 0.038681 0.429470 -9999.0
-9999.0 -9999.0 0.060098 0.185143 0.200000 0.098611 0.129579 0.117246 0.195201 0.193902 0.123199 0.430000 0.049501 0.132220 0.198993 0.430000 0.021357 0.063911 0.105953 0.047453 0.031933 0.117363 0.239243 0.150154 0.179073 0.028167 0.033560 0.039589 0.038146 0.200000 0.043979 0.045722 0.430000 0.043007 0.106570 0.049077 0.102271 0.046711 0.021200 0.021306 0.020659 0.020630 0.020816 0.039500 0.020927 0.020631 0.099940 0.430000 0.020534 0.046749 0.029239 0.271921 0.429515 0.430000 0.430000 0.430000 0.430000 0.430000 0.045175 0.045053 0.430000 0.430000 -9999.0
-9999.0 0.092824 0.106711 0.107255 0.091733 0.121540 0.132388 0.114544 0.115035 0.110615 0.123482 0.058828 0.430000 0.430000 0.430000 0.021880 0.129497 0.108297 0.430000 0.043663 0.030131 0.034939 0.429533 0.170276 0.221112 0.161358 0.246893 0.259490 0.052320 0.430000 0.036286 0.046927 0.112357 0.430000 0.090101 0.430000 0.085192 0.039260 0.430000 0.430000 0.091795 0.102989 0.037248 0.038632 0.035001 0.031772 0.430000 0.029879 0.037389 0.184292 0.352071 0.429982 0.430000 0.430000 0.430000 0.430000 0.430000 0.430000 0.430000 0.430000 0.430000 0.430000 -9999.0
-9999.0 0.199834 0.117596 0.110962 0.430000 0.123593 0.050304 0.100794 0.178052 0.058085 0.108027 0.051746 0.049369 0.430000 0.021741 0.066428 0.021135 0.097484 0.120233 0.045255 0.430000 0.430000 0.430000 0.350246 0.417391 0.346013 0.091040 0.198245 0.241977 0.025804 0.021058 0.021304 0.430000 0.430000 0.430000 0.430000 0.428803 0.424542 0.430000 0.374821 0.430000 0.430000 0.106349 0.123002 0.093475 0.020507 0.255994 0.285818 0.422172 0.430000 0.430000 0.430000 0.430000 0.430000 0.051561 0.430000 0.055745 0.430000 0.060144 0.430000 0.430000 -9999.0 -9999.0
-9999.0 0.063549 0.122711 0.049551 0.039679 0.430000 0.430000 0.047990 0.107870 0.110010 0.113725 0.047651 0.108152 0.430000 0.063223 0.068722 0.114310 0.125762 0.057823 0.049372 0.046126 0.042702 0.148427 0.430000 0.430000 0.372718 0.430000 0.430000 0.170271 0.261598 0.164434 0.160604 0.430000 0.430000 0.430000 0.262968 0.430000 0.429775 0.429959 0.253030 0.197584 0.430000 0.430000 0.162410 0.160186 0.430000 0.300857 0.430000 0.430000 0.430000 0.047803 0.430000 0.430000 0.430000 0.430000 0.430000 0.430000 0.430000 0.430000 -9999.0 -9999.0 -9999.0 -9999.0
