user2019/resources/simulation/Vinschgau/output-maps/thetaliqL0003N1075.asc
ncols         63
nrows         48
xllcorner     598000.000000
yllcorner     5145000.000000
cellsize      1000.000000
NODATA_value  -9999.0
[rows 0 to 28 of 48, columns 0 to 62 of 63]
-9999.0 -9999.0 -9999.0 -9999.0 -9999.0 -9999.0 -9999.0 -9999.0 -9999.0 -9999.0 -9999.0 -9999.0 -9999.0 -9999.0 -9999.0 -9999.0 -9999.0 -9999.0 -9999.0 -9999.0 -9999.0 -9999.0 -9999.0 -9999.0 -9999.0 -9999.0 -9999.0 -9999.0 -9999.0 -9999.0 -9999.0 -9999.0 -9999.0 -9999.0 -9999.0 -9999.0 -9999.0 -9999.0 -9999.0 -9999.0 -9999.0 -9999.0 -9999.0 -9999.0 -9999.0 -9999.0 -9999.0 -9999.0 -9999.0 -9999.0 -9999.0 -9999.0 -9999.0 -9999.0 -9999.0 -9999.0 -9999.0 -9999.0 -9999.0 -9999.0 -9999.0 -9999.0 -9999.0
-9999.0 -9999.0 -9999.0 -9999.0 -9999.0 -9999.0 -9999.0 -9999.0 -9999.0 -9999.0 -9999.0 -9999.0 -9999.0 -9999.0 -9999.0 -9999.0 -9999.0 -9999.0 -9999.0 -9999.0 -9999.0 -9999.0 -9999.0 -9999.0 -9999.0 -9999.0 -9999.0 0.089411 0.053594 0.020060 0.040018 0.040014 0.040019 -9999.0 -9999.0 -9999.0 -9999.0 -9999.0 -9999.0 -9999.0 -9999.0 -9999.0 -9999.0 -9999.0 -9999.0 -9999.0 -9999.0 -9999.0 -9999.0 -9999.0 -9999.0 -9999.0 -9999.0 -9999.0 -9999.0 -9999.0 -9999.0 -9999.0 -9999.0 -9999.0 -9999.0 -9999.0 -9999.0
-9999.0 -9999.0 -9999.0 -9999.0 -9999.0 -9999.0 -9999.0 -9999.0 -9999.0 -9999.0 -9999.0 -9999.0 -9999.0 -9999.0 -9999.0 -9999.0 -9999.0 -9999.0 -9999.0 -9999.0 -9999.0 -9999.0 -9999.0 -9999.0 0.050968 0.058244 0.139716 0.103168 0.051101 0.049635 0.040017 -9999.0 -9999.0 -9999.0 -9999.0 -9999.0 -9999.0 -9999.0 -9999.0 -9999.0 -9999.0 -9999.0 -9999.0 -9999.0 -9999.0 -9999.0 -9999.0 -9999.0 -9999.0 -9999.0 -9999.0 -9999.0 -9999.0 -9999.0 -9999.0 -9999.0 -9999.0 -9999.0 -9999.0 -9999.0 -9999.0 -9999.0 -9999.0
-9999.0 -9999.0 -9999.0 -9999.0 -9999.0 -9999.0 -9999.0 -9999.0 -9999.0 -9999.0 -9999.0 -9999.0 -9999.0 -9999.0 -9999.0 -9999.0 -9999.0 -9999.0 -9999.0 -9999.0 -9999.0 -9999.0 -9999.0 0.164227 0.514586 0.180043 0.143539 0.076194 0.337470 0.147685 0.040150 0.040018 -9999.0 -9999.0 -9999.0 -9999.0 -9999.0 -9999.0 -9999.0 -9999.0 -9999.0 -9999.0 -9999.0 -9999.0 -9999.0 -9999.0 -9999.0 -9999.0 -9999.0 -9999.0 -9999.0 -9999.0 -9999.0 -9999.0 -9999.0 -9999.0 -9999.0 -9999.0 -9999.0 -9999.0 -9999.0 -9999.0 -9999.0
-9999.0 -9999.0 -9999.0 -9999.0 -9999.0 -9999.0 -9999.0 -9999.0 -9999.0 -9999.0 -9999.0 -9999.0 -9999.0 -9999.0 -9999.0 -9999.0 -9999.0 -9999.0 0.371059 0.519906 -9999.0 0.516454 0.516526 0.154290 0.212181 0.075979 0.351740 0.379508 0.446198 0.140365 0.081710 0.040037 0.020077 0.020066 -9999.0 -9999.0 -9999.0 -9999.0 -9999.0 -9999.0 -9999.0 -9999.0 -9999.0 -9999.0 -9999.0 -9999.0 -9999.0 -9999.0 -9999.0 -9999.0 -9999.0 -9999.0 -9999.0 -9999.0 -9999.0 -9999.0 -9999.0 -9999.0 -9999.0 -9999.0 -9999.0 -9999.0 -9999.0
-9999.0 -9999.0 -9999.0 -9999.0 -9999.0 -9999.0 -9999.0 -9999.0 -9999.0 -9999.0 -9999.0 -9999.0 -9999.0 -9999.0 -9999.0 -9999.0 -9999.0 0.074936 0.080495 0.022796 0.183852 0.071236 0.142610 0.370989 0.344851 0.127544 0.040618 0.122711 0.047939 0.463006 0.518974 0.066103 0.020107 0.102542 0.020068 0.020051 -9999.0 -9999.0 -9999.0 -9999.0 -9999.0 -9999.0 -9999.0 -9999.0 -9999.0 -9999.0 -9999.0 -9999.0 -9999.0 -9999.0 -9999.0 -9999.0 -9999.0 -9999.0 -9999.0 -9999.0 -9999.0 -9999.0 -9999.0 -9999.0 -9999.0 -9999.0 -9999.0
-9999.0 -9999.0 -9999.0 -9999.0 -9999.0 -9999.0 -9999.0 -9999.0 -9999.0 -9999.0 -9999.0 -9999.0 -9999.0 0.520000 0.337217 0.100032 0.074929 0.022441 0.075965 0.075138 0.153885 0.271794 0.183008 0.350002 0.092110 0.519909 0.020096 0.040029 0.050966 0.070469 0.040073 0.055767 0.040038 0.040021 0.020035 0.020050 -9999.0 -9999.0 -9999.0 -9999.0 -9999.0 -9999.0 -9999.0 -9999.0 -9999.0 -9999.0 -9999.0 -9999.0 -9999.0 -9999.0 -9999.0 -9999.0 -9999.0 -9999.0 -9999.0 -9999.0 -9999.0 -9999.0 -9999.0 -9999.0 -9999.0 -9999.0 -9999.0
-9999.0 -9999.0 -9999.0 -9999.0 -9999.0 -9999.0 -9999.0 -9999.0 -9999.0 -9999.0 -9999.0 -9999.0 -9999.0 0.506554 0.124349 0.085005 0.076332 0.198384 0.022433 0.082348 0.075326 0.127990 0.188681 0.308523 0.466114 0.065738 0.059215 0.020051 0.032721 0.040050 0.040026 0.047190 0.020087 0.020020 0.020032 -9999.0 -9999.0 -9999.0 -9999.0 -9999.0 -9999.0 -9999.0 -9999.0 -9999.0 -9999.0 -9999.0 -9999.0 -9999.0 -9999.0 -9999.0 -9999.0 -9999.0 -9999.0 -9999.0 -9999.0 -9999.0 -9999.0 -9999.0 -9999.0 -9999.0 -9999.0 -9999.0 -9999.0
-9999.0 -9999.0 -9999.0 -9999.0 -9999.0 -9999.0 -9999.0 -9999.0 -9999.0 -9999.0 -9999.0 -9999.0 -9999.0 0.094558 0.520000 0.086490 0.084170 0.078113 0.022415 0.075567 0.230831 0.137933 0.159409 0.060607 0.335279 0.215539 0.187536 0.020171 0.040018 0.020022 0.040022 0.020020 0.020019 0.020016 0.020037 -9999.0 -9999.0 -9999.0 -9999.0 -9999.0 -9999.0 -9999.0 -9999.0 -9999.0 -9999.0 -9999.0 -9999.0 -9999.0 -9999.0 -9999.0 -9999.0 -9999.0 -9999.0 -9999.0 -9999.0 -9999.0 -9999.0 -9999.0 -9999.0 -9999.0 -9999.0 -9999.0 -9999.0
-9999.0 -9999.0 -9999.0 -9999.0 -9999.0 -9999.0 -9999.0 -9999.0 -9999.0 -9999.0 -9999.0 -9999.0 0.191215 0.520000 0.108104 0.282355 0.148560 0.097974 0.166498 0.022233 0.229258 0.086637 0.056529 0.065291 0.040064 0.057984 0.040028 0.040193 0.040038 0.020040 0.040006 0.020076 0.040018 0.020049 -9999.0 -9999.0 -9999.0 -9999.0 -9999.0 -9999.0 -9999.0 -9999.0 -9999.0 -9999.0 -9999.0 -9999.0 -9999.0 -9999.0 -9999.0 -9999.0 -9999.0 -9999.0 -9999.0 -9999.0 -9999.0 -9999.0 -9999.0 -9999.0 -9999.0 -9999.0 -9999.0 -9999.0 -9999.0
-9999.0 -9999.0 -9999.0 -9999.0 -9999.0 -9999.0 -9999.0 -9999.0 -9999.0 -9999.0 -9999.0 0.520000 0.262090 0.520000 0.124759 0.444962 0.022145 0.098067 0.280108 0.126859 0.077222 0.365366 0.516221 0.101137 0.040061 0.040072 0.040048 0.040049 0.040054 0.020046 0.020072 0.040039 0.020035 0.020065 0.020033 0.020055 0.040051 0.048981 0.040025 -9999.0 -9999.0 -9999.0 0.020057 -9999.0 -9999.0 -9999.0 -9999.0 -9999.0 -9999.0 -9999.0 -9999.0 -9999.0 -9999.0 -9999.0 -9999.0 -9999.0 -9999.0 -9999.0 -9999.0 -9999.0 -9999.0 -9999.0 -9999.0
-9999.0 -9999.0 -9999.0 -9999.0 -9999.0 -9999.0 -9999.0 -9999.0 -9999.0 -9999.0 -9999.0 0.520000 0.209919 0.123090 0.074065 0.479372 0.070186 0.075458 0.192984 0.217550 0.312866 0.520000 0.368512 0.040046 0.040018 0.050562 0.050920 0.040088 0.020070 0.020063 0.040022 0.051077 0.040014 0.040015 0.040020 0.040042 0.050423 0.058062 0.058055 0.020069 0.020074 0.020059 0.040019 0.020101 -9999.0 -9999.0 -9999.0 0.040013 0.040011 0.020042 0.040024 0.020035 0.020034 0.040014 0.040014 0.020032 -9999.0 -9999.0 -9999.0 -9999.0 -9999.0 -9999.0 -9999.0
-9999.0 -9999.0 -9999.0 -9999.0 -9999.0 -9999.0 -9999.0 -9999.0 -9999.0 -9999.0 -9999.0 0.519935 0.520000 0.130660 0.430594 0.450664 0.325542 0.090807 0.132266 0.186416 0.211597 0.127191 0.040029 0.104258 0.053661 0.097534 0.040019 0.040021 0.091306 0.040011 0.028436 0.040017 0.040117 0.040016 0.020042 0.041383 0.040026 0.040030 0.338106 0.060057 0.040030 0.040026 0.040116 0.044627 0.040016 -9999.0 0.020042 0.040017 0.040020 0.040039 0.052034 0.020074 0.040183 0.040033 0.040022 0.040016 -9999.0 -9999.0 -9999.0 -9999.0 -9999.0 -9999.0 -9999.0
-9999.0 -9999.0 -9999.0 -9999.0 -9999.0 -9999.0 -9999.0 -9999.0 -9999.0 -9999.0 -9999.0 -9999.0 0.519896 0.050478 0.480443 0.480726 0.228869 0.093136 0.221428 0.205613 0.134678 0.217773 0.040060 0.040024 0.040035 0.040036 0.518459 0.057636 0.040018 0.020108 0.047660 0.040019 0.053877 0.040029 0.040021 0.040030 0.040019 0.040033 0.350641 0.210164 0.054838 0.188607 0.040025 0.056891 0.027564 0.040012 0.020046 0.040013 0.040013 0.040023 0.054748 0.040020 0.040019 0.040015 0.040013 0.040017 0.040019 -9999.0 -9999.0 -9999.0 -9999.0 -9999.0 -9999.0
-9999.0 -9999.0 -9999.0 -9999.0 -9999.0 -9999.0 -9999.0 -9999.0 -9999.0 -9999.0 -9999.0 0.040030 0.518493 0.520000 0.040958 0.151828 0.381164 0.130295 0.211240 0.113797 0.106151 0.310505 0.059065 0.040040 0.040045 0.040038 0.040025 0.040194 0.040107 0.114651 0.040019 0.040028 0.056771 0.040020 0.040013 0.040023 0.054500 0.040061 0.109800 0.329390 0.040252 0.077852 0.040092 0.020088 0.451460 0.046349 0.040032 0.119841 0.188649 0.066002 0.020045 0.040134 0.040011 0.020026 0.020023 0.020021 0.020053 -9999.0 -9999.0 -9999.0 -9999.0 -9999.0 -9999.0
-9999.0 -9999.0 -9999.0 -9999.0 -9999.0 -9999.0 -9999.0 -9999.0 -9999.0 -9999.0 0.519468 0.040137 0.518616 0.519895 0.520000 0.058013 0.055599 0.137297 0.093055 0.118549 0.277945 0.378483 0.040293 0.520000 0.057364 0.040047 0.040056 0.020033 0.059860 0.204262 0.040040 0.040038 0.056942 0.040018 0.020048 0.028266 0.052572 0.040022 0.040156 0.324751 0.515203 0.184688 0.194390 0.391999 0.040196 0.125652 0.073148 0.040026 0.040042 0.077030 0.020029 0.020043 0.020021 0.020018 0.020019 0.040017 0.040019 -9999.0 -9999.0 -9999.0 -9999.0 -9999.0 -9999.0
-9999.0 -9999.0 -9999.0 -9999.0 -9999.0 -9999.0 -9999.0 -9999.0 -9999.0 0.054685 0.183868 0.040034 0.040050 0.040299 0.040293 0.040700 0.058904 0.458601 0.086204 0.098593 0.251433 0.134986 0.165823 0.421005 0.136872 0.040068 0.040031 0.517141 0.040633 0.051709 0.161005 0.040056 0.077732 0.020020 0.020071 0.020336 0.048457 0.040018 0.040029 0.040096 0.040090 0.040370 0.040422 0.147666 0.350180 0.063966 0.520000 0.040201 0.040199 0.173502 0.040050 0.020056 0.020017 0.020025 0.020032 0.040012 0.040014 0.020119 0.020038 -9999.0 -9999.0 -9999.0 -9999.0
-9999.0 -9999.0 -9999.0 -9999.0 -9999.0 -9999.0 -9999.0 -9999.0 -9999.0 0.050530 0.056797 0.377230 0.520000 0.083578 0.056731 0.040264 0.520000 0.399887 0.081176 0.159093 0.195728 0.105964 0.398657 0.520000 0.040107 0.040045 0.040384 0.065012 0.493034 0.463872 0.518787 0.040041 0.040030 0.040017 0.040021 0.039512 0.084444 0.149145 0.055306 0.057429 0.040022 0.040057 0.042120 0.495200 0.245697 0.359284 0.412907 0.518201 0.087651 0.190801 0.040024 0.040010 0.020026 0.040006 0.020029 0.040009 0.040016 0.040026 0.102080 -9999.0 -9999.0 -9999.0 -9999.0
-9999.0 -9999.0 -9999.0 -9999.0 -9999.0 -9999.0 -9999.0 -9999.0 -9999.0 -9999.0 0.048296 0.079724 0.040113 0.040205 0.107090 0.059728 0.082755 0.357537 0.077094 0.131384 0.224325 0.078580 0.082415 0.040363 0.040052 0.040191 0.199618 0.520000 0.519933 0.040060 0.040044 0.040023 0.040019 0.040019 0.040119 0.056800 0.345768 0.058878 0.090154 0.040023 0.048854 0.398909 0.520000 0.064319 0.107064 0.139411 0.200719 0.371083 0.317130 0.177933 0.040047 0.040016 0.020032 0.020026 0.040006 0.040024 0.040043 0.040049 0.040060 0.068428 -9999.0 -9999.0 -9999.0
-9999.0 -9999.0 -9999.0 -9999.0 -9999.0 -9999.0 -9999.0 -9999.0 -9999.0 -9999.0 0.040033 0.067636 0.516678 0.060271 0.520000 0.155099 0.113506 0.115807 0.085992 0.074243 0.078987 0.103552 0.072753 0.055966 0.061067 0.519967 0.482916 0.118734 0.040082 0.040021 0.050646 0.051354 0.020033 0.040016 0.051027 0.071611 0.040049 0.040037 0.040017 0.040028 0.040028 0.129267 0.040024 0.174123 0.517785 0.040351 0.079250 0.108102 0.177051 0.394263 0.129409 0.040053 0.040015 0.020025 0.020023 0.020026 0.040025 0.040067 0.520000 0.520000 -9999.0 -9999.0 -9999.0
-9999.0 -9999.0 -9999.0 -9999.0 -9999.0 -9999.0 -9999.0 -9999.0 0.051138 0.048781 0.040029 0.042962 0.040024 0.040079 0.051025 0.285674 0.086305 0.092894 0.094446 0.071980 0.073221 0.074981 0.080912 0.103044 0.282831 0.382208 0.424950 0.040166 0.040037 0.040022 0.020022 0.040023 0.044981 0.040026 0.040031 0.057869 0.520000 0.042102 0.040030 0.049696 0.123273 0.057563 0.020046 0.079833 0.189952 0.519902 0.040033 0.040147 0.126511 0.435842 0.507306 0.040196 0.040014 0.040009 0.020029 0.040015 0.020390 0.519904 0.519962 0.241912 -9999.0 -9999.0 -9999.0
-9999.0 -9999.0 -9999.0 -9999.0 -9999.0 -9999.0 -9999.0 -9999.0 0.020035 0.040020 0.040028 0.040058 0.058357 0.040034 0.040133 0.130757 0.111305 0.095246 0.072868 0.071899 0.162419 0.107023 0.101283 0.077417 0.080476 0.155938 0.361769 0.040673 0.020033 0.040017 0.040015 0.079950 0.040037 0.090348 0.059366 0.286552 0.520000 0.057568 0.040040 0.112194 0.049732 0.040010 0.101399 0.055555 0.357350 0.040023 0.020038 0.094590 0.048460 0.354846 0.482680 0.056175 0.040013 0.040028 0.053968 0.020057 0.040047 0.078848 0.470434 0.274431 0.077588 -9999.0 -9999.0
-9999.0 -9999.0 -9999.0 -9999.0 -9999.0 -9999.0 -9999.0 -9999.0 0.049144 0.056476 0.040145 0.040019 0.046630 0.020049 0.040033 0.040169 0.203393 0.137026 0.073761 0.151894 0.071360 0.083537 0.087327 0.073420 0.151504 0.102290 0.370077 0.040087 0.020029 0.047843 0.106926 0.057705 0.040048 0.040040 0.437064 0.519952 0.054172 0.520000 0.041180 0.040026 0.056078 0.114050 0.055440 0.055200 0.040028 0.057176 0.042505 0.053123 0.040041 0.092727 0.342606 0.261474 0.040021 0.040014 0.040054 0.040126 0.520000 0.456384 0.219349 0.289184 0.210921 -9999.0 -9999.0
-9999.0 -9999.0 -9999.0 -9999.0 -9999.0 -9999.0 -9999.0 -9999.0 0.020047 0.058891 0.040040 0.020030 0.090719 0.040047 0.040046 0.282691 0.076251 0.075084 0.202239 0.073848 0.072981 0.073232 0.092277 0.077769 0.095919 0.229488 0.048584 0.040043 0.518133 0.040028 0.040032 0.040032 0.080377 0.040175 0.040961 0.520000 0.445073 0.100416 0.390538 0.060281 0.517158 0.515188 0.058340 0.188727 0.061107 0.115823 0.060839 0.153362 0.058408 0.040100 0.106655 0.345230 0.395977 0.040055 0.519958 0.520000 0.335376 0.211543 0.134587 0.219052 0.235382 0.185396 -9999.0
-9999.0 -9999.0 -9999.0 -9999.0 -9999.0 -9999.0 -9999.0 -9999.0 0.040018 0.040050 0.040027 0.040061 0.040053 0.040304 0.520000 0.371917 0.378965 0.114902 0.194605 0.094133 0.079334 0.079945 0.075025 0.075731 0.173978 0.175031 0.040103 0.063855 0.110872 0.041501 0.040423 0.186387 0.520000 0.443287 0.210806 0.391054 0.204761 0.081485 0.076910 0.444528 0.518617 0.155776 0.107986 0.095425 0.040067 0.519597 0.041407 0.040063 0.050466 0.170997 0.443683 0.173679 0.278635 0.357222 0.520000 0.520000 0.375313 0.287685 0.260378 0.207692 0.111624 0.197815 -9999.0
-9999.0 -9999.0 0.059676 0.053354 0.040012 0.040051 0.040020 0.040014 0.040015 0.040024 0.040023 0.040112 0.042640 0.059311 0.472794 0.499085 0.089258 0.040088 0.040480 0.157619 0.094760 0.091907 0.218373 0.074438 0.081563 0.103196 0.135031 0.174741 0.226238 0.490270 0.086524 0.263446 0.363360 0.118329 0.245238 0.091345 0.095164 0.074742 0.075292 0.079060 0.152312 0.255689 0.156300 0.374011 0.133939 0.172736 0.471357 0.324697 0.326027 0.305477 0.166235 0.210343 0.330773 0.369851 0.439485 0.411707 0.359320 0.293104 0.293867 0.141959 0.319177 0.217569 -9999.0
-9999.0 0.040038 0.040023 0.040023 0.040044 0.040025 0.040035 0.040025 0.040016 0.040015 0.040044 0.040150 0.163714 0.520000 0.520000 0.040346 0.040040 0.040047 0.040049 0.098457 0.100050 0.093255 0.353037 0.137759 0.080037 0.081087 0.129971 0.170442 0.131936 0.258790 0.147995 0.156642 0.192332 0.213231 0.077075 0.085343 0.072714 0.072202 0.081729 0.107182 0.075380 0.077464 0.102195 0.083839 0.089683 0.087243 0.210060 0.077944 0.082649 0.118662 0.228785 0.297806 0.360586 0.404750 0.428533 0.520000 0.400973 0.373341 0.520000 0.461368 0.348070 0.222180 -9999.0
-9999.0 0.519343 0.040266 0.040074 0.519767 0.040395 0.040030 0.040020 0.040018 0.040017 0.040031 0.040086 0.340881 0.520000 0.043738 0.040019 0.040028 0.040037 0.040094 0.074073 0.520000 0.265595 0.164876 0.349606 0.288338 0.166704 0.074219 0.073823 0.127255 0.073664 0.072644 0.073128 0.145334 0.130734 0.142065 0.086443 0.133635 0.116740 0.072810 0.071916 0.072426 0.077854 0.071392 0.072534 0.071518 0.071472 0.088750 0.122492 0.143803 0.186889 0.253484 0.239785 0.346106 0.520000 0.520000 0.062675 0.043238 0.045961 0.051903 0.040931 0.066465 -9999.0 -9999.0
-9999.0 0.516248 0.040055 0.041452 0.395151 0.519961 0.519667 0.040056 0.040045 0.040049 0.040048 0.076597 0.508635 0.520000 0.040065 0.040015 0.040021 0.040045 0.040058 0.049768 0.041209 0.065540 0.194928 0.331922 0.317954 0.220970 0.201741 0.187045 0.074082 0.116072 0.071904 0.071345 0.122248 0.116108 0.090665 0.076561 0.075328 0.112634 0.073549 0.072737 0.072814 0.126486 0.078099 0.069644 0.069927 0.099609 0.109875 0.158789 0.214020 0.131276 0.297385 0.520000 0.074147 0.082625 0.040591 0.040084 0.040080 0.040056 0.040062 -9999.0 -9999.0 -9999.0 -9999.0
