user2019/resources/simulation/Vinschgau/output-maps/thetaliqL0008N1137.asc
ncols         63
nrows         48
xllcorner     598000.000000
yllcorner     5145000.000000
cellsize      1000.000000
NODATA_value  -9999.0
[rows 0 to 28 of 48, columns 0 to 62 of 63]
-9999.0 -9999.0 -9999.0 -9999.0 -9999.0 -9999.0 -9999.0 -9999.0 -9999.0 -9999.0 -9999.0 -9999.0 -9999.0 -9999.0 -9999.0 -9999.0 -9999.0 -9999.0 -9999.0 -9999.0 -9999.0 -9999.0 -9999.0 -9999.0 -9999.0 -9999.0 -9999.0 -9999.0 -9999.0 -9999.0 -9999.0 -9999.0 -9999.0 -9999.0 -9999.0 -9999.0 -9999.0 -9999.0 -9999.0 -9999.0 -9999.0 -9999.0 -9999.0 -9999.0 -9999.0 -9999.0 -9999.0 -9999.0 -9999.0 -9999.0 -9999.0 -9999.0 -9999.0 -9999.0 -9999.0 -9999.0 -9999.0 -9999.0 -9999.0 -9999.0 -9999.0 -9999.0 -9999.0
-9999.0 -9999.0 -9999.0 -9999.0 -9999.0 -9999.0 -9999.0 -9999.0 -9999.0 -9999.0 -9999.0 -9999.0 -9999.0 -9999.0 -9999.0 -9999.0 -9999.0 -9999.0 -9999.0 -9999.0 -9999.0 -9999.0 -9999.0 -9999.0 -9999.0 -9999.0 -9999.0 0.024667 0.021693 0.032855 0.020211 0.020328 0.020149 -9999.0 -9999.0 -9999.0 -9999.0 -9999.0 -9999.0 -9999.0 -9999.0 -9999.0 -9999.0 -9999.0 -9999.0 -9999.0 -9999.0 -9999.0 -9999.0 -9999.0 -9999.0 -9999.0 -9999.0 -9999.0 -9999.0 -9999.0 -9999.0 -9999.0 -9999.0 -9999.0 -9999.0 -9999.0 -9999.0
-9999.0 -9999.0 -9999.0 -9999.0 -9999.0 -9999.0 -9999.0 -9999.0 -9999.0 -9999.0 -9999.0 -9999.0 -9999.0 -9999.0 -9999.0 -9999.0 -9999.0 -9999.0 -9999.0 -9999.0 -9999.0 -9999.0 -9999.0 -9999.0 0.022113 0.022321 0.022181 0.022354 0.021642 0.021414 0.020784 -9999.0 -9999.0 -9999.0 -9999.0 -9999.0 -9999.0 -9999.0 -9999.0 -9999.0 -9999.0 -9999.0 -9999.0 -9999.0 -9999.0 -9999.0 -9999.0 -9999.0 -9999.0 -9999.0 -9999.0 -9999.0 -9999.0 -9999.0 -9999.0 -9999.0 -9999.0 -9999.0 -9999.0 -9999.0 -9999.0 -9999.0 -9999.0
-9999.0 -9999.0 -9999.0 -9999.0 -9999.0 -9999.0 -9999.0 -9999.0 -9999.0 -9999.0 -9999.0 -9999.0 -9999.0 -9999.0 -9999.0 -9999.0 -9999.0 -9999.0 -9999.0 -9999.0 -9999.0 -9999.0 -9999.0 0.022631 0.022931 0.104532 0.085494 0.076818 0.078040 0.022609 0.021024 0.020268 -9999.0 -9999.0 -9999.0 -9999.0 -9999.0 -9999.0 -9999.0 -9999.0 -9999.0 -9999.0 -9999.0 -9999.0 -9999.0 -9999.0 -9999.0 -9999.0 -9999.0 -9999.0 -9999.0 -9999.0 -9999.0 -9999.0 -9999.0 -9999.0 -9999.0 -9999.0 -9999.0 -9999.0 -9999.0 -9999.0 -9999.0
-9999.0 -9999.0 -9999.0 -9999.0 -9999.0 -9999.0 -9999.0 -9999.0 -9999.0 -9999.0 -9999.0 -9999.0 -9999.0 -9999.0 -9999.0 -9999.0 -9999.0 -9999.0 0.181616 0.023724 -9999.0 0.022890 0.023309 0.077632 0.085831 0.076538 0.141461 0.158460 0.169668 0.085820 0.022099 0.020916 0.020802 0.020565 -9999.0 -9999.0 -9999.0 -9999.0 -9999.0 -9999.0 -9999.0 -9999.0 -9999.0 -9999.0 -9999.0 -9999.0 -9999.0 -9999.0 -9999.0 -9999.0 -9999.0 -9999.0 -9999.0 -9999.0 -9999.0 -9999.0 -9999.0 -9999.0 -9999.0 -9999.0 -9999.0 -9999.0 -9999.0
-9999.0 -9999.0 -9999.0 -9999.0 -9999.0 -9999.0 -9999.0 -9999.0 -9999.0 -9999.0 -9999.0 -9999.0 -9999.0 -9999.0 -9999.0 -9999.0 -9999.0 0.265169 0.020129 0.076787 0.085649 0.136977 0.086011 0.078815 0.141592 0.020945 0.020918 0.086432 0.021028 0.156473 0.023640 0.022172 0.033845 0.024219 0.020584 0.020415 -9999.0 -9999.0 -9999.0 -9999.0 -9999.0 -9999.0 -9999.0 -9999.0 -9999.0 -9999.0 -9999.0 -9999.0 -9999.0 -9999.0 -9999.0 -9999.0 -9999.0 -9999.0 -9999.0 -9999.0 -9999.0 -9999.0 -9999.0 -9999.0 -9999.0 -9999.0 -9999.0
-9999.0 -9999.0 -9999.0 -9999.0 -9999.0 -9999.0 -9999.0 -9999.0 -9999.0 -9999.0 -9999.0 -9999.0 -9999.0 0.078458 0.086371 0.050313 0.027670 0.086234 0.272710 0.077578 0.086117 0.085748 0.077392 0.088938 0.021835 0.023688 0.020548 0.020329 0.021399 0.086281 0.020227 0.022079 0.021109 0.020247 0.020177 0.020350 -9999.0 -9999.0 -9999.0 -9999.0 -9999.0 -9999.0 -9999.0 -9999.0 -9999.0 -9999.0 -9999.0 -9999.0 -9999.0 -9999.0 -9999.0 -9999.0 -9999.0 -9999.0 -9999.0 -9999.0 -9999.0 -9999.0 -9999.0 -9999.0 -9999.0 -9999.0 -9999.0
-9999.0 -9999.0 -9999.0 -9999.0 -9999.0 -9999.0 -9999.0 -9999.0 -9999.0 -9999.0 -9999.0 -9999.0 -9999.0 0.107186 0.086310 0.041982 0.032700 0.179587 0.086218 0.085361 0.020138 0.086252 0.020363 0.020939 0.086305 0.047577 0.022287 0.030726 0.021534 0.020281 0.020190 0.021413 0.020990 0.020029 0.020413 -9999.0 -9999.0 -9999.0 -9999.0 -9999.0 -9999.0 -9999.0 -9999.0 -9999.0 -9999.0 -9999.0 -9999.0 -9999.0 -9999.0 -9999.0 -9999.0 -9999.0 -9999.0 -9999.0 -9999.0 -9999.0 -9999.0 -9999.0 -9999.0 -9999.0 -9999.0 -9999.0 -9999.0
-9999.0 -9999.0 -9999.0 -9999.0 -9999.0 -9999.0 -9999.0 -9999.0 -9999.0 -9999.0 -9999.0 -9999.0 -9999.0 0.086199 0.200000 0.108475 0.041029 0.037551 0.086205 0.212331 0.117233 0.078729 0.020885 0.021108 0.086430 0.086570 0.066920 0.021216 0.020589 0.020032 0.021024 0.020027 0.020026 0.020019 0.020294 -9999.0 -9999.0 -9999.0 -9999.0 -9999.0 -9999.0 -9999.0 -9999.0 -9999.0 -9999.0 -9999.0 -9999.0 -9999.0 -9999.0 -9999.0 -9999.0 -9999.0 -9999.0 -9999.0 -9999.0 -9999.0 -9999.0 -9999.0 -9999.0 -9999.0 -9999.0 -9999.0 -9999.0
-9999.0 -9999.0 -9999.0 -9999.0 -9999.0 -9999.0 -9999.0 -9999.0 -9999.0 -9999.0 -9999.0 -9999.0 0.078848 0.200000 0.086344 0.086575 0.064183 0.048447 0.166145 0.076441 0.086100 0.086171 0.021580 0.048707 0.020196 0.022238 0.020076 0.021024 0.020386 0.020746 0.020028 0.020750 0.020250 0.020343 -9999.0 -9999.0 -9999.0 -9999.0 -9999.0 -9999.0 -9999.0 -9999.0 -9999.0 -9999.0 -9999.0 -9999.0 -9999.0 -9999.0 -9999.0 -9999.0 -9999.0 -9999.0 -9999.0 -9999.0 -9999.0 -9999.0 -9999.0 -9999.0 -9999.0 -9999.0 -9999.0 -9999.0 -9999.0
-9999.0 -9999.0 -9999.0 -9999.0 -9999.0 -9999.0 -9999.0 -9999.0 -9999.0 -9999.0 -9999.0 0.041165 0.087615 0.200000 0.086433 0.109438 0.078602 0.044920 0.430000 0.076493 0.020119 0.167283 0.023625 0.022383 0.020181 0.021343 0.021044 0.021063 0.020520 0.020388 0.020741 0.021070 0.020973 0.020612 0.020641 0.021801 0.020855 0.021139 0.020269 -9999.0 -9999.0 -9999.0 0.020477 -9999.0 -9999.0 -9999.0 -9999.0 -9999.0 -9999.0 -9999.0 -9999.0 -9999.0 -9999.0 -9999.0 -9999.0 -9999.0 -9999.0 -9999.0 -9999.0 -9999.0 -9999.0 -9999.0 -9999.0
-9999.0 -9999.0 -9999.0 -9999.0 -9999.0 -9999.0 -9999.0 -9999.0 -9999.0 -9999.0 -9999.0 0.027713 0.086908 0.079412 0.086395 0.085928 0.086197 0.020119 0.428058 0.429334 0.124758 0.087862 0.023026 0.020092 0.020054 0.021541 0.021594 0.021129 0.021327 0.020611 0.020983 0.021625 0.020668 0.020160 0.020372 0.021080 0.021528 0.028270 0.021927 0.020615 0.020732 0.020568 0.020695 0.020967 -9999.0 -9999.0 -9999.0 0.040122 0.020181 0.020282 0.020200 0.020145 0.020145 0.040078 0.040059 0.020137 -9999.0 -9999.0 -9999.0 -9999.0 -9999.0 -9999.0 -9999.0
-9999.0 -9999.0 -9999.0 -9999.0 -9999.0 -9999.0 -9999.0 -9999.0 -9999.0 -9999.0 -9999.0 0.024364 0.040321 0.030288 0.171463 0.087055 0.088201 0.020174 0.119929 0.426950 0.426525 0.080657 0.020338 0.022293 0.021765 0.026859 0.020092 0.020061 0.022325 0.020381 0.021507 0.020051 0.021294 0.020278 0.020846 0.021053 0.020072 0.020089 0.059971 0.021837 0.020792 0.020842 0.020861 0.021073 0.020317 -9999.0 0.020249 0.020230 0.020421 0.021004 0.021487 0.035029 0.021124 0.020788 0.020194 0.020241 -9999.0 -9999.0 -9999.0 -9999.0 -9999.0 -9999.0 -9999.0
-9999.0 -9999.0 -9999.0 -9999.0 -9999.0 -9999.0 -9999.0 -9999.0 -9999.0 -9999.0 -9999.0 -9999.0 0.024208 0.096870 0.099898 0.103191 0.021021 0.020203 0.199404 0.427958 0.020495 0.080170 0.020318 0.020072 0.020102 0.020094 0.023199 0.021994 0.020661 0.021041 0.021393 0.020055 0.021508 0.020211 0.020223 0.020820 0.020056 0.020097 0.085958 0.032235 0.022322 0.063586 0.020070 0.022253 0.021394 0.020291 0.020324 0.020373 0.020044 0.020074 0.155331 0.020058 0.040024 0.020046 0.020039 0.020173 0.020303 -9999.0 -9999.0 -9999.0 -9999.0 -9999.0 -9999.0
-9999.0 -9999.0 -9999.0 -9999.0 -9999.0 -9999.0 -9999.0 -9999.0 -9999.0 -9999.0 -9999.0 0.020323 0.023205 0.085726 0.021249 0.087321 0.088368 0.020650 0.131320 0.400877 0.020400 0.021233 0.087528 0.020261 0.020160 0.020105 0.020155 0.021254 0.021056 0.034395 0.020090 0.020080 0.022247 0.020342 0.020315 0.020264 0.021660 0.020252 0.250559 0.085669 0.020721 0.073470 0.020318 0.020375 0.023457 0.021196 0.020398 0.037035 0.063455 0.037965 0.020069 0.021179 0.020037 0.020036 0.020031 0.020026 0.020643 -9999.0 -9999.0 -9999.0 -9999.0 -9999.0 -9999.0
-9999.0 -9999.0 -9999.0 -9999.0 -9999.0 -9999.0 -9999.0 -9999.0 -9999.0 -9999.0 0.022833 0.020415 0.023268 0.023718 0.064286 0.059191 0.040862 0.021377 0.050262 0.406599 0.430000 0.430000 0.020118 0.024787 0.087155 0.020131 0.020094 0.020047 0.022300 0.022799 0.020113 0.020106 0.022127 0.020575 0.020379 0.021568 0.021777 0.020069 0.020118 0.085043 0.078920 0.079248 0.086039 0.430000 0.073510 0.037433 0.022025 0.020170 0.020117 0.087412 0.020038 0.020247 0.020029 0.020024 0.020025 0.020896 0.020436 -9999.0 -9999.0 -9999.0 -9999.0 -9999.0 -9999.0
-9999.0 -9999.0 -9999.0 -9999.0 -9999.0 -9999.0 -9999.0 -9999.0 -9999.0 0.021668 0.022176 0.020373 0.020660 0.020776 0.020303 0.020488 0.071408 0.119181 0.020170 0.388326 0.429963 0.020491 0.020118 0.086385 0.156830 0.020127 0.020100 0.023544 0.020456 0.066102 0.087856 0.020108 0.021986 0.020037 0.020771 0.021523 0.021533 0.020081 0.020096 0.020283 0.020140 0.020361 0.020125 0.020609 0.020119 0.039125 0.061325 0.020565 0.020582 0.171212 0.020090 0.020503 0.020021 0.020079 0.020118 0.020043 0.020044 0.021039 0.020161 -9999.0 -9999.0 -9999.0 -9999.0
-9999.0 -9999.0 -9999.0 -9999.0 -9999.0 -9999.0 -9999.0 -9999.0 -9999.0 0.021667 0.022004 0.023439 0.190421 0.086949 0.050700 0.020717 0.059392 0.087308 0.020141 0.425572 0.428497 0.087191 0.171884 0.113517 0.020125 0.020180 0.020533 0.087074 0.087246 0.173098 0.036360 0.020084 0.021161 0.020441 0.020227 0.021511 0.023128 0.054770 0.021883 0.022272 0.020062 0.020105 0.021249 0.087007 0.427365 0.130616 0.086445 0.079121 0.077540 0.087398 0.020056 0.020035 0.020072 0.020053 0.020067 0.020033 0.020058 0.020052 0.022628 -9999.0 -9999.0 -9999.0 -9999.0
-9999.0 -9999.0 -9999.0 -9999.0 -9999.0 -9999.0 -9999.0 -9999.0 -9999.0 -9999.0 0.021391 0.022104 0.021704 0.365370 0.079716 0.071748 0.087238 0.086911 0.020128 0.410985 0.429348 0.020118 0.022370 0.020118 0.020285 0.085247 0.087013 0.090162 0.038725 0.020113 0.020090 0.020066 0.020059 0.020422 0.020814 0.022257 0.023004 0.022413 0.023072 0.021045 0.021493 0.022797 0.065123 0.047853 0.020128 0.022251 0.020122 0.176942 0.078220 0.079940 0.020093 0.020046 0.020105 0.020069 0.020056 0.020165 0.020472 0.020134 0.020178 0.086860 -9999.0 -9999.0 -9999.0
-9999.0 -9999.0 -9999.0 -9999.0 -9999.0 -9999.0 -9999.0 -9999.0 -9999.0 -9999.0 0.020279 0.021772 0.022966 0.063045 0.430000 0.020792 0.021096 0.057360 0.045413 0.314656 0.041685 0.020288 0.021324 0.023074 0.085688 0.087348 0.197878 0.022147 0.020150 0.020067 0.021661 0.021640 0.020041 0.020465 0.021571 0.022486 0.020144 0.020289 0.020081 0.020938 0.020916 0.029282 0.020182 0.022823 0.029266 0.020122 0.088752 0.020125 0.020120 0.079570 0.075373 0.020096 0.020050 0.020133 0.020054 0.020071 0.020215 0.020246 0.029730 0.200000 -9999.0 -9999.0 -9999.0
-9999.0 -9999.0 -9999.0 -9999.0 -9999.0 -9999.0 -9999.0 -9999.0 0.021478 0.021338 0.020769 0.021260 0.020068 0.020406 0.020498 0.429995 0.020191 0.087369 0.403392 0.278851 0.029291 0.020122 0.020133 0.020225 0.086308 0.088749 0.200000 0.020288 0.020095 0.020070 0.020031 0.021302 0.021291 0.020624 0.020386 0.022193 0.054291 0.020396 0.020066 0.021665 0.037460 0.022265 0.020071 0.022208 0.070322 0.023507 0.020071 0.020597 0.020123 0.430000 0.086082 0.020074 0.020042 0.020032 0.020083 0.020377 0.021280 0.023651 0.080417 0.021415 -9999.0 -9999.0 -9999.0
-9999.0 -9999.0 -9999.0 -9999.0 -9999.0 -9999.0 -9999.0 -9999.0 0.020059 0.020058 0.020090 0.020970 0.022082 0.020093 0.020237 0.022169 0.020515 0.020275 0.020119 0.275415 0.427670 0.414400 0.134951 0.087227 0.020140 0.066301 0.090423 0.020452 0.020058 0.020947 0.020334 0.022464 0.021036 0.025767 0.021573 0.022699 0.085830 0.040446 0.020445 0.022241 0.021477 0.020040 0.028405 0.022461 0.022882 0.020094 0.020057 0.022256 0.020706 0.021768 0.087198 0.030941 0.020040 0.020275 0.021656 0.020086 0.020190 0.074852 0.079401 0.429977 0.314156 -9999.0 -9999.0
-9999.0 -9999.0 -9999.0 -9999.0 -9999.0 -9999.0 -9999.0 -9999.0 0.021544 0.022270 0.021102 0.020060 0.021111 0.020078 0.020507 0.020118 0.020654 0.086045 0.020120 0.426562 0.273335 0.406317 0.118601 0.094857 0.139052 0.020316 0.022624 0.020158 0.020035 0.021453 0.031657 0.022164 0.020092 0.020089 0.022817 0.040890 0.041263 0.020350 0.020126 0.020083 0.021850 0.038748 0.022162 0.022061 0.020089 0.021994 0.021585 0.021718 0.020108 0.020132 0.430000 0.086181 0.020062 0.020043 0.020156 0.020424 0.095654 0.093956 0.086116 0.430000 0.424550 -9999.0 -9999.0
-9999.0 -9999.0 -9999.0 -9999.0 -9999.0 -9999.0 -9999.0 -9999.0 0.020327 0.022054 0.040052 0.020040 0.022082 0.020097 0.020119 0.021986 0.020119 0.020141 0.423116 0.225425 0.296743 0.323988 0.410199 0.385649 0.050617 0.020922 0.022624 0.020087 0.023197 0.020110 0.020362 0.020327 0.057260 0.020647 0.021297 0.056069 0.087474 0.020262 0.020149 0.058139 0.023429 0.023115 0.022696 0.071174 0.022132 0.037702 0.022352 0.053268 0.022232 0.020385 0.022968 0.021752 0.086246 0.020173 0.092061 0.112734 0.086649 0.427544 0.412636 0.426120 0.165968 0.072885 -9999.0
-9999.0 -9999.0 -9999.0 -9999.0 -9999.0 -9999.0 -9999.0 -9999.0 0.020142 0.021189 0.020086 0.020115 0.020118 0.020348 0.126129 0.184475 0.430000 0.020464 0.021052 0.020260 0.041253 0.364102 0.322483 0.301271 0.087055 0.020812 0.020187 0.085694 0.087014 0.033767 0.020118 0.088375 0.080486 0.091486 0.081407 0.081276 0.080753 0.020143 0.020118 0.094832 0.081616 0.077772 0.064927 0.073232 0.020471 0.024101 0.021054 0.020252 0.021609 0.079827 0.079067 0.020733 0.021596 0.086791 0.141104 0.430000 0.430000 0.430000 0.429499 0.086147 0.020349 0.075736 -9999.0
-9999.0 -9999.0 0.021945 0.021953 0.020050 0.020091 0.020058 0.020040 0.020408 0.020825 0.020063 0.345074 0.020433 0.080598 0.141132 0.430000 0.020124 0.020159 0.020908 0.021854 0.020246 0.047440 0.426589 0.174098 0.331537 0.020314 0.020818 0.021013 0.020621 0.129683 0.021927 0.021626 0.200000 0.020403 0.088069 0.020176 0.087121 0.020128 0.020118 0.020118 0.079874 0.079702 0.020118 0.086224 0.020121 0.080351 0.089937 0.077157 0.078783 0.086410 0.086262 0.427116 0.430000 0.430000 0.430000 0.430000 0.430000 0.198165 0.086397 0.020637 0.200000 0.084153 -9999.0
-9999.0 0.020382 0.020071 0.020091 0.020097 0.020068 0.020121 0.020081 0.020053 0.020627 0.020101 0.020259 0.429846 0.430000 0.430000 0.020118 0.020104 0.020095 0.020180 0.021866 0.020268 0.020208 0.430000 0.415613 0.105382 0.092842 0.109958 0.122751 0.086400 0.161588 0.085998 0.086306 0.091097 0.200000 0.086827 0.144384 0.086575 0.020125 0.178924 0.158829 0.086586 0.087326 0.085934 0.020143 0.020177 0.020149 0.420873 0.020128 0.086303 0.403100 0.427574 0.430000 0.430000 0.430000 0.430000 0.200000 0.099214 0.093801 0.200000 0.200000 0.101860 0.089364 -9999.0
-9999.0 0.023952 0.020778 0.020560 0.428291 0.020373 0.020066 0.020063 0.020568 0.020467 0.020098 0.020155 0.022380 0.430000 0.020118 0.020049 0.020089 0.020105 0.020196 0.020653 0.200000 0.079248 0.423892 0.430000 0.430000 0.427446 0.023231 0.318778 0.408359 0.020122 0.020118 0.020119 0.188762 0.416094 0.422512 0.379781 0.423419 0.415605 0.180880 0.136964 0.168087 0.391724 0.087540 0.026021 0.022022 0.020118 0.392783 0.402850 0.410561 0.421187 0.186213 0.078013 0.090963 0.110996 0.028155 0.088625 0.020562 0.087767 0.023199 0.087379 0.096553 -9999.0 -9999.0
-9999.0 0.027857 0.020258 0.020434 0.027456 0.426998 0.428679 0.020107 0.020093 0.020079 0.020099 0.022547 0.093411 0.430000 0.020120 0.020043 0.020067 0.020059 0.020111 0.020515 0.021698 0.022755 0.062348 0.430000 0.430000 0.427741 0.425237 0.422901 0.311415 0.403898 0.263181 0.250219 0.404804 0.401998 0.386636 0.363700 0.358272 0.417552 0.348122 0.347279 0.351275 0.423016 0.371641 0.252918 0.248702 0.394376 0.400042 0.413546 0.423060 0.063182 0.021797 0.181576 0.090063 0.169511 0.079997 0.020150 0.020144 0.020107 0.020118 -9999.0 -9999.0 -9999.0 -9999.0
