user2019/resources/simulation/Vinschgau/output-maps/thetaliqL0005N0357.asc
ncols         63
nrows         48
xllcorner     598000.000000
yllcorner     5145000.000000
cellsize      1000.000000
NODATA_value  -9999.0
[rows 0 to 28 of 48, columns 0 to 62 of 63]
-9999.0 -9999.0 -9999.0 -9999.0 -9999.0 -9999.0 -9999.0 -9999.0 -9999.0 -9999.0 -9999.0 -9999.0 -9999.0 -9999.0 -9999.0 -9999.0 -9999.0 -9999.0 -9999.0 -9999.0 -9999.0 -9999.0 -9999.0 -9999.0 -9999.0 -9999.0 -9999.0 -9999.0 -9999.0 -9999.0 -9999.0 -9999.0 -9999.0 -9999.0 -9999.0 -9999.0 -9999.0 -9999.0 -9999.0 -9999.0 -9999.0 -9999.0 -9999.0 -9999.0 -9999.0 -9999.0 -9999.0 -9999.0 -9999.0 -9999.0 -9999.0 -9999.0 -9999.0 -9999.0 -9999.0 -9999.0 -9999.0 -9999.0 -9999.0 -9999.0 -9999.0 -9999.0 -9999.0
-9999.0 -9999.0 -9999.0 -9999.0 -9999.0 -9999.0 -9999.0 -9999.0 -9999.0 -9999.0 -9999.0 -9999.0 -9999.0 -9999.0 -9999.0 -9999.0 -9999.0 -9999.0 -9999.0 -9999.0 -9999.0 -9999.0 -9999.0 -9999.0 -9999.0 -9999.0 -9999.0 0.020225 0.040040 0.020060 0.040978 0.020252 0.020326 -9999.0 -9999.0 -9999.0 -9999.0 -9999.0 -9999.0 -9999.0 -9999.0 -9999.0 -9999.0 -9999.0 -9999.0 -9999.0 -9999.0 -9999.0 -9999.0 -9999.0 -9999.0 -9999.0 -9999.0 -9999.0 -9999.0 -9999.0 -9999.0 -9999.0 -9999.0 -9999.0 -9999.0 -9999.0 -9999.0
-9999.0 -9999.0 -9999.0 -9999.0 -9999.0 -9999.0 -9999.0 -9999.0 -9999.0 -9999.0 -9999.0 -9999.0 -9999.0 -9999.0 -9999.0 -9999.0 -9999.0 -9999.0 -9999.0 -9999.0 -9999.0 -9999.0 -9999.0 -9999.0 0.040074 0.040013 0.422942 0.156305 0.412716 0.040320 0.041055 -9999.0 -9999.0 -9999.0 -9999.0 -9999.0 -9999.0 -9999.0 -9999.0 -9999.0 -9999.0 -9999.0 -9999.0 -9999.0 -9999.0 -9999.0 -9999.0 -9999.0 -9999.0 -9999.0 -9999.0 -9999.0 -9999.0 -9999.0 -9999.0 -9999.0 -9999.0 -9999.0 -9999.0 -9999.0 -9999.0 -9999.0 -9999.0
-9999.0 -9999.0 -9999.0 -9999.0 -9999.0 -9999.0 -9999.0 -9999.0 -9999.0 -9999.0 -9999.0 -9999.0 -9999.0 -9999.0 -9999.0 -9999.0 -9999.0 -9999.0 -9999.0 -9999.0 -9999.0 -9999.0 -9999.0 0.040022 0.430000 0.429829 0.430000 0.430000 0.430000 0.430000 0.040032 0.040730 -9999.0 -9999.0 -9999.0 -9999.0 -9999.0 -9999.0 -9999.0 -9999.0 -9999.0 -9999.0 -9999.0 -9999.0 -9999.0 -9999.0 -9999.0 -9999.0 -9999.0 -9999.0 -9999.0 -9999.0 -9999.0 -9999.0 -9999.0 -9999.0 -9999.0 -9999.0 -9999.0 -9999.0 -9999.0 -9999.0 -9999.0
-9999.0 -9999.0 -9999.0 -9999.0 -9999.0 -9999.0 -9999.0 -9999.0 -9999.0 -9999.0 -9999.0 -9999.0 -9999.0 -9999.0 -9999.0 -9999.0 -9999.0 -9999.0 0.430000 0.341580 -9999.0 0.040050 0.256130 0.430000 0.430000 0.430000 0.430000 0.315312 0.430000 0.430000 0.430000 0.040039 0.020056 0.020079 -9999.0 -9999.0 -9999.0 -9999.0 -9999.0 -9999.0 -9999.0 -9999.0 -9999.0 -9999.0 -9999.0 -9999.0 -9999.0 -9999.0 -9999.0 -9999.0 -9999.0 -9999.0 -9999.0 -9999.0 -9999.0 -9999.0 -9999.0 -9999.0 -9999.0 -9999.0 -9999.0 -9999.0 -9999.0
-9999.0 -9999.0 -9999.0 -9999.0 -9999.0 -9999.0 -9999.0 -9999.0 -9999.0 -9999.0 -9999.0 -9999.0 -9999.0 -9999.0 -9999.0 -9999.0 -9999.0 0.430000 0.429998 0.020118 0.039873 0.122165 0.430000 0.430000 0.430000 0.282995 0.041105 0.041822 0.040349 0.043015 0.430000 0.430000 0.039790 0.020037 0.020160 0.020135 -9999.0 -9999.0 -9999.0 -9999.0 -9999.0 -9999.0 -9999.0 -9999.0 -9999.0 -9999.0 -9999.0 -9999.0 -9999.0 -9999.0 -9999.0 -9999.0 -9999.0 -9999.0 -9999.0 -9999.0 -9999.0 -9999.0 -9999.0 -9999.0 -9999.0 -9999.0 -9999.0
-9999.0 -9999.0 -9999.0 -9999.0 -9999.0 -9999.0 -9999.0 -9999.0 -9999.0 -9999.0 -9999.0 -9999.0 -9999.0 0.040198 0.280551 0.402424 0.426201 0.045722 0.430000 0.430000 0.430000 0.430000 0.430000 0.430000 0.299966 0.041187 0.020715 0.041886 0.040642 0.041458 0.040091 0.040490 0.040436 0.040067 0.020134 0.020079 -9999.0 -9999.0 -9999.0 -9999.0 -9999.0 -9999.0 -9999.0 -9999.0 -9999.0 -9999.0 -9999.0 -9999.0 -9999.0 -9999.0 -9999.0 -9999.0 -9999.0 -9999.0 -9999.0 -9999.0 -9999.0 -9999.0 -9999.0 -9999.0 -9999.0 -9999.0 -9999.0
-9999.0 -9999.0 -9999.0 -9999.0 -9999.0 -9999.0 -9999.0 -9999.0 -9999.0 -9999.0 -9999.0 -9999.0 -9999.0 0.040018 0.430000 0.404473 0.413175 0.430000 0.046342 0.311673 0.379863 0.430000 0.430000 0.429968 0.426355 0.040027 0.040039 0.020589 0.020355 0.040445 0.040875 0.040079 0.020122 0.020035 0.020082 -9999.0 -9999.0 -9999.0 -9999.0 -9999.0 -9999.0 -9999.0 -9999.0 -9999.0 -9999.0 -9999.0 -9999.0 -9999.0 -9999.0 -9999.0 -9999.0 -9999.0 -9999.0 -9999.0 -9999.0 -9999.0 -9999.0 -9999.0 -9999.0 -9999.0 -9999.0 -9999.0 -9999.0
-9999.0 -9999.0 -9999.0 -9999.0 -9999.0 -9999.0 -9999.0 -9999.0 -9999.0 -9999.0 -9999.0 -9999.0 -9999.0 0.415328 0.430000 0.136492 0.423948 0.402605 0.046229 0.342604 0.430000 0.020229 0.040072 0.041515 0.040141 0.041732 0.020062 0.020354 0.040063 0.020096 0.040104 0.020024 0.020034 0.020018 0.020038 -9999.0 -9999.0 -9999.0 -9999.0 -9999.0 -9999.0 -9999.0 -9999.0 -9999.0 -9999.0 -9999.0 -9999.0 -9999.0 -9999.0 -9999.0 -9999.0 -9999.0 -9999.0 -9999.0 -9999.0 -9999.0 -9999.0 -9999.0 -9999.0 -9999.0 -9999.0 -9999.0 -9999.0
-9999.0 -9999.0 -9999.0 -9999.0 -9999.0 -9999.0 -9999.0 -9999.0 -9999.0 -9999.0 -9999.0 -9999.0 0.040025 0.430000 0.045486 0.040045 0.040012 0.395578 0.430000 0.020101 0.335368 0.040962 0.020719 0.041902 0.042597 0.040409 0.041329 0.040930 0.040014 0.020220 0.040029 0.020111 0.040024 0.020080 -9999.0 -9999.0 -9999.0 -9999.0 -9999.0 -9999.0 -9999.0 -9999.0 -9999.0 -9999.0 -9999.0 -9999.0 -9999.0 -9999.0 -9999.0 -9999.0 -9999.0 -9999.0 -9999.0 -9999.0 -9999.0 -9999.0 -9999.0 -9999.0 -9999.0 -9999.0 -9999.0 -9999.0 -9999.0
-9999.0 -9999.0 -9999.0 -9999.0 -9999.0 -9999.0 -9999.0 -9999.0 -9999.0 -9999.0 -9999.0 0.041923 0.040031 0.429412 0.040096 0.040296 0.020226 0.414580 0.430000 0.020180 0.429792 0.427579 0.040111 0.040944 0.040077 0.041506 0.040133 0.040088 0.040024 0.020116 0.020288 0.430000 0.020076 0.020069 0.020042 0.020103 0.263267 0.258924 0.109657 -9999.0 -9999.0 -9999.0 0.020045 -9999.0 -9999.0 -9999.0 -9999.0 -9999.0 -9999.0 -9999.0 -9999.0 -9999.0 -9999.0 -9999.0 -9999.0 -9999.0 -9999.0 -9999.0 -9999.0 -9999.0 -9999.0 -9999.0 -9999.0
-9999.0 -9999.0 -9999.0 -9999.0 -9999.0 -9999.0 -9999.0 -9999.0 -9999.0 -9999.0 -9999.0 0.040596 0.040999 0.040034 0.040037 0.040208 0.040069 0.426115 0.430000 0.430000 0.430000 0.430000 0.040056 0.041449 0.041163 0.041444 0.040049 0.040016 0.020265 0.020255 0.040014 0.430000 0.040008 0.040038 0.040012 0.430000 0.381608 0.101372 0.110458 0.038271 0.038908 0.020024 0.429997 0.020059 -9999.0 -9999.0 -9999.0 0.068593 0.045038 0.022570 0.048472 0.023093 0.023012 0.075277 0.087735 0.023005 -9999.0 -9999.0 -9999.0 -9999.0 -9999.0 -9999.0 -9999.0
-9999.0 -9999.0 -9999.0 -9999.0 -9999.0 -9999.0 -9999.0 -9999.0 -9999.0 -9999.0 -9999.0 0.040500 0.040632 0.040032 0.040171 0.040071 0.049447 0.410389 0.430000 0.430000 0.430000 0.430000 0.423776 0.040028 0.040776 0.020077 0.430000 0.040072 0.020746 0.040730 0.020546 0.040020 0.430000 0.040019 0.020032 0.430000 0.161045 0.074749 0.068609 0.035482 0.281566 0.130655 0.430000 0.430000 0.040044 -9999.0 0.020373 0.043967 0.040080 0.240094 0.109615 0.039840 0.020047 0.082839 0.028535 0.067123 -9999.0 -9999.0 -9999.0 -9999.0 -9999.0 -9999.0 -9999.0
-9999.0 -9999.0 -9999.0 -9999.0 -9999.0 -9999.0 -9999.0 -9999.0 -9999.0 -9999.0 -9999.0 -9999.0 0.041755 0.040255 0.040029 0.040050 0.040010 0.404094 0.430000 0.430000 0.430000 0.430000 0.430000 0.430000 0.040047 0.421185 0.430000 0.020610 0.041562 0.020255 0.040026 0.101355 0.069362 0.040019 0.040024 0.430000 0.243134 0.139982 0.083005 0.089927 0.203621 0.038599 0.429949 0.430000 0.020031 0.040095 0.020480 0.043606 0.040431 0.430000 0.428533 0.046272 0.430000 0.057680 0.042896 0.042145 0.063406 -9999.0 -9999.0 -9999.0 -9999.0 -9999.0 -9999.0
-9999.0 -9999.0 -9999.0 -9999.0 -9999.0 -9999.0 -9999.0 -9999.0 -9999.0 -9999.0 -9999.0 0.040028 0.040741 0.020895 0.114323 0.176565 0.381551 0.419763 0.430000 0.430000 0.430000 0.430000 0.306868 0.176509 0.364759 0.430000 0.041239 0.040617 0.040050 0.020054 0.430000 0.430000 0.430000 0.040019 0.040024 0.430000 0.337402 0.212004 0.251212 0.089161 0.150953 0.202097 0.430000 0.020000 0.430000 0.040051 0.040025 0.020040 0.020056 0.077981 0.021170 0.040820 0.041451 0.020505 0.020649 0.020268 0.023441 -9999.0 -9999.0 -9999.0 -9999.0 -9999.0 -9999.0
-9999.0 -9999.0 -9999.0 -9999.0 -9999.0 -9999.0 -9999.0 -9999.0 -9999.0 -9999.0 0.044241 0.040025 0.040021 0.040466 0.040018 0.430000 0.040031 0.046274 0.378075 0.430000 0.430000 0.430000 0.315283 0.430000 0.430000 0.394278 0.041258 0.020096 0.110466 0.430000 0.430000 0.049860 0.040040 0.040102 0.020061 0.020036 0.430000 0.288858 0.420587 0.328901 0.392142 0.020496 0.040314 0.430000 0.430000 0.039174 0.040028 0.430000 0.430000 0.430000 0.020124 0.020647 0.020512 0.020403 0.020608 0.067292 0.067421 -9999.0 -9999.0 -9999.0 -9999.0 -9999.0 -9999.0
-9999.0 -9999.0 -9999.0 -9999.0 -9999.0 -9999.0 -9999.0 -9999.0 -9999.0 0.041440 0.046230 0.042007 0.430000 0.040021 0.351344 0.040099 0.042680 0.430000 0.408784 0.330163 0.430000 0.203541 0.367211 0.430000 0.430000 0.040111 0.208036 0.430000 0.430000 0.430000 0.430000 0.020078 0.020267 0.020103 0.020106 0.020069 0.040014 0.297446 0.074534 0.430000 0.429905 0.153945 0.377822 0.430000 0.430000 0.430000 0.430000 0.219612 0.338259 0.430000 0.066657 0.022650 0.020250 0.021308 0.022684 0.048605 0.067708 0.031612 0.024667 -9999.0 -9999.0 -9999.0 -9999.0
-9999.0 -9999.0 -9999.0 -9999.0 -9999.0 -9999.0 -9999.0 -9999.0 -9999.0 0.021044 0.041435 0.042217 0.430000 0.430000 0.371962 0.040027 0.430000 0.430000 0.430000 0.217125 0.274970 0.325959 0.414035 0.430000 0.040144 0.277875 0.430000 0.430000 0.430000 0.430000 0.430000 0.426268 0.040782 0.040253 0.040013 0.039899 0.032825 0.039883 0.040049 0.040018 0.040042 0.040400 0.275814 0.430000 0.430000 0.430000 0.430000 0.385889 0.430000 0.430000 0.020076 0.041625 0.021491 0.042517 0.021018 0.062716 0.067295 0.425835 0.020168 -9999.0 -9999.0 -9999.0 -9999.0
-9999.0 -9999.0 -9999.0 -9999.0 -9999.0 -9999.0 -9999.0 -9999.0 -9999.0 -9999.0 0.042238 0.043566 0.040047 0.430000 0.430000 0.394129 0.421188 0.430000 0.430000 0.286517 0.403766 0.430000 0.377031 0.354747 0.293421 0.430000 0.410647 0.430000 0.430000 0.042181 0.042081 0.040058 0.040783 0.040505 0.430000 0.430000 0.407813 0.430000 0.020042 0.040305 0.040065 0.373780 0.430000 0.040500 0.315543 0.429986 0.430000 0.430000 0.430000 0.430000 0.092872 0.061221 0.023319 0.022023 0.041470 0.042876 0.046713 0.430000 0.430000 0.310107 -9999.0 -9999.0 -9999.0
-9999.0 -9999.0 -9999.0 -9999.0 -9999.0 -9999.0 -9999.0 -9999.0 -9999.0 -9999.0 0.042272 0.042554 0.043210 0.082298 0.430000 0.400910 0.339451 0.324583 0.289512 0.196055 0.202620 0.264029 0.267735 0.196224 0.336573 0.403739 0.430000 0.430000 0.068129 0.040562 0.040768 0.043638 0.020080 0.040472 0.040651 0.040998 0.430000 0.430000 0.040030 0.040457 0.040471 0.020116 0.041702 0.040840 0.045434 0.020837 0.040171 0.430000 0.430000 0.430000 0.430000 0.430000 0.040082 0.023610 0.022334 0.023655 0.041707 0.065206 0.430000 0.430000 -9999.0 -9999.0 -9999.0
-9999.0 -9999.0 -9999.0 -9999.0 -9999.0 -9999.0 -9999.0 -9999.0 0.425337 0.040016 0.021157 0.043506 0.044927 0.040139 0.297938 0.430000 0.357952 0.319034 0.128938 0.161702 0.129851 0.250975 0.287657 0.271312 0.312012 0.430000 0.430000 0.222178 0.040074 0.042809 0.020268 0.041169 0.042362 0.042087 0.043290 0.040190 0.040314 0.430000 0.040019 0.020764 0.021047 0.041568 0.020676 0.020307 0.020074 0.040088 0.041733 0.048451 0.430000 0.430000 0.430000 0.127174 0.042998 0.046596 0.024131 0.165526 0.020217 0.430000 0.430000 0.430000 -9999.0 -9999.0 -9999.0
-9999.0 -9999.0 -9999.0 -9999.0 -9999.0 -9999.0 -9999.0 -9999.0 0.022100 0.430000 0.040027 0.041002 0.042072 0.040077 0.091276 0.430000 0.430000 0.360228 0.302427 0.147784 0.222397 0.159035 0.227028 0.268652 0.277176 0.430000 0.430000 0.430000 0.021155 0.041252 0.043616 0.020065 0.042709 0.021570 0.043152 0.040040 0.430000 0.430000 0.181408 0.040497 0.040833 0.020105 0.020664 0.041336 0.430000 0.045283 0.021089 0.042655 0.045411 0.430000 0.430000 0.430000 0.228961 0.060620 0.153461 0.020118 0.430000 0.430000 0.430000 0.430000 0.223046 -9999.0 -9999.0
-9999.0 -9999.0 -9999.0 -9999.0 -9999.0 -9999.0 -9999.0 -9999.0 0.041835 0.040046 0.430000 0.044856 0.040040 0.021689 0.385153 0.348984 0.322211 0.308454 0.182256 0.241641 0.132367 0.162615 0.173673 0.118310 0.430000 0.430000 0.430000 0.314927 0.020065 0.113367 0.020065 0.430000 0.040697 0.035937 0.040395 0.430000 0.040237 0.430000 0.388696 0.040698 0.044045 0.022109 0.047381 0.043413 0.042471 0.042453 0.022664 0.054434 0.044615 0.430000 0.430000 0.430000 0.430000 0.430000 0.430000 0.430000 0.430000 0.430000 0.430000 0.430000 0.416249 -9999.0 -9999.0
-9999.0 -9999.0 -9999.0 -9999.0 -9999.0 -9999.0 -9999.0 -9999.0 0.020702 0.041045 0.430000 0.023696 0.430000 0.429341 0.123766 0.429864 0.368509 0.430000 0.398956 0.263684 0.195150 0.187376 0.231998 0.251834 0.340283 0.430000 0.351963 0.387572 0.430000 0.430000 0.430000 0.430000 0.085481 0.430000 0.020102 0.140831 0.430000 0.430000 0.430000 0.042793 0.045927 0.040270 0.040050 0.039868 0.049305 0.021122 0.020060 0.039882 0.430000 0.430000 0.430000 0.430000 0.430000 0.430000 0.430000 0.430000 0.430000 0.430000 0.430000 0.430000 0.430000 0.429354 -9999.0
-9999.0 -9999.0 -9999.0 -9999.0 -9999.0 -9999.0 -9999.0 -9999.0 0.043423 0.040773 0.430000 0.430000 0.430000 0.430000 0.430000 0.430000 0.430000 0.430000 0.430000 0.430000 0.318654 0.203996 0.224413 0.240475 0.313258 0.343991 0.239767 0.378596 0.414230 0.430000 0.430000 0.430000 0.430000 0.430000 0.430000 0.430000 0.430000 0.430000 0.430000 0.430000 0.430000 0.080821 0.430000 0.081453 0.230403 0.430000 0.430000 0.430000 0.430000 0.430000 0.403455 0.357567 0.430000 0.405474 0.430000 0.430000 0.430000 0.430000 0.430000 0.430000 0.430000 0.430000 -9999.0
-9999.0 -9999.0 0.020089 0.040051 0.044059 0.041506 0.291080 0.042462 0.040081 0.046748 0.328442 0.430000 0.430000 0.430000 0.430000 0.430000 0.430000 0.045481 0.040214 0.430000 0.430000 0.430000 0.430000 0.218182 0.268474 0.305378 0.345298 0.357297 0.430000 0.430000 0.361684 0.430000 0.430000 0.430000 0.430000 0.430000 0.430000 0.430000 0.430000 0.430000 0.430000 0.430000 0.430000 0.430000 0.430000 0.430000 0.430000 0.430000 0.430000 0.430000 0.430000 0.430000 0.430000 0.430000 0.430000 0.430000 0.430000 0.430000 0.430000 0.430000 0.430000 0.430000 -9999.0
-9999.0 0.334988 0.430000 0.430000 0.320696 0.430000 0.040073 0.045077 0.044681 0.043700 0.040133 0.430000 0.430000 0.430000 0.430000 0.430000 0.040106 0.045210 0.396799 0.430000 0.402615 0.430000 0.430000 0.430000 0.275544 0.184939 0.276280 0.330353 0.430000 0.430000 0.348587 0.414087 0.430000 0.430000 0.430000 0.408222 0.430000 0.393302 0.430000 0.430000 0.404489 0.430000 0.430000 0.430000 0.430000 0.430000 0.430000 0.430000 0.430000 0.430000 0.430000 0.430000 0.430000 0.430000 0.430000 0.430000 0.430000 0.430000 0.430000 0.430000 0.430000 0.430000 -9999.0
-9999.0 0.040050 0.430000 0.430000 0.408841 0.430000 0.430000 0.042092 0.040035 0.020069 0.405629 0.430000 0.430000 0.430000 0.430000 0.121132 0.045683 0.040048 0.430000 0.430000 0.430000 0.430000 0.430000 0.430000 0.383064 0.286217 0.181762 0.193414 0.430000 0.430000 0.199679 0.251390 0.430000 0.430000 0.430000 0.430000 0.430000 0.378436 0.430000 0.347696 0.430000 0.430000 0.430000 0.332563 0.170569 0.231954 0.430000 0.430000 0.430000 0.430000 0.430000 0.430000 0.430000 0.430000 0.430000 0.430000 0.430000 0.430000 0.406342 0.094780 0.102297 -9999.0 -9999.0
-9999.0 0.021759 0.204023 0.430000 0.430000 0.430000 0.429999 0.429955 0.430000 0.430000 0.430000 0.430000 0.430000 0.430000 0.426330 0.047023 0.045401 0.046675 0.071947 0.430000 0.371566 0.425433 0.355819 0.430000 0.430000 0.430000 0.430000 0.430000 0.294945 0.430000 0.205954 0.145785 0.430000 0.430000 0.430000 0.349805 0.430000 0.357667 0.401059 0.406858 0.375424 0.430000 0.430000 0.150070 0.134517 0.430000 0.430000 0.430000 0.430000 0.430000 0.430000 0.429143 0.430000 0.430000 0.429487 0.216716 0.062868 0.070372 0.075013 -9999.0 -9999.0 -9999.0 -9999.0
