user2019/resources/simulation/Vinschgau/output-maps/thetaliqL0004N0027.asc
ncols         63
nrows         48
xllcorner     598000.000000
yllcorner     5145000.000000
cellsize      1000.000000
NODATA_value  -9999.0
[rows 0 to 28 of 48, columns 0 to 62 of 63]
-9999.0 -9999.0 -9999.0 -9999.0 -9999.0 -9999.0 -9999.0 -9999.0 -9999.0 -9999.0 -9999.0 -9999.0 -9999.0 -9999.0 -9999.0 -9999.0 -9999.0 -9999.0 -9999.0 -9999.0 -9999.0 -9999.0 -9999.0 -9999.0 -9999.0 -9999.0 -9999.0 -9999.0 -9999.0 -9999.0 -9999.0 -9999.0 -9999.0 -9999.0 -9999.0 -9999.0 -9999.0 -9999.0 -9999.0 -9999.0 -9999.0 -9999.0 -9999.0 -9999.0 -9999.0 -9999.0 -9999.0 -9999.0 -9999.0 -9999.0 -9999.0 -9999.0 -9999.0 -9999.0 -9999.0 -9999.0 -9999.0 -9999.0 -9999.0 -9999.0 -9999.0 -9999.0 -9999.0
-9999.0 -9999.0 -9999.0 -9999.0 -9999.0 -9999.0 -9999.0 -9999.0 -9999.0 -9999.0 -9999.0 -9999.0 -9999.0 -9999.0 -9999.0 -9999.0 -9999.0 -9999.0 -9999.0 -9999.0 -9999.0 -9999.0 -9999.0 -9999.0 -9999.0 -9999.0 -9999.0 0.020180 0.040611 0.020077 0.040096 0.040049 0.040045 -9999.0 -9999.0 -9999.0 -9999.0 -9999.0 -9999.0 -9999.0 -9999.0 -9999.0 -9999.0 -9999.0 -9999.0 -9999.0 -9999.0 -9999.0 -9999.0 -9999.0 -9999.0 -9999.0 -9999.0 -9999.0 -9999.0 -9999.0 -9999.0 -9999.0 -9999.0 -9999.0 -9999.0 -9999.0 -9999.0
-9999.0 -9999.0 -9999.0 -9999.0 -9999.0 -9999.0 -9999.0 -9999.0 -9999.0 -9999.0 -9999.0 -9999.0 -9999.0 -9999.0 -9999.0 -9999.0 -9999.0 -9999.0 -9999.0 -9999.0 -9999.0 -9999.0 -9999.0 -9999.0 0.096769 0.153428 0.041504 0.056370 0.042101 0.040584 0.040244 -9999.0 -9999.0 -9999.0 -9999.0 -9999.0 -9999.0 -9999.0 -9999.0 -9999.0 -9999.0 -9999.0 -9999.0 -9999.0 -9999.0 -9999.0 -9999.0 -9999.0 -9999.0 -9999.0 -9999.0 -9999.0 -9999.0 -9999.0 -9999.0 -9999.0 -9999.0 -9999.0 -9999.0 -9999.0 -9999.0 -9999.0 -9999.0
-9999.0 -9999.0 -9999.0 -9999.0 -9999.0 -9999.0 -9999.0 -9999.0 -9999.0 -9999.0 -9999.0 -9999.0 -9999.0 -9999.0 -9999.0 -9999.0 -9999.0 -9999.0 -9999.0 -9999.0 -9999.0 -9999.0 -9999.0 0.082041 0.209133 0.041238 0.084889 0.073049 0.084377 0.040347 0.040095 0.046258 -9999.0 -9999.0 -9999.0 -9999.0 -9999.0 -9999.0 -9999.0 -9999.0 -9999.0 -9999.0 -9999.0 -9999.0 -9999.0 -9999.0 -9999.0 -9999.0 -9999.0 -9999.0 -9999.0 -9999.0 -9999.0 -9999.0 -9999.0 -9999.0 -9999.0 -9999.0 -9999.0 -9999.0 -9999.0 -9999.0 -9999.0
-9999.0 -9999.0 -9999.0 -9999.0 -9999.0 -9999.0 -9999.0 -9999.0 -9999.0 -9999.0 -9999.0 -9999.0 -9999.0 -9999.0 -9999.0 -9999.0 -9999.0 -9999.0 0.352126 0.243124 -9999.0 0.041642 0.074867 0.063251 0.081989 0.299632 0.128923 0.099580 0.305926 0.040718 0.040233 0.040132 0.020052 0.020052 -9999.0 -9999.0 -9999.0 -9999.0 -9999.0 -9999.0 -9999.0 -9999.0 -9999.0 -9999.0 -9999.0 -9999.0 -9999.0 -9999.0 -9999.0 -9999.0 -9999.0 -9999.0 -9999.0 -9999.0 -9999.0 -9999.0 -9999.0 -9999.0 -9999.0 -9999.0 -9999.0 -9999.0 -9999.0
-9999.0 -9999.0 -9999.0 -9999.0 -9999.0 -9999.0 -9999.0 -9999.0 -9999.0 -9999.0 -9999.0 -9999.0 -9999.0 -9999.0 -9999.0 -9999.0 -9999.0 0.213497 0.253792 0.020232 0.020034 0.040107 0.040166 0.120203 0.313746 0.040175 0.040131 0.040957 0.040250 0.040419 0.040935 0.040300 0.020035 0.020050 0.020143 0.020089 -9999.0 -9999.0 -9999.0 -9999.0 -9999.0 -9999.0 -9999.0 -9999.0 -9999.0 -9999.0 -9999.0 -9999.0 -9999.0 -9999.0 -9999.0 -9999.0 -9999.0 -9999.0 -9999.0 -9999.0 -9999.0 -9999.0 -9999.0 -9999.0 -9999.0 -9999.0 -9999.0
-9999.0 -9999.0 -9999.0 -9999.0 -9999.0 -9999.0 -9999.0 -9999.0 -9999.0 -9999.0 -9999.0 -9999.0 -9999.0 0.040245 0.049929 0.207998 0.235076 0.036837 0.221038 0.189135 0.237023 0.295274 0.237020 0.343688 0.040103 0.040081 0.020116 0.040296 0.040136 0.040487 0.054976 0.040114 0.040066 0.040044 0.020082 0.020081 -9999.0 -9999.0 -9999.0 -9999.0 -9999.0 -9999.0 -9999.0 -9999.0 -9999.0 -9999.0 -9999.0 -9999.0 -9999.0 -9999.0 -9999.0 -9999.0 -9999.0 -9999.0 -9999.0 -9999.0 -9999.0 -9999.0 -9999.0 -9999.0 -9999.0 -9999.0 -9999.0
-9999.0 -9999.0 -9999.0 -9999.0 -9999.0 -9999.0 -9999.0 -9999.0 -9999.0 -9999.0 -9999.0 -9999.0 -9999.0 0.040183 0.143227 0.284134 0.282391 0.330753 0.036933 0.231792 0.282056 0.040321 0.082565 0.077594 0.040677 0.054965 0.040158 0.020082 0.020078 0.040066 0.040343 0.040047 0.020069 0.020066 0.020066 -9999.0 -9999.0 -9999.0 -9999.0 -9999.0 -9999.0 -9999.0 -9999.0 -9999.0 -9999.0 -9999.0 -9999.0 -9999.0 -9999.0 -9999.0 -9999.0 -9999.0 -9999.0 -9999.0 -9999.0 -9999.0 -9999.0 -9999.0 -9999.0 -9999.0 -9999.0 -9999.0 -9999.0
-9999.0 -9999.0 -9999.0 -9999.0 -9999.0 -9999.0 -9999.0 -9999.0 -9999.0 -9999.0 -9999.0 -9999.0 -9999.0 0.107942 0.309652 0.205866 0.260601 0.294205 0.037039 0.263046 0.040359 0.020046 0.040066 0.040114 0.056808 0.066015 0.020076 0.020078 0.040170 0.020071 0.040049 0.020070 0.020071 0.020071 0.020065 -9999.0 -9999.0 -9999.0 -9999.0 -9999.0 -9999.0 -9999.0 -9999.0 -9999.0 -9999.0 -9999.0 -9999.0 -9999.0 -9999.0 -9999.0 -9999.0 -9999.0 -9999.0 -9999.0 -9999.0 -9999.0 -9999.0 -9999.0 -9999.0 -9999.0 -9999.0 -9999.0 -9999.0
-9999.0 -9999.0 -9999.0 -9999.0 -9999.0 -9999.0 -9999.0 -9999.0 -9999.0 -9999.0 -9999.0 -9999.0 0.040101 0.335042 0.142093 0.040079 0.092266 0.279024 0.331445 0.021339 0.077827 0.040093 0.040039 0.040249 0.040421 0.040041 0.040524 0.046875 0.040340 0.020074 0.040043 0.020073 0.040033 0.020509 -9999.0 -9999.0 -9999.0 -9999.0 -9999.0 -9999.0 -9999.0 -9999.0 -9999.0 -9999.0 -9999.0 -9999.0 -9999.0 -9999.0 -9999.0 -9999.0 -9999.0 -9999.0 -9999.0 -9999.0 -9999.0 -9999.0 -9999.0 -9999.0 -9999.0 -9999.0 -9999.0 -9999.0 -9999.0
-9999.0 -9999.0 -9999.0 -9999.0 -9999.0 -9999.0 -9999.0 -9999.0 -9999.0 -9999.0 -9999.0 0.040195 0.040109 0.170387 0.040554 0.040112 0.020044 0.267643 0.310615 0.021341 0.228377 0.233316 0.040117 0.040042 0.040086 0.040150 0.040045 0.040427 0.040182 0.020069 0.020148 0.040169 0.020077 0.020086 0.020053 0.020053 0.040017 0.040011 0.040007 -9999.0 -9999.0 -9999.0 0.020122 -9999.0 -9999.0 -9999.0 -9999.0 -9999.0 -9999.0 -9999.0 -9999.0 -9999.0 -9999.0 -9999.0 -9999.0 -9999.0 -9999.0 -9999.0 -9999.0 -9999.0 -9999.0 -9999.0 -9999.0
-9999.0 -9999.0 -9999.0 -9999.0 -9999.0 -9999.0 -9999.0 -9999.0 -9999.0 -9999.0 -9999.0 0.040069 0.040195 0.040114 0.040124 0.040050 0.066585 0.257927 0.297537 0.242391 0.306504 0.142848 0.040302 0.047629 0.040087 0.040100 0.040232 0.041251 0.020179 0.020139 0.040330 0.040081 0.040020 0.044390 0.040031 0.040020 0.284040 0.304443 0.156292 0.020042 0.020034 0.020052 0.040018 0.020149 -9999.0 -9999.0 -9999.0 0.089451 0.080381 0.025002 0.127990 0.026909 0.025965 0.137993 0.140605 0.023660 -9999.0 -9999.0 -9999.0 -9999.0 -9999.0 -9999.0 -9999.0
-9999.0 -9999.0 -9999.0 -9999.0 -9999.0 -9999.0 -9999.0 -9999.0 -9999.0 -9999.0 -9999.0 0.040081 0.043039 0.040047 0.040065 0.040022 0.048130 0.267595 0.235999 0.280211 0.279430 0.047588 0.051596 0.040404 0.040057 0.020052 0.040041 0.040057 0.020134 0.042418 0.020091 0.040021 0.040044 0.040050 0.020061 0.040011 0.107465 0.154508 0.287432 0.020033 0.080284 0.040015 0.040019 0.040051 0.051933 -9999.0 0.020228 0.097882 0.221132 0.396382 0.505245 0.020158 0.520000 0.406819 0.503645 0.195051 -9999.0 -9999.0 -9999.0 -9999.0 -9999.0 -9999.0 -9999.0
-9999.0 -9999.0 -9999.0 -9999.0 -9999.0 -9999.0 -9999.0 -9999.0 -9999.0 -9999.0 -9999.0 -9999.0 0.045761 0.040187 0.040015 0.040032 0.095022 0.232304 0.272247 0.318073 0.273044 0.064116 0.069544 0.052657 0.040034 0.040040 0.100590 0.040052 0.040341 0.020102 0.040380 0.040033 0.040035 0.040051 0.040030 0.040028 0.040017 0.061230 0.266830 0.040048 0.040020 0.020041 0.048008 0.040068 0.020054 0.080641 0.020309 0.080468 0.059584 0.051969 0.040401 0.041628 0.228058 0.042371 0.040701 0.041304 0.102253 -9999.0 -9999.0 -9999.0 -9999.0 -9999.0 -9999.0
-9999.0 -9999.0 -9999.0 -9999.0 -9999.0 -9999.0 -9999.0 -9999.0 -9999.0 -9999.0 -9999.0 0.040039 0.040060 0.040033 0.053554 0.053845 0.054270 0.199389 0.293018 0.265082 0.263450 0.237521 0.040223 0.040030 0.040051 0.055802 0.040095 0.040055 0.040688 0.020066 0.040079 0.040061 0.040140 0.040089 0.040028 0.040177 0.040018 0.040019 0.066277 0.311530 0.049052 0.282631 0.297367 0.020120 0.226534 0.057792 0.193260 0.026398 0.038879 0.040033 0.020118 0.040142 0.040512 0.020105 0.020123 0.020105 0.023464 -9999.0 -9999.0 -9999.0 -9999.0 -9999.0 -9999.0
-9999.0 -9999.0 -9999.0 -9999.0 -9999.0 -9999.0 -9999.0 -9999.0 -9999.0 -9999.0 0.040125 0.040177 0.040030 0.040024 0.040019 0.119065 0.040058 0.089008 0.240235 0.229245 0.282077 0.067391 0.040477 0.248966 0.061443 0.040265 0.040143 0.020061 0.040024 0.048134 0.056371 0.040186 0.040119 0.040042 0.020070 0.020073 0.040015 0.040029 0.094669 0.275876 0.306954 0.037237 0.020052 0.293384 0.079047 0.020055 0.202318 0.040041 0.054883 0.042425 0.020092 0.020112 0.020115 0.020105 0.020114 0.245625 0.219082 -9999.0 -9999.0 -9999.0 -9999.0 -9999.0 -9999.0
-9999.0 -9999.0 -9999.0 -9999.0 -9999.0 -9999.0 -9999.0 -9999.0 -9999.0 0.040063 0.040101 0.040097 0.116618 0.040099 0.051918 0.040051 0.040061 0.262138 0.221016 0.228380 0.271473 0.214200 0.181073 0.297319 0.040939 0.040081 0.040034 0.119213 0.056391 0.227034 0.070741 0.040028 0.020078 0.020068 0.020087 0.020072 0.040157 0.040039 0.040028 0.040040 0.099425 0.040073 0.040032 0.310725 0.284319 0.050690 0.425818 0.040033 0.040440 0.061359 0.040068 0.025838 0.020103 0.020198 0.020705 0.054403 0.076299 0.038902 0.029938 -9999.0 -9999.0 -9999.0 -9999.0
-9999.0 -9999.0 -9999.0 -9999.0 -9999.0 -9999.0 -9999.0 -9999.0 -9999.0 0.040165 0.040065 0.040037 0.295180 0.147542 0.114288 0.040117 0.242143 0.179112 0.204134 0.254965 0.271783 0.284788 0.074422 0.041821 0.040098 0.040063 0.055125 0.230026 0.218076 0.041130 0.040532 0.040023 0.040104 0.044999 0.040227 0.020035 0.020046 0.020052 0.040031 0.040089 0.040092 0.040042 0.040045 0.054696 0.335841 0.328179 0.312216 0.340524 0.184361 0.052620 0.040136 0.067318 0.020382 0.040704 0.020112 0.043057 0.057784 0.186137 0.040788 -9999.0 -9999.0 -9999.0 -9999.0
-9999.0 -9999.0 -9999.0 -9999.0 -9999.0 -9999.0 -9999.0 -9999.0 -9999.0 -9999.0 0.040094 0.040040 0.040114 0.226596 0.172837 0.138976 0.067500 0.214255 0.200613 0.281975 0.272213 0.216767 0.040420 0.040055 0.040080 0.061474 0.334431 0.333241 0.072058 0.040075 0.040050 0.040074 0.040052 0.040050 0.042647 0.099320 0.042076 0.040402 0.020059 0.040047 0.040041 0.144467 0.095894 0.040087 0.040022 0.040062 0.126747 0.055116 0.372858 0.095457 0.040028 0.040417 0.027120 0.020519 0.042380 0.040128 0.042972 0.040629 0.197841 0.285163 -9999.0 -9999.0 -9999.0
-9999.0 -9999.0 -9999.0 -9999.0 -9999.0 -9999.0 -9999.0 -9999.0 -9999.0 -9999.0 0.040090 0.040038 0.040085 0.060170 0.274709 0.229858 0.207989 0.208369 0.194881 0.280150 0.204993 0.285778 0.131527 0.062899 0.056586 0.209662 0.343754 0.040418 0.046717 0.040044 0.040051 0.043290 0.020061 0.040061 0.040048 0.040071 0.053689 0.040067 0.040022 0.040063 0.051222 0.020317 0.040195 0.040053 0.040454 0.040072 0.040539 0.040057 0.284717 0.408765 0.069952 0.079341 0.078688 0.026019 0.022539 0.028243 0.040238 0.101157 0.310979 0.343918 -9999.0 -9999.0 -9999.0
-9999.0 -9999.0 -9999.0 -9999.0 -9999.0 -9999.0 -9999.0 -9999.0 0.137504 0.040019 0.040015 0.040149 0.040042 0.040060 0.081684 0.258787 0.254687 0.267202 0.271257 0.240360 0.213229 0.207613 0.197049 0.312786 0.360141 0.331223 0.135196 0.046364 0.047349 0.043001 0.020080 0.040066 0.040103 0.040346 0.049169 0.040042 0.070931 0.040079 0.040019 0.020318 0.020107 0.040096 0.020079 0.020086 0.038790 0.183911 0.040068 0.046972 0.040092 0.396551 0.079045 0.040037 0.077587 0.051222 0.032618 0.520000 0.040399 0.446575 0.239828 0.290751 -9999.0 -9999.0 -9999.0
-9999.0 -9999.0 -9999.0 -9999.0 -9999.0 -9999.0 -9999.0 -9999.0 0.020050 0.054599 0.040023 0.040029 0.040030 0.040073 0.053286 0.160614 0.242926 0.219439 0.205995 0.284905 0.252268 0.233045 0.239462 0.280295 0.230564 0.285329 0.197789 0.056971 0.020119 0.064976 0.053411 0.020071 0.058993 0.022004 0.142828 0.199866 0.290912 0.040083 0.040031 0.183517 0.040092 0.020083 0.020093 0.202831 0.310686 0.040886 0.020126 0.040089 0.040892 0.282139 0.380898 0.041202 0.079705 0.307924 0.514330 0.020055 0.055167 0.228774 0.358776 0.319718 0.320330 -9999.0 -9999.0
-9999.0 -9999.0 -9999.0 -9999.0 -9999.0 -9999.0 -9999.0 -9999.0 0.040056 0.040285 0.254476 0.040020 0.040036 0.020044 0.080142 0.058064 0.267138 0.230939 0.212404 0.279791 0.305466 0.238669 0.233228 0.235249 0.289364 0.241020 0.056678 0.040113 0.020050 0.147805 0.020083 0.254017 0.040069 0.040021 0.199293 0.190087 0.050699 0.040056 0.040030 0.048697 0.045361 0.021887 0.131151 0.041189 0.040365 0.040432 0.026401 0.207663 0.040541 0.040135 0.312499 0.358070 0.040029 0.040118 0.168220 0.107877 0.385557 0.330889 0.315276 0.360652 0.343792 -9999.0 -9999.0
-9999.0 -9999.0 -9999.0 -9999.0 -9999.0 -9999.0 -9999.0 -9999.0 0.020063 0.040697 0.057033 0.020045 0.040040 0.059320 0.090035 0.266386 0.210954 0.286140 0.333500 0.221763 0.252476 0.381358 0.380953 0.290229 0.245629 0.215290 0.040136 0.040034 0.173262 0.051873 0.040036 0.040079 0.153571 0.052475 0.040081 0.307890 0.306281 0.053743 0.040024 0.040091 0.184593 0.253602 0.317776 0.020121 0.223814 0.038804 0.470099 0.040265 0.391603 0.040824 0.041509 0.311772 0.396297 0.138728 0.379201 0.355672 0.327145 0.520000 0.420151 0.409888 0.342881 0.341982 -9999.0
-9999.0 -9999.0 -9999.0 -9999.0 -9999.0 -9999.0 -9999.0 -9999.0 0.040077 0.046974 0.040113 0.045065 0.056521 0.200200 0.292186 0.247831 0.313225 0.230404 0.242361 0.227121 0.228684 0.385328 0.385848 0.259976 0.276421 0.126337 0.043233 0.054925 0.315359 0.210879 0.040036 0.040155 0.343041 0.040126 0.040079 0.040424 0.040098 0.221945 0.053658 0.040544 0.040152 0.040026 0.040059 0.040020 0.040069 0.359012 0.040233 0.062627 0.040052 0.189758 0.367918 0.294759 0.328761 0.349582 0.520000 0.520000 0.520000 0.495829 0.329109 0.341247 0.318879 0.266477 -9999.0
-9999.0 -9999.0 0.040027 0.041127 0.052421 0.040050 0.040075 0.040036 0.040502 0.053061 0.040110 0.207226 0.158968 0.300745 0.307499 0.327763 0.129521 0.040085 0.040180 0.122856 0.227879 0.226720 0.436925 0.520000 0.265644 0.216502 0.225472 0.231063 0.233835 0.375242 0.057759 0.040087 0.310279 0.147033 0.364787 0.076722 0.355067 0.290937 0.163634 0.040034 0.094234 0.169258 0.081466 0.074146 0.040029 0.043393 0.397565 0.179791 0.303032 0.290223 0.295710 0.342113 0.347239 0.365251 0.520000 0.520000 0.344553 0.341283 0.355715 0.322293 0.348607 0.311918 -9999.0
-9999.0 0.040087 0.052158 0.040078 0.040043 0.040075 0.040144 0.043696 0.042476 0.040277 0.050270 0.040156 0.285147 0.309903 0.355090 0.054451 0.040223 0.046587 0.040078 0.105468 0.229917 0.233445 0.520000 0.417527 0.257983 0.248397 0.262786 0.263564 0.249111 0.272624 0.270925 0.299925 0.276455 0.275343 0.269776 0.279304 0.285604 0.285501 0.289462 0.319233 0.294887 0.272158 0.281062 0.258690 0.204488 0.268286 0.286858 0.245619 0.267023 0.520000 0.419967 0.407038 0.341315 0.358498 0.363680 0.336337 0.259297 0.276602 0.127143 0.320992 0.275315 0.333814 -9999.0
-9999.0 0.066033 0.055127 0.208636 0.386776 0.085936 0.040028 0.040030 0.040372 0.040024 0.040079 0.054249 0.290636 0.371445 0.073780 0.044301 0.040073 0.040075 0.206907 0.190873 0.074576 0.237411 0.237733 0.520000 0.409279 0.385549 0.349615 0.361528 0.365337 0.224647 0.225602 0.231089 0.253149 0.261358 0.276408 0.279844 0.293303 0.315739 0.289097 0.277297 0.265460 0.261776 0.260513 0.240894 0.234666 0.233759 0.278961 0.343079 0.478707 0.465038 0.320563 0.300481 0.244237 0.314385 0.252214 0.220076 0.230386 0.197617 0.179552 0.155804 0.167740 -9999.0 -9999.0
-9999.0 0.040083 0.040181 0.136558 0.234547 0.380905 0.378211 0.040846 0.040052 0.040080 0.040379 0.196557 0.335593 0.103431 0.040140 0.040250 0.040286 0.040317 0.040055 0.040167 0.040106 0.057451 0.241950 0.419373 0.400694 0.380939 0.375059 0.371606 0.367546 0.365260 0.344327 0.279557 0.283880 0.265981 0.278077 0.304938 0.315960 0.340912 0.421247 0.391583 0.374448 0.364605 0.338936 0.325265 0.271914 0.275615 0.282069 0.289612 0.307126 0.278334 0.217482 0.224815 0.207589 0.085560 0.193361 0.057955 0.050347 0.043794 0.044596 -9999.0 -9999.0 -9999.0 -9999.0
