user2019/resources/simulation/Vinschgau/output-maps/thetaiceL0006N0303.asc
ncols         63
nrows         48
xllcorner     598000.000000
yllcorner     5145000.000000
cellsize      1000.000000
NODATA_value  -9999.0
[rows 0 to 28 of 48, columns 0 to 62 of 63]
-9999.0 -9999.0 -9999.0 -9999.0 -9999.0 -9999.0 -9999.0 -9999.0 -9999.0 -9999.0 -9999.0 -9999.0 -9999.0 -9999.0 -9999.0 -9999.0 -9999.0 -9999.0 -9999.0 -9999.0 -9999.0 -9999.0 -9999.0 -9999.0 -9999.0 -9999.0 -9999.0 -9999.0 -9999.0 -9999.0 -9999.0 -9999.0 -9999.0 -9999.0 -9999.0 -9999.0 -9999.0 -9999.0 -9999.0 -9999.0 -9999.0 -9999.0 -9999.0 -9999.0 -9999.0 -9999.0 -9999.0 -9999.0 -9999.0 -9999.0 -9999.0 -9999.0 -9999.0 -9999.0 -9999.0 -9999.0 -9999.0 -9999.0 -9999.0 -9999.0 -9999.0 -9999.0 -9999.0
-9999.0 -9999.0 -9999.0 -9999.0 -9999.0 -9999.0 -9999.0 -9999.0 -9999.0 -9999.0 -9999.0 -9999.0 -9999.0 -9999.0 -9999.0 -9999.0 -9999.0 -9999.0 -9999.0 -9999.0 -9999.0 -9999.0 -9999.0 -9999.0 -9999.0 -9999.0 -9999.0 0.022346 0.022311 0.022308 0.022328 0.022340 0.022339 -9999.0 -9999.0 -9999.0 -9999.0 -9999.0 -9999.0 -9999.0 -9999.0 -9999.0 -9999.0 -9999.0 -9999.0 -9999.0 -9999.0 -9999.0 -9999.0 -9999.0 -9999.0 -9999.0 -9999.0 -9999.0 -9999.0 -9999.0 -9999.0 -9999.0 -9999.0 -9999.0 -9999.0 -9999.0 -9999.0
-9999.0 -9999.0 -9999.0 -9999.0 -9999.0 -9999.0 -9999.0 -9999.0 -9999.0 -9999.0 -9999.0 -9999.0 -9999.0 -9999.0 -9999.0 -9999.0 -9999.0 -9999.0 -9999.0 -9999.0 -9999.0 -9999.0 -9999.0 -9999.0 0.069061 0.071177 0.071485 0.070872 0.072310 0.022308 0.022325 -9999.0 -9999.0 -9999.0 -9999.0 -9999.0 -9999.0 -9999.0 -9999.0 -9999.0 -9999.0 -9999.0 -9999.0 -9999.0 -9999.0 -9999.0 -9999.0 -9999.0 -9999.0 -9999.0 -9999.0 -9999.0 -9999.0 -9999.0 -9999.0 -9999.0 -9999.0 -9999.0 -9999.0 -9999.0 -9999.0 -9999.0 -9999.0
-9999.0 -9999.0 -9999.0 -9999.0 -9999.0 -9999.0 -9999.0 -9999.0 -9999.0 -9999.0 -9999.0 -9999.0 -9999.0 -9999.0 -9999.0 -9999.0 -9999.0 -9999.0 -9999.0 -9999.0 -9999.0 -9999.0 -9999.0 0.069127 0.076194 0.357338 0.258506 0.072008 0.027977 0.022316 0.022311 0.022340 -9999.0 -9999.0 -9999.0 -9999.0 -9999.0 -9999.0 -9999.0 -9999.0 -9999.0 -9999.0 -9999.0 -9999.0 -9999.0 -9999.0 -9999.0 -9999.0 -9999.0 -9999.0 -9999.0 -9999.0 -9999.0 -9999.0 -9999.0 -9999.0 -9999.0 -9999.0 -9999.0 -9999.0 -9999.0 -9999.0 -9999.0
-9999.0 -9999.0 -9999.0 -9999.0 -9999.0 -9999.0 -9999.0 -9999.0 -9999.0 -9999.0 -9999.0 -9999.0 -9999.0 -9999.0 -9999.0 -9999.0 -9999.0 -9999.0 0.366328 0.105466 -9999.0 0.068695 0.069642 0.082402 0.346880 0.053057 0.318702 0.306310 0.363315 0.113803 0.022312 0.022312 0.022329 0.022346 -9999.0 -9999.0 -9999.0 -9999.0 -9999.0 -9999.0 -9999.0 -9999.0 -9999.0 -9999.0 -9999.0 -9999.0 -9999.0 -9999.0 -9999.0 -9999.0 -9999.0 -9999.0 -9999.0 -9999.0 -9999.0 -9999.0 -9999.0 -9999.0 -9999.0 -9999.0 -9999.0 -9999.0 -9999.0
-9999.0 -9999.0 -9999.0 -9999.0 -9999.0 -9999.0 -9999.0 -9999.0 -9999.0 -9999.0 -9999.0 -9999.0 -9999.0 -9999.0 -9999.0 -9999.0 -9999.0 0.360807 0.282907 0.000701 0.022280 0.280833 0.101149 0.028852 0.344302 0.070038 0.060994 0.067477 0.059452 0.314036 0.080744 0.022315 0.022290 0.022303 0.022343 0.022350 -9999.0 -9999.0 -9999.0 -9999.0 -9999.0 -9999.0 -9999.0 -9999.0 -9999.0 -9999.0 -9999.0 -9999.0 -9999.0 -9999.0 -9999.0 -9999.0 -9999.0 -9999.0 -9999.0 -9999.0 -9999.0 -9999.0 -9999.0 -9999.0 -9999.0 -9999.0 -9999.0
-9999.0 -9999.0 -9999.0 -9999.0 -9999.0 -9999.0 -9999.0 -9999.0 -9999.0 -9999.0 -9999.0 -9999.0 -9999.0 0.022314 0.087635 0.357286 0.349707 0.000000 0.359550 0.062624 0.298496 0.323104 0.049772 0.349532 0.067499 0.082254 0.019624 0.017114 0.017501 0.066534 0.068318 0.071709 0.022328 0.022341 0.022349 0.022349 -9999.0 -9999.0 -9999.0 -9999.0 -9999.0 -9999.0 -9999.0 -9999.0 -9999.0 -9999.0 -9999.0 -9999.0 -9999.0 -9999.0 -9999.0 -9999.0 -9999.0 -9999.0 -9999.0 -9999.0 -9999.0 -9999.0 -9999.0 -9999.0 -9999.0 -9999.0 -9999.0
-9999.0 -9999.0 -9999.0 -9999.0 -9999.0 -9999.0 -9999.0 -9999.0 -9999.0 -9999.0 -9999.0 -9999.0 -9999.0 0.089025 0.338998 0.352655 0.352202 0.363216 0.000000 0.252397 0.043307 0.035808 0.318721 0.073849 0.071966 0.017779 0.022317 0.022343 0.022344 0.021098 0.061928 0.022332 0.022349 0.022349 0.022349 -9999.0 -9999.0 -9999.0 -9999.0 -9999.0 -9999.0 -9999.0 -9999.0 -9999.0 -9999.0 -9999.0 -9999.0 -9999.0 -9999.0 -9999.0 -9999.0 -9999.0 -9999.0 -9999.0 -9999.0 -9999.0 -9999.0 -9999.0 -9999.0 -9999.0 -9999.0 -9999.0 -9999.0
-9999.0 -9999.0 -9999.0 -9999.0 -9999.0 -9999.0 -9999.0 -9999.0 -9999.0 -9999.0 -9999.0 -9999.0 -9999.0 0.076893 0.347214 0.359829 0.353961 0.353320 0.000000 0.351550 0.130091 0.015733 0.070953 0.062843 0.067333 0.069962 0.022305 0.022345 0.022317 0.022347 0.022329 0.022350 0.022350 0.022350 0.022349 -9999.0 -9999.0 -9999.0 -9999.0 -9999.0 -9999.0 -9999.0 -9999.0 -9999.0 -9999.0 -9999.0 -9999.0 -9999.0 -9999.0 -9999.0 -9999.0 -9999.0 -9999.0 -9999.0 -9999.0 -9999.0 -9999.0 -9999.0 -9999.0 -9999.0 -9999.0 -9999.0 -9999.0
-9999.0 -9999.0 -9999.0 -9999.0 -9999.0 -9999.0 -9999.0 -9999.0 -9999.0 -9999.0 -9999.0 -9999.0 0.030324 0.343925 0.338045 0.067786 0.314724 0.356040 0.099244 0.000000 0.072306 0.066094 0.017811 0.062434 0.289349 0.022328 0.064024 0.022331 0.022316 0.022345 0.022331 0.022341 0.022312 0.022352 -9999.0 -9999.0 -9999.0 -9999.0 -9999.0 -9999.0 -9999.0 -9999.0 -9999.0 -9999.0 -9999.0 -9999.0 -9999.0 -9999.0 -9999.0 -9999.0 -9999.0 -9999.0 -9999.0 -9999.0 -9999.0 -9999.0 -9999.0 -9999.0 -9999.0 -9999.0 -9999.0 -9999.0 -9999.0
-9999.0 -9999.0 -9999.0 -9999.0 -9999.0 -9999.0 -9999.0 -9999.0 -9999.0 -9999.0 -9999.0 0.061983 0.068411 0.358279 0.063276 0.055229 0.019071 0.356455 0.030709 0.000000 0.037650 0.296904 0.022312 0.022326 0.017728 0.022335 0.022330 0.022313 0.064844 0.022349 0.022344 0.022547 0.022355 0.022350 0.022362 0.022336 0.022337 0.034085 0.017782 -9999.0 -9999.0 -9999.0 0.022348 -9999.0 -9999.0 -9999.0 -9999.0 -9999.0 -9999.0 -9999.0 -9999.0 -9999.0 -9999.0 -9999.0 -9999.0 -9999.0 -9999.0 -9999.0 -9999.0 -9999.0 -9999.0 -9999.0 -9999.0
-9999.0 -9999.0 -9999.0 -9999.0 -9999.0 -9999.0 -9999.0 -9999.0 -9999.0 -9999.0 -9999.0 0.065748 0.064049 0.041472 0.082668 0.022328 0.073464 0.168976 0.065246 0.349140 0.351485 0.068899 0.069987 0.062924 0.056519 0.022326 0.022316 0.022306 0.022340 0.022345 0.022319 0.022315 0.022322 0.022342 0.022354 0.022331 0.051513 0.022571 0.070679 0.022311 0.022306 0.022367 0.022333 0.022347 -9999.0 -9999.0 -9999.0 0.362389 0.022299 0.022347 0.022287 0.022340 0.022329 0.274478 0.181662 0.022313 -9999.0 -9999.0 -9999.0 -9999.0 -9999.0 -9999.0 -9999.0
-9999.0 -9999.0 -9999.0 -9999.0 -9999.0 -9999.0 -9999.0 -9999.0 -9999.0 -9999.0 -9999.0 0.067400 0.060362 0.019089 0.295350 0.022313 0.128569 0.330536 0.319733 0.257845 0.363126 0.029877 0.101428 0.067832 0.022330 0.022297 0.086176 0.020306 0.022337 0.022326 0.022346 0.017738 0.029734 0.022356 0.022351 0.033877 0.080735 0.005875 0.000328 0.022248 0.050704 0.022310 0.035511 0.022321 0.022343 -9999.0 0.022338 0.022300 0.022294 0.036131 0.022395 0.022257 0.030569 0.081988 0.044973 0.065254 -9999.0 -9999.0 -9999.0 -9999.0 -9999.0 -9999.0 -9999.0
-9999.0 -9999.0 -9999.0 -9999.0 -9999.0 -9999.0 -9999.0 -9999.0 -9999.0 -9999.0 -9999.0 -9999.0 0.055176 0.293291 0.143113 0.124070 0.127627 0.243060 0.273031 0.229310 0.281950 0.027995 0.037837 0.075945 0.062653 0.091872 0.279657 0.022329 0.022325 0.022346 0.022318 0.067048 0.022308 0.022337 0.022341 0.022329 0.060951 0.071990 0.000000 0.027070 0.093477 0.005198 0.027356 0.124674 0.022312 0.022306 0.022346 0.022299 0.019415 0.069396 0.279866 0.060645 0.356065 0.259884 0.054226 0.051459 0.071294 -9999.0 -9999.0 -9999.0 -9999.0 -9999.0 -9999.0
-9999.0 -9999.0 -9999.0 -9999.0 -9999.0 -9999.0 -9999.0 -9999.0 -9999.0 -9999.0 -9999.0 0.309429 0.070953 0.022321 0.104446 0.104818 0.083196 0.267145 0.348889 0.357688 0.184331 0.278260 0.096736 0.030031 0.104823 0.135739 0.283430 0.022332 0.022313 0.022293 0.074303 0.073545 0.035259 0.022355 0.022339 0.022356 0.022347 0.015587 0.341315 0.001338 0.023189 0.085282 0.105349 0.004536 0.059671 0.022310 0.022304 0.022284 0.022278 0.013832 0.022248 0.022329 0.067475 0.022314 0.022309 0.022336 0.022318 -9999.0 -9999.0 -9999.0 -9999.0 -9999.0 -9999.0
-9999.0 -9999.0 -9999.0 -9999.0 -9999.0 -9999.0 -9999.0 -9999.0 -9999.0 -9999.0 0.261313 0.100535 0.135616 0.078456 0.148425 0.101233 0.070618 0.086841 0.355467 0.352440 0.347334 0.362525 0.030639 0.187729 0.084623 0.265882 0.021238 0.022176 0.022379 0.047460 0.120463 0.060821 0.022318 0.022334 0.022349 0.022340 0.025815 0.060405 0.091432 0.116396 0.054797 0.019804 0.022256 0.353734 0.129795 0.022291 0.022303 0.018131 0.163518 0.097710 0.021445 0.022334 0.022316 0.022335 0.022326 0.048469 0.050047 -9999.0 -9999.0 -9999.0 -9999.0 -9999.0 -9999.0
-9999.0 -9999.0 -9999.0 -9999.0 -9999.0 -9999.0 -9999.0 -9999.0 -9999.0 0.022325 0.260606 0.273626 0.118263 0.094660 0.304280 0.068448 0.061729 0.141745 0.244839 0.356669 0.317666 0.079915 0.040552 0.220692 0.288582 0.021835 0.071459 0.056185 0.037458 0.134683 0.078302 0.021814 0.022349 0.022350 0.022346 0.022352 0.022322 0.059231 0.059563 0.066746 0.079911 0.059528 0.021728 0.290852 0.041191 0.027923 0.100688 0.008319 0.014019 0.359165 0.016284 0.022334 0.022336 0.022327 0.022326 0.020932 0.102612 0.020212 0.022245 -9999.0 -9999.0 -9999.0 -9999.0
-9999.0 -9999.0 -9999.0 -9999.0 -9999.0 -9999.0 -9999.0 -9999.0 -9999.0 0.022330 0.022329 0.022313 0.350850 0.077843 0.081858 0.103169 0.218519 0.073929 0.299918 0.000000 0.000000 0.000000 0.350054 0.130485 0.021800 0.114632 0.083476 0.122185 0.355832 0.299360 0.020806 0.021572 0.022327 0.022357 0.022320 0.022292 0.022307 0.022296 0.022331 0.022317 0.285896 0.022192 0.099657 0.080528 0.356387 0.350672 0.361073 0.060611 0.053879 0.130711 0.021631 0.019744 0.022329 0.022322 0.022327 0.262066 0.028360 0.071591 0.019804 -9999.0 -9999.0 -9999.0 -9999.0
-9999.0 -9999.0 -9999.0 -9999.0 -9999.0 -9999.0 -9999.0 -9999.0 -9999.0 -9999.0 0.022322 0.022312 0.078044 0.361953 0.025893 0.076730 0.075614 0.351697 0.379263 0.016531 0.348711 0.049885 0.077481 0.044797 0.121906 0.087659 0.358110 0.361511 0.020885 0.064124 0.022155 0.289447 0.022184 0.022329 0.022308 0.036327 0.082690 0.069801 0.022342 0.022331 0.022335 0.071850 0.071437 0.020603 0.021029 0.068443 0.048358 0.366232 0.046690 0.053131 0.020946 0.018892 0.022331 0.022326 0.054908 0.022323 0.058821 0.047370 0.075696 0.268871 -9999.0 -9999.0 -9999.0
-9999.0 -9999.0 -9999.0 -9999.0 -9999.0 -9999.0 -9999.0 -9999.0 -9999.0 -9999.0 0.022315 0.022314 0.063446 0.099961 0.205058 0.331317 0.075815 0.357177 0.000000 0.000000 0.346345 0.222864 0.171579 0.074902 0.078866 0.364959 0.341903 0.171489 0.053659 0.022239 0.022335 0.057570 0.021966 0.022332 0.022329 0.077798 0.069392 0.075014 0.018378 0.022337 0.022302 0.022318 0.057446 0.022335 0.309736 0.021621 0.067545 0.020647 0.073745 0.061675 0.052681 0.017868 0.062558 0.022331 0.022327 0.022315 0.022328 0.032364 0.373344 0.378972 -9999.0 -9999.0 -9999.0
-9999.0 -9999.0 -9999.0 -9999.0 -9999.0 -9999.0 -9999.0 -9999.0 0.075445 0.044306 0.022309 0.060827 0.071297 0.075358 0.083922 0.354285 0.338777 0.000000 0.000000 0.000000 0.000000 0.175355 0.308753 0.204033 0.269876 0.241664 0.357523 0.056727 0.056879 0.021891 0.022345 0.022335 0.022331 0.022323 0.022302 0.022331 0.022305 0.073529 0.021938 0.022351 0.022337 0.076236 0.022281 0.022343 0.022283 0.072118 0.022131 0.068016 0.048732 0.378007 0.355826 0.019013 0.065788 0.021824 0.022282 0.044947 0.021302 0.236340 0.072531 0.191788 -9999.0 -9999.0 -9999.0
-9999.0 -9999.0 -9999.0 -9999.0 -9999.0 -9999.0 -9999.0 -9999.0 0.021466 0.070418 0.016498 0.022332 0.022315 0.090793 0.128843 0.267783 0.316546 0.252497 0.000000 0.000000 0.000000 0.000000 0.000000 0.000000 0.206797 0.109081 0.365019 0.070689 0.022191 0.022307 0.022303 0.022294 0.022304 0.022350 0.069697 0.070266 0.024067 0.071714 0.017321 0.022303 0.022332 0.022341 0.022339 0.022300 0.070607 0.057315 0.022273 0.022329 0.019949 0.366088 0.361747 0.074415 0.061078 0.075566 0.022362 0.015691 0.016487 0.065947 0.015305 0.000000 0.000000 -9999.0 -9999.0
-9999.0 -9999.0 -9999.0 -9999.0 -9999.0 -9999.0 -9999.0 -9999.0 0.022334 0.022297 0.027266 0.018810 0.065429 0.021698 0.090098 0.027164 0.305896 0.308723 0.000000 0.000000 0.000000 0.000000 0.000000 0.000000 0.000000 0.227147 0.365888 0.056695 0.021310 0.022301 0.022294 0.070591 0.064575 0.018743 0.071915 0.043318 0.018861 0.045707 0.021012 0.019578 0.022354 0.022347 0.071005 0.060905 0.058380 0.076040 0.022287 0.074993 0.054188 0.058481 0.246609 0.357343 0.020069 0.020759 0.069440 0.357815 0.359299 0.146958 0.000000 0.000000 0.000000 -9999.0 -9999.0
-9999.0 -9999.0 -9999.0 -9999.0 -9999.0 -9999.0 -9999.0 -9999.0 0.022342 0.022302 0.362755 0.018825 0.116169 0.349447 0.016920 0.367501 0.064771 0.000000 0.347183 0.000000 0.000000 0.000000 0.000000 0.000000 0.353692 0.353415 0.111852 0.033086 0.177822 0.040880 0.014122 0.013954 0.002532 0.113422 0.017900 0.025866 0.025624 0.354992 0.020455 0.018458 0.022300 0.023018 0.028690 0.022292 0.072165 0.022282 0.025349 0.022202 0.039747 0.013718 0.360820 0.057019 0.358962 0.381870 0.358378 0.206965 0.000000 0.000000 0.000000 0.000000 0.083952 0.385759 -9999.0
-9999.0 -9999.0 -9999.0 -9999.0 -9999.0 -9999.0 -9999.0 -9999.0 0.066179 0.065686 0.352361 0.044982 0.069282 0.363923 0.161168 0.353928 0.355106 0.269010 0.307296 0.246667 0.000000 0.000000 0.000000 0.000000 0.126235 0.348309 0.113273 0.090400 0.193050 0.245848 0.039309 0.251872 0.067421 0.182959 0.014034 0.015737 0.027396 0.351103 0.049255 0.072090 0.015436 0.014094 0.025843 0.010737 0.016822 0.032145 0.012849 0.043274 0.027354 0.065323 0.062221 0.296800 0.000000 0.000000 0.000000 0.000000 0.000000 0.000000 0.000000 0.088458 0.361918 0.385095 -9999.0
-9999.0 -9999.0 0.022305 0.065524 0.063148 0.074171 0.080772 0.075991 0.077213 0.067234 0.060500 0.365132 0.360799 0.348783 0.000000 0.354921 0.044899 0.063782 0.066147 0.354630 0.256731 0.000000 0.000000 0.000000 0.134870 0.317063 0.335217 0.304670 0.362280 0.344994 0.101923 0.236959 0.373548 0.363177 0.357460 0.363800 0.354518 0.345247 0.064525 0.049837 0.036020 0.055899 0.052336 0.353889 0.040091 0.030771 0.363793 0.389895 0.043508 0.218606 0.000000 0.000000 0.000000 0.000000 0.000000 0.000000 0.107348 0.199692 0.359187 0.369287 0.384672 0.290035 -9999.0
-9999.0 0.089410 0.081708 0.089993 0.076027 0.104497 0.065266 0.054281 0.057867 0.022311 0.069034 0.140235 0.357269 0.034680 0.307057 0.050379 0.069351 0.063305 0.262431 0.355689 0.278170 0.347332 0.000000 0.000000 0.000000 0.000000 0.000000 0.000000 0.312974 0.357550 0.356641 0.353748 0.350761 0.000000 0.334662 0.070921 0.000000 0.000000 0.000000 0.257301 0.347377 0.322200 0.349586 0.357051 0.313386 0.361649 0.345899 0.365313 0.000000 0.000000 0.000000 0.000000 0.129373 0.251456 0.304744 0.383009 0.386450 0.387033 0.384294 0.379236 0.127707 0.087951 -9999.0
-9999.0 0.067711 0.172697 0.160735 0.354693 0.142691 0.096167 0.072249 0.073686 0.022295 0.070312 0.141332 0.355169 0.316484 0.058028 0.062121 0.020584 0.066342 0.225955 0.360072 0.387799 0.358202 0.326045 0.149508 0.000000 0.000000 0.000000 0.000000 0.000000 0.000000 0.000000 0.000000 0.215084 0.106699 0.000000 0.000000 0.000000 0.000000 0.000000 0.000000 0.000000 0.000000 0.000000 0.000000 0.000000 0.000000 0.000000 0.000000 0.000000 0.000000 0.263956 0.388003 0.388141 0.380484 0.367367 0.378878 0.358352 0.286212 0.072047 0.180686 0.080685 -9999.0 -9999.0
-9999.0 0.022309 0.068800 0.360638 0.360262 0.357585 0.348824 0.137368 0.072114 0.073368 0.191715 0.364089 0.344683 0.362056 0.147760 0.055141 0.056444 0.063217 0.068481 0.354735 0.216233 0.363591 0.355786 0.000000 0.000000 0.000000 0.000000 0.000000 0.000000 0.000000 0.000000 0.000000 0.000000 0.000000 0.000000 0.000000 0.000000 0.000000 0.000000 0.000000 0.000000 0.000000 0.000000 0.000000 0.000000 0.000000 0.000000 0.000000 0.312650 0.199160 0.362460 0.289555 0.358980 0.384992 0.279312 0.270404 0.268394 0.325669 0.286849 -9999.0 -9999.0 -9999.0 -9999.0
