user2019/resources/simulation/Vinschgau/output-maps/thetaliqL0008N0293.asc
ncols         63
nrows         48
xllcorner     598000.000000
yllcorner     5145000.000000
cellsize      1000.000000
NODATA_value  -9999.0
[rows 0 to 28 of 48, columns 0 to 62 of 63]
-9999.0 -9999.0 -9999.0 -9999.0 -9999.0 -9999.0 -9999.0 -9999.0 -9999.0 -9999.0 -9999.0 -9999.0 -9999.0 -9999.0 -9999.0 -9999.0 -9999.0 -9999.0 -9999.0 -9999.0 -9999.0 -9999.0 -9999.0 -9999.0 -9999.0 -9999.0 -9999.0 -9999.0 -9999.0 -9999.0 -9999.0 -9999.0 -9999.0 -9999.0 -9999.0 -9999.0 -9999.0 -9999.0 -9999.0 -9999.0 -9999.0 -9999.0 -9999.0 -9999.0 -9999.0 -9999.0 -9999.0 -9999.0 -9999.0 -9999.0 -9999.0 -9999.0 -9999.0 -9999.0 -9999.0 -9999.0 -9999.0 -9999.0 -9999.0 -9999.0 -9999.0 -9999.0 -9999.0
-9999.0 -9999.0 -9999.0 -9999.0 -9999.0 -9999.0 -9999.0 -9999.0 -9999.0 -9999.0 -9999.0 -9999.0 -9999.0 -9999.0 -9999.0 -9999.0 -9999.0 -9999.0 -9999.0 -9999.0 -9999.0 -9999.0 -9999.0 -9999.0 -9999.0 -9999.0 -9999.0 0.020022 0.020022 0.020023 0.020019 0.020017 0.020017 -9999.0 -9999.0 -9999.0 -9999.0 -9999.0 -9999.0 -9999.0 -9999.0 -9999.0 -9999.0 -9999.0 -9999.0 -9999.0 -9999.0 -9999.0 -9999.0 -9999.0 -9999.0 -9999.0 -9999.0 -9999.0 -9999.0 -9999.0 -9999.0 -9999.0 -9999.0 -9999.0 -9999.0 -9999.0 -9999.0
-9999.0 -9999.0 -9999.0 -9999.0 -9999.0 -9999.0 -9999.0 -9999.0 -9999.0 -9999.0 -9999.0 -9999.0 -9999.0 -9999.0 -9999.0 -9999.0 -9999.0 -9999.0 -9999.0 -9999.0 -9999.0 -9999.0 -9999.0 -9999.0 0.020027 0.020028 0.020034 0.020028 0.020032 0.020026 0.020019 -9999.0 -9999.0 -9999.0 -9999.0 -9999.0 -9999.0 -9999.0 -9999.0 -9999.0 -9999.0 -9999.0 -9999.0 -9999.0 -9999.0 -9999.0 -9999.0 -9999.0 -9999.0 -9999.0 -9999.0 -9999.0 -9999.0 -9999.0 -9999.0 -9999.0 -9999.0 -9999.0 -9999.0 -9999.0 -9999.0 -9999.0 -9999.0
-9999.0 -9999.0 -9999.0 -9999.0 -9999.0 -9999.0 -9999.0 -9999.0 -9999.0 -9999.0 -9999.0 -9999.0 -9999.0 -9999.0 -9999.0 -9999.0 -9999.0 -9999.0 -9999.0 -9999.0 -9999.0 -9999.0 -9999.0 0.020027 0.020039 0.020038 0.020031 0.020030 0.020030 0.020028 0.020021 0.020020 -9999.0 -9999.0 -9999.0 -9999.0 -9999.0 -9999.0 -9999.0 -9999.0 -9999.0 -9999.0 -9999.0 -9999.0 -9999.0 -9999.0 -9999.0 -9999.0 -9999.0 -9999.0 -9999.0 -9999.0 -9999.0 -9999.0 -9999.0 -9999.0 -9999.0 -9999.0 -9999.0 -9999.0 -9999.0 -9999.0 -9999.0
-9999.0 -9999.0 -9999.0 -9999.0 -9999.0 -9999.0 -9999.0 -9999.0 -9999.0 -9999.0 -9999.0 -9999.0 -9999.0 -9999.0 -9999.0 -9999.0 -9999.0 -9999.0 0.020058 0.020040 -9999.0 0.020028 0.020033 0.020036 0.020040 0.020336 0.020027 0.020026 0.020496 0.020031 0.020031 0.020020 0.020020 0.020017 -9999.0 -9999.0 -9999.0 -9999.0 -9999.0 -9999.0 -9999.0 -9999.0 -9999.0 -9999.0 -9999.0 -9999.0 -9999.0 -9999.0 -9999.0 -9999.0 -9999.0 -9999.0 -9999.0 -9999.0 -9999.0 -9999.0 -9999.0 -9999.0 -9999.0 -9999.0 -9999.0 -9999.0 -9999.0
-9999.0 -9999.0 -9999.0 -9999.0 -9999.0 -9999.0 -9999.0 -9999.0 -9999.0 -9999.0 -9999.0 -9999.0 -9999.0 -9999.0 -9999.0 -9999.0 -9999.0 0.040137 0.020046 0.020032 0.020038 0.020046 0.020039 0.020034 0.020840 0.020025 0.020022 0.020025 0.020022 0.020025 0.020033 0.020027 0.020031 0.020022 0.020017 0.020015 -9999.0 -9999.0 -9999.0 -9999.0 -9999.0 -9999.0 -9999.0 -9999.0 -9999.0 -9999.0 -9999.0 -9999.0 -9999.0 -9999.0 -9999.0 -9999.0 -9999.0 -9999.0 -9999.0 -9999.0 -9999.0 -9999.0 -9999.0 -9999.0 -9999.0 -9999.0 -9999.0
-9999.0 -9999.0 -9999.0 -9999.0 -9999.0 -9999.0 -9999.0 -9999.0 -9999.0 -9999.0 -9999.0 -9999.0 -9999.0 0.020026 0.020041 0.020037 0.020037 0.020158 0.040025 0.020030 0.020048 0.020053 0.020071 0.020516 0.020028 0.020022 0.020020 0.020022 0.020019 0.020024 0.020023 0.020019 0.020019 0.020015 0.020015 0.020014 -9999.0 -9999.0 -9999.0 -9999.0 -9999.0 -9999.0 -9999.0 -9999.0 -9999.0 -9999.0 -9999.0 -9999.0 -9999.0 -9999.0 -9999.0 -9999.0 -9999.0 -9999.0 -9999.0 -9999.0 -9999.0 -9999.0 -9999.0 -9999.0 -9999.0 -9999.0 -9999.0
-9999.0 -9999.0 -9999.0 -9999.0 -9999.0 -9999.0 -9999.0 -9999.0 -9999.0 -9999.0 -9999.0 -9999.0 -9999.0 0.020036 0.020042 0.020036 0.020034 0.020063 0.022764 0.020057 0.020265 0.020026 0.020032 0.020029 0.020032 0.020025 0.020023 0.020018 0.020017 0.020019 0.020021 0.020016 0.020015 0.020014 0.020014 -9999.0 -9999.0 -9999.0 -9999.0 -9999.0 -9999.0 -9999.0 -9999.0 -9999.0 -9999.0 -9999.0 -9999.0 -9999.0 -9999.0 -9999.0 -9999.0 -9999.0 -9999.0 -9999.0 -9999.0 -9999.0 -9999.0 -9999.0 -9999.0 -9999.0 -9999.0 -9999.0 -9999.0
-9999.0 -9999.0 -9999.0 -9999.0 -9999.0 -9999.0 -9999.0 -9999.0 -9999.0 -9999.0 -9999.0 -9999.0 -9999.0 0.020040 0.020035 0.076901 0.020033 0.020035 0.020186 0.099979 0.020040 0.020021 0.020025 0.020026 0.020029 0.020034 0.020025 0.020017 0.020021 0.020015 0.020016 0.020014 0.020014 0.020013 0.020014 -9999.0 -9999.0 -9999.0 -9999.0 -9999.0 -9999.0 -9999.0 -9999.0 -9999.0 -9999.0 -9999.0 -9999.0 -9999.0 -9999.0 -9999.0 -9999.0 -9999.0 -9999.0 -9999.0 -9999.0 -9999.0 -9999.0 -9999.0 -9999.0 -9999.0 -9999.0 -9999.0 -9999.0
-9999.0 -9999.0 -9999.0 -9999.0 -9999.0 -9999.0 -9999.0 -9999.0 -9999.0 -9999.0 -9999.0 -9999.0 0.020036 0.020034 0.020210 0.020023 0.020064 0.020034 0.021402 0.020080 0.020033 0.020022 0.020025 0.020025 0.020035 0.020018 0.020025 0.020022 0.020025 0.020016 0.020015 0.020018 0.020018 0.020014 -9999.0 -9999.0 -9999.0 -9999.0 -9999.0 -9999.0 -9999.0 -9999.0 -9999.0 -9999.0 -9999.0 -9999.0 -9999.0 -9999.0 -9999.0 -9999.0 -9999.0 -9999.0 -9999.0 -9999.0 -9999.0 -9999.0 -9999.0 -9999.0 -9999.0 -9999.0 -9999.0 -9999.0 -9999.0
-9999.0 -9999.0 -9999.0 -9999.0 -9999.0 -9999.0 -9999.0 -9999.0 -9999.0 -9999.0 -9999.0 0.020030 0.020027 0.030712 0.020023 0.020025 0.020021 0.020031 0.288115 0.020070 0.020033 0.020036 0.020025 0.020021 0.020025 0.020022 0.020017 0.020023 0.020023 0.020015 0.020018 0.020024 0.020017 0.020015 0.020015 0.020016 0.020016 0.020023 0.020178 -9999.0 -9999.0 -9999.0 0.020014 -9999.0 -9999.0 -9999.0 -9999.0 -9999.0 -9999.0 -9999.0 -9999.0 -9999.0 -9999.0 -9999.0 -9999.0 -9999.0 -9999.0 -9999.0 -9999.0 -9999.0 -9999.0 -9999.0 -9999.0
-9999.0 -9999.0 -9999.0 -9999.0 -9999.0 -9999.0 -9999.0 -9999.0 -9999.0 -9999.0 -9999.0 0.020025 0.020027 0.020032 0.020031 0.020021 0.020032 0.020033 0.274056 0.244580 0.020056 0.020050 0.020027 0.020025 0.020024 0.020021 0.020023 0.020027 0.020022 0.020017 0.020022 0.020024 0.020019 0.020016 0.020013 0.020017 0.020296 0.020297 0.020209 0.020030 0.020015 0.020013 0.020019 0.020016 -9999.0 -9999.0 -9999.0 0.282479 0.020031 0.020030 0.020056 0.020042 0.020046 0.366772 0.378855 0.020056 -9999.0 -9999.0 -9999.0 -9999.0 -9999.0 -9999.0 -9999.0
-9999.0 -9999.0 -9999.0 -9999.0 -9999.0 -9999.0 -9999.0 -9999.0 -9999.0 -9999.0 -9999.0 0.020029 0.020026 0.020024 0.020036 0.020023 0.020034 0.020034 0.020365 0.253959 0.104951 0.020039 0.020042 0.020031 0.020020 0.020023 0.020041 0.020022 0.020019 0.020019 0.020017 0.020021 0.020025 0.020015 0.020015 0.020030 0.020049 0.020059 0.021060 0.020287 0.020241 0.020017 0.020021 0.020022 0.020018 -9999.0 0.020020 0.020027 0.020040 0.020086 0.020077 0.020095 0.045667 0.086863 0.083596 0.086542 -9999.0 -9999.0 -9999.0 -9999.0 -9999.0 -9999.0 -9999.0
-9999.0 -9999.0 -9999.0 -9999.0 -9999.0 -9999.0 -9999.0 -9999.0 -9999.0 -9999.0 -9999.0 -9999.0 0.020029 0.020037 0.020054 0.020034 0.020034 0.020033 0.020824 0.257307 0.020043 0.020039 0.020035 0.020043 0.020025 0.020043 0.020035 0.020020 0.020021 0.020021 0.020021 0.020024 0.020021 0.020017 0.020014 0.020015 0.020029 0.020042 0.020672 0.020158 0.020212 0.020331 0.020031 0.020026 0.020022 0.020022 0.020022 0.020027 0.020028 0.020050 0.020038 0.020059 0.305763 0.076499 0.020043 0.020045 0.041441 -9999.0 -9999.0 -9999.0 -9999.0 -9999.0 -9999.0
-9999.0 -9999.0 -9999.0 -9999.0 -9999.0 -9999.0 -9999.0 -9999.0 -9999.0 -9999.0 -9999.0 0.020046 0.020025 0.020024 0.020046 0.020044 0.020041 0.020031 0.020086 0.101339 0.020049 0.020041 0.020036 0.020033 0.020042 0.020038 0.020034 0.020019 0.020023 0.020024 0.020036 0.020034 0.020029 0.020017 0.020013 0.020015 0.020014 0.020036 0.040032 0.020834 0.020054 0.020109 0.020048 0.020037 0.020027 0.020022 0.020029 0.020034 0.020035 0.020039 0.020024 0.020025 0.020031 0.020022 0.020026 0.020023 0.020059 -9999.0 -9999.0 -9999.0 -9999.0 -9999.0 -9999.0
-9999.0 -9999.0 -9999.0 -9999.0 -9999.0 -9999.0 -9999.0 -9999.0 -9999.0 -9999.0 0.020085 0.020048 0.020057 0.020028 0.020113 0.020036 0.020027 0.020027 0.020048 0.138036 0.314311 0.229383 0.020036 0.020044 0.020035 0.020041 0.020022 0.020023 0.020041 0.020039 0.020032 0.020024 0.020021 0.020016 0.020013 0.020014 0.020019 0.020035 0.020046 0.020214 0.020292 0.020035 0.020030 0.040017 0.020036 0.020027 0.020029 0.020034 0.020041 0.020033 0.020035 0.020023 0.020023 0.020022 0.020024 0.071727 0.072392 -9999.0 -9999.0 -9999.0 -9999.0 -9999.0 -9999.0
-9999.0 -9999.0 -9999.0 -9999.0 -9999.0 -9999.0 -9999.0 -9999.0 -9999.0 0.020025 0.020083 0.020074 0.020035 0.020048 0.036116 0.020029 0.020027 0.020058 0.020145 0.123671 0.248425 0.020044 0.020042 0.020235 0.020040 0.020023 0.020035 0.020040 0.020040 0.020046 0.020065 0.020021 0.020016 0.020014 0.020016 0.020015 0.020016 0.020018 0.020017 0.020022 0.020059 0.020020 0.020021 0.020151 0.020041 0.020048 0.020138 0.020033 0.020049 0.020075 0.020060 0.020035 0.020021 0.020027 0.020040 0.020064 0.082794 0.028555 0.020120 -9999.0 -9999.0 -9999.0 -9999.0
-9999.0 -9999.0 -9999.0 -9999.0 -9999.0 -9999.0 -9999.0 -9999.0 -9999.0 0.020024 0.020026 0.020025 0.020067 0.020036 0.020059 0.020053 0.065638 0.020038 0.020095 0.242747 0.245300 0.034787 0.020042 0.020045 0.020024 0.020040 0.020033 0.020047 0.020264 0.020030 0.020027 0.020032 0.020019 0.020019 0.020020 0.020023 0.020020 0.020022 0.020016 0.020019 0.020021 0.020018 0.020030 0.020031 0.107083 0.021795 0.020947 0.020074 0.020046 0.020039 0.020041 0.020045 0.020027 0.020031 0.020024 0.054712 0.035739 0.061720 0.025095 -9999.0 -9999.0 -9999.0 -9999.0
-9999.0 -9999.0 -9999.0 -9999.0 -9999.0 -9999.0 -9999.0 -9999.0 -9999.0 -9999.0 0.020026 0.020026 0.020030 0.040027 0.020035 0.020054 0.020053 0.020076 0.020176 0.255572 0.260829 0.020040 0.020045 0.020033 0.020037 0.020045 0.020078 0.020561 0.020029 0.020022 0.020021 0.020033 0.020019 0.020018 0.020024 0.020032 0.020030 0.020027 0.020019 0.020016 0.020015 0.020026 0.020024 0.020023 0.020022 0.020024 0.020035 0.020038 0.021873 0.020124 0.020061 0.020122 0.020041 0.020030 0.020037 0.020029 0.020052 0.020051 0.020084 0.020119 -9999.0 -9999.0 -9999.0
-9999.0 -9999.0 -9999.0 -9999.0 -9999.0 -9999.0 -9999.0 -9999.0 -9999.0 -9999.0 0.020026 0.020026 0.020031 0.020042 0.340763 0.020044 0.020039 0.020061 0.022700 0.290778 0.020623 0.020110 0.020035 0.020032 0.020033 0.020100 0.022084 0.020035 0.020026 0.020018 0.020020 0.020026 0.020023 0.020018 0.020019 0.020020 0.020030 0.020033 0.020025 0.020018 0.020023 0.020024 0.020024 0.020021 0.020051 0.020027 0.020032 0.020025 0.020520 0.020843 0.020073 0.020137 0.020346 0.020044 0.020032 0.020049 0.020027 0.026722 0.020154 0.020973 -9999.0 -9999.0 -9999.0
-9999.0 -9999.0 -9999.0 -9999.0 -9999.0 -9999.0 -9999.0 -9999.0 0.020104 0.020066 0.020026 0.020031 0.020031 0.020030 0.020039 0.159333 0.020425 0.050364 0.347767 0.332149 0.022377 0.021629 0.020218 0.020086 0.020076 0.023136 0.020482 0.020025 0.020028 0.020022 0.020017 0.020020 0.020023 0.020022 0.020025 0.020018 0.020027 0.020034 0.020025 0.020021 0.020020 0.020022 0.020019 0.020018 0.020030 0.020041 0.020023 0.020048 0.020034 0.229259 0.020081 0.020045 0.020789 0.020038 0.020050 0.063102 0.020517 0.077279 0.020159 0.021127 -9999.0 -9999.0 -9999.0
-9999.0 -9999.0 -9999.0 -9999.0 -9999.0 -9999.0 -9999.0 -9999.0 0.020027 0.020077 0.020041 0.020022 0.020025 0.020031 0.020042 0.020037 0.020046 0.020043 0.042217 0.355338 0.428481 0.321059 0.024721 0.037146 0.021609 0.022744 0.020126 0.020037 0.020021 0.020027 0.020026 0.020028 0.020029 0.020025 0.020034 0.020036 0.020048 0.020036 0.020039 0.020031 0.020022 0.020017 0.020020 0.020034 0.020057 0.020036 0.020022 0.020025 0.020031 0.020047 0.020950 0.020040 0.020310 0.075864 0.020052 0.020048 0.020050 0.020103 0.021870 0.430000 0.430000 -9999.0 -9999.0
-9999.0 -9999.0 -9999.0 -9999.0 -9999.0 -9999.0 -9999.0 -9999.0 0.020025 0.020032 0.020088 0.020027 0.020040 0.020023 0.020076 0.020035 0.020072 0.020724 0.025962 0.366978 0.394727 0.314625 0.040875 0.024644 0.055637 0.020102 0.020037 0.020029 0.020026 0.020034 0.020028 0.020053 0.020038 0.020044 0.020047 0.020046 0.020034 0.020037 0.020045 0.020032 0.020029 0.020027 0.020049 0.020029 0.020028 0.020027 0.020035 0.022265 0.020033 0.020040 0.329080 0.020239 0.020038 0.020068 0.020120 0.020263 0.020925 0.022093 0.024432 0.415588 0.430000 -9999.0 -9999.0
-9999.0 -9999.0 -9999.0 -9999.0 -9999.0 -9999.0 -9999.0 -9999.0 0.020020 0.020030 0.274015 0.020049 0.039944 0.053758 0.020046 0.020064 0.020561 0.026760 0.187199 0.264064 0.322455 0.430000 0.430000 0.400188 0.020489 0.020039 0.020046 0.020048 0.020043 0.020035 0.020053 0.020057 0.020044 0.020039 0.020037 0.020048 0.020067 0.020056 0.020052 0.020067 0.020037 0.020059 0.020071 0.020055 0.020075 0.020037 0.020179 0.020110 0.020194 0.020042 0.020048 0.021307 0.020649 0.020718 0.021073 0.021711 0.022106 0.315998 0.430000 0.430000 0.045854 0.094444 -9999.0
-9999.0 -9999.0 -9999.0 -9999.0 -9999.0 -9999.0 -9999.0 -9999.0 0.020027 0.020037 0.083257 0.020039 0.020053 0.020062 0.021546 0.020852 0.177759 0.020042 0.020034 0.020046 0.022379 0.422220 0.426540 0.341938 0.021179 0.020045 0.020035 0.020038 0.020063 0.020060 0.020048 0.020039 0.020098 0.020040 0.020047 0.020052 0.020042 0.020188 0.020071 0.020050 0.020052 0.020045 0.020042 0.020037 0.020065 0.020097 0.020042 0.020056 0.020041 0.020128 0.020789 0.020975 0.021366 0.021998 0.022138 0.323890 0.417949 0.429317 0.381369 0.022130 0.020758 0.099980 -9999.0
-9999.0 -9999.0 0.020034 0.020043 0.020034 0.020049 0.020079 0.020056 0.020040 0.020041 0.020044 0.180535 0.020083 0.020357 0.038618 0.265965 0.020035 0.020029 0.020031 0.020040 0.020048 0.022831 0.418950 0.254005 0.229776 0.020221 0.020083 0.020046 0.020075 0.020811 0.020037 0.020039 0.021814 0.020053 0.020169 0.020063 0.020457 0.020853 0.020116 0.020049 0.020092 0.020133 0.020059 0.020084 0.020036 0.020043 0.020127 0.020064 0.020500 0.021962 0.022380 0.350711 0.423736 0.423669 0.417245 0.359114 0.301070 0.022029 0.020739 0.020148 0.105090 0.107112 -9999.0
-9999.0 0.020068 0.020060 0.020083 0.020075 0.020102 0.020039 0.020033 0.020032 0.020029 0.020040 0.032562 0.315789 0.417799 0.418735 0.020082 0.020033 0.020033 0.020310 0.020042 0.020093 0.020887 0.303517 0.402525 0.023748 0.022414 0.024459 0.024388 0.022048 0.020400 0.020477 0.020218 0.020274 0.022877 0.021344 0.022183 0.022694 0.024217 0.022679 0.022191 0.021609 0.021928 0.020916 0.020078 0.020076 0.020087 0.240197 0.020828 0.023008 0.300333 0.418767 0.425560 0.302547 0.251086 0.236245 0.020673 0.036079 0.071913 0.098917 0.099026 0.107685 0.109280 -9999.0
-9999.0 0.020037 0.020044 0.020038 0.320565 0.020042 0.020059 0.020060 0.020045 0.020041 0.020091 0.020049 0.020153 0.429138 0.020056 0.020042 0.020031 0.020035 0.020044 0.020053 0.083367 0.020138 0.138691 0.273141 0.341043 0.429249 0.057395 0.429262 0.425522 0.031770 0.036235 0.021626 0.021979 0.222543 0.341611 0.326360 0.430000 0.430000 0.088233 0.077342 0.056295 0.388702 0.023110 0.022230 0.022958 0.053813 0.417362 0.430000 0.429569 0.420319 0.022045 0.020095 0.021551 0.020890 0.020055 0.091756 0.020122 0.062684 0.028368 0.087168 0.090421 -9999.0 -9999.0
-9999.0 0.020029 0.020029 0.020039 0.020125 0.389893 0.313921 0.020046 0.020079 0.020106 0.020098 0.020077 0.021130 0.367086 0.030334 0.020036 0.020034 0.020038 0.020033 0.020045 0.020068 0.020043 0.020549 0.349259 0.274335 0.412731 0.426200 0.426960 0.422955 0.419854 0.405270 0.359664 0.384536 0.240714 0.377627 0.401540 0.410216 0.410535 0.428641 0.430000 0.430000 0.430000 0.430000 0.428113 0.393398 0.394313 0.372390 0.334359 0.309190 0.021569 0.020051 0.020074 0.034610 0.085691 0.020156 0.067706 0.082990 0.085638 0.085846 -9999.0 -9999.0 -9999.0 -9999.0
