user2019/resources/simulation/Vinschgau/output-maps/thetaiceL0001N0196.asc
ncols         63
nrows         48
xllcorner     598000.000000
yllcorner     5145000.000000
cellsize      1000.000000
NODATA_value  -9999.0
[rows 0 to 28 of 48, columns 0 to 62 of 63]
-9999.0 -9999.0 -9999.0 -9999.0 -9999.0 -9999.0 -9999.0 -9999.0 -9999.0 -9999.0 -9999.0 -9999.0 -9999.0 -9999.0 -9999.0 -9999.0 -9999.0 -9999.0 -9999.0 -9999.0 -9999.0 -9999.0 -9999.0 -9999.0 -9999.0 -9999.0 -9999.0 -9999.0 -9999.0 -9999.0 -9999.0 -9999.0 -9999.0 -9999.0 -9999.0 -9999.0 -9999.0 -9999.0 -9999.0 -9999.0 -9999.0 -9999.0 -9999.0 -9999.0 -9999.0 -9999.0 -9999.0 -9999.0 -9999.0 -9999.0 -9999.0 -9999.0 -9999.0 -9999.0 -9999.0 -9999.0 -9999.0 -9999.0 -9999.0 -9999.0 -9999.0 -9999.0 -9999.0
-9999.0 -9999.0 -9999.0 -9999.0 -9999.0 -9999.0 -9999.0 -9999.0 -9999.0 -9999.0 -9999.0 -9999.0 -9999.0 -9999.0 -9999.0 -9999.0 -9999.0 -9999.0 -9999.0 -9999.0 -9999.0 -9999.0 -9999.0 -9999.0 -9999.0 -9999.0 -9999.0 0.173729 0.479990 0.174197 0.404427 0.314683 0.313015 -9999.0 -9999.0 -9999.0 -9999.0 -9999.0 -9999.0 -9999.0 -9999.0 -9999.0 -9999.0 -9999.0 -9999.0 -9999.0 -9999.0 -9999.0 -9999.0 -9999.0 -9999.0 -9999.0 -9999.0 -9999.0 -9999.0 -9999.0 -9999.0 -9999.0 -9999.0 -9999.0 -9999.0 -9999.0 -9999.0
-9999.0 -9999.0 -9999.0 -9999.0 -9999.0 -9999.0 -9999.0 -9999.0 -9999.0 -9999.0 -9999.0 -9999.0 -9999.0 -9999.0 -9999.0 -9999.0 -9999.0 -9999.0 -9999.0 -9999.0 -9999.0 -9999.0 -9999.0 -9999.0 0.479958 0.479988 0.479991 0.479991 0.479991 0.479992 0.479990 -9999.0 -9999.0 -9999.0 -9999.0 -9999.0 -9999.0 -9999.0 -9999.0 -9999.0 -9999.0 -9999.0 -9999.0 -9999.0 -9999.0 -9999.0 -9999.0 -9999.0 -9999.0 -9999.0 -9999.0 -9999.0 -9999.0 -9999.0 -9999.0 -9999.0 -9999.0 -9999.0 -9999.0 -9999.0 -9999.0 -9999.0 -9999.0
-9999.0 -9999.0 -9999.0 -9999.0 -9999.0 -9999.0 -9999.0 -9999.0 -9999.0 -9999.0 -9999.0 -9999.0 -9999.0 -9999.0 -9999.0 -9999.0 -9999.0 -9999.0 -9999.0 -9999.0 -9999.0 -9999.0 -9999.0 0.479984 0.479986 0.479946 0.479980 0.479986 0.479990 0.479993 0.479992 0.479987 -9999.0 -9999.0 -9999.0 -9999.0 -9999.0 -9999.0 -9999.0 -9999.0 -9999.0 -9999.0 -9999.0 -9999.0 -9999.0 -9999.0 -9999.0 -9999.0 -9999.0 -9999.0 -9999.0 -9999.0 -9999.0 -9999.0 -9999.0 -9999.0 -9999.0 -9999.0 -9999.0 -9999.0 -9999.0 -9999.0 -9999.0
-9999.0 -9999.0 -9999.0 -9999.0 -9999.0 -9999.0 -9999.0 -9999.0 -9999.0 -9999.0 -9999.0 -9999.0 -9999.0 -9999.0 -9999.0 -9999.0 -9999.0 -9999.0 0.479952 0.479971 -9999.0 0.479968 0.479978 0.479971 0.479982 0.479995 0.479977 0.479977 0.479988 0.479987 0.479994 0.479992 0.174542 0.174733 -9999.0 -9999.0 -9999.0 -9999.0 -9999.0 -9999.0 -9999.0 -9999.0 -9999.0 -9999.0 -9999.0 -9999.0 -9999.0 -9999.0 -9999.0 -9999.0 -9999.0 -9999.0 -9999.0 -9999.0 -9999.0 -9999.0 -9999.0 -9999.0 -9999.0 -9999.0 -9999.0 -9999.0 -9999.0
-9999.0 -9999.0 -9999.0 -9999.0 -9999.0 -9999.0 -9999.0 -9999.0 -9999.0 -9999.0 -9999.0 -9999.0 -9999.0 -9999.0 -9999.0 -9999.0 -9999.0 0.479972 0.479995 0.179979 0.173245 0.479971 0.479980 0.479994 0.479990 0.479991 0.432574 0.290960 0.479987 0.479975 0.479989 0.479993 0.174376 0.174617 0.174291 0.072316 -9999.0 -9999.0 -9999.0 -9999.0 -9999.0 -9999.0 -9999.0 -9999.0 -9999.0 -9999.0 -9999.0 -9999.0 -9999.0 -9999.0 -9999.0 -9999.0 -9999.0 -9999.0 -9999.0 -9999.0 -9999.0 -9999.0 -9999.0 -9999.0 -9999.0 -9999.0 -9999.0
-9999.0 -9999.0 -9999.0 -9999.0 -9999.0 -9999.0 -9999.0 -9999.0 -9999.0 -9999.0 -9999.0 -9999.0 -9999.0 0.479979 0.479976 0.479993 0.479993 0.179982 0.479981 0.479991 0.479993 0.479988 0.479995 0.479993 0.479992 0.361845 0.173803 0.134115 0.295620 0.168965 0.479982 0.479989 0.479991 0.479994 0.174882 0.061119 -9999.0 -9999.0 -9999.0 -9999.0 -9999.0 -9999.0 -9999.0 -9999.0 -9999.0 -9999.0 -9999.0 -9999.0 -9999.0 -9999.0 -9999.0 -9999.0 -9999.0 -9999.0 -9999.0 -9999.0 -9999.0 -9999.0 -9999.0 -9999.0 -9999.0 -9999.0 -9999.0
-9999.0 -9999.0 -9999.0 -9999.0 -9999.0 -9999.0 -9999.0 -9999.0 -9999.0 -9999.0 -9999.0 -9999.0 -9999.0 0.479962 0.479945 0.479984 0.479984 0.479988 0.179680 0.479994 0.479994 0.479992 0.479982 0.479987 0.479981 0.479986 0.479990 0.174407 0.174531 0.452053 0.116579 0.346830 0.122253 0.115891 0.067819 -9999.0 -9999.0 -9999.0 -9999.0 -9999.0 -9999.0 -9999.0 -9999.0 -9999.0 -9999.0 -9999.0 -9999.0 -9999.0 -9999.0 -9999.0 -9999.0 -9999.0 -9999.0 -9999.0 -9999.0 -9999.0 -9999.0 -9999.0 -9999.0 -9999.0 -9999.0 -9999.0 -9999.0
-9999.0 -9999.0 -9999.0 -9999.0 -9999.0 -9999.0 -9999.0 -9999.0 -9999.0 -9999.0 -9999.0 -9999.0 -9999.0 0.479979 0.479984 0.479864 0.479978 0.479992 0.178975 0.479993 0.479980 0.173870 0.479983 0.479974 0.479953 0.479942 0.174027 0.174463 0.479991 0.130554 0.322978 0.097520 0.131684 0.054803 0.058673 -9999.0 -9999.0 -9999.0 -9999.0 -9999.0 -9999.0 -9999.0 -9999.0 -9999.0 -9999.0 -9999.0 -9999.0 -9999.0 -9999.0 -9999.0 -9999.0 -9999.0 -9999.0 -9999.0 -9999.0 -9999.0 -9999.0 -9999.0 -9999.0 -9999.0 -9999.0 -9999.0 -9999.0
-9999.0 -9999.0 -9999.0 -9999.0 -9999.0 -9999.0 -9999.0 -9999.0 -9999.0 -9999.0 -9999.0 -9999.0 0.479967 0.479963 0.479859 0.479988 0.479932 0.479991 0.479987 0.174245 0.479978 0.479982 0.479982 0.479964 0.479964 0.385302 0.479967 0.479986 0.479991 0.130260 0.343584 0.174411 0.479994 0.174883 -9999.0 -9999.0 -9999.0 -9999.0 -9999.0 -9999.0 -9999.0 -9999.0 -9999.0 -9999.0 -9999.0 -9999.0 -9999.0 -9999.0 -9999.0 -9999.0 -9999.0 -9999.0 -9999.0 -9999.0 -9999.0 -9999.0 -9999.0 -9999.0 -9999.0 -9999.0 -9999.0 -9999.0 -9999.0
-9999.0 -9999.0 -9999.0 -9999.0 -9999.0 -9999.0 -9999.0 -9999.0 -9999.0 -9999.0 -9999.0 0.479936 0.479971 0.479902 0.479984 0.479980 0.173805 0.479989 0.479988 0.174178 0.479994 0.479965 0.479982 0.413629 0.479984 0.479985 0.380809 0.479985 0.479989 0.124032 0.174052 0.479994 0.174534 0.175047 0.175103 0.175402 0.479998 0.479998 0.479997 -9999.0 -9999.0 -9999.0 0.175093 -9999.0 -9999.0 -9999.0 -9999.0 -9999.0 -9999.0 -9999.0 -9999.0 -9999.0 -9999.0 -9999.0 -9999.0 -9999.0 -9999.0 -9999.0 -9999.0 -9999.0 -9999.0 -9999.0 -9999.0
-9999.0 -9999.0 -9999.0 -9999.0 -9999.0 -9999.0 -9999.0 -9999.0 -9999.0 -9999.0 -9999.0 0.479974 0.479953 0.479965 0.479960 0.479986 0.479979 0.479994 0.479987 0.479989 0.479984 0.479965 0.479972 0.479981 0.479982 0.479988 0.479988 0.479989 0.173777 0.174411 0.479993 0.479994 0.479995 0.479994 0.479997 0.479997 0.479997 0.324797 0.324820 0.175915 0.175765 0.175572 0.479997 0.174809 -9999.0 -9999.0 -9999.0 0.479547 0.479902 0.172245 0.479880 0.172334 0.172384 0.476280 0.476349 0.172923 -9999.0 -9999.0 -9999.0 -9999.0 -9999.0 -9999.0 -9999.0
-9999.0 -9999.0 -9999.0 -9999.0 -9999.0 -9999.0 -9999.0 -9999.0 -9999.0 -9999.0 -9999.0 0.479966 0.479969 0.479990 0.479953 0.479987 0.479980 0.479990 0.479993 0.479990 0.479987 0.479980 0.479974 0.479976 0.479990 0.174034 0.479988 0.479989 0.174110 0.479990 0.174398 0.479994 0.479995 0.479995 0.175292 0.479997 0.479992 0.479992 0.011510 0.167129 0.479997 0.479998 0.479997 0.479996 0.479991 -9999.0 0.173465 0.479927 0.479934 0.479942 0.479908 0.179905 0.479557 0.476240 0.475561 0.475992 -9999.0 -9999.0 -9999.0 -9999.0 -9999.0 -9999.0 -9999.0
-9999.0 -9999.0 -9999.0 -9999.0 -9999.0 -9999.0 -9999.0 -9999.0 -9999.0 -9999.0 -9999.0 -9999.0 0.479954 0.479951 0.479950 0.479950 0.479986 0.479990 0.479987 0.479992 0.479993 0.479979 0.479981 0.479976 0.479988 0.479984 0.479957 0.479991 0.479989 0.173931 0.479991 0.479994 0.479994 0.479995 0.479996 0.479998 0.479996 0.088331 0.014966 0.095118 0.479997 0.175440 0.479997 0.479995 0.174623 0.479985 0.173102 0.479930 0.479968 0.479985 0.479968 0.479901 0.479626 0.479257 0.479893 0.479892 0.479623 -9999.0 -9999.0 -9999.0 -9999.0 -9999.0 -9999.0
-9999.0 -9999.0 -9999.0 -9999.0 -9999.0 -9999.0 -9999.0 -9999.0 -9999.0 -9999.0 -9999.0 0.479942 0.345532 0.479981 0.479971 0.479971 0.479978 0.479989 0.479991 0.479976 0.479995 0.479985 0.479963 0.479987 0.479976 0.479979 0.479961 0.479991 0.479989 0.174104 0.479993 0.479994 0.479994 0.479995 0.305419 0.479997 0.160786 0.479995 0.479992 0.107724 0.479995 0.479992 0.479995 0.175032 0.479994 0.479986 0.479972 0.179965 0.179944 0.479992 0.173048 0.352058 0.371765 0.044318 0.022013 0.164896 0.174258 -9999.0 -9999.0 -9999.0 -9999.0 -9999.0 -9999.0
-9999.0 -9999.0 -9999.0 -9999.0 -9999.0 -9999.0 -9999.0 -9999.0 -9999.0 -9999.0 0.479896 0.479947 0.479940 0.479974 0.479901 0.479981 0.479984 0.479977 0.479991 0.479991 0.479989 0.479965 0.479982 0.479929 0.479988 0.479966 0.479987 0.174333 0.479985 0.479975 0.479992 0.479989 0.479991 0.372215 0.068049 0.175318 0.479997 0.479995 0.479994 0.479980 0.479972 0.179986 0.179846 0.479987 0.479995 0.174489 0.479969 0.479993 0.479992 0.479991 0.172998 0.146338 0.019787 0.143351 0.149143 0.477025 0.476855 -9999.0 -9999.0 -9999.0 -9999.0 -9999.0 -9999.0
-9999.0 -9999.0 -9999.0 -9999.0 -9999.0 -9999.0 -9999.0 -9999.0 -9999.0 0.479979 0.479893 0.479927 0.479973 0.479947 0.479894 0.479976 0.479974 0.479954 0.479994 0.479958 0.479990 0.479995 0.479994 0.479994 0.479972 0.479989 0.479991 0.479975 0.479993 0.479993 0.479996 0.479992 0.059491 0.134216 0.175014 0.175188 0.479996 0.479997 0.479997 0.479997 0.479994 0.479995 0.479995 0.479987 0.479994 0.479996 0.479992 0.479992 0.479987 0.479990 0.479984 0.172753 0.123605 0.173079 0.172652 0.479867 0.478685 0.179816 0.179844 -9999.0 -9999.0 -9999.0 -9999.0
-9999.0 -9999.0 -9999.0 -9999.0 -9999.0 -9999.0 -9999.0 -9999.0 -9999.0 0.479981 0.479976 0.479978 0.479983 0.479975 0.479952 0.479935 0.479494 0.479989 0.479992 0.479987 0.479989 0.442552 0.479983 0.479976 0.479987 0.479987 0.479988 0.479993 0.479995 0.479976 0.479991 0.479993 0.479991 0.479990 0.479994 0.174832 0.175084 0.175057 0.479995 0.479994 0.359812 0.340276 0.479995 0.479995 0.479983 0.479608 0.479832 0.479994 0.479991 0.479991 0.479974 0.479945 0.173128 0.479961 0.173713 0.479556 0.479629 0.479538 0.179772 -9999.0 -9999.0 -9999.0 -9999.0
-9999.0 -9999.0 -9999.0 -9999.0 -9999.0 -9999.0 -9999.0 -9999.0 -9999.0 -9999.0 0.479975 0.479977 0.479969 0.479991 0.479986 0.479952 0.479957 0.479991 0.479635 0.479932 0.479990 0.479993 0.479965 0.479961 0.479986 0.479993 0.479993 0.479992 0.479988 0.390779 0.471168 0.479963 0.319587 0.479992 0.479992 0.479993 0.479993 0.479995 0.174754 0.479994 0.373874 0.479990 0.479991 0.479986 0.479993 0.479995 0.479993 0.479976 0.478330 0.479994 0.479982 0.479947 0.173246 0.173085 0.462740 0.479972 0.479899 0.479945 0.479954 0.479499 -9999.0 -9999.0 -9999.0
-9999.0 -9999.0 -9999.0 -9999.0 -9999.0 -9999.0 -9999.0 -9999.0 -9999.0 -9999.0 0.479976 0.479976 0.479935 0.479948 0.479986 0.479991 0.479990 0.479992 0.477821 0.459993 0.479994 0.479995 0.479994 0.479989 0.479990 0.479991 0.479969 0.479990 0.479987 0.363533 0.353871 0.479969 0.174270 0.363897 0.392193 0.479990 0.479995 0.479994 0.479994 0.479991 0.479983 0.173458 0.479977 0.351963 0.479933 0.479977 0.479947 0.479990 0.479964 0.479990 0.479993 0.479933 0.479905 0.174561 0.172725 0.176581 0.479971 0.479773 0.479943 0.479878 -9999.0 -9999.0 -9999.0
-9999.0 -9999.0 -9999.0 -9999.0 -9999.0 -9999.0 -9999.0 -9999.0 0.479929 0.479928 0.479983 0.479938 0.479966 0.479970 0.479946 0.479989 0.479991 0.318609 0.403997 0.434054 0.479636 0.479965 0.461328 0.479996 0.479994 0.479667 0.479989 0.479987 0.479975 0.479988 0.100428 0.479990 0.479987 0.479985 0.479976 0.376547 0.479971 0.479992 0.479993 0.173514 0.173802 0.430610 0.062712 0.136486 0.179953 0.479945 0.330638 0.479926 0.479990 0.479981 0.479985 0.479973 0.479905 0.479904 0.179865 0.479182 0.179844 0.478454 0.479983 0.454227 -9999.0 -9999.0 -9999.0
-9999.0 -9999.0 -9999.0 -9999.0 -9999.0 -9999.0 -9999.0 -9999.0 0.173158 0.479945 0.479986 0.286440 0.479980 0.479947 0.479939 0.479970 0.479980 0.479980 0.478831 0.414947 0.135830 0.322142 0.474510 0.464418 0.479980 0.479796 0.479994 0.479987 0.173868 0.479978 0.479975 0.173960 0.479966 0.173220 0.479935 0.479950 0.479985 0.479989 0.479989 0.479952 0.332608 0.321344 0.145668 0.479937 0.479964 0.479922 0.173419 0.479982 0.479972 0.479982 0.479988 0.479969 0.479913 0.478400 0.479943 0.179950 0.479944 0.479981 0.460319 0.253315 0.291468 -9999.0 -9999.0
-9999.0 -9999.0 -9999.0 -9999.0 -9999.0 -9999.0 -9999.0 -9999.0 0.438308 0.479971 0.479931 0.479984 0.479949 0.173402 0.479926 0.479991 0.479993 0.479991 0.476621 0.210522 0.419018 0.361339 0.323353 0.427500 0.197231 0.479995 0.479990 0.479986 0.174508 0.479987 0.173850 0.479960 0.479987 0.479990 0.479932 0.479951 0.479955 0.479992 0.479985 0.479972 0.479957 0.173037 0.479919 0.479936 0.479957 0.479967 0.172829 0.479641 0.479919 0.479987 0.454792 0.479987 0.479981 0.479979 0.479980 0.479973 0.466495 0.439766 0.295725 0.342525 0.358662 -9999.0 -9999.0
-9999.0 -9999.0 -9999.0 -9999.0 -9999.0 -9999.0 -9999.0 -9999.0 0.174052 0.479969 0.479903 0.173759 0.479793 0.479798 0.479984 0.479992 0.476233 0.479595 0.479986 0.479288 0.446790 0.425158 0.269200 0.290271 0.479988 0.479983 0.479960 0.479989 0.479961 0.479980 0.479987 0.479986 0.479991 0.479982 0.479982 0.479969 0.479975 0.479985 0.479987 0.479981 0.479918 0.479917 0.479923 0.179962 0.479915 0.179898 0.479917 0.179920 0.479930 0.479986 0.479962 0.358625 0.479938 0.479867 0.466408 0.451297 0.410528 0.359456 0.238956 0.360038 0.426007 0.479923 -9999.0
-9999.0 -9999.0 -9999.0 -9999.0 -9999.0 -9999.0 -9999.0 -9999.0 0.479969 0.479931 0.479789 0.479951 0.479984 0.479994 0.479991 0.479987 0.479993 0.479992 0.479976 0.479986 0.479649 0.426092 0.429083 0.453485 0.479994 0.479985 0.479986 0.479974 0.479993 0.479991 0.479981 0.479970 0.479991 0.479976 0.479987 0.479982 0.479978 0.479983 0.479991 0.479974 0.479985 0.479983 0.479980 0.479986 0.479983 0.479940 0.479985 0.479985 0.479982 0.479984 0.479970 0.463024 0.343625 0.426423 0.422849 0.408590 0.312872 0.349665 0.426814 0.422608 0.479991 0.479777 -9999.0
-9999.0 -9999.0 0.479978 0.479932 0.479929 0.479968 0.479942 0.479977 0.479939 0.479920 0.479945 0.479986 0.479986 0.479989 0.479990 0.479985 0.479991 0.479970 0.479957 0.479973 0.479986 0.469883 0.422432 0.453189 0.461569 0.479993 0.479993 0.479994 0.461804 0.479991 0.479982 0.479976 0.479977 0.479993 0.479990 0.479989 0.479979 0.479982 0.479988 0.479979 0.479987 0.479990 0.479992 0.479988 0.479980 0.479980 0.479986 0.479976 0.479923 0.453505 0.435793 0.387678 0.289351 0.314025 0.373708 0.345712 0.465145 0.464378 0.479990 0.479991 0.479809 0.479650 -9999.0
-9999.0 0.479952 0.479958 0.479945 0.479949 0.479951 0.479930 0.479941 0.479951 0.479966 0.479930 0.479864 0.479983 0.479968 0.479954 0.479952 0.479947 0.479937 0.479882 0.479985 0.479991 0.472895 0.473152 0.448767 0.420128 0.461889 0.430570 0.371064 0.461791 0.464756 0.470903 0.479990 0.479989 0.345629 0.479968 0.471548 0.471097 0.404202 0.447182 0.473179 0.479935 0.463540 0.461941 0.479990 0.479987 0.463773 0.458522 0.453509 0.323631 0.431146 0.397410 0.418405 0.464634 0.469280 0.472975 0.479982 0.479934 0.479931 0.479822 0.479648 0.478274 0.475933 -9999.0
-9999.0 0.479944 0.479970 0.479959 0.479925 0.479967 0.479967 0.479980 0.479958 0.479981 0.479951 0.479943 0.479985 0.479946 0.479987 0.479957 0.479961 0.479976 0.479971 0.479985 0.479952 0.479985 0.453407 0.461530 0.278111 0.000000 0.426813 0.369724 0.388298 0.426281 0.434097 0.447234 0.459487 0.464083 0.218041 0.361562 0.000000 0.000000 0.325013 0.332750 0.318132 0.359482 0.386055 0.395329 0.360939 0.349550 0.267244 0.318777 0.414113 0.426269 0.478745 0.479992 0.479938 0.479987 0.479977 0.479898 0.479892 0.479663 0.479816 0.477348 0.476649 -9999.0 -9999.0
-9999.0 0.479958 0.479980 0.479969 0.479994 0.479930 0.479939 0.479935 0.479943 0.479943 0.479800 0.479989 0.479989 0.479945 0.479878 0.479943 0.479917 0.479921 0.479974 0.479977 0.479934 0.479969 0.479975 0.479976 0.479984 0.414916 0.417215 0.416678 0.418131 0.426461 0.430447 0.356816 0.361604 0.440640 0.357922 0.405475 0.400891 0.180215 0.401280 0.364340 0.326223 0.020572 0.341131 0.329158 0.338929 0.342115 0.402778 0.469218 0.479800 0.476637 0.479970 0.479949 0.479904 0.479919 0.479879 0.479520 0.479393 0.479092 0.478784 -9999.0 -9999.0 -9999.0 -9999.0
