user2019/resources/simulation/Vinschgau/output-maps/thetaliqL0006N0271.asc
ncols         63
nrows         48
xllcorner     598000.000000
yllcorner     5145000.000000
cellsize      1000.000000
NODATA_value  -9999.0
[rows 0 to 28 of 48, columns 0 to 62 of 63]
-9999.0 -9999.0 -9999.0 -9999.0 -9999.0 -9999.0 -9999.0 -9999.0 -9999.0 -9999.0 -9999.0 -9999.0 -9999.0 -9999.0 -9999.0 -9999.0 -9999.0 -9999.0 -9999.0 -9999.0 -9999.0 -9999.0 -9999.0 -9999.0 -9999.0 -9999.0 -9999.0 -9999.0 -9999.0 -9999.0 -9999.0 -9999.0 -9999.0 -9999.0 -9999.0 -9999.0 -9999.0 -9999.0 -9999.0 -9999.0 -9999.0 -9999.0 -9999.0 -9999.0 -9999.0 -9999.0 -9999.0 -9999.0 -9999.0 -9999.0 -9999.0 -9999.0 -9999.0 -9999.0 -9999.0 -9999.0 -9999.0 -9999.0 -9999.0 -9999.0 -9999.0 -9999.0 -9999.0
-9999.0 -9999.0 -9999.0 -9999.0 -9999.0 -9999.0 -9999.0 -9999.0 -9999.0 -9999.0 -9999.0 -9999.0 -9999.0 -9999.0 -9999.0 -9999.0 -9999.0 -9999.0 -9999.0 -9999.0 -9999.0 -9999.0 -9999.0 -9999.0 -9999.0 -9999.0 -9999.0 0.020021 0.020020 0.020021 0.020019 0.020017 0.020017 -9999.0 -9999.0 -9999.0 -9999.0 -9999.0 -9999.0 -9999.0 -9999.0 -9999.0 -9999.0 -9999.0 -9999.0 -9999.0 -9999.0 -9999.0 -9999.0 -9999.0 -9999.0 -9999.0 -9999.0 -9999.0 -9999.0 -9999.0 -9999.0 -9999.0 -9999.0 -9999.0 -9999.0 -9999.0 -9999.0
-9999.0 -9999.0 -9999.0 -9999.0 -9999.0 -9999.0 -9999.0 -9999.0 -9999.0 -9999.0 -9999.0 -9999.0 -9999.0 -9999.0 -9999.0 -9999.0 -9999.0 -9999.0 -9999.0 -9999.0 -9999.0 -9999.0 -9999.0 -9999.0 0.040007 0.040007 0.040007 0.040006 0.040007 0.020021 0.020019 -9999.0 -9999.0 -9999.0 -9999.0 -9999.0 -9999.0 -9999.0 -9999.0 -9999.0 -9999.0 -9999.0 -9999.0 -9999.0 -9999.0 -9999.0 -9999.0 -9999.0 -9999.0 -9999.0 -9999.0 -9999.0 -9999.0 -9999.0 -9999.0 -9999.0 -9999.0 -9999.0 -9999.0 -9999.0 -9999.0 -9999.0 -9999.0
-9999.0 -9999.0 -9999.0 -9999.0 -9999.0 -9999.0 -9999.0 -9999.0 -9999.0 -9999.0 -9999.0 -9999.0 -9999.0 -9999.0 -9999.0 -9999.0 -9999.0 -9999.0 -9999.0 -9999.0 -9999.0 -9999.0 -9999.0 0.040007 0.040009 0.040023 0.040009 0.020028 0.020027 0.020022 0.020019 0.020020 -9999.0 -9999.0 -9999.0 -9999.0 -9999.0 -9999.0 -9999.0 -9999.0 -9999.0 -9999.0 -9999.0 -9999.0 -9999.0 -9999.0 -9999.0 -9999.0 -9999.0 -9999.0 -9999.0 -9999.0 -9999.0 -9999.0 -9999.0 -9999.0 -9999.0 -9999.0 -9999.0 -9999.0 -9999.0 -9999.0 -9999.0
-9999.0 -9999.0 -9999.0 -9999.0 -9999.0 -9999.0 -9999.0 -9999.0 -9999.0 -9999.0 -9999.0 -9999.0 -9999.0 -9999.0 -9999.0 -9999.0 -9999.0 -9999.0 0.040034 0.040011 -9999.0 0.040008 0.040008 0.020034 0.040010 0.020164 0.040008 0.040008 0.040231 0.040008 0.020023 0.020019 0.020018 0.020016 -9999.0 -9999.0 -9999.0 -9999.0 -9999.0 -9999.0 -9999.0 -9999.0 -9999.0 -9999.0 -9999.0 -9999.0 -9999.0 -9999.0 -9999.0 -9999.0 -9999.0 -9999.0 -9999.0 -9999.0 -9999.0 -9999.0 -9999.0 -9999.0 -9999.0 -9999.0 -9999.0 -9999.0 -9999.0
-9999.0 -9999.0 -9999.0 -9999.0 -9999.0 -9999.0 -9999.0 -9999.0 -9999.0 -9999.0 -9999.0 -9999.0 -9999.0 -9999.0 -9999.0 -9999.0 -9999.0 0.040030 0.040010 0.020031 0.020028 0.040013 0.040012 0.020033 0.040666 0.040007 0.040006 0.040007 0.040006 0.040007 0.040009 0.020021 0.020025 0.020019 0.020017 0.020015 -9999.0 -9999.0 -9999.0 -9999.0 -9999.0 -9999.0 -9999.0 -9999.0 -9999.0 -9999.0 -9999.0 -9999.0 -9999.0 -9999.0 -9999.0 -9999.0 -9999.0 -9999.0 -9999.0 -9999.0 -9999.0 -9999.0 -9999.0 -9999.0 -9999.0 -9999.0 -9999.0
-9999.0 -9999.0 -9999.0 -9999.0 -9999.0 -9999.0 -9999.0 -9999.0 -9999.0 -9999.0 -9999.0 -9999.0 -9999.0 0.020026 0.040013 0.040010 0.040013 0.020039 0.040012 0.020030 0.040009 0.040010 0.020035 0.040166 0.040007 0.040006 0.020019 0.020022 0.020019 0.040007 0.040006 0.040005 0.020018 0.020015 0.020015 0.020014 -9999.0 -9999.0 -9999.0 -9999.0 -9999.0 -9999.0 -9999.0 -9999.0 -9999.0 -9999.0 -9999.0 -9999.0 -9999.0 -9999.0 -9999.0 -9999.0 -9999.0 -9999.0 -9999.0 -9999.0 -9999.0 -9999.0 -9999.0 -9999.0 -9999.0 -9999.0 -9999.0
-9999.0 -9999.0 -9999.0 -9999.0 -9999.0 -9999.0 -9999.0 -9999.0 -9999.0 -9999.0 -9999.0 -9999.0 -9999.0 0.040012 0.040021 0.040011 0.040011 0.040015 0.020037 0.040010 0.020104 0.020026 0.040010 0.040008 0.040009 0.020024 0.020021 0.020017 0.020017 0.020019 0.040006 0.020015 0.020015 0.020014 0.020014 -9999.0 -9999.0 -9999.0 -9999.0 -9999.0 -9999.0 -9999.0 -9999.0 -9999.0 -9999.0 -9999.0 -9999.0 -9999.0 -9999.0 -9999.0 -9999.0 -9999.0 -9999.0 -9999.0 -9999.0 -9999.0 -9999.0 -9999.0 -9999.0 -9999.0 -9999.0 -9999.0 -9999.0
-9999.0 -9999.0 -9999.0 -9999.0 -9999.0 -9999.0 -9999.0 -9999.0 -9999.0 -9999.0 -9999.0 -9999.0 -9999.0 0.040012 0.040009 0.040339 0.040011 0.040011 0.020037 0.040223 0.040013 0.020021 0.040007 0.040008 0.040009 0.040013 0.020022 0.020017 0.020021 0.020015 0.020016 0.020014 0.020014 0.020013 0.020014 -9999.0 -9999.0 -9999.0 -9999.0 -9999.0 -9999.0 -9999.0 -9999.0 -9999.0 -9999.0 -9999.0 -9999.0 -9999.0 -9999.0 -9999.0 -9999.0 -9999.0 -9999.0 -9999.0 -9999.0 -9999.0 -9999.0 -9999.0 -9999.0 -9999.0 -9999.0 -9999.0 -9999.0
-9999.0 -9999.0 -9999.0 -9999.0 -9999.0 -9999.0 -9999.0 -9999.0 -9999.0 -9999.0 -9999.0 -9999.0 0.020036 0.040011 0.040055 0.040006 0.040038 0.040011 0.043164 0.020039 0.040009 0.040006 0.020025 0.040008 0.040012 0.020018 0.040007 0.020022 0.020023 0.020016 0.020015 0.020018 0.020017 0.020014 -9999.0 -9999.0 -9999.0 -9999.0 -9999.0 -9999.0 -9999.0 -9999.0 -9999.0 -9999.0 -9999.0 -9999.0 -9999.0 -9999.0 -9999.0 -9999.0 -9999.0 -9999.0 -9999.0 -9999.0 -9999.0 -9999.0 -9999.0 -9999.0 -9999.0 -9999.0 -9999.0 -9999.0 -9999.0
-9999.0 -9999.0 -9999.0 -9999.0 -9999.0 -9999.0 -9999.0 -9999.0 -9999.0 -9999.0 -9999.0 0.040010 0.040009 0.040043 0.040006 0.040007 0.020021 0.040008 0.046781 0.020039 0.020033 0.040016 0.020024 0.020021 0.020025 0.020022 0.020017 0.020023 0.040006 0.020015 0.020018 0.020021 0.020017 0.020014 0.020014 0.020015 0.020015 0.020016 0.020078 -9999.0 -9999.0 -9999.0 0.020014 -9999.0 -9999.0 -9999.0 -9999.0 -9999.0 -9999.0 -9999.0 -9999.0 -9999.0 -9999.0 -9999.0 -9999.0 -9999.0 -9999.0 -9999.0 -9999.0 -9999.0 -9999.0 -9999.0 -9999.0
-9999.0 -9999.0 -9999.0 -9999.0 -9999.0 -9999.0 -9999.0 -9999.0 -9999.0 -9999.0 -9999.0 0.040007 0.040009 0.020030 0.040010 0.020022 0.040009 0.040010 0.045752 0.040372 0.040011 0.020050 0.040008 0.040007 0.040007 0.020021 0.020023 0.020026 0.020021 0.020016 0.020021 0.020021 0.020018 0.020016 0.020014 0.020016 0.020135 0.020074 0.020056 0.020013 0.020014 0.020013 0.020017 0.020015 -9999.0 -9999.0 -9999.0 0.040283 0.020035 0.020032 0.020068 0.020049 0.020051 0.130870 0.158678 0.020063 -9999.0 -9999.0 -9999.0 -9999.0 -9999.0 -9999.0 -9999.0
-9999.0 -9999.0 -9999.0 -9999.0 -9999.0 -9999.0 -9999.0 -9999.0 -9999.0 -9999.0 -9999.0 0.040009 0.040008 0.020023 0.040014 0.020023 0.040008 0.040008 0.040048 0.043827 0.040028 0.020036 0.040013 0.040009 0.020020 0.020023 0.040012 0.020022 0.020019 0.020019 0.020017 0.020020 0.020022 0.020015 0.020014 0.020018 0.040010 0.020032 0.020103 0.020050 0.020101 0.020015 0.020019 0.020019 0.020018 -9999.0 0.020020 0.020029 0.020038 0.020059 0.020051 0.020060 0.020152 0.088056 0.025969 0.026263 -9999.0 -9999.0 -9999.0 -9999.0 -9999.0 -9999.0 -9999.0
-9999.0 -9999.0 -9999.0 -9999.0 -9999.0 -9999.0 -9999.0 -9999.0 -9999.0 -9999.0 -9999.0 -9999.0 0.040009 0.040015 0.040023 0.040012 0.040009 0.040009 0.040664 0.044483 0.040013 0.020040 0.020039 0.040015 0.040007 0.040013 0.040018 0.020020 0.020021 0.020021 0.020021 0.040006 0.020020 0.020016 0.020014 0.020014 0.040006 0.040009 0.040176 0.020059 0.040080 0.020025 0.020023 0.040007 0.020020 0.020022 0.020023 0.020028 0.020028 0.040015 0.040019 0.040031 0.040545 0.040414 0.040018 0.040019 0.040204 -9999.0 -9999.0 -9999.0 -9999.0 -9999.0 -9999.0
-9999.0 -9999.0 -9999.0 -9999.0 -9999.0 -9999.0 -9999.0 -9999.0 -9999.0 -9999.0 -9999.0 0.040021 0.040007 0.020025 0.040013 0.040011 0.040012 0.040008 0.040015 0.040492 0.040015 0.040013 0.040012 0.020029 0.040013 0.040018 0.040013 0.020019 0.020023 0.020023 0.040011 0.040009 0.020028 0.020016 0.020013 0.020014 0.020013 0.020026 0.040014 0.020284 0.020031 0.040021 0.040009 0.020024 0.020027 0.020022 0.020028 0.020028 0.020031 0.020034 0.020024 0.020025 0.040010 0.020023 0.020026 0.020024 0.020064 -9999.0 -9999.0 -9999.0 -9999.0 -9999.0 -9999.0
-9999.0 -9999.0 -9999.0 -9999.0 -9999.0 -9999.0 -9999.0 -9999.0 -9999.0 -9999.0 0.040074 0.040017 0.040027 0.040009 0.040050 0.040013 0.040008 0.040008 0.040015 0.040501 0.043353 0.040169 0.020038 0.040035 0.040018 0.040017 0.020022 0.020022 0.020035 0.020035 0.040012 0.040006 0.020020 0.020016 0.020013 0.020014 0.020018 0.040007 0.040011 0.040041 0.020101 0.020033 0.020029 0.040009 0.040009 0.020022 0.020028 0.020033 0.040011 0.040013 0.020031 0.020023 0.020024 0.020023 0.020025 0.020340 0.020256 -9999.0 -9999.0 -9999.0 -9999.0 -9999.0 -9999.0
-9999.0 -9999.0 -9999.0 -9999.0 -9999.0 -9999.0 -9999.0 -9999.0 -9999.0 0.020026 0.040066 0.040062 0.040014 0.040016 0.040040 0.040009 0.040008 0.040039 0.040022 0.072675 0.043713 0.040015 0.020041 0.040033 0.040019 0.020023 0.040010 0.020044 0.020035 0.040014 0.040012 0.020020 0.020016 0.020014 0.020016 0.020015 0.020015 0.040004 0.040004 0.040005 0.040014 0.040005 0.020020 0.040049 0.020029 0.020026 0.020028 0.020034 0.020036 0.040012 0.020043 0.020036 0.020021 0.020029 0.020044 0.020073 0.044835 0.025443 0.020185 -9999.0 -9999.0 -9999.0 -9999.0
-9999.0 -9999.0 -9999.0 -9999.0 -9999.0 -9999.0 -9999.0 -9999.0 -9999.0 0.020025 0.020027 0.020026 0.040012 0.040014 0.040020 0.040021 0.040089 0.040015 0.040031 0.228802 0.217297 0.343145 0.040024 0.040029 0.020024 0.040016 0.040017 0.040013 0.040035 0.040011 0.020026 0.020026 0.020019 0.020019 0.020019 0.020021 0.020018 0.020020 0.020015 0.020018 0.040005 0.020018 0.040009 0.040010 0.040291 0.047045 0.040906 0.020045 0.020033 0.040015 0.020032 0.020040 0.020028 0.020032 0.020025 0.040146 0.020200 0.040953 0.020338 -9999.0 -9999.0 -9999.0 -9999.0
-9999.0 -9999.0 -9999.0 -9999.0 -9999.0 -9999.0 -9999.0 -9999.0 -9999.0 -9999.0 0.020027 0.020027 0.040010 0.040019 0.020037 0.040023 0.040024 0.040016 0.040094 0.161339 0.042475 0.020055 0.040021 0.020033 0.040014 0.040015 0.040015 0.040157 0.020028 0.040006 0.020021 0.040011 0.020019 0.020018 0.020022 0.020029 0.040008 0.040007 0.020017 0.020016 0.020015 0.040006 0.040006 0.020023 0.020022 0.040006 0.020032 0.040017 0.024592 0.020038 0.020050 0.020061 0.020043 0.020031 0.040014 0.020029 0.040024 0.020050 0.020045 0.040060 -9999.0 -9999.0 -9999.0
-9999.0 -9999.0 -9999.0 -9999.0 -9999.0 -9999.0 -9999.0 -9999.0 -9999.0 -9999.0 0.020027 0.020027 0.040011 0.040018 0.045247 0.040013 0.040015 0.040018 0.260468 0.213606 0.040942 0.040029 0.040014 0.040017 0.040018 0.040021 0.056030 0.040016 0.040007 0.020018 0.020019 0.040008 0.020022 0.020018 0.020019 0.040005 0.040011 0.040010 0.020022 0.020018 0.020023 0.020023 0.040007 0.020021 0.040027 0.020027 0.040011 0.020025 0.020467 0.020693 0.020042 0.020066 0.040093 0.020048 0.020034 0.020058 0.020028 0.020163 0.040056 0.040672 -9999.0 -9999.0 -9999.0
-9999.0 -9999.0 -9999.0 -9999.0 -9999.0 -9999.0 -9999.0 -9999.0 0.040054 0.020066 0.020027 0.040010 0.040010 0.040010 0.040017 0.040317 0.040261 0.430000 0.292776 0.319989 0.188884 0.212643 0.040064 0.040017 0.040019 0.112342 0.040188 0.040007 0.040008 0.020021 0.020017 0.020020 0.020022 0.020022 0.020025 0.020017 0.020027 0.040011 0.020022 0.020021 0.020020 0.040006 0.020019 0.020018 0.020028 0.040017 0.020023 0.040024 0.020031 0.042441 0.040018 0.020059 0.040092 0.020039 0.020054 0.020242 0.020199 0.040497 0.020069 0.055486 -9999.0 -9999.0 -9999.0
-9999.0 -9999.0 -9999.0 -9999.0 -9999.0 -9999.0 -9999.0 -9999.0 0.020026 0.040042 0.020035 0.020022 0.020025 0.040010 0.040017 0.040013 0.040026 0.040021 0.071258 0.320606 0.356920 0.392489 0.373362 0.364294 0.196277 0.184789 0.040032 0.040013 0.020021 0.020026 0.020026 0.020027 0.020028 0.020025 0.040013 0.040012 0.020039 0.040014 0.020027 0.020029 0.020022 0.020017 0.020020 0.020035 0.040017 0.040014 0.020022 0.020025 0.020031 0.040025 0.041770 0.040025 0.040064 0.020211 0.020062 0.020051 0.020049 0.020059 0.023719 0.430000 0.376481 -9999.0 -9999.0
-9999.0 -9999.0 -9999.0 -9999.0 -9999.0 -9999.0 -9999.0 -9999.0 0.020025 0.020031 0.020091 0.020027 0.040015 0.020023 0.040100 0.020044 0.040036 0.040621 0.353555 0.403733 0.286990 0.410651 0.296596 0.227688 0.423784 0.040031 0.040018 0.040009 0.020025 0.020030 0.020027 0.040017 0.040010 0.020032 0.040022 0.020048 0.020032 0.020043 0.020031 0.020030 0.020029 0.020027 0.040022 0.040009 0.040009 0.040008 0.020035 0.040074 0.040012 0.020033 0.064511 0.040058 0.020057 0.020069 0.020074 0.040080 0.040955 0.056074 0.276963 0.354474 0.430000 -9999.0 -9999.0
-9999.0 -9999.0 -9999.0 -9999.0 -9999.0 -9999.0 -9999.0 -9999.0 0.020020 0.020031 0.040273 0.020036 0.040204 0.040199 0.020047 0.040018 0.020960 0.421915 0.044341 0.320093 0.332369 0.355662 0.403500 0.429807 0.040320 0.040027 0.040023 0.020045 0.040025 0.020044 0.020048 0.020047 0.020037 0.040015 0.020030 0.020038 0.020045 0.040015 0.020047 0.020036 0.020036 0.020053 0.020061 0.020035 0.040045 0.020036 0.020094 0.020052 0.020107 0.020052 0.040020 0.054536 0.040390 0.040744 0.041570 0.047735 0.076924 0.301964 0.430000 0.430000 0.065815 0.041419 -9999.0
-9999.0 -9999.0 -9999.0 -9999.0 -9999.0 -9999.0 -9999.0 -9999.0 0.040009 0.040014 0.040786 0.020061 0.020051 0.040016 0.043989 0.041172 0.040124 0.040021 0.040014 0.040029 0.178221 0.385678 0.419176 0.223703 0.041819 0.040020 0.040018 0.040024 0.040015 0.040016 0.020048 0.040020 0.020048 0.040022 0.020047 0.020055 0.020055 0.040023 0.020045 0.040026 0.020050 0.020051 0.020042 0.020045 0.020037 0.020065 0.020046 0.020039 0.020042 0.020061 0.020666 0.042951 0.053543 0.051019 0.053073 0.084366 0.284612 0.316801 0.183438 0.057224 0.040613 0.041664 -9999.0
-9999.0 -9999.0 0.020033 0.040015 0.040012 0.040017 0.040030 0.040018 0.040014 0.040016 0.040016 0.040043 0.040027 0.040109 0.311983 0.040288 0.020033 0.040009 0.040010 0.040023 0.040033 0.249489 0.383024 0.314047 0.068472 0.040085 0.040025 0.040014 0.040023 0.040551 0.040016 0.040019 0.043954 0.040013 0.040023 0.040030 0.040073 0.040942 0.020064 0.020047 0.020046 0.020050 0.020040 0.040015 0.020043 0.020042 0.040021 0.040017 0.020246 0.055109 0.057697 0.139476 0.292741 0.232424 0.100151 0.430000 0.058171 0.049971 0.040417 0.040038 0.041817 0.199392 -9999.0
-9999.0 0.040036 0.040033 0.040048 0.040032 0.040093 0.040013 0.040010 0.040010 0.020029 0.040014 0.040209 0.040148 0.064873 0.046769 0.020080 0.040011 0.040011 0.040130 0.040023 0.040040 0.070931 0.220448 0.411211 0.430000 0.069976 0.430000 0.430000 0.065668 0.040087 0.040177 0.040056 0.040045 0.235871 0.042739 0.054974 0.099659 0.339751 0.124548 0.055601 0.044103 0.054594 0.041003 0.040019 0.040079 0.040024 0.049823 0.041387 0.191413 0.224765 0.198778 0.122593 0.057166 0.049237 0.045659 0.040301 0.040233 0.041181 0.042341 0.041060 0.324859 0.339093 -9999.0
-9999.0 0.040014 0.040031 0.040021 0.040129 0.040033 0.040025 0.040017 0.040016 0.020038 0.040036 0.040066 0.040057 0.040866 0.020086 0.040013 0.020031 0.040011 0.040024 0.040021 0.041872 0.040070 0.063215 0.064894 0.430000 0.430000 0.360215 0.402753 0.364120 0.425241 0.324593 0.321407 0.054665 0.086541 0.430000 0.361723 0.430000 0.430000 0.430000 0.430000 0.430000 0.366260 0.186610 0.185224 0.260006 0.314908 0.309918 0.348429 0.250265 0.227009 0.050485 0.040026 0.040324 0.040858 0.040043 0.041574 0.040075 0.040106 0.040150 0.123816 0.206861 -9999.0 -9999.0
-9999.0 0.020030 0.040010 0.040016 0.040028 0.040177 0.040056 0.040029 0.040047 0.040077 0.040175 0.040020 0.042288 0.041253 0.040109 0.040011 0.040012 0.040015 0.040011 0.040025 0.040066 0.040019 0.040237 0.368729 0.430000 0.182421 0.246883 0.258296 0.263141 0.233926 0.276047 0.287403 0.430000 0.165302 0.406056 0.375635 0.430000 0.430000 0.430000 0.430000 0.430000 0.430000 0.430000 0.305063 0.281618 0.293211 0.294062 0.104840 0.061586 0.055547 0.040020 0.040037 0.040158 0.042464 0.040082 0.040120 0.040521 0.041976 0.055210 -9999.0 -9999.0 -9999.0 -9999.0
