user2019/resources/simulation/Vinschgau/output-maps/thetaliqL0005N1266.asc
ncols         63
nrows         48
xllcorner     598000.000000
yllcorner     5145000.000000
cellsize      1000.000000
NODATA_value  -9999.0
[rows 0 to 28 of 48, columns 0 to 62 of 63]
-9999.0 -9999.0 -9999.0 -9999.0 -9999.0 -9999.0 -9999.0 -9999.0 -9999.0 -9999.0 -9999.0 -9999.0 -9999.0 -9999.0 -9999.0 -9999.0 -9999.0 -9999.0 -9999.0 -9999.0 -9999.0 -9999.0 -9999.0 -9999.0 -9999.0 -9999.0 -9999.0 -9999.0 -9999.0 -9999.0 -9999.0 -9999.0 -9999.0 -9999.0 -9999.0 -9999.0 -9999.0 -9999.0 -9999.0 -9999.0 -9999.0 -9999.0 -9999.0 -9999.0 -9999.0 -9999.0 -9999.0 -9999.0 -9999.0 -9999.0 -9999.0 -9999.0 -9999.0 -9999.0 -9999.0 -9999.0 -9999.0 -9999.0 -9999.0 -9999.0 -9999.0 -9999.0 -9999.0
-9999.0 -9999.0 -9999.0 -9999.0 -9999.0 -9999.0 -9999.0 -9999.0 -9999.0 -9999.0 -9999.0 -9999.0 -9999.0 -9999.0 -9999.0 -9999.0 -9999.0 -9999.0 -9999.0 -9999.0 -9999.0 -9999.0 -9999.0 -9999.0 -9999.0 -9999.0 -9999.0 0.092549 0.310484 0.113985 0.368808 0.168100 0.038905 -9999.0 -9999.0 -9999.0 -9999.0 -9999.0 -9999.0 -9999.0 -9999.0 -9999.0 -9999.0 -9999.0 -9999.0 -9999.0 -9999.0 -9999.0 -9999.0 -9999.0 -9999.0 -9999.0 -9999.0 -9999.0 -9999.0 -9999.0 -9999.0 -9999.0 -9999.0 -9999.0 -9999.0 -9999.0 -9999.0
-9999.0 -9999.0 -9999.0 -9999.0 -9999.0 -9999.0 -9999.0 -9999.0 -9999.0 -9999.0 -9999.0 -9999.0 -9999.0 -9999.0 -9999.0 -9999.0 -9999.0 -9999.0 -9999.0 -9999.0 -9999.0 -9999.0 -9999.0 -9999.0 0.320736 0.314234 0.311504 0.316247 0.331762 0.326106 0.361766 -9999.0 -9999.0 -9999.0 -9999.0 -9999.0 -9999.0 -9999.0 -9999.0 -9999.0 -9999.0 -9999.0 -9999.0 -9999.0 -9999.0 -9999.0 -9999.0 -9999.0 -9999.0 -9999.0 -9999.0 -9999.0 -9999.0 -9999.0 -9999.0 -9999.0 -9999.0 -9999.0 -9999.0 -9999.0 -9999.0 -9999.0 -9999.0
-9999.0 -9999.0 -9999.0 -9999.0 -9999.0 -9999.0 -9999.0 -9999.0 -9999.0 -9999.0 -9999.0 -9999.0 -9999.0 -9999.0 -9999.0 -9999.0 -9999.0 -9999.0 -9999.0 -9999.0 -9999.0 -9999.0 -9999.0 0.305514 0.288729 0.086894 0.080473 0.058705 0.061771 0.265189 0.358720 0.391390 -9999.0 -9999.0 -9999.0 -9999.0 -9999.0 -9999.0 -9999.0 -9999.0 -9999.0 -9999.0 -9999.0 -9999.0 -9999.0 -9999.0 -9999.0 -9999.0 -9999.0 -9999.0 -9999.0 -9999.0 -9999.0 -9999.0 -9999.0 -9999.0 -9999.0 -9999.0 -9999.0 -9999.0 -9999.0 -9999.0 -9999.0
-9999.0 -9999.0 -9999.0 -9999.0 -9999.0 -9999.0 -9999.0 -9999.0 -9999.0 -9999.0 -9999.0 -9999.0 -9999.0 -9999.0 -9999.0 -9999.0 -9999.0 -9999.0 0.205180 0.266121 -9999.0 0.290798 0.277862 0.060097 0.083979 0.059418 0.203715 0.173432 0.210040 0.165451 0.297435 0.356240 0.087317 0.070226 -9999.0 -9999.0 -9999.0 -9999.0 -9999.0 -9999.0 -9999.0 -9999.0 -9999.0 -9999.0 -9999.0 -9999.0 -9999.0 -9999.0 -9999.0 -9999.0 -9999.0 -9999.0 -9999.0 -9999.0 -9999.0 -9999.0 -9999.0 -9999.0 -9999.0 -9999.0 -9999.0 -9999.0 -9999.0
-9999.0 -9999.0 -9999.0 -9999.0 -9999.0 -9999.0 -9999.0 -9999.0 -9999.0 -9999.0 -9999.0 -9999.0 -9999.0 -9999.0 -9999.0 -9999.0 -9999.0 0.084860 0.077966 0.020331 0.081781 0.235483 0.151836 0.067088 0.163683 0.251412 0.056843 0.229408 0.065638 0.230859 0.290134 0.289648 0.100080 0.063098 0.056078 0.058511 -9999.0 -9999.0 -9999.0 -9999.0 -9999.0 -9999.0 -9999.0 -9999.0 -9999.0 -9999.0 -9999.0 -9999.0 -9999.0 -9999.0 -9999.0 -9999.0 -9999.0 -9999.0 -9999.0 -9999.0 -9999.0 -9999.0 -9999.0 -9999.0 -9999.0 -9999.0 -9999.0
-9999.0 -9999.0 -9999.0 -9999.0 -9999.0 -9999.0 -9999.0 -9999.0 -9999.0 -9999.0 -9999.0 -9999.0 -9999.0 0.154767 0.093875 0.096454 0.081724 0.022194 0.085976 0.059887 0.082999 0.088167 0.061515 0.119492 0.230654 0.278641 0.021888 0.065796 0.066018 0.277553 0.040691 0.331577 0.332062 0.372778 0.136542 0.063894 -9999.0 -9999.0 -9999.0 -9999.0 -9999.0 -9999.0 -9999.0 -9999.0 -9999.0 -9999.0 -9999.0 -9999.0 -9999.0 -9999.0 -9999.0 -9999.0 -9999.0 -9999.0 -9999.0 -9999.0 -9999.0 -9999.0 -9999.0 -9999.0 -9999.0 -9999.0 -9999.0
-9999.0 -9999.0 -9999.0 -9999.0 -9999.0 -9999.0 -9999.0 -9999.0 -9999.0 -9999.0 -9999.0 -9999.0 -9999.0 0.196875 0.081071 0.087117 0.083548 0.157069 0.022189 0.078627 0.064208 0.062663 0.105110 0.163711 0.142022 0.160085 0.297693 0.113744 0.112433 0.055185 0.047319 0.353779 0.107671 0.066940 0.104661 -9999.0 -9999.0 -9999.0 -9999.0 -9999.0 -9999.0 -9999.0 -9999.0 -9999.0 -9999.0 -9999.0 -9999.0 -9999.0 -9999.0 -9999.0 -9999.0 -9999.0 -9999.0 -9999.0 -9999.0 -9999.0 -9999.0 -9999.0 -9999.0 -9999.0 -9999.0 -9999.0 -9999.0
-9999.0 -9999.0 -9999.0 -9999.0 -9999.0 -9999.0 -9999.0 -9999.0 -9999.0 -9999.0 -9999.0 -9999.0 -9999.0 0.079190 0.430000 0.082670 0.086364 0.084927 0.022167 0.083803 0.134842 0.020379 0.239271 0.095869 0.095700 0.137334 0.081712 0.092657 0.379400 0.068455 0.385869 0.090289 0.057110 0.020025 0.084432 -9999.0 -9999.0 -9999.0 -9999.0 -9999.0 -9999.0 -9999.0 -9999.0 -9999.0 -9999.0 -9999.0 -9999.0 -9999.0 -9999.0 -9999.0 -9999.0 -9999.0 -9999.0 -9999.0 -9999.0 -9999.0 -9999.0 -9999.0 -9999.0 -9999.0 -9999.0 -9999.0 -9999.0
-9999.0 -9999.0 -9999.0 -9999.0 -9999.0 -9999.0 -9999.0 -9999.0 -9999.0 -9999.0 -9999.0 -9999.0 0.060813 0.430000 0.080341 0.083942 0.120900 0.092296 0.123804 0.020297 0.083888 0.233960 0.035380 0.153181 0.040467 0.300542 0.040057 0.358276 0.369072 0.119997 0.395817 0.092994 0.412844 0.058360 -9999.0 -9999.0 -9999.0 -9999.0 -9999.0 -9999.0 -9999.0 -9999.0 -9999.0 -9999.0 -9999.0 -9999.0 -9999.0 -9999.0 -9999.0 -9999.0 -9999.0 -9999.0 -9999.0 -9999.0 -9999.0 -9999.0 -9999.0 -9999.0 -9999.0 -9999.0 -9999.0 -9999.0 -9999.0
-9999.0 -9999.0 -9999.0 -9999.0 -9999.0 -9999.0 -9999.0 -9999.0 -9999.0 -9999.0 -9999.0 0.222369 0.081818 0.430000 0.080619 0.171449 0.020273 0.088736 0.175059 0.020261 0.067978 0.136203 0.221558 0.278443 0.258590 0.316780 0.367846 0.339500 0.429964 0.109504 0.094202 0.335523 0.114348 0.082537 0.090716 0.099974 0.340977 0.223684 0.129127 -9999.0 -9999.0 -9999.0 0.052395 -9999.0 -9999.0 -9999.0 -9999.0 -9999.0 -9999.0 -9999.0 -9999.0 -9999.0 -9999.0 -9999.0 -9999.0 -9999.0 -9999.0 -9999.0 -9999.0 -9999.0 -9999.0 -9999.0 -9999.0
-9999.0 -9999.0 -9999.0 -9999.0 -9999.0 -9999.0 -9999.0 -9999.0 -9999.0 -9999.0 -9999.0 0.230395 0.081328 0.057974 0.077396 0.128565 0.071318 0.074818 0.162324 0.111401 0.150059 0.163333 0.323837 0.040228 0.040384 0.321020 0.333681 0.323579 0.138465 0.097651 0.342842 0.344616 0.385267 0.402753 0.363484 0.339739 0.286541 0.161628 0.170805 0.061061 0.078120 0.084866 0.359879 0.093118 -9999.0 -9999.0 -9999.0 0.343730 0.394168 0.106278 0.388421 0.076327 0.082182 0.073790 0.071337 0.098100 -9999.0 -9999.0 -9999.0 -9999.0 -9999.0 -9999.0 -9999.0
-9999.0 -9999.0 -9999.0 -9999.0 -9999.0 -9999.0 -9999.0 -9999.0 -9999.0 -9999.0 -9999.0 0.242003 0.215643 0.218460 0.205191 0.121644 0.096899 0.081643 0.081251 0.107587 0.159284 0.294780 0.041329 0.339412 0.315020 0.098016 0.040788 0.040039 0.104642 0.369119 0.102667 0.040290 0.337026 0.398078 0.105194 0.313614 0.040501 0.040282 0.131812 0.063048 0.259017 0.148329 0.335162 0.348806 0.411266 -9999.0 0.058079 0.418582 0.378064 0.341807 0.157101 0.118410 0.156330 0.368151 0.177186 0.400256 -9999.0 -9999.0 -9999.0 -9999.0 -9999.0 -9999.0 -9999.0
-9999.0 -9999.0 -9999.0 -9999.0 -9999.0 -9999.0 -9999.0 -9999.0 -9999.0 -9999.0 -9999.0 -9999.0 0.241903 0.384672 0.191214 0.188399 0.143707 0.085740 0.163241 0.112897 0.112530 0.191126 0.060389 0.041284 0.040140 0.040646 0.430000 0.147956 0.361886 0.097475 0.339229 0.040554 0.150613 0.387410 0.396307 0.339661 0.040907 0.040257 0.227987 0.073205 0.158904 0.077038 0.042188 0.324485 0.091169 0.407459 0.073972 0.403039 0.040147 0.041031 0.066669 0.040201 0.040034 0.040096 0.040131 0.399658 0.397807 -9999.0 -9999.0 -9999.0 -9999.0 -9999.0 -9999.0
-9999.0 -9999.0 -9999.0 -9999.0 -9999.0 -9999.0 -9999.0 -9999.0 -9999.0 -9999.0 -9999.0 0.045118 0.271343 0.110795 0.417326 0.230697 0.138081 0.110850 0.127905 0.122257 0.100084 0.192989 0.418970 0.040733 0.040862 0.040126 0.041065 0.356785 0.361722 0.100994 0.040672 0.040138 0.298929 0.377368 0.373681 0.359337 0.290631 0.047246 0.195457 0.123517 0.046846 0.176855 0.067495 0.028537 0.252964 0.359684 0.354121 0.088556 0.090237 0.028809 0.020102 0.352235 0.040053 0.020040 0.020028 0.020034 0.109764 -9999.0 -9999.0 -9999.0 -9999.0 -9999.0 -9999.0
-9999.0 -9999.0 -9999.0 -9999.0 -9999.0 -9999.0 -9999.0 -9999.0 -9999.0 -9999.0 0.430000 0.055549 0.275970 0.262159 0.226630 0.429960 0.429938 0.213925 0.100946 0.126684 0.145879 0.230095 0.040875 0.279553 0.090290 0.040192 0.040299 0.020062 0.142879 0.252824 0.041976 0.040124 0.291298 0.377376 0.087022 0.095932 0.276167 0.041738 0.041172 0.375825 0.304403 0.023833 0.167375 0.259089 0.079884 0.099965 0.308849 0.046629 0.041289 0.130548 0.020056 0.100431 0.020026 0.020168 0.021870 0.376241 0.379553 -9999.0 -9999.0 -9999.0 -9999.0 -9999.0 -9999.0
-9999.0 -9999.0 -9999.0 -9999.0 -9999.0 -9999.0 -9999.0 -9999.0 -9999.0 0.313689 0.315808 0.063565 0.079746 0.046133 0.046840 0.060413 0.074115 0.206058 0.083340 0.116507 0.135150 0.120173 0.140561 0.167581 0.351200 0.040111 0.040114 0.293188 0.060663 0.104576 0.402129 0.020129 0.114061 0.082209 0.086918 0.096591 0.296112 0.040539 0.041174 0.047517 0.040307 0.040965 0.041219 0.153844 0.175427 0.072506 0.224169 0.042289 0.042569 0.393880 0.020300 0.106267 0.020029 0.029214 0.092885 0.040038 0.040080 0.130582 0.108100 -9999.0 -9999.0 -9999.0 -9999.0
-9999.0 -9999.0 -9999.0 -9999.0 -9999.0 -9999.0 -9999.0 -9999.0 -9999.0 0.152248 0.312562 0.238696 0.430000 0.272551 0.068965 0.045043 0.271181 0.199339 0.079930 0.107418 0.117649 0.080880 0.195351 0.296714 0.040243 0.040454 0.047114 0.118253 0.361734 0.290043 0.263678 0.040054 0.347796 0.388185 0.376527 0.093062 0.095979 0.103259 0.310257 0.280770 0.040914 0.040326 0.053760 0.298201 0.169277 0.194977 0.174704 0.207848 0.244168 0.281441 0.020061 0.040015 0.020336 0.040204 0.172896 0.040023 0.040093 0.040282 0.124062 -9999.0 -9999.0 -9999.0 -9999.0
-9999.0 -9999.0 -9999.0 -9999.0 -9999.0 -9999.0 -9999.0 -9999.0 -9999.0 -9999.0 0.341485 0.281189 0.076413 0.040505 0.305755 0.074755 0.230734 0.140941 0.077415 0.103880 0.124010 0.077270 0.130070 0.041696 0.040829 0.080772 0.402796 0.291323 0.265628 0.040091 0.040061 0.040044 0.040042 0.380757 0.357654 0.303256 0.290896 0.304934 0.106599 0.344877 0.343770 0.322893 0.430000 0.076485 0.161081 0.258213 0.104792 0.193477 0.069609 0.220239 0.020108 0.020157 0.062276 0.020253 0.040179 0.429908 0.423377 0.040201 0.055264 0.097001 -9999.0 -9999.0 -9999.0
-9999.0 -9999.0 -9999.0 -9999.0 -9999.0 -9999.0 -9999.0 -9999.0 -9999.0 -9999.0 0.374615 0.319526 0.304244 0.128992 0.305341 0.197915 0.200749 0.120108 0.090777 0.084757 0.090216 0.099357 0.091078 0.065174 0.085709 0.366102 0.265414 0.167602 0.040150 0.040053 0.339182 0.368954 0.020083 0.377522 0.332971 0.324473 0.040235 0.047528 0.040209 0.361295 0.342727 0.163192 0.045292 0.254762 0.294877 0.021114 0.141218 0.180616 0.091710 0.131056 0.430000 0.040246 0.040030 0.113144 0.020143 0.020262 0.366278 0.042000 0.430000 0.364026 -9999.0 -9999.0 -9999.0
-9999.0 -9999.0 -9999.0 -9999.0 -9999.0 -9999.0 -9999.0 -9999.0 0.348522 0.348272 0.164106 0.356176 0.040662 0.052750 0.055038 0.214706 0.071485 0.080612 0.083607 0.082285 0.082292 0.076323 0.079012 0.091433 0.216899 0.259510 0.280095 0.040465 0.040386 0.040059 0.086278 0.343954 0.341999 0.371774 0.354265 0.307119 0.194617 0.054619 0.040035 0.093022 0.093936 0.326112 0.020107 0.102464 0.084332 0.430000 0.040041 0.050958 0.241589 0.250955 0.341848 0.020383 0.040069 0.040013 0.020415 0.177836 0.123994 0.305393 0.245356 0.131818 -9999.0 -9999.0 -9999.0
-9999.0 -9999.0 -9999.0 -9999.0 -9999.0 -9999.0 -9999.0 -9999.0 0.020075 0.040167 0.040082 0.365700 0.316790 0.040096 0.040364 0.247136 0.109025 0.094073 0.063001 0.081993 0.157244 0.091185 0.084906 0.079669 0.080100 0.139365 0.292018 0.054594 0.020088 0.366901 0.393882 0.078937 0.331126 0.081122 0.344687 0.315067 0.194989 0.430000 0.055467 0.287326 0.338846 0.184796 0.086192 0.270012 0.430000 0.041983 0.020080 0.300100 0.061550 0.300482 0.329542 0.068246 0.040011 0.423693 0.158985 0.020091 0.041390 0.125638 0.171822 0.135771 0.085452 -9999.0 -9999.0
-9999.0 -9999.0 -9999.0 -9999.0 -9999.0 -9999.0 -9999.0 -9999.0 0.332101 0.430000 0.414441 0.040045 0.386903 0.020124 0.042432 0.040492 0.177128 0.084594 0.074551 0.155743 0.081738 0.089763 0.084389 0.082252 0.093960 0.095529 0.280742 0.040165 0.020066 0.341630 0.076941 0.345387 0.040234 0.020382 0.328274 0.218617 0.326718 0.314100 0.064190 0.047382 0.300726 0.075516 0.324397 0.430000 0.040527 0.330716 0.079164 0.353284 0.040191 0.170484 0.230094 0.377161 0.040017 0.040012 0.056556 0.131669 0.417850 0.248350 0.083140 0.142703 0.121126 -9999.0 -9999.0
-9999.0 -9999.0 -9999.0 -9999.0 -9999.0 -9999.0 -9999.0 -9999.0 0.087326 0.304388 0.048220 0.020067 0.348488 0.040465 0.020758 0.309123 0.069447 0.076003 0.124483 0.084227 0.083035 0.083961 0.092003 0.090346 0.103555 0.170743 0.064753 0.040058 0.299813 0.041421 0.042780 0.052765 0.135463 0.118485 0.025562 0.179132 0.137774 0.089317 0.243277 0.087142 0.242275 0.239369 0.251044 0.082543 0.335664 0.086523 0.138729 0.096053 0.315352 0.041295 0.230555 0.191866 0.340051 0.059626 0.417559 0.381131 0.190251 0.153931 0.128339 0.125111 0.124300 0.153885 -9999.0
-9999.0 -9999.0 -9999.0 -9999.0 -9999.0 -9999.0 -9999.0 -9999.0 0.081673 0.371596 0.040075 0.040093 0.040700 0.042620 0.355843 0.203964 0.212208 0.108976 0.147099 0.092175 0.088812 0.088551 0.084678 0.084247 0.082323 0.180340 0.040227 0.084867 0.305503 0.430000 0.042418 0.370727 0.234948 0.323828 0.243933 0.095479 0.065535 0.078382 0.071857 0.225744 0.202586 0.041493 0.266407 0.076615 0.041826 0.239336 0.059870 0.052813 0.057186 0.380412 0.178440 0.136149 0.178511 0.228526 0.321529 0.291955 0.211180 0.160226 0.142511 0.081771 0.096579 0.161249 -9999.0
-9999.0 -9999.0 0.143888 0.330544 0.040027 0.040346 0.040065 0.040071 0.395530 0.381268 0.040624 0.040221 0.044418 0.430000 0.252322 0.427951 0.131739 0.040167 0.049195 0.254483 0.092440 0.092946 0.117746 0.082795 0.089943 0.103271 0.206035 0.214886 0.133640 0.247690 0.151016 0.161207 0.170429 0.101064 0.087058 0.082888 0.080994 0.074204 0.065088 0.076423 0.062132 0.063397 0.081367 0.163082 0.228994 0.202487 0.267469 0.233616 0.083966 0.109167 0.085238 0.134292 0.194712 0.230561 0.260316 0.232044 0.213544 0.169721 0.130910 0.114997 0.173130 0.172949 -9999.0
-9999.0 0.045644 0.041002 0.041036 0.040424 0.040138 0.040096 0.040077 0.040033 0.384628 0.040095 0.040405 0.238408 0.325020 0.415833 0.041016 0.040683 0.040221 0.040559 0.207439 0.096466 0.084679 0.157314 0.129580 0.085380 0.085768 0.093636 0.101301 0.082512 0.137864 0.084114 0.084224 0.083347 0.098699 0.080345 0.082885 0.076418 0.070975 0.082237 0.082677 0.080178 0.080321 0.073887 0.079758 0.084554 0.081776 0.128658 0.076909 0.080746 0.117666 0.135366 0.171914 0.213366 0.260234 0.263862 0.366046 0.317316 0.293530 0.354754 0.282360 0.252655 0.175951 -9999.0
-9999.0 0.310292 0.086101 0.066447 0.316120 0.051179 0.040036 0.040047 0.379646 0.170420 0.040109 0.040162 0.301416 0.348129 0.045210 0.040031 0.040083 0.040158 0.040757 0.113034 0.304850 0.185931 0.151928 0.184036 0.187379 0.160970 0.080251 0.084493 0.099537 0.074329 0.072800 0.073530 0.087699 0.091498 0.092490 0.084839 0.145000 0.140770 0.080618 0.080766 0.081097 0.086703 0.079230 0.081076 0.077844 0.071318 0.091003 0.094869 0.101099 0.115461 0.140289 0.177148 0.264873 0.378951 0.430000 0.079265 0.040656 0.055680 0.070317 0.045852 0.089749 -9999.0 -9999.0
-9999.0 0.128274 0.047091 0.041946 0.330935 0.307280 0.319977 0.040082 0.040202 0.040103 0.040610 0.100708 0.305757 0.410535 0.040099 0.040015 0.040056 0.040029 0.040020 0.040298 0.046141 0.083802 0.156840 0.204496 0.196971 0.132839 0.120457 0.113616 0.084044 0.095563 0.081621 0.081200 0.092215 0.089571 0.085890 0.083393 0.082768 0.138456 0.082278 0.082109 0.082299 0.143817 0.083693 0.080679 0.080761 0.088865 0.091980 0.103476 0.126574 0.121717 0.187201 0.269518 0.097392 0.430000 0.043027 0.040149 0.040139 0.040081 0.040098 -9999.0 -9999.0 -9999.0 -9999.0
