user2019/resources/simulation/Vinschgau/output-maps/thetaliqL0007N1363.asc
ncols         63
nrows         48
xllcorner     598000.000000
yllcorner     5145000.000000
cellsize      1000.000000
NODATA_value  -9999.0
[rows 0 to 28 of 48, columns 0 to 62 of 63]
-9999.0 -9999.0 -9999.0 -9999.0 -9999.0 -9999.0 -9999.0 -9999.0 -9999.0 -9999.0 -9999.0 -9999.0 -9999.0 -9999.0 -9999.0 -9999.0 -9999.0 -9999.0 -9999.0 -9999.0 -9999.0 -9999.0 -9999.0 -9999.0 -9999.0 -9999.0 -9999.0 -9999.0 -9999.0 -9999.0 -9999.0 -9999.0 -9999.0 -9999.0 -9999.0 -9999.0 -9999.0 -9999.0 -9999.0 -9999.0 -9999.0 -9999.0 -9999.0 -9999.0 -9999.0 -9999.0 -9999.0 -9999.0 -9999.0 -9999.0 -9999.0 -9999.0 -9999.0 -9999.0 -9999.0 -9999.0 -9999.0 -9999.0 -9999.0 -9999.0 -9999.0 -9999.0 -9999.0
-9999.0 -9999.0 -9999.0 -9999.0 -9999.0 -9999.0 -9999.0 -9999.0 -9999.0 -9999.0 -9999.0 -9999.0 -9999.0 -9999.0 -9999.0 -9999.0 -9999.0 -9999.0 -9999.0 -9999.0 -9999.0 -9999.0 -9999.0 -9999.0 -9999.0 -9999.0 -9999.0 0.051196 0.131778 0.051290 0.136487 0.079402 0.020123 -9999.0 -9999.0 -9999.0 -9999.0 -9999.0 -9999.0 -9999.0 -9999.0 -9999.0 -9999.0 -9999.0 -9999.0 -9999.0 -9999.0 -9999.0 -9999.0 -9999.0 -9999.0 -9999.0 -9999.0 -9999.0 -9999.0 -9999.0 -9999.0 -9999.0 -9999.0 -9999.0 -9999.0 -9999.0 -9999.0
-9999.0 -9999.0 -9999.0 -9999.0 -9999.0 -9999.0 -9999.0 -9999.0 -9999.0 -9999.0 -9999.0 -9999.0 -9999.0 -9999.0 -9999.0 -9999.0 -9999.0 -9999.0 -9999.0 -9999.0 -9999.0 -9999.0 -9999.0 -9999.0 0.175547 0.173137 0.174783 0.176555 0.179622 0.159353 0.123108 -9999.0 -9999.0 -9999.0 -9999.0 -9999.0 -9999.0 -9999.0 -9999.0 -9999.0 -9999.0 -9999.0 -9999.0 -9999.0 -9999.0 -9999.0 -9999.0 -9999.0 -9999.0 -9999.0 -9999.0 -9999.0 -9999.0 -9999.0 -9999.0 -9999.0 -9999.0 -9999.0 -9999.0 -9999.0 -9999.0 -9999.0 -9999.0
-9999.0 -9999.0 -9999.0 -9999.0 -9999.0 -9999.0 -9999.0 -9999.0 -9999.0 -9999.0 -9999.0 -9999.0 -9999.0 -9999.0 -9999.0 -9999.0 -9999.0 -9999.0 -9999.0 -9999.0 -9999.0 -9999.0 -9999.0 0.171655 0.172778 0.166460 0.021777 0.020472 0.020496 0.122478 0.126624 0.119865 -9999.0 -9999.0 -9999.0 -9999.0 -9999.0 -9999.0 -9999.0 -9999.0 -9999.0 -9999.0 -9999.0 -9999.0 -9999.0 -9999.0 -9999.0 -9999.0 -9999.0 -9999.0 -9999.0 -9999.0 -9999.0 -9999.0 -9999.0 -9999.0 -9999.0 -9999.0 -9999.0 -9999.0 -9999.0 -9999.0 -9999.0
-9999.0 -9999.0 -9999.0 -9999.0 -9999.0 -9999.0 -9999.0 -9999.0 -9999.0 -9999.0 -9999.0 -9999.0 -9999.0 -9999.0 -9999.0 -9999.0 -9999.0 -9999.0 0.292456 0.166345 -9999.0 0.172344 0.171873 0.020545 0.023373 0.020532 0.278984 0.257697 0.266938 0.040798 0.136824 0.135912 0.049664 0.041857 -9999.0 -9999.0 -9999.0 -9999.0 -9999.0 -9999.0 -9999.0 -9999.0 -9999.0 -9999.0 -9999.0 -9999.0 -9999.0 -9999.0 -9999.0 -9999.0 -9999.0 -9999.0 -9999.0 -9999.0 -9999.0 -9999.0 -9999.0 -9999.0 -9999.0 -9999.0 -9999.0 -9999.0 -9999.0
-9999.0 -9999.0 -9999.0 -9999.0 -9999.0 -9999.0 -9999.0 -9999.0 -9999.0 -9999.0 -9999.0 -9999.0 -9999.0 -9999.0 -9999.0 -9999.0 -9999.0 0.149232 0.020694 0.020521 0.051142 0.300735 0.041988 0.020654 0.249950 0.046885 0.023139 0.064114 0.023600 0.284840 0.174606 0.152294 0.051357 0.051382 0.040416 0.032944 -9999.0 -9999.0 -9999.0 -9999.0 -9999.0 -9999.0 -9999.0 -9999.0 -9999.0 -9999.0 -9999.0 -9999.0 -9999.0 -9999.0 -9999.0 -9999.0 -9999.0 -9999.0 -9999.0 -9999.0 -9999.0 -9999.0 -9999.0 -9999.0 -9999.0 -9999.0 -9999.0
-9999.0 -9999.0 -9999.0 -9999.0 -9999.0 -9999.0 -9999.0 -9999.0 -9999.0 -9999.0 -9999.0 -9999.0 -9999.0 0.136712 0.047175 0.147792 0.103031 0.050001 0.151664 0.020571 0.023212 0.024927 0.020580 0.131783 0.056622 0.169499 0.020163 0.020243 0.020194 0.066958 0.020207 0.178181 0.144839 0.133013 0.051840 0.027740 -9999.0 -9999.0 -9999.0 -9999.0 -9999.0 -9999.0 -9999.0 -9999.0 -9999.0 -9999.0 -9999.0 -9999.0 -9999.0 -9999.0 -9999.0 -9999.0 -9999.0 -9999.0 -9999.0 -9999.0 -9999.0 -9999.0 -9999.0 -9999.0 -9999.0 -9999.0 -9999.0
-9999.0 -9999.0 -9999.0 -9999.0 -9999.0 -9999.0 -9999.0 -9999.0 -9999.0 -9999.0 -9999.0 -9999.0 -9999.0 0.161252 0.021985 0.121254 0.110486 0.248522 0.050020 0.021517 0.020125 0.050712 0.022593 0.032894 0.053539 0.020733 0.115675 0.051781 0.051830 0.020295 0.023344 0.119795 0.051808 0.020872 0.035662 -9999.0 -9999.0 -9999.0 -9999.0 -9999.0 -9999.0 -9999.0 -9999.0 -9999.0 -9999.0 -9999.0 -9999.0 -9999.0 -9999.0 -9999.0 -9999.0 -9999.0 -9999.0 -9999.0 -9999.0 -9999.0 -9999.0 -9999.0 -9999.0 -9999.0 -9999.0 -9999.0 -9999.0
-9999.0 -9999.0 -9999.0 -9999.0 -9999.0 -9999.0 -9999.0 -9999.0 -9999.0 -9999.0 -9999.0 -9999.0 -9999.0 0.021468 0.200000 0.154477 0.118903 0.116305 0.050031 0.143557 0.148149 0.020638 0.044142 0.036362 0.054052 0.061288 0.051230 0.051826 0.130264 0.041073 0.121926 0.020546 0.020444 0.020021 0.022352 -9999.0 -9999.0 -9999.0 -9999.0 -9999.0 -9999.0 -9999.0 -9999.0 -9999.0 -9999.0 -9999.0 -9999.0 -9999.0 -9999.0 -9999.0 -9999.0 -9999.0 -9999.0 -9999.0 -9999.0 -9999.0 -9999.0 -9999.0 -9999.0 -9999.0 -9999.0 -9999.0 -9999.0
-9999.0 -9999.0 -9999.0 -9999.0 -9999.0 -9999.0 -9999.0 -9999.0 -9999.0 -9999.0 -9999.0 -9999.0 0.020564 0.200000 0.021657 0.039800 0.172546 0.136083 0.220428 0.020487 0.023245 0.052249 0.020737 0.026976 0.040138 0.118366 0.020074 0.126277 0.154230 0.051805 0.029892 0.048424 0.075380 0.029104 -9999.0 -9999.0 -9999.0 -9999.0 -9999.0 -9999.0 -9999.0 -9999.0 -9999.0 -9999.0 -9999.0 -9999.0 -9999.0 -9999.0 -9999.0 -9999.0 -9999.0 -9999.0 -9999.0 -9999.0 -9999.0 -9999.0 -9999.0 -9999.0 -9999.0 -9999.0 -9999.0 -9999.0 -9999.0
-9999.0 -9999.0 -9999.0 -9999.0 -9999.0 -9999.0 -9999.0 -9999.0 -9999.0 -9999.0 -9999.0 0.165131 0.042662 0.430000 0.021731 0.157153 0.020495 0.123097 0.279989 0.020451 0.020118 0.215598 0.146289 0.128610 0.020748 0.141612 0.110529 0.142555 0.030408 0.032451 0.048054 0.151568 0.051535 0.042992 0.046013 0.051378 0.053772 0.051901 0.051134 -9999.0 -9999.0 -9999.0 0.036750 -9999.0 -9999.0 -9999.0 -9999.0 -9999.0 -9999.0 -9999.0 -9999.0 -9999.0 -9999.0 -9999.0 -9999.0 -9999.0 -9999.0 -9999.0 -9999.0 -9999.0 -9999.0 -9999.0 -9999.0
-9999.0 -9999.0 -9999.0 -9999.0 -9999.0 -9999.0 -9999.0 -9999.0 -9999.0 -9999.0 -9999.0 0.164933 0.025459 0.020451 0.021047 0.119474 0.020748 0.020402 0.268342 0.242240 0.152455 0.154979 0.176321 0.020140 0.020223 0.133715 0.135438 0.151776 0.051291 0.043612 0.143899 0.167856 0.120204 0.060301 0.082177 0.087445 0.068784 0.053242 0.052365 0.041894 0.046990 0.042193 0.126031 0.051762 -9999.0 -9999.0 -9999.0 0.040251 0.020236 0.026785 0.020435 0.020283 0.020284 0.040069 0.040071 0.020268 -9999.0 -9999.0 -9999.0 -9999.0 -9999.0 -9999.0 -9999.0
-9999.0 -9999.0 -9999.0 -9999.0 -9999.0 -9999.0 -9999.0 -9999.0 -9999.0 -9999.0 -9999.0 0.169401 0.162049 0.020801 0.296799 0.146249 0.089974 0.021131 0.139875 0.239535 0.250804 0.021114 0.020359 0.179519 0.129879 0.051262 0.020284 0.020060 0.051770 0.104536 0.051839 0.020153 0.142307 0.060138 0.051650 0.073653 0.020358 0.020369 0.052437 0.051335 0.052066 0.051456 0.099785 0.127069 0.033257 -9999.0 0.020591 0.031587 0.142989 0.152278 0.111518 0.051237 0.108809 0.152093 0.115348 0.042245 -9999.0 -9999.0 -9999.0 -9999.0 -9999.0 -9999.0 -9999.0
-9999.0 -9999.0 -9999.0 -9999.0 -9999.0 -9999.0 -9999.0 -9999.0 -9999.0 -9999.0 -9999.0 -9999.0 0.168031 0.085129 0.161017 0.160516 0.041037 0.021701 0.257109 0.242479 0.025629 0.020938 0.020479 0.020812 0.020110 0.020246 0.200000 0.093217 0.135048 0.051376 0.139508 0.020278 0.087068 0.126951 0.101776 0.071620 0.020292 0.020310 0.077181 0.051122 0.063217 0.051153 0.020803 0.175796 0.051353 0.032093 0.024491 0.037403 0.020111 0.020628 0.135759 0.020261 0.040024 0.040088 0.020102 0.164304 0.030238 -9999.0 -9999.0 -9999.0 -9999.0 -9999.0 -9999.0
-9999.0 -9999.0 -9999.0 -9999.0 -9999.0 -9999.0 -9999.0 -9999.0 -9999.0 -9999.0 -9999.0 0.041300 0.168034 0.099754 0.026857 0.096071 0.102161 0.026107 0.147278 0.207757 0.023486 0.053667 0.041943 0.020264 0.020290 0.020283 0.041085 0.123638 0.118564 0.051333 0.020252 0.020261 0.158604 0.132156 0.073709 0.096550 0.052321 0.020586 0.184710 0.052543 0.020406 0.034344 0.024867 0.020325 0.148281 0.123885 0.150989 0.051286 0.051205 0.020323 0.020067 0.123316 0.020064 0.020037 0.020031 0.020100 0.048204 -9999.0 -9999.0 -9999.0 -9999.0 -9999.0 -9999.0
-9999.0 -9999.0 -9999.0 -9999.0 -9999.0 -9999.0 -9999.0 -9999.0 -9999.0 -9999.0 0.430000 0.023353 0.172166 0.169772 0.165577 0.035408 0.030072 0.058881 0.155591 0.214058 0.261751 0.311596 0.020452 0.170566 0.050215 0.040080 0.020164 0.020047 0.099487 0.146544 0.022737 0.020312 0.144310 0.128430 0.031167 0.051448 0.071084 0.020449 0.021368 0.106431 0.021044 0.020908 0.050670 0.333081 0.027919 0.051208 0.143572 0.021186 0.021103 0.105071 0.020044 0.020437 0.020028 0.020071 0.020087 0.143912 0.143504 -9999.0 -9999.0 -9999.0 -9999.0 -9999.0 -9999.0
-9999.0 -9999.0 -9999.0 -9999.0 -9999.0 -9999.0 -9999.0 -9999.0 -9999.0 0.132716 0.380794 0.054054 0.024707 0.020726 0.049153 0.024210 0.027463 0.162151 0.021591 0.201244 0.255334 0.033094 0.020739 0.072545 0.405010 0.020125 0.020098 0.148346 0.020878 0.028654 0.145832 0.020107 0.051774 0.035422 0.048323 0.051814 0.139113 0.020237 0.020351 0.023489 0.020377 0.020803 0.020576 0.034064 0.020743 0.020424 0.158748 0.020508 0.020531 0.421900 0.020165 0.041398 0.020068 0.020075 0.020119 0.020060 0.020096 0.051336 0.020302 -9999.0 -9999.0 -9999.0 -9999.0
-9999.0 -9999.0 -9999.0 -9999.0 -9999.0 -9999.0 -9999.0 -9999.0 -9999.0 0.111127 0.134039 0.137005 0.200000 0.097583 0.026737 0.020653 0.169609 0.105653 0.021124 0.238601 0.245090 0.110015 0.275798 0.170660 0.020188 0.020199 0.020894 0.087434 0.139868 0.353117 0.080067 0.020084 0.141042 0.092090 0.145065 0.051365 0.051263 0.051199 0.096421 0.144361 0.040509 0.020168 0.021749 0.121150 0.260474 0.260732 0.084353 0.020954 0.021013 0.116931 0.020055 0.020035 0.020068 0.020075 0.051581 0.040016 0.020109 0.020162 0.051226 -9999.0 -9999.0 -9999.0 -9999.0
-9999.0 -9999.0 -9999.0 -9999.0 -9999.0 -9999.0 -9999.0 -9999.0 -9999.0 -9999.0 0.131755 0.146350 0.024693 0.040703 0.021122 0.027488 0.101759 0.088003 0.020787 0.196383 0.248908 0.020118 0.074514 0.021187 0.020276 0.028087 0.142673 0.154682 0.080882 0.020112 0.020088 0.040029 0.020058 0.126871 0.152597 0.163674 0.166426 0.173498 0.051235 0.128994 0.108631 0.176001 0.200000 0.021209 0.021559 0.070336 0.020743 0.274471 0.020700 0.021085 0.020092 0.020099 0.020097 0.020066 0.020071 0.030193 0.191612 0.020129 0.021803 0.063181 -9999.0 -9999.0 -9999.0
-9999.0 -9999.0 -9999.0 -9999.0 -9999.0 -9999.0 -9999.0 -9999.0 -9999.0 -9999.0 0.136434 0.140570 0.173921 0.028668 0.363867 0.046785 0.051671 0.177547 0.136576 0.163249 0.139214 0.023945 0.060268 0.023887 0.028491 0.152879 0.334832 0.077234 0.020147 0.020065 0.129931 0.183075 0.020058 0.116499 0.128082 0.176747 0.020136 0.023390 0.020155 0.121905 0.141091 0.051349 0.020822 0.130368 0.364816 0.020189 0.114618 0.021659 0.020234 0.022255 0.022894 0.020153 0.020049 0.020271 0.020052 0.020068 0.020347 0.020456 0.165308 0.393996 -9999.0 -9999.0 -9999.0
-9999.0 -9999.0 -9999.0 -9999.0 -9999.0 -9999.0 -9999.0 -9999.0 0.181143 0.139147 0.081223 0.181908 0.020315 0.021768 0.023814 0.293366 0.020731 0.110824 0.203836 0.155746 0.107655 0.020712 0.021016 0.022430 0.076657 0.336644 0.360891 0.020281 0.020206 0.020068 0.026910 0.135513 0.138003 0.125842 0.143365 0.110617 0.146233 0.024005 0.020065 0.051254 0.051608 0.177554 0.020069 0.051693 0.051074 0.200000 0.020071 0.021203 0.022059 0.313707 0.063308 0.020124 0.020075 0.020031 0.020078 0.107099 0.051271 0.174315 0.021249 0.034187 -9999.0 -9999.0 -9999.0
-9999.0 -9999.0 -9999.0 -9999.0 -9999.0 -9999.0 -9999.0 -9999.0 0.020058 0.020263 0.020087 0.124889 0.131276 0.020091 0.020231 0.069669 0.027998 0.022990 0.020118 0.154808 0.264587 0.226185 0.183366 0.112831 0.021199 0.200896 0.375343 0.023507 0.020061 0.136594 0.071016 0.051247 0.149036 0.051214 0.181418 0.176212 0.168554 0.132188 0.021141 0.143865 0.129424 0.055048 0.051693 0.144641 0.200000 0.020485 0.020056 0.136043 0.023266 0.068370 0.075390 0.025522 0.020045 0.027444 0.105821 0.020120 0.020383 0.021309 0.020828 0.246305 0.163329 -9999.0 -9999.0
-9999.0 -9999.0 -9999.0 -9999.0 -9999.0 -9999.0 -9999.0 -9999.0 0.129442 0.200000 0.070803 0.020059 0.187737 0.020076 0.020486 0.020290 0.042498 0.029676 0.020533 0.262913 0.154230 0.221395 0.180217 0.151439 0.198581 0.022830 0.079654 0.020155 0.020049 0.143534 0.051208 0.180274 0.020144 0.020190 0.177924 0.172939 0.020691 0.039704 0.021696 0.021041 0.140402 0.051207 0.178156 0.200000 0.020230 0.177614 0.051254 0.182614 0.020127 0.027722 0.301830 0.080678 0.020063 0.020046 0.022369 0.025649 0.184920 0.143522 0.020862 0.229854 0.211961 -9999.0 -9999.0
-9999.0 -9999.0 -9999.0 -9999.0 -9999.0 -9999.0 -9999.0 -9999.0 0.025261 0.144782 0.042574 0.020050 0.183024 0.040163 0.020124 0.075762 0.020118 0.020646 0.246882 0.144386 0.158493 0.162301 0.224226 0.215773 0.157760 0.043199 0.069899 0.020086 0.174517 0.021176 0.020550 0.020939 0.020711 0.025737 0.020263 0.122590 0.135541 0.021975 0.022324 0.020586 0.135563 0.147220 0.149738 0.051091 0.177585 0.051155 0.102348 0.051216 0.115357 0.020365 0.082627 0.060968 0.079261 0.052299 0.186768 0.178110 0.029657 0.241059 0.213006 0.216028 0.170033 0.222107 -9999.0
-9999.0 -9999.0 -9999.0 -9999.0 -9999.0 -9999.0 -9999.0 -9999.0 0.020133 0.183964 0.040043 0.020113 0.020609 0.021110 0.180374 0.278166 0.299867 0.025844 0.047877 0.022678 0.132711 0.172770 0.163299 0.160560 0.111991 0.048305 0.020183 0.028581 0.108189 0.030319 0.021027 0.130376 0.045568 0.141298 0.021076 0.020858 0.020745 0.020740 0.020118 0.140544 0.021070 0.020950 0.021059 0.021090 0.020444 0.144616 0.020853 0.021088 0.020861 0.022230 0.020953 0.040647 0.060660 0.100310 0.169942 0.355661 0.285879 0.246573 0.231429 0.020822 0.022576 0.234258 -9999.0
-9999.0 -9999.0 0.090222 0.178480 0.020049 0.020173 0.020080 0.020102 0.116930 0.188748 0.020302 0.040799 0.021718 0.134293 0.169897 0.430000 0.023613 0.020155 0.020974 0.067691 0.022747 0.140908 0.209490 0.137058 0.172477 0.025187 0.049444 0.052943 0.030272 0.169142 0.069864 0.059674 0.254832 0.023030 0.081033 0.021315 0.033172 0.020367 0.020118 0.020118 0.020639 0.020637 0.020118 0.023669 0.021039 0.021043 0.137759 0.303539 0.020740 0.058400 0.037047 0.245606 0.285057 0.305756 0.333118 0.321790 0.289441 0.226436 0.022270 0.026429 0.261263 0.253355 -9999.0
-9999.0 0.020752 0.020560 0.020370 0.020193 0.020255 0.020112 0.020078 0.020051 0.134298 0.020134 0.020253 0.417667 0.383008 0.430000 0.020939 0.020275 0.020140 0.040188 0.067643 0.023326 0.021500 0.266971 0.215756 0.177661 0.159453 0.194740 0.203145 0.038147 0.183140 0.024281 0.037902 0.085270 0.209963 0.022293 0.154223 0.021024 0.020224 0.155532 0.148693 0.021660 0.022836 0.020465 0.020976 0.021670 0.021346 0.219120 0.020656 0.022083 0.199878 0.226482 0.256888 0.289371 0.333044 0.336757 0.416521 0.398251 0.375988 0.412719 0.357620 0.336286 0.258533 -9999.0
-9999.0 0.174285 0.024864 0.024457 0.377067 0.023523 0.020065 0.020061 0.057541 0.081500 0.020094 0.020152 0.083220 0.411725 0.022405 0.020066 0.020086 0.020115 0.020389 0.035126 0.366646 0.259432 0.243294 0.265432 0.290919 0.267493 0.093773 0.176655 0.190212 0.020475 0.020395 0.020429 0.171814 0.212688 0.228083 0.164738 0.251551 0.245820 0.150039 0.147236 0.151159 0.194053 0.021346 0.098111 0.084589 0.020309 0.206586 0.183227 0.191463 0.207179 0.188622 0.251975 0.347809 0.419916 0.179313 0.387599 0.020489 0.319602 0.089592 0.207471 0.371408 -9999.0 -9999.0
-9999.0 0.098932 0.023037 0.021379 0.123564 0.377172 0.383349 0.020106 0.020135 0.020146 0.020321 0.082886 0.159358 0.429951 0.020118 0.020050 0.020065 0.020143 0.020109 0.020468 0.021911 0.087562 0.224438 0.304395 0.298498 0.225494 0.213369 0.206266 0.161489 0.185642 0.152976 0.151271 0.179115 0.174459 0.167426 0.161548 0.159765 0.244715 0.158349 0.158123 0.158812 0.251137 0.162712 0.151027 0.150731 0.173442 0.178994 0.193679 0.217534 0.176219 0.060297 0.341929 0.357276 0.250921 0.084793 0.040101 0.040096 0.040062 0.040071 -9999.0 -9999.0 -9999.0 -9999.0
