user2019/resources/simulation/Vinschgau/output-maps/thetaliqL0007N1075.asc
ncols         63
nrows         48
xllcorner     598000.000000
yllcorner     5145000.000000
cellsize      1000.000000
NODATA_value  -9999.0
[rows 0 to 28 of 48, columns 0 to 62 of 63]
-9999.0 -9999.0 -9999.0 -9999.0 -9999.0 -9999.0 -9999.0 -9999.0 -9999.0 -9999.0 -9999.0 -9999.0 -9999.0 -9999.0 -9999.0 -9999.0 -9999.0 -9999.0 -9999.0 -9999.0 -9999.0 -9999.0 -9999.0 -9999.0 -9999.0 -9999.0 -9999.0 -9999.0 -9999.0 -9999.0 -9999.0 -9999.0 -9999.0 -9999.0 -9999.0 -9999.0 -9999.0 -9999.0 -9999.0 -9999.0 -9999.0 -9999.0 -9999.0 -9999.0 -9999.0 -9999.0 -9999.0 -9999.0 -9999.0 -9999.0 -9999.0 -9999.0 -9999.0 -9999.0 -9999.0 -9999.0 -9999.0 -9999.0 -9999.0 -9999.0 -9999.0 -9999.0 -9999.0
-9999.0 -9999.0 -9999.0 -9999.0 -9999.0 -9999.0 -9999.0 -9999.0 -9999.0 -9999.0 -9999.0 -9999.0 -9999.0 -9999.0 -9999.0 -9999.0 -9999.0 -9999.0 -9999.0 -9999.0 -9999.0 -9999.0 -9999.0 -9999.0 -9999.0 -9999.0 -9999.0 0.020213 0.020235 0.020098 0.020073 0.020070 0.020073 -9999.0 -9999.0 -9999.0 -9999.0 -9999.0 -9999.0 -9999.0 -9999.0 -9999.0 -9999.0 -9999.0 -9999.0 -9999.0 -9999.0 -9999.0 -9999.0 -9999.0 -9999.0 -9999.0 -9999.0 -9999.0 -9999.0 -9999.0 -9999.0 -9999.0 -9999.0 -9999.0 -9999.0 -9999.0 -9999.0
-9999.0 -9999.0 -9999.0 -9999.0 -9999.0 -9999.0 -9999.0 -9999.0 -9999.0 -9999.0 -9999.0 -9999.0 -9999.0 -9999.0 -9999.0 -9999.0 -9999.0 -9999.0 -9999.0 -9999.0 -9999.0 -9999.0 -9999.0 -9999.0 0.020261 0.020464 0.020396 0.020796 0.020199 0.020168 0.020077 -9999.0 -9999.0 -9999.0 -9999.0 -9999.0 -9999.0 -9999.0 -9999.0 -9999.0 -9999.0 -9999.0 -9999.0 -9999.0 -9999.0 -9999.0 -9999.0 -9999.0 -9999.0 -9999.0 -9999.0 -9999.0 -9999.0 -9999.0 -9999.0 -9999.0 -9999.0 -9999.0 -9999.0 -9999.0 -9999.0 -9999.0 -9999.0
-9999.0 -9999.0 -9999.0 -9999.0 -9999.0 -9999.0 -9999.0 -9999.0 -9999.0 -9999.0 -9999.0 -9999.0 -9999.0 -9999.0 -9999.0 -9999.0 -9999.0 -9999.0 -9999.0 -9999.0 -9999.0 -9999.0 -9999.0 0.020927 0.021311 0.289298 0.059371 0.020666 0.020841 0.020639 0.020095 0.020077 -9999.0 -9999.0 -9999.0 -9999.0 -9999.0 -9999.0 -9999.0 -9999.0 -9999.0 -9999.0 -9999.0 -9999.0 -9999.0 -9999.0 -9999.0 -9999.0 -9999.0 -9999.0 -9999.0 -9999.0 -9999.0 -9999.0 -9999.0 -9999.0 -9999.0 -9999.0 -9999.0 -9999.0 -9999.0 -9999.0 -9999.0
-9999.0 -9999.0 -9999.0 -9999.0 -9999.0 -9999.0 -9999.0 -9999.0 -9999.0 -9999.0 -9999.0 -9999.0 -9999.0 -9999.0 -9999.0 -9999.0 -9999.0 -9999.0 0.423619 0.022607 -9999.0 0.021324 0.022012 0.020906 0.068540 0.020773 0.416297 0.425438 0.430000 0.070025 0.020559 0.020079 0.020093 0.020076 -9999.0 -9999.0 -9999.0 -9999.0 -9999.0 -9999.0 -9999.0 -9999.0 -9999.0 -9999.0 -9999.0 -9999.0 -9999.0 -9999.0 -9999.0 -9999.0 -9999.0 -9999.0 -9999.0 -9999.0 -9999.0 -9999.0 -9999.0 -9999.0 -9999.0 -9999.0 -9999.0 -9999.0 -9999.0
-9999.0 -9999.0 -9999.0 -9999.0 -9999.0 -9999.0 -9999.0 -9999.0 -9999.0 -9999.0 -9999.0 -9999.0 -9999.0 -9999.0 -9999.0 -9999.0 -9999.0 0.175432 0.031895 0.020736 0.051144 0.372300 0.073464 0.022122 0.413566 0.077524 0.020399 0.091262 0.059804 0.430000 0.022035 0.020564 0.020121 0.020178 0.020082 0.020066 -9999.0 -9999.0 -9999.0 -9999.0 -9999.0 -9999.0 -9999.0 -9999.0 -9999.0 -9999.0 -9999.0 -9999.0 -9999.0 -9999.0 -9999.0 -9999.0 -9999.0 -9999.0 -9999.0 -9999.0 -9999.0 -9999.0 -9999.0 -9999.0 -9999.0 -9999.0 -9999.0
-9999.0 -9999.0 -9999.0 -9999.0 -9999.0 -9999.0 -9999.0 -9999.0 -9999.0 -9999.0 -9999.0 -9999.0 -9999.0 0.025064 0.092936 0.242897 0.155481 0.049997 0.180120 0.020883 0.067306 0.067793 0.021057 0.139773 0.091636 0.022556 0.020145 0.020067 0.020478 0.083038 0.020141 0.020331 0.020110 0.020088 0.020060 0.020065 -9999.0 -9999.0 -9999.0 -9999.0 -9999.0 -9999.0 -9999.0 -9999.0 -9999.0 -9999.0 -9999.0 -9999.0 -9999.0 -9999.0 -9999.0 -9999.0 -9999.0 -9999.0 -9999.0 -9999.0 -9999.0 -9999.0 -9999.0 -9999.0 -9999.0 -9999.0 -9999.0
-9999.0 -9999.0 -9999.0 -9999.0 -9999.0 -9999.0 -9999.0 -9999.0 -9999.0 -9999.0 -9999.0 -9999.0 -9999.0 0.065870 0.070713 0.217584 0.169067 0.362644 0.050016 0.049930 0.020133 0.051161 0.063107 0.085773 0.085142 0.022413 0.020450 0.020088 0.020126 0.020106 0.020061 0.020123 0.020100 0.020024 0.020066 -9999.0 -9999.0 -9999.0 -9999.0 -9999.0 -9999.0 -9999.0 -9999.0 -9999.0 -9999.0 -9999.0 -9999.0 -9999.0 -9999.0 -9999.0 -9999.0 -9999.0 -9999.0 -9999.0 -9999.0 -9999.0 -9999.0 -9999.0 -9999.0 -9999.0 -9999.0 -9999.0 -9999.0
-9999.0 -9999.0 -9999.0 -9999.0 -9999.0 -9999.0 -9999.0 -9999.0 -9999.0 -9999.0 -9999.0 -9999.0 -9999.0 0.060215 0.200000 0.265712 0.210978 0.182715 0.050031 0.166739 0.173438 0.021093 0.077109 0.077292 0.098512 0.102232 0.024417 0.020108 0.020079 0.020027 0.020085 0.020022 0.020021 0.020015 0.020059 -9999.0 -9999.0 -9999.0 -9999.0 -9999.0 -9999.0 -9999.0 -9999.0 -9999.0 -9999.0 -9999.0 -9999.0 -9999.0 -9999.0 -9999.0 -9999.0 -9999.0 -9999.0 -9999.0 -9999.0 -9999.0 -9999.0 -9999.0 -9999.0 -9999.0 -9999.0 -9999.0 -9999.0
-9999.0 -9999.0 -9999.0 -9999.0 -9999.0 -9999.0 -9999.0 -9999.0 -9999.0 -9999.0 -9999.0 -9999.0 0.021100 0.200000 0.078535 0.105585 0.309683 0.240516 0.342821 0.020711 0.068584 0.076252 0.020578 0.023387 0.040083 0.020397 0.020065 0.020107 0.020106 0.020065 0.020022 0.020090 0.020077 0.020063 -9999.0 -9999.0 -9999.0 -9999.0 -9999.0 -9999.0 -9999.0 -9999.0 -9999.0 -9999.0 -9999.0 -9999.0 -9999.0 -9999.0 -9999.0 -9999.0 -9999.0 -9999.0 -9999.0 -9999.0 -9999.0 -9999.0 -9999.0 -9999.0 -9999.0 -9999.0 -9999.0 -9999.0 -9999.0
-9999.0 -9999.0 -9999.0 -9999.0 -9999.0 -9999.0 -9999.0 -9999.0 -9999.0 -9999.0 -9999.0 0.023692 0.129222 0.430000 0.090739 0.184141 0.020683 0.242884 0.405195 0.020635 0.020378 0.420737 0.021697 0.020902 0.020125 0.020124 0.020098 0.020090 0.020116 0.020069 0.020087 0.020109 0.020061 0.020078 0.020060 0.020069 0.020088 0.020110 0.020084 -9999.0 -9999.0 -9999.0 0.020074 -9999.0 -9999.0 -9999.0 -9999.0 -9999.0 -9999.0 -9999.0 -9999.0 -9999.0 -9999.0 -9999.0 -9999.0 -9999.0 -9999.0 -9999.0 -9999.0 -9999.0 -9999.0 -9999.0 -9999.0
-9999.0 -9999.0 -9999.0 -9999.0 -9999.0 -9999.0 -9999.0 -9999.0 -9999.0 -9999.0 -9999.0 0.023167 0.110873 0.020750 0.076121 0.107411 0.043486 0.024158 0.358001 0.373284 0.179523 0.084912 0.021417 0.020110 0.020048 0.020172 0.020184 0.020127 0.020108 0.020076 0.020087 0.020196 0.020076 0.020071 0.020068 0.020089 0.020178 0.020310 0.020249 0.020081 0.020083 0.020076 0.020082 0.020099 -9999.0 -9999.0 -9999.0 0.040023 0.020067 0.020058 0.020080 0.020058 0.020054 0.040026 0.040022 0.020053 -9999.0 -9999.0 -9999.0 -9999.0 -9999.0 -9999.0 -9999.0
-9999.0 -9999.0 -9999.0 -9999.0 -9999.0 -9999.0 -9999.0 -9999.0 -9999.0 -9999.0 -9999.0 0.022239 0.024350 0.023452 0.430000 0.144635 0.138045 0.047271 0.169603 0.353458 0.345834 0.023588 0.020108 0.020618 0.020241 0.020255 0.020052 0.020054 0.020166 0.020061 0.020123 0.020046 0.020132 0.020085 0.020067 0.020145 0.020063 0.020076 0.023439 0.020136 0.020091 0.020081 0.020133 0.020098 0.020089 -9999.0 0.020060 0.020051 0.020090 0.020111 0.020191 0.020113 0.020092 0.020077 0.020087 0.020081 -9999.0 -9999.0 -9999.0 -9999.0 -9999.0 -9999.0 -9999.0
-9999.0 -9999.0 -9999.0 -9999.0 -9999.0 -9999.0 -9999.0 -9999.0 -9999.0 -9999.0 -9999.0 -9999.0 0.022311 0.041157 0.058192 0.074542 0.077094 0.046655 0.375610 0.363030 0.064554 0.022879 0.020131 0.020061 0.020085 0.020103 0.021904 0.020336 0.020075 0.020100 0.020126 0.020050 0.020223 0.020070 0.020067 0.020102 0.020051 0.020081 0.070867 0.021275 0.020182 0.024588 0.020062 0.020401 0.020118 0.020069 0.020072 0.020075 0.020037 0.020059 0.154931 0.020052 0.040021 0.040015 0.020036 0.020072 0.020068 -9999.0 -9999.0 -9999.0 -9999.0 -9999.0 -9999.0
-9999.0 -9999.0 -9999.0 -9999.0 -9999.0 -9999.0 -9999.0 -9999.0 -9999.0 -9999.0 -9999.0 0.040053 0.021854 0.023697 0.020307 0.119725 0.139746 0.072506 0.174516 0.282304 0.060554 0.083140 0.088871 0.020112 0.020104 0.020087 0.040031 0.020110 0.020108 0.020340 0.020051 0.020069 0.020374 0.020075 0.020068 0.020089 0.020233 0.020084 0.162765 0.052256 0.020212 0.024098 0.020189 0.020103 0.021501 0.020121 0.020100 0.020403 0.024056 0.021775 0.020056 0.020102 0.020035 0.020031 0.020026 0.020022 0.020076 -9999.0 -9999.0 -9999.0 -9999.0 -9999.0 -9999.0
-9999.0 -9999.0 -9999.0 -9999.0 -9999.0 -9999.0 -9999.0 -9999.0 -9999.0 -9999.0 0.044498 0.020127 0.021900 0.022393 0.028211 0.022375 0.021880 0.077700 0.230213 0.288438 0.399451 0.425833 0.020388 0.023484 0.110843 0.040060 0.020128 0.020037 0.020441 0.020866 0.020093 0.020087 0.020388 0.020083 0.020064 0.020117 0.020240 0.020055 0.020194 0.094263 0.024547 0.021581 0.050372 0.425201 0.021522 0.020555 0.020598 0.020065 0.020096 0.126871 0.020035 0.020069 0.020024 0.020020 0.020022 0.020081 0.020087 -9999.0 -9999.0 -9999.0 -9999.0 -9999.0 -9999.0
-9999.0 -9999.0 -9999.0 -9999.0 -9999.0 -9999.0 -9999.0 -9999.0 -9999.0 0.020258 0.040778 0.040041 0.020113 0.020321 0.041084 0.020901 0.022980 0.187488 0.039871 0.260998 0.385827 0.056930 0.023012 0.092757 0.408617 0.020117 0.020077 0.022167 0.020254 0.020840 0.135065 0.020100 0.020155 0.020024 0.020084 0.020101 0.020157 0.020048 0.020102 0.020115 0.020141 0.020407 0.020491 0.064376 0.026423 0.023546 0.027101 0.020278 0.020269 0.410714 0.020108 0.020081 0.020018 0.020042 0.020052 0.020037 0.020043 0.020107 0.020063 -9999.0 -9999.0 -9999.0 -9999.0
-9999.0 -9999.0 -9999.0 -9999.0 -9999.0 -9999.0 -9999.0 -9999.0 -9999.0 0.020169 0.020332 0.021867 0.030156 0.118100 0.022408 0.020320 0.026812 0.127187 0.034570 0.338465 0.358584 0.114333 0.427732 0.174458 0.020169 0.020115 0.020340 0.118396 0.126624 0.428923 0.025557 0.020080 0.020098 0.020082 0.020084 0.020129 0.020199 0.021304 0.020290 0.020395 0.040026 0.020131 0.020570 0.129879 0.352202 0.408274 0.110043 0.022852 0.023127 0.130763 0.020054 0.020031 0.020041 0.020030 0.020046 0.040009 0.020047 0.020069 0.020227 -9999.0 -9999.0 -9999.0 -9999.0
-9999.0 -9999.0 -9999.0 -9999.0 -9999.0 -9999.0 -9999.0 -9999.0 -9999.0 -9999.0 0.020135 0.020386 0.020477 0.040637 0.023670 0.023135 0.123692 0.119096 0.030407 0.300360 0.372822 0.020876 0.093629 0.020307 0.020118 0.046562 0.121883 0.174789 0.026408 0.020105 0.020084 0.040025 0.020049 0.020084 0.020131 0.020376 0.021633 0.020498 0.020203 0.020091 0.020152 0.021084 0.027151 0.023836 0.031939 0.091025 0.029943 0.421789 0.022138 0.024024 0.020088 0.020048 0.020051 0.020041 0.020031 0.020074 0.020120 0.020107 0.020131 0.098111 -9999.0 -9999.0 -9999.0
-9999.0 -9999.0 -9999.0 -9999.0 -9999.0 -9999.0 -9999.0 -9999.0 -9999.0 -9999.0 0.020077 0.020453 0.021490 0.022311 0.430000 0.064579 0.071959 0.263395 0.226082 0.195642 0.188386 0.049518 0.079426 0.021841 0.043193 0.132743 0.430000 0.086865 0.020136 0.020054 0.020175 0.020202 0.020040 0.020077 0.020181 0.020818 0.020110 0.020087 0.020052 0.020083 0.020098 0.020742 0.020061 0.021120 0.048254 0.020240 0.139241 0.031601 0.025767 0.048348 0.021167 0.020120 0.020041 0.020042 0.020036 0.020043 0.020086 0.020124 0.161769 0.430000 -9999.0 -9999.0 -9999.0
-9999.0 -9999.0 -9999.0 -9999.0 -9999.0 -9999.0 -9999.0 -9999.0 0.020187 0.020143 0.020085 0.020148 0.020060 0.020106 0.022643 0.382441 0.038468 0.115658 0.285279 0.170077 0.158413 0.027542 0.032878 0.046995 0.094624 0.424557 0.429865 0.020243 0.020109 0.020056 0.020025 0.020089 0.020104 0.020075 0.020100 0.020385 0.024407 0.020360 0.020063 0.020131 0.020323 0.020425 0.020056 0.020163 0.029016 0.022353 0.020068 0.020158 0.030534 0.429696 0.076413 0.020124 0.020043 0.020028 0.020047 0.020081 0.020120 0.022503 0.027404 0.107074 -9999.0 -9999.0 -9999.0
-9999.0 -9999.0 -9999.0 -9999.0 -9999.0 -9999.0 -9999.0 -9999.0 0.020053 0.020052 0.020070 0.020099 0.020393 0.020079 0.020204 0.090444 0.061178 0.049861 0.020119 0.167984 0.345273 0.310756 0.300057 0.118813 0.034027 0.310449 0.416054 0.020453 0.020041 0.020081 0.020076 0.020175 0.020105 0.020216 0.020301 0.020901 0.027092 0.022283 0.020113 0.020595 0.020158 0.020031 0.020256 0.020374 0.021446 0.020058 0.020044 0.020802 0.020542 0.092044 0.144670 0.022320 0.020039 0.020093 0.020240 0.020081 0.020131 0.023971 0.032145 0.390756 0.191642 -9999.0 -9999.0
-9999.0 -9999.0 -9999.0 -9999.0 -9999.0 -9999.0 -9999.0 -9999.0 0.020147 0.020355 0.020196 0.020050 0.020147 0.020061 0.020111 0.020252 0.060223 0.069450 0.023405 0.334897 0.166411 0.285258 0.284601 0.210515 0.325939 0.055321 0.097594 0.020142 0.020032 0.020127 0.020317 0.020408 0.020114 0.020101 0.020982 0.023812 0.021554 0.056956 0.021456 0.020065 0.020297 0.020499 0.020330 0.020314 0.020090 0.020380 0.020128 0.020234 0.020097 0.034250 0.394536 0.082443 0.020057 0.020042 0.020122 0.020251 0.188164 0.177477 0.063469 0.397889 0.346324 -9999.0 -9999.0
-9999.0 -9999.0 -9999.0 -9999.0 -9999.0 -9999.0 -9999.0 -9999.0 0.020075 0.020446 0.040140 0.020037 0.020727 0.040067 0.020114 0.088744 0.020251 0.025024 0.348325 0.164854 0.180093 0.198035 0.291499 0.255680 0.230562 0.071452 0.087641 0.020082 0.022025 0.020068 0.020109 0.020077 0.021237 0.020281 0.020628 0.024510 0.133419 0.053037 0.037924 0.022355 0.022013 0.021081 0.020514 0.030522 0.020501 0.020511 0.020376 0.020804 0.020417 0.020162 0.095524 0.095789 0.088126 0.040080 0.165032 0.200000 0.111895 0.361635 0.303686 0.352342 0.352747 0.325381 -9999.0
-9999.0 -9999.0 -9999.0 -9999.0 -9999.0 -9999.0 -9999.0 -9999.0 0.020070 0.020122 0.040036 0.020107 0.020222 0.020271 0.185738 0.424015 0.421988 0.060242 0.072340 0.049226 0.193091 0.234157 0.197015 0.184516 0.116334 0.063896 0.020166 0.040143 0.122924 0.020835 0.020385 0.138095 0.064646 0.170457 0.025824 0.024937 0.022492 0.034014 0.020723 0.179055 0.026844 0.021844 0.023934 0.021820 0.020126 0.022400 0.020480 0.020136 0.020822 0.024931 0.027195 0.064987 0.087839 0.118905 0.200000 0.430000 0.426039 0.394640 0.378023 0.060321 0.060090 0.336029 -9999.0
-9999.0 -9999.0 0.020400 0.020302 0.020046 0.020118 0.020053 0.020041 0.020072 0.020090 0.020059 0.040290 0.021061 0.022854 0.198623 0.430000 0.031857 0.020143 0.020415 0.085260 0.047486 0.236583 0.358650 0.151912 0.210102 0.050174 0.064293 0.070390 0.069806 0.196630 0.086683 0.085927 0.421977 0.063996 0.131197 0.044558 0.107600 0.023134 0.020210 0.020860 0.021285 0.021583 0.021277 0.089180 0.029626 0.025139 0.165510 0.393112 0.023427 0.094315 0.079642 0.343777 0.413787 0.424439 0.430000 0.429913 0.421454 0.390905 0.088937 0.071472 0.408147 0.351560 -9999.0
-9999.0 0.020103 0.020058 0.020069 0.020113 0.020065 0.020083 0.020064 0.020045 0.020075 0.020102 0.020223 0.425045 0.350720 0.430000 0.020396 0.020116 0.020109 0.040070 0.084629 0.048578 0.050473 0.424558 0.311146 0.247128 0.222194 0.297172 0.328965 0.092256 0.372357 0.062631 0.082990 0.151482 0.366963 0.097497 0.261273 0.074333 0.021005 0.259580 0.256896 0.085778 0.107884 0.033370 0.037136 0.041491 0.036466 0.340478 0.029975 0.068856 0.288844 0.357236 0.397725 0.421853 0.429108 0.429990 0.430000 0.426944 0.419574 0.430000 0.430000 0.415254 0.355903 -9999.0
-9999.0 0.022381 0.020169 0.020306 0.194248 0.020289 0.020063 0.020052 0.020081 0.020082 0.020075 0.020141 0.092310 0.430000 0.021143 0.020051 0.020069 0.020089 0.020330 0.053584 0.430000 0.377631 0.330660 0.421379 0.406022 0.338476 0.127627 0.197764 0.296964 0.024167 0.022125 0.022712 0.324432 0.320277 0.337629 0.264192 0.326357 0.308234 0.186989 0.210478 0.228585 0.274296 0.101355 0.165566 0.120135 0.021563 0.279022 0.294462 0.308587 0.332796 0.366799 0.361257 0.411354 0.430000 0.144316 0.381108 0.020393 0.366687 0.094361 0.328664 0.400989 -9999.0 -9999.0
-9999.0 0.021969 0.020119 0.020748 0.152191 0.129915 0.234900 0.020100 0.020106 0.020115 0.020110 0.093887 0.185776 0.405680 0.020111 0.020042 0.020055 0.020101 0.020103 0.020627 0.038004 0.095475 0.285913 0.419318 0.416049 0.356689 0.346293 0.337720 0.189262 0.289052 0.162071 0.156845 0.298109 0.294079 0.269892 0.243986 0.241027 0.305332 0.230803 0.226857 0.229823 0.320564 0.251025 0.156344 0.155182 0.278658 0.285976 0.318447 0.346172 0.289867 0.093055 0.406378 0.397373 0.141191 0.249982 0.040091 0.040086 0.040057 0.040065 -9999.0 -9999.0 -9999.0 -9999.0
