user2019/resources/simulation/Vinschgau/output-maps/thetaliqL0007N1356.asc
ncols         63
nrows         48
xllcorner     598000.000000
yllcorner     5145000.000000
cellsize      1000.000000
NODATA_value  -9999.0
[rows 0 to 28 of 48, columns 0 to 62 of 63]
-9999.0 -9999.0 -9999.0 -9999.0 -9999.0 -9999.0 -9999.0 -9999.0 -9999.0 -9999.0 -9999.0 -9999.0 -9999.0 -9999.0 -9999.0 -9999.0 -9999.0 -9999.0 -9999.0 -9999.0 -9999.0 -9999.0 -9999.0 -9999.0 -9999.0 -9999.0 -9999.0 -9999.0 -9999.0 -9999.0 -9999.0 -9999.0 -9999.0 -9999.0 -9999.0 -9999.0 -9999.0 -9999.0 -9999.0 -9999.0 -9999.0 -9999.0 -9999.0 -9999.0 -9999.0 -9999.0 -9999.0 -9999.0 -9999.0 -9999.0 -9999.0 -9999.0 -9999.0 -9999.0 -9999.0 -9999.0 -9999.0 -9999.0 -9999.0 -9999.0 -9999.0 -9999.0 -9999.0
-9999.0 -9999.0 -9999.0 -9999.0 -9999.0 -9999.0 -9999.0 -9999.0 -9999.0 -9999.0 -9999.0 -9999.0 -9999.0 -9999.0 -9999.0 -9999.0 -9999.0 -9999.0 -9999.0 -9999.0 -9999.0 -9999.0 -9999.0 -9999.0 -9999.0 -9999.0 -9999.0 0.051196 0.131722 0.051290 0.136385 0.079074 0.020098 -9999.0 -9999.0 -9999.0 -9999.0 -9999.0 -9999.0 -9999.0 -9999.0 -9999.0 -9999.0 -9999.0 -9999.0 -9999.0 -9999.0 -9999.0 -9999.0 -9999.0 -9999.0 -9999.0 -9999.0 -9999.0 -9999.0 -9999.0 -9999.0 -9999.0 -9999.0 -9999.0 -9999.0 -9999.0 -9999.0
-9999.0 -9999.0 -9999.0 -9999.0 -9999.0 -9999.0 -9999.0 -9999.0 -9999.0 -9999.0 -9999.0 -9999.0 -9999.0 -9999.0 -9999.0 -9999.0 -9999.0 -9999.0 -9999.0 -9999.0 -9999.0 -9999.0 -9999.0 -9999.0 0.176188 0.173746 0.175462 0.177237 0.180378 0.159419 0.122999 -9999.0 -9999.0 -9999.0 -9999.0 -9999.0 -9999.0 -9999.0 -9999.0 -9999.0 -9999.0 -9999.0 -9999.0 -9999.0 -9999.0 -9999.0 -9999.0 -9999.0 -9999.0 -9999.0 -9999.0 -9999.0 -9999.0 -9999.0 -9999.0 -9999.0 -9999.0 -9999.0 -9999.0 -9999.0 -9999.0 -9999.0 -9999.0
-9999.0 -9999.0 -9999.0 -9999.0 -9999.0 -9999.0 -9999.0 -9999.0 -9999.0 -9999.0 -9999.0 -9999.0 -9999.0 -9999.0 -9999.0 -9999.0 -9999.0 -9999.0 -9999.0 -9999.0 -9999.0 -9999.0 -9999.0 0.172253 0.173480 0.167526 0.021829 0.020471 0.020494 0.122427 0.126529 0.119966 -9999.0 -9999.0 -9999.0 -9999.0 -9999.0 -9999.0 -9999.0 -9999.0 -9999.0 -9999.0 -9999.0 -9999.0 -9999.0 -9999.0 -9999.0 -9999.0 -9999.0 -9999.0 -9999.0 -9999.0 -9999.0 -9999.0 -9999.0 -9999.0 -9999.0 -9999.0 -9999.0 -9999.0 -9999.0 -9999.0 -9999.0
-9999.0 -9999.0 -9999.0 -9999.0 -9999.0 -9999.0 -9999.0 -9999.0 -9999.0 -9999.0 -9999.0 -9999.0 -9999.0 -9999.0 -9999.0 -9999.0 -9999.0 -9999.0 0.294732 0.166939 -9999.0 0.173011 0.172573 0.020541 0.023539 0.020529 0.282322 0.260735 0.271122 0.041569 0.136793 0.135826 0.051360 0.049827 -9999.0 -9999.0 -9999.0 -9999.0 -9999.0 -9999.0 -9999.0 -9999.0 -9999.0 -9999.0 -9999.0 -9999.0 -9999.0 -9999.0 -9999.0 -9999.0 -9999.0 -9999.0 -9999.0 -9999.0 -9999.0 -9999.0 -9999.0 -9999.0 -9999.0 -9999.0 -9999.0 -9999.0 -9999.0
-9999.0 -9999.0 -9999.0 -9999.0 -9999.0 -9999.0 -9999.0 -9999.0 -9999.0 -9999.0 -9999.0 -9999.0 -9999.0 -9999.0 -9999.0 -9999.0 -9999.0 0.149551 0.020712 0.020518 0.051143 0.304394 0.042767 0.020647 0.252723 0.047429 0.023135 0.064837 0.023578 0.289088 0.175374 0.152335 0.051357 0.051382 0.048861 0.043746 -9999.0 -9999.0 -9999.0 -9999.0 -9999.0 -9999.0 -9999.0 -9999.0 -9999.0 -9999.0 -9999.0 -9999.0 -9999.0 -9999.0 -9999.0 -9999.0 -9999.0 -9999.0 -9999.0 -9999.0 -9999.0 -9999.0 -9999.0 -9999.0 -9999.0 -9999.0 -9999.0
-9999.0 -9999.0 -9999.0 -9999.0 -9999.0 -9999.0 -9999.0 -9999.0 -9999.0 -9999.0 -9999.0 -9999.0 -9999.0 0.136744 0.048171 0.148904 0.103810 0.050001 0.151999 0.020567 0.023332 0.025373 0.020575 0.132056 0.057277 0.170139 0.020167 0.020254 0.020201 0.066708 0.020181 0.178933 0.144812 0.132899 0.051840 0.039801 -9999.0 -9999.0 -9999.0 -9999.0 -9999.0 -9999.0 -9999.0 -9999.0 -9999.0 -9999.0 -9999.0 -9999.0 -9999.0 -9999.0 -9999.0 -9999.0 -9999.0 -9999.0 -9999.0 -9999.0 -9999.0 -9999.0 -9999.0 -9999.0 -9999.0 -9999.0 -9999.0
-9999.0 -9999.0 -9999.0 -9999.0 -9999.0 -9999.0 -9999.0 -9999.0 -9999.0 -9999.0 -9999.0 -9999.0 -9999.0 0.161897 0.022047 0.122583 0.111467 0.250163 0.050020 0.021542 0.020125 0.050732 0.022701 0.033472 0.054511 0.020727 0.115597 0.051781 0.051830 0.020310 0.023282 0.119678 0.051808 0.031133 0.046637 -9999.0 -9999.0 -9999.0 -9999.0 -9999.0 -9999.0 -9999.0 -9999.0 -9999.0 -9999.0 -9999.0 -9999.0 -9999.0 -9999.0 -9999.0 -9999.0 -9999.0 -9999.0 -9999.0 -9999.0 -9999.0 -9999.0 -9999.0 -9999.0 -9999.0 -9999.0 -9999.0 -9999.0
-9999.0 -9999.0 -9999.0 -9999.0 -9999.0 -9999.0 -9999.0 -9999.0 -9999.0 -9999.0 -9999.0 -9999.0 -9999.0 0.021495 0.200000 0.155062 0.120132 0.117412 0.050031 0.143896 0.148652 0.020632 0.044725 0.036785 0.055109 0.062304 0.051230 0.051826 0.130366 0.049685 0.121797 0.030131 0.025813 0.020020 0.035468 -9999.0 -9999.0 -9999.0 -9999.0 -9999.0 -9999.0 -9999.0 -9999.0 -9999.0 -9999.0 -9999.0 -9999.0 -9999.0 -9999.0 -9999.0 -9999.0 -9999.0 -9999.0 -9999.0 -9999.0 -9999.0 -9999.0 -9999.0 -9999.0 -9999.0 -9999.0 -9999.0 -9999.0
-9999.0 -9999.0 -9999.0 -9999.0 -9999.0 -9999.0 -9999.0 -9999.0 -9999.0 -9999.0 -9999.0 -9999.0 0.020559 0.200000 0.021702 0.041200 0.174052 0.137716 0.222093 0.020485 0.023364 0.052926 0.020727 0.026837 0.040114 0.118292 0.020069 0.126203 0.154219 0.051805 0.029949 0.051449 0.075556 0.041047 -9999.0 -9999.0 -9999.0 -9999.0 -9999.0 -9999.0 -9999.0 -9999.0 -9999.0 -9999.0 -9999.0 -9999.0 -9999.0 -9999.0 -9999.0 -9999.0 -9999.0 -9999.0 -9999.0 -9999.0 -9999.0 -9999.0 -9999.0 -9999.0 -9999.0 -9999.0 -9999.0 -9999.0 -9999.0
-9999.0 -9999.0 -9999.0 -9999.0 -9999.0 -9999.0 -9999.0 -9999.0 -9999.0 -9999.0 -9999.0 0.165829 0.044492 0.430000 0.021790 0.157778 0.020491 0.124505 0.281372 0.020449 0.020118 0.218399 0.146331 0.128568 0.020746 0.141585 0.110439 0.142508 0.030210 0.044542 0.051483 0.151574 0.051535 0.050931 0.051546 0.051378 0.053728 0.051894 0.051134 -9999.0 -9999.0 -9999.0 0.046140 -9999.0 -9999.0 -9999.0 -9999.0 -9999.0 -9999.0 -9999.0 -9999.0 -9999.0 -9999.0 -9999.0 -9999.0 -9999.0 -9999.0 -9999.0 -9999.0 -9999.0 -9999.0 -9999.0 -9999.0
-9999.0 -9999.0 -9999.0 -9999.0 -9999.0 -9999.0 -9999.0 -9999.0 -9999.0 -9999.0 -9999.0 0.165609 0.027006 0.020450 0.021071 0.119475 0.020752 0.020409 0.269424 0.243500 0.153016 0.155092 0.176999 0.020118 0.020191 0.133654 0.135375 0.151792 0.051290 0.051448 0.143858 0.167982 0.120430 0.060431 0.082274 0.087288 0.068660 0.053234 0.052357 0.049742 0.051450 0.050381 0.125917 0.051763 -9999.0 -9999.0 -9999.0 0.040181 0.020220 0.038521 0.025601 0.020183 0.020180 0.040049 0.040050 0.020166 -9999.0 -9999.0 -9999.0 -9999.0 -9999.0 -9999.0 -9999.0
-9999.0 -9999.0 -9999.0 -9999.0 -9999.0 -9999.0 -9999.0 -9999.0 -9999.0 -9999.0 -9999.0 0.170167 0.162680 0.020802 0.299222 0.146334 0.091061 0.021158 0.140367 0.240687 0.252054 0.021107 0.020307 0.180192 0.129813 0.051262 0.020237 0.020056 0.051770 0.104735 0.051839 0.020133 0.142269 0.060193 0.051651 0.073512 0.020363 0.020291 0.052431 0.051335 0.052052 0.051449 0.099648 0.126965 0.032943 -9999.0 0.029728 0.031364 0.142926 0.152282 0.111215 0.051237 0.108505 0.152181 0.114998 0.042278 -9999.0 -9999.0 -9999.0 -9999.0 -9999.0 -9999.0 -9999.0
-9999.0 -9999.0 -9999.0 -9999.0 -9999.0 -9999.0 -9999.0 -9999.0 -9999.0 -9999.0 -9999.0 -9999.0 0.168770 0.084023 0.161680 0.161172 0.041763 0.021742 0.258752 0.243720 0.025984 0.020936 0.020501 0.020871 0.020096 0.020204 0.200000 0.092928 0.134962 0.051376 0.139452 0.020231 0.086766 0.126856 0.101761 0.071460 0.020260 0.020185 0.077185 0.051122 0.063218 0.051153 0.020845 0.176469 0.051353 0.031868 0.036180 0.037305 0.020097 0.020628 0.135999 0.020210 0.040022 0.040065 0.020091 0.164983 0.030082 -9999.0 -9999.0 -9999.0 -9999.0 -9999.0 -9999.0
-9999.0 -9999.0 -9999.0 -9999.0 -9999.0 -9999.0 -9999.0 -9999.0 -9999.0 -9999.0 -9999.0 0.041576 0.168655 0.099548 0.026716 0.096638 0.103041 0.026523 0.147802 0.208844 0.023610 0.054286 0.042011 0.020220 0.020242 0.020318 0.041177 0.123543 0.118481 0.051333 0.020209 0.020237 0.158683 0.132082 0.073837 0.096376 0.052295 0.020603 0.184778 0.052537 0.020417 0.034321 0.024737 0.020334 0.148320 0.123784 0.150971 0.051286 0.051206 0.020330 0.020062 0.123209 0.020060 0.020035 0.020030 0.020083 0.051381 -9999.0 -9999.0 -9999.0 -9999.0 -9999.0 -9999.0
-9999.0 -9999.0 -9999.0 -9999.0 -9999.0 -9999.0 -9999.0 -9999.0 -9999.0 -9999.0 0.430000 0.023369 0.172875 0.170465 0.166259 0.034047 0.029902 0.059275 0.156487 0.215122 0.263326 0.314102 0.020401 0.171231 0.050798 0.040068 0.020137 0.020044 0.099221 0.146574 0.022619 0.020170 0.144311 0.128355 0.043245 0.051448 0.070971 0.020402 0.021378 0.106291 0.021041 0.020898 0.050649 0.335897 0.027873 0.051208 0.143558 0.021303 0.021031 0.105552 0.020042 0.025574 0.020027 0.020059 0.020071 0.143946 0.143505 -9999.0 -9999.0 -9999.0 -9999.0 -9999.0 -9999.0
-9999.0 -9999.0 -9999.0 -9999.0 -9999.0 -9999.0 -9999.0 -9999.0 -9999.0 0.132658 0.383330 0.053898 0.024645 0.020774 0.048819 0.024144 0.027445 0.162780 0.021628 0.202175 0.256768 0.033391 0.020751 0.073058 0.406545 0.020118 0.020086 0.148372 0.020910 0.028493 0.146151 0.020102 0.051774 0.046115 0.051812 0.051814 0.139091 0.020196 0.020298 0.023424 0.020421 0.020791 0.020527 0.034372 0.020761 0.020438 0.158862 0.020472 0.020499 0.422681 0.020140 0.050371 0.020056 0.020060 0.020102 0.020056 0.020086 0.051336 0.020203 -9999.0 -9999.0 -9999.0 -9999.0
-9999.0 -9999.0 -9999.0 -9999.0 -9999.0 -9999.0 -9999.0 -9999.0 -9999.0 0.110829 0.133986 0.137004 0.200000 0.097989 0.026765 0.020670 0.170275 0.106196 0.021148 0.239677 0.246309 0.110131 0.278880 0.171227 0.020173 0.020165 0.021002 0.088003 0.140330 0.355863 0.080054 0.020080 0.140986 0.092179 0.145009 0.051365 0.051263 0.051199 0.096307 0.144370 0.040441 0.020140 0.022039 0.121618 0.261780 0.264016 0.085003 0.020948 0.021006 0.117237 0.020054 0.020033 0.020056 0.020060 0.051771 0.040015 0.020096 0.020136 0.051226 -9999.0 -9999.0 -9999.0 -9999.0
-9999.0 -9999.0 -9999.0 -9999.0 -9999.0 -9999.0 -9999.0 -9999.0 -9999.0 -9999.0 0.131669 0.146366 0.024638 0.040594 0.021116 0.027467 0.102207 0.088740 0.020803 0.197509 0.250228 0.020118 0.074907 0.021181 0.020229 0.028036 0.143050 0.155413 0.080873 0.020106 0.020085 0.040027 0.020054 0.126826 0.152591 0.163791 0.166946 0.174177 0.051235 0.128898 0.108506 0.176677 0.200000 0.021259 0.021632 0.070747 0.020763 0.277440 0.020694 0.021078 0.020089 0.020089 0.020079 0.020054 0.020058 0.030143 0.192138 0.020115 0.021873 0.063748 -9999.0 -9999.0 -9999.0
-9999.0 -9999.0 -9999.0 -9999.0 -9999.0 -9999.0 -9999.0 -9999.0 -9999.0 -9999.0 0.136358 0.140535 0.174591 0.028520 0.366979 0.047206 0.052066 0.178682 0.138059 0.163479 0.140199 0.024064 0.060695 0.023905 0.028471 0.153388 0.337689 0.077143 0.020138 0.020060 0.129845 0.183792 0.020055 0.116729 0.127998 0.177493 0.020120 0.023332 0.020130 0.121813 0.141038 0.051334 0.020904 0.130342 0.367517 0.020189 0.115123 0.021733 0.020246 0.022553 0.022924 0.020130 0.020047 0.020185 0.020043 0.020055 0.020380 0.020408 0.166544 0.396863 -9999.0 -9999.0 -9999.0
-9999.0 -9999.0 -9999.0 -9999.0 -9999.0 -9999.0 -9999.0 -9999.0 0.181845 0.139085 0.080928 0.182628 0.020336 0.022043 0.023810 0.294970 0.020760 0.110949 0.204938 0.155835 0.108499 0.020726 0.021040 0.022502 0.077141 0.338801 0.363029 0.020252 0.020172 0.020063 0.038611 0.135438 0.137936 0.125901 0.143310 0.110528 0.146287 0.023911 0.020063 0.051254 0.051608 0.178286 0.020064 0.051693 0.051074 0.200000 0.020068 0.021406 0.022115 0.316254 0.063506 0.020124 0.020069 0.020030 0.020063 0.107031 0.051271 0.174974 0.021257 0.035488 -9999.0 -9999.0 -9999.0
-9999.0 -9999.0 -9999.0 -9999.0 -9999.0 -9999.0 -9999.0 -9999.0 0.020055 0.020216 0.020079 0.124833 0.131216 0.020083 0.020209 0.070081 0.028338 0.023071 0.020118 0.154888 0.265599 0.227030 0.184471 0.112977 0.021224 0.202630 0.376785 0.023515 0.020057 0.136566 0.071173 0.051247 0.149028 0.051214 0.182146 0.176902 0.168774 0.132356 0.021183 0.143866 0.129335 0.054915 0.051693 0.144655 0.200000 0.020447 0.020053 0.136009 0.023319 0.069054 0.077058 0.025611 0.020044 0.029956 0.105530 0.020108 0.020332 0.021313 0.020829 0.247825 0.163541 -9999.0 -9999.0
-9999.0 -9999.0 -9999.0 -9999.0 -9999.0 -9999.0 -9999.0 -9999.0 0.129364 0.200000 0.070690 0.020055 0.188486 0.020070 0.020447 0.020259 0.042834 0.030412 0.020541 0.263866 0.154304 0.222105 0.181265 0.151861 0.200021 0.022920 0.080067 0.020144 0.020047 0.143491 0.051208 0.180997 0.020122 0.020160 0.178634 0.173198 0.020701 0.040456 0.021752 0.021158 0.140380 0.051207 0.178852 0.200000 0.020192 0.178277 0.051254 0.183327 0.020110 0.027855 0.303738 0.080966 0.020060 0.020046 0.022426 0.025531 0.185791 0.144300 0.020881 0.231661 0.213456 -9999.0 -9999.0
-9999.0 -9999.0 -9999.0 -9999.0 -9999.0 -9999.0 -9999.0 -9999.0 0.036926 0.144777 0.043089 0.020048 0.183737 0.040125 0.020124 0.076045 0.020118 0.020657 0.248110 0.144701 0.158633 0.162538 0.224986 0.216340 0.158652 0.043774 0.070347 0.020083 0.175204 0.021268 0.020524 0.020977 0.020697 0.025516 0.020270 0.122578 0.135577 0.022033 0.022399 0.020599 0.135558 0.147260 0.149785 0.051091 0.178201 0.051155 0.102094 0.051216 0.115273 0.020314 0.082904 0.061684 0.079688 0.052288 0.187362 0.178971 0.030499 0.242465 0.214219 0.217532 0.171684 0.223740 -9999.0
-9999.0 -9999.0 -9999.0 -9999.0 -9999.0 -9999.0 -9999.0 -9999.0 0.020107 0.184652 0.040039 0.020107 0.020536 0.021159 0.180877 0.281323 0.301874 0.026155 0.048373 0.022749 0.133984 0.173246 0.163537 0.160728 0.112117 0.048649 0.020168 0.028561 0.108502 0.030096 0.021043 0.130786 0.046193 0.141948 0.021071 0.020850 0.020738 0.020756 0.020118 0.141415 0.021066 0.020944 0.021055 0.021078 0.020398 0.144646 0.020883 0.021131 0.020887 0.022278 0.020954 0.041146 0.061212 0.100685 0.170831 0.358792 0.288246 0.248327 0.233063 0.020839 0.022666 0.235900 -9999.0
-9999.0 -9999.0 0.089955 0.179163 0.020047 0.020145 0.020071 0.020090 0.117446 0.189229 0.020254 0.040616 0.021735 0.128324 0.170688 0.430000 0.023731 0.020145 0.021112 0.068061 0.022818 0.142310 0.211055 0.137347 0.172806 0.025423 0.049768 0.053337 0.030693 0.169951 0.070208 0.060203 0.257627 0.023146 0.082157 0.021349 0.034765 0.020372 0.020118 0.020118 0.020634 0.020632 0.020118 0.023989 0.021057 0.021038 0.138445 0.306046 0.020733 0.059261 0.037986 0.246800 0.287098 0.308036 0.335801 0.324051 0.291630 0.229323 0.022412 0.026844 0.263799 0.255023 -9999.0
-9999.0 0.020807 0.020536 0.020318 0.020160 0.020203 0.020103 0.020071 0.020048 0.134337 0.020115 0.020229 0.417826 0.385744 0.430000 0.020937 0.020230 0.020119 0.040144 0.067982 0.023418 0.021541 0.268873 0.216996 0.178559 0.160095 0.196032 0.204698 0.039326 0.185565 0.024536 0.038887 0.086645 0.211449 0.022400 0.154767 0.021040 0.020225 0.155922 0.148860 0.021708 0.023227 0.020466 0.021000 0.021711 0.021377 0.220590 0.020670 0.022138 0.201121 0.227959 0.258682 0.291568 0.335660 0.339235 0.417253 0.398949 0.376968 0.413441 0.359666 0.338319 0.260204 -9999.0
-9999.0 0.174960 0.024791 0.024399 0.379786 0.023462 0.020063 0.020057 0.057888 0.081204 0.020085 0.020142 0.083526 0.412437 0.022392 0.020064 0.020078 0.020100 0.020294 0.035237 0.369411 0.261653 0.244432 0.267562 0.292376 0.268451 0.094281 0.176926 0.191301 0.020483 0.020400 0.020435 0.172823 0.213677 0.229042 0.165219 0.252512 0.246707 0.150059 0.147550 0.151389 0.194878 0.021386 0.098937 0.085052 0.020312 0.207447 0.184155 0.192569 0.208608 0.191026 0.253834 0.349241 0.420800 0.178778 0.388000 0.020521 0.320912 0.088784 0.209019 0.372006 -9999.0 -9999.0
-9999.0 0.098696 0.022922 0.021292 0.124243 0.379517 0.385588 0.020101 0.020115 0.020123 0.020271 0.083137 0.160026 0.429963 0.020112 0.020049 0.020060 0.020116 0.020104 0.020473 0.021962 0.087638 0.225659 0.306106 0.300115 0.226948 0.214817 0.207713 0.161682 0.186547 0.153032 0.151312 0.179983 0.175222 0.167974 0.161905 0.160080 0.245578 0.158617 0.158381 0.159089 0.252056 0.163112 0.151065 0.150766 0.174135 0.179801 0.194894 0.219021 0.177614 0.060960 0.344568 0.357884 0.247936 0.086972 0.040093 0.040088 0.040058 0.040066 -9999.0 -9999.0 -9999.0 -9999.0
