user2019/resources/simulation/Vinschgau/output-maps/thetaliqL0003N1129.asc
ncols         63
nrows         48
xllcorner     598000.000000
yllcorner     5145000.000000
cellsize      1000.000000
NODATA_value  -9999.0
[rows 0 to 28 of 48, columns 0 to 62 of 63]
-9999.0 -9999.0 -9999.0 -9999.0 -9999.0 -9999.0 -9999.0 -9999.0 -9999.0 -9999.0 -9999.0 -9999.0 -9999.0 -9999.0 -9999.0 -9999.0 -9999.0 -9999.0 -9999.0 -9999.0 -9999.0 -9999.0 -9999.0 -9999.0 -9999.0 -9999.0 -9999.0 -9999.0 -9999.0 -9999.0 -9999.0 -9999.0 -9999.0 -9999.0 -9999.0 -9999.0 -9999.0 -9999.0 -9999.0 -9999.0 -9999.0 -9999.0 -9999.0 -9999.0 -9999.0 -9999.0 -9999.0 -9999.0 -9999.0 -9999.0 -9999.0 -9999.0 -9999.0 -9999.0 -9999.0 -9999.0 -9999.0 -9999.0 -9999.0 -9999.0 -9999.0 -9999.0 -9999.0
-9999.0 -9999.0 -9999.0 -9999.0 -9999.0 -9999.0 -9999.0 -9999.0 -9999.0 -9999.0 -9999.0 -9999.0 -9999.0 -9999.0 -9999.0 -9999.0 -9999.0 -9999.0 -9999.0 -9999.0 -9999.0 -9999.0 -9999.0 -9999.0 -9999.0 -9999.0 -9999.0 0.189061 0.519190 0.190131 0.053644 0.103158 0.049002 -9999.0 -9999.0 -9999.0 -9999.0 -9999.0 -9999.0 -9999.0 -9999.0 -9999.0 -9999.0 -9999.0 -9999.0 -9999.0 -9999.0 -9999.0 -9999.0 -9999.0 -9999.0 -9999.0 -9999.0 -9999.0 -9999.0 -9999.0 -9999.0 -9999.0 -9999.0 -9999.0 -9999.0 -9999.0 -9999.0
-9999.0 -9999.0 -9999.0 -9999.0 -9999.0 -9999.0 -9999.0 -9999.0 -9999.0 -9999.0 -9999.0 -9999.0 -9999.0 -9999.0 -9999.0 -9999.0 -9999.0 -9999.0 -9999.0 -9999.0 -9999.0 -9999.0 -9999.0 -9999.0 0.519893 0.519917 0.520000 0.519888 0.517726 0.376408 0.252431 -9999.0 -9999.0 -9999.0 -9999.0 -9999.0 -9999.0 -9999.0 -9999.0 -9999.0 -9999.0 -9999.0 -9999.0 -9999.0 -9999.0 -9999.0 -9999.0 -9999.0 -9999.0 -9999.0 -9999.0 -9999.0 -9999.0 -9999.0 -9999.0 -9999.0 -9999.0 -9999.0 -9999.0 -9999.0 -9999.0 -9999.0 -9999.0
-9999.0 -9999.0 -9999.0 -9999.0 -9999.0 -9999.0 -9999.0 -9999.0 -9999.0 -9999.0 -9999.0 -9999.0 -9999.0 -9999.0 -9999.0 -9999.0 -9999.0 -9999.0 -9999.0 -9999.0 -9999.0 -9999.0 -9999.0 0.520000 0.520000 0.096860 0.078996 0.072095 0.216134 0.520000 0.349363 0.050548 -9999.0 -9999.0 -9999.0 -9999.0 -9999.0 -9999.0 -9999.0 -9999.0 -9999.0 -9999.0 -9999.0 -9999.0 -9999.0 -9999.0 -9999.0 -9999.0 -9999.0 -9999.0 -9999.0 -9999.0 -9999.0 -9999.0 -9999.0 -9999.0 -9999.0 -9999.0 -9999.0 -9999.0 -9999.0 -9999.0 -9999.0
-9999.0 -9999.0 -9999.0 -9999.0 -9999.0 -9999.0 -9999.0 -9999.0 -9999.0 -9999.0 -9999.0 -9999.0 -9999.0 -9999.0 -9999.0 -9999.0 -9999.0 -9999.0 0.293892 0.478552 -9999.0 0.520000 0.520000 0.074872 0.124313 0.072118 0.306474 0.292434 0.359540 0.519346 0.519919 0.438868 0.082227 0.020157 -9999.0 -9999.0 -9999.0 -9999.0 -9999.0 -9999.0 -9999.0 -9999.0 -9999.0 -9999.0 -9999.0 -9999.0 -9999.0 -9999.0 -9999.0 -9999.0 -9999.0 -9999.0 -9999.0 -9999.0 -9999.0 -9999.0 -9999.0 -9999.0 -9999.0 -9999.0 -9999.0 -9999.0 -9999.0
-9999.0 -9999.0 -9999.0 -9999.0 -9999.0 -9999.0 -9999.0 -9999.0 -9999.0 -9999.0 -9999.0 -9999.0 -9999.0 -9999.0 -9999.0 -9999.0 -9999.0 0.073865 0.075675 0.022023 0.124378 0.497308 0.430872 0.236077 0.264106 0.192337 0.050957 0.436434 0.053285 0.423888 0.520000 0.519940 0.188669 0.184426 0.044783 0.020202 -9999.0 -9999.0 -9999.0 -9999.0 -9999.0 -9999.0 -9999.0 -9999.0 -9999.0 -9999.0 -9999.0 -9999.0 -9999.0 -9999.0 -9999.0 -9999.0 -9999.0 -9999.0 -9999.0 -9999.0 -9999.0 -9999.0 -9999.0 -9999.0 -9999.0 -9999.0 -9999.0
-9999.0 -9999.0 -9999.0 -9999.0 -9999.0 -9999.0 -9999.0 -9999.0 -9999.0 -9999.0 -9999.0 -9999.0 -9999.0 0.400276 0.239765 0.086171 0.074076 0.022254 0.074436 0.072874 0.088090 0.186279 0.081173 0.266045 0.115095 0.508619 0.027511 0.041065 0.065198 0.126365 0.040137 0.519909 0.269513 0.054457 0.020245 0.020186 -9999.0 -9999.0 -9999.0 -9999.0 -9999.0 -9999.0 -9999.0 -9999.0 -9999.0 -9999.0 -9999.0 -9999.0 -9999.0 -9999.0 -9999.0 -9999.0 -9999.0 -9999.0 -9999.0 -9999.0 -9999.0 -9999.0 -9999.0 -9999.0 -9999.0 -9999.0 -9999.0
-9999.0 -9999.0 -9999.0 -9999.0 -9999.0 -9999.0 -9999.0 -9999.0 -9999.0 -9999.0 -9999.0 -9999.0 -9999.0 0.382555 0.075808 0.077369 0.075024 0.144275 0.022246 0.073857 0.074473 0.073406 0.128179 0.259869 0.354477 0.518589 0.519845 0.191374 0.120067 0.048887 0.040145 0.516728 0.098569 0.020023 0.040664 -9999.0 -9999.0 -9999.0 -9999.0 -9999.0 -9999.0 -9999.0 -9999.0 -9999.0 -9999.0 -9999.0 -9999.0 -9999.0 -9999.0 -9999.0 -9999.0 -9999.0 -9999.0 -9999.0 -9999.0 -9999.0 -9999.0 -9999.0 -9999.0 -9999.0 -9999.0 -9999.0 -9999.0
-9999.0 -9999.0 -9999.0 -9999.0 -9999.0 -9999.0 -9999.0 -9999.0 -9999.0 -9999.0 -9999.0 -9999.0 -9999.0 0.072976 0.520000 0.072423 0.077226 0.075556 0.022226 0.074401 0.152483 0.051935 0.214684 0.071154 0.244733 0.342370 0.181955 0.092925 0.115175 0.020025 0.221665 0.020023 0.020021 0.020020 0.020167 -9999.0 -9999.0 -9999.0 -9999.0 -9999.0 -9999.0 -9999.0 -9999.0 -9999.0 -9999.0 -9999.0 -9999.0 -9999.0 -9999.0 -9999.0 -9999.0 -9999.0 -9999.0 -9999.0 -9999.0 -9999.0 -9999.0 -9999.0 -9999.0 -9999.0 -9999.0 -9999.0 -9999.0
-9999.0 -9999.0 -9999.0 -9999.0 -9999.0 -9999.0 -9999.0 -9999.0 -9999.0 -9999.0 -9999.0 -9999.0 0.081507 0.520000 0.073294 0.172136 0.122145 0.084069 0.113996 0.021973 0.127888 0.153709 0.082671 0.085108 0.040105 0.519899 0.040033 0.268885 0.071307 0.081092 0.040008 0.064392 0.077394 0.020144 -9999.0 -9999.0 -9999.0 -9999.0 -9999.0 -9999.0 -9999.0 -9999.0 -9999.0 -9999.0 -9999.0 -9999.0 -9999.0 -9999.0 -9999.0 -9999.0 -9999.0 -9999.0 -9999.0 -9999.0 -9999.0 -9999.0 -9999.0 -9999.0 -9999.0 -9999.0 -9999.0 -9999.0 -9999.0
-9999.0 -9999.0 -9999.0 -9999.0 -9999.0 -9999.0 -9999.0 -9999.0 -9999.0 -9999.0 -9999.0 0.437714 0.125871 0.520000 0.073826 0.323393 0.021872 0.082072 0.198697 0.021767 0.075646 0.267095 0.520000 0.519875 0.040094 0.327543 0.166522 0.132840 0.082894 0.020842 0.055579 0.374847 0.115420 0.020641 0.048162 0.180016 0.197726 0.508458 0.061312 -9999.0 -9999.0 -9999.0 0.020223 -9999.0 -9999.0 -9999.0 -9999.0 -9999.0 -9999.0 -9999.0 -9999.0 -9999.0 -9999.0 -9999.0 -9999.0 -9999.0 -9999.0 -9999.0 -9999.0 -9999.0 -9999.0 -9999.0 -9999.0
-9999.0 -9999.0 -9999.0 -9999.0 -9999.0 -9999.0 -9999.0 -9999.0 -9999.0 -9999.0 -9999.0 0.447058 0.089928 0.071650 0.070398 0.339457 0.068794 0.073825 0.141141 0.135649 0.220897 0.412989 0.520000 0.040036 0.040020 0.518071 0.517665 0.445548 0.197569 0.026013 0.516402 0.515878 0.100649 0.049585 0.146247 0.159999 0.519107 0.359982 0.322349 0.028113 0.023263 0.020243 0.292805 0.083584 -9999.0 -9999.0 -9999.0 0.157437 0.051392 0.057951 0.050809 0.020333 0.020222 0.047153 0.040647 0.020167 -9999.0 -9999.0 -9999.0 -9999.0 -9999.0 -9999.0 -9999.0
-9999.0 -9999.0 -9999.0 -9999.0 -9999.0 -9999.0 -9999.0 -9999.0 -9999.0 -9999.0 -9999.0 0.472337 0.416619 0.519973 0.319367 0.297189 0.238116 0.080114 0.072611 0.116851 0.158818 0.347331 0.040365 0.519910 0.519085 0.189975 0.040028 0.040024 0.191805 0.140774 0.125286 0.040019 0.517697 0.081641 0.079827 0.511404 0.040029 0.040035 0.299070 0.149983 0.393494 0.165247 0.134450 0.214382 0.055210 -9999.0 0.020147 0.051873 0.096193 0.337250 0.517831 0.190154 0.151534 0.183390 0.040146 0.067072 -9999.0 -9999.0 -9999.0 -9999.0 -9999.0 -9999.0 -9999.0
-9999.0 -9999.0 -9999.0 -9999.0 -9999.0 -9999.0 -9999.0 -9999.0 -9999.0 -9999.0 -9999.0 -9999.0 0.492710 0.065106 0.375404 0.369921 0.172955 0.082737 0.157314 0.129433 0.108503 0.365166 0.040715 0.040027 0.040040 0.040028 0.520000 0.519939 0.249017 0.082507 0.374361 0.040021 0.519529 0.040629 0.047814 0.406220 0.040021 0.040038 0.357979 0.378220 0.301073 0.180995 0.040029 0.520000 0.116307 0.056160 0.030561 0.060083 0.040014 0.040026 0.063317 0.040023 0.040022 0.040017 0.040014 0.053604 0.068095 -9999.0 -9999.0 -9999.0 -9999.0 -9999.0 -9999.0
-9999.0 -9999.0 -9999.0 -9999.0 -9999.0 -9999.0 -9999.0 -9999.0 -9999.0 -9999.0 -9999.0 0.040345 0.499959 0.412679 0.066614 0.401576 0.297402 0.105750 0.136003 0.098675 0.089824 0.265119 0.071599 0.040174 0.040104 0.040045 0.040108 0.300711 0.216943 0.188751 0.040048 0.040033 0.519913 0.050015 0.104562 0.055684 0.519423 0.040139 0.293441 0.267382 0.053954 0.106132 0.040375 0.023347 0.520000 0.377395 0.059620 0.185414 0.182377 0.083355 0.020052 0.345606 0.040013 0.020030 0.020026 0.020024 0.074855 -9999.0 -9999.0 -9999.0 -9999.0 -9999.0 -9999.0
-9999.0 -9999.0 -9999.0 -9999.0 -9999.0 -9999.0 -9999.0 -9999.0 -9999.0 -9999.0 0.520000 0.047299 0.510011 0.481561 0.428161 0.424727 0.205334 0.186657 0.084438 0.103516 0.205309 0.338307 0.040252 0.491992 0.058856 0.040059 0.040030 0.020039 0.519998 0.520000 0.040049 0.040046 0.519951 0.055843 0.020186 0.133806 0.519898 0.040024 0.040898 0.445400 0.484222 0.182568 0.193026 0.382455 0.073354 0.187596 0.519899 0.040155 0.040051 0.096335 0.020032 0.052820 0.020024 0.020022 0.020021 0.202928 0.088906 -9999.0 -9999.0 -9999.0 -9999.0 -9999.0 -9999.0
-9999.0 -9999.0 -9999.0 -9999.0 -9999.0 -9999.0 -9999.0 -9999.0 -9999.0 0.519135 0.520000 0.050704 0.050224 0.051800 0.040082 0.040193 0.069145 0.370547 0.079236 0.089128 0.176750 0.110230 0.199887 0.320893 0.457313 0.040074 0.040041 0.520000 0.040162 0.064472 0.519225 0.040061 0.182212 0.020022 0.020458 0.128958 0.519911 0.040035 0.040056 0.040196 0.040088 0.040351 0.040314 0.182249 0.341499 0.075158 0.506166 0.043566 0.044121 0.491811 0.040036 0.074418 0.020020 0.020065 0.020369 0.040014 0.040016 0.089818 0.030303 -9999.0 -9999.0 -9999.0 -9999.0
-9999.0 -9999.0 -9999.0 -9999.0 -9999.0 -9999.0 -9999.0 -9999.0 -9999.0 0.518984 0.519888 0.520000 0.520000 0.129427 0.066039 0.050038 0.477592 0.360890 0.076336 0.105805 0.128652 0.072902 0.323847 0.480153 0.040121 0.040092 0.040264 0.093549 0.520000 0.440960 0.520000 0.040044 0.207746 0.072685 0.052605 0.115569 0.190245 0.186473 0.519875 0.519941 0.040025 0.040042 0.056986 0.471179 0.194008 0.313464 0.337823 0.409146 0.127351 0.401345 0.040025 0.040012 0.020056 0.040009 0.020039 0.040010 0.040020 0.040021 0.194033 -9999.0 -9999.0 -9999.0 -9999.0
-9999.0 -9999.0 -9999.0 -9999.0 -9999.0 -9999.0 -9999.0 -9999.0 -9999.0 -9999.0 0.359970 0.519375 0.061701 0.040221 0.189676 0.070141 0.115136 0.288588 0.074321 0.098040 0.148172 0.076468 0.086860 0.040743 0.040185 0.064189 0.519958 0.484907 0.506113 0.040064 0.040047 0.040026 0.040023 0.111181 0.142662 0.519910 0.520000 0.520000 0.191745 0.353622 0.500370 0.520000 0.520000 0.075779 0.122210 0.179229 0.147255 0.312459 0.208638 0.353428 0.040050 0.040017 0.020183 0.020045 0.040011 0.049173 0.062993 0.040060 0.040086 0.082056 -9999.0 -9999.0 -9999.0
-9999.0 -9999.0 -9999.0 -9999.0 -9999.0 -9999.0 -9999.0 -9999.0 -9999.0 -9999.0 0.119341 0.519898 0.520000 0.094226 0.496185 0.206879 0.133793 0.101902 0.077873 0.072355 0.076285 0.089369 0.076030 0.065195 0.075784 0.520000 0.407594 0.151688 0.040090 0.040026 0.518353 0.517233 0.020035 0.103735 0.517609 0.519699 0.040063 0.040072 0.040038 0.231418 0.392450 0.178968 0.040289 0.520000 0.520000 0.040562 0.104031 0.126430 0.133317 0.313314 0.518474 0.040041 0.040019 0.032707 0.020033 0.020046 0.051885 0.040323 0.520000 0.520000 -9999.0 -9999.0 -9999.0
-9999.0 -9999.0 -9999.0 -9999.0 -9999.0 -9999.0 -9999.0 -9999.0 0.518678 0.300294 0.140438 0.515831 0.040028 0.040420 0.053582 0.260970 0.078251 0.071259 0.074010 0.070855 0.072666 0.073288 0.075552 0.086706 0.383692 0.341671 0.370932 0.040196 0.040035 0.040028 0.020025 0.245936 0.200653 0.138052 0.060689 0.519891 0.468584 0.048270 0.040031 0.129759 0.187079 0.520000 0.020053 0.188308 0.182430 0.520000 0.040035 0.040853 0.159998 0.383962 0.401386 0.040035 0.040015 0.040010 0.020066 0.080639 0.102036 0.520000 0.451820 0.178656 -9999.0 -9999.0 -9999.0
-9999.0 -9999.0 -9999.0 -9999.0 -9999.0 -9999.0 -9999.0 -9999.0 0.020036 0.040022 0.040037 0.189132 0.519893 0.040040 0.040152 0.173382 0.095813 0.085098 0.072545 0.070798 0.127403 0.075132 0.070533 0.066027 0.076068 0.132409 0.347327 0.040285 0.020045 0.233946 0.088334 0.181686 0.367419 0.186809 0.519682 0.520000 0.520000 0.333697 0.040478 0.519930 0.505757 0.040013 0.187706 0.519986 0.520000 0.040032 0.020045 0.519898 0.056578 0.352466 0.454743 0.065742 0.040015 0.053523 0.517994 0.020061 0.040162 0.106969 0.421796 0.207016 0.075653 -9999.0 -9999.0
-9999.0 -9999.0 -9999.0 -9999.0 -9999.0 -9999.0 -9999.0 -9999.0 0.517841 0.519909 0.072265 0.040023 0.209787 0.020057 0.041988 0.040200 0.221257 0.088364 0.073143 0.122982 0.070336 0.069939 0.068970 0.071448 0.100953 0.088006 0.351670 0.040096 0.020031 0.485712 0.185240 0.519958 0.040038 0.040038 0.520000 0.520000 0.160470 0.515512 0.058152 0.040031 0.519918 0.184848 0.519919 0.519902 0.040046 0.519913 0.122447 0.518966 0.040044 0.100436 0.300933 0.491942 0.040023 0.040016 0.040067 0.041319 0.520000 0.428547 0.150896 0.220220 0.148543 -9999.0 -9999.0
-9999.0 -9999.0 -9999.0 -9999.0 -9999.0 -9999.0 -9999.0 -9999.0 0.058527 0.519920 0.040036 0.020034 0.519882 0.040038 0.040366 0.340324 0.075714 0.074131 0.135083 0.073282 0.071632 0.071625 0.073621 0.071363 0.086781 0.209085 0.054163 0.040046 0.520000 0.040032 0.041975 0.047401 0.123940 0.052125 0.065964 0.424332 0.316233 0.085900 0.372758 0.085251 0.520000 0.520000 0.520000 0.182116 0.519842 0.186613 0.519999 0.185747 0.519885 0.040430 0.126747 0.290066 0.444919 0.040072 0.520000 0.520000 0.313542 0.161425 0.113766 0.157657 0.179843 0.153882 -9999.0
-9999.0 -9999.0 -9999.0 -9999.0 -9999.0 -9999.0 -9999.0 -9999.0 0.048215 0.346639 0.040031 0.040065 0.040242 0.045957 0.507987 0.309499 0.322619 0.099352 0.182389 0.084294 0.076131 0.074484 0.073254 0.074139 0.096339 0.197098 0.040116 0.075149 0.208320 0.058265 0.040417 0.519949 0.492009 0.413613 0.429626 0.304472 0.117215 0.076610 0.076121 0.401196 0.433588 0.519960 0.519964 0.154215 0.041315 0.514467 0.059477 0.045458 0.060697 0.519945 0.390523 0.142400 0.238347 0.327879 0.520000 0.496409 0.316986 0.234398 0.201524 0.138728 0.092862 0.166393 -9999.0
-9999.0 -9999.0 0.519786 0.519885 0.040014 0.040026 0.040022 0.040014 0.094460 0.437090 0.040025 0.040160 0.043879 0.358306 0.451082 0.520000 0.095632 0.040097 0.053431 0.197838 0.084990 0.081217 0.148074 0.074055 0.077095 0.091246 0.182626 0.220779 0.162493 0.450813 0.092199 0.213658 0.282360 0.096023 0.155964 0.081600 0.075171 0.073935 0.074932 0.077759 0.078842 0.126494 0.098868 0.310689 0.166296 0.398173 0.431807 0.291603 0.284891 0.238886 0.101690 0.162754 0.283893 0.325361 0.377608 0.338480 0.310606 0.247121 0.236799 0.114566 0.260313 0.187186 -9999.0
-9999.0 0.040289 0.040025 0.040030 0.040040 0.040027 0.040059 0.040032 0.040019 0.098876 0.040043 0.040173 0.224031 0.520000 0.520000 0.040339 0.040062 0.040041 0.040098 0.109933 0.089848 0.081857 0.260954 0.114927 0.071550 0.075976 0.091508 0.114548 0.081262 0.201205 0.090017 0.093132 0.102352 0.131860 0.072615 0.073500 0.071548 0.071909 0.072932 0.077812 0.072885 0.072510 0.074177 0.077125 0.081118 0.078881 0.151035 0.074417 0.073809 0.099671 0.173322 0.248854 0.311062 0.374864 0.374574 0.520000 0.382286 0.354810 0.498171 0.406887 0.323304 0.191905 -9999.0
-9999.0 0.520000 0.052600 0.055991 0.520000 0.040229 0.040031 0.040024 0.072204 0.068810 0.040040 0.040094 0.348315 0.517368 0.043793 0.040020 0.040036 0.040043 0.040106 0.082666 0.467729 0.229491 0.138517 0.284546 0.226709 0.133290 0.073881 0.072628 0.093865 0.072615 0.072280 0.072607 0.089295 0.083096 0.085693 0.073146 0.105500 0.094418 0.070244 0.070442 0.070340 0.071170 0.069965 0.071772 0.071281 0.071175 0.074403 0.088190 0.102196 0.129509 0.201945 0.203391 0.326757 0.520000 0.520000 0.066856 0.050123 0.046891 0.054332 0.041688 0.073264 -9999.0 -9999.0
-9999.0 0.520000 0.047551 0.040653 0.447818 0.503654 0.515391 0.040059 0.040039 0.040020 0.040033 0.080563 0.460157 0.520000 0.040070 0.040016 0.040026 0.040021 0.040062 0.048349 0.044173 0.069175 0.175628 0.272767 0.255812 0.163929 0.140293 0.127773 0.072462 0.086702 0.070917 0.070466 0.085007 0.080962 0.073780 0.071501 0.071249 0.091332 0.070940 0.070476 0.070283 0.101694 0.070861 0.068857 0.069160 0.076566 0.081661 0.108968 0.152142 0.111598 0.261717 0.415403 0.078305 0.519029 0.040976 0.040091 0.040088 0.040060 0.040067 -9999.0 -9999.0 -9999.0 -9999.0
