user2019/resources/simulation/Vinschgau/output-maps/thetaliqL0005N1456.asc
ncols         63
nrows         48
xllcorner     598000.000000
yllcorner     5145000.000000
cellsize      1000.000000
NODATA_value  -9999.0
[rows 0 to 28 of 48, columns 0 to 62 of 63]
-9999.0 -9999.0 -9999.0 -9999.0 -9999.0 -9999.0 -9999.0 -9999.0 -9999.0 -9999.0 -9999.0 -9999.0 -9999.0 -9999.0 -9999.0 -9999.0 -9999.0 -9999.0 -9999.0 -9999.0 -9999.0 -9999.0 -9999.0 -9999.0 -9999.0 -9999.0 -9999.0 -9999.0 -9999.0 -9999.0 -9999.0 -9999.0 -9999.0 -9999.0 -9999.0 -9999.0 -9999.0 -9999.0 -9999.0 -9999.0 -9999.0 -9999.0 -9999.0 -9999.0 -9999.0 -9999.0 -9999.0 -9999.0 -9999.0 -9999.0 -9999.0 -9999.0 -9999.0 -9999.0 -9999.0 -9999.0 -9999.0 -9999.0 -9999.0 -9999.0 -9999.0 -9999.0 -9999.0
-9999.0 -9999.0 -9999.0 -9999.0 -9999.0 -9999.0 -9999.0 -9999.0 -9999.0 -9999.0 -9999.0 -9999.0 -9999.0 -9999.0 -9999.0 -9999.0 -9999.0 -9999.0 -9999.0 -9999.0 -9999.0 -9999.0 -9999.0 -9999.0 -9999.0 -9999.0 -9999.0 0.020093 0.040201 0.020122 0.040084 0.020076 0.020044 -9999.0 -9999.0 -9999.0 -9999.0 -9999.0 -9999.0 -9999.0 -9999.0 -9999.0 -9999.0 -9999.0 -9999.0 -9999.0 -9999.0 -9999.0 -9999.0 -9999.0 -9999.0 -9999.0 -9999.0 -9999.0 -9999.0 -9999.0 -9999.0 -9999.0 -9999.0 -9999.0 -9999.0 -9999.0 -9999.0
-9999.0 -9999.0 -9999.0 -9999.0 -9999.0 -9999.0 -9999.0 -9999.0 -9999.0 -9999.0 -9999.0 -9999.0 -9999.0 -9999.0 -9999.0 -9999.0 -9999.0 -9999.0 -9999.0 -9999.0 -9999.0 -9999.0 -9999.0 -9999.0 0.040441 0.041094 0.046055 0.040470 0.050773 0.041180 0.040071 -9999.0 -9999.0 -9999.0 -9999.0 -9999.0 -9999.0 -9999.0 -9999.0 -9999.0 -9999.0 -9999.0 -9999.0 -9999.0 -9999.0 -9999.0 -9999.0 -9999.0 -9999.0 -9999.0 -9999.0 -9999.0 -9999.0 -9999.0 -9999.0 -9999.0 -9999.0 -9999.0 -9999.0 -9999.0 -9999.0 -9999.0 -9999.0
-9999.0 -9999.0 -9999.0 -9999.0 -9999.0 -9999.0 -9999.0 -9999.0 -9999.0 -9999.0 -9999.0 -9999.0 -9999.0 -9999.0 -9999.0 -9999.0 -9999.0 -9999.0 -9999.0 -9999.0 -9999.0 -9999.0 -9999.0 0.041219 0.145604 0.083934 0.073522 0.059346 0.059549 0.041108 0.040074 0.040033 -9999.0 -9999.0 -9999.0 -9999.0 -9999.0 -9999.0 -9999.0 -9999.0 -9999.0 -9999.0 -9999.0 -9999.0 -9999.0 -9999.0 -9999.0 -9999.0 -9999.0 -9999.0 -9999.0 -9999.0 -9999.0 -9999.0 -9999.0 -9999.0 -9999.0 -9999.0 -9999.0 -9999.0 -9999.0 -9999.0 -9999.0
-9999.0 -9999.0 -9999.0 -9999.0 -9999.0 -9999.0 -9999.0 -9999.0 -9999.0 -9999.0 -9999.0 -9999.0 -9999.0 -9999.0 -9999.0 -9999.0 -9999.0 -9999.0 0.163154 0.086347 -9999.0 0.049031 0.130983 0.060542 0.077680 0.060493 0.133716 0.117926 0.121392 0.090167 0.040308 0.040086 0.020050 0.020036 -9999.0 -9999.0 -9999.0 -9999.0 -9999.0 -9999.0 -9999.0 -9999.0 -9999.0 -9999.0 -9999.0 -9999.0 -9999.0 -9999.0 -9999.0 -9999.0 -9999.0 -9999.0 -9999.0 -9999.0 -9999.0 -9999.0 -9999.0 -9999.0 -9999.0 -9999.0 -9999.0 -9999.0 -9999.0
-9999.0 -9999.0 -9999.0 -9999.0 -9999.0 -9999.0 -9999.0 -9999.0 -9999.0 -9999.0 -9999.0 -9999.0 -9999.0 -9999.0 -9999.0 -9999.0 -9999.0 0.083771 0.073752 0.020680 0.021777 0.150346 0.088949 0.062504 0.116269 0.145904 0.041971 0.103461 0.051951 0.137534 0.173230 0.041066 0.020151 0.020094 0.020043 0.020035 -9999.0 -9999.0 -9999.0 -9999.0 -9999.0 -9999.0 -9999.0 -9999.0 -9999.0 -9999.0 -9999.0 -9999.0 -9999.0 -9999.0 -9999.0 -9999.0 -9999.0 -9999.0 -9999.0 -9999.0 -9999.0 -9999.0 -9999.0 -9999.0 -9999.0 -9999.0 -9999.0
-9999.0 -9999.0 -9999.0 -9999.0 -9999.0 -9999.0 -9999.0 -9999.0 -9999.0 -9999.0 -9999.0 -9999.0 -9999.0 0.087303 0.083230 0.087043 0.079798 0.022732 0.084995 0.061461 0.077760 0.079736 0.061460 0.086127 0.150387 0.121272 0.020111 0.040910 0.040555 0.144633 0.040052 0.131595 0.040263 0.040099 0.020071 0.020033 -9999.0 -9999.0 -9999.0 -9999.0 -9999.0 -9999.0 -9999.0 -9999.0 -9999.0 -9999.0 -9999.0 -9999.0 -9999.0 -9999.0 -9999.0 -9999.0 -9999.0 -9999.0 -9999.0 -9999.0 -9999.0 -9999.0 -9999.0 -9999.0 -9999.0 -9999.0 -9999.0
-9999.0 -9999.0 -9999.0 -9999.0 -9999.0 -9999.0 -9999.0 -9999.0 -9999.0 -9999.0 -9999.0 -9999.0 -9999.0 0.126889 0.074831 0.081824 0.080632 0.133013 0.022728 0.073785 0.064529 0.061920 0.079206 0.101352 0.085837 0.065429 0.040194 0.020108 0.020065 0.040132 0.040471 0.040092 0.020053 0.020035 0.020039 -9999.0 -9999.0 -9999.0 -9999.0 -9999.0 -9999.0 -9999.0 -9999.0 -9999.0 -9999.0 -9999.0 -9999.0 -9999.0 -9999.0 -9999.0 -9999.0 -9999.0 -9999.0 -9999.0 -9999.0 -9999.0 -9999.0 -9999.0 -9999.0 -9999.0 -9999.0 -9999.0 -9999.0
-9999.0 -9999.0 -9999.0 -9999.0 -9999.0 -9999.0 -9999.0 -9999.0 -9999.0 -9999.0 -9999.0 -9999.0 -9999.0 0.073247 0.430000 0.082079 0.081844 0.081416 0.022715 0.083183 0.106358 0.020995 0.135250 0.082374 0.082903 0.085091 0.020159 0.020056 0.040034 0.020045 0.040069 0.020032 0.020031 0.020014 0.020032 -9999.0 -9999.0 -9999.0 -9999.0 -9999.0 -9999.0 -9999.0 -9999.0 -9999.0 -9999.0 -9999.0 -9999.0 -9999.0 -9999.0 -9999.0 -9999.0 -9999.0 -9999.0 -9999.0 -9999.0 -9999.0 -9999.0 -9999.0 -9999.0 -9999.0 -9999.0 -9999.0 -9999.0
-9999.0 -9999.0 -9999.0 -9999.0 -9999.0 -9999.0 -9999.0 -9999.0 -9999.0 -9999.0 -9999.0 -9999.0 0.061445 0.430000 0.073880 0.081274 0.096193 0.084249 0.115330 0.020649 0.078100 0.107538 0.021906 0.054628 0.040046 0.040194 0.040021 0.040067 0.040270 0.020048 0.040015 0.020048 0.040028 0.020030 -9999.0 -9999.0 -9999.0 -9999.0 -9999.0 -9999.0 -9999.0 -9999.0 -9999.0 -9999.0 -9999.0 -9999.0 -9999.0 -9999.0 -9999.0 -9999.0 -9999.0 -9999.0 -9999.0 -9999.0 -9999.0 -9999.0 -9999.0 -9999.0 -9999.0 -9999.0 -9999.0 -9999.0 -9999.0
-9999.0 -9999.0 -9999.0 -9999.0 -9999.0 -9999.0 -9999.0 -9999.0 -9999.0 -9999.0 -9999.0 0.129256 0.080282 0.257055 0.074228 0.120766 0.020635 0.082369 0.151581 0.020532 0.065572 0.095828 0.042806 0.040233 0.069076 0.040275 0.040037 0.040207 0.040026 0.020034 0.020047 0.040289 0.020070 0.020039 0.020045 0.020085 0.040055 0.040079 0.020116 -9999.0 -9999.0 -9999.0 0.020040 -9999.0 -9999.0 -9999.0 -9999.0 -9999.0 -9999.0 -9999.0 -9999.0 -9999.0 -9999.0 -9999.0 -9999.0 -9999.0 -9999.0 -9999.0 -9999.0 -9999.0 -9999.0 -9999.0 -9999.0
-9999.0 -9999.0 -9999.0 -9999.0 -9999.0 -9999.0 -9999.0 -9999.0 -9999.0 -9999.0 -9999.0 0.128981 0.077532 0.059122 0.070763 0.085725 0.068825 0.072283 0.146692 0.100872 0.112661 0.100550 0.100856 0.040035 0.040075 0.040196 0.040098 0.040293 0.020133 0.020038 0.040161 0.041625 0.040031 0.040023 0.040021 0.040107 0.041163 0.040292 0.040080 0.020042 0.020043 0.020040 0.040092 0.020052 -9999.0 -9999.0 -9999.0 0.040014 0.040017 0.020042 0.040021 0.020034 0.020033 0.040012 0.040013 0.020031 -9999.0 -9999.0 -9999.0 -9999.0 -9999.0 -9999.0 -9999.0
-9999.0 -9999.0 -9999.0 -9999.0 -9999.0 -9999.0 -9999.0 -9999.0 -9999.0 -9999.0 -9999.0 0.134238 0.123296 0.067567 0.157990 0.087570 0.083321 0.075394 0.081236 0.100558 0.136813 0.123628 0.040107 0.040925 0.040191 0.020099 0.040084 0.040018 0.020088 0.040021 0.020066 0.040059 0.040328 0.040024 0.020052 0.041072 0.040216 0.040090 0.041299 0.020069 0.040102 0.020084 0.040333 0.040192 0.040022 -9999.0 0.020033 0.040023 0.040089 0.040278 0.020251 0.020146 0.020169 0.040080 0.020104 0.040026 -9999.0 -9999.0 -9999.0 -9999.0 -9999.0 -9999.0 -9999.0
-9999.0 -9999.0 -9999.0 -9999.0 -9999.0 -9999.0 -9999.0 -9999.0 -9999.0 -9999.0 -9999.0 -9999.0 0.135754 0.176947 0.120848 0.121777 0.110112 0.077110 0.137952 0.102221 0.084248 0.072343 0.057541 0.040213 0.040026 0.040072 0.075927 0.020226 0.040079 0.020054 0.040098 0.040083 0.020255 0.040065 0.040030 0.040127 0.040086 0.040113 0.147580 0.020149 0.041031 0.020162 0.040214 0.063131 0.020062 0.040022 0.020040 0.040025 0.040027 0.040183 0.040959 0.040095 0.040017 0.040041 0.040025 0.040100 0.040026 -9999.0 -9999.0 -9999.0 -9999.0 -9999.0 -9999.0
-9999.0 -9999.0 -9999.0 -9999.0 -9999.0 -9999.0 -9999.0 -9999.0 -9999.0 -9999.0 -9999.0 0.040177 0.043084 0.081477 0.190349 0.116567 0.087151 0.084795 0.101349 0.107042 0.080427 0.131166 0.268042 0.040074 0.040086 0.040293 0.040195 0.040070 0.040053 0.020110 0.040074 0.040157 0.084689 0.040072 0.040019 0.040102 0.040099 0.040220 0.135575 0.076544 0.040216 0.093470 0.188440 0.020250 0.089220 0.040074 0.040249 0.020114 0.020160 0.020991 0.020041 0.040078 0.040015 0.020024 0.020022 0.020033 0.020048 -9999.0 -9999.0 -9999.0 -9999.0 -9999.0 -9999.0
-9999.0 -9999.0 -9999.0 -9999.0 -9999.0 -9999.0 -9999.0 -9999.0 -9999.0 -9999.0 0.175548 0.040592 0.080272 0.087918 0.132855 0.228688 0.140205 0.144233 0.089396 0.110991 0.120494 0.164879 0.040287 0.170117 0.061113 0.040042 0.040041 0.020026 0.020244 0.041246 0.041759 0.040044 0.041369 0.040071 0.020032 0.020068 0.040293 0.040135 0.045213 0.350749 0.173021 0.031691 0.153054 0.187424 0.042226 0.020113 0.040241 0.040272 0.041222 0.078129 0.020027 0.020039 0.020020 0.020028 0.020030 0.040071 0.040075 -9999.0 -9999.0 -9999.0 -9999.0 -9999.0 -9999.0
-9999.0 -9999.0 -9999.0 -9999.0 -9999.0 -9999.0 -9999.0 -9999.0 -9999.0 0.040216 0.156095 0.041263 0.061058 0.040187 0.044046 0.053577 0.040955 0.137013 0.076017 0.104382 0.115192 0.097131 0.091797 0.098113 0.272630 0.040061 0.040022 0.041414 0.040653 0.092568 0.333220 0.020091 0.020080 0.020036 0.020043 0.020067 0.041152 0.040066 0.040103 0.041340 0.040505 0.040634 0.040402 0.106205 0.095740 0.041429 0.110244 0.040149 0.040158 0.318614 0.020083 0.020045 0.020025 0.020026 0.020033 0.040014 0.040022 0.020056 0.020036 -9999.0 -9999.0 -9999.0 -9999.0
-9999.0 -9999.0 -9999.0 -9999.0 -9999.0 -9999.0 -9999.0 -9999.0 -9999.0 0.020170 0.040208 0.041345 0.430000 0.147238 0.040744 0.040182 0.161364 0.108482 0.074470 0.101404 0.106614 0.080301 0.137194 0.218946 0.040100 0.040056 0.040218 0.065437 0.235679 0.222575 0.108861 0.040036 0.040228 0.040025 0.040084 0.020065 0.020092 0.020141 0.040109 0.079032 0.040127 0.040043 0.040292 0.175158 0.144740 0.128868 0.094107 0.076148 0.111253 0.189293 0.020051 0.040008 0.020026 0.040010 0.020043 0.040010 0.040023 0.040039 0.020098 -9999.0 -9999.0 -9999.0 -9999.0
-9999.0 -9999.0 -9999.0 -9999.0 -9999.0 -9999.0 -9999.0 -9999.0 -9999.0 -9999.0 0.040090 0.041547 0.052081 0.040263 0.124304 0.041002 0.130082 0.087990 0.072970 0.094057 0.109515 0.068437 0.093203 0.041231 0.040083 0.041933 0.299816 0.171920 0.145674 0.040053 0.040039 0.040019 0.040013 0.040043 0.040327 0.080654 0.057811 0.128012 0.020091 0.040108 0.040081 0.074011 0.430000 0.041654 0.138070 0.180181 0.080998 0.137136 0.063104 0.093072 0.020082 0.020041 0.020032 0.020027 0.040010 0.040022 0.041258 0.040038 0.045414 0.047576 -9999.0 -9999.0 -9999.0
-9999.0 -9999.0 -9999.0 -9999.0 -9999.0 -9999.0 -9999.0 -9999.0 -9999.0 -9999.0 0.040078 0.040256 0.045964 0.090703 0.222693 0.137365 0.158621 0.100303 0.083039 0.085034 0.084625 0.081129 0.074153 0.040420 0.042071 0.261860 0.197210 0.185042 0.040075 0.040014 0.040099 0.079206 0.020032 0.040024 0.040114 0.185619 0.040045 0.041230 0.040039 0.040064 0.040225 0.042807 0.040205 0.041079 0.174557 0.020596 0.096133 0.127099 0.078096 0.065810 0.366905 0.040032 0.040011 0.020035 0.020024 0.020028 0.040021 0.040118 0.293487 0.249817 -9999.0 -9999.0 -9999.0
-9999.0 -9999.0 -9999.0 -9999.0 -9999.0 -9999.0 -9999.0 -9999.0 0.041149 0.040091 0.020072 0.041492 0.040143 0.040296 0.049988 0.170602 0.064692 0.080188 0.080415 0.083283 0.079378 0.072288 0.073433 0.077496 0.115023 0.208738 0.286764 0.040159 0.040049 0.040015 0.020040 0.040110 0.040129 0.040031 0.040242 0.040207 0.103842 0.057954 0.040026 0.020065 0.020114 0.093640 0.020041 0.020085 0.020176 0.303963 0.040029 0.040250 0.146539 0.181046 0.265722 0.020225 0.040011 0.040007 0.020030 0.020065 0.020065 0.155731 0.100213 0.092209 -9999.0 -9999.0 -9999.0
-9999.0 -9999.0 -9999.0 -9999.0 -9999.0 -9999.0 -9999.0 -9999.0 0.020044 0.040088 0.040019 0.040049 0.040223 0.040030 0.040129 0.172011 0.087386 0.079456 0.063202 0.082812 0.142743 0.093047 0.083660 0.077564 0.074507 0.113299 0.252785 0.040611 0.020031 0.040067 0.040026 0.020089 0.040241 0.020094 0.041146 0.043294 0.108576 0.326031 0.040368 0.040288 0.040099 0.020089 0.020098 0.040434 0.041259 0.040142 0.020029 0.040281 0.040727 0.185893 0.240444 0.040600 0.040011 0.040023 0.020153 0.020081 0.040038 0.094806 0.068099 0.111356 0.086163 -9999.0 -9999.0
-9999.0 -9999.0 -9999.0 -9999.0 -9999.0 -9999.0 -9999.0 -9999.0 0.040107 0.040179 0.040176 0.040014 0.041405 0.020044 0.040148 0.040169 0.130605 0.080742 0.071798 0.142475 0.082508 0.092364 0.083312 0.081808 0.088970 0.079460 0.229935 0.040080 0.020028 0.040157 0.020105 0.121987 0.040036 0.020095 0.128819 0.113125 0.141005 0.151401 0.062993 0.040233 0.040278 0.020111 0.041058 0.040163 0.040064 0.040613 0.020064 0.040156 0.040027 0.114621 0.176455 0.304841 0.040020 0.040011 0.040094 0.159116 0.318646 0.129908 0.075779 0.110032 0.100734 -9999.0 -9999.0
-9999.0 -9999.0 -9999.0 -9999.0 -9999.0 -9999.0 -9999.0 -9999.0 0.020043 0.040335 0.040236 0.020029 0.040363 0.040058 0.020593 0.252826 0.066335 0.072758 0.112458 0.082995 0.083725 0.084078 0.094543 0.094289 0.090917 0.127679 0.051964 0.040038 0.045068 0.040292 0.040156 0.040532 0.041604 0.335450 0.020725 0.094395 0.094706 0.077890 0.132686 0.052061 0.041153 0.041404 0.041416 0.020166 0.040179 0.020113 0.020250 0.020145 0.040215 0.040109 0.190155 0.131654 0.268526 0.040098 0.428840 0.272460 0.094261 0.128910 0.110095 0.103620 0.090370 0.127376 -9999.0
-9999.0 -9999.0 -9999.0 -9999.0 -9999.0 -9999.0 -9999.0 -9999.0 0.040016 0.040737 0.040026 0.040055 0.040482 0.045621 0.339918 0.141140 0.165082 0.085195 0.114825 0.078798 0.083140 0.086923 0.084976 0.085083 0.081013 0.133844 0.040098 0.041774 0.169567 0.424247 0.040840 0.270754 0.073355 0.176401 0.083458 0.066385 0.063973 0.074267 0.066432 0.112517 0.075573 0.022641 0.090202 0.027873 0.040128 0.082632 0.040531 0.052304 0.040399 0.224168 0.072379 0.112266 0.131964 0.153849 0.211985 0.213541 0.154517 0.125822 0.113985 0.075459 0.079585 0.134282 -9999.0
-9999.0 -9999.0 0.020193 0.040501 0.040014 0.040047 0.040019 0.040023 0.040043 0.040171 0.040090 0.040384 0.046976 0.428994 0.131717 0.412329 0.091117 0.040081 0.040228 0.171165 0.079143 0.084075 0.097579 0.081939 0.089780 0.084017 0.143821 0.145684 0.092694 0.119624 0.101909 0.121244 0.115887 0.079898 0.081770 0.076576 0.079420 0.072038 0.064789 0.068070 0.062638 0.062267 0.067755 0.081870 0.141002 0.075843 0.136515 0.170760 0.064843 0.084356 0.081781 0.119097 0.148981 0.176651 0.199457 0.182327 0.160424 0.119308 0.080049 0.086012 0.128283 0.145216 -9999.0
-9999.0 0.040198 0.040167 0.040112 0.040054 0.040180 0.040018 0.040017 0.040012 0.040040 0.040028 0.040147 0.321592 0.246266 0.430000 0.040745 0.040078 0.040035 0.040065 0.146541 0.080424 0.076118 0.119993 0.110521 0.085104 0.084657 0.090213 0.091610 0.080460 0.094284 0.079674 0.081202 0.080703 0.090052 0.075084 0.081844 0.071465 0.070018 0.081696 0.082189 0.073955 0.075700 0.070946 0.074429 0.076639 0.075601 0.106592 0.072747 0.074941 0.100631 0.111837 0.135013 0.160153 0.200228 0.206856 0.328429 0.296260 0.270942 0.324814 0.244749 0.209482 0.147906 -9999.0
-9999.0 0.199489 0.061175 0.054079 0.208264 0.040187 0.040026 0.040014 0.040030 0.020061 0.040021 0.040081 0.238752 0.345748 0.044436 0.040016 0.040019 0.040027 0.040588 0.113796 0.238310 0.145431 0.132568 0.136972 0.161266 0.147360 0.078051 0.085970 0.078902 0.071254 0.070742 0.071132 0.083979 0.091209 0.092929 0.083161 0.132183 0.129255 0.081068 0.080610 0.080918 0.085663 0.071162 0.077587 0.074811 0.069614 0.090926 0.088532 0.091772 0.098139 0.097577 0.145081 0.232760 0.328317 0.430000 0.064827 0.040315 0.050112 0.066664 0.043541 0.075636 -9999.0 -9999.0
-9999.0 0.021318 0.053536 0.052269 0.273669 0.246539 0.229482 0.040050 0.040033 0.040034 0.040099 0.086661 0.228322 0.430000 0.040058 0.040012 0.040015 0.040050 0.040052 0.040555 0.041707 0.069705 0.133980 0.171015 0.166325 0.110232 0.100856 0.096931 0.084544 0.089622 0.082531 0.082059 0.086664 0.085264 0.083699 0.082583 0.082181 0.127712 0.081934 0.081810 0.081896 0.131876 0.082570 0.081286 0.081425 0.085164 0.087007 0.092217 0.105004 0.097227 0.132425 0.212967 0.083477 0.417180 0.041756 0.040077 0.040074 0.040050 0.040057 -9999.0 -9999.0 -9999.0 -9999.0
