user2019/resources/simulation/Vinschgau/output-maps/thetaliqL0002N0284.asc
ncols         63
nrows         48
xllcorner     598000.000000
yllcorner     5145000.000000
cellsize      1000.000000
NODATA_value  -9999.0
[rows 0 to 28 of 48, columns 0 to 62 of 63]
-9999.0 -9999.0 -9999.0 -9999.0 -9999.0 -9999.0 -9999.0 -9999.0 -9999.0 -9999.0 -9999.0 -9999.0 -9999.0 -9999.0 -9999.0 -9999.0 -9999.0 -9999.0 -9999.0 -9999.0 -9999.0 -9999.0 -9999.0 -9999.0 -9999.0 -9999.0 -9999.0 -9999.0 -9999.0 -9999.0 -9999.0 -9999.0 -9999.0 -9999.0 -9999.0 -9999.0 -9999.0 -9999.0 -9999.0 -9999.0 -9999.0 -9999.0 -9999.0 -9999.0 -9999.0 -9999.0 -9999.0 -9999.0 -9999.0 -9999.0 -9999.0 -9999.0 -9999.0 -9999.0 -9999.0 -9999.0 -9999.0 -9999.0 -9999.0 -9999.0 -9999.0 -9999.0 -9999.0
-9999.0 -9999.0 -9999.0 -9999.0 -9999.0 -9999.0 -9999.0 -9999.0 -9999.0 -9999.0 -9999.0 -9999.0 -9999.0 -9999.0 -9999.0 -9999.0 -9999.0 -9999.0 -9999.0 -9999.0 -9999.0 -9999.0 -9999.0 -9999.0 -9999.0 -9999.0 -9999.0 0.020023 0.040008 0.020024 0.040006 0.040005 0.040005 -9999.0 -9999.0 -9999.0 -9999.0 -9999.0 -9999.0 -9999.0 -9999.0 -9999.0 -9999.0 -9999.0 -9999.0 -9999.0 -9999.0 -9999.0 -9999.0 -9999.0 -9999.0 -9999.0 -9999.0 -9999.0 -9999.0 -9999.0 -9999.0 -9999.0 -9999.0 -9999.0 -9999.0 -9999.0 -9999.0
-9999.0 -9999.0 -9999.0 -9999.0 -9999.0 -9999.0 -9999.0 -9999.0 -9999.0 -9999.0 -9999.0 -9999.0 -9999.0 -9999.0 -9999.0 -9999.0 -9999.0 -9999.0 -9999.0 -9999.0 -9999.0 -9999.0 -9999.0 -9999.0 0.040010 0.040010 0.040010 0.040009 0.040010 0.040009 0.040006 -9999.0 -9999.0 -9999.0 -9999.0 -9999.0 -9999.0 -9999.0 -9999.0 -9999.0 -9999.0 -9999.0 -9999.0 -9999.0 -9999.0 -9999.0 -9999.0 -9999.0 -9999.0 -9999.0 -9999.0 -9999.0 -9999.0 -9999.0 -9999.0 -9999.0 -9999.0 -9999.0 -9999.0 -9999.0 -9999.0 -9999.0 -9999.0
-9999.0 -9999.0 -9999.0 -9999.0 -9999.0 -9999.0 -9999.0 -9999.0 -9999.0 -9999.0 -9999.0 -9999.0 -9999.0 -9999.0 -9999.0 -9999.0 -9999.0 -9999.0 -9999.0 -9999.0 -9999.0 -9999.0 -9999.0 0.040010 0.040011 0.040027 0.040042 0.040025 0.040012 0.040009 0.040007 0.040007 -9999.0 -9999.0 -9999.0 -9999.0 -9999.0 -9999.0 -9999.0 -9999.0 -9999.0 -9999.0 -9999.0 -9999.0 -9999.0 -9999.0 -9999.0 -9999.0 -9999.0 -9999.0 -9999.0 -9999.0 -9999.0 -9999.0 -9999.0 -9999.0 -9999.0 -9999.0 -9999.0 -9999.0 -9999.0 -9999.0 -9999.0
-9999.0 -9999.0 -9999.0 -9999.0 -9999.0 -9999.0 -9999.0 -9999.0 -9999.0 -9999.0 -9999.0 -9999.0 -9999.0 -9999.0 -9999.0 -9999.0 -9999.0 -9999.0 0.040039 0.040011 -9999.0 0.040011 0.040011 0.040016 0.040082 0.301028 0.040010 0.040009 0.327685 0.040009 0.040008 0.040007 0.020020 0.020017 -9999.0 -9999.0 -9999.0 -9999.0 -9999.0 -9999.0 -9999.0 -9999.0 -9999.0 -9999.0 -9999.0 -9999.0 -9999.0 -9999.0 -9999.0 -9999.0 -9999.0 -9999.0 -9999.0 -9999.0 -9999.0 -9999.0 -9999.0 -9999.0 -9999.0 -9999.0 -9999.0 -9999.0 -9999.0
-9999.0 -9999.0 -9999.0 -9999.0 -9999.0 -9999.0 -9999.0 -9999.0 -9999.0 -9999.0 -9999.0 -9999.0 -9999.0 -9999.0 -9999.0 -9999.0 -9999.0 0.073373 0.040054 0.020032 0.020030 0.040013 0.040013 0.040075 0.212574 0.040008 0.040008 0.040009 0.040008 0.040009 0.040010 0.040008 0.020024 0.020020 0.020017 0.020015 -9999.0 -9999.0 -9999.0 -9999.0 -9999.0 -9999.0 -9999.0 -9999.0 -9999.0 -9999.0 -9999.0 -9999.0 -9999.0 -9999.0 -9999.0 -9999.0 -9999.0 -9999.0 -9999.0 -9999.0 -9999.0 -9999.0 -9999.0 -9999.0 -9999.0 -9999.0 -9999.0
-9999.0 -9999.0 -9999.0 -9999.0 -9999.0 -9999.0 -9999.0 -9999.0 -9999.0 -9999.0 -9999.0 -9999.0 -9999.0 0.040009 0.040013 0.040082 0.040076 0.188752 0.040097 0.040014 0.040308 0.040341 0.041214 0.152405 0.040009 0.040007 0.020020 0.040008 0.040006 0.040010 0.040008 0.040006 0.040006 0.040004 0.020015 0.020014 -9999.0 -9999.0 -9999.0 -9999.0 -9999.0 -9999.0 -9999.0 -9999.0 -9999.0 -9999.0 -9999.0 -9999.0 -9999.0 -9999.0 -9999.0 -9999.0 -9999.0 -9999.0 -9999.0 -9999.0 -9999.0 -9999.0 -9999.0 -9999.0 -9999.0 -9999.0 -9999.0
-9999.0 -9999.0 -9999.0 -9999.0 -9999.0 -9999.0 -9999.0 -9999.0 -9999.0 -9999.0 -9999.0 -9999.0 -9999.0 0.040013 0.040040 0.040018 0.040014 0.040293 0.183915 0.040827 0.216825 0.040009 0.040011 0.040010 0.040010 0.040009 0.040008 0.020018 0.020017 0.040006 0.040008 0.040005 0.020015 0.020014 0.020014 -9999.0 -9999.0 -9999.0 -9999.0 -9999.0 -9999.0 -9999.0 -9999.0 -9999.0 -9999.0 -9999.0 -9999.0 -9999.0 -9999.0 -9999.0 -9999.0 -9999.0 -9999.0 -9999.0 -9999.0 -9999.0 -9999.0 -9999.0 -9999.0 -9999.0 -9999.0 -9999.0 -9999.0
-9999.0 -9999.0 -9999.0 -9999.0 -9999.0 -9999.0 -9999.0 -9999.0 -9999.0 -9999.0 -9999.0 -9999.0 -9999.0 0.040013 0.040071 0.040052 0.040011 0.040050 0.187914 0.350812 0.040012 0.020022 0.040009 0.040010 0.040011 0.040014 0.020025 0.020017 0.040007 0.020016 0.040005 0.020014 0.020014 0.020013 0.020014 -9999.0 -9999.0 -9999.0 -9999.0 -9999.0 -9999.0 -9999.0 -9999.0 -9999.0 -9999.0 -9999.0 -9999.0 -9999.0 -9999.0 -9999.0 -9999.0 -9999.0 -9999.0 -9999.0 -9999.0 -9999.0 -9999.0 -9999.0 -9999.0 -9999.0 -9999.0 -9999.0 -9999.0
-9999.0 -9999.0 -9999.0 -9999.0 -9999.0 -9999.0 -9999.0 -9999.0 -9999.0 -9999.0 -9999.0 -9999.0 0.040012 0.040081 0.040038 0.040008 0.040022 0.040050 0.520000 0.020703 0.040011 0.040008 0.040009 0.040009 0.040013 0.040006 0.040009 0.040007 0.040008 0.020017 0.040004 0.020018 0.040005 0.020015 -9999.0 -9999.0 -9999.0 -9999.0 -9999.0 -9999.0 -9999.0 -9999.0 -9999.0 -9999.0 -9999.0 -9999.0 -9999.0 -9999.0 -9999.0 -9999.0 -9999.0 -9999.0 -9999.0 -9999.0 -9999.0 -9999.0 -9999.0 -9999.0 -9999.0 -9999.0 -9999.0 -9999.0 -9999.0
-9999.0 -9999.0 -9999.0 -9999.0 -9999.0 -9999.0 -9999.0 -9999.0 -9999.0 -9999.0 -9999.0 0.040011 0.040009 0.040021 0.040008 0.040009 0.020021 0.040028 0.520000 0.020407 0.040018 0.040021 0.040009 0.040007 0.040009 0.040008 0.040005 0.040008 0.040008 0.020015 0.020019 0.040007 0.020018 0.020015 0.020015 0.020015 0.040008 0.040032 0.520000 -9999.0 -9999.0 -9999.0 0.020014 -9999.0 -9999.0 -9999.0 -9999.0 -9999.0 -9999.0 -9999.0 -9999.0 -9999.0 -9999.0 -9999.0 -9999.0 -9999.0 -9999.0 -9999.0 -9999.0 -9999.0 -9999.0 -9999.0 -9999.0
-9999.0 -9999.0 -9999.0 -9999.0 -9999.0 -9999.0 -9999.0 -9999.0 -9999.0 -9999.0 -9999.0 0.040009 0.040010 0.040011 0.040011 0.040007 0.040009 0.040083 0.520000 0.114941 0.040116 0.040013 0.040011 0.040009 0.040009 0.040007 0.040008 0.040009 0.020022 0.020017 0.040007 0.040007 0.040005 0.040005 0.040003 0.040010 0.441987 0.064311 0.062062 0.076179 0.020030 0.020012 0.040007 0.020016 -9999.0 -9999.0 -9999.0 0.040170 0.040012 0.020030 0.040029 0.020042 0.020046 0.040850 0.041249 0.020054 -9999.0 -9999.0 -9999.0 -9999.0 -9999.0 -9999.0 -9999.0
-9999.0 -9999.0 -9999.0 -9999.0 -9999.0 -9999.0 -9999.0 -9999.0 -9999.0 -9999.0 -9999.0 0.040011 0.040009 0.040008 0.040014 0.040008 0.040010 0.040049 0.519526 0.278303 0.040046 0.040011 0.040011 0.040012 0.040007 0.020024 0.040012 0.040008 0.020019 0.040006 0.020018 0.040007 0.040006 0.040004 0.020014 0.144429 0.041239 0.041672 0.062756 0.077366 0.497823 0.040009 0.040012 0.040006 0.040006 -9999.0 0.020020 0.040010 0.040020 0.040043 0.040023 0.020059 0.056150 0.061355 0.043681 0.040937 -9999.0 -9999.0 -9999.0 -9999.0 -9999.0 -9999.0 -9999.0
-9999.0 -9999.0 -9999.0 -9999.0 -9999.0 -9999.0 -9999.0 -9999.0 -9999.0 -9999.0 -9999.0 -9999.0 0.040011 0.040015 0.040021 0.040013 0.040010 0.040025 0.520000 0.269174 0.040038 0.040013 0.040022 0.040011 0.040009 0.040012 0.040012 0.040007 0.040007 0.020021 0.040007 0.040007 0.040006 0.040005 0.040004 0.040005 0.040048 0.040381 0.072336 0.143320 0.520000 0.131455 0.040030 0.040009 0.020021 0.040008 0.020023 0.040010 0.040012 0.040014 0.040045 0.040031 0.040066 0.040207 0.040019 0.040020 0.040189 -9999.0 -9999.0 -9999.0 -9999.0 -9999.0 -9999.0
-9999.0 -9999.0 -9999.0 -9999.0 -9999.0 -9999.0 -9999.0 -9999.0 -9999.0 -9999.0 -9999.0 0.040019 0.040009 0.040009 0.040014 0.040013 0.040014 0.040011 0.287714 0.329963 0.040040 0.040034 0.040014 0.040011 0.040013 0.040028 0.040013 0.040006 0.040008 0.020024 0.040011 0.040011 0.040008 0.040005 0.040003 0.040004 0.040005 0.040442 0.041365 0.136727 0.041413 0.063442 0.040099 0.020097 0.040018 0.040008 0.040012 0.020034 0.020038 0.040014 0.020025 0.040009 0.040012 0.020022 0.020026 0.020023 0.020059 -9999.0 -9999.0 -9999.0 -9999.0 -9999.0 -9999.0
-9999.0 -9999.0 -9999.0 -9999.0 -9999.0 -9999.0 -9999.0 -9999.0 -9999.0 -9999.0 0.040044 0.040020 0.040024 0.040011 0.040043 0.040028 0.040011 0.040009 0.040140 0.310752 0.200822 0.040024 0.040011 0.040021 0.040047 0.040016 0.040008 0.020024 0.040011 0.040011 0.040050 0.040008 0.040007 0.040005 0.020013 0.020014 0.040026 0.040157 0.040047 0.156022 0.074800 0.020039 0.020030 0.040022 0.040019 0.020024 0.040012 0.040022 0.040241 0.040012 0.020041 0.020023 0.020023 0.020022 0.020024 0.040235 0.040223 -9999.0 -9999.0 -9999.0 -9999.0 -9999.0 -9999.0
-9999.0 -9999.0 -9999.0 -9999.0 -9999.0 -9999.0 -9999.0 -9999.0 -9999.0 0.040009 0.040048 0.040042 0.040015 0.040019 0.040035 0.040012 0.040010 0.040023 0.051155 0.346669 0.133149 0.040026 0.040029 0.116398 0.040015 0.040009 0.040010 0.040014 0.040173 0.040253 0.041152 0.040007 0.020016 0.020015 0.020016 0.020015 0.040005 0.040006 0.040005 0.040011 0.040041 0.040007 0.040007 0.046632 0.040023 0.040064 0.520000 0.040013 0.040014 0.040947 0.040017 0.020035 0.020021 0.020027 0.020039 0.040035 0.041338 0.020651 0.020111 -9999.0 -9999.0 -9999.0 -9999.0
-9999.0 -9999.0 -9999.0 -9999.0 -9999.0 -9999.0 -9999.0 -9999.0 -9999.0 0.040009 0.040009 0.040009 0.520000 0.040017 0.040016 0.040024 0.040054 0.040074 0.040907 0.469190 0.516576 0.512103 0.040014 0.040012 0.040009 0.040011 0.040044 0.040587 0.137826 0.040011 0.040009 0.040010 0.040006 0.040007 0.040006 0.020019 0.020018 0.020021 0.040005 0.040006 0.040007 0.040006 0.040024 0.040022 0.075050 0.280992 0.261152 0.041126 0.040357 0.040013 0.040027 0.040028 0.020027 0.040012 0.020024 0.040150 0.040243 0.043060 0.029936 -9999.0 -9999.0 -9999.0 -9999.0
-9999.0 -9999.0 -9999.0 -9999.0 -9999.0 -9999.0 -9999.0 -9999.0 -9999.0 -9999.0 0.040009 0.040010 0.040012 0.040040 0.040031 0.040014 0.040018 0.041398 0.043159 0.514931 0.073740 0.040018 0.040017 0.040013 0.040010 0.040268 0.041506 0.191964 0.040011 0.040008 0.040007 0.040013 0.040007 0.040006 0.040008 0.040011 0.040010 0.040008 0.020018 0.040005 0.040004 0.040009 0.040008 0.040008 0.040008 0.040008 0.040017 0.040026 0.376323 0.087625 0.040016 0.040067 0.020041 0.020029 0.040015 0.040011 0.040026 0.040255 0.042565 0.041709 -9999.0 -9999.0 -9999.0
-9999.0 -9999.0 -9999.0 -9999.0 -9999.0 -9999.0 -9999.0 -9999.0 -9999.0 -9999.0 0.040009 0.040010 0.040012 0.040019 0.519648 0.040028 0.040085 0.040095 0.382437 0.313742 0.251226 0.042628 0.040016 0.040012 0.040046 0.042575 0.248387 0.040011 0.040010 0.040006 0.040007 0.040010 0.020024 0.040006 0.040007 0.040007 0.040047 0.040010 0.040009 0.040006 0.040008 0.020026 0.040009 0.040007 0.040026 0.040011 0.040013 0.040009 0.271241 0.376460 0.041047 0.040086 0.044963 0.020043 0.020031 0.020047 0.040010 0.040417 0.066119 0.182652 -9999.0 -9999.0 -9999.0
-9999.0 -9999.0 -9999.0 -9999.0 -9999.0 -9999.0 -9999.0 -9999.0 0.040033 0.040038 0.040010 0.040013 0.040013 0.040012 0.040017 0.082284 0.174501 0.475490 0.265265 0.292811 0.189299 0.342969 0.173320 0.041058 0.041384 0.078355 0.076886 0.040010 0.040011 0.040008 0.020017 0.040007 0.040008 0.040008 0.040009 0.040006 0.040010 0.040010 0.040010 0.020022 0.020021 0.040008 0.020020 0.020018 0.020032 0.040020 0.040009 0.040023 0.040014 0.416812 0.041484 0.040018 0.052865 0.040016 0.020050 0.066163 0.022111 0.040132 0.074075 0.268572 -9999.0 -9999.0 -9999.0
-9999.0 -9999.0 -9999.0 -9999.0 -9999.0 -9999.0 -9999.0 -9999.0 0.020027 0.040021 0.040022 0.040007 0.040009 0.040013 0.040020 0.040014 0.040049 0.040021 0.285863 0.271318 0.304724 0.333586 0.345917 0.508434 0.228332 0.256778 0.041361 0.040012 0.020021 0.040010 0.040010 0.020029 0.040012 0.020026 0.040014 0.040015 0.040017 0.040014 0.040017 0.040014 0.040007 0.040005 0.020020 0.040015 0.040018 0.040016 0.020023 0.040009 0.040014 0.040152 0.398456 0.040018 0.046878 0.044273 0.040035 0.020286 0.040314 0.045956 0.374160 0.520000 0.333891 -9999.0 -9999.0
-9999.0 -9999.0 -9999.0 -9999.0 -9999.0 -9999.0 -9999.0 -9999.0 0.040009 0.040014 0.040025 0.040011 0.040021 0.020024 0.040019 0.040059 0.040347 0.339350 0.337964 0.379325 0.236722 0.360955 0.233915 0.218554 0.403995 0.041542 0.040015 0.040011 0.020026 0.040014 0.020028 0.040015 0.040016 0.040017 0.040022 0.040027 0.040016 0.040032 0.040023 0.040015 0.040011 0.020028 0.040023 0.040011 0.040011 0.040010 0.020037 0.040101 0.040013 0.040020 0.451982 0.068680 0.040032 0.040032 0.048524 0.074059 0.192302 0.416963 0.520000 0.520000 0.520000 -9999.0 -9999.0
-9999.0 -9999.0 -9999.0 -9999.0 -9999.0 -9999.0 -9999.0 -9999.0 0.020020 0.040013 0.040042 0.020053 0.040073 0.040030 0.040064 0.040139 0.067713 0.444964 0.304362 0.268267 0.395946 0.302473 0.366089 0.418931 0.328799 0.040015 0.040020 0.040013 0.040015 0.040058 0.040014 0.040016 0.040237 0.040047 0.040017 0.040021 0.040026 0.040455 0.040016 0.040047 0.040016 0.040038 0.040048 0.020051 0.040049 0.020041 0.040660 0.020105 0.040102 0.040047 0.040024 0.475331 0.125211 0.122960 0.241610 0.411723 0.520000 0.520000 0.520000 0.520000 0.515765 0.040053 -9999.0
-9999.0 -9999.0 -9999.0 -9999.0 -9999.0 -9999.0 -9999.0 -9999.0 0.040010 0.040018 0.040116 0.040071 0.040025 0.040105 0.520000 0.126724 0.158405 0.040016 0.040012 0.040029 0.212532 0.336031 0.400904 0.520000 0.275717 0.040000 0.040012 0.040039 0.041094 0.040510 0.040013 0.040041 0.042817 0.040029 0.040015 0.040048 0.040164 0.286155 0.043189 0.040031 0.040020 0.040052 0.040132 0.040047 0.040034 0.040031 0.040038 0.041084 0.040120 0.048979 0.161282 0.298305 0.478169 0.520000 0.520000 0.520000 0.520000 0.520000 0.520000 0.515942 0.058212 0.040044 -9999.0
-9999.0 -9999.0 0.040015 0.040023 0.040016 0.040029 0.040052 0.040040 0.040022 0.040020 0.040030 0.041207 0.040282 0.073739 0.520000 0.366192 0.040014 0.040012 0.040013 0.040015 0.040093 0.357957 0.446946 0.520000 0.502587 0.076754 0.042307 0.040062 0.040801 0.198391 0.040047 0.040073 0.520000 0.040252 0.067549 0.042285 0.520000 0.520000 0.520000 0.040500 0.044964 0.052676 0.041412 0.042245 0.040047 0.040126 0.046133 0.040494 0.193849 0.468986 0.520000 0.520000 0.467998 0.488184 0.520000 0.520000 0.510979 0.508974 0.417020 0.042823 0.040052 0.041121 -9999.0
-9999.0 0.040018 0.040016 0.040023 0.040024 0.040026 0.040021 0.040015 0.040014 0.040011 0.040021 0.040092 0.054560 0.370061 0.127751 0.040105 0.040016 0.040015 0.040023 0.040077 0.040625 0.067112 0.520000 0.441389 0.520000 0.514127 0.457272 0.478108 0.241694 0.074334 0.073806 0.053838 0.212808 0.520000 0.520000 0.520000 0.520000 0.520000 0.520000 0.520000 0.520000 0.520000 0.520000 0.042156 0.041380 0.042279 0.387591 0.347291 0.520000 0.520000 0.479857 0.520000 0.507991 0.498979 0.498167 0.384982 0.040052 0.040049 0.040050 0.064192 0.072935 0.089736 -9999.0
-9999.0 0.040017 0.040024 0.040044 0.040162 0.040014 0.040016 0.040034 0.040028 0.040026 0.040051 0.040052 0.055930 0.101174 0.040017 0.040029 0.040013 0.040018 0.040098 0.040067 0.040094 0.058532 0.071275 0.360335 0.506087 0.477112 0.289178 0.353149 0.520000 0.520000 0.305057 0.360424 0.520000 0.520000 0.520000 0.520000 0.520000 0.520000 0.520000 0.520000 0.520000 0.520000 0.520000 0.419291 0.259749 0.294060 0.314717 0.345167 0.440795 0.427855 0.510845 0.040207 0.040151 0.068072 0.040033 0.040192 0.040057 0.040934 0.041070 0.045618 0.048347 -9999.0 -9999.0
-9999.0 0.040012 0.040012 0.040015 0.044490 0.040266 0.229403 0.040015 0.040022 0.040029 0.040062 0.040318 0.311961 0.040049 0.054971 0.040018 0.040014 0.040018 0.040017 0.040026 0.040026 0.040019 0.076766 0.520000 0.520000 0.496318 0.482703 0.406349 0.444304 0.447338 0.298794 0.246888 0.520000 0.520000 0.514560 0.510652 0.520000 0.520000 0.520000 0.520000 0.520000 0.520000 0.520000 0.254622 0.230939 0.256176 0.363872 0.520000 0.511286 0.350061 0.040022 0.040079 0.040121 0.040048 0.040770 0.040288 0.040659 0.041115 0.042481 -9999.0 -9999.0 -9999.0 -9999.0
