user2019/resources/simulation/Vinschgau/output-maps/thetaliqL0008N0032.asc
ncols         63
nrows         48
xllcorner     598000.000000
yllcorner     5145000.000000
cellsize      1000.000000
NODATA_value  -9999.0
[rows 0 to 28 of 48, columns 0 to 62 of 63]
-9999.0 -9999.0 -9999.0 -9999.0 -9999.0 -9999.0 -9999.0 -9999.0 -9999.0 -9999.0 -9999.0 -9999.0 -9999.0 -9999.0 -9999.0 -9999.0 -9999.0 -9999.0 -9999.0 -9999.0 -9999.0 -9999.0 -9999.0 -9999.0 -9999.0 -9999.0 -9999.0 -9999.0 -9999.0 -9999.0 -9999.0 -9999.0 -9999.0 -9999.0 -9999.0 -9999.0 -9999.0 -9999.0 -9999.0 -9999.0 -9999.0 -9999.0 -9999.0 -9999.0 -9999.0 -9999.0 -9999.0 -9999.0 -9999.0 -9999.0 -9999.0 -9999.0 -9999.0 -9999.0 -9999.0 -9999.0 -9999.0 -9999.0 -9999.0 -9999.0 -9999.0 -9999.0 -9999.0
-9999.0 -9999.0 -9999.0 -9999.0 -9999.0 -9999.0 -9999.0 -9999.0 -9999.0 -9999.0 -9999.0 -9999.0 -9999.0 -9999.0 -9999.0 -9999.0 -9999.0 -9999.0 -9999.0 -9999.0 -9999.0 -9999.0 -9999.0 -9999.0 -9999.0 -9999.0 -9999.0 0.086849 0.086850 0.086849 0.066445 0.056659 0.054995 -9999.0 -9999.0 -9999.0 -9999.0 -9999.0 -9999.0 -9999.0 -9999.0 -9999.0 -9999.0 -9999.0 -9999.0 -9999.0 -9999.0 -9999.0 -9999.0 -9999.0 -9999.0 -9999.0 -9999.0 -9999.0 -9999.0 -9999.0 -9999.0 -9999.0 -9999.0 -9999.0 -9999.0 -9999.0 -9999.0
-9999.0 -9999.0 -9999.0 -9999.0 -9999.0 -9999.0 -9999.0 -9999.0 -9999.0 -9999.0 -9999.0 -9999.0 -9999.0 -9999.0 -9999.0 -9999.0 -9999.0 -9999.0 -9999.0 -9999.0 -9999.0 -9999.0 -9999.0 -9999.0 0.086850 0.086850 0.086850 0.086850 0.086850 0.086850 0.079362 -9999.0 -9999.0 -9999.0 -9999.0 -9999.0 -9999.0 -9999.0 -9999.0 -9999.0 -9999.0 -9999.0 -9999.0 -9999.0 -9999.0 -9999.0 -9999.0 -9999.0 -9999.0 -9999.0 -9999.0 -9999.0 -9999.0 -9999.0 -9999.0 -9999.0 -9999.0 -9999.0 -9999.0 -9999.0 -9999.0 -9999.0 -9999.0
-9999.0 -9999.0 -9999.0 -9999.0 -9999.0 -9999.0 -9999.0 -9999.0 -9999.0 -9999.0 -9999.0 -9999.0 -9999.0 -9999.0 -9999.0 -9999.0 -9999.0 -9999.0 -9999.0 -9999.0 -9999.0 -9999.0 -9999.0 0.086850 0.086850 0.086850 0.086849 0.086849 0.086849 0.086850 0.086850 0.086850 -9999.0 -9999.0 -9999.0 -9999.0 -9999.0 -9999.0 -9999.0 -9999.0 -9999.0 -9999.0 -9999.0 -9999.0 -9999.0 -9999.0 -9999.0 -9999.0 -9999.0 -9999.0 -9999.0 -9999.0 -9999.0 -9999.0 -9999.0 -9999.0 -9999.0 -9999.0 -9999.0 -9999.0 -9999.0 -9999.0 -9999.0
-9999.0 -9999.0 -9999.0 -9999.0 -9999.0 -9999.0 -9999.0 -9999.0 -9999.0 -9999.0 -9999.0 -9999.0 -9999.0 -9999.0 -9999.0 -9999.0 -9999.0 -9999.0 0.086850 0.086849 -9999.0 0.086850 0.086850 0.086849 0.086849 0.086849 0.086850 0.086850 0.086850 0.086849 0.086850 0.086850 0.086152 0.080777 -9999.0 -9999.0 -9999.0 -9999.0 -9999.0 -9999.0 -9999.0 -9999.0 -9999.0 -9999.0 -9999.0 -9999.0 -9999.0 -9999.0 -9999.0 -9999.0 -9999.0 -9999.0 -9999.0 -9999.0 -9999.0 -9999.0 -9999.0 -9999.0 -9999.0 -9999.0 -9999.0 -9999.0 -9999.0
-9999.0 -9999.0 -9999.0 -9999.0 -9999.0 -9999.0 -9999.0 -9999.0 -9999.0 -9999.0 -9999.0 -9999.0 -9999.0 -9999.0 -9999.0 -9999.0 -9999.0 0.385263 0.082433 0.086848 0.086804 0.086850 0.086849 0.086849 0.086850 0.085625 0.086116 0.086850 0.086433 0.086850 0.086850 0.086850 0.086823 0.086830 0.070379 0.039310 -9999.0 -9999.0 -9999.0 -9999.0 -9999.0 -9999.0 -9999.0 -9999.0 -9999.0 -9999.0 -9999.0 -9999.0 -9999.0 -9999.0 -9999.0 -9999.0 -9999.0 -9999.0 -9999.0 -9999.0 -9999.0 -9999.0 -9999.0 -9999.0 -9999.0 -9999.0 -9999.0
-9999.0 -9999.0 -9999.0 -9999.0 -9999.0 -9999.0 -9999.0 -9999.0 -9999.0 -9999.0 -9999.0 -9999.0 -9999.0 0.086850 0.086849 0.084524 0.082686 0.086851 0.386023 0.086848 0.086849 0.086849 0.086849 0.086850 0.085950 0.086848 0.083643 0.086850 0.086849 0.086850 0.086850 0.086849 0.079037 0.053308 0.036997 0.031769 -9999.0 -9999.0 -9999.0 -9999.0 -9999.0 -9999.0 -9999.0 -9999.0 -9999.0 -9999.0 -9999.0 -9999.0 -9999.0 -9999.0 -9999.0 -9999.0 -9999.0 -9999.0 -9999.0 -9999.0 -9999.0 -9999.0 -9999.0 -9999.0 -9999.0 -9999.0 -9999.0
-9999.0 -9999.0 -9999.0 -9999.0 -9999.0 -9999.0 -9999.0 -9999.0 -9999.0 -9999.0 -9999.0 -9999.0 -9999.0 0.086850 0.086849 0.083807 0.083973 0.086850 0.086851 0.086849 0.081518 0.086850 0.085547 0.085775 0.086850 0.086850 0.086850 0.049396 0.047613 0.086832 0.086850 0.054232 0.035628 0.028401 0.029862 -9999.0 -9999.0 -9999.0 -9999.0 -9999.0 -9999.0 -9999.0 -9999.0 -9999.0 -9999.0 -9999.0 -9999.0 -9999.0 -9999.0 -9999.0 -9999.0 -9999.0 -9999.0 -9999.0 -9999.0 -9999.0 -9999.0 -9999.0 -9999.0 -9999.0 -9999.0 -9999.0 -9999.0
-9999.0 -9999.0 -9999.0 -9999.0 -9999.0 -9999.0 -9999.0 -9999.0 -9999.0 -9999.0 -9999.0 -9999.0 -9999.0 0.086849 0.086850 0.086850 0.084144 0.084354 0.086851 0.388009 0.086850 0.076363 0.085870 0.086059 0.086850 0.086850 0.086849 0.046691 0.086850 0.041169 0.055777 0.032028 0.032198 0.027652 0.027907 -9999.0 -9999.0 -9999.0 -9999.0 -9999.0 -9999.0 -9999.0 -9999.0 -9999.0 -9999.0 -9999.0 -9999.0 -9999.0 -9999.0 -9999.0 -9999.0 -9999.0 -9999.0 -9999.0 -9999.0 -9999.0 -9999.0 -9999.0 -9999.0 -9999.0 -9999.0 -9999.0 -9999.0
-9999.0 -9999.0 -9999.0 -9999.0 -9999.0 -9999.0 -9999.0 -9999.0 -9999.0 -9999.0 -9999.0 -9999.0 0.086849 0.086850 0.086850 0.086850 0.085843 0.084302 0.086901 0.086849 0.086849 0.086849 0.086846 0.086850 0.086850 0.060857 0.086849 0.086850 0.086850 0.042676 0.054322 0.085012 0.086849 0.039534 -9999.0 -9999.0 -9999.0 -9999.0 -9999.0 -9999.0 -9999.0 -9999.0 -9999.0 -9999.0 -9999.0 -9999.0 -9999.0 -9999.0 -9999.0 -9999.0 -9999.0 -9999.0 -9999.0 -9999.0 -9999.0 -9999.0 -9999.0 -9999.0 -9999.0 -9999.0 -9999.0 -9999.0 -9999.0
-9999.0 -9999.0 -9999.0 -9999.0 -9999.0 -9999.0 -9999.0 -9999.0 -9999.0 -9999.0 -9999.0 0.086850 0.086850 0.086850 0.086850 0.086850 0.070279 0.084602 0.393241 0.086849 0.083473 0.086850 0.086850 0.065669 0.086850 0.086820 0.058536 0.086850 0.086849 0.037803 0.084476 0.086849 0.075635 0.046807 0.076688 0.082342 0.086844 0.086849 0.086845 -9999.0 -9999.0 -9999.0 0.058786 -9999.0 -9999.0 -9999.0 -9999.0 -9999.0 -9999.0 -9999.0 -9999.0 -9999.0 -9999.0 -9999.0 -9999.0 -9999.0 -9999.0 -9999.0 -9999.0 -9999.0 -9999.0 -9999.0 -9999.0
-9999.0 -9999.0 -9999.0 -9999.0 -9999.0 -9999.0 -9999.0 -9999.0 -9999.0 -9999.0 -9999.0 0.086850 0.086850 0.086849 0.086850 0.071443 0.086849 0.083087 0.391614 0.392925 0.086850 0.086850 0.086850 0.086850 0.086850 0.070881 0.086850 0.086850 0.083772 0.045809 0.086850 0.086849 0.086848 0.085910 0.085470 0.086848 0.086850 0.086850 0.086850 0.079949 0.081389 0.070927 0.086848 0.060998 -9999.0 -9999.0 -9999.0 0.385970 0.086852 0.086850 0.086850 0.086850 0.086848 0.387958 0.389310 0.078751 -9999.0 -9999.0 -9999.0 -9999.0 -9999.0 -9999.0 -9999.0
-9999.0 -9999.0 -9999.0 -9999.0 -9999.0 -9999.0 -9999.0 -9999.0 -9999.0 -9999.0 -9999.0 0.086850 0.086850 0.084612 0.086850 0.086847 0.086850 0.084805 0.086850 0.392509 0.388202 0.086849 0.086849 0.086850 0.068314 0.086833 0.086849 0.086466 0.051484 0.074502 0.045689 0.083771 0.086850 0.084942 0.070988 0.086849 0.086849 0.086831 0.086850 0.075794 0.086850 0.085666 0.086849 0.086849 0.086850 -9999.0 0.059925 0.086854 0.086850 0.086850 0.086850 0.086850 0.086850 0.086854 0.086854 0.086850 -9999.0 -9999.0 -9999.0 -9999.0 -9999.0 -9999.0 -9999.0
-9999.0 -9999.0 -9999.0 -9999.0 -9999.0 -9999.0 -9999.0 -9999.0 -9999.0 -9999.0 -9999.0 -9999.0 0.086850 0.086850 0.086850 0.086850 0.085629 0.085083 0.086850 0.392991 0.084031 0.086850 0.086850 0.086849 0.086849 0.086849 0.086850 0.061771 0.071589 0.085265 0.086850 0.086849 0.086849 0.086848 0.070750 0.086399 0.075172 0.086850 0.086849 0.086831 0.086850 0.086848 0.086848 0.086850 0.086841 0.086850 0.086846 0.086850 0.086848 0.086849 0.086850 0.086850 0.389904 0.086849 0.086850 0.086850 0.086850 -9999.0 -9999.0 -9999.0 -9999.0 -9999.0 -9999.0
-9999.0 -9999.0 -9999.0 -9999.0 -9999.0 -9999.0 -9999.0 -9999.0 -9999.0 -9999.0 -9999.0 0.086849 0.086847 0.082909 0.086850 0.086850 0.086850 0.085441 0.086850 0.388159 0.083681 0.084319 0.086850 0.085617 0.086850 0.086849 0.086850 0.065978 0.086850 0.086848 0.086849 0.086850 0.086850 0.086848 0.048924 0.083677 0.067365 0.067781 0.388615 0.086850 0.086848 0.086849 0.086849 0.084525 0.086850 0.086850 0.086850 0.086850 0.086850 0.086848 0.071246 0.083899 0.086850 0.062690 0.073206 0.061878 0.086847 -9999.0 -9999.0 -9999.0 -9999.0 -9999.0 -9999.0
-9999.0 -9999.0 -9999.0 -9999.0 -9999.0 -9999.0 -9999.0 -9999.0 -9999.0 -9999.0 0.086850 0.086850 0.086850 0.086850 0.086850 0.086849 0.086850 0.086010 0.084074 0.388348 0.392887 0.390777 0.085409 0.086850 0.086849 0.086849 0.085124 0.067089 0.086849 0.086850 0.086849 0.086850 0.086848 0.068272 0.028834 0.076260 0.086826 0.086846 0.085411 0.086849 0.086849 0.086849 0.083946 0.387014 0.086849 0.086847 0.086850 0.086848 0.086849 0.086849 0.075738 0.063443 0.069727 0.061950 0.065441 0.086850 0.086850 -9999.0 -9999.0 -9999.0 -9999.0 -9999.0 -9999.0
-9999.0 -9999.0 -9999.0 -9999.0 -9999.0 -9999.0 -9999.0 -9999.0 -9999.0 0.084419 0.086850 0.086850 0.086849 0.086849 0.086850 0.086850 0.086850 0.086850 0.083393 0.387908 0.392034 0.083988 0.084219 0.086849 0.086850 0.084034 0.086849 0.086850 0.086849 0.086849 0.086849 0.075883 0.041303 0.037503 0.051808 0.043317 0.086850 0.086849 0.086843 0.086850 0.085458 0.086674 0.081369 0.084215 0.082997 0.086849 0.086849 0.086848 0.086849 0.086849 0.086848 0.086845 0.061200 0.064730 0.085258 0.086849 0.086850 0.086850 0.086850 -9999.0 -9999.0 -9999.0 -9999.0
-9999.0 -9999.0 -9999.0 -9999.0 -9999.0 -9999.0 -9999.0 -9999.0 -9999.0 0.085560 0.086840 0.086849 0.086849 0.086849 0.086849 0.086850 0.086850 0.086849 0.082640 0.393078 0.393101 0.086850 0.086850 0.086850 0.086090 0.086849 0.086849 0.086849 0.086849 0.086850 0.086850 0.078130 0.067931 0.086849 0.086850 0.084748 0.085778 0.086641 0.059343 0.086849 0.086849 0.079373 0.086849 0.086849 0.389556 0.086849 0.086848 0.086849 0.086849 0.086849 0.083124 0.086832 0.060921 0.078379 0.066918 0.086850 0.086850 0.086849 0.086849 -9999.0 -9999.0 -9999.0 -9999.0
-9999.0 -9999.0 -9999.0 -9999.0 -9999.0 -9999.0 -9999.0 -9999.0 -9999.0 -9999.0 0.086848 0.086849 0.086850 0.386684 0.086849 0.086849 0.086849 0.086849 0.082028 0.390306 0.392145 0.084361 0.086258 0.086460 0.086849 0.086849 0.086849 0.086849 0.086850 0.086730 0.078995 0.086849 0.074231 0.064859 0.086850 0.086850 0.086850 0.086850 0.084734 0.061978 0.057717 0.086850 0.086849 0.086849 0.081935 0.086134 0.084723 0.086850 0.086848 0.086848 0.085878 0.086849 0.086850 0.060265 0.086850 0.081712 0.086849 0.086849 0.086849 0.086849 -9999.0 -9999.0 -9999.0
-9999.0 -9999.0 -9999.0 -9999.0 -9999.0 -9999.0 -9999.0 -9999.0 -9999.0 -9999.0 0.086849 0.086850 0.086850 0.086850 0.390557 0.083871 0.084341 0.083263 0.081663 0.388224 0.082614 0.083734 0.084611 0.086849 0.086849 0.086849 0.086850 0.086032 0.086522 0.073772 0.068811 0.086850 0.070385 0.067264 0.066132 0.086829 0.086849 0.086850 0.084716 0.071408 0.086850 0.086850 0.086850 0.073427 0.086849 0.086182 0.086850 0.086165 0.083723 0.086849 0.086846 0.086849 0.086850 0.086850 0.075935 0.086850 0.085888 0.086849 0.082305 0.086850 -9999.0 -9999.0 -9999.0
-9999.0 -9999.0 -9999.0 -9999.0 -9999.0 -9999.0 -9999.0 -9999.0 0.086850 0.086849 0.086080 0.086850 0.086850 0.086850 0.085765 0.386408 0.082284 0.086850 0.391807 0.389164 0.081423 0.082247 0.083133 0.084220 0.086849 0.083630 0.086850 0.086581 0.086850 0.083819 0.045857 0.070356 0.075434 0.084115 0.086850 0.063302 0.086850 0.086849 0.070931 0.086845 0.062194 0.086847 0.061967 0.054777 0.086850 0.086850 0.080159 0.086850 0.085979 0.392094 0.086847 0.085763 0.086850 0.086599 0.086849 0.086849 0.086850 0.086849 0.086849 0.080433 -9999.0 -9999.0 -9999.0
-9999.0 -9999.0 -9999.0 -9999.0 -9999.0 -9999.0 -9999.0 -9999.0 0.075475 0.086850 0.083296 0.071969 0.086841 0.086849 0.085837 0.085405 0.084354 0.084624 0.082147 0.389899 0.393166 0.391258 0.086850 0.086850 0.082547 0.082505 0.084519 0.086850 0.070129 0.086850 0.086850 0.086849 0.086850 0.086850 0.086850 0.086850 0.086850 0.086849 0.086849 0.086850 0.081083 0.056925 0.059950 0.086850 0.086850 0.086850 0.068626 0.077276 0.086849 0.084233 0.086847 0.086849 0.086484 0.086850 0.086849 0.086848 0.086849 0.086849 0.086848 0.391375 0.389714 -9999.0 -9999.0
-9999.0 -9999.0 -9999.0 -9999.0 -9999.0 -9999.0 -9999.0 -9999.0 0.086484 0.086850 0.086850 0.082353 0.086850 0.069325 0.086849 0.084701 0.083249 0.086849 0.081635 0.393504 0.391995 0.392909 0.086850 0.086850 0.086850 0.083806 0.085331 0.086443 0.069516 0.086850 0.086850 0.086850 0.086850 0.085487 0.086850 0.086850 0.086850 0.085059 0.086288 0.086850 0.086850 0.086848 0.086850 0.086850 0.086850 0.086850 0.086850 0.086850 0.086849 0.086014 0.383211 0.086847 0.085917 0.086177 0.086849 0.086849 0.086849 0.086849 0.086844 0.393458 0.391201 -9999.0 -9999.0
-9999.0 -9999.0 -9999.0 -9999.0 -9999.0 -9999.0 -9999.0 -9999.0 0.049034 0.086850 0.387898 0.073155 0.086850 0.086850 0.084435 0.083080 0.081187 0.080474 0.388880 0.387107 0.389828 0.430000 0.430000 0.392591 0.083487 0.084964 0.086211 0.081705 0.086850 0.086849 0.086849 0.086849 0.086849 0.086849 0.086849 0.086850 0.086850 0.084873 0.086040 0.086850 0.086850 0.086850 0.086850 0.086850 0.086850 0.086850 0.086850 0.086850 0.086849 0.086849 0.086005 0.081300 0.086847 0.086849 0.086849 0.086849 0.086846 0.430000 0.430000 0.430000 0.086850 0.084502 -9999.0
-9999.0 -9999.0 -9999.0 -9999.0 -9999.0 -9999.0 -9999.0 -9999.0 0.086849 0.086850 0.086850 0.085039 0.084289 0.083840 0.086850 0.086850 0.388702 0.084884 0.085588 0.084556 0.083048 0.430000 0.430000 0.388208 0.086850 0.084127 0.085183 0.086849 0.086849 0.086849 0.085773 0.086849 0.086849 0.086849 0.086849 0.086849 0.086849 0.084200 0.084343 0.086850 0.086849 0.086847 0.086849 0.086848 0.086849 0.086850 0.086849 0.086849 0.086848 0.086848 0.086849 0.081612 0.081853 0.086849 0.086851 0.430000 0.430000 0.430000 0.390314 0.086848 0.083198 0.085544 -9999.0
-9999.0 -9999.0 0.086850 0.086850 0.086850 0.086850 0.086850 0.086850 0.086850 0.086850 0.086850 0.385994 0.084022 0.086849 0.086850 0.386106 0.085426 0.086561 0.086850 0.085391 0.084182 0.081613 0.430000 0.430000 0.386997 0.082878 0.083555 0.083699 0.082489 0.086850 0.084645 0.084895 0.086850 0.083627 0.086849 0.084474 0.086849 0.083700 0.084455 0.085580 0.086849 0.086849 0.083235 0.086847 0.085031 0.086849 0.086848 0.082703 0.086848 0.086848 0.086849 0.393294 0.393395 0.393181 0.430000 0.430000 0.391747 0.086850 0.086849 0.083812 0.086850 0.085916 -9999.0
-9999.0 0.086850 0.086850 0.086850 0.086849 0.086850 0.086850 0.086850 0.086850 0.086850 0.086850 0.085944 0.387727 0.393378 0.390522 0.085778 0.086850 0.086850 0.086850 0.084566 0.082951 0.081860 0.430000 0.430000 0.086853 0.086850 0.086850 0.086850 0.086848 0.086849 0.086848 0.086849 0.086849 0.086850 0.086849 0.086849 0.086849 0.082065 0.086850 0.086849 0.086848 0.086848 0.086844 0.082556 0.082690 0.081856 0.384832 0.079518 0.086848 0.430000 0.430000 0.428804 0.391578 0.392663 0.392262 0.086853 0.084898 0.085164 0.086850 0.086850 0.086161 0.085976 -9999.0
-9999.0 0.086850 0.086850 0.086850 0.391066 0.086850 0.085426 0.086849 0.086850 0.086849 0.086849 0.085078 0.083747 0.392651 0.085290 0.086521 0.086849 0.086849 0.086849 0.083994 0.086850 0.083214 0.386228 0.430000 0.430000 0.430000 0.081878 0.420304 0.413073 0.079840 0.079865 0.080226 0.086850 0.391184 0.392665 0.388227 0.393247 0.392847 0.086850 0.086850 0.086850 0.390252 0.086848 0.079913 0.079448 0.079268 0.388285 0.395943 0.430000 0.430000 0.086850 0.084211 0.084934 0.083872 0.084903 0.086190 0.086100 0.086312 0.086377 0.086424 0.086416 -9999.0 -9999.0
-9999.0 0.086849 0.086850 0.085280 0.083213 0.392649 0.390770 0.085136 0.086849 0.086850 0.086849 0.083921 0.086852 0.391112 0.086434 0.086590 0.086850 0.086850 0.086364 0.085246 0.085776 0.085132 0.083158 0.430000 0.430000 0.423667 0.419939 0.415978 0.411437 0.407828 0.395563 0.387980 0.388472 0.388866 0.389037 0.390277 0.390905 0.394140 0.430000 0.430000 0.420713 0.405173 0.395498 0.393269 0.388457 0.388311 0.389483 0.388765 0.388664 0.083295 0.084748 0.086850 0.086101 0.086850 0.086332 0.086485 0.086596 0.086665 0.086646 -9999.0 -9999.0 -9999.0 -9999.0
