user2019/resources/simulation/Vinschgau/output-maps/thetaliqL0006N1050.asc
ncols         63
nrows         48
xllcorner     598000.000000
yllcorner     5145000.000000
cellsize      1000.000000
NODATA_value  -9999.0
[rows 0 to 28 of 48, columns 0 to 62 of 63]
-9999.0 -9999.0 -9999.0 -9999.0 -9999.0 -9999.0 -9999.0 -9999.0 -9999.0 -9999.0 -9999.0 -9999.0 -9999.0 -9999.0 -9999.0 -9999.0 -9999.0 -9999.0 -9999.0 -9999.0 -9999.0 -9999.0 -9999.0 -9999.0 -9999.0 -9999.0 -9999.0 -9999.0 -9999.0 -9999.0 -9999.0 -9999.0 -9999.0 -9999.0 -9999.0 -9999.0 -9999.0 -9999.0 -9999.0 -9999.0 -9999.0 -9999.0 -9999.0 -9999.0 -9999.0 -9999.0 -9999.0 -9999.0 -9999.0 -9999.0 -9999.0 -9999.0 -9999.0 -9999.0 -9999.0 -9999.0 -9999.0 -9999.0 -9999.0 -9999.0 -9999.0 -9999.0 -9999.0
-9999.0 -9999.0 -9999.0 -9999.0 -9999.0 -9999.0 -9999.0 -9999.0 -9999.0 -9999.0 -9999.0 -9999.0 -9999.0 -9999.0 -9999.0 -9999.0 -9999.0 -9999.0 -9999.0 -9999.0 -9999.0 -9999.0 -9999.0 -9999.0 -9999.0 -9999.0 -9999.0 0.020076 0.020060 0.020055 0.020044 0.020057 0.020046 -9999.0 -9999.0 -9999.0 -9999.0 -9999.0 -9999.0 -9999.0 -9999.0 -9999.0 -9999.0 -9999.0 -9999.0 -9999.0 -9999.0 -9999.0 -9999.0 -9999.0 -9999.0 -9999.0 -9999.0 -9999.0 -9999.0 -9999.0 -9999.0 -9999.0 -9999.0 -9999.0 -9999.0 -9999.0 -9999.0
-9999.0 -9999.0 -9999.0 -9999.0 -9999.0 -9999.0 -9999.0 -9999.0 -9999.0 -9999.0 -9999.0 -9999.0 -9999.0 -9999.0 -9999.0 -9999.0 -9999.0 -9999.0 -9999.0 -9999.0 -9999.0 -9999.0 -9999.0 -9999.0 0.040062 0.040162 0.040051 0.040131 0.040051 0.020080 0.020075 -9999.0 -9999.0 -9999.0 -9999.0 -9999.0 -9999.0 -9999.0 -9999.0 -9999.0 -9999.0 -9999.0 -9999.0 -9999.0 -9999.0 -9999.0 -9999.0 -9999.0 -9999.0 -9999.0 -9999.0 -9999.0 -9999.0 -9999.0 -9999.0 -9999.0 -9999.0 -9999.0 -9999.0 -9999.0 -9999.0 -9999.0 -9999.0
-9999.0 -9999.0 -9999.0 -9999.0 -9999.0 -9999.0 -9999.0 -9999.0 -9999.0 -9999.0 -9999.0 -9999.0 -9999.0 -9999.0 -9999.0 -9999.0 -9999.0 -9999.0 -9999.0 -9999.0 -9999.0 -9999.0 -9999.0 0.040456 0.040992 0.230656 0.198657 0.020892 0.053618 0.020507 0.020081 0.020059 -9999.0 -9999.0 -9999.0 -9999.0 -9999.0 -9999.0 -9999.0 -9999.0 -9999.0 -9999.0 -9999.0 -9999.0 -9999.0 -9999.0 -9999.0 -9999.0 -9999.0 -9999.0 -9999.0 -9999.0 -9999.0 -9999.0 -9999.0 -9999.0 -9999.0 -9999.0 -9999.0 -9999.0 -9999.0 -9999.0 -9999.0
-9999.0 -9999.0 -9999.0 -9999.0 -9999.0 -9999.0 -9999.0 -9999.0 -9999.0 -9999.0 -9999.0 -9999.0 -9999.0 -9999.0 -9999.0 -9999.0 -9999.0 -9999.0 0.393027 0.045693 -9999.0 0.042191 0.042907 0.031390 0.256859 0.021099 0.373549 0.401371 0.428001 0.262427 0.020135 0.020056 0.020045 0.020038 -9999.0 -9999.0 -9999.0 -9999.0 -9999.0 -9999.0 -9999.0 -9999.0 -9999.0 -9999.0 -9999.0 -9999.0 -9999.0 -9999.0 -9999.0 -9999.0 -9999.0 -9999.0 -9999.0 -9999.0 -9999.0 -9999.0 -9999.0 -9999.0 -9999.0 -9999.0 -9999.0 -9999.0 -9999.0
-9999.0 -9999.0 -9999.0 -9999.0 -9999.0 -9999.0 -9999.0 -9999.0 -9999.0 -9999.0 -9999.0 -9999.0 -9999.0 -9999.0 -9999.0 -9999.0 -9999.0 0.142168 0.157402 0.020069 0.042347 0.216476 0.281374 0.053730 0.368645 0.308614 0.040362 0.190238 0.048051 0.397058 0.042584 0.020149 0.020065 0.020059 0.020042 0.020030 -9999.0 -9999.0 -9999.0 -9999.0 -9999.0 -9999.0 -9999.0 -9999.0 -9999.0 -9999.0 -9999.0 -9999.0 -9999.0 -9999.0 -9999.0 -9999.0 -9999.0 -9999.0 -9999.0 -9999.0 -9999.0 -9999.0 -9999.0 -9999.0 -9999.0 -9999.0 -9999.0
-9999.0 -9999.0 -9999.0 -9999.0 -9999.0 -9999.0 -9999.0 -9999.0 -9999.0 -9999.0 -9999.0 -9999.0 -9999.0 0.025019 0.379593 0.195196 0.129408 0.042260 0.146275 0.022316 0.245271 0.313050 0.044104 0.381494 0.361129 0.045229 0.020115 0.020056 0.020142 0.137736 0.040060 0.040073 0.020065 0.020076 0.020040 0.020035 -9999.0 -9999.0 -9999.0 -9999.0 -9999.0 -9999.0 -9999.0 -9999.0 -9999.0 -9999.0 -9999.0 -9999.0 -9999.0 -9999.0 -9999.0 -9999.0 -9999.0 -9999.0 -9999.0 -9999.0 -9999.0 -9999.0 -9999.0 -9999.0 -9999.0 -9999.0 -9999.0
-9999.0 -9999.0 -9999.0 -9999.0 -9999.0 -9999.0 -9999.0 -9999.0 -9999.0 -9999.0 -9999.0 -9999.0 -9999.0 0.212749 0.227221 0.177431 0.141533 0.298924 0.042223 0.170991 0.026844 0.087957 0.266266 0.352883 0.175234 0.021213 0.020103 0.020051 0.020058 0.020115 0.040021 0.020097 0.020048 0.020020 0.020034 -9999.0 -9999.0 -9999.0 -9999.0 -9999.0 -9999.0 -9999.0 -9999.0 -9999.0 -9999.0 -9999.0 -9999.0 -9999.0 -9999.0 -9999.0 -9999.0 -9999.0 -9999.0 -9999.0 -9999.0 -9999.0 -9999.0 -9999.0 -9999.0 -9999.0 -9999.0 -9999.0 -9999.0
-9999.0 -9999.0 -9999.0 -9999.0 -9999.0 -9999.0 -9999.0 -9999.0 -9999.0 -9999.0 -9999.0 -9999.0 -9999.0 0.197292 0.430000 0.205648 0.172921 0.152391 0.042204 0.138062 0.312735 0.020118 0.320875 0.241049 0.318165 0.319007 0.020188 0.020052 0.020063 0.020023 0.020072 0.020018 0.020018 0.020014 0.020029 -9999.0 -9999.0 -9999.0 -9999.0 -9999.0 -9999.0 -9999.0 -9999.0 -9999.0 -9999.0 -9999.0 -9999.0 -9999.0 -9999.0 -9999.0 -9999.0 -9999.0 -9999.0 -9999.0 -9999.0 -9999.0 -9999.0 -9999.0 -9999.0 -9999.0 -9999.0 -9999.0 -9999.0
-9999.0 -9999.0 -9999.0 -9999.0 -9999.0 -9999.0 -9999.0 -9999.0 -9999.0 -9999.0 -9999.0 -9999.0 0.045652 0.430000 0.218344 0.349150 0.250862 0.194244 0.278765 0.020119 0.288681 0.143037 0.020171 0.044158 0.040053 0.020094 0.040023 0.020074 0.020059 0.020038 0.020019 0.020046 0.020035 0.020033 -9999.0 -9999.0 -9999.0 -9999.0 -9999.0 -9999.0 -9999.0 -9999.0 -9999.0 -9999.0 -9999.0 -9999.0 -9999.0 -9999.0 -9999.0 -9999.0 -9999.0 -9999.0 -9999.0 -9999.0 -9999.0 -9999.0 -9999.0 -9999.0 -9999.0 -9999.0 -9999.0 -9999.0 -9999.0
-9999.0 -9999.0 -9999.0 -9999.0 -9999.0 -9999.0 -9999.0 -9999.0 -9999.0 -9999.0 -9999.0 0.048844 0.332199 0.430000 0.238276 0.430000 0.020118 0.198430 0.358355 0.020395 0.059827 0.390531 0.020886 0.020147 0.020093 0.020075 0.020067 0.020060 0.040029 0.020037 0.020045 0.020061 0.020040 0.020040 0.020034 0.020042 0.020070 0.020067 0.020050 -9999.0 -9999.0 -9999.0 0.020038 -9999.0 -9999.0 -9999.0 -9999.0 -9999.0 -9999.0 -9999.0 -9999.0 -9999.0 -9999.0 -9999.0 -9999.0 -9999.0 -9999.0 -9999.0 -9999.0 -9999.0 -9999.0 -9999.0 -9999.0
-9999.0 -9999.0 -9999.0 -9999.0 -9999.0 -9999.0 -9999.0 -9999.0 -9999.0 -9999.0 -9999.0 0.047703 0.287448 0.033194 0.167700 0.097468 0.135242 0.135395 0.296352 0.312360 0.371959 0.081601 0.040141 0.040040 0.040016 0.020060 0.020056 0.020068 0.020060 0.020040 0.020062 0.020089 0.020064 0.020032 0.020048 0.020067 0.020085 0.020080 0.020063 0.020042 0.020041 0.020040 0.020046 0.020049 -9999.0 -9999.0 -9999.0 0.040013 0.020037 0.020038 0.020031 0.020035 0.020033 0.040012 0.040008 0.020032 -9999.0 -9999.0 -9999.0 -9999.0 -9999.0 -9999.0 -9999.0
-9999.0 -9999.0 -9999.0 -9999.0 -9999.0 -9999.0 -9999.0 -9999.0 -9999.0 -9999.0 -9999.0 0.042782 0.053870 0.022361 0.371267 0.193440 0.373034 0.179992 0.255131 0.290039 0.283913 0.062165 0.040057 0.040107 0.020061 0.020086 0.040022 0.020048 0.020064 0.020048 0.020056 0.020041 0.020078 0.020053 0.020037 0.020073 0.040023 0.020063 0.022279 0.020061 0.020056 0.020068 0.020069 0.020063 0.020047 -9999.0 0.020033 0.020032 0.020061 0.020068 0.020069 0.020069 0.020067 0.020083 0.020040 0.020052 -9999.0 -9999.0 -9999.0 -9999.0 -9999.0 -9999.0 -9999.0
-9999.0 -9999.0 -9999.0 -9999.0 -9999.0 -9999.0 -9999.0 -9999.0 -9999.0 -9999.0 -9999.0 -9999.0 0.043855 0.040167 0.192870 0.225313 0.286817 0.178199 0.314970 0.302002 0.230037 0.057201 0.020103 0.040022 0.040029 0.040059 0.041647 0.020078 0.020060 0.020049 0.020069 0.040017 0.020075 0.020040 0.020036 0.020071 0.040018 0.040031 0.237155 0.020248 0.040046 0.020416 0.020053 0.040058 0.020054 0.020045 0.020036 0.020049 0.020035 0.040021 0.043293 0.040018 0.040017 0.040013 0.040011 0.040016 0.040020 -9999.0 -9999.0 -9999.0 -9999.0 -9999.0 -9999.0
-9999.0 -9999.0 -9999.0 -9999.0 -9999.0 -9999.0 -9999.0 -9999.0 -9999.0 -9999.0 -9999.0 0.040032 0.040165 0.022829 0.040139 0.297076 0.404442 0.225703 0.305488 0.219595 0.195784 0.356518 0.048705 0.020112 0.040064 0.040035 0.040077 0.020076 0.020071 0.020066 0.040022 0.040026 0.020125 0.020051 0.020046 0.020048 0.020070 0.020069 0.117694 0.041590 0.020078 0.047218 0.040081 0.020075 0.021106 0.020082 0.020056 0.020078 0.020439 0.023067 0.020046 0.020083 0.040009 0.020025 0.020022 0.020019 0.020042 -9999.0 -9999.0 -9999.0 -9999.0 -9999.0 -9999.0
-9999.0 -9999.0 -9999.0 -9999.0 -9999.0 -9999.0 -9999.0 -9999.0 -9999.0 -9999.0 0.043020 0.040028 0.041519 0.043962 0.064248 0.041029 0.040705 0.299678 0.184861 0.224637 0.346223 0.403017 0.020293 0.050953 0.087275 0.040043 0.020089 0.020033 0.020130 0.020795 0.040038 0.040035 0.020097 0.020068 0.020034 0.020053 0.020076 0.040020 0.040091 0.327977 0.077123 0.020166 0.053631 0.384152 0.040648 0.020118 0.020069 0.020056 0.040039 0.246481 0.020029 0.020040 0.020021 0.020018 0.020019 0.020069 0.020062 -9999.0 -9999.0 -9999.0 -9999.0 -9999.0 -9999.0
-9999.0 -9999.0 -9999.0 -9999.0 -9999.0 -9999.0 -9999.0 -9999.0 -9999.0 0.020063 0.040081 0.040032 0.040048 0.040079 0.040132 0.040232 0.043603 0.430000 0.167777 0.199116 0.328338 0.207818 0.075604 0.313731 0.359583 0.020104 0.040026 0.021012 0.020068 0.041596 0.369108 0.020091 0.020066 0.020020 0.020043 0.020048 0.020078 0.040016 0.040041 0.040047 0.040104 0.040469 0.020369 0.219282 0.106640 0.022503 0.025524 0.020124 0.020120 0.364525 0.020090 0.020038 0.020016 0.020027 0.020034 0.020029 0.040012 0.020053 0.020037 -9999.0 -9999.0 -9999.0 -9999.0
-9999.0 -9999.0 -9999.0 -9999.0 -9999.0 -9999.0 -9999.0 -9999.0 -9999.0 0.020082 0.020066 0.020627 0.099300 0.327395 0.042268 0.040085 0.057136 0.356681 0.159061 0.271294 0.293403 0.214383 0.411097 0.281797 0.020145 0.040065 0.040070 0.158854 0.366705 0.344237 0.024078 0.020074 0.020058 0.020056 0.020044 0.020059 0.020075 0.020178 0.020085 0.020129 0.040035 0.020091 0.040343 0.428700 0.292291 0.362170 0.402526 0.061892 0.028131 0.371035 0.020051 0.020027 0.020026 0.020025 0.020033 0.040007 0.020037 0.040017 0.020082 -9999.0 -9999.0 -9999.0 -9999.0
-9999.0 -9999.0 -9999.0 -9999.0 -9999.0 -9999.0 -9999.0 -9999.0 -9999.0 -9999.0 0.020059 0.020110 0.040084 0.040298 0.060076 0.044130 0.305837 0.374808 0.149814 0.238554 0.312168 0.073798 0.357407 0.020355 0.040070 0.050184 0.361202 0.430000 0.025166 0.040053 0.020078 0.040020 0.020041 0.020045 0.020068 0.020126 0.041097 0.040087 0.020075 0.020063 0.020086 0.040751 0.059557 0.022567 0.099915 0.328948 0.113262 0.388110 0.064723 0.071047 0.020081 0.020038 0.020033 0.020026 0.040008 0.020032 0.040028 0.020086 0.020099 0.059286 -9999.0 -9999.0 -9999.0
-9999.0 -9999.0 -9999.0 -9999.0 -9999.0 -9999.0 -9999.0 -9999.0 -9999.0 -9999.0 0.020059 0.020078 0.042555 0.041054 0.430000 0.259574 0.285868 0.211069 0.182818 0.151908 0.155718 0.184182 0.346159 0.041412 0.050400 0.381395 0.430000 0.332773 0.040075 0.020045 0.020062 0.040050 0.020033 0.020055 0.020070 0.040137 0.040046 0.040034 0.020075 0.020072 0.020061 0.020159 0.040022 0.020414 0.040824 0.020382 0.257151 0.099163 0.110381 0.144597 0.028578 0.020084 0.040012 0.020036 0.020025 0.020028 0.020050 0.020122 0.430000 0.430000 -9999.0 -9999.0 -9999.0
-9999.0 -9999.0 -9999.0 -9999.0 -9999.0 -9999.0 -9999.0 -9999.0 0.040034 0.020068 0.020067 0.040039 0.040022 0.040069 0.047704 0.324017 0.163025 0.202036 0.214931 0.131947 0.131587 0.139479 0.156135 0.188029 0.313514 0.397736 0.420634 0.040159 0.040066 0.020045 0.020021 0.020080 0.020066 0.020060 0.020056 0.020086 0.024038 0.040088 0.020059 0.020059 0.020064 0.040070 0.020046 0.020068 0.020949 0.044380 0.020063 0.040067 0.096299 0.419724 0.321680 0.020222 0.040012 0.020026 0.020031 0.020063 0.020057 0.045085 0.089791 0.324598 -9999.0 -9999.0 -9999.0
-9999.0 -9999.0 -9999.0 -9999.0 -9999.0 -9999.0 -9999.0 -9999.0 0.020047 0.040018 0.020055 0.020071 0.020089 0.040031 0.040128 0.330716 0.197432 0.178224 0.022040 0.130861 0.278959 0.242106 0.237257 0.193679 0.156326 0.251499 0.370427 0.040099 0.020033 0.020071 0.020055 0.020070 0.020058 0.020077 0.040034 0.041339 0.027696 0.041070 0.020065 0.020076 0.020065 0.020026 0.020085 0.020143 0.040328 0.040022 0.020038 0.020076 0.020438 0.346922 0.428777 0.042051 0.040011 0.020053 0.020075 0.020062 0.020156 0.025485 0.117955 0.337857 0.148626 -9999.0 -9999.0
-9999.0 -9999.0 -9999.0 -9999.0 -9999.0 -9999.0 -9999.0 -9999.0 0.020073 0.020124 0.020146 0.020042 0.040037 0.020049 0.040067 0.020204 0.237871 0.224602 0.117710 0.267276 0.129223 0.212640 0.220662 0.159996 0.262381 0.188511 0.355255 0.040080 0.020028 0.020064 0.020094 0.040071 0.040041 0.020103 0.041319 0.023622 0.020199 0.186814 0.021725 0.020055 0.020072 0.020111 0.040037 0.040071 0.040021 0.040036 0.020059 0.040034 0.040035 0.108698 0.345978 0.343622 0.020046 0.020035 0.020092 0.040144 0.430000 0.420804 0.287511 0.350676 0.289021 -9999.0 -9999.0
-9999.0 -9999.0 -9999.0 -9999.0 -9999.0 -9999.0 -9999.0 -9999.0 0.020043 0.020085 0.040055 0.020030 0.040057 0.040066 0.020414 0.315166 0.049111 0.128375 0.290219 0.134390 0.140074 0.151454 0.219775 0.186363 0.185472 0.265807 0.234647 0.020076 0.042951 0.020058 0.020104 0.020067 0.021093 0.040143 0.020629 0.024646 0.180323 0.186993 0.128348 0.021837 0.021448 0.020441 0.020442 0.021020 0.040066 0.020114 0.020094 0.020072 0.020109 0.020122 0.351865 0.365071 0.351199 0.040057 0.405131 0.430000 0.369187 0.303715 0.241756 0.294453 0.297977 0.266248 -9999.0
-9999.0 -9999.0 -9999.0 -9999.0 -9999.0 -9999.0 -9999.0 -9999.0 0.040015 0.040036 0.040029 0.020097 0.020079 0.041358 0.370803 0.396459 0.393378 0.197115 0.240323 0.177038 0.159652 0.175979 0.151407 0.144463 0.262967 0.254976 0.040097 0.051139 0.369476 0.040305 0.020374 0.356464 0.187913 0.425471 0.080722 0.089362 0.067253 0.162207 0.079134 0.422651 0.086049 0.025891 0.021924 0.024499 0.020106 0.021426 0.020327 0.020103 0.020456 0.075842 0.103552 0.240250 0.328290 0.375665 0.430000 0.430000 0.401940 0.341160 0.322643 0.277604 0.199413 0.274707 -9999.0
-9999.0 -9999.0 0.020069 0.040053 0.040015 0.040054 0.040019 0.040028 0.040031 0.040037 0.040023 0.040229 0.041964 0.043491 0.429998 0.426524 0.104282 0.040081 0.040191 0.312624 0.176301 0.190828 0.302248 0.123374 0.162867 0.182213 0.260829 0.291245 0.280081 0.429667 0.342502 0.309359 0.398276 0.212136 0.311318 0.175932 0.197726 0.126940 0.055980 0.080208 0.044417 0.055953 0.091331 0.381791 0.102275 0.077468 0.427425 0.339005 0.076540 0.330619 0.244028 0.278016 0.368572 0.392971 0.426448 0.420977 0.387587 0.337883 0.339678 0.234440 0.362488 0.287439 -9999.0
-9999.0 0.040054 0.040020 0.040023 0.040062 0.040060 0.040028 0.040021 0.040014 0.020063 0.040037 0.040145 0.225327 0.082201 0.430000 0.020499 0.040076 0.040040 0.040075 0.319925 0.179932 0.182026 0.402388 0.249449 0.186942 0.170556 0.236335 0.267238 0.229837 0.319291 0.217908 0.242726 0.283787 0.308965 0.169995 0.204466 0.136566 0.089493 0.202769 0.216993 0.158414 0.172333 0.202888 0.167817 0.172332 0.167208 0.286056 0.153898 0.177689 0.227493 0.297962 0.345453 0.388775 0.411745 0.421849 0.430000 0.398755 0.380437 0.430000 0.428271 0.369301 0.291108 -9999.0
-9999.0 0.044667 0.040072 0.040333 0.063136 0.040198 0.040026 0.040017 0.040029 0.020061 0.040026 0.040080 0.345344 0.430000 0.020712 0.040016 0.020055 0.040032 0.040377 0.117964 0.430000 0.318617 0.266619 0.390997 0.354255 0.270491 0.114832 0.144647 0.235905 0.131925 0.103363 0.113133 0.263450 0.256666 0.274433 0.205975 0.260424 0.242458 0.164297 0.159464 0.173041 0.202238 0.147292 0.142583 0.111282 0.096919 0.209365 0.235618 0.250202 0.274836 0.310967 0.302964 0.364510 0.430000 0.430000 0.321842 0.040960 0.210653 0.301481 0.041983 0.342493 -9999.0 -9999.0
-9999.0 0.020207 0.040052 0.040916 0.428351 0.064440 0.062760 0.040050 0.040039 0.040043 0.040065 0.365737 0.430000 0.078964 0.040058 0.040012 0.040018 0.040058 0.040052 0.040806 0.041772 0.374121 0.230844 0.379514 0.372916 0.296316 0.287133 0.279202 0.147304 0.227793 0.125438 0.120948 0.240273 0.236839 0.211009 0.185532 0.183622 0.237717 0.175035 0.171323 0.173440 0.252817 0.191655 0.119411 0.118625 0.218942 0.225847 0.261811 0.291443 0.234411 0.335858 0.208672 0.338599 0.047840 0.042085 0.040077 0.040074 0.040050 0.040056 -9999.0 -9999.0 -9999.0 -9999.0
