user2019/resources/simulation/Vinschgau/output-maps/thetaiceL0008N0210.asc
ncols         63
nrows         48
xllcorner     598000.000000
yllcorner     5145000.000000
cellsize      1000.000000
NODATA_value  -9999.0
[rows 0 to 28 of 48, columns 0 to 62 of 63]
-9999.0 -9999.0 -9999.0 -9999.0 -9999.0 -9999.0 -9999.0 -9999.0 -9999.0 -9999.0 -9999.0 -9999.0 -9999.0 -9999.0 -9999.0 -9999.0 -9999.0 -9999.0 -9999.0 -9999.0 -9999.0 -9999.0 -9999.0 -9999.0 -9999.0 -9999.0 -9999.0 -9999.0 -9999.0 -9999.0 -9999.0 -9999.0 -9999.0 -9999.0 -9999.0 -9999.0 -9999.0 -9999.0 -9999.0 -9999.0 -9999.0 -9999.0 -9999.0 -9999.0 -9999.0 -9999.0 -9999.0 -9999.0 -9999.0 -9999.0 -9999.0 -9999.0 -9999.0 -9999.0 -9999.0 -9999.0 -9999.0 -9999.0 -9999.0 -9999.0 -9999.0 -9999.0 -9999.0
-9999.0 -9999.0 -9999.0 -9999.0 -9999.0 -9999.0 -9999.0 -9999.0 -9999.0 -9999.0 -9999.0 -9999.0 -9999.0 -9999.0 -9999.0 -9999.0 -9999.0 -9999.0 -9999.0 -9999.0 -9999.0 -9999.0 -9999.0 -9999.0 -9999.0 -9999.0 -9999.0 0.066224 0.066225 0.066220 0.065997 0.065963 0.065963 -9999.0 -9999.0 -9999.0 -9999.0 -9999.0 -9999.0 -9999.0 -9999.0 -9999.0 -9999.0 -9999.0 -9999.0 -9999.0 -9999.0 -9999.0 -9999.0 -9999.0 -9999.0 -9999.0 -9999.0 -9999.0 -9999.0 -9999.0 -9999.0 -9999.0 -9999.0 -9999.0 -9999.0 -9999.0 -9999.0
-9999.0 -9999.0 -9999.0 -9999.0 -9999.0 -9999.0 -9999.0 -9999.0 -9999.0 -9999.0 -9999.0 -9999.0 -9999.0 -9999.0 -9999.0 -9999.0 -9999.0 -9999.0 -9999.0 -9999.0 -9999.0 -9999.0 -9999.0 -9999.0 0.066193 0.066223 0.066223 0.066224 0.066224 0.066225 0.066073 -9999.0 -9999.0 -9999.0 -9999.0 -9999.0 -9999.0 -9999.0 -9999.0 -9999.0 -9999.0 -9999.0 -9999.0 -9999.0 -9999.0 -9999.0 -9999.0 -9999.0 -9999.0 -9999.0 -9999.0 -9999.0 -9999.0 -9999.0 -9999.0 -9999.0 -9999.0 -9999.0 -9999.0 -9999.0 -9999.0 -9999.0 -9999.0
-9999.0 -9999.0 -9999.0 -9999.0 -9999.0 -9999.0 -9999.0 -9999.0 -9999.0 -9999.0 -9999.0 -9999.0 -9999.0 -9999.0 -9999.0 -9999.0 -9999.0 -9999.0 -9999.0 -9999.0 -9999.0 -9999.0 -9999.0 0.066219 0.066223 0.000256 0.033212 0.065187 0.066215 0.066228 0.066227 0.066224 -9999.0 -9999.0 -9999.0 -9999.0 -9999.0 -9999.0 -9999.0 -9999.0 -9999.0 -9999.0 -9999.0 -9999.0 -9999.0 -9999.0 -9999.0 -9999.0 -9999.0 -9999.0 -9999.0 -9999.0 -9999.0 -9999.0 -9999.0 -9999.0 -9999.0 -9999.0 -9999.0 -9999.0 -9999.0 -9999.0 -9999.0
-9999.0 -9999.0 -9999.0 -9999.0 -9999.0 -9999.0 -9999.0 -9999.0 -9999.0 -9999.0 -9999.0 -9999.0 -9999.0 -9999.0 -9999.0 -9999.0 -9999.0 -9999.0 0.000086 0.039040 -9999.0 0.066204 0.066212 0.030699 0.023279 0.066230 0.066022 0.066012 0.046233 0.066221 0.066225 0.066227 0.066213 0.066217 -9999.0 -9999.0 -9999.0 -9999.0 -9999.0 -9999.0 -9999.0 -9999.0 -9999.0 -9999.0 -9999.0 -9999.0 -9999.0 -9999.0 -9999.0 -9999.0 -9999.0 -9999.0 -9999.0 -9999.0 -9999.0 -9999.0 -9999.0 -9999.0 -9999.0 -9999.0 -9999.0 -9999.0 -9999.0
-9999.0 -9999.0 -9999.0 -9999.0 -9999.0 -9999.0 -9999.0 -9999.0 -9999.0 -9999.0 -9999.0 -9999.0 -9999.0 -9999.0 -9999.0 -9999.0 -9999.0 0.185587 0.058604 0.066214 0.066167 0.044396 0.066122 0.066230 0.038958 0.064419 0.065520 0.066196 0.065826 0.066025 0.066231 0.066225 0.066169 0.066206 0.065980 0.065954 -9999.0 -9999.0 -9999.0 -9999.0 -9999.0 -9999.0 -9999.0 -9999.0 -9999.0 -9999.0 -9999.0 -9999.0 -9999.0 -9999.0 -9999.0 -9999.0 -9999.0 -9999.0 -9999.0 -9999.0 -9999.0 -9999.0 -9999.0 -9999.0 -9999.0 -9999.0 -9999.0
-9999.0 -9999.0 -9999.0 -9999.0 -9999.0 -9999.0 -9999.0 -9999.0 -9999.0 -9999.0 -9999.0 -9999.0 -9999.0 0.066211 0.052042 0.062614 0.059359 0.066199 0.220315 0.066195 0.066116 0.045077 0.066221 0.066244 0.064765 0.066215 0.066200 0.066220 0.066220 0.066209 0.066217 0.066224 0.066128 0.065943 0.065950 0.065953 -9999.0 -9999.0 -9999.0 -9999.0 -9999.0 -9999.0 -9999.0 -9999.0 -9999.0 -9999.0 -9999.0 -9999.0 -9999.0 -9999.0 -9999.0 -9999.0 -9999.0 -9999.0 -9999.0 -9999.0 -9999.0 -9999.0 -9999.0 -9999.0 -9999.0 -9999.0 -9999.0
-9999.0 -9999.0 -9999.0 -9999.0 -9999.0 -9999.0 -9999.0 -9999.0 -9999.0 -9999.0 -9999.0 -9999.0 -9999.0 0.063383 0.000029 0.036694 0.038404 0.000364 0.066185 0.066248 0.057126 0.066230 0.063990 0.064375 0.066215 0.066218 0.066224 0.065963 0.065953 0.066205 0.066218 0.065948 0.065950 0.065950 0.065951 -9999.0 -9999.0 -9999.0 -9999.0 -9999.0 -9999.0 -9999.0 -9999.0 -9999.0 -9999.0 -9999.0 -9999.0 -9999.0 -9999.0 -9999.0 -9999.0 -9999.0 -9999.0 -9999.0 -9999.0 -9999.0 -9999.0 -9999.0 -9999.0 -9999.0 -9999.0 -9999.0 -9999.0
-9999.0 -9999.0 -9999.0 -9999.0 -9999.0 -9999.0 -9999.0 -9999.0 -9999.0 -9999.0 -9999.0 -9999.0 -9999.0 0.047255 0.027046 0.000154 0.032250 0.062010 0.066178 0.119035 0.064321 0.066133 0.064649 0.065454 0.066155 0.055150 0.066216 0.065961 0.066225 0.065950 0.065955 0.065953 0.065954 0.065953 0.065950 -9999.0 -9999.0 -9999.0 -9999.0 -9999.0 -9999.0 -9999.0 -9999.0 -9999.0 -9999.0 -9999.0 -9999.0 -9999.0 -9999.0 -9999.0 -9999.0 -9999.0 -9999.0 -9999.0 -9999.0 -9999.0 -9999.0 -9999.0 -9999.0 -9999.0 -9999.0 -9999.0 -9999.0
-9999.0 -9999.0 -9999.0 -9999.0 -9999.0 -9999.0 -9999.0 -9999.0 -9999.0 -9999.0 -9999.0 -9999.0 0.065737 0.006746 0.000036 0.066220 0.000766 0.058443 0.028463 0.066146 0.066182 0.066213 0.066197 0.066200 0.046721 0.065973 0.066201 0.066220 0.066222 0.065957 0.065955 0.066222 0.066219 0.066004 -9999.0 -9999.0 -9999.0 -9999.0 -9999.0 -9999.0 -9999.0 -9999.0 -9999.0 -9999.0 -9999.0 -9999.0 -9999.0 -9999.0 -9999.0 -9999.0 -9999.0 -9999.0 -9999.0 -9999.0 -9999.0 -9999.0 -9999.0 -9999.0 -9999.0 -9999.0 -9999.0 -9999.0 -9999.0
-9999.0 -9999.0 -9999.0 -9999.0 -9999.0 -9999.0 -9999.0 -9999.0 -9999.0 -9999.0 -9999.0 0.066132 0.066205 0.000247 0.066217 0.066213 0.066154 0.056389 0.028560 0.066141 0.060477 0.001162 0.066212 0.066004 0.066213 0.066210 0.065967 0.066219 0.066223 0.065954 0.066210 0.066222 0.066139 0.066010 0.066186 0.066226 0.066195 0.066209 0.066231 -9999.0 -9999.0 -9999.0 0.066014 -9999.0 -9999.0 -9999.0 -9999.0 -9999.0 -9999.0 -9999.0 -9999.0 -9999.0 -9999.0 -9999.0 -9999.0 -9999.0 -9999.0 -9999.0 -9999.0 -9999.0 -9999.0 -9999.0 -9999.0
-9999.0 -9999.0 -9999.0 -9999.0 -9999.0 -9999.0 -9999.0 -9999.0 -9999.0 -9999.0 -9999.0 0.066208 0.066187 0.066105 0.062229 0.066080 0.064245 0.059752 0.031050 0.000900 0.032765 0.028801 0.066207 0.066212 0.066215 0.066007 0.066217 0.066216 0.066202 0.065999 0.066223 0.066224 0.066208 0.066215 0.066225 0.066205 0.066233 0.066219 0.066238 0.066218 0.066200 0.066149 0.066206 0.066005 -9999.0 -9999.0 -9999.0 0.000269 0.064503 0.066178 0.042521 0.065970 0.065942 0.000160 0.000158 0.065639 -9999.0 -9999.0 -9999.0 -9999.0 -9999.0 -9999.0 -9999.0
-9999.0 -9999.0 -9999.0 -9999.0 -9999.0 -9999.0 -9999.0 -9999.0 -9999.0 -9999.0 -9999.0 0.066201 0.066204 0.066195 0.041885 0.066189 0.066198 0.062713 0.066247 0.030720 0.012723 0.066213 0.066205 0.066213 0.065998 0.066197 0.066221 0.066198 0.065996 0.066032 0.065976 0.066202 0.066221 0.066220 0.066119 0.066221 0.066228 0.066207 0.066213 0.066192 0.066247 0.066201 0.066205 0.066225 0.066228 -9999.0 0.066037 0.066180 0.060664 0.039603 0.065943 0.066187 0.006109 0.000000 0.000018 0.000006 -9999.0 -9999.0 -9999.0 -9999.0 -9999.0 -9999.0 -9999.0
-9999.0 -9999.0 -9999.0 -9999.0 -9999.0 -9999.0 -9999.0 -9999.0 -9999.0 -9999.0 -9999.0 -9999.0 0.066193 0.044387 0.025900 0.061632 0.064186 0.063174 0.051898 0.051120 0.061472 0.066189 0.066154 0.066206 0.066214 0.066217 0.010647 0.065986 0.066031 0.066217 0.066220 0.066224 0.066222 0.066223 0.066077 0.066209 0.066166 0.066234 0.066184 0.066212 0.066247 0.066205 0.066218 0.066243 0.066215 0.066223 0.066217 0.066175 0.066203 0.066215 0.041085 0.035323 0.000262 0.000585 0.063583 0.063738 0.000729 -9999.0 -9999.0 -9999.0 -9999.0 -9999.0 -9999.0
-9999.0 -9999.0 -9999.0 -9999.0 -9999.0 -9999.0 -9999.0 -9999.0 -9999.0 -9999.0 -9999.0 0.041742 0.066196 0.066191 0.066081 0.065952 0.066104 0.063816 0.058097 0.154122 0.060934 0.038917 0.065477 0.066198 0.066212 0.060884 0.052967 0.065993 0.066214 0.066208 0.066225 0.066228 0.066237 0.066226 0.065980 0.066217 0.066153 0.066132 0.203022 0.066202 0.066236 0.066228 0.066225 0.066172 0.066231 0.066222 0.066208 0.066218 0.066207 0.066222 0.066049 0.066158 0.066178 0.065987 0.066047 0.065986 0.061243 -9999.0 -9999.0 -9999.0 -9999.0 -9999.0 -9999.0
-9999.0 -9999.0 -9999.0 -9999.0 -9999.0 -9999.0 -9999.0 -9999.0 -9999.0 -9999.0 0.011779 0.066034 0.038197 0.066205 0.007840 0.065797 0.066221 0.064784 0.061462 0.071981 0.005148 0.000272 0.063598 0.007038 0.066145 0.041945 0.066191 0.066076 0.066200 0.066185 0.066229 0.066225 0.066221 0.066045 0.065956 0.066190 0.066186 0.066205 0.063230 0.066196 0.066170 0.066206 0.066011 0.278711 0.066235 0.066213 0.066205 0.066214 0.066229 0.066224 0.066075 0.065996 0.066039 0.065990 0.066004 0.000084 0.000078 -9999.0 -9999.0 -9999.0 -9999.0 -9999.0 -9999.0
-9999.0 -9999.0 -9999.0 -9999.0 -9999.0 -9999.0 -9999.0 -9999.0 -9999.0 0.066182 0.015613 0.020864 0.064421 0.066175 0.000808 0.066212 0.066205 0.010684 0.060528 0.134380 0.043966 0.061550 0.061865 0.066237 0.041067 0.065971 0.066204 0.066042 0.066220 0.066229 0.066241 0.065824 0.065961 0.065960 0.066043 0.065996 0.066229 0.066223 0.066205 0.066239 0.063603 0.066065 0.065927 0.061326 0.059243 0.066227 0.066199 0.066213 0.066217 0.060790 0.066212 0.066138 0.065992 0.066037 0.066045 0.055965 0.000376 0.033201 0.041255 -9999.0 -9999.0 -9999.0 -9999.0
-9999.0 -9999.0 -9999.0 -9999.0 -9999.0 -9999.0 -9999.0 -9999.0 -9999.0 0.066191 0.066196 0.066203 0.030575 0.065607 0.054701 0.062372 0.000092 0.066208 0.059210 0.062908 0.065113 0.066233 0.037052 0.048517 0.065984 0.066222 0.066214 0.066225 0.066262 0.066000 0.066226 0.065274 0.066006 0.066224 0.066225 0.066189 0.066211 0.066207 0.065996 0.066229 0.066043 0.066183 0.066231 0.066231 0.193757 0.068357 0.066218 0.066222 0.066213 0.066231 0.065665 0.066171 0.066011 0.065996 0.066008 0.000829 0.004889 0.002753 0.036408 -9999.0 -9999.0 -9999.0 -9999.0
-9999.0 -9999.0 -9999.0 -9999.0 -9999.0 -9999.0 -9999.0 -9999.0 -9999.0 -9999.0 0.066202 0.066203 0.066206 0.066402 0.066211 0.046553 0.035312 0.066124 0.057701 0.061014 0.010716 0.062144 0.040526 0.065106 0.066223 0.066226 0.066265 0.066244 0.066225 0.066102 0.066061 0.062925 0.066081 0.065995 0.066218 0.066234 0.066234 0.066235 0.066224 0.065986 0.065970 0.066227 0.066228 0.066219 0.065656 0.064947 0.062465 0.026032 0.066120 0.066227 0.065164 0.066188 0.065953 0.066009 0.065986 0.066076 0.053091 0.063906 0.034710 0.000121 -9999.0 -9999.0 -9999.0
-9999.0 -9999.0 -9999.0 -9999.0 -9999.0 -9999.0 -9999.0 -9999.0 -9999.0 -9999.0 0.066204 0.066203 0.066175 0.049031 0.000378 0.061572 0.062233 0.061557 0.057013 0.043695 0.059340 0.061097 0.062043 0.066204 0.066211 0.066261 0.068125 0.064799 0.065856 0.066098 0.066001 0.066206 0.066086 0.065998 0.066001 0.066206 0.066227 0.066228 0.066209 0.066018 0.066220 0.066222 0.066213 0.066027 0.028690 0.065774 0.066145 0.065550 0.060815 0.066205 0.066179 0.066119 0.038271 0.065910 0.065954 0.059386 0.066164 0.005826 0.058677 0.070961 -9999.0 -9999.0 -9999.0
-9999.0 -9999.0 -9999.0 -9999.0 -9999.0 -9999.0 -9999.0 -9999.0 0.032335 0.065999 0.066179 0.066178 0.066199 0.066202 0.057018 0.101267 0.058849 0.066196 0.005737 0.004831 0.056549 0.058283 0.059899 0.060767 0.066244 0.061157 0.044564 0.065960 0.066212 0.066158 0.065973 0.066003 0.066059 0.066098 0.066213 0.065986 0.066208 0.066224 0.065782 0.066217 0.066046 0.066213 0.066026 0.065975 0.066213 0.043970 0.066024 0.040215 0.064498 0.149111 0.066216 0.064302 0.027304 0.066083 0.061858 0.000116 0.040918 0.000095 0.066216 0.054819 -9999.0 -9999.0 -9999.0
-9999.0 -9999.0 -9999.0 -9999.0 -9999.0 -9999.0 -9999.0 -9999.0 0.066166 0.051190 0.066197 0.066067 0.066190 0.066186 0.059158 0.064143 0.050400 0.062700 0.057388 0.000857 0.011243 0.033726 0.067142 0.066230 0.058387 0.058724 0.065520 0.066223 0.066072 0.066216 0.066213 0.066212 0.066204 0.066217 0.060287 0.065899 0.066221 0.066224 0.066215 0.066191 0.066107 0.065983 0.066002 0.064838 0.066131 0.061896 0.066036 0.066034 0.066204 0.061792 0.066260 0.066172 0.048539 0.000000 0.066195 0.066205 0.066161 0.066212 0.066163 0.000132 0.000125 -9999.0 -9999.0
-9999.0 -9999.0 -9999.0 -9999.0 -9999.0 -9999.0 -9999.0 -9999.0 0.066195 0.066202 0.047119 0.066191 0.066188 0.066127 0.021044 0.063262 0.060798 0.066240 0.055210 0.023654 0.000284 0.030572 0.059837 0.065911 0.031532 0.061338 0.063839 0.065505 0.066094 0.066213 0.066214 0.066176 0.066216 0.066207 0.039494 0.063761 0.066193 0.063109 0.065681 0.066209 0.066197 0.066205 0.035901 0.066175 0.066193 0.066201 0.066162 0.000774 0.066077 0.064603 0.067508 0.066260 0.064863 0.065564 0.066234 0.066252 0.066260 0.066245 0.066165 0.001165 0.000114 -9999.0 -9999.0
-9999.0 -9999.0 -9999.0 -9999.0 -9999.0 -9999.0 -9999.0 -9999.0 0.065976 0.066201 0.000222 0.066177 0.004148 0.000397 0.063028 0.060699 0.056831 0.054974 0.147345 0.017993 0.015008 0.000214 0.000335 0.002260 0.041788 0.042552 0.037213 0.064639 0.030117 0.066203 0.066209 0.066215 0.066215 0.066207 0.066213 0.066204 0.066209 0.063024 0.065212 0.066214 0.066073 0.053126 0.048574 0.066212 0.025768 0.066174 0.029547 0.066191 0.026930 0.066216 0.050335 0.055975 0.066256 0.029506 0.066263 0.066257 0.066212 0.064843 0.000122 0.000116 0.035922 0.000040 -9999.0
-9999.0 -9999.0 -9999.0 -9999.0 -9999.0 -9999.0 -9999.0 -9999.0 0.066202 0.066006 0.000369 0.047300 0.056512 0.062069 0.066242 0.069064 0.086690 0.063327 0.064359 0.062780 0.060173 0.000312 0.000320 0.042130 0.066256 0.032588 0.063723 0.051145 0.066233 0.066145 0.064299 0.028244 0.066227 0.055569 0.066215 0.066212 0.066216 0.057051 0.062629 0.066208 0.066212 0.066188 0.066215 0.066208 0.066212 0.060075 0.066213 0.066211 0.066218 0.066224 0.066205 0.057441 0.057066 0.066239 0.066286 0.073391 0.000270 0.000193 0.025162 0.066159 0.060469 0.000001 -9999.0
-9999.0 -9999.0 0.066201 0.066071 0.066153 0.066203 0.065639 0.066210 0.066180 0.059845 0.066150 0.031669 0.062403 0.055609 0.066257 0.035010 0.064398 0.065930 0.066192 0.046480 0.062236 0.055241 0.000396 0.124108 0.106253 0.060264 0.061201 0.061458 0.059142 0.065571 0.062622 0.027426 0.005810 0.061147 0.066255 0.062864 0.066257 0.061593 0.062793 0.064575 0.066219 0.066226 0.060348 0.066217 0.063190 0.066207 0.066263 0.066115 0.066140 0.066228 0.066222 0.051173 0.000298 0.000519 0.000684 0.041503 0.091920 0.075091 0.066267 0.061526 0.000003 0.000000 -9999.0
-9999.0 0.052313 0.055223 0.053867 0.066151 0.033452 0.066160 0.066180 0.066189 0.066201 0.066138 0.004275 0.000231 0.000060 0.000084 0.039060 0.066186 0.066174 0.003617 0.062768 0.060146 0.057864 0.095590 0.001356 0.069746 0.067150 0.068514 0.068530 0.066179 0.068952 0.066246 0.066253 0.066242 0.072214 0.066242 0.070330 0.066223 0.058858 0.058671 0.070578 0.066245 0.066237 0.066221 0.059106 0.059184 0.057646 0.137937 0.052439 0.066191 0.079555 0.000273 0.000456 0.101241 0.137945 0.141239 0.074857 0.000209 0.000140 0.000010 0.000043 0.000000 0.000000 -9999.0
-9999.0 0.065724 0.031565 0.023239 0.000140 0.029504 0.064663 0.066202 0.066196 0.066199 0.066189 0.014077 0.061892 0.000018 0.064390 0.065822 0.066193 0.066207 0.019961 0.062064 0.000043 0.043552 0.153513 0.121193 0.070363 0.002739 0.000944 0.000297 0.000306 0.051460 0.051438 0.053525 0.067592 0.103325 0.054312 0.035213 0.000740 0.000127 0.001694 0.008627 0.022411 0.020401 0.066195 0.042396 0.038957 0.048923 0.000104 0.000097 0.000138 0.000186 0.072959 0.066690 0.000277 0.070329 0.063272 0.000083 0.015531 0.000494 0.004936 0.000208 0.000144 -9999.0 -9999.0
-9999.0 0.066192 0.066214 0.054820 0.060617 0.000137 0.000157 0.048433 0.066077 0.061490 0.001265 0.062134 0.064584 0.000186 0.006106 0.065935 0.066131 0.065966 0.065569 0.063809 0.018276 0.063819 0.003637 0.023933 0.102473 0.001848 0.000777 0.000635 0.000453 0.000389 0.000454 0.000369 0.000377 0.082177 0.001216 0.001137 0.004228 0.001635 0.000508 0.000135 0.000121 0.000194 0.000085 0.000124 0.000140 0.000149 0.002131 0.068452 0.097503 0.062317 0.062788 0.023026 0.000483 0.000086 0.006064 0.000492 0.000448 0.000356 0.000327 -9999.0 -9999.0 -9999.0 -9999.0
