user2019/resources/simulation/Vinschgau/output-maps/thetaliqL0007N0498.asc
ncols         63
nrows         48
xllcorner     598000.000000
yllcorner     5145000.000000
cellsize      1000.000000
NODATA_value  -9999.0
[rows 0 to 28 of 48, columns 0 to 62 of 63]
-9999.0 -9999.0 -9999.0 -9999.0 -9999.0 -9999.0 -9999.0 -9999.0 -9999.0 -9999.0 -9999.0 -9999.0 -9999.0 -9999.0 -9999.0 -9999.0 -9999.0 -9999.0 -9999.0 -9999.0 -9999.0 -9999.0 -9999.0 -9999.0 -9999.0 -9999.0 -9999.0 -9999.0 -9999.0 -9999.0 -9999.0 -9999.0 -9999.0 -9999.0 -9999.0 -9999.0 -9999.0 -9999.0 -9999.0 -9999.0 -9999.0 -9999.0 -9999.0 -9999.0 -9999.0 -9999.0 -9999.0 -9999.0 -9999.0 -9999.0 -9999.0 -9999.0 -9999.0 -9999.0 -9999.0 -9999.0 -9999.0 -9999.0 -9999.0 -9999.0 -9999.0 -9999.0 -9999.0
-9999.0 -9999.0 -9999.0 -9999.0 -9999.0 -9999.0 -9999.0 -9999.0 -9999.0 -9999.0 -9999.0 -9999.0 -9999.0 -9999.0 -9999.0 -9999.0 -9999.0 -9999.0 -9999.0 -9999.0 -9999.0 -9999.0 -9999.0 -9999.0 -9999.0 -9999.0 -9999.0 0.049876 0.052114 0.049908 0.052865 0.050448 0.051295 -9999.0 -9999.0 -9999.0 -9999.0 -9999.0 -9999.0 -9999.0 -9999.0 -9999.0 -9999.0 -9999.0 -9999.0 -9999.0 -9999.0 -9999.0 -9999.0 -9999.0 -9999.0 -9999.0 -9999.0 -9999.0 -9999.0 -9999.0 -9999.0 -9999.0 -9999.0 -9999.0 -9999.0 -9999.0 -9999.0
-9999.0 -9999.0 -9999.0 -9999.0 -9999.0 -9999.0 -9999.0 -9999.0 -9999.0 -9999.0 -9999.0 -9999.0 -9999.0 -9999.0 -9999.0 -9999.0 -9999.0 -9999.0 -9999.0 -9999.0 -9999.0 -9999.0 -9999.0 -9999.0 0.092208 0.090100 0.104268 0.114727 0.134260 0.065761 0.051000 -9999.0 -9999.0 -9999.0 -9999.0 -9999.0 -9999.0 -9999.0 -9999.0 -9999.0 -9999.0 -9999.0 -9999.0 -9999.0 -9999.0 -9999.0 -9999.0 -9999.0 -9999.0 -9999.0 -9999.0 -9999.0 -9999.0 -9999.0 -9999.0 -9999.0 -9999.0 -9999.0 -9999.0 -9999.0 -9999.0 -9999.0 -9999.0
-9999.0 -9999.0 -9999.0 -9999.0 -9999.0 -9999.0 -9999.0 -9999.0 -9999.0 -9999.0 -9999.0 -9999.0 -9999.0 -9999.0 -9999.0 -9999.0 -9999.0 -9999.0 -9999.0 -9999.0 -9999.0 -9999.0 -9999.0 0.086229 0.116204 0.219692 0.027831 0.020446 0.020461 0.052261 0.052818 0.050592 -9999.0 -9999.0 -9999.0 -9999.0 -9999.0 -9999.0 -9999.0 -9999.0 -9999.0 -9999.0 -9999.0 -9999.0 -9999.0 -9999.0 -9999.0 -9999.0 -9999.0 -9999.0 -9999.0 -9999.0 -9999.0 -9999.0 -9999.0 -9999.0 -9999.0 -9999.0 -9999.0 -9999.0 -9999.0 -9999.0 -9999.0
-9999.0 -9999.0 -9999.0 -9999.0 -9999.0 -9999.0 -9999.0 -9999.0 -9999.0 -9999.0 -9999.0 -9999.0 -9999.0 -9999.0 -9999.0 -9999.0 -9999.0 -9999.0 0.430000 0.092441 -9999.0 0.095569 0.111268 0.020458 0.033363 0.020435 0.419752 0.430000 0.430000 0.035790 0.055048 0.054265 0.049923 0.049920 -9999.0 -9999.0 -9999.0 -9999.0 -9999.0 -9999.0 -9999.0 -9999.0 -9999.0 -9999.0 -9999.0 -9999.0 -9999.0 -9999.0 -9999.0 -9999.0 -9999.0 -9999.0 -9999.0 -9999.0 -9999.0 -9999.0 -9999.0 -9999.0 -9999.0 -9999.0 -9999.0 -9999.0 -9999.0
-9999.0 -9999.0 -9999.0 -9999.0 -9999.0 -9999.0 -9999.0 -9999.0 -9999.0 -9999.0 -9999.0 -9999.0 -9999.0 -9999.0 -9999.0 -9999.0 -9999.0 0.166165 0.029526 0.020429 0.050007 0.377491 0.037465 0.020468 0.409332 0.030251 0.033108 0.071215 0.034563 0.430000 0.139100 0.061060 0.050020 0.049950 0.050405 0.050455 -9999.0 -9999.0 -9999.0 -9999.0 -9999.0 -9999.0 -9999.0 -9999.0 -9999.0 -9999.0 -9999.0 -9999.0 -9999.0 -9999.0 -9999.0 -9999.0 -9999.0 -9999.0 -9999.0 -9999.0 -9999.0 -9999.0 -9999.0 -9999.0 -9999.0 -9999.0 -9999.0
-9999.0 -9999.0 -9999.0 -9999.0 -9999.0 -9999.0 -9999.0 -9999.0 -9999.0 -9999.0 -9999.0 -9999.0 -9999.0 0.051904 0.054814 0.304026 0.215826 0.049979 0.170301 0.020477 0.036656 0.033049 0.020470 0.115612 0.031228 0.097855 0.020491 0.020564 0.020606 0.067496 0.200000 0.117622 0.054479 0.051680 0.050472 0.050452 -9999.0 -9999.0 -9999.0 -9999.0 -9999.0 -9999.0 -9999.0 -9999.0 -9999.0 -9999.0 -9999.0 -9999.0 -9999.0 -9999.0 -9999.0 -9999.0 -9999.0 -9999.0 -9999.0 -9999.0 -9999.0 -9999.0 -9999.0 -9999.0 -9999.0 -9999.0 -9999.0
-9999.0 -9999.0 -9999.0 -9999.0 -9999.0 -9999.0 -9999.0 -9999.0 -9999.0 -9999.0 -9999.0 -9999.0 -9999.0 0.116037 0.048806 0.207160 0.191870 0.430000 0.050001 0.026749 0.020124 0.049943 0.033132 0.030973 0.048648 0.020524 0.050476 0.050439 0.050464 0.021898 0.069914 0.051096 0.050475 0.050474 0.050473 -9999.0 -9999.0 -9999.0 -9999.0 -9999.0 -9999.0 -9999.0 -9999.0 -9999.0 -9999.0 -9999.0 -9999.0 -9999.0 -9999.0 -9999.0 -9999.0 -9999.0 -9999.0 -9999.0 -9999.0 -9999.0 -9999.0 -9999.0 -9999.0 -9999.0 -9999.0 -9999.0 -9999.0
-9999.0 -9999.0 -9999.0 -9999.0 -9999.0 -9999.0 -9999.0 -9999.0 -9999.0 -9999.0 -9999.0 -9999.0 -9999.0 0.040118 0.200000 0.292423 0.257833 0.215676 0.050019 0.213376 0.139575 0.020477 0.037553 0.030873 0.045832 0.069799 0.049910 0.050447 0.053849 0.050474 0.051342 0.020196 0.020229 0.022261 0.050479 -9999.0 -9999.0 -9999.0 -9999.0 -9999.0 -9999.0 -9999.0 -9999.0 -9999.0 -9999.0 -9999.0 -9999.0 -9999.0 -9999.0 -9999.0 -9999.0 -9999.0 -9999.0 -9999.0 -9999.0 -9999.0 -9999.0 -9999.0 -9999.0 -9999.0 -9999.0 -9999.0 -9999.0
-9999.0 -9999.0 -9999.0 -9999.0 -9999.0 -9999.0 -9999.0 -9999.0 -9999.0 -9999.0 -9999.0 -9999.0 0.020462 0.200000 0.056238 0.062261 0.430000 0.364413 0.430000 0.020452 0.039597 0.044184 0.020497 0.053465 0.430000 0.051415 0.101721 0.051976 0.063279 0.050457 0.050473 0.049899 0.056285 0.050361 -9999.0 -9999.0 -9999.0 -9999.0 -9999.0 -9999.0 -9999.0 -9999.0 -9999.0 -9999.0 -9999.0 -9999.0 -9999.0 -9999.0 -9999.0 -9999.0 -9999.0 -9999.0 -9999.0 -9999.0 -9999.0 -9999.0 -9999.0 -9999.0 -9999.0 -9999.0 -9999.0 -9999.0 -9999.0
-9999.0 -9999.0 -9999.0 -9999.0 -9999.0 -9999.0 -9999.0 -9999.0 -9999.0 -9999.0 -9999.0 0.102287 0.069496 0.430000 0.052577 0.105472 0.020478 0.430000 0.430000 0.020438 0.020235 0.430000 0.057466 0.052094 0.020529 0.054230 0.050737 0.056914 0.200000 0.050455 0.049921 0.062623 0.050072 0.050354 0.049982 0.049919 0.050470 0.050225 0.049921 -9999.0 -9999.0 -9999.0 0.050353 -9999.0 -9999.0 -9999.0 -9999.0 -9999.0 -9999.0 -9999.0 -9999.0 -9999.0 -9999.0 -9999.0 -9999.0 -9999.0 -9999.0 -9999.0 -9999.0 -9999.0 -9999.0 -9999.0 -9999.0
-9999.0 -9999.0 -9999.0 -9999.0 -9999.0 -9999.0 -9999.0 -9999.0 -9999.0 -9999.0 -9999.0 0.099443 0.065618 0.020494 0.063418 0.050612 0.059690 0.027375 0.430000 0.430000 0.144927 0.060531 0.123871 0.073321 0.084016 0.052452 0.055234 0.061641 0.049925 0.050367 0.059505 0.075423 0.053354 0.052686 0.050088 0.053480 0.052577 0.051279 0.050476 0.049939 0.049981 0.050067 0.057703 0.050360 -9999.0 -9999.0 -9999.0 0.430000 0.050918 0.049854 0.052696 0.049849 0.049869 0.430000 0.430000 0.050320 -9999.0 -9999.0 -9999.0 -9999.0 -9999.0 -9999.0 -9999.0
-9999.0 -9999.0 -9999.0 -9999.0 -9999.0 -9999.0 -9999.0 -9999.0 -9999.0 -9999.0 -9999.0 0.119018 0.092815 0.023888 0.430000 0.054502 0.078466 0.047515 0.141512 0.430000 0.430000 0.020740 0.076548 0.127433 0.052076 0.049954 0.080784 0.089114 0.050370 0.051846 0.050412 0.021452 0.057478 0.051843 0.050136 0.054239 0.024124 0.020466 0.050723 0.049980 0.050094 0.049985 0.056980 0.054185 0.050623 -9999.0 0.050267 0.052741 0.056717 0.062942 0.050324 0.049878 0.050629 0.071541 0.051218 0.054428 -9999.0 -9999.0 -9999.0 -9999.0 -9999.0 -9999.0 -9999.0
-9999.0 -9999.0 -9999.0 -9999.0 -9999.0 -9999.0 -9999.0 -9999.0 -9999.0 -9999.0 -9999.0 -9999.0 0.107207 0.430000 0.104323 0.105377 0.050645 0.046884 0.430000 0.430000 0.043320 0.020696 0.020756 0.083914 0.081975 0.075831 0.200000 0.050407 0.052858 0.049895 0.057298 0.079908 0.049942 0.053831 0.051857 0.053484 0.022709 0.020980 0.069190 0.049953 0.056000 0.049960 0.020552 0.126287 0.049930 0.053246 0.049876 0.052156 0.022320 0.081734 0.430000 0.090438 0.430000 0.430000 0.078623 0.092666 0.100527 -9999.0 -9999.0 -9999.0 -9999.0 -9999.0 -9999.0
-9999.0 -9999.0 -9999.0 -9999.0 -9999.0 -9999.0 -9999.0 -9999.0 -9999.0 -9999.0 -9999.0 0.430000 0.089081 0.049950 0.083877 0.081838 0.085388 0.049082 0.153930 0.428438 0.042218 0.046383 0.077876 0.021109 0.072392 0.089729 0.430000 0.051677 0.050775 0.049935 0.082124 0.086416 0.068968 0.056304 0.051410 0.057555 0.050201 0.020443 0.188404 0.050668 0.020502 0.021797 0.061063 0.020516 0.063573 0.051868 0.059927 0.049901 0.049888 0.020556 0.024494 0.050717 0.076228 0.039652 0.044237 0.050368 0.049860 -9999.0 -9999.0 -9999.0 -9999.0 -9999.0 -9999.0
-9999.0 -9999.0 -9999.0 -9999.0 -9999.0 -9999.0 -9999.0 -9999.0 -9999.0 -9999.0 0.430000 0.081974 0.124852 0.101650 0.124676 0.171179 0.154705 0.043294 0.345650 0.311498 0.430000 0.430000 0.020627 0.122595 0.066394 0.430000 0.025706 0.021283 0.050038 0.060479 0.088711 0.107037 0.057214 0.053426 0.050467 0.049990 0.053576 0.029947 0.029705 0.036619 0.020545 0.020569 0.050362 0.374112 0.063664 0.049938 0.057529 0.020640 0.082349 0.082262 0.020900 0.050349 0.045058 0.049506 0.050330 0.056425 0.056490 -9999.0 -9999.0 -9999.0 -9999.0 -9999.0 -9999.0
-9999.0 -9999.0 -9999.0 -9999.0 -9999.0 -9999.0 -9999.0 -9999.0 -9999.0 0.051899 0.430000 0.430000 0.090077 0.073271 0.430000 0.083511 0.069882 0.139959 0.040076 0.219767 0.430000 0.034017 0.020434 0.054047 0.430000 0.021005 0.061649 0.063192 0.020727 0.072803 0.084693 0.020224 0.050449 0.050454 0.050279 0.050382 0.057155 0.047207 0.033021 0.071354 0.039708 0.038948 0.020202 0.030627 0.020162 0.020599 0.072910 0.020599 0.020605 0.430000 0.020649 0.049869 0.023859 0.050240 0.050011 0.026977 0.093441 0.049893 0.049880 -9999.0 -9999.0 -9999.0 -9999.0
-9999.0 -9999.0 -9999.0 -9999.0 -9999.0 -9999.0 -9999.0 -9999.0 -9999.0 0.050022 0.051698 0.053041 0.200000 0.071771 0.064036 0.065075 0.139473 0.072395 0.036881 0.303832 0.329311 0.097937 0.430000 0.125046 0.021111 0.055858 0.062625 0.068044 0.076631 0.430000 0.050905 0.021126 0.054573 0.052423 0.060059 0.049991 0.049941 0.049948 0.050597 0.058767 0.430000 0.027270 0.038449 0.065862 0.357440 0.332563 0.047582 0.020564 0.020573 0.076714 0.020202 0.030175 0.050288 0.050958 0.050322 0.430000 0.022321 0.094707 0.049903 -9999.0 -9999.0 -9999.0 -9999.0
-9999.0 -9999.0 -9999.0 -9999.0 -9999.0 -9999.0 -9999.0 -9999.0 -9999.0 -9999.0 0.051808 0.055972 0.087382 0.430000 0.020706 0.064218 0.068241 0.058462 0.032060 0.230770 0.409308 0.020425 0.051231 0.021196 0.056046 0.061207 0.052498 0.080223 0.051107 0.061725 0.021363 0.430000 0.036408 0.051975 0.061507 0.072074 0.090919 0.112419 0.049904 0.052081 0.050713 0.123678 0.200000 0.020913 0.020734 0.042970 0.020441 0.430000 0.020559 0.020661 0.020123 0.020693 0.049852 0.050283 0.079607 0.051545 0.109484 0.200000 0.020844 0.057198 -9999.0 -9999.0 -9999.0
-9999.0 -9999.0 -9999.0 -9999.0 -9999.0 -9999.0 -9999.0 -9999.0 -9999.0 -9999.0 0.052757 0.053620 0.104818 0.084836 0.430000 0.044643 0.043111 0.328029 0.176274 0.200580 0.172302 0.034920 0.040628 0.046168 0.051551 0.047235 0.430000 0.055259 0.060342 0.039374 0.052116 0.122843 0.020876 0.051449 0.052332 0.111906 0.200000 0.080268 0.021608 0.051692 0.055221 0.049880 0.081193 0.052279 0.430000 0.020155 0.081377 0.020736 0.020540 0.020609 0.020638 0.020975 0.088318 0.049850 0.050351 0.049857 0.050792 0.021337 0.046254 0.430000 -9999.0 -9999.0 -9999.0
-9999.0 -9999.0 -9999.0 -9999.0 -9999.0 -9999.0 -9999.0 -9999.0 0.124611 0.058281 0.049991 0.112983 0.097815 0.088102 0.054561 0.430000 0.031636 0.103967 0.220406 0.190087 0.132730 0.029783 0.032235 0.032394 0.039891 0.430000 0.430000 0.062312 0.090198 0.032784 0.050421 0.053090 0.053738 0.052160 0.054819 0.050699 0.056364 0.081911 0.020898 0.049887 0.050259 0.112537 0.028467 0.050413 0.049891 0.200000 0.020977 0.081123 0.020819 0.430000 0.041003 0.020118 0.089515 0.031188 0.049886 0.051989 0.049894 0.149222 0.020745 0.041936 -9999.0 -9999.0 -9999.0
-9999.0 -9999.0 -9999.0 -9999.0 -9999.0 -9999.0 -9999.0 -9999.0 0.023210 0.089289 0.023296 0.051485 0.052320 0.151594 0.051272 0.049520 0.043255 0.034465 0.020126 0.180196 0.348581 0.263831 0.369951 0.092178 0.027401 0.430000 0.430000 0.093901 0.022440 0.055342 0.054106 0.049921 0.056967 0.049866 0.122335 0.126182 0.068936 0.088480 0.021031 0.057123 0.051514 0.050402 0.050350 0.057405 0.200000 0.082772 0.027852 0.053208 0.020919 0.043092 0.039415 0.093522 0.058284 0.064135 0.050694 0.020636 0.020882 0.020821 0.020643 0.430000 0.246310 -9999.0 -9999.0
-9999.0 -9999.0 -9999.0 -9999.0 -9999.0 -9999.0 -9999.0 -9999.0 0.052096 0.183422 0.050972 0.027901 0.140539 0.023577 0.084625 0.020785 0.036416 0.037243 0.024367 0.366458 0.176900 0.258894 0.247712 0.176828 0.345645 0.037500 0.048829 0.056677 0.020837 0.057201 0.049912 0.136572 0.085518 0.020889 0.127220 0.080752 0.020948 0.020917 0.021296 0.022963 0.053191 0.049867 0.117019 0.200000 0.073261 0.098838 0.049881 0.105101 0.068056 0.020821 0.430000 0.043670 0.021364 0.021459 0.020923 0.105235 0.100570 0.086428 0.037738 0.430000 0.335930 -9999.0 -9999.0
-9999.0 -9999.0 -9999.0 -9999.0 -9999.0 -9999.0 -9999.0 -9999.0 0.050408 0.057512 0.430000 0.020751 0.137759 0.430000 0.020119 0.046523 0.020231 0.026838 0.385059 0.172177 0.181728 0.190197 0.275186 0.282171 0.223123 0.042203 0.049422 0.020939 0.121654 0.020802 0.020828 0.020751 0.020602 0.090833 0.020757 0.050404 0.051271 0.047803 0.021388 0.021746 0.053415 0.058538 0.060079 0.049904 0.097335 0.049883 0.050030 0.049888 0.050913 0.020708 0.045664 0.041950 0.044630 0.430000 0.101179 0.108031 0.041450 0.430000 0.430000 0.430000 0.430000 0.430000 -9999.0
-9999.0 -9999.0 -9999.0 -9999.0 -9999.0 -9999.0 -9999.0 -9999.0 0.094872 0.123845 0.430000 0.021346 0.021409 0.053493 0.153936 0.430000 0.430000 0.043167 0.047320 0.036217 0.177245 0.193586 0.196008 0.201633 0.090215 0.035860 0.040612 0.056756 0.054850 0.083371 0.020876 0.086306 0.020698 0.089596 0.020829 0.020782 0.020755 0.048592 0.021329 0.093193 0.020892 0.020635 0.020791 0.020613 0.021048 0.054917 0.020708 0.020737 0.020697 0.020644 0.020601 0.032061 0.042975 0.057613 0.143418 0.430000 0.430000 0.430000 0.430000 0.038683 0.042799 0.430000 -9999.0
-9999.0 -9999.0 0.049934 0.104799 0.122199 0.062045 0.091276 0.088832 0.126044 0.120978 0.092459 0.430000 0.053825 0.104330 0.170730 0.430000 0.021275 0.054547 0.063614 0.047920 0.033340 0.274230 0.410458 0.175193 0.201043 0.030349 0.034349 0.034682 0.038643 0.132460 0.044022 0.047286 0.430000 0.046565 0.071766 0.047333 0.058100 0.047738 0.021408 0.021566 0.020784 0.020715 0.020792 0.039555 0.020696 0.020675 0.068359 0.430000 0.020589 0.042801 0.036823 0.354533 0.430000 0.430000 0.430000 0.430000 0.430000 0.430000 0.040926 0.044049 0.430000 0.430000 -9999.0
-9999.0 0.056635 0.077419 0.079031 0.059718 0.090180 0.091355 0.078395 0.077009 0.052639 0.089015 0.058847 0.430000 0.430000 0.430000 0.021689 0.091856 0.072765 0.430000 0.041790 0.030116 0.034441 0.430000 0.334920 0.263770 0.183407 0.273943 0.294641 0.039916 0.430000 0.033095 0.040505 0.087860 0.430000 0.050835 0.327993 0.041983 0.038859 0.430000 0.430000 0.051016 0.064319 0.038566 0.038726 0.033885 0.033953 0.430000 0.036178 0.043230 0.312840 0.430000 0.430000 0.430000 0.430000 0.430000 0.430000 0.430000 0.430000 0.430000 0.430000 0.430000 0.430000 -9999.0
-9999.0 0.130615 0.092388 0.084810 0.430000 0.095578 0.056292 0.068708 0.101680 0.049945 0.077574 0.055469 0.051691 0.430000 0.021763 0.063346 0.025542 0.063839 0.094768 0.049067 0.430000 0.430000 0.430000 0.430000 0.430000 0.346796 0.116900 0.231989 0.274336 0.024048 0.021732 0.022364 0.430000 0.430000 0.430000 0.394866 0.428334 0.386559 0.430000 0.267374 0.380220 0.430000 0.069054 0.151196 0.113334 0.021842 0.330350 0.430000 0.430000 0.430000 0.430000 0.430000 0.430000 0.430000 0.052317 0.430000 0.056988 0.430000 0.056374 0.430000 0.430000 -9999.0 -9999.0
-9999.0 0.049933 0.088049 0.053384 0.045556 0.430000 0.430000 0.051340 0.081881 0.084670 0.086603 0.049935 0.097922 0.430000 0.062041 0.064319 0.075838 0.088520 0.058057 0.051057 0.041017 0.039491 0.243863 0.430000 0.430000 0.430000 0.430000 0.430000 0.213833 0.374304 0.189463 0.170362 0.430000 0.430000 0.430000 0.311934 0.430000 0.430000 0.355724 0.296584 0.251172 0.430000 0.430000 0.179238 0.171994 0.430000 0.430000 0.430000 0.430000 0.430000 0.046172 0.430000 0.430000 0.430000 0.430000 0.430000 0.430000 0.430000 0.430000 -9999.0 -9999.0 -9999.0 -9999.0
