user2019/resources/simulation/Vinschgau/output-maps/thetaliqL0006N0288.asc
ncols         63
nrows         48
xllcorner     598000.000000
yllcorner     5145000.000000
cellsize      1000.000000
NODATA_value  -9999.0
[rows 0 to 28 of 48, columns 0 to 62 of 63]
-9999.0 -9999.0 -9999.0 -9999.0 -9999.0 -9999.0 -9999.0 -9999.0 -9999.0 -9999.0 -9999.0 -9999.0 -9999.0 -9999.0 -9999.0 -9999.0 -9999.0 -9999.0 -9999.0 -9999.0 -9999.0 -9999.0 -9999.0 -9999.0 -9999.0 -9999.0 -9999.0 -9999.0 -9999.0 -9999.0 -9999.0 -9999.0 -9999.0 -9999.0 -9999.0 -9999.0 -9999.0 -9999.0 -9999.0 -9999.0 -9999.0 -9999.0 -9999.0 -9999.0 -9999.0 -9999.0 -9999.0 -9999.0 -9999.0 -9999.0 -9999.0 -9999.0 -9999.0 -9999.0 -9999.0 -9999.0 -9999.0 -9999.0 -9999.0 -9999.0 -9999.0 -9999.0 -9999.0
-9999.0 -9999.0 -9999.0 -9999.0 -9999.0 -9999.0 -9999.0 -9999.0 -9999.0 -9999.0 -9999.0 -9999.0 -9999.0 -9999.0 -9999.0 -9999.0 -9999.0 -9999.0 -9999.0 -9999.0 -9999.0 -9999.0 -9999.0 -9999.0 -9999.0 -9999.0 -9999.0 0.020022 0.020022 0.020023 0.020019 0.020017 0.020018 -9999.0 -9999.0 -9999.0 -9999.0 -9999.0 -9999.0 -9999.0 -9999.0 -9999.0 -9999.0 -9999.0 -9999.0 -9999.0 -9999.0 -9999.0 -9999.0 -9999.0 -9999.0 -9999.0 -9999.0 -9999.0 -9999.0 -9999.0 -9999.0 -9999.0 -9999.0 -9999.0 -9999.0 -9999.0 -9999.0
-9999.0 -9999.0 -9999.0 -9999.0 -9999.0 -9999.0 -9999.0 -9999.0 -9999.0 -9999.0 -9999.0 -9999.0 -9999.0 -9999.0 -9999.0 -9999.0 -9999.0 -9999.0 -9999.0 -9999.0 -9999.0 -9999.0 -9999.0 -9999.0 0.040008 0.040008 0.040010 0.040008 0.040009 0.020025 0.020019 -9999.0 -9999.0 -9999.0 -9999.0 -9999.0 -9999.0 -9999.0 -9999.0 -9999.0 -9999.0 -9999.0 -9999.0 -9999.0 -9999.0 -9999.0 -9999.0 -9999.0 -9999.0 -9999.0 -9999.0 -9999.0 -9999.0 -9999.0 -9999.0 -9999.0 -9999.0 -9999.0 -9999.0 -9999.0 -9999.0 -9999.0 -9999.0
-9999.0 -9999.0 -9999.0 -9999.0 -9999.0 -9999.0 -9999.0 -9999.0 -9999.0 -9999.0 -9999.0 -9999.0 -9999.0 -9999.0 -9999.0 -9999.0 -9999.0 -9999.0 -9999.0 -9999.0 -9999.0 -9999.0 -9999.0 0.040008 0.040011 0.040008 0.040007 0.020024 0.020024 0.020027 0.020021 0.020020 -9999.0 -9999.0 -9999.0 -9999.0 -9999.0 -9999.0 -9999.0 -9999.0 -9999.0 -9999.0 -9999.0 -9999.0 -9999.0 -9999.0 -9999.0 -9999.0 -9999.0 -9999.0 -9999.0 -9999.0 -9999.0 -9999.0 -9999.0 -9999.0 -9999.0 -9999.0 -9999.0 -9999.0 -9999.0 -9999.0 -9999.0
-9999.0 -9999.0 -9999.0 -9999.0 -9999.0 -9999.0 -9999.0 -9999.0 -9999.0 -9999.0 -9999.0 -9999.0 -9999.0 -9999.0 -9999.0 -9999.0 -9999.0 -9999.0 0.040010 0.040011 -9999.0 0.040008 0.040010 0.020028 0.040010 0.020748 0.040008 0.040007 0.041910 0.040007 0.020028 0.020020 0.020020 0.020017 -9999.0 -9999.0 -9999.0 -9999.0 -9999.0 -9999.0 -9999.0 -9999.0 -9999.0 -9999.0 -9999.0 -9999.0 -9999.0 -9999.0 -9999.0 -9999.0 -9999.0 -9999.0 -9999.0 -9999.0 -9999.0 -9999.0 -9999.0 -9999.0 -9999.0 -9999.0 -9999.0 -9999.0 -9999.0
-9999.0 -9999.0 -9999.0 -9999.0 -9999.0 -9999.0 -9999.0 -9999.0 -9999.0 -9999.0 -9999.0 -9999.0 -9999.0 -9999.0 -9999.0 -9999.0 -9999.0 0.040101 0.040012 0.020025 0.020036 0.040013 0.040010 0.020027 0.045824 0.040007 0.040006 0.040007 0.040006 0.040007 0.040008 0.020026 0.020027 0.020021 0.020017 0.020015 -9999.0 -9999.0 -9999.0 -9999.0 -9999.0 -9999.0 -9999.0 -9999.0 -9999.0 -9999.0 -9999.0 -9999.0 -9999.0 -9999.0 -9999.0 -9999.0 -9999.0 -9999.0 -9999.0 -9999.0 -9999.0 -9999.0 -9999.0 -9999.0 -9999.0 -9999.0 -9999.0
-9999.0 -9999.0 -9999.0 -9999.0 -9999.0 -9999.0 -9999.0 -9999.0 -9999.0 -9999.0 -9999.0 -9999.0 -9999.0 0.020026 0.040011 0.040010 0.040009 0.036003 0.040017 0.020023 0.040014 0.040016 0.020055 0.043380 0.040008 0.040006 0.020020 0.020022 0.020019 0.040007 0.040006 0.040005 0.020019 0.020015 0.020015 0.020014 -9999.0 -9999.0 -9999.0 -9999.0 -9999.0 -9999.0 -9999.0 -9999.0 -9999.0 -9999.0 -9999.0 -9999.0 -9999.0 -9999.0 -9999.0 -9999.0 -9999.0 -9999.0 -9999.0 -9999.0 -9999.0 -9999.0 -9999.0 -9999.0 -9999.0 -9999.0 -9999.0
-9999.0 -9999.0 -9999.0 -9999.0 -9999.0 -9999.0 -9999.0 -9999.0 -9999.0 -9999.0 -9999.0 -9999.0 -9999.0 0.040012 0.040010 0.040009 0.040009 0.040020 0.042339 0.040018 0.020663 0.020025 0.040008 0.040008 0.040009 0.020025 0.020023 0.020018 0.020017 0.020019 0.040006 0.020016 0.020015 0.020014 0.020014 -9999.0 -9999.0 -9999.0 -9999.0 -9999.0 -9999.0 -9999.0 -9999.0 -9999.0 -9999.0 -9999.0 -9999.0 -9999.0 -9999.0 -9999.0 -9999.0 -9999.0 -9999.0 -9999.0 -9999.0 -9999.0 -9999.0 -9999.0 -9999.0 -9999.0 -9999.0 -9999.0 -9999.0
-9999.0 -9999.0 -9999.0 -9999.0 -9999.0 -9999.0 -9999.0 -9999.0 -9999.0 -9999.0 -9999.0 -9999.0 -9999.0 0.040011 0.040009 0.040065 0.040009 0.040009 0.039626 0.045102 0.040010 0.020021 0.040007 0.040007 0.040009 0.040011 0.020024 0.020017 0.020021 0.020015 0.020016 0.020014 0.020014 0.020013 0.020014 -9999.0 -9999.0 -9999.0 -9999.0 -9999.0 -9999.0 -9999.0 -9999.0 -9999.0 -9999.0 -9999.0 -9999.0 -9999.0 -9999.0 -9999.0 -9999.0 -9999.0 -9999.0 -9999.0 -9999.0 -9999.0 -9999.0 -9999.0 -9999.0 -9999.0 -9999.0 -9999.0 -9999.0
-9999.0 -9999.0 -9999.0 -9999.0 -9999.0 -9999.0 -9999.0 -9999.0 -9999.0 -9999.0 -9999.0 -9999.0 0.020035 0.040008 0.040054 0.040006 0.040021 0.040009 0.061554 0.020065 0.040009 0.040006 0.020025 0.040007 0.040010 0.020018 0.040007 0.020022 0.020024 0.020017 0.020015 0.020018 0.020018 0.020014 -9999.0 -9999.0 -9999.0 -9999.0 -9999.0 -9999.0 -9999.0 -9999.0 -9999.0 -9999.0 -9999.0 -9999.0 -9999.0 -9999.0 -9999.0 -9999.0 -9999.0 -9999.0 -9999.0 -9999.0 -9999.0 -9999.0 -9999.0 -9999.0 -9999.0 -9999.0 -9999.0 -9999.0 -9999.0
-9999.0 -9999.0 -9999.0 -9999.0 -9999.0 -9999.0 -9999.0 -9999.0 -9999.0 -9999.0 -9999.0 0.040009 0.040008 0.040023 0.040006 0.040007 0.020021 0.040008 0.100494 0.020057 0.020025 0.040007 0.020025 0.020021 0.020024 0.020022 0.020017 0.020023 0.040006 0.020015 0.020018 0.020022 0.020017 0.020015 0.020015 0.020015 0.020015 0.020019 0.020530 -9999.0 -9999.0 -9999.0 0.020014 -9999.0 -9999.0 -9999.0 -9999.0 -9999.0 -9999.0 -9999.0 -9999.0 -9999.0 -9999.0 -9999.0 -9999.0 -9999.0 -9999.0 -9999.0 -9999.0 -9999.0 -9999.0 -9999.0 -9999.0
-9999.0 -9999.0 -9999.0 -9999.0 -9999.0 -9999.0 -9999.0 -9999.0 -9999.0 -9999.0 -9999.0 0.040007 0.040008 0.020032 0.040010 0.020021 0.040010 0.040008 0.074569 0.045216 0.040022 0.020037 0.040008 0.040007 0.040007 0.020021 0.020023 0.020026 0.020022 0.020016 0.020021 0.020023 0.020019 0.020016 0.020013 0.020015 0.022196 0.038027 0.020815 0.020028 0.020014 0.020012 0.020016 0.020016 -9999.0 -9999.0 -9999.0 0.040271 0.020030 0.020030 0.020054 0.020041 0.020045 0.105767 0.138907 0.020054 -9999.0 -9999.0 -9999.0 -9999.0 -9999.0 -9999.0 -9999.0
-9999.0 -9999.0 -9999.0 -9999.0 -9999.0 -9999.0 -9999.0 -9999.0 -9999.0 -9999.0 -9999.0 0.040009 0.040007 0.020024 0.040012 0.020023 0.040010 0.040009 0.042378 0.052568 0.040019 0.020031 0.040011 0.040009 0.020020 0.020023 0.040011 0.020022 0.020019 0.020019 0.020017 0.020020 0.020022 0.020015 0.020014 0.020026 0.040021 0.020065 0.096093 0.020244 0.020933 0.020015 0.020018 0.020020 0.020018 -9999.0 0.020020 0.020026 0.020039 0.020072 0.020061 0.020079 0.022176 0.053814 0.022076 0.020802 -9999.0 -9999.0 -9999.0 -9999.0 -9999.0 -9999.0 -9999.0
-9999.0 -9999.0 -9999.0 -9999.0 -9999.0 -9999.0 -9999.0 -9999.0 -9999.0 -9999.0 -9999.0 -9999.0 0.040009 0.040012 0.040024 0.040011 0.040010 0.040008 0.046007 0.053239 0.040010 0.020030 0.020026 0.040011 0.040007 0.040011 0.040007 0.020020 0.020020 0.020020 0.020021 0.040006 0.020020 0.020017 0.020014 0.020014 0.040009 0.040016 0.132114 0.020385 0.040898 0.020168 0.020024 0.040005 0.020021 0.020022 0.020022 0.020026 0.020028 0.040014 0.040009 0.040024 0.040131 0.040208 0.040016 0.040016 0.040240 -9999.0 -9999.0 -9999.0 -9999.0 -9999.0 -9999.0
-9999.0 -9999.0 -9999.0 -9999.0 -9999.0 -9999.0 -9999.0 -9999.0 -9999.0 -9999.0 -9999.0 0.040016 0.040007 0.020024 0.040014 0.040013 0.040011 0.040008 0.040064 0.045230 0.040012 0.040009 0.040011 0.020030 0.040012 0.040009 0.040010 0.020019 0.020023 0.020023 0.040009 0.040008 0.020024 0.020017 0.020013 0.020014 0.020013 0.020034 0.040026 0.080758 0.020041 0.040038 0.040012 0.020029 0.020021 0.020022 0.020028 0.020032 0.020034 0.020031 0.020025 0.020025 0.040010 0.020022 0.020026 0.020023 0.020059 -9999.0 -9999.0 -9999.0 -9999.0 -9999.0 -9999.0
-9999.0 -9999.0 -9999.0 -9999.0 -9999.0 -9999.0 -9999.0 -9999.0 -9999.0 -9999.0 0.040032 0.040018 0.040022 0.040008 0.040048 0.040009 0.040008 0.040007 0.040012 0.045258 0.048953 0.040016 0.020028 0.040010 0.040007 0.040012 0.020022 0.020023 0.020033 0.020031 0.040007 0.040006 0.020020 0.020016 0.020013 0.020014 0.020017 0.040010 0.040015 0.040312 0.020599 0.020027 0.020024 0.040011 0.040008 0.020024 0.020028 0.020026 0.040011 0.040007 0.020036 0.020023 0.020023 0.020022 0.020024 0.020287 0.020282 -9999.0 -9999.0 -9999.0 -9999.0 -9999.0 -9999.0
-9999.0 -9999.0 -9999.0 -9999.0 -9999.0 -9999.0 -9999.0 -9999.0 -9999.0 0.020025 0.040036 0.040029 0.040008 0.040017 0.040050 0.040009 0.040008 0.040014 0.040085 0.048986 0.052023 0.040010 0.020031 0.040725 0.040011 0.020023 0.040009 0.020030 0.020033 0.040012 0.040027 0.020021 0.020016 0.020014 0.020016 0.020015 0.020016 0.040004 0.040004 0.040004 0.040018 0.040005 0.020019 0.040069 0.020033 0.020042 0.020341 0.020026 0.020042 0.040031 0.020051 0.020035 0.020021 0.020027 0.020039 0.020063 0.041963 0.021126 0.020115 -9999.0 -9999.0 -9999.0 -9999.0
-9999.0 -9999.0 -9999.0 -9999.0 -9999.0 -9999.0 -9999.0 -9999.0 -9999.0 0.020024 0.020026 0.020025 0.040029 0.040008 0.040017 0.040019 0.040078 0.040009 0.040025 0.416872 0.429979 0.429653 0.040010 0.040011 0.020024 0.040010 0.040007 0.040012 0.040858 0.040008 0.020026 0.020029 0.020019 0.020019 0.020020 0.020020 0.020018 0.020019 0.020016 0.020018 0.040005 0.020018 0.040006 0.040007 0.040365 0.047272 0.044671 0.020050 0.020036 0.040008 0.020042 0.020047 0.020027 0.020031 0.020024 0.040184 0.020308 0.043820 0.022999 -9999.0 -9999.0 -9999.0 -9999.0
-9999.0 -9999.0 -9999.0 -9999.0 -9999.0 -9999.0 -9999.0 -9999.0 -9999.0 -9999.0 0.020026 0.020026 0.040009 0.040013 0.020026 0.040013 0.040013 0.040022 0.040043 0.221993 0.047180 0.020029 0.040013 0.020031 0.040009 0.040011 0.040020 0.042650 0.020028 0.040006 0.020021 0.040010 0.020019 0.020018 0.020023 0.020026 0.040007 0.040006 0.020018 0.020016 0.020015 0.040007 0.040006 0.020023 0.020022 0.040006 0.020027 0.040009 0.023400 0.020108 0.020047 0.020122 0.020041 0.020029 0.040012 0.020029 0.040021 0.020044 0.020050 0.040022 -9999.0 -9999.0 -9999.0
-9999.0 -9999.0 -9999.0 -9999.0 -9999.0 -9999.0 -9999.0 -9999.0 -9999.0 -9999.0 0.020025 0.020026 0.040010 0.040014 0.054273 0.040010 0.040009 0.040016 0.270388 0.324998 0.043207 0.040033 0.040008 0.040007 0.040007 0.040027 0.059682 0.040008 0.040007 0.020018 0.020020 0.040007 0.020023 0.020018 0.020019 0.040005 0.040007 0.040008 0.020024 0.020018 0.020023 0.020024 0.040007 0.020021 0.040019 0.020027 0.040010 0.020025 0.021221 0.021582 0.020048 0.020140 0.040764 0.020044 0.020031 0.020048 0.020027 0.020308 0.040033 0.044687 -9999.0 -9999.0 -9999.0
-9999.0 -9999.0 -9999.0 -9999.0 -9999.0 -9999.0 -9999.0 -9999.0 0.040035 0.020058 0.020026 0.040010 0.040010 0.040009 0.040012 0.040253 0.041235 0.421825 0.344929 0.347966 0.213709 0.163435 0.040098 0.040029 0.040019 0.064366 0.041967 0.040007 0.040008 0.020023 0.020017 0.020020 0.020023 0.020022 0.020024 0.020018 0.020027 0.040009 0.020025 0.020021 0.020020 0.040006 0.020019 0.020018 0.020030 0.040014 0.020023 0.040017 0.020029 0.046604 0.040022 0.020032 0.042512 0.020038 0.020050 0.023060 0.020937 0.040034 0.020082 0.056979 -9999.0 -9999.0 -9999.0
-9999.0 -9999.0 -9999.0 -9999.0 -9999.0 -9999.0 -9999.0 -9999.0 0.020027 0.040022 0.020039 0.020022 0.020025 0.040009 0.040014 0.040009 0.040011 0.040010 0.063363 0.277181 0.332559 0.326724 0.309066 0.427067 0.123726 0.156300 0.040039 0.040009 0.020021 0.020026 0.020025 0.020027 0.020029 0.020025 0.040011 0.040012 0.020039 0.040009 0.020039 0.020031 0.020022 0.020017 0.020020 0.020034 0.040018 0.040012 0.020022 0.020025 0.020031 0.040012 0.045073 0.040008 0.040884 0.021543 0.020037 0.020038 0.020034 0.020059 0.023407 0.430000 0.353946 -9999.0 -9999.0
-9999.0 -9999.0 -9999.0 -9999.0 -9999.0 -9999.0 -9999.0 -9999.0 0.020025 0.020032 0.020062 0.020027 0.040014 0.020024 0.040017 0.020026 0.040016 0.043672 0.354212 0.353642 0.271683 0.348992 0.292514 0.269175 0.372646 0.040023 0.040008 0.040008 0.020025 0.020032 0.020027 0.040015 0.040012 0.020042 0.040017 0.020035 0.020034 0.020030 0.020046 0.020033 0.020029 0.020027 0.040018 0.040009 0.040009 0.040008 0.020035 0.040102 0.040011 0.020032 0.069161 0.040082 0.020027 0.020049 0.020064 0.040099 0.045250 0.080784 0.430000 0.430000 0.430000 -9999.0 -9999.0
-9999.0 -9999.0 -9999.0 -9999.0 -9999.0 -9999.0 -9999.0 -9999.0 0.020020 0.020030 0.040014 0.020044 0.040084 0.040019 0.020034 0.040016 0.020365 0.405939 0.049069 0.316400 0.395708 0.334212 0.384296 0.373447 0.042370 0.040009 0.040013 0.020039 0.040010 0.020026 0.020043 0.020046 0.020039 0.040009 0.020037 0.020048 0.020058 0.040023 0.020043 0.020079 0.020037 0.020060 0.020072 0.020056 0.040034 0.020038 0.020190 0.020126 0.020167 0.020031 0.040014 0.123785 0.043171 0.043092 0.046884 0.053678 0.320126 0.430000 0.430000 0.430000 0.154323 0.040040 -9999.0
-9999.0 -9999.0 -9999.0 -9999.0 -9999.0 -9999.0 -9999.0 -9999.0 0.040008 0.040012 0.040093 0.020028 0.020035 0.040015 0.055930 0.044039 0.040411 0.040010 0.040009 0.040011 0.206658 0.345975 0.384911 0.343927 0.049159 0.040009 0.040007 0.040008 0.040016 0.040015 0.020037 0.040009 0.020073 0.040009 0.020038 0.020041 0.020035 0.040534 0.020074 0.040014 0.020042 0.020036 0.020040 0.020029 0.020068 0.020076 0.020032 0.020042 0.020036 0.020076 0.021466 0.048771 0.179858 0.193367 0.235437 0.309804 0.430000 0.430000 0.385533 0.122050 0.045805 0.040051 -9999.0
-9999.0 -9999.0 0.020033 0.040015 0.040011 0.040017 0.040029 0.040021 0.040014 0.040014 0.040015 0.040026 0.040018 0.040967 0.430000 0.044990 0.020029 0.040009 0.040009 0.040009 0.040011 0.259131 0.408880 0.430000 0.074421 0.040060 0.040018 0.040011 0.040019 0.045855 0.040008 0.040009 0.050846 0.040017 0.040150 0.040028 0.041974 0.044599 0.020195 0.020053 0.020103 0.020154 0.020055 0.040033 0.020028 0.020040 0.040048 0.040018 0.021030 0.058769 0.311445 0.361253 0.417854 0.425337 0.305273 0.430000 0.073373 0.055925 0.043776 0.040036 0.040061 0.174683 -9999.0
-9999.0 0.040019 0.040016 0.040025 0.040024 0.040027 0.040014 0.040011 0.040011 0.020028 0.040014 0.040046 0.040057 0.152320 0.058262 0.020061 0.040011 0.040011 0.040024 0.040009 0.040021 0.040151 0.430000 0.407729 0.428972 0.213507 0.390848 0.405235 0.062503 0.041395 0.041850 0.040083 0.040407 0.430000 0.048693 0.177761 0.350099 0.429397 0.351095 0.060128 0.049430 0.057210 0.044948 0.040031 0.040024 0.040029 0.051283 0.045028 0.413370 0.389264 0.399833 0.315257 0.073310 0.056473 0.054088 0.042485 0.040020 0.040029 0.040054 0.042394 0.310629 0.333841 -9999.0
-9999.0 0.040012 0.040010 0.040008 0.040027 0.040009 0.040017 0.040022 0.040016 0.020040 0.040030 0.040010 0.040036 0.055042 0.020036 0.040015 0.020031 0.040011 0.040011 0.040013 0.040024 0.040027 0.064946 0.080774 0.429645 0.424801 0.333198 0.354033 0.430000 0.430000 0.317866 0.370895 0.059689 0.134281 0.430000 0.430000 0.430000 0.430000 0.430000 0.430000 0.430000 0.430000 0.398326 0.358873 0.246052 0.294408 0.277125 0.329165 0.411026 0.408651 0.056167 0.040030 0.040022 0.044731 0.040013 0.040121 0.040039 0.040335 0.040860 0.117434 0.195836 -9999.0 -9999.0
-9999.0 0.020029 0.040009 0.040011 0.040042 0.040050 0.044993 0.040010 0.040024 0.040032 0.040017 0.040018 0.045743 0.040028 0.040140 0.040012 0.040011 0.040013 0.040011 0.040010 0.040016 0.040010 0.042646 0.430000 0.430000 0.337608 0.408934 0.400947 0.412955 0.383605 0.367882 0.254086 0.428964 0.270874 0.426976 0.427538 0.430000 0.430000 0.430000 0.429091 0.429633 0.430000 0.430000 0.277732 0.256760 0.272171 0.385986 0.270296 0.065702 0.059815 0.040014 0.040030 0.040066 0.040038 0.040087 0.040224 0.040612 0.042353 0.053151 -9999.0 -9999.0 -9999.0 -9999.0
