user2019/resources/simulation/Vinschgau/output-maps/thetaliqL0003N0784.asc
ncols         63
nrows         48
xllcorner     598000.000000
yllcorner     5145000.000000
cellsize      1000.000000
NODATA_value  -9999.0
[rows 0 to 28 of 48, columns 0 to 62 of 63]
-9999.0 -9999.0 -9999.0 -9999.0 -9999.0 -9999.0 -9999.0 -9999.0 -9999.0 -9999.0 -9999.0 -9999.0 -9999.0 -9999.0 -9999.0 -9999.0 -9999.0 -9999.0 -9999.0 -9999.0 -9999.0 -9999.0 -9999.0 -9999.0 -9999.0 -9999.0 -9999.0 -9999.0 -9999.0 -9999.0 -9999.0 -9999.0 -9999.0 -9999.0 -9999.0 -9999.0 -9999.0 -9999.0 -9999.0 -9999.0 -9999.0 -9999.0 -9999.0 -9999.0 -9999.0 -9999.0 -9999.0 -9999.0 -9999.0 -9999.0 -9999.0 -9999.0 -9999.0 -9999.0 -9999.0 -9999.0 -9999.0 -9999.0 -9999.0 -9999.0 -9999.0 -9999.0 -9999.0
-9999.0 -9999.0 -9999.0 -9999.0 -9999.0 -9999.0 -9999.0 -9999.0 -9999.0 -9999.0 -9999.0 -9999.0 -9999.0 -9999.0 -9999.0 -9999.0 -9999.0 -9999.0 -9999.0 -9999.0 -9999.0 -9999.0 -9999.0 -9999.0 -9999.0 -9999.0 -9999.0 0.020084 0.040305 0.020064 0.040097 0.040044 0.040028 -9999.0 -9999.0 -9999.0 -9999.0 -9999.0 -9999.0 -9999.0 -9999.0 -9999.0 -9999.0 -9999.0 -9999.0 -9999.0 -9999.0 -9999.0 -9999.0 -9999.0 -9999.0 -9999.0 -9999.0 -9999.0 -9999.0 -9999.0 -9999.0 -9999.0 -9999.0 -9999.0 -9999.0 -9999.0 -9999.0
-9999.0 -9999.0 -9999.0 -9999.0 -9999.0 -9999.0 -9999.0 -9999.0 -9999.0 -9999.0 -9999.0 -9999.0 -9999.0 -9999.0 -9999.0 -9999.0 -9999.0 -9999.0 -9999.0 -9999.0 -9999.0 -9999.0 -9999.0 -9999.0 0.041745 0.043407 0.043586 0.043313 0.040272 0.040082 0.040093 -9999.0 -9999.0 -9999.0 -9999.0 -9999.0 -9999.0 -9999.0 -9999.0 -9999.0 -9999.0 -9999.0 -9999.0 -9999.0 -9999.0 -9999.0 -9999.0 -9999.0 -9999.0 -9999.0 -9999.0 -9999.0 -9999.0 -9999.0 -9999.0 -9999.0 -9999.0 -9999.0 -9999.0 -9999.0 -9999.0 -9999.0 -9999.0
-9999.0 -9999.0 -9999.0 -9999.0 -9999.0 -9999.0 -9999.0 -9999.0 -9999.0 -9999.0 -9999.0 -9999.0 -9999.0 -9999.0 -9999.0 -9999.0 -9999.0 -9999.0 -9999.0 -9999.0 -9999.0 -9999.0 -9999.0 0.043471 0.044306 0.273857 0.345399 0.225384 0.043752 0.041158 0.040110 0.040066 -9999.0 -9999.0 -9999.0 -9999.0 -9999.0 -9999.0 -9999.0 -9999.0 -9999.0 -9999.0 -9999.0 -9999.0 -9999.0 -9999.0 -9999.0 -9999.0 -9999.0 -9999.0 -9999.0 -9999.0 -9999.0 -9999.0 -9999.0 -9999.0 -9999.0 -9999.0 -9999.0 -9999.0 -9999.0 -9999.0 -9999.0
-9999.0 -9999.0 -9999.0 -9999.0 -9999.0 -9999.0 -9999.0 -9999.0 -9999.0 -9999.0 -9999.0 -9999.0 -9999.0 -9999.0 -9999.0 -9999.0 -9999.0 -9999.0 0.475292 0.043717 -9999.0 0.043670 0.043974 0.283754 0.376956 0.161257 0.421330 0.501883 0.520000 0.142216 0.040994 0.040140 0.020054 0.020036 -9999.0 -9999.0 -9999.0 -9999.0 -9999.0 -9999.0 -9999.0 -9999.0 -9999.0 -9999.0 -9999.0 -9999.0 -9999.0 -9999.0 -9999.0 -9999.0 -9999.0 -9999.0 -9999.0 -9999.0 -9999.0 -9999.0 -9999.0 -9999.0 -9999.0 -9999.0 -9999.0 -9999.0 -9999.0
-9999.0 -9999.0 -9999.0 -9999.0 -9999.0 -9999.0 -9999.0 -9999.0 -9999.0 -9999.0 -9999.0 -9999.0 -9999.0 -9999.0 -9999.0 -9999.0 -9999.0 0.127516 0.278928 0.136793 0.020525 0.057682 0.081173 0.403325 0.365613 0.239173 0.045039 0.050991 0.051551 0.511813 0.042679 0.040071 0.020087 0.020083 0.020047 0.020037 -9999.0 -9999.0 -9999.0 -9999.0 -9999.0 -9999.0 -9999.0 -9999.0 -9999.0 -9999.0 -9999.0 -9999.0 -9999.0 -9999.0 -9999.0 -9999.0 -9999.0 -9999.0 -9999.0 -9999.0 -9999.0 -9999.0 -9999.0 -9999.0 -9999.0 -9999.0 -9999.0
-9999.0 -9999.0 -9999.0 -9999.0 -9999.0 -9999.0 -9999.0 -9999.0 -9999.0 -9999.0 -9999.0 -9999.0 -9999.0 0.048621 0.427194 0.236643 0.109658 0.066940 0.134371 0.253947 0.365334 0.334012 0.333313 0.397345 0.108258 0.043974 0.020122 0.040181 0.044192 0.055258 0.040241 0.040356 0.040047 0.040027 0.020040 0.020035 -9999.0 -9999.0 -9999.0 -9999.0 -9999.0 -9999.0 -9999.0 -9999.0 -9999.0 -9999.0 -9999.0 -9999.0 -9999.0 -9999.0 -9999.0 -9999.0 -9999.0 -9999.0 -9999.0 -9999.0 -9999.0 -9999.0 -9999.0 -9999.0 -9999.0 -9999.0 -9999.0
-9999.0 -9999.0 -9999.0 -9999.0 -9999.0 -9999.0 -9999.0 -9999.0 -9999.0 -9999.0 -9999.0 -9999.0 -9999.0 0.057611 0.383056 0.205547 0.125323 0.437779 0.058394 0.256239 0.167242 0.419035 0.394225 0.443748 0.137535 0.054308 0.040283 0.020079 0.020053 0.040140 0.040032 0.040132 0.020044 0.020018 0.020025 -9999.0 -9999.0 -9999.0 -9999.0 -9999.0 -9999.0 -9999.0 -9999.0 -9999.0 -9999.0 -9999.0 -9999.0 -9999.0 -9999.0 -9999.0 -9999.0 -9999.0 -9999.0 -9999.0 -9999.0 -9999.0 -9999.0 -9999.0 -9999.0 -9999.0 -9999.0 -9999.0 -9999.0
-9999.0 -9999.0 -9999.0 -9999.0 -9999.0 -9999.0 -9999.0 -9999.0 -9999.0 -9999.0 -9999.0 -9999.0 -9999.0 0.342665 0.520000 0.285800 0.183643 0.136336 0.031184 0.133013 0.471497 0.149771 0.109018 0.057189 0.469620 0.069897 0.020339 0.020047 0.040070 0.020020 0.040053 0.020017 0.020017 0.020017 0.020033 -9999.0 -9999.0 -9999.0 -9999.0 -9999.0 -9999.0 -9999.0 -9999.0 -9999.0 -9999.0 -9999.0 -9999.0 -9999.0 -9999.0 -9999.0 -9999.0 -9999.0 -9999.0 -9999.0 -9999.0 -9999.0 -9999.0 -9999.0 -9999.0 -9999.0 -9999.0 -9999.0 -9999.0
-9999.0 -9999.0 -9999.0 -9999.0 -9999.0 -9999.0 -9999.0 -9999.0 -9999.0 -9999.0 -9999.0 -9999.0 0.359040 0.520000 0.414419 0.465547 0.394643 0.246437 0.379434 0.134031 0.357944 0.055021 0.048122 0.045727 0.040193 0.040232 0.040049 0.040085 0.040050 0.020040 0.040006 0.020050 0.040017 0.020028 -9999.0 -9999.0 -9999.0 -9999.0 -9999.0 -9999.0 -9999.0 -9999.0 -9999.0 -9999.0 -9999.0 -9999.0 -9999.0 -9999.0 -9999.0 -9999.0 -9999.0 -9999.0 -9999.0 -9999.0 -9999.0 -9999.0 -9999.0 -9999.0 -9999.0 -9999.0 -9999.0 -9999.0 -9999.0
-9999.0 -9999.0 -9999.0 -9999.0 -9999.0 -9999.0 -9999.0 -9999.0 -9999.0 -9999.0 -9999.0 0.044705 0.520000 0.520000 0.442587 0.394921 0.161997 0.294055 0.520000 0.199915 0.315516 0.484388 0.041949 0.040478 0.040071 0.040454 0.040027 0.040246 0.040063 0.020031 0.020043 0.040054 0.020042 0.020041 0.020046 0.020051 0.040076 0.040224 0.040453 -9999.0 -9999.0 -9999.0 0.020043 -9999.0 -9999.0 -9999.0 -9999.0 -9999.0 -9999.0 -9999.0 -9999.0 -9999.0 -9999.0 -9999.0 -9999.0 -9999.0 -9999.0 -9999.0 -9999.0 -9999.0 -9999.0 -9999.0 -9999.0
-9999.0 -9999.0 -9999.0 -9999.0 -9999.0 -9999.0 -9999.0 -9999.0 -9999.0 -9999.0 -9999.0 0.044357 0.505342 0.520000 0.419347 0.048876 0.348092 0.226931 0.410605 0.499087 0.512621 0.057377 0.043934 0.040130 0.040028 0.040238 0.040180 0.040063 0.020066 0.020034 0.040237 0.040095 0.040065 0.040029 0.040029 0.040210 0.040886 0.040681 0.040350 0.020047 0.020048 0.020038 0.040168 0.020048 -9999.0 -9999.0 -9999.0 0.040033 0.040021 0.020039 0.040033 0.020033 0.020031 0.040032 0.040029 0.020029 -9999.0 -9999.0 -9999.0 -9999.0 -9999.0 -9999.0 -9999.0
-9999.0 -9999.0 -9999.0 -9999.0 -9999.0 -9999.0 -9999.0 -9999.0 -9999.0 -9999.0 -9999.0 0.040715 0.044338 0.045968 0.306628 0.057905 0.520000 0.410317 0.462429 0.407642 0.447202 0.072547 0.041777 0.040924 0.040221 0.020106 0.041549 0.040034 0.020063 0.040031 0.020054 0.040023 0.040452 0.040045 0.020047 0.040069 0.040040 0.040076 0.041758 0.020080 0.040311 0.040067 0.040065 0.040250 0.040043 -9999.0 0.020030 0.040031 0.040162 0.040374 0.040498 0.020076 0.040257 0.040129 0.040043 0.040045 -9999.0 -9999.0 -9999.0 -9999.0 -9999.0 -9999.0 -9999.0
-9999.0 -9999.0 -9999.0 -9999.0 -9999.0 -9999.0 -9999.0 -9999.0 -9999.0 -9999.0 -9999.0 -9999.0 0.044727 0.046373 0.050176 0.057370 0.441037 0.339908 0.520000 0.455983 0.416586 0.078906 0.040096 0.042825 0.040095 0.041293 0.042836 0.040381 0.040113 0.020050 0.040177 0.040029 0.040491 0.040090 0.040046 0.040287 0.040174 0.044474 0.052030 0.040496 0.040930 0.020342 0.040037 0.043804 0.020057 0.040041 0.020038 0.040043 0.040028 0.040087 0.046039 0.040032 0.040045 0.040035 0.040019 0.040029 0.040058 -9999.0 -9999.0 -9999.0 -9999.0 -9999.0 -9999.0
-9999.0 -9999.0 -9999.0 -9999.0 -9999.0 -9999.0 -9999.0 -9999.0 -9999.0 -9999.0 -9999.0 0.042778 0.041421 0.044929 0.040925 0.057933 0.262416 0.462350 0.520000 0.330870 0.411708 0.167214 0.055643 0.040139 0.041507 0.040099 0.042638 0.040084 0.040086 0.020124 0.040324 0.040072 0.040342 0.040096 0.040023 0.040165 0.040193 0.041228 0.075740 0.044037 0.041204 0.051179 0.040686 0.020424 0.045859 0.040102 0.040048 0.020127 0.020335 0.047932 0.020050 0.040099 0.040014 0.020024 0.020021 0.020022 0.020047 -9999.0 -9999.0 -9999.0 -9999.0 -9999.0 -9999.0
-9999.0 -9999.0 -9999.0 -9999.0 -9999.0 -9999.0 -9999.0 -9999.0 -9999.0 -9999.0 0.043143 0.044149 0.043741 0.043833 0.048666 0.044995 0.044504 0.327666 0.209292 0.350394 0.520000 0.520000 0.042893 0.048424 0.056515 0.040290 0.040076 0.020041 0.040490 0.041340 0.040110 0.040098 0.041095 0.040087 0.020028 0.020055 0.040539 0.040058 0.048234 0.306059 0.348680 0.147882 0.191075 0.520000 0.047213 0.020140 0.040387 0.040041 0.040129 0.056116 0.020040 0.020035 0.020019 0.020019 0.020017 0.040083 0.040026 -9999.0 -9999.0 -9999.0 -9999.0 -9999.0 -9999.0
-9999.0 -9999.0 -9999.0 -9999.0 -9999.0 -9999.0 -9999.0 -9999.0 -9999.0 0.040304 0.040384 0.040086 0.040348 0.043241 0.040293 0.046030 0.046991 0.501986 0.294582 0.198115 0.520000 0.312345 0.398155 0.430950 0.273050 0.040080 0.040084 0.043825 0.046855 0.051631 0.109165 0.040061 0.020057 0.020024 0.020039 0.020054 0.040073 0.040027 0.040435 0.044723 0.040134 0.044346 0.043448 0.417556 0.499766 0.047287 0.049348 0.042311 0.042421 0.492385 0.040038 0.020046 0.020017 0.020024 0.020031 0.040029 0.040037 0.020053 0.020035 -9999.0 -9999.0 -9999.0 -9999.0
-9999.0 -9999.0 -9999.0 -9999.0 -9999.0 -9999.0 -9999.0 -9999.0 -9999.0 0.040031 0.040040 0.041429 0.056346 0.059895 0.046728 0.042960 0.048615 0.489785 0.275048 0.359337 0.407039 0.328866 0.482632 0.077627 0.040150 0.040936 0.045722 0.056249 0.454337 0.111967 0.048422 0.040044 0.040274 0.040051 0.040147 0.020065 0.020085 0.020238 0.040226 0.041217 0.040541 0.040079 0.046156 0.512012 0.442889 0.455109 0.484191 0.397955 0.059549 0.207888 0.040026 0.040010 0.020025 0.040012 0.020032 0.040013 0.040017 0.040026 0.020102 -9999.0 -9999.0 -9999.0 -9999.0
-9999.0 -9999.0 -9999.0 -9999.0 -9999.0 -9999.0 -9999.0 -9999.0 -9999.0 -9999.0 0.040144 0.040522 0.046188 0.040541 0.069103 0.046988 0.058370 0.455691 0.270944 0.340704 0.484880 0.339297 0.096527 0.045910 0.041421 0.047696 0.158173 0.520000 0.048361 0.040124 0.040049 0.040053 0.040020 0.040069 0.040066 0.040387 0.043657 0.043989 0.020082 0.040182 0.040105 0.043907 0.047613 0.047432 0.087726 0.278182 0.499727 0.498901 0.477681 0.148050 0.040052 0.040026 0.020030 0.020030 0.040012 0.040025 0.040056 0.040123 0.040092 0.054761 -9999.0 -9999.0 -9999.0
-9999.0 -9999.0 -9999.0 -9999.0 -9999.0 -9999.0 -9999.0 -9999.0 -9999.0 -9999.0 0.040114 0.040383 0.043741 0.040381 0.520000 0.362577 0.371472 0.282793 0.254389 0.167804 0.141185 0.296741 0.070450 0.046682 0.047382 0.511333 0.520000 0.088486 0.040113 0.040026 0.040161 0.040252 0.020033 0.040041 0.040198 0.040613 0.040258 0.040500 0.040071 0.040078 0.040288 0.020205 0.040044 0.041132 0.044194 0.041394 0.050792 0.088878 0.520000 0.520000 0.057993 0.040058 0.040022 0.020033 0.020023 0.020027 0.040031 0.040817 0.520000 0.520000 -9999.0 -9999.0 -9999.0
-9999.0 -9999.0 -9999.0 -9999.0 -9999.0 -9999.0 -9999.0 -9999.0 0.040947 0.040166 0.040072 0.041071 0.040058 0.040066 0.040177 0.479777 0.248526 0.323916 0.288213 0.124342 0.114127 0.214337 0.251264 0.314950 0.446979 0.488046 0.520000 0.040712 0.040080 0.040018 0.020020 0.040191 0.040197 0.040061 0.040047 0.040256 0.048646 0.040425 0.040032 0.020058 0.020104 0.040322 0.020043 0.020062 0.020360 0.043254 0.040036 0.042884 0.093612 0.520000 0.075099 0.040045 0.040034 0.040009 0.020029 0.040069 0.020062 0.048110 0.431077 0.520000 -9999.0 -9999.0 -9999.0
-9999.0 -9999.0 -9999.0 -9999.0 -9999.0 -9999.0 -9999.0 -9999.0 0.020057 0.040031 0.040034 0.040075 0.040286 0.040087 0.040582 0.351799 0.357650 0.314997 0.175837 0.126156 0.398908 0.349050 0.342046 0.348164 0.245430 0.441078 0.520000 0.043674 0.020048 0.040088 0.040053 0.020088 0.040049 0.020094 0.040547 0.041502 0.047875 0.044763 0.042109 0.040971 0.040165 0.040010 0.020079 0.041080 0.042531 0.040670 0.020046 0.040492 0.046815 0.520000 0.520000 0.043815 0.040019 0.040048 0.040280 0.020068 0.041106 0.055845 0.520000 0.520000 0.153403 -9999.0 -9999.0
-9999.0 -9999.0 -9999.0 -9999.0 -9999.0 -9999.0 -9999.0 -9999.0 0.040185 0.040467 0.040220 0.040022 0.040154 0.020058 0.042197 0.040816 0.354403 0.366597 0.141445 0.349512 0.123642 0.262195 0.319172 0.161753 0.354682 0.378109 0.519464 0.040349 0.020043 0.040230 0.020133 0.040420 0.040074 0.040094 0.041653 0.045033 0.040153 0.520000 0.061195 0.040607 0.040478 0.020139 0.040998 0.040400 0.040257 0.040941 0.020068 0.040615 0.040104 0.144861 0.507120 0.071704 0.040032 0.040020 0.041568 0.041452 0.520000 0.520000 0.520000 0.520000 0.482672 -9999.0 -9999.0
-9999.0 -9999.0 -9999.0 -9999.0 -9999.0 -9999.0 -9999.0 -9999.0 0.020039 0.040708 0.040065 0.020044 0.040066 0.040155 0.041256 0.506287 0.275508 0.169833 0.405408 0.119581 0.146049 0.147064 0.268979 0.151753 0.210145 0.405173 0.055680 0.040049 0.043628 0.040336 0.040416 0.041724 0.048864 0.040973 0.042572 0.048472 0.494986 0.389083 0.520000 0.048580 0.041218 0.041414 0.041415 0.020357 0.040680 0.020149 0.040510 0.020272 0.040343 0.041832 0.154158 0.512509 0.097600 0.045684 0.405956 0.520000 0.520000 0.520000 0.512140 0.491769 0.490292 0.436836 -9999.0
-9999.0 -9999.0 -9999.0 -9999.0 -9999.0 -9999.0 -9999.0 -9999.0 0.040034 0.040901 0.040075 0.040070 0.040043 0.040268 0.110572 0.520000 0.520000 0.382006 0.400305 0.322016 0.150318 0.196739 0.155241 0.152209 0.387583 0.356777 0.040437 0.047275 0.130446 0.043440 0.045063 0.066241 0.520000 0.181578 0.316824 0.480559 0.467206 0.362962 0.449090 0.520000 0.439782 0.261403 0.051553 0.063029 0.042063 0.044953 0.046710 0.040188 0.046421 0.109883 0.486658 0.370895 0.468167 0.469079 0.520000 0.520000 0.520000 0.520000 0.520000 0.502205 0.445573 0.452407 -9999.0
-9999.0 -9999.0 0.040314 0.040928 0.040027 0.040709 0.040031 0.040041 0.040105 0.040419 0.040371 0.040199 0.040118 0.044995 0.520000 0.520000 0.082059 0.040343 0.045539 0.450465 0.310819 0.296231 0.520000 0.099095 0.189844 0.298584 0.348166 0.393473 0.468113 0.520000 0.141255 0.470080 0.520000 0.481793 0.495096 0.373421 0.426951 0.317780 0.388649 0.406991 0.456763 0.493858 0.514331 0.516425 0.396470 0.275270 0.520000 0.520000 0.506645 0.447671 0.399161 0.336188 0.520000 0.520000 0.520000 0.520000 0.520000 0.520000 0.520000 0.475150 0.520000 0.461210 -9999.0
-9999.0 0.043812 0.042521 0.041921 0.040897 0.040042 0.040031 0.040036 0.040025 0.040074 0.040102 0.040385 0.041875 0.520000 0.520000 0.042729 0.041235 0.040128 0.041037 0.258450 0.305136 0.428603 0.520000 0.520000 0.184253 0.166907 0.269821 0.339196 0.451683 0.520000 0.335906 0.423797 0.520000 0.520000 0.425023 0.366412 0.363674 0.232283 0.423965 0.388154 0.386708 0.451362 0.498742 0.372101 0.338657 0.297114 0.465284 0.361476 0.389383 0.520000 0.457287 0.520000 0.520000 0.520000 0.520000 0.520000 0.520000 0.520000 0.520000 0.519068 0.307058 0.467854 -9999.0
-9999.0 0.045268 0.040341 0.041110 0.056039 0.040107 0.040036 0.040030 0.040098 0.040060 0.040076 0.040346 0.085229 0.520000 0.047811 0.040034 0.040036 0.040103 0.044292 0.046781 0.519848 0.520000 0.520000 0.520000 0.520000 0.319380 0.094301 0.100750 0.355739 0.267532 0.129055 0.163159 0.520000 0.520000 0.520000 0.455917 0.457132 0.381508 0.384946 0.311043 0.374459 0.457515 0.465754 0.150119 0.089188 0.144212 0.319026 0.417491 0.431039 0.464587 0.519757 0.480241 0.520000 0.520000 0.520000 0.055010 0.041387 0.052347 0.058140 0.047078 0.060571 -9999.0 -9999.0
-9999.0 0.041500 0.040364 0.040276 0.514873 0.046657 0.056213 0.040115 0.040132 0.040137 0.041701 0.067068 0.520000 0.046877 0.040087 0.040022 0.040032 0.040027 0.040067 0.041400 0.046686 0.065192 0.266739 0.520000 0.520000 0.468927 0.503662 0.514171 0.175025 0.350525 0.108468 0.091451 0.514451 0.520000 0.439798 0.338953 0.372114 0.350196 0.329534 0.307077 0.308571 0.395439 0.385521 0.089811 0.086460 0.428845 0.399840 0.516079 0.520000 0.489336 0.520000 0.087026 0.064418 0.045040 0.043596 0.040176 0.040169 0.040113 0.040230 -9999.0 -9999.0 -9999.0 -9999.0
