user2019/resources/simulation/Vinschgau/output-maps/thetaliqL0007N0995.asc
ncols         63
nrows         48
xllcorner     598000.000000
yllcorner     5145000.000000
cellsize      1000.000000
NODATA_value  -9999.0
[rows 0 to 28 of 48, columns 0 to 62 of 63]
-9999.0 -9999.0 -9999.0 -9999.0 -9999.0 -9999.0 -9999.0 -9999.0 -9999.0 -9999.0 -9999.0 -9999.0 -9999.0 -9999.0 -9999.0 -9999.0 -9999.0 -9999.0 -9999.0 -9999.0 -9999.0 -9999.0 -9999.0 -9999.0 -9999.0 -9999.0 -9999.0 -9999.0 -9999.0 -9999.0 -9999.0 -9999.0 -9999.0 -9999.0 -9999.0 -9999.0 -9999.0 -9999.0 -9999.0 -9999.0 -9999.0 -9999.0 -9999.0 -9999.0 -9999.0 -9999.0 -9999.0 -9999.0 -9999.0 -9999.0 -9999.0 -9999.0 -9999.0 -9999.0 -9999.0 -9999.0 -9999.0 -9999.0 -9999.0 -9999.0 -9999.0 -9999.0 -9999.0
-9999.0 -9999.0 -9999.0 -9999.0 -9999.0 -9999.0 -9999.0 -9999.0 -9999.0 -9999.0 -9999.0 -9999.0 -9999.0 -9999.0 -9999.0 -9999.0 -9999.0 -9999.0 -9999.0 -9999.0 -9999.0 -9999.0 -9999.0 -9999.0 -9999.0 -9999.0 -9999.0 0.020040 0.020040 0.020042 0.020035 0.020040 0.020035 -9999.0 -9999.0 -9999.0 -9999.0 -9999.0 -9999.0 -9999.0 -9999.0 -9999.0 -9999.0 -9999.0 -9999.0 -9999.0 -9999.0 -9999.0 -9999.0 -9999.0 -9999.0 -9999.0 -9999.0 -9999.0 -9999.0 -9999.0 -9999.0 -9999.0 -9999.0 -9999.0 -9999.0 -9999.0 -9999.0
-9999.0 -9999.0 -9999.0 -9999.0 -9999.0 -9999.0 -9999.0 -9999.0 -9999.0 -9999.0 -9999.0 -9999.0 -9999.0 -9999.0 -9999.0 -9999.0 -9999.0 -9999.0 -9999.0 -9999.0 -9999.0 -9999.0 -9999.0 -9999.0 0.020071 0.020091 0.020109 0.020090 0.020055 0.020053 0.020037 -9999.0 -9999.0 -9999.0 -9999.0 -9999.0 -9999.0 -9999.0 -9999.0 -9999.0 -9999.0 -9999.0 -9999.0 -9999.0 -9999.0 -9999.0 -9999.0 -9999.0 -9999.0 -9999.0 -9999.0 -9999.0 -9999.0 -9999.0 -9999.0 -9999.0 -9999.0 -9999.0 -9999.0 -9999.0 -9999.0 -9999.0 -9999.0
-9999.0 -9999.0 -9999.0 -9999.0 -9999.0 -9999.0 -9999.0 -9999.0 -9999.0 -9999.0 -9999.0 -9999.0 -9999.0 -9999.0 -9999.0 -9999.0 -9999.0 -9999.0 -9999.0 -9999.0 -9999.0 -9999.0 -9999.0 0.020105 0.020227 0.316751 0.067127 0.021138 0.021615 0.020122 0.020038 0.020037 -9999.0 -9999.0 -9999.0 -9999.0 -9999.0 -9999.0 -9999.0 -9999.0 -9999.0 -9999.0 -9999.0 -9999.0 -9999.0 -9999.0 -9999.0 -9999.0 -9999.0 -9999.0 -9999.0 -9999.0 -9999.0 -9999.0 -9999.0 -9999.0 -9999.0 -9999.0 -9999.0 -9999.0 -9999.0 -9999.0 -9999.0
-9999.0 -9999.0 -9999.0 -9999.0 -9999.0 -9999.0 -9999.0 -9999.0 -9999.0 -9999.0 -9999.0 -9999.0 -9999.0 -9999.0 -9999.0 -9999.0 -9999.0 -9999.0 0.429758 0.020172 -9999.0 0.020134 0.020212 0.021514 0.074431 0.021349 0.405262 0.418903 0.430000 0.074084 0.020097 0.020038 0.020034 0.020027 -9999.0 -9999.0 -9999.0 -9999.0 -9999.0 -9999.0 -9999.0 -9999.0 -9999.0 -9999.0 -9999.0 -9999.0 -9999.0 -9999.0 -9999.0 -9999.0 -9999.0 -9999.0 -9999.0 -9999.0 -9999.0 -9999.0 -9999.0 -9999.0 -9999.0 -9999.0 -9999.0 -9999.0 -9999.0
-9999.0 -9999.0 -9999.0 -9999.0 -9999.0 -9999.0 -9999.0 -9999.0 -9999.0 -9999.0 -9999.0 -9999.0 -9999.0 -9999.0 -9999.0 -9999.0 -9999.0 0.191121 0.044747 0.021270 0.020146 0.386824 0.077052 0.023606 0.399081 0.083088 0.021110 0.097080 0.079518 0.416455 0.020201 0.020104 0.020053 0.020041 0.020031 0.020026 -9999.0 -9999.0 -9999.0 -9999.0 -9999.0 -9999.0 -9999.0 -9999.0 -9999.0 -9999.0 -9999.0 -9999.0 -9999.0 -9999.0 -9999.0 -9999.0 -9999.0 -9999.0 -9999.0 -9999.0 -9999.0 -9999.0 -9999.0 -9999.0 -9999.0 -9999.0 -9999.0
-9999.0 -9999.0 -9999.0 -9999.0 -9999.0 -9999.0 -9999.0 -9999.0 -9999.0 -9999.0 -9999.0 -9999.0 -9999.0 0.020316 0.094688 0.276720 0.166801 0.049995 0.196565 0.021631 0.072850 0.068744 0.021836 0.138764 0.091887 0.020208 0.020084 0.020064 0.020184 0.089131 0.020083 0.020065 0.020066 0.020039 0.020040 0.020025 -9999.0 -9999.0 -9999.0 -9999.0 -9999.0 -9999.0 -9999.0 -9999.0 -9999.0 -9999.0 -9999.0 -9999.0 -9999.0 -9999.0 -9999.0 -9999.0 -9999.0 -9999.0 -9999.0 -9999.0 -9999.0 -9999.0 -9999.0 -9999.0 -9999.0 -9999.0 -9999.0
-9999.0 -9999.0 -9999.0 -9999.0 -9999.0 -9999.0 -9999.0 -9999.0 -9999.0 -9999.0 -9999.0 -9999.0 -9999.0 0.030057 0.078842 0.255306 0.187004 0.396262 0.050014 0.056884 0.020217 0.051029 0.073410 0.089947 0.091736 0.020597 0.020059 0.020045 0.020038 0.020121 0.020087 0.020043 0.020035 0.020018 0.020029 -9999.0 -9999.0 -9999.0 -9999.0 -9999.0 -9999.0 -9999.0 -9999.0 -9999.0 -9999.0 -9999.0 -9999.0 -9999.0 -9999.0 -9999.0 -9999.0 -9999.0 -9999.0 -9999.0 -9999.0 -9999.0 -9999.0 -9999.0 -9999.0 -9999.0 -9999.0 -9999.0 -9999.0
-9999.0 -9999.0 -9999.0 -9999.0 -9999.0 -9999.0 -9999.0 -9999.0 -9999.0 -9999.0 -9999.0 -9999.0 -9999.0 0.068632 0.200000 0.313235 0.245241 0.206705 0.050031 0.180794 0.180223 0.021679 0.082734 0.082760 0.103738 0.107465 0.020063 0.020036 0.020037 0.020020 0.020040 0.020016 0.020016 0.020012 0.020024 -9999.0 -9999.0 -9999.0 -9999.0 -9999.0 -9999.0 -9999.0 -9999.0 -9999.0 -9999.0 -9999.0 -9999.0 -9999.0 -9999.0 -9999.0 -9999.0 -9999.0 -9999.0 -9999.0 -9999.0 -9999.0 -9999.0 -9999.0 -9999.0 -9999.0 -9999.0 -9999.0 -9999.0
-9999.0 -9999.0 -9999.0 -9999.0 -9999.0 -9999.0 -9999.0 -9999.0 -9999.0 -9999.0 -9999.0 -9999.0 0.022130 0.198852 0.087303 0.109921 0.349312 0.276552 0.376923 0.021458 0.073457 0.082349 0.020841 0.020335 0.040050 0.020061 0.020048 0.020039 0.020043 0.020034 0.020017 0.020033 0.020037 0.020023 -9999.0 -9999.0 -9999.0 -9999.0 -9999.0 -9999.0 -9999.0 -9999.0 -9999.0 -9999.0 -9999.0 -9999.0 -9999.0 -9999.0 -9999.0 -9999.0 -9999.0 -9999.0 -9999.0 -9999.0 -9999.0 -9999.0 -9999.0 -9999.0 -9999.0 -9999.0 -9999.0 -9999.0 -9999.0
-9999.0 -9999.0 -9999.0 -9999.0 -9999.0 -9999.0 -9999.0 -9999.0 -9999.0 -9999.0 -9999.0 0.020161 0.138288 0.430000 0.099983 0.169511 0.021344 0.286058 0.429066 0.021285 0.021180 0.421609 0.020189 0.020073 0.020082 0.020045 0.020040 0.020039 0.020044 0.020026 0.020032 0.020062 0.020040 0.020028 0.020031 0.020042 0.020038 0.020039 0.020038 -9999.0 -9999.0 -9999.0 0.020028 -9999.0 -9999.0 -9999.0 -9999.0 -9999.0 -9999.0 -9999.0 -9999.0 -9999.0 -9999.0 -9999.0 -9999.0 -9999.0 -9999.0 -9999.0 -9999.0 -9999.0 -9999.0 -9999.0 -9999.0
-9999.0 -9999.0 -9999.0 -9999.0 -9999.0 -9999.0 -9999.0 -9999.0 -9999.0 -9999.0 -9999.0 0.020144 0.120388 0.023763 0.090247 0.021051 0.063849 0.036637 0.392150 0.410998 0.185407 0.024454 0.020175 0.020062 0.020046 0.020040 0.020039 0.020046 0.020058 0.020028 0.020039 0.020056 0.020038 0.020038 0.020034 0.020040 0.020054 0.020108 0.020061 0.020030 0.020030 0.020028 0.020039 0.020035 -9999.0 -9999.0 -9999.0 0.040008 0.020031 0.020031 0.020037 0.020026 0.020025 0.040008 0.040009 0.020024 -9999.0 -9999.0 -9999.0 -9999.0 -9999.0 -9999.0 -9999.0
-9999.0 -9999.0 -9999.0 -9999.0 -9999.0 -9999.0 -9999.0 -9999.0 -9999.0 -9999.0 -9999.0 0.020118 0.020273 0.020667 0.367369 0.025071 0.142868 0.062980 0.177724 0.392575 0.379338 0.024999 0.020120 0.020076 0.020043 0.020047 0.020103 0.020044 0.020043 0.020034 0.020039 0.020038 0.020048 0.020039 0.020034 0.020050 0.020049 0.020057 0.020164 0.020039 0.020040 0.020040 0.020048 0.020042 0.020038 -9999.0 0.020023 0.020039 0.020038 0.020045 0.020071 0.020059 0.020045 0.020038 0.020038 0.020039 -9999.0 -9999.0 -9999.0 -9999.0 -9999.0 -9999.0 -9999.0
-9999.0 -9999.0 -9999.0 -9999.0 -9999.0 -9999.0 -9999.0 -9999.0 -9999.0 -9999.0 -9999.0 -9999.0 0.020160 0.089489 0.023576 0.023859 0.081644 0.058152 0.409020 0.401722 0.072911 0.024278 0.020351 0.020073 0.020053 0.020094 0.020109 0.020054 0.020037 0.020035 0.020039 0.020040 0.020069 0.020038 0.020036 0.020042 0.020088 0.020061 0.024614 0.020084 0.020069 0.020074 0.020050 0.020153 0.020038 0.020037 0.020029 0.020040 0.020054 0.020167 0.210509 0.020042 0.040017 0.040012 0.020038 0.020037 0.020036 -9999.0 -9999.0 -9999.0 -9999.0 -9999.0 -9999.0
-9999.0 -9999.0 -9999.0 -9999.0 -9999.0 -9999.0 -9999.0 -9999.0 -9999.0 -9999.0 -9999.0 0.040200 0.020118 0.020132 0.020123 0.124768 0.142554 0.081446 0.182198 0.313648 0.069745 0.084123 0.115885 0.020098 0.020105 0.020074 0.040080 0.020039 0.020038 0.020049 0.020096 0.020053 0.020068 0.020038 0.020033 0.020042 0.020042 0.020124 0.164643 0.020393 0.020149 0.026508 0.020106 0.020161 0.020249 0.020039 0.020041 0.020053 0.020075 0.021734 0.020039 0.020040 0.020025 0.020022 0.020020 0.020017 0.020034 -9999.0 -9999.0 -9999.0 -9999.0 -9999.0 -9999.0
-9999.0 -9999.0 -9999.0 -9999.0 -9999.0 -9999.0 -9999.0 -9999.0 -9999.0 -9999.0 0.040075 0.020117 0.020160 0.020169 0.022363 0.020543 0.020495 0.081361 0.259711 0.321257 0.424690 0.430000 0.020253 0.020358 0.126139 0.040044 0.020070 0.020030 0.020085 0.020143 0.020066 0.020063 0.020145 0.020042 0.020024 0.020039 0.020051 0.020137 0.021113 0.097086 0.026286 0.022118 0.050369 0.424647 0.054448 0.020055 0.020063 0.020062 0.020071 0.130979 0.020025 0.020030 0.020018 0.020016 0.020017 0.020038 0.020038 -9999.0 -9999.0 -9999.0 -9999.0 -9999.0 -9999.0
-9999.0 -9999.0 -9999.0 -9999.0 -9999.0 -9999.0 -9999.0 -9999.0 -9999.0 0.020042 0.040091 0.040026 0.020268 0.020178 0.040397 0.020918 0.021094 0.179154 0.051100 0.282033 0.416751 0.059535 0.024763 0.096083 0.420334 0.020098 0.020050 0.020148 0.020131 0.113506 0.138191 0.020087 0.020041 0.020018 0.020029 0.020038 0.020051 0.020091 0.020116 0.020316 0.020632 0.020482 0.020311 0.070679 0.029332 0.021376 0.022069 0.020150 0.020154 0.420003 0.020072 0.020033 0.020014 0.020021 0.020026 0.020025 0.020030 0.020037 0.020028 -9999.0 -9999.0 -9999.0 -9999.0
-9999.0 -9999.0 -9999.0 -9999.0 -9999.0 -9999.0 -9999.0 -9999.0 -9999.0 0.020038 0.020045 0.020152 0.023309 0.121342 0.020829 0.020170 0.021898 0.131017 0.046199 0.375951 0.394696 0.114960 0.430000 0.177221 0.020133 0.020082 0.020211 0.124107 0.128874 0.406348 0.022025 0.020071 0.020042 0.020037 0.020037 0.020038 0.020042 0.020064 0.020044 0.020075 0.040462 0.020071 0.020252 0.125293 0.377037 0.416412 0.107653 0.023995 0.024225 0.133343 0.020050 0.020025 0.020022 0.020025 0.020033 0.040006 0.020031 0.020037 0.020048 -9999.0 -9999.0 -9999.0 -9999.0
-9999.0 -9999.0 -9999.0 -9999.0 -9999.0 -9999.0 -9999.0 -9999.0 -9999.0 -9999.0 0.020039 0.020060 0.020708 0.060357 0.025091 0.021100 0.127343 0.122226 0.042164 0.343327 0.408093 0.022035 0.094730 0.020761 0.020102 0.079677 0.124660 0.156459 0.022484 0.020090 0.020074 0.040018 0.020035 0.020037 0.020047 0.020077 0.020147 0.020192 0.020043 0.020039 0.020042 0.020159 0.020969 0.021509 0.033068 0.094742 0.033214 0.429005 0.024069 0.025391 0.020077 0.020033 0.020026 0.020022 0.020025 0.020038 0.020048 0.020073 0.020085 0.115628 -9999.0 -9999.0 -9999.0
-9999.0 -9999.0 -9999.0 -9999.0 -9999.0 -9999.0 -9999.0 -9999.0 -9999.0 -9999.0 0.020036 0.020055 0.020134 0.023240 0.429710 0.068255 0.075366 0.294742 0.265871 0.211754 0.210300 0.056134 0.079537 0.020683 0.070624 0.130746 0.430000 0.089224 0.020112 0.020038 0.020040 0.020057 0.020029 0.020038 0.020041 0.020084 0.020075 0.020085 0.020067 0.020038 0.020040 0.020076 0.020051 0.020112 0.040948 0.020244 0.144338 0.032672 0.031885 0.048497 0.022906 0.020063 0.020032 0.020028 0.020020 0.020023 0.020037 0.020138 0.149798 0.430000 -9999.0 -9999.0 -9999.0
-9999.0 -9999.0 -9999.0 -9999.0 -9999.0 -9999.0 -9999.0 -9999.0 0.020047 0.020039 0.020038 0.020049 0.020047 0.020163 0.022563 0.404208 0.047512 0.116406 0.317829 0.179554 0.172426 0.037607 0.043305 0.055849 0.098084 0.429967 0.429394 0.020177 0.020081 0.020038 0.020019 0.020042 0.020040 0.020037 0.020041 0.020061 0.020214 0.020395 0.020057 0.020038 0.020043 0.020116 0.020038 0.020042 0.020080 0.020138 0.020061 0.020190 0.031573 0.430000 0.082664 0.020124 0.020031 0.020023 0.020024 0.020038 0.020039 0.020247 0.028586 0.122223 -9999.0 -9999.0 -9999.0
-9999.0 -9999.0 -9999.0 -9999.0 -9999.0 -9999.0 -9999.0 -9999.0 0.020043 0.020087 0.020047 0.020039 0.020057 0.020059 0.020154 0.094025 0.067475 0.058010 0.020137 0.177499 0.380644 0.351117 0.345133 0.119738 0.044229 0.349269 0.422171 0.020282 0.020028 0.020037 0.020039 0.020040 0.020042 0.020041 0.020047 0.020124 0.021239 0.020553 0.020140 0.020085 0.020040 0.020023 0.020043 0.020098 0.020093 0.020142 0.020034 0.020071 0.020199 0.097593 0.140570 0.020655 0.020030 0.020039 0.020060 0.020050 0.020111 0.024041 0.033911 0.423540 0.204752 -9999.0 -9999.0
-9999.0 -9999.0 -9999.0 -9999.0 -9999.0 -9999.0 -9999.0 -9999.0 0.020043 0.020067 0.020058 0.020037 0.020048 0.020041 0.020147 0.020182 0.063811 0.074274 0.031679 0.367213 0.175608 0.314521 0.328792 0.240708 0.363236 0.064925 0.100658 0.020116 0.020026 0.020039 0.020049 0.020131 0.020064 0.020079 0.020189 0.020217 0.024714 0.051327 0.027155 0.020061 0.020047 0.020051 0.020069 0.020063 0.020089 0.020047 0.020038 0.020042 0.020058 0.034175 0.409607 0.085949 0.020037 0.020031 0.020077 0.020187 0.180023 0.180335 0.085778 0.428683 0.394015 -9999.0 -9999.0
-9999.0 -9999.0 -9999.0 -9999.0 -9999.0 -9999.0 -9999.0 -9999.0 0.020031 0.020084 0.040089 0.020027 0.020063 0.040044 0.020128 0.092812 0.020622 0.034522 0.383366 0.178111 0.192507 0.216396 0.320863 0.269300 0.258949 0.076112 0.090235 0.020072 0.020135 0.020062 0.020154 0.020136 0.021685 0.020385 0.020221 0.020287 0.131526 0.064900 0.039522 0.022605 0.020133 0.020155 0.020146 0.020080 0.020062 0.020052 0.020084 0.020049 0.020066 0.020124 0.097914 0.099944 0.090013 0.040195 0.165116 0.200000 0.125314 0.409932 0.350677 0.398031 0.393451 0.360135 -9999.0
-9999.0 -9999.0 -9999.0 -9999.0 -9999.0 -9999.0 -9999.0 -9999.0 0.020032 0.020047 0.040024 0.020092 0.020356 0.020835 0.182769 0.430000 0.429983 0.067548 0.076204 0.057991 0.220798 0.256377 0.213374 0.196795 0.116860 0.067014 0.020131 0.067968 0.125338 0.020412 0.020558 0.142037 0.054939 0.165946 0.027610 0.027238 0.024981 0.051851 0.022190 0.180790 0.028514 0.022248 0.021165 0.022212 0.020137 0.020236 0.020158 0.020100 0.020201 0.026024 0.028440 0.069012 0.092187 0.119755 0.200000 0.430000 0.430000 0.422761 0.415116 0.082486 0.071356 0.369241 -9999.0
-9999.0 -9999.0 0.020042 0.020046 0.020038 0.020074 0.020045 0.020051 0.020036 0.020041 0.020108 0.043662 0.021039 0.044809 0.200000 0.430000 0.032024 0.020118 0.020235 0.088975 0.055901 0.278416 0.408601 0.159063 0.223101 0.056164 0.067313 0.073899 0.078031 0.192989 0.088269 0.089562 0.430000 0.074962 0.138307 0.058731 0.117506 0.035094 0.020853 0.022367 0.022996 0.024018 0.023677 0.098812 0.031106 0.026861 0.161869 0.402290 0.026359 0.099216 0.085020 0.374033 0.428316 0.430000 0.430000 0.430000 0.430000 0.417797 0.104415 0.080744 0.425623 0.381515 -9999.0
-9999.0 0.020185 0.020141 0.020123 0.020080 0.020168 0.020048 0.020044 0.020034 0.020038 0.020058 0.020168 0.427042 0.358327 0.429859 0.020499 0.020101 0.020063 0.040106 0.087500 0.056264 0.064324 0.430000 0.362373 0.272045 0.245540 0.324875 0.362210 0.099090 0.410230 0.067911 0.088559 0.162461 0.408627 0.109564 0.318677 0.093202 0.023408 0.324430 0.323310 0.098803 0.120731 0.057919 0.052811 0.052875 0.047547 0.385019 0.044818 0.077864 0.332718 0.397398 0.422593 0.430000 0.430000 0.430000 0.430000 0.429754 0.426115 0.430000 0.424884 0.418184 0.385101 -9999.0
-9999.0 0.020190 0.020098 0.020536 0.209278 0.020165 0.020057 0.020038 0.020037 0.020038 0.020048 0.020116 0.094041 0.429870 0.020967 0.020038 0.020046 0.020056 0.020245 0.059210 0.429405 0.405866 0.371901 0.430000 0.426379 0.366066 0.135483 0.205445 0.342481 0.035892 0.027381 0.030421 0.381773 0.380076 0.390616 0.321374 0.368764 0.342210 0.273315 0.267005 0.292133 0.325563 0.120101 0.197744 0.134424 0.025018 0.314285 0.345608 0.359677 0.382328 0.402594 0.388512 0.421976 0.430000 0.132746 0.396547 0.020558 0.376621 0.096609 0.376209 0.414399 -9999.0 -9999.0
-9999.0 0.020168 0.020125 0.020547 0.138012 0.139513 0.249437 0.020086 0.020062 0.020065 0.020113 0.092611 0.170124 0.414653 0.020096 0.020031 0.020039 0.020077 0.020089 0.020602 0.078922 0.093555 0.302464 0.429875 0.429651 0.397848 0.393975 0.389085 0.203889 0.334607 0.169116 0.161900 0.358532 0.358629 0.326766 0.291077 0.291197 0.337905 0.277485 0.272177 0.275239 0.359051 0.302805 0.161836 0.159673 0.332930 0.337384 0.372773 0.392474 0.333491 0.098898 0.401905 0.406111 0.178595 0.315801 0.040070 0.040067 0.040046 0.040051 -9999.0 -9999.0 -9999.0 -9999.0
