user2019/resources/simulation/Vinschgau/output-maps/thetaliqL0007N0286.asc
ncols         63
nrows         48
xllcorner     598000.000000
yllcorner     5145000.000000
cellsize      1000.000000
NODATA_value  -9999.0
[rows 0 to 28 of 48, columns 0 to 62 of 63]
-9999.0 -9999.0 -9999.0 -9999.0 -9999.0 -9999.0 -9999.0 -9999.0 -9999.0 -9999.0 -9999.0 -9999.0 -9999.0 -9999.0 -9999.0 -9999.0 -9999.0 -9999.0 -9999.0 -9999.0 -9999.0 -9999.0 -9999.0 -9999.0 -9999.0 -9999.0 -9999.0 -9999.0 -9999.0 -9999.0 -9999.0 -9999.0 -9999.0 -9999.0 -9999.0 -9999.0 -9999.0 -9999.0 -9999.0 -9999.0 -9999.0 -9999.0 -9999.0 -9999.0 -9999.0 -9999.0 -9999.0 -9999.0 -9999.0 -9999.0 -9999.0 -9999.0 -9999.0 -9999.0 -9999.0 -9999.0 -9999.0 -9999.0 -9999.0 -9999.0 -9999.0 -9999.0 -9999.0
-9999.0 -9999.0 -9999.0 -9999.0 -9999.0 -9999.0 -9999.0 -9999.0 -9999.0 -9999.0 -9999.0 -9999.0 -9999.0 -9999.0 -9999.0 -9999.0 -9999.0 -9999.0 -9999.0 -9999.0 -9999.0 -9999.0 -9999.0 -9999.0 -9999.0 -9999.0 -9999.0 0.020022 0.020022 0.020023 0.020019 0.020017 0.020018 -9999.0 -9999.0 -9999.0 -9999.0 -9999.0 -9999.0 -9999.0 -9999.0 -9999.0 -9999.0 -9999.0 -9999.0 -9999.0 -9999.0 -9999.0 -9999.0 -9999.0 -9999.0 -9999.0 -9999.0 -9999.0 -9999.0 -9999.0 -9999.0 -9999.0 -9999.0 -9999.0 -9999.0 -9999.0 -9999.0
-9999.0 -9999.0 -9999.0 -9999.0 -9999.0 -9999.0 -9999.0 -9999.0 -9999.0 -9999.0 -9999.0 -9999.0 -9999.0 -9999.0 -9999.0 -9999.0 -9999.0 -9999.0 -9999.0 -9999.0 -9999.0 -9999.0 -9999.0 -9999.0 0.020027 0.020028 0.020032 0.020027 0.020031 0.020025 0.020019 -9999.0 -9999.0 -9999.0 -9999.0 -9999.0 -9999.0 -9999.0 -9999.0 -9999.0 -9999.0 -9999.0 -9999.0 -9999.0 -9999.0 -9999.0 -9999.0 -9999.0 -9999.0 -9999.0 -9999.0 -9999.0 -9999.0 -9999.0 -9999.0 -9999.0 -9999.0 -9999.0 -9999.0 -9999.0 -9999.0 -9999.0 -9999.0
-9999.0 -9999.0 -9999.0 -9999.0 -9999.0 -9999.0 -9999.0 -9999.0 -9999.0 -9999.0 -9999.0 -9999.0 -9999.0 -9999.0 -9999.0 -9999.0 -9999.0 -9999.0 -9999.0 -9999.0 -9999.0 -9999.0 -9999.0 0.020027 0.020037 0.040011 0.020028 0.020027 0.020028 0.020027 0.020021 0.020021 -9999.0 -9999.0 -9999.0 -9999.0 -9999.0 -9999.0 -9999.0 -9999.0 -9999.0 -9999.0 -9999.0 -9999.0 -9999.0 -9999.0 -9999.0 -9999.0 -9999.0 -9999.0 -9999.0 -9999.0 -9999.0 -9999.0 -9999.0 -9999.0 -9999.0 -9999.0 -9999.0 -9999.0 -9999.0 -9999.0 -9999.0
-9999.0 -9999.0 -9999.0 -9999.0 -9999.0 -9999.0 -9999.0 -9999.0 -9999.0 -9999.0 -9999.0 -9999.0 -9999.0 -9999.0 -9999.0 -9999.0 -9999.0 -9999.0 0.040021 0.020039 -9999.0 0.020028 0.020032 0.020034 0.020030 0.020337 0.040008 0.040008 0.040567 0.020030 0.020029 0.020020 0.020020 0.020017 -9999.0 -9999.0 -9999.0 -9999.0 -9999.0 -9999.0 -9999.0 -9999.0 -9999.0 -9999.0 -9999.0 -9999.0 -9999.0 -9999.0 -9999.0 -9999.0 -9999.0 -9999.0 -9999.0 -9999.0 -9999.0 -9999.0 -9999.0 -9999.0 -9999.0 -9999.0 -9999.0 -9999.0 -9999.0
-9999.0 -9999.0 -9999.0 -9999.0 -9999.0 -9999.0 -9999.0 -9999.0 -9999.0 -9999.0 -9999.0 -9999.0 -9999.0 -9999.0 -9999.0 -9999.0 -9999.0 0.040172 0.020039 0.020029 0.020036 0.040017 0.020037 0.020029 0.041630 0.020025 0.020022 0.020026 0.020022 0.040007 0.020031 0.020026 0.020030 0.020021 0.020017 0.020015 -9999.0 -9999.0 -9999.0 -9999.0 -9999.0 -9999.0 -9999.0 -9999.0 -9999.0 -9999.0 -9999.0 -9999.0 -9999.0 -9999.0 -9999.0 -9999.0 -9999.0 -9999.0 -9999.0 -9999.0 -9999.0 -9999.0 -9999.0 -9999.0 -9999.0 -9999.0 -9999.0
-9999.0 -9999.0 -9999.0 -9999.0 -9999.0 -9999.0 -9999.0 -9999.0 -9999.0 -9999.0 -9999.0 -9999.0 -9999.0 0.020026 0.020039 0.040011 0.040011 0.020090 0.040019 0.020027 0.020040 0.020042 0.020057 0.020525 0.020028 0.020022 0.020020 0.020022 0.020020 0.020025 0.020023 0.020020 0.020019 0.020015 0.020015 0.020014 -9999.0 -9999.0 -9999.0 -9999.0 -9999.0 -9999.0 -9999.0 -9999.0 -9999.0 -9999.0 -9999.0 -9999.0 -9999.0 -9999.0 -9999.0 -9999.0 -9999.0 -9999.0 -9999.0 -9999.0 -9999.0 -9999.0 -9999.0 -9999.0 -9999.0 -9999.0 -9999.0
-9999.0 -9999.0 -9999.0 -9999.0 -9999.0 -9999.0 -9999.0 -9999.0 -9999.0 -9999.0 -9999.0 -9999.0 -9999.0 0.020036 0.020039 0.040011 0.040010 0.040014 0.021917 0.020047 0.020268 0.020026 0.020031 0.020029 0.020031 0.020025 0.020023 0.020018 0.020017 0.020019 0.020022 0.020016 0.020015 0.020014 0.020014 -9999.0 -9999.0 -9999.0 -9999.0 -9999.0 -9999.0 -9999.0 -9999.0 -9999.0 -9999.0 -9999.0 -9999.0 -9999.0 -9999.0 -9999.0 -9999.0 -9999.0 -9999.0 -9999.0 -9999.0 -9999.0 -9999.0 -9999.0 -9999.0 -9999.0 -9999.0 -9999.0 -9999.0
-9999.0 -9999.0 -9999.0 -9999.0 -9999.0 -9999.0 -9999.0 -9999.0 -9999.0 -9999.0 -9999.0 -9999.0 -9999.0 0.020037 0.020029 0.040147 0.040010 0.040011 0.020115 0.043142 0.020038 0.020021 0.020026 0.020026 0.020029 0.020035 0.020025 0.020017 0.020021 0.020016 0.020016 0.020014 0.020014 0.020013 0.020014 -9999.0 -9999.0 -9999.0 -9999.0 -9999.0 -9999.0 -9999.0 -9999.0 -9999.0 -9999.0 -9999.0 -9999.0 -9999.0 -9999.0 -9999.0 -9999.0 -9999.0 -9999.0 -9999.0 -9999.0 -9999.0 -9999.0 -9999.0 -9999.0 -9999.0 -9999.0 -9999.0 -9999.0
-9999.0 -9999.0 -9999.0 -9999.0 -9999.0 -9999.0 -9999.0 -9999.0 -9999.0 -9999.0 -9999.0 -9999.0 0.020035 0.020032 0.020145 0.020023 0.040029 0.040010 0.043739 0.020065 0.020032 0.020023 0.020026 0.020025 0.040012 0.020018 0.020025 0.020022 0.020024 0.020017 0.020015 0.020018 0.020018 0.020014 -9999.0 -9999.0 -9999.0 -9999.0 -9999.0 -9999.0 -9999.0 -9999.0 -9999.0 -9999.0 -9999.0 -9999.0 -9999.0 -9999.0 -9999.0 -9999.0 -9999.0 -9999.0 -9999.0 -9999.0 -9999.0 -9999.0 -9999.0 -9999.0 -9999.0 -9999.0 -9999.0 -9999.0 -9999.0
-9999.0 -9999.0 -9999.0 -9999.0 -9999.0 -9999.0 -9999.0 -9999.0 -9999.0 -9999.0 -9999.0 0.020031 0.020027 0.040061 0.020023 0.020025 0.020021 0.040009 0.049627 0.020055 0.020030 0.040010 0.020025 0.020021 0.020025 0.020022 0.020017 0.020023 0.020023 0.020015 0.020018 0.020023 0.020017 0.020015 0.020015 0.020015 0.020015 0.020017 0.020150 -9999.0 -9999.0 -9999.0 0.020014 -9999.0 -9999.0 -9999.0 -9999.0 -9999.0 -9999.0 -9999.0 -9999.0 -9999.0 -9999.0 -9999.0 -9999.0 -9999.0 -9999.0 -9999.0 -9999.0 -9999.0 -9999.0 -9999.0 -9999.0
-9999.0 -9999.0 -9999.0 -9999.0 -9999.0 -9999.0 -9999.0 -9999.0 -9999.0 -9999.0 -9999.0 0.020025 0.020028 0.020032 0.020031 0.020022 0.020030 0.020031 0.048505 0.043041 0.020032 0.020048 0.020028 0.020026 0.020025 0.020021 0.020023 0.020027 0.020022 0.020017 0.020021 0.020023 0.020019 0.020016 0.020013 0.020016 0.020250 0.020237 0.020182 0.020020 0.020014 0.020013 0.020017 0.020016 -9999.0 -9999.0 -9999.0 0.103291 0.020032 0.020031 0.020060 0.020044 0.020048 0.227182 0.240637 0.020057 -9999.0 -9999.0 -9999.0 -9999.0 -9999.0 -9999.0 -9999.0
-9999.0 -9999.0 -9999.0 -9999.0 -9999.0 -9999.0 -9999.0 -9999.0 -9999.0 -9999.0 -9999.0 0.020029 0.020026 0.020024 0.040012 0.020023 0.020032 0.020031 0.020334 0.047352 0.040043 0.020037 0.020041 0.020031 0.020020 0.020024 0.020039 0.020023 0.020019 0.020019 0.020018 0.020021 0.020023 0.020015 0.020014 0.020022 0.020042 0.020049 0.020435 0.020140 0.020202 0.020015 0.020019 0.020021 0.020018 -9999.0 0.020020 0.020028 0.020042 0.020083 0.020075 0.020095 0.021795 0.051056 0.022706 0.041842 -9999.0 -9999.0 -9999.0 -9999.0 -9999.0 -9999.0 -9999.0
-9999.0 -9999.0 -9999.0 -9999.0 -9999.0 -9999.0 -9999.0 -9999.0 -9999.0 -9999.0 -9999.0 -9999.0 0.020029 0.040013 0.020054 0.020034 0.020032 0.020030 0.041654 0.047698 0.020034 0.020037 0.020032 0.020041 0.020025 0.020041 0.020032 0.020020 0.020021 0.020021 0.020022 0.020024 0.020021 0.020017 0.020014 0.020014 0.020026 0.020036 0.020624 0.020122 0.020191 0.020135 0.020024 0.020024 0.020022 0.020022 0.020023 0.020027 0.020029 0.020047 0.040011 0.020061 0.159901 0.040388 0.020044 0.020045 0.020413 -9999.0 -9999.0 -9999.0 -9999.0 -9999.0 -9999.0
-9999.0 -9999.0 -9999.0 -9999.0 -9999.0 -9999.0 -9999.0 -9999.0 -9999.0 -9999.0 -9999.0 0.040018 0.020025 0.020024 0.020043 0.020042 0.020039 0.020029 0.020061 0.043237 0.020040 0.020033 0.020037 0.020032 0.020041 0.020035 0.040012 0.020019 0.020023 0.020024 0.020034 0.020032 0.020028 0.020017 0.020013 0.020014 0.020013 0.020031 0.040021 0.020835 0.020041 0.020082 0.020036 0.020029 0.020023 0.020022 0.020030 0.020034 0.020036 0.020036 0.020025 0.020025 0.020031 0.020022 0.020026 0.020023 0.020060 -9999.0 -9999.0 -9999.0 -9999.0 -9999.0 -9999.0
-9999.0 -9999.0 -9999.0 -9999.0 -9999.0 -9999.0 -9999.0 -9999.0 -9999.0 -9999.0 0.040050 0.020047 0.020056 0.020028 0.020118 0.020033 0.020028 0.020027 0.040013 0.043260 0.046786 0.040050 0.020034 0.020042 0.020030 0.040015 0.020022 0.020023 0.020039 0.020036 0.020030 0.020024 0.020021 0.020017 0.020013 0.020014 0.020017 0.020030 0.020037 0.020204 0.020292 0.020029 0.020027 0.040010 0.020029 0.020026 0.020029 0.020031 0.020033 0.020031 0.020036 0.020023 0.020023 0.020022 0.020024 0.020434 0.020417 -9999.0 -9999.0 -9999.0 -9999.0 -9999.0 -9999.0
-9999.0 -9999.0 -9999.0 -9999.0 -9999.0 -9999.0 -9999.0 -9999.0 -9999.0 0.020025 0.040049 0.040041 0.020032 0.020046 0.040159 0.020030 0.020027 0.020055 0.020124 0.053482 0.047307 0.020034 0.020034 0.020225 0.040015 0.020023 0.020034 0.020037 0.020031 0.020037 0.020053 0.020022 0.020016 0.020014 0.020016 0.020015 0.020016 0.020017 0.020016 0.020020 0.020043 0.020020 0.020021 0.020096 0.020031 0.020032 0.020125 0.020031 0.020046 0.040026 0.020059 0.020035 0.020021 0.020028 0.020040 0.020066 0.021151 0.021059 0.020128 -9999.0 -9999.0 -9999.0 -9999.0
-9999.0 -9999.0 -9999.0 -9999.0 -9999.0 -9999.0 -9999.0 -9999.0 -9999.0 0.020025 0.020026 0.020026 0.020045 0.020033 0.020057 0.020053 0.020339 0.020031 0.020071 0.063434 0.062639 0.080169 0.040014 0.020043 0.020024 0.020038 0.020030 0.020037 0.020256 0.040010 0.020027 0.020031 0.020019 0.020020 0.020020 0.020022 0.020020 0.020021 0.020016 0.020019 0.040006 0.020018 0.020027 0.020028 0.041474 0.044575 0.021060 0.020057 0.020036 0.020033 0.020042 0.020046 0.020028 0.020032 0.020024 0.040292 0.020441 0.022182 0.022117 -9999.0 -9999.0 -9999.0 -9999.0
-9999.0 -9999.0 -9999.0 -9999.0 -9999.0 -9999.0 -9999.0 -9999.0 -9999.0 -9999.0 0.020026 0.020027 0.020030 0.040019 0.020032 0.020052 0.020050 0.020057 0.020111 0.064264 0.045365 0.020035 0.020046 0.020034 0.020035 0.020035 0.020058 0.020595 0.020030 0.020023 0.020021 0.040011 0.020019 0.020018 0.020024 0.020030 0.020028 0.020026 0.020018 0.020016 0.020016 0.020025 0.020024 0.020024 0.020023 0.020024 0.020032 0.040011 0.022010 0.020140 0.020060 0.020126 0.020042 0.020030 0.020037 0.020029 0.020053 0.020040 0.020068 0.020082 -9999.0 -9999.0 -9999.0
-9999.0 -9999.0 -9999.0 -9999.0 -9999.0 -9999.0 -9999.0 -9999.0 -9999.0 -9999.0 0.020026 0.020027 0.020032 0.020044 0.048131 0.020034 0.020032 0.040017 0.180919 0.065909 0.041271 0.020076 0.020029 0.020030 0.020029 0.020074 0.047702 0.020033 0.020026 0.020018 0.020020 0.020027 0.020024 0.020019 0.020019 0.020020 0.020026 0.020032 0.020025 0.020018 0.020024 0.020025 0.020025 0.020021 0.040023 0.020028 0.020033 0.020026 0.020568 0.020964 0.020061 0.020142 0.020330 0.020045 0.020032 0.020051 0.020028 0.020579 0.020138 0.041976 -9999.0 -9999.0 -9999.0
-9999.0 -9999.0 -9999.0 -9999.0 -9999.0 -9999.0 -9999.0 -9999.0 0.020108 0.020068 0.020027 0.020032 0.020032 0.020031 0.020040 0.042905 0.020465 0.082457 0.082680 0.109171 0.128064 0.024587 0.020175 0.020060 0.020057 0.124999 0.040579 0.020026 0.020029 0.020023 0.020017 0.020020 0.020023 0.020022 0.020025 0.020018 0.020027 0.020033 0.020025 0.020022 0.020021 0.020023 0.020019 0.020018 0.020031 0.020044 0.020024 0.020051 0.020033 0.045086 0.020067 0.020044 0.020770 0.020038 0.020051 0.022577 0.020499 0.020214 0.020159 0.021743 -9999.0 -9999.0 -9999.0
-9999.0 -9999.0 -9999.0 -9999.0 -9999.0 -9999.0 -9999.0 -9999.0 0.020027 0.020077 0.020041 0.020022 0.020025 0.020032 0.020044 0.020036 0.020039 0.020039 0.020491 0.253439 0.376258 0.330941 0.255863 0.075474 0.024173 0.148786 0.040040 0.020037 0.020021 0.020027 0.020026 0.020029 0.020030 0.020026 0.020035 0.020036 0.020045 0.020034 0.020038 0.020032 0.020022 0.020017 0.020020 0.020035 0.020054 0.020038 0.020022 0.020025 0.020032 0.020043 0.021087 0.020039 0.020291 0.021214 0.020053 0.020041 0.020041 0.020092 0.022055 0.430000 0.412868 -9999.0 -9999.0
-9999.0 -9999.0 -9999.0 -9999.0 -9999.0 -9999.0 -9999.0 -9999.0 0.020025 0.020034 0.020089 0.020028 0.020042 0.020024 0.020074 0.020032 0.020053 0.020796 0.053553 0.308034 0.339585 0.295144 0.382671 0.150288 0.368084 0.020082 0.020033 0.020030 0.020026 0.020034 0.020028 0.020051 0.020038 0.020042 0.020049 0.020044 0.020035 0.020031 0.020043 0.020033 0.020030 0.020028 0.020051 0.020030 0.020029 0.020027 0.020036 0.020260 0.020034 0.020038 0.056814 0.020288 0.020038 0.020069 0.020128 0.020320 0.021060 0.022447 0.040098 0.111576 0.430000 -9999.0 -9999.0
-9999.0 -9999.0 -9999.0 -9999.0 -9999.0 -9999.0 -9999.0 -9999.0 0.020020 0.020031 0.040058 0.020049 0.020492 0.040052 0.020033 0.020044 0.020752 0.053523 0.048973 0.134794 0.096757 0.403110 0.427516 0.316023 0.040737 0.020035 0.020048 0.020046 0.020040 0.020032 0.020052 0.020055 0.020035 0.020031 0.020036 0.020047 0.020066 0.020044 0.020052 0.020063 0.020037 0.020061 0.020071 0.020053 0.020081 0.020038 0.020186 0.020106 0.020211 0.020041 0.020050 0.022272 0.020697 0.041143 0.021253 0.022041 0.023114 0.089007 0.430000 0.430000 0.057759 0.096764 -9999.0
-9999.0 -9999.0 -9999.0 -9999.0 -9999.0 -9999.0 -9999.0 -9999.0 0.020028 0.020039 0.047894 0.020035 0.020038 0.020042 0.022049 0.041588 0.042653 0.020038 0.020034 0.020041 0.101155 0.289191 0.304215 0.065600 0.021481 0.020036 0.020033 0.020035 0.020050 0.020048 0.020046 0.020035 0.020077 0.020037 0.020046 0.020052 0.020040 0.020187 0.020062 0.020050 0.020052 0.020044 0.020033 0.020036 0.020063 0.020099 0.020041 0.020047 0.020032 0.020120 0.020903 0.021357 0.023091 0.023217 0.023194 0.057455 0.204495 0.286704 0.060643 0.022926 0.020962 0.286658 -9999.0
-9999.0 -9999.0 0.020034 0.020045 0.020035 0.020050 0.020083 0.020058 0.020043 0.020043 0.020047 0.040049 0.020052 0.020365 0.084979 0.043044 0.020034 0.020030 0.020031 0.020038 0.020042 0.232286 0.245467 0.076780 0.057740 0.020249 0.020072 0.020037 0.020054 0.020932 0.020031 0.020032 0.045044 0.020043 0.020146 0.020054 0.020456 0.021022 0.020129 0.020043 0.020082 0.020118 0.020049 0.020069 0.020034 0.020033 0.020106 0.040021 0.020531 0.022266 0.024404 0.059060 0.192683 0.080925 0.057563 0.191556 0.055041 0.046828 0.020830 0.020099 0.346562 0.391324 -9999.0
-9999.0 0.020066 0.020058 0.020083 0.020074 0.020102 0.020041 0.020034 0.020033 0.020030 0.020042 0.020345 0.041384 0.230144 0.086953 0.020097 0.020035 0.020034 0.040075 0.020033 0.020066 0.021528 0.066025 0.136190 0.179699 0.062190 0.256859 0.243813 0.022408 0.040423 0.020495 0.020181 0.020274 0.066686 0.021515 0.048316 0.025232 0.055308 0.052491 0.047986 0.021721 0.022213 0.020974 0.020063 0.020060 0.020068 0.053649 0.021094 0.025706 0.061845 0.189012 0.092018 0.055061 0.051563 0.049894 0.041016 0.040060 0.040104 0.191564 0.306945 0.393794 0.400859 -9999.0
-9999.0 0.020038 0.020041 0.020034 0.040053 0.020040 0.020058 0.020061 0.020048 0.020043 0.020094 0.020042 0.020121 0.140819 0.020051 0.020045 0.020032 0.020037 0.020033 0.020041 0.040221 0.040060 0.056552 0.057010 0.275431 0.387934 0.192751 0.300578 0.268017 0.055418 0.044641 0.025220 0.047206 0.059659 0.185506 0.113310 0.430000 0.430000 0.221055 0.225019 0.154909 0.115326 0.025894 0.112593 0.276377 0.041103 0.332366 0.386862 0.316713 0.255145 0.046937 0.040036 0.040064 0.041946 0.020054 0.092748 0.020137 0.041045 0.020945 0.210430 0.271269 -9999.0 -9999.0
-9999.0 0.020030 0.020030 0.020039 0.020091 0.040057 0.042763 0.020044 0.020078 0.020107 0.020088 0.020050 0.021297 0.045237 0.021515 0.020038 0.020035 0.020040 0.020035 0.020041 0.020072 0.020043 0.040833 0.144002 0.214997 0.061102 0.088241 0.118398 0.163359 0.182318 0.169143 0.293653 0.320552 0.062855 0.194576 0.153362 0.145839 0.336306 0.259341 0.430000 0.430000 0.430000 0.430000 0.330313 0.301735 0.319394 0.104450 0.060338 0.056169 0.047324 0.020051 0.040048 0.040458 0.048571 0.040234 0.040485 0.043051 0.098253 0.141218 -9999.0 -9999.0 -9999.0 -9999.0
