user2019/resources/simulation/Vinschgau/output-maps/thetaliqL0006N0449.asc
ncols         63
nrows         48
xllcorner     598000.000000
yllcorner     5145000.000000
cellsize      1000.000000
NODATA_value  -9999.0
[rows 0 to 28 of 48, columns 0 to 62 of 63]
-9999.0 -9999.0 -9999.0 -9999.0 -9999.0 -9999.0 -9999.0 -9999.0 -9999.0 -9999.0 -9999.0 -9999.0 -9999.0 -9999.0 -9999.0 -9999.0 -9999.0 -9999.0 -9999.0 -9999.0 -9999.0 -9999.0 -9999.0 -9999.0 -9999.0 -9999.0 -9999.0 -9999.0 -9999.0 -9999.0 -9999.0 -9999.0 -9999.0 -9999.0 -9999.0 -9999.0 -9999.0 -9999.0 -9999.0 -9999.0 -9999.0 -9999.0 -9999.0 -9999.0 -9999.0 -9999.0 -9999.0 -9999.0 -9999.0 -9999.0 -9999.0 -9999.0 -9999.0 -9999.0 -9999.0 -9999.0 -9999.0 -9999.0 -9999.0 -9999.0 -9999.0 -9999.0 -9999.0
-9999.0 -9999.0 -9999.0 -9999.0 -9999.0 -9999.0 -9999.0 -9999.0 -9999.0 -9999.0 -9999.0 -9999.0 -9999.0 -9999.0 -9999.0 -9999.0 -9999.0 -9999.0 -9999.0 -9999.0 -9999.0 -9999.0 -9999.0 -9999.0 -9999.0 -9999.0 -9999.0 0.042368 0.111667 0.042323 0.120115 0.043477 0.070813 -9999.0 -9999.0 -9999.0 -9999.0 -9999.0 -9999.0 -9999.0 -9999.0 -9999.0 -9999.0 -9999.0 -9999.0 -9999.0 -9999.0 -9999.0 -9999.0 -9999.0 -9999.0 -9999.0 -9999.0 -9999.0 -9999.0 -9999.0 -9999.0 -9999.0 -9999.0 -9999.0 -9999.0 -9999.0 -9999.0
-9999.0 -9999.0 -9999.0 -9999.0 -9999.0 -9999.0 -9999.0 -9999.0 -9999.0 -9999.0 -9999.0 -9999.0 -9999.0 -9999.0 -9999.0 -9999.0 -9999.0 -9999.0 -9999.0 -9999.0 -9999.0 -9999.0 -9999.0 -9999.0 0.413959 0.385884 0.423262 0.430000 0.430000 0.174299 0.088019 -9999.0 -9999.0 -9999.0 -9999.0 -9999.0 -9999.0 -9999.0 -9999.0 -9999.0 -9999.0 -9999.0 -9999.0 -9999.0 -9999.0 -9999.0 -9999.0 -9999.0 -9999.0 -9999.0 -9999.0 -9999.0 -9999.0 -9999.0 -9999.0 -9999.0 -9999.0 -9999.0 -9999.0 -9999.0 -9999.0 -9999.0 -9999.0
-9999.0 -9999.0 -9999.0 -9999.0 -9999.0 -9999.0 -9999.0 -9999.0 -9999.0 -9999.0 -9999.0 -9999.0 -9999.0 -9999.0 -9999.0 -9999.0 -9999.0 -9999.0 -9999.0 -9999.0 -9999.0 -9999.0 -9999.0 0.365450 0.430000 0.175701 0.148866 0.022809 0.040513 0.121939 0.122895 0.085803 -9999.0 -9999.0 -9999.0 -9999.0 -9999.0 -9999.0 -9999.0 -9999.0 -9999.0 -9999.0 -9999.0 -9999.0 -9999.0 -9999.0 -9999.0 -9999.0 -9999.0 -9999.0 -9999.0 -9999.0 -9999.0 -9999.0 -9999.0 -9999.0 -9999.0 -9999.0 -9999.0 -9999.0 -9999.0 -9999.0 -9999.0
-9999.0 -9999.0 -9999.0 -9999.0 -9999.0 -9999.0 -9999.0 -9999.0 -9999.0 -9999.0 -9999.0 -9999.0 -9999.0 -9999.0 -9999.0 -9999.0 -9999.0 -9999.0 0.408684 0.415690 -9999.0 0.430000 0.430000 0.024656 0.176543 0.022874 0.381274 0.429934 0.385321 0.175596 0.136458 0.135181 0.042330 0.042353 -9999.0 -9999.0 -9999.0 -9999.0 -9999.0 -9999.0 -9999.0 -9999.0 -9999.0 -9999.0 -9999.0 -9999.0 -9999.0 -9999.0 -9999.0 -9999.0 -9999.0 -9999.0 -9999.0 -9999.0 -9999.0 -9999.0 -9999.0 -9999.0 -9999.0 -9999.0 -9999.0 -9999.0 -9999.0
-9999.0 -9999.0 -9999.0 -9999.0 -9999.0 -9999.0 -9999.0 -9999.0 -9999.0 -9999.0 -9999.0 -9999.0 -9999.0 -9999.0 -9999.0 -9999.0 -9999.0 0.175851 0.149730 0.020103 0.042313 0.218056 0.175164 0.025386 0.352820 0.362730 0.320441 0.430000 0.412374 0.430000 0.430000 0.164132 0.042301 0.042309 0.042350 0.042366 -9999.0 -9999.0 -9999.0 -9999.0 -9999.0 -9999.0 -9999.0 -9999.0 -9999.0 -9999.0 -9999.0 -9999.0 -9999.0 -9999.0 -9999.0 -9999.0 -9999.0 -9999.0 -9999.0 -9999.0 -9999.0 -9999.0 -9999.0 -9999.0 -9999.0 -9999.0 -9999.0
-9999.0 -9999.0 -9999.0 -9999.0 -9999.0 -9999.0 -9999.0 -9999.0 -9999.0 -9999.0 -9999.0 -9999.0 -9999.0 0.112363 0.341522 0.270274 0.243837 0.042359 0.179411 0.025451 0.164309 0.168180 0.024186 0.352162 0.329448 0.430000 0.020118 0.045681 0.041682 0.430000 0.430000 0.430000 0.132450 0.096090 0.042362 0.042364 -9999.0 -9999.0 -9999.0 -9999.0 -9999.0 -9999.0 -9999.0 -9999.0 -9999.0 -9999.0 -9999.0 -9999.0 -9999.0 -9999.0 -9999.0 -9999.0 -9999.0 -9999.0 -9999.0 -9999.0 -9999.0 -9999.0 -9999.0 -9999.0 -9999.0 -9999.0 -9999.0
-9999.0 -9999.0 -9999.0 -9999.0 -9999.0 -9999.0 -9999.0 -9999.0 -9999.0 -9999.0 -9999.0 -9999.0 -9999.0 0.430000 0.243082 0.219619 0.200189 0.425262 0.042351 0.113158 0.024624 0.051779 0.339725 0.394467 0.360440 0.035495 0.078834 0.042357 0.042357 0.047932 0.430000 0.086509 0.042360 0.020311 0.042363 -9999.0 -9999.0 -9999.0 -9999.0 -9999.0 -9999.0 -9999.0 -9999.0 -9999.0 -9999.0 -9999.0 -9999.0 -9999.0 -9999.0 -9999.0 -9999.0 -9999.0 -9999.0 -9999.0 -9999.0 -9999.0 -9999.0 -9999.0 -9999.0 -9999.0 -9999.0 -9999.0 -9999.0
-9999.0 -9999.0 -9999.0 -9999.0 -9999.0 -9999.0 -9999.0 -9999.0 -9999.0 -9999.0 -9999.0 -9999.0 -9999.0 0.177642 0.430000 0.207463 0.264224 0.219447 0.042348 0.176315 0.430000 0.020115 0.430000 0.298662 0.241991 0.430000 0.042330 0.042360 0.135170 0.042362 0.095074 0.021059 0.020670 0.021318 0.020333 -9999.0 -9999.0 -9999.0 -9999.0 -9999.0 -9999.0 -9999.0 -9999.0 -9999.0 -9999.0 -9999.0 -9999.0 -9999.0 -9999.0 -9999.0 -9999.0 -9999.0 -9999.0 -9999.0 -9999.0 -9999.0 -9999.0 -9999.0 -9999.0 -9999.0 -9999.0 -9999.0 -9999.0
-9999.0 -9999.0 -9999.0 -9999.0 -9999.0 -9999.0 -9999.0 -9999.0 -9999.0 -9999.0 -9999.0 -9999.0 0.029512 0.430000 0.383742 0.430000 0.329685 0.325899 0.404836 0.020118 0.265243 0.239593 0.020523 0.315337 0.430000 0.099060 0.430000 0.117042 0.168913 0.042361 0.020604 0.042350 0.149748 0.042362 -9999.0 -9999.0 -9999.0 -9999.0 -9999.0 -9999.0 -9999.0 -9999.0 -9999.0 -9999.0 -9999.0 -9999.0 -9999.0 -9999.0 -9999.0 -9999.0 -9999.0 -9999.0 -9999.0 -9999.0 -9999.0 -9999.0 -9999.0 -9999.0 -9999.0 -9999.0 -9999.0 -9999.0 -9999.0
-9999.0 -9999.0 -9999.0 -9999.0 -9999.0 -9999.0 -9999.0 -9999.0 -9999.0 -9999.0 -9999.0 0.430000 0.430000 0.430000 0.310775 0.430000 0.020118 0.342204 0.430000 0.020095 0.044848 0.430000 0.151963 0.110961 0.047006 0.135112 0.070198 0.150898 0.430000 0.042363 0.042350 0.168040 0.042362 0.042346 0.042353 0.042303 0.085634 0.078625 0.045346 -9999.0 -9999.0 -9999.0 0.042342 -9999.0 -9999.0 -9999.0 -9999.0 -9999.0 -9999.0 -9999.0 -9999.0 -9999.0 -9999.0 -9999.0 -9999.0 -9999.0 -9999.0 -9999.0 -9999.0 -9999.0 -9999.0 -9999.0 -9999.0
-9999.0 -9999.0 -9999.0 -9999.0 -9999.0 -9999.0 -9999.0 -9999.0 -9999.0 -9999.0 -9999.0 0.430000 0.430000 0.042691 0.430000 0.078935 0.430000 0.186189 0.427051 0.361815 0.430000 0.156502 0.430000 0.430000 0.430000 0.113939 0.143436 0.166071 0.042362 0.042360 0.161860 0.184304 0.129042 0.125190 0.070838 0.138416 0.132714 0.095474 0.093218 0.042307 0.042302 0.042368 0.152647 0.042358 -9999.0 -9999.0 -9999.0 0.430000 0.100951 0.042369 0.125201 0.042373 0.042371 0.425064 0.428415 0.042359 -9999.0 -9999.0 -9999.0 -9999.0 -9999.0 -9999.0 -9999.0
-9999.0 -9999.0 -9999.0 -9999.0 -9999.0 -9999.0 -9999.0 -9999.0 -9999.0 -9999.0 -9999.0 0.430000 0.430000 0.061336 0.428653 0.138803 0.430000 0.430000 0.430000 0.385239 0.375275 0.045549 0.430000 0.430000 0.109795 0.042320 0.430000 0.200000 0.042351 0.110844 0.042363 0.056923 0.148503 0.113828 0.042349 0.144774 0.198294 0.020176 0.086305 0.042314 0.082040 0.056536 0.157107 0.131615 0.086968 -9999.0 0.042356 0.126057 0.150384 0.169869 0.089083 0.042345 0.100290 0.185065 0.115689 0.137896 -9999.0 -9999.0 -9999.0 -9999.0 -9999.0 -9999.0 -9999.0
-9999.0 -9999.0 -9999.0 -9999.0 -9999.0 -9999.0 -9999.0 -9999.0 -9999.0 -9999.0 -9999.0 -9999.0 0.430000 0.430000 0.430000 0.430000 0.413762 0.430000 0.430000 0.392038 0.387938 0.044207 0.046377 0.430000 0.430000 0.430000 0.430000 0.050676 0.119622 0.042359 0.153401 0.430000 0.058271 0.131336 0.110967 0.143954 0.149112 0.094659 0.102831 0.049316 0.166213 0.042338 0.038111 0.430000 0.042322 0.130849 0.042359 0.119348 0.054507 0.430000 0.430000 0.430000 0.430000 0.430000 0.430000 0.430000 0.430000 -9999.0 -9999.0 -9999.0 -9999.0 -9999.0 -9999.0
-9999.0 -9999.0 -9999.0 -9999.0 -9999.0 -9999.0 -9999.0 -9999.0 -9999.0 -9999.0 -9999.0 0.430000 0.430000 0.048433 0.430000 0.430000 0.430000 0.430000 0.430000 0.276040 0.375059 0.429241 0.430000 0.045870 0.430000 0.430000 0.430000 0.104036 0.089326 0.042315 0.430000 0.430000 0.181890 0.150613 0.100872 0.153702 0.072282 0.020342 0.160097 0.088993 0.020308 0.106400 0.394769 0.020067 0.160255 0.113929 0.160369 0.042316 0.042317 0.020638 0.020125 0.087208 0.430000 0.022213 0.038895 0.024964 0.042368 -9999.0 -9999.0 -9999.0 -9999.0 -9999.0 -9999.0
-9999.0 -9999.0 -9999.0 -9999.0 -9999.0 -9999.0 -9999.0 -9999.0 -9999.0 -9999.0 0.430000 0.430000 0.430000 0.430000 0.430000 0.430000 0.430000 0.270444 0.279434 0.246566 0.400575 0.338037 0.045476 0.430000 0.397618 0.430000 0.058323 0.020118 0.070309 0.159863 0.430000 0.430000 0.152692 0.130225 0.042361 0.042326 0.137708 0.236386 0.317819 0.311737 0.035702 0.020119 0.042373 0.328172 0.374705 0.042313 0.152951 0.048195 0.430000 0.430000 0.020118 0.042355 0.039693 0.025195 0.024342 0.145537 0.145796 -9999.0 -9999.0 -9999.0 -9999.0 -9999.0 -9999.0
-9999.0 -9999.0 -9999.0 -9999.0 -9999.0 -9999.0 -9999.0 -9999.0 -9999.0 0.112341 0.430000 0.430000 0.430000 0.430000 0.388806 0.430000 0.429947 0.430000 0.263021 0.193412 0.358588 0.133454 0.041121 0.236135 0.314473 0.059632 0.332171 0.167379 0.043912 0.424596 0.430000 0.023211 0.042365 0.042364 0.042361 0.042351 0.151755 0.304873 0.215643 0.428923 0.430000 0.343671 0.041191 0.265656 0.040000 0.030111 0.170454 0.029185 0.030392 0.430000 0.021136 0.042366 0.024964 0.037755 0.042361 0.064996 0.430000 0.042371 0.042332 -9999.0 -9999.0 -9999.0 -9999.0
-9999.0 -9999.0 -9999.0 -9999.0 -9999.0 -9999.0 -9999.0 -9999.0 -9999.0 0.055180 0.108845 0.126047 0.430000 0.420872 0.375538 0.377344 0.430000 0.430000 0.198022 0.197371 0.227005 0.159318 0.394523 0.430000 0.061106 0.274877 0.389462 0.407298 0.430000 0.430000 0.110646 0.083502 0.135149 0.123110 0.162895 0.042302 0.042319 0.042308 0.073069 0.158337 0.382508 0.037909 0.179989 0.394465 0.294517 0.284638 0.219197 0.024687 0.026758 0.430000 0.023746 0.059567 0.042354 0.087821 0.042350 0.430000 0.068529 0.430000 0.042348 -9999.0 -9999.0 -9999.0 -9999.0
-9999.0 -9999.0 -9999.0 -9999.0 -9999.0 -9999.0 -9999.0 -9999.0 -9999.0 -9999.0 0.111224 0.143580 0.430000 0.430000 0.033777 0.400272 0.407039 0.280557 0.167893 0.174403 0.295975 0.045261 0.403723 0.074250 0.276802 0.343061 0.242352 0.430000 0.113281 0.430000 0.084973 0.430000 0.068976 0.109454 0.165505 0.184907 0.338127 0.428825 0.042356 0.110446 0.067609 0.430000 0.430000 0.053570 0.074392 0.414908 0.063440 0.406319 0.031197 0.049626 0.023215 0.021270 0.042365 0.042355 0.124428 0.102195 0.430000 0.200000 0.052561 0.227993 -9999.0 -9999.0 -9999.0
-9999.0 -9999.0 -9999.0 -9999.0 -9999.0 -9999.0 -9999.0 -9999.0 -9999.0 -9999.0 0.121934 0.129307 0.430000 0.430000 0.430000 0.300682 0.227836 0.228132 0.176537 0.150472 0.158161 0.178239 0.221256 0.181901 0.240462 0.215622 0.430000 0.430000 0.430000 0.069128 0.110377 0.430000 0.020118 0.101388 0.115210 0.430000 0.430000 0.430000 0.054349 0.105785 0.142697 0.042352 0.430000 0.114372 0.430000 0.021519 0.430000 0.076896 0.074196 0.048989 0.071692 0.058715 0.430000 0.042371 0.042357 0.042351 0.092118 0.063244 0.430000 0.430000 -9999.0 -9999.0 -9999.0
-9999.0 -9999.0 -9999.0 -9999.0 -9999.0 -9999.0 -9999.0 -9999.0 0.430000 0.156036 0.051391 0.430000 0.430000 0.430000 0.430000 0.430000 0.149714 0.153306 0.152995 0.142722 0.131854 0.130814 0.182642 0.134665 0.156237 0.378249 0.430000 0.430000 0.430000 0.069476 0.042361 0.122054 0.128699 0.115759 0.138239 0.069481 0.147224 0.430000 0.051206 0.042367 0.042357 0.430000 0.020128 0.042361 0.042313 0.430000 0.065064 0.430000 0.084922 0.430000 0.430000 0.023462 0.430000 0.063017 0.042330 0.124038 0.042415 0.430000 0.043676 0.430000 -9999.0 -9999.0 -9999.0
-9999.0 -9999.0 -9999.0 -9999.0 -9999.0 -9999.0 -9999.0 -9999.0 0.025251 0.430000 0.066613 0.101967 0.118634 0.430000 0.408312 0.424671 0.342440 0.201332 0.025654 0.139775 0.266168 0.205206 0.319049 0.184841 0.106262 0.353862 0.430000 0.430000 0.020119 0.142057 0.135602 0.042317 0.147524 0.042374 0.430000 0.430000 0.179116 0.430000 0.056277 0.152003 0.105054 0.025104 0.042360 0.152792 0.430000 0.430000 0.020127 0.124275 0.055671 0.430000 0.430000 0.430000 0.430000 0.172233 0.101950 0.020118 0.054660 0.053153 0.033646 0.361907 0.161964 -9999.0 -9999.0
-9999.0 -9999.0 -9999.0 -9999.0 -9999.0 -9999.0 -9999.0 -9999.0 0.116786 0.200000 0.111077 0.067241 0.430000 0.020116 0.430000 0.052718 0.169906 0.131691 0.084846 0.269965 0.144118 0.193097 0.201604 0.159462 0.276097 0.270731 0.414712 0.430000 0.020118 0.150097 0.042319 0.430000 0.430000 0.021269 0.430000 0.192283 0.056601 0.084258 0.085415 0.061394 0.126856 0.042369 0.430000 0.430000 0.430000 0.430000 0.042319 0.430000 0.429109 0.077758 0.391915 0.430000 0.093721 0.095416 0.057253 0.430000 0.430000 0.427559 0.263953 0.333796 0.244668 -9999.0 -9999.0
-9999.0 -9999.0 -9999.0 -9999.0 -9999.0 -9999.0 -9999.0 -9999.0 0.042363 0.152135 0.430000 0.020101 0.430000 0.430000 0.023658 0.372010 0.025844 0.168873 0.302530 0.154339 0.147161 0.158250 0.202218 0.207461 0.217277 0.338173 0.348454 0.055818 0.430000 0.048097 0.053510 0.053481 0.020763 0.430000 0.021120 0.071765 0.095890 0.430000 0.089435 0.059920 0.130755 0.157005 0.161713 0.042339 0.430000 0.042321 0.074327 0.042330 0.091447 0.038726 0.391239 0.426668 0.430000 0.430000 0.430000 0.430000 0.430000 0.430000 0.316184 0.288678 0.330386 0.358354 -9999.0
-9999.0 -9999.0 -9999.0 -9999.0 -9999.0 -9999.0 -9999.0 -9999.0 0.430000 0.430000 0.430000 0.094601 0.098862 0.430000 0.430000 0.298957 0.430000 0.384742 0.423345 0.326324 0.198931 0.156182 0.156035 0.160368 0.151161 0.199264 0.190562 0.265603 0.232378 0.430000 0.063461 0.430000 0.045378 0.430000 0.046193 0.040647 0.037052 0.429725 0.091695 0.430000 0.045372 0.020692 0.048635 0.020252 0.047327 0.133226 0.043182 0.043772 0.034690 0.029569 0.025404 0.134106 0.323161 0.228607 0.430000 0.430000 0.429917 0.401630 0.389450 0.335659 0.348997 0.390434 -9999.0
-9999.0 -9999.0 0.053643 0.430000 0.430000 0.377395 0.430000 0.430000 0.430000 0.430000 0.430000 0.430000 0.430000 0.430000 0.430000 0.430000 0.093298 0.427163 0.361720 0.429953 0.258145 0.300915 0.399040 0.147700 0.156690 0.121003 0.180672 0.188615 0.284025 0.393695 0.242684 0.429432 0.430000 0.429602 0.387664 0.375413 0.246795 0.406186 0.090480 0.090688 0.040866 0.040793 0.073520 0.319824 0.051419 0.036652 0.352148 0.393617 0.031216 0.208858 0.165151 0.266550 0.429483 0.429989 0.430000 0.430000 0.430000 0.427295 0.423406 0.402924 0.430000 0.429724 -9999.0
-9999.0 0.306108 0.430000 0.430000 0.348164 0.430000 0.430000 0.430000 0.430000 0.120341 0.430000 0.430000 0.430000 0.430000 0.430000 0.102580 0.430000 0.430000 0.375602 0.347057 0.160429 0.334220 0.430000 0.353680 0.201360 0.148267 0.204974 0.223997 0.225120 0.319693 0.128911 0.165361 0.430000 0.429118 0.230350 0.222113 0.175173 0.193764 0.395165 0.344026 0.170554 0.319510 0.394455 0.250029 0.185427 0.190770 0.293990 0.213027 0.226816 0.311650 0.350142 0.428972 0.430000 0.430000 0.430000 0.430000 0.430000 0.430000 0.430000 0.430000 0.430000 0.430000 -9999.0
-9999.0 0.430000 0.430000 0.430000 0.331868 0.430000 0.430000 0.430000 0.430000 0.052831 0.430000 0.430000 0.430000 0.430000 0.106668 0.430000 0.065945 0.412183 0.430000 0.430000 0.430000 0.406977 0.349620 0.430000 0.388345 0.262683 0.130932 0.161353 0.247676 0.132132 0.082581 0.089663 0.406288 0.393644 0.396845 0.351298 0.331247 0.288952 0.320797 0.187874 0.285132 0.347921 0.339400 0.170737 0.126234 0.082977 0.291635 0.367331 0.368356 0.426325 0.417343 0.414137 0.428044 0.430000 0.430000 0.430000 0.430000 0.430000 0.430000 0.394941 0.415432 -9999.0 -9999.0
-9999.0 0.058529 0.430000 0.430000 0.430000 0.430000 0.394366 0.430000 0.430000 0.430000 0.430000 0.430000 0.430000 0.430000 0.430000 0.430000 0.430000 0.430000 0.430000 0.430000 0.312622 0.365208 0.237520 0.430000 0.430000 0.410960 0.430000 0.430000 0.171707 0.339927 0.151844 0.132166 0.337386 0.372141 0.429988 0.249171 0.430000 0.319388 0.271139 0.232929 0.197856 0.380978 0.293305 0.138693 0.131015 0.430000 0.381460 0.430000 0.430000 0.430000 0.430000 0.430000 0.430000 0.430000 0.430000 0.430000 0.430000 0.430000 0.384534 -9999.0 -9999.0 -9999.0 -9999.0
