user2019/resources/simulation/Vinschgau/output-maps/thetaliqL0006N1394.asc
ncols         63
nrows         48
xllcorner     598000.000000
yllcorner     5145000.000000
cellsize      1000.000000
NODATA_value  -9999.0
[rows 0 to 28 of 48, columns 0 to 62 of 63]
-9999.0 -9999.0 -9999.0 -9999.0 -9999.0 -9999.0 -9999.0 -9999.0 -9999.0 -9999.0 -9999.0 -9999.0 -9999.0 -9999.0 -9999.0 -9999.0 -9999.0 -9999.0 -9999.0 -9999.0 -9999.0 -9999.0 -9999.0 -9999.0 -9999.0 -9999.0 -9999.0 -9999.0 -9999.0 -9999.0 -9999.0 -9999.0 -9999.0 -9999.0 -9999.0 -9999.0 -9999.0 -9999.0 -9999.0 -9999.0 -9999.0 -9999.0 -9999.0 -9999.0 -9999.0 -9999.0 -9999.0 -9999.0 -9999.0 -9999.0 -9999.0 -9999.0 -9999.0 -9999.0 -9999.0 -9999.0 -9999.0 -9999.0 -9999.0 -9999.0 -9999.0 -9999.0 -9999.0
-9999.0 -9999.0 -9999.0 -9999.0 -9999.0 -9999.0 -9999.0 -9999.0 -9999.0 -9999.0 -9999.0 -9999.0 -9999.0 -9999.0 -9999.0 -9999.0 -9999.0 -9999.0 -9999.0 -9999.0 -9999.0 -9999.0 -9999.0 -9999.0 -9999.0 -9999.0 -9999.0 0.021279 0.147537 0.047687 0.153383 0.049705 0.020058 -9999.0 -9999.0 -9999.0 -9999.0 -9999.0 -9999.0 -9999.0 -9999.0 -9999.0 -9999.0 -9999.0 -9999.0 -9999.0 -9999.0 -9999.0 -9999.0 -9999.0 -9999.0 -9999.0 -9999.0 -9999.0 -9999.0 -9999.0 -9999.0 -9999.0 -9999.0 -9999.0 -9999.0 -9999.0 -9999.0
-9999.0 -9999.0 -9999.0 -9999.0 -9999.0 -9999.0 -9999.0 -9999.0 -9999.0 -9999.0 -9999.0 -9999.0 -9999.0 -9999.0 -9999.0 -9999.0 -9999.0 -9999.0 -9999.0 -9999.0 -9999.0 -9999.0 -9999.0 -9999.0 0.279279 0.269123 0.261692 0.275304 0.279517 0.149588 0.123969 -9999.0 -9999.0 -9999.0 -9999.0 -9999.0 -9999.0 -9999.0 -9999.0 -9999.0 -9999.0 -9999.0 -9999.0 -9999.0 -9999.0 -9999.0 -9999.0 -9999.0 -9999.0 -9999.0 -9999.0 -9999.0 -9999.0 -9999.0 -9999.0 -9999.0 -9999.0 -9999.0 -9999.0 -9999.0 -9999.0 -9999.0 -9999.0
-9999.0 -9999.0 -9999.0 -9999.0 -9999.0 -9999.0 -9999.0 -9999.0 -9999.0 -9999.0 -9999.0 -9999.0 -9999.0 -9999.0 -9999.0 -9999.0 -9999.0 -9999.0 -9999.0 -9999.0 -9999.0 -9999.0 -9999.0 0.260419 0.237980 0.122974 0.081374 0.020317 0.020330 0.140416 0.134618 0.051272 -9999.0 -9999.0 -9999.0 -9999.0 -9999.0 -9999.0 -9999.0 -9999.0 -9999.0 -9999.0 -9999.0 -9999.0 -9999.0 -9999.0 -9999.0 -9999.0 -9999.0 -9999.0 -9999.0 -9999.0 -9999.0 -9999.0 -9999.0 -9999.0 -9999.0 -9999.0 -9999.0 -9999.0 -9999.0 -9999.0 -9999.0
-9999.0 -9999.0 -9999.0 -9999.0 -9999.0 -9999.0 -9999.0 -9999.0 -9999.0 -9999.0 -9999.0 -9999.0 -9999.0 -9999.0 -9999.0 -9999.0 -9999.0 -9999.0 0.216971 0.220011 -9999.0 0.245237 0.231362 0.020386 0.094596 0.020384 0.193698 0.176833 0.180582 0.133969 0.145426 0.150771 0.020101 0.020074 -9999.0 -9999.0 -9999.0 -9999.0 -9999.0 -9999.0 -9999.0 -9999.0 -9999.0 -9999.0 -9999.0 -9999.0 -9999.0 -9999.0 -9999.0 -9999.0 -9999.0 -9999.0 -9999.0 -9999.0 -9999.0 -9999.0 -9999.0 -9999.0 -9999.0 -9999.0 -9999.0 -9999.0 -9999.0
-9999.0 -9999.0 -9999.0 -9999.0 -9999.0 -9999.0 -9999.0 -9999.0 -9999.0 -9999.0 -9999.0 -9999.0 -9999.0 -9999.0 -9999.0 -9999.0 -9999.0 0.114008 0.068145 0.020115 0.043566 0.212513 0.130028 0.020524 0.172586 0.198055 0.052123 0.154985 0.060504 0.196430 0.235646 0.144858 0.044777 0.020365 0.020088 0.020073 -9999.0 -9999.0 -9999.0 -9999.0 -9999.0 -9999.0 -9999.0 -9999.0 -9999.0 -9999.0 -9999.0 -9999.0 -9999.0 -9999.0 -9999.0 -9999.0 -9999.0 -9999.0 -9999.0 -9999.0 -9999.0 -9999.0 -9999.0 -9999.0 -9999.0 -9999.0 -9999.0
-9999.0 -9999.0 -9999.0 -9999.0 -9999.0 -9999.0 -9999.0 -9999.0 -9999.0 -9999.0 -9999.0 -9999.0 -9999.0 0.125468 0.114754 0.118801 0.099895 0.042086 0.115700 0.020431 0.092736 0.101452 0.020441 0.123631 0.218532 0.230959 0.020118 0.024334 0.021328 0.234532 0.040077 0.270933 0.151116 0.157186 0.020210 0.020069 -9999.0 -9999.0 -9999.0 -9999.0 -9999.0 -9999.0 -9999.0 -9999.0 -9999.0 -9999.0 -9999.0 -9999.0 -9999.0 -9999.0 -9999.0 -9999.0 -9999.0 -9999.0 -9999.0 -9999.0 -9999.0 -9999.0 -9999.0 -9999.0 -9999.0 -9999.0 -9999.0
-9999.0 -9999.0 -9999.0 -9999.0 -9999.0 -9999.0 -9999.0 -9999.0 -9999.0 -9999.0 -9999.0 -9999.0 -9999.0 0.181230 0.083550 0.108340 0.103238 0.181476 0.042050 0.076452 0.020875 0.020565 0.090964 0.139325 0.124920 0.020846 0.144613 0.048029 0.020195 0.020490 0.055832 0.151980 0.020109 0.020073 0.020080 -9999.0 -9999.0 -9999.0 -9999.0 -9999.0 -9999.0 -9999.0 -9999.0 -9999.0 -9999.0 -9999.0 -9999.0 -9999.0 -9999.0 -9999.0 -9999.0 -9999.0 -9999.0 -9999.0 -9999.0 -9999.0 -9999.0 -9999.0 -9999.0 -9999.0 -9999.0 -9999.0 -9999.0
-9999.0 -9999.0 -9999.0 -9999.0 -9999.0 -9999.0 -9999.0 -9999.0 -9999.0 -9999.0 -9999.0 -9999.0 -9999.0 0.077132 0.430000 0.116132 0.107671 0.105558 0.042026 0.111089 0.145803 0.020118 0.184061 0.147356 0.115555 0.123796 0.043183 0.020120 0.043079 0.020090 0.137360 0.020065 0.020066 0.020016 0.020067 -9999.0 -9999.0 -9999.0 -9999.0 -9999.0 -9999.0 -9999.0 -9999.0 -9999.0 -9999.0 -9999.0 -9999.0 -9999.0 -9999.0 -9999.0 -9999.0 -9999.0 -9999.0 -9999.0 -9999.0 -9999.0 -9999.0 -9999.0 -9999.0 -9999.0 -9999.0 -9999.0 -9999.0
-9999.0 -9999.0 -9999.0 -9999.0 -9999.0 -9999.0 -9999.0 -9999.0 -9999.0 -9999.0 -9999.0 -9999.0 0.020409 0.430000 0.080159 0.108438 0.134940 0.114143 0.159204 0.020118 0.093119 0.160079 0.020118 0.098741 0.040069 0.145368 0.040027 0.102391 0.157155 0.020099 0.020061 0.020096 0.021718 0.020063 -9999.0 -9999.0 -9999.0 -9999.0 -9999.0 -9999.0 -9999.0 -9999.0 -9999.0 -9999.0 -9999.0 -9999.0 -9999.0 -9999.0 -9999.0 -9999.0 -9999.0 -9999.0 -9999.0 -9999.0 -9999.0 -9999.0 -9999.0 -9999.0 -9999.0 -9999.0 -9999.0 -9999.0 -9999.0
-9999.0 -9999.0 -9999.0 -9999.0 -9999.0 -9999.0 -9999.0 -9999.0 -9999.0 -9999.0 -9999.0 0.192089 0.105567 0.366065 0.082054 0.166157 0.020118 0.109988 0.203904 0.020118 0.021006 0.148756 0.135336 0.142540 0.021225 0.148447 0.046251 0.152725 0.235551 0.020073 0.020094 0.151917 0.020208 0.020080 0.020091 0.020237 0.032039 0.086020 0.058075 -9999.0 -9999.0 -9999.0 0.020079 -9999.0 -9999.0 -9999.0 -9999.0 -9999.0 -9999.0 -9999.0 -9999.0 -9999.0 -9999.0 -9999.0 -9999.0 -9999.0 -9999.0 -9999.0 -9999.0 -9999.0 -9999.0 -9999.0 -9999.0
-9999.0 -9999.0 -9999.0 -9999.0 -9999.0 -9999.0 -9999.0 -9999.0 -9999.0 -9999.0 -9999.0 0.193492 0.098159 0.020282 0.072703 0.119042 0.066014 0.062172 0.196735 0.160550 0.154840 0.127113 0.274572 0.040052 0.040101 0.149503 0.150549 0.149766 0.059946 0.020079 0.153367 0.152330 0.025125 0.020178 0.020161 0.148064 0.136191 0.086763 0.086416 0.020084 0.020086 0.020080 0.151706 0.020106 -9999.0 -9999.0 -9999.0 0.040021 0.020059 0.020084 0.020072 0.020049 0.020049 0.040019 0.040021 0.020045 -9999.0 -9999.0 -9999.0 -9999.0 -9999.0 -9999.0 -9999.0
-9999.0 -9999.0 -9999.0 -9999.0 -9999.0 -9999.0 -9999.0 -9999.0 -9999.0 -9999.0 -9999.0 0.200854 0.186801 0.021035 0.216790 0.118025 0.116186 0.074709 0.114186 0.159564 0.183263 0.036043 0.040155 0.301353 0.148405 0.033243 0.040123 0.020051 0.020262 0.020167 0.020194 0.020123 0.151012 0.020183 0.020104 0.140860 0.040268 0.020297 0.082363 0.020199 0.094725 0.020230 0.148416 0.153393 0.020097 -9999.0 0.020065 0.020087 0.155597 0.152882 0.171129 0.049504 0.171166 0.142931 0.133302 0.020174 -9999.0 -9999.0 -9999.0 -9999.0 -9999.0 -9999.0 -9999.0
-9999.0 -9999.0 -9999.0 -9999.0 -9999.0 -9999.0 -9999.0 -9999.0 -9999.0 -9999.0 -9999.0 -9999.0 0.200546 0.286116 0.177569 0.176212 0.147126 0.080739 0.187645 0.161510 0.107474 0.021875 0.025400 0.040388 0.040037 0.040105 0.430000 0.165204 0.149969 0.020109 0.151678 0.040122 0.163777 0.129783 0.020347 0.143358 0.040123 0.040089 0.195790 0.049591 0.152416 0.042785 0.020346 0.272344 0.020162 0.020083 0.020079 0.020119 0.020076 0.040293 0.050773 0.040129 0.040019 0.040062 0.040035 0.311775 0.129713 -9999.0 -9999.0 -9999.0 -9999.0 -9999.0 -9999.0
-9999.0 -9999.0 -9999.0 -9999.0 -9999.0 -9999.0 -9999.0 -9999.0 -9999.0 -9999.0 -9999.0 0.040323 0.225126 0.157222 0.295116 0.167871 0.127243 0.109425 0.140699 0.151550 0.095814 0.176071 0.231471 0.020154 0.040125 0.040394 0.040343 0.110125 0.079620 0.045041 0.040108 0.040085 0.145495 0.143518 0.020112 0.152293 0.103497 0.020129 0.168868 0.083079 0.020129 0.137517 0.088119 0.020121 0.139485 0.135379 0.155071 0.043434 0.043756 0.020131 0.020051 0.133371 0.040020 0.020031 0.020027 0.020045 0.020096 -9999.0 -9999.0 -9999.0 -9999.0 -9999.0 -9999.0
-9999.0 -9999.0 -9999.0 -9999.0 -9999.0 -9999.0 -9999.0 -9999.0 -9999.0 -9999.0 0.430000 0.047316 0.230660 0.218459 0.194809 0.428549 0.370518 0.190988 0.122803 0.155585 0.177825 0.224938 0.020325 0.231129 0.108523 0.040051 0.020106 0.020038 0.164968 0.139788 0.052335 0.040140 0.144689 0.134122 0.020067 0.020199 0.135202 0.040200 0.043417 0.387369 0.041324 0.020124 0.100228 0.248530 0.074431 0.044920 0.147991 0.020460 0.044099 0.169974 0.020036 0.020077 0.020025 0.020036 0.020041 0.120491 0.151480 -9999.0 -9999.0 -9999.0 -9999.0 -9999.0 -9999.0
-9999.0 -9999.0 -9999.0 -9999.0 -9999.0 -9999.0 -9999.0 -9999.0 -9999.0 0.148266 0.297015 0.054180 0.071718 0.040318 0.053947 0.065769 0.065724 0.186798 0.078858 0.147594 0.172711 0.127868 0.059027 0.143883 0.336684 0.020109 0.040032 0.143648 0.022040 0.102316 0.386876 0.020095 0.020228 0.020076 0.020087 0.020197 0.145437 0.040100 0.040153 0.054936 0.040463 0.040812 0.020412 0.140569 0.060860 0.024937 0.135340 0.020248 0.020257 0.374798 0.020107 0.020090 0.020033 0.020035 0.020045 0.020047 0.040032 0.020114 0.020054 -9999.0 -9999.0 -9999.0 -9999.0
-9999.0 -9999.0 -9999.0 -9999.0 -9999.0 -9999.0 -9999.0 -9999.0 -9999.0 0.170392 0.148341 0.137599 0.430000 0.243995 0.055645 0.040293 0.222130 0.156245 0.073452 0.159431 0.164160 0.105452 0.194162 0.260350 0.020154 0.040083 0.040391 0.143318 0.297631 0.272144 0.098864 0.020076 0.153876 0.020194 0.155280 0.020189 0.020375 0.045974 0.144833 0.142860 0.040195 0.020109 0.040740 0.233543 0.191969 0.183735 0.141552 0.022840 0.040212 0.244300 0.020052 0.020030 0.020034 0.020042 0.020089 0.040013 0.020074 0.040064 0.033377 -9999.0 -9999.0 -9999.0 -9999.0
-9999.0 -9999.0 -9999.0 -9999.0 -9999.0 -9999.0 -9999.0 -9999.0 -9999.0 -9999.0 0.151128 0.143313 0.069211 0.040318 0.037237 0.066846 0.211369 0.128798 0.068774 0.140126 0.167297 0.021668 0.255104 0.021042 0.040119 0.074294 0.365071 0.230188 0.095434 0.040057 0.020080 0.040023 0.020045 0.076762 0.154634 0.146186 0.244706 0.251438 0.020647 0.152884 0.138783 0.273080 0.430000 0.025244 0.046593 0.248896 0.061306 0.193980 0.020589 0.028554 0.020084 0.020068 0.020043 0.020035 0.040015 0.020079 0.382608 0.020096 0.024490 0.112086 -9999.0 -9999.0 -9999.0
-9999.0 -9999.0 -9999.0 -9999.0 -9999.0 -9999.0 -9999.0 -9999.0 -9999.0 -9999.0 0.152090 0.149194 0.257663 0.099345 0.278232 0.181971 0.208516 0.138451 0.112900 0.120483 0.113476 0.097442 0.240156 0.047774 0.078433 0.317276 0.251419 0.350425 0.040081 0.020050 0.151928 0.322426 0.020045 0.020189 0.150920 0.262813 0.040056 0.053768 0.020101 0.092939 0.153201 0.095031 0.040366 0.139427 0.280244 0.020691 0.186613 0.047940 0.039816 0.020884 0.106738 0.020099 0.040015 0.020050 0.020030 0.020036 0.020072 0.020232 0.369611 0.312369 -9999.0 -9999.0 -9999.0
-9999.0 -9999.0 -9999.0 -9999.0 -9999.0 -9999.0 -9999.0 -9999.0 0.308220 0.152482 0.042056 0.313472 0.040180 0.040769 0.053827 0.220206 0.062607 0.104796 0.124777 0.115646 0.100981 0.067558 0.072340 0.087608 0.164576 0.259851 0.279998 0.040181 0.040086 0.020051 0.020081 0.153159 0.152979 0.020325 0.154794 0.145955 0.131715 0.065107 0.020060 0.020192 0.044135 0.271849 0.020051 0.020242 0.043519 0.430000 0.020065 0.040501 0.066232 0.235584 0.327132 0.020242 0.040024 0.020027 0.020039 0.020239 0.020174 0.260680 0.031090 0.130502 -9999.0 -9999.0 -9999.0
-9999.0 -9999.0 -9999.0 -9999.0 -9999.0 -9999.0 -9999.0 -9999.0 0.020050 0.040126 0.020062 0.075677 0.148723 0.040035 0.040143 0.235797 0.113239 0.091023 0.020790 0.115056 0.192638 0.151826 0.129397 0.103018 0.074307 0.153574 0.300283 0.048089 0.020047 0.105815 0.020193 0.020257 0.151443 0.020759 0.304553 0.269138 0.131950 0.381964 0.020769 0.144547 0.151715 0.048710 0.030995 0.142092 0.430000 0.040218 0.020044 0.146259 0.022279 0.250405 0.291383 0.050367 0.040016 0.020080 0.170992 0.020082 0.020200 0.039174 0.021147 0.166127 0.120509 -9999.0 -9999.0
-9999.0 -9999.0 -9999.0 -9999.0 -9999.0 -9999.0 -9999.0 -9999.0 0.150962 0.199943 0.135527 0.020046 0.350263 0.020056 0.040220 0.020222 0.169986 0.105345 0.063903 0.191586 0.114632 0.149675 0.127589 0.114391 0.138447 0.090581 0.274544 0.040087 0.020040 0.153271 0.036678 0.295978 0.040054 0.020121 0.280133 0.135265 0.041943 0.117661 0.026731 0.020402 0.146290 0.041698 0.284920 0.429960 0.040098 0.291563 0.020184 0.308132 0.040045 0.058486 0.229327 0.357899 0.020061 0.020044 0.020709 0.089493 0.372205 0.183137 0.072298 0.160448 0.149937 -9999.0 -9999.0
-9999.0 -9999.0 -9999.0 -9999.0 -9999.0 -9999.0 -9999.0 -9999.0 0.020084 0.147126 0.040570 0.020040 0.321653 0.040086 0.020661 0.310423 0.021253 0.065999 0.168769 0.111482 0.117282 0.119380 0.151337 0.147979 0.124514 0.165946 0.114255 0.020078 0.256629 0.020500 0.020260 0.021411 0.021296 0.137466 0.020120 0.128643 0.120600 0.083505 0.085311 0.026754 0.137833 0.137827 0.139620 0.043321 0.301728 0.043460 0.164560 0.044524 0.147153 0.020199 0.266710 0.173354 0.329408 0.046052 0.407427 0.329924 0.132613 0.174834 0.154707 0.152425 0.131122 0.168326 -9999.0
-9999.0 -9999.0 -9999.0 -9999.0 -9999.0 -9999.0 -9999.0 -9999.0 0.040026 0.337582 0.040032 0.020101 0.020463 0.042574 0.363370 0.195657 0.219232 0.107012 0.149828 0.088653 0.110939 0.125746 0.120152 0.118851 0.107961 0.173536 0.040106 0.078034 0.252651 0.422707 0.020735 0.343727 0.022443 0.244373 0.026456 0.020880 0.020594 0.068390 0.021122 0.164615 0.022622 0.020118 0.029297 0.020191 0.020223 0.137127 0.021417 0.025235 0.020814 0.060071 0.021839 0.144199 0.171054 0.191309 0.270712 0.269123 0.205915 0.174170 0.162856 0.071358 0.089121 0.176339 -9999.0
-9999.0 -9999.0 0.162322 0.291412 0.040016 0.040070 0.040025 0.040035 0.298060 0.329695 0.040135 0.040436 0.044448 0.430000 0.188729 0.428490 0.040655 0.040088 0.040414 0.227731 0.089022 0.114901 0.147418 0.107605 0.126798 0.102954 0.187366 0.193263 0.125556 0.180551 0.253932 0.159573 0.175557 0.093251 0.110251 0.076415 0.100685 0.060780 0.020827 0.021360 0.020477 0.020469 0.021437 0.104675 0.073276 0.022833 0.193272 0.227756 0.020718 0.118222 0.107637 0.169141 0.200817 0.226240 0.249965 0.237686 0.211062 0.165676 0.091594 0.110621 0.183142 0.189207 -9999.0
-9999.0 0.040337 0.040261 0.040163 0.040080 0.040157 0.040031 0.040025 0.040015 0.073020 0.040048 0.040163 0.226314 0.295089 0.429408 0.020672 0.040120 0.040052 0.040096 0.238190 0.093248 0.078799 0.180048 0.156094 0.127004 0.119517 0.137485 0.141903 0.104632 0.139949 0.096984 0.107048 0.107183 0.143987 0.086510 0.115930 0.070600 0.056285 0.116022 0.113038 0.079603 0.089968 0.062191 0.071974 0.079842 0.076180 0.155637 0.066820 0.082862 0.145875 0.159843 0.183097 0.210870 0.250577 0.255746 0.362436 0.334221 0.307488 0.356790 0.280374 0.257514 0.192629 -9999.0
-9999.0 0.258846 0.075840 0.067577 0.292243 0.055132 0.040027 0.040019 0.233092 0.020213 0.040031 0.040086 0.296074 0.352391 0.022466 0.040027 0.020062 0.040040 0.040569 0.122156 0.283773 0.192452 0.177501 0.187787 0.213102 0.195781 0.095058 0.126648 0.127807 0.063155 0.060910 0.061881 0.124776 0.145603 0.152309 0.120568 0.181882 0.178494 0.112089 0.111296 0.113272 0.134887 0.076398 0.098515 0.091345 0.058787 0.143369 0.131896 0.137140 0.146811 0.143263 0.189501 0.275406 0.364606 0.430000 0.224480 0.040607 0.060535 0.190719 0.051925 0.279859 -9999.0 -9999.0
-9999.0 0.161657 0.056633 0.045463 0.324123 0.292871 0.303200 0.040053 0.040050 0.040055 0.040142 0.277108 0.277047 0.412670 0.040062 0.040019 0.040021 0.040074 0.040055 0.040401 0.043597 0.295803 0.171881 0.224052 0.219023 0.158717 0.150414 0.145715 0.119074 0.133203 0.113984 0.112987 0.129008 0.126132 0.122040 0.118698 0.117675 0.176668 0.116838 0.116555 0.116940 0.181351 0.119239 0.112564 0.112433 0.125597 0.129009 0.138517 0.154087 0.137140 0.173251 0.260048 0.275407 0.429982 0.045219 0.040083 0.040079 0.040053 0.040060 -9999.0 -9999.0 -9999.0 -9999.0
