user2019/resources/simulation/Vinschgau/output-maps/thetaliqL0003N0835.asc
ncols         63
nrows         48
xllcorner     598000.000000
yllcorner     5145000.000000
cellsize      1000.000000
NODATA_value  -9999.0
[rows 0 to 28 of 48, columns 0 to 62 of 63]
-9999.0 -9999.0 -9999.0 -9999.0 -9999.0 -9999.0 -9999.0 -9999.0 -9999.0 -9999.0 -9999.0 -9999.0 -9999.0 -9999.0 -9999.0 -9999.0 -9999.0 -9999.0 -9999.0 -9999.0 -9999.0 -9999.0 -9999.0 -9999.0 -9999.0 -9999.0 -9999.0 -9999.0 -9999.0 -9999.0 -9999.0 -9999.0 -9999.0 -9999.0 -9999.0 -9999.0 -9999.0 -9999.0 -9999.0 -9999.0 -9999.0 -9999.0 -9999.0 -9999.0 -9999.0 -9999.0 -9999.0 -9999.0 -9999.0 -9999.0 -9999.0 -9999.0 -9999.0 -9999.0 -9999.0 -9999.0 -9999.0 -9999.0 -9999.0 -9999.0 -9999.0 -9999.0 -9999.0
-9999.0 -9999.0 -9999.0 -9999.0 -9999.0 -9999.0 -9999.0 -9999.0 -9999.0 -9999.0 -9999.0 -9999.0 -9999.0 -9999.0 -9999.0 -9999.0 -9999.0 -9999.0 -9999.0 -9999.0 -9999.0 -9999.0 -9999.0 -9999.0 -9999.0 -9999.0 -9999.0 0.020023 0.040012 0.020026 0.040009 0.040008 0.040007 -9999.0 -9999.0 -9999.0 -9999.0 -9999.0 -9999.0 -9999.0 -9999.0 -9999.0 -9999.0 -9999.0 -9999.0 -9999.0 -9999.0 -9999.0 -9999.0 -9999.0 -9999.0 -9999.0 -9999.0 -9999.0 -9999.0 -9999.0 -9999.0 -9999.0 -9999.0 -9999.0 -9999.0 -9999.0 -9999.0
-9999.0 -9999.0 -9999.0 -9999.0 -9999.0 -9999.0 -9999.0 -9999.0 -9999.0 -9999.0 -9999.0 -9999.0 -9999.0 -9999.0 -9999.0 -9999.0 -9999.0 -9999.0 -9999.0 -9999.0 -9999.0 -9999.0 -9999.0 -9999.0 0.040020 0.040022 0.040027 0.040021 0.040012 0.040011 0.040009 -9999.0 -9999.0 -9999.0 -9999.0 -9999.0 -9999.0 -9999.0 -9999.0 -9999.0 -9999.0 -9999.0 -9999.0 -9999.0 -9999.0 -9999.0 -9999.0 -9999.0 -9999.0 -9999.0 -9999.0 -9999.0 -9999.0 -9999.0 -9999.0 -9999.0 -9999.0 -9999.0 -9999.0 -9999.0 -9999.0 -9999.0 -9999.0
-9999.0 -9999.0 -9999.0 -9999.0 -9999.0 -9999.0 -9999.0 -9999.0 -9999.0 -9999.0 -9999.0 -9999.0 -9999.0 -9999.0 -9999.0 -9999.0 -9999.0 -9999.0 -9999.0 -9999.0 -9999.0 -9999.0 -9999.0 0.040023 0.040049 0.243547 0.304161 0.159278 0.190066 0.040025 0.040009 0.040008 -9999.0 -9999.0 -9999.0 -9999.0 -9999.0 -9999.0 -9999.0 -9999.0 -9999.0 -9999.0 -9999.0 -9999.0 -9999.0 -9999.0 -9999.0 -9999.0 -9999.0 -9999.0 -9999.0 -9999.0 -9999.0 -9999.0 -9999.0 -9999.0 -9999.0 -9999.0 -9999.0 -9999.0 -9999.0 -9999.0 -9999.0
-9999.0 -9999.0 -9999.0 -9999.0 -9999.0 -9999.0 -9999.0 -9999.0 -9999.0 -9999.0 -9999.0 -9999.0 -9999.0 -9999.0 -9999.0 -9999.0 -9999.0 -9999.0 0.206947 0.040040 -9999.0 0.040026 0.040047 0.200637 0.341516 0.118772 0.175340 0.105681 0.512114 0.057538 0.040020 0.040010 0.020019 0.020014 -9999.0 -9999.0 -9999.0 -9999.0 -9999.0 -9999.0 -9999.0 -9999.0 -9999.0 -9999.0 -9999.0 -9999.0 -9999.0 -9999.0 -9999.0 -9999.0 -9999.0 -9999.0 -9999.0 -9999.0 -9999.0 -9999.0 -9999.0 -9999.0 -9999.0 -9999.0 -9999.0 -9999.0 -9999.0
-9999.0 -9999.0 -9999.0 -9999.0 -9999.0 -9999.0 -9999.0 -9999.0 -9999.0 -9999.0 -9999.0 -9999.0 -9999.0 -9999.0 -9999.0 -9999.0 -9999.0 0.103549 0.202923 0.095726 0.020041 0.046034 0.056297 0.098306 0.343826 0.089800 0.040809 0.044972 0.044511 0.112598 0.040034 0.040005 0.020023 0.020029 0.020022 0.020020 -9999.0 -9999.0 -9999.0 -9999.0 -9999.0 -9999.0 -9999.0 -9999.0 -9999.0 -9999.0 -9999.0 -9999.0 -9999.0 -9999.0 -9999.0 -9999.0 -9999.0 -9999.0 -9999.0 -9999.0 -9999.0 -9999.0 -9999.0 -9999.0 -9999.0 -9999.0 -9999.0
-9999.0 -9999.0 -9999.0 -9999.0 -9999.0 -9999.0 -9999.0 -9999.0 -9999.0 -9999.0 -9999.0 -9999.0 -9999.0 0.040061 0.120948 0.196558 0.092302 0.033488 0.109281 0.189744 0.317710 0.305020 0.301956 0.348861 0.078768 0.040049 0.020068 0.040107 0.040112 0.043244 0.040045 0.040016 0.040009 0.040007 0.020021 0.020015 -9999.0 -9999.0 -9999.0 -9999.0 -9999.0 -9999.0 -9999.0 -9999.0 -9999.0 -9999.0 -9999.0 -9999.0 -9999.0 -9999.0 -9999.0 -9999.0 -9999.0 -9999.0 -9999.0 -9999.0 -9999.0 -9999.0 -9999.0 -9999.0 -9999.0 -9999.0 -9999.0
-9999.0 -9999.0 -9999.0 -9999.0 -9999.0 -9999.0 -9999.0 -9999.0 -9999.0 -9999.0 -9999.0 -9999.0 -9999.0 0.040251 0.333923 0.163791 0.104720 0.386539 0.026526 0.228952 0.115078 0.378873 0.349991 0.399593 0.076481 0.046661 0.040012 0.020025 0.020021 0.040057 0.040088 0.040010 0.020020 0.020014 0.020017 -9999.0 -9999.0 -9999.0 -9999.0 -9999.0 -9999.0 -9999.0 -9999.0 -9999.0 -9999.0 -9999.0 -9999.0 -9999.0 -9999.0 -9999.0 -9999.0 -9999.0 -9999.0 -9999.0 -9999.0 -9999.0 -9999.0 -9999.0 -9999.0 -9999.0 -9999.0 -9999.0 -9999.0
-9999.0 -9999.0 -9999.0 -9999.0 -9999.0 -9999.0 -9999.0 -9999.0 -9999.0 -9999.0 -9999.0 -9999.0 -9999.0 0.299990 0.520000 0.256436 0.148906 0.114427 0.023287 0.106142 0.423142 0.021575 0.078321 0.048762 0.094077 0.068851 0.020031 0.020020 0.040008 0.020016 0.040009 0.020014 0.020013 0.020012 0.020014 -9999.0 -9999.0 -9999.0 -9999.0 -9999.0 -9999.0 -9999.0 -9999.0 -9999.0 -9999.0 -9999.0 -9999.0 -9999.0 -9999.0 -9999.0 -9999.0 -9999.0 -9999.0 -9999.0 -9999.0 -9999.0 -9999.0 -9999.0 -9999.0 -9999.0 -9999.0 -9999.0 -9999.0
-9999.0 -9999.0 -9999.0 -9999.0 -9999.0 -9999.0 -9999.0 -9999.0 -9999.0 -9999.0 -9999.0 -9999.0 0.099407 0.081507 0.360445 0.398972 0.329464 0.201987 0.344137 0.099313 0.313790 0.043183 0.042309 0.040434 0.040058 0.040012 0.040022 0.040008 0.040009 0.020019 0.040004 0.020019 0.040007 0.020013 -9999.0 -9999.0 -9999.0 -9999.0 -9999.0 -9999.0 -9999.0 -9999.0 -9999.0 -9999.0 -9999.0 -9999.0 -9999.0 -9999.0 -9999.0 -9999.0 -9999.0 -9999.0 -9999.0 -9999.0 -9999.0 -9999.0 -9999.0 -9999.0 -9999.0 -9999.0 -9999.0 -9999.0 -9999.0
-9999.0 -9999.0 -9999.0 -9999.0 -9999.0 -9999.0 -9999.0 -9999.0 -9999.0 -9999.0 -9999.0 0.040069 0.473364 0.520000 0.383216 0.055301 0.114711 0.236022 0.520000 0.199538 0.220150 0.381598 0.040032 0.040014 0.040108 0.040015 0.040008 0.040011 0.040013 0.020016 0.020018 0.040009 0.020020 0.020016 0.020018 0.020021 0.040008 0.040010 0.040011 -9999.0 -9999.0 -9999.0 0.020020 -9999.0 -9999.0 -9999.0 -9999.0 -9999.0 -9999.0 -9999.0 -9999.0 -9999.0 -9999.0 -9999.0 -9999.0 -9999.0 -9999.0 -9999.0 -9999.0 -9999.0 -9999.0 -9999.0 -9999.0
-9999.0 -9999.0 -9999.0 -9999.0 -9999.0 -9999.0 -9999.0 -9999.0 -9999.0 -9999.0 -9999.0 0.040054 0.423128 0.475481 0.334512 0.040068 0.258591 0.158365 0.372885 0.433299 0.456054 0.040411 0.040032 0.040033 0.040034 0.040011 0.040010 0.040015 0.020026 0.020016 0.040011 0.040012 0.040008 0.040006 0.040005 0.040011 0.040022 0.040020 0.040010 0.020017 0.020017 0.020016 0.040010 0.020019 -9999.0 -9999.0 -9999.0 0.040006 0.040005 0.020018 0.040006 0.020016 0.020015 0.040007 0.040007 0.020015 -9999.0 -9999.0 -9999.0 -9999.0 -9999.0 -9999.0 -9999.0
-9999.0 -9999.0 -9999.0 -9999.0 -9999.0 -9999.0 -9999.0 -9999.0 -9999.0 -9999.0 -9999.0 0.040021 0.040052 0.040429 0.048641 0.040415 0.450965 0.305050 0.404481 0.370553 0.375012 0.065936 0.040088 0.040021 0.040011 0.020023 0.040054 0.040018 0.020022 0.040006 0.020021 0.040013 0.040016 0.040007 0.020019 0.040016 0.040018 0.040039 0.040045 0.020021 0.040012 0.040008 0.040015 0.040011 0.040007 -9999.0 0.020014 0.040007 0.040010 0.040014 0.040015 0.020030 0.040011 0.040009 0.040009 0.040007 -9999.0 -9999.0 -9999.0 -9999.0 -9999.0 -9999.0 -9999.0
-9999.0 -9999.0 -9999.0 -9999.0 -9999.0 -9999.0 -9999.0 -9999.0 -9999.0 -9999.0 -9999.0 -9999.0 0.040065 0.040438 0.040140 0.040173 0.368053 0.262811 0.449473 0.404499 0.344691 0.075290 0.040286 0.040091 0.040024 0.040049 0.040023 0.040014 0.040009 0.020020 0.040010 0.040014 0.040016 0.040008 0.040007 0.040012 0.040050 0.040045 0.044176 0.040030 0.040023 0.020030 0.040018 0.040029 0.020021 0.040006 0.020017 0.040007 0.040017 0.040081 0.040316 0.040015 0.040021 0.040018 0.040010 0.040010 0.040007 -9999.0 -9999.0 -9999.0 -9999.0 -9999.0 -9999.0
-9999.0 -9999.0 -9999.0 -9999.0 -9999.0 -9999.0 -9999.0 -9999.0 -9999.0 -9999.0 -9999.0 0.040109 0.040022 0.040043 0.040346 0.060574 0.129737 0.369115 0.444273 0.258645 0.316203 0.227128 0.041445 0.040048 0.040057 0.040301 0.040125 0.040009 0.040008 0.020025 0.040050 0.040023 0.040014 0.040009 0.040005 0.040011 0.040011 0.040087 0.060232 0.040062 0.040087 0.044271 0.040108 0.020109 0.040041 0.040009 0.040011 0.020025 0.020030 0.040383 0.020032 0.040009 0.040008 0.020019 0.020016 0.020015 0.020019 -9999.0 -9999.0 -9999.0 -9999.0 -9999.0 -9999.0
-9999.0 -9999.0 -9999.0 -9999.0 -9999.0 -9999.0 -9999.0 -9999.0 -9999.0 -9999.0 0.040032 0.040245 0.040032 0.040036 0.040126 0.040177 0.040124 0.111094 0.167375 0.273834 0.494411 0.488438 0.040168 0.040070 0.044298 0.040055 0.040025 0.020033 0.040016 0.040027 0.040036 0.040035 0.040028 0.040009 0.020014 0.020021 0.040017 0.040050 0.047638 0.091160 0.095439 0.124074 0.187446 0.512235 0.040684 0.020026 0.040013 0.040068 0.040037 0.044726 0.020032 0.020018 0.020015 0.020014 0.020014 0.040009 0.040009 -9999.0 -9999.0 -9999.0 -9999.0 -9999.0 -9999.0
-9999.0 -9999.0 -9999.0 -9999.0 -9999.0 -9999.0 -9999.0 -9999.0 -9999.0 0.040012 0.040043 0.040041 0.040165 0.040120 0.040188 0.040606 0.040480 0.059622 0.217174 0.155363 0.451211 0.243718 0.131362 0.099351 0.076427 0.040054 0.040021 0.040028 0.040182 0.046563 0.078456 0.040046 0.020022 0.020015 0.020016 0.020021 0.040011 0.040027 0.040059 0.040421 0.051485 0.040718 0.040227 0.334912 0.429563 0.040693 0.040195 0.040069 0.040071 0.085106 0.040023 0.020019 0.020013 0.020013 0.020016 0.040007 0.040010 0.020020 0.020017 -9999.0 -9999.0 -9999.0 -9999.0
-9999.0 -9999.0 -9999.0 -9999.0 -9999.0 -9999.0 -9999.0 -9999.0 -9999.0 0.040008 0.040010 0.040028 0.040127 0.050679 0.040388 0.040114 0.040144 0.112135 0.195534 0.330260 0.369397 0.302058 0.457203 0.046671 0.040080 0.040043 0.040202 0.043782 0.108833 0.051262 0.040208 0.040035 0.040012 0.040007 0.040009 0.020021 0.020022 0.020028 0.040011 0.040038 0.040101 0.040028 0.040246 0.180915 0.374641 0.431322 0.455031 0.097886 0.050131 0.086308 0.040022 0.040007 0.020014 0.040005 0.020019 0.040006 0.040009 0.040013 0.020024 -9999.0 -9999.0 -9999.0 -9999.0
-9999.0 -9999.0 -9999.0 -9999.0 -9999.0 -9999.0 -9999.0 -9999.0 -9999.0 -9999.0 0.040009 0.040023 0.041445 0.040211 0.062647 0.040501 0.047560 0.422555 0.184912 0.302515 0.424442 0.235803 0.081771 0.041750 0.040054 0.041361 0.083041 0.442817 0.040316 0.040049 0.040037 0.040024 0.040011 0.040008 0.040014 0.040014 0.040030 0.040048 0.020023 0.040010 0.040009 0.040031 0.040054 0.040805 0.085865 0.122066 0.410692 0.466290 0.447842 0.082007 0.040040 0.040017 0.020016 0.020015 0.040004 0.040007 0.040010 0.040043 0.040041 0.042101 -9999.0 -9999.0 -9999.0
-9999.0 -9999.0 -9999.0 -9999.0 -9999.0 -9999.0 -9999.0 -9999.0 -9999.0 -9999.0 0.040009 0.040013 0.040027 0.041565 0.336182 0.129390 0.108506 0.231968 0.188800 0.124144 0.116808 0.235969 0.063171 0.040275 0.041211 0.114899 0.520000 0.088561 0.040064 0.040013 0.040010 0.040012 0.020030 0.040007 0.040011 0.040025 0.040042 0.040302 0.040023 0.040008 0.040011 0.020035 0.040019 0.040022 0.040052 0.040370 0.045687 0.086644 0.427884 0.520000 0.063215 0.040024 0.040011 0.020017 0.020014 0.020015 0.040007 0.040070 0.520000 0.520000 -9999.0 -9999.0 -9999.0
-9999.0 -9999.0 -9999.0 -9999.0 -9999.0 -9999.0 -9999.0 -9999.0 0.040021 0.040010 0.040008 0.040020 0.040019 0.040020 0.046898 0.420084 0.186057 0.293286 0.255556 0.096013 0.092059 0.147523 0.182769 0.235507 0.093999 0.453594 0.189776 0.040119 0.040033 0.040013 0.020015 0.040010 0.040011 0.040007 0.040012 0.040012 0.040095 0.040404 0.040026 0.020021 0.020025 0.040033 0.020032 0.020022 0.020031 0.040029 0.040029 0.040144 0.092172 0.520000 0.077323 0.040130 0.040015 0.040007 0.020016 0.040008 0.020021 0.040053 0.107179 0.520000 -9999.0 -9999.0 -9999.0
-9999.0 -9999.0 -9999.0 -9999.0 -9999.0 -9999.0 -9999.0 -9999.0 0.020026 0.040039 0.040015 0.040008 0.040012 0.040032 0.040154 0.120492 0.287008 0.244044 0.107536 0.095479 0.352740 0.311592 0.307290 0.316198 0.175139 0.350401 0.499578 0.040257 0.020032 0.040008 0.040007 0.020022 0.040009 0.020023 0.040017 0.040025 0.040088 0.040207 0.040123 0.040017 0.040010 0.040005 0.020023 0.040019 0.040022 0.040072 0.020030 0.040016 0.040204 0.446601 0.520000 0.040389 0.040017 0.040007 0.040012 0.020035 0.040065 0.045373 0.499519 0.520000 0.117657 -9999.0 -9999.0
-9999.0 -9999.0 -9999.0 -9999.0 -9999.0 -9999.0 -9999.0 -9999.0 0.040011 0.040018 0.040019 0.040012 0.040010 0.020034 0.040103 0.040116 0.133642 0.326780 0.108832 0.317203 0.092854 0.235705 0.282123 0.134538 0.324570 0.293280 0.423935 0.040069 0.020034 0.040011 0.020024 0.040032 0.040025 0.040027 0.040032 0.040034 0.050886 0.520000 0.063620 0.040090 0.040015 0.020025 0.040021 0.040017 0.040048 0.040021 0.020021 0.040013 0.040032 0.094008 0.457571 0.073157 0.040013 0.040018 0.040038 0.040105 0.475878 0.520000 0.442115 0.520000 0.418645 -9999.0 -9999.0
-9999.0 -9999.0 -9999.0 -9999.0 -9999.0 -9999.0 -9999.0 -9999.0 0.020018 0.040018 0.040027 0.020035 0.040009 0.040061 0.040362 0.342618 0.172458 0.125248 0.371670 0.095239 0.108682 0.110164 0.245399 0.137309 0.170067 0.345689 0.047072 0.040036 0.040027 0.040084 0.040071 0.040157 0.047525 0.040332 0.040229 0.040064 0.072045 0.300209 0.478016 0.042500 0.040026 0.040028 0.040028 0.020031 0.040016 0.020025 0.040016 0.020029 0.040012 0.040061 0.102551 0.478831 0.084292 0.040122 0.079929 0.520000 0.520000 0.520000 0.391707 0.426191 0.416687 0.361068 -9999.0
-9999.0 -9999.0 -9999.0 -9999.0 -9999.0 -9999.0 -9999.0 -9999.0 0.040006 0.040020 0.040032 0.040050 0.040072 0.044993 0.055415 0.520000 0.518874 0.304977 0.333545 0.247642 0.125336 0.149319 0.116943 0.116353 0.359267 0.116478 0.040084 0.040675 0.067891 0.040960 0.040934 0.072425 0.520000 0.217915 0.086724 0.356936 0.417839 0.259595 0.293489 0.511891 0.096396 0.083205 0.059738 0.056272 0.040064 0.040037 0.040157 0.040648 0.040129 0.078835 0.463628 0.324602 0.427952 0.449861 0.520000 0.520000 0.520000 0.508581 0.496786 0.421442 0.342579 0.372364 -9999.0
-9999.0 -9999.0 0.040012 0.040021 0.040012 0.040039 0.040015 0.040017 0.040009 0.040012 0.040058 0.040095 0.045510 0.051402 0.518456 0.520000 0.076957 0.040074 0.040210 0.135464 0.240695 0.220046 0.498885 0.084410 0.153933 0.240428 0.108458 0.153371 0.384174 0.357493 0.086834 0.406733 0.520000 0.373883 0.437884 0.284353 0.366098 0.202709 0.225598 0.285081 0.398517 0.443608 0.399389 0.462639 0.122069 0.082399 0.516168 0.429602 0.448212 0.410648 0.355873 0.318389 0.501367 0.520000 0.520000 0.520000 0.520000 0.479052 0.467255 0.375477 0.475143 0.383450 -9999.0
-9999.0 0.040129 0.040077 0.040062 0.040042 0.040018 0.040015 0.040015 0.040011 0.040008 0.040028 0.040109 0.051358 0.040837 0.089319 0.040366 0.040056 0.040034 0.040069 0.099230 0.239133 0.310367 0.520000 0.437497 0.173339 0.145457 0.260343 0.318365 0.384833 0.444388 0.302879 0.372566 0.520000 0.511465 0.349383 0.308466 0.284119 0.132125 0.338436 0.329769 0.321496 0.368051 0.393768 0.266169 0.254106 0.226728 0.401376 0.243534 0.326323 0.362853 0.400628 0.483554 0.520000 0.520000 0.520000 0.520000 0.513986 0.482690 0.520000 0.087377 0.350163 0.388451 -9999.0
-9999.0 0.040097 0.040081 0.040422 0.040196 0.040036 0.040026 0.040013 0.040008 0.040007 0.040020 0.040069 0.121574 0.109947 0.044875 0.040028 0.040016 0.040028 0.040261 0.057917 0.142330 0.450076 0.403546 0.520000 0.503022 0.300795 0.081650 0.087290 0.311077 0.169622 0.097368 0.117399 0.470787 0.461258 0.444948 0.346819 0.370805 0.320693 0.289503 0.241106 0.289984 0.345210 0.351282 0.118239 0.076649 0.102284 0.273236 0.346569 0.361966 0.392020 0.433774 0.402300 0.459656 0.520000 0.520000 0.053886 0.040308 0.049596 0.058114 0.042299 0.061074 -9999.0 -9999.0
-9999.0 0.040031 0.040102 0.041304 0.450153 0.040053 0.040226 0.040046 0.040033 0.040035 0.040059 0.067903 0.452158 0.041678 0.040053 0.040020 0.040013 0.040026 0.040048 0.050909 0.042999 0.057320 0.236874 0.520000 0.519432 0.405835 0.420301 0.418534 0.126120 0.303131 0.085599 0.079196 0.395257 0.413362 0.341846 0.269411 0.287501 0.298215 0.253206 0.234527 0.237684 0.333747 0.299838 0.075978 0.075628 0.339655 0.330095 0.405884 0.429279 0.349192 0.444604 0.043199 0.064977 0.040282 0.041173 0.040113 0.040109 0.040080 0.040087 -9999.0 -9999.0 -9999.0 -9999.0
