user2019/resources/simulation/Vinschgau/output-maps/thetaliqL0003N0426.asc
ncols         63
nrows         48
xllcorner     598000.000000
yllcorner     5145000.000000
cellsize      1000.000000
NODATA_value  -9999.0
[rows 0 to 28 of 48, columns 0 to 62 of 63]
-9999.0 -9999.0 -9999.0 -9999.0 -9999.0 -9999.0 -9999.0 -9999.0 -9999.0 -9999.0 -9999.0 -9999.0 -9999.0 -9999.0 -9999.0 -9999.0 -9999.0 -9999.0 -9999.0 -9999.0 -9999.0 -9999.0 -9999.0 -9999.0 -9999.0 -9999.0 -9999.0 -9999.0 -9999.0 -9999.0 -9999.0 -9999.0 -9999.0 -9999.0 -9999.0 -9999.0 -9999.0 -9999.0 -9999.0 -9999.0 -9999.0 -9999.0 -9999.0 -9999.0 -9999.0 -9999.0 -9999.0 -9999.0 -9999.0 -9999.0 -9999.0 -9999.0 -9999.0 -9999.0 -9999.0 -9999.0 -9999.0 -9999.0 -9999.0 -9999.0 -9999.0 -9999.0 -9999.0
-9999.0 -9999.0 -9999.0 -9999.0 -9999.0 -9999.0 -9999.0 -9999.0 -9999.0 -9999.0 -9999.0 -9999.0 -9999.0 -9999.0 -9999.0 -9999.0 -9999.0 -9999.0 -9999.0 -9999.0 -9999.0 -9999.0 -9999.0 -9999.0 -9999.0 -9999.0 -9999.0 0.102926 0.444039 0.065277 0.520000 0.520000 0.520000 -9999.0 -9999.0 -9999.0 -9999.0 -9999.0 -9999.0 -9999.0 -9999.0 -9999.0 -9999.0 -9999.0 -9999.0 -9999.0 -9999.0 -9999.0 -9999.0 -9999.0 -9999.0 -9999.0 -9999.0 -9999.0 -9999.0 -9999.0 -9999.0 -9999.0 -9999.0 -9999.0 -9999.0 -9999.0 -9999.0
-9999.0 -9999.0 -9999.0 -9999.0 -9999.0 -9999.0 -9999.0 -9999.0 -9999.0 -9999.0 -9999.0 -9999.0 -9999.0 -9999.0 -9999.0 -9999.0 -9999.0 -9999.0 -9999.0 -9999.0 -9999.0 -9999.0 -9999.0 -9999.0 0.316756 0.305977 0.357058 0.416896 0.520000 0.520000 0.462743 -9999.0 -9999.0 -9999.0 -9999.0 -9999.0 -9999.0 -9999.0 -9999.0 -9999.0 -9999.0 -9999.0 -9999.0 -9999.0 -9999.0 -9999.0 -9999.0 -9999.0 -9999.0 -9999.0 -9999.0 -9999.0 -9999.0 -9999.0 -9999.0 -9999.0 -9999.0 -9999.0 -9999.0 -9999.0 -9999.0 -9999.0 -9999.0
-9999.0 -9999.0 -9999.0 -9999.0 -9999.0 -9999.0 -9999.0 -9999.0 -9999.0 -9999.0 -9999.0 -9999.0 -9999.0 -9999.0 -9999.0 -9999.0 -9999.0 -9999.0 -9999.0 -9999.0 -9999.0 -9999.0 -9999.0 0.284492 0.402186 0.151993 0.165183 0.097743 0.520000 0.403254 0.502368 0.451271 -9999.0 -9999.0 -9999.0 -9999.0 -9999.0 -9999.0 -9999.0 -9999.0 -9999.0 -9999.0 -9999.0 -9999.0 -9999.0 -9999.0 -9999.0 -9999.0 -9999.0 -9999.0 -9999.0 -9999.0 -9999.0 -9999.0 -9999.0 -9999.0 -9999.0 -9999.0 -9999.0 -9999.0 -9999.0 -9999.0 -9999.0
-9999.0 -9999.0 -9999.0 -9999.0 -9999.0 -9999.0 -9999.0 -9999.0 -9999.0 -9999.0 -9999.0 -9999.0 -9999.0 -9999.0 -9999.0 -9999.0 -9999.0 -9999.0 0.357453 0.319970 -9999.0 0.334126 0.390037 0.148609 0.255681 0.200050 0.392319 0.520000 0.515957 0.226204 0.478596 0.520000 0.089742 0.080697 -9999.0 -9999.0 -9999.0 -9999.0 -9999.0 -9999.0 -9999.0 -9999.0 -9999.0 -9999.0 -9999.0 -9999.0 -9999.0 -9999.0 -9999.0 -9999.0 -9999.0 -9999.0 -9999.0 -9999.0 -9999.0 -9999.0 -9999.0 -9999.0 -9999.0 -9999.0 -9999.0 -9999.0 -9999.0
-9999.0 -9999.0 -9999.0 -9999.0 -9999.0 -9999.0 -9999.0 -9999.0 -9999.0 -9999.0 -9999.0 -9999.0 -9999.0 -9999.0 -9999.0 -9999.0 -9999.0 0.220995 0.247033 0.025052 0.051233 0.303038 0.261509 0.222950 0.349644 0.440189 0.409479 0.520000 0.494843 0.520000 0.520000 0.520000 0.072167 0.037261 0.032741 0.020165 -9999.0 -9999.0 -9999.0 -9999.0 -9999.0 -9999.0 -9999.0 -9999.0 -9999.0 -9999.0 -9999.0 -9999.0 -9999.0 -9999.0 -9999.0 -9999.0 -9999.0 -9999.0 -9999.0 -9999.0 -9999.0 -9999.0 -9999.0 -9999.0 -9999.0 -9999.0 -9999.0
-9999.0 -9999.0 -9999.0 -9999.0 -9999.0 -9999.0 -9999.0 -9999.0 -9999.0 -9999.0 -9999.0 -9999.0 -9999.0 0.511534 0.356669 0.298341 0.271400 0.052019 0.229028 0.171905 0.240642 0.241383 0.148349 0.357387 0.370672 0.391295 0.029574 0.520000 0.520000 0.520000 0.520000 0.520000 0.520000 0.519990 0.071747 0.020062 -9999.0 -9999.0 -9999.0 -9999.0 -9999.0 -9999.0 -9999.0 -9999.0 -9999.0 -9999.0 -9999.0 -9999.0 -9999.0 -9999.0 -9999.0 -9999.0 -9999.0 -9999.0 -9999.0 -9999.0 -9999.0 -9999.0 -9999.0 -9999.0 -9999.0 -9999.0 -9999.0
-9999.0 -9999.0 -9999.0 -9999.0 -9999.0 -9999.0 -9999.0 -9999.0 -9999.0 -9999.0 -9999.0 -9999.0 -9999.0 0.479199 0.307339 0.272618 0.262669 0.375410 0.042511 0.174608 0.187062 0.399794 0.401135 0.444160 0.408523 0.461455 0.339332 0.030497 0.033898 0.419073 0.520000 0.519880 0.020196 0.020078 0.020128 -9999.0 -9999.0 -9999.0 -9999.0 -9999.0 -9999.0 -9999.0 -9999.0 -9999.0 -9999.0 -9999.0 -9999.0 -9999.0 -9999.0 -9999.0 -9999.0 -9999.0 -9999.0 -9999.0 -9999.0 -9999.0 -9999.0 -9999.0 -9999.0 -9999.0 -9999.0 -9999.0 -9999.0
-9999.0 -9999.0 -9999.0 -9999.0 -9999.0 -9999.0 -9999.0 -9999.0 -9999.0 -9999.0 -9999.0 -9999.0 -9999.0 0.254776 0.520000 0.274929 0.331789 0.267965 0.044364 0.234550 0.520000 0.027770 0.520000 0.346357 0.350721 0.520000 0.064512 0.038755 0.520000 0.020217 0.520000 0.020125 0.020079 0.020274 0.020183 -9999.0 -9999.0 -9999.0 -9999.0 -9999.0 -9999.0 -9999.0 -9999.0 -9999.0 -9999.0 -9999.0 -9999.0 -9999.0 -9999.0 -9999.0 -9999.0 -9999.0 -9999.0 -9999.0 -9999.0 -9999.0 -9999.0 -9999.0 -9999.0 -9999.0 -9999.0 -9999.0 -9999.0
-9999.0 -9999.0 -9999.0 -9999.0 -9999.0 -9999.0 -9999.0 -9999.0 -9999.0 -9999.0 -9999.0 -9999.0 0.208464 0.520000 0.398836 0.422606 0.411010 0.350726 0.359755 0.026124 0.339058 0.316826 0.520000 0.333700 0.520000 0.520000 0.520000 0.520000 0.520000 0.038829 0.040058 0.064981 0.520000 0.020103 -9999.0 -9999.0 -9999.0 -9999.0 -9999.0 -9999.0 -9999.0 -9999.0 -9999.0 -9999.0 -9999.0 -9999.0 -9999.0 -9999.0 -9999.0 -9999.0 -9999.0 -9999.0 -9999.0 -9999.0 -9999.0 -9999.0 -9999.0 -9999.0 -9999.0 -9999.0 -9999.0 -9999.0 -9999.0
-9999.0 -9999.0 -9999.0 -9999.0 -9999.0 -9999.0 -9999.0 -9999.0 -9999.0 -9999.0 -9999.0 0.426541 0.520000 0.520000 0.342236 0.520000 0.031162 0.388970 0.502476 0.036908 0.436489 0.470504 0.520000 0.520000 0.520000 0.520000 0.040135 0.520000 0.520000 0.020061 0.061795 0.520000 0.061904 0.047111 0.073302 0.068760 0.105231 0.082206 0.065551 -9999.0 -9999.0 -9999.0 0.064545 -9999.0 -9999.0 -9999.0 -9999.0 -9999.0 -9999.0 -9999.0 -9999.0 -9999.0 -9999.0 -9999.0 -9999.0 -9999.0 -9999.0 -9999.0 -9999.0 -9999.0 -9999.0 -9999.0 -9999.0
-9999.0 -9999.0 -9999.0 -9999.0 -9999.0 -9999.0 -9999.0 -9999.0 -9999.0 -9999.0 -9999.0 0.420864 0.520000 0.520000 0.520000 0.040332 0.520000 0.308995 0.383483 0.332062 0.446525 0.502507 0.520000 0.424967 0.510664 0.520000 0.520000 0.520000 0.111012 0.042314 0.520000 0.520000 0.503153 0.520000 0.333560 0.456802 0.337769 0.055572 0.054766 0.023561 0.028670 0.052844 0.520000 0.085286 -9999.0 -9999.0 -9999.0 0.520000 0.520000 0.064262 0.520000 0.066066 0.063843 0.520000 0.520000 0.020300 -9999.0 -9999.0 -9999.0 -9999.0 -9999.0 -9999.0 -9999.0
-9999.0 -9999.0 -9999.0 -9999.0 -9999.0 -9999.0 -9999.0 -9999.0 -9999.0 -9999.0 -9999.0 0.520000 0.455742 0.452733 0.426586 0.520000 0.520000 0.513259 0.442652 0.356640 0.382382 0.423297 0.455977 0.520000 0.520000 0.119856 0.490965 0.520000 0.055861 0.520000 0.045868 0.406894 0.511668 0.499042 0.083302 0.437519 0.246640 0.054573 0.049029 0.021741 0.066499 0.144758 0.516349 0.455331 0.426979 -9999.0 0.020154 0.520000 0.520000 0.520000 0.520000 0.118728 0.520000 0.520000 0.520000 0.520000 -9999.0 -9999.0 -9999.0 -9999.0 -9999.0 -9999.0 -9999.0
-9999.0 -9999.0 -9999.0 -9999.0 -9999.0 -9999.0 -9999.0 -9999.0 -9999.0 -9999.0 -9999.0 -9999.0 0.520000 0.287758 0.393913 0.426863 0.286595 0.441962 0.486739 0.365165 0.377842 0.411263 0.456815 0.520000 0.490477 0.444315 0.520000 0.520000 0.520000 0.080779 0.520000 0.520000 0.490908 0.520000 0.520000 0.500421 0.132242 0.057004 0.050206 0.053904 0.074114 0.035718 0.520000 0.446421 0.076840 0.520000 0.056450 0.520000 0.519997 0.520000 0.520000 0.520000 0.520000 0.520000 0.516431 0.053421 0.520000 -9999.0 -9999.0 -9999.0 -9999.0 -9999.0 -9999.0
-9999.0 -9999.0 -9999.0 -9999.0 -9999.0 -9999.0 -9999.0 -9999.0 -9999.0 -9999.0 -9999.0 0.327489 0.112149 0.520000 0.519943 0.519909 0.520000 0.465293 0.440036 0.310137 0.371908 0.409788 0.420166 0.337454 0.402886 0.520000 0.439197 0.520000 0.425076 0.092592 0.520000 0.520000 0.520000 0.520000 0.520000 0.520000 0.177963 0.067879 0.086880 0.058472 0.083614 0.108001 0.520000 0.052220 0.436498 0.506889 0.520000 0.095173 0.086733 0.520000 0.069653 0.520000 0.364083 0.020438 0.023378 0.034061 0.098736 -9999.0 -9999.0 -9999.0 -9999.0 -9999.0 -9999.0
-9999.0 -9999.0 -9999.0 -9999.0 -9999.0 -9999.0 -9999.0 -9999.0 -9999.0 -9999.0 0.520000 0.520000 0.520000 0.380678 0.520000 0.520000 0.520000 0.314842 0.290959 0.283949 0.361828 0.314474 0.297365 0.371460 0.360547 0.520000 0.507582 0.067633 0.520000 0.520000 0.520000 0.520000 0.520000 0.520000 0.038250 0.056851 0.432301 0.311886 0.397638 0.435032 0.519592 0.030778 0.161866 0.376665 0.407019 0.114620 0.520000 0.520000 0.520000 0.520000 0.045853 0.020257 0.021499 0.035010 0.035966 0.520000 0.520000 -9999.0 -9999.0 -9999.0 -9999.0 -9999.0 -9999.0
-9999.0 -9999.0 -9999.0 -9999.0 -9999.0 -9999.0 -9999.0 -9999.0 -9999.0 0.520000 0.520000 0.495838 0.520000 0.372649 0.360540 0.504023 0.385435 0.520000 0.311556 0.245273 0.318594 0.224368 0.273984 0.293714 0.322814 0.405747 0.309991 0.520000 0.402936 0.383720 0.520000 0.057841 0.040417 0.020117 0.057449 0.086436 0.520000 0.387350 0.311253 0.520000 0.520000 0.380767 0.302675 0.332610 0.327752 0.287932 0.442169 0.187460 0.205900 0.520000 0.520000 0.067131 0.034017 0.021410 0.068371 0.520000 0.520000 0.152335 0.093743 -9999.0 -9999.0 -9999.0 -9999.0
-9999.0 -9999.0 -9999.0 -9999.0 -9999.0 -9999.0 -9999.0 -9999.0 -9999.0 0.520000 0.520000 0.520000 0.520000 0.373762 0.333339 0.323311 0.520000 0.385961 0.284260 0.202883 0.216306 0.195313 0.360880 0.409503 0.410662 0.279548 0.354915 0.362560 0.417310 0.520000 0.520000 0.058642 0.520000 0.520000 0.520000 0.044856 0.043427 0.084043 0.363791 0.520000 0.519799 0.310925 0.278763 0.441983 0.345343 0.322636 0.304745 0.168804 0.197269 0.479225 0.504732 0.513056 0.020145 0.045019 0.038763 0.520000 0.520000 0.520000 0.146376 -9999.0 -9999.0 -9999.0 -9999.0
-9999.0 -9999.0 -9999.0 -9999.0 -9999.0 -9999.0 -9999.0 -9999.0 -9999.0 -9999.0 0.520000 0.520000 0.520000 0.520000 0.248684 0.321798 0.354346 0.321454 0.264846 0.222632 0.267265 0.320859 0.360801 0.476417 0.297873 0.336683 0.293018 0.458894 0.520000 0.520000 0.137452 0.520000 0.183053 0.520000 0.520000 0.520000 0.286622 0.380142 0.095633 0.520000 0.040323 0.520000 0.520000 0.520000 0.520000 0.436638 0.492237 0.420412 0.326749 0.520000 0.520000 0.520000 0.077709 0.041722 0.260647 0.520000 0.520000 0.520000 0.520000 0.294029 -9999.0 -9999.0 -9999.0
-9999.0 -9999.0 -9999.0 -9999.0 -9999.0 -9999.0 -9999.0 -9999.0 -9999.0 -9999.0 0.520000 0.520000 0.461404 0.520000 0.520000 0.308361 0.289017 0.269530 0.229287 0.201648 0.208336 0.251683 0.285523 0.254171 0.290398 0.277525 0.411716 0.520000 0.520000 0.517358 0.520000 0.520000 0.060512 0.520000 0.520000 0.520000 0.520000 0.520000 0.515332 0.520000 0.520000 0.167867 0.520000 0.520000 0.448212 0.520000 0.520000 0.520000 0.520000 0.520000 0.520000 0.520000 0.520000 0.086568 0.071896 0.074592 0.520000 0.520000 0.520000 0.520000 -9999.0 -9999.0 -9999.0
-9999.0 -9999.0 -9999.0 -9999.0 -9999.0 -9999.0 -9999.0 -9999.0 0.490142 0.520000 0.520000 0.520000 0.520000 0.520000 0.520000 0.454197 0.235967 0.194499 0.190135 0.194579 0.184310 0.206025 0.245936 0.250219 0.237478 0.379106 0.475961 0.520000 0.520000 0.507183 0.020220 0.520000 0.520000 0.520000 0.520000 0.040450 0.520000 0.520000 0.296331 0.104550 0.043992 0.520000 0.060152 0.020349 0.096768 0.520000 0.494181 0.520000 0.520000 0.520000 0.520000 0.520000 0.520000 0.515501 0.093717 0.520000 0.142624 0.520000 0.473173 0.520000 -9999.0 -9999.0 -9999.0
-9999.0 -9999.0 -9999.0 -9999.0 -9999.0 -9999.0 -9999.0 -9999.0 0.200000 0.520000 0.520000 0.520000 0.520000 0.520000 0.348674 0.392340 0.342647 0.277664 0.176327 0.182603 0.214463 0.188724 0.244452 0.210936 0.202388 0.367881 0.502239 0.520000 0.099076 0.520000 0.520000 0.106979 0.520000 0.086874 0.520000 0.520000 0.520000 0.520000 0.520000 0.520000 0.520000 0.435722 0.055683 0.520000 0.520000 0.520000 0.064184 0.520000 0.520000 0.519031 0.520000 0.520000 0.520000 0.520000 0.520000 0.084850 0.520000 0.520000 0.328983 0.390570 0.191291 -9999.0 -9999.0
-9999.0 -9999.0 -9999.0 -9999.0 -9999.0 -9999.0 -9999.0 -9999.0 0.520000 0.520000 0.520000 0.520000 0.520000 0.101179 0.520000 0.320366 0.255606 0.200604 0.167269 0.220666 0.176312 0.176442 0.187451 0.191138 0.245491 0.319831 0.392498 0.383654 0.079626 0.520000 0.096608 0.520000 0.520000 0.520000 0.520000 0.520000 0.520000 0.520000 0.520000 0.520000 0.520000 0.061848 0.520000 0.520000 0.388820 0.408821 0.104326 0.426345 0.375702 0.520000 0.430750 0.520000 0.520000 0.520000 0.520000 0.520000 0.520000 0.469096 0.350257 0.361720 0.283894 -9999.0 -9999.0
-9999.0 -9999.0 -9999.0 -9999.0 -9999.0 -9999.0 -9999.0 -9999.0 0.045070 0.520000 0.520000 0.086455 0.520000 0.520000 0.520000 0.352462 0.185770 0.259116 0.292129 0.177250 0.175814 0.172178 0.158835 0.147489 0.219277 0.340491 0.332972 0.382956 0.396787 0.499339 0.520000 0.520000 0.520000 0.520000 0.520000 0.297384 0.320832 0.447015 0.520000 0.520000 0.520000 0.520000 0.520000 0.116005 0.354980 0.108456 0.520000 0.122455 0.387678 0.365009 0.412250 0.445080 0.520000 0.510887 0.520000 0.520000 0.520000 0.520000 0.381142 0.323264 0.358845 0.374692 -9999.0
-9999.0 -9999.0 -9999.0 -9999.0 -9999.0 -9999.0 -9999.0 -9999.0 0.388987 0.520000 0.520000 0.520000 0.520000 0.520000 0.484103 0.298277 0.434060 0.395191 0.407038 0.346229 0.216528 0.163872 0.145903 0.127831 0.140141 0.263050 0.257344 0.289410 0.280196 0.429733 0.465135 0.492340 0.520000 0.520000 0.495380 0.358991 0.324612 0.430113 0.520000 0.520000 0.474270 0.520000 0.520000 0.468714 0.469392 0.472407 0.465311 0.520000 0.321974 0.256713 0.182472 0.241428 0.379399 0.302055 0.520000 0.520000 0.510606 0.452311 0.434483 0.390450 0.400801 0.399698 -9999.0
-9999.0 -9999.0 0.520000 0.373520 0.520000 0.331390 0.520000 0.520000 0.520000 0.520000 0.520000 0.520000 0.520000 0.520000 0.448756 0.478580 0.520000 0.372069 0.333637 0.414087 0.309892 0.323648 0.427807 0.128920 0.161016 0.192915 0.256937 0.264170 0.336899 0.348199 0.291305 0.416441 0.520000 0.447261 0.370602 0.362016 0.284860 0.393260 0.520000 0.520000 0.400978 0.431714 0.520000 0.341036 0.398730 0.352268 0.377229 0.419623 0.320823 0.294375 0.235427 0.293239 0.514715 0.520000 0.520000 0.520000 0.520000 0.520000 0.482335 0.451067 0.512718 0.434084 -9999.0
-9999.0 0.289307 0.441402 0.435776 0.318874 0.520000 0.520000 0.428073 0.419445 0.520000 0.520000 0.520000 0.520000 0.520000 0.520000 0.520000 0.520000 0.375053 0.333373 0.348348 0.243615 0.392078 0.520000 0.408642 0.145524 0.142708 0.163948 0.180701 0.291345 0.329150 0.166569 0.225991 0.520000 0.497584 0.286597 0.228828 0.219044 0.259889 0.392434 0.327652 0.218069 0.356057 0.439926 0.306380 0.268637 0.279756 0.326119 0.309709 0.298347 0.371974 0.380479 0.517587 0.520000 0.520000 0.520000 0.520000 0.520000 0.520000 0.520000 0.520000 0.520000 0.520000 -9999.0
-9999.0 0.520000 0.520000 0.481231 0.273692 0.520000 0.519250 0.367792 0.377015 0.520000 0.440604 0.520000 0.520000 0.520000 0.520000 0.520000 0.520000 0.346657 0.520000 0.520000 0.520000 0.488338 0.407200 0.520000 0.357029 0.187282 0.132274 0.135501 0.268267 0.194830 0.129586 0.137131 0.499293 0.441979 0.393382 0.358295 0.243172 0.195473 0.314508 0.161590 0.289883 0.362293 0.384116 0.168112 0.120055 0.121211 0.321848 0.425937 0.416803 0.511103 0.509134 0.479192 0.511866 0.520000 0.520000 0.520000 0.520000 0.520000 0.520000 0.392991 0.408061 -9999.0 -9999.0
-9999.0 0.520000 0.520000 0.520000 0.520000 0.520000 0.322066 0.472297 0.498315 0.517918 0.483573 0.446763 0.519603 0.520000 0.520000 0.520000 0.422831 0.520000 0.520000 0.520000 0.328038 0.377531 0.253260 0.520000 0.520000 0.453409 0.520000 0.520000 0.173374 0.364469 0.149016 0.135557 0.359403 0.398095 0.520000 0.272211 0.511573 0.216446 0.259955 0.224337 0.182188 0.326913 0.309118 0.125756 0.127662 0.520000 0.435029 0.520000 0.520000 0.520000 0.520000 0.520000 0.520000 0.520000 0.520000 0.520000 0.520000 0.520000 0.406573 -9999.0 -9999.0 -9999.0 -9999.0
