user2019/resources/simulation/Vinschgau/output-maps/thetaliqL0007N0815.asc
ncols         63
nrows         48
xllcorner     598000.000000
yllcorner     5145000.000000
cellsize      1000.000000
NODATA_value  -9999.0
[rows 0 to 28 of 48, columns 0 to 62 of 63]
-9999.0 -9999.0 -9999.0 -9999.0 -9999.0 -9999.0 -9999.0 -9999.0 -9999.0 -9999.0 -9999.0 -9999.0 -9999.0 -9999.0 -9999.0 -9999.0 -9999.0 -9999.0 -9999.0 -9999.0 -9999.0 -9999.0 -9999.0 -9999.0 -9999.0 -9999.0 -9999.0 -9999.0 -9999.0 -9999.0 -9999.0 -9999.0 -9999.0 -9999.0 -9999.0 -9999.0 -9999.0 -9999.0 -9999.0 -9999.0 -9999.0 -9999.0 -9999.0 -9999.0 -9999.0 -9999.0 -9999.0 -9999.0 -9999.0 -9999.0 -9999.0 -9999.0 -9999.0 -9999.0 -9999.0 -9999.0 -9999.0 -9999.0 -9999.0 -9999.0 -9999.0 -9999.0 -9999.0
-9999.0 -9999.0 -9999.0 -9999.0 -9999.0 -9999.0 -9999.0 -9999.0 -9999.0 -9999.0 -9999.0 -9999.0 -9999.0 -9999.0 -9999.0 -9999.0 -9999.0 -9999.0 -9999.0 -9999.0 -9999.0 -9999.0 -9999.0 -9999.0 -9999.0 -9999.0 -9999.0 0.020030 0.020071 0.020034 0.020035 0.020029 0.020027 -9999.0 -9999.0 -9999.0 -9999.0 -9999.0 -9999.0 -9999.0 -9999.0 -9999.0 -9999.0 -9999.0 -9999.0 -9999.0 -9999.0 -9999.0 -9999.0 -9999.0 -9999.0 -9999.0 -9999.0 -9999.0 -9999.0 -9999.0 -9999.0 -9999.0 -9999.0 -9999.0 -9999.0 -9999.0 -9999.0
-9999.0 -9999.0 -9999.0 -9999.0 -9999.0 -9999.0 -9999.0 -9999.0 -9999.0 -9999.0 -9999.0 -9999.0 -9999.0 -9999.0 -9999.0 -9999.0 -9999.0 -9999.0 -9999.0 -9999.0 -9999.0 -9999.0 -9999.0 -9999.0 0.020130 0.024862 0.099450 0.020181 0.020087 0.020042 0.020035 -9999.0 -9999.0 -9999.0 -9999.0 -9999.0 -9999.0 -9999.0 -9999.0 -9999.0 -9999.0 -9999.0 -9999.0 -9999.0 -9999.0 -9999.0 -9999.0 -9999.0 -9999.0 -9999.0 -9999.0 -9999.0 -9999.0 -9999.0 -9999.0 -9999.0 -9999.0 -9999.0 -9999.0 -9999.0 -9999.0 -9999.0 -9999.0
-9999.0 -9999.0 -9999.0 -9999.0 -9999.0 -9999.0 -9999.0 -9999.0 -9999.0 -9999.0 -9999.0 -9999.0 -9999.0 -9999.0 -9999.0 -9999.0 -9999.0 -9999.0 -9999.0 -9999.0 -9999.0 -9999.0 -9999.0 0.035677 0.189367 0.372394 0.068617 0.021136 0.022245 0.020142 0.020039 0.020030 -9999.0 -9999.0 -9999.0 -9999.0 -9999.0 -9999.0 -9999.0 -9999.0 -9999.0 -9999.0 -9999.0 -9999.0 -9999.0 -9999.0 -9999.0 -9999.0 -9999.0 -9999.0 -9999.0 -9999.0 -9999.0 -9999.0 -9999.0 -9999.0 -9999.0 -9999.0 -9999.0 -9999.0 -9999.0 -9999.0 -9999.0
-9999.0 -9999.0 -9999.0 -9999.0 -9999.0 -9999.0 -9999.0 -9999.0 -9999.0 -9999.0 -9999.0 -9999.0 -9999.0 -9999.0 -9999.0 -9999.0 -9999.0 -9999.0 0.430000 0.142481 -9999.0 0.087291 0.186271 0.021319 0.072006 0.021191 0.428428 0.430000 0.430000 0.071872 0.020128 0.020041 0.020024 0.020018 -9999.0 -9999.0 -9999.0 -9999.0 -9999.0 -9999.0 -9999.0 -9999.0 -9999.0 -9999.0 -9999.0 -9999.0 -9999.0 -9999.0 -9999.0 -9999.0 -9999.0 -9999.0 -9999.0 -9999.0 -9999.0 -9999.0 -9999.0 -9999.0 -9999.0 -9999.0 -9999.0 -9999.0 -9999.0
-9999.0 -9999.0 -9999.0 -9999.0 -9999.0 -9999.0 -9999.0 -9999.0 -9999.0 -9999.0 -9999.0 -9999.0 -9999.0 -9999.0 -9999.0 -9999.0 -9999.0 0.234694 0.055724 0.021145 0.020145 0.429938 0.074204 0.022483 0.419925 0.071848 0.074405 0.100525 0.076780 0.430000 0.020137 0.020038 0.020033 0.020030 0.020022 0.020018 -9999.0 -9999.0 -9999.0 -9999.0 -9999.0 -9999.0 -9999.0 -9999.0 -9999.0 -9999.0 -9999.0 -9999.0 -9999.0 -9999.0 -9999.0 -9999.0 -9999.0 -9999.0 -9999.0 -9999.0 -9999.0 -9999.0 -9999.0 -9999.0 -9999.0 -9999.0 -9999.0
-9999.0 -9999.0 -9999.0 -9999.0 -9999.0 -9999.0 -9999.0 -9999.0 -9999.0 -9999.0 -9999.0 -9999.0 -9999.0 0.119507 0.090235 0.354054 0.191723 0.049991 0.239007 0.021324 0.072214 0.067633 0.021503 0.141852 0.078510 0.166725 0.020117 0.020187 0.020374 0.089043 0.081326 0.020100 0.020032 0.020027 0.020024 0.020018 -9999.0 -9999.0 -9999.0 -9999.0 -9999.0 -9999.0 -9999.0 -9999.0 -9999.0 -9999.0 -9999.0 -9999.0 -9999.0 -9999.0 -9999.0 -9999.0 -9999.0 -9999.0 -9999.0 -9999.0 -9999.0 -9999.0 -9999.0 -9999.0 -9999.0 -9999.0 -9999.0
-9999.0 -9999.0 -9999.0 -9999.0 -9999.0 -9999.0 -9999.0 -9999.0 -9999.0 -9999.0 -9999.0 -9999.0 -9999.0 0.196986 0.080536 0.339205 0.229398 0.429175 0.050011 0.058581 0.020308 0.050432 0.072075 0.080245 0.088947 0.023040 0.020073 0.020032 0.020026 0.020196 0.020288 0.020038 0.020024 0.020015 0.020020 -9999.0 -9999.0 -9999.0 -9999.0 -9999.0 -9999.0 -9999.0 -9999.0 -9999.0 -9999.0 -9999.0 -9999.0 -9999.0 -9999.0 -9999.0 -9999.0 -9999.0 -9999.0 -9999.0 -9999.0 -9999.0 -9999.0 -9999.0 -9999.0 -9999.0 -9999.0 -9999.0 -9999.0
-9999.0 -9999.0 -9999.0 -9999.0 -9999.0 -9999.0 -9999.0 -9999.0 -9999.0 -9999.0 -9999.0 -9999.0 -9999.0 0.070520 0.200000 0.381927 0.319536 0.254420 0.050027 0.215235 0.195711 0.021426 0.075970 0.076836 0.096341 0.105455 0.020046 0.020025 0.020031 0.020017 0.020032 0.020015 0.020014 0.020014 0.020017 -9999.0 -9999.0 -9999.0 -9999.0 -9999.0 -9999.0 -9999.0 -9999.0 -9999.0 -9999.0 -9999.0 -9999.0 -9999.0 -9999.0 -9999.0 -9999.0 -9999.0 -9999.0 -9999.0 -9999.0 -9999.0 -9999.0 -9999.0 -9999.0 -9999.0 -9999.0 -9999.0 -9999.0
-9999.0 -9999.0 -9999.0 -9999.0 -9999.0 -9999.0 -9999.0 -9999.0 -9999.0 -9999.0 -9999.0 -9999.0 0.021783 0.200000 0.087728 0.105208 0.420652 0.358996 0.420724 0.021204 0.072770 0.083141 0.021520 0.104325 0.306969 0.020057 0.020102 0.020034 0.020033 0.020024 0.020015 0.020023 0.020024 0.020016 -9999.0 -9999.0 -9999.0 -9999.0 -9999.0 -9999.0 -9999.0 -9999.0 -9999.0 -9999.0 -9999.0 -9999.0 -9999.0 -9999.0 -9999.0 -9999.0 -9999.0 -9999.0 -9999.0 -9999.0 -9999.0 -9999.0 -9999.0 -9999.0 -9999.0 -9999.0 -9999.0 -9999.0 -9999.0
-9999.0 -9999.0 -9999.0 -9999.0 -9999.0 -9999.0 -9999.0 -9999.0 -9999.0 -9999.0 -9999.0 0.188050 0.131080 0.430000 0.100771 0.198402 0.021251 0.381155 0.430000 0.021150 0.021681 0.430000 0.020219 0.020108 0.020125 0.020065 0.020028 0.020049 0.020079 0.020019 0.020022 0.020033 0.020024 0.020020 0.020022 0.020025 0.020032 0.020044 0.020048 -9999.0 -9999.0 -9999.0 0.020019 -9999.0 -9999.0 -9999.0 -9999.0 -9999.0 -9999.0 -9999.0 -9999.0 -9999.0 -9999.0 -9999.0 -9999.0 -9999.0 -9999.0 -9999.0 -9999.0 -9999.0 -9999.0 -9999.0 -9999.0
-9999.0 -9999.0 -9999.0 -9999.0 -9999.0 -9999.0 -9999.0 -9999.0 -9999.0 -9999.0 -9999.0 0.158106 0.121110 0.024936 0.098862 0.108325 0.077666 0.050724 0.426625 0.430000 0.198274 0.151352 0.097187 0.020128 0.020091 0.020050 0.020047 0.020052 0.020032 0.020020 0.020040 0.020052 0.020031 0.020025 0.020023 0.020039 0.020141 0.020154 0.020055 0.020021 0.020021 0.020020 0.020037 0.020024 -9999.0 -9999.0 -9999.0 0.040018 0.020021 0.020022 0.020025 0.020019 0.020019 0.040020 0.040021 0.020018 -9999.0 -9999.0 -9999.0 -9999.0 -9999.0 -9999.0 -9999.0
-9999.0 -9999.0 -9999.0 -9999.0 -9999.0 -9999.0 -9999.0 -9999.0 -9999.0 -9999.0 -9999.0 0.025652 0.182414 0.020369 0.430000 0.141547 0.141192 0.075489 0.195446 0.426955 0.429002 0.023569 0.111993 0.020126 0.020048 0.020031 0.029019 0.020097 0.020029 0.020024 0.020026 0.020036 0.020069 0.020027 0.020024 0.020038 0.020064 0.020066 0.020213 0.020028 0.020060 0.020031 0.020051 0.020053 0.020027 -9999.0 0.020017 0.020026 0.020038 0.020055 0.020063 0.020040 0.020043 0.020038 0.020032 0.020028 -9999.0 -9999.0 -9999.0 -9999.0 -9999.0 -9999.0 -9999.0
-9999.0 -9999.0 -9999.0 -9999.0 -9999.0 -9999.0 -9999.0 -9999.0 -9999.0 -9999.0 -9999.0 -9999.0 0.151931 0.408017 0.195522 0.196664 0.081498 0.066548 0.430000 0.429887 0.074888 0.023310 0.020456 0.054862 0.020112 0.041364 0.069615 0.020054 0.020035 0.020025 0.020044 0.020048 0.020078 0.020033 0.020028 0.020046 0.020205 0.020810 0.068739 0.020126 0.020181 0.020055 0.020046 0.078043 0.020026 0.020025 0.020021 0.020027 0.020043 0.020261 0.426445 0.020060 0.040068 0.040041 0.020030 0.020035 0.020031 -9999.0 -9999.0 -9999.0 -9999.0 -9999.0 -9999.0
-9999.0 -9999.0 -9999.0 -9999.0 -9999.0 -9999.0 -9999.0 -9999.0 -9999.0 -9999.0 -9999.0 0.362374 0.020152 0.020266 0.057432 0.128815 0.141138 0.085541 0.198500 0.405696 0.074785 0.074303 0.139928 0.020172 0.082891 0.020263 0.358929 0.020034 0.020034 0.020034 0.020182 0.020110 0.020092 0.020034 0.020022 0.020038 0.020045 0.020309 0.168521 0.020402 0.020304 0.033022 0.020398 0.020273 0.085635 0.020038 0.020031 0.020034 0.020045 0.020988 0.020035 0.020035 0.020026 0.020021 0.020018 0.020017 0.020023 -9999.0 -9999.0 -9999.0 -9999.0 -9999.0 -9999.0
-9999.0 -9999.0 -9999.0 -9999.0 -9999.0 -9999.0 -9999.0 -9999.0 -9999.0 -9999.0 0.307979 0.113484 0.122086 0.128672 0.194758 0.193534 0.191361 0.076995 0.338066 0.412455 0.430000 0.430000 0.020287 0.192584 0.127430 0.289336 0.020088 0.020029 0.020113 0.020159 0.020134 0.020132 0.020165 0.020033 0.020017 0.020026 0.020124 0.020212 0.026011 0.084561 0.024038 0.021555 0.050366 0.430000 0.114015 0.020036 0.020073 0.020123 0.020136 0.132703 0.020028 0.020021 0.020017 0.020015 0.020015 0.020033 0.020031 -9999.0 -9999.0 -9999.0 -9999.0 -9999.0 -9999.0
-9999.0 -9999.0 -9999.0 -9999.0 -9999.0 -9999.0 -9999.0 -9999.0 -9999.0 0.020054 0.150459 0.165124 0.020261 0.120858 0.323235 0.125030 0.133632 0.198596 0.059853 0.338670 0.430000 0.061327 0.024066 0.091965 0.430000 0.020090 0.020105 0.020173 0.020857 0.126992 0.136003 0.020080 0.020028 0.020018 0.020020 0.020026 0.020038 0.020051 0.020196 0.084083 0.029910 0.083900 0.024158 0.072537 0.026744 0.023298 0.153681 0.020231 0.020235 0.430000 0.020051 0.020023 0.020014 0.020016 0.020019 0.020022 0.020032 0.020026 0.020021 -9999.0 -9999.0 -9999.0 -9999.0
-9999.0 -9999.0 -9999.0 -9999.0 -9999.0 -9999.0 -9999.0 -9999.0 -9999.0 0.020028 0.020029 0.020161 0.200000 0.119416 0.114001 0.116440 0.195107 0.127251 0.057546 0.418418 0.427487 0.115844 0.430000 0.197545 0.020121 0.024480 0.118370 0.125001 0.122119 0.430000 0.073197 0.020066 0.020044 0.020027 0.020035 0.020027 0.020030 0.020041 0.020050 0.020205 0.296938 0.020133 0.082127 0.114190 0.428223 0.429731 0.089653 0.022795 0.023027 0.130449 0.020047 0.020024 0.020017 0.020019 0.020022 0.040009 0.020028 0.020045 0.020032 -9999.0 -9999.0 -9999.0 -9999.0
-9999.0 -9999.0 -9999.0 -9999.0 -9999.0 -9999.0 -9999.0 -9999.0 -9999.0 -9999.0 0.020040 0.020158 0.140973 0.430000 0.023428 0.113733 0.126716 0.115906 0.057281 0.410361 0.430000 0.023082 0.083875 0.028000 0.079806 0.119808 0.118707 0.135292 0.075249 0.020088 0.020069 0.040281 0.020033 0.020030 0.020036 0.020091 0.114198 0.153945 0.020030 0.020040 0.020036 0.101571 0.199659 0.028467 0.029719 0.088019 0.029946 0.430000 0.023095 0.023588 0.020072 0.020043 0.020019 0.020017 0.020019 0.020026 0.020040 0.020170 0.020153 0.123025 -9999.0 -9999.0 -9999.0
-9999.0 -9999.0 -9999.0 -9999.0 -9999.0 -9999.0 -9999.0 -9999.0 -9999.0 -9999.0 0.020034 0.020073 0.061186 0.051545 0.430000 0.065849 0.069532 0.378694 0.369728 0.251318 0.262680 0.059296 0.070104 0.099368 0.113751 0.120782 0.430000 0.082753 0.020103 0.020036 0.020041 0.020089 0.020031 0.020026 0.020046 0.020112 0.032921 0.045465 0.020059 0.020033 0.020047 0.020051 0.020093 0.020138 0.387461 0.020241 0.147921 0.029397 0.030127 0.026395 0.023729 0.020057 0.020031 0.020021 0.020016 0.020017 0.020026 0.020217 0.101956 0.430000 -9999.0 -9999.0 -9999.0
-9999.0 -9999.0 -9999.0 -9999.0 -9999.0 -9999.0 -9999.0 -9999.0 0.020129 0.020048 0.020030 0.020135 0.020101 0.020105 0.020830 0.430000 0.054361 0.117447 0.386200 0.203802 0.213042 0.050951 0.054384 0.060039 0.091066 0.430000 0.430000 0.020336 0.020151 0.020035 0.020017 0.020039 0.020044 0.020028 0.020039 0.020053 0.140046 0.132872 0.020054 0.020026 0.020034 0.020149 0.020035 0.020028 0.020056 0.092908 0.020058 0.144258 0.028652 0.430000 0.073523 0.020124 0.020044 0.020022 0.020019 0.020031 0.020027 0.190352 0.025105 0.091471 -9999.0 -9999.0 -9999.0
-9999.0 -9999.0 -9999.0 -9999.0 -9999.0 -9999.0 -9999.0 -9999.0 0.020040 0.020172 0.020042 0.020032 0.020064 0.020125 0.074382 0.085162 0.070178 0.063512 0.020349 0.206986 0.425779 0.412001 0.406363 0.120903 0.054350 0.426034 0.430000 0.123870 0.020034 0.020034 0.020028 0.020029 0.020031 0.020030 0.020127 0.020270 0.147222 0.145627 0.020380 0.020126 0.020042 0.020020 0.020030 0.020132 0.020134 0.021100 0.020032 0.020117 0.027282 0.094230 0.090077 0.141358 0.020040 0.020028 0.020062 0.020046 0.020203 0.023541 0.026169 0.430000 0.226216 -9999.0 -9999.0
-9999.0 -9999.0 -9999.0 -9999.0 -9999.0 -9999.0 -9999.0 -9999.0 0.020044 0.020103 0.020122 0.020034 0.020080 0.020038 0.125453 0.020167 0.062499 0.073172 0.044667 0.415715 0.204630 0.376834 0.399171 0.300867 0.412440 0.071340 0.091473 0.020151 0.020030 0.020048 0.020033 0.020178 0.020130 0.020072 0.025175 0.096834 0.022328 0.031218 0.027126 0.020287 0.020091 0.020034 0.020129 0.020098 0.020170 0.020126 0.020027 0.020097 0.020123 0.029715 0.430000 0.074075 0.020046 0.020041 0.020140 0.147627 0.161424 0.155502 0.083962 0.430000 0.430000 -9999.0 -9999.0
-9999.0 -9999.0 -9999.0 -9999.0 -9999.0 -9999.0 -9999.0 -9999.0 0.020022 0.020130 0.120405 0.020031 0.020049 0.130103 0.020128 0.082256 0.021119 0.047130 0.422909 0.217619 0.230861 0.250040 0.379672 0.295933 0.334828 0.075134 0.085843 0.020068 0.106396 0.020317 0.020235 0.020466 0.021630 0.143278 0.020650 0.103989 0.128520 0.075240 0.032228 0.024099 0.020149 0.020168 0.020165 0.020055 0.020104 0.020035 0.020118 0.020044 0.020082 0.020202 0.088762 0.082593 0.075654 0.419770 0.162413 0.173454 0.091487 0.430000 0.430000 0.430000 0.429996 0.425988 -9999.0
-9999.0 -9999.0 -9999.0 -9999.0 -9999.0 -9999.0 -9999.0 -9999.0 0.020024 0.020121 0.157846 0.020085 0.020066 0.020459 0.198049 0.430000 0.430000 0.072392 0.077217 0.064438 0.288112 0.295270 0.247505 0.230998 0.117476 0.064919 0.031535 0.122502 0.120073 0.137420 0.026972 0.140690 0.026800 0.155469 0.024981 0.025008 0.024498 0.070520 0.026521 0.165660 0.025356 0.021531 0.024340 0.021518 0.020216 0.077378 0.023219 0.020556 0.023025 0.023735 0.024424 0.066163 0.077353 0.102810 0.200000 0.430000 0.430000 0.430000 0.430000 0.084563 0.078943 0.428144 -9999.0
-9999.0 -9999.0 0.020057 0.020125 0.020076 0.020172 0.020054 0.020047 0.020048 0.020098 0.020200 0.318613 0.020149 0.161978 0.200000 0.430000 0.028249 0.023525 0.133315 0.083784 0.061606 0.387197 0.430000 0.180868 0.257003 0.058789 0.063885 0.068705 0.077224 0.200000 0.076205 0.085203 0.430000 0.080293 0.140253 0.071227 0.126054 0.061402 0.023797 0.025460 0.023620 0.024460 0.027217 0.083298 0.027744 0.024473 0.141138 0.430000 0.024661 0.092386 0.083790 0.409403 0.430000 0.430000 0.430000 0.430000 0.430000 0.430000 0.094767 0.085319 0.430000 0.429427 -9999.0
-9999.0 0.116630 0.043523 0.049880 0.020164 0.020085 0.020054 0.020050 0.020033 0.020031 0.020126 0.020205 0.430000 0.430000 0.430000 0.020401 0.063494 0.020131 0.381074 0.077044 0.060844 0.074661 0.430000 0.430000 0.316963 0.287981 0.364430 0.404283 0.100521 0.430000 0.068923 0.087565 0.155325 0.430000 0.119431 0.409645 0.107871 0.048386 0.422338 0.413383 0.109178 0.131913 0.073416 0.066333 0.060994 0.057255 0.429501 0.063304 0.082586 0.430000 0.429942 0.430000 0.430000 0.430000 0.430000 0.430000 0.430000 0.430000 0.430000 0.430000 0.430000 0.429753 -9999.0
-9999.0 0.156700 0.020223 0.104207 0.430000 0.020134 0.020055 0.020049 0.020042 0.020029 0.020105 0.020134 0.084047 0.430000 0.027303 0.020056 0.020043 0.020115 0.112325 0.065540 0.430000 0.430000 0.430000 0.430000 0.430000 0.405017 0.148148 0.223085 0.414454 0.054645 0.042260 0.045831 0.430000 0.430000 0.430000 0.427156 0.429339 0.418465 0.412372 0.388170 0.411251 0.427329 0.135894 0.293700 0.154955 0.042942 0.394082 0.424948 0.427189 0.429848 0.430000 0.429695 0.430000 0.430000 0.102439 0.426045 0.078171 0.425284 0.089551 0.425810 0.427896 -9999.0 -9999.0
-9999.0 0.020168 0.020220 0.020172 0.087832 0.430000 0.430000 0.020083 0.020128 0.020132 0.056819 0.077002 0.153339 0.430000 0.020090 0.020044 0.020047 0.020077 0.020082 0.049917 0.079497 0.082031 0.350838 0.430000 0.430000 0.430000 0.430000 0.430000 0.248092 0.412552 0.180202 0.169842 0.430000 0.430000 0.426571 0.402088 0.410796 0.413141 0.395357 0.388063 0.389801 0.424225 0.416979 0.172956 0.167968 0.425993 0.422898 0.430000 0.430000 0.427697 0.091699 0.430000 0.426393 0.423171 0.409766 0.275508 0.275611 0.231224 0.299898 -9999.0 -9999.0 -9999.0 -9999.0
