user2019/resources/simulation/Vinschgau/output-maps/thetaliqL0001N0012.asc
ncols         63
nrows         48
xllcorner     598000.000000
yllcorner     5145000.000000
cellsize      1000.000000
NODATA_value  -9999.0
[rows 0 to 28 of 48, columns 0 to 62 of 63]
-9999.0 -9999.0 -9999.0 -9999.0 -9999.0 -9999.0 -9999.0 -9999.0 -9999.0 -9999.0 -9999.0 -9999.0 -9999.0 -9999.0 -9999.0 -9999.0 -9999.0 -9999.0 -9999.0 -9999.0 -9999.0 -9999.0 -9999.0 -9999.0 -9999.0 -9999.0 -9999.0 -9999.0 -9999.0 -9999.0 -9999.0 -9999.0 -9999.0 -9999.0 -9999.0 -9999.0 -9999.0 -9999.0 -9999.0 -9999.0 -9999.0 -9999.0 -9999.0 -9999.0 -9999.0 -9999.0 -9999.0 -9999.0 -9999.0 -9999.0 -9999.0 -9999.0 -9999.0 -9999.0 -9999.0 -9999.0 -9999.0 -9999.0 -9999.0 -9999.0 -9999.0 -9999.0 -9999.0
-9999.0 -9999.0 -9999.0 -9999.0 -9999.0 -9999.0 -9999.0 -9999.0 -9999.0 -9999.0 -9999.0 -9999.0 -9999.0 -9999.0 -9999.0 -9999.0 -9999.0 -9999.0 -9999.0 -9999.0 -9999.0 -9999.0 -9999.0 -9999.0 -9999.0 -9999.0 -9999.0 0.180650 0.329807 0.178859 0.040021 0.040018 0.040018 -9999.0 -9999.0 -9999.0 -9999.0 -9999.0 -9999.0 -9999.0 -9999.0 -9999.0 -9999.0 -9999.0 -9999.0 -9999.0 -9999.0 -9999.0 -9999.0 -9999.0 -9999.0 -9999.0 -9999.0 -9999.0 -9999.0 -9999.0 -9999.0 -9999.0 -9999.0 -9999.0 -9999.0 -9999.0 -9999.0
-9999.0 -9999.0 -9999.0 -9999.0 -9999.0 -9999.0 -9999.0 -9999.0 -9999.0 -9999.0 -9999.0 -9999.0 -9999.0 -9999.0 -9999.0 -9999.0 -9999.0 -9999.0 -9999.0 -9999.0 -9999.0 -9999.0 -9999.0 -9999.0 0.337948 0.323594 0.327220 0.334856 0.326000 0.343817 0.040098 -9999.0 -9999.0 -9999.0 -9999.0 -9999.0 -9999.0 -9999.0 -9999.0 -9999.0 -9999.0 -9999.0 -9999.0 -9999.0 -9999.0 -9999.0 -9999.0 -9999.0 -9999.0 -9999.0 -9999.0 -9999.0 -9999.0 -9999.0 -9999.0 -9999.0 -9999.0 -9999.0 -9999.0 -9999.0 -9999.0 -9999.0 -9999.0
-9999.0 -9999.0 -9999.0 -9999.0 -9999.0 -9999.0 -9999.0 -9999.0 -9999.0 -9999.0 -9999.0 -9999.0 -9999.0 -9999.0 -9999.0 -9999.0 -9999.0 -9999.0 -9999.0 -9999.0 -9999.0 -9999.0 -9999.0 0.326680 0.300753 0.221607 0.217203 0.212026 0.214338 0.334113 0.281004 0.278035 -9999.0 -9999.0 -9999.0 -9999.0 -9999.0 -9999.0 -9999.0 -9999.0 -9999.0 -9999.0 -9999.0 -9999.0 -9999.0 -9999.0 -9999.0 -9999.0 -9999.0 -9999.0 -9999.0 -9999.0 -9999.0 -9999.0 -9999.0 -9999.0 -9999.0 -9999.0 -9999.0 -9999.0 -9999.0 -9999.0 -9999.0
-9999.0 -9999.0 -9999.0 -9999.0 -9999.0 -9999.0 -9999.0 -9999.0 -9999.0 -9999.0 -9999.0 -9999.0 -9999.0 -9999.0 -9999.0 -9999.0 -9999.0 -9999.0 0.261836 0.285508 -9999.0 0.355630 0.303739 0.213851 0.228264 0.298272 0.289081 0.267994 0.306624 0.226276 0.324104 0.269631 0.176243 0.174564 -9999.0 -9999.0 -9999.0 -9999.0 -9999.0 -9999.0 -9999.0 -9999.0 -9999.0 -9999.0 -9999.0 -9999.0 -9999.0 -9999.0 -9999.0 -9999.0 -9999.0 -9999.0 -9999.0 -9999.0 -9999.0 -9999.0 -9999.0 -9999.0 -9999.0 -9999.0 -9999.0 -9999.0 -9999.0
-9999.0 -9999.0 -9999.0 -9999.0 -9999.0 -9999.0 -9999.0 -9999.0 -9999.0 -9999.0 -9999.0 -9999.0 -9999.0 -9999.0 -9999.0 -9999.0 -9999.0 0.134151 0.211410 0.030413 0.127001 0.227756 0.237045 0.242057 0.342456 0.177648 0.108936 0.152907 0.102123 0.096668 0.309794 0.315735 0.147758 0.176904 0.172719 0.020026 -9999.0 -9999.0 -9999.0 -9999.0 -9999.0 -9999.0 -9999.0 -9999.0 -9999.0 -9999.0 -9999.0 -9999.0 -9999.0 -9999.0 -9999.0 -9999.0 -9999.0 -9999.0 -9999.0 -9999.0 -9999.0 -9999.0 -9999.0 -9999.0 -9999.0 -9999.0 -9999.0
-9999.0 -9999.0 -9999.0 -9999.0 -9999.0 -9999.0 -9999.0 -9999.0 -9999.0 -9999.0 -9999.0 -9999.0 -9999.0 0.293643 0.222646 0.207235 0.154906 0.130911 0.147029 0.245233 0.242686 0.215704 0.187088 0.354540 0.135114 0.040067 0.032944 0.150055 0.116963 0.105565 0.130518 0.145670 0.240786 0.040011 0.020026 0.020022 -9999.0 -9999.0 -9999.0 -9999.0 -9999.0 -9999.0 -9999.0 -9999.0 -9999.0 -9999.0 -9999.0 -9999.0 -9999.0 -9999.0 -9999.0 -9999.0 -9999.0 -9999.0 -9999.0 -9999.0 -9999.0 -9999.0 -9999.0 -9999.0 -9999.0 -9999.0 -9999.0
-9999.0 -9999.0 -9999.0 -9999.0 -9999.0 -9999.0 -9999.0 -9999.0 -9999.0 -9999.0 -9999.0 -9999.0 -9999.0 0.303404 0.244271 0.192871 0.198906 0.259136 0.134278 0.194492 0.288162 0.222001 0.214544 0.164979 0.187635 0.129331 0.327842 0.020032 0.020033 0.061339 0.114826 0.040009 0.020023 0.020019 0.020022 -9999.0 -9999.0 -9999.0 -9999.0 -9999.0 -9999.0 -9999.0 -9999.0 -9999.0 -9999.0 -9999.0 -9999.0 -9999.0 -9999.0 -9999.0 -9999.0 -9999.0 -9999.0 -9999.0 -9999.0 -9999.0 -9999.0 -9999.0 -9999.0 -9999.0 -9999.0 -9999.0 -9999.0
-9999.0 -9999.0 -9999.0 -9999.0 -9999.0 -9999.0 -9999.0 -9999.0 -9999.0 -9999.0 -9999.0 -9999.0 -9999.0 0.227210 0.247193 0.227513 0.196684 0.177071 0.144418 0.230120 0.274711 0.051871 0.175686 0.123539 0.198411 0.169600 0.180000 0.020028 0.297201 0.020026 0.040009 0.020019 0.020020 0.020018 0.020022 -9999.0 -9999.0 -9999.0 -9999.0 -9999.0 -9999.0 -9999.0 -9999.0 -9999.0 -9999.0 -9999.0 -9999.0 -9999.0 -9999.0 -9999.0 -9999.0 -9999.0 -9999.0 -9999.0 -9999.0 -9999.0 -9999.0 -9999.0 -9999.0 -9999.0 -9999.0 -9999.0 -9999.0
-9999.0 -9999.0 -9999.0 -9999.0 -9999.0 -9999.0 -9999.0 -9999.0 -9999.0 -9999.0 -9999.0 -9999.0 0.228151 0.257162 0.227166 0.208545 0.209159 0.176765 0.333828 0.056836 0.140951 0.115638 0.109440 0.121315 0.173244 0.040011 0.067913 0.266829 0.324626 0.020026 0.040008 0.175788 0.270574 0.020026 -9999.0 -9999.0 -9999.0 -9999.0 -9999.0 -9999.0 -9999.0 -9999.0 -9999.0 -9999.0 -9999.0 -9999.0 -9999.0 -9999.0 -9999.0 -9999.0 -9999.0 -9999.0 -9999.0 -9999.0 -9999.0 -9999.0 -9999.0 -9999.0 -9999.0 -9999.0 -9999.0 -9999.0 -9999.0
-9999.0 -9999.0 -9999.0 -9999.0 -9999.0 -9999.0 -9999.0 -9999.0 -9999.0 -9999.0 -9999.0 0.266904 0.187969 0.235730 0.178058 0.111112 0.041687 0.184160 0.303636 0.058165 0.220662 0.248112 0.276577 0.040029 0.178583 0.271517 0.040009 0.347215 0.379110 0.020022 0.175425 0.291903 0.172722 0.020044 0.146654 0.089345 0.250314 0.251139 0.221194 -9999.0 -9999.0 -9999.0 0.021601 -9999.0 -9999.0 -9999.0 -9999.0 -9999.0 -9999.0 -9999.0 -9999.0 -9999.0 -9999.0 -9999.0 -9999.0 -9999.0 -9999.0 -9999.0 -9999.0 -9999.0 -9999.0 -9999.0 -9999.0
-9999.0 -9999.0 -9999.0 -9999.0 -9999.0 -9999.0 -9999.0 -9999.0 -9999.0 -9999.0 -9999.0 0.258971 0.183294 0.218641 0.214900 0.040401 0.202664 0.164303 0.297598 0.247060 0.255475 0.270084 0.305309 0.160805 0.099754 0.040021 0.357341 0.307835 0.175442 0.020028 0.310391 0.294752 0.315811 0.247502 0.235577 0.256695 0.258122 0.245388 0.255583 0.059402 0.050552 0.121746 0.288069 0.020069 -9999.0 -9999.0 -9999.0 0.370064 0.332231 0.178403 0.406115 0.180037 0.180305 0.424060 0.439761 0.180632 -9999.0 -9999.0 -9999.0 -9999.0 -9999.0 -9999.0 -9999.0
-9999.0 -9999.0 -9999.0 -9999.0 -9999.0 -9999.0 -9999.0 -9999.0 -9999.0 -9999.0 -9999.0 0.277607 0.093418 0.174559 0.243788 0.269433 0.181041 0.183713 0.227756 0.303527 0.220139 0.207579 0.225394 0.360968 0.040015 0.177946 0.212651 0.058555 0.020033 0.040075 0.020037 0.161280 0.296051 0.229174 0.124556 0.259034 0.204806 0.226891 0.240914 0.032666 0.274662 0.226722 0.266735 0.326443 0.266641 -9999.0 0.020082 0.268868 0.331740 0.298714 0.288312 0.181796 0.314822 0.324407 0.359257 0.440318 -9999.0 -9999.0 -9999.0 -9999.0 -9999.0 -9999.0 -9999.0
-9999.0 -9999.0 -9999.0 -9999.0 -9999.0 -9999.0 -9999.0 -9999.0 -9999.0 -9999.0 -9999.0 -9999.0 0.067422 0.165672 0.306960 0.316198 0.221122 0.165247 0.219816 0.344216 0.226315 0.240936 0.250007 0.212453 0.134834 0.210429 0.268892 0.040016 0.040037 0.176207 0.342840 0.186784 0.258474 0.226090 0.040020 0.243581 0.147770 0.183618 0.247949 0.221418 0.289786 0.096752 0.227949 0.279898 0.177384 0.337132 0.176479 0.289464 0.176703 0.251292 0.315842 0.078599 0.266387 0.063721 0.049596 0.040165 0.473965 -9999.0 -9999.0 -9999.0 -9999.0 -9999.0 -9999.0
-9999.0 -9999.0 -9999.0 -9999.0 -9999.0 -9999.0 -9999.0 -9999.0 -9999.0 -9999.0 -9999.0 0.197988 0.041607 0.167511 0.204255 0.204567 0.213174 0.181202 0.242045 0.245354 0.228887 0.222000 0.138098 0.156230 0.215320 0.238854 0.111041 0.040013 0.339300 0.178642 0.209695 0.225470 0.268355 0.221850 0.040014 0.226283 0.115528 0.149276 0.262483 0.230230 0.231702 0.249024 0.270325 0.068140 0.257583 0.346697 0.328010 0.179551 0.181147 0.329583 0.020135 0.040024 0.044493 0.020079 0.020049 0.020037 0.184762 -9999.0 -9999.0 -9999.0 -9999.0 -9999.0 -9999.0
-9999.0 -9999.0 -9999.0 -9999.0 -9999.0 -9999.0 -9999.0 -9999.0 -9999.0 -9999.0 0.276550 0.214207 0.286032 0.295850 0.279195 0.237407 0.178745 0.174417 0.215155 0.189470 0.238514 0.268153 0.120237 0.260994 0.250827 0.100694 0.056965 0.024231 0.266442 0.271401 0.239251 0.118063 0.222728 0.040016 0.020021 0.020734 0.261410 0.175649 0.140055 0.404252 0.356334 0.055647 0.195647 0.234494 0.217329 0.179609 0.326102 0.247355 0.256402 0.176717 0.033831 0.020037 0.020047 0.020033 0.020043 0.387529 0.412867 -9999.0 -9999.0 -9999.0 -9999.0 -9999.0 -9999.0
-9999.0 -9999.0 -9999.0 -9999.0 -9999.0 -9999.0 -9999.0 -9999.0 -9999.0 0.073414 0.268398 0.165094 0.251955 0.202376 0.224210 0.156904 0.155759 0.258276 0.206682 0.191996 0.225555 0.220576 0.227866 0.337704 0.116483 0.050464 0.190767 0.266409 0.251431 0.251733 0.245836 0.044275 0.020024 0.020023 0.020134 0.020038 0.041196 0.143185 0.108747 0.161787 0.141656 0.081884 0.089898 0.318506 0.239597 0.260018 0.247973 0.267730 0.246077 0.219729 0.161424 0.183729 0.020032 0.020145 0.183321 0.155881 0.160514 0.185606 0.184609 -9999.0 -9999.0 -9999.0 -9999.0
-9999.0 -9999.0 -9999.0 -9999.0 -9999.0 -9999.0 -9999.0 -9999.0 -9999.0 0.226741 0.049485 0.264162 0.231104 0.253190 0.246487 0.210340 0.246633 0.243689 0.159723 0.223988 0.246257 0.286069 0.217756 0.257230 0.057704 0.220101 0.250524 0.252357 0.348716 0.144417 0.203543 0.050438 0.040020 0.274904 0.329844 0.144573 0.150335 0.132115 0.040020 0.056225 0.065407 0.042156 0.231943 0.213610 0.317199 0.323051 0.309510 0.260891 0.260722 0.154535 0.047012 0.108938 0.020047 0.040222 0.020044 0.101446 0.212592 0.240949 0.185195 -9999.0 -9999.0 -9999.0 -9999.0
-9999.0 -9999.0 -9999.0 -9999.0 -9999.0 -9999.0 -9999.0 -9999.0 -9999.0 -9999.0 0.234472 0.272205 0.182063 0.215243 0.245725 0.239455 0.234077 0.235441 0.115872 0.259149 0.248473 0.211170 0.114851 0.096102 0.225038 0.256159 0.243255 0.331538 0.203972 0.059535 0.041312 0.098054 0.040196 0.040021 0.295779 0.264981 0.269705 0.278809 0.177331 0.040015 0.040012 0.301584 0.274380 0.133870 0.154427 0.178632 0.237806 0.365407 0.297497 0.279634 0.113108 0.156896 0.183783 0.020058 0.040403 0.040125 0.246480 0.297933 0.313185 0.318212 -9999.0 -9999.0 -9999.0
-9999.0 -9999.0 -9999.0 -9999.0 -9999.0 -9999.0 -9999.0 -9999.0 -9999.0 -9999.0 0.245629 0.264816 0.253071 0.194421 0.317128 0.229915 0.222832 0.210147 0.107622 0.253585 0.188380 0.208203 0.163901 0.233824 0.254604 0.246036 0.336637 0.189941 0.089140 0.040130 0.040017 0.274003 0.032669 0.040013 0.040023 0.040074 0.245790 0.202449 0.129563 0.040016 0.258021 0.180999 0.085602 0.040021 0.040767 0.102199 0.152878 0.187774 0.210153 0.311703 0.270707 0.177012 0.183513 0.185875 0.181379 0.182888 0.040064 0.242444 0.243938 0.246998 -9999.0 -9999.0 -9999.0
-9999.0 -9999.0 -9999.0 -9999.0 -9999.0 -9999.0 -9999.0 -9999.0 0.255533 0.262412 0.253367 0.261709 0.133557 0.167510 0.156906 0.329529 0.324607 0.258689 0.247928 0.167725 0.100563 0.155674 0.190920 0.192477 0.256396 0.322980 0.268311 0.103007 0.105102 0.041553 0.020029 0.040025 0.040047 0.040359 0.267656 0.040014 0.301911 0.175790 0.040458 0.179315 0.020112 0.040489 0.020118 0.020035 0.182798 0.302701 0.040407 0.161191 0.216497 0.373244 0.282829 0.164061 0.153875 0.050156 0.184390 0.390293 0.186451 0.288666 0.279826 0.170493 -9999.0 -9999.0 -9999.0
-9999.0 -9999.0 -9999.0 -9999.0 -9999.0 -9999.0 -9999.0 -9999.0 0.021004 0.226641 0.165476 0.040021 0.245692 0.178221 0.134518 0.194675 0.218004 0.202731 0.100615 0.242389 0.153195 0.125549 0.141861 0.221647 0.200702 0.264562 0.252560 0.140322 0.020141 0.292748 0.271501 0.178669 0.293672 0.178766 0.339344 0.300238 0.272914 0.215177 0.173141 0.378574 0.040030 0.040012 0.020045 0.342693 0.295283 0.111454 0.020119 0.040050 0.215642 0.249966 0.344873 0.218792 0.090092 0.421669 0.341980 0.194843 0.357519 0.289811 0.223638 0.216036 0.185727 -9999.0 -9999.0
-9999.0 -9999.0 -9999.0 -9999.0 -9999.0 -9999.0 -9999.0 -9999.0 0.044450 0.269239 0.255266 0.157434 0.254970 0.020197 0.249722 0.197779 0.217492 0.205049 0.097382 0.223852 0.266763 0.123778 0.117746 0.131757 0.241381 0.197227 0.191523 0.090085 0.023637 0.297180 0.179550 0.281529 0.193188 0.213661 0.310685 0.262927 0.208203 0.247418 0.101514 0.142374 0.379096 0.183428 0.338314 0.329834 0.087348 0.040721 0.184066 0.434991 0.107439 0.224533 0.291301 0.291033 0.162801 0.139559 0.347578 0.318774 0.305569 0.235328 0.184218 0.305012 0.250836 -9999.0 -9999.0
-9999.0 -9999.0 -9999.0 -9999.0 -9999.0 -9999.0 -9999.0 -9999.0 0.020037 0.279910 0.186842 0.033597 0.244252 0.251230 0.226426 0.218762 0.120906 0.257181 0.282114 0.098018 0.143298 0.379690 0.376914 0.237723 0.164064 0.178862 0.114018 0.077745 0.262647 0.251387 0.230104 0.254750 0.250184 0.243381 0.168665 0.304490 0.290551 0.368614 0.168640 0.184643 0.407134 0.334251 0.328986 0.182385 0.408829 0.183079 0.339500 0.184929 0.327170 0.286037 0.234642 0.301498 0.339861 0.314324 0.343199 0.303584 0.236762 0.520000 0.425120 0.398398 0.211233 0.279123 -9999.0
-9999.0 -9999.0 -9999.0 -9999.0 -9999.0 -9999.0 -9999.0 -9999.0 0.315967 0.280824 0.204368 0.187283 0.226821 0.252165 0.217119 0.185354 0.245368 0.202151 0.170019 0.196460 0.120932 0.382680 0.378542 0.127520 0.184055 0.182646 0.123947 0.244941 0.242626 0.254495 0.138802 0.260060 0.232910 0.246163 0.250936 0.295396 0.328578 0.258398 0.200013 0.252084 0.256092 0.279045 0.282818 0.274708 0.201806 0.308607 0.266983 0.276565 0.280085 0.272931 0.266012 0.256491 0.339869 0.303869 0.520000 0.520000 0.520000 0.448993 0.198368 0.207129 0.199803 0.268862 -9999.0
-9999.0 -9999.0 0.259958 0.278261 0.180731 0.237546 0.189664 0.190011 0.273713 0.290560 0.187226 0.242875 0.247119 0.273595 0.282055 0.276697 0.174370 0.083420 0.169379 0.194118 0.189037 0.095246 0.445417 0.429914 0.184776 0.187395 0.223767 0.223919 0.195490 0.229220 0.199353 0.237839 0.223874 0.269583 0.208905 0.246114 0.234548 0.259709 0.198142 0.306960 0.250105 0.218207 0.219149 0.271390 0.209907 0.271239 0.247256 0.254127 0.208046 0.183082 0.178235 0.285522 0.301103 0.335806 0.520000 0.520000 0.272801 0.244578 0.261021 0.226612 0.299039 0.236713 -9999.0
-9999.0 0.257749 0.261725 0.245468 0.254396 0.247829 0.144861 0.116689 0.122405 0.297121 0.177361 0.178643 0.229886 0.255910 0.356583 0.143366 0.091263 0.112181 0.241005 0.222715 0.187338 0.146728 0.520000 0.456899 0.161342 0.175529 0.175487 0.170899 0.149099 0.194524 0.199553 0.211271 0.166605 0.141602 0.159668 0.189594 0.218360 0.239847 0.220368 0.260178 0.214535 0.163236 0.168038 0.165466 0.233391 0.182804 0.167562 0.112647 0.152558 0.520000 0.419127 0.391658 0.267057 0.328289 0.360067 0.286630 0.262812 0.261433 0.189634 0.227070 0.214287 0.251926 -9999.0
-9999.0 0.277401 0.255421 0.256831 0.240153 0.232083 0.113878 0.219243 0.266911 0.257985 0.252937 0.212652 0.239351 0.403829 0.176901 0.088193 0.105084 0.232310 0.243498 0.225453 0.238625 0.186355 0.163466 0.520000 0.424149 0.391307 0.356184 0.364285 0.363485 0.090420 0.091152 0.096748 0.136509 0.147133 0.151715 0.172811 0.156567 0.242939 0.189558 0.175609 0.160241 0.153882 0.150614 0.110391 0.102159 0.099483 0.221002 0.318988 0.419016 0.428716 0.215310 0.264464 0.275113 0.271519 0.261000 0.196800 0.212423 0.179437 0.172404 0.159533 0.182885 -9999.0 -9999.0
-9999.0 0.271311 0.187543 0.212874 0.317583 0.246830 0.239578 0.156118 0.233707 0.256558 0.253892 0.243841 0.337741 0.268564 0.120054 0.073880 0.144605 0.131600 0.122704 0.227902 0.204588 0.228338 0.209516 0.453253 0.421455 0.393189 0.376630 0.369097 0.363742 0.359617 0.320722 0.206504 0.214095 0.150866 0.177070 0.231905 0.251668 0.267884 0.408339 0.390887 0.371202 0.327027 0.309576 0.287422 0.169507 0.176954 0.166864 0.176886 0.192620 0.163119 0.271023 0.201950 0.213287 0.155256 0.172109 0.132501 0.117898 0.102608 0.110473 -9999.0 -9999.0 -9999.0 -9999.0
