user2019/resources/simulation/Vinschgau/output-maps/thetaliqL0007N1328.asc
ncols         63
nrows         48
xllcorner     598000.000000
yllcorner     5145000.000000
cellsize      1000.000000
NODATA_value  -9999.0
[rows 0 to 28 of 48, columns 0 to 62 of 63]
-9999.0 -9999.0 -9999.0 -9999.0 -9999.0 -9999.0 -9999.0 -9999.0 -9999.0 -9999.0 -9999.0 -9999.0 -9999.0 -9999.0 -9999.0 -9999.0 -9999.0 -9999.0 -9999.0 -9999.0 -9999.0 -9999.0 -9999.0 -9999.0 -9999.0 -9999.0 -9999.0 -9999.0 -9999.0 -9999.0 -9999.0 -9999.0 -9999.0 -9999.0 -9999.0 -9999.0 -9999.0 -9999.0 -9999.0 -9999.0 -9999.0 -9999.0 -9999.0 -9999.0 -9999.0 -9999.0 -9999.0 -9999.0 -9999.0 -9999.0 -9999.0 -9999.0 -9999.0 -9999.0 -9999.0 -9999.0 -9999.0 -9999.0 -9999.0 -9999.0 -9999.0 -9999.0 -9999.0
-9999.0 -9999.0 -9999.0 -9999.0 -9999.0 -9999.0 -9999.0 -9999.0 -9999.0 -9999.0 -9999.0 -9999.0 -9999.0 -9999.0 -9999.0 -9999.0 -9999.0 -9999.0 -9999.0 -9999.0 -9999.0 -9999.0 -9999.0 -9999.0 -9999.0 -9999.0 -9999.0 0.051197 0.131420 0.051290 0.135855 0.077623 0.020199 -9999.0 -9999.0 -9999.0 -9999.0 -9999.0 -9999.0 -9999.0 -9999.0 -9999.0 -9999.0 -9999.0 -9999.0 -9999.0 -9999.0 -9999.0 -9999.0 -9999.0 -9999.0 -9999.0 -9999.0 -9999.0 -9999.0 -9999.0 -9999.0 -9999.0 -9999.0 -9999.0 -9999.0 -9999.0 -9999.0
-9999.0 -9999.0 -9999.0 -9999.0 -9999.0 -9999.0 -9999.0 -9999.0 -9999.0 -9999.0 -9999.0 -9999.0 -9999.0 -9999.0 -9999.0 -9999.0 -9999.0 -9999.0 -9999.0 -9999.0 -9999.0 -9999.0 -9999.0 -9999.0 0.178835 0.176246 0.178268 0.180070 0.183527 0.159612 0.122405 -9999.0 -9999.0 -9999.0 -9999.0 -9999.0 -9999.0 -9999.0 -9999.0 -9999.0 -9999.0 -9999.0 -9999.0 -9999.0 -9999.0 -9999.0 -9999.0 -9999.0 -9999.0 -9999.0 -9999.0 -9999.0 -9999.0 -9999.0 -9999.0 -9999.0 -9999.0 -9999.0 -9999.0 -9999.0 -9999.0 -9999.0 -9999.0
-9999.0 -9999.0 -9999.0 -9999.0 -9999.0 -9999.0 -9999.0 -9999.0 -9999.0 -9999.0 -9999.0 -9999.0 -9999.0 -9999.0 -9999.0 -9999.0 -9999.0 -9999.0 -9999.0 -9999.0 -9999.0 -9999.0 -9999.0 0.174706 0.176385 0.172528 0.022066 0.020459 0.020475 0.122161 0.126003 0.120139 -9999.0 -9999.0 -9999.0 -9999.0 -9999.0 -9999.0 -9999.0 -9999.0 -9999.0 -9999.0 -9999.0 -9999.0 -9999.0 -9999.0 -9999.0 -9999.0 -9999.0 -9999.0 -9999.0 -9999.0 -9999.0 -9999.0 -9999.0 -9999.0 -9999.0 -9999.0 -9999.0 -9999.0 -9999.0 -9999.0 -9999.0
-9999.0 -9999.0 -9999.0 -9999.0 -9999.0 -9999.0 -9999.0 -9999.0 -9999.0 -9999.0 -9999.0 -9999.0 -9999.0 -9999.0 -9999.0 -9999.0 -9999.0 -9999.0 0.304638 0.169374 -9999.0 0.175769 0.175475 0.020519 0.024832 0.020512 0.296648 0.274321 0.289607 0.044875 0.136601 0.135380 0.051360 0.051440 -9999.0 -9999.0 -9999.0 -9999.0 -9999.0 -9999.0 -9999.0 -9999.0 -9999.0 -9999.0 -9999.0 -9999.0 -9999.0 -9999.0 -9999.0 -9999.0 -9999.0 -9999.0 -9999.0 -9999.0 -9999.0 -9999.0 -9999.0 -9999.0 -9999.0 -9999.0 -9999.0 -9999.0 -9999.0
-9999.0 -9999.0 -9999.0 -9999.0 -9999.0 -9999.0 -9999.0 -9999.0 -9999.0 -9999.0 -9999.0 -9999.0 -9999.0 -9999.0 -9999.0 -9999.0 -9999.0 0.150893 0.020779 0.020498 0.051143 0.320264 0.046121 0.020614 0.265105 0.049690 0.023033 0.067901 0.023423 0.307636 0.178569 0.152441 0.051357 0.051382 0.051907 0.051892 -9999.0 -9999.0 -9999.0 -9999.0 -9999.0 -9999.0 -9999.0 -9999.0 -9999.0 -9999.0 -9999.0 -9999.0 -9999.0 -9999.0 -9999.0 -9999.0 -9999.0 -9999.0 -9999.0 -9999.0 -9999.0 -9999.0 -9999.0 -9999.0 -9999.0 -9999.0 -9999.0
-9999.0 -9999.0 -9999.0 -9999.0 -9999.0 -9999.0 -9999.0 -9999.0 -9999.0 -9999.0 -9999.0 -9999.0 -9999.0 0.136853 0.052499 0.153470 0.107273 0.050001 0.153454 0.020542 0.024139 0.027925 0.020550 0.133156 0.060173 0.172775 0.020186 0.020317 0.020237 0.058181 0.020244 0.182057 0.144618 0.132320 0.051839 0.051882 -9999.0 -9999.0 -9999.0 -9999.0 -9999.0 -9999.0 -9999.0 -9999.0 -9999.0 -9999.0 -9999.0 -9999.0 -9999.0 -9999.0 -9999.0 -9999.0 -9999.0 -9999.0 -9999.0 -9999.0 -9999.0 -9999.0 -9999.0 -9999.0 -9999.0 -9999.0 -9999.0
-9999.0 -9999.0 -9999.0 -9999.0 -9999.0 -9999.0 -9999.0 -9999.0 -9999.0 -9999.0 -9999.0 -9999.0 -9999.0 0.164597 0.022339 0.128573 0.115815 0.257273 0.050020 0.021634 0.020124 0.050816 0.023165 0.036170 0.058676 0.020706 0.115216 0.051781 0.051830 0.020400 0.022918 0.119109 0.051808 0.051764 0.051826 -9999.0 -9999.0 -9999.0 -9999.0 -9999.0 -9999.0 -9999.0 -9999.0 -9999.0 -9999.0 -9999.0 -9999.0 -9999.0 -9999.0 -9999.0 -9999.0 -9999.0 -9999.0 -9999.0 -9999.0 -9999.0 -9999.0 -9999.0 -9999.0 -9999.0 -9999.0 -9999.0 -9999.0
-9999.0 -9999.0 -9999.0 -9999.0 -9999.0 -9999.0 -9999.0 -9999.0 -9999.0 -9999.0 -9999.0 -9999.0 -9999.0 0.021611 0.200000 0.157838 0.125678 0.122381 0.050031 0.145291 0.150757 0.020601 0.047313 0.038760 0.059669 0.066667 0.051230 0.051826 0.130555 0.051832 0.121075 0.051612 0.051685 0.020022 0.051789 -9999.0 -9999.0 -9999.0 -9999.0 -9999.0 -9999.0 -9999.0 -9999.0 -9999.0 -9999.0 -9999.0 -9999.0 -9999.0 -9999.0 -9999.0 -9999.0 -9999.0 -9999.0 -9999.0 -9999.0 -9999.0 -9999.0 -9999.0 -9999.0 -9999.0 -9999.0 -9999.0 -9999.0
-9999.0 -9999.0 -9999.0 -9999.0 -9999.0 -9999.0 -9999.0 -9999.0 -9999.0 -9999.0 -9999.0 -9999.0 0.020533 0.200000 0.021896 0.047246 0.181041 0.144599 0.230126 0.020467 0.024074 0.055763 0.020670 0.026258 0.040164 0.117932 0.020075 0.125725 0.154063 0.051805 0.028751 0.051449 0.076347 0.051870 -9999.0 -9999.0 -9999.0 -9999.0 -9999.0 -9999.0 -9999.0 -9999.0 -9999.0 -9999.0 -9999.0 -9999.0 -9999.0 -9999.0 -9999.0 -9999.0 -9999.0 -9999.0 -9999.0 -9999.0 -9999.0 -9999.0 -9999.0 -9999.0 -9999.0 -9999.0 -9999.0 -9999.0 -9999.0
-9999.0 -9999.0 -9999.0 -9999.0 -9999.0 -9999.0 -9999.0 -9999.0 -9999.0 -9999.0 -9999.0 0.168753 0.052398 0.430000 0.022044 0.160407 0.020469 0.130902 0.287468 0.020432 0.020118 0.231278 0.146467 0.128342 0.020710 0.141397 0.109869 0.142230 0.029358 0.051816 0.051483 0.151520 0.051535 0.051902 0.051547 0.051378 0.053536 0.051863 0.051133 -9999.0 -9999.0 -9999.0 0.051931 -9999.0 -9999.0 -9999.0 -9999.0 -9999.0 -9999.0 -9999.0 -9999.0 -9999.0 -9999.0 -9999.0 -9999.0 -9999.0 -9999.0 -9999.0 -9999.0 -9999.0 -9999.0 -9999.0 -9999.0
-9999.0 -9999.0 -9999.0 -9999.0 -9999.0 -9999.0 -9999.0 -9999.0 -9999.0 -9999.0 -9999.0 0.168421 0.034837 0.020435 0.021158 0.119464 0.020767 0.020433 0.274121 0.249230 0.155364 0.155541 0.179801 0.020133 0.020225 0.133325 0.135043 0.151780 0.051289 0.051842 0.143608 0.168423 0.121269 0.061050 0.082380 0.086551 0.068087 0.053201 0.052326 0.051408 0.051450 0.051538 0.125355 0.051763 -9999.0 -9999.0 -9999.0 0.056279 0.027296 0.051425 0.027384 0.040468 0.043812 0.040140 0.040122 0.043220 -9999.0 -9999.0 -9999.0 -9999.0 -9999.0 -9999.0 -9999.0
-9999.0 -9999.0 -9999.0 -9999.0 -9999.0 -9999.0 -9999.0 -9999.0 -9999.0 -9999.0 -9999.0 0.173371 0.165306 0.020812 0.309839 0.146675 0.095793 0.021297 0.142457 0.245878 0.257484 0.021088 0.020425 0.182987 0.129469 0.051262 0.020305 0.020060 0.051770 0.105391 0.051839 0.020159 0.142027 0.060484 0.051651 0.072853 0.020349 0.020308 0.052407 0.051335 0.051993 0.051422 0.098990 0.126443 0.031573 -9999.0 0.051804 0.030303 0.142508 0.152211 0.109874 0.051237 0.107157 0.152251 0.113377 0.042527 -9999.0 -9999.0 -9999.0 -9999.0 -9999.0 -9999.0 -9999.0
-9999.0 -9999.0 -9999.0 -9999.0 -9999.0 -9999.0 -9999.0 -9999.0 -9999.0 -9999.0 -9999.0 -9999.0 0.171861 0.079385 0.164467 0.163936 0.044915 0.021950 0.265890 0.249318 0.027625 0.020920 0.020611 0.021154 0.020107 0.020254 0.200000 0.091659 0.134473 0.051376 0.139146 0.020273 0.085441 0.126199 0.101487 0.070723 0.020342 0.020198 0.077200 0.051122 0.063223 0.051153 0.021242 0.179245 0.051353 0.030695 0.051500 0.036985 0.020108 0.020986 0.136338 0.020234 0.040023 0.040058 0.020103 0.159700 0.029292 -9999.0 -9999.0 -9999.0 -9999.0 -9999.0 -9999.0
-9999.0 -9999.0 -9999.0 -9999.0 -9999.0 -9999.0 -9999.0 -9999.0 -9999.0 -9999.0 -9999.0 0.043415 0.171207 0.098644 0.026089 0.099028 0.106817 0.028599 0.149997 0.213525 0.024260 0.056931 0.042440 0.020280 0.020314 0.020152 0.041584 0.123006 0.117957 0.051333 0.020263 0.020271 0.158942 0.131553 0.073859 0.095550 0.052189 0.020692 0.184892 0.052511 0.020472 0.034005 0.024211 0.020383 0.148432 0.123242 0.150801 0.051286 0.051206 0.020366 0.020069 0.122659 0.020066 0.020037 0.020032 0.020120 0.051382 -9999.0 -9999.0 -9999.0 -9999.0 -9999.0 -9999.0
-9999.0 -9999.0 -9999.0 -9999.0 -9999.0 -9999.0 -9999.0 -9999.0 -9999.0 -9999.0 0.430000 0.023276 0.175820 0.173341 0.169099 0.030259 0.029233 0.060997 0.160368 0.219718 0.270440 0.325230 0.020442 0.173973 0.053335 0.040084 0.020157 0.020048 0.098056 0.146650 0.021996 0.020254 0.144254 0.127819 0.051841 0.051448 0.070452 0.020608 0.021349 0.105648 0.021050 0.020861 0.050574 0.348043 0.027673 0.051208 0.143430 0.021542 0.021108 0.107550 0.020045 0.051699 0.020029 0.020086 0.020119 0.143804 0.143228 -9999.0 -9999.0 -9999.0 -9999.0 -9999.0 -9999.0
-9999.0 -9999.0 -9999.0 -9999.0 -9999.0 -9999.0 -9999.0 -9999.0 -9999.0 0.132348 0.393896 0.053059 0.024376 0.021357 0.047288 0.023828 0.027288 0.165401 0.021805 0.206186 0.263226 0.034786 0.020811 0.075240 0.412718 0.020124 0.020096 0.148429 0.021068 0.027835 0.147304 0.020106 0.051774 0.051824 0.051812 0.051814 0.138931 0.020244 0.020413 0.023073 0.020296 0.020797 0.020589 0.035761 0.020848 0.020509 0.159301 0.020730 0.020788 0.425775 0.020160 0.051397 0.020082 0.020102 0.021981 0.020061 0.020096 0.051335 0.048761 -9999.0 -9999.0 -9999.0 -9999.0
-9999.0 -9999.0 -9999.0 -9999.0 -9999.0 -9999.0 -9999.0 -9999.0 -9999.0 0.109509 0.133694 0.136958 0.200000 0.099689 0.026702 0.021172 0.173014 0.108490 0.021263 0.244496 0.251759 0.110600 0.292383 0.173553 0.020185 0.020197 0.021663 0.090401 0.142292 0.367663 0.079987 0.020083 0.140662 0.092470 0.144626 0.051365 0.051263 0.051199 0.095770 0.144341 0.040747 0.020161 0.022824 0.123630 0.267466 0.278269 0.087720 0.020930 0.020986 0.118557 0.020055 0.020035 0.020082 0.020080 0.051741 0.040017 0.020104 0.020154 0.051225 -9999.0 -9999.0 -9999.0 -9999.0
-9999.0 -9999.0 -9999.0 -9999.0 -9999.0 -9999.0 -9999.0 -9999.0 -9999.0 -9999.0 0.131236 0.146369 0.024408 0.040641 0.021102 0.027306 0.104098 0.091870 0.020876 0.202905 0.256150 0.020119 0.076594 0.021198 0.020294 0.027809 0.144548 0.158482 0.080828 0.020111 0.020088 0.040029 0.020059 0.126384 0.152465 0.164209 0.169057 0.176982 0.051235 0.128411 0.107911 0.179478 0.200000 0.021512 0.022002 0.072509 0.020858 0.290422 0.020670 0.021058 0.020091 0.020100 0.020167 0.020075 0.020076 0.029209 0.193869 0.020130 0.022210 0.066127 -9999.0 -9999.0 -9999.0
-9999.0 -9999.0 -9999.0 -9999.0 -9999.0 -9999.0 -9999.0 -9999.0 -9999.0 -9999.0 0.135840 0.140317 0.177363 0.027954 0.379912 0.049018 0.053780 0.183718 0.143984 0.164492 0.144168 0.024691 0.062526 0.023881 0.028413 0.155540 0.349809 0.076919 0.020145 0.020067 0.129409 0.186780 0.020060 0.117566 0.127574 0.180588 0.020140 0.023004 0.020147 0.121264 0.140727 0.051279 0.021489 0.130188 0.378956 0.020190 0.117252 0.022105 0.020303 0.024471 0.023033 0.020146 0.020050 0.043822 0.020056 0.020078 0.027362 0.020618 0.171507 0.408219 -9999.0 -9999.0 -9999.0
-9999.0 -9999.0 -9999.0 -9999.0 -9999.0 -9999.0 -9999.0 -9999.0 0.184768 0.138746 0.079628 0.185637 0.020315 0.022716 0.023760 0.301749 0.020924 0.111459 0.209721 0.156223 0.112197 0.020787 0.021140 0.022821 0.079174 0.347743 0.371750 0.020276 0.020207 0.020070 0.051769 0.135043 0.137572 0.125949 0.142985 0.110099 0.146481 0.023475 0.020065 0.051254 0.051608 0.181335 0.020071 0.051693 0.051074 0.200000 0.020070 0.022301 0.022387 0.327546 0.064446 0.020124 0.020077 0.020031 0.020095 0.106588 0.051271 0.177698 0.021332 0.041811 -9999.0 -9999.0 -9999.0
-9999.0 -9999.0 -9999.0 -9999.0 -9999.0 -9999.0 -9999.0 -9999.0 0.020058 0.020229 0.020089 0.124392 0.130901 0.020090 0.020227 0.071845 0.029961 0.023469 0.020118 0.155241 0.269964 0.230744 0.189330 0.113572 0.021341 0.210070 0.382042 0.023383 0.020063 0.136225 0.071880 0.051247 0.148916 0.051214 0.185190 0.179766 0.169668 0.132555 0.021390 0.143810 0.128882 0.054374 0.051693 0.144659 0.200000 0.020700 0.020058 0.135807 0.023396 0.071988 0.084199 0.025772 0.020045 0.029158 0.104248 0.020115 0.020463 0.021350 0.020863 0.254678 0.164491 -9999.0 -9999.0
-9999.0 -9999.0 -9999.0 -9999.0 -9999.0 -9999.0 -9999.0 -9999.0 0.128966 0.200000 0.070174 0.020060 0.191637 0.020078 0.020709 0.020282 0.044367 0.033908 0.020577 0.267964 0.154628 0.225195 0.185840 0.153790 0.206404 0.023353 0.081843 0.020153 0.020051 0.143228 0.051208 0.184013 0.020137 0.020190 0.181581 0.174252 0.020771 0.043616 0.022021 0.021710 0.140220 0.051207 0.181754 0.200000 0.020238 0.181030 0.051254 0.186258 0.020123 0.028451 0.311968 0.082188 0.020043 0.020046 0.022550 0.025042 0.189483 0.147574 0.020983 0.239711 0.220024 -9999.0 -9999.0
-9999.0 -9999.0 -9999.0 -9999.0 -9999.0 -9999.0 -9999.0 -9999.0 0.051862 0.144693 0.044990 0.020052 0.186739 0.040163 0.020124 0.077117 0.020118 0.020707 0.253572 0.145987 0.159253 0.163602 0.228299 0.218746 0.162514 0.046235 0.072146 0.020085 0.178056 0.021243 0.020837 0.021169 0.020630 0.024634 0.020309 0.122502 0.135713 0.022318 0.022820 0.020667 0.135493 0.147379 0.149927 0.051091 0.180753 0.051155 0.100981 0.051216 0.114868 0.020433 0.084078 0.064731 0.081530 0.051809 0.189815 0.182603 0.034438 0.248607 0.219468 0.224153 0.180074 0.230779 -9999.0
-9999.0 -9999.0 -9999.0 -9999.0 -9999.0 -9999.0 -9999.0 -9999.0 0.020251 0.187523 0.040044 0.020112 0.020440 0.021126 0.183003 0.294906 0.310705 0.027606 0.050511 0.023098 0.139191 0.175406 0.164601 0.161466 0.112626 0.050132 0.020180 0.028496 0.109872 0.029178 0.021170 0.132559 0.048822 0.144685 0.021061 0.020824 0.020710 0.020833 0.020118 0.145016 0.021064 0.020933 0.021051 0.021033 0.020592 0.144730 0.021033 0.021346 0.021015 0.022516 0.020963 0.043286 0.063572 0.102307 0.174596 0.371771 0.298774 0.256170 0.240288 0.020921 0.023101 0.242972 -9999.0
-9999.0 -9999.0 0.088796 0.182007 0.020049 0.020167 0.020075 0.020097 0.118130 0.191000 0.020323 0.040406 0.021744 0.101854 0.173925 0.430000 0.024302 0.020154 0.021910 0.069670 0.023167 0.147813 0.217952 0.138543 0.174261 0.026518 0.051164 0.055033 0.032614 0.173248 0.071675 0.062485 0.270162 0.023725 0.086946 0.021513 0.041538 0.020396 0.020118 0.020118 0.020612 0.020611 0.020118 0.026333 0.021221 0.021029 0.141336 0.315699 0.020709 0.062930 0.042004 0.252085 0.296171 0.318148 0.347662 0.334163 0.301344 0.242085 0.023185 0.028815 0.275084 0.262180 -9999.0
-9999.0 0.021365 0.020760 0.020443 0.020189 0.020291 0.020122 0.020080 0.020052 0.134223 0.020123 0.020248 0.418477 0.397124 0.430000 0.020924 0.020296 0.020134 0.040193 0.069434 0.023877 0.021743 0.277546 0.222369 0.182432 0.162968 0.201701 0.211627 0.044344 0.197755 0.026440 0.043108 0.092520 0.218308 0.023532 0.157360 0.021117 0.020232 0.157833 0.149512 0.021949 0.028699 0.020472 0.021109 0.021909 0.021524 0.227070 0.020733 0.022411 0.206486 0.234488 0.266714 0.301309 0.347218 0.350152 0.420488 0.401915 0.381127 0.416694 0.368746 0.346837 0.267370 -9999.0
-9999.0 0.177734 0.024496 0.024128 0.391075 0.023181 0.020065 0.020062 0.059358 0.079845 0.020096 0.020149 0.084852 0.415926 0.022311 0.020066 0.020088 0.020111 0.020277 0.035750 0.381073 0.271136 0.249371 0.277173 0.298797 0.272574 0.096482 0.178096 0.196396 0.020519 0.020422 0.020463 0.177654 0.217937 0.233292 0.167445 0.256636 0.250493 0.150146 0.148851 0.152510 0.198561 0.021585 0.102596 0.087066 0.020327 0.211130 0.188412 0.197777 0.214873 0.203025 0.261819 0.355366 0.424278 0.177359 0.389412 0.020697 0.326191 0.084848 0.215289 0.374607 -9999.0 -9999.0
-9999.0 0.097661 0.022408 0.021037 0.127137 0.389573 0.395048 0.020104 0.020129 0.020136 0.020353 0.084200 0.162869 0.430000 0.020117 0.020050 0.020066 0.020114 0.020107 0.020490 0.022128 0.087990 0.230846 0.313710 0.307285 0.233376 0.221202 0.214069 0.162541 0.190691 0.153277 0.151479 0.183981 0.178751 0.170507 0.163548 0.161523 0.249264 0.159837 0.159549 0.160347 0.256003 0.164946 0.151224 0.150912 0.177319 0.183499 0.200786 0.225569 0.183897 0.063793 0.355884 0.360870 0.229835 0.095918 0.040100 0.040095 0.040061 0.040070 -9999.0 -9999.0 -9999.0 -9999.0
