user2019/resources/simulation/Vinschgau/output-maps/thetaliqL0008N0623.asc
ncols         63
nrows         48
xllcorner     598000.000000
yllcorner     5145000.000000
cellsize      1000.000000
NODATA_value  -9999.0
[rows 0 to 28 of 48, columns 0 to 62 of 63]
-9999.0 -9999.0 -9999.0 -9999.0 -9999.0 -9999.0 -9999.0 -9999.0 -9999.0 -9999.0 -9999.0 -9999.0 -9999.0 -9999.0 -9999.0 -9999.0 -9999.0 -9999.0 -9999.0 -9999.0 -9999.0 -9999.0 -9999.0 -9999.0 -9999.0 -9999.0 -9999.0 -9999.0 -9999.0 -9999.0 -9999.0 -9999.0 -9999.0 -9999.0 -9999.0 -9999.0 -9999.0 -9999.0 -9999.0 -9999.0 -9999.0 -9999.0 -9999.0 -9999.0 -9999.0 -9999.0 -9999.0 -9999.0 -9999.0 -9999.0 -9999.0 -9999.0 -9999.0 -9999.0 -9999.0 -9999.0 -9999.0 -9999.0 -9999.0 -9999.0 -9999.0 -9999.0 -9999.0
-9999.0 -9999.0 -9999.0 -9999.0 -9999.0 -9999.0 -9999.0 -9999.0 -9999.0 -9999.0 -9999.0 -9999.0 -9999.0 -9999.0 -9999.0 -9999.0 -9999.0 -9999.0 -9999.0 -9999.0 -9999.0 -9999.0 -9999.0 -9999.0 -9999.0 -9999.0 -9999.0 0.086255 0.086260 0.086247 0.086037 0.085986 0.086037 -9999.0 -9999.0 -9999.0 -9999.0 -9999.0 -9999.0 -9999.0 -9999.0 -9999.0 -9999.0 -9999.0 -9999.0 -9999.0 -9999.0 -9999.0 -9999.0 -9999.0 -9999.0 -9999.0 -9999.0 -9999.0 -9999.0 -9999.0 -9999.0 -9999.0 -9999.0 -9999.0 -9999.0 -9999.0 -9999.0
-9999.0 -9999.0 -9999.0 -9999.0 -9999.0 -9999.0 -9999.0 -9999.0 -9999.0 -9999.0 -9999.0 -9999.0 -9999.0 -9999.0 -9999.0 -9999.0 -9999.0 -9999.0 -9999.0 -9999.0 -9999.0 -9999.0 -9999.0 -9999.0 0.086824 0.086717 0.087088 0.087375 0.089209 0.086332 0.086106 -9999.0 -9999.0 -9999.0 -9999.0 -9999.0 -9999.0 -9999.0 -9999.0 -9999.0 -9999.0 -9999.0 -9999.0 -9999.0 -9999.0 -9999.0 -9999.0 -9999.0 -9999.0 -9999.0 -9999.0 -9999.0 -9999.0 -9999.0 -9999.0 -9999.0 -9999.0 -9999.0 -9999.0 -9999.0 -9999.0 -9999.0 -9999.0
-9999.0 -9999.0 -9999.0 -9999.0 -9999.0 -9999.0 -9999.0 -9999.0 -9999.0 -9999.0 -9999.0 -9999.0 -9999.0 -9999.0 -9999.0 -9999.0 -9999.0 -9999.0 -9999.0 -9999.0 -9999.0 -9999.0 -9999.0 0.086662 0.087582 0.090453 0.085837 0.080935 0.081450 0.086253 0.086258 0.086260 -9999.0 -9999.0 -9999.0 -9999.0 -9999.0 -9999.0 -9999.0 -9999.0 -9999.0 -9999.0 -9999.0 -9999.0 -9999.0 -9999.0 -9999.0 -9999.0 -9999.0 -9999.0 -9999.0 -9999.0 -9999.0 -9999.0 -9999.0 -9999.0 -9999.0 -9999.0 -9999.0 -9999.0 -9999.0 -9999.0 -9999.0
-9999.0 -9999.0 -9999.0 -9999.0 -9999.0 -9999.0 -9999.0 -9999.0 -9999.0 -9999.0 -9999.0 -9999.0 -9999.0 -9999.0 -9999.0 -9999.0 -9999.0 -9999.0 0.134294 0.086675 -9999.0 0.086903 0.087426 0.081314 0.086013 0.080395 0.106719 0.116079 0.118377 0.086132 0.086260 0.086265 0.086236 0.086235 -9999.0 -9999.0 -9999.0 -9999.0 -9999.0 -9999.0 -9999.0 -9999.0 -9999.0 -9999.0 -9999.0 -9999.0 -9999.0 -9999.0 -9999.0 -9999.0 -9999.0 -9999.0 -9999.0 -9999.0 -9999.0 -9999.0 -9999.0 -9999.0 -9999.0 -9999.0 -9999.0 -9999.0 -9999.0
-9999.0 -9999.0 -9999.0 -9999.0 -9999.0 -9999.0 -9999.0 -9999.0 -9999.0 -9999.0 -9999.0 -9999.0 -9999.0 -9999.0 -9999.0 -9999.0 -9999.0 0.168032 0.020118 0.080769 0.086200 0.097387 0.086183 0.081500 0.112894 0.020118 0.020118 0.086264 0.020118 0.111483 0.089842 0.086295 0.086194 0.086228 0.086005 0.085975 -9999.0 -9999.0 -9999.0 -9999.0 -9999.0 -9999.0 -9999.0 -9999.0 -9999.0 -9999.0 -9999.0 -9999.0 -9999.0 -9999.0 -9999.0 -9999.0 -9999.0 -9999.0 -9999.0 -9999.0 -9999.0 -9999.0 -9999.0 -9999.0 -9999.0 -9999.0 -9999.0
-9999.0 -9999.0 -9999.0 -9999.0 -9999.0 -9999.0 -9999.0 -9999.0 -9999.0 -9999.0 -9999.0 -9999.0 -9999.0 0.086263 0.086259 0.022565 0.021483 0.086227 0.171005 0.081213 0.086151 0.085921 0.080754 0.086778 0.020118 0.086826 0.082828 0.083466 0.083252 0.086250 0.200000 0.087721 0.086176 0.085969 0.085971 0.085977 -9999.0 -9999.0 -9999.0 -9999.0 -9999.0 -9999.0 -9999.0 -9999.0 -9999.0 -9999.0 -9999.0 -9999.0 -9999.0 -9999.0 -9999.0 -9999.0 -9999.0 -9999.0 -9999.0 -9999.0 -9999.0 -9999.0 -9999.0 -9999.0 -9999.0 -9999.0 -9999.0
-9999.0 -9999.0 -9999.0 -9999.0 -9999.0 -9999.0 -9999.0 -9999.0 -9999.0 -9999.0 -9999.0 -9999.0 -9999.0 0.087676 0.086280 0.021778 0.021798 0.136274 0.086211 0.085590 0.020123 0.086253 0.020122 0.020118 0.086246 0.082355 0.086253 0.085988 0.085976 0.083732 0.086266 0.085971 0.085971 0.085970 0.085971 -9999.0 -9999.0 -9999.0 -9999.0 -9999.0 -9999.0 -9999.0 -9999.0 -9999.0 -9999.0 -9999.0 -9999.0 -9999.0 -9999.0 -9999.0 -9999.0 -9999.0 -9999.0 -9999.0 -9999.0 -9999.0 -9999.0 -9999.0 -9999.0 -9999.0 -9999.0 -9999.0 -9999.0
-9999.0 -9999.0 -9999.0 -9999.0 -9999.0 -9999.0 -9999.0 -9999.0 -9999.0 -9999.0 -9999.0 -9999.0 -9999.0 0.086204 0.118534 0.091841 0.022316 0.021783 0.086204 0.184375 0.089300 0.082025 0.020118 0.020118 0.086235 0.086267 0.086247 0.085983 0.086262 0.085970 0.085979 0.085970 0.085972 0.085970 0.085968 -9999.0 -9999.0 -9999.0 -9999.0 -9999.0 -9999.0 -9999.0 -9999.0 -9999.0 -9999.0 -9999.0 -9999.0 -9999.0 -9999.0 -9999.0 -9999.0 -9999.0 -9999.0 -9999.0 -9999.0 -9999.0 -9999.0 -9999.0 -9999.0 -9999.0 -9999.0 -9999.0 -9999.0
-9999.0 -9999.0 -9999.0 -9999.0 -9999.0 -9999.0 -9999.0 -9999.0 -9999.0 -9999.0 -9999.0 -9999.0 0.082112 0.200000 0.086286 0.086255 0.025901 0.023226 0.133022 0.080373 0.086140 0.086224 0.082878 0.086253 0.200000 0.085999 0.086866 0.086260 0.086306 0.085978 0.085976 0.086247 0.086257 0.086024 -9999.0 -9999.0 -9999.0 -9999.0 -9999.0 -9999.0 -9999.0 -9999.0 -9999.0 -9999.0 -9999.0 -9999.0 -9999.0 -9999.0 -9999.0 -9999.0 -9999.0 -9999.0 -9999.0 -9999.0 -9999.0 -9999.0 -9999.0 -9999.0 -9999.0 -9999.0 -9999.0 -9999.0 -9999.0
-9999.0 -9999.0 -9999.0 -9999.0 -9999.0 -9999.0 -9999.0 -9999.0 -9999.0 -9999.0 -9999.0 0.087150 0.086269 0.128874 0.086247 0.087173 0.082695 0.025393 0.430000 0.080590 0.020118 0.121995 0.086278 0.086040 0.082903 0.086262 0.085991 0.086277 0.152375 0.085978 0.086236 0.086292 0.086162 0.086029 0.086203 0.086240 0.086210 0.086220 0.086243 -9999.0 -9999.0 -9999.0 0.086031 -9999.0 -9999.0 -9999.0 -9999.0 -9999.0 -9999.0 -9999.0 -9999.0 -9999.0 -9999.0 -9999.0 -9999.0 -9999.0 -9999.0 -9999.0 -9999.0 -9999.0 -9999.0 -9999.0 -9999.0
-9999.0 -9999.0 -9999.0 -9999.0 -9999.0 -9999.0 -9999.0 -9999.0 -9999.0 -9999.0 -9999.0 0.086907 0.086263 0.082430 0.086266 0.086116 0.086248 0.020118 0.430000 0.430000 0.090689 0.086291 0.088215 0.086278 0.086325 0.086047 0.086263 0.086295 0.086234 0.086021 0.086277 0.086381 0.086231 0.086243 0.086240 0.086223 0.086245 0.086240 0.086258 0.086230 0.086212 0.086163 0.086233 0.086025 -9999.0 -9999.0 -9999.0 0.430000 0.086297 0.086265 0.086276 0.086267 0.086274 0.430000 0.430000 0.086047 -9999.0 -9999.0 -9999.0 -9999.0 -9999.0 -9999.0 -9999.0
-9999.0 -9999.0 -9999.0 -9999.0 -9999.0 -9999.0 -9999.0 -9999.0 -9999.0 -9999.0 -9999.0 0.087892 0.086735 0.084443 0.125214 0.086236 0.086296 0.020126 0.090215 0.430000 0.430000 0.082911 0.086285 0.088446 0.086033 0.086225 0.086290 0.087832 0.086021 0.086065 0.086000 0.084266 0.086259 0.086240 0.086134 0.086235 0.085252 0.081103 0.086240 0.086208 0.086259 0.086216 0.086225 0.086250 0.086254 -9999.0 0.086071 0.086317 0.086287 0.086313 0.086258 0.086258 0.086258 0.086660 0.086474 0.086396 -9999.0 -9999.0 -9999.0 -9999.0 -9999.0 -9999.0 -9999.0
-9999.0 -9999.0 -9999.0 -9999.0 -9999.0 -9999.0 -9999.0 -9999.0 -9999.0 -9999.0 -9999.0 -9999.0 0.087293 0.115542 0.087085 0.087195 0.021145 0.020129 0.149747 0.430000 0.020120 0.082542 0.082624 0.086316 0.086286 0.086282 0.148488 0.086014 0.086071 0.086246 0.086268 0.086284 0.086242 0.086248 0.086095 0.086225 0.085050 0.083728 0.086240 0.086226 0.086261 0.086218 0.082583 0.087589 0.086235 0.086266 0.086255 0.086272 0.084424 0.086304 0.129516 0.086430 0.430000 0.121262 0.086331 0.086840 0.087084 -9999.0 -9999.0 -9999.0 -9999.0 -9999.0 -9999.0
-9999.0 -9999.0 -9999.0 -9999.0 -9999.0 -9999.0 -9999.0 -9999.0 -9999.0 -9999.0 -9999.0 0.113580 0.086682 0.086232 0.086323 0.086312 0.086325 0.020138 0.094383 0.429573 0.020119 0.020121 0.086313 0.084061 0.086278 0.086363 0.120924 0.086023 0.086247 0.086236 0.086283 0.086330 0.086334 0.086257 0.085999 0.086235 0.086167 0.081827 0.278428 0.086234 0.081622 0.084569 0.086247 0.081575 0.086280 0.086260 0.086307 0.086252 0.086259 0.082232 0.084129 0.086205 0.086305 0.085327 0.085658 0.086022 0.086264 -9999.0 -9999.0 -9999.0 -9999.0 -9999.0 -9999.0
-9999.0 -9999.0 -9999.0 -9999.0 -9999.0 -9999.0 -9999.0 -9999.0 -9999.0 -9999.0 0.188188 0.086318 0.088136 0.087055 0.088141 0.112329 0.109323 0.020305 0.026007 0.394066 0.430000 0.430000 0.020118 0.087879 0.086280 0.177740 0.084833 0.083799 0.086238 0.086284 0.086344 0.086808 0.086269 0.086074 0.085973 0.086206 0.086200 0.085483 0.020120 0.085587 0.081175 0.082052 0.086032 0.402132 0.086262 0.086230 0.086287 0.082719 0.086308 0.086291 0.083705 0.086032 0.085717 0.086025 0.086042 0.086328 0.086323 -9999.0 -9999.0 -9999.0 -9999.0 -9999.0 -9999.0
-9999.0 -9999.0 -9999.0 -9999.0 -9999.0 -9999.0 -9999.0 -9999.0 -9999.0 0.086233 0.128505 0.119183 0.086351 0.086281 0.117587 0.086319 0.086273 0.089374 0.020118 0.226472 0.430000 0.020118 0.020118 0.086254 0.113084 0.021428 0.086232 0.086294 0.082544 0.086280 0.086316 0.021611 0.085982 0.085979 0.086062 0.086015 0.086263 0.086223 0.085940 0.086264 0.020119 0.021131 0.020392 0.020124 0.020118 0.082100 0.086319 0.082216 0.082645 0.129047 0.083159 0.086260 0.086024 0.086085 0.086193 0.085083 0.086617 0.086256 0.086260 -9999.0 -9999.0 -9999.0 -9999.0
-9999.0 -9999.0 -9999.0 -9999.0 -9999.0 -9999.0 -9999.0 -9999.0 -9999.0 0.086233 0.086252 0.086258 0.200000 0.086278 0.086271 0.086274 0.089627 0.086268 0.020118 0.422736 0.429993 0.086518 0.120365 0.087941 0.020650 0.086238 0.086268 0.086274 0.086298 0.128968 0.086255 0.021714 0.086049 0.086258 0.086280 0.086208 0.086230 0.086227 0.086014 0.086273 0.110172 0.084769 0.086178 0.086256 0.397083 0.099794 0.086236 0.081526 0.081826 0.086279 0.020955 0.085284 0.086062 0.086066 0.086047 0.112520 0.084902 0.086400 0.086249 -9999.0 -9999.0 -9999.0 -9999.0
-9999.0 -9999.0 -9999.0 -9999.0 -9999.0 -9999.0 -9999.0 -9999.0 -9999.0 -9999.0 0.086258 0.086274 0.086346 0.430000 0.082254 0.086268 0.086281 0.086277 0.020118 0.318732 0.430000 0.020118 0.020136 0.020142 0.086246 0.086263 0.086283 0.086302 0.086257 0.031852 0.028155 0.200000 0.085473 0.086027 0.086290 0.086372 0.086550 0.087256 0.086243 0.086014 0.085991 0.087678 0.195147 0.083958 0.020131 0.020128 0.020118 0.126463 0.080737 0.082034 0.020119 0.083265 0.086266 0.086064 0.086551 0.086136 0.087409 0.200000 0.082708 0.086277 -9999.0 -9999.0 -9999.0
-9999.0 -9999.0 -9999.0 -9999.0 -9999.0 -9999.0 -9999.0 -9999.0 -9999.0 -9999.0 0.086265 0.086266 0.087168 0.086335 0.430000 0.020118 0.020120 0.026232 0.022111 0.291802 0.022400 0.020118 0.020119 0.086129 0.086242 0.086280 0.130720 0.020138 0.023481 0.085770 0.086034 0.088256 0.083730 0.086027 0.086032 0.087318 0.149361 0.086294 0.084302 0.086050 0.086278 0.086259 0.086310 0.086064 0.126938 0.020158 0.086315 0.020119 0.020118 0.081227 0.080303 0.083938 0.086348 0.086267 0.086031 0.086265 0.086220 0.084353 0.020135 0.150292 -9999.0 -9999.0 -9999.0
-9999.0 -9999.0 -9999.0 -9999.0 -9999.0 -9999.0 -9999.0 -9999.0 0.088222 0.086278 0.086216 0.087516 0.086470 0.086338 0.020153 0.430000 0.020122 0.086612 0.330050 0.285307 0.021468 0.020118 0.020118 0.020118 0.086181 0.032176 0.144614 0.021849 0.086362 0.085373 0.085995 0.086044 0.086106 0.086142 0.086280 0.086010 0.086279 0.086303 0.030105 0.086251 0.086075 0.087458 0.084345 0.086000 0.086258 0.142097 0.028462 0.086322 0.020118 0.430000 0.086173 0.020118 0.086356 0.085261 0.086255 0.086282 0.086256 0.091075 0.082158 0.020121 -9999.0 -9999.0 -9999.0
-9999.0 -9999.0 -9999.0 -9999.0 -9999.0 -9999.0 -9999.0 -9999.0 0.084993 0.086349 0.084675 0.086105 0.086240 0.106999 0.020264 0.020125 0.020118 0.020118 0.020118 0.279473 0.429992 0.385769 0.102828 0.086420 0.020118 0.028859 0.039809 0.086397 0.084046 0.086276 0.086272 0.086243 0.086296 0.086258 0.088195 0.088297 0.086362 0.086345 0.084173 0.086286 0.086148 0.086006 0.086031 0.086290 0.157728 0.086332 0.084437 0.086086 0.084034 0.020124 0.086156 0.086396 0.020813 0.086366 0.086256 0.081957 0.082742 0.082528 0.081101 0.430000 0.351356 -9999.0 -9999.0
-9999.0 -9999.0 -9999.0 -9999.0 -9999.0 -9999.0 -9999.0 -9999.0 0.086244 0.136568 0.086265 0.084963 0.091443 0.084321 0.086320 0.020118 0.020118 0.086064 0.020118 0.430000 0.278643 0.384559 0.092344 0.089254 0.112920 0.020119 0.020126 0.021263 0.083603 0.086268 0.086246 0.089485 0.086306 0.083823 0.088638 0.086458 0.084184 0.020120 0.021099 0.084674 0.086278 0.086259 0.087793 0.143762 0.086296 0.087057 0.086262 0.087210 0.086289 0.020118 0.430000 0.086202 0.020118 0.020124 0.082634 0.086573 0.086509 0.086397 0.086082 0.430000 0.430000 -9999.0 -9999.0
-9999.0 -9999.0 -9999.0 -9999.0 -9999.0 -9999.0 -9999.0 -9999.0 0.086002 0.086284 0.430000 0.083561 0.089776 0.124581 0.020118 0.020120 0.020118 0.020123 0.429445 0.189686 0.283044 0.292492 0.394429 0.398887 0.022475 0.020120 0.020143 0.020148 0.087865 0.082869 0.083345 0.083207 0.081903 0.086362 0.083798 0.086258 0.086259 0.020136 0.020132 0.084497 0.086272 0.086295 0.086302 0.086245 0.086901 0.086261 0.086259 0.086259 0.086255 0.082841 0.020139 0.020128 0.086201 0.135258 0.086562 0.086681 0.086161 0.430000 0.429582 0.430000 0.127659 0.036353 -9999.0
-9999.0 -9999.0 -9999.0 -9999.0 -9999.0 -9999.0 -9999.0 -9999.0 0.086712 0.088093 0.200000 0.020119 0.020118 0.020128 0.091753 0.123295 0.430000 0.020119 0.020121 0.020118 0.021585 0.294464 0.298547 0.304518 0.086402 0.020118 0.020127 0.086263 0.086263 0.086338 0.020119 0.086356 0.082000 0.086372 0.083194 0.083069 0.082753 0.020132 0.020118 0.086395 0.083334 0.082719 0.082725 0.082263 0.084149 0.086274 0.082791 0.082510 0.082506 0.081872 0.081093 0.020118 0.020126 0.086310 0.089428 0.430000 0.430000 0.430000 0.430000 0.086125 0.020120 0.040993 -9999.0
-9999.0 -9999.0 0.086246 0.087270 0.089925 0.086265 0.086406 0.086330 0.088310 0.088061 0.086373 0.430000 0.020129 0.086559 0.093936 0.430000 0.020118 0.021474 0.086273 0.020121 0.020118 0.021908 0.405948 0.197635 0.299904 0.020118 0.020118 0.020118 0.020118 0.089596 0.020122 0.020123 0.153831 0.020122 0.086322 0.020130 0.086306 0.020131 0.020118 0.020119 0.082419 0.082058 0.020118 0.086131 0.020118 0.082289 0.086314 0.031840 0.080950 0.086263 0.086244 0.422841 0.430000 0.430000 0.430000 0.430000 0.430000 0.148756 0.086196 0.020124 0.158642 0.053354 -9999.0
-9999.0 0.086260 0.086305 0.086307 0.086260 0.086376 0.086410 0.086301 0.086301 0.086271 0.086355 0.020168 0.430000 0.430000 0.430000 0.020133 0.086386 0.086285 0.115967 0.020119 0.020118 0.020118 0.430000 0.320650 0.098665 0.089608 0.096830 0.100600 0.086211 0.115667 0.086033 0.086236 0.086359 0.152505 0.086281 0.110683 0.086282 0.020126 0.144664 0.129152 0.086271 0.086305 0.086095 0.020119 0.020119 0.020118 0.430000 0.020119 0.086275 0.362173 0.430000 0.430000 0.430000 0.430000 0.430000 0.148169 0.042695 0.041421 0.149192 0.151670 0.066015 0.060614 -9999.0
-9999.0 0.089106 0.086384 0.086358 0.430000 0.086425 0.020376 0.086259 0.086996 0.086240 0.086294 0.020137 0.020128 0.430000 0.020119 0.022770 0.084855 0.086258 0.086403 0.020122 0.148493 0.029393 0.419740 0.430000 0.430000 0.429205 0.020937 0.341456 0.402172 0.020118 0.020118 0.020118 0.140907 0.430000 0.430000 0.430000 0.430000 0.430000 0.149647 0.113000 0.134840 0.430000 0.086326 0.022104 0.020994 0.020118 0.411468 0.428695 0.430000 0.430000 0.142180 0.034364 0.041292 0.039403 0.020133 0.049950 0.020149 0.049708 0.020175 0.052396 0.055972 -9999.0 -9999.0
-9999.0 0.086256 0.086346 0.020125 0.020124 0.430000 0.430000 0.020139 0.086309 0.086316 0.086345 0.020125 0.086440 0.430000 0.020327 0.029294 0.086299 0.086358 0.020309 0.020127 0.020121 0.020119 0.022977 0.430000 0.430000 0.429706 0.430000 0.430000 0.307228 0.422076 0.290939 0.272600 0.430000 0.430000 0.430000 0.414846 0.430000 0.430000 0.430000 0.403869 0.360561 0.430000 0.430000 0.283136 0.275301 0.430000 0.430000 0.430000 0.430000 0.030897 0.020124 0.138506 0.047620 0.145188 0.052921 0.054499 0.059771 0.062114 0.056373 -9999.0 -9999.0 -9999.0 -9999.0
