user2019/resources/simulation/Vinschgau/output-maps/thetaliqL0006N0749.asc
ncols         63
nrows         48
xllcorner     598000.000000
yllcorner     5145000.000000
cellsize      1000.000000
NODATA_value  -9999.0
[rows 0 to 28 of 48, columns 0 to 62 of 63]
-9999.0 -9999.0 -9999.0 -9999.0 -9999.0 -9999.0 -9999.0 -9999.0 -9999.0 -9999.0 -9999.0 -9999.0 -9999.0 -9999.0 -9999.0 -9999.0 -9999.0 -9999.0 -9999.0 -9999.0 -9999.0 -9999.0 -9999.0 -9999.0 -9999.0 -9999.0 -9999.0 -9999.0 -9999.0 -9999.0 -9999.0 -9999.0 -9999.0 -9999.0 -9999.0 -9999.0 -9999.0 -9999.0 -9999.0 -9999.0 -9999.0 -9999.0 -9999.0 -9999.0 -9999.0 -9999.0 -9999.0 -9999.0 -9999.0 -9999.0 -9999.0 -9999.0 -9999.0 -9999.0 -9999.0 -9999.0 -9999.0 -9999.0 -9999.0 -9999.0 -9999.0 -9999.0 -9999.0
-9999.0 -9999.0 -9999.0 -9999.0 -9999.0 -9999.0 -9999.0 -9999.0 -9999.0 -9999.0 -9999.0 -9999.0 -9999.0 -9999.0 -9999.0 -9999.0 -9999.0 -9999.0 -9999.0 -9999.0 -9999.0 -9999.0 -9999.0 -9999.0 -9999.0 -9999.0 -9999.0 0.020073 0.191782 0.020059 0.020084 0.020071 0.020088 -9999.0 -9999.0 -9999.0 -9999.0 -9999.0 -9999.0 -9999.0 -9999.0 -9999.0 -9999.0 -9999.0 -9999.0 -9999.0 -9999.0 -9999.0 -9999.0 -9999.0 -9999.0 -9999.0 -9999.0 -9999.0 -9999.0 -9999.0 -9999.0 -9999.0 -9999.0 -9999.0 -9999.0 -9999.0 -9999.0
-9999.0 -9999.0 -9999.0 -9999.0 -9999.0 -9999.0 -9999.0 -9999.0 -9999.0 -9999.0 -9999.0 -9999.0 -9999.0 -9999.0 -9999.0 -9999.0 -9999.0 -9999.0 -9999.0 -9999.0 -9999.0 -9999.0 -9999.0 -9999.0 0.423017 0.429471 0.429696 0.429519 0.424863 0.192413 0.078534 -9999.0 -9999.0 -9999.0 -9999.0 -9999.0 -9999.0 -9999.0 -9999.0 -9999.0 -9999.0 -9999.0 -9999.0 -9999.0 -9999.0 -9999.0 -9999.0 -9999.0 -9999.0 -9999.0 -9999.0 -9999.0 -9999.0 -9999.0 -9999.0 -9999.0 -9999.0 -9999.0 -9999.0 -9999.0 -9999.0 -9999.0 -9999.0
-9999.0 -9999.0 -9999.0 -9999.0 -9999.0 -9999.0 -9999.0 -9999.0 -9999.0 -9999.0 -9999.0 -9999.0 -9999.0 -9999.0 -9999.0 -9999.0 -9999.0 -9999.0 -9999.0 -9999.0 -9999.0 -9999.0 -9999.0 0.429454 0.430000 0.330595 0.393051 0.048898 0.083475 0.196273 0.191676 0.020197 -9999.0 -9999.0 -9999.0 -9999.0 -9999.0 -9999.0 -9999.0 -9999.0 -9999.0 -9999.0 -9999.0 -9999.0 -9999.0 -9999.0 -9999.0 -9999.0 -9999.0 -9999.0 -9999.0 -9999.0 -9999.0 -9999.0 -9999.0 -9999.0 -9999.0 -9999.0 -9999.0 -9999.0 -9999.0 -9999.0 -9999.0
-9999.0 -9999.0 -9999.0 -9999.0 -9999.0 -9999.0 -9999.0 -9999.0 -9999.0 -9999.0 -9999.0 -9999.0 -9999.0 -9999.0 -9999.0 -9999.0 -9999.0 -9999.0 0.430000 0.430000 -9999.0 0.429279 0.430000 0.054179 0.406766 0.043836 0.419655 0.430000 0.430000 0.404867 0.193737 0.096971 0.020055 0.020042 -9999.0 -9999.0 -9999.0 -9999.0 -9999.0 -9999.0 -9999.0 -9999.0 -9999.0 -9999.0 -9999.0 -9999.0 -9999.0 -9999.0 -9999.0 -9999.0 -9999.0 -9999.0 -9999.0 -9999.0 -9999.0 -9999.0 -9999.0 -9999.0 -9999.0 -9999.0 -9999.0 -9999.0 -9999.0
-9999.0 -9999.0 -9999.0 -9999.0 -9999.0 -9999.0 -9999.0 -9999.0 -9999.0 -9999.0 -9999.0 -9999.0 -9999.0 -9999.0 -9999.0 -9999.0 -9999.0 0.238119 0.374914 0.020057 0.042308 0.430000 0.405363 0.078761 0.400631 0.422702 0.427701 0.415254 0.425551 0.430000 0.429729 0.180462 0.020078 0.020051 0.020038 0.020033 -9999.0 -9999.0 -9999.0 -9999.0 -9999.0 -9999.0 -9999.0 -9999.0 -9999.0 -9999.0 -9999.0 -9999.0 -9999.0 -9999.0 -9999.0 -9999.0 -9999.0 -9999.0 -9999.0 -9999.0 -9999.0 -9999.0 -9999.0 -9999.0 -9999.0 -9999.0 -9999.0
-9999.0 -9999.0 -9999.0 -9999.0 -9999.0 -9999.0 -9999.0 -9999.0 -9999.0 -9999.0 -9999.0 -9999.0 -9999.0 0.199479 0.428169 0.325480 0.203098 0.042340 0.242921 0.050795 0.401588 0.379608 0.060676 0.414997 0.429207 0.429503 0.020114 0.036735 0.089167 0.427714 0.430000 0.424746 0.036913 0.020090 0.020046 0.020040 -9999.0 -9999.0 -9999.0 -9999.0 -9999.0 -9999.0 -9999.0 -9999.0 -9999.0 -9999.0 -9999.0 -9999.0 -9999.0 -9999.0 -9999.0 -9999.0 -9999.0 -9999.0 -9999.0 -9999.0 -9999.0 -9999.0 -9999.0 -9999.0 -9999.0 -9999.0 -9999.0
-9999.0 -9999.0 -9999.0 -9999.0 -9999.0 -9999.0 -9999.0 -9999.0 -9999.0 -9999.0 -9999.0 -9999.0 -9999.0 0.430000 0.417197 0.312814 0.225173 0.430000 0.042301 0.317574 0.050044 0.106581 0.420455 0.430000 0.428899 0.090696 0.191694 0.020054 0.020059 0.037405 0.360385 0.020087 0.020042 0.020030 0.020036 -9999.0 -9999.0 -9999.0 -9999.0 -9999.0 -9999.0 -9999.0 -9999.0 -9999.0 -9999.0 -9999.0 -9999.0 -9999.0 -9999.0 -9999.0 -9999.0 -9999.0 -9999.0 -9999.0 -9999.0 -9999.0 -9999.0 -9999.0 -9999.0 -9999.0 -9999.0 -9999.0 -9999.0
-9999.0 -9999.0 -9999.0 -9999.0 -9999.0 -9999.0 -9999.0 -9999.0 -9999.0 -9999.0 -9999.0 -9999.0 -9999.0 0.392209 0.430000 0.350387 0.290896 0.238057 0.042292 0.228988 0.430000 0.020102 0.422790 0.427874 0.430000 0.418544 0.020077 0.020056 0.084249 0.020033 0.020082 0.020035 0.020031 0.020042 0.020030 -9999.0 -9999.0 -9999.0 -9999.0 -9999.0 -9999.0 -9999.0 -9999.0 -9999.0 -9999.0 -9999.0 -9999.0 -9999.0 -9999.0 -9999.0 -9999.0 -9999.0 -9999.0 -9999.0 -9999.0 -9999.0 -9999.0 -9999.0 -9999.0 -9999.0 -9999.0 -9999.0 -9999.0
-9999.0 -9999.0 -9999.0 -9999.0 -9999.0 -9999.0 -9999.0 -9999.0 -9999.0 -9999.0 -9999.0 -9999.0 0.068583 0.430000 0.429087 0.430000 0.428130 0.335157 0.411061 0.020062 0.395073 0.420954 0.025143 0.429072 0.430000 0.187174 0.372755 0.120502 0.098584 0.020040 0.020057 0.020049 0.020075 0.020037 -9999.0 -9999.0 -9999.0 -9999.0 -9999.0 -9999.0 -9999.0 -9999.0 -9999.0 -9999.0 -9999.0 -9999.0 -9999.0 -9999.0 -9999.0 -9999.0 -9999.0 -9999.0 -9999.0 -9999.0 -9999.0 -9999.0 -9999.0 -9999.0 -9999.0 -9999.0 -9999.0 -9999.0 -9999.0
-9999.0 -9999.0 -9999.0 -9999.0 -9999.0 -9999.0 -9999.0 -9999.0 -9999.0 -9999.0 -9999.0 0.428866 0.430000 0.430000 0.430000 0.430000 0.020119 0.375505 0.430000 0.020169 0.085996 0.430000 0.193501 0.191457 0.094267 0.073195 0.020048 0.064927 0.372992 0.020042 0.020050 0.112208 0.020046 0.020045 0.020038 0.020048 0.097760 0.064303 0.021414 -9999.0 -9999.0 -9999.0 0.020044 -9999.0 -9999.0 -9999.0 -9999.0 -9999.0 -9999.0 -9999.0 -9999.0 -9999.0 -9999.0 -9999.0 -9999.0 -9999.0 -9999.0 -9999.0 -9999.0 -9999.0 -9999.0 -9999.0 -9999.0
-9999.0 -9999.0 -9999.0 -9999.0 -9999.0 -9999.0 -9999.0 -9999.0 -9999.0 -9999.0 -9999.0 0.425305 0.430000 0.091885 0.430000 0.192842 0.418754 0.337344 0.423518 0.430000 0.430000 0.200000 0.424580 0.417526 0.279512 0.091843 0.191765 0.134050 0.020062 0.020044 0.020123 0.195459 0.117025 0.020068 0.020107 0.020098 0.164215 0.083926 0.079826 0.020048 0.020048 0.020043 0.020088 0.020055 -9999.0 -9999.0 -9999.0 0.040057 0.020088 0.020038 0.020103 0.020042 0.020040 0.091140 0.040023 0.020037 -9999.0 -9999.0 -9999.0 -9999.0 -9999.0 -9999.0 -9999.0
-9999.0 -9999.0 -9999.0 -9999.0 -9999.0 -9999.0 -9999.0 -9999.0 -9999.0 -9999.0 -9999.0 0.427513 0.429164 0.109210 0.430000 0.200000 0.430000 0.430000 0.430000 0.423157 0.430000 0.091156 0.427058 0.424275 0.074778 0.020100 0.416689 0.109644 0.020066 0.020099 0.020060 0.020100 0.150476 0.020113 0.020054 0.142569 0.374239 0.031234 0.077076 0.020109 0.087744 0.020118 0.111975 0.128610 0.020154 -9999.0 0.020037 0.020068 0.020090 0.086212 0.074532 0.020066 0.020092 0.020085 0.020079 0.020071 -9999.0 -9999.0 -9999.0 -9999.0 -9999.0 -9999.0 -9999.0
-9999.0 -9999.0 -9999.0 -9999.0 -9999.0 -9999.0 -9999.0 -9999.0 -9999.0 -9999.0 -9999.0 -9999.0 0.426763 0.412142 0.430000 0.430000 0.430000 0.406454 0.430000 0.430000 0.429993 0.090563 0.088367 0.410326 0.420398 0.419790 0.430000 0.020125 0.020084 0.020055 0.121118 0.324526 0.042379 0.020121 0.020119 0.020105 0.208224 0.063033 0.082460 0.049221 0.152181 0.031108 0.060271 0.424569 0.020061 0.020105 0.020046 0.020111 0.020050 0.385539 0.429868 0.306859 0.414771 0.235230 0.120510 0.040394 0.056272 -9999.0 -9999.0 -9999.0 -9999.0 -9999.0 -9999.0
-9999.0 -9999.0 -9999.0 -9999.0 -9999.0 -9999.0 -9999.0 -9999.0 -9999.0 -9999.0 -9999.0 0.362125 0.423634 0.190039 0.423312 0.426864 0.430000 0.430000 0.430000 0.408306 0.430000 0.423223 0.427692 0.086981 0.418608 0.420604 0.394013 0.034175 0.175586 0.020084 0.345538 0.420862 0.196219 0.020087 0.020092 0.020090 0.075904 0.021320 0.122725 0.079596 0.022558 0.135362 0.424320 0.020090 0.197516 0.165577 0.042508 0.020058 0.020072 0.029343 0.020064 0.020153 0.040052 0.020041 0.020040 0.020049 0.020041 -9999.0 -9999.0 -9999.0 -9999.0 -9999.0 -9999.0
-9999.0 -9999.0 -9999.0 -9999.0 -9999.0 -9999.0 -9999.0 -9999.0 -9999.0 -9999.0 0.430000 0.419160 0.429604 0.429874 0.430000 0.430000 0.430000 0.419289 0.309692 0.417382 0.430000 0.430000 0.109827 0.430000 0.429475 0.430000 0.083635 0.020054 0.188892 0.194404 0.421542 0.424542 0.189490 0.020081 0.020039 0.020060 0.165509 0.324015 0.143196 0.430000 0.089208 0.020132 0.042448 0.430000 0.427184 0.020147 0.083783 0.080118 0.419753 0.429510 0.020053 0.020045 0.020037 0.020038 0.020030 0.020081 0.020084 -9999.0 -9999.0 -9999.0 -9999.0 -9999.0 -9999.0
-9999.0 -9999.0 -9999.0 -9999.0 -9999.0 -9999.0 -9999.0 -9999.0 -9999.0 0.055822 0.421068 0.418417 0.420281 0.427785 0.416499 0.418604 0.428668 0.430000 0.383974 0.307111 0.430000 0.377405 0.104340 0.423893 0.430000 0.130245 0.418544 0.196561 0.085756 0.429143 0.430000 0.020085 0.020064 0.020029 0.020046 0.020046 0.092206 0.257539 0.290962 0.416584 0.412319 0.425461 0.116649 0.429774 0.110867 0.086922 0.200000 0.081146 0.087066 0.430000 0.020057 0.020040 0.020038 0.020033 0.020038 0.020042 0.154515 0.020057 0.020044 -9999.0 -9999.0 -9999.0 -9999.0
-9999.0 -9999.0 -9999.0 -9999.0 -9999.0 -9999.0 -9999.0 -9999.0 -9999.0 0.020094 0.020099 0.193169 0.430000 0.429999 0.429487 0.427694 0.430000 0.430000 0.375683 0.398779 0.423090 0.372444 0.430000 0.430000 0.132196 0.418738 0.428181 0.430000 0.430000 0.430000 0.186345 0.020048 0.020122 0.020116 0.020087 0.020073 0.020078 0.020127 0.188730 0.193179 0.344227 0.125841 0.425792 0.430000 0.430000 0.423832 0.430000 0.081251 0.082699 0.430000 0.020057 0.020043 0.020034 0.020031 0.020039 0.040031 0.020056 0.321366 0.020125 -9999.0 -9999.0 -9999.0 -9999.0
-9999.0 -9999.0 -9999.0 -9999.0 -9999.0 -9999.0 -9999.0 -9999.0 -9999.0 -9999.0 0.085721 0.194278 0.421790 0.430000 0.086646 0.429589 0.430000 0.430000 0.380879 0.391492 0.430000 0.105776 0.429193 0.125843 0.427353 0.429976 0.430000 0.430000 0.186513 0.293651 0.020103 0.373250 0.020061 0.020128 0.147240 0.195035 0.429800 0.425341 0.020084 0.020091 0.063608 0.425982 0.430000 0.125508 0.134840 0.427639 0.130566 0.430000 0.083187 0.087940 0.020057 0.020050 0.020041 0.020035 0.040033 0.020068 0.274206 0.200000 0.100101 0.430000 -9999.0 -9999.0 -9999.0
-9999.0 -9999.0 -9999.0 -9999.0 -9999.0 -9999.0 -9999.0 -9999.0 -9999.0 -9999.0 0.020084 0.066480 0.424595 0.418607 0.430000 0.400656 0.410977 0.361902 0.365047 0.251841 0.248484 0.374161 0.419084 0.428961 0.429680 0.430000 0.430000 0.420575 0.181505 0.020077 0.020185 0.407129 0.020049 0.020110 0.091664 0.425983 0.430000 0.421307 0.020056 0.032333 0.020126 0.020189 0.361091 0.192198 0.422316 0.046930 0.428650 0.133987 0.129636 0.094670 0.109188 0.020075 0.040040 0.020035 0.020032 0.020036 0.020102 0.114673 0.430000 0.430000 -9999.0 -9999.0 -9999.0
-9999.0 -9999.0 -9999.0 -9999.0 -9999.0 -9999.0 -9999.0 -9999.0 0.424258 0.192355 0.041125 0.344223 0.369133 0.394590 0.361242 0.430000 0.340178 0.370710 0.353428 0.207742 0.220118 0.332208 0.356912 0.387619 0.429335 0.430000 0.430000 0.282800 0.280255 0.020043 0.020036 0.020091 0.020192 0.020456 0.026259 0.129852 0.197799 0.427113 0.020092 0.020061 0.020057 0.416985 0.020059 0.020064 0.020371 0.430000 0.020161 0.423563 0.131297 0.430000 0.428520 0.020080 0.159039 0.020032 0.020038 0.020125 0.020063 0.430000 0.095798 0.430000 -9999.0 -9999.0 -9999.0
-9999.0 -9999.0 -9999.0 -9999.0 -9999.0 -9999.0 -9999.0 -9999.0 0.020123 0.323315 0.020076 0.020361 0.179728 0.426772 0.416890 0.429994 0.414340 0.390407 0.059416 0.215303 0.424445 0.398314 0.391027 0.394748 0.349743 0.430000 0.430000 0.421631 0.020057 0.058247 0.020132 0.020072 0.058406 0.020073 0.364068 0.424954 0.200000 0.429621 0.097202 0.192794 0.053746 0.020053 0.020074 0.192908 0.430000 0.371131 0.020061 0.171114 0.122167 0.430000 0.430000 0.421737 0.040037 0.026604 0.191639 0.020078 0.088511 0.089543 0.094742 0.430000 0.222051 -9999.0 -9999.0
-9999.0 -9999.0 -9999.0 -9999.0 -9999.0 -9999.0 -9999.0 -9999.0 0.030105 0.198067 0.164883 0.020065 0.411630 0.020074 0.427950 0.111207 0.389720 0.399187 0.263331 0.395457 0.215481 0.337988 0.379845 0.257792 0.393523 0.426450 0.430000 0.415675 0.020057 0.075511 0.020089 0.425278 0.209292 0.020114 0.424730 0.200000 0.114669 0.132446 0.133202 0.079068 0.095902 0.020086 0.354251 0.427622 0.252484 0.323372 0.020063 0.423817 0.421393 0.133629 0.430000 0.428408 0.020080 0.020062 0.090650 0.429995 0.430000 0.430000 0.430000 0.430000 0.430000 -9999.0 -9999.0
-9999.0 -9999.0 -9999.0 -9999.0 -9999.0 -9999.0 -9999.0 -9999.0 0.020049 0.127796 0.428442 0.020058 0.352562 0.320753 0.020145 0.430000 0.077299 0.289753 0.416734 0.229049 0.234333 0.243338 0.338893 0.243590 0.306556 0.424863 0.428868 0.115697 0.429817 0.085313 0.086365 0.092051 0.026840 0.430000 0.020234 0.198793 0.200000 0.426964 0.133836 0.099263 0.196034 0.194415 0.193402 0.020438 0.423956 0.020102 0.190428 0.020139 0.191888 0.086994 0.429410 0.430000 0.429273 0.429989 0.430000 0.430000 0.430000 0.430000 0.430000 0.430000 0.430000 0.430000 -9999.0
-9999.0 -9999.0 -9999.0 -9999.0 -9999.0 -9999.0 -9999.0 -9999.0 0.203606 0.320289 0.430000 0.067953 0.020154 0.391562 0.430000 0.430000 0.430000 0.418166 0.422273 0.395591 0.266334 0.281099 0.241721 0.229905 0.407103 0.393361 0.409466 0.429793 0.430000 0.429881 0.121181 0.429981 0.098789 0.430000 0.099436 0.098450 0.100264 0.426099 0.134549 0.430000 0.099149 0.028469 0.099791 0.027017 0.090795 0.199028 0.089670 0.093489 0.086180 0.088690 0.092929 0.404467 0.430000 0.428268 0.430000 0.430000 0.430000 0.430000 0.430000 0.430000 0.430000 0.430000 -9999.0
-9999.0 -9999.0 0.179276 0.424123 0.267910 0.418038 0.321023 0.160594 0.268894 0.225398 0.362211 0.429116 0.412686 0.430000 0.430000 0.430000 0.127605 0.415980 0.428176 0.429979 0.385759 0.395203 0.430000 0.189620 0.251747 0.368352 0.390682 0.410937 0.430000 0.430000 0.427249 0.430000 0.430000 0.430000 0.430000 0.424484 0.430000 0.418828 0.132912 0.134761 0.094964 0.093898 0.125751 0.430000 0.125154 0.095344 0.430000 0.430000 0.088880 0.429900 0.419440 0.372691 0.430000 0.430000 0.430000 0.430000 0.430000 0.430000 0.430000 0.430000 0.430000 0.430000 -9999.0
-9999.0 0.427765 0.360451 0.408618 0.418955 0.367908 0.310524 0.106221 0.040103 0.020130 0.230990 0.280547 0.430000 0.430000 0.430000 0.119084 0.421806 0.420096 0.427883 0.426334 0.381534 0.430000 0.430000 0.430000 0.265417 0.240643 0.318674 0.375093 0.430000 0.430000 0.377854 0.428047 0.430000 0.430000 0.430000 0.414630 0.419740 0.385404 0.430000 0.422637 0.421104 0.430000 0.430000 0.429721 0.407124 0.382285 0.430000 0.429568 0.422948 0.430000 0.430000 0.430000 0.430000 0.430000 0.430000 0.430000 0.430000 0.430000 0.430000 0.430000 0.428550 0.430000 -9999.0
-9999.0 0.429637 0.418547 0.419572 0.430000 0.420211 0.325327 0.356783 0.388386 0.027895 0.411252 0.413698 0.430000 0.430000 0.131876 0.133795 0.020085 0.419180 0.420055 0.410271 0.430000 0.430000 0.430000 0.430000 0.430000 0.367236 0.173454 0.185940 0.404427 0.387375 0.251629 0.296529 0.430000 0.430000 0.430000 0.430000 0.430000 0.423931 0.430000 0.393610 0.429940 0.430000 0.430000 0.285930 0.183568 0.285301 0.379615 0.430000 0.430000 0.430000 0.430000 0.430000 0.430000 0.430000 0.430000 0.416130 0.415756 0.415337 0.416562 0.415605 0.415774 -9999.0 -9999.0
-9999.0 0.188953 0.420593 0.413472 0.430000 0.430000 0.430000 0.373404 0.419760 0.369725 0.420799 0.412680 0.430000 0.430000 0.247896 0.040066 0.235113 0.245776 0.095908 0.413825 0.425246 0.428677 0.316537 0.430000 0.430000 0.430000 0.430000 0.430000 0.255473 0.403501 0.189121 0.172731 0.430000 0.430000 0.430000 0.410006 0.429276 0.407534 0.408687 0.394500 0.394979 0.427866 0.430000 0.183053 0.172386 0.430000 0.429958 0.430000 0.430000 0.430000 0.430000 0.430000 0.414700 0.430000 0.395643 0.301566 0.311358 0.355521 0.414696 -9999.0 -9999.0 -9999.0 -9999.0
