user2019/resources/simulation/Vinschgau/output-maps/thetaliqL0001N0717.asc
ncols         63
nrows         48
xllcorner     598000.000000
yllcorner     5145000.000000
cellsize      1000.000000
NODATA_value  -9999.0
[rows 0 to 28 of 48, columns 0 to 62 of 63]
-9999.0 -9999.0 -9999.0 -9999.0 -9999.0 -9999.0 -9999.0 -9999.0 -9999.0 -9999.0 -9999.0 -9999.0 -9999.0 -9999.0 -9999.0 -9999.0 -9999.0 -9999.0 -9999.0 -9999.0 -9999.0 -9999.0 -9999.0 -9999.0 -9999.0 -9999.0 -9999.0 -9999.0 -9999.0 -9999.0 -9999.0 -9999.0 -9999.0 -9999.0 -9999.0 -9999.0 -9999.0 -9999.0 -9999.0 -9999.0 -9999.0 -9999.0 -9999.0 -9999.0 -9999.0 -9999.0 -9999.0 -9999.0 -9999.0 -9999.0 -9999.0 -9999.0 -9999.0 -9999.0 -9999.0 -9999.0 -9999.0 -9999.0 -9999.0 -9999.0 -9999.0 -9999.0 -9999.0
-9999.0 -9999.0 -9999.0 -9999.0 -9999.0 -9999.0 -9999.0 -9999.0 -9999.0 -9999.0 -9999.0 -9999.0 -9999.0 -9999.0 -9999.0 -9999.0 -9999.0 -9999.0 -9999.0 -9999.0 -9999.0 -9999.0 -9999.0 -9999.0 -9999.0 -9999.0 -9999.0 0.168846 0.520000 0.057491 0.520000 0.134922 0.239772 -9999.0 -9999.0 -9999.0 -9999.0 -9999.0 -9999.0 -9999.0 -9999.0 -9999.0 -9999.0 -9999.0 -9999.0 -9999.0 -9999.0 -9999.0 -9999.0 -9999.0 -9999.0 -9999.0 -9999.0 -9999.0 -9999.0 -9999.0 -9999.0 -9999.0 -9999.0 -9999.0 -9999.0 -9999.0 -9999.0
-9999.0 -9999.0 -9999.0 -9999.0 -9999.0 -9999.0 -9999.0 -9999.0 -9999.0 -9999.0 -9999.0 -9999.0 -9999.0 -9999.0 -9999.0 -9999.0 -9999.0 -9999.0 -9999.0 -9999.0 -9999.0 -9999.0 -9999.0 -9999.0 0.520000 0.437165 0.520000 0.520000 0.520000 0.448794 0.520000 -9999.0 -9999.0 -9999.0 -9999.0 -9999.0 -9999.0 -9999.0 -9999.0 -9999.0 -9999.0 -9999.0 -9999.0 -9999.0 -9999.0 -9999.0 -9999.0 -9999.0 -9999.0 -9999.0 -9999.0 -9999.0 -9999.0 -9999.0 -9999.0 -9999.0 -9999.0 -9999.0 -9999.0 -9999.0 -9999.0 -9999.0 -9999.0
-9999.0 -9999.0 -9999.0 -9999.0 -9999.0 -9999.0 -9999.0 -9999.0 -9999.0 -9999.0 -9999.0 -9999.0 -9999.0 -9999.0 -9999.0 -9999.0 -9999.0 -9999.0 -9999.0 -9999.0 -9999.0 -9999.0 -9999.0 0.488184 0.520000 0.393917 0.482291 0.407724 0.520000 0.510000 0.328503 0.520000 -9999.0 -9999.0 -9999.0 -9999.0 -9999.0 -9999.0 -9999.0 -9999.0 -9999.0 -9999.0 -9999.0 -9999.0 -9999.0 -9999.0 -9999.0 -9999.0 -9999.0 -9999.0 -9999.0 -9999.0 -9999.0 -9999.0 -9999.0 -9999.0 -9999.0 -9999.0 -9999.0 -9999.0 -9999.0 -9999.0 -9999.0
-9999.0 -9999.0 -9999.0 -9999.0 -9999.0 -9999.0 -9999.0 -9999.0 -9999.0 -9999.0 -9999.0 -9999.0 -9999.0 -9999.0 -9999.0 -9999.0 -9999.0 -9999.0 0.520000 0.405143 -9999.0 0.520000 0.500194 0.446578 0.472617 0.348192 0.520000 0.520000 0.520000 0.471542 0.520000 0.441933 0.094345 0.199863 -9999.0 -9999.0 -9999.0 -9999.0 -9999.0 -9999.0 -9999.0 -9999.0 -9999.0 -9999.0 -9999.0 -9999.0 -9999.0 -9999.0 -9999.0 -9999.0 -9999.0 -9999.0 -9999.0 -9999.0 -9999.0 -9999.0 -9999.0 -9999.0 -9999.0 -9999.0 -9999.0 -9999.0 -9999.0
-9999.0 -9999.0 -9999.0 -9999.0 -9999.0 -9999.0 -9999.0 -9999.0 -9999.0 -9999.0 -9999.0 -9999.0 -9999.0 -9999.0 -9999.0 -9999.0 -9999.0 0.330890 0.465445 0.171893 0.096902 0.520000 0.486620 0.520000 0.490439 0.233647 0.042492 0.520000 0.040903 0.520000 0.520000 0.474743 0.179642 0.067691 0.079208 0.035736 -9999.0 -9999.0 -9999.0 -9999.0 -9999.0 -9999.0 -9999.0 -9999.0 -9999.0 -9999.0 -9999.0 -9999.0 -9999.0 -9999.0 -9999.0 -9999.0 -9999.0 -9999.0 -9999.0 -9999.0 -9999.0 -9999.0 -9999.0 -9999.0 -9999.0 -9999.0 -9999.0
-9999.0 -9999.0 -9999.0 -9999.0 -9999.0 -9999.0 -9999.0 -9999.0 -9999.0 -9999.0 -9999.0 -9999.0 -9999.0 0.520000 0.520000 0.361924 0.292387 0.192986 0.338935 0.425253 0.469024 0.434519 0.456005 0.520000 0.218615 0.520000 0.020267 0.141234 0.520000 0.520000 0.520000 0.428315 0.520000 0.046657 0.021000 0.037900 -9999.0 -9999.0 -9999.0 -9999.0 -9999.0 -9999.0 -9999.0 -9999.0 -9999.0 -9999.0 -9999.0 -9999.0 -9999.0 -9999.0 -9999.0 -9999.0 -9999.0 -9999.0 -9999.0 -9999.0 -9999.0 -9999.0 -9999.0 -9999.0 -9999.0 -9999.0 -9999.0
-9999.0 -9999.0 -9999.0 -9999.0 -9999.0 -9999.0 -9999.0 -9999.0 -9999.0 -9999.0 -9999.0 -9999.0 -9999.0 0.520000 0.513552 0.356399 0.266399 0.520000 0.191855 0.423389 0.364631 0.520000 0.485078 0.040054 0.520000 0.520000 0.504038 0.022165 0.021124 0.041998 0.225345 0.047652 0.034210 0.053291 0.039357 -9999.0 -9999.0 -9999.0 -9999.0 -9999.0 -9999.0 -9999.0 -9999.0 -9999.0 -9999.0 -9999.0 -9999.0 -9999.0 -9999.0 -9999.0 -9999.0 -9999.0 -9999.0 -9999.0 -9999.0 -9999.0 -9999.0 -9999.0 -9999.0 -9999.0 -9999.0 -9999.0 -9999.0
-9999.0 -9999.0 -9999.0 -9999.0 -9999.0 -9999.0 -9999.0 -9999.0 -9999.0 -9999.0 -9999.0 -9999.0 -9999.0 0.473933 0.520000 0.426346 0.077089 0.284001 0.191375 0.350813 0.520000 0.194975 0.166494 0.042155 0.520000 0.520000 0.192542 0.036550 0.520000 0.049723 0.052121 0.022363 0.039304 0.026138 0.102353 -9999.0 -9999.0 -9999.0 -9999.0 -9999.0 -9999.0 -9999.0 -9999.0 -9999.0 -9999.0 -9999.0 -9999.0 -9999.0 -9999.0 -9999.0 -9999.0 -9999.0 -9999.0 -9999.0 -9999.0 -9999.0 -9999.0 -9999.0 -9999.0 -9999.0 -9999.0 -9999.0 -9999.0
-9999.0 -9999.0 -9999.0 -9999.0 -9999.0 -9999.0 -9999.0 -9999.0 -9999.0 -9999.0 -9999.0 -9999.0 0.447759 0.520000 0.520000 0.516971 0.042013 0.250477 0.520000 0.166488 0.481225 0.449373 0.447713 0.435436 0.520000 0.515070 0.445284 0.520000 0.507226 0.039618 0.277017 0.199958 0.520000 0.033279 -9999.0 -9999.0 -9999.0 -9999.0 -9999.0 -9999.0 -9999.0 -9999.0 -9999.0 -9999.0 -9999.0 -9999.0 -9999.0 -9999.0 -9999.0 -9999.0 -9999.0 -9999.0 -9999.0 -9999.0 -9999.0 -9999.0 -9999.0 -9999.0 -9999.0 -9999.0 -9999.0 -9999.0 -9999.0
-9999.0 -9999.0 -9999.0 -9999.0 -9999.0 -9999.0 -9999.0 -9999.0 -9999.0 -9999.0 -9999.0 0.520000 0.480972 0.507384 0.491160 0.520000 0.094054 0.041371 0.520000 0.200000 0.520000 0.520000 0.520000 0.520000 0.466112 0.520000 0.520000 0.520000 0.520000 0.186146 0.199949 0.390633 0.200000 0.036168 0.108898 0.020736 0.496176 0.336926 0.352404 -9999.0 -9999.0 -9999.0 0.158020 -9999.0 -9999.0 -9999.0 -9999.0 -9999.0 -9999.0 -9999.0 -9999.0 -9999.0 -9999.0 -9999.0 -9999.0 -9999.0 -9999.0 -9999.0 -9999.0 -9999.0 -9999.0 -9999.0 -9999.0
-9999.0 -9999.0 -9999.0 -9999.0 -9999.0 -9999.0 -9999.0 -9999.0 -9999.0 -9999.0 -9999.0 0.520000 0.428493 0.456815 0.520000 0.520000 0.520000 0.325825 0.520000 0.520000 0.520000 0.430498 0.520000 0.104569 0.243538 0.520000 0.520000 0.520000 0.200000 0.062946 0.518973 0.394414 0.469936 0.411396 0.432348 0.268584 0.520000 0.180347 0.160960 0.121938 0.049485 0.020776 0.383435 0.189095 -9999.0 -9999.0 -9999.0 0.520000 0.520000 0.200000 0.520000 0.200000 0.200000 0.520000 0.520000 0.200000 -9999.0 -9999.0 -9999.0 -9999.0 -9999.0 -9999.0 -9999.0
-9999.0 -9999.0 -9999.0 -9999.0 -9999.0 -9999.0 -9999.0 -9999.0 -9999.0 -9999.0 -9999.0 0.520000 0.520000 0.075259 0.520000 0.520000 0.042594 0.044527 0.520000 0.520000 0.442424 0.422769 0.495700 0.520000 0.520000 0.200000 0.338862 0.470360 0.200000 0.520000 0.200000 0.151662 0.370174 0.485296 0.062764 0.485267 0.313645 0.179566 0.070468 0.196176 0.395785 0.457695 0.454457 0.492532 0.520000 -9999.0 0.044551 0.520000 0.515076 0.434041 0.520000 0.179187 0.509378 0.520000 0.520000 0.520000 -9999.0 -9999.0 -9999.0 -9999.0 -9999.0 -9999.0 -9999.0
-9999.0 -9999.0 -9999.0 -9999.0 -9999.0 -9999.0 -9999.0 -9999.0 -9999.0 -9999.0 -9999.0 -9999.0 0.520000 0.095515 0.520000 0.520000 0.040797 0.042756 0.520000 0.520000 0.430025 0.520000 0.494825 0.444778 0.085665 0.499322 0.520000 0.444772 0.520000 0.200000 0.520000 0.177794 0.512419 0.520000 0.042621 0.044222 0.040994 0.040545 0.063401 0.072899 0.163360 0.198594 0.294643 0.520000 0.020731 0.520000 0.200000 0.520000 0.135555 0.514284 0.520000 0.428338 0.518615 0.520000 0.520000 0.520000 0.520000 -9999.0 -9999.0 -9999.0 -9999.0 -9999.0 -9999.0
-9999.0 -9999.0 -9999.0 -9999.0 -9999.0 -9999.0 -9999.0 -9999.0 -9999.0 -9999.0 -9999.0 0.198249 0.520000 0.520000 0.069624 0.092094 0.520000 0.041131 0.520000 0.520000 0.398936 0.120324 0.473331 0.452723 0.487782 0.445671 0.497686 0.520000 0.520000 0.200000 0.232160 0.504178 0.510433 0.520000 0.043464 0.040807 0.040517 0.040219 0.041670 0.094451 0.040837 0.169428 0.518468 0.180732 0.520000 0.510046 0.465791 0.040487 0.101526 0.520000 0.025676 0.420955 0.218751 0.032307 0.031652 0.200000 0.200000 -9999.0 -9999.0 -9999.0 -9999.0 -9999.0 -9999.0
-9999.0 -9999.0 -9999.0 -9999.0 -9999.0 -9999.0 -9999.0 -9999.0 -9999.0 -9999.0 0.520000 0.502697 0.520000 0.520000 0.520000 0.462804 0.518138 0.042042 0.390493 0.520000 0.520000 0.520000 0.043154 0.520000 0.385588 0.473497 0.280879 0.021540 0.459336 0.520000 0.520000 0.510482 0.511977 0.164891 0.021791 0.020407 0.423763 0.091049 0.041000 0.485817 0.520000 0.198176 0.199725 0.506225 0.520000 0.184121 0.433410 0.517154 0.520000 0.520000 0.020351 0.051959 0.034696 0.200000 0.200000 0.520000 0.520000 -9999.0 -9999.0 -9999.0 -9999.0 -9999.0 -9999.0
-9999.0 -9999.0 -9999.0 -9999.0 -9999.0 -9999.0 -9999.0 -9999.0 -9999.0 0.520000 0.520000 0.520000 0.447949 0.514460 0.520000 0.520000 0.502627 0.520000 0.490133 0.458083 0.520000 0.350625 0.306118 0.508214 0.493000 0.206501 0.229691 0.497906 0.516577 0.520000 0.520000 0.040516 0.044573 0.200000 0.197747 0.021084 0.396982 0.041807 0.042315 0.327859 0.137830 0.042130 0.042228 0.470716 0.520000 0.520000 0.520000 0.513412 0.510567 0.520000 0.466583 0.200000 0.049228 0.131135 0.200000 0.265168 0.472201 0.175918 0.200000 -9999.0 -9999.0 -9999.0 -9999.0
-9999.0 -9999.0 -9999.0 -9999.0 -9999.0 -9999.0 -9999.0 -9999.0 -9999.0 0.520000 0.520000 0.520000 0.520000 0.477632 0.520000 0.520000 0.520000 0.520000 0.490391 0.494867 0.520000 0.462106 0.520000 0.484620 0.413498 0.520000 0.428313 0.520000 0.520000 0.497646 0.455015 0.040691 0.513536 0.497891 0.493912 0.038968 0.020566 0.102658 0.041795 0.328298 0.184636 0.041245 0.515659 0.520000 0.511334 0.461673 0.520000 0.520000 0.520000 0.520000 0.040385 0.040707 0.078926 0.474515 0.052797 0.084968 0.041289 0.516348 0.197292 -9999.0 -9999.0 -9999.0 -9999.0
-9999.0 -9999.0 -9999.0 -9999.0 -9999.0 -9999.0 -9999.0 -9999.0 -9999.0 -9999.0 0.520000 0.520000 0.514640 0.520000 0.519003 0.466117 0.518793 0.520000 0.520000 0.484015 0.520000 0.519375 0.331670 0.063597 0.520000 0.511607 0.520000 0.520000 0.519808 0.075364 0.046113 0.340749 0.118525 0.490888 0.493974 0.520000 0.520000 0.520000 0.142310 0.105767 0.192814 0.462626 0.488364 0.453771 0.520000 0.520000 0.520000 0.520000 0.520000 0.520000 0.451525 0.444888 0.177159 0.050299 0.520000 0.520000 0.484134 0.520000 0.520000 0.520000 -9999.0 -9999.0 -9999.0
-9999.0 -9999.0 -9999.0 -9999.0 -9999.0 -9999.0 -9999.0 -9999.0 -9999.0 -9999.0 0.520000 0.520000 0.520000 0.484788 0.520000 0.500729 0.520000 0.458571 0.520000 0.400033 0.355447 0.391496 0.079145 0.490038 0.506798 0.520000 0.520000 0.520000 0.373135 0.114907 0.520000 0.520000 0.020385 0.520000 0.520000 0.340806 0.520000 0.516882 0.041349 0.058798 0.511668 0.105622 0.287628 0.319174 0.465148 0.260937 0.520000 0.520000 0.520000 0.520000 0.520000 0.505160 0.041811 0.157753 0.200000 0.143365 0.257583 0.520000 0.520000 0.520000 -9999.0 -9999.0 -9999.0
-9999.0 -9999.0 -9999.0 -9999.0 -9999.0 -9999.0 -9999.0 -9999.0 0.520000 0.520000 0.520000 0.520000 0.520000 0.520000 0.419695 0.520000 0.435745 0.468691 0.443277 0.366783 0.336105 0.431965 0.461328 0.421527 0.459407 0.520000 0.520000 0.382236 0.486814 0.115157 0.200000 0.520000 0.520000 0.520000 0.520000 0.450536 0.381095 0.520000 0.040459 0.200000 0.107911 0.460940 0.020305 0.039970 0.122762 0.477722 0.041746 0.477798 0.520000 0.520000 0.520000 0.520000 0.481485 0.040692 0.020758 0.520000 0.198886 0.520000 0.520000 0.520000 -9999.0 -9999.0 -9999.0
-9999.0 -9999.0 -9999.0 -9999.0 -9999.0 -9999.0 -9999.0 -9999.0 0.035697 0.451678 0.054411 0.520000 0.520000 0.488868 0.361936 0.520000 0.520000 0.504553 0.462348 0.368947 0.520000 0.520000 0.517564 0.506198 0.451428 0.520000 0.520000 0.482754 0.036337 0.520000 0.520000 0.200000 0.520000 0.200000 0.520000 0.325972 0.520000 0.520000 0.424904 0.455347 0.275755 0.128547 0.038747 0.518861 0.520000 0.324438 0.020388 0.519985 0.520000 0.520000 0.520000 0.520000 0.489798 0.499873 0.520000 0.200000 0.520000 0.520000 0.520000 0.520000 0.352189 -9999.0 -9999.0
-9999.0 -9999.0 -9999.0 -9999.0 -9999.0 -9999.0 -9999.0 -9999.0 0.520000 0.509004 0.500786 0.074019 0.520000 0.083817 0.520000 0.515290 0.469772 0.486878 0.383575 0.466740 0.363221 0.407069 0.470836 0.369342 0.486480 0.520000 0.471693 0.235773 0.020699 0.520000 0.200000 0.520000 0.110194 0.040397 0.391622 0.520000 0.479156 0.520000 0.438265 0.273795 0.520000 0.200000 0.498965 0.489899 0.041662 0.520000 0.170005 0.380044 0.209936 0.520000 0.520000 0.520000 0.397915 0.309834 0.520000 0.520000 0.520000 0.520000 0.520000 0.520000 0.520000 -9999.0 -9999.0
-9999.0 -9999.0 -9999.0 -9999.0 -9999.0 -9999.0 -9999.0 -9999.0 0.200000 0.520000 0.520000 0.020159 0.512414 0.520000 0.520000 0.520000 0.520000 0.406903 0.520000 0.350017 0.370739 0.368938 0.400827 0.333073 0.384121 0.498234 0.308159 0.042016 0.418173 0.509153 0.312924 0.489282 0.520000 0.520000 0.409147 0.520000 0.520000 0.520000 0.519588 0.397351 0.327463 0.492639 0.520000 0.197054 0.416923 0.020715 0.520000 0.198974 0.520000 0.520000 0.520000 0.520000 0.520000 0.520000 0.520000 0.520000 0.520000 0.520000 0.520000 0.520000 0.520000 0.520000 -9999.0
-9999.0 -9999.0 -9999.0 -9999.0 -9999.0 -9999.0 -9999.0 -9999.0 0.520000 0.520000 0.520000 0.520000 0.520000 0.520000 0.520000 0.520000 0.520000 0.520000 0.520000 0.520000 0.358662 0.414954 0.358129 0.338917 0.520000 0.450424 0.041228 0.455148 0.520000 0.520000 0.041813 0.520000 0.520000 0.520000 0.520000 0.520000 0.520000 0.520000 0.520000 0.520000 0.520000 0.520000 0.520000 0.520000 0.437967 0.520000 0.520000 0.520000 0.520000 0.520000 0.520000 0.520000 0.520000 0.520000 0.520000 0.520000 0.520000 0.520000 0.520000 0.520000 0.520000 0.520000 -9999.0
-9999.0 -9999.0 0.520000 0.520000 0.520000 0.428541 0.439245 0.487770 0.520000 0.520000 0.520000 0.520000 0.520000 0.520000 0.520000 0.520000 0.520000 0.426559 0.474185 0.520000 0.482053 0.520000 0.520000 0.286918 0.379064 0.458420 0.485233 0.508000 0.520000 0.520000 0.417290 0.438226 0.520000 0.520000 0.520000 0.520000 0.520000 0.520000 0.520000 0.520000 0.520000 0.520000 0.520000 0.520000 0.520000 0.520000 0.520000 0.520000 0.520000 0.520000 0.520000 0.436485 0.520000 0.520000 0.520000 0.520000 0.520000 0.520000 0.520000 0.520000 0.520000 0.520000 -9999.0
-9999.0 0.421483 0.428767 0.444948 0.423113 0.506373 0.417947 0.384864 0.054249 0.520000 0.432823 0.520000 0.520000 0.520000 0.520000 0.520000 0.520000 0.321292 0.486337 0.520000 0.508219 0.520000 0.520000 0.520000 0.348079 0.359598 0.407161 0.461393 0.520000 0.520000 0.481187 0.520000 0.520000 0.520000 0.520000 0.520000 0.520000 0.520000 0.520000 0.520000 0.520000 0.520000 0.520000 0.520000 0.482607 0.488529 0.520000 0.520000 0.520000 0.520000 0.520000 0.520000 0.520000 0.520000 0.520000 0.520000 0.520000 0.520000 0.520000 0.520000 0.520000 0.520000 -9999.0
-9999.0 0.512481 0.520000 0.520000 0.520000 0.520000 0.042138 0.042435 0.520000 0.520000 0.451649 0.520000 0.520000 0.520000 0.520000 0.512391 0.460585 0.299133 0.520000 0.520000 0.520000 0.520000 0.520000 0.520000 0.520000 0.424429 0.303596 0.329877 0.520000 0.520000 0.372427 0.410887 0.520000 0.520000 0.520000 0.520000 0.520000 0.520000 0.520000 0.520000 0.520000 0.520000 0.520000 0.391140 0.326973 0.404148 0.482196 0.520000 0.520000 0.520000 0.520000 0.520000 0.520000 0.520000 0.520000 0.520000 0.520000 0.520000 0.520000 0.476034 0.501373 -9999.0 -9999.0
-9999.0 0.520000 0.520000 0.512836 0.520000 0.520000 0.520000 0.305891 0.396157 0.510925 0.520000 0.520000 0.520000 0.520000 0.520000 0.073834 0.063134 0.391287 0.367370 0.520000 0.520000 0.520000 0.403482 0.520000 0.520000 0.520000 0.520000 0.520000 0.407643 0.520000 0.345881 0.326385 0.520000 0.520000 0.520000 0.520000 0.520000 0.511197 0.520000 0.520000 0.520000 0.520000 0.520000 0.342014 0.333820 0.520000 0.520000 0.520000 0.520000 0.520000 0.520000 0.520000 0.520000 0.520000 0.520000 0.506054 0.490853 0.410832 0.352134 -9999.0 -9999.0 -9999.0 -9999.0
