user2019/resources/simulation/Vinschgau/output-maps/thetaiceL0002N0210.asc
ncols         63
nrows         48
xllcorner     598000.000000
yllcorner     5145000.000000
cellsize      1000.000000
NODATA_value  -9999.0
[rows 0 to 28 of 48, columns 0 to 62 of 63]
-9999.0 -9999.0 -9999.0 -9999.0 -9999.0 -9999.0 -9999.0 -9999.0 -9999.0 -9999.0 -9999.0 -9999.0 -9999.0 -9999.0 -9999.0 -9999.0 -9999.0 -9999.0 -9999.0 -9999.0 -9999.0 -9999.0 -9999.0 -9999.0 -9999.0 -9999.0 -9999.0 -9999.0 -9999.0 -9999.0 -9999.0 -9999.0 -9999.0 -9999.0 -9999.0 -9999.0 -9999.0 -9999.0 -9999.0 -9999.0 -9999.0 -9999.0 -9999.0 -9999.0 -9999.0 -9999.0 -9999.0 -9999.0 -9999.0 -9999.0 -9999.0 -9999.0 -9999.0 -9999.0 -9999.0 -9999.0 -9999.0 -9999.0 -9999.0 -9999.0 -9999.0 -9999.0 -9999.0
-9999.0 -9999.0 -9999.0 -9999.0 -9999.0 -9999.0 -9999.0 -9999.0 -9999.0 -9999.0 -9999.0 -9999.0 -9999.0 -9999.0 -9999.0 -9999.0 -9999.0 -9999.0 -9999.0 -9999.0 -9999.0 -9999.0 -9999.0 -9999.0 -9999.0 -9999.0 -9999.0 0.098714 0.259290 0.093801 0.208186 0.195723 0.188837 -9999.0 -9999.0 -9999.0 -9999.0 -9999.0 -9999.0 -9999.0 -9999.0 -9999.0 -9999.0 -9999.0 -9999.0 -9999.0 -9999.0 -9999.0 -9999.0 -9999.0 -9999.0 -9999.0 -9999.0 -9999.0 -9999.0 -9999.0 -9999.0 -9999.0 -9999.0 -9999.0 -9999.0 -9999.0 -9999.0
-9999.0 -9999.0 -9999.0 -9999.0 -9999.0 -9999.0 -9999.0 -9999.0 -9999.0 -9999.0 -9999.0 -9999.0 -9999.0 -9999.0 -9999.0 -9999.0 -9999.0 -9999.0 -9999.0 -9999.0 -9999.0 -9999.0 -9999.0 -9999.0 0.241338 0.418950 0.430564 0.454549 0.477090 0.243760 0.151745 -9999.0 -9999.0 -9999.0 -9999.0 -9999.0 -9999.0 -9999.0 -9999.0 -9999.0 -9999.0 -9999.0 -9999.0 -9999.0 -9999.0 -9999.0 -9999.0 -9999.0 -9999.0 -9999.0 -9999.0 -9999.0 -9999.0 -9999.0 -9999.0 -9999.0 -9999.0 -9999.0 -9999.0 -9999.0 -9999.0 -9999.0 -9999.0
-9999.0 -9999.0 -9999.0 -9999.0 -9999.0 -9999.0 -9999.0 -9999.0 -9999.0 -9999.0 -9999.0 -9999.0 -9999.0 -9999.0 -9999.0 -9999.0 -9999.0 -9999.0 -9999.0 -9999.0 -9999.0 -9999.0 -9999.0 0.451473 0.479991 0.479968 0.479988 0.479989 0.479993 0.268727 0.332167 0.255941 -9999.0 -9999.0 -9999.0 -9999.0 -9999.0 -9999.0 -9999.0 -9999.0 -9999.0 -9999.0 -9999.0 -9999.0 -9999.0 -9999.0 -9999.0 -9999.0 -9999.0 -9999.0 -9999.0 -9999.0 -9999.0 -9999.0 -9999.0 -9999.0 -9999.0 -9999.0 -9999.0 -9999.0 -9999.0 -9999.0 -9999.0
-9999.0 -9999.0 -9999.0 -9999.0 -9999.0 -9999.0 -9999.0 -9999.0 -9999.0 -9999.0 -9999.0 -9999.0 -9999.0 -9999.0 -9999.0 -9999.0 -9999.0 -9999.0 0.479968 0.479982 -9999.0 0.282225 0.479989 0.479984 0.479989 0.479996 0.479987 0.479986 0.479993 0.479992 0.332399 0.310778 0.088081 0.081931 -9999.0 -9999.0 -9999.0 -9999.0 -9999.0 -9999.0 -9999.0 -9999.0 -9999.0 -9999.0 -9999.0 -9999.0 -9999.0 -9999.0 -9999.0 -9999.0 -9999.0 -9999.0 -9999.0 -9999.0 -9999.0 -9999.0 -9999.0 -9999.0 -9999.0 -9999.0 -9999.0 -9999.0 -9999.0
-9999.0 -9999.0 -9999.0 -9999.0 -9999.0 -9999.0 -9999.0 -9999.0 -9999.0 -9999.0 -9999.0 -9999.0 -9999.0 -9999.0 -9999.0 -9999.0 -9999.0 0.479975 0.479995 0.143071 0.077596 0.441906 0.479984 0.479995 0.479992 0.479993 0.471754 0.361840 0.478543 0.475604 0.479993 0.300008 0.080932 0.083563 0.064151 0.018196 -9999.0 -9999.0 -9999.0 -9999.0 -9999.0 -9999.0 -9999.0 -9999.0 -9999.0 -9999.0 -9999.0 -9999.0 -9999.0 -9999.0 -9999.0 -9999.0 -9999.0 -9999.0 -9999.0 -9999.0 -9999.0 -9999.0 -9999.0 -9999.0 -9999.0 -9999.0 -9999.0
-9999.0 -9999.0 -9999.0 -9999.0 -9999.0 -9999.0 -9999.0 -9999.0 -9999.0 -9999.0 -9999.0 -9999.0 -9999.0 0.247907 0.479979 0.479992 0.479993 0.167200 0.479983 0.479993 0.479992 0.479991 0.479996 0.479993 0.479994 0.115701 0.021799 0.322653 0.358842 0.381169 0.242348 0.120068 0.136248 0.157761 0.018651 0.018015 -9999.0 -9999.0 -9999.0 -9999.0 -9999.0 -9999.0 -9999.0 -9999.0 -9999.0 -9999.0 -9999.0 -9999.0 -9999.0 -9999.0 -9999.0 -9999.0 -9999.0 -9999.0 -9999.0 -9999.0 -9999.0 -9999.0 -9999.0 -9999.0 -9999.0 -9999.0 -9999.0
-9999.0 -9999.0 -9999.0 -9999.0 -9999.0 -9999.0 -9999.0 -9999.0 -9999.0 -9999.0 -9999.0 -9999.0 -9999.0 0.479973 0.479956 0.479981 0.479982 0.479979 0.166427 0.479994 0.479994 0.479994 0.479988 0.479991 0.479988 0.439423 0.238033 0.023169 0.034619 0.229443 0.254169 0.181916 0.019572 0.018193 0.018106 -9999.0 -9999.0 -9999.0 -9999.0 -9999.0 -9999.0 -9999.0 -9999.0 -9999.0 -9999.0 -9999.0 -9999.0 -9999.0 -9999.0 -9999.0 -9999.0 -9999.0 -9999.0 -9999.0 -9999.0 -9999.0 -9999.0 -9999.0 -9999.0 -9999.0 -9999.0 -9999.0 -9999.0
-9999.0 -9999.0 -9999.0 -9999.0 -9999.0 -9999.0 -9999.0 -9999.0 -9999.0 -9999.0 -9999.0 -9999.0 -9999.0 0.479977 0.479988 0.479859 0.479979 0.479990 0.166467 0.479990 0.479977 0.008883 0.479989 0.406268 0.283419 0.456774 0.094553 0.020333 0.288044 0.021272 0.176394 0.018373 0.018205 0.018013 0.018031 -9999.0 -9999.0 -9999.0 -9999.0 -9999.0 -9999.0 -9999.0 -9999.0 -9999.0 -9999.0 -9999.0 -9999.0 -9999.0 -9999.0 -9999.0 -9999.0 -9999.0 -9999.0 -9999.0 -9999.0 -9999.0 -9999.0 -9999.0 -9999.0 -9999.0 -9999.0 -9999.0 -9999.0
-9999.0 -9999.0 -9999.0 -9999.0 -9999.0 -9999.0 -9999.0 -9999.0 -9999.0 -9999.0 -9999.0 -9999.0 0.479973 0.479979 0.479835 0.160645 0.479929 0.479987 0.479989 0.152874 0.469658 0.355403 0.426821 0.432833 0.266173 0.165618 0.419460 0.217148 0.271462 0.019230 0.167989 0.084895 0.279254 0.017985 -9999.0 -9999.0 -9999.0 -9999.0 -9999.0 -9999.0 -9999.0 -9999.0 -9999.0 -9999.0 -9999.0 -9999.0 -9999.0 -9999.0 -9999.0 -9999.0 -9999.0 -9999.0 -9999.0 -9999.0 -9999.0 -9999.0 -9999.0 -9999.0 -9999.0 -9999.0 -9999.0 -9999.0 -9999.0
-9999.0 -9999.0 -9999.0 -9999.0 -9999.0 -9999.0 -9999.0 -9999.0 -9999.0 -9999.0 -9999.0 0.427829 0.478614 0.479930 0.150010 0.176224 0.017304 0.479986 0.479988 0.159380 0.479995 0.479971 0.196685 0.153745 0.358976 0.223684 0.153855 0.231368 0.209371 0.018370 0.080776 0.447305 0.059017 0.017872 0.040343 0.019220 0.417977 0.479998 0.464454 -9999.0 -9999.0 -9999.0 0.029805 -9999.0 -9999.0 -9999.0 -9999.0 -9999.0 -9999.0 -9999.0 -9999.0 -9999.0 -9999.0 -9999.0 -9999.0 -9999.0 -9999.0 -9999.0 -9999.0 -9999.0 -9999.0 -9999.0 -9999.0
-9999.0 -9999.0 -9999.0 -9999.0 -9999.0 -9999.0 -9999.0 -9999.0 -9999.0 -9999.0 -9999.0 0.206590 0.350618 0.479971 0.479969 0.185308 0.479980 0.479995 0.479988 0.479981 0.479987 0.479973 0.205779 0.432828 0.430761 0.162966 0.251521 0.458034 0.078515 0.018071 0.326555 0.216758 0.229875 0.173054 0.220186 0.242578 0.479997 0.152973 0.349278 0.037123 0.040936 0.023216 0.448962 0.034180 -9999.0 -9999.0 -9999.0 0.412939 0.479954 0.091783 0.479947 0.098940 0.096636 0.479023 0.477956 0.084897 -9999.0 -9999.0 -9999.0 -9999.0 -9999.0 -9999.0 -9999.0
-9999.0 -9999.0 -9999.0 -9999.0 -9999.0 -9999.0 -9999.0 -9999.0 -9999.0 -9999.0 -9999.0 0.242599 0.234976 0.475448 0.215535 0.241967 0.479985 0.477054 0.479993 0.479988 0.479985 0.479988 0.479986 0.420867 0.156608 0.089866 0.479992 0.368707 0.018009 0.225561 0.017933 0.421367 0.470298 0.199903 0.028364 0.474982 0.476092 0.478242 0.050022 0.098466 0.479998 0.460886 0.479761 0.239686 0.205070 -9999.0 0.025238 0.399810 0.479969 0.479968 0.479969 0.147896 0.479941 0.478786 0.479409 0.477977 -9999.0 -9999.0 -9999.0 -9999.0 -9999.0 -9999.0 -9999.0
-9999.0 -9999.0 -9999.0 -9999.0 -9999.0 -9999.0 -9999.0 -9999.0 -9999.0 -9999.0 -9999.0 -9999.0 0.232575 0.406465 0.479964 0.479967 0.476545 0.479992 0.479990 0.479989 0.479994 0.479986 0.479986 0.479988 0.294455 0.479990 0.479979 0.167666 0.166398 0.082341 0.251511 0.465515 0.245970 0.239661 0.223229 0.178071 0.479996 0.438888 0.040152 0.060249 0.479997 0.075444 0.470915 0.479996 0.089480 0.303210 0.086088 0.359680 0.355380 0.433543 0.479978 0.479950 0.479746 0.479647 0.196475 0.168994 0.473986 -9999.0 -9999.0 -9999.0 -9999.0 -9999.0 -9999.0
-9999.0 -9999.0 -9999.0 -9999.0 -9999.0 -9999.0 -9999.0 -9999.0 -9999.0 -9999.0 -9999.0 0.468192 0.252278 0.162344 0.479977 0.479975 0.479980 0.479991 0.479988 0.479980 0.479995 0.479987 0.479970 0.479991 0.479989 0.479983 0.440793 0.157765 0.272934 0.093407 0.479994 0.479995 0.479995 0.152382 0.236807 0.169329 0.112429 0.479995 0.479992 0.109133 0.475768 0.464605 0.468015 0.079136 0.479995 0.237467 0.465412 0.132010 0.138526 0.479994 0.029114 0.187523 0.211002 0.028195 0.017842 0.061860 0.104524 -9999.0 -9999.0 -9999.0 -9999.0 -9999.0 -9999.0
-9999.0 -9999.0 -9999.0 -9999.0 -9999.0 -9999.0 -9999.0 -9999.0 -9999.0 -9999.0 0.329396 0.479969 0.479965 0.264177 0.479956 0.479984 0.476107 0.477941 0.479990 0.466442 0.479987 0.479947 0.479990 0.479970 0.479990 0.479974 0.333711 0.028593 0.479991 0.479987 0.479994 0.422515 0.216363 0.208403 0.017793 0.030021 0.477929 0.479995 0.479993 0.445064 0.479987 0.165349 0.161715 0.479986 0.479996 0.094992 0.477826 0.458431 0.479994 0.479993 0.041319 0.052649 0.017881 0.057760 0.057956 0.479405 0.478954 -9999.0 -9999.0 -9999.0 -9999.0 -9999.0 -9999.0
-9999.0 -9999.0 -9999.0 -9999.0 -9999.0 -9999.0 -9999.0 -9999.0 -9999.0 0.267741 0.223570 0.479963 0.479980 0.479978 0.479913 0.471022 0.443746 0.479972 0.479994 0.479979 0.479989 0.479995 0.479995 0.479994 0.479977 0.407385 0.479994 0.479980 0.479995 0.479995 0.474826 0.401293 0.017865 0.018090 0.017999 0.017745 0.158531 0.335963 0.395676 0.461514 0.479992 0.472343 0.458854 0.479984 0.479091 0.479996 0.479993 0.479131 0.388797 0.479990 0.468436 0.102531 0.044046 0.042701 0.095787 0.479924 0.479466 0.173852 0.108804 -9999.0 -9999.0 -9999.0 -9999.0
-9999.0 -9999.0 -9999.0 -9999.0 -9999.0 -9999.0 -9999.0 -9999.0 -9999.0 0.188549 0.238508 0.196144 0.479988 0.479983 0.479974 0.479966 0.479764 0.479818 0.479993 0.479987 0.479988 0.479953 0.474933 0.479976 0.418524 0.479992 0.479993 0.479994 0.479995 0.479984 0.137612 0.441283 0.170695 0.181511 0.240816 0.077461 0.071252 0.059586 0.196719 0.239868 0.294899 0.284774 0.479996 0.475415 0.479975 0.479978 0.479980 0.479724 0.479994 0.464909 0.479045 0.479980 0.050720 0.207531 0.066371 0.417955 0.479899 0.479938 0.171785 -9999.0 -9999.0 -9999.0 -9999.0
-9999.0 -9999.0 -9999.0 -9999.0 -9999.0 -9999.0 -9999.0 -9999.0 -9999.0 -9999.0 0.234396 0.230519 0.479984 0.479991 0.479992 0.479975 0.479976 0.479990 0.479973 0.479950 0.479985 0.479994 0.479970 0.479978 0.479992 0.479995 0.479995 0.479987 0.195331 0.390051 0.332596 0.428345 0.277056 0.156250 0.439343 0.479994 0.479995 0.479996 0.086050 0.154094 0.148990 0.413898 0.471182 0.479991 0.407158 0.479598 0.478564 0.479985 0.479973 0.479995 0.479989 0.479980 0.106706 0.056774 0.219736 0.208322 0.200759 0.479982 0.479986 0.479881 -9999.0 -9999.0 -9999.0
-9999.0 -9999.0 -9999.0 -9999.0 -9999.0 -9999.0 -9999.0 -9999.0 -9999.0 -9999.0 0.218465 0.227477 0.211498 0.479966 0.479984 0.479993 0.473443 0.479993 0.479978 0.479899 0.467327 0.479995 0.479994 0.479992 0.479992 0.479992 0.479979 0.479993 0.451691 0.291959 0.170407 0.253243 0.026925 0.161855 0.172259 0.170861 0.479996 0.416622 0.344344 0.185118 0.241426 0.092569 0.301174 0.194185 0.197088 0.479987 0.479975 0.187711 0.479978 0.479993 0.479995 0.479970 0.479959 0.109088 0.085574 0.106503 0.201599 0.479935 0.473405 0.479983 -9999.0 -9999.0 -9999.0
-9999.0 -9999.0 -9999.0 -9999.0 -9999.0 -9999.0 -9999.0 -9999.0 0.479970 0.479962 0.297220 0.211365 0.479983 0.479984 0.479966 0.479990 0.479993 0.479880 0.479644 0.478386 0.479972 0.479985 0.479990 0.479995 0.479995 0.479969 0.479990 0.479992 0.479987 0.418442 0.018067 0.178484 0.196655 0.174924 0.202718 0.175756 0.312017 0.479994 0.422009 0.091007 0.023796 0.199182 0.031492 0.048676 0.115620 0.479967 0.301995 0.479959 0.479122 0.479987 0.479992 0.479988 0.479956 0.479957 0.105628 0.479885 0.173885 0.479766 0.479993 0.479979 -9999.0 -9999.0 -9999.0
-9999.0 -9999.0 -9999.0 -9999.0 -9999.0 -9999.0 -9999.0 -9999.0 0.030846 0.479971 0.452621 0.226833 0.257065 0.479979 0.479963 0.479465 0.479978 0.479980 0.479953 0.473449 0.466755 0.473263 0.479940 0.479972 0.479986 0.479968 0.479993 0.479991 0.033686 0.199538 0.186359 0.096240 0.211762 0.090434 0.278782 0.478499 0.479991 0.479993 0.391206 0.446805 0.205928 0.203273 0.055771 0.479967 0.479979 0.479957 0.029508 0.171744 0.479985 0.479991 0.479993 0.479985 0.479955 0.479010 0.479985 0.161547 0.479986 0.479993 0.479963 0.464372 0.463434 -9999.0 -9999.0
-9999.0 -9999.0 -9999.0 -9999.0 -9999.0 -9999.0 -9999.0 -9999.0 0.155507 0.479985 0.479966 0.344394 0.478623 0.031820 0.479972 0.479994 0.479995 0.479992 0.479867 0.459936 0.473214 0.475975 0.474288 0.479942 0.470481 0.479994 0.465054 0.440815 0.028420 0.467984 0.097445 0.479984 0.447799 0.431637 0.479964 0.479979 0.406733 0.479994 0.462344 0.308942 0.251275 0.102345 0.479958 0.162739 0.251664 0.188892 0.108533 0.479907 0.361604 0.479290 0.479944 0.479993 0.479991 0.479989 0.479994 0.479993 0.479988 0.479965 0.479961 0.479900 0.463628 -9999.0 -9999.0
-9999.0 -9999.0 -9999.0 -9999.0 -9999.0 -9999.0 -9999.0 -9999.0 0.017795 0.219780 0.479938 0.056762 0.479954 0.479890 0.479992 0.479994 0.479970 0.479933 0.479948 0.479819 0.473901 0.473494 0.469230 0.470460 0.479987 0.479981 0.479968 0.479461 0.479980 0.479987 0.436391 0.450890 0.479994 0.479990 0.402710 0.479986 0.479988 0.479990 0.479992 0.479989 0.479963 0.479962 0.479965 0.141172 0.479959 0.099197 0.479961 0.152124 0.479966 0.479992 0.479820 0.479949 0.479990 0.479990 0.479988 0.465635 0.466350 0.472527 0.468055 0.468337 0.479731 0.479938 -9999.0
-9999.0 -9999.0 -9999.0 -9999.0 -9999.0 -9999.0 -9999.0 -9999.0 0.261182 0.200929 0.479851 0.479978 0.479987 0.479834 0.479992 0.479989 0.479988 0.479994 0.479979 0.479990 0.479968 0.473546 0.474979 0.479957 0.479993 0.479989 0.479991 0.479982 0.479994 0.479991 0.479990 0.479981 0.479994 0.479982 0.459012 0.478360 0.479990 0.479990 0.476724 0.479989 0.472873 0.478446 0.479992 0.479992 0.478140 0.479970 0.469272 0.479993 0.479992 0.479993 0.479992 0.479971 0.479946 0.479983 0.479977 0.479967 0.478856 0.476644 0.479955 0.479849 0.477567 0.479806 -9999.0
-9999.0 -9999.0 0.248382 0.320715 0.307483 0.475330 0.479965 0.456070 0.286890 0.304520 0.479975 0.479844 0.479869 0.479990 0.479992 0.479986 0.476006 0.479985 0.460489 0.479974 0.479990 0.479754 0.473770 0.479983 0.479986 0.479993 0.479993 0.479995 0.477299 0.479991 0.479988 0.479987 0.479986 0.479639 0.479993 0.479567 0.479992 0.479991 0.479993 0.479992 0.479994 0.479994 0.479606 0.479993 0.479991 0.479991 0.479994 0.479448 0.475325 0.476390 0.467488 0.468184 0.478985 0.479403 0.479662 0.479197 0.479973 0.479923 0.479992 0.477062 0.479814 0.479719 -9999.0
-9999.0 0.479975 0.479977 0.479965 0.479974 0.479969 0.479973 0.394471 0.329081 0.209562 0.479971 0.479958 0.477907 0.479979 0.479968 0.479967 0.465127 0.479976 0.479962 0.479987 0.479993 0.479955 0.479961 0.479179 0.477845 0.479976 0.479819 0.479664 0.479987 0.479990 0.479984 0.479994 0.479993 0.478490 0.479987 0.472502 0.466796 0.479916 0.479973 0.479955 0.479987 0.479985 0.479986 0.479541 0.479993 0.479983 0.479922 0.479939 0.479968 0.479960 0.478796 0.479358 0.479894 0.479978 0.479979 0.479990 0.479957 0.479951 0.479938 0.479713 0.479015 0.478965 -9999.0
-9999.0 0.410002 0.479981 0.479983 0.479902 0.479980 0.479987 0.465536 0.290063 0.348419 0.479982 0.479978 0.478831 0.479962 0.477429 0.451735 0.479981 0.324501 0.479983 0.477892 0.479951 0.479987 0.479970 0.479979 0.478926 0.467229 0.477951 0.471145 0.471225 0.477195 0.477749 0.479917 0.479983 0.479976 0.479366 0.479954 0.467896 0.445511 0.475597 0.479733 0.479895 0.479942 0.479970 0.478554 0.470864 0.470648 0.463431 0.463095 0.472807 0.477907 0.479941 0.479994 0.479957 0.478371 0.479991 0.479932 0.479967 0.479843 0.479942 0.478768 0.478402 -9999.0 -9999.0
-9999.0 0.208933 0.479988 0.471211 0.479995 0.479898 0.479945 0.479974 0.479976 0.479968 0.479953 0.479993 0.479989 0.479944 0.479952 0.462079 0.479966 0.479960 0.467093 0.479210 0.479971 0.478411 0.479983 0.479987 0.479985 0.479724 0.479511 0.479036 0.477173 0.476932 0.477619 0.470763 0.470305 0.479971 0.470009 0.469438 0.468766 0.477314 0.463133 0.462889 0.462821 0.459975 0.463028 0.463501 0.468695 0.468714 0.476071 0.479715 0.479924 0.479950 0.478033 0.479973 0.478241 0.479943 0.479961 0.479778 0.479675 0.479561 0.479440 -9999.0 -9999.0 -9999.0 -9999.0
