user2019/resources/simulation/Vinschgau/output-maps/thetaiceL0007N0203.asc
ncols         63
nrows         48
xllcorner     598000.000000
yllcorner     5145000.000000
cellsize      1000.000000
NODATA_value  -9999.0
[rows 0 to 28 of 48, columns 0 to 62 of 63]
-9999.0 -9999.0 -9999.0 -9999.0 -9999.0 -9999.0 -9999.0 -9999.0 -9999.0 -9999.0 -9999.0 -9999.0 -9999.0 -9999.0 -9999.0 -9999.0 -9999.0 -9999.0 -9999.0 -9999.0 -9999.0 -9999.0 -9999.0 -9999.0 -9999.0 -9999.0 -9999.0 -9999.0 -9999.0 -9999.0 -9999.0 -9999.0 -9999.0 -9999.0 -9999.0 -9999.0 -9999.0 -9999.0 -9999.0 -9999.0 -9999.0 -9999.0 -9999.0 -9999.0 -9999.0 -9999.0 -9999.0 -9999.0 -9999.0 -9999.0 -9999.0 -9999.0 -9999.0 -9999.0 -9999.0 -9999.0 -9999.0 -9999.0 -9999.0 -9999.0 -9999.0 -9999.0 -9999.0
-9999.0 -9999.0 -9999.0 -9999.0 -9999.0 -9999.0 -9999.0 -9999.0 -9999.0 -9999.0 -9999.0 -9999.0 -9999.0 -9999.0 -9999.0 -9999.0 -9999.0 -9999.0 -9999.0 -9999.0 -9999.0 -9999.0 -9999.0 -9999.0 -9999.0 -9999.0 -9999.0 0.029852 0.029876 0.029889 0.030348 0.030425 0.030425 -9999.0 -9999.0 -9999.0 -9999.0 -9999.0 -9999.0 -9999.0 -9999.0 -9999.0 -9999.0 -9999.0 -9999.0 -9999.0 -9999.0 -9999.0 -9999.0 -9999.0 -9999.0 -9999.0 -9999.0 -9999.0 -9999.0 -9999.0 -9999.0 -9999.0 -9999.0 -9999.0 -9999.0 -9999.0 -9999.0
-9999.0 -9999.0 -9999.0 -9999.0 -9999.0 -9999.0 -9999.0 -9999.0 -9999.0 -9999.0 -9999.0 -9999.0 -9999.0 -9999.0 -9999.0 -9999.0 -9999.0 -9999.0 -9999.0 -9999.0 -9999.0 -9999.0 -9999.0 -9999.0 0.029802 0.029863 0.029880 0.029880 0.029877 0.029883 0.030186 -9999.0 -9999.0 -9999.0 -9999.0 -9999.0 -9999.0 -9999.0 -9999.0 -9999.0 -9999.0 -9999.0 -9999.0 -9999.0 -9999.0 -9999.0 -9999.0 -9999.0 -9999.0 -9999.0 -9999.0 -9999.0 -9999.0 -9999.0 -9999.0 -9999.0 -9999.0 -9999.0 -9999.0 -9999.0 -9999.0 -9999.0 -9999.0
-9999.0 -9999.0 -9999.0 -9999.0 -9999.0 -9999.0 -9999.0 -9999.0 -9999.0 -9999.0 -9999.0 -9999.0 -9999.0 -9999.0 -9999.0 -9999.0 -9999.0 -9999.0 -9999.0 -9999.0 -9999.0 -9999.0 -9999.0 0.029851 0.029847 0.017111 0.043530 0.023029 0.023583 0.029882 0.029882 0.029851 -9999.0 -9999.0 -9999.0 -9999.0 -9999.0 -9999.0 -9999.0 -9999.0 -9999.0 -9999.0 -9999.0 -9999.0 -9999.0 -9999.0 -9999.0 -9999.0 -9999.0 -9999.0 -9999.0 -9999.0 -9999.0 -9999.0 -9999.0 -9999.0 -9999.0 -9999.0 -9999.0 -9999.0 -9999.0 -9999.0 -9999.0
-9999.0 -9999.0 -9999.0 -9999.0 -9999.0 -9999.0 -9999.0 -9999.0 -9999.0 -9999.0 -9999.0 -9999.0 -9999.0 -9999.0 -9999.0 -9999.0 -9999.0 -9999.0 0.001633 0.035403 -9999.0 0.029824 0.029833 0.023365 0.056820 0.021802 0.080211 0.080082 0.363262 0.026261 0.029892 0.029878 0.029905 0.029902 -9999.0 -9999.0 -9999.0 -9999.0 -9999.0 -9999.0 -9999.0 -9999.0 -9999.0 -9999.0 -9999.0 -9999.0 -9999.0 -9999.0 -9999.0 -9999.0 -9999.0 -9999.0 -9999.0 -9999.0 -9999.0 -9999.0 -9999.0 -9999.0 -9999.0 -9999.0 -9999.0 -9999.0 -9999.0
-9999.0 -9999.0 -9999.0 -9999.0 -9999.0 -9999.0 -9999.0 -9999.0 -9999.0 -9999.0 -9999.0 -9999.0 -9999.0 -9999.0 -9999.0 -9999.0 -9999.0 0.357002 0.032843 0.023722 0.029981 0.077496 0.029761 0.027262 0.299270 0.026043 0.027953 0.028857 0.028780 0.079027 0.029846 0.029888 0.030011 0.029933 0.030388 0.030447 -9999.0 -9999.0 -9999.0 -9999.0 -9999.0 -9999.0 -9999.0 -9999.0 -9999.0 -9999.0 -9999.0 -9999.0 -9999.0 -9999.0 -9999.0 -9999.0 -9999.0 -9999.0 -9999.0 -9999.0 -9999.0 -9999.0 -9999.0 -9999.0 -9999.0 -9999.0 -9999.0
-9999.0 -9999.0 -9999.0 -9999.0 -9999.0 -9999.0 -9999.0 -9999.0 -9999.0 -9999.0 -9999.0 -9999.0 -9999.0 0.029850 0.031785 0.163430 0.106061 0.029951 0.358199 0.023499 0.046035 0.049879 0.021820 0.055471 0.026409 0.029868 0.029103 0.028934 0.029036 0.029159 0.028931 0.029865 0.030078 0.030478 0.030460 0.030457 -9999.0 -9999.0 -9999.0 -9999.0 -9999.0 -9999.0 -9999.0 -9999.0 -9999.0 -9999.0 -9999.0 -9999.0 -9999.0 -9999.0 -9999.0 -9999.0 -9999.0 -9999.0 -9999.0 -9999.0 -9999.0 -9999.0 -9999.0 -9999.0 -9999.0 -9999.0 -9999.0
-9999.0 -9999.0 -9999.0 -9999.0 -9999.0 -9999.0 -9999.0 -9999.0 -9999.0 -9999.0 -9999.0 -9999.0 -9999.0 0.029762 0.000667 0.118610 0.115771 0.209084 0.029980 0.035499 0.005935 0.029874 0.040024 0.026631 0.027712 0.029028 0.029878 0.030423 0.030447 0.029697 0.028822 0.030470 0.030460 0.030464 0.030462 -9999.0 -9999.0 -9999.0 -9999.0 -9999.0 -9999.0 -9999.0 -9999.0 -9999.0 -9999.0 -9999.0 -9999.0 -9999.0 -9999.0 -9999.0 -9999.0 -9999.0 -9999.0 -9999.0 -9999.0 -9999.0 -9999.0 -9999.0 -9999.0 -9999.0 -9999.0 -9999.0 -9999.0
-9999.0 -9999.0 -9999.0 -9999.0 -9999.0 -9999.0 -9999.0 -9999.0 -9999.0 -9999.0 -9999.0 -9999.0 -9999.0 0.031334 0.055448 0.000737 0.125385 0.124925 0.029997 0.349402 0.036219 0.028971 0.025614 0.027794 0.028248 0.028270 0.029889 0.030428 0.029878 0.030458 0.030454 0.030458 0.030454 0.030461 0.030467 -9999.0 -9999.0 -9999.0 -9999.0 -9999.0 -9999.0 -9999.0 -9999.0 -9999.0 -9999.0 -9999.0 -9999.0 -9999.0 -9999.0 -9999.0 -9999.0 -9999.0 -9999.0 -9999.0 -9999.0 -9999.0 -9999.0 -9999.0 -9999.0 -9999.0 -9999.0 -9999.0 -9999.0
-9999.0 -9999.0 -9999.0 -9999.0 -9999.0 -9999.0 -9999.0 -9999.0 -9999.0 -9999.0 -9999.0 -9999.0 0.026102 0.042530 0.000883 0.028460 0.042111 0.145772 0.339482 0.022247 0.027508 0.028992 0.029147 0.029209 0.077982 0.030406 0.029183 0.029858 0.029886 0.030439 0.030454 0.029884 0.029912 0.030350 -9999.0 -9999.0 -9999.0 -9999.0 -9999.0 -9999.0 -9999.0 -9999.0 -9999.0 -9999.0 -9999.0 -9999.0 -9999.0 -9999.0 -9999.0 -9999.0 -9999.0 -9999.0 -9999.0 -9999.0 -9999.0 -9999.0 -9999.0 -9999.0 -9999.0 -9999.0 -9999.0 -9999.0 -9999.0
-9999.0 -9999.0 -9999.0 -9999.0 -9999.0 -9999.0 -9999.0 -9999.0 -9999.0 -9999.0 -9999.0 0.029733 0.028305 0.015403 0.028678 0.029845 0.029227 0.148776 0.310699 0.022587 0.014530 0.045099 0.029865 0.030326 0.028953 0.029874 0.030422 0.029866 0.029868 0.030447 0.029898 0.029898 0.030057 0.030340 0.029972 0.029901 0.029985 0.029958 0.029912 -9999.0 -9999.0 -9999.0 0.030337 -9999.0 -9999.0 -9999.0 -9999.0 -9999.0 -9999.0 -9999.0 -9999.0 -9999.0 -9999.0 -9999.0 -9999.0 -9999.0 -9999.0 -9999.0 -9999.0 -9999.0 -9999.0 -9999.0 -9999.0
-9999.0 -9999.0 -9999.0 -9999.0 -9999.0 -9999.0 -9999.0 -9999.0 -9999.0 -9999.0 -9999.0 0.029837 0.029117 0.026945 0.027643 0.030151 0.027200 0.026654 0.309986 0.205001 0.053943 0.029641 0.029832 0.029375 0.029528 0.030315 0.029880 0.029889 0.029901 0.030350 0.029893 0.029900 0.029940 0.029908 0.029898 0.029960 0.029907 0.029905 0.029866 0.029931 0.029975 0.030057 0.029954 0.030349 -9999.0 -9999.0 -9999.0 0.003638 0.029696 0.029763 0.029647 0.029618 0.029610 0.000141 0.000105 0.030024 -9999.0 -9999.0 -9999.0 -9999.0 -9999.0 -9999.0 -9999.0
-9999.0 -9999.0 -9999.0 -9999.0 -9999.0 -9999.0 -9999.0 -9999.0 -9999.0 -9999.0 -9999.0 0.029823 0.029828 0.029390 0.077172 0.029931 0.027193 0.031849 0.047979 0.311319 0.291409 0.026708 0.026137 0.029837 0.030337 0.029932 0.026855 0.029578 0.030351 0.030274 0.030397 0.029063 0.029909 0.029901 0.030121 0.029930 0.021378 0.022343 0.029905 0.029960 0.029874 0.029973 0.029955 0.029909 0.029865 -9999.0 0.030245 0.029778 0.029743 0.029715 0.029766 0.029804 0.028099 0.000000 0.000000 0.000000 -9999.0 -9999.0 -9999.0 -9999.0 -9999.0 -9999.0 -9999.0
-9999.0 -9999.0 -9999.0 -9999.0 -9999.0 -9999.0 -9999.0 -9999.0 -9999.0 -9999.0 -9999.0 -9999.0 0.029801 0.076953 0.029880 0.029738 0.027037 0.029590 0.266861 0.328243 0.032793 0.026201 0.025793 0.026503 0.029180 0.027059 0.048728 0.030369 0.030270 0.029874 0.029887 0.027938 0.029905 0.029900 0.030212 0.029951 0.029230 0.025390 0.029956 0.029922 0.029967 0.029950 0.026391 0.031186 0.029912 0.029857 0.029843 0.029785 0.029063 0.027625 0.078135 0.029493 0.003496 0.002925 0.029607 0.029600 0.017108 -9999.0 -9999.0 -9999.0 -9999.0 -9999.0 -9999.0
-9999.0 -9999.0 -9999.0 -9999.0 -9999.0 -9999.0 -9999.0 -9999.0 -9999.0 -9999.0 -9999.0 0.075413 0.029862 0.029898 0.026814 0.026897 0.027881 0.028716 0.056762 0.354456 0.028982 0.041559 0.028571 0.028406 0.027288 0.033856 0.077359 0.030354 0.029892 0.029914 0.026325 0.026727 0.029864 0.029884 0.030414 0.029922 0.030067 0.028946 0.356412 0.029910 0.026220 0.027083 0.028765 0.025754 0.029908 0.029860 0.029834 0.029868 0.029836 0.027553 0.030123 0.029952 0.029785 0.030332 0.030180 0.030332 0.029570 -9999.0 -9999.0 -9999.0 -9999.0 -9999.0 -9999.0
-9999.0 -9999.0 -9999.0 -9999.0 -9999.0 -9999.0 -9999.0 -9999.0 -9999.0 -9999.0 0.075609 0.027821 0.029670 0.029843 0.031550 0.031859 0.029149 0.025966 0.144994 0.337523 0.272491 0.090880 0.024456 0.039360 0.033493 0.077597 0.029692 0.029777 0.029896 0.029836 0.027111 0.029279 0.029886 0.030265 0.030458 0.029975 0.030003 0.028728 0.021766 0.023923 0.022862 0.029346 0.030348 0.360896 0.027650 0.029919 0.029830 0.026679 0.029310 0.026856 0.029538 0.030315 0.030216 0.030330 0.030293 0.000000 0.000000 -9999.0 -9999.0 -9999.0 -9999.0 -9999.0 -9999.0
-9999.0 -9999.0 -9999.0 -9999.0 -9999.0 -9999.0 -9999.0 -9999.0 -9999.0 0.029909 0.075645 0.076273 0.029883 0.027740 0.034239 0.029185 0.029561 0.038606 0.032165 0.353048 0.323420 0.025950 0.018190 0.039082 0.078554 0.029315 0.028236 0.029846 0.025517 0.034274 0.029951 0.029105 0.030435 0.030441 0.030269 0.030371 0.029898 0.029195 0.029615 0.029024 0.022971 0.029426 0.029346 0.029118 0.011379 0.023501 0.030338 0.026705 0.028212 0.210733 0.028715 0.029737 0.030334 0.030191 0.029846 0.029288 0.000341 0.029561 0.029579 -9999.0 -9999.0 -9999.0 -9999.0
-9999.0 -9999.0 -9999.0 -9999.0 -9999.0 -9999.0 -9999.0 -9999.0 -9999.0 0.029897 0.029865 0.029867 0.056669 0.029885 0.026353 0.027702 0.000287 0.027582 0.031516 0.333807 0.335356 0.050161 0.106343 0.036857 0.029319 0.027119 0.028883 0.033695 0.046658 0.079371 0.029873 0.028603 0.030334 0.029858 0.029895 0.029981 0.029934 0.029944 0.030377 0.029887 0.076827 0.029909 0.026421 0.030061 0.356996 0.320727 0.040259 0.022769 0.024631 0.030197 0.028781 0.029211 0.030239 0.030222 0.030284 0.022495 0.027796 0.019168 0.029599 -9999.0 -9999.0 -9999.0 -9999.0
-9999.0 -9999.0 -9999.0 -9999.0 -9999.0 -9999.0 -9999.0 -9999.0 -9999.0 -9999.0 0.029855 0.029864 0.029084 0.338763 0.025473 0.026525 0.029926 0.047806 0.031180 0.341471 0.280771 0.018943 0.032916 0.026892 0.027518 0.031527 0.047654 0.042752 0.029864 0.029564 0.029684 0.077272 0.030062 0.030356 0.029902 0.029864 0.029862 0.029875 0.029888 0.030389 0.030422 0.029864 0.029869 0.029580 0.028713 0.027244 0.019838 0.318373 0.020750 0.023681 0.027359 0.029139 0.029626 0.030228 0.029637 0.030096 0.029622 0.028130 0.025967 0.000522 -9999.0 -9999.0 -9999.0
-9999.0 -9999.0 -9999.0 -9999.0 -9999.0 -9999.0 -9999.0 -9999.0 -9999.0 -9999.0 0.029856 0.029859 0.029788 0.029194 0.247764 0.041041 0.024412 0.179657 0.130303 0.329097 0.120439 0.036014 0.035923 0.028612 0.031262 0.044944 0.275538 0.033186 0.028863 0.030115 0.030337 0.029827 0.029593 0.030348 0.030342 0.029892 0.025457 0.027155 0.029055 0.030302 0.029854 0.029852 0.029638 0.030272 0.077356 0.028718 0.029380 0.028040 0.015865 0.022737 0.011827 0.028994 0.028924 0.029612 0.030272 0.029613 0.029906 0.028019 0.043409 0.377138 -9999.0 -9999.0 -9999.0
-9999.0 -9999.0 -9999.0 -9999.0 -9999.0 -9999.0 -9999.0 -9999.0 0.029609 0.029753 0.029940 0.029790 0.029470 0.028962 0.027421 0.347120 0.036747 0.050500 0.289038 0.282661 0.126892 0.028168 0.028760 0.036101 0.042236 0.182115 0.320814 0.029138 0.029609 0.029864 0.030404 0.030327 0.030197 0.030110 0.029842 0.030378 0.029835 0.027528 0.029408 0.029854 0.030236 0.029858 0.030260 0.030392 0.029848 0.029714 0.029602 0.029386 0.025210 0.389977 0.050563 0.025078 0.028961 0.029429 0.029664 0.002157 0.029661 0.000290 0.025871 0.038647 -9999.0 -9999.0 -9999.0
-9999.0 -9999.0 -9999.0 -9999.0 -9999.0 -9999.0 -9999.0 -9999.0 0.029777 0.027280 0.028554 0.030178 0.029901 0.029287 0.026200 0.032919 0.042276 0.036995 0.005985 0.227843 0.300882 0.322317 0.224431 0.041278 0.024806 0.139661 0.301317 0.028835 0.030128 0.029846 0.029841 0.029896 0.029828 0.029830 0.029718 0.029750 0.029856 0.027042 0.029059 0.029810 0.030093 0.030380 0.030326 0.029738 0.030153 0.029430 0.030222 0.030226 0.029453 0.043330 0.048305 0.027760 0.028721 0.000000 0.029818 0.027906 0.026620 0.026968 0.022799 0.071398 0.050009 -9999.0 -9999.0
-9999.0 -9999.0 -9999.0 -9999.0 -9999.0 -9999.0 -9999.0 -9999.0 0.029883 0.029845 0.029739 0.029226 0.029800 0.029940 0.029829 0.022338 0.031787 0.041293 0.031327 0.317395 0.130100 0.319234 0.217720 0.187207 0.258043 0.032237 0.044440 0.027906 0.029617 0.029889 0.029887 0.029790 0.028792 0.028765 0.029676 0.029806 0.029241 0.021484 0.028462 0.029327 0.029790 0.029815 0.029628 0.029784 0.029737 0.029819 0.029769 0.015185 0.029650 0.025530 0.389912 0.052148 0.026776 0.028101 0.027005 0.058449 0.054962 0.054261 0.046720 0.346123 0.057500 -9999.0 -9999.0
-9999.0 -9999.0 -9999.0 -9999.0 -9999.0 -9999.0 -9999.0 -9999.0 0.030385 0.029842 0.003184 0.029192 0.024588 0.002057 0.021344 0.034832 0.005605 0.033265 0.354708 0.307923 0.304361 0.135036 0.187929 0.290918 0.215576 0.049241 0.033411 0.027530 0.039197 0.026495 0.028302 0.027805 0.024970 0.026757 0.029087 0.029838 0.029847 0.048243 0.027679 0.029225 0.029710 0.029719 0.029729 0.029869 0.029477 0.029792 0.029580 0.029816 0.029524 0.027911 0.048555 0.043255 0.048468 0.377107 0.055766 0.058076 0.047423 0.389890 0.079262 0.059000 0.371355 0.077194 -9999.0
-9999.0 -9999.0 -9999.0 -9999.0 -9999.0 -9999.0 -9999.0 -9999.0 0.029834 0.029722 0.001988 0.023771 0.021009 0.039405 0.055376 0.292795 0.347869 0.033590 0.041179 0.037373 0.167948 0.188702 0.189842 0.336498 0.053892 0.051008 0.023098 0.033209 0.039452 0.042624 0.026361 0.043301 0.024315 0.036231 0.027601 0.027802 0.027732 0.052803 0.020211 0.028513 0.028169 0.028298 0.026212 0.026852 0.028962 0.029766 0.027105 0.026189 0.026335 0.024646 0.023045 0.036528 0.045471 0.055172 0.083805 0.389935 0.187958 0.142007 0.389900 0.056674 0.048873 0.001607 -9999.0
-9999.0 -9999.0 0.029870 0.029725 0.029147 0.028152 0.028386 0.028383 0.029794 0.029695 0.029382 0.329885 0.042794 0.052486 0.059059 0.340801 0.024961 0.029085 0.029417 0.045632 0.037801 0.161905 0.221225 0.388807 0.349767 0.036647 0.044763 0.040245 0.034946 0.055907 0.029617 0.040580 0.323078 0.040149 0.050972 0.042869 0.054199 0.051958 0.020727 0.025388 0.026711 0.024534 0.014192 0.047485 0.023636 0.025940 0.052886 0.376918 0.020252 0.043360 0.047811 0.389926 0.200310 0.276503 0.316814 0.389836 0.389952 0.378035 0.057170 0.048248 0.000520 0.000506 -9999.0
-9999.0 0.027106 0.026948 0.027325 0.027549 0.027448 0.029205 0.029405 0.029397 0.029828 0.029451 0.028778 0.160102 0.012128 0.038250 0.026424 0.029629 0.029312 0.061442 0.044098 0.037767 0.031115 0.389891 0.351138 0.331575 0.206337 0.285229 0.289177 0.033854 0.309744 0.043350 0.048362 0.048998 0.376113 0.046691 0.353104 0.048980 0.044981 0.376511 0.355941 0.049202 0.045555 0.038164 0.040816 0.038002 0.038182 0.355755 0.029776 0.042865 0.387402 0.180955 0.259309 0.389884 0.389960 0.389962 0.377613 0.214474 0.170494 0.022678 0.000869 0.000447 0.000465 -9999.0
-9999.0 0.029733 0.037081 0.037973 0.000335 0.037165 0.026749 0.028011 0.029816 0.029888 0.028390 0.035496 0.045644 0.002076 0.024952 0.028805 0.029544 0.028790 0.042624 0.041401 0.049846 0.227024 0.352235 0.389914 0.389473 0.374762 0.310860 0.187083 0.191814 0.030597 0.029421 0.025501 0.253783 0.350377 0.353358 0.326853 0.327283 0.110713 0.356659 0.369138 0.365249 0.381020 0.043597 0.188136 0.126244 0.026848 0.039123 0.025825 0.099063 0.140763 0.379899 0.380871 0.246253 0.379370 0.052982 0.061822 0.055664 0.006982 0.027727 0.000110 0.000213 -9999.0 -9999.0
-9999.0 0.029824 0.029258 0.044581 0.040662 0.000192 0.000594 0.025614 0.027582 0.028000 0.014280 0.041210 0.056064 0.040878 0.032403 0.029124 0.029385 0.029461 0.028122 0.039919 0.039782 0.042433 0.237196 0.389856 0.389965 0.362804 0.307136 0.283495 0.243270 0.223658 0.220205 0.165467 0.170038 0.346586 0.257388 0.274402 0.329758 0.372085 0.283869 0.099335 0.067569 0.137693 0.032201 0.039832 0.054230 0.066199 0.267339 0.355260 0.389884 0.334906 0.048186 0.078023 0.135695 0.077932 0.075366 0.003608 0.001356 0.000277 0.000081 -9999.0 -9999.0 -9999.0 -9999.0
