user2019/resources/simulation/Vinschgau/output-maps/thetaliqL0008N0724.asc
ncols         63
nrows         48
xllcorner     598000.000000
yllcorner     5145000.000000
cellsize      1000.000000
NODATA_value  -9999.0
[rows 0 to 28 of 48, columns 0 to 62 of 63]
-9999.0 -9999.0 -9999.0 -9999.0 -9999.0 -9999.0 -9999.0 -9999.0 -9999.0 -9999.0 -9999.0 -9999.0 -9999.0 -9999.0 -9999.0 -9999.0 -9999.0 -9999.0 -9999.0 -9999.0 -9999.0 -9999.0 -9999.0 -9999.0 -9999.0 -9999.0 -9999.0 -9999.0 -9999.0 -9999.0 -9999.0 -9999.0 -9999.0 -9999.0 -9999.0 -9999.0 -9999.0 -9999.0 -9999.0 -9999.0 -9999.0 -9999.0 -9999.0 -9999.0 -9999.0 -9999.0 -9999.0 -9999.0 -9999.0 -9999.0 -9999.0 -9999.0 -9999.0 -9999.0 -9999.0 -9999.0 -9999.0 -9999.0 -9999.0 -9999.0 -9999.0 -9999.0 -9999.0
-9999.0 -9999.0 -9999.0 -9999.0 -9999.0 -9999.0 -9999.0 -9999.0 -9999.0 -9999.0 -9999.0 -9999.0 -9999.0 -9999.0 -9999.0 -9999.0 -9999.0 -9999.0 -9999.0 -9999.0 -9999.0 -9999.0 -9999.0 -9999.0 -9999.0 -9999.0 -9999.0 0.086255 0.086364 0.086247 0.086182 0.085986 0.086909 -9999.0 -9999.0 -9999.0 -9999.0 -9999.0 -9999.0 -9999.0 -9999.0 -9999.0 -9999.0 -9999.0 -9999.0 -9999.0 -9999.0 -9999.0 -9999.0 -9999.0 -9999.0 -9999.0 -9999.0 -9999.0 -9999.0 -9999.0 -9999.0 -9999.0 -9999.0 -9999.0 -9999.0 -9999.0 -9999.0
-9999.0 -9999.0 -9999.0 -9999.0 -9999.0 -9999.0 -9999.0 -9999.0 -9999.0 -9999.0 -9999.0 -9999.0 -9999.0 -9999.0 -9999.0 -9999.0 -9999.0 -9999.0 -9999.0 -9999.0 -9999.0 -9999.0 -9999.0 -9999.0 0.090223 0.089393 0.091097 0.091868 0.101459 0.086883 0.086165 -9999.0 -9999.0 -9999.0 -9999.0 -9999.0 -9999.0 -9999.0 -9999.0 -9999.0 -9999.0 -9999.0 -9999.0 -9999.0 -9999.0 -9999.0 -9999.0 -9999.0 -9999.0 -9999.0 -9999.0 -9999.0 -9999.0 -9999.0 -9999.0 -9999.0 -9999.0 -9999.0 -9999.0 -9999.0 -9999.0 -9999.0 -9999.0
-9999.0 -9999.0 -9999.0 -9999.0 -9999.0 -9999.0 -9999.0 -9999.0 -9999.0 -9999.0 -9999.0 -9999.0 -9999.0 -9999.0 -9999.0 -9999.0 -9999.0 -9999.0 -9999.0 -9999.0 -9999.0 -9999.0 -9999.0 0.089164 0.093678 0.094182 0.085484 0.079101 0.079693 0.086290 0.086335 0.086317 -9999.0 -9999.0 -9999.0 -9999.0 -9999.0 -9999.0 -9999.0 -9999.0 -9999.0 -9999.0 -9999.0 -9999.0 -9999.0 -9999.0 -9999.0 -9999.0 -9999.0 -9999.0 -9999.0 -9999.0 -9999.0 -9999.0 -9999.0 -9999.0 -9999.0 -9999.0 -9999.0 -9999.0 -9999.0 -9999.0 -9999.0
-9999.0 -9999.0 -9999.0 -9999.0 -9999.0 -9999.0 -9999.0 -9999.0 -9999.0 -9999.0 -9999.0 -9999.0 -9999.0 -9999.0 -9999.0 -9999.0 -9999.0 -9999.0 0.154488 0.088795 -9999.0 0.090594 0.093373 0.079520 0.085812 0.078555 0.116181 0.126805 0.126020 0.086022 0.086378 0.086410 0.086236 0.086233 -9999.0 -9999.0 -9999.0 -9999.0 -9999.0 -9999.0 -9999.0 -9999.0 -9999.0 -9999.0 -9999.0 -9999.0 -9999.0 -9999.0 -9999.0 -9999.0 -9999.0 -9999.0 -9999.0 -9999.0 -9999.0 -9999.0 -9999.0 -9999.0 -9999.0 -9999.0 -9999.0 -9999.0 -9999.0
-9999.0 -9999.0 -9999.0 -9999.0 -9999.0 -9999.0 -9999.0 -9999.0 -9999.0 -9999.0 -9999.0 -9999.0 -9999.0 -9999.0 -9999.0 -9999.0 -9999.0 0.273064 0.020120 0.078952 0.086199 0.113490 0.086151 0.079803 0.120072 0.020127 0.020137 0.086270 0.020148 0.125103 0.103254 0.086665 0.086194 0.086228 0.086006 0.085975 -9999.0 -9999.0 -9999.0 -9999.0 -9999.0 -9999.0 -9999.0 -9999.0 -9999.0 -9999.0 -9999.0 -9999.0 -9999.0 -9999.0 -9999.0 -9999.0 -9999.0 -9999.0 -9999.0 -9999.0 -9999.0 -9999.0 -9999.0 -9999.0 -9999.0 -9999.0 -9999.0
-9999.0 -9999.0 -9999.0 -9999.0 -9999.0 -9999.0 -9999.0 -9999.0 -9999.0 -9999.0 -9999.0 -9999.0 -9999.0 0.086361 0.086257 0.032229 0.028916 0.086227 0.273776 0.079476 0.086101 0.085736 0.078977 0.087063 0.020140 0.089874 0.081167 0.082103 0.081677 0.086227 0.200000 0.096080 0.086402 0.086080 0.085971 0.085977 -9999.0 -9999.0 -9999.0 -9999.0 -9999.0 -9999.0 -9999.0 -9999.0 -9999.0 -9999.0 -9999.0 -9999.0 -9999.0 -9999.0 -9999.0 -9999.0 -9999.0 -9999.0 -9999.0 -9999.0 -9999.0 -9999.0 -9999.0 -9999.0 -9999.0 -9999.0 -9999.0
-9999.0 -9999.0 -9999.0 -9999.0 -9999.0 -9999.0 -9999.0 -9999.0 -9999.0 -9999.0 -9999.0 -9999.0 -9999.0 0.094428 0.086274 0.030997 0.029996 0.157424 0.086211 0.085364 0.020126 0.086252 0.020156 0.020145 0.086209 0.080834 0.086285 0.085988 0.085976 0.082541 0.086307 0.086018 0.085971 0.085970 0.085971 -9999.0 -9999.0 -9999.0 -9999.0 -9999.0 -9999.0 -9999.0 -9999.0 -9999.0 -9999.0 -9999.0 -9999.0 -9999.0 -9999.0 -9999.0 -9999.0 -9999.0 -9999.0 -9999.0 -9999.0 -9999.0 -9999.0 -9999.0 -9999.0 -9999.0 -9999.0 -9999.0 -9999.0
-9999.0 -9999.0 -9999.0 -9999.0 -9999.0 -9999.0 -9999.0 -9999.0 -9999.0 -9999.0 -9999.0 -9999.0 -9999.0 0.086188 0.140700 0.096750 0.030836 0.031134 0.086204 0.207108 0.100443 0.080301 0.020151 0.020137 0.086229 0.086283 0.086247 0.085983 0.086382 0.085970 0.086030 0.085865 0.085972 0.085970 0.085968 -9999.0 -9999.0 -9999.0 -9999.0 -9999.0 -9999.0 -9999.0 -9999.0 -9999.0 -9999.0 -9999.0 -9999.0 -9999.0 -9999.0 -9999.0 -9999.0 -9999.0 -9999.0 -9999.0 -9999.0 -9999.0 -9999.0 -9999.0 -9999.0 -9999.0 -9999.0 -9999.0 -9999.0
-9999.0 -9999.0 -9999.0 -9999.0 -9999.0 -9999.0 -9999.0 -9999.0 -9999.0 -9999.0 -9999.0 -9999.0 0.080444 0.200000 0.086271 0.086259 0.038187 0.031852 0.149990 0.078588 0.086084 0.086218 0.081255 0.086261 0.200000 0.086038 0.099640 0.086337 0.086722 0.085978 0.085980 0.086247 0.086427 0.086024 -9999.0 -9999.0 -9999.0 -9999.0 -9999.0 -9999.0 -9999.0 -9999.0 -9999.0 -9999.0 -9999.0 -9999.0 -9999.0 -9999.0 -9999.0 -9999.0 -9999.0 -9999.0 -9999.0 -9999.0 -9999.0 -9999.0 -9999.0 -9999.0 -9999.0 -9999.0 -9999.0 -9999.0 -9999.0
-9999.0 -9999.0 -9999.0 -9999.0 -9999.0 -9999.0 -9999.0 -9999.0 -9999.0 -9999.0 -9999.0 0.092042 0.086294 0.155299 0.086250 0.091741 0.081030 0.033640 0.430000 0.078835 0.020118 0.139692 0.086524 0.086122 0.081590 0.086449 0.086015 0.086496 0.200000 0.085977 0.086236 0.086641 0.086162 0.086029 0.086203 0.086240 0.086210 0.086220 0.086243 -9999.0 -9999.0 -9999.0 0.086031 -9999.0 -9999.0 -9999.0 -9999.0 -9999.0 -9999.0 -9999.0 -9999.0 -9999.0 -9999.0 -9999.0 -9999.0 -9999.0 -9999.0 -9999.0 -9999.0 -9999.0 -9999.0 -9999.0 -9999.0
-9999.0 -9999.0 -9999.0 -9999.0 -9999.0 -9999.0 -9999.0 -9999.0 -9999.0 -9999.0 -9999.0 0.090258 0.086278 0.080926 0.086271 0.086148 0.086246 0.020120 0.430000 0.430000 0.104763 0.086577 0.097717 0.086410 0.086612 0.086169 0.086406 0.086664 0.086234 0.086021 0.086522 0.087201 0.086292 0.086350 0.086242 0.086225 0.086245 0.086240 0.086258 0.086229 0.086212 0.086163 0.086304 0.086025 -9999.0 -9999.0 -9999.0 0.430000 0.086367 0.086265 0.086396 0.086267 0.086278 0.430000 0.430000 0.086047 -9999.0 -9999.0 -9999.0 -9999.0 -9999.0 -9999.0 -9999.0
-9999.0 -9999.0 -9999.0 -9999.0 -9999.0 -9999.0 -9999.0 -9999.0 -9999.0 -9999.0 -9999.0 0.096607 0.089221 0.083445 0.145556 0.086381 0.086385 0.020155 0.102505 0.430000 0.430000 0.081651 0.086364 0.098497 0.086128 0.086225 0.086401 0.124609 0.086021 0.086131 0.086000 0.083587 0.086430 0.086281 0.086134 0.086236 0.084545 0.079471 0.086240 0.086207 0.086259 0.086215 0.086233 0.086316 0.086286 -9999.0 0.086071 0.086449 0.086514 0.086698 0.086270 0.086257 0.086272 0.087147 0.086518 0.086588 -9999.0 -9999.0 -9999.0 -9999.0 -9999.0 -9999.0 -9999.0
-9999.0 -9999.0 -9999.0 -9999.0 -9999.0 -9999.0 -9999.0 -9999.0 -9999.0 -9999.0 -9999.0 -9999.0 0.092683 0.133945 0.090924 0.091822 0.020172 0.020152 0.172910 0.430000 0.020138 0.081237 0.081368 0.086475 0.086429 0.086372 0.192802 0.086015 0.086210 0.086246 0.086459 0.086463 0.086243 0.086327 0.086107 0.086226 0.084371 0.082391 0.086245 0.086224 0.086262 0.086217 0.081151 0.092382 0.086235 0.086376 0.086255 0.086373 0.083473 0.086470 0.147983 0.087405 0.430000 0.141886 0.086794 0.090158 0.091388 -9999.0 -9999.0 -9999.0 -9999.0 -9999.0 -9999.0
-9999.0 -9999.0 -9999.0 -9999.0 -9999.0 -9999.0 -9999.0 -9999.0 -9999.0 -9999.0 -9999.0 0.131811 0.089115 0.086234 0.086482 0.086434 0.086464 0.020190 0.111337 0.430000 0.020135 0.020142 0.086530 0.082857 0.086354 0.086614 0.139676 0.086087 0.086296 0.086236 0.086381 0.086655 0.086808 0.086374 0.086022 0.086244 0.086167 0.080325 0.267164 0.086234 0.080044 0.083762 0.086236 0.079969 0.086495 0.086321 0.086661 0.086252 0.086259 0.080830 0.082872 0.086267 0.086608 0.084285 0.084600 0.086022 0.086264 -9999.0 -9999.0 -9999.0 -9999.0 -9999.0 -9999.0
-9999.0 -9999.0 -9999.0 -9999.0 -9999.0 -9999.0 -9999.0 -9999.0 -9999.0 -9999.0 0.200000 0.086484 0.096224 0.091038 0.095883 0.145102 0.143187 0.020203 0.032838 0.430000 0.430000 0.430000 0.020118 0.094515 0.086358 0.200000 0.084103 0.082294 0.086242 0.086543 0.086622 0.092912 0.086465 0.086168 0.085973 0.086206 0.086200 0.084902 0.020118 0.084929 0.079495 0.080684 0.086034 0.430000 0.086290 0.086227 0.086521 0.081536 0.086458 0.086406 0.082213 0.086032 0.084702 0.086025 0.086042 0.086601 0.086576 -9999.0 -9999.0 -9999.0 -9999.0 -9999.0 -9999.0
-9999.0 -9999.0 -9999.0 -9999.0 -9999.0 -9999.0 -9999.0 -9999.0 -9999.0 0.086345 0.148433 0.138893 0.086535 0.086357 0.137395 0.086527 0.086382 0.099869 0.020126 0.414467 0.430000 0.020123 0.020118 0.086259 0.130952 0.020139 0.086279 0.086588 0.081319 0.086365 0.086449 0.020141 0.085981 0.085979 0.086062 0.086015 0.086417 0.086213 0.085873 0.086266 0.020179 0.020273 0.020125 0.020142 0.020118 0.080725 0.086679 0.080842 0.081390 0.147103 0.081703 0.086260 0.086024 0.086085 0.086193 0.084329 0.087153 0.086255 0.086260 -9999.0 -9999.0 -9999.0 -9999.0
-9999.0 -9999.0 -9999.0 -9999.0 -9999.0 -9999.0 -9999.0 -9999.0 -9999.0 0.086244 0.086374 0.086390 0.200000 0.086322 0.086309 0.086328 0.101082 0.086317 0.020124 0.430000 0.430000 0.086637 0.139647 0.095928 0.020126 0.086271 0.086324 0.086333 0.086333 0.147675 0.086256 0.020132 0.086227 0.086341 0.086545 0.086207 0.086229 0.086227 0.086019 0.086470 0.128545 0.084144 0.086163 0.086260 0.430000 0.104721 0.086226 0.079959 0.080352 0.086355 0.020128 0.084262 0.086062 0.086141 0.086047 0.131326 0.084168 0.086727 0.086247 -9999.0 -9999.0 -9999.0 -9999.0
-9999.0 -9999.0 -9999.0 -9999.0 -9999.0 -9999.0 -9999.0 -9999.0 -9999.0 -9999.0 0.086368 0.086512 0.086619 0.430000 0.080801 0.086302 0.086345 0.086303 0.020125 0.430000 0.430000 0.020118 0.020210 0.020118 0.086279 0.086307 0.086314 0.086363 0.086258 0.021536 0.020607 0.200000 0.084900 0.086112 0.086654 0.087041 0.088137 0.092143 0.086243 0.086098 0.086009 0.093706 0.200000 0.083280 0.020118 0.020291 0.020118 0.145949 0.079158 0.080715 0.020118 0.081792 0.086265 0.086064 0.088154 0.086244 0.093346 0.200000 0.081641 0.086341 -9999.0 -9999.0 -9999.0
-9999.0 -9999.0 -9999.0 -9999.0 -9999.0 -9999.0 -9999.0 -9999.0 -9999.0 -9999.0 0.086417 0.086442 0.091622 0.086559 0.430000 0.020125 0.020135 0.033294 0.031913 0.328898 0.029641 0.020122 0.020129 0.086138 0.086268 0.086294 0.149411 0.020261 0.020433 0.085380 0.086128 0.098627 0.082262 0.086076 0.086113 0.092521 0.200000 0.086453 0.083267 0.086109 0.086469 0.086259 0.086561 0.086152 0.146745 0.020119 0.086560 0.020118 0.020118 0.079874 0.079261 0.082828 0.086581 0.086267 0.086031 0.086264 0.086267 0.083607 0.020217 0.173605 -9999.0 -9999.0 -9999.0
-9999.0 -9999.0 -9999.0 -9999.0 -9999.0 -9999.0 -9999.0 -9999.0 0.097434 0.086472 0.086217 0.093706 0.087525 0.086609 0.020265 0.430000 0.020127 0.086750 0.430000 0.294010 0.028634 0.020120 0.020121 0.020120 0.086173 0.040498 0.165951 0.020499 0.086711 0.084669 0.085995 0.086178 0.086266 0.086228 0.086490 0.086030 0.086470 0.086492 0.020463 0.086250 0.086075 0.093738 0.083118 0.086000 0.086257 0.183760 0.020603 0.086583 0.020118 0.430000 0.086161 0.020118 0.086620 0.084421 0.086254 0.086305 0.086256 0.104618 0.080868 0.020134 -9999.0 -9999.0 -9999.0
-9999.0 -9999.0 -9999.0 -9999.0 -9999.0 -9999.0 -9999.0 -9999.0 0.084863 0.086563 0.083544 0.086179 0.086337 0.140404 0.020281 0.020207 0.020145 0.020135 0.020118 0.288029 0.430000 0.430000 0.122067 0.086524 0.020120 0.035042 0.044542 0.086790 0.082691 0.086442 0.086415 0.086243 0.086602 0.086258 0.097797 0.097279 0.087022 0.086626 0.083139 0.086507 0.086237 0.086006 0.086031 0.086536 0.200000 0.086631 0.083132 0.086223 0.083387 0.020206 0.086143 0.086713 0.020304 0.086697 0.086266 0.080344 0.081442 0.081270 0.079782 0.430000 0.344340 -9999.0 -9999.0
-9999.0 -9999.0 -9999.0 -9999.0 -9999.0 -9999.0 -9999.0 -9999.0 0.086337 0.184345 0.086266 0.084011 0.108193 0.083035 0.086439 0.020118 0.020123 0.086026 0.020119 0.430000 0.286744 0.430000 0.103932 0.091791 0.123588 0.020140 0.020190 0.020338 0.082071 0.086502 0.086246 0.102007 0.086479 0.082310 0.099468 0.087519 0.083326 0.020123 0.020130 0.083721 0.086449 0.086259 0.095369 0.190051 0.086506 0.091383 0.086262 0.091972 0.086463 0.020118 0.430000 0.086189 0.020118 0.020118 0.081356 0.087048 0.086856 0.086617 0.086055 0.430000 0.430000 -9999.0 -9999.0
-9999.0 -9999.0 -9999.0 -9999.0 -9999.0 -9999.0 -9999.0 -9999.0 0.086002 0.086524 0.430000 0.082061 0.102613 0.143152 0.020118 0.020132 0.020118 0.020126 0.430000 0.227109 0.309817 0.361421 0.430000 0.419715 0.031318 0.020157 0.020251 0.020118 0.094522 0.081647 0.082110 0.082059 0.080354 0.086635 0.082318 0.086300 0.086336 0.020229 0.020118 0.083455 0.086393 0.086565 0.086621 0.086244 0.090267 0.086261 0.086264 0.086259 0.086292 0.081551 0.020320 0.020141 0.086184 0.150657 0.087003 0.087302 0.086148 0.430000 0.430000 0.430000 0.142388 0.043544 -9999.0
-9999.0 -9999.0 -9999.0 -9999.0 -9999.0 -9999.0 -9999.0 -9999.0 0.088870 0.096064 0.200000 0.020118 0.020118 0.020174 0.106536 0.143034 0.430000 0.020170 0.020201 0.020139 0.030757 0.392616 0.349378 0.315392 0.086462 0.020128 0.020152 0.086320 0.086295 0.086528 0.020118 0.086552 0.080750 0.086642 0.081983 0.081847 0.081561 0.020214 0.020118 0.086730 0.082106 0.081244 0.081498 0.080731 0.082936 0.086463 0.081565 0.081302 0.081170 0.080480 0.079563 0.020124 0.020135 0.086321 0.094857 0.430000 0.430000 0.430000 0.430000 0.086096 0.020150 0.044336 -9999.0
-9999.0 -9999.0 0.086248 0.092761 0.113374 0.086336 0.086839 0.086541 0.097414 0.096545 0.086660 0.430000 0.020203 0.087069 0.106897 0.430000 0.020118 0.020485 0.086391 0.020197 0.020128 0.032526 0.430000 0.178633 0.336371 0.020120 0.020124 0.020130 0.020125 0.102818 0.020147 0.020169 0.177828 0.020144 0.086444 0.020185 0.086402 0.020179 0.020118 0.020118 0.081132 0.080739 0.020118 0.086114 0.020118 0.080984 0.086394 0.036791 0.079458 0.086262 0.086200 0.430000 0.430000 0.430000 0.430000 0.430000 0.430000 0.169340 0.086191 0.020182 0.178958 0.052819 -9999.0
-9999.0 0.086309 0.086424 0.086429 0.086301 0.086661 0.086914 0.086490 0.086492 0.086424 0.086650 0.020348 0.430000 0.430000 0.430000 0.020118 0.086790 0.086417 0.133519 0.020155 0.020123 0.020127 0.430000 0.430000 0.101164 0.091044 0.100733 0.107489 0.086211 0.134371 0.085988 0.086231 0.086548 0.175447 0.086330 0.132075 0.086322 0.020150 0.165801 0.147887 0.086321 0.086413 0.086070 0.020128 0.020122 0.020120 0.430000 0.020122 0.086263 0.430000 0.430000 0.430000 0.430000 0.430000 0.430000 0.168608 0.050030 0.049940 0.168784 0.171553 0.067221 0.059265 -9999.0
-9999.0 0.101155 0.086625 0.086524 0.430000 0.086739 0.020203 0.086332 0.090660 0.086241 0.086414 0.020214 0.020202 0.430000 0.020118 0.020500 0.084086 0.086320 0.086651 0.020157 0.169508 0.038146 0.430000 0.430000 0.430000 0.430000 0.024392 0.339200 0.430000 0.020122 0.020119 0.020119 0.163114 0.430000 0.430000 0.430000 0.430000 0.430000 0.172770 0.127100 0.156568 0.430000 0.086466 0.029607 0.026836 0.020119 0.430000 0.430000 0.430000 0.430000 0.162490 0.043148 0.048335 0.047543 0.020260 0.056523 0.020322 0.057210 0.020398 0.059395 0.062023 -9999.0 -9999.0
-9999.0 0.086259 0.086660 0.020236 0.020137 0.430000 0.430000 0.020186 0.086429 0.086457 0.086518 0.020184 0.086603 0.430000 0.020427 0.020705 0.086481 0.086703 0.020335 0.020217 0.020194 0.020189 0.032322 0.430000 0.430000 0.430000 0.430000 0.430000 0.315990 0.430000 0.281372 0.266412 0.430000 0.430000 0.430000 0.430000 0.430000 0.430000 0.430000 0.430000 0.430000 0.430000 0.430000 0.276394 0.268409 0.430000 0.430000 0.430000 0.430000 0.039153 0.020203 0.158534 0.054636 0.165808 0.059639 0.062225 0.067588 0.069756 0.064341 -9999.0 -9999.0 -9999.0 -9999.0
