user2019/resources/simulation/Vinschgau/output-maps/thetaliqL0005N1391.asc
ncols         63
nrows         48
xllcorner     598000.000000
yllcorner     5145000.000000
cellsize      1000.000000
NODATA_value  -9999.0
[rows 0 to 28 of 48, columns 0 to 62 of 63]
-9999.0 -9999.0 -9999.0 -9999.0 -9999.0 -9999.0 -9999.0 -9999.0 -9999.0 -9999.0 -9999.0 -9999.0 -9999.0 -9999.0 -9999.0 -9999.0 -9999.0 -9999.0 -9999.0 -9999.0 -9999.0 -9999.0 -9999.0 -9999.0 -9999.0 -9999.0 -9999.0 -9999.0 -9999.0 -9999.0 -9999.0 -9999.0 -9999.0 -9999.0 -9999.0 -9999.0 -9999.0 -9999.0 -9999.0 -9999.0 -9999.0 -9999.0 -9999.0 -9999.0 -9999.0 -9999.0 -9999.0 -9999.0 -9999.0 -9999.0 -9999.0 -9999.0 -9999.0 -9999.0 -9999.0 -9999.0 -9999.0 -9999.0 -9999.0 -9999.0 -9999.0 -9999.0 -9999.0
-9999.0 -9999.0 -9999.0 -9999.0 -9999.0 -9999.0 -9999.0 -9999.0 -9999.0 -9999.0 -9999.0 -9999.0 -9999.0 -9999.0 -9999.0 -9999.0 -9999.0 -9999.0 -9999.0 -9999.0 -9999.0 -9999.0 -9999.0 -9999.0 -9999.0 -9999.0 -9999.0 0.057757 0.187148 0.090040 0.146382 0.024516 0.020057 -9999.0 -9999.0 -9999.0 -9999.0 -9999.0 -9999.0 -9999.0 -9999.0 -9999.0 -9999.0 -9999.0 -9999.0 -9999.0 -9999.0 -9999.0 -9999.0 -9999.0 -9999.0 -9999.0 -9999.0 -9999.0 -9999.0 -9999.0 -9999.0 -9999.0 -9999.0 -9999.0 -9999.0 -9999.0 -9999.0
-9999.0 -9999.0 -9999.0 -9999.0 -9999.0 -9999.0 -9999.0 -9999.0 -9999.0 -9999.0 -9999.0 -9999.0 -9999.0 -9999.0 -9999.0 -9999.0 -9999.0 -9999.0 -9999.0 -9999.0 -9999.0 -9999.0 -9999.0 -9999.0 0.238694 0.229391 0.221880 0.235792 0.238930 0.184330 0.051396 -9999.0 -9999.0 -9999.0 -9999.0 -9999.0 -9999.0 -9999.0 -9999.0 -9999.0 -9999.0 -9999.0 -9999.0 -9999.0 -9999.0 -9999.0 -9999.0 -9999.0 -9999.0 -9999.0 -9999.0 -9999.0 -9999.0 -9999.0 -9999.0 -9999.0 -9999.0 -9999.0 -9999.0 -9999.0 -9999.0 -9999.0 -9999.0
-9999.0 -9999.0 -9999.0 -9999.0 -9999.0 -9999.0 -9999.0 -9999.0 -9999.0 -9999.0 -9999.0 -9999.0 -9999.0 -9999.0 -9999.0 -9999.0 -9999.0 -9999.0 -9999.0 -9999.0 -9999.0 -9999.0 -9999.0 0.220964 0.197551 0.083574 0.074952 0.058603 0.058825 0.144160 0.066534 0.046084 -9999.0 -9999.0 -9999.0 -9999.0 -9999.0 -9999.0 -9999.0 -9999.0 -9999.0 -9999.0 -9999.0 -9999.0 -9999.0 -9999.0 -9999.0 -9999.0 -9999.0 -9999.0 -9999.0 -9999.0 -9999.0 -9999.0 -9999.0 -9999.0 -9999.0 -9999.0 -9999.0 -9999.0 -9999.0 -9999.0 -9999.0
-9999.0 -9999.0 -9999.0 -9999.0 -9999.0 -9999.0 -9999.0 -9999.0 -9999.0 -9999.0 -9999.0 -9999.0 -9999.0 -9999.0 -9999.0 -9999.0 -9999.0 -9999.0 0.171174 0.181329 -9999.0 0.205125 0.190825 0.059564 0.079425 0.059568 0.141972 0.122738 0.130966 0.093224 0.169662 0.128762 0.020457 0.020410 -9999.0 -9999.0 -9999.0 -9999.0 -9999.0 -9999.0 -9999.0 -9999.0 -9999.0 -9999.0 -9999.0 -9999.0 -9999.0 -9999.0 -9999.0 -9999.0 -9999.0 -9999.0 -9999.0 -9999.0 -9999.0 -9999.0 -9999.0 -9999.0 -9999.0 -9999.0 -9999.0 -9999.0 -9999.0
-9999.0 -9999.0 -9999.0 -9999.0 -9999.0 -9999.0 -9999.0 -9999.0 -9999.0 -9999.0 -9999.0 -9999.0 -9999.0 -9999.0 -9999.0 -9999.0 -9999.0 0.083641 0.074415 0.020443 0.073826 0.165329 0.090918 0.061552 0.119542 0.165414 0.052038 0.116669 0.062621 0.149116 0.194545 0.162609 0.087280 0.051834 0.020180 0.020112 -9999.0 -9999.0 -9999.0 -9999.0 -9999.0 -9999.0 -9999.0 -9999.0 -9999.0 -9999.0 -9999.0 -9999.0 -9999.0 -9999.0 -9999.0 -9999.0 -9999.0 -9999.0 -9999.0 -9999.0 -9999.0 -9999.0 -9999.0 -9999.0 -9999.0 -9999.0 -9999.0
-9999.0 -9999.0 -9999.0 -9999.0 -9999.0 -9999.0 -9999.0 -9999.0 -9999.0 -9999.0 -9999.0 -9999.0 -9999.0 0.105437 0.083388 0.088181 0.080201 0.022455 0.084731 0.060152 0.079139 0.080718 0.060330 0.086004 0.181779 0.191946 0.020420 0.066266 0.068303 0.198866 0.040078 0.231696 0.205594 0.192192 0.022701 0.020106 -9999.0 -9999.0 -9999.0 -9999.0 -9999.0 -9999.0 -9999.0 -9999.0 -9999.0 -9999.0 -9999.0 -9999.0 -9999.0 -9999.0 -9999.0 -9999.0 -9999.0 -9999.0 -9999.0 -9999.0 -9999.0 -9999.0 -9999.0 -9999.0 -9999.0 -9999.0 -9999.0
-9999.0 -9999.0 -9999.0 -9999.0 -9999.0 -9999.0 -9999.0 -9999.0 -9999.0 -9999.0 -9999.0 -9999.0 -9999.0 0.142930 0.076194 0.082550 0.081126 0.137328 0.022448 0.074031 0.063725 0.060556 0.081507 0.113214 0.087186 0.067793 0.179296 0.084834 0.024435 0.042763 0.055101 0.148482 0.020733 0.020104 0.020132 -9999.0 -9999.0 -9999.0 -9999.0 -9999.0 -9999.0 -9999.0 -9999.0 -9999.0 -9999.0 -9999.0 -9999.0 -9999.0 -9999.0 -9999.0 -9999.0 -9999.0 -9999.0 -9999.0 -9999.0 -9999.0 -9999.0 -9999.0 -9999.0 -9999.0 -9999.0 -9999.0 -9999.0
-9999.0 -9999.0 -9999.0 -9999.0 -9999.0 -9999.0 -9999.0 -9999.0 -9999.0 -9999.0 -9999.0 -9999.0 -9999.0 0.073827 0.430000 0.081631 0.082464 0.081923 0.022431 0.082962 0.110849 0.020590 0.153047 0.101925 0.083282 0.086331 0.074469 0.024299 0.046111 0.020175 0.069187 0.020087 0.020091 0.020017 0.020088 -9999.0 -9999.0 -9999.0 -9999.0 -9999.0 -9999.0 -9999.0 -9999.0 -9999.0 -9999.0 -9999.0 -9999.0 -9999.0 -9999.0 -9999.0 -9999.0 -9999.0 -9999.0 -9999.0 -9999.0 -9999.0 -9999.0 -9999.0 -9999.0 -9999.0 -9999.0 -9999.0 -9999.0
-9999.0 -9999.0 -9999.0 -9999.0 -9999.0 -9999.0 -9999.0 -9999.0 -9999.0 -9999.0 -9999.0 -9999.0 0.060193 0.430000 0.074817 0.081208 0.099067 0.085307 0.115781 0.020407 0.079355 0.124165 0.021297 0.136582 0.040068 0.180464 0.040026 0.047073 0.242076 0.020326 0.040038 0.020320 0.045993 0.020117 -9999.0 -9999.0 -9999.0 -9999.0 -9999.0 -9999.0 -9999.0 -9999.0 -9999.0 -9999.0 -9999.0 -9999.0 -9999.0 -9999.0 -9999.0 -9999.0 -9999.0 -9999.0 -9999.0 -9999.0 -9999.0 -9999.0 -9999.0 -9999.0 -9999.0 -9999.0 -9999.0 -9999.0 -9999.0
-9999.0 -9999.0 -9999.0 -9999.0 -9999.0 -9999.0 -9999.0 -9999.0 -9999.0 -9999.0 -9999.0 0.151312 0.080358 0.328594 0.075401 0.128762 0.020396 0.083170 0.154990 0.020356 0.065035 0.095619 0.119719 0.162389 0.075389 0.188001 0.045926 0.197216 0.045820 0.020127 0.020276 0.210205 0.022722 0.020183 0.020255 0.032880 0.045831 0.107301 0.089022 -9999.0 -9999.0 -9999.0 0.020130 -9999.0 -9999.0 -9999.0 -9999.0 -9999.0 -9999.0 -9999.0 -9999.0 -9999.0 -9999.0 -9999.0 -9999.0 -9999.0 -9999.0 -9999.0 -9999.0 -9999.0 -9999.0 -9999.0 -9999.0
-9999.0 -9999.0 -9999.0 -9999.0 -9999.0 -9999.0 -9999.0 -9999.0 -9999.0 -9999.0 -9999.0 0.152552 0.079621 0.058181 0.071237 0.093625 0.068630 0.072538 0.148866 0.097686 0.118912 0.109972 0.234427 0.040050 0.040103 0.192051 0.147275 0.193550 0.116862 0.020191 0.188170 0.199524 0.046046 0.042561 0.042539 0.182141 0.154633 0.086683 0.079800 0.020183 0.020268 0.020145 0.150107 0.020732 -9999.0 -9999.0 -9999.0 0.040028 0.040031 0.020122 0.040049 0.020054 0.020055 0.040021 0.040021 0.020050 -9999.0 -9999.0 -9999.0 -9999.0 -9999.0 -9999.0 -9999.0
-9999.0 -9999.0 -9999.0 -9999.0 -9999.0 -9999.0 -9999.0 -9999.0 -9999.0 -9999.0 -9999.0 0.158137 0.146610 0.072443 0.169323 0.090953 0.083698 0.076484 0.080817 0.097309 0.140970 0.155577 0.040172 0.260971 0.186204 0.060109 0.040123 0.040020 0.039870 0.042984 0.026191 0.040064 0.203161 0.042541 0.020536 0.178165 0.040382 0.040140 0.088165 0.037577 0.146550 0.022362 0.202471 0.211641 0.040145 -9999.0 0.020080 0.040083 0.163390 0.214900 0.109122 0.097919 0.109930 0.076934 0.024592 0.042704 -9999.0 -9999.0 -9999.0 -9999.0 -9999.0 -9999.0 -9999.0
-9999.0 -9999.0 -9999.0 -9999.0 -9999.0 -9999.0 -9999.0 -9999.0 -9999.0 -9999.0 -9999.0 -9999.0 0.158602 0.248694 0.139077 0.137906 0.117366 0.078445 0.142443 0.098839 0.089199 0.079614 0.080790 0.041176 0.040037 0.040103 0.430000 0.099680 0.106170 0.021117 0.147409 0.040121 0.102149 0.057216 0.045919 0.206422 0.040134 0.040521 0.161863 0.063690 0.114572 0.068951 0.041143 0.233349 0.024263 0.040084 0.020127 0.040969 0.040037 0.040519 0.046191 0.040134 0.040018 0.040061 0.040034 0.258669 0.046153 -9999.0 -9999.0 -9999.0 -9999.0 -9999.0 -9999.0
-9999.0 -9999.0 -9999.0 -9999.0 -9999.0 -9999.0 -9999.0 -9999.0 -9999.0 -9999.0 -9999.0 0.040844 0.184763 0.088693 0.256113 0.134081 0.088966 0.089868 0.105442 0.109399 0.083329 0.143795 0.350348 0.040115 0.040125 0.040370 0.040764 0.047393 0.046418 0.079284 0.040107 0.040096 0.161122 0.080207 0.041069 0.196552 0.161683 0.041008 0.163271 0.086882 0.041020 0.113195 0.205520 0.022002 0.137540 0.068234 0.229386 0.075210 0.083949 0.024080 0.020051 0.064378 0.040020 0.020031 0.020027 0.020045 0.020235 -9999.0 -9999.0 -9999.0 -9999.0 -9999.0 -9999.0
-9999.0 -9999.0 -9999.0 -9999.0 -9999.0 -9999.0 -9999.0 -9999.0 -9999.0 -9999.0 0.430000 0.046726 0.190508 0.177242 0.154156 0.429835 0.428637 0.158857 0.091133 0.113492 0.119362 0.173604 0.040335 0.191254 0.089187 0.040048 0.040063 0.020038 0.095843 0.139589 0.053909 0.040237 0.163778 0.063700 0.020108 0.029861 0.152687 0.040243 0.043602 0.355881 0.193239 0.026273 0.158799 0.202357 0.063041 0.079811 0.190465 0.042366 0.045234 0.129693 0.020037 0.020096 0.020025 0.020036 0.020040 0.048719 0.098419 -9999.0 -9999.0 -9999.0 -9999.0 -9999.0 -9999.0
-9999.0 -9999.0 -9999.0 -9999.0 -9999.0 -9999.0 -9999.0 -9999.0 -9999.0 0.192670 0.252718 0.051965 0.087058 0.040714 0.057458 0.072228 0.053296 0.149386 0.077340 0.106369 0.113166 0.102874 0.101658 0.106412 0.299009 0.040062 0.040032 0.167647 0.046178 0.149553 0.356363 0.020092 0.028466 0.020131 0.020231 0.029586 0.170448 0.040099 0.040162 0.054127 0.040284 0.041148 0.040518 0.117401 0.109797 0.062421 0.129335 0.040341 0.040361 0.342952 0.020109 0.020174 0.020033 0.020034 0.020046 0.040018 0.040032 0.021595 0.020061 -9999.0 -9999.0 -9999.0 -9999.0
-9999.0 -9999.0 -9999.0 -9999.0 -9999.0 -9999.0 -9999.0 -9999.0 -9999.0 0.105309 0.192074 0.129727 0.430000 0.205420 0.048302 0.040544 0.181263 0.121211 0.075485 0.098162 0.103181 0.080119 0.144204 0.227002 0.040102 0.040080 0.041142 0.107932 0.262108 0.230339 0.130760 0.040037 0.227134 0.043077 0.155394 0.033236 0.054484 0.083230 0.181529 0.152269 0.040227 0.040064 0.042659 0.201640 0.149581 0.139045 0.102389 0.087455 0.178229 0.216223 0.020052 0.040009 0.020034 0.040014 0.020119 0.040012 0.040036 0.040062 0.041119 -9999.0 -9999.0 -9999.0 -9999.0
-9999.0 -9999.0 -9999.0 -9999.0 -9999.0 -9999.0 -9999.0 -9999.0 -9999.0 -9999.0 0.134827 0.154034 0.079092 0.040225 0.161499 0.053897 0.177573 0.090754 0.073758 0.094060 0.106579 0.069626 0.105119 0.043118 0.040118 0.061893 0.329436 0.198171 0.158458 0.040054 0.040039 0.040022 0.040018 0.046360 0.223893 0.163851 0.206180 0.212584 0.050692 0.189359 0.073985 0.234563 0.430000 0.064619 0.159253 0.212105 0.083723 0.144567 0.062699 0.116554 0.020082 0.020069 0.020044 0.020034 0.040013 0.040056 0.349467 0.040049 0.062476 0.086704 -9999.0 -9999.0 -9999.0
-9999.0 -9999.0 -9999.0 -9999.0 -9999.0 -9999.0 -9999.0 -9999.0 -9999.0 -9999.0 0.111183 0.197827 0.219023 0.139572 0.234644 0.149929 0.181129 0.104397 0.084521 0.084247 0.085763 0.084095 0.082578 0.046439 0.065029 0.281158 0.210373 0.186578 0.040076 0.040020 0.169540 0.282637 0.020046 0.043120 0.180225 0.224290 0.040051 0.053205 0.040059 0.046678 0.213488 0.146122 0.040897 0.143533 0.235330 0.020990 0.150126 0.148541 0.079530 0.067861 0.395198 0.040057 0.040015 0.020055 0.020029 0.020035 0.040041 0.040244 0.335475 0.271553 -9999.0 -9999.0 -9999.0
-9999.0 -9999.0 -9999.0 -9999.0 -9999.0 -9999.0 -9999.0 -9999.0 0.269142 0.148145 0.024518 0.274513 0.040089 0.042686 0.053102 0.179265 0.064419 0.080020 0.080121 0.082573 0.080149 0.072993 0.074443 0.079616 0.130785 0.221538 0.239403 0.040167 0.040085 0.040021 0.020114 0.185616 0.193447 0.046083 0.229643 0.187163 0.120668 0.072419 0.040026 0.035107 0.076976 0.232878 0.020051 0.037448 0.073443 0.430000 0.040029 0.041691 0.179327 0.193757 0.291985 0.020232 0.040024 0.040008 0.020038 0.023109 0.022574 0.224297 0.128337 0.101623 -9999.0 -9999.0 -9999.0
-9999.0 -9999.0 -9999.0 -9999.0 -9999.0 -9999.0 -9999.0 -9999.0 0.020048 0.040128 0.040028 0.046222 0.199249 0.040033 0.040130 0.199587 0.091996 0.081560 0.062745 0.082188 0.145062 0.090614 0.083125 0.077327 0.075561 0.118995 0.262966 0.047099 0.020047 0.047302 0.042765 0.046346 0.209686 0.057986 0.263656 0.230309 0.119804 0.348581 0.043443 0.168183 0.175064 0.024247 0.060028 0.153930 0.430000 0.040281 0.020044 0.185921 0.046780 0.213430 0.258987 0.047101 0.040016 0.040060 0.118252 0.020082 0.040179 0.172163 0.072068 0.110698 0.085167 -9999.0 -9999.0
-9999.0 -9999.0 -9999.0 -9999.0 -9999.0 -9999.0 -9999.0 -9999.0 0.172158 0.429659 0.286755 0.040018 0.311346 0.020056 0.040288 0.040172 0.141723 0.081513 0.072278 0.144606 0.081937 0.090097 0.082883 0.081566 0.088279 0.081559 0.241180 0.040081 0.020040 0.196107 0.064178 0.256911 0.040053 0.020122 0.239924 0.127531 0.190493 0.188600 0.068088 0.041910 0.179236 0.064898 0.244784 0.429418 0.040096 0.251433 0.035082 0.256016 0.040043 0.134004 0.185784 0.324431 0.040027 0.040016 0.043306 0.190214 0.339155 0.152212 0.076660 0.112524 0.101719 -9999.0 -9999.0
-9999.0 -9999.0 -9999.0 -9999.0 -9999.0 -9999.0 -9999.0 -9999.0 0.020115 0.186830 0.041970 0.020041 0.282106 0.040082 0.020932 0.275963 0.066277 0.073340 0.109388 0.083127 0.083014 0.083442 0.091929 0.091472 0.092786 0.137644 0.057748 0.040038 0.218862 0.042606 0.040396 0.044684 0.071517 0.397428 0.023026 0.114460 0.100095 0.079431 0.158061 0.081626 0.135518 0.131183 0.137222 0.072602 0.257191 0.071897 0.094257 0.082276 0.196352 0.040178 0.214469 0.143879 0.295016 0.045745 0.380285 0.292472 0.112073 0.133361 0.112994 0.104588 0.092582 0.133265 -9999.0
-9999.0 -9999.0 -9999.0 -9999.0 -9999.0 -9999.0 -9999.0 -9999.0 0.040026 0.300183 0.040031 0.040055 0.040681 0.042959 0.328329 0.151382 0.169541 0.089709 0.121738 0.080701 0.084334 0.086265 0.084193 0.084173 0.080735 0.143997 0.040099 0.064028 0.218837 0.430000 0.042056 0.306237 0.088251 0.209609 0.108315 0.067051 0.063014 0.074968 0.066456 0.129648 0.085421 0.022043 0.122197 0.035709 0.040255 0.132066 0.044686 0.070230 0.043546 0.282092 0.078513 0.117733 0.141862 0.165899 0.234907 0.229222 0.162947 0.129214 0.116109 0.076250 0.081492 0.140353 -9999.0
-9999.0 -9999.0 0.093400 0.250764 0.040015 0.040068 0.040026 0.040034 0.144876 0.279454 0.040134 0.040468 0.044116 0.430000 0.149512 0.420225 0.106316 0.040082 0.041154 0.192433 0.081010 0.085663 0.098257 0.082045 0.088582 0.087514 0.156566 0.160396 0.101584 0.139518 0.118850 0.129825 0.121384 0.082502 0.082087 0.077637 0.080146 0.072356 0.064285 0.068431 0.061628 0.061415 0.069219 0.088614 0.169777 0.086508 0.161837 0.185743 0.065064 0.085463 0.082018 0.117738 0.154032 0.186039 0.210827 0.190045 0.168702 0.127339 0.082387 0.091587 0.132514 0.151499 -9999.0
-9999.0 0.040792 0.040415 0.040179 0.040077 0.040081 0.040032 0.040025 0.040015 0.046251 0.040047 0.040148 0.319516 0.249488 0.420284 0.041654 0.040121 0.040051 0.040092 0.174361 0.082790 0.077571 0.120637 0.113566 0.084247 0.084195 0.089114 0.090805 0.080713 0.099124 0.080374 0.081440 0.080945 0.089279 0.077025 0.081661 0.071748 0.070115 0.081431 0.081791 0.075128 0.077897 0.071058 0.075391 0.077992 0.076752 0.107869 0.073482 0.076344 0.103572 0.113230 0.139119 0.168346 0.211382 0.217319 0.328121 0.298823 0.273831 0.323270 0.243078 0.218039 0.154303 -9999.0
-9999.0 0.218652 0.106463 0.074946 0.248174 0.054343 0.040026 0.040019 0.045906 0.022406 0.040031 0.040080 0.258604 0.315384 0.047234 0.040027 0.040028 0.040039 0.040539 0.125453 0.242708 0.154202 0.136151 0.142745 0.165600 0.149467 0.078755 0.084851 0.082447 0.071775 0.071085 0.071532 0.083885 0.090304 0.090876 0.082869 0.134090 0.130901 0.080731 0.080505 0.080732 0.085160 0.072421 0.078809 0.075568 0.069882 0.089985 0.088496 0.091863 0.098638 0.103354 0.152304 0.241023 0.328035 0.430000 0.071361 0.041837 0.051515 0.068584 0.047495 0.083082 -9999.0 -9999.0
-9999.0 0.096404 0.062030 0.045619 0.286832 0.250595 0.261661 0.040050 0.040049 0.040054 0.040145 0.094635 0.243234 0.386919 0.040059 0.040018 0.040020 0.040071 0.040052 0.042198 0.044386 0.076549 0.138834 0.176480 0.171353 0.111470 0.101726 0.097417 0.083777 0.089454 0.081922 0.081526 0.086584 0.085093 0.083412 0.082240 0.081860 0.129112 0.081615 0.081505 0.081598 0.133599 0.082287 0.080908 0.081021 0.084968 0.086820 0.092478 0.106014 0.101876 0.143609 0.217313 0.091473 0.430000 0.044440 0.040077 0.040074 0.040050 0.040057 -9999.0 -9999.0 -9999.0 -9999.0
