user2019/resources/simulation/Vinschgau/output-maps/thetaliqL0001N1053.asc
ncols         63
nrows         48
xllcorner     598000.000000
yllcorner     5145000.000000
cellsize      1000.000000
NODATA_value  -9999.0
[rows 0 to 28 of 48, columns 0 to 62 of 63]
-9999.0 -9999.0 -9999.0 -9999.0 -9999.0 -9999.0 -9999.0 -9999.0 -9999.0 -9999.0 -9999.0 -9999.0 -9999.0 -9999.0 -9999.0 -9999.0 -9999.0 -9999.0 -9999.0 -9999.0 -9999.0 -9999.0 -9999.0 -9999.0 -9999.0 -9999.0 -9999.0 -9999.0 -9999.0 -9999.0 -9999.0 -9999.0 -9999.0 -9999.0 -9999.0 -9999.0 -9999.0 -9999.0 -9999.0 -9999.0 -9999.0 -9999.0 -9999.0 -9999.0 -9999.0 -9999.0 -9999.0 -9999.0 -9999.0 -9999.0 -9999.0 -9999.0 -9999.0 -9999.0 -9999.0 -9999.0 -9999.0 -9999.0 -9999.0 -9999.0 -9999.0 -9999.0 -9999.0
-9999.0 -9999.0 -9999.0 -9999.0 -9999.0 -9999.0 -9999.0 -9999.0 -9999.0 -9999.0 -9999.0 -9999.0 -9999.0 -9999.0 -9999.0 -9999.0 -9999.0 -9999.0 -9999.0 -9999.0 -9999.0 -9999.0 -9999.0 -9999.0 -9999.0 -9999.0 -9999.0 0.020089 0.040000 0.020130 0.040000 0.040021 0.040000 -9999.0 -9999.0 -9999.0 -9999.0 -9999.0 -9999.0 -9999.0 -9999.0 -9999.0 -9999.0 -9999.0 -9999.0 -9999.0 -9999.0 -9999.0 -9999.0 -9999.0 -9999.0 -9999.0 -9999.0 -9999.0 -9999.0 -9999.0 -9999.0 -9999.0 -9999.0 -9999.0 -9999.0 -9999.0 -9999.0
-9999.0 -9999.0 -9999.0 -9999.0 -9999.0 -9999.0 -9999.0 -9999.0 -9999.0 -9999.0 -9999.0 -9999.0 -9999.0 -9999.0 -9999.0 -9999.0 -9999.0 -9999.0 -9999.0 -9999.0 -9999.0 -9999.0 -9999.0 -9999.0 0.040862 0.040920 0.040000 0.040838 0.040000 0.040000 0.040109 -9999.0 -9999.0 -9999.0 -9999.0 -9999.0 -9999.0 -9999.0 -9999.0 -9999.0 -9999.0 -9999.0 -9999.0 -9999.0 -9999.0 -9999.0 -9999.0 -9999.0 -9999.0 -9999.0 -9999.0 -9999.0 -9999.0 -9999.0 -9999.0 -9999.0 -9999.0 -9999.0 -9999.0 -9999.0 -9999.0 -9999.0 -9999.0
-9999.0 -9999.0 -9999.0 -9999.0 -9999.0 -9999.0 -9999.0 -9999.0 -9999.0 -9999.0 -9999.0 -9999.0 -9999.0 -9999.0 -9999.0 -9999.0 -9999.0 -9999.0 -9999.0 -9999.0 -9999.0 -9999.0 -9999.0 0.041147 0.041355 0.189398 0.168154 0.081109 0.352962 0.050100 0.040000 0.040021 -9999.0 -9999.0 -9999.0 -9999.0 -9999.0 -9999.0 -9999.0 -9999.0 -9999.0 -9999.0 -9999.0 -9999.0 -9999.0 -9999.0 -9999.0 -9999.0 -9999.0 -9999.0 -9999.0 -9999.0 -9999.0 -9999.0 -9999.0 -9999.0 -9999.0 -9999.0 -9999.0 -9999.0 -9999.0 -9999.0 -9999.0
-9999.0 -9999.0 -9999.0 -9999.0 -9999.0 -9999.0 -9999.0 -9999.0 -9999.0 -9999.0 -9999.0 -9999.0 -9999.0 -9999.0 -9999.0 -9999.0 -9999.0 -9999.0 0.383479 0.061549 -9999.0 0.040218 0.095571 0.169925 0.220901 0.080922 0.357436 0.397196 0.470885 0.196556 0.041007 0.040000 0.020036 0.020029 -9999.0 -9999.0 -9999.0 -9999.0 -9999.0 -9999.0 -9999.0 -9999.0 -9999.0 -9999.0 -9999.0 -9999.0 -9999.0 -9999.0 -9999.0 -9999.0 -9999.0 -9999.0 -9999.0 -9999.0 -9999.0 -9999.0 -9999.0 -9999.0 -9999.0 -9999.0 -9999.0 -9999.0 -9999.0
-9999.0 -9999.0 -9999.0 -9999.0 -9999.0 -9999.0 -9999.0 -9999.0 -9999.0 -9999.0 -9999.0 -9999.0 -9999.0 -9999.0 -9999.0 -9999.0 -9999.0 0.068773 0.070596 0.122139 0.020658 0.059781 0.203903 0.348024 0.352824 0.124207 0.040317 0.176339 0.045330 0.432951 0.073923 0.042190 0.020030 0.020078 0.020032 0.020052 -9999.0 -9999.0 -9999.0 -9999.0 -9999.0 -9999.0 -9999.0 -9999.0 -9999.0 -9999.0 -9999.0 -9999.0 -9999.0 -9999.0 -9999.0 -9999.0 -9999.0 -9999.0 -9999.0 -9999.0 -9999.0 -9999.0 -9999.0 -9999.0 -9999.0 -9999.0 -9999.0
-9999.0 -9999.0 -9999.0 -9999.0 -9999.0 -9999.0 -9999.0 -9999.0 -9999.0 -9999.0 -9999.0 -9999.0 -9999.0 0.157151 0.363226 0.073370 0.069367 0.022665 0.069476 0.072948 0.153068 0.282764 0.212520 0.360807 0.063681 0.099215 0.020107 0.040026 0.040083 0.050670 0.040123 0.040361 0.040000 0.040036 0.020145 0.020026 -9999.0 -9999.0 -9999.0 -9999.0 -9999.0 -9999.0 -9999.0 -9999.0 -9999.0 -9999.0 -9999.0 -9999.0 -9999.0 -9999.0 -9999.0 -9999.0 -9999.0 -9999.0 -9999.0 -9999.0 -9999.0 -9999.0 -9999.0 -9999.0 -9999.0 -9999.0 -9999.0
-9999.0 -9999.0 -9999.0 -9999.0 -9999.0 -9999.0 -9999.0 -9999.0 -9999.0 -9999.0 -9999.0 -9999.0 -9999.0 0.331771 0.122987 0.070743 0.070205 0.186399 0.022660 0.075829 0.070263 0.133251 0.189818 0.315266 0.473297 0.047738 0.040774 0.020116 0.020044 0.040066 0.040023 0.040000 0.020038 0.020019 0.020001 -9999.0 -9999.0 -9999.0 -9999.0 -9999.0 -9999.0 -9999.0 -9999.0 -9999.0 -9999.0 -9999.0 -9999.0 -9999.0 -9999.0 -9999.0 -9999.0 -9999.0 -9999.0 -9999.0 -9999.0 -9999.0 -9999.0 -9999.0 -9999.0 -9999.0 -9999.0 -9999.0 -9999.0
-9999.0 -9999.0 -9999.0 -9999.0 -9999.0 -9999.0 -9999.0 -9999.0 -9999.0 -9999.0 -9999.0 -9999.0 -9999.0 0.080244 0.520000 0.073867 0.071202 0.070820 0.022651 0.069726 0.235427 0.177295 0.203191 0.051706 0.373783 0.357175 0.020265 0.020040 0.040022 0.020021 0.040030 0.020018 0.020017 0.020015 0.020024 -9999.0 -9999.0 -9999.0 -9999.0 -9999.0 -9999.0 -9999.0 -9999.0 -9999.0 -9999.0 -9999.0 -9999.0 -9999.0 -9999.0 -9999.0 -9999.0 -9999.0 -9999.0 -9999.0 -9999.0 -9999.0 -9999.0 -9999.0 -9999.0 -9999.0 -9999.0 -9999.0 -9999.0
-9999.0 -9999.0 -9999.0 -9999.0 -9999.0 -9999.0 -9999.0 -9999.0 -9999.0 -9999.0 -9999.0 -9999.0 0.224846 0.520000 0.088002 0.301759 0.105564 0.073169 0.139753 0.022766 0.244394 0.124390 0.056578 0.054720 0.040117 0.040523 0.040048 0.040029 0.040000 0.020097 0.040005 0.020035 0.040016 0.020025 -9999.0 -9999.0 -9999.0 -9999.0 -9999.0 -9999.0 -9999.0 -9999.0 -9999.0 -9999.0 -9999.0 -9999.0 -9999.0 -9999.0 -9999.0 -9999.0 -9999.0 -9999.0 -9999.0 -9999.0 -9999.0 -9999.0 -9999.0 -9999.0 -9999.0 -9999.0 -9999.0 -9999.0 -9999.0
-9999.0 -9999.0 -9999.0 -9999.0 -9999.0 -9999.0 -9999.0 -9999.0 -9999.0 -9999.0 -9999.0 0.168946 0.288447 0.520000 0.118155 0.474528 0.022729 0.072347 0.290797 0.157449 0.071664 0.382943 0.040269 0.040817 0.040117 0.040000 0.040024 0.040000 0.040000 0.020028 0.020034 0.040000 0.020099 0.020030 0.020162 0.020052 0.040026 0.040000 0.040000 -9999.0 -9999.0 -9999.0 0.020028 -9999.0 -9999.0 -9999.0 -9999.0 -9999.0 -9999.0 -9999.0 -9999.0 -9999.0 -9999.0 -9999.0 -9999.0 -9999.0 -9999.0 -9999.0 -9999.0 -9999.0 -9999.0 -9999.0 -9999.0
-9999.0 -9999.0 -9999.0 -9999.0 -9999.0 -9999.0 -9999.0 -9999.0 -9999.0 -9999.0 -9999.0 0.109701 0.246413 0.120123 0.070662 0.279849 0.067092 0.069522 0.178597 0.222671 0.331871 0.343409 0.085846 0.040036 0.040017 0.040000 0.040000 0.040000 0.020086 0.020030 0.040033 0.040000 0.040022 0.040017 0.040013 0.040000 0.040000 0.040000 0.040036 0.020031 0.020031 0.020029 0.040001 0.020038 -9999.0 -9999.0 -9999.0 0.040009 0.040010 0.020108 0.040012 0.020026 0.020025 0.040009 0.040110 0.020001 -9999.0 -9999.0 -9999.0 -9999.0 -9999.0 -9999.0 -9999.0
-9999.0 -9999.0 -9999.0 -9999.0 -9999.0 -9999.0 -9999.0 -9999.0 -9999.0 -9999.0 -9999.0 0.040236 0.140081 0.190768 0.382229 0.404641 0.343452 0.072491 0.128396 0.184048 0.205055 0.153281 0.040040 0.040840 0.040000 0.020151 0.040019 0.040040 0.020057 0.040015 0.020044 0.040033 0.040000 0.040017 0.020155 0.040000 0.040050 0.040072 0.082592 0.020052 0.040000 0.040025 0.040000 0.040000 0.040015 -9999.0 0.020024 0.040008 0.040025 0.040000 0.040000 0.020019 0.040000 0.040029 0.040000 0.040017 -9999.0 -9999.0 -9999.0 -9999.0 -9999.0 -9999.0 -9999.0
-9999.0 -9999.0 -9999.0 -9999.0 -9999.0 -9999.0 -9999.0 -9999.0 -9999.0 -9999.0 -9999.0 -9999.0 0.043545 0.040041 0.295520 0.313483 0.234367 0.073598 0.217008 0.207645 0.093098 0.327066 0.040123 0.040022 0.040029 0.040043 0.091983 0.040000 0.040028 0.020038 0.040000 0.040036 0.040000 0.040015 0.040001 0.040000 0.040018 0.040081 0.290904 0.040792 0.040000 0.020258 0.040022 0.040000 0.020043 0.040014 0.020029 0.040016 0.040012 0.040021 0.041654 0.040037 0.040037 0.040028 0.040012 0.040000 0.040017 -9999.0 -9999.0 -9999.0 -9999.0 -9999.0 -9999.0
-9999.0 -9999.0 -9999.0 -9999.0 -9999.0 -9999.0 -9999.0 -9999.0 -9999.0 -9999.0 -9999.0 0.040027 0.040862 0.040720 0.040025 0.228767 0.392265 0.084995 0.213974 0.073497 0.074813 0.317007 0.060799 0.040049 0.040049 0.040076 0.040059 0.040030 0.040026 0.020164 0.040019 0.040056 0.040373 0.040024 0.040013 0.040001 0.040000 0.040022 0.143838 0.181381 0.040025 0.042554 0.040159 0.020061 0.040356 0.040024 0.040000 0.020234 0.020263 0.056560 0.020041 0.040037 0.040010 0.020024 0.020021 0.020019 0.020099 -9999.0 -9999.0 -9999.0 -9999.0 -9999.0 -9999.0
-9999.0 -9999.0 -9999.0 -9999.0 -9999.0 -9999.0 -9999.0 -9999.0 -9999.0 -9999.0 0.107268 0.040027 0.063208 0.054491 0.186686 0.051781 0.042328 0.084470 0.072138 0.074818 0.285701 0.392471 0.040238 0.160513 0.043154 0.040091 0.040044 0.020031 0.040862 0.040198 0.040082 0.040075 0.040000 0.040029 0.020026 0.020043 0.040000 0.040020 0.040000 0.379714 0.404254 0.198748 0.198066 0.386617 0.041313 0.020234 0.040773 0.040024 0.040085 0.081510 0.020026 0.020030 0.020020 0.020017 0.020018 0.040027 0.040028 -9999.0 -9999.0 -9999.0 -9999.0 -9999.0 -9999.0
-9999.0 -9999.0 -9999.0 -9999.0 -9999.0 -9999.0 -9999.0 -9999.0 -9999.0 0.040000 0.040366 0.040069 0.040104 0.040086 0.040098 0.040312 0.044509 0.475866 0.071628 0.071340 0.257171 0.110206 0.112179 0.405931 0.156801 0.040063 0.040026 0.065303 0.040170 0.040129 0.195775 0.040053 0.020054 0.020018 0.020031 0.020041 0.040000 0.040017 0.040022 0.040084 0.040091 0.040411 0.040329 0.115133 0.339801 0.054146 0.187005 0.040078 0.040059 0.209258 0.040046 0.020001 0.020016 0.020044 0.020025 0.040010 0.040012 0.020040 0.020028 -9999.0 -9999.0 -9999.0 -9999.0
-9999.0 -9999.0 -9999.0 -9999.0 -9999.0 -9999.0 -9999.0 -9999.0 -9999.0 0.040000 0.040105 0.041300 0.383407 0.045267 0.042965 0.040103 0.197796 0.418628 0.070371 0.144470 0.192426 0.081738 0.417196 0.346124 0.040097 0.040054 0.040059 0.088842 0.427428 0.362230 0.224778 0.040039 0.040000 0.040018 0.040001 0.020046 0.020078 0.020247 0.040000 0.040409 0.040027 0.040045 0.040335 0.443192 0.242812 0.365061 0.418996 0.406750 0.108985 0.247246 0.040023 0.040009 0.020021 0.040006 0.020163 0.040008 0.040014 0.040017 0.020099 -9999.0 -9999.0 -9999.0 -9999.0
-9999.0 -9999.0 -9999.0 -9999.0 -9999.0 -9999.0 -9999.0 -9999.0 -9999.0 -9999.0 0.040000 0.040021 0.040114 0.040228 0.134123 0.045970 0.094333 0.362435 0.069025 0.092886 0.227201 0.079642 0.057440 0.040377 0.040051 0.044712 0.263943 0.520000 0.274178 0.040056 0.040042 0.040045 0.040016 0.040019 0.040000 0.040365 0.041069 0.040368 0.020082 0.040000 0.040038 0.073069 0.251044 0.053809 0.078635 0.123966 0.202858 0.379852 0.334703 0.232325 0.040045 0.040014 0.020025 0.020019 0.040006 0.040001 0.040046 0.040089 0.040114 0.064019 -9999.0 -9999.0 -9999.0
-9999.0 -9999.0 -9999.0 -9999.0 -9999.0 -9999.0 -9999.0 -9999.0 -9999.0 -9999.0 0.040027 0.040000 0.040271 0.065804 0.520000 0.148092 0.086862 0.076504 0.069044 0.070735 0.069852 0.080425 0.051764 0.042669 0.044817 0.433606 0.508246 0.106191 0.040076 0.040018 0.040027 0.040000 0.020030 0.040017 0.040000 0.042663 0.040098 0.040076 0.040038 0.040027 0.040000 0.020083 0.040022 0.048259 0.040283 0.040410 0.087098 0.081950 0.184690 0.414881 0.183539 0.040042 0.040013 0.020027 0.020020 0.020022 0.040015 0.040047 0.520000 0.520000 -9999.0 -9999.0 -9999.0
-9999.0 -9999.0 -9999.0 -9999.0 -9999.0 -9999.0 -9999.0 -9999.0 0.040064 0.040027 0.040023 0.040000 0.040047 0.040032 0.047586 0.282155 0.072931 0.076373 0.075409 0.069506 0.067206 0.068146 0.076127 0.079648 0.364066 0.392243 0.438198 0.040145 0.040057 0.040019 0.020020 0.040000 0.040030 0.040019 0.040000 0.040136 0.208696 0.040107 0.040029 0.020047 0.020096 0.040003 0.020041 0.020056 0.020265 0.138065 0.040032 0.040034 0.111078 0.445421 0.408920 0.040170 0.040013 0.040008 0.020024 0.040021 0.020043 0.113323 0.431455 0.249243 -9999.0 -9999.0 -9999.0
-9999.0 -9999.0 -9999.0 -9999.0 -9999.0 -9999.0 -9999.0 -9999.0 0.020067 0.040018 0.040024 0.040026 0.040000 0.040066 0.040118 0.115254 0.077003 0.073451 0.067366 0.069069 0.128610 0.075747 0.074237 0.070401 0.070116 0.118861 0.358096 0.040039 0.020030 0.040028 0.040017 0.020065 0.040000 0.020097 0.040000 0.047217 0.252204 0.050393 0.040059 0.040943 0.040000 0.040008 0.020152 0.041174 0.054577 0.040021 0.020035 0.040907 0.040744 0.342923 0.483490 0.042529 0.040012 0.040016 0.040000 0.020052 0.040062 0.062003 0.466879 0.282844 0.074303 -9999.0 -9999.0
-9999.0 -9999.0 -9999.0 -9999.0 -9999.0 -9999.0 -9999.0 -9999.0 0.040000 0.040672 0.040746 0.040017 0.040000 0.020044 0.040051 0.040148 0.128481 0.125300 0.067963 0.108275 0.068537 0.070450 0.071195 0.070227 0.134470 0.074742 0.342745 0.040080 0.020027 0.040000 0.020225 0.040307 0.040038 0.040052 0.040296 0.184550 0.040172 0.520000 0.060545 0.040023 0.040000 0.020227 0.040915 0.040343 0.040018 0.040000 0.020046 0.040000 0.040034 0.064688 0.335766 0.340643 0.040018 0.040013 0.040046 0.040096 0.520000 0.452230 0.224405 0.299981 0.211063 -9999.0 -9999.0
-9999.0 -9999.0 -9999.0 -9999.0 -9999.0 -9999.0 -9999.0 -9999.0 0.020030 0.040000 0.040034 0.020028 0.040825 0.040055 0.040363 0.290757 0.070912 0.069008 0.201303 0.067739 0.070015 0.069911 0.073009 0.071706 0.073225 0.225790 0.044887 0.040041 0.040196 0.040025 0.040045 0.040029 0.089177 0.040124 0.040194 0.163829 0.483769 0.074867 0.386149 0.041785 0.040258 0.040312 0.040483 0.020260 0.040753 0.020229 0.040886 0.020007 0.040770 0.040055 0.077358 0.347039 0.404195 0.040048 0.452366 0.520000 0.339078 0.199882 0.083556 0.219794 0.236880 0.163160 -9999.0
-9999.0 -9999.0 -9999.0 -9999.0 -9999.0 -9999.0 -9999.0 -9999.0 0.040012 0.040000 0.040062 0.040057 0.040039 0.042105 0.366999 0.384046 0.385869 0.083194 0.196543 0.073184 0.069648 0.072326 0.071679 0.072760 0.178868 0.104893 0.040094 0.051486 0.141351 0.040042 0.040469 0.262887 0.520000 0.456368 0.295430 0.411679 0.219790 0.071624 0.071839 0.450921 0.408631 0.241497 0.278516 0.088483 0.040048 0.100594 0.040478 0.040119 0.040865 0.213420 0.438824 0.156941 0.278698 0.358391 0.520000 0.520000 0.388058 0.292350 0.264708 0.211617 0.077706 0.179273 -9999.0
-9999.0 -9999.0 0.040000 0.040000 0.040033 0.040047 0.040024 0.040027 0.040025 0.040000 0.040044 0.040403 0.042483 0.086496 0.493162 0.480270 0.062866 0.040081 0.040170 0.144011 0.073677 0.070290 0.220873 0.068684 0.075156 0.076305 0.088693 0.174417 0.225419 0.487410 0.059664 0.262612 0.383938 0.078945 0.260912 0.073930 0.081319 0.069383 0.070334 0.073848 0.169059 0.281178 0.161268 0.374067 0.120138 0.219935 0.475060 0.326502 0.330208 0.310942 0.167263 0.207315 0.335408 0.375283 0.455165 0.430760 0.366382 0.296182 0.300333 0.105763 0.325843 0.203654 -9999.0
-9999.0 0.040030 0.040021 0.040044 0.040053 0.040052 0.040028 0.040022 0.040014 0.040022 0.040035 0.040133 0.280584 0.453784 0.520000 0.040465 0.040058 0.040037 0.040060 0.068256 0.077406 0.072004 0.378780 0.083796 0.072522 0.074968 0.099192 0.161164 0.122673 0.262312 0.149037 0.154712 0.204487 0.218518 0.073420 0.074938 0.070459 0.066802 0.074534 0.080785 0.073122 0.073659 0.080672 0.070956 0.072566 0.076308 0.208510 0.069062 0.074908 0.074862 0.228673 0.301538 0.368057 0.411026 0.440352 0.520000 0.398354 0.370679 0.520000 0.475862 0.343262 0.208966 -9999.0
-9999.0 0.100972 0.040103 0.042589 0.237818 0.040506 0.040029 0.040017 0.040021 0.040020 0.040026 0.040079 0.306842 0.520000 0.041414 0.040016 0.040024 0.040030 0.040259 0.131541 0.520000 0.262773 0.127360 0.363858 0.292437 0.137860 0.068527 0.070899 0.088716 0.067418 0.066954 0.067419 0.131965 0.106342 0.124427 0.073286 0.080965 0.073450 0.070387 0.069585 0.069932 0.071372 0.068908 0.066300 0.065716 0.065655 0.073357 0.084892 0.121237 0.181432 0.255094 0.234050 0.344078 0.520000 0.516014 0.049864 0.040841 0.044242 0.049191 0.040753 0.052946 -9999.0 -9999.0
-9999.0 0.085303 0.040105 0.040551 0.408365 0.311655 0.249059 0.040052 0.040036 0.040039 0.040051 0.057051 0.520000 0.361101 0.040061 0.040013 0.040018 0.040050 0.040054 0.040000 0.040846 0.050582 0.190844 0.339087 0.325189 0.219257 0.198523 0.181272 0.070879 0.080459 0.069162 0.068620 0.085346 0.081830 0.073489 0.070957 0.070842 0.072494 0.070310 0.069636 0.069413 0.076468 0.070267 0.066874 0.067134 0.074196 0.077493 0.144691 0.213513 0.081184 0.297943 0.345467 0.056161 0.088183 0.040605 0.040078 0.040075 0.040053 0.040058 -9999.0 -9999.0 -9999.0 -9999.0
