user2019/resources/simulation/Vinschgau/output-maps/thetaliqL0002N1372.asc
ncols         63
nrows         48
xllcorner     598000.000000
yllcorner     5145000.000000
cellsize      1000.000000
NODATA_value  -9999.0
[rows 0 to 28 of 48, columns 0 to 62 of 63]
-9999.0 -9999.0 -9999.0 -9999.0 -9999.0 -9999.0 -9999.0 -9999.0 -9999.0 -9999.0 -9999.0 -9999.0 -9999.0 -9999.0 -9999.0 -9999.0 -9999.0 -9999.0 -9999.0 -9999.0 -9999.0 -9999.0 -9999.0 -9999.0 -9999.0 -9999.0 -9999.0 -9999.0 -9999.0 -9999.0 -9999.0 -9999.0 -9999.0 -9999.0 -9999.0 -9999.0 -9999.0 -9999.0 -9999.0 -9999.0 -9999.0 -9999.0 -9999.0 -9999.0 -9999.0 -9999.0 -9999.0 -9999.0 -9999.0 -9999.0 -9999.0 -9999.0 -9999.0 -9999.0 -9999.0 -9999.0 -9999.0 -9999.0 -9999.0 -9999.0 -9999.0 -9999.0 -9999.0
-9999.0 -9999.0 -9999.0 -9999.0 -9999.0 -9999.0 -9999.0 -9999.0 -9999.0 -9999.0 -9999.0 -9999.0 -9999.0 -9999.0 -9999.0 -9999.0 -9999.0 -9999.0 -9999.0 -9999.0 -9999.0 -9999.0 -9999.0 -9999.0 -9999.0 -9999.0 -9999.0 0.077944 0.237655 0.077827 0.082214 0.215567 0.042039 -9999.0 -9999.0 -9999.0 -9999.0 -9999.0 -9999.0 -9999.0 -9999.0 -9999.0 -9999.0 -9999.0 -9999.0 -9999.0 -9999.0 -9999.0 -9999.0 -9999.0 -9999.0 -9999.0 -9999.0 -9999.0 -9999.0 -9999.0 -9999.0 -9999.0 -9999.0 -9999.0 -9999.0 -9999.0 -9999.0
-9999.0 -9999.0 -9999.0 -9999.0 -9999.0 -9999.0 -9999.0 -9999.0 -9999.0 -9999.0 -9999.0 -9999.0 -9999.0 -9999.0 -9999.0 -9999.0 -9999.0 -9999.0 -9999.0 -9999.0 -9999.0 -9999.0 -9999.0 -9999.0 0.273770 0.316116 0.336453 0.276836 0.351103 0.313733 0.094082 -9999.0 -9999.0 -9999.0 -9999.0 -9999.0 -9999.0 -9999.0 -9999.0 -9999.0 -9999.0 -9999.0 -9999.0 -9999.0 -9999.0 -9999.0 -9999.0 -9999.0 -9999.0 -9999.0 -9999.0 -9999.0 -9999.0 -9999.0 -9999.0 -9999.0 -9999.0 -9999.0 -9999.0 -9999.0 -9999.0 -9999.0 -9999.0
-9999.0 -9999.0 -9999.0 -9999.0 -9999.0 -9999.0 -9999.0 -9999.0 -9999.0 -9999.0 -9999.0 -9999.0 -9999.0 -9999.0 -9999.0 -9999.0 -9999.0 -9999.0 -9999.0 -9999.0 -9999.0 -9999.0 -9999.0 0.324684 0.230960 0.071332 0.071026 0.070313 0.070227 0.213938 0.088434 0.111857 -9999.0 -9999.0 -9999.0 -9999.0 -9999.0 -9999.0 -9999.0 -9999.0 -9999.0 -9999.0 -9999.0 -9999.0 -9999.0 -9999.0 -9999.0 -9999.0 -9999.0 -9999.0 -9999.0 -9999.0 -9999.0 -9999.0 -9999.0 -9999.0 -9999.0 -9999.0 -9999.0 -9999.0 -9999.0 -9999.0 -9999.0
-9999.0 -9999.0 -9999.0 -9999.0 -9999.0 -9999.0 -9999.0 -9999.0 -9999.0 -9999.0 -9999.0 -9999.0 -9999.0 -9999.0 -9999.0 -9999.0 -9999.0 -9999.0 0.089257 0.232608 -9999.0 0.299048 0.227390 0.071643 0.072614 0.071848 0.079280 0.073839 0.077091 0.075170 0.291552 0.078603 0.121330 0.086287 -9999.0 -9999.0 -9999.0 -9999.0 -9999.0 -9999.0 -9999.0 -9999.0 -9999.0 -9999.0 -9999.0 -9999.0 -9999.0 -9999.0 -9999.0 -9999.0 -9999.0 -9999.0 -9999.0 -9999.0 -9999.0 -9999.0 -9999.0 -9999.0 -9999.0 -9999.0 -9999.0 -9999.0 -9999.0
-9999.0 -9999.0 -9999.0 -9999.0 -9999.0 -9999.0 -9999.0 -9999.0 -9999.0 -9999.0 -9999.0 -9999.0 -9999.0 -9999.0 -9999.0 -9999.0 -9999.0 0.073122 0.074074 0.022394 0.024102 0.093418 0.075470 0.073705 0.073793 0.109565 0.060786 0.077505 0.069161 0.083904 0.173292 0.262374 0.056592 0.074827 0.105456 0.093691 -9999.0 -9999.0 -9999.0 -9999.0 -9999.0 -9999.0 -9999.0 -9999.0 -9999.0 -9999.0 -9999.0 -9999.0 -9999.0 -9999.0 -9999.0 -9999.0 -9999.0 -9999.0 -9999.0 -9999.0 -9999.0 -9999.0 -9999.0 -9999.0 -9999.0 -9999.0 -9999.0
-9999.0 -9999.0 -9999.0 -9999.0 -9999.0 -9999.0 -9999.0 -9999.0 -9999.0 -9999.0 -9999.0 -9999.0 -9999.0 0.078131 0.074650 0.075300 0.073682 0.022468 0.073654 0.072825 0.073253 0.073627 0.072758 0.072204 0.120821 0.228967 0.024870 0.069197 0.064425 0.149306 0.040914 0.277600 0.218931 0.097888 0.134247 0.099544 -9999.0 -9999.0 -9999.0 -9999.0 -9999.0 -9999.0 -9999.0 -9999.0 -9999.0 -9999.0 -9999.0 -9999.0 -9999.0 -9999.0 -9999.0 -9999.0 -9999.0 -9999.0 -9999.0 -9999.0 -9999.0 -9999.0 -9999.0 -9999.0 -9999.0 -9999.0 -9999.0
-9999.0 -9999.0 -9999.0 -9999.0 -9999.0 -9999.0 -9999.0 -9999.0 -9999.0 -9999.0 -9999.0 -9999.0 -9999.0 0.074381 0.072282 0.073862 0.074123 0.070660 0.022466 0.072875 0.074098 0.070276 0.075474 0.077769 0.074265 0.074186 0.239460 0.077048 0.124624 0.052496 0.064665 0.089643 0.133050 0.130177 0.132142 -9999.0 -9999.0 -9999.0 -9999.0 -9999.0 -9999.0 -9999.0 -9999.0 -9999.0 -9999.0 -9999.0 -9999.0 -9999.0 -9999.0 -9999.0 -9999.0 -9999.0 -9999.0 -9999.0 -9999.0 -9999.0 -9999.0 -9999.0 -9999.0 -9999.0 -9999.0 -9999.0 -9999.0
-9999.0 -9999.0 -9999.0 -9999.0 -9999.0 -9999.0 -9999.0 -9999.0 -9999.0 -9999.0 -9999.0 -9999.0 -9999.0 0.071945 0.520000 0.071308 0.074311 0.074235 0.022436 0.073667 0.070288 0.022643 0.094733 0.071931 0.073513 0.073742 0.033179 0.116933 0.118321 0.129350 0.094934 0.139766 0.123810 0.020023 0.112335 -9999.0 -9999.0 -9999.0 -9999.0 -9999.0 -9999.0 -9999.0 -9999.0 -9999.0 -9999.0 -9999.0 -9999.0 -9999.0 -9999.0 -9999.0 -9999.0 -9999.0 -9999.0 -9999.0 -9999.0 -9999.0 -9999.0 -9999.0 -9999.0 -9999.0 -9999.0 -9999.0 -9999.0
-9999.0 -9999.0 -9999.0 -9999.0 -9999.0 -9999.0 -9999.0 -9999.0 -9999.0 -9999.0 -9999.0 -9999.0 0.073033 0.520000 0.071913 0.073841 0.076839 0.074863 0.068066 0.022370 0.073648 0.083052 0.074156 0.085688 0.040773 0.210636 0.040075 0.097490 0.172874 0.137728 0.118247 0.129013 0.118693 0.077731 -9999.0 -9999.0 -9999.0 -9999.0 -9999.0 -9999.0 -9999.0 -9999.0 -9999.0 -9999.0 -9999.0 -9999.0 -9999.0 -9999.0 -9999.0 -9999.0 -9999.0 -9999.0 -9999.0 -9999.0 -9999.0 -9999.0 -9999.0 -9999.0 -9999.0 -9999.0 -9999.0 -9999.0 -9999.0
-9999.0 -9999.0 -9999.0 -9999.0 -9999.0 -9999.0 -9999.0 -9999.0 -9999.0 -9999.0 -9999.0 0.095915 0.071947 0.393342 0.071704 0.071705 0.022297 0.074090 0.073323 0.022177 0.075083 0.073704 0.121154 0.284736 0.078669 0.280675 0.115060 0.144511 0.057385 0.128499 0.121119 0.242612 0.134902 0.106422 0.124640 0.116054 0.146690 0.255381 0.158129 -9999.0 -9999.0 -9999.0 0.087606 -9999.0 -9999.0 -9999.0 -9999.0 -9999.0 -9999.0 -9999.0 -9999.0 -9999.0 -9999.0 -9999.0 -9999.0 -9999.0 -9999.0 -9999.0 -9999.0 -9999.0 -9999.0 -9999.0 -9999.0
-9999.0 -9999.0 -9999.0 -9999.0 -9999.0 -9999.0 -9999.0 -9999.0 -9999.0 -9999.0 -9999.0 0.105579 0.071324 0.069711 0.069793 0.071217 0.068844 0.073449 0.071705 0.070231 0.070796 0.070633 0.304392 0.041157 0.043913 0.178308 0.130858 0.295569 0.130862 0.119608 0.126580 0.307004 0.120293 0.130869 0.172578 0.129364 0.235376 0.099079 0.179126 0.097198 0.103064 0.102949 0.086242 0.121237 -9999.0 -9999.0 -9999.0 0.234230 0.113020 0.139914 0.099166 0.128023 0.128226 0.153496 0.122186 0.127384 -9999.0 -9999.0 -9999.0 -9999.0 -9999.0 -9999.0 -9999.0
-9999.0 -9999.0 -9999.0 -9999.0 -9999.0 -9999.0 -9999.0 -9999.0 -9999.0 -9999.0 -9999.0 0.123659 0.096516 0.076416 0.083967 0.068254 0.075791 0.074918 0.068698 0.070278 0.080560 0.138533 0.045901 0.267178 0.187539 0.077171 0.044811 0.040054 0.107661 0.117315 0.118990 0.042421 0.276416 0.128171 0.133970 0.304251 0.046830 0.050598 0.089194 0.091078 0.252779 0.210047 0.292930 0.121923 0.133651 -9999.0 0.091091 0.123852 0.079052 0.217060 0.164489 0.068529 0.226578 0.098655 0.226463 0.136630 -9999.0 -9999.0 -9999.0 -9999.0 -9999.0 -9999.0 -9999.0
-9999.0 -9999.0 -9999.0 -9999.0 -9999.0 -9999.0 -9999.0 -9999.0 -9999.0 -9999.0 -9999.0 -9999.0 0.108879 0.224432 0.079083 0.073955 0.080162 0.075882 0.071387 0.070398 0.076478 0.077871 0.108524 0.050155 0.040307 0.044140 0.491915 0.138470 0.085699 0.124466 0.121548 0.044804 0.127196 0.088592 0.123228 0.184559 0.044923 0.051131 0.096733 0.095081 0.118716 0.026502 0.050020 0.331293 0.127568 0.127105 0.124672 0.137618 0.040329 0.048957 0.056858 0.044700 0.040048 0.041250 0.040210 0.079750 0.134595 -9999.0 -9999.0 -9999.0 -9999.0 -9999.0 -9999.0
-9999.0 -9999.0 -9999.0 -9999.0 -9999.0 -9999.0 -9999.0 -9999.0 -9999.0 -9999.0 -9999.0 0.049795 0.257594 0.073066 0.237635 0.087658 0.076441 0.076771 0.068718 0.074672 0.075883 0.087362 0.407448 0.044161 0.044970 0.050519 0.049387 0.099730 0.108779 0.077436 0.044237 0.040533 0.202458 0.088861 0.173940 0.118483 0.245308 0.049721 0.170386 0.080396 0.049649 0.081716 0.479401 0.025824 0.136886 0.089860 0.165636 0.080928 0.078792 0.066369 0.020100 0.103978 0.040065 0.020044 0.020037 0.020868 0.140256 -9999.0 -9999.0 -9999.0 -9999.0 -9999.0 -9999.0
-9999.0 -9999.0 -9999.0 -9999.0 -9999.0 -9999.0 -9999.0 -9999.0 -9999.0 -9999.0 0.520000 0.059496 0.252333 0.215084 0.102068 0.512427 0.505046 0.102155 0.075148 0.075008 0.072518 0.104143 0.043873 0.190815 0.075537 0.040347 0.041602 0.020062 0.113886 0.192798 0.066490 0.041763 0.242034 0.096289 0.108082 0.110787 0.248824 0.047182 0.055489 0.416397 0.222332 0.192789 0.087891 0.147143 0.063092 0.072733 0.270557 0.051881 0.050394 0.078540 0.020057 0.136654 0.020033 0.020640 0.049438 0.095690 0.087634 -9999.0 -9999.0 -9999.0 -9999.0 -9999.0 -9999.0
-9999.0 -9999.0 -9999.0 -9999.0 -9999.0 -9999.0 -9999.0 -9999.0 -9999.0 0.247220 0.315280 0.062976 0.090124 0.049361 0.070074 0.076845 0.060886 0.079959 0.074813 0.074556 0.071674 0.078234 0.080279 0.078398 0.318183 0.040162 0.040206 0.252937 0.059943 0.158786 0.403515 0.040117 0.115994 0.117070 0.103924 0.112984 0.279309 0.043808 0.045800 0.064594 0.040223 0.047462 0.045402 0.082569 0.079660 0.072037 0.085714 0.047599 0.047976 0.394363 0.041624 0.143971 0.020601 0.101901 0.084950 0.040056 0.040182 0.136851 0.131781 -9999.0 -9999.0 -9999.0 -9999.0
-9999.0 -9999.0 -9999.0 -9999.0 -9999.0 -9999.0 -9999.0 -9999.0 -9999.0 0.195522 0.222219 0.163910 0.520000 0.150957 0.059397 0.049135 0.141717 0.080651 0.074019 0.070274 0.070736 0.069999 0.080138 0.245971 0.040410 0.043114 0.050443 0.074061 0.281685 0.221152 0.111501 0.040074 0.130625 0.128552 0.079473 0.108400 0.089441 0.028690 0.204820 0.178702 0.046767 0.041949 0.053023 0.194911 0.084411 0.082629 0.077767 0.080961 0.142577 0.220626 0.040035 0.040019 0.034400 0.046673 0.107563 0.040030 0.040282 0.041685 0.113716 -9999.0 -9999.0 -9999.0 -9999.0
-9999.0 -9999.0 -9999.0 -9999.0 -9999.0 -9999.0 -9999.0 -9999.0 -9999.0 -9999.0 0.118526 0.207108 0.077119 0.040845 0.138508 0.062120 0.121439 0.075847 0.073079 0.072812 0.070680 0.075403 0.074852 0.050326 0.044772 0.065236 0.384236 0.188368 0.170404 0.040128 0.040083 0.040063 0.040051 0.105496 0.291041 0.210648 0.297009 0.258769 0.096702 0.121548 0.103121 0.318977 0.520000 0.072665 0.113239 0.185066 0.077828 0.079693 0.075073 0.115110 0.040089 0.040176 0.056255 0.020617 0.045073 0.108080 0.118625 0.040428 0.072977 0.075242 -9999.0 -9999.0 -9999.0
-9999.0 -9999.0 -9999.0 -9999.0 -9999.0 -9999.0 -9999.0 -9999.0 -9999.0 -9999.0 0.084670 0.265398 0.319476 0.114353 0.227109 0.093126 0.116912 0.076224 0.072729 0.071631 0.073968 0.075610 0.068755 0.058224 0.064968 0.307386 0.193843 0.157242 0.040228 0.040064 0.113641 0.391849 0.020084 0.124733 0.130292 0.248100 0.040565 0.063973 0.041429 0.100895 0.156226 0.024447 0.049876 0.218622 0.268150 0.048761 0.082415 0.117478 0.076522 0.076240 0.447787 0.041098 0.040037 0.092962 0.020488 0.025680 0.092610 0.047071 0.375280 0.282805 -9999.0 -9999.0 -9999.0
-9999.0 -9999.0 -9999.0 -9999.0 -9999.0 -9999.0 -9999.0 -9999.0 0.254012 0.103175 0.210057 0.328200 0.047060 0.053051 0.061157 0.133783 0.074685 0.069919 0.071112 0.071288 0.072040 0.072407 0.072741 0.073639 0.083119 0.209720 0.239637 0.041127 0.042937 0.040072 0.136638 0.124829 0.117155 0.139110 0.169762 0.215937 0.082928 0.082748 0.040047 0.104630 0.069839 0.299040 0.020105 0.102141 0.025499 0.520000 0.040054 0.051464 0.154116 0.156800 0.331267 0.041559 0.040087 0.040016 0.053810 0.178668 0.137689 0.271991 0.107877 0.077713 -9999.0 -9999.0 -9999.0
-9999.0 -9999.0 -9999.0 -9999.0 -9999.0 -9999.0 -9999.0 -9999.0 0.020019 0.044554 0.040140 0.105849 0.202368 0.040153 0.040767 0.163149 0.077279 0.075975 0.072290 0.070776 0.070387 0.067188 0.066296 0.066326 0.073826 0.079858 0.274866 0.059477 0.020087 0.095749 0.133032 0.093381 0.207493 0.085002 0.287179 0.344686 0.073892 0.405192 0.054817 0.291299 0.117216 0.226776 0.078224 0.246050 0.341126 0.047387 0.020077 0.281555 0.060394 0.191512 0.278353 0.058391 0.040024 0.101922 0.245377 0.020302 0.045932 0.100709 0.078285 0.076637 0.075090 -9999.0 -9999.0
-9999.0 -9999.0 -9999.0 -9999.0 -9999.0 -9999.0 -9999.0 -9999.0 0.123150 0.105800 0.082889 0.040057 0.302030 0.020124 0.047613 0.041469 0.090939 0.074875 0.072657 0.071246 0.070353 0.067644 0.066865 0.070987 0.070082 0.076393 0.251456 0.040256 0.020066 0.132224 0.079215 0.336983 0.041211 0.042817 0.304067 0.073818 0.167959 0.179755 0.071057 0.050942 0.292192 0.054949 0.302968 0.111108 0.043652 0.266843 0.100026 0.129954 0.040530 0.082590 0.121343 0.376866 0.040046 0.040026 0.054493 0.250562 0.377430 0.112383 0.075744 0.076528 0.075839 -9999.0 -9999.0
-9999.0 -9999.0 -9999.0 -9999.0 -9999.0 -9999.0 -9999.0 -9999.0 0.135090 0.294804 0.051024 0.020068 0.180714 0.043113 0.048045 0.299403 0.075126 0.073466 0.071418 0.072603 0.071365 0.070994 0.069175 0.070516 0.076107 0.094511 0.058546 0.040081 0.335915 0.052330 0.047960 0.057908 0.317939 0.462362 0.060718 0.086658 0.072438 0.076410 0.131081 0.081379 0.194889 0.169688 0.179189 0.025652 0.154171 0.062600 0.105860 0.057306 0.174632 0.046003 0.104686 0.093074 0.332624 0.058069 0.425303 0.316494 0.082385 0.080329 0.076694 0.076039 0.076578 0.083966 -9999.0
-9999.0 -9999.0 -9999.0 -9999.0 -9999.0 -9999.0 -9999.0 -9999.0 0.076573 0.183091 0.040000 0.040136 0.045978 0.054408 0.364157 0.091448 0.103202 0.078619 0.081531 0.075818 0.073815 0.072244 0.072587 0.073719 0.071790 0.092927 0.040403 0.064917 0.189775 0.515079 0.049040 0.352992 0.078819 0.202406 0.086119 0.077685 0.076510 0.074954 0.075567 0.085594 0.080942 0.078346 0.096094 0.138354 0.046824 0.132933 0.057787 0.078189 0.055300 0.321127 0.080431 0.084315 0.095290 0.160539 0.243061 0.225374 0.106315 0.080532 0.077556 0.075552 0.077382 0.086876 -9999.0
-9999.0 -9999.0 0.146559 0.264814 0.040001 0.042330 0.040148 0.040241 0.080209 0.103266 0.045087 0.040670 0.058008 0.520000 0.093283 0.492861 0.079815 0.040253 0.050685 0.152034 0.076257 0.073579 0.073707 0.073581 0.075120 0.077966 0.106240 0.104118 0.077177 0.084825 0.077416 0.083015 0.073667 0.076304 0.075137 0.076337 0.074190 0.073569 0.074536 0.077123 0.075060 0.074398 0.075298 0.076692 0.134255 0.079202 0.121575 0.126716 0.076941 0.076644 0.076628 0.079384 0.094471 0.156014 0.199580 0.118146 0.115353 0.082400 0.077818 0.078463 0.077621 0.093797 -9999.0
-9999.0 0.049655 0.048359 0.046114 0.042907 0.045296 0.040313 0.040105 0.040042 0.095594 0.040688 0.040918 0.500419 0.244348 0.478629 0.047848 0.044299 0.040901 0.043643 0.089215 0.076776 0.074798 0.072498 0.075157 0.070556 0.074651 0.071746 0.071452 0.073554 0.075468 0.075622 0.074539 0.073133 0.069865 0.072252 0.072203 0.071458 0.071751 0.072056 0.072879 0.072656 0.072179 0.071848 0.074305 0.075429 0.074896 0.074859 0.073173 0.072873 0.074565 0.077084 0.083872 0.114052 0.199584 0.209966 0.360003 0.323308 0.295224 0.355977 0.253882 0.202523 0.095703 -9999.0
-9999.0 0.211005 0.091733 0.076715 0.269196 0.064962 0.040048 0.040061 0.108059 0.219745 0.040184 0.040259 0.270235 0.342493 0.055524 0.040046 0.040128 0.040421 0.049478 0.136477 0.245543 0.096568 0.080098 0.083047 0.083886 0.074614 0.073445 0.072474 0.071696 0.072041 0.071919 0.072200 0.071596 0.071581 0.068773 0.070691 0.068966 0.068602 0.070203 0.070411 0.070082 0.070175 0.069815 0.071146 0.070953 0.070865 0.071399 0.071718 0.072776 0.074355 0.077306 0.094447 0.250005 0.356268 0.520000 0.062988 0.062353 0.058422 0.063839 0.053960 0.067844 -9999.0 -9999.0
-9999.0 0.088675 0.079139 0.079453 0.308786 0.262138 0.297167 0.040118 0.040849 0.041264 0.045432 0.072782 0.258966 0.433859 0.040141 0.040029 0.040070 0.042008 0.040126 0.040634 0.052670 0.065027 0.092292 0.096833 0.089677 0.075596 0.074076 0.073318 0.071936 0.071930 0.071003 0.070640 0.070885 0.070666 0.070442 0.070165 0.070120 0.068532 0.070075 0.069714 0.069439 0.068010 0.069215 0.069107 0.069380 0.070075 0.070905 0.072249 0.074456 0.075811 0.095236 0.199515 0.071134 0.518721 0.050553 0.040222 0.040205 0.040114 0.040141 -9999.0 -9999.0 -9999.0 -9999.0
