user2019/resources/simulation/Vinschgau/output-maps/thetaliqL0001N1186.asc
ncols         63
nrows         48
xllcorner     598000.000000
yllcorner     5145000.000000
cellsize      1000.000000
NODATA_value  -9999.0
[rows 0 to 28 of 48, columns 0 to 62 of 63]
-9999.0 -9999.0 -9999.0 -9999.0 -9999.0 -9999.0 -9999.0 -9999.0 -9999.0 -9999.0 -9999.0 -9999.0 -9999.0 -9999.0 -9999.0 -9999.0 -9999.0 -9999.0 -9999.0 -9999.0 -9999.0 -9999.0 -9999.0 -9999.0 -9999.0 -9999.0 -9999.0 -9999.0 -9999.0 -9999.0 -9999.0 -9999.0 -9999.0 -9999.0 -9999.0 -9999.0 -9999.0 -9999.0 -9999.0 -9999.0 -9999.0 -9999.0 -9999.0 -9999.0 -9999.0 -9999.0 -9999.0 -9999.0 -9999.0 -9999.0 -9999.0 -9999.0 -9999.0 -9999.0 -9999.0 -9999.0 -9999.0 -9999.0 -9999.0 -9999.0 -9999.0 -9999.0 -9999.0
-9999.0 -9999.0 -9999.0 -9999.0 -9999.0 -9999.0 -9999.0 -9999.0 -9999.0 -9999.0 -9999.0 -9999.0 -9999.0 -9999.0 -9999.0 -9999.0 -9999.0 -9999.0 -9999.0 -9999.0 -9999.0 -9999.0 -9999.0 -9999.0 -9999.0 -9999.0 -9999.0 0.124409 0.500342 0.196857 0.520000 0.520000 0.520000 -9999.0 -9999.0 -9999.0 -9999.0 -9999.0 -9999.0 -9999.0 -9999.0 -9999.0 -9999.0 -9999.0 -9999.0 -9999.0 -9999.0 -9999.0 -9999.0 -9999.0 -9999.0 -9999.0 -9999.0 -9999.0 -9999.0 -9999.0 -9999.0 -9999.0 -9999.0 -9999.0 -9999.0 -9999.0 -9999.0
-9999.0 -9999.0 -9999.0 -9999.0 -9999.0 -9999.0 -9999.0 -9999.0 -9999.0 -9999.0 -9999.0 -9999.0 -9999.0 -9999.0 -9999.0 -9999.0 -9999.0 -9999.0 -9999.0 -9999.0 -9999.0 -9999.0 -9999.0 -9999.0 0.475672 0.467365 0.462203 0.470512 0.514339 0.520000 0.520000 -9999.0 -9999.0 -9999.0 -9999.0 -9999.0 -9999.0 -9999.0 -9999.0 -9999.0 -9999.0 -9999.0 -9999.0 -9999.0 -9999.0 -9999.0 -9999.0 -9999.0 -9999.0 -9999.0 -9999.0 -9999.0 -9999.0 -9999.0 -9999.0 -9999.0 -9999.0 -9999.0 -9999.0 -9999.0 -9999.0 -9999.0 -9999.0
-9999.0 -9999.0 -9999.0 -9999.0 -9999.0 -9999.0 -9999.0 -9999.0 -9999.0 -9999.0 -9999.0 -9999.0 -9999.0 -9999.0 -9999.0 -9999.0 -9999.0 -9999.0 -9999.0 -9999.0 -9999.0 -9999.0 -9999.0 0.453855 0.428304 0.067982 0.067714 0.066746 0.067410 0.455656 0.520000 0.520000 -9999.0 -9999.0 -9999.0 -9999.0 -9999.0 -9999.0 -9999.0 -9999.0 -9999.0 -9999.0 -9999.0 -9999.0 -9999.0 -9999.0 -9999.0 -9999.0 -9999.0 -9999.0 -9999.0 -9999.0 -9999.0 -9999.0 -9999.0 -9999.0 -9999.0 -9999.0 -9999.0 -9999.0 -9999.0 -9999.0 -9999.0
-9999.0 -9999.0 -9999.0 -9999.0 -9999.0 -9999.0 -9999.0 -9999.0 -9999.0 -9999.0 -9999.0 -9999.0 -9999.0 -9999.0 -9999.0 -9999.0 -9999.0 -9999.0 0.172511 0.402639 -9999.0 0.432584 0.410966 0.067934 0.069817 0.068144 0.238768 0.159693 0.271119 0.263645 0.495590 0.520000 0.197296 0.095243 -9999.0 -9999.0 -9999.0 -9999.0 -9999.0 -9999.0 -9999.0 -9999.0 -9999.0 -9999.0 -9999.0 -9999.0 -9999.0 -9999.0 -9999.0 -9999.0 -9999.0 -9999.0 -9999.0 -9999.0 -9999.0 -9999.0 -9999.0 -9999.0 -9999.0 -9999.0 -9999.0 -9999.0 -9999.0
-9999.0 -9999.0 -9999.0 -9999.0 -9999.0 -9999.0 -9999.0 -9999.0 -9999.0 -9999.0 -9999.0 -9999.0 -9999.0 -9999.0 -9999.0 -9999.0 -9999.0 0.067398 0.068593 0.022214 0.022884 0.380459 0.221559 0.073276 0.123726 0.338965 0.136057 0.316606 0.044919 0.311786 0.428763 0.486032 0.195656 0.196405 0.196613 0.195215 -9999.0 -9999.0 -9999.0 -9999.0 -9999.0 -9999.0 -9999.0 -9999.0 -9999.0 -9999.0 -9999.0 -9999.0 -9999.0 -9999.0 -9999.0 -9999.0 -9999.0 -9999.0 -9999.0 -9999.0 -9999.0 -9999.0 -9999.0 -9999.0 -9999.0 -9999.0 -9999.0
-9999.0 -9999.0 -9999.0 -9999.0 -9999.0 -9999.0 -9999.0 -9999.0 -9999.0 -9999.0 -9999.0 -9999.0 -9999.0 0.237427 0.079533 0.070121 0.067846 0.021966 0.067870 0.068903 0.069940 0.072693 0.069256 0.102000 0.178839 0.413250 0.139614 0.149341 0.203790 0.451747 0.080118 0.520000 0.520000 0.520000 0.198522 0.149135 -9999.0 -9999.0 -9999.0 -9999.0 -9999.0 -9999.0 -9999.0 -9999.0 -9999.0 -9999.0 -9999.0 -9999.0 -9999.0 -9999.0 -9999.0 -9999.0 -9999.0 -9999.0 -9999.0 -9999.0 -9999.0 -9999.0 -9999.0 -9999.0 -9999.0 -9999.0 -9999.0
-9999.0 -9999.0 -9999.0 -9999.0 -9999.0 -9999.0 -9999.0 -9999.0 -9999.0 -9999.0 -9999.0 -9999.0 -9999.0 0.233649 0.068611 0.068384 0.068604 0.067061 0.021966 0.068904 0.068432 0.066116 0.071417 0.154021 0.201734 0.375575 0.491672 0.196135 0.197547 0.169436 0.214778 0.520000 0.197552 0.020093 0.197354 -9999.0 -9999.0 -9999.0 -9999.0 -9999.0 -9999.0 -9999.0 -9999.0 -9999.0 -9999.0 -9999.0 -9999.0 -9999.0 -9999.0 -9999.0 -9999.0 -9999.0 -9999.0 -9999.0 -9999.0 -9999.0 -9999.0 -9999.0 -9999.0 -9999.0 -9999.0 -9999.0 -9999.0
-9999.0 -9999.0 -9999.0 -9999.0 -9999.0 -9999.0 -9999.0 -9999.0 -9999.0 -9999.0 -9999.0 -9999.0 -9999.0 0.067671 0.520000 0.066950 0.068480 0.068811 0.021924 0.068085 0.068047 0.022424 0.338920 0.143585 0.080622 0.201127 0.114639 0.197315 0.520000 0.198216 0.520000 0.020107 0.020099 0.020025 0.194817 -9999.0 -9999.0 -9999.0 -9999.0 -9999.0 -9999.0 -9999.0 -9999.0 -9999.0 -9999.0 -9999.0 -9999.0 -9999.0 -9999.0 -9999.0 -9999.0 -9999.0 -9999.0 -9999.0 -9999.0 -9999.0 -9999.0 -9999.0 -9999.0 -9999.0 -9999.0 -9999.0 -9999.0
-9999.0 -9999.0 -9999.0 -9999.0 -9999.0 -9999.0 -9999.0 -9999.0 -9999.0 -9999.0 -9999.0 -9999.0 0.068870 0.520000 0.067663 0.071239 0.072519 0.069770 0.063996 0.022167 0.070506 0.294255 0.476952 0.240893 0.072387 0.493141 0.040064 0.520000 0.520000 0.198000 0.040082 0.196959 0.520000 0.091924 -9999.0 -9999.0 -9999.0 -9999.0 -9999.0 -9999.0 -9999.0 -9999.0 -9999.0 -9999.0 -9999.0 -9999.0 -9999.0 -9999.0 -9999.0 -9999.0 -9999.0 -9999.0 -9999.0 -9999.0 -9999.0 -9999.0 -9999.0 -9999.0 -9999.0 -9999.0 -9999.0 -9999.0 -9999.0
-9999.0 -9999.0 -9999.0 -9999.0 -9999.0 -9999.0 -9999.0 -9999.0 -9999.0 -9999.0 -9999.0 0.309736 0.067854 0.520000 0.067214 0.142044 0.022016 0.068427 0.072014 0.021950 0.069429 0.101617 0.396969 0.472644 0.520000 0.520000 0.520000 0.520000 0.520000 0.195983 0.196572 0.520000 0.198615 0.146613 0.197127 0.198003 0.520000 0.431635 0.498239 -9999.0 -9999.0 -9999.0 0.151182 -9999.0 -9999.0 -9999.0 -9999.0 -9999.0 -9999.0 -9999.0 -9999.0 -9999.0 -9999.0 -9999.0 -9999.0 -9999.0 -9999.0 -9999.0 -9999.0 -9999.0 -9999.0 -9999.0 -9999.0
-9999.0 -9999.0 -9999.0 -9999.0 -9999.0 -9999.0 -9999.0 -9999.0 -9999.0 -9999.0 -9999.0 0.339052 0.067544 0.065675 0.065900 0.110533 0.064108 0.067429 0.066419 0.068063 0.074248 0.235578 0.463935 0.055402 0.098287 0.510969 0.520000 0.520000 0.196557 0.157323 0.520000 0.520000 0.520000 0.520000 0.520000 0.520000 0.499826 0.327036 0.364543 0.160731 0.195700 0.131300 0.520000 0.197226 -9999.0 -9999.0 -9999.0 0.520000 0.520000 0.198420 0.520000 0.197388 0.197306 0.520000 0.520000 0.196814 -9999.0 -9999.0 -9999.0 -9999.0 -9999.0 -9999.0 -9999.0
-9999.0 -9999.0 -9999.0 -9999.0 -9999.0 -9999.0 -9999.0 -9999.0 -9999.0 -9999.0 -9999.0 0.362712 0.305382 0.413092 0.173505 0.073796 0.084436 0.069994 0.063749 0.067603 0.077839 0.413776 0.138403 0.492229 0.502621 0.114073 0.089002 0.040025 0.197412 0.520000 0.197454 0.040013 0.520000 0.520000 0.197959 0.520000 0.040075 0.040965 0.222909 0.154767 0.463172 0.520000 0.520000 0.520000 0.520000 -9999.0 0.108304 0.520000 0.520000 0.520000 0.520000 0.195963 0.520000 0.520000 0.520000 0.520000 -9999.0 -9999.0 -9999.0 -9999.0 -9999.0 -9999.0 -9999.0
-9999.0 -9999.0 -9999.0 -9999.0 -9999.0 -9999.0 -9999.0 -9999.0 -9999.0 -9999.0 -9999.0 -9999.0 0.356226 0.482337 0.227020 0.211953 0.081650 0.071213 0.068383 0.068190 0.072415 0.318272 0.127710 0.146372 0.045587 0.117228 0.520000 0.491258 0.520000 0.197420 0.520000 0.099460 0.516309 0.520000 0.520000 0.520000 0.119650 0.043783 0.289943 0.301668 0.238237 0.124739 0.131623 0.485876 0.197991 0.520000 0.196852 0.520000 0.046551 0.137226 0.197143 0.040021 0.040019 0.040009 0.040176 0.520000 0.520000 -9999.0 -9999.0 -9999.0 -9999.0 -9999.0 -9999.0
-9999.0 -9999.0 -9999.0 -9999.0 -9999.0 -9999.0 -9999.0 -9999.0 -9999.0 -9999.0 -9999.0 0.170254 0.408390 0.149492 0.287033 0.337258 0.172899 0.072582 0.065950 0.069787 0.071405 0.199803 0.456627 0.116497 0.127473 0.042836 0.129720 0.520000 0.520000 0.196383 0.101238 0.040181 0.520000 0.520000 0.520000 0.520000 0.486430 0.171769 0.319206 0.156841 0.178264 0.291808 0.145415 0.189717 0.439773 0.520000 0.520000 0.196902 0.194585 0.219730 0.020332 0.520000 0.040021 0.020052 0.020065 0.020056 0.198293 -9999.0 -9999.0 -9999.0 -9999.0 -9999.0 -9999.0
-9999.0 -9999.0 -9999.0 -9999.0 -9999.0 -9999.0 -9999.0 -9999.0 -9999.0 -9999.0 0.520000 0.178664 0.412313 0.392447 0.312724 0.499451 0.487030 0.200159 0.070317 0.070149 0.076451 0.278666 0.058762 0.395001 0.254013 0.049309 0.051732 0.020111 0.460630 0.435268 0.045440 0.042139 0.492452 0.520000 0.121933 0.197136 0.468545 0.136833 0.040039 0.438284 0.418477 0.196941 0.193899 0.310727 0.209608 0.196170 0.494279 0.095069 0.053988 0.239493 0.020045 0.198049 0.020055 0.020051 0.020053 0.520000 0.520000 -9999.0 -9999.0 -9999.0 -9999.0 -9999.0 -9999.0
-9999.0 -9999.0 -9999.0 -9999.0 -9999.0 -9999.0 -9999.0 -9999.0 -9999.0 0.500926 0.451633 0.225165 0.245499 0.170052 0.197068 0.120121 0.219755 0.250686 0.069937 0.069467 0.071861 0.074212 0.177635 0.211216 0.436892 0.040308 0.045352 0.452727 0.217039 0.319132 0.520000 0.040192 0.197219 0.196573 0.136955 0.197191 0.494451 0.109973 0.133472 0.069183 0.041678 0.059694 0.063000 0.186928 0.244979 0.213959 0.372333 0.155967 0.163086 0.477460 0.050869 0.198117 0.020046 0.197217 0.198521 0.040031 0.040032 0.197776 0.198336 -9999.0 -9999.0 -9999.0 -9999.0
-9999.0 -9999.0 -9999.0 -9999.0 -9999.0 -9999.0 -9999.0 -9999.0 -9999.0 0.511541 0.497770 0.419062 0.520000 0.398104 0.209240 0.173888 0.384372 0.264568 0.068862 0.067395 0.068670 0.065581 0.216200 0.386268 0.041552 0.103911 0.159200 0.271652 0.471776 0.368711 0.431733 0.040106 0.520000 0.520000 0.520000 0.157729 0.125398 0.114331 0.498608 0.480347 0.122569 0.086762 0.195941 0.393893 0.083767 0.224265 0.233502 0.327516 0.371033 0.371040 0.040043 0.040031 0.199878 0.450614 0.199948 0.040018 0.040041 0.040010 0.197118 -9999.0 -9999.0 -9999.0 -9999.0
-9999.0 -9999.0 -9999.0 -9999.0 -9999.0 -9999.0 -9999.0 -9999.0 -9999.0 -9999.0 0.520000 0.479874 0.249587 0.041868 0.444473 0.213296 0.310489 0.168012 0.067659 0.070418 0.069413 0.071213 0.133509 0.040355 0.128433 0.223249 0.520000 0.397282 0.407135 0.040217 0.040123 0.040036 0.040176 0.520000 0.520000 0.520000 0.432209 0.453333 0.126682 0.520000 0.520000 0.476868 0.520000 0.220077 0.166201 0.262157 0.074767 0.204168 0.075778 0.345959 0.040130 0.040033 0.199161 0.200000 0.434014 0.520000 0.520000 0.051891 0.071914 0.220816 -9999.0 -9999.0 -9999.0
-9999.0 -9999.0 -9999.0 -9999.0 -9999.0 -9999.0 -9999.0 -9999.0 -9999.0 -9999.0 0.520000 0.512034 0.448181 0.386644 0.400483 0.251312 0.177481 0.071691 0.067392 0.068035 0.068703 0.071039 0.133139 0.233493 0.223488 0.502228 0.324052 0.262246 0.040520 0.040297 0.520000 0.520000 0.020050 0.520000 0.520000 0.498596 0.059897 0.205433 0.049482 0.520000 0.520000 0.195905 0.142925 0.433892 0.405672 0.070911 0.328416 0.184245 0.073801 0.212726 0.504100 0.050735 0.040085 0.198762 0.199463 0.200000 0.520000 0.146204 0.520000 0.520000 -9999.0 -9999.0 -9999.0
-9999.0 -9999.0 -9999.0 -9999.0 -9999.0 -9999.0 -9999.0 -9999.0 0.520000 0.520000 0.520000 0.520000 0.040052 0.161754 0.108964 0.221453 0.070370 0.065370 0.068066 0.067446 0.066375 0.066859 0.067378 0.069604 0.303499 0.288428 0.319553 0.046946 0.068494 0.040428 0.199455 0.520000 0.520000 0.520000 0.520000 0.494516 0.324785 0.269846 0.040061 0.145954 0.196053 0.470596 0.020407 0.139927 0.046181 0.520000 0.040072 0.183314 0.253663 0.309054 0.412462 0.040056 0.040026 0.040024 0.199847 0.520000 0.198269 0.435885 0.352861 0.078126 -9999.0 -9999.0 -9999.0
-9999.0 -9999.0 -9999.0 -9999.0 -9999.0 -9999.0 -9999.0 -9999.0 0.020053 0.040085 0.042387 0.520000 0.499658 0.040753 0.044502 0.264123 0.072866 0.071345 0.066581 0.066885 0.065470 0.063122 0.061795 0.061351 0.068630 0.076802 0.322186 0.072783 0.020064 0.520000 0.520000 0.197058 0.520000 0.196817 0.520000 0.463336 0.322339 0.520000 0.195230 0.477019 0.520000 0.040603 0.136995 0.451708 0.520000 0.134804 0.020175 0.484052 0.215689 0.342202 0.411670 0.193432 0.040017 0.520000 0.520000 0.020240 0.129991 0.382906 0.307683 0.083397 0.071502 -9999.0 -9999.0
-9999.0 -9999.0 -9999.0 -9999.0 -9999.0 -9999.0 -9999.0 -9999.0 0.520000 0.520000 0.497622 0.040216 0.520000 0.020816 0.158202 0.049078 0.194994 0.071792 0.067025 0.066067 0.066455 0.063282 0.062335 0.067182 0.067333 0.071923 0.320973 0.040628 0.020119 0.520000 0.196716 0.520000 0.055659 0.087397 0.473424 0.372785 0.474248 0.428242 0.067809 0.165567 0.489734 0.121104 0.476888 0.520000 0.069874 0.485498 0.146827 0.508303 0.050181 0.141769 0.255659 0.475700 0.040034 0.040019 0.151294 0.171553 0.520000 0.340419 0.075112 0.091175 0.075342 -9999.0 -9999.0
-9999.0 -9999.0 -9999.0 -9999.0 -9999.0 -9999.0 -9999.0 -9999.0 0.197885 0.488988 0.116667 0.020051 0.506248 0.099402 0.040456 0.345254 0.070011 0.067974 0.069575 0.066929 0.067599 0.067341 0.065098 0.065995 0.071362 0.176167 0.097303 0.040117 0.439956 0.151826 0.155721 0.051022 0.430865 0.200587 0.214062 0.303672 0.126752 0.072041 0.316654 0.251502 0.421714 0.418467 0.434290 0.071675 0.489118 0.119638 0.435640 0.195054 0.498958 0.138048 0.178603 0.202268 0.422123 0.189624 0.520000 0.520000 0.234773 0.079047 0.072033 0.076111 0.080212 0.082967 -9999.0
-9999.0 -9999.0 -9999.0 -9999.0 -9999.0 -9999.0 -9999.0 -9999.0 0.520000 0.520000 0.041056 0.040229 0.062452 0.097172 0.438587 0.227991 0.237084 0.085663 0.117894 0.071157 0.068452 0.068983 0.068973 0.070077 0.068004 0.208792 0.041406 0.220589 0.450159 0.387000 0.072658 0.462577 0.377756 0.398143 0.390285 0.174902 0.073869 0.069911 0.070732 0.317423 0.324973 0.368674 0.417303 0.434291 0.147535 0.408439 0.208755 0.100954 0.200449 0.520000 0.285754 0.082981 0.168288 0.290720 0.435263 0.374272 0.241721 0.136621 0.086286 0.074408 0.073013 0.086955 -9999.0
-9999.0 -9999.0 0.472673 0.486196 0.040013 0.080388 0.040020 0.043245 0.520000 0.520000 0.058032 0.040250 0.097721 0.520000 0.355849 0.520000 0.135611 0.040606 0.180569 0.283907 0.071628 0.068310 0.073115 0.067936 0.071785 0.073679 0.187014 0.278431 0.075778 0.350224 0.136225 0.111786 0.148899 0.072046 0.073854 0.071774 0.070649 0.068162 0.069341 0.072497 0.071685 0.071603 0.070816 0.206442 0.250229 0.346861 0.364655 0.250174 0.177581 0.096339 0.073830 0.080354 0.211023 0.264042 0.308632 0.243759 0.242227 0.166302 0.133269 0.074597 0.147762 0.107776 -9999.0
-9999.0 0.146019 0.136196 0.132711 0.099578 0.146575 0.040241 0.041555 0.040112 0.520000 0.049562 0.045309 0.494315 0.460614 0.520000 0.067033 0.107490 0.052083 0.110013 0.157410 0.072261 0.069804 0.102646 0.070425 0.066063 0.071213 0.068367 0.069055 0.070288 0.085326 0.074181 0.071555 0.070119 0.068158 0.068636 0.068770 0.067983 0.065961 0.068549 0.069702 0.069132 0.068546 0.068420 0.069226 0.070688 0.069943 0.074841 0.067627 0.069368 0.069478 0.079189 0.163063 0.241812 0.307812 0.311059 0.462202 0.353424 0.325983 0.433823 0.341375 0.277217 0.114485 -9999.0
-9999.0 0.426339 0.355913 0.132983 0.437872 0.079690 0.040062 0.040246 0.520000 0.520000 0.045132 0.040606 0.351322 0.438204 0.091084 0.040025 0.042100 0.048424 0.042542 0.232406 0.389483 0.161435 0.075642 0.190855 0.092281 0.068541 0.067806 0.068671 0.070227 0.066314 0.066181 0.066524 0.068778 0.068445 0.065173 0.067633 0.064153 0.063584 0.066214 0.066544 0.066270 0.066534 0.066198 0.065334 0.065071 0.064930 0.067994 0.069118 0.070498 0.073084 0.091394 0.123284 0.291961 0.520000 0.520000 0.105068 0.040933 0.102301 0.068503 0.087238 0.120044 -9999.0 -9999.0
-9999.0 0.355541 0.074129 0.044062 0.397016 0.406778 0.434251 0.040190 0.050133 0.047040 0.118085 0.127899 0.384369 0.520000 0.040237 0.040020 0.040366 0.040070 0.040210 0.044703 0.087089 0.112224 0.130553 0.165478 0.135598 0.076417 0.073241 0.071934 0.068258 0.069211 0.067098 0.066705 0.068212 0.067826 0.067352 0.066789 0.066694 0.063405 0.066568 0.066114 0.065844 0.063072 0.065835 0.065021 0.065362 0.067105 0.068051 0.070249 0.074364 0.071415 0.195676 0.333767 0.124161 0.520000 0.071562 0.040469 0.040413 0.040180 0.040245 -9999.0 -9999.0 -9999.0 -9999.0
