user2019/resources/simulation/Vinschgau/output-maps/thetaiceL0008N0300.asc
ncols         63
nrows         48
xllcorner     598000.000000
yllcorner     5145000.000000
cellsize      1000.000000
NODATA_value  -9999.0
[rows 0 to 28 of 48, columns 0 to 62 of 63]
-9999.0 -9999.0 -9999.0 -9999.0 -9999.0 -9999.0 -9999.0 -9999.0 -9999.0 -9999.0 -9999.0 -9999.0 -9999.0 -9999.0 -9999.0 -9999.0 -9999.0 -9999.0 -9999.0 -9999.0 -9999.0 -9999.0 -9999.0 -9999.0 -9999.0 -9999.0 -9999.0 -9999.0 -9999.0 -9999.0 -9999.0 -9999.0 -9999.0 -9999.0 -9999.0 -9999.0 -9999.0 -9999.0 -9999.0 -9999.0 -9999.0 -9999.0 -9999.0 -9999.0 -9999.0 -9999.0 -9999.0 -9999.0 -9999.0 -9999.0 -9999.0 -9999.0 -9999.0 -9999.0 -9999.0 -9999.0 -9999.0 -9999.0 -9999.0 -9999.0 -9999.0 -9999.0 -9999.0
-9999.0 -9999.0 -9999.0 -9999.0 -9999.0 -9999.0 -9999.0 -9999.0 -9999.0 -9999.0 -9999.0 -9999.0 -9999.0 -9999.0 -9999.0 -9999.0 -9999.0 -9999.0 -9999.0 -9999.0 -9999.0 -9999.0 -9999.0 -9999.0 -9999.0 -9999.0 -9999.0 0.066230 0.066229 0.066218 0.066003 0.065967 0.065967 -9999.0 -9999.0 -9999.0 -9999.0 -9999.0 -9999.0 -9999.0 -9999.0 -9999.0 -9999.0 -9999.0 -9999.0 -9999.0 -9999.0 -9999.0 -9999.0 -9999.0 -9999.0 -9999.0 -9999.0 -9999.0 -9999.0 -9999.0 -9999.0 -9999.0 -9999.0 -9999.0 -9999.0 -9999.0 -9999.0
-9999.0 -9999.0 -9999.0 -9999.0 -9999.0 -9999.0 -9999.0 -9999.0 -9999.0 -9999.0 -9999.0 -9999.0 -9999.0 -9999.0 -9999.0 -9999.0 -9999.0 -9999.0 -9999.0 -9999.0 -9999.0 -9999.0 -9999.0 -9999.0 0.066235 0.066224 0.066215 0.066220 0.066217 0.066221 0.066080 -9999.0 -9999.0 -9999.0 -9999.0 -9999.0 -9999.0 -9999.0 -9999.0 -9999.0 -9999.0 -9999.0 -9999.0 -9999.0 -9999.0 -9999.0 -9999.0 -9999.0 -9999.0 -9999.0 -9999.0 -9999.0 -9999.0 -9999.0 -9999.0 -9999.0 -9999.0 -9999.0 -9999.0 -9999.0 -9999.0 -9999.0 -9999.0
-9999.0 -9999.0 -9999.0 -9999.0 -9999.0 -9999.0 -9999.0 -9999.0 -9999.0 -9999.0 -9999.0 -9999.0 -9999.0 -9999.0 -9999.0 -9999.0 -9999.0 -9999.0 -9999.0 -9999.0 -9999.0 -9999.0 -9999.0 0.066228 0.066221 0.067718 0.066243 0.066206 0.066214 0.066220 0.066228 0.066235 -9999.0 -9999.0 -9999.0 -9999.0 -9999.0 -9999.0 -9999.0 -9999.0 -9999.0 -9999.0 -9999.0 -9999.0 -9999.0 -9999.0 -9999.0 -9999.0 -9999.0 -9999.0 -9999.0 -9999.0 -9999.0 -9999.0 -9999.0 -9999.0 -9999.0 -9999.0 -9999.0 -9999.0 -9999.0 -9999.0 -9999.0
-9999.0 -9999.0 -9999.0 -9999.0 -9999.0 -9999.0 -9999.0 -9999.0 -9999.0 -9999.0 -9999.0 -9999.0 -9999.0 -9999.0 -9999.0 -9999.0 -9999.0 -9999.0 0.072499 0.066229 -9999.0 0.066231 0.066224 0.066206 0.066240 0.065689 0.066060 0.066062 0.072295 0.066224 0.066215 0.066230 0.066213 0.066218 -9999.0 -9999.0 -9999.0 -9999.0 -9999.0 -9999.0 -9999.0 -9999.0 -9999.0 -9999.0 -9999.0 -9999.0 -9999.0 -9999.0 -9999.0 -9999.0 -9999.0 -9999.0 -9999.0 -9999.0 -9999.0 -9999.0 -9999.0 -9999.0 -9999.0 -9999.0 -9999.0 -9999.0 -9999.0
-9999.0 -9999.0 -9999.0 -9999.0 -9999.0 -9999.0 -9999.0 -9999.0 -9999.0 -9999.0 -9999.0 -9999.0 -9999.0 -9999.0 -9999.0 -9999.0 -9999.0 0.212094 0.058571 0.066206 0.066160 0.066046 0.066222 0.066218 0.069220 0.064419 0.065533 0.066235 0.065835 0.066060 0.066229 0.066218 0.066159 0.066202 0.065984 0.065958 -9999.0 -9999.0 -9999.0 -9999.0 -9999.0 -9999.0 -9999.0 -9999.0 -9999.0 -9999.0 -9999.0 -9999.0 -9999.0 -9999.0 -9999.0 -9999.0 -9999.0 -9999.0 -9999.0 -9999.0 -9999.0 -9999.0 -9999.0 -9999.0 -9999.0 -9999.0 -9999.0
-9999.0 -9999.0 -9999.0 -9999.0 -9999.0 -9999.0 -9999.0 -9999.0 -9999.0 -9999.0 -9999.0 -9999.0 -9999.0 0.066227 0.066222 0.062625 0.059357 0.061926 0.220539 0.066203 0.066225 0.066213 0.066154 0.065441 0.064758 0.066225 0.066208 0.066232 0.066230 0.066234 0.066234 0.066232 0.066134 0.065946 0.065953 0.065956 -9999.0 -9999.0 -9999.0 -9999.0 -9999.0 -9999.0 -9999.0 -9999.0 -9999.0 -9999.0 -9999.0 -9999.0 -9999.0 -9999.0 -9999.0 -9999.0 -9999.0 -9999.0 -9999.0 -9999.0 -9999.0 -9999.0 -9999.0 -9999.0 -9999.0 -9999.0 -9999.0
-9999.0 -9999.0 -9999.0 -9999.0 -9999.0 -9999.0 -9999.0 -9999.0 -9999.0 -9999.0 -9999.0 -9999.0 -9999.0 0.066227 0.066242 0.061312 0.061481 0.071574 0.050734 0.066202 0.056588 0.066225 0.064008 0.064376 0.066223 0.066225 0.066226 0.065966 0.065957 0.066213 0.066234 0.065951 0.065952 0.065953 0.065954 -9999.0 -9999.0 -9999.0 -9999.0 -9999.0 -9999.0 -9999.0 -9999.0 -9999.0 -9999.0 -9999.0 -9999.0 -9999.0 -9999.0 -9999.0 -9999.0 -9999.0 -9999.0 -9999.0 -9999.0 -9999.0 -9999.0 -9999.0 -9999.0 -9999.0 -9999.0 -9999.0 -9999.0
-9999.0 -9999.0 -9999.0 -9999.0 -9999.0 -9999.0 -9999.0 -9999.0 -9999.0 -9999.0 -9999.0 -9999.0 -9999.0 0.066221 0.066244 0.019218 0.061682 0.062039 0.060795 0.208365 0.066221 0.066136 0.064662 0.065477 0.066230 0.066227 0.066217 0.065965 0.066229 0.065953 0.065958 0.065956 0.065957 0.065956 0.065952 -9999.0 -9999.0 -9999.0 -9999.0 -9999.0 -9999.0 -9999.0 -9999.0 -9999.0 -9999.0 -9999.0 -9999.0 -9999.0 -9999.0 -9999.0 -9999.0 -9999.0 -9999.0 -9999.0 -9999.0 -9999.0 -9999.0 -9999.0 -9999.0 -9999.0 -9999.0 -9999.0 -9999.0
-9999.0 -9999.0 -9999.0 -9999.0 -9999.0 -9999.0 -9999.0 -9999.0 -9999.0 -9999.0 -9999.0 -9999.0 0.066211 0.066250 0.066159 0.066228 0.064297 0.062116 0.072190 0.066066 0.066214 0.066230 0.066209 0.066233 0.066052 0.065977 0.066232 0.066231 0.066219 0.065960 0.065960 0.066225 0.066219 0.066006 -9999.0 -9999.0 -9999.0 -9999.0 -9999.0 -9999.0 -9999.0 -9999.0 -9999.0 -9999.0 -9999.0 -9999.0 -9999.0 -9999.0 -9999.0 -9999.0 -9999.0 -9999.0 -9999.0 -9999.0 -9999.0 -9999.0 -9999.0 -9999.0 -9999.0 -9999.0 -9999.0 -9999.0 -9999.0
-9999.0 -9999.0 -9999.0 -9999.0 -9999.0 -9999.0 -9999.0 -9999.0 -9999.0 -9999.0 -9999.0 0.066233 0.066232 0.066987 0.066230 0.066230 0.066158 0.062451 0.081299 0.066069 0.060463 0.066063 0.066224 0.066011 0.066223 0.066221 0.065972 0.066228 0.066228 0.065958 0.066216 0.066218 0.066141 0.066011 0.066185 0.066222 0.066189 0.066182 0.065810 -9999.0 -9999.0 -9999.0 0.066014 -9999.0 -9999.0 -9999.0 -9999.0 -9999.0 -9999.0 -9999.0 -9999.0 -9999.0 -9999.0 -9999.0 -9999.0 -9999.0 -9999.0 -9999.0 -9999.0 -9999.0 -9999.0 -9999.0 -9999.0
-9999.0 -9999.0 -9999.0 -9999.0 -9999.0 -9999.0 -9999.0 -9999.0 -9999.0 -9999.0 -9999.0 0.066232 0.066232 0.066215 0.066232 0.066091 0.066220 0.059741 0.083747 0.095102 0.066152 0.066210 0.066230 0.066225 0.066230 0.066015 0.066223 0.066215 0.066209 0.066003 0.066221 0.066217 0.066204 0.066218 0.066225 0.066200 0.065637 0.065503 0.065739 0.066184 0.066194 0.066147 0.066200 0.066005 -9999.0 -9999.0 -9999.0 0.000859 0.066246 0.066233 0.066213 0.066225 0.066222 0.000400 0.000398 0.065995 -9999.0 -9999.0 -9999.0 -9999.0 -9999.0 -9999.0 -9999.0
-9999.0 -9999.0 -9999.0 -9999.0 -9999.0 -9999.0 -9999.0 -9999.0 -9999.0 -9999.0 -9999.0 0.066230 0.066231 0.066197 0.066054 0.066198 0.066225 0.062705 0.065594 0.089470 0.205669 0.066221 0.066216 0.066226 0.066005 0.066199 0.066211 0.066204 0.065999 0.066039 0.065979 0.066200 0.066214 0.066220 0.066117 0.066183 0.066189 0.066153 0.061580 0.065428 0.065732 0.066195 0.066197 0.066218 0.066233 -9999.0 0.066048 0.066251 0.066219 0.066184 0.066191 0.066179 0.041949 0.000042 0.003562 0.000443 -9999.0 -9999.0 -9999.0 -9999.0 -9999.0 -9999.0 -9999.0
-9999.0 -9999.0 -9999.0 -9999.0 -9999.0 -9999.0 -9999.0 -9999.0 -9999.0 -9999.0 -9999.0 -9999.0 0.066232 0.066052 0.066218 0.066233 0.064188 0.063168 0.069383 0.109627 0.061451 0.066209 0.066210 0.066216 0.066217 0.066212 0.066243 0.065991 0.066038 0.066223 0.066223 0.066218 0.066218 0.066223 0.066077 0.066205 0.066147 0.066201 0.064851 0.065870 0.065807 0.065078 0.066202 0.066237 0.066210 0.066235 0.066230 0.066235 0.066228 0.066204 0.066052 0.066212 0.000612 0.013460 0.066220 0.066218 0.048770 -9999.0 -9999.0 -9999.0 -9999.0 -9999.0 -9999.0
-9999.0 -9999.0 -9999.0 -9999.0 -9999.0 -9999.0 -9999.0 -9999.0 -9999.0 -9999.0 -9999.0 0.066038 0.066218 0.066205 0.066217 0.066218 0.066218 0.063812 0.066092 0.183005 0.060900 0.061958 0.066222 0.066193 0.066215 0.066226 0.066053 0.065998 0.066219 0.066208 0.066213 0.066215 0.066229 0.066227 0.065981 0.066213 0.066148 0.066107 0.202976 0.063783 0.066188 0.066075 0.066193 0.066151 0.066217 0.066233 0.066228 0.066214 0.066219 0.066205 0.066063 0.066177 0.066227 0.065999 0.066065 0.065999 0.066208 -9999.0 -9999.0 -9999.0 -9999.0 -9999.0 -9999.0
-9999.0 -9999.0 -9999.0 -9999.0 -9999.0 -9999.0 -9999.0 -9999.0 -9999.0 -9999.0 0.066024 0.066212 0.066211 0.066225 0.066177 0.066225 0.066229 0.064804 0.062037 0.137520 0.079677 0.056238 0.063605 0.066230 0.066224 0.066044 0.066199 0.066075 0.066196 0.066216 0.066223 0.066229 0.066225 0.066048 0.065958 0.066189 0.066178 0.066181 0.063194 0.065836 0.065665 0.066180 0.065991 0.278703 0.066220 0.066205 0.066228 0.066204 0.066217 0.066217 0.066075 0.066008 0.066053 0.066002 0.066018 0.018326 0.017442 -9999.0 -9999.0 -9999.0 -9999.0 -9999.0 -9999.0
-9999.0 -9999.0 -9999.0 -9999.0 -9999.0 -9999.0 -9999.0 -9999.0 -9999.0 0.066199 0.066024 0.066029 0.066225 0.066207 0.057781 0.066227 0.066226 0.066215 0.060387 0.152915 0.104825 0.061508 0.061841 0.065840 0.066049 0.065975 0.066193 0.066216 0.066206 0.066210 0.066153 0.065825 0.065963 0.065962 0.066044 0.065995 0.066229 0.066217 0.066202 0.066230 0.063550 0.066063 0.065923 0.060987 0.059218 0.066177 0.065926 0.066206 0.066201 0.067381 0.066191 0.066223 0.066003 0.066058 0.066155 0.066206 0.004492 0.058396 0.066156 -9999.0 -9999.0 -9999.0 -9999.0
-9999.0 -9999.0 -9999.0 -9999.0 -9999.0 -9999.0 -9999.0 -9999.0 -9999.0 0.066206 0.066216 0.066221 0.066123 0.066222 0.066209 0.066206 0.027834 0.066206 0.059089 0.106600 0.108018 0.040944 0.066109 0.066218 0.065990 0.066217 0.066223 0.066208 0.065798 0.066056 0.066223 0.065261 0.066010 0.066231 0.066224 0.066182 0.066205 0.066200 0.065997 0.066229 0.066062 0.066185 0.066222 0.066215 0.243052 0.066508 0.065065 0.066165 0.066174 0.066213 0.065665 0.066190 0.066033 0.066032 0.066022 0.035481 0.053459 0.027021 0.061301 -9999.0 -9999.0 -9999.0 -9999.0
-9999.0 -9999.0 -9999.0 -9999.0 -9999.0 -9999.0 -9999.0 -9999.0 -9999.0 -9999.0 0.066223 0.066221 0.066230 0.270122 0.066211 0.066210 0.066213 0.066169 0.056660 0.073884 0.089360 0.062111 0.064837 0.065159 0.066219 0.066206 0.066184 0.065438 0.066222 0.066111 0.066067 0.066050 0.066087 0.066001 0.066214 0.066226 0.066229 0.066227 0.066222 0.065989 0.065974 0.066227 0.066228 0.066228 0.065655 0.064939 0.062447 0.070359 0.064204 0.066134 0.065146 0.066155 0.066224 0.066034 0.066225 0.066100 0.066215 0.066188 0.066146 0.066166 -9999.0 -9999.0 -9999.0
-9999.0 -9999.0 -9999.0 -9999.0 -9999.0 -9999.0 -9999.0 -9999.0 -9999.0 -9999.0 0.066224 0.066223 0.066229 0.066220 0.061836 0.061559 0.062225 0.061509 0.053025 0.052469 0.057879 0.060933 0.062038 0.066219 0.066221 0.066125 0.065961 0.064786 0.065860 0.066103 0.066006 0.066234 0.066084 0.066004 0.066006 0.066213 0.066217 0.066215 0.066202 0.066025 0.066234 0.066230 0.066233 0.066035 0.066042 0.065791 0.066229 0.065550 0.059792 0.065121 0.066115 0.066144 0.065818 0.066222 0.065999 0.066218 0.066191 0.061748 0.058382 0.074876 -9999.0 -9999.0 -9999.0
-9999.0 -9999.0 -9999.0 -9999.0 -9999.0 -9999.0 -9999.0 -9999.0 0.066189 0.066188 0.066188 0.066229 0.066224 0.066224 0.064771 0.179719 0.057940 0.023762 0.008893 0.006754 0.052412 0.053585 0.059323 0.060694 0.066166 0.057592 0.070019 0.065965 0.066230 0.066165 0.065977 0.066010 0.066067 0.066111 0.066233 0.065991 0.066231 0.066212 0.065777 0.066228 0.066052 0.066224 0.066032 0.065980 0.066223 0.066222 0.066035 0.066220 0.064484 0.201290 0.066162 0.064301 0.065308 0.066174 0.066207 0.023698 0.065531 0.016597 0.065983 0.051293 -9999.0 -9999.0 -9999.0
-9999.0 -9999.0 -9999.0 -9999.0 -9999.0 -9999.0 -9999.0 -9999.0 0.066176 0.066198 0.066184 0.066077 0.066206 0.066232 0.064921 0.064156 0.062402 0.062793 0.018093 0.001478 0.000000 0.033720 0.063576 0.038118 0.053940 0.055082 0.065417 0.066216 0.066076 0.066231 0.066233 0.066210 0.066230 0.066231 0.066230 0.066224 0.066209 0.066217 0.066201 0.066228 0.066118 0.065989 0.066010 0.066226 0.066206 0.066228 0.066047 0.066049 0.066223 0.061768 0.065123 0.066213 0.065526 0.011082 0.066207 0.066191 0.066197 0.066109 0.064226 0.000000 0.000000 -9999.0 -9999.0
-9999.0 -9999.0 -9999.0 -9999.0 -9999.0 -9999.0 -9999.0 -9999.0 0.066210 0.066220 0.066192 0.066198 0.066218 0.066135 0.066204 0.063256 0.060739 0.065257 0.036843 0.031601 0.000000 0.039519 0.031756 0.063229 0.024311 0.061177 0.063823 0.065505 0.066086 0.066206 0.066214 0.066210 0.066206 0.066189 0.066219 0.066213 0.066225 0.063093 0.065665 0.066224 0.066233 0.066231 0.066222 0.066232 0.066232 0.066231 0.066226 0.065941 0.066228 0.064585 0.092890 0.065844 0.064860 0.065538 0.066078 0.065795 0.065093 0.063952 0.051364 0.012185 0.000000 -9999.0 -9999.0
-9999.0 -9999.0 -9999.0 -9999.0 -9999.0 -9999.0 -9999.0 -9999.0 0.065981 0.066223 0.039213 0.066152 0.052544 0.042525 0.063022 0.060641 0.055178 0.033659 0.179598 0.019557 0.017349 0.000000 0.000000 0.003751 0.062565 0.063451 0.064992 0.064621 0.066229 0.066223 0.066189 0.066194 0.066199 0.066215 0.066210 0.066206 0.066194 0.063046 0.065194 0.066184 0.066225 0.066201 0.066183 0.066193 0.066198 0.066220 0.066102 0.066160 0.066131 0.066207 0.064653 0.052211 0.065376 0.073303 0.064977 0.064379 0.063818 0.087602 0.000000 0.000000 0.049959 0.001534 -9999.0
-9999.0 -9999.0 -9999.0 -9999.0 -9999.0 -9999.0 -9999.0 -9999.0 0.066229 0.066223 0.007203 0.064001 0.062856 0.062019 0.064374 0.068005 0.217026 0.063294 0.064496 0.062766 0.055900 0.000760 0.000770 0.054839 0.064689 0.062087 0.063724 0.066226 0.066195 0.066198 0.064290 0.066235 0.066125 0.066226 0.066203 0.066201 0.066217 0.062007 0.062580 0.066208 0.066198 0.066182 0.066214 0.066205 0.066186 0.066181 0.066207 0.066189 0.066214 0.066074 0.065185 0.054966 0.053278 0.063992 0.063968 0.104683 0.000966 0.000614 0.047756 0.063938 0.059110 0.000176 -9999.0
-9999.0 -9999.0 0.066209 0.066219 0.066228 0.066203 0.066187 0.066193 0.066218 0.066224 0.066215 0.200963 0.062389 0.065666 0.033280 0.134499 0.064379 0.065953 0.066227 0.064159 0.062219 0.050491 0.000983 0.151648 0.127027 0.059843 0.061141 0.061423 0.059047 0.065156 0.062722 0.063066 0.073327 0.061109 0.066076 0.062824 0.065551 0.059926 0.062695 0.064567 0.066161 0.066108 0.060306 0.066174 0.063195 0.066205 0.066129 0.066067 0.065435 0.064135 0.063544 0.077614 0.001073 0.002797 0.011819 0.070898 0.128823 0.073016 0.065313 0.061240 0.000084 0.000047 -9999.0
-9999.0 0.066205 0.066209 0.066195 0.066195 0.066187 0.066221 0.066227 0.066228 0.066229 0.066221 0.056168 0.061449 0.000541 0.001177 0.064912 0.066226 0.066226 0.065979 0.062839 0.060014 0.054746 0.126553 0.003422 0.066494 0.064502 0.064809 0.064839 0.064063 0.068330 0.065543 0.065938 0.065784 0.069200 0.064735 0.068039 0.063253 0.044214 0.070656 0.068355 0.064521 0.064226 0.065131 0.059037 0.059124 0.057536 0.154834 0.049378 0.061119 0.103014 0.000949 0.002271 0.127267 0.179076 0.194039 0.073976 0.062104 0.027133 0.000427 0.000204 0.000035 0.000021 -9999.0
-9999.0 0.066225 0.066228 0.066237 0.026375 0.066231 0.064663 0.066181 0.066210 0.066193 0.066175 0.064067 0.061740 0.000686 0.064354 0.065844 0.066222 0.066216 0.066224 0.062041 0.018723 0.062634 0.180814 0.156467 0.088952 0.000000 0.001991 0.000757 0.000796 0.020811 0.015723 0.045155 0.065492 0.130483 0.075042 0.055031 0.000000 0.000000 0.007462 0.017446 0.037237 0.039555 0.062824 0.041431 0.035135 0.000000 0.000000 0.000000 0.000450 0.000611 0.070857 0.066505 0.072045 0.068828 0.063212 0.001194 0.064740 0.025068 0.059567 0.000525 0.000366 -9999.0 -9999.0
-9999.0 0.066226 0.066226 0.063880 0.060418 0.017748 0.028573 0.064020 0.066194 0.066181 0.066204 0.062084 0.064931 0.010383 0.056457 0.065976 0.066228 0.066226 0.065583 0.063835 0.064579 0.063891 0.063143 0.080766 0.155659 0.016353 0.002751 0.001954 0.001307 0.001125 0.001237 0.000720 0.000732 0.106583 0.002372 0.002769 0.009990 0.011036 0.001382 0.000000 0.000000 0.000000 0.000000 0.000000 0.000000 0.000000 0.004364 0.083784 0.119858 0.059064 0.062818 0.066007 0.054806 0.013604 0.065438 0.021450 0.006151 0.001082 0.000828 -9999.0 -9999.0 -9999.0 -9999.0
