user2019/resources/simulation/Vinschgau/output-maps/thetaliqL0003N0364.asc
ncols         63
nrows         48
xllcorner     598000.000000
yllcorner     5145000.000000
cellsize      1000.000000
NODATA_value  -9999.0
[rows 0 to 28 of 48, columns 0 to 62 of 63]
-9999.0 -9999.0 -9999.0 -9999.0 -9999.0 -9999.0 -9999.0 -9999.0 -9999.0 -9999.0 -9999.0 -9999.0 -9999.0 -9999.0 -9999.0 -9999.0 -9999.0 -9999.0 -9999.0 -9999.0 -9999.0 -9999.0 -9999.0 -9999.0 -9999.0 -9999.0 -9999.0 -9999.0 -9999.0 -9999.0 -9999.0 -9999.0 -9999.0 -9999.0 -9999.0 -9999.0 -9999.0 -9999.0 -9999.0 -9999.0 -9999.0 -9999.0 -9999.0 -9999.0 -9999.0 -9999.0 -9999.0 -9999.0 -9999.0 -9999.0 -9999.0 -9999.0 -9999.0 -9999.0 -9999.0 -9999.0 -9999.0 -9999.0 -9999.0 -9999.0 -9999.0 -9999.0 -9999.0
-9999.0 -9999.0 -9999.0 -9999.0 -9999.0 -9999.0 -9999.0 -9999.0 -9999.0 -9999.0 -9999.0 -9999.0 -9999.0 -9999.0 -9999.0 -9999.0 -9999.0 -9999.0 -9999.0 -9999.0 -9999.0 -9999.0 -9999.0 -9999.0 -9999.0 -9999.0 -9999.0 0.020086 0.040090 0.020105 0.040111 0.040069 0.040100 -9999.0 -9999.0 -9999.0 -9999.0 -9999.0 -9999.0 -9999.0 -9999.0 -9999.0 -9999.0 -9999.0 -9999.0 -9999.0 -9999.0 -9999.0 -9999.0 -9999.0 -9999.0 -9999.0 -9999.0 -9999.0 -9999.0 -9999.0 -9999.0 -9999.0 -9999.0 -9999.0 -9999.0 -9999.0 -9999.0
-9999.0 -9999.0 -9999.0 -9999.0 -9999.0 -9999.0 -9999.0 -9999.0 -9999.0 -9999.0 -9999.0 -9999.0 -9999.0 -9999.0 -9999.0 -9999.0 -9999.0 -9999.0 -9999.0 -9999.0 -9999.0 -9999.0 -9999.0 -9999.0 0.040055 0.519851 0.459016 0.508118 0.520000 0.325574 0.040061 -9999.0 -9999.0 -9999.0 -9999.0 -9999.0 -9999.0 -9999.0 -9999.0 -9999.0 -9999.0 -9999.0 -9999.0 -9999.0 -9999.0 -9999.0 -9999.0 -9999.0 -9999.0 -9999.0 -9999.0 -9999.0 -9999.0 -9999.0 -9999.0 -9999.0 -9999.0 -9999.0 -9999.0 -9999.0 -9999.0 -9999.0 -9999.0
-9999.0 -9999.0 -9999.0 -9999.0 -9999.0 -9999.0 -9999.0 -9999.0 -9999.0 -9999.0 -9999.0 -9999.0 -9999.0 -9999.0 -9999.0 -9999.0 -9999.0 -9999.0 -9999.0 -9999.0 -9999.0 -9999.0 -9999.0 0.040179 0.520000 0.059018 0.139300 0.124831 0.066428 0.229828 0.040045 0.040026 -9999.0 -9999.0 -9999.0 -9999.0 -9999.0 -9999.0 -9999.0 -9999.0 -9999.0 -9999.0 -9999.0 -9999.0 -9999.0 -9999.0 -9999.0 -9999.0 -9999.0 -9999.0 -9999.0 -9999.0 -9999.0 -9999.0 -9999.0 -9999.0 -9999.0 -9999.0 -9999.0 -9999.0 -9999.0 -9999.0 -9999.0
-9999.0 -9999.0 -9999.0 -9999.0 -9999.0 -9999.0 -9999.0 -9999.0 -9999.0 -9999.0 -9999.0 -9999.0 -9999.0 -9999.0 -9999.0 -9999.0 -9999.0 -9999.0 0.493337 0.363530 -9999.0 0.040071 0.516325 0.085841 0.186656 0.520000 0.519882 0.520000 0.520000 0.056175 0.303912 0.040034 0.020070 0.020031 -9999.0 -9999.0 -9999.0 -9999.0 -9999.0 -9999.0 -9999.0 -9999.0 -9999.0 -9999.0 -9999.0 -9999.0 -9999.0 -9999.0 -9999.0 -9999.0 -9999.0 -9999.0 -9999.0 -9999.0 -9999.0 -9999.0 -9999.0 -9999.0 -9999.0 -9999.0 -9999.0 -9999.0 -9999.0
-9999.0 -9999.0 -9999.0 -9999.0 -9999.0 -9999.0 -9999.0 -9999.0 -9999.0 -9999.0 -9999.0 -9999.0 -9999.0 -9999.0 -9999.0 -9999.0 -9999.0 0.452357 0.165966 0.021541 0.047213 0.040947 0.049351 0.060901 0.520000 0.040426 0.040049 0.040124 0.040114 0.069109 0.520000 0.347309 0.053079 0.041633 0.020041 0.020057 -9999.0 -9999.0 -9999.0 -9999.0 -9999.0 -9999.0 -9999.0 -9999.0 -9999.0 -9999.0 -9999.0 -9999.0 -9999.0 -9999.0 -9999.0 -9999.0 -9999.0 -9999.0 -9999.0 -9999.0 -9999.0 -9999.0 -9999.0 -9999.0 -9999.0 -9999.0 -9999.0
-9999.0 -9999.0 -9999.0 -9999.0 -9999.0 -9999.0 -9999.0 -9999.0 -9999.0 -9999.0 -9999.0 -9999.0 -9999.0 0.040115 0.048802 0.043985 0.048736 0.163922 0.503217 0.473289 0.520000 0.300915 0.520000 0.520000 0.040168 0.040047 0.020163 0.040139 0.040103 0.040118 0.040089 0.040028 0.040025 0.040020 0.020050 0.020034 -9999.0 -9999.0 -9999.0 -9999.0 -9999.0 -9999.0 -9999.0 -9999.0 -9999.0 -9999.0 -9999.0 -9999.0 -9999.0 -9999.0 -9999.0 -9999.0 -9999.0 -9999.0 -9999.0 -9999.0 -9999.0 -9999.0 -9999.0 -9999.0 -9999.0 -9999.0 -9999.0
-9999.0 -9999.0 -9999.0 -9999.0 -9999.0 -9999.0 -9999.0 -9999.0 -9999.0 -9999.0 -9999.0 -9999.0 -9999.0 0.040214 0.078486 0.044096 0.044023 0.520000 0.157296 0.274581 0.420411 0.520000 0.108147 0.042293 0.048033 0.040292 0.040033 0.020293 0.020114 0.040055 0.040043 0.040026 0.020054 0.020026 0.020035 -9999.0 -9999.0 -9999.0 -9999.0 -9999.0 -9999.0 -9999.0 -9999.0 -9999.0 -9999.0 -9999.0 -9999.0 -9999.0 -9999.0 -9999.0 -9999.0 -9999.0 -9999.0 -9999.0 -9999.0 -9999.0 -9999.0 -9999.0 -9999.0 -9999.0 -9999.0 -9999.0 -9999.0
-9999.0 -9999.0 -9999.0 -9999.0 -9999.0 -9999.0 -9999.0 -9999.0 -9999.0 -9999.0 -9999.0 -9999.0 -9999.0 0.450774 0.520000 0.045333 0.040494 0.044048 0.157816 0.376732 0.520000 0.020051 0.040315 0.040085 0.040084 0.040080 0.020117 0.020186 0.040040 0.020055 0.040034 0.020023 0.020028 0.020017 0.020025 -9999.0 -9999.0 -9999.0 -9999.0 -9999.0 -9999.0 -9999.0 -9999.0 -9999.0 -9999.0 -9999.0 -9999.0 -9999.0 -9999.0 -9999.0 -9999.0 -9999.0 -9999.0 -9999.0 -9999.0 -9999.0 -9999.0 -9999.0 -9999.0 -9999.0 -9999.0 -9999.0 -9999.0
-9999.0 -9999.0 -9999.0 -9999.0 -9999.0 -9999.0 -9999.0 -9999.0 -9999.0 -9999.0 -9999.0 -9999.0 0.040728 0.520000 0.040921 0.040048 0.040083 0.044102 0.520000 0.022324 0.355810 0.040043 0.040077 0.040144 0.041110 0.040300 0.040089 0.040023 0.210808 0.020117 0.040020 0.020059 0.040015 0.020035 -9999.0 -9999.0 -9999.0 -9999.0 -9999.0 -9999.0 -9999.0 -9999.0 -9999.0 -9999.0 -9999.0 -9999.0 -9999.0 -9999.0 -9999.0 -9999.0 -9999.0 -9999.0 -9999.0 -9999.0 -9999.0 -9999.0 -9999.0 -9999.0 -9999.0 -9999.0 -9999.0 -9999.0 -9999.0
-9999.0 -9999.0 -9999.0 -9999.0 -9999.0 -9999.0 -9999.0 -9999.0 -9999.0 -9999.0 -9999.0 0.040130 0.040157 0.047551 0.040024 0.040035 0.020117 0.046433 0.520000 0.125264 0.043041 0.111835 0.040061 0.040138 0.040130 0.040030 0.040050 0.040062 0.040044 0.020062 0.020071 0.520000 0.020042 0.020029 0.020055 0.036574 0.327224 0.310162 0.122168 -9999.0 -9999.0 -9999.0 0.020032 -9999.0 -9999.0 -9999.0 -9999.0 -9999.0 -9999.0 -9999.0 -9999.0 -9999.0 -9999.0 -9999.0 -9999.0 -9999.0 -9999.0 -9999.0 -9999.0 -9999.0 -9999.0 -9999.0 -9999.0
-9999.0 -9999.0 -9999.0 -9999.0 -9999.0 -9999.0 -9999.0 -9999.0 -9999.0 -9999.0 -9999.0 0.040024 0.040121 0.040836 0.040040 0.040029 0.040985 0.044138 0.520000 0.520000 0.520000 0.520000 0.040057 0.040112 0.040043 0.040056 0.040070 0.520000 0.020064 0.020101 0.519462 0.060022 0.323515 0.040012 0.040021 0.520000 0.520000 0.070500 0.089593 0.047482 0.061103 0.020056 0.520000 0.020035 -9999.0 -9999.0 -9999.0 0.172477 0.066568 0.020534 0.056637 0.029344 0.029284 0.130228 0.139326 0.029255 -9999.0 -9999.0 -9999.0 -9999.0 -9999.0 -9999.0 -9999.0
-9999.0 -9999.0 -9999.0 -9999.0 -9999.0 -9999.0 -9999.0 -9999.0 -9999.0 -9999.0 -9999.0 0.040045 0.040040 0.040099 0.040040 0.040073 0.040416 0.043742 0.520000 0.520000 0.047322 0.052598 0.047512 0.040118 0.043873 0.020137 0.049689 0.040045 0.020076 0.040049 0.020086 0.040574 0.225393 0.040010 0.020074 0.520000 0.042742 0.061830 0.048772 0.021239 0.322393 0.520000 0.520000 0.276981 0.040012 -9999.0 0.020243 0.040172 0.040087 0.520000 0.520000 0.114802 0.498326 0.040153 0.041066 0.117097 -9999.0 -9999.0 -9999.0 -9999.0 -9999.0 -9999.0 -9999.0
-9999.0 -9999.0 -9999.0 -9999.0 -9999.0 -9999.0 -9999.0 -9999.0 -9999.0 -9999.0 -9999.0 -9999.0 0.040219 0.040056 0.040075 0.040071 0.040082 0.044342 0.520000 0.520000 0.047707 0.069314 0.061199 0.047742 0.040050 0.049632 0.520000 0.040058 0.040042 0.020083 0.040113 0.040441 0.233967 0.040042 0.040010 0.520000 0.046154 0.125712 0.051352 0.056789 0.184322 0.095716 0.049335 0.419246 0.042509 0.040028 0.020072 0.040444 0.040117 0.050169 0.519806 0.074417 0.057981 0.108429 0.064571 0.057732 0.127966 -9999.0 -9999.0 -9999.0 -9999.0 -9999.0 -9999.0
-9999.0 -9999.0 -9999.0 -9999.0 -9999.0 -9999.0 -9999.0 -9999.0 -9999.0 -9999.0 -9999.0 0.040089 0.040100 0.040128 0.040560 0.040693 0.049696 0.043387 0.520000 0.520000 0.048381 0.047688 0.048367 0.061890 0.049801 0.060727 0.040462 0.043051 0.040062 0.022348 0.049702 0.049399 0.433908 0.040017 0.040007 0.338159 0.353467 0.051393 0.069334 0.057217 0.189614 0.163743 0.083104 0.020154 0.520000 0.040017 0.040154 0.083844 0.090091 0.519106 0.024741 0.048659 0.052791 0.022333 0.022895 0.020412 0.030498 -9999.0 -9999.0 -9999.0 -9999.0 -9999.0 -9999.0
-9999.0 -9999.0 -9999.0 -9999.0 -9999.0 -9999.0 -9999.0 -9999.0 -9999.0 -9999.0 0.040163 0.040422 0.040131 0.040101 0.437877 0.050698 0.040398 0.041039 0.196132 0.505535 0.520000 0.520000 0.049271 0.520000 0.104571 0.046803 0.040029 0.020075 0.520000 0.520000 0.060460 0.040517 0.040039 0.040013 0.020026 0.020078 0.520000 0.042679 0.040395 0.499018 0.520000 0.128181 0.161058 0.048220 0.047525 0.049981 0.040165 0.050961 0.060695 0.515937 0.020075 0.022922 0.022354 0.021954 0.022771 0.118540 0.117799 -9999.0 -9999.0 -9999.0 -9999.0 -9999.0 -9999.0
-9999.0 -9999.0 -9999.0 -9999.0 -9999.0 -9999.0 -9999.0 -9999.0 -9999.0 0.046948 0.040837 0.040170 0.048187 0.040345 0.049485 0.040109 0.040381 0.520000 0.450876 0.309893 0.520000 0.101299 0.081731 0.504792 0.453219 0.040091 0.056722 0.520000 0.060900 0.119113 0.519184 0.040072 0.020074 0.020048 0.020053 0.020062 0.040088 0.042175 0.040166 0.048909 0.042715 0.040167 0.049524 0.221438 0.047911 0.057427 0.520000 0.098780 0.222299 0.508722 0.047099 0.028379 0.020863 0.025026 0.028566 0.094322 0.041655 0.020989 0.033574 -9999.0 -9999.0 -9999.0 -9999.0
-9999.0 -9999.0 -9999.0 -9999.0 -9999.0 -9999.0 -9999.0 -9999.0 -9999.0 0.040285 0.048904 0.040413 0.520000 0.063072 0.199388 0.040525 0.520000 0.520000 0.505392 0.136292 0.221614 0.284534 0.479395 0.520000 0.040125 0.093418 0.499701 0.520000 0.520000 0.513003 0.514002 0.040060 0.040024 0.040016 0.516959 0.049388 0.045148 0.043054 0.040046 0.104653 0.040053 0.040066 0.081356 0.059977 0.436210 0.520000 0.520000 0.382206 0.487699 0.517562 0.040216 0.040062 0.025628 0.060398 0.024208 0.213384 0.107066 0.069442 0.164597 -9999.0 -9999.0 -9999.0 -9999.0
-9999.0 -9999.0 -9999.0 -9999.0 -9999.0 -9999.0 -9999.0 -9999.0 -9999.0 -9999.0 0.048935 0.040270 0.040739 0.049004 0.520000 0.428774 0.480836 0.520000 0.486358 0.256648 0.390385 0.520000 0.057715 0.048507 0.101965 0.482632 0.436831 0.520000 0.516470 0.040049 0.040216 0.040314 0.040217 0.040142 0.520000 0.520000 0.450219 0.312951 0.020088 0.040030 0.040017 0.419240 0.520000 0.040169 0.040507 0.043986 0.048779 0.520000 0.520000 0.514095 0.040457 0.055063 0.029969 0.026860 0.053358 0.063504 0.126400 0.520000 0.520000 0.285348 -9999.0 -9999.0 -9999.0
-9999.0 -9999.0 -9999.0 -9999.0 -9999.0 -9999.0 -9999.0 -9999.0 -9999.0 -9999.0 0.042474 0.040768 0.040961 0.050588 0.520000 0.112859 0.066911 0.309056 0.241391 0.131468 0.134139 0.179009 0.059887 0.113569 0.339132 0.426341 0.520000 0.048283 0.040192 0.041519 0.044274 0.040180 0.020113 0.043477 0.040308 0.040164 0.059877 0.047735 0.040293 0.040188 0.040084 0.020161 0.040043 0.042404 0.040767 0.040186 0.040260 0.048420 0.193737 0.520000 0.520000 0.056516 0.040346 0.030716 0.027509 0.030761 0.055552 0.046229 0.520000 0.520000 -9999.0 -9999.0 -9999.0
-9999.0 -9999.0 -9999.0 -9999.0 -9999.0 -9999.0 -9999.0 -9999.0 0.520000 0.448866 0.040191 0.040809 0.040235 0.040248 0.043631 0.520000 0.351771 0.270438 0.071754 0.091182 0.075335 0.189850 0.240564 0.127845 0.284643 0.520000 0.520000 0.040539 0.040268 0.040032 0.020154 0.041083 0.040099 0.047220 0.040162 0.040051 0.040125 0.054197 0.040053 0.020047 0.020316 0.040491 0.022751 0.020247 0.020170 0.040278 0.055044 0.040401 0.049235 0.520000 0.520000 0.048797 0.041215 0.079113 0.020506 0.520000 0.176058 0.520000 0.520000 0.520000 -9999.0 -9999.0 -9999.0
-9999.0 -9999.0 -9999.0 -9999.0 -9999.0 -9999.0 -9999.0 -9999.0 0.020288 0.057524 0.040578 0.047780 0.053039 0.041097 0.041502 0.050657 0.520000 0.365776 0.251971 0.081585 0.140518 0.073374 0.137763 0.196449 0.228768 0.520000 0.055021 0.055719 0.020072 0.040057 0.040130 0.020145 0.040077 0.020147 0.040104 0.040156 0.520000 0.124738 0.044904 0.040060 0.048525 0.040049 0.022931 0.040132 0.520000 0.040222 0.024431 0.061927 0.042599 0.360939 0.520000 0.519724 0.042593 0.040177 0.520000 0.087409 0.520000 0.520000 0.520000 0.520000 0.166699 -9999.0 -9999.0
-9999.0 -9999.0 -9999.0 -9999.0 -9999.0 -9999.0 -9999.0 -9999.0 0.054684 0.520000 0.520000 0.040188 0.519995 0.020626 0.469143 0.061136 0.312678 0.281372 0.114839 0.168441 0.072931 0.076371 0.081198 0.068093 0.467681 0.129809 0.048223 0.041260 0.020228 0.514962 0.043083 0.520000 0.040464 0.040842 0.040158 0.520000 0.040506 0.460493 0.040380 0.040079 0.061090 0.024734 0.040718 0.049907 0.059669 0.058960 0.020121 0.040494 0.070480 0.060082 0.520000 0.520000 0.049541 0.050787 0.520000 0.520000 0.520000 0.520000 0.520000 0.520000 0.438404 -9999.0 -9999.0
-9999.0 -9999.0 -9999.0 -9999.0 -9999.0 -9999.0 -9999.0 -9999.0 0.022671 0.040187 0.200533 0.020700 0.520000 0.508775 0.179250 0.480906 0.346791 0.520000 0.447004 0.217830 0.129595 0.112820 0.143129 0.169650 0.320699 0.520000 0.057573 0.048001 0.520000 0.061806 0.057306 0.059548 0.330608 0.435697 0.041068 0.457450 0.520000 0.519631 0.046859 0.040972 0.040063 0.040098 0.040162 0.101165 0.040113 0.020133 0.520000 0.111972 0.520000 0.520000 0.505470 0.520000 0.520000 0.520000 0.520000 0.520000 0.520000 0.520000 0.520000 0.520000 0.520000 0.465103 -9999.0
-9999.0 -9999.0 -9999.0 -9999.0 -9999.0 -9999.0 -9999.0 -9999.0 0.040268 0.040195 0.138158 0.050427 0.052089 0.175986 0.520000 0.477527 0.520000 0.219594 0.048923 0.520000 0.294053 0.148104 0.157513 0.185149 0.274375 0.291728 0.051614 0.399478 0.456082 0.516480 0.046523 0.478101 0.520000 0.512274 0.306366 0.420449 0.520000 0.520000 0.515651 0.513633 0.234667 0.233445 0.445598 0.248521 0.049771 0.520000 0.088012 0.520000 0.520000 0.520000 0.396161 0.346947 0.520000 0.428366 0.520000 0.520000 0.520000 0.520000 0.520000 0.520000 0.520000 0.482327 -9999.0
-9999.0 -9999.0 0.040180 0.040180 0.040149 0.041132 0.050678 0.040967 0.040148 0.040325 0.060666 0.283521 0.316115 0.520000 0.520000 0.520000 0.055657 0.040154 0.040543 0.049495 0.520000 0.520000 0.520000 0.147335 0.232491 0.263754 0.294584 0.340921 0.204223 0.520000 0.061026 0.049176 0.520000 0.058167 0.520000 0.520000 0.520000 0.520000 0.520000 0.056461 0.520000 0.520000 0.261873 0.520000 0.048962 0.512388 0.520000 0.150388 0.520000 0.520000 0.520000 0.520000 0.520000 0.520000 0.520000 0.520000 0.520000 0.520000 0.520000 0.520000 0.520000 0.493458 -9999.0
-9999.0 0.277977 0.059330 0.058037 0.208424 0.065210 0.040566 0.040184 0.040393 0.044974 0.040773 0.051905 0.520000 0.520000 0.520000 0.057651 0.041144 0.040118 0.453024 0.508186 0.415093 0.520000 0.520000 0.520000 0.207125 0.106293 0.206445 0.289509 0.520000 0.520000 0.331829 0.445860 0.520000 0.520000 0.520000 0.415503 0.447246 0.431157 0.520000 0.503424 0.414104 0.520000 0.520000 0.513259 0.491840 0.520000 0.520000 0.520000 0.520000 0.520000 0.520000 0.520000 0.520000 0.520000 0.520000 0.520000 0.520000 0.520000 0.520000 0.520000 0.168535 0.520000 -9999.0
-9999.0 0.519272 0.356954 0.508714 0.397163 0.395583 0.048372 0.040730 0.040156 0.442297 0.061327 0.152530 0.520000 0.520000 0.293722 0.040898 0.040276 0.043241 0.520000 0.134159 0.520000 0.520000 0.520000 0.520000 0.431722 0.226580 0.110219 0.109664 0.520000 0.520000 0.129311 0.187157 0.520000 0.520000 0.520000 0.520000 0.445259 0.361824 0.520000 0.321191 0.520000 0.520000 0.520000 0.367523 0.100081 0.183351 0.520000 0.520000 0.520000 0.520000 0.520000 0.520000 0.520000 0.520000 0.520000 0.494380 0.520000 0.077123 0.059335 0.043923 0.042101 -9999.0 -9999.0
-9999.0 0.040461 0.056852 0.049195 0.520000 0.520000 0.448923 0.046962 0.058575 0.061036 0.401564 0.306230 0.520000 0.520000 0.049675 0.040181 0.041631 0.040272 0.040730 0.059489 0.360223 0.483193 0.358805 0.520000 0.520000 0.520000 0.520000 0.520000 0.282889 0.520000 0.144972 0.080170 0.520000 0.520000 0.520000 0.365450 0.520000 0.334217 0.406833 0.405638 0.363766 0.520000 0.520000 0.081130 0.074388 0.520000 0.520000 0.520000 0.520000 0.520000 0.520000 0.520000 0.216632 0.520000 0.080961 0.049741 0.041496 0.044045 0.130907 -9999.0 -9999.0 -9999.0 -9999.0
