user2019/resources/simulation/Vinschgau/output-maps/thetaliqL0003N0827.asc
ncols         63
nrows         48
xllcorner     598000.000000
yllcorner     5145000.000000
cellsize      1000.000000
NODATA_value  -9999.0
[rows 0 to 28 of 48, columns 0 to 62 of 63]
-9999.0 -9999.0 -9999.0 -9999.0 -9999.0 -9999.0 -9999.0 -9999.0 -9999.0 -9999.0 -9999.0 -9999.0 -9999.0 -9999.0 -9999.0 -9999.0 -9999.0 -9999.0 -9999.0 -9999.0 -9999.0 -9999.0 -9999.0 -9999.0 -9999.0 -9999.0 -9999.0 -9999.0 -9999.0 -9999.0 -9999.0 -9999.0 -9999.0 -9999.0 -9999.0 -9999.0 -9999.0 -9999.0 -9999.0 -9999.0 -9999.0 -9999.0 -9999.0 -9999.0 -9999.0 -9999.0 -9999.0 -9999.0 -9999.0 -9999.0 -9999.0 -9999.0 -9999.0 -9999.0 -9999.0 -9999.0 -9999.0 -9999.0 -9999.0 -9999.0 -9999.0 -9999.0 -9999.0
-9999.0 -9999.0 -9999.0 -9999.0 -9999.0 -9999.0 -9999.0 -9999.0 -9999.0 -9999.0 -9999.0 -9999.0 -9999.0 -9999.0 -9999.0 -9999.0 -9999.0 -9999.0 -9999.0 -9999.0 -9999.0 -9999.0 -9999.0 -9999.0 -9999.0 -9999.0 -9999.0 0.020023 0.040013 0.020027 0.040010 0.040008 0.040007 -9999.0 -9999.0 -9999.0 -9999.0 -9999.0 -9999.0 -9999.0 -9999.0 -9999.0 -9999.0 -9999.0 -9999.0 -9999.0 -9999.0 -9999.0 -9999.0 -9999.0 -9999.0 -9999.0 -9999.0 -9999.0 -9999.0 -9999.0 -9999.0 -9999.0 -9999.0 -9999.0 -9999.0 -9999.0 -9999.0
-9999.0 -9999.0 -9999.0 -9999.0 -9999.0 -9999.0 -9999.0 -9999.0 -9999.0 -9999.0 -9999.0 -9999.0 -9999.0 -9999.0 -9999.0 -9999.0 -9999.0 -9999.0 -9999.0 -9999.0 -9999.0 -9999.0 -9999.0 -9999.0 0.040021 0.040022 0.040036 0.040021 0.040013 0.040011 0.040009 -9999.0 -9999.0 -9999.0 -9999.0 -9999.0 -9999.0 -9999.0 -9999.0 -9999.0 -9999.0 -9999.0 -9999.0 -9999.0 -9999.0 -9999.0 -9999.0 -9999.0 -9999.0 -9999.0 -9999.0 -9999.0 -9999.0 -9999.0 -9999.0 -9999.0 -9999.0 -9999.0 -9999.0 -9999.0 -9999.0 -9999.0 -9999.0
-9999.0 -9999.0 -9999.0 -9999.0 -9999.0 -9999.0 -9999.0 -9999.0 -9999.0 -9999.0 -9999.0 -9999.0 -9999.0 -9999.0 -9999.0 -9999.0 -9999.0 -9999.0 -9999.0 -9999.0 -9999.0 -9999.0 -9999.0 0.040023 0.040050 0.255087 0.309263 0.169140 0.176921 0.040025 0.040009 0.040008 -9999.0 -9999.0 -9999.0 -9999.0 -9999.0 -9999.0 -9999.0 -9999.0 -9999.0 -9999.0 -9999.0 -9999.0 -9999.0 -9999.0 -9999.0 -9999.0 -9999.0 -9999.0 -9999.0 -9999.0 -9999.0 -9999.0 -9999.0 -9999.0 -9999.0 -9999.0 -9999.0 -9999.0 -9999.0 -9999.0 -9999.0
-9999.0 -9999.0 -9999.0 -9999.0 -9999.0 -9999.0 -9999.0 -9999.0 -9999.0 -9999.0 -9999.0 -9999.0 -9999.0 -9999.0 -9999.0 -9999.0 -9999.0 -9999.0 0.375463 0.040040 -9999.0 0.040034 0.040048 0.204255 0.346047 0.123044 0.302866 0.199018 0.519467 0.063627 0.040022 0.040010 0.020020 0.020015 -9999.0 -9999.0 -9999.0 -9999.0 -9999.0 -9999.0 -9999.0 -9999.0 -9999.0 -9999.0 -9999.0 -9999.0 -9999.0 -9999.0 -9999.0 -9999.0 -9999.0 -9999.0 -9999.0 -9999.0 -9999.0 -9999.0 -9999.0 -9999.0 -9999.0 -9999.0 -9999.0 -9999.0 -9999.0
-9999.0 -9999.0 -9999.0 -9999.0 -9999.0 -9999.0 -9999.0 -9999.0 -9999.0 -9999.0 -9999.0 -9999.0 -9999.0 -9999.0 -9999.0 -9999.0 -9999.0 0.106330 0.213125 0.100410 0.020044 0.046480 0.061420 0.101067 0.361076 0.091225 0.041381 0.045680 0.044796 0.143076 0.040034 0.040008 0.020025 0.020029 0.020022 0.020020 -9999.0 -9999.0 -9999.0 -9999.0 -9999.0 -9999.0 -9999.0 -9999.0 -9999.0 -9999.0 -9999.0 -9999.0 -9999.0 -9999.0 -9999.0 -9999.0 -9999.0 -9999.0 -9999.0 -9999.0 -9999.0 -9999.0 -9999.0 -9999.0 -9999.0 -9999.0 -9999.0
-9999.0 -9999.0 -9999.0 -9999.0 -9999.0 -9999.0 -9999.0 -9999.0 -9999.0 -9999.0 -9999.0 -9999.0 -9999.0 0.040064 0.176163 0.202093 0.094159 0.037878 0.112115 0.207991 0.322274 0.315211 0.304423 0.382232 0.080550 0.040050 0.020070 0.040111 0.040114 0.043538 0.040058 0.040018 0.040009 0.040007 0.020021 0.020015 -9999.0 -9999.0 -9999.0 -9999.0 -9999.0 -9999.0 -9999.0 -9999.0 -9999.0 -9999.0 -9999.0 -9999.0 -9999.0 -9999.0 -9999.0 -9999.0 -9999.0 -9999.0 -9999.0 -9999.0 -9999.0 -9999.0 -9999.0 -9999.0 -9999.0 -9999.0 -9999.0
-9999.0 -9999.0 -9999.0 -9999.0 -9999.0 -9999.0 -9999.0 -9999.0 -9999.0 -9999.0 -9999.0 -9999.0 -9999.0 0.040328 0.339646 0.169335 0.107108 0.392559 0.031146 0.232647 0.120568 0.384427 0.355580 0.403311 0.082098 0.048724 0.040013 0.020025 0.020021 0.040065 0.040103 0.040010 0.020020 0.020014 0.020022 -9999.0 -9999.0 -9999.0 -9999.0 -9999.0 -9999.0 -9999.0 -9999.0 -9999.0 -9999.0 -9999.0 -9999.0 -9999.0 -9999.0 -9999.0 -9999.0 -9999.0 -9999.0 -9999.0 -9999.0 -9999.0 -9999.0 -9999.0 -9999.0 -9999.0 -9999.0 -9999.0 -9999.0
-9999.0 -9999.0 -9999.0 -9999.0 -9999.0 -9999.0 -9999.0 -9999.0 -9999.0 -9999.0 -9999.0 -9999.0 -9999.0 0.305038 0.520000 0.260412 0.152630 0.116916 0.023264 0.109005 0.428860 0.021917 0.062553 0.049257 0.096699 0.069858 0.020031 0.020020 0.040008 0.020016 0.040009 0.020014 0.020013 0.020012 0.020014 -9999.0 -9999.0 -9999.0 -9999.0 -9999.0 -9999.0 -9999.0 -9999.0 -9999.0 -9999.0 -9999.0 -9999.0 -9999.0 -9999.0 -9999.0 -9999.0 -9999.0 -9999.0 -9999.0 -9999.0 -9999.0 -9999.0 -9999.0 -9999.0 -9999.0 -9999.0 -9999.0 -9999.0
-9999.0 -9999.0 -9999.0 -9999.0 -9999.0 -9999.0 -9999.0 -9999.0 -9999.0 -9999.0 -9999.0 -9999.0 0.135860 0.305294 0.367243 0.416647 0.337774 0.208236 0.348517 0.103775 0.317465 0.043426 0.042685 0.040455 0.040058 0.040012 0.040025 0.040009 0.040009 0.020020 0.040004 0.020019 0.040007 0.020013 -9999.0 -9999.0 -9999.0 -9999.0 -9999.0 -9999.0 -9999.0 -9999.0 -9999.0 -9999.0 -9999.0 -9999.0 -9999.0 -9999.0 -9999.0 -9999.0 -9999.0 -9999.0 -9999.0 -9999.0 -9999.0 -9999.0 -9999.0 -9999.0 -9999.0 -9999.0 -9999.0 -9999.0 -9999.0
-9999.0 -9999.0 -9999.0 -9999.0 -9999.0 -9999.0 -9999.0 -9999.0 -9999.0 -9999.0 -9999.0 0.040073 0.482456 0.520000 0.390206 0.060074 0.120134 0.243834 0.520000 0.199736 0.233383 0.436366 0.040033 0.040016 0.040111 0.040015 0.040008 0.040011 0.040013 0.020016 0.020018 0.040009 0.020020 0.020016 0.020018 0.020021 0.040008 0.040010 0.040011 -9999.0 -9999.0 -9999.0 0.020020 -9999.0 -9999.0 -9999.0 -9999.0 -9999.0 -9999.0 -9999.0 -9999.0 -9999.0 -9999.0 -9999.0 -9999.0 -9999.0 -9999.0 -9999.0 -9999.0 -9999.0 -9999.0 -9999.0 -9999.0
-9999.0 -9999.0 -9999.0 -9999.0 -9999.0 -9999.0 -9999.0 -9999.0 -9999.0 -9999.0 -9999.0 0.040056 0.431601 0.493228 0.344967 0.040072 0.270271 0.167248 0.377473 0.440721 0.461552 0.041149 0.040043 0.040033 0.040036 0.040012 0.040010 0.040015 0.020026 0.020016 0.040011 0.040012 0.040008 0.040006 0.040005 0.040011 0.040025 0.040021 0.040011 0.020017 0.020017 0.020016 0.040010 0.020020 -9999.0 -9999.0 -9999.0 0.040006 0.040005 0.020018 0.040007 0.020016 0.020016 0.040007 0.040007 0.020015 -9999.0 -9999.0 -9999.0 -9999.0 -9999.0 -9999.0 -9999.0
-9999.0 -9999.0 -9999.0 -9999.0 -9999.0 -9999.0 -9999.0 -9999.0 -9999.0 -9999.0 -9999.0 0.040028 0.040054 0.040898 0.056079 0.042585 0.459288 0.318941 0.411346 0.375057 0.383772 0.070080 0.040089 0.040021 0.040012 0.020024 0.040055 0.040021 0.020023 0.040006 0.020021 0.040013 0.040017 0.040007 0.020020 0.040016 0.040019 0.040039 0.040045 0.020027 0.040013 0.040008 0.040016 0.040012 0.040007 -9999.0 0.020014 0.040007 0.040010 0.040014 0.040016 0.020030 0.040012 0.040010 0.040009 0.040007 -9999.0 -9999.0 -9999.0 -9999.0 -9999.0 -9999.0 -9999.0
-9999.0 -9999.0 -9999.0 -9999.0 -9999.0 -9999.0 -9999.0 -9999.0 -9999.0 -9999.0 -9999.0 -9999.0 0.040068 0.042539 0.040154 0.040199 0.378303 0.273526 0.460003 0.410626 0.354052 0.076152 0.040312 0.040130 0.040028 0.040051 0.040024 0.040014 0.040009 0.020020 0.040011 0.040015 0.040017 0.040009 0.040008 0.040012 0.040051 0.040049 0.049700 0.040031 0.040023 0.020031 0.040018 0.040036 0.020021 0.040006 0.020017 0.040007 0.040018 0.040082 0.040321 0.040016 0.040021 0.040018 0.040010 0.040010 0.040008 -9999.0 -9999.0 -9999.0 -9999.0 -9999.0 -9999.0
-9999.0 -9999.0 -9999.0 -9999.0 -9999.0 -9999.0 -9999.0 -9999.0 -9999.0 -9999.0 -9999.0 0.040110 0.040023 0.040045 0.040402 0.061518 0.139877 0.380878 0.452166 0.268162 0.328871 0.220950 0.055114 0.040049 0.040080 0.040310 0.040126 0.040009 0.040008 0.020025 0.040051 0.040027 0.040015 0.040009 0.040005 0.040011 0.040012 0.040088 0.061890 0.040063 0.040088 0.044581 0.040097 0.020111 0.040055 0.040009 0.040011 0.020026 0.020031 0.040403 0.020032 0.040010 0.040009 0.020019 0.020016 0.020016 0.020019 -9999.0 -9999.0 -9999.0 -9999.0 -9999.0 -9999.0
-9999.0 -9999.0 -9999.0 -9999.0 -9999.0 -9999.0 -9999.0 -9999.0 -9999.0 -9999.0 0.040032 0.040251 0.040038 0.040039 0.040136 0.040178 0.040176 0.111560 0.172976 0.283724 0.505106 0.516149 0.040173 0.040101 0.044502 0.040055 0.040027 0.020033 0.040017 0.040028 0.040036 0.040035 0.040030 0.040009 0.020015 0.020021 0.040019 0.040057 0.046947 0.093224 0.097810 0.127696 0.188326 0.520000 0.040700 0.020026 0.040014 0.040069 0.040037 0.044949 0.020033 0.020018 0.020015 0.020014 0.020014 0.040009 0.040009 -9999.0 -9999.0 -9999.0 -9999.0 -9999.0 -9999.0
-9999.0 -9999.0 -9999.0 -9999.0 -9999.0 -9999.0 -9999.0 -9999.0 -9999.0 0.040012 0.040043 0.040044 0.040135 0.040188 0.040251 0.040561 0.040490 0.061302 0.227780 0.159606 0.458630 0.255434 0.149961 0.102156 0.078287 0.040054 0.040025 0.040028 0.040188 0.044133 0.080710 0.040046 0.020022 0.020016 0.020016 0.020021 0.040011 0.040026 0.040060 0.040437 0.042343 0.040721 0.040245 0.346022 0.440177 0.041484 0.040211 0.040070 0.040072 0.086751 0.040023 0.020019 0.020013 0.020014 0.020017 0.040007 0.040011 0.020021 0.020017 -9999.0 -9999.0 -9999.0 -9999.0
-9999.0 -9999.0 -9999.0 -9999.0 -9999.0 -9999.0 -9999.0 -9999.0 -9999.0 0.040008 0.040010 0.040029 0.040138 0.051298 0.040396 0.040180 0.040154 0.126409 0.206175 0.333978 0.374015 0.305512 0.460895 0.049103 0.040080 0.040043 0.040205 0.043936 0.115353 0.054090 0.040386 0.040035 0.040012 0.040007 0.040010 0.020021 0.020023 0.020029 0.040012 0.040039 0.040101 0.040031 0.040249 0.228589 0.383442 0.434825 0.458790 0.099464 0.050755 0.088211 0.040022 0.040007 0.020014 0.040005 0.020019 0.040007 0.040009 0.040014 0.020024 -9999.0 -9999.0 -9999.0 -9999.0
-9999.0 -9999.0 -9999.0 -9999.0 -9999.0 -9999.0 -9999.0 -9999.0 -9999.0 -9999.0 0.040010 0.040025 0.041523 0.040276 0.067482 0.040511 0.047976 0.426393 0.196131 0.307650 0.431669 0.249826 0.083372 0.042246 0.040077 0.041575 0.085072 0.472163 0.040341 0.040049 0.040038 0.040024 0.040012 0.040008 0.040013 0.040014 0.040038 0.040050 0.020023 0.040011 0.040010 0.040041 0.040055 0.041658 0.086232 0.124152 0.423048 0.470903 0.451280 0.084083 0.040040 0.040018 0.020016 0.020015 0.040005 0.040007 0.040010 0.040043 0.040045 0.042207 -9999.0 -9999.0 -9999.0
-9999.0 -9999.0 -9999.0 -9999.0 -9999.0 -9999.0 -9999.0 -9999.0 -9999.0 -9999.0 0.040009 0.040014 0.040028 0.040997 0.461101 0.147717 0.108970 0.239028 0.197254 0.128754 0.119546 0.243745 0.066494 0.040280 0.041539 0.138062 0.520000 0.088902 0.040065 0.040013 0.040011 0.040014 0.020030 0.040007 0.040011 0.040025 0.040042 0.040325 0.040023 0.040008 0.040012 0.020035 0.040020 0.040025 0.040053 0.040375 0.045993 0.087036 0.443823 0.520000 0.063785 0.040024 0.040011 0.020017 0.020014 0.020015 0.040007 0.040070 0.520000 0.520000 -9999.0 -9999.0 -9999.0
-9999.0 -9999.0 -9999.0 -9999.0 -9999.0 -9999.0 -9999.0 -9999.0 0.040022 0.040011 0.040008 0.040023 0.040021 0.040023 0.046559 0.428160 0.194545 0.297485 0.260167 0.098931 0.094482 0.154622 0.190945 0.246552 0.095733 0.457384 0.301089 0.040126 0.040039 0.040013 0.020015 0.040011 0.040011 0.040007 0.040012 0.040012 0.040101 0.040238 0.040026 0.020021 0.020026 0.040034 0.020032 0.020022 0.020032 0.040038 0.040029 0.040227 0.092594 0.520000 0.078135 0.040130 0.040016 0.040007 0.020016 0.040008 0.020022 0.040054 0.112506 0.520000 -9999.0 -9999.0 -9999.0
-9999.0 -9999.0 -9999.0 -9999.0 -9999.0 -9999.0 -9999.0 -9999.0 0.020027 0.040044 0.040016 0.040008 0.040013 0.040032 0.040158 0.123039 0.296793 0.253942 0.114141 0.098620 0.358478 0.316372 0.311684 0.320843 0.184426 0.361211 0.514274 0.040264 0.020032 0.040009 0.040007 0.020022 0.040009 0.020023 0.040020 0.040026 0.040084 0.040208 0.040127 0.040020 0.040010 0.040006 0.020024 0.040023 0.040022 0.040073 0.020030 0.040017 0.040266 0.458376 0.520000 0.040404 0.040017 0.040007 0.040013 0.020036 0.040066 0.045666 0.502039 0.520000 0.121329 -9999.0 -9999.0
-9999.0 -9999.0 -9999.0 -9999.0 -9999.0 -9999.0 -9999.0 -9999.0 0.040011 0.040018 0.040021 0.040012 0.040011 0.020035 0.040104 0.040117 0.154370 0.332190 0.112597 0.321454 0.095847 0.239385 0.286998 0.137294 0.328476 0.304833 0.444493 0.040071 0.020034 0.040011 0.020025 0.040033 0.040028 0.040028 0.040033 0.040044 0.049886 0.520000 0.063737 0.040092 0.040016 0.020025 0.040022 0.040017 0.040048 0.040022 0.020021 0.040015 0.040033 0.095476 0.464748 0.073903 0.040015 0.040018 0.040039 0.040113 0.491458 0.520000 0.452838 0.520000 0.427625 -9999.0 -9999.0
-9999.0 -9999.0 -9999.0 -9999.0 -9999.0 -9999.0 -9999.0 -9999.0 0.020019 0.040021 0.040035 0.020035 0.040010 0.040067 0.040367 0.370704 0.186102 0.130044 0.375983 0.098076 0.112429 0.113853 0.248676 0.138403 0.175462 0.353929 0.047213 0.040036 0.040036 0.040096 0.040072 0.040162 0.048075 0.040287 0.040237 0.040067 0.079877 0.312363 0.484088 0.043279 0.040026 0.040029 0.040029 0.020032 0.040017 0.020026 0.040018 0.020030 0.040013 0.040062 0.104226 0.483730 0.086301 0.040123 0.076482 0.520000 0.520000 0.520000 0.409716 0.435275 0.425140 0.370327 -9999.0
-9999.0 -9999.0 -9999.0 -9999.0 -9999.0 -9999.0 -9999.0 -9999.0 0.040006 0.040021 0.040041 0.040050 0.040053 0.044876 0.063107 0.520000 0.520000 0.315748 0.343288 0.257996 0.128278 0.155361 0.120909 0.120089 0.362847 0.124143 0.040091 0.041358 0.071109 0.040750 0.040944 0.073160 0.520000 0.230727 0.088588 0.421390 0.424335 0.273609 0.314582 0.516333 0.098918 0.085020 0.043177 0.058401 0.040065 0.040051 0.040165 0.040533 0.040134 0.081109 0.465813 0.331039 0.433692 0.453231 0.520000 0.520000 0.520000 0.519331 0.513775 0.430480 0.355777 0.381935 -9999.0
-9999.0 -9999.0 0.040013 0.040021 0.040013 0.040040 0.040016 0.040017 0.040009 0.040013 0.040059 0.040095 0.044152 0.040584 0.520000 0.520000 0.077339 0.040080 0.040215 0.150637 0.250481 0.229912 0.509248 0.085718 0.158718 0.248627 0.109453 0.184437 0.393635 0.442994 0.088264 0.415175 0.520000 0.387737 0.444085 0.296580 0.374024 0.217659 0.247319 0.302191 0.405098 0.448810 0.413466 0.468555 0.126601 0.084266 0.520000 0.439285 0.456145 0.415259 0.361618 0.320811 0.507933 0.520000 0.520000 0.520000 0.520000 0.490262 0.476898 0.387049 0.482339 0.392784 -9999.0
-9999.0 0.040194 0.040084 0.040069 0.040043 0.040019 0.040016 0.040016 0.040011 0.040008 0.040034 0.040113 0.040563 0.040962 0.191473 0.040373 0.040072 0.040034 0.040069 0.100762 0.248359 0.325449 0.520000 0.455037 0.174727 0.148125 0.261647 0.321096 0.393296 0.453500 0.306730 0.379308 0.520000 0.520000 0.359179 0.316012 0.295235 0.141343 0.348555 0.337224 0.330437 0.378545 0.405699 0.280364 0.265766 0.236156 0.409016 0.259037 0.334764 0.383121 0.407618 0.491429 0.520000 0.520000 0.520000 0.520000 0.520000 0.492997 0.520000 0.095656 0.348987 0.397971 -9999.0
-9999.0 0.040086 0.040080 0.040370 0.040207 0.040037 0.040026 0.040013 0.040008 0.040008 0.040024 0.040070 0.121413 0.241805 0.045018 0.040028 0.040016 0.040030 0.040267 0.047234 0.150322 0.463635 0.420356 0.520000 0.510796 0.303258 0.082734 0.088278 0.316984 0.181808 0.101176 0.122435 0.494764 0.481844 0.459242 0.359041 0.380796 0.328409 0.301241 0.250604 0.300649 0.357794 0.365119 0.121972 0.077639 0.107126 0.279560 0.355195 0.370305 0.400675 0.442910 0.411358 0.466490 0.520000 0.520000 0.054095 0.040219 0.049709 0.058314 0.043276 0.061264 -9999.0 -9999.0
-9999.0 0.040031 0.040095 0.041037 0.460698 0.040057 0.040239 0.040046 0.040033 0.040035 0.040071 0.068109 0.486849 0.041196 0.040054 0.040020 0.040014 0.040027 0.040048 0.050478 0.043133 0.057556 0.240486 0.520000 0.520000 0.413797 0.430788 0.429826 0.131308 0.309420 0.087387 0.080080 0.408928 0.429923 0.353068 0.278629 0.298266 0.305014 0.263448 0.244400 0.247293 0.341372 0.310452 0.076815 0.076270 0.350140 0.338749 0.417627 0.439728 0.364104 0.452880 0.044393 0.065215 0.040283 0.041184 0.040112 0.040109 0.040080 0.040087 -9999.0 -9999.0 -9999.0 -9999.0
