user2019/resources/simulation/Vinschgau/output-maps/thetaliqL0008N0698.asc
ncols         63
nrows         48
xllcorner     598000.000000
yllcorner     5145000.000000
cellsize      1000.000000
NODATA_value  -9999.0
[rows 0 to 28 of 48, columns 0 to 62 of 63]
-9999.0 -9999.0 -9999.0 -9999.0 -9999.0 -9999.0 -9999.0 -9999.0 -9999.0 -9999.0 -9999.0 -9999.0 -9999.0 -9999.0 -9999.0 -9999.0 -9999.0 -9999.0 -9999.0 -9999.0 -9999.0 -9999.0 -9999.0 -9999.0 -9999.0 -9999.0 -9999.0 -9999.0 -9999.0 -9999.0 -9999.0 -9999.0 -9999.0 -9999.0 -9999.0 -9999.0 -9999.0 -9999.0 -9999.0 -9999.0 -9999.0 -9999.0 -9999.0 -9999.0 -9999.0 -9999.0 -9999.0 -9999.0 -9999.0 -9999.0 -9999.0 -9999.0 -9999.0 -9999.0 -9999.0 -9999.0 -9999.0 -9999.0 -9999.0 -9999.0 -9999.0 -9999.0 -9999.0
-9999.0 -9999.0 -9999.0 -9999.0 -9999.0 -9999.0 -9999.0 -9999.0 -9999.0 -9999.0 -9999.0 -9999.0 -9999.0 -9999.0 -9999.0 -9999.0 -9999.0 -9999.0 -9999.0 -9999.0 -9999.0 -9999.0 -9999.0 -9999.0 -9999.0 -9999.0 -9999.0 0.086255 0.086317 0.086247 0.086120 0.085986 0.086489 -9999.0 -9999.0 -9999.0 -9999.0 -9999.0 -9999.0 -9999.0 -9999.0 -9999.0 -9999.0 -9999.0 -9999.0 -9999.0 -9999.0 -9999.0 -9999.0 -9999.0 -9999.0 -9999.0 -9999.0 -9999.0 -9999.0 -9999.0 -9999.0 -9999.0 -9999.0 -9999.0 -9999.0 -9999.0 -9999.0
-9999.0 -9999.0 -9999.0 -9999.0 -9999.0 -9999.0 -9999.0 -9999.0 -9999.0 -9999.0 -9999.0 -9999.0 -9999.0 -9999.0 -9999.0 -9999.0 -9999.0 -9999.0 -9999.0 -9999.0 -9999.0 -9999.0 -9999.0 -9999.0 0.088872 0.088334 0.089500 0.090168 0.097764 0.086661 0.086137 -9999.0 -9999.0 -9999.0 -9999.0 -9999.0 -9999.0 -9999.0 -9999.0 -9999.0 -9999.0 -9999.0 -9999.0 -9999.0 -9999.0 -9999.0 -9999.0 -9999.0 -9999.0 -9999.0 -9999.0 -9999.0 -9999.0 -9999.0 -9999.0 -9999.0 -9999.0 -9999.0 -9999.0 -9999.0 -9999.0 -9999.0 -9999.0
-9999.0 -9999.0 -9999.0 -9999.0 -9999.0 -9999.0 -9999.0 -9999.0 -9999.0 -9999.0 -9999.0 -9999.0 -9999.0 -9999.0 -9999.0 -9999.0 -9999.0 -9999.0 -9999.0 -9999.0 -9999.0 -9999.0 -9999.0 0.088183 0.091248 0.091962 0.085484 0.079506 0.080071 0.086272 0.086300 0.086290 -9999.0 -9999.0 -9999.0 -9999.0 -9999.0 -9999.0 -9999.0 -9999.0 -9999.0 -9999.0 -9999.0 -9999.0 -9999.0 -9999.0 -9999.0 -9999.0 -9999.0 -9999.0 -9999.0 -9999.0 -9999.0 -9999.0 -9999.0 -9999.0 -9999.0 -9999.0 -9999.0 -9999.0 -9999.0 -9999.0 -9999.0
-9999.0 -9999.0 -9999.0 -9999.0 -9999.0 -9999.0 -9999.0 -9999.0 -9999.0 -9999.0 -9999.0 -9999.0 -9999.0 -9999.0 -9999.0 -9999.0 -9999.0 -9999.0 0.149720 0.088004 -9999.0 0.089134 0.091000 0.079936 0.085813 0.078956 0.111836 0.122053 0.120962 0.086023 0.086326 0.086348 0.086236 0.086233 -9999.0 -9999.0 -9999.0 -9999.0 -9999.0 -9999.0 -9999.0 -9999.0 -9999.0 -9999.0 -9999.0 -9999.0 -9999.0 -9999.0 -9999.0 -9999.0 -9999.0 -9999.0 -9999.0 -9999.0 -9999.0 -9999.0 -9999.0 -9999.0 -9999.0 -9999.0 -9999.0 -9999.0 -9999.0
-9999.0 -9999.0 -9999.0 -9999.0 -9999.0 -9999.0 -9999.0 -9999.0 -9999.0 -9999.0 -9999.0 -9999.0 -9999.0 -9999.0 -9999.0 -9999.0 -9999.0 0.249175 0.020119 0.079372 0.086199 0.109120 0.086151 0.080141 0.116644 0.020120 0.020122 0.086266 0.020122 0.120536 0.099534 0.086515 0.086194 0.086228 0.086006 0.085975 -9999.0 -9999.0 -9999.0 -9999.0 -9999.0 -9999.0 -9999.0 -9999.0 -9999.0 -9999.0 -9999.0 -9999.0 -9999.0 -9999.0 -9999.0 -9999.0 -9999.0 -9999.0 -9999.0 -9999.0 -9999.0 -9999.0 -9999.0 -9999.0 -9999.0 -9999.0 -9999.0
-9999.0 -9999.0 -9999.0 -9999.0 -9999.0 -9999.0 -9999.0 -9999.0 -9999.0 -9999.0 -9999.0 -9999.0 -9999.0 0.086316 0.086256 0.027889 0.026088 0.086227 0.248918 0.079874 0.086101 0.085737 0.079377 0.086952 0.020123 0.088717 0.081519 0.082341 0.081974 0.086227 0.200000 0.092569 0.086308 0.086032 0.085971 0.085977 -9999.0 -9999.0 -9999.0 -9999.0 -9999.0 -9999.0 -9999.0 -9999.0 -9999.0 -9999.0 -9999.0 -9999.0 -9999.0 -9999.0 -9999.0 -9999.0 -9999.0 -9999.0 -9999.0 -9999.0 -9999.0 -9999.0 -9999.0 -9999.0 -9999.0 -9999.0 -9999.0
-9999.0 -9999.0 -9999.0 -9999.0 -9999.0 -9999.0 -9999.0 -9999.0 -9999.0 -9999.0 -9999.0 -9999.0 -9999.0 0.091638 0.086274 0.027463 0.026801 0.152264 0.086211 0.085365 0.020122 0.086252 0.020134 0.020122 0.086209 0.081111 0.086270 0.085988 0.085976 0.082707 0.086289 0.085997 0.085971 0.085970 0.085971 -9999.0 -9999.0 -9999.0 -9999.0 -9999.0 -9999.0 -9999.0 -9999.0 -9999.0 -9999.0 -9999.0 -9999.0 -9999.0 -9999.0 -9999.0 -9999.0 -9999.0 -9999.0 -9999.0 -9999.0 -9999.0 -9999.0 -9999.0 -9999.0 -9999.0 -9999.0 -9999.0 -9999.0
-9999.0 -9999.0 -9999.0 -9999.0 -9999.0 -9999.0 -9999.0 -9999.0 -9999.0 -9999.0 -9999.0 -9999.0 -9999.0 0.086188 0.134727 0.094190 0.027342 0.026888 0.086204 0.198751 0.096782 0.080680 0.020131 0.020124 0.086229 0.086275 0.086247 0.085983 0.086329 0.085970 0.086007 0.085970 0.085972 0.085970 0.085968 -9999.0 -9999.0 -9999.0 -9999.0 -9999.0 -9999.0 -9999.0 -9999.0 -9999.0 -9999.0 -9999.0 -9999.0 -9999.0 -9999.0 -9999.0 -9999.0 -9999.0 -9999.0 -9999.0 -9999.0 -9999.0 -9999.0 -9999.0 -9999.0 -9999.0 -9999.0 -9999.0 -9999.0
-9999.0 -9999.0 -9999.0 -9999.0 -9999.0 -9999.0 -9999.0 -9999.0 -9999.0 -9999.0 -9999.0 -9999.0 0.080816 0.200000 0.086271 0.086256 0.034878 0.028587 0.146206 0.078997 0.086084 0.086218 0.081599 0.086257 0.200000 0.086020 0.093766 0.086302 0.086556 0.085978 0.085978 0.086247 0.086356 0.086024 -9999.0 -9999.0 -9999.0 -9999.0 -9999.0 -9999.0 -9999.0 -9999.0 -9999.0 -9999.0 -9999.0 -9999.0 -9999.0 -9999.0 -9999.0 -9999.0 -9999.0 -9999.0 -9999.0 -9999.0 -9999.0 -9999.0 -9999.0 -9999.0 -9999.0 -9999.0 -9999.0 -9999.0 -9999.0
-9999.0 -9999.0 -9999.0 -9999.0 -9999.0 -9999.0 -9999.0 -9999.0 -9999.0 -9999.0 -9999.0 0.090077 0.086283 0.148248 0.086248 0.089949 0.081407 0.031419 0.430000 0.079224 0.020118 0.135481 0.086423 0.086085 0.081814 0.086371 0.086003 0.086406 0.190456 0.085977 0.086236 0.086501 0.086162 0.086029 0.086203 0.086240 0.086210 0.086220 0.086243 -9999.0 -9999.0 -9999.0 0.086031 -9999.0 -9999.0 -9999.0 -9999.0 -9999.0 -9999.0 -9999.0 -9999.0 -9999.0 -9999.0 -9999.0 -9999.0 -9999.0 -9999.0 -9999.0 -9999.0 -9999.0 -9999.0 -9999.0 -9999.0
-9999.0 -9999.0 -9999.0 -9999.0 -9999.0 -9999.0 -9999.0 -9999.0 -9999.0 -9999.0 -9999.0 0.088953 0.086270 0.081222 0.086268 0.086132 0.086245 0.020119 0.430000 0.430000 0.101011 0.086459 0.094130 0.086357 0.086499 0.086116 0.086345 0.086517 0.086234 0.086021 0.086424 0.086868 0.086264 0.086303 0.086241 0.086224 0.086245 0.086240 0.086258 0.086229 0.086212 0.086163 0.086271 0.086025 -9999.0 -9999.0 -9999.0 0.430000 0.086337 0.086265 0.086344 0.086267 0.086277 0.430000 0.430000 0.086047 -9999.0 -9999.0 -9999.0 -9999.0 -9999.0 -9999.0 -9999.0
-9999.0 -9999.0 -9999.0 -9999.0 -9999.0 -9999.0 -9999.0 -9999.0 -9999.0 -9999.0 -9999.0 0.093002 0.088265 0.083597 0.140813 0.086319 0.086352 0.020138 0.098588 0.430000 0.430000 0.081917 0.086336 0.094886 0.086087 0.086225 0.086360 0.113917 0.086021 0.086101 0.086000 0.083665 0.086357 0.086261 0.086134 0.086235 0.084546 0.079822 0.086240 0.086207 0.086259 0.086215 0.086230 0.086285 0.086270 -9999.0 0.086071 0.086395 0.086421 0.086548 0.086264 0.086257 0.086265 0.086965 0.086502 0.086508 -9999.0 -9999.0 -9999.0 -9999.0 -9999.0 -9999.0 -9999.0
-9999.0 -9999.0 -9999.0 -9999.0 -9999.0 -9999.0 -9999.0 -9999.0 -9999.0 -9999.0 -9999.0 -9999.0 0.090500 0.129946 0.089467 0.089988 0.020159 0.020140 0.167457 0.430000 0.020130 0.081513 0.081637 0.086419 0.086377 0.086339 0.181013 0.086014 0.086151 0.086246 0.086379 0.086387 0.086243 0.086290 0.086100 0.086226 0.084378 0.082681 0.086243 0.086225 0.086262 0.086218 0.081437 0.090501 0.086235 0.086327 0.086255 0.086328 0.083641 0.086408 0.143593 0.086976 0.430000 0.137145 0.086597 0.088874 0.089709 -9999.0 -9999.0 -9999.0 -9999.0 -9999.0 -9999.0
-9999.0 -9999.0 -9999.0 -9999.0 -9999.0 -9999.0 -9999.0 -9999.0 -9999.0 -9999.0 -9999.0 0.127528 0.088173 0.086233 0.086425 0.086391 0.086415 0.020159 0.107457 0.430000 0.020128 0.020134 0.086443 0.083118 0.086326 0.086523 0.135283 0.086058 0.086273 0.086236 0.086344 0.086518 0.086621 0.086323 0.086011 0.086241 0.086167 0.080639 0.269465 0.086234 0.080390 0.083786 0.086235 0.080332 0.086403 0.086293 0.086520 0.086252 0.086259 0.081138 0.083128 0.086239 0.086481 0.084469 0.084800 0.086022 0.086264 -9999.0 -9999.0 -9999.0 -9999.0 -9999.0 -9999.0
-9999.0 -9999.0 -9999.0 -9999.0 -9999.0 -9999.0 -9999.0 -9999.0 -9999.0 -9999.0 0.200000 0.086423 0.092947 0.089506 0.092836 0.135891 0.133739 0.020182 0.030300 0.430000 0.430000 0.430000 0.020118 0.092153 0.086328 0.200000 0.084215 0.082656 0.086240 0.086436 0.086511 0.088806 0.086385 0.086128 0.085973 0.086206 0.086200 0.084903 0.020118 0.084930 0.079841 0.080953 0.086033 0.430000 0.086277 0.086228 0.086426 0.081781 0.086403 0.086365 0.082565 0.086032 0.084889 0.086025 0.086042 0.086491 0.086474 -9999.0 -9999.0 -9999.0 -9999.0 -9999.0 -9999.0
-9999.0 -9999.0 -9999.0 -9999.0 -9999.0 -9999.0 -9999.0 -9999.0 -9999.0 0.086296 0.143827 0.134245 0.086471 0.086330 0.132686 0.086444 0.086337 0.096629 0.020125 0.370111 0.430000 0.020124 0.020118 0.086257 0.127115 0.020165 0.086263 0.086471 0.081587 0.086332 0.086403 0.020169 0.085981 0.085979 0.086062 0.086015 0.086353 0.086212 0.085873 0.086264 0.020132 0.020211 0.020132 0.020130 0.020118 0.081034 0.086535 0.081157 0.081662 0.142799 0.082037 0.086260 0.086024 0.086085 0.086193 0.084448 0.086946 0.086255 0.086260 -9999.0 -9999.0 -9999.0 -9999.0
-9999.0 -9999.0 -9999.0 -9999.0 -9999.0 -9999.0 -9999.0 -9999.0 -9999.0 0.086238 0.086321 0.086334 0.200000 0.086307 0.086296 0.086308 0.097765 0.086299 0.020123 0.430000 0.430000 0.086592 0.135543 0.092597 0.020136 0.086259 0.086303 0.086310 0.086321 0.143359 0.086255 0.020154 0.086154 0.086304 0.086438 0.086207 0.086229 0.086227 0.086016 0.086389 0.124239 0.084215 0.086162 0.086257 0.430000 0.102151 0.086226 0.080309 0.080677 0.086327 0.020140 0.084489 0.086062 0.086108 0.086047 0.127197 0.084272 0.086614 0.086247 -9999.0 -9999.0 -9999.0 -9999.0
-9999.0 -9999.0 -9999.0 -9999.0 -9999.0 -9999.0 -9999.0 -9999.0 -9999.0 -9999.0 0.086320 0.086415 0.086512 0.430000 0.081125 0.086290 0.086320 0.086292 0.020122 0.430000 0.430000 0.020118 0.020182 0.020118 0.086267 0.086290 0.086301 0.086343 0.086257 0.022212 0.020941 0.200000 0.084981 0.086075 0.086509 0.086780 0.087504 0.090217 0.086243 0.086061 0.086000 0.091349 0.200000 0.083359 0.020118 0.020225 0.020118 0.141460 0.079533 0.081015 0.020118 0.082127 0.086265 0.086064 0.087536 0.086198 0.090860 0.200000 0.081871 0.086320 -9999.0 -9999.0 -9999.0
-9999.0 -9999.0 -9999.0 -9999.0 -9999.0 -9999.0 -9999.0 -9999.0 -9999.0 -9999.0 0.086353 0.086368 0.089920 0.086471 0.430000 0.020123 0.020133 0.031815 0.028444 0.311378 0.027283 0.020123 0.020131 0.086135 0.086257 0.086287 0.145195 0.020213 0.020392 0.085430 0.086088 0.095168 0.082599 0.086053 0.086077 0.090472 0.188206 0.086392 0.083475 0.086083 0.086391 0.086259 0.086450 0.086114 0.142331 0.020119 0.086459 0.020118 0.020118 0.080180 0.079481 0.083058 0.086502 0.086267 0.086031 0.086264 0.086247 0.083723 0.020191 0.168073 -9999.0 -9999.0 -9999.0
-9999.0 -9999.0 -9999.0 -9999.0 -9999.0 -9999.0 -9999.0 -9999.0 0.093870 0.086393 0.086216 0.091174 0.087045 0.086501 0.020217 0.430000 0.020124 0.086700 0.430000 0.290009 0.026424 0.020119 0.020120 0.020119 0.086172 0.038543 0.160957 0.020404 0.086578 0.084781 0.085995 0.086122 0.086199 0.086190 0.086403 0.086020 0.086391 0.086420 0.020793 0.086250 0.086075 0.091097 0.083366 0.086000 0.086257 0.173246 0.020905 0.086478 0.020118 0.430000 0.086163 0.020118 0.086527 0.084566 0.086254 0.086295 0.086256 0.101144 0.081153 0.020130 -9999.0 -9999.0 -9999.0
-9999.0 -9999.0 -9999.0 -9999.0 -9999.0 -9999.0 -9999.0 -9999.0 0.084862 0.086486 0.083772 0.086146 0.086295 0.131476 0.020236 0.020176 0.020134 0.020126 0.020118 0.282951 0.430000 0.430000 0.118086 0.086478 0.020118 0.033456 0.042783 0.086646 0.082984 0.086371 0.086353 0.086243 0.086478 0.086258 0.094250 0.093850 0.086766 0.086521 0.083335 0.086417 0.086198 0.086006 0.086031 0.086437 0.193788 0.086512 0.083406 0.086167 0.083472 0.020177 0.086145 0.086609 0.020238 0.086570 0.086261 0.080712 0.081744 0.081551 0.080086 0.430000 0.341604 -9999.0 -9999.0
-9999.0 -9999.0 -9999.0 -9999.0 -9999.0 -9999.0 -9999.0 -9999.0 0.086298 0.171927 0.086266 0.084183 0.104264 0.083295 0.086399 0.020118 0.020124 0.086026 0.020118 0.430000 0.281918 0.430000 0.099802 0.090387 0.119966 0.020132 0.020167 0.020286 0.082434 0.086405 0.086246 0.098484 0.086418 0.082658 0.095935 0.087107 0.083467 0.020122 0.020144 0.083899 0.086377 0.086259 0.092175 0.178408 0.086419 0.089713 0.086262 0.090155 0.086392 0.020118 0.430000 0.086192 0.020118 0.020118 0.081641 0.086904 0.086753 0.086547 0.086060 0.430000 0.430000 -9999.0 -9999.0
-9999.0 -9999.0 -9999.0 -9999.0 -9999.0 -9999.0 -9999.0 -9999.0 0.086002 0.086428 0.430000 0.082407 0.099099 0.138784 0.020118 0.020130 0.020118 0.020123 0.430000 0.213393 0.299047 0.346185 0.430000 0.410154 0.028737 0.020145 0.020211 0.020118 0.092157 0.081910 0.082375 0.082284 0.080708 0.086539 0.082644 0.086281 0.086302 0.020196 0.020118 0.083653 0.086342 0.086456 0.086494 0.086245 0.089012 0.086261 0.086261 0.086259 0.086275 0.081838 0.020243 0.020138 0.086189 0.146958 0.086871 0.087113 0.086151 0.430000 0.430000 0.430000 0.137198 0.040708 -9999.0
-9999.0 -9999.0 -9999.0 -9999.0 -9999.0 -9999.0 -9999.0 -9999.0 0.088049 0.092875 0.200000 0.020118 0.020118 0.020157 0.102778 0.137993 0.430000 0.020149 0.020168 0.020128 0.027783 0.357112 0.334175 0.305492 0.086435 0.020126 0.020149 0.086298 0.086282 0.086460 0.020118 0.086481 0.081003 0.086547 0.082260 0.082128 0.081809 0.020178 0.020118 0.086616 0.082375 0.081593 0.081758 0.081085 0.083199 0.086384 0.081827 0.081558 0.081469 0.080792 0.079900 0.020120 0.020131 0.086317 0.092619 0.430000 0.430000 0.430000 0.430000 0.086097 0.020134 0.042602 -9999.0
-9999.0 -9999.0 0.086247 0.090543 0.107144 0.086309 0.086674 0.086466 0.093943 0.093156 0.086546 0.430000 0.020176 0.086896 0.102927 0.430000 0.020118 0.020381 0.086340 0.020170 0.020123 0.028280 0.430000 0.178466 0.321041 0.020119 0.020122 0.020128 0.020123 0.099002 0.020142 0.020152 0.172383 0.020136 0.086401 0.020167 0.086367 0.020162 0.020118 0.020118 0.081418 0.081037 0.020118 0.086118 0.020118 0.081274 0.086365 0.035278 0.079800 0.086261 0.086199 0.430000 0.430000 0.430000 0.430000 0.430000 0.430000 0.164250 0.086190 0.020157 0.174292 0.051566 -9999.0
-9999.0 0.086290 0.086381 0.086385 0.086286 0.086555 0.086715 0.086415 0.086418 0.086360 0.086537 0.020270 0.430000 0.430000 0.430000 0.020118 0.086637 0.086364 0.129903 0.020144 0.020120 0.020123 0.430000 0.399351 0.099703 0.090148 0.098630 0.104275 0.086209 0.129503 0.085988 0.086230 0.086481 0.170040 0.086310 0.127105 0.086303 0.020139 0.160807 0.143556 0.086302 0.086373 0.086076 0.020126 0.020122 0.020120 0.430000 0.020120 0.086262 0.430000 0.430000 0.430000 0.430000 0.430000 0.430000 0.163871 0.047502 0.047207 0.164249 0.167028 0.065548 0.058035 -9999.0
-9999.0 0.097603 0.086537 0.086464 0.430000 0.086627 0.020176 0.086307 0.089259 0.086241 0.086370 0.020187 0.020174 0.430000 0.020118 0.020407 0.084194 0.086296 0.086567 0.020145 0.164849 0.036011 0.430000 0.430000 0.430000 0.430000 0.025491 0.334146 0.430000 0.020119 0.020118 0.020118 0.157812 0.430000 0.430000 0.430000 0.430000 0.430000 0.167308 0.121767 0.151036 0.430000 0.086418 0.026665 0.025581 0.020118 0.430000 0.430000 0.430000 0.430000 0.157576 0.040265 0.045384 0.045013 0.020206 0.053880 0.020245 0.054292 0.020293 0.056664 0.059411 -9999.0 -9999.0
-9999.0 0.086258 0.086530 0.020185 0.020130 0.430000 0.430000 0.020162 0.086387 0.086406 0.086457 0.020163 0.086542 0.430000 0.020329 0.020859 0.086410 0.086567 0.020259 0.020180 0.020164 0.020154 0.028719 0.430000 0.430000 0.430000 0.430000 0.430000 0.302463 0.430000 0.280681 0.266012 0.430000 0.430000 0.430000 0.430000 0.430000 0.430000 0.430000 0.430000 0.430000 0.430000 0.430000 0.275421 0.268216 0.430000 0.430000 0.430000 0.430000 0.036719 0.020170 0.153948 0.051932 0.161144 0.056974 0.059447 0.064663 0.066898 0.061360 -9999.0 -9999.0 -9999.0 -9999.0
