user2019/resources/simulation/Vinschgau/output-maps/thetaliqL0005N1354.asc
ncols         63
nrows         48
xllcorner     598000.000000
yllcorner     5145000.000000
cellsize      1000.000000
NODATA_value  -9999.0
[rows 0 to 28 of 48, columns 0 to 62 of 63]
-9999.0 -9999.0 -9999.0 -9999.0 -9999.0 -9999.0 -9999.0 -9999.0 -9999.0 -9999.0 -9999.0 -9999.0 -9999.0 -9999.0 -9999.0 -9999.0 -9999.0 -9999.0 -9999.0 -9999.0 -9999.0 -9999.0 -9999.0 -9999.0 -9999.0 -9999.0 -9999.0 -9999.0 -9999.0 -9999.0 -9999.0 -9999.0 -9999.0 -9999.0 -9999.0 -9999.0 -9999.0 -9999.0 -9999.0 -9999.0 -9999.0 -9999.0 -9999.0 -9999.0 -9999.0 -9999.0 -9999.0 -9999.0 -9999.0 -9999.0 -9999.0 -9999.0 -9999.0 -9999.0 -9999.0 -9999.0 -9999.0 -9999.0 -9999.0 -9999.0 -9999.0 -9999.0 -9999.0
-9999.0 -9999.0 -9999.0 -9999.0 -9999.0 -9999.0 -9999.0 -9999.0 -9999.0 -9999.0 -9999.0 -9999.0 -9999.0 -9999.0 -9999.0 -9999.0 -9999.0 -9999.0 -9999.0 -9999.0 -9999.0 -9999.0 -9999.0 -9999.0 -9999.0 -9999.0 -9999.0 0.063474 0.216511 0.105566 0.285645 0.128380 0.020147 -9999.0 -9999.0 -9999.0 -9999.0 -9999.0 -9999.0 -9999.0 -9999.0 -9999.0 -9999.0 -9999.0 -9999.0 -9999.0 -9999.0 -9999.0 -9999.0 -9999.0 -9999.0 -9999.0 -9999.0 -9999.0 -9999.0 -9999.0 -9999.0 -9999.0 -9999.0 -9999.0 -9999.0 -9999.0 -9999.0
-9999.0 -9999.0 -9999.0 -9999.0 -9999.0 -9999.0 -9999.0 -9999.0 -9999.0 -9999.0 -9999.0 -9999.0 -9999.0 -9999.0 -9999.0 -9999.0 -9999.0 -9999.0 -9999.0 -9999.0 -9999.0 -9999.0 -9999.0 -9999.0 0.256266 0.247073 0.240352 0.253083 0.258815 0.212292 0.278302 -9999.0 -9999.0 -9999.0 -9999.0 -9999.0 -9999.0 -9999.0 -9999.0 -9999.0 -9999.0 -9999.0 -9999.0 -9999.0 -9999.0 -9999.0 -9999.0 -9999.0 -9999.0 -9999.0 -9999.0 -9999.0 -9999.0 -9999.0 -9999.0 -9999.0 -9999.0 -9999.0 -9999.0 -9999.0 -9999.0 -9999.0 -9999.0
-9999.0 -9999.0 -9999.0 -9999.0 -9999.0 -9999.0 -9999.0 -9999.0 -9999.0 -9999.0 -9999.0 -9999.0 -9999.0 -9999.0 -9999.0 -9999.0 -9999.0 -9999.0 -9999.0 -9999.0 -9999.0 -9999.0 -9999.0 0.238226 0.216359 0.083850 0.076462 0.058412 0.058810 0.168642 0.277139 0.272111 -9999.0 -9999.0 -9999.0 -9999.0 -9999.0 -9999.0 -9999.0 -9999.0 -9999.0 -9999.0 -9999.0 -9999.0 -9999.0 -9999.0 -9999.0 -9999.0 -9999.0 -9999.0 -9999.0 -9999.0 -9999.0 -9999.0 -9999.0 -9999.0 -9999.0 -9999.0 -9999.0 -9999.0 -9999.0 -9999.0 -9999.0
-9999.0 -9999.0 -9999.0 -9999.0 -9999.0 -9999.0 -9999.0 -9999.0 -9999.0 -9999.0 -9999.0 -9999.0 -9999.0 -9999.0 -9999.0 -9999.0 -9999.0 -9999.0 0.178240 0.198633 -9999.0 0.222434 0.208612 0.059295 0.080383 0.059278 0.153494 0.131531 0.144701 0.100658 0.194785 0.274500 0.021437 0.020741 -9999.0 -9999.0 -9999.0 -9999.0 -9999.0 -9999.0 -9999.0 -9999.0 -9999.0 -9999.0 -9999.0 -9999.0 -9999.0 -9999.0 -9999.0 -9999.0 -9999.0 -9999.0 -9999.0 -9999.0 -9999.0 -9999.0 -9999.0 -9999.0 -9999.0 -9999.0 -9999.0 -9999.0 -9999.0
-9999.0 -9999.0 -9999.0 -9999.0 -9999.0 -9999.0 -9999.0 -9999.0 -9999.0 -9999.0 -9999.0 -9999.0 -9999.0 -9999.0 -9999.0 -9999.0 -9999.0 0.083748 0.075107 0.020385 0.076959 0.177988 0.095372 0.061703 0.126836 0.183815 0.055696 0.135811 0.065757 0.163819 0.214640 0.187703 0.096644 0.041599 0.020644 0.020465 -9999.0 -9999.0 -9999.0 -9999.0 -9999.0 -9999.0 -9999.0 -9999.0 -9999.0 -9999.0 -9999.0 -9999.0 -9999.0 -9999.0 -9999.0 -9999.0 -9999.0 -9999.0 -9999.0 -9999.0 -9999.0 -9999.0 -9999.0 -9999.0 -9999.0 -9999.0 -9999.0
-9999.0 -9999.0 -9999.0 -9999.0 -9999.0 -9999.0 -9999.0 -9999.0 -9999.0 -9999.0 -9999.0 -9999.0 -9999.0 0.113556 0.084193 0.089433 0.080514 0.022354 0.084803 0.059754 0.080096 0.081899 0.060085 0.087528 0.201846 0.209578 0.020714 0.071846 0.079491 0.227535 0.040187 0.252471 0.231905 0.290297 0.099718 0.020419 -9999.0 -9999.0 -9999.0 -9999.0 -9999.0 -9999.0 -9999.0 -9999.0 -9999.0 -9999.0 -9999.0 -9999.0 -9999.0 -9999.0 -9999.0 -9999.0 -9999.0 -9999.0 -9999.0 -9999.0 -9999.0 -9999.0 -9999.0 -9999.0 -9999.0 -9999.0 -9999.0
-9999.0 -9999.0 -9999.0 -9999.0 -9999.0 -9999.0 -9999.0 -9999.0 -9999.0 -9999.0 -9999.0 -9999.0 -9999.0 0.153058 0.077671 0.083301 0.081575 0.141499 0.022348 0.074808 0.063516 0.060290 0.084297 0.123840 0.090025 0.072433 0.205404 0.097662 0.062253 0.044198 0.062367 0.270714 0.041133 0.020372 0.020502 -9999.0 -9999.0 -9999.0 -9999.0 -9999.0 -9999.0 -9999.0 -9999.0 -9999.0 -9999.0 -9999.0 -9999.0 -9999.0 -9999.0 -9999.0 -9999.0 -9999.0 -9999.0 -9999.0 -9999.0 -9999.0 -9999.0 -9999.0 -9999.0 -9999.0 -9999.0 -9999.0 -9999.0
-9999.0 -9999.0 -9999.0 -9999.0 -9999.0 -9999.0 -9999.0 -9999.0 -9999.0 -9999.0 -9999.0 -9999.0 -9999.0 0.074831 0.430000 0.081652 0.083110 0.082454 0.022329 0.082997 0.115544 0.020488 0.169973 0.108178 0.084200 0.088752 0.078822 0.034117 0.258975 0.020824 0.301750 0.020341 0.020348 0.020020 0.020414 -9999.0 -9999.0 -9999.0 -9999.0 -9999.0 -9999.0 -9999.0 -9999.0 -9999.0 -9999.0 -9999.0 -9999.0 -9999.0 -9999.0 -9999.0 -9999.0 -9999.0 -9999.0 -9999.0 -9999.0 -9999.0 -9999.0 -9999.0 -9999.0 -9999.0 -9999.0 -9999.0 -9999.0
-9999.0 -9999.0 -9999.0 -9999.0 -9999.0 -9999.0 -9999.0 -9999.0 -9999.0 -9999.0 -9999.0 -9999.0 0.059850 0.430000 0.076163 0.081453 0.103097 0.086438 0.113485 0.020355 0.080216 0.144889 0.021139 0.180842 0.040157 0.209718 0.040039 0.270927 0.271212 0.035155 0.042530 0.021412 0.295917 0.020381 -9999.0 -9999.0 -9999.0 -9999.0 -9999.0 -9999.0 -9999.0 -9999.0 -9999.0 -9999.0 -9999.0 -9999.0 -9999.0 -9999.0 -9999.0 -9999.0 -9999.0 -9999.0 -9999.0 -9999.0 -9999.0 -9999.0 -9999.0 -9999.0 -9999.0 -9999.0 -9999.0 -9999.0 -9999.0
-9999.0 -9999.0 -9999.0 -9999.0 -9999.0 -9999.0 -9999.0 -9999.0 -9999.0 -9999.0 -9999.0 0.165279 0.080530 0.419473 0.076951 0.136429 0.020337 0.084040 0.158750 0.020313 0.065160 0.097859 0.139940 0.184959 0.089075 0.213185 0.256341 0.248647 0.422615 0.020421 0.021470 0.236675 0.085618 0.021126 0.021396 0.068134 0.232668 0.145105 0.104956 -9999.0 -9999.0 -9999.0 0.020527 -9999.0 -9999.0 -9999.0 -9999.0 -9999.0 -9999.0 -9999.0 -9999.0 -9999.0 -9999.0 -9999.0 -9999.0 -9999.0 -9999.0 -9999.0 -9999.0 -9999.0 -9999.0 -9999.0 -9999.0
-9999.0 -9999.0 -9999.0 -9999.0 -9999.0 -9999.0 -9999.0 -9999.0 -9999.0 -9999.0 -9999.0 0.167860 0.080258 0.057861 0.072208 0.098674 0.068896 0.072924 0.151436 0.097502 0.125096 0.118821 0.252576 0.040122 0.040269 0.228389 0.249215 0.219412 0.129740 0.021254 0.258221 0.228918 0.251485 0.221413 0.120203 0.249118 0.180359 0.101401 0.106264 0.020813 0.021362 0.021135 0.282397 0.021829 -9999.0 -9999.0 -9999.0 0.040195 0.040229 0.020419 0.041619 0.020184 0.020182 0.040077 0.040089 0.020172 -9999.0 -9999.0 -9999.0 -9999.0 -9999.0 -9999.0 -9999.0
-9999.0 -9999.0 -9999.0 -9999.0 -9999.0 -9999.0 -9999.0 -9999.0 -9999.0 -9999.0 -9999.0 0.174805 0.160115 0.081285 0.176496 0.095378 0.084622 0.077507 0.080791 0.096913 0.144768 0.185762 0.040482 0.277499 0.223414 0.072868 0.040358 0.040029 0.071923 0.181841 0.054048 0.040172 0.230095 0.218540 0.031891 0.204228 0.040517 0.040755 0.096168 0.022847 0.169274 0.115543 0.229056 0.259849 0.148461 -9999.0 0.020402 0.122199 0.299882 0.242467 0.121014 0.112549 0.123298 0.286210 0.138282 0.222552 -9999.0 -9999.0 -9999.0 -9999.0 -9999.0 -9999.0 -9999.0
-9999.0 -9999.0 -9999.0 -9999.0 -9999.0 -9999.0 -9999.0 -9999.0 -9999.0 -9999.0 -9999.0 -9999.0 0.175223 0.271440 0.149028 0.147252 0.122997 0.079627 0.146767 0.098811 0.093967 0.094762 0.078990 0.041359 0.040076 0.040295 0.430000 0.113584 0.284084 0.029179 0.258059 0.040352 0.114881 0.301894 0.259789 0.237914 0.040393 0.040161 0.175802 0.067126 0.124579 0.073392 0.041256 0.252280 0.049704 0.097335 0.020410 0.199900 0.040079 0.041002 0.052761 0.040279 0.040026 0.040109 0.040068 0.341613 0.285492 -9999.0 -9999.0 -9999.0 -9999.0 -9999.0 -9999.0
-9999.0 -9999.0 -9999.0 -9999.0 -9999.0 -9999.0 -9999.0 -9999.0 -9999.0 -9999.0 -9999.0 0.041275 0.202352 0.092561 0.273051 0.153855 0.092280 0.094553 0.109720 0.111797 0.086337 0.154220 0.394047 0.040312 0.040369 0.040558 0.041160 0.273133 0.266410 0.088414 0.040305 0.040235 0.187023 0.297491 0.108382 0.272109 0.193918 0.041168 0.166891 0.092679 0.041147 0.122804 0.210772 0.021707 0.158741 0.281076 0.259438 0.081990 0.088729 0.025578 0.020072 0.273980 0.040032 0.020038 0.020032 0.020128 0.021359 -9999.0 -9999.0 -9999.0 -9999.0 -9999.0 -9999.0
-9999.0 -9999.0 -9999.0 -9999.0 -9999.0 -9999.0 -9999.0 -9999.0 -9999.0 -9999.0 0.430000 0.053644 0.207825 0.194483 0.168804 0.430000 0.429968 0.170832 0.092765 0.116018 0.122040 0.184078 0.040628 0.209700 0.104449 0.040098 0.040150 0.020049 0.109422 0.162545 0.054903 0.040206 0.187837 0.295031 0.020434 0.048048 0.176827 0.040656 0.042893 0.362049 0.216865 0.024520 0.162828 0.215125 0.073960 0.089277 0.214430 0.041914 0.040797 0.146447 0.020046 0.020343 0.020029 0.020090 0.020104 0.294614 0.302059 -9999.0 -9999.0 -9999.0 -9999.0 -9999.0 -9999.0
-9999.0 -9999.0 -9999.0 -9999.0 -9999.0 -9999.0 -9999.0 -9999.0 -9999.0 0.218943 0.265982 0.059206 0.092539 0.041162 0.056953 0.076706 0.063784 0.160017 0.078518 0.108283 0.114932 0.107308 0.110298 0.116747 0.311479 0.040088 0.040063 0.192575 0.053203 0.159129 0.364978 0.020113 0.073095 0.020520 0.021476 0.047194 0.194413 0.040277 0.040475 0.058988 0.040399 0.041338 0.040876 0.126317 0.122289 0.069005 0.144491 0.040735 0.040786 0.352571 0.020193 0.021142 0.020084 0.020092 0.020140 0.040029 0.040061 0.059180 0.020202 -9999.0 -9999.0 -9999.0 -9999.0
-9999.0 -9999.0 -9999.0 -9999.0 -9999.0 -9999.0 -9999.0 -9999.0 -9999.0 0.119041 0.220826 0.152000 0.430000 0.235171 0.058217 0.041045 0.200013 0.135910 0.076409 0.097711 0.103728 0.080184 0.153815 0.240331 0.040170 0.040218 0.041460 0.129060 0.286425 0.241819 0.156141 0.040047 0.258396 0.241836 0.299130 0.038846 0.062143 0.095028 0.219483 0.175897 0.040626 0.040163 0.042828 0.223988 0.153772 0.150265 0.114326 0.111304 0.214244 0.231292 0.020057 0.040012 0.020081 0.040051 0.021325 0.040018 0.040077 0.040150 0.091838 -9999.0 -9999.0 -9999.0 -9999.0
-9999.0 -9999.0 -9999.0 -9999.0 -9999.0 -9999.0 -9999.0 -9999.0 -9999.0 -9999.0 0.260793 0.178218 0.083959 0.040396 0.193004 0.065117 0.199679 0.095266 0.074486 0.095061 0.107573 0.071360 0.112087 0.042177 0.040347 0.072456 0.345675 0.220131 0.178881 0.040074 0.040052 0.040033 0.040027 0.282056 0.252863 0.190143 0.223331 0.231651 0.071200 0.258143 0.266762 0.252780 0.430000 0.071371 0.165625 0.230002 0.086821 0.153916 0.063151 0.139323 0.020098 0.020106 0.020113 0.020082 0.040048 0.108187 0.366255 0.040107 0.066507 0.095753 -9999.0 -9999.0 -9999.0
-9999.0 -9999.0 -9999.0 -9999.0 -9999.0 -9999.0 -9999.0 -9999.0 -9999.0 -9999.0 0.298043 0.222116 0.236200 0.155329 0.249273 0.160198 0.190292 0.107861 0.085709 0.084077 0.086663 0.086968 0.086262 0.058323 0.074327 0.299191 0.222565 0.181999 0.040114 0.040032 0.258787 0.301093 0.020062 0.230910 0.246347 0.245029 0.040117 0.058058 0.040136 0.271165 0.251790 0.150989 0.041351 0.165677 0.247459 0.020988 0.165001 0.158689 0.080962 0.071668 0.402980 0.040131 0.040021 0.020186 0.020065 0.020083 0.040431 0.040658 0.368738 0.290671 -9999.0 -9999.0 -9999.0
-9999.0 -9999.0 -9999.0 -9999.0 -9999.0 -9999.0 -9999.0 -9999.0 0.286077 0.270238 0.124704 0.291768 0.040581 0.042995 0.054328 0.187351 0.064957 0.080071 0.080565 0.082338 0.080618 0.073656 0.075376 0.081435 0.148125 0.230970 0.248084 0.040318 0.040224 0.040034 0.020428 0.260602 0.256080 0.233996 0.260235 0.217737 0.132357 0.071581 0.040032 0.040866 0.084935 0.252030 0.020074 0.062488 0.079804 0.430000 0.040036 0.041902 0.201460 0.205678 0.306273 0.020360 0.040040 0.040010 0.020094 0.097825 0.079403 0.240762 0.154661 0.108470 -9999.0 -9999.0 -9999.0
-9999.0 -9999.0 -9999.0 -9999.0 -9999.0 -9999.0 -9999.0 -9999.0 0.020062 0.040324 0.040052 0.271025 0.227690 0.040060 0.040245 0.217223 0.095921 0.083682 0.062613 0.081986 0.147517 0.090028 0.083270 0.077712 0.076517 0.123628 0.271911 0.054273 0.020064 0.279592 0.228423 0.046655 0.235357 0.057893 0.280719 0.247599 0.131433 0.368855 0.045487 0.191187 0.252927 0.153446 0.068305 0.176876 0.430000 0.040722 0.020060 0.207804 0.053834 0.235930 0.275622 0.056039 0.040018 0.086565 0.128585 0.020137 0.040518 0.170340 0.078715 0.112942 0.084902 -9999.0 -9999.0
-9999.0 -9999.0 -9999.0 -9999.0 -9999.0 -9999.0 -9999.0 -9999.0 0.249334 0.430000 0.366553 0.040028 0.324059 0.020083 0.040726 0.040343 0.150890 0.082046 0.072731 0.146860 0.081751 0.089400 0.082995 0.081587 0.088723 0.083785 0.250725 0.040124 0.020052 0.257345 0.065869 0.274902 0.040124 0.020234 0.257967 0.141547 0.223839 0.220525 0.069858 0.041631 0.202372 0.069101 0.261638 0.430000 0.040268 0.268194 0.027699 0.303234 0.040102 0.145530 0.194869 0.335512 0.040030 0.040019 0.046048 0.194307 0.356377 0.174404 0.077682 0.116861 0.104207 -9999.0 -9999.0
-9999.0 -9999.0 -9999.0 -9999.0 -9999.0 -9999.0 -9999.0 -9999.0 0.020416 0.209148 0.041817 0.020053 0.295507 0.040223 0.020673 0.287125 0.066599 0.073878 0.110051 0.083286 0.082809 0.083315 0.091178 0.090602 0.094577 0.145470 0.060321 0.040049 0.235243 0.042095 0.040809 0.050159 0.085263 0.420761 0.024443 0.125271 0.106284 0.080775 0.179215 0.089039 0.157021 0.153156 0.160073 0.078382 0.280950 0.077556 0.106807 0.091632 0.230949 0.040494 0.221495 0.154065 0.303851 0.052809 0.384055 0.312912 0.128634 0.137481 0.115924 0.107249 0.096394 0.138031 -9999.0
-9999.0 -9999.0 -9999.0 -9999.0 -9999.0 -9999.0 -9999.0 -9999.0 0.040116 0.314560 0.040049 0.040076 0.040913 0.042629 0.328580 0.162182 0.177008 0.093808 0.127345 0.082555 0.085261 0.086318 0.084018 0.083915 0.080838 0.152099 0.040164 0.073870 0.239868 0.429986 0.041730 0.324512 0.123924 0.237211 0.136683 0.069160 0.062905 0.075636 0.066976 0.149287 0.107032 0.022092 0.153396 0.044521 0.040620 0.152060 0.050404 0.072891 0.045907 0.304901 0.089771 0.121932 0.149891 0.179546 0.255123 0.243156 0.172307 0.134139 0.120064 0.077208 0.083661 0.145160 -9999.0
-9999.0 -9999.0 0.110670 0.267892 0.040021 0.040175 0.040047 0.040068 0.337199 0.329960 0.040395 0.040311 0.044053 0.430000 0.170442 0.422653 0.114659 0.040125 0.041572 0.209235 0.082874 0.086967 0.100289 0.082165 0.088384 0.090701 0.166782 0.172481 0.109309 0.162197 0.128291 0.136792 0.130140 0.085413 0.082626 0.078603 0.080288 0.072696 0.064172 0.069366 0.061329 0.061281 0.071340 0.101256 0.197516 0.108272 0.186322 0.200297 0.066626 0.087145 0.082382 0.119104 0.161027 0.195343 0.221724 0.197869 0.177806 0.135653 0.086892 0.096880 0.139595 0.156505 -9999.0
-9999.0 0.041219 0.040867 0.040506 0.040206 0.040493 0.040089 0.040044 0.040023 0.287230 0.040111 0.040281 0.317243 0.264760 0.412605 0.041543 0.040338 0.040117 0.040258 0.186686 0.085181 0.078849 0.125157 0.116627 0.084192 0.084252 0.089367 0.091374 0.080961 0.106351 0.081146 0.081779 0.081263 0.089693 0.078736 0.081747 0.072410 0.070258 0.081451 0.081741 0.076531 0.079408 0.071450 0.076279 0.079179 0.077786 0.110740 0.074163 0.077723 0.106255 0.116337 0.144621 0.177439 0.222100 0.227493 0.333672 0.302684 0.278049 0.327897 0.248931 0.225857 0.159383 -9999.0
-9999.0 0.239123 0.105191 0.081394 0.261680 0.059371 0.040032 0.040030 0.312195 0.099431 0.040062 0.040124 0.272199 0.318424 0.046707 0.040032 0.040050 0.040087 0.040587 0.123787 0.254771 0.161402 0.139412 0.149914 0.169858 0.151763 0.079232 0.084490 0.084090 0.072272 0.071420 0.071921 0.084261 0.090235 0.090422 0.082981 0.136304 0.132921 0.080625 0.080512 0.080728 0.085218 0.073958 0.079568 0.076139 0.070155 0.089912 0.089220 0.092901 0.100488 0.110201 0.158070 0.246275 0.337045 0.430000 0.074558 0.043040 0.052743 0.070696 0.047104 0.086267 -9999.0 -9999.0
-9999.0 0.102457 0.058553 0.041756 0.297440 0.260748 0.272659 0.040068 0.040111 0.040129 0.040424 0.097748 0.258275 0.385840 0.040081 0.040021 0.040033 0.040127 0.040072 0.040532 0.044252 0.079700 0.142849 0.181883 0.176283 0.114397 0.104133 0.098812 0.083582 0.090132 0.081713 0.081339 0.087157 0.085490 0.083575 0.082260 0.081862 0.130970 0.081595 0.081485 0.081590 0.135656 0.082351 0.080781 0.080881 0.085307 0.087311 0.093684 0.108714 0.106142 0.153050 0.227413 0.094610 0.430000 0.043097 0.040115 0.040109 0.040068 0.040079 -9999.0 -9999.0 -9999.0 -9999.0
