user2019/resources/simulation/Vinschgau/output-maps/thetaliqL0007N0799.asc
ncols         63
nrows         48
xllcorner     598000.000000
yllcorner     5145000.000000
cellsize      1000.000000
NODATA_value  -9999.0
[rows 0 to 28 of 48, columns 0 to 62 of 63]
-9999.0 -9999.0 -9999.0 -9999.0 -9999.0 -9999.0 -9999.0 -9999.0 -9999.0 -9999.0 -9999.0 -9999.0 -9999.0 -9999.0 -9999.0 -9999.0 -9999.0 -9999.0 -9999.0 -9999.0 -9999.0 -9999.0 -9999.0 -9999.0 -9999.0 -9999.0 -9999.0 -9999.0 -9999.0 -9999.0 -9999.0 -9999.0 -9999.0 -9999.0 -9999.0 -9999.0 -9999.0 -9999.0 -9999.0 -9999.0 -9999.0 -9999.0 -9999.0 -9999.0 -9999.0 -9999.0 -9999.0 -9999.0 -9999.0 -9999.0 -9999.0 -9999.0 -9999.0 -9999.0 -9999.0 -9999.0 -9999.0 -9999.0 -9999.0 -9999.0 -9999.0 -9999.0 -9999.0
-9999.0 -9999.0 -9999.0 -9999.0 -9999.0 -9999.0 -9999.0 -9999.0 -9999.0 -9999.0 -9999.0 -9999.0 -9999.0 -9999.0 -9999.0 -9999.0 -9999.0 -9999.0 -9999.0 -9999.0 -9999.0 -9999.0 -9999.0 -9999.0 -9999.0 -9999.0 -9999.0 0.020036 0.020106 0.020034 0.020041 0.020034 0.020030 -9999.0 -9999.0 -9999.0 -9999.0 -9999.0 -9999.0 -9999.0 -9999.0 -9999.0 -9999.0 -9999.0 -9999.0 -9999.0 -9999.0 -9999.0 -9999.0 -9999.0 -9999.0 -9999.0 -9999.0 -9999.0 -9999.0 -9999.0 -9999.0 -9999.0 -9999.0 -9999.0 -9999.0 -9999.0 -9999.0
-9999.0 -9999.0 -9999.0 -9999.0 -9999.0 -9999.0 -9999.0 -9999.0 -9999.0 -9999.0 -9999.0 -9999.0 -9999.0 -9999.0 -9999.0 -9999.0 -9999.0 -9999.0 -9999.0 -9999.0 -9999.0 -9999.0 -9999.0 -9999.0 0.091850 0.130190 0.188209 0.117159 0.020091 0.020085 0.020056 -9999.0 -9999.0 -9999.0 -9999.0 -9999.0 -9999.0 -9999.0 -9999.0 -9999.0 -9999.0 -9999.0 -9999.0 -9999.0 -9999.0 -9999.0 -9999.0 -9999.0 -9999.0 -9999.0 -9999.0 -9999.0 -9999.0 -9999.0 -9999.0 -9999.0 -9999.0 -9999.0 -9999.0 -9999.0 -9999.0 -9999.0 -9999.0
-9999.0 -9999.0 -9999.0 -9999.0 -9999.0 -9999.0 -9999.0 -9999.0 -9999.0 -9999.0 -9999.0 -9999.0 -9999.0 -9999.0 -9999.0 -9999.0 -9999.0 -9999.0 -9999.0 -9999.0 -9999.0 -9999.0 -9999.0 0.138011 0.194081 0.377803 0.067254 0.021065 0.022157 0.020539 0.020082 0.020041 -9999.0 -9999.0 -9999.0 -9999.0 -9999.0 -9999.0 -9999.0 -9999.0 -9999.0 -9999.0 -9999.0 -9999.0 -9999.0 -9999.0 -9999.0 -9999.0 -9999.0 -9999.0 -9999.0 -9999.0 -9999.0 -9999.0 -9999.0 -9999.0 -9999.0 -9999.0 -9999.0 -9999.0 -9999.0 -9999.0 -9999.0
-9999.0 -9999.0 -9999.0 -9999.0 -9999.0 -9999.0 -9999.0 -9999.0 -9999.0 -9999.0 -9999.0 -9999.0 -9999.0 -9999.0 -9999.0 -9999.0 -9999.0 -9999.0 0.430000 0.183216 -9999.0 0.177446 0.193378 0.021223 0.070146 0.021108 0.429187 0.430000 0.430000 0.069908 0.020145 0.020087 0.020027 0.020020 -9999.0 -9999.0 -9999.0 -9999.0 -9999.0 -9999.0 -9999.0 -9999.0 -9999.0 -9999.0 -9999.0 -9999.0 -9999.0 -9999.0 -9999.0 -9999.0 -9999.0 -9999.0 -9999.0 -9999.0 -9999.0 -9999.0 -9999.0 -9999.0 -9999.0 -9999.0 -9999.0 -9999.0 -9999.0
-9999.0 -9999.0 -9999.0 -9999.0 -9999.0 -9999.0 -9999.0 -9999.0 -9999.0 -9999.0 -9999.0 -9999.0 -9999.0 -9999.0 -9999.0 -9999.0 -9999.0 0.240076 0.054765 0.021063 0.020164 0.430000 0.072304 0.022235 0.422092 0.069024 0.072302 0.099537 0.074677 0.430000 0.110186 0.020073 0.020039 0.020034 0.020024 0.020020 -9999.0 -9999.0 -9999.0 -9999.0 -9999.0 -9999.0 -9999.0 -9999.0 -9999.0 -9999.0 -9999.0 -9999.0 -9999.0 -9999.0 -9999.0 -9999.0 -9999.0 -9999.0 -9999.0 -9999.0 -9999.0 -9999.0 -9999.0 -9999.0 -9999.0 -9999.0 -9999.0
-9999.0 -9999.0 -9999.0 -9999.0 -9999.0 -9999.0 -9999.0 -9999.0 -9999.0 -9999.0 -9999.0 -9999.0 -9999.0 0.130827 0.088241 0.362628 0.195327 0.049990 0.244309 0.021224 0.070570 0.066020 0.021385 0.141770 0.075598 0.188053 0.020170 0.020278 0.023044 0.087080 0.166537 0.020108 0.020040 0.020030 0.020026 0.020019 -9999.0 -9999.0 -9999.0 -9999.0 -9999.0 -9999.0 -9999.0 -9999.0 -9999.0 -9999.0 -9999.0 -9999.0 -9999.0 -9999.0 -9999.0 -9999.0 -9999.0 -9999.0 -9999.0 -9999.0 -9999.0 -9999.0 -9999.0 -9999.0 -9999.0 -9999.0 -9999.0
-9999.0 -9999.0 -9999.0 -9999.0 -9999.0 -9999.0 -9999.0 -9999.0 -9999.0 -9999.0 -9999.0 -9999.0 -9999.0 0.198459 0.079253 0.348973 0.233894 0.429895 0.050010 0.057853 0.020298 0.050369 0.070186 0.077765 0.086569 0.022848 0.020106 0.020036 0.020029 0.020206 0.020153 0.020050 0.020027 0.020016 0.020020 -9999.0 -9999.0 -9999.0 -9999.0 -9999.0 -9999.0 -9999.0 -9999.0 -9999.0 -9999.0 -9999.0 -9999.0 -9999.0 -9999.0 -9999.0 -9999.0 -9999.0 -9999.0 -9999.0 -9999.0 -9999.0 -9999.0 -9999.0 -9999.0 -9999.0 -9999.0 -9999.0 -9999.0
-9999.0 -9999.0 -9999.0 -9999.0 -9999.0 -9999.0 -9999.0 -9999.0 -9999.0 -9999.0 -9999.0 -9999.0 -9999.0 0.069352 0.200000 0.388379 0.328267 0.259408 0.050027 0.219580 0.197163 0.021325 0.073448 0.074078 0.093703 0.104474 0.020065 0.020027 0.020045 0.020018 0.020037 0.020015 0.020015 0.020016 0.020018 -9999.0 -9999.0 -9999.0 -9999.0 -9999.0 -9999.0 -9999.0 -9999.0 -9999.0 -9999.0 -9999.0 -9999.0 -9999.0 -9999.0 -9999.0 -9999.0 -9999.0 -9999.0 -9999.0 -9999.0 -9999.0 -9999.0 -9999.0 -9999.0 -9999.0 -9999.0 -9999.0 -9999.0
-9999.0 -9999.0 -9999.0 -9999.0 -9999.0 -9999.0 -9999.0 -9999.0 -9999.0 -9999.0 -9999.0 -9999.0 0.021632 0.200000 0.086138 0.103038 0.425004 0.368015 0.423694 0.021105 0.071335 0.081465 0.021408 0.103077 0.393428 0.020105 0.020103 0.020056 0.020045 0.020025 0.020016 0.020025 0.020025 0.020018 -9999.0 -9999.0 -9999.0 -9999.0 -9999.0 -9999.0 -9999.0 -9999.0 -9999.0 -9999.0 -9999.0 -9999.0 -9999.0 -9999.0 -9999.0 -9999.0 -9999.0 -9999.0 -9999.0 -9999.0 -9999.0 -9999.0 -9999.0 -9999.0 -9999.0 -9999.0 -9999.0 -9999.0 -9999.0
-9999.0 -9999.0 -9999.0 -9999.0 -9999.0 -9999.0 -9999.0 -9999.0 -9999.0 -9999.0 -9999.0 0.192139 0.126663 0.430000 0.099256 0.199382 0.021163 0.390859 0.430000 0.021070 0.021604 0.430000 0.076918 0.020119 0.020143 0.020130 0.020030 0.020102 0.020081 0.020020 0.020025 0.020047 0.020026 0.020022 0.020024 0.020027 0.020044 0.020089 0.020098 -9999.0 -9999.0 -9999.0 0.020021 -9999.0 -9999.0 -9999.0 -9999.0 -9999.0 -9999.0 -9999.0 -9999.0 -9999.0 -9999.0 -9999.0 -9999.0 -9999.0 -9999.0 -9999.0 -9999.0 -9999.0 -9999.0 -9999.0 -9999.0
-9999.0 -9999.0 -9999.0 -9999.0 -9999.0 -9999.0 -9999.0 -9999.0 -9999.0 -9999.0 -9999.0 0.186707 0.119219 0.023882 0.098290 0.112458 0.077982 0.050337 0.428255 0.430000 0.199288 0.150453 0.175281 0.020180 0.020107 0.020103 0.020094 0.020059 0.020036 0.020021 0.020058 0.020093 0.020045 0.020028 0.020026 0.020051 0.020137 0.020170 0.020110 0.020023 0.020023 0.020021 0.020047 0.020027 -9999.0 -9999.0 -9999.0 0.040019 0.020024 0.020024 0.020030 0.020021 0.020020 0.040021 0.040022 0.020019 -9999.0 -9999.0 -9999.0 -9999.0 -9999.0 -9999.0 -9999.0
-9999.0 -9999.0 -9999.0 -9999.0 -9999.0 -9999.0 -9999.0 -9999.0 -9999.0 -9999.0 -9999.0 0.090451 0.186376 0.024597 0.430000 0.140305 0.139089 0.074573 0.197112 0.428460 0.429954 0.023212 0.119631 0.065927 0.020102 0.020039 0.092279 0.020098 0.020033 0.020028 0.020030 0.020040 0.020131 0.020033 0.020027 0.020049 0.020100 0.020128 0.020252 0.020033 0.020112 0.020038 0.020053 0.020104 0.020033 -9999.0 0.020018 0.020030 0.020054 0.020111 0.020130 0.020045 0.020065 0.020066 0.020035 0.020033 -9999.0 -9999.0 -9999.0 -9999.0 -9999.0 -9999.0 -9999.0
-9999.0 -9999.0 -9999.0 -9999.0 -9999.0 -9999.0 -9999.0 -9999.0 -9999.0 -9999.0 -9999.0 -9999.0 0.190101 0.412039 0.197153 0.198128 0.079401 0.065654 0.430000 0.430000 0.072938 0.023005 0.020371 0.096818 0.020121 0.109125 0.173946 0.020108 0.020047 0.020028 0.020095 0.020087 0.020132 0.020044 0.020034 0.020077 0.020217 0.021870 0.068754 0.020139 0.020204 0.020112 0.020060 0.161400 0.020030 0.020031 0.020023 0.020032 0.020046 0.020148 0.429251 0.020093 0.160782 0.040051 0.020038 0.020043 0.020052 -9999.0 -9999.0 -9999.0 -9999.0 -9999.0 -9999.0
-9999.0 -9999.0 -9999.0 -9999.0 -9999.0 -9999.0 -9999.0 -9999.0 -9999.0 -9999.0 -9999.0 0.409861 0.093557 0.045409 0.120879 0.128484 0.139453 0.083772 0.199570 0.413661 0.073067 0.071611 0.140470 0.020181 0.119370 0.021866 0.402824 0.020050 0.020056 0.020041 0.052445 0.020114 0.020104 0.020047 0.020025 0.020047 0.020083 0.020347 0.168497 0.044698 0.020333 0.032737 0.078935 0.020294 0.140825 0.020075 0.020039 0.020041 0.020062 0.021494 0.020038 0.020049 0.020029 0.020023 0.020019 0.020020 0.020025 -9999.0 -9999.0 -9999.0 -9999.0 -9999.0 -9999.0
-9999.0 -9999.0 -9999.0 -9999.0 -9999.0 -9999.0 -9999.0 -9999.0 -9999.0 -9999.0 0.407315 0.128175 0.190639 0.189349 0.197115 0.196890 0.195567 0.075035 0.347129 0.419409 0.430000 0.430000 0.024438 0.196245 0.126218 0.375907 0.020138 0.020030 0.020127 0.046950 0.045906 0.051647 0.020182 0.020042 0.020019 0.020030 0.020135 0.020223 0.027657 0.081460 0.023463 0.021456 0.050366 0.430000 0.113003 0.020048 0.020117 0.020113 0.040635 0.132017 0.020030 0.020023 0.020017 0.020017 0.020016 0.020039 0.020029 -9999.0 -9999.0 -9999.0 -9999.0 -9999.0 -9999.0
-9999.0 -9999.0 -9999.0 -9999.0 -9999.0 -9999.0 -9999.0 -9999.0 -9999.0 0.020108 0.237616 0.268925 0.069473 0.121391 0.356042 0.134627 0.133020 0.199486 0.058933 0.345704 0.430000 0.059767 0.023756 0.090065 0.430000 0.020094 0.020110 0.076635 0.022625 0.126051 0.134591 0.020081 0.020031 0.020019 0.020022 0.020029 0.020059 0.020059 0.020210 0.087927 0.039735 0.082361 0.025735 0.070627 0.025864 0.022963 0.153018 0.020253 0.020261 0.430000 0.020053 0.020025 0.020016 0.020017 0.020021 0.020025 0.020041 0.020029 0.020023 -9999.0 -9999.0 -9999.0 -9999.0
-9999.0 -9999.0 -9999.0 -9999.0 -9999.0 -9999.0 -9999.0 -9999.0 -9999.0 0.020032 0.020034 0.020182 0.200000 0.117615 0.113030 0.116956 0.197125 0.125237 0.056831 0.421346 0.428821 0.115902 0.430000 0.198517 0.020132 0.098909 0.118649 0.123721 0.119768 0.430000 0.073074 0.020066 0.020059 0.020034 0.020046 0.020031 0.020035 0.020058 0.020100 0.020231 0.349429 0.020139 0.081923 0.111016 0.429704 0.429939 0.086577 0.022479 0.022674 0.128987 0.020048 0.020025 0.020018 0.020020 0.020023 0.040025 0.020034 0.020082 0.020040 -9999.0 -9999.0 -9999.0 -9999.0
-9999.0 -9999.0 -9999.0 -9999.0 -9999.0 -9999.0 -9999.0 -9999.0 -9999.0 -9999.0 0.020080 0.020149 0.142219 0.430000 0.023017 0.112606 0.125043 0.114362 0.056841 0.415069 0.430000 0.022986 0.081310 0.027426 0.109371 0.118742 0.116761 0.130677 0.074629 0.020111 0.020070 0.165789 0.020036 0.020037 0.020058 0.020104 0.178795 0.189870 0.020036 0.020057 0.020056 0.183260 0.200000 0.027915 0.029020 0.085779 0.028854 0.430000 0.022699 0.023163 0.020073 0.020045 0.020021 0.020018 0.020020 0.020028 0.020080 0.086343 0.020158 0.122019 -9999.0 -9999.0 -9999.0
-9999.0 -9999.0 -9999.0 -9999.0 -9999.0 -9999.0 -9999.0 -9999.0 -9999.0 -9999.0 0.020043 0.020119 0.151439 0.082882 0.430000 0.063733 0.067151 0.387429 0.381456 0.255929 0.268319 0.058002 0.067326 0.098930 0.112606 0.117876 0.430000 0.080964 0.020112 0.020042 0.020071 0.020094 0.020031 0.020032 0.020098 0.020460 0.120679 0.086344 0.020078 0.020046 0.020099 0.020081 0.020102 0.020152 0.418618 0.020240 0.147385 0.028716 0.028558 0.024891 0.023705 0.020073 0.020037 0.020022 0.020017 0.020019 0.020030 0.020232 0.096233 0.430000 -9999.0 -9999.0 -9999.0
-9999.0 -9999.0 -9999.0 -9999.0 -9999.0 -9999.0 -9999.0 -9999.0 0.059230 0.020094 0.020039 0.020146 0.020103 0.020108 0.020223 0.430000 0.053451 0.117515 0.392488 0.206351 0.218015 0.050675 0.053756 0.058635 0.088648 0.430000 0.430000 0.050156 0.020156 0.020036 0.020018 0.020051 0.020088 0.020037 0.020038 0.020105 0.140076 0.135772 0.020054 0.020030 0.020039 0.020101 0.020038 0.020032 0.020116 0.184007 0.020059 0.145448 0.028041 0.430000 0.071198 0.020117 0.020072 0.020023 0.020020 0.020038 0.020031 0.195192 0.024349 0.085309 -9999.0 -9999.0 -9999.0
-9999.0 -9999.0 -9999.0 -9999.0 -9999.0 -9999.0 -9999.0 -9999.0 0.020046 0.020172 0.020049 0.020044 0.020108 0.031600 0.078344 0.082542 0.068668 0.062431 0.020366 0.210220 0.427930 0.416551 0.411452 0.120975 0.053665 0.429135 0.430000 0.145615 0.020036 0.020054 0.020035 0.020034 0.020041 0.020035 0.020136 0.106678 0.166188 0.146369 0.020423 0.020137 0.020083 0.020022 0.020035 0.020145 0.104064 0.070321 0.020035 0.020128 0.027204 0.090903 0.083800 0.142319 0.020040 0.020036 0.020106 0.020056 0.020215 0.023175 0.024880 0.430000 0.228198 -9999.0 -9999.0
-9999.0 -9999.0 -9999.0 -9999.0 -9999.0 -9999.0 -9999.0 -9999.0 0.020089 0.020109 0.020134 0.020038 0.020084 0.020043 0.126492 0.020219 0.060552 0.071607 0.044928 0.419260 0.208002 0.383198 0.405300 0.307363 0.416288 0.070005 0.088340 0.041623 0.020032 0.020100 0.020041 0.020217 0.020135 0.020121 0.100188 0.171399 0.020909 0.029146 0.027008 0.020312 0.020131 0.020041 0.023535 0.020105 0.020266 0.020220 0.020031 0.020107 0.020297 0.028944 0.430000 0.071403 0.020057 0.020042 0.020160 0.149755 0.157126 0.150765 0.080238 0.430000 0.430000 -9999.0 -9999.0
-9999.0 -9999.0 -9999.0 -9999.0 -9999.0 -9999.0 -9999.0 -9999.0 0.020024 0.020142 0.236364 0.020033 0.020080 0.206503 0.020127 0.078582 0.021099 0.047166 0.425294 0.222810 0.234990 0.254570 0.385492 0.298825 0.343582 0.073182 0.083798 0.020070 0.190815 0.020355 0.020253 0.020513 0.021605 0.145074 0.020704 0.114879 0.127369 0.074598 0.030326 0.023814 0.029380 0.057364 0.022300 0.020116 0.023577 0.020045 0.020130 0.020065 0.020107 0.020216 0.086616 0.078618 0.072373 0.429502 0.160684 0.169120 0.084688 0.430000 0.430000 0.430000 0.430000 0.428823 -9999.0
-9999.0 -9999.0 -9999.0 -9999.0 -9999.0 -9999.0 -9999.0 -9999.0 0.020034 0.020138 0.266423 0.020087 0.020067 0.020193 0.198866 0.430000 0.430000 0.071186 0.075764 0.063461 0.296159 0.299987 0.251638 0.234439 0.117237 0.062948 0.064782 0.121496 0.118112 0.138175 0.026468 0.139774 0.025241 0.153489 0.024352 0.024398 0.024072 0.070525 0.026366 0.161235 0.024614 0.021414 0.023910 0.021401 0.020233 0.138639 0.023098 0.020311 0.022884 0.023270 0.023803 0.063956 0.073809 0.100018 0.200000 0.430000 0.430000 0.430000 0.430000 0.081931 0.077337 0.429799 -9999.0
-9999.0 -9999.0 0.020107 0.067191 0.020086 0.081078 0.020091 0.020071 0.020084 0.020106 0.040594 0.382639 0.020121 0.161612 0.200000 0.430000 0.027601 0.077587 0.133867 0.081369 0.060488 0.398460 0.430000 0.183530 0.260487 0.057340 0.061770 0.066355 0.074784 0.200000 0.073447 0.082621 0.430000 0.078139 0.138877 0.070679 0.126130 0.062020 0.023998 0.025417 0.023344 0.023947 0.026571 0.079540 0.026988 0.023903 0.136207 0.430000 0.023957 0.090255 0.082086 0.412218 0.430000 0.430000 0.430000 0.430000 0.430000 0.430000 0.090412 0.083450 0.430000 0.430000 -9999.0
-9999.0 0.117110 0.091172 0.106562 0.066339 0.020100 0.020091 0.020098 0.020044 0.020041 0.020130 0.034093 0.430000 0.430000 0.430000 0.020612 0.127324 0.033226 0.416809 0.074414 0.059548 0.073147 0.430000 0.430000 0.322066 0.292108 0.368737 0.407988 0.098882 0.430000 0.067834 0.085848 0.150293 0.430000 0.119398 0.416305 0.109004 0.049791 0.427202 0.419378 0.109914 0.131969 0.071449 0.065342 0.059716 0.056322 0.429999 0.062676 0.081425 0.430000 0.430000 0.430000 0.430000 0.430000 0.430000 0.430000 0.430000 0.430000 0.430000 0.430000 0.430000 0.430000 -9999.0
-9999.0 0.189583 0.065067 0.127934 0.430000 0.026508 0.020058 0.020085 0.020078 0.020036 0.020109 0.029437 0.081694 0.430000 0.027244 0.020057 0.020052 0.020134 0.133128 0.065960 0.430000 0.430000 0.430000 0.430000 0.430000 0.408440 0.149408 0.226233 0.419124 0.054443 0.042696 0.046101 0.430000 0.430000 0.430000 0.429818 0.430000 0.423375 0.421164 0.399055 0.419577 0.429855 0.136098 0.305682 0.157293 0.043514 0.401335 0.428167 0.429298 0.430000 0.430000 0.430000 0.430000 0.430000 0.096710 0.427392 0.078916 0.427127 0.087820 0.427592 0.428644 -9999.0 -9999.0
-9999.0 0.020189 0.090881 0.044606 0.081777 0.430000 0.430000 0.020099 0.031382 0.020155 0.116302 0.074509 0.148839 0.430000 0.020098 0.020044 0.020089 0.020142 0.020084 0.059801 0.077569 0.079224 0.354737 0.430000 0.430000 0.430000 0.430000 0.430000 0.253012 0.417756 0.181433 0.170286 0.430000 0.430000 0.429494 0.411095 0.419308 0.418618 0.406120 0.399375 0.400695 0.427433 0.423746 0.174048 0.168420 0.429103 0.426888 0.430000 0.430000 0.429988 0.088787 0.430000 0.427639 0.429851 0.412881 0.333139 0.334346 0.304262 0.368803 -9999.0 -9999.0 -9999.0 -9999.0
