user2019/resources/simulation/Vinschgau/output-maps/thetaliqL0008N0389.asc
ncols         63
nrows         48
xllcorner     598000.000000
yllcorner     5145000.000000
cellsize      1000.000000
NODATA_value  -9999.0
[rows 0 to 28 of 48, columns 0 to 62 of 63]
-9999.0 -9999.0 -9999.0 -9999.0 -9999.0 -9999.0 -9999.0 -9999.0 -9999.0 -9999.0 -9999.0 -9999.0 -9999.0 -9999.0 -9999.0 -9999.0 -9999.0 -9999.0 -9999.0 -9999.0 -9999.0 -9999.0 -9999.0 -9999.0 -9999.0 -9999.0 -9999.0 -9999.0 -9999.0 -9999.0 -9999.0 -9999.0 -9999.0 -9999.0 -9999.0 -9999.0 -9999.0 -9999.0 -9999.0 -9999.0 -9999.0 -9999.0 -9999.0 -9999.0 -9999.0 -9999.0 -9999.0 -9999.0 -9999.0 -9999.0 -9999.0 -9999.0 -9999.0 -9999.0 -9999.0 -9999.0 -9999.0 -9999.0 -9999.0 -9999.0 -9999.0 -9999.0 -9999.0
-9999.0 -9999.0 -9999.0 -9999.0 -9999.0 -9999.0 -9999.0 -9999.0 -9999.0 -9999.0 -9999.0 -9999.0 -9999.0 -9999.0 -9999.0 -9999.0 -9999.0 -9999.0 -9999.0 -9999.0 -9999.0 -9999.0 -9999.0 -9999.0 -9999.0 -9999.0 -9999.0 0.027800 0.040031 0.062565 0.020129 0.020419 0.020280 -9999.0 -9999.0 -9999.0 -9999.0 -9999.0 -9999.0 -9999.0 -9999.0 -9999.0 -9999.0 -9999.0 -9999.0 -9999.0 -9999.0 -9999.0 -9999.0 -9999.0 -9999.0 -9999.0 -9999.0 -9999.0 -9999.0 -9999.0 -9999.0 -9999.0 -9999.0 -9999.0 -9999.0 -9999.0 -9999.0
-9999.0 -9999.0 -9999.0 -9999.0 -9999.0 -9999.0 -9999.0 -9999.0 -9999.0 -9999.0 -9999.0 -9999.0 -9999.0 -9999.0 -9999.0 -9999.0 -9999.0 -9999.0 -9999.0 -9999.0 -9999.0 -9999.0 -9999.0 -9999.0 0.034574 0.085663 0.086255 0.086252 0.086255 0.076460 0.020110 -9999.0 -9999.0 -9999.0 -9999.0 -9999.0 -9999.0 -9999.0 -9999.0 -9999.0 -9999.0 -9999.0 -9999.0 -9999.0 -9999.0 -9999.0 -9999.0 -9999.0 -9999.0 -9999.0 -9999.0 -9999.0 -9999.0 -9999.0 -9999.0 -9999.0 -9999.0 -9999.0 -9999.0 -9999.0 -9999.0 -9999.0 -9999.0
-9999.0 -9999.0 -9999.0 -9999.0 -9999.0 -9999.0 -9999.0 -9999.0 -9999.0 -9999.0 -9999.0 -9999.0 -9999.0 -9999.0 -9999.0 -9999.0 -9999.0 -9999.0 -9999.0 -9999.0 -9999.0 -9999.0 -9999.0 0.068229 0.086267 0.026429 0.086281 0.086159 0.084109 0.086250 0.034267 0.020077 -9999.0 -9999.0 -9999.0 -9999.0 -9999.0 -9999.0 -9999.0 -9999.0 -9999.0 -9999.0 -9999.0 -9999.0 -9999.0 -9999.0 -9999.0 -9999.0 -9999.0 -9999.0 -9999.0 -9999.0 -9999.0 -9999.0 -9999.0 -9999.0 -9999.0 -9999.0 -9999.0 -9999.0 -9999.0 -9999.0 -9999.0
-9999.0 -9999.0 -9999.0 -9999.0 -9999.0 -9999.0 -9999.0 -9999.0 -9999.0 -9999.0 -9999.0 -9999.0 -9999.0 -9999.0 -9999.0 -9999.0 -9999.0 -9999.0 0.095114 0.086276 -9999.0 0.045619 0.086262 0.086229 0.079735 0.085689 0.058602 0.050573 0.094986 0.061251 0.086249 0.030726 0.044764 0.020047 -9999.0 -9999.0 -9999.0 -9999.0 -9999.0 -9999.0 -9999.0 -9999.0 -9999.0 -9999.0 -9999.0 -9999.0 -9999.0 -9999.0 -9999.0 -9999.0 -9999.0 -9999.0 -9999.0 -9999.0 -9999.0 -9999.0 -9999.0 -9999.0 -9999.0 -9999.0 -9999.0 -9999.0 -9999.0
-9999.0 -9999.0 -9999.0 -9999.0 -9999.0 -9999.0 -9999.0 -9999.0 -9999.0 -9999.0 -9999.0 -9999.0 -9999.0 -9999.0 -9999.0 -9999.0 -9999.0 0.073614 0.058711 0.085957 0.086201 0.020975 0.052735 0.078172 0.096297 0.020844 0.020183 0.020207 0.020227 0.021627 0.086269 0.086248 0.086194 0.064666 0.020067 0.020230 -9999.0 -9999.0 -9999.0 -9999.0 -9999.0 -9999.0 -9999.0 -9999.0 -9999.0 -9999.0 -9999.0 -9999.0 -9999.0 -9999.0 -9999.0 -9999.0 -9999.0 -9999.0 -9999.0 -9999.0 -9999.0 -9999.0 -9999.0 -9999.0 -9999.0 -9999.0 -9999.0
-9999.0 -9999.0 -9999.0 -9999.0 -9999.0 -9999.0 -9999.0 -9999.0 -9999.0 -9999.0 -9999.0 -9999.0 -9999.0 0.025562 0.022732 0.021932 0.032723 0.086225 0.068663 0.086135 0.086283 0.086284 0.085941 0.086316 0.020646 0.020109 0.020148 0.020119 0.020218 0.020122 0.020457 0.020086 0.020075 0.020149 0.020110 0.020108 -9999.0 -9999.0 -9999.0 -9999.0 -9999.0 -9999.0 -9999.0 -9999.0 -9999.0 -9999.0 -9999.0 -9999.0 -9999.0 -9999.0 -9999.0 -9999.0 -9999.0 -9999.0 -9999.0 -9999.0 -9999.0 -9999.0 -9999.0 -9999.0 -9999.0 -9999.0 -9999.0
-9999.0 -9999.0 -9999.0 -9999.0 -9999.0 -9999.0 -9999.0 -9999.0 -9999.0 -9999.0 -9999.0 -9999.0 -9999.0 0.061342 0.050123 0.021691 0.021702 0.095557 0.086209 0.086268 0.036440 0.086256 0.050447 0.021346 0.037763 0.024542 0.044230 0.020207 0.020477 0.020267 0.020102 0.020204 0.020206 0.020068 0.020129 -9999.0 -9999.0 -9999.0 -9999.0 -9999.0 -9999.0 -9999.0 -9999.0 -9999.0 -9999.0 -9999.0 -9999.0 -9999.0 -9999.0 -9999.0 -9999.0 -9999.0 -9999.0 -9999.0 -9999.0 -9999.0 -9999.0 -9999.0 -9999.0 -9999.0 -9999.0 -9999.0 -9999.0
-9999.0 -9999.0 -9999.0 -9999.0 -9999.0 -9999.0 -9999.0 -9999.0 -9999.0 -9999.0 -9999.0 -9999.0 -9999.0 0.059844 0.086333 0.046184 0.020650 0.021902 0.086202 0.153033 0.086277 0.021189 0.020676 0.020238 0.021093 0.020393 0.067943 0.020550 0.029903 0.020215 0.020201 0.020043 0.020067 0.020021 0.020069 -9999.0 -9999.0 -9999.0 -9999.0 -9999.0 -9999.0 -9999.0 -9999.0 -9999.0 -9999.0 -9999.0 -9999.0 -9999.0 -9999.0 -9999.0 -9999.0 -9999.0 -9999.0 -9999.0 -9999.0 -9999.0 -9999.0 -9999.0 -9999.0 -9999.0 -9999.0 -9999.0 -9999.0
-9999.0 -9999.0 -9999.0 -9999.0 -9999.0 -9999.0 -9999.0 -9999.0 -9999.0 -9999.0 -9999.0 -9999.0 0.036677 0.086380 0.021020 0.020401 0.020277 0.021909 0.100256 0.085577 0.070520 0.020111 0.020295 0.020135 0.021377 0.020299 0.020146 0.020066 0.071171 0.020367 0.020119 0.020192 0.022228 0.020081 -9999.0 -9999.0 -9999.0 -9999.0 -9999.0 -9999.0 -9999.0 -9999.0 -9999.0 -9999.0 -9999.0 -9999.0 -9999.0 -9999.0 -9999.0 -9999.0 -9999.0 -9999.0 -9999.0 -9999.0 -9999.0 -9999.0 -9999.0 -9999.0 -9999.0 -9999.0 -9999.0 -9999.0 -9999.0
-9999.0 -9999.0 -9999.0 -9999.0 -9999.0 -9999.0 -9999.0 -9999.0 -9999.0 -9999.0 -9999.0 0.020094 0.020622 0.022138 0.020133 0.020109 0.020112 0.021239 0.430000 0.085721 0.027778 0.050084 0.038760 0.020233 0.022411 0.020104 0.020312 0.033651 0.035808 0.020261 0.020067 0.086244 0.021472 0.020045 0.022474 0.055916 0.086210 0.086220 0.086243 -9999.0 -9999.0 -9999.0 0.020038 -9999.0 -9999.0 -9999.0 -9999.0 -9999.0 -9999.0 -9999.0 -9999.0 -9999.0 -9999.0 -9999.0 -9999.0 -9999.0 -9999.0 -9999.0 -9999.0 -9999.0 -9999.0 -9999.0 -9999.0
-9999.0 -9999.0 -9999.0 -9999.0 -9999.0 -9999.0 -9999.0 -9999.0 -9999.0 -9999.0 -9999.0 0.020080 0.020130 0.024521 0.020271 0.020313 0.032756 0.029999 0.430000 0.430000 0.086313 0.086259 0.043677 0.020154 0.020197 0.020108 0.053628 0.084607 0.030274 0.020180 0.064549 0.086247 0.073599 0.020043 0.020116 0.084247 0.086244 0.086239 0.086258 0.086230 0.086212 0.032418 0.075693 0.020160 -9999.0 -9999.0 -9999.0 0.254599 0.020558 0.020154 0.020126 0.020870 0.021699 0.349690 0.357858 0.021698 -9999.0 -9999.0 -9999.0 -9999.0 -9999.0 -9999.0 -9999.0
-9999.0 -9999.0 -9999.0 -9999.0 -9999.0 -9999.0 -9999.0 -9999.0 -9999.0 -9999.0 -9999.0 0.020207 0.020424 0.020356 0.020156 0.020126 0.020644 0.021161 0.086301 0.430000 0.054981 0.066089 0.023521 0.062315 0.020469 0.074990 0.025559 0.020404 0.020101 0.020121 0.020160 0.020429 0.086243 0.020123 0.033441 0.086234 0.027952 0.086101 0.086240 0.086210 0.086259 0.086216 0.086221 0.086246 0.020078 -9999.0 0.020754 0.020110 0.043352 0.086260 0.086258 0.086259 0.086258 0.086533 0.082117 0.081221 -9999.0 -9999.0 -9999.0 -9999.0 -9999.0 -9999.0 -9999.0
-9999.0 -9999.0 -9999.0 -9999.0 -9999.0 -9999.0 -9999.0 -9999.0 -9999.0 -9999.0 -9999.0 -9999.0 0.020298 0.020184 0.042882 0.020574 0.020229 0.021406 0.098090 0.430000 0.041109 0.086246 0.086238 0.034466 0.020494 0.022335 0.086321 0.020113 0.020088 0.020608 0.053473 0.020645 0.086242 0.034547 0.020040 0.086225 0.022075 0.060114 0.086228 0.086231 0.086260 0.086220 0.036744 0.086272 0.073221 0.020134 0.020068 0.020151 0.020271 0.041415 0.074888 0.020872 0.279781 0.063075 0.021140 0.021016 0.027839 -9999.0 -9999.0 -9999.0 -9999.0 -9999.0 -9999.0
-9999.0 -9999.0 -9999.0 -9999.0 -9999.0 -9999.0 -9999.0 -9999.0 -9999.0 -9999.0 -9999.0 0.020355 0.020587 0.020129 0.021025 0.021146 0.022409 0.021129 0.086338 0.178470 0.061998 0.035784 0.030377 0.029704 0.022676 0.057505 0.020715 0.020330 0.052822 0.075789 0.023027 0.030262 0.086261 0.030438 0.020051 0.048884 0.078925 0.034646 0.045594 0.086234 0.086226 0.086244 0.086244 0.086106 0.086256 0.022093 0.061825 0.086252 0.086260 0.086238 0.020845 0.020840 0.020895 0.020845 0.020946 0.020570 0.021792 -9999.0 -9999.0 -9999.0 -9999.0 -9999.0 -9999.0
-9999.0 -9999.0 -9999.0 -9999.0 -9999.0 -9999.0 -9999.0 -9999.0 -9999.0 -9999.0 0.021007 0.020879 0.057758 0.020372 0.062421 0.049066 0.020950 0.020897 0.065288 0.242943 0.430000 0.379429 0.048039 0.086292 0.086265 0.022208 0.020281 0.020703 0.086238 0.086256 0.061593 0.021059 0.035818 0.020051 0.020064 0.031363 0.086199 0.020917 0.021802 0.086220 0.085908 0.086213 0.086029 0.049879 0.054046 0.086235 0.066477 0.064448 0.082109 0.086254 0.020745 0.020948 0.020853 0.020761 0.020918 0.058942 0.058861 -9999.0 -9999.0 -9999.0 -9999.0 -9999.0 -9999.0
-9999.0 -9999.0 -9999.0 -9999.0 -9999.0 -9999.0 -9999.0 -9999.0 -9999.0 0.020633 0.020141 0.020434 0.045105 0.020826 0.021565 0.020739 0.020148 0.086282 0.061821 0.237976 0.430000 0.060074 0.060668 0.086263 0.026682 0.020827 0.023150 0.086256 0.086231 0.086262 0.086261 0.020293 0.020165 0.020208 0.020050 0.020253 0.032599 0.020874 0.020296 0.024681 0.032715 0.020658 0.021363 0.064823 0.058076 0.086208 0.086256 0.086227 0.065126 0.059842 0.042547 0.020477 0.020586 0.021248 0.021623 0.020352 0.074783 0.036570 0.021992 -9999.0 -9999.0 -9999.0 -9999.0
-9999.0 -9999.0 -9999.0 -9999.0 -9999.0 -9999.0 -9999.0 -9999.0 -9999.0 0.020161 0.020737 0.020125 0.086407 0.075070 0.044366 0.021056 0.086289 0.086253 0.055405 0.422525 0.429995 0.086351 0.088717 0.086277 0.021957 0.046678 0.086259 0.086262 0.086284 0.052959 0.086255 0.020397 0.020082 0.020056 0.062970 0.086209 0.086230 0.086227 0.020093 0.054787 0.020236 0.020087 0.065518 0.081321 0.122997 0.091039 0.086262 0.086117 0.086195 0.086260 0.020524 0.020344 0.021307 0.021197 0.021135 0.039264 0.025686 0.073305 0.086253 -9999.0 -9999.0 -9999.0 -9999.0
-9999.0 -9999.0 -9999.0 -9999.0 -9999.0 -9999.0 -9999.0 -9999.0 -9999.0 -9999.0 0.020286 0.020569 0.021193 0.047904 0.086214 0.070312 0.073524 0.086275 0.048322 0.393786 0.430000 0.059279 0.042291 0.031216 0.042584 0.086259 0.086289 0.086278 0.086257 0.020266 0.020201 0.020587 0.020166 0.020304 0.086242 0.086260 0.086265 0.086263 0.081591 0.020118 0.020159 0.086259 0.086265 0.020444 0.020873 0.023521 0.058580 0.089398 0.085300 0.086152 0.028529 0.040453 0.020169 0.021462 0.020895 0.021256 0.021483 0.086246 0.086198 0.086284 -9999.0 -9999.0 -9999.0
-9999.0 -9999.0 -9999.0 -9999.0 -9999.0 -9999.0 -9999.0 -9999.0 -9999.0 -9999.0 0.020234 0.020142 0.020161 0.022036 0.430000 0.060415 0.065876 0.069809 0.042923 0.371745 0.053700 0.059860 0.066133 0.086251 0.086259 0.086291 0.092970 0.063909 0.020775 0.020289 0.020452 0.020406 0.020867 0.020535 0.020254 0.020105 0.067949 0.038936 0.020570 0.020193 0.020237 0.060652 0.020175 0.020316 0.020267 0.020728 0.021085 0.032993 0.055190 0.085696 0.085122 0.048470 0.021342 0.020186 0.021543 0.020360 0.021060 0.029598 0.051481 0.099990 -9999.0 -9999.0 -9999.0
-9999.0 -9999.0 -9999.0 -9999.0 -9999.0 -9999.0 -9999.0 -9999.0 0.086270 0.086254 0.023439 0.020147 0.020858 0.021290 0.021367 0.225933 0.049893 0.086361 0.382158 0.359754 0.034803 0.036808 0.053034 0.062275 0.086266 0.066059 0.095825 0.021192 0.021112 0.020165 0.020495 0.020251 0.020104 0.020215 0.020151 0.020327 0.052860 0.046580 0.020120 0.020076 0.020179 0.020152 0.020387 0.020587 0.083629 0.056001 0.020269 0.020468 0.063330 0.306511 0.086263 0.064291 0.027946 0.020198 0.030435 0.086281 0.086257 0.086301 0.086180 0.033787 -9999.0 -9999.0 -9999.0
-9999.0 -9999.0 -9999.0 -9999.0 -9999.0 -9999.0 -9999.0 -9999.0 0.020561 0.043297 0.023247 0.020886 0.020300 0.021497 0.021248 0.051375 0.065780 0.065984 0.023951 0.365110 0.429738 0.410906 0.093027 0.086315 0.042189 0.055779 0.035760 0.048439 0.020536 0.033612 0.020104 0.076064 0.029016 0.021289 0.023663 0.057656 0.086258 0.079598 0.021786 0.040041 0.020848 0.020186 0.020954 0.044120 0.086268 0.020286 0.020618 0.020382 0.030700 0.063672 0.086261 0.086261 0.021505 0.086318 0.086258 0.086172 0.086228 0.086215 0.085537 0.430000 0.420283 -9999.0 -9999.0
-9999.0 -9999.0 -9999.0 -9999.0 -9999.0 -9999.0 -9999.0 -9999.0 0.020549 0.079551 0.086265 0.020391 0.085429 0.020198 0.079170 0.064923 0.060308 0.086264 0.024816 0.430000 0.366838 0.417458 0.092230 0.089328 0.102283 0.056668 0.068091 0.021178 0.036242 0.086244 0.081436 0.086265 0.021023 0.024697 0.050142 0.086257 0.021411 0.063769 0.020732 0.020729 0.020141 0.020164 0.020187 0.020166 0.020383 0.020389 0.023998 0.023603 0.020304 0.071418 0.430000 0.086276 0.066885 0.073182 0.086216 0.086293 0.086302 0.086298 0.086228 0.430000 0.430000 -9999.0 -9999.0
-9999.0 -9999.0 -9999.0 -9999.0 -9999.0 -9999.0 -9999.0 -9999.0 0.020965 0.061619 0.248414 0.038272 0.086277 0.041814 0.061395 0.060731 0.036205 0.021701 0.387890 0.340340 0.379746 0.411332 0.429581 0.429835 0.062455 0.068835 0.038371 0.032125 0.086284 0.085718 0.049539 0.057324 0.086144 0.086257 0.025402 0.086257 0.086256 0.066693 0.038454 0.021652 0.024152 0.060141 0.071139 0.086248 0.028298 0.060183 0.086258 0.086259 0.086256 0.086235 0.073068 0.034339 0.086272 0.084076 0.086308 0.086310 0.086247 0.430000 0.430000 0.430000 0.101381 0.069248 -9999.0
-9999.0 -9999.0 -9999.0 -9999.0 -9999.0 -9999.0 -9999.0 -9999.0 0.020086 0.050594 0.067807 0.064688 0.062888 0.063890 0.086333 0.092486 0.342362 0.064841 0.059916 0.063300 0.050433 0.416095 0.421005 0.422000 0.086309 0.064606 0.051221 0.086267 0.086272 0.086273 0.033826 0.085384 0.086151 0.086271 0.086149 0.086241 0.086242 0.061754 0.059950 0.086257 0.083672 0.086213 0.086234 0.086209 0.028576 0.086258 0.086238 0.086219 0.086233 0.086144 0.085767 0.041146 0.035830 0.086299 0.086473 0.430000 0.430000 0.430000 0.430000 0.086269 0.052033 0.079963 -9999.0
-9999.0 -9999.0 0.086246 0.072647 0.020768 0.024176 0.023187 0.021489 0.056784 0.025612 0.030494 0.186259 0.063749 0.086288 0.086475 0.375196 0.070871 0.021041 0.021491 0.056873 0.060757 0.044201 0.430000 0.402018 0.400204 0.052221 0.062468 0.063146 0.056118 0.086321 0.066711 0.050797 0.100979 0.063388 0.086288 0.065653 0.086291 0.054643 0.059729 0.066666 0.086210 0.086149 0.054993 0.086258 0.062767 0.086218 0.086293 0.025589 0.085566 0.086276 0.086290 0.430000 0.430000 0.430000 0.430000 0.430000 0.430000 0.101831 0.086289 0.056659 0.112967 0.094733 -9999.0
-9999.0 0.058258 0.049912 0.040010 0.041022 0.042458 0.021411 0.020249 0.020175 0.020130 0.021540 0.043234 0.430000 0.430000 0.430000 0.074039 0.021753 0.020937 0.035135 0.067391 0.053413 0.039933 0.430000 0.430000 0.096728 0.089668 0.095154 0.097231 0.086223 0.091651 0.086279 0.086280 0.086274 0.103164 0.086282 0.094522 0.086294 0.038791 0.101495 0.095044 0.086288 0.086281 0.086225 0.056598 0.057464 0.054372 0.408109 0.030743 0.086279 0.430000 0.430000 0.430000 0.430000 0.430000 0.429077 0.098895 0.075841 0.072847 0.104284 0.105031 0.101747 0.100961 -9999.0
-9999.0 0.070350 0.077287 0.086283 0.430000 0.076409 0.021589 0.021291 0.071849 0.086240 0.032208 0.069179 0.060801 0.430000 0.068443 0.021454 0.020611 0.026370 0.086279 0.063972 0.098373 0.066184 0.392051 0.430000 0.430000 0.430000 0.026641 0.422205 0.430000 0.020392 0.020325 0.022321 0.095440 0.430000 0.430000 0.430000 0.430000 0.430000 0.111392 0.104170 0.105542 0.430000 0.086286 0.033755 0.025606 0.020175 0.430000 0.430000 0.430000 0.430000 0.097936 0.073918 0.082750 0.075326 0.063585 0.076715 0.071516 0.057324 0.041389 0.080068 0.085118 -9999.0 -9999.0
-9999.0 0.025730 0.028065 0.022930 0.059865 0.430000 0.430000 0.026181 0.049130 0.038970 0.078786 0.063684 0.086309 0.430000 0.026784 0.021136 0.020325 0.021048 0.021186 0.056518 0.065324 0.071207 0.065954 0.430000 0.430000 0.430000 0.430000 0.430000 0.429369 0.430000 0.415778 0.358423 0.430000 0.430000 0.430000 0.430000 0.430000 0.430000 0.430000 0.430000 0.430000 0.430000 0.430000 0.387648 0.358527 0.430000 0.430000 0.430000 0.422112 0.064296 0.065841 0.088992 0.057804 0.096780 0.051818 0.049828 0.065855 0.080108 0.082231 -9999.0 -9999.0 -9999.0 -9999.0
