user2019/resources/simulation/Vinschgau/output-maps/thetaliqL0008N0632.asc
ncols         63
nrows         48
xllcorner     598000.000000
yllcorner     5145000.000000
cellsize      1000.000000
NODATA_value  -9999.0
[rows 0 to 28 of 48, columns 0 to 62 of 63]
-9999.0 -9999.0 -9999.0 -9999.0 -9999.0 -9999.0 -9999.0 -9999.0 -9999.0 -9999.0 -9999.0 -9999.0 -9999.0 -9999.0 -9999.0 -9999.0 -9999.0 -9999.0 -9999.0 -9999.0 -9999.0 -9999.0 -9999.0 -9999.0 -9999.0 -9999.0 -9999.0 -9999.0 -9999.0 -9999.0 -9999.0 -9999.0 -9999.0 -9999.0 -9999.0 -9999.0 -9999.0 -9999.0 -9999.0 -9999.0 -9999.0 -9999.0 -9999.0 -9999.0 -9999.0 -9999.0 -9999.0 -9999.0 -9999.0 -9999.0 -9999.0 -9999.0 -9999.0 -9999.0 -9999.0 -9999.0 -9999.0 -9999.0 -9999.0 -9999.0 -9999.0 -9999.0 -9999.0
-9999.0 -9999.0 -9999.0 -9999.0 -9999.0 -9999.0 -9999.0 -9999.0 -9999.0 -9999.0 -9999.0 -9999.0 -9999.0 -9999.0 -9999.0 -9999.0 -9999.0 -9999.0 -9999.0 -9999.0 -9999.0 -9999.0 -9999.0 -9999.0 -9999.0 -9999.0 -9999.0 0.086255 0.086263 0.086247 0.086041 0.085986 0.086059 -9999.0 -9999.0 -9999.0 -9999.0 -9999.0 -9999.0 -9999.0 -9999.0 -9999.0 -9999.0 -9999.0 -9999.0 -9999.0 -9999.0 -9999.0 -9999.0 -9999.0 -9999.0 -9999.0 -9999.0 -9999.0 -9999.0 -9999.0 -9999.0 -9999.0 -9999.0 -9999.0 -9999.0 -9999.0 -9999.0
-9999.0 -9999.0 -9999.0 -9999.0 -9999.0 -9999.0 -9999.0 -9999.0 -9999.0 -9999.0 -9999.0 -9999.0 -9999.0 -9999.0 -9999.0 -9999.0 -9999.0 -9999.0 -9999.0 -9999.0 -9999.0 -9999.0 -9999.0 -9999.0 0.086964 0.086833 0.087272 0.087605 0.089779 0.086355 0.086107 -9999.0 -9999.0 -9999.0 -9999.0 -9999.0 -9999.0 -9999.0 -9999.0 -9999.0 -9999.0 -9999.0 -9999.0 -9999.0 -9999.0 -9999.0 -9999.0 -9999.0 -9999.0 -9999.0 -9999.0 -9999.0 -9999.0 -9999.0 -9999.0 -9999.0 -9999.0 -9999.0 -9999.0 -9999.0 -9999.0 -9999.0 -9999.0
-9999.0 -9999.0 -9999.0 -9999.0 -9999.0 -9999.0 -9999.0 -9999.0 -9999.0 -9999.0 -9999.0 -9999.0 -9999.0 -9999.0 -9999.0 -9999.0 -9999.0 -9999.0 -9999.0 -9999.0 -9999.0 -9999.0 -9999.0 0.086764 0.087854 0.090449 0.085793 0.080768 0.081291 0.086254 0.086260 0.086261 -9999.0 -9999.0 -9999.0 -9999.0 -9999.0 -9999.0 -9999.0 -9999.0 -9999.0 -9999.0 -9999.0 -9999.0 -9999.0 -9999.0 -9999.0 -9999.0 -9999.0 -9999.0 -9999.0 -9999.0 -9999.0 -9999.0 -9999.0 -9999.0 -9999.0 -9999.0 -9999.0 -9999.0 -9999.0 -9999.0 -9999.0
-9999.0 -9999.0 -9999.0 -9999.0 -9999.0 -9999.0 -9999.0 -9999.0 -9999.0 -9999.0 -9999.0 -9999.0 -9999.0 -9999.0 -9999.0 -9999.0 -9999.0 -9999.0 0.135926 0.086767 -9999.0 0.087058 0.087681 0.081156 0.085979 0.080227 0.107042 0.116530 0.118374 0.086122 0.086264 0.086269 0.086236 0.086235 -9999.0 -9999.0 -9999.0 -9999.0 -9999.0 -9999.0 -9999.0 -9999.0 -9999.0 -9999.0 -9999.0 -9999.0 -9999.0 -9999.0 -9999.0 -9999.0 -9999.0 -9999.0 -9999.0 -9999.0 -9999.0 -9999.0 -9999.0 -9999.0 -9999.0 -9999.0 -9999.0 -9999.0 -9999.0
-9999.0 -9999.0 -9999.0 -9999.0 -9999.0 -9999.0 -9999.0 -9999.0 -9999.0 -9999.0 -9999.0 -9999.0 -9999.0 -9999.0 -9999.0 -9999.0 -9999.0 0.166045 0.020118 0.080605 0.086199 0.098083 0.086178 0.081312 0.113017 0.020118 0.020118 0.086264 0.020118 0.112193 0.090522 0.086309 0.086194 0.086228 0.086006 0.085975 -9999.0 -9999.0 -9999.0 -9999.0 -9999.0 -9999.0 -9999.0 -9999.0 -9999.0 -9999.0 -9999.0 -9999.0 -9999.0 -9999.0 -9999.0 -9999.0 -9999.0 -9999.0 -9999.0 -9999.0 -9999.0 -9999.0 -9999.0 -9999.0 -9999.0 -9999.0 -9999.0
-9999.0 -9999.0 -9999.0 -9999.0 -9999.0 -9999.0 -9999.0 -9999.0 -9999.0 -9999.0 -9999.0 -9999.0 -9999.0 0.086266 0.086258 0.022709 0.021527 0.086227 0.168661 0.081055 0.086142 0.085884 0.080597 0.086799 0.020118 0.086960 0.082637 0.083293 0.083065 0.086247 0.200000 0.088029 0.086184 0.085973 0.085971 0.085977 -9999.0 -9999.0 -9999.0 -9999.0 -9999.0 -9999.0 -9999.0 -9999.0 -9999.0 -9999.0 -9999.0 -9999.0 -9999.0 -9999.0 -9999.0 -9999.0 -9999.0 -9999.0 -9999.0 -9999.0 -9999.0 -9999.0 -9999.0 -9999.0 -9999.0 -9999.0 -9999.0
-9999.0 -9999.0 -9999.0 -9999.0 -9999.0 -9999.0 -9999.0 -9999.0 -9999.0 -9999.0 -9999.0 -9999.0 -9999.0 0.087965 0.086278 0.021884 0.021953 0.137680 0.086211 0.085544 0.020123 0.086253 0.020123 0.020118 0.086242 0.082172 0.086254 0.085988 0.085976 0.083554 0.086268 0.085972 0.085971 0.085970 0.085971 -9999.0 -9999.0 -9999.0 -9999.0 -9999.0 -9999.0 -9999.0 -9999.0 -9999.0 -9999.0 -9999.0 -9999.0 -9999.0 -9999.0 -9999.0 -9999.0 -9999.0 -9999.0 -9999.0 -9999.0 -9999.0 -9999.0 -9999.0 -9999.0 -9999.0 -9999.0 -9999.0 -9999.0
-9999.0 -9999.0 -9999.0 -9999.0 -9999.0 -9999.0 -9999.0 -9999.0 -9999.0 -9999.0 -9999.0 -9999.0 -9999.0 0.086201 0.120458 0.091839 0.022474 0.021889 0.086204 0.180573 0.089818 0.081849 0.020118 0.020118 0.086234 0.086267 0.086247 0.085983 0.086266 0.085970 0.085980 0.085970 0.085972 0.085970 0.085968 -9999.0 -9999.0 -9999.0 -9999.0 -9999.0 -9999.0 -9999.0 -9999.0 -9999.0 -9999.0 -9999.0 -9999.0 -9999.0 -9999.0 -9999.0 -9999.0 -9999.0 -9999.0 -9999.0 -9999.0 -9999.0 -9999.0 -9999.0 -9999.0 -9999.0 -9999.0 -9999.0 -9999.0
-9999.0 -9999.0 -9999.0 -9999.0 -9999.0 -9999.0 -9999.0 -9999.0 -9999.0 -9999.0 -9999.0 -9999.0 0.081948 0.200000 0.086283 0.086255 0.027238 0.023353 0.134094 0.080208 0.086128 0.086222 0.082693 0.086253 0.200000 0.086000 0.087034 0.086262 0.086322 0.085978 0.085976 0.086247 0.086264 0.086024 -9999.0 -9999.0 -9999.0 -9999.0 -9999.0 -9999.0 -9999.0 -9999.0 -9999.0 -9999.0 -9999.0 -9999.0 -9999.0 -9999.0 -9999.0 -9999.0 -9999.0 -9999.0 -9999.0 -9999.0 -9999.0 -9999.0 -9999.0 -9999.0 -9999.0 -9999.0 -9999.0 -9999.0 -9999.0
-9999.0 -9999.0 -9999.0 -9999.0 -9999.0 -9999.0 -9999.0 -9999.0 -9999.0 -9999.0 -9999.0 0.087356 0.086270 0.130751 0.086247 0.087377 0.082502 0.026533 0.430000 0.080417 0.020118 0.123155 0.086287 0.086043 0.082729 0.086268 0.085992 0.086285 0.156852 0.085977 0.086236 0.086305 0.086162 0.086029 0.086203 0.086240 0.086210 0.086220 0.086243 -9999.0 -9999.0 -9999.0 0.086031 -9999.0 -9999.0 -9999.0 -9999.0 -9999.0 -9999.0 -9999.0 -9999.0 -9999.0 -9999.0 -9999.0 -9999.0 -9999.0 -9999.0 -9999.0 -9999.0 -9999.0 -9999.0 -9999.0 -9999.0
-9999.0 -9999.0 -9999.0 -9999.0 -9999.0 -9999.0 -9999.0 -9999.0 -9999.0 -9999.0 -9999.0 0.087055 0.086263 0.082251 0.086266 0.086116 0.086248 0.020118 0.430000 0.430000 0.091473 0.086301 0.088616 0.086283 0.086337 0.086051 0.086268 0.086309 0.086234 0.086021 0.086286 0.086414 0.086233 0.086246 0.086240 0.086223 0.086245 0.086240 0.086258 0.086229 0.086212 0.086163 0.086235 0.086025 -9999.0 -9999.0 -9999.0 0.430000 0.086300 0.086265 0.086280 0.086267 0.086274 0.430000 0.430000 0.086047 -9999.0 -9999.0 -9999.0 -9999.0 -9999.0 -9999.0 -9999.0
-9999.0 -9999.0 -9999.0 -9999.0 -9999.0 -9999.0 -9999.0 -9999.0 -9999.0 -9999.0 -9999.0 0.088229 0.086847 0.084285 0.127163 0.086241 0.086300 0.020123 0.090836 0.430000 0.430000 0.082754 0.086289 0.088888 0.086036 0.086225 0.086295 0.089809 0.086021 0.086067 0.086000 0.084147 0.086264 0.086241 0.086134 0.086235 0.085151 0.080938 0.086240 0.086208 0.086259 0.086216 0.086225 0.086252 0.086255 -9999.0 0.086071 0.086322 0.086295 0.086329 0.086258 0.086258 0.086258 0.086684 0.086477 0.086402 -9999.0 -9999.0 -9999.0 -9999.0 -9999.0 -9999.0 -9999.0
-9999.0 -9999.0 -9999.0 -9999.0 -9999.0 -9999.0 -9999.0 -9999.0 -9999.0 -9999.0 -9999.0 -9999.0 0.087519 0.117267 0.087258 0.087398 0.020688 0.020124 0.151391 0.430000 0.020121 0.082379 0.082470 0.086324 0.086292 0.086285 0.152158 0.086014 0.086076 0.086246 0.086275 0.086290 0.086242 0.086250 0.086095 0.086225 0.084946 0.083587 0.086240 0.086226 0.086261 0.086218 0.082421 0.087813 0.086235 0.086269 0.086255 0.086275 0.084289 0.086311 0.131253 0.086463 0.430000 0.123020 0.086346 0.086981 0.087276 -9999.0 -9999.0 -9999.0 -9999.0 -9999.0 -9999.0
-9999.0 -9999.0 -9999.0 -9999.0 -9999.0 -9999.0 -9999.0 -9999.0 -9999.0 -9999.0 -9999.0 0.115249 0.086789 0.086232 0.086331 0.086318 0.086332 0.020130 0.095991 0.429711 0.020120 0.020121 0.086321 0.083912 0.086280 0.086374 0.122660 0.086025 0.086248 0.086236 0.086287 0.086342 0.086353 0.086260 0.085999 0.086235 0.086167 0.081655 0.277158 0.086234 0.081452 0.084453 0.086246 0.081412 0.086287 0.086262 0.086320 0.086252 0.086259 0.082077 0.083976 0.086207 0.086315 0.085186 0.085515 0.086022 0.086264 -9999.0 -9999.0 -9999.0 -9999.0 -9999.0 -9999.0
-9999.0 -9999.0 -9999.0 -9999.0 -9999.0 -9999.0 -9999.0 -9999.0 -9999.0 -9999.0 0.193125 0.086326 0.088493 0.087231 0.088490 0.115006 0.112041 0.020221 0.027345 0.391868 0.430000 0.430000 0.020118 0.088185 0.086282 0.182688 0.084717 0.083633 0.086238 0.086293 0.086356 0.086909 0.086276 0.086077 0.085973 0.086206 0.086200 0.085395 0.020119 0.085501 0.081004 0.081883 0.086032 0.398912 0.086262 0.086229 0.086295 0.082574 0.086315 0.086296 0.083547 0.086032 0.085584 0.086025 0.086042 0.086338 0.086332 -9999.0 -9999.0 -9999.0 -9999.0 -9999.0 -9999.0
-9999.0 -9999.0 -9999.0 -9999.0 -9999.0 -9999.0 -9999.0 -9999.0 -9999.0 0.086237 0.130404 0.120897 0.086360 0.086284 0.119317 0.086328 0.086277 0.089887 0.020118 0.222126 0.430000 0.020118 0.020118 0.086254 0.114392 0.020928 0.086234 0.086305 0.082395 0.086283 0.086323 0.021049 0.085982 0.085979 0.086062 0.086015 0.086268 0.086221 0.085926 0.086264 0.020119 0.020782 0.020289 0.020127 0.020118 0.081951 0.086335 0.082066 0.082496 0.130727 0.083007 0.086260 0.086024 0.086085 0.086193 0.084971 0.086640 0.086255 0.086260 -9999.0 -9999.0 -9999.0 -9999.0
-9999.0 -9999.0 -9999.0 -9999.0 -9999.0 -9999.0 -9999.0 -9999.0 -9999.0 0.086233 0.086256 0.086262 0.200000 0.086280 0.086273 0.086276 0.090203 0.086270 0.020118 0.422803 0.429927 0.086525 0.121712 0.088264 0.020435 0.086239 0.086270 0.086276 0.086299 0.130632 0.086255 0.021104 0.086055 0.086260 0.086290 0.086208 0.086230 0.086227 0.086014 0.086279 0.111889 0.084660 0.086175 0.086256 0.396064 0.099793 0.086234 0.081370 0.081670 0.086283 0.020653 0.085157 0.086062 0.086068 0.086047 0.114276 0.084789 0.086417 0.086249 -9999.0 -9999.0 -9999.0 -9999.0
-9999.0 -9999.0 -9999.0 -9999.0 -9999.0 -9999.0 -9999.0 -9999.0 -9999.0 -9999.0 0.086261 0.086283 0.086358 0.430000 0.082089 0.086269 0.086284 0.086278 0.020118 0.316591 0.430000 0.020118 0.020133 0.020130 0.086247 0.086264 0.086284 0.086305 0.086257 0.030001 0.026182 0.200000 0.085380 0.086030 0.086305 0.086401 0.086614 0.087466 0.086243 0.086017 0.085991 0.087949 0.200000 0.083844 0.020125 0.020131 0.020118 0.128111 0.080588 0.081900 0.020119 0.083109 0.086266 0.086064 0.086608 0.086140 0.087656 0.200000 0.082589 0.086280 -9999.0 -9999.0 -9999.0
-9999.0 -9999.0 -9999.0 -9999.0 -9999.0 -9999.0 -9999.0 -9999.0 -9999.0 -9999.0 0.086270 0.086272 0.087369 0.086344 0.430000 0.020118 0.020119 0.027683 0.022404 0.290248 0.022911 0.020118 0.020119 0.086129 0.086242 0.086280 0.132250 0.020139 0.022286 0.085706 0.086037 0.088670 0.083571 0.086028 0.086035 0.087541 0.153760 0.086300 0.084170 0.086052 0.086285 0.086259 0.086317 0.086067 0.128866 0.020141 0.086324 0.020119 0.020118 0.081089 0.080199 0.083827 0.086360 0.086267 0.086031 0.086265 0.086222 0.084241 0.020140 0.152373 -9999.0 -9999.0 -9999.0
-9999.0 -9999.0 -9999.0 -9999.0 -9999.0 -9999.0 -9999.0 -9999.0 0.088617 0.086286 0.086216 0.087779 0.086505 0.086349 0.020142 0.430000 0.020123 0.086622 0.328356 0.283944 0.021719 0.020118 0.020118 0.020118 0.086179 0.032825 0.146595 0.021218 0.086377 0.085263 0.085995 0.086049 0.086111 0.086144 0.086287 0.086011 0.086285 0.086312 0.028177 0.086250 0.086075 0.087715 0.084191 0.086000 0.086258 0.145824 0.026623 0.086332 0.020118 0.430000 0.086171 0.020118 0.086370 0.085144 0.086255 0.086283 0.086256 0.091906 0.082020 0.020122 -9999.0 -9999.0 -9999.0
-9999.0 -9999.0 -9999.0 -9999.0 -9999.0 -9999.0 -9999.0 -9999.0 0.084953 0.086359 0.084530 0.086107 0.086242 0.109721 0.020205 0.020124 0.020118 0.020118 0.020118 0.278054 0.429949 0.385811 0.103394 0.086424 0.020118 0.029837 0.039757 0.086416 0.083888 0.086282 0.086276 0.086243 0.086307 0.086258 0.088590 0.088698 0.086389 0.086358 0.084040 0.086294 0.086150 0.086006 0.086031 0.086299 0.162020 0.086345 0.084277 0.086091 0.083929 0.020126 0.086154 0.086414 0.020554 0.086381 0.086256 0.081800 0.082600 0.082392 0.080971 0.430000 0.350573 -9999.0 -9999.0
-9999.0 -9999.0 -9999.0 -9999.0 -9999.0 -9999.0 -9999.0 -9999.0 0.086247 0.140716 0.086265 0.084825 0.092864 0.084158 0.086326 0.020118 0.020118 0.086056 0.020118 0.430000 0.277241 0.384259 0.092342 0.089250 0.113061 0.020119 0.020126 0.020825 0.083441 0.086277 0.086246 0.090096 0.086314 0.083659 0.089114 0.086504 0.084076 0.020121 0.020711 0.084551 0.086284 0.086259 0.088113 0.147933 0.086303 0.087245 0.086262 0.087425 0.086295 0.020118 0.430000 0.086201 0.020118 0.020121 0.082497 0.086603 0.086531 0.086410 0.086080 0.430000 0.430000 -9999.0 -9999.0
-9999.0 -9999.0 -9999.0 -9999.0 -9999.0 -9999.0 -9999.0 -9999.0 0.086002 0.086293 0.430000 0.083402 0.090459 0.126300 0.020118 0.020120 0.020118 0.020124 0.429099 0.186179 0.281389 0.290505 0.393234 0.397405 0.022954 0.020121 0.020141 0.020135 0.088179 0.082723 0.083196 0.083061 0.081745 0.086376 0.083638 0.086259 0.086261 0.020139 0.020126 0.084368 0.086276 0.086306 0.086315 0.086245 0.087053 0.086261 0.086259 0.086259 0.086256 0.082698 0.020143 0.020130 0.086200 0.136739 0.086591 0.086720 0.086160 0.430000 0.428820 0.430000 0.128543 0.037032 -9999.0
-9999.0 -9999.0 -9999.0 -9999.0 -9999.0 -9999.0 -9999.0 -9999.0 0.086814 0.088450 0.200000 0.020118 0.020118 0.020129 0.092658 0.124496 0.430000 0.020119 0.020121 0.020118 0.021826 0.292272 0.296232 0.301914 0.086406 0.020118 0.020127 0.086265 0.086264 0.086347 0.020118 0.086365 0.081852 0.086386 0.083077 0.082949 0.082612 0.020135 0.020118 0.086414 0.083197 0.082590 0.082585 0.082107 0.084007 0.086280 0.082646 0.082370 0.082359 0.081729 0.080947 0.020118 0.020128 0.086311 0.089724 0.430000 0.430000 0.430000 0.430000 0.086121 0.020122 0.041486 -9999.0
-9999.0 -9999.0 0.086247 0.087502 0.091959 0.086268 0.086426 0.086341 0.088718 0.088429 0.086383 0.430000 0.020131 0.086587 0.094659 0.430000 0.020118 0.020981 0.086276 0.020121 0.020118 0.022057 0.402402 0.193113 0.297675 0.020118 0.020118 0.020118 0.020119 0.090217 0.020122 0.020123 0.155870 0.020123 0.086328 0.020132 0.086310 0.020135 0.020118 0.020118 0.082277 0.081917 0.020118 0.086129 0.020118 0.082144 0.086317 0.032688 0.080805 0.086263 0.086241 0.421661 0.430000 0.430000 0.430000 0.430000 0.430000 0.150734 0.086194 0.020127 0.160568 0.053414 -9999.0
-9999.0 0.086262 0.086311 0.086312 0.086261 0.086390 0.086432 0.086308 0.086309 0.086276 0.086367 0.020165 0.430000 0.430000 0.430000 0.020126 0.086404 0.086290 0.117389 0.020120 0.020118 0.020118 0.430000 0.313126 0.098663 0.089603 0.096828 0.100598 0.086211 0.116856 0.086024 0.086235 0.086368 0.154570 0.086283 0.112731 0.086283 0.020128 0.146600 0.130976 0.086273 0.086310 0.086093 0.020120 0.020119 0.020118 0.430000 0.020120 0.086275 0.354210 0.430000 0.430000 0.430000 0.430000 0.430000 0.150059 0.043294 0.042122 0.151003 0.153555 0.065889 0.060325 -9999.0
-9999.0 0.089662 0.086396 0.086366 0.430000 0.086441 0.020265 0.086263 0.087162 0.086240 0.086299 0.020136 0.020130 0.430000 0.020119 0.021754 0.084731 0.086260 0.086416 0.020122 0.150414 0.031010 0.418771 0.430000 0.430000 0.428802 0.020968 0.339275 0.398594 0.020119 0.020118 0.020118 0.142902 0.430000 0.430000 0.430000 0.430000 0.430000 0.151756 0.113711 0.136945 0.430000 0.086333 0.022396 0.021067 0.020118 0.408511 0.427911 0.430000 0.430000 0.144080 0.035511 0.041758 0.040134 0.020138 0.050228 0.020156 0.050128 0.020180 0.052839 0.056263 -9999.0 -9999.0
-9999.0 0.086257 0.086359 0.020125 0.020126 0.430000 0.430000 0.020135 0.086315 0.086323 0.086354 0.020126 0.086448 0.430000 0.020266 0.027033 0.086306 0.086372 0.020239 0.020129 0.020122 0.020119 0.023298 0.430000 0.430000 0.429226 0.430000 0.430000 0.304513 0.419530 0.288797 0.271204 0.430000 0.430000 0.430000 0.413370 0.430000 0.430000 0.430000 0.404173 0.358843 0.430000 0.430000 0.281568 0.273996 0.430000 0.429954 0.430000 0.430000 0.032131 0.020126 0.140402 0.047847 0.147056 0.053157 0.054863 0.060093 0.062434 0.056775 -9999.0 -9999.0 -9999.0 -9999.0
