user2019/resources/simulation/Vinschgau/output-maps/thetaliqL0008N0347.asc
ncols         63
nrows         48
xllcorner     598000.000000
yllcorner     5145000.000000
cellsize      1000.000000
NODATA_value  -9999.0
[rows 0 to 28 of 48, columns 0 to 62 of 63]
-9999.0 -9999.0 -9999.0 -9999.0 -9999.0 -9999.0 -9999.0 -9999.0 -9999.0 -9999.0 -9999.0 -9999.0 -9999.0 -9999.0 -9999.0 -9999.0 -9999.0 -9999.0 -9999.0 -9999.0 -9999.0 -9999.0 -9999.0 -9999.0 -9999.0 -9999.0 -9999.0 -9999.0 -9999.0 -9999.0 -9999.0 -9999.0 -9999.0 -9999.0 -9999.0 -9999.0 -9999.0 -9999.0 -9999.0 -9999.0 -9999.0 -9999.0 -9999.0 -9999.0 -9999.0 -9999.0 -9999.0 -9999.0 -9999.0 -9999.0 -9999.0 -9999.0 -9999.0 -9999.0 -9999.0 -9999.0 -9999.0 -9999.0 -9999.0 -9999.0 -9999.0 -9999.0 -9999.0
-9999.0 -9999.0 -9999.0 -9999.0 -9999.0 -9999.0 -9999.0 -9999.0 -9999.0 -9999.0 -9999.0 -9999.0 -9999.0 -9999.0 -9999.0 -9999.0 -9999.0 -9999.0 -9999.0 -9999.0 -9999.0 -9999.0 -9999.0 -9999.0 -9999.0 -9999.0 -9999.0 0.020232 0.020161 0.020136 0.020073 0.020035 0.020039 -9999.0 -9999.0 -9999.0 -9999.0 -9999.0 -9999.0 -9999.0 -9999.0 -9999.0 -9999.0 -9999.0 -9999.0 -9999.0 -9999.0 -9999.0 -9999.0 -9999.0 -9999.0 -9999.0 -9999.0 -9999.0 -9999.0 -9999.0 -9999.0 -9999.0 -9999.0 -9999.0 -9999.0 -9999.0 -9999.0
-9999.0 -9999.0 -9999.0 -9999.0 -9999.0 -9999.0 -9999.0 -9999.0 -9999.0 -9999.0 -9999.0 -9999.0 -9999.0 -9999.0 -9999.0 -9999.0 -9999.0 -9999.0 -9999.0 -9999.0 -9999.0 -9999.0 -9999.0 -9999.0 0.020240 0.020118 0.020078 0.020097 0.020085 0.020102 0.020079 -9999.0 -9999.0 -9999.0 -9999.0 -9999.0 -9999.0 -9999.0 -9999.0 -9999.0 -9999.0 -9999.0 -9999.0 -9999.0 -9999.0 -9999.0 -9999.0 -9999.0 -9999.0 -9999.0 -9999.0 -9999.0 -9999.0 -9999.0 -9999.0 -9999.0 -9999.0 -9999.0 -9999.0 -9999.0 -9999.0 -9999.0 -9999.0
-9999.0 -9999.0 -9999.0 -9999.0 -9999.0 -9999.0 -9999.0 -9999.0 -9999.0 -9999.0 -9999.0 -9999.0 -9999.0 -9999.0 -9999.0 -9999.0 -9999.0 -9999.0 -9999.0 -9999.0 -9999.0 -9999.0 -9999.0 0.020149 0.020080 0.020355 0.020773 0.020673 0.020315 0.020081 0.020128 0.020114 -9999.0 -9999.0 -9999.0 -9999.0 -9999.0 -9999.0 -9999.0 -9999.0 -9999.0 -9999.0 -9999.0 -9999.0 -9999.0 -9999.0 -9999.0 -9999.0 -9999.0 -9999.0 -9999.0 -9999.0 -9999.0 -9999.0 -9999.0 -9999.0 -9999.0 -9999.0 -9999.0 -9999.0 -9999.0 -9999.0 -9999.0
-9999.0 -9999.0 -9999.0 -9999.0 -9999.0 -9999.0 -9999.0 -9999.0 -9999.0 -9999.0 -9999.0 -9999.0 -9999.0 -9999.0 -9999.0 -9999.0 -9999.0 -9999.0 0.022210 0.020065 -9999.0 0.020240 0.020117 0.020226 0.021074 0.076580 0.020134 0.020147 0.022923 0.020159 0.020069 0.020138 0.020106 0.020077 -9999.0 -9999.0 -9999.0 -9999.0 -9999.0 -9999.0 -9999.0 -9999.0 -9999.0 -9999.0 -9999.0 -9999.0 -9999.0 -9999.0 -9999.0 -9999.0 -9999.0 -9999.0 -9999.0 -9999.0 -9999.0 -9999.0 -9999.0 -9999.0 -9999.0 -9999.0 -9999.0 -9999.0 -9999.0
-9999.0 -9999.0 -9999.0 -9999.0 -9999.0 -9999.0 -9999.0 -9999.0 -9999.0 -9999.0 -9999.0 -9999.0 -9999.0 -9999.0 -9999.0 -9999.0 -9999.0 0.041773 0.020772 0.042374 0.020089 0.020089 0.020167 0.020572 0.024456 0.020109 0.020101 0.020151 0.020137 0.020128 0.020173 0.020077 0.020068 0.020080 0.020067 0.020023 -9999.0 -9999.0 -9999.0 -9999.0 -9999.0 -9999.0 -9999.0 -9999.0 -9999.0 -9999.0 -9999.0 -9999.0 -9999.0 -9999.0 -9999.0 -9999.0 -9999.0 -9999.0 -9999.0 -9999.0 -9999.0 -9999.0 -9999.0 -9999.0 -9999.0 -9999.0 -9999.0
-9999.0 -9999.0 -9999.0 -9999.0 -9999.0 -9999.0 -9999.0 -9999.0 -9999.0 -9999.0 -9999.0 -9999.0 -9999.0 0.020236 0.020102 0.020511 0.020764 0.086225 0.041529 0.025226 0.021120 0.021286 0.046136 0.079168 0.020113 0.020078 0.020064 0.020121 0.020050 0.020094 0.020155 0.020055 0.020062 0.020021 0.020027 0.020020 -9999.0 -9999.0 -9999.0 -9999.0 -9999.0 -9999.0 -9999.0 -9999.0 -9999.0 -9999.0 -9999.0 -9999.0 -9999.0 -9999.0 -9999.0 -9999.0 -9999.0 -9999.0 -9999.0 -9999.0 -9999.0 -9999.0 -9999.0 -9999.0 -9999.0 -9999.0 -9999.0
-9999.0 -9999.0 -9999.0 -9999.0 -9999.0 -9999.0 -9999.0 -9999.0 -9999.0 -9999.0 -9999.0 -9999.0 -9999.0 0.020158 0.020353 0.020339 0.020243 0.022992 0.086209 0.021973 0.053796 0.020285 0.020349 0.020166 0.020130 0.020167 0.020136 0.020053 0.020034 0.020041 0.020063 0.020022 0.020022 0.020016 0.020019 -9999.0 -9999.0 -9999.0 -9999.0 -9999.0 -9999.0 -9999.0 -9999.0 -9999.0 -9999.0 -9999.0 -9999.0 -9999.0 -9999.0 -9999.0 -9999.0 -9999.0 -9999.0 -9999.0 -9999.0 -9999.0 -9999.0 -9999.0 -9999.0 -9999.0 -9999.0 -9999.0 -9999.0
-9999.0 -9999.0 -9999.0 -9999.0 -9999.0 -9999.0 -9999.0 -9999.0 -9999.0 -9999.0 -9999.0 -9999.0 -9999.0 0.020104 0.026196 0.049645 0.020155 0.020554 0.086202 0.097692 0.020374 0.020107 0.020156 0.020146 0.020229 0.020256 0.020166 0.020034 0.020159 0.020019 0.020026 0.020015 0.020016 0.020014 0.020017 -9999.0 -9999.0 -9999.0 -9999.0 -9999.0 -9999.0 -9999.0 -9999.0 -9999.0 -9999.0 -9999.0 -9999.0 -9999.0 -9999.0 -9999.0 -9999.0 -9999.0 -9999.0 -9999.0 -9999.0 -9999.0 -9999.0 -9999.0 -9999.0 -9999.0 -9999.0 -9999.0 -9999.0
-9999.0 -9999.0 -9999.0 -9999.0 -9999.0 -9999.0 -9999.0 -9999.0 -9999.0 -9999.0 -9999.0 -9999.0 0.020123 0.021139 0.020149 0.020129 0.020135 0.020399 0.059329 0.075140 0.020120 0.020070 0.020175 0.020101 0.020121 0.020040 0.020075 0.020143 0.020104 0.020029 0.020017 0.020104 0.020064 0.020025 -9999.0 -9999.0 -9999.0 -9999.0 -9999.0 -9999.0 -9999.0 -9999.0 -9999.0 -9999.0 -9999.0 -9999.0 -9999.0 -9999.0 -9999.0 -9999.0 -9999.0 -9999.0 -9999.0 -9999.0 -9999.0 -9999.0 -9999.0 -9999.0 -9999.0 -9999.0 -9999.0 -9999.0 -9999.0
-9999.0 -9999.0 -9999.0 -9999.0 -9999.0 -9999.0 -9999.0 -9999.0 -9999.0 -9999.0 -9999.0 0.020205 0.020199 0.020234 0.020109 0.020090 0.020094 0.020311 0.390024 0.073511 0.020503 0.020562 0.020226 0.020071 0.020246 0.020140 0.020023 0.020222 0.020100 0.020021 0.020101 0.020062 0.020069 0.020041 0.020039 0.020034 0.020101 0.060301 0.086243 -9999.0 -9999.0 -9999.0 0.020034 -9999.0 -9999.0 -9999.0 -9999.0 -9999.0 -9999.0 -9999.0 -9999.0 -9999.0 -9999.0 -9999.0 -9999.0 -9999.0 -9999.0 -9999.0 -9999.0 -9999.0 -9999.0 -9999.0 -9999.0
-9999.0 -9999.0 -9999.0 -9999.0 -9999.0 -9999.0 -9999.0 -9999.0 -9999.0 -9999.0 -9999.0 0.020133 0.020151 0.020118 0.020173 0.020040 0.020086 0.020637 0.373320 0.242709 0.057298 0.020144 0.020253 0.020198 0.020164 0.020104 0.020209 0.020130 0.020196 0.020039 0.020088 0.020054 0.020052 0.020042 0.020030 0.020123 0.086244 0.086239 0.086258 0.078028 0.059655 0.020026 0.020041 0.020048 -9999.0 -9999.0 -9999.0 0.262268 0.020258 0.020313 0.020512 0.020425 0.020401 0.354414 0.363970 0.020399 -9999.0 -9999.0 -9999.0 -9999.0 -9999.0 -9999.0 -9999.0
-9999.0 -9999.0 -9999.0 -9999.0 -9999.0 -9999.0 -9999.0 -9999.0 -9999.0 -9999.0 -9999.0 0.020223 0.020058 0.020168 0.020230 0.020125 0.020087 0.020365 0.073545 0.289522 0.052798 0.020261 0.020094 0.020212 0.020059 0.020198 0.020109 0.020164 0.020075 0.020070 0.020050 0.020084 0.020049 0.020038 0.020036 0.071342 0.020862 0.031371 0.086240 0.086211 0.086259 0.020114 0.020220 0.020044 0.020066 -9999.0 0.020049 0.020219 0.020470 0.020165 0.020103 0.020120 0.040054 0.086700 0.081429 0.082394 -9999.0 -9999.0 -9999.0 -9999.0 -9999.0 -9999.0 -9999.0
-9999.0 -9999.0 -9999.0 -9999.0 -9999.0 -9999.0 -9999.0 -9999.0 -9999.0 -9999.0 -9999.0 -9999.0 0.020099 0.020274 0.020161 0.020231 0.020089 0.020343 0.041099 0.293389 0.020737 0.020535 0.021770 0.020163 0.020206 0.020097 0.021030 0.020074 0.020113 0.020198 0.020126 0.020073 0.020061 0.020051 0.020027 0.020046 0.020257 0.020756 0.086226 0.086232 0.083657 0.086220 0.020398 0.021594 0.020072 0.020139 0.020192 0.020188 0.020346 0.020134 0.020929 0.020296 0.274837 0.064927 0.020136 0.020109 0.028680 -9999.0 -9999.0 -9999.0 -9999.0 -9999.0 -9999.0
-9999.0 -9999.0 -9999.0 -9999.0 -9999.0 -9999.0 -9999.0 -9999.0 -9999.0 -9999.0 -9999.0 0.020246 0.020058 0.020122 0.020091 0.020091 0.020122 0.020234 0.080455 0.099254 0.020904 0.020719 0.020168 0.020101 0.020104 0.020448 0.020195 0.020051 0.020188 0.020149 0.020120 0.020145 0.020186 0.020051 0.020021 0.020032 0.020053 0.020481 0.041766 0.086234 0.030509 0.036347 0.021957 0.035288 0.082449 0.020123 0.020189 0.020153 0.020261 0.020517 0.020099 0.020058 0.020082 0.020042 0.020053 0.020026 0.020492 -9999.0 -9999.0 -9999.0 -9999.0 -9999.0 -9999.0
-9999.0 -9999.0 -9999.0 -9999.0 -9999.0 -9999.0 -9999.0 -9999.0 -9999.0 -9999.0 0.020576 0.020167 0.020222 0.020258 0.020227 0.020498 0.020247 0.020126 0.021284 0.135697 0.326568 0.196233 0.020320 0.020748 0.021178 0.020175 0.020168 0.020219 0.020081 0.020117 0.020643 0.020130 0.020105 0.020046 0.020019 0.020037 0.050745 0.020178 0.020685 0.047236 0.070659 0.052622 0.069507 0.041258 0.020750 0.020074 0.020211 0.020349 0.021031 0.020899 0.020501 0.020054 0.020043 0.020035 0.020050 0.061699 0.062988 -9999.0 -9999.0 -9999.0 -9999.0 -9999.0 -9999.0
-9999.0 -9999.0 -9999.0 -9999.0 -9999.0 -9999.0 -9999.0 -9999.0 -9999.0 0.020089 0.020402 0.020552 0.020495 0.020150 0.020136 0.020280 0.020134 0.020269 0.021608 0.123723 0.270588 0.028172 0.027493 0.041476 0.020309 0.020231 0.020085 0.020236 0.025402 0.021234 0.035308 0.020130 0.020029 0.020020 0.020051 0.020044 0.020044 0.020058 0.020046 0.020205 0.020874 0.020101 0.020099 0.023142 0.027251 0.027330 0.086256 0.020432 0.020109 0.021649 0.020114 0.020318 0.020025 0.020119 0.020322 0.020602 0.080039 0.026635 0.020843 -9999.0 -9999.0 -9999.0 -9999.0
-9999.0 -9999.0 -9999.0 -9999.0 -9999.0 -9999.0 -9999.0 -9999.0 -9999.0 0.020128 0.020089 0.020137 0.057903 0.020716 0.020121 0.020211 0.031696 0.027383 0.028399 0.381084 0.393348 0.086325 0.020650 0.020386 0.020244 0.020131 0.020908 0.022679 0.029496 0.020232 0.020138 0.020088 0.020090 0.020089 0.020079 0.020049 0.020049 0.020056 0.020042 0.020082 0.020077 0.020051 0.020364 0.020573 0.103641 0.023684 0.057211 0.039193 0.028503 0.022014 0.020446 0.020582 0.020138 0.020146 0.020076 0.040927 0.028446 0.049593 0.024582 -9999.0 -9999.0 -9999.0 -9999.0
-9999.0 -9999.0 -9999.0 -9999.0 -9999.0 -9999.0 -9999.0 -9999.0 -9999.0 -9999.0 0.020131 0.020210 0.020357 0.041262 0.033811 0.020212 0.020329 0.021536 0.032983 0.308199 0.271012 0.035996 0.020205 0.020216 0.020137 0.025873 0.021555 0.046893 0.020168 0.020107 0.020114 0.020158 0.020060 0.020045 0.020087 0.020159 0.020141 0.020127 0.020069 0.020036 0.020021 0.020087 0.020117 0.020164 0.020186 0.020164 0.020530 0.021158 0.086117 0.041171 0.020259 0.020195 0.020467 0.020209 0.020081 0.020142 0.020333 0.044933 0.054266 0.022660 -9999.0 -9999.0 -9999.0
-9999.0 -9999.0 -9999.0 -9999.0 -9999.0 -9999.0 -9999.0 -9999.0 -9999.0 -9999.0 0.020140 0.020157 0.020177 0.020314 0.387360 0.020730 0.021345 0.021207 0.062625 0.347400 0.024894 0.023856 0.020763 0.020816 0.022614 0.026509 0.024140 0.020686 0.020203 0.020047 0.020058 0.020193 0.020219 0.020044 0.020053 0.020071 0.020768 0.020141 0.020088 0.020045 0.020202 0.020268 0.020116 0.020061 0.020303 0.020330 0.020429 0.020243 0.049329 0.086221 0.050029 0.020226 0.021382 0.020517 0.020257 0.020546 0.020082 0.023348 0.041588 0.023503 -9999.0 -9999.0 -9999.0
-9999.0 -9999.0 -9999.0 -9999.0 -9999.0 -9999.0 -9999.0 -9999.0 0.020121 0.020226 0.020286 0.020194 0.020279 0.020348 0.020333 0.153935 0.043258 0.086319 0.380733 0.365990 0.059413 0.060678 0.030267 0.020895 0.023561 0.029873 0.023365 0.020239 0.020277 0.020170 0.020025 0.020078 0.020141 0.020116 0.020201 0.020025 0.020269 0.020181 0.020137 0.020190 0.020093 0.020090 0.020059 0.020028 0.020304 0.020526 0.020095 0.020457 0.020410 0.226650 0.022180 0.030838 0.021787 0.020404 0.020671 0.058827 0.021960 0.050801 0.074304 0.058067 -9999.0 -9999.0 -9999.0
-9999.0 -9999.0 -9999.0 -9999.0 -9999.0 -9999.0 -9999.0 -9999.0 0.020227 0.020165 0.020295 0.020068 0.020122 0.020429 0.020404 0.020454 0.020975 0.021102 0.048435 0.385519 0.430000 0.412373 0.090746 0.086298 0.054407 0.057428 0.021126 0.020208 0.020190 0.020260 0.020221 0.020236 0.020292 0.020277 0.020310 0.020302 0.020214 0.020491 0.020142 0.020326 0.020061 0.020018 0.020056 0.020393 0.020116 0.020278 0.020093 0.020141 0.020660 0.022282 0.073061 0.035440 0.021352 0.073527 0.058029 0.071499 0.045755 0.063533 0.086184 0.430000 0.430000 -9999.0 -9999.0
-9999.0 -9999.0 -9999.0 -9999.0 -9999.0 -9999.0 -9999.0 -9999.0 0.020107 0.020483 0.020129 0.020312 0.020446 0.020157 0.020343 0.026798 0.023406 0.062287 0.050434 0.430000 0.398020 0.420435 0.090792 0.089143 0.096020 0.036869 0.020875 0.020160 0.020140 0.020164 0.020259 0.020105 0.020171 0.020131 0.020466 0.027238 0.020431 0.029275 0.020232 0.020384 0.020219 0.020227 0.020378 0.020165 0.020124 0.020128 0.020420 0.021006 0.020217 0.021498 0.329213 0.041663 0.030391 0.020716 0.067521 0.046179 0.086232 0.086295 0.086258 0.430000 0.430000 -9999.0 -9999.0
-9999.0 -9999.0 -9999.0 -9999.0 -9999.0 -9999.0 -9999.0 -9999.0 0.020061 0.020383 0.234815 0.020160 0.020256 0.021020 0.039683 0.021677 0.061270 0.045753 0.188682 0.340452 0.382392 0.429909 0.430000 0.430000 0.021570 0.020850 0.020231 0.020148 0.020307 0.021263 0.020136 0.020147 0.043142 0.021159 0.020375 0.020222 0.020153 0.021148 0.020424 0.020285 0.020363 0.020611 0.020731 0.020182 0.020592 0.020514 0.020710 0.020256 0.020212 0.033949 0.020867 0.057946 0.075863 0.022767 0.086303 0.086304 0.086269 0.410782 0.430000 0.430000 0.059826 0.075197 -9999.0
-9999.0 -9999.0 -9999.0 -9999.0 -9999.0 -9999.0 -9999.0 -9999.0 0.020210 0.020449 0.066577 0.026362 0.037370 0.022400 0.086299 0.023607 0.175803 0.030027 0.020484 0.026798 0.067671 0.430000 0.430000 0.430000 0.086295 0.020859 0.020460 0.020979 0.024974 0.021504 0.020227 0.020840 0.053245 0.020983 0.020679 0.022915 0.032859 0.031494 0.046912 0.021114 0.020503 0.026996 0.031353 0.034745 0.020183 0.020131 0.024144 0.035875 0.036612 0.065884 0.086225 0.064421 0.058900 0.086295 0.086413 0.381445 0.430000 0.430000 0.430000 0.086282 0.069811 0.090537 -9999.0
-9999.0 -9999.0 0.020454 0.020493 0.020335 0.020266 0.020208 0.020249 0.020473 0.020382 0.020615 0.151089 0.026559 0.058341 0.086341 0.263032 0.020876 0.020305 0.020408 0.020515 0.030515 0.057798 0.430000 0.333966 0.253278 0.033373 0.020883 0.020890 0.023435 0.086294 0.020781 0.020821 0.024061 0.020905 0.027769 0.021052 0.052609 0.067923 0.062404 0.033436 0.057287 0.059806 0.040554 0.021432 0.020682 0.032990 0.023254 0.020965 0.086163 0.086275 0.086287 0.408018 0.430000 0.430000 0.430000 0.430000 0.317776 0.029855 0.076273 0.057488 0.105496 0.104567 -9999.0
-9999.0 0.020159 0.020203 0.020145 0.020134 0.020178 0.020488 0.020286 0.020260 0.020220 0.020575 0.020847 0.294068 0.430000 0.430000 0.020690 0.020518 0.020356 0.020249 0.020916 0.037252 0.063847 0.391514 0.430000 0.093422 0.085661 0.092267 0.093552 0.086223 0.023021 0.047181 0.031783 0.043238 0.094435 0.086281 0.040908 0.086290 0.060021 0.063695 0.027994 0.086287 0.086280 0.085473 0.022560 0.022385 0.023121 0.241793 0.057030 0.086275 0.371458 0.430000 0.430000 0.312526 0.252938 0.235196 0.023277 0.022023 0.045898 0.097984 0.099119 0.109995 0.109199 -9999.0
-9999.0 0.020502 0.020728 0.021189 0.314390 0.020736 0.020150 0.020195 0.020455 0.020466 0.020236 0.023690 0.045685 0.430000 0.041188 0.020756 0.020337 0.020418 0.021497 0.020983 0.061145 0.021636 0.148070 0.281791 0.430000 0.430000 0.038869 0.430000 0.430000 0.038309 0.037830 0.047761 0.045949 0.262431 0.430000 0.430000 0.430000 0.430000 0.102869 0.100434 0.097154 0.430000 0.086281 0.051933 0.039541 0.032231 0.430000 0.430000 0.430000 0.430000 0.024290 0.021661 0.021603 0.021840 0.045086 0.075092 0.021024 0.056556 0.024411 0.086916 0.090284 -9999.0 -9999.0
-9999.0 0.020262 0.020344 0.020379 0.021684 0.384502 0.311236 0.020485 0.020184 0.020247 0.020907 0.025724 0.081991 0.354451 0.024961 0.020479 0.020287 0.020406 0.020558 0.020706 0.020527 0.020798 0.021817 0.430000 0.430000 0.430000 0.430000 0.430000 0.430000 0.430000 0.429982 0.382643 0.430000 0.319646 0.430000 0.430000 0.430000 0.430000 0.430000 0.430000 0.430000 0.430000 0.430000 0.418353 0.390120 0.430000 0.430000 0.362345 0.309005 0.021861 0.021221 0.020568 0.021081 0.067212 0.020695 0.060645 0.076153 0.084759 0.085388 -9999.0 -9999.0 -9999.0 -9999.0
