user2019/resources/simulation/Vinschgau/output-maps/thetaliqL0005N0876.asc
ncols         63
nrows         48
xllcorner     598000.000000
yllcorner     5145000.000000
cellsize      1000.000000
NODATA_value  -9999.0
[rows 0 to 28 of 48, columns 0 to 62 of 63]
-9999.0 -9999.0 -9999.0 -9999.0 -9999.0 -9999.0 -9999.0 -9999.0 -9999.0 -9999.0 -9999.0 -9999.0 -9999.0 -9999.0 -9999.0 -9999.0 -9999.0 -9999.0 -9999.0 -9999.0 -9999.0 -9999.0 -9999.0 -9999.0 -9999.0 -9999.0 -9999.0 -9999.0 -9999.0 -9999.0 -9999.0 -9999.0 -9999.0 -9999.0 -9999.0 -9999.0 -9999.0 -9999.0 -9999.0 -9999.0 -9999.0 -9999.0 -9999.0 -9999.0 -9999.0 -9999.0 -9999.0 -9999.0 -9999.0 -9999.0 -9999.0 -9999.0 -9999.0 -9999.0 -9999.0 -9999.0 -9999.0 -9999.0 -9999.0 -9999.0 -9999.0 -9999.0 -9999.0
-9999.0 -9999.0 -9999.0 -9999.0 -9999.0 -9999.0 -9999.0 -9999.0 -9999.0 -9999.0 -9999.0 -9999.0 -9999.0 -9999.0 -9999.0 -9999.0 -9999.0 -9999.0 -9999.0 -9999.0 -9999.0 -9999.0 -9999.0 -9999.0 -9999.0 -9999.0 -9999.0 0.020026 0.040011 0.020031 0.040009 0.020026 0.020025 -9999.0 -9999.0 -9999.0 -9999.0 -9999.0 -9999.0 -9999.0 -9999.0 -9999.0 -9999.0 -9999.0 -9999.0 -9999.0 -9999.0 -9999.0 -9999.0 -9999.0 -9999.0 -9999.0 -9999.0 -9999.0 -9999.0 -9999.0 -9999.0 -9999.0 -9999.0 -9999.0 -9999.0 -9999.0 -9999.0
-9999.0 -9999.0 -9999.0 -9999.0 -9999.0 -9999.0 -9999.0 -9999.0 -9999.0 -9999.0 -9999.0 -9999.0 -9999.0 -9999.0 -9999.0 -9999.0 -9999.0 -9999.0 -9999.0 -9999.0 -9999.0 -9999.0 -9999.0 -9999.0 0.040016 0.040019 0.040036 0.040017 0.040021 0.040011 0.040008 -9999.0 -9999.0 -9999.0 -9999.0 -9999.0 -9999.0 -9999.0 -9999.0 -9999.0 -9999.0 -9999.0 -9999.0 -9999.0 -9999.0 -9999.0 -9999.0 -9999.0 -9999.0 -9999.0 -9999.0 -9999.0 -9999.0 -9999.0 -9999.0 -9999.0 -9999.0 -9999.0 -9999.0 -9999.0 -9999.0 -9999.0 -9999.0
-9999.0 -9999.0 -9999.0 -9999.0 -9999.0 -9999.0 -9999.0 -9999.0 -9999.0 -9999.0 -9999.0 -9999.0 -9999.0 -9999.0 -9999.0 -9999.0 -9999.0 -9999.0 -9999.0 -9999.0 -9999.0 -9999.0 -9999.0 0.040020 0.040068 0.232216 0.266032 0.148353 0.182065 0.040020 0.040009 0.040007 -9999.0 -9999.0 -9999.0 -9999.0 -9999.0 -9999.0 -9999.0 -9999.0 -9999.0 -9999.0 -9999.0 -9999.0 -9999.0 -9999.0 -9999.0 -9999.0 -9999.0 -9999.0 -9999.0 -9999.0 -9999.0 -9999.0 -9999.0 -9999.0 -9999.0 -9999.0 -9999.0 -9999.0 -9999.0 -9999.0 -9999.0
-9999.0 -9999.0 -9999.0 -9999.0 -9999.0 -9999.0 -9999.0 -9999.0 -9999.0 -9999.0 -9999.0 -9999.0 -9999.0 -9999.0 -9999.0 -9999.0 -9999.0 -9999.0 0.364797 0.040050 -9999.0 0.040033 0.040064 0.170684 0.290329 0.127602 0.335757 0.384464 0.417527 0.270683 0.040017 0.040009 0.020022 0.020016 -9999.0 -9999.0 -9999.0 -9999.0 -9999.0 -9999.0 -9999.0 -9999.0 -9999.0 -9999.0 -9999.0 -9999.0 -9999.0 -9999.0 -9999.0 -9999.0 -9999.0 -9999.0 -9999.0 -9999.0 -9999.0 -9999.0 -9999.0 -9999.0 -9999.0 -9999.0 -9999.0 -9999.0 -9999.0
-9999.0 -9999.0 -9999.0 -9999.0 -9999.0 -9999.0 -9999.0 -9999.0 -9999.0 -9999.0 -9999.0 -9999.0 -9999.0 -9999.0 -9999.0 -9999.0 -9999.0 0.137733 0.198588 0.022613 0.020049 0.152474 0.275541 0.276020 0.308462 0.337071 0.041531 0.046019 0.070840 0.378453 0.040087 0.040017 0.020031 0.020026 0.020020 0.020017 -9999.0 -9999.0 -9999.0 -9999.0 -9999.0 -9999.0 -9999.0 -9999.0 -9999.0 -9999.0 -9999.0 -9999.0 -9999.0 -9999.0 -9999.0 -9999.0 -9999.0 -9999.0 -9999.0 -9999.0 -9999.0 -9999.0 -9999.0 -9999.0 -9999.0 -9999.0 -9999.0
-9999.0 -9999.0 -9999.0 -9999.0 -9999.0 -9999.0 -9999.0 -9999.0 -9999.0 -9999.0 -9999.0 -9999.0 -9999.0 0.040090 0.330694 0.207483 0.124942 0.023514 0.142168 0.167600 0.274072 0.270074 0.259792 0.321805 0.352573 0.040064 0.020059 0.040096 0.040120 0.041975 0.040047 0.040014 0.040009 0.040007 0.020024 0.020016 -9999.0 -9999.0 -9999.0 -9999.0 -9999.0 -9999.0 -9999.0 -9999.0 -9999.0 -9999.0 -9999.0 -9999.0 -9999.0 -9999.0 -9999.0 -9999.0 -9999.0 -9999.0 -9999.0 -9999.0 -9999.0 -9999.0 -9999.0 -9999.0 -9999.0 -9999.0 -9999.0
-9999.0 -9999.0 -9999.0 -9999.0 -9999.0 -9999.0 -9999.0 -9999.0 -9999.0 -9999.0 -9999.0 -9999.0 -9999.0 0.041047 0.291619 0.189811 0.137747 0.335397 0.023429 0.214159 0.129985 0.321098 0.304888 0.345653 0.223484 0.047132 0.040011 0.020029 0.020024 0.040038 0.040061 0.040010 0.020022 0.020015 0.020019 -9999.0 -9999.0 -9999.0 -9999.0 -9999.0 -9999.0 -9999.0 -9999.0 -9999.0 -9999.0 -9999.0 -9999.0 -9999.0 -9999.0 -9999.0 -9999.0 -9999.0 -9999.0 -9999.0 -9999.0 -9999.0 -9999.0 -9999.0 -9999.0 -9999.0 -9999.0 -9999.0 -9999.0
-9999.0 -9999.0 -9999.0 -9999.0 -9999.0 -9999.0 -9999.0 -9999.0 -9999.0 -9999.0 -9999.0 -9999.0 -9999.0 0.265965 0.430000 0.242484 0.180233 0.148549 0.023346 0.137008 0.362316 0.021122 0.331075 0.212447 0.357205 0.234892 0.020036 0.020023 0.040007 0.020017 0.040008 0.020014 0.020013 0.020011 0.020016 -9999.0 -9999.0 -9999.0 -9999.0 -9999.0 -9999.0 -9999.0 -9999.0 -9999.0 -9999.0 -9999.0 -9999.0 -9999.0 -9999.0 -9999.0 -9999.0 -9999.0 -9999.0 -9999.0 -9999.0 -9999.0 -9999.0 -9999.0 -9999.0 -9999.0 -9999.0 -9999.0 -9999.0
-9999.0 -9999.0 -9999.0 -9999.0 -9999.0 -9999.0 -9999.0 -9999.0 -9999.0 -9999.0 -9999.0 -9999.0 0.222549 0.254920 0.310436 0.352834 0.288930 0.210166 0.306631 0.023101 0.275010 0.049327 0.020864 0.041184 0.040044 0.040011 0.040015 0.040008 0.040009 0.020022 0.040003 0.020021 0.040007 0.020015 -9999.0 -9999.0 -9999.0 -9999.0 -9999.0 -9999.0 -9999.0 -9999.0 -9999.0 -9999.0 -9999.0 -9999.0 -9999.0 -9999.0 -9999.0 -9999.0 -9999.0 -9999.0 -9999.0 -9999.0 -9999.0 -9999.0 -9999.0 -9999.0 -9999.0 -9999.0 -9999.0 -9999.0 -9999.0
-9999.0 -9999.0 -9999.0 -9999.0 -9999.0 -9999.0 -9999.0 -9999.0 -9999.0 -9999.0 -9999.0 0.040105 0.391229 0.430000 0.327367 0.041276 0.023555 0.229266 0.430000 0.116592 0.187940 0.362974 0.040035 0.040013 0.040501 0.040015 0.040007 0.040011 0.040009 0.020017 0.020020 0.040009 0.020024 0.020018 0.020020 0.020025 0.040008 0.040011 0.020033 -9999.0 -9999.0 -9999.0 0.020018 -9999.0 -9999.0 -9999.0 -9999.0 -9999.0 -9999.0 -9999.0 -9999.0 -9999.0 -9999.0 -9999.0 -9999.0 -9999.0 -9999.0 -9999.0 -9999.0 -9999.0 -9999.0 -9999.0 -9999.0
-9999.0 -9999.0 -9999.0 -9999.0 -9999.0 -9999.0 -9999.0 -9999.0 -9999.0 -9999.0 -9999.0 0.040077 0.355944 0.370838 0.283273 0.040100 0.223334 0.173679 0.328396 0.366474 0.389947 0.040388 0.040053 0.040019 0.040029 0.040011 0.040010 0.040016 0.020030 0.020018 0.040011 0.040012 0.040007 0.040006 0.040005 0.040011 0.040021 0.040021 0.040012 0.020019 0.020019 0.020018 0.040010 0.020022 -9999.0 -9999.0 -9999.0 0.040004 0.040005 0.020020 0.040006 0.020018 0.020017 0.040005 0.040006 0.020016 -9999.0 -9999.0 -9999.0 -9999.0 -9999.0 -9999.0 -9999.0
-9999.0 -9999.0 -9999.0 -9999.0 -9999.0 -9999.0 -9999.0 -9999.0 -9999.0 -9999.0 -9999.0 0.040036 0.040077 0.040735 0.041195 0.040302 0.381954 0.257164 0.345644 0.326939 0.321099 0.300986 0.040068 0.040016 0.040011 0.020027 0.040055 0.040013 0.020025 0.040005 0.020024 0.040011 0.040016 0.040006 0.020022 0.040018 0.040015 0.040020 0.040038 0.020024 0.040013 0.020026 0.040017 0.040011 0.040006 -9999.0 0.020015 0.040006 0.040010 0.040014 0.020043 0.020035 0.020034 0.040009 0.020028 0.040007 -9999.0 -9999.0 -9999.0 -9999.0 -9999.0 -9999.0 -9999.0
-9999.0 -9999.0 -9999.0 -9999.0 -9999.0 -9999.0 -9999.0 -9999.0 -9999.0 -9999.0 -9999.0 -9999.0 0.040096 0.040348 0.040202 0.040239 0.313009 0.234539 0.370273 0.348304 0.293690 0.288633 0.041098 0.040107 0.040015 0.040049 0.040037 0.020039 0.040009 0.020022 0.040010 0.040012 0.020043 0.040008 0.040007 0.040012 0.040036 0.040033 0.040506 0.020041 0.040024 0.020036 0.040049 0.040043 0.020023 0.040006 0.020019 0.040007 0.040015 0.040052 0.040972 0.040013 0.040022 0.040010 0.040008 0.040009 0.040007 -9999.0 -9999.0 -9999.0 -9999.0 -9999.0 -9999.0
-9999.0 -9999.0 -9999.0 -9999.0 -9999.0 -9999.0 -9999.0 -9999.0 -9999.0 -9999.0 -9999.0 0.040177 0.040019 0.020117 0.040213 0.065234 0.376008 0.306266 0.373451 0.245698 0.267993 0.337342 0.043427 0.040031 0.040060 0.040411 0.040198 0.040008 0.040008 0.020029 0.040036 0.040017 0.040029 0.040008 0.040005 0.040010 0.040012 0.040081 0.082234 0.040100 0.040073 0.045236 0.040132 0.020095 0.040070 0.040009 0.040012 0.020030 0.020036 0.020414 0.020033 0.040009 0.040005 0.020019 0.020016 0.020015 0.020021 -9999.0 -9999.0 -9999.0 -9999.0 -9999.0 -9999.0
-9999.0 -9999.0 -9999.0 -9999.0 -9999.0 -9999.0 -9999.0 -9999.0 -9999.0 -9999.0 0.040038 0.040241 0.040048 0.040050 0.040213 0.040206 0.040197 0.323965 0.191876 0.254696 0.401990 0.421685 0.040159 0.040151 0.107866 0.040044 0.040021 0.020027 0.020042 0.040024 0.040024 0.040023 0.040024 0.040008 0.020016 0.020024 0.040017 0.040041 0.048375 0.364086 0.368084 0.030043 0.107621 0.401581 0.041534 0.020030 0.040013 0.040066 0.040048 0.107250 0.020022 0.020020 0.020015 0.020014 0.020014 0.040009 0.040009 -9999.0 -9999.0 -9999.0 -9999.0 -9999.0 -9999.0
-9999.0 -9999.0 -9999.0 -9999.0 -9999.0 -9999.0 -9999.0 -9999.0 -9999.0 0.040012 0.040055 0.040052 0.040544 0.040098 0.040475 0.040996 0.041327 0.083421 0.207500 0.190533 0.378699 0.226249 0.256400 0.336300 0.367624 0.040047 0.040014 0.040026 0.040235 0.049297 0.370937 0.020079 0.020025 0.020016 0.020018 0.020023 0.040012 0.040027 0.040039 0.040440 0.043505 0.041564 0.040209 0.281325 0.344001 0.040378 0.040279 0.040058 0.040064 0.383892 0.020050 0.020021 0.020012 0.020015 0.020018 0.040005 0.040007 0.020023 0.020019 -9999.0 -9999.0 -9999.0 -9999.0
-9999.0 -9999.0 -9999.0 -9999.0 -9999.0 -9999.0 -9999.0 -9999.0 -9999.0 0.020026 0.040011 0.040024 0.040220 0.257396 0.041161 0.040094 0.040239 0.376053 0.195082 0.298632 0.326522 0.269870 0.397058 0.090052 0.040071 0.040033 0.040158 0.085028 0.383430 0.183142 0.040236 0.040030 0.040012 0.040006 0.040009 0.020023 0.020026 0.020033 0.040011 0.040035 0.040156 0.040022 0.040191 0.387298 0.319945 0.368981 0.387364 0.324541 0.199377 0.382228 0.020047 0.040006 0.020016 0.040004 0.020021 0.040005 0.040007 0.040010 0.020027 -9999.0 -9999.0 -9999.0 -9999.0
-9999.0 -9999.0 -9999.0 -9999.0 -9999.0 -9999.0 -9999.0 -9999.0 -9999.0 -9999.0 0.040009 0.040024 0.041640 0.040273 0.296960 0.041332 0.218289 0.365784 0.189154 0.274903 0.360380 0.196431 0.356958 0.041189 0.040059 0.041531 0.371403 0.411109 0.040211 0.040042 0.040032 0.040025 0.040010 0.040008 0.040016 0.040014 0.040043 0.040063 0.020026 0.040010 0.040009 0.040051 0.040076 0.040454 0.322018 0.349030 0.329248 0.397306 0.383153 0.349419 0.020072 0.020032 0.020018 0.020016 0.040004 0.040006 0.040013 0.040047 0.040031 0.041743 -9999.0 -9999.0 -9999.0
-9999.0 -9999.0 -9999.0 -9999.0 -9999.0 -9999.0 -9999.0 -9999.0 -9999.0 -9999.0 0.040009 0.040013 0.040029 0.042702 0.421659 0.274631 0.306636 0.228477 0.204515 0.149277 0.152416 0.221076 0.319152 0.040297 0.041533 0.388920 0.430000 0.214078 0.040057 0.040011 0.040010 0.040012 0.020025 0.040006 0.040010 0.040048 0.040047 0.040378 0.040019 0.040008 0.040011 0.020042 0.040042 0.040019 0.040136 0.020353 0.077716 0.320587 0.328329 0.430000 0.073497 0.040021 0.040009 0.020019 0.020015 0.020016 0.040006 0.040054 0.430000 0.430000 -9999.0 -9999.0 -9999.0
-9999.0 -9999.0 -9999.0 -9999.0 -9999.0 -9999.0 -9999.0 -9999.0 0.040017 0.040010 0.020026 0.040017 0.040015 0.040048 0.045952 0.352933 0.190029 0.262990 0.242344 0.126218 0.127696 0.169497 0.188848 0.218029 0.349794 0.391858 0.401072 0.040104 0.040024 0.040011 0.020016 0.040010 0.040010 0.040007 0.040012 0.040012 0.040138 0.041045 0.040022 0.020023 0.020029 0.040029 0.020033 0.020025 0.020038 0.040046 0.040025 0.040216 0.312756 0.430000 0.207586 0.020166 0.040013 0.040006 0.020017 0.020026 0.020024 0.040074 0.385329 0.430000 -9999.0 -9999.0 -9999.0
-9999.0 -9999.0 -9999.0 -9999.0 -9999.0 -9999.0 -9999.0 -9999.0 0.020037 0.040032 0.040013 0.040008 0.040012 0.040027 0.040088 0.353874 0.253203 0.224499 0.123034 0.125976 0.312182 0.281963 0.277979 0.273351 0.185149 0.298159 0.395455 0.040389 0.020025 0.040008 0.040007 0.020025 0.040012 0.020026 0.040015 0.040024 0.040335 0.040486 0.040150 0.040016 0.040010 0.020018 0.020027 0.040018 0.040033 0.040083 0.020031 0.040015 0.040258 0.360145 0.430000 0.040399 0.040010 0.040007 0.020036 0.020035 0.040047 0.087759 0.420625 0.429748 0.140295 -9999.0 -9999.0
-9999.0 -9999.0 -9999.0 -9999.0 -9999.0 -9999.0 -9999.0 -9999.0 0.040010 0.040016 0.040016 0.040010 0.040010 0.020036 0.040084 0.040108 0.265092 0.285978 0.139579 0.288981 0.123770 0.231275 0.259424 0.167281 0.291570 0.253549 0.369273 0.040060 0.020029 0.040010 0.020028 0.040031 0.040019 0.020055 0.040051 0.040059 0.051618 0.429993 0.077770 0.040061 0.040015 0.020029 0.040016 0.040015 0.040029 0.040016 0.020024 0.040011 0.040018 0.390078 0.378256 0.308154 0.040009 0.040010 0.040021 0.040067 0.419862 0.430000 0.363147 0.430000 0.350364 -9999.0 -9999.0
-9999.0 -9999.0 -9999.0 -9999.0 -9999.0 -9999.0 -9999.0 -9999.0 0.020021 0.040017 0.040093 0.020027 0.040013 0.040051 0.020351 0.371640 0.159545 0.152331 0.325325 0.130089 0.136962 0.141408 0.237449 0.171495 0.191941 0.295825 0.178413 0.040031 0.040042 0.040071 0.040055 0.040136 0.021873 0.040634 0.020304 0.040092 0.219171 0.255228 0.394509 0.040995 0.040022 0.040026 0.040025 0.020037 0.040012 0.020029 0.020043 0.020034 0.040012 0.040044 0.370544 0.398362 0.356376 0.040100 0.294153 0.430000 0.430000 0.430000 0.313352 0.355446 0.349541 0.307931 -9999.0
-9999.0 -9999.0 -9999.0 -9999.0 -9999.0 -9999.0 -9999.0 -9999.0 0.040005 0.040015 0.040033 0.040044 0.040232 0.044528 0.212315 0.430000 0.425703 0.261367 0.283802 0.225894 0.161485 0.170159 0.144156 0.140935 0.316892 0.270404 0.040070 0.041484 0.356916 0.041265 0.040438 0.243796 0.430000 0.399687 0.370908 0.365521 0.351225 0.226937 0.219337 0.423247 0.379337 0.087269 0.159495 0.022931 0.040049 0.040067 0.040203 0.041087 0.040163 0.349143 0.400919 0.282743 0.364206 0.387120 0.430000 0.430000 0.430000 0.405826 0.394034 0.350686 0.282829 0.315847 -9999.0
-9999.0 -9999.0 0.020036 0.040016 0.040011 0.040026 0.040013 0.040014 0.040008 0.040011 0.040044 0.040663 0.044682 0.040822 0.423948 0.430000 0.333908 0.040061 0.040215 0.337523 0.221682 0.220220 0.397102 0.115881 0.163276 0.222249 0.275882 0.299514 0.322921 0.407549 0.353310 0.340915 0.430000 0.303969 0.370326 0.244488 0.308433 0.192939 0.177596 0.220453 0.336203 0.377059 0.315347 0.389216 0.362361 0.362939 0.419029 0.356577 0.368549 0.353467 0.308578 0.290458 0.411584 0.429207 0.430000 0.430000 0.430000 0.389430 0.385435 0.311125 0.396015 0.325096 -9999.0
-9999.0 0.040102 0.040091 0.040071 0.040029 0.040015 0.040013 0.040012 0.040009 0.040008 0.040019 0.040098 0.051778 0.041034 0.424497 0.040362 0.040062 0.040020 0.040103 0.346685 0.221481 0.259550 0.430000 0.339056 0.189179 0.169653 0.245208 0.287960 0.323979 0.370836 0.268640 0.318459 0.408021 0.390706 0.291888 0.270528 0.237661 0.149313 0.286577 0.284840 0.270067 0.303061 0.320593 0.231830 0.226673 0.211353 0.340211 0.216451 0.278310 0.294005 0.343325 0.397629 0.430000 0.430000 0.430000 0.430000 0.415859 0.393478 0.430000 0.394077 0.368438 0.328660 -9999.0
-9999.0 0.040118 0.040116 0.040591 0.040265 0.040031 0.040022 0.040010 0.040007 0.020025 0.040015 0.040060 0.329225 0.425804 0.043482 0.040023 0.040013 0.040017 0.040271 0.063844 0.395253 0.363980 0.327262 0.430000 0.409819 0.279186 0.109496 0.122192 0.279208 0.179713 0.129358 0.145471 0.360538 0.357554 0.358042 0.290167 0.315591 0.283507 0.249753 0.222482 0.252597 0.288608 0.282968 0.155962 0.104568 0.132147 0.250369 0.298522 0.310530 0.332709 0.360954 0.337984 0.383850 0.430000 0.426142 0.116271 0.052930 0.055441 0.141402 0.043920 0.202195 -9999.0 -9999.0
-9999.0 0.020062 0.040187 0.041102 0.428160 0.040352 0.041080 0.040040 0.040019 0.040020 0.040067 0.181686 0.409827 0.041887 0.040046 0.040013 0.040011 0.040022 0.040042 0.050497 0.043183 0.307843 0.226103 0.424294 0.422939 0.345495 0.349833 0.346587 0.148331 0.272935 0.114797 0.105419 0.324194 0.331197 0.289605 0.242475 0.251072 0.270550 0.229397 0.219071 0.221878 0.294539 0.261339 0.100490 0.099320 0.290342 0.287315 0.335337 0.354755 0.291125 0.369785 0.041643 0.103698 0.040302 0.042240 0.040147 0.040142 0.040064 0.040103 -9999.0 -9999.0 -9999.0 -9999.0
