user2019/resources/simulation/Vinschgau/output-maps/thetaliqL0002N1192.asc
ncols         63
nrows         48
xllcorner     598000.000000
yllcorner     5145000.000000
cellsize      1000.000000
NODATA_value  -9999.0
[rows 0 to 28 of 48, columns 0 to 62 of 63]
-9999.0 -9999.0 -9999.0 -9999.0 -9999.0 -9999.0 -9999.0 -9999.0 -9999.0 -9999.0 -9999.0 -9999.0 -9999.0 -9999.0 -9999.0 -9999.0 -9999.0 -9999.0 -9999.0 -9999.0 -9999.0 -9999.0 -9999.0 -9999.0 -9999.0 -9999.0 -9999.0 -9999.0 -9999.0 -9999.0 -9999.0 -9999.0 -9999.0 -9999.0 -9999.0 -9999.0 -9999.0 -9999.0 -9999.0 -9999.0 -9999.0 -9999.0 -9999.0 -9999.0 -9999.0 -9999.0 -9999.0 -9999.0 -9999.0 -9999.0 -9999.0 -9999.0 -9999.0 -9999.0 -9999.0 -9999.0 -9999.0 -9999.0 -9999.0 -9999.0 -9999.0 -9999.0 -9999.0
-9999.0 -9999.0 -9999.0 -9999.0 -9999.0 -9999.0 -9999.0 -9999.0 -9999.0 -9999.0 -9999.0 -9999.0 -9999.0 -9999.0 -9999.0 -9999.0 -9999.0 -9999.0 -9999.0 -9999.0 -9999.0 -9999.0 -9999.0 -9999.0 -9999.0 -9999.0 -9999.0 0.140394 0.494828 0.190731 0.321721 0.272713 0.124080 -9999.0 -9999.0 -9999.0 -9999.0 -9999.0 -9999.0 -9999.0 -9999.0 -9999.0 -9999.0 -9999.0 -9999.0 -9999.0 -9999.0 -9999.0 -9999.0 -9999.0 -9999.0 -9999.0 -9999.0 -9999.0 -9999.0 -9999.0 -9999.0 -9999.0 -9999.0 -9999.0 -9999.0 -9999.0 -9999.0
-9999.0 -9999.0 -9999.0 -9999.0 -9999.0 -9999.0 -9999.0 -9999.0 -9999.0 -9999.0 -9999.0 -9999.0 -9999.0 -9999.0 -9999.0 -9999.0 -9999.0 -9999.0 -9999.0 -9999.0 -9999.0 -9999.0 -9999.0 -9999.0 0.470754 0.460894 0.456139 0.464817 0.494616 0.520000 0.295412 -9999.0 -9999.0 -9999.0 -9999.0 -9999.0 -9999.0 -9999.0 -9999.0 -9999.0 -9999.0 -9999.0 -9999.0 -9999.0 -9999.0 -9999.0 -9999.0 -9999.0 -9999.0 -9999.0 -9999.0 -9999.0 -9999.0 -9999.0 -9999.0 -9999.0 -9999.0 -9999.0 -9999.0 -9999.0 -9999.0 -9999.0 -9999.0
-9999.0 -9999.0 -9999.0 -9999.0 -9999.0 -9999.0 -9999.0 -9999.0 -9999.0 -9999.0 -9999.0 -9999.0 -9999.0 -9999.0 -9999.0 -9999.0 -9999.0 -9999.0 -9999.0 -9999.0 -9999.0 -9999.0 -9999.0 0.447410 0.422059 0.071377 0.071069 0.070133 0.070722 0.447542 0.315957 0.244888 -9999.0 -9999.0 -9999.0 -9999.0 -9999.0 -9999.0 -9999.0 -9999.0 -9999.0 -9999.0 -9999.0 -9999.0 -9999.0 -9999.0 -9999.0 -9999.0 -9999.0 -9999.0 -9999.0 -9999.0 -9999.0 -9999.0 -9999.0 -9999.0 -9999.0 -9999.0 -9999.0 -9999.0 -9999.0 -9999.0 -9999.0
-9999.0 -9999.0 -9999.0 -9999.0 -9999.0 -9999.0 -9999.0 -9999.0 -9999.0 -9999.0 -9999.0 -9999.0 -9999.0 -9999.0 -9999.0 -9999.0 -9999.0 -9999.0 0.187561 0.393663 -9999.0 0.424360 0.404315 0.071138 0.072873 0.071168 0.239732 0.169786 0.270235 0.242240 0.484195 0.362016 0.193911 0.130695 -9999.0 -9999.0 -9999.0 -9999.0 -9999.0 -9999.0 -9999.0 -9999.0 -9999.0 -9999.0 -9999.0 -9999.0 -9999.0 -9999.0 -9999.0 -9999.0 -9999.0 -9999.0 -9999.0 -9999.0 -9999.0 -9999.0 -9999.0 -9999.0 -9999.0 -9999.0 -9999.0 -9999.0 -9999.0
-9999.0 -9999.0 -9999.0 -9999.0 -9999.0 -9999.0 -9999.0 -9999.0 -9999.0 -9999.0 -9999.0 -9999.0 -9999.0 -9999.0 -9999.0 -9999.0 -9999.0 0.072810 0.073841 0.022199 0.023095 0.365878 0.216859 0.076603 0.140751 0.290022 0.061416 0.290250 0.069804 0.309437 0.422457 0.472841 0.188593 0.181168 0.192950 0.190427 -9999.0 -9999.0 -9999.0 -9999.0 -9999.0 -9999.0 -9999.0 -9999.0 -9999.0 -9999.0 -9999.0 -9999.0 -9999.0 -9999.0 -9999.0 -9999.0 -9999.0 -9999.0 -9999.0 -9999.0 -9999.0 -9999.0 -9999.0 -9999.0 -9999.0 -9999.0 -9999.0
-9999.0 -9999.0 -9999.0 -9999.0 -9999.0 -9999.0 -9999.0 -9999.0 -9999.0 -9999.0 -9999.0 -9999.0 -9999.0 0.217812 0.092203 0.075278 0.073147 0.022200 0.073176 0.071742 0.072854 0.076662 0.072055 0.118889 0.161616 0.406668 0.031787 0.068606 0.094324 0.513204 0.046753 0.502111 0.520000 0.393577 0.195441 0.164527 -9999.0 -9999.0 -9999.0 -9999.0 -9999.0 -9999.0 -9999.0 -9999.0 -9999.0 -9999.0 -9999.0 -9999.0 -9999.0 -9999.0 -9999.0 -9999.0 -9999.0 -9999.0 -9999.0 -9999.0 -9999.0 -9999.0 -9999.0 -9999.0 -9999.0 -9999.0 -9999.0
-9999.0 -9999.0 -9999.0 -9999.0 -9999.0 -9999.0 -9999.0 -9999.0 -9999.0 -9999.0 -9999.0 -9999.0 -9999.0 0.235638 0.071653 0.073759 0.073873 0.080038 0.022199 0.071668 0.073548 0.068608 0.078843 0.163558 0.202127 0.348218 0.487690 0.190301 0.194013 0.064404 0.057813 0.397114 0.194431 0.188191 0.194970 -9999.0 -9999.0 -9999.0 -9999.0 -9999.0 -9999.0 -9999.0 -9999.0 -9999.0 -9999.0 -9999.0 -9999.0 -9999.0 -9999.0 -9999.0 -9999.0 -9999.0 -9999.0 -9999.0 -9999.0 -9999.0 -9999.0 -9999.0 -9999.0 -9999.0 -9999.0 -9999.0 -9999.0
-9999.0 -9999.0 -9999.0 -9999.0 -9999.0 -9999.0 -9999.0 -9999.0 -9999.0 -9999.0 -9999.0 -9999.0 -9999.0 0.070891 0.520000 0.070215 0.073897 0.073905 0.022161 0.073303 0.077141 0.022419 0.290373 0.079720 0.096617 0.201374 0.113424 0.193534 0.266198 0.194245 0.288923 0.020112 0.020084 0.020025 0.190406 -9999.0 -9999.0 -9999.0 -9999.0 -9999.0 -9999.0 -9999.0 -9999.0 -9999.0 -9999.0 -9999.0 -9999.0 -9999.0 -9999.0 -9999.0 -9999.0 -9999.0 -9999.0 -9999.0 -9999.0 -9999.0 -9999.0 -9999.0 -9999.0 -9999.0 -9999.0 -9999.0 -9999.0
-9999.0 -9999.0 -9999.0 -9999.0 -9999.0 -9999.0 -9999.0 -9999.0 -9999.0 -9999.0 -9999.0 -9999.0 0.071814 0.520000 0.070754 0.074043 0.080576 0.074854 0.068885 0.022131 0.073290 0.197240 0.455631 0.161072 0.045493 0.489174 0.040173 0.284283 0.460783 0.195617 0.040058 0.193787 0.202699 0.130029 -9999.0 -9999.0 -9999.0 -9999.0 -9999.0 -9999.0 -9999.0 -9999.0 -9999.0 -9999.0 -9999.0 -9999.0 -9999.0 -9999.0 -9999.0 -9999.0 -9999.0 -9999.0 -9999.0 -9999.0 -9999.0 -9999.0 -9999.0 -9999.0 -9999.0 -9999.0 -9999.0 -9999.0 -9999.0
-9999.0 -9999.0 -9999.0 -9999.0 -9999.0 -9999.0 -9999.0 -9999.0 -9999.0 -9999.0 -9999.0 0.303467 0.071056 0.520000 0.070449 0.158671 0.021977 0.073816 0.098358 0.021899 0.074563 0.121403 0.384686 0.461275 0.510369 0.507030 0.250253 0.498590 0.215513 0.186651 0.189821 0.520000 0.195120 0.162455 0.194043 0.193617 0.279963 0.430179 0.486245 -9999.0 -9999.0 -9999.0 0.165161 -9999.0 -9999.0 -9999.0 -9999.0 -9999.0 -9999.0 -9999.0 -9999.0 -9999.0 -9999.0 -9999.0 -9999.0 -9999.0 -9999.0 -9999.0 -9999.0 -9999.0 -9999.0 -9999.0 -9999.0
-9999.0 -9999.0 -9999.0 -9999.0 -9999.0 -9999.0 -9999.0 -9999.0 -9999.0 -9999.0 -9999.0 0.328837 0.070835 0.069021 0.069360 0.115348 0.067887 0.072896 0.079383 0.071715 0.096846 0.230499 0.459101 0.041810 0.040488 0.502786 0.407399 0.520000 0.190788 0.169011 0.443500 0.520000 0.237001 0.264627 0.367823 0.450606 0.485112 0.295894 0.363242 0.170351 0.183111 0.152408 0.391211 0.193939 -9999.0 -9999.0 -9999.0 0.449266 0.282645 0.196688 0.201141 0.195722 0.195689 0.203151 0.161540 0.197191 -9999.0 -9999.0 -9999.0 -9999.0 -9999.0 -9999.0 -9999.0
-9999.0 -9999.0 -9999.0 -9999.0 -9999.0 -9999.0 -9999.0 -9999.0 -9999.0 -9999.0 -9999.0 0.353287 0.296550 0.402828 0.188676 0.092132 0.099030 0.074955 0.066690 0.070788 0.100151 0.378442 0.052250 0.487714 0.497266 0.131773 0.046773 0.040099 0.192376 0.292176 0.193695 0.040065 0.520000 0.223107 0.195083 0.520000 0.048152 0.052510 0.176216 0.164326 0.449830 0.282265 0.520000 0.501325 0.205853 -9999.0 0.139734 0.221268 0.318174 0.520000 0.520000 0.189222 0.508469 0.271941 0.259163 0.223175 -9999.0 -9999.0 -9999.0 -9999.0 -9999.0 -9999.0 -9999.0
-9999.0 -9999.0 -9999.0 -9999.0 -9999.0 -9999.0 -9999.0 -9999.0 -9999.0 -9999.0 -9999.0 -9999.0 0.347171 0.510373 0.223750 0.213795 0.103088 0.076056 0.085170 0.071787 0.078601 0.308457 0.055032 0.041005 0.041460 0.048872 0.520000 0.478355 0.347980 0.194175 0.406133 0.046754 0.497534 0.269658 0.265349 0.520000 0.049598 0.041692 0.289599 0.269335 0.214814 0.125460 0.051297 0.477580 0.193986 0.229223 0.194476 0.239378 0.041317 0.049451 0.069161 0.040085 0.040082 0.040047 0.040061 0.291330 0.233575 -9999.0 -9999.0 -9999.0 -9999.0 -9999.0 -9999.0
-9999.0 -9999.0 -9999.0 -9999.0 -9999.0 -9999.0 -9999.0 -9999.0 -9999.0 -9999.0 -9999.0 0.050122 0.400936 0.114840 0.144990 0.318713 0.176300 0.078388 0.072026 0.076145 0.076557 0.205867 0.510902 0.049312 0.049037 0.041312 0.048295 0.301462 0.288137 0.190308 0.047041 0.040296 0.505516 0.265641 0.347013 0.447205 0.479586 0.058241 0.286531 0.113116 0.060526 0.234354 0.059539 0.076914 0.431006 0.305506 0.520000 0.190199 0.187749 0.092564 0.020266 0.337012 0.040021 0.020048 0.020045 0.020056 0.195867 -9999.0 -9999.0 -9999.0 -9999.0 -9999.0 -9999.0
-9999.0 -9999.0 -9999.0 -9999.0 -9999.0 -9999.0 -9999.0 -9999.0 -9999.0 -9999.0 0.520000 0.049985 0.404633 0.384326 0.306748 0.512825 0.512694 0.169834 0.075494 0.077089 0.093971 0.280488 0.045929 0.389807 0.096723 0.042514 0.042358 0.020103 0.447510 0.427111 0.041849 0.041143 0.481530 0.252458 0.146547 0.193066 0.460160 0.051278 0.040511 0.439425 0.415427 0.192472 0.194072 0.312028 0.084733 0.189460 0.488881 0.053482 0.045466 0.154471 0.020044 0.196388 0.020041 0.020052 0.020065 0.277040 0.262617 -9999.0 -9999.0 -9999.0 -9999.0 -9999.0 -9999.0
-9999.0 -9999.0 -9999.0 -9999.0 -9999.0 -9999.0 -9999.0 -9999.0 -9999.0 0.494512 0.443506 0.081602 0.131101 0.058237 0.058762 0.052315 0.077350 0.253953 0.074939 0.075272 0.082082 0.081188 0.154737 0.206742 0.422085 0.040274 0.041393 0.449731 0.071398 0.097895 0.520000 0.040176 0.191193 0.193317 0.155844 0.193239 0.481873 0.048241 0.049110 0.057545 0.040470 0.047558 0.047402 0.183337 0.244050 0.084234 0.363977 0.055187 0.055899 0.479702 0.041820 0.195891 0.020048 0.198419 0.198088 0.040028 0.040029 0.195657 0.197898 -9999.0 -9999.0 -9999.0 -9999.0
-9999.0 -9999.0 -9999.0 -9999.0 -9999.0 -9999.0 -9999.0 -9999.0 -9999.0 0.501122 0.492354 0.409271 0.520000 0.502261 0.073408 0.057816 0.378554 0.263144 0.074000 0.070474 0.072644 0.068242 0.219440 0.384858 0.041114 0.047217 0.055595 0.171001 0.469901 0.369311 0.422557 0.040099 0.520000 0.241533 0.319691 0.167663 0.141709 0.125009 0.493640 0.468575 0.049631 0.045642 0.064319 0.392020 0.112043 0.226242 0.233630 0.321939 0.355972 0.366255 0.040042 0.040029 0.200000 0.043808 0.200000 0.040017 0.040036 0.040056 0.187158 -9999.0 -9999.0 -9999.0 -9999.0
-9999.0 -9999.0 -9999.0 -9999.0 -9999.0 -9999.0 -9999.0 -9999.0 -9999.0 -9999.0 0.401638 0.469014 0.125224 0.041647 0.425339 0.077770 0.243191 0.172376 0.072977 0.073620 0.074850 0.074791 0.081217 0.040371 0.050157 0.087335 0.520000 0.394556 0.399257 0.040198 0.040115 0.040125 0.040144 0.288426 0.520000 0.517033 0.423662 0.447372 0.142633 0.456037 0.375998 0.469481 0.520000 0.089010 0.123351 0.234278 0.082723 0.209623 0.079167 0.334160 0.040122 0.040033 0.199317 0.200000 0.043494 0.220679 0.477569 0.042856 0.044969 0.103908 -9999.0 -9999.0 -9999.0
-9999.0 -9999.0 -9999.0 -9999.0 -9999.0 -9999.0 -9999.0 -9999.0 -9999.0 -9999.0 0.314797 0.501481 0.442619 0.396104 0.397379 0.218528 0.152810 0.078197 0.072874 0.070993 0.073905 0.076259 0.073559 0.074543 0.085443 0.494407 0.324684 0.217671 0.040441 0.040227 0.498344 0.520000 0.020125 0.258173 0.514199 0.484421 0.043620 0.046564 0.041515 0.275010 0.520000 0.194165 0.047671 0.425640 0.398640 0.048733 0.214131 0.148825 0.078865 0.210263 0.514008 0.041519 0.040075 0.198321 0.116591 0.200000 0.203754 0.053959 0.520000 0.520000 -9999.0 -9999.0 -9999.0
-9999.0 -9999.0 -9999.0 -9999.0 -9999.0 -9999.0 -9999.0 -9999.0 0.520000 0.372274 0.279338 0.520000 0.040156 0.054731 0.064074 0.225623 0.074981 0.068115 0.070792 0.070453 0.071879 0.072238 0.072656 0.074242 0.296663 0.292279 0.323463 0.043398 0.040108 0.040303 0.199171 0.457264 0.479391 0.298106 0.520000 0.489030 0.314752 0.067302 0.040058 0.159570 0.187705 0.468762 0.020309 0.153974 0.080162 0.520000 0.040069 0.061853 0.214256 0.309972 0.413394 0.040054 0.040025 0.040023 0.200000 0.227931 0.195540 0.431566 0.349677 0.096454 -9999.0 -9999.0 -9999.0
-9999.0 -9999.0 -9999.0 -9999.0 -9999.0 -9999.0 -9999.0 -9999.0 0.020000 0.040449 0.040740 0.283039 0.494093 0.040631 0.042471 0.238488 0.078324 0.076405 0.072058 0.069987 0.075926 0.066122 0.064747 0.064320 0.073786 0.090223 0.325221 0.049366 0.020060 0.279767 0.255447 0.191895 0.520000 0.190981 0.508860 0.457653 0.315939 0.520000 0.067051 0.464299 0.496095 0.042069 0.146850 0.443167 0.520000 0.048714 0.020155 0.478635 0.065151 0.346521 0.412089 0.073043 0.040017 0.218317 0.506651 0.020198 0.052222 0.359431 0.302455 0.101125 0.074323 -9999.0 -9999.0
-9999.0 -9999.0 -9999.0 -9999.0 -9999.0 -9999.0 -9999.0 -9999.0 0.507972 0.520000 0.384070 0.040171 0.520000 0.020503 0.055114 0.043960 0.176831 0.074479 0.072485 0.075826 0.069581 0.066245 0.065340 0.070231 0.070117 0.076959 0.321856 0.040521 0.020111 0.508731 0.190253 0.507596 0.042037 0.045585 0.465688 0.363790 0.468026 0.424888 0.060840 0.054877 0.483121 0.129712 0.471871 0.511926 0.041887 0.480493 0.160276 0.455785 0.042011 0.097320 0.259298 0.474968 0.040032 0.040018 0.061045 0.075597 0.520000 0.338225 0.078730 0.112409 0.082204 -9999.0 -9999.0
-9999.0 -9999.0 -9999.0 -9999.0 -9999.0 -9999.0 -9999.0 -9999.0 0.195463 0.483145 0.054038 0.020051 0.497802 0.046960 0.040797 0.341375 0.075003 0.073315 0.074446 0.072429 0.070625 0.070396 0.068000 0.068789 0.076559 0.178576 0.062390 0.040110 0.433776 0.048912 0.053819 0.045614 0.510264 0.093802 0.080937 0.288101 0.139162 0.076840 0.315360 0.149377 0.411475 0.408425 0.426024 0.099276 0.496691 0.133756 0.419826 0.177117 0.494568 0.052277 0.149054 0.209187 0.422562 0.071934 0.520000 0.509358 0.236370 0.100976 0.080158 0.084746 0.093749 0.104887 -9999.0
-9999.0 -9999.0 -9999.0 -9999.0 -9999.0 -9999.0 -9999.0 -9999.0 0.157814 0.520000 0.040000 0.040207 0.047029 0.056132 0.438266 0.231536 0.241778 0.081940 0.126797 0.076218 0.073781 0.071931 0.071926 0.072927 0.070533 0.170895 0.041018 0.083597 0.422383 0.504431 0.049850 0.460743 0.372602 0.405473 0.383197 0.173662 0.076170 0.074846 0.075473 0.313886 0.319408 0.354237 0.409369 0.491727 0.053986 0.399547 0.072482 0.049909 0.068296 0.509721 0.283264 0.098437 0.177799 0.290822 0.430217 0.372544 0.244803 0.147896 0.106769 0.077501 0.078131 0.111855 -9999.0
-9999.0 -9999.0 0.461758 0.481130 0.040048 0.044866 0.040089 0.040951 0.286914 0.449397 0.040146 0.040429 0.058521 0.520000 0.353200 0.520000 0.091208 0.040509 0.060611 0.255879 0.076664 0.073809 0.079319 0.073364 0.074470 0.078716 0.161604 0.247651 0.091750 0.347077 0.085598 0.132096 0.160721 0.077271 0.076643 0.076470 0.073339 0.073370 0.074312 0.076970 0.074190 0.074103 0.075725 0.209034 0.212471 0.332324 0.362659 0.253856 0.171665 0.110918 0.076426 0.091816 0.215100 0.266985 0.310530 0.251015 0.245444 0.173695 0.142704 0.081352 0.159668 0.130318 -9999.0
-9999.0 0.054135 0.049028 0.049731 0.046823 0.048442 0.040505 0.040751 0.040096 0.274699 0.041340 0.042836 0.515034 0.452032 0.519202 0.048206 0.048037 0.041874 0.048109 0.111840 0.077376 0.075065 0.124236 0.078904 0.068854 0.073964 0.071060 0.072275 0.073048 0.106543 0.075098 0.074224 0.072906 0.071535 0.071534 0.071672 0.070966 0.071543 0.071473 0.072484 0.071978 0.071430 0.071282 0.074300 0.075622 0.074969 0.083761 0.073076 0.072275 0.075960 0.093027 0.171059 0.245086 0.309782 0.313121 0.460354 0.356915 0.329189 0.433369 0.342675 0.281054 0.135823 -9999.0
-9999.0 0.422682 0.198220 0.075898 0.432272 0.063995 0.040059 0.040191 0.258317 0.256822 0.041303 0.040507 0.348498 0.436776 0.056325 0.040024 0.040947 0.041777 0.043596 0.174317 0.388375 0.172013 0.093448 0.197066 0.125803 0.081838 0.073237 0.071649 0.073291 0.071901 0.071746 0.072029 0.071674 0.071401 0.068122 0.070605 0.069554 0.068441 0.069447 0.069697 0.069433 0.069653 0.069333 0.071025 0.070803 0.070699 0.071003 0.072138 0.073716 0.077867 0.112171 0.143022 0.295468 0.505785 0.520000 0.067345 0.046711 0.061300 0.066905 0.054928 0.072494 -9999.0 -9999.0
-9999.0 0.328517 0.045870 0.040716 0.396095 0.402350 0.430295 0.040174 0.041732 0.041931 0.048592 0.077881 0.384454 0.520000 0.040216 0.040019 0.040268 0.040064 0.040192 0.041408 0.055583 0.069436 0.137250 0.181727 0.157584 0.088249 0.079587 0.076442 0.071245 0.072225 0.070176 0.069818 0.071207 0.070837 0.070376 0.069860 0.069787 0.068077 0.069678 0.069282 0.069027 0.068391 0.068984 0.068319 0.068609 0.070177 0.071091 0.073606 0.082953 0.079004 0.201091 0.334059 0.076207 0.520000 0.051196 0.040406 0.040362 0.040166 0.040222 -9999.0 -9999.0 -9999.0 -9999.0
