user2019/resources/simulation/Vinschgau/output-maps/thetaliqL0008N0972.asc
ncols         63
nrows         48
xllcorner     598000.000000
yllcorner     5145000.000000
cellsize      1000.000000
NODATA_value  -9999.0
[rows 0 to 28 of 48, columns 0 to 62 of 63]
-9999.0 -9999.0 -9999.0 -9999.0 -9999.0 -9999.0 -9999.0 -9999.0 -9999.0 -9999.0 -9999.0 -9999.0 -9999.0 -9999.0 -9999.0 -9999.0 -9999.0 -9999.0 -9999.0 -9999.0 -9999.0 -9999.0 -9999.0 -9999.0 -9999.0 -9999.0 -9999.0 -9999.0 -9999.0 -9999.0 -9999.0 -9999.0 -9999.0 -9999.0 -9999.0 -9999.0 -9999.0 -9999.0 -9999.0 -9999.0 -9999.0 -9999.0 -9999.0 -9999.0 -9999.0 -9999.0 -9999.0 -9999.0 -9999.0 -9999.0 -9999.0 -9999.0 -9999.0 -9999.0 -9999.0 -9999.0 -9999.0 -9999.0 -9999.0 -9999.0 -9999.0 -9999.0 -9999.0
-9999.0 -9999.0 -9999.0 -9999.0 -9999.0 -9999.0 -9999.0 -9999.0 -9999.0 -9999.0 -9999.0 -9999.0 -9999.0 -9999.0 -9999.0 -9999.0 -9999.0 -9999.0 -9999.0 -9999.0 -9999.0 -9999.0 -9999.0 -9999.0 -9999.0 -9999.0 -9999.0 0.020033 0.020040 0.020041 0.020040 0.020033 0.020029 -9999.0 -9999.0 -9999.0 -9999.0 -9999.0 -9999.0 -9999.0 -9999.0 -9999.0 -9999.0 -9999.0 -9999.0 -9999.0 -9999.0 -9999.0 -9999.0 -9999.0 -9999.0 -9999.0 -9999.0 -9999.0 -9999.0 -9999.0 -9999.0 -9999.0 -9999.0 -9999.0 -9999.0 -9999.0 -9999.0
-9999.0 -9999.0 -9999.0 -9999.0 -9999.0 -9999.0 -9999.0 -9999.0 -9999.0 -9999.0 -9999.0 -9999.0 -9999.0 -9999.0 -9999.0 -9999.0 -9999.0 -9999.0 -9999.0 -9999.0 -9999.0 -9999.0 -9999.0 -9999.0 0.020041 0.020042 0.020042 0.020047 0.020043 0.020041 0.020037 -9999.0 -9999.0 -9999.0 -9999.0 -9999.0 -9999.0 -9999.0 -9999.0 -9999.0 -9999.0 -9999.0 -9999.0 -9999.0 -9999.0 -9999.0 -9999.0 -9999.0 -9999.0 -9999.0 -9999.0 -9999.0 -9999.0 -9999.0 -9999.0 -9999.0 -9999.0 -9999.0 -9999.0 -9999.0 -9999.0 -9999.0 -9999.0
-9999.0 -9999.0 -9999.0 -9999.0 -9999.0 -9999.0 -9999.0 -9999.0 -9999.0 -9999.0 -9999.0 -9999.0 -9999.0 -9999.0 -9999.0 -9999.0 -9999.0 -9999.0 -9999.0 -9999.0 -9999.0 -9999.0 -9999.0 0.020053 0.020122 0.103376 0.085491 0.077904 0.078781 0.020066 0.020038 0.020033 -9999.0 -9999.0 -9999.0 -9999.0 -9999.0 -9999.0 -9999.0 -9999.0 -9999.0 -9999.0 -9999.0 -9999.0 -9999.0 -9999.0 -9999.0 -9999.0 -9999.0 -9999.0 -9999.0 -9999.0 -9999.0 -9999.0 -9999.0 -9999.0 -9999.0 -9999.0 -9999.0 -9999.0 -9999.0 -9999.0 -9999.0
-9999.0 -9999.0 -9999.0 -9999.0 -9999.0 -9999.0 -9999.0 -9999.0 -9999.0 -9999.0 -9999.0 -9999.0 -9999.0 -9999.0 -9999.0 -9999.0 -9999.0 -9999.0 0.173021 0.020096 -9999.0 0.020073 0.020115 0.078043 0.085825 0.077458 0.133104 0.149254 0.154953 0.085959 0.020047 0.020041 0.020027 0.020020 -9999.0 -9999.0 -9999.0 -9999.0 -9999.0 -9999.0 -9999.0 -9999.0 -9999.0 -9999.0 -9999.0 -9999.0 -9999.0 -9999.0 -9999.0 -9999.0 -9999.0 -9999.0 -9999.0 -9999.0 -9999.0 -9999.0 -9999.0 -9999.0 -9999.0 -9999.0 -9999.0 -9999.0 -9999.0
-9999.0 -9999.0 -9999.0 -9999.0 -9999.0 -9999.0 -9999.0 -9999.0 -9999.0 -9999.0 -9999.0 -9999.0 -9999.0 -9999.0 -9999.0 -9999.0 -9999.0 0.290672 0.020312 0.077783 0.020076 0.132686 0.086110 0.079195 0.133877 0.021423 0.021155 0.086383 0.021534 0.146671 0.020095 0.020048 0.020041 0.020034 0.020024 0.020021 -9999.0 -9999.0 -9999.0 -9999.0 -9999.0 -9999.0 -9999.0 -9999.0 -9999.0 -9999.0 -9999.0 -9999.0 -9999.0 -9999.0 -9999.0 -9999.0 -9999.0 -9999.0 -9999.0 -9999.0 -9999.0 -9999.0 -9999.0 -9999.0 -9999.0 -9999.0 -9999.0
-9999.0 -9999.0 -9999.0 -9999.0 -9999.0 -9999.0 -9999.0 -9999.0 -9999.0 -9999.0 -9999.0 -9999.0 -9999.0 0.020188 0.086322 0.056607 0.041021 0.086231 0.295913 0.078441 0.086112 0.085640 0.078103 0.088198 0.021873 0.020113 0.020070 0.020215 0.020166 0.086280 0.020079 0.020048 0.020045 0.020035 0.020030 0.020020 -9999.0 -9999.0 -9999.0 -9999.0 -9999.0 -9999.0 -9999.0 -9999.0 -9999.0 -9999.0 -9999.0 -9999.0 -9999.0 -9999.0 -9999.0 -9999.0 -9999.0 -9999.0 -9999.0 -9999.0 -9999.0 -9999.0 -9999.0 -9999.0 -9999.0 -9999.0 -9999.0
-9999.0 -9999.0 -9999.0 -9999.0 -9999.0 -9999.0 -9999.0 -9999.0 -9999.0 -9999.0 -9999.0 -9999.0 -9999.0 0.105502 0.086300 0.053118 0.045449 0.176153 0.086215 0.085365 0.020179 0.086252 0.021077 0.021721 0.086270 0.071136 0.020042 0.020038 0.020029 0.020093 0.020152 0.020043 0.020027 0.020016 0.020023 -9999.0 -9999.0 -9999.0 -9999.0 -9999.0 -9999.0 -9999.0 -9999.0 -9999.0 -9999.0 -9999.0 -9999.0 -9999.0 -9999.0 -9999.0 -9999.0 -9999.0 -9999.0 -9999.0 -9999.0 -9999.0 -9999.0 -9999.0 -9999.0 -9999.0 -9999.0 -9999.0 -9999.0
-9999.0 -9999.0 -9999.0 -9999.0 -9999.0 -9999.0 -9999.0 -9999.0 -9999.0 -9999.0 -9999.0 -9999.0 -9999.0 0.086197 0.182317 0.107740 0.052016 0.048899 0.086205 0.228333 0.113962 0.072192 0.021496 0.021559 0.086344 0.086465 0.020045 0.020028 0.020033 0.020018 0.020037 0.020015 0.020015 0.020012 0.020019 -9999.0 -9999.0 -9999.0 -9999.0 -9999.0 -9999.0 -9999.0 -9999.0 -9999.0 -9999.0 -9999.0 -9999.0 -9999.0 -9999.0 -9999.0 -9999.0 -9999.0 -9999.0 -9999.0 -9999.0 -9999.0 -9999.0 -9999.0 -9999.0 -9999.0 -9999.0 -9999.0 -9999.0
-9999.0 -9999.0 -9999.0 -9999.0 -9999.0 -9999.0 -9999.0 -9999.0 -9999.0 -9999.0 -9999.0 -9999.0 0.079471 0.199995 0.086323 0.086444 0.066787 0.056431 0.163970 0.077459 0.086028 0.086235 0.036599 0.077362 0.027674 0.020045 0.020044 0.020036 0.020041 0.020026 0.020015 0.020026 0.020033 0.020018 -9999.0 -9999.0 -9999.0 -9999.0 -9999.0 -9999.0 -9999.0 -9999.0 -9999.0 -9999.0 -9999.0 -9999.0 -9999.0 -9999.0 -9999.0 -9999.0 -9999.0 -9999.0 -9999.0 -9999.0 -9999.0 -9999.0 -9999.0 -9999.0 -9999.0 -9999.0 -9999.0 -9999.0 -9999.0
-9999.0 -9999.0 -9999.0 -9999.0 -9999.0 -9999.0 -9999.0 -9999.0 -9999.0 -9999.0 -9999.0 0.020234 0.087086 0.200000 0.086377 0.105726 0.079846 0.056277 0.430000 0.077683 0.020120 0.159575 0.020103 0.020043 0.020114 0.020040 0.020034 0.020041 0.020035 0.020021 0.020025 0.020044 0.020030 0.020022 0.020024 0.020032 0.020035 0.020039 0.020036 -9999.0 -9999.0 -9999.0 0.020022 -9999.0 -9999.0 -9999.0 -9999.0 -9999.0 -9999.0 -9999.0 -9999.0 -9999.0 -9999.0 -9999.0 -9999.0 -9999.0 -9999.0 -9999.0 -9999.0 -9999.0 -9999.0 -9999.0 -9999.0
-9999.0 -9999.0 -9999.0 -9999.0 -9999.0 -9999.0 -9999.0 -9999.0 -9999.0 -9999.0 -9999.0 0.020161 0.086702 0.080499 0.086372 0.020189 0.086262 0.020201 0.430000 0.430000 0.120639 0.080492 0.020097 0.020054 0.020079 0.020042 0.020042 0.020040 0.020045 0.020022 0.020042 0.020043 0.020033 0.020028 0.020025 0.020042 0.020044 0.020069 0.020043 0.020023 0.020023 0.020022 0.020042 0.020027 -9999.0 -9999.0 -9999.0 0.040005 0.020024 0.020025 0.020028 0.020021 0.020021 0.040006 0.040006 0.020019 -9999.0 -9999.0 -9999.0 -9999.0 -9999.0 -9999.0 -9999.0
-9999.0 -9999.0 -9999.0 -9999.0 -9999.0 -9999.0 -9999.0 -9999.0 -9999.0 -9999.0 -9999.0 0.020133 0.020155 0.048065 0.163879 0.066009 0.087491 0.020746 0.116901 0.430000 0.430000 0.081181 0.020093 0.020041 0.020043 0.020035 0.020082 0.020041 0.020032 0.020027 0.020030 0.020035 0.020042 0.020030 0.020027 0.020042 0.020045 0.020052 0.020098 0.020030 0.020039 0.020034 0.020042 0.020042 0.020029 -9999.0 0.020019 0.020029 0.020042 0.020042 0.020042 0.020047 0.020043 0.020040 0.020038 0.020031 -9999.0 -9999.0 -9999.0 -9999.0 -9999.0 -9999.0 -9999.0
-9999.0 -9999.0 -9999.0 -9999.0 -9999.0 -9999.0 -9999.0 -9999.0 -9999.0 -9999.0 -9999.0 -9999.0 0.020177 0.140884 0.059066 0.082162 0.021592 0.020606 0.196166 0.430000 0.021083 0.080742 0.021712 0.020138 0.020047 0.020076 0.020071 0.020045 0.020039 0.020027 0.020042 0.020038 0.020043 0.020037 0.020032 0.020043 0.020082 0.020060 0.078939 0.020056 0.020068 0.020049 0.020054 0.020087 0.020029 0.020028 0.020023 0.020030 0.020047 0.020122 0.158675 0.020039 0.040044 0.020033 0.020043 0.020040 0.020031 -9999.0 -9999.0 -9999.0 -9999.0 -9999.0 -9999.0
-9999.0 -9999.0 -9999.0 -9999.0 -9999.0 -9999.0 -9999.0 -9999.0 -9999.0 -9999.0 -9999.0 0.094722 0.020067 0.020178 0.022358 0.087033 0.087631 0.021540 0.127770 0.428212 0.020982 0.021435 0.087475 0.020079 0.020083 0.020147 0.111810 0.020037 0.020035 0.020038 0.020077 0.020048 0.020049 0.020038 0.020025 0.020044 0.020044 0.020126 0.256900 0.020176 0.020125 0.081790 0.020108 0.020123 0.020129 0.020038 0.020039 0.020039 0.020050 0.045194 0.020036 0.020039 0.020023 0.020020 0.020018 0.020016 0.020026 -9999.0 -9999.0 -9999.0 -9999.0 -9999.0 -9999.0
-9999.0 -9999.0 -9999.0 -9999.0 -9999.0 -9999.0 -9999.0 -9999.0 -9999.0 -9999.0 0.020089 0.030329 0.020090 0.020093 0.053840 0.098278 0.084440 0.021513 0.054787 0.429343 0.430000 0.429994 0.020118 0.020715 0.086925 0.021904 0.020059 0.020029 0.020043 0.020081 0.020060 0.020057 0.020073 0.020038 0.020019 0.020030 0.020043 0.020102 0.020118 0.084984 0.079081 0.079799 0.086037 0.430000 0.086487 0.020040 0.020042 0.020158 0.020086 0.087054 0.020023 0.020024 0.020017 0.020015 0.020016 0.020037 0.020039 -9999.0 -9999.0 -9999.0 -9999.0 -9999.0 -9999.0
-9999.0 -9999.0 -9999.0 -9999.0 -9999.0 -9999.0 -9999.0 -9999.0 -9999.0 0.020041 0.020101 0.020055 0.020138 0.020153 0.113376 0.061131 0.086749 0.114771 0.020424 0.418514 0.430000 0.020632 0.020118 0.086332 0.150428 0.020093 0.020044 0.020084 0.020125 0.086898 0.087298 0.020082 0.020031 0.020016 0.020023 0.020029 0.020041 0.020074 0.020090 0.044404 0.020460 0.021025 0.020125 0.021034 0.020119 0.049520 0.044744 0.020111 0.020113 0.165704 0.020061 0.020026 0.020014 0.020017 0.020021 0.020023 0.020027 0.020028 0.020023 -9999.0 -9999.0 -9999.0 -9999.0
-9999.0 -9999.0 -9999.0 -9999.0 -9999.0 -9999.0 -9999.0 -9999.0 -9999.0 0.020031 0.020043 0.020083 0.172465 0.086701 0.073499 0.020138 0.071314 0.086900 0.020337 0.430000 0.430000 0.086970 0.161212 0.110070 0.020123 0.020068 0.020375 0.086816 0.086800 0.165255 0.042686 0.020068 0.020042 0.020030 0.020040 0.020029 0.020033 0.020045 0.020044 0.020106 0.053537 0.020060 0.027922 0.086592 0.430000 0.123038 0.086308 0.079396 0.079787 0.086974 0.020048 0.020024 0.020018 0.020021 0.020026 0.020020 0.020028 0.020033 0.020035 -9999.0 -9999.0 -9999.0 -9999.0
-9999.0 -9999.0 -9999.0 -9999.0 -9999.0 -9999.0 -9999.0 -9999.0 -9999.0 -9999.0 0.020041 0.020046 0.086852 0.429128 0.080290 0.086300 0.086896 0.086642 0.020289 0.430000 0.430000 0.020118 0.022186 0.020119 0.020081 0.086633 0.086709 0.087400 0.041381 0.020085 0.020071 0.020043 0.020033 0.020034 0.020041 0.020049 0.020085 0.020115 0.020033 0.020044 0.020039 0.020091 0.081099 0.058579 0.020126 0.022331 0.020124 0.168476 0.078596 0.080254 0.020074 0.020030 0.020021 0.020019 0.020020 0.020029 0.020046 0.020067 0.020074 0.086752 -9999.0 -9999.0 -9999.0
-9999.0 -9999.0 -9999.0 -9999.0 -9999.0 -9999.0 -9999.0 -9999.0 -9999.0 -9999.0 0.020038 0.020044 0.020077 0.077805 0.429993 0.020901 0.021141 0.058569 0.054681 0.345668 0.048308 0.020515 0.021257 0.047260 0.086502 0.086764 0.181885 0.021964 0.020105 0.020035 0.020043 0.020047 0.020026 0.020029 0.020044 0.020093 0.020069 0.020322 0.020057 0.020035 0.020041 0.020053 0.020096 0.020060 0.068914 0.020122 0.088022 0.020122 0.020124 0.079571 0.078057 0.020056 0.020031 0.020023 0.020017 0.020019 0.020028 0.020104 0.025319 0.200000 -9999.0 -9999.0 -9999.0
-9999.0 -9999.0 -9999.0 -9999.0 -9999.0 -9999.0 -9999.0 -9999.0 0.020043 0.020042 0.020034 0.020042 0.020044 0.020166 0.020562 0.430000 0.020360 0.087125 0.428666 0.296122 0.041970 0.020210 0.020285 0.020501 0.086248 0.076612 0.189685 0.020161 0.020067 0.020036 0.020017 0.020044 0.020042 0.020031 0.020038 0.020046 0.020561 0.049815 0.020055 0.020029 0.020039 0.020050 0.020036 0.020032 0.020052 0.020086 0.020059 0.022330 0.020121 0.430000 0.086141 0.020118 0.020026 0.020022 0.020020 0.020034 0.020030 0.020136 0.080516 0.023454 -9999.0 -9999.0 -9999.0
-9999.0 -9999.0 -9999.0 -9999.0 -9999.0 -9999.0 -9999.0 -9999.0 0.020040 0.020085 0.020042 0.020035 0.020045 0.020054 0.020141 0.022174 0.020906 0.020591 0.020122 0.292664 0.430000 0.430000 0.134058 0.086944 0.020296 0.065859 0.080400 0.040943 0.020026 0.020036 0.020030 0.020032 0.020039 0.020033 0.020041 0.020069 0.032570 0.074605 0.020198 0.020043 0.020042 0.020021 0.020035 0.020045 0.020062 0.020107 0.020032 0.020046 0.027256 0.022522 0.086390 0.059242 0.020027 0.020030 0.020045 0.020042 0.020093 0.079251 0.079450 0.430000 0.341818 -9999.0 -9999.0
-9999.0 -9999.0 -9999.0 -9999.0 -9999.0 -9999.0 -9999.0 -9999.0 0.020044 0.020049 0.020061 0.020034 0.020038 0.020038 0.020113 0.020118 0.020741 0.086039 0.020154 0.430000 0.290651 0.428526 0.117532 0.094888 0.137045 0.020816 0.022638 0.020109 0.020027 0.020040 0.020036 0.020075 0.020055 0.020066 0.020104 0.020110 0.063190 0.020223 0.020128 0.020143 0.020041 0.020038 0.020042 0.020047 0.020073 0.020043 0.020029 0.020043 0.020051 0.020124 0.430000 0.086184 0.020033 0.020028 0.020060 0.020145 0.090037 0.090107 0.086105 0.430000 0.430000 -9999.0 -9999.0
-9999.0 -9999.0 -9999.0 -9999.0 -9999.0 -9999.0 -9999.0 -9999.0 0.020025 0.020046 0.264281 0.020025 0.020042 0.020072 0.020119 0.022042 0.020121 0.020206 0.430000 0.243063 0.321656 0.362517 0.429238 0.407955 0.054508 0.021262 0.022176 0.020069 0.020079 0.020165 0.020113 0.020170 0.060654 0.048250 0.020206 0.020178 0.086945 0.020844 0.020142 0.069911 0.020076 0.020083 0.020064 0.020052 0.020042 0.020039 0.020043 0.020045 0.020044 0.020096 0.022537 0.022131 0.086212 0.079167 0.089731 0.096537 0.086403 0.430000 0.430000 0.430000 0.163349 0.071212 -9999.0
-9999.0 -9999.0 -9999.0 -9999.0 -9999.0 -9999.0 -9999.0 -9999.0 0.020025 0.020045 0.020053 0.020087 0.020118 0.020367 0.121248 0.174882 0.430000 0.020930 0.021337 0.020598 0.049753 0.403863 0.356573 0.325399 0.086812 0.020861 0.020121 0.086690 0.086703 0.086862 0.020118 0.087684 0.080484 0.088940 0.081604 0.081461 0.081147 0.020484 0.020118 0.090793 0.081740 0.079895 0.079829 0.076362 0.020102 0.020123 0.020261 0.020836 0.020230 0.080036 0.079166 0.020905 0.021776 0.086530 0.124403 0.430000 0.430000 0.430000 0.430000 0.086141 0.021061 0.072606 -9999.0
-9999.0 -9999.0 0.020042 0.020041 0.020036 0.020063 0.020039 0.020045 0.020036 0.020045 0.020086 0.426889 0.020467 0.088994 0.128551 0.430000 0.020121 0.020110 0.021578 0.021967 0.020530 0.056488 0.430000 0.183265 0.355522 0.020515 0.020841 0.021086 0.021252 0.121303 0.021702 0.021992 0.200000 0.021173 0.087513 0.020637 0.086941 0.020221 0.020118 0.020118 0.080594 0.080279 0.020118 0.086175 0.020120 0.080580 0.087881 0.070591 0.079023 0.086347 0.086240 0.430000 0.430000 0.430000 0.430000 0.430000 0.430000 0.193901 0.086318 0.021508 0.200000 0.079785 -9999.0
-9999.0 0.020166 0.020117 0.020095 0.020067 0.020121 0.020039 0.020039 0.020031 0.020035 0.020052 0.020153 0.429957 0.429870 0.429996 0.020118 0.020082 0.020055 0.034541 0.021697 0.020531 0.020782 0.430000 0.430000 0.105392 0.092862 0.108918 0.120196 0.086338 0.157331 0.085995 0.086280 0.089498 0.200000 0.086716 0.144612 0.086544 0.020141 0.180721 0.159573 0.086537 0.087121 0.086080 0.020475 0.020457 0.020353 0.430000 0.020343 0.086294 0.429921 0.430000 0.430000 0.430000 0.430000 0.430000 0.200000 0.087090 0.083937 0.200000 0.191695 0.093236 0.085095 -9999.0
-9999.0 0.020280 0.020149 0.047530 0.429124 0.020123 0.020055 0.020035 0.020033 0.020032 0.020044 0.020109 0.022109 0.429996 0.020118 0.020035 0.020041 0.020049 0.036806 0.020791 0.190300 0.074344 0.430000 0.430000 0.430000 0.430000 0.029879 0.336630 0.430000 0.020204 0.020134 0.020149 0.188048 0.430000 0.430000 0.429752 0.430000 0.429978 0.185916 0.137443 0.169715 0.429827 0.087351 0.044434 0.027860 0.020129 0.426708 0.430000 0.430000 0.430000 0.183442 0.073240 0.081405 0.091223 0.024894 0.080260 0.020610 0.080485 0.022582 0.081862 0.086821 -9999.0 -9999.0
-9999.0 0.020092 0.020099 0.020587 0.023951 0.429076 0.429040 0.020082 0.020054 0.020056 0.020089 0.021813 0.088938 0.429922 0.020091 0.020029 0.020036 0.020065 0.020084 0.020606 0.021646 0.022025 0.058077 0.430000 0.430000 0.430000 0.430000 0.430000 0.339835 0.429996 0.276807 0.260325 0.430000 0.430000 0.429969 0.424847 0.424834 0.429994 0.419779 0.418939 0.420458 0.430000 0.428183 0.266925 0.259542 0.430000 0.430000 0.430000 0.430000 0.067394 0.022438 0.175548 0.080175 0.175403 0.078886 0.020111 0.020109 0.020083 0.020090 -9999.0 -9999.0 -9999.0 -9999.0
