user2019/resources/simulation/Vinschgau/output-maps/thetaliqL0001N1305.asc
ncols         63
nrows         48
xllcorner     598000.000000
yllcorner     5145000.000000
cellsize      1000.000000
NODATA_value  -9999.0
[rows 0 to 28 of 48, columns 0 to 62 of 63]
-9999.0 -9999.0 -9999.0 -9999.0 -9999.0 -9999.0 -9999.0 -9999.0 -9999.0 -9999.0 -9999.0 -9999.0 -9999.0 -9999.0 -9999.0 -9999.0 -9999.0 -9999.0 -9999.0 -9999.0 -9999.0 -9999.0 -9999.0 -9999.0 -9999.0 -9999.0 -9999.0 -9999.0 -9999.0 -9999.0 -9999.0 -9999.0 -9999.0 -9999.0 -9999.0 -9999.0 -9999.0 -9999.0 -9999.0 -9999.0 -9999.0 -9999.0 -9999.0 -9999.0 -9999.0 -9999.0 -9999.0 -9999.0 -9999.0 -9999.0 -9999.0 -9999.0 -9999.0 -9999.0 -9999.0 -9999.0 -9999.0 -9999.0 -9999.0 -9999.0 -9999.0 -9999.0 -9999.0
-9999.0 -9999.0 -9999.0 -9999.0 -9999.0 -9999.0 -9999.0 -9999.0 -9999.0 -9999.0 -9999.0 -9999.0 -9999.0 -9999.0 -9999.0 -9999.0 -9999.0 -9999.0 -9999.0 -9999.0 -9999.0 -9999.0 -9999.0 -9999.0 -9999.0 -9999.0 -9999.0 0.020209 0.097150 0.020430 0.080355 0.041567 0.040006 -9999.0 -9999.0 -9999.0 -9999.0 -9999.0 -9999.0 -9999.0 -9999.0 -9999.0 -9999.0 -9999.0 -9999.0 -9999.0 -9999.0 -9999.0 -9999.0 -9999.0 -9999.0 -9999.0 -9999.0 -9999.0 -9999.0 -9999.0 -9999.0 -9999.0 -9999.0 -9999.0 -9999.0 -9999.0 -9999.0
-9999.0 -9999.0 -9999.0 -9999.0 -9999.0 -9999.0 -9999.0 -9999.0 -9999.0 -9999.0 -9999.0 -9999.0 -9999.0 -9999.0 -9999.0 -9999.0 -9999.0 -9999.0 -9999.0 -9999.0 -9999.0 -9999.0 -9999.0 -9999.0 0.157171 0.155588 0.168407 0.152619 0.199233 0.158771 0.049170 -9999.0 -9999.0 -9999.0 -9999.0 -9999.0 -9999.0 -9999.0 -9999.0 -9999.0 -9999.0 -9999.0 -9999.0 -9999.0 -9999.0 -9999.0 -9999.0 -9999.0 -9999.0 -9999.0 -9999.0 -9999.0 -9999.0 -9999.0 -9999.0 -9999.0 -9999.0 -9999.0 -9999.0 -9999.0 -9999.0 -9999.0 -9999.0
-9999.0 -9999.0 -9999.0 -9999.0 -9999.0 -9999.0 -9999.0 -9999.0 -9999.0 -9999.0 -9999.0 -9999.0 -9999.0 -9999.0 -9999.0 -9999.0 -9999.0 -9999.0 -9999.0 -9999.0 -9999.0 -9999.0 -9999.0 0.146623 0.157511 0.066550 0.066779 0.066005 0.065433 0.079449 0.048572 0.040548 -9999.0 -9999.0 -9999.0 -9999.0 -9999.0 -9999.0 -9999.0 -9999.0 -9999.0 -9999.0 -9999.0 -9999.0 -9999.0 -9999.0 -9999.0 -9999.0 -9999.0 -9999.0 -9999.0 -9999.0 -9999.0 -9999.0 -9999.0 -9999.0 -9999.0 -9999.0 -9999.0 -9999.0 -9999.0 -9999.0 -9999.0
-9999.0 -9999.0 -9999.0 -9999.0 -9999.0 -9999.0 -9999.0 -9999.0 -9999.0 -9999.0 -9999.0 -9999.0 -9999.0 -9999.0 -9999.0 -9999.0 -9999.0 -9999.0 0.073969 0.114570 -9999.0 0.138665 0.139222 0.067028 0.068407 0.067620 0.082079 0.070190 0.076182 0.072124 0.109966 0.072498 0.020204 0.020097 -9999.0 -9999.0 -9999.0 -9999.0 -9999.0 -9999.0 -9999.0 -9999.0 -9999.0 -9999.0 -9999.0 -9999.0 -9999.0 -9999.0 -9999.0 -9999.0 -9999.0 -9999.0 -9999.0 -9999.0 -9999.0 -9999.0 -9999.0 -9999.0 -9999.0 -9999.0 -9999.0 -9999.0 -9999.0
-9999.0 -9999.0 -9999.0 -9999.0 -9999.0 -9999.0 -9999.0 -9999.0 -9999.0 -9999.0 -9999.0 -9999.0 -9999.0 -9999.0 -9999.0 -9999.0 -9999.0 0.067221 0.068291 0.022453 0.022862 0.122972 0.071992 0.069235 0.069951 0.158137 0.064362 0.084672 0.099380 0.087921 0.182976 0.103564 0.020445 0.020217 0.020119 0.020103 -9999.0 -9999.0 -9999.0 -9999.0 -9999.0 -9999.0 -9999.0 -9999.0 -9999.0 -9999.0 -9999.0 -9999.0 -9999.0 -9999.0 -9999.0 -9999.0 -9999.0 -9999.0 -9999.0 -9999.0 -9999.0 -9999.0 -9999.0 -9999.0 -9999.0 -9999.0 -9999.0
-9999.0 -9999.0 -9999.0 -9999.0 -9999.0 -9999.0 -9999.0 -9999.0 -9999.0 -9999.0 -9999.0 -9999.0 -9999.0 0.062337 0.070326 0.069639 0.067750 0.022366 0.067735 0.068351 0.068872 0.069306 0.068374 0.067923 0.134876 0.146828 0.021164 0.112759 0.073033 0.202918 0.040012 0.229547 0.148317 0.123720 0.020228 0.020101 -9999.0 -9999.0 -9999.0 -9999.0 -9999.0 -9999.0 -9999.0 -9999.0 -9999.0 -9999.0 -9999.0 -9999.0 -9999.0 -9999.0 -9999.0 -9999.0 -9999.0 -9999.0 -9999.0 -9999.0 -9999.0 -9999.0 -9999.0 -9999.0 -9999.0 -9999.0 -9999.0
-9999.0 -9999.0 -9999.0 -9999.0 -9999.0 -9999.0 -9999.0 -9999.0 -9999.0 -9999.0 -9999.0 -9999.0 -9999.0 0.070425 0.068074 0.067865 0.068335 0.065314 0.022360 0.068320 0.068200 0.065444 0.069938 0.072422 0.070533 0.071638 0.089059 0.020249 0.020213 0.124798 0.222758 0.096834 0.020215 0.020118 0.020145 -9999.0 -9999.0 -9999.0 -9999.0 -9999.0 -9999.0 -9999.0 -9999.0 -9999.0 -9999.0 -9999.0 -9999.0 -9999.0 -9999.0 -9999.0 -9999.0 -9999.0 -9999.0 -9999.0 -9999.0 -9999.0 -9999.0 -9999.0 -9999.0 -9999.0 -9999.0 -9999.0 -9999.0
-9999.0 -9999.0 -9999.0 -9999.0 -9999.0 -9999.0 -9999.0 -9999.0 -9999.0 -9999.0 -9999.0 -9999.0 -9999.0 0.067302 0.520000 0.066535 0.068241 0.068367 0.022350 0.067691 0.065390 0.022585 0.107523 0.065099 0.069055 0.069696 0.020456 0.020206 0.040529 0.020201 0.073497 0.020184 0.020105 0.020020 0.020101 -9999.0 -9999.0 -9999.0 -9999.0 -9999.0 -9999.0 -9999.0 -9999.0 -9999.0 -9999.0 -9999.0 -9999.0 -9999.0 -9999.0 -9999.0 -9999.0 -9999.0 -9999.0 -9999.0 -9999.0 -9999.0 -9999.0 -9999.0 -9999.0 -9999.0 -9999.0 -9999.0 -9999.0
-9999.0 -9999.0 -9999.0 -9999.0 -9999.0 -9999.0 -9999.0 -9999.0 -9999.0 -9999.0 -9999.0 -9999.0 0.068384 0.520000 0.067288 0.069088 0.071261 0.069233 0.062872 0.022446 0.069126 0.108861 0.072182 0.089306 0.040000 0.096222 0.040096 0.041186 0.192287 0.020206 0.040330 0.020198 0.040424 0.020092 -9999.0 -9999.0 -9999.0 -9999.0 -9999.0 -9999.0 -9999.0 -9999.0 -9999.0 -9999.0 -9999.0 -9999.0 -9999.0 -9999.0 -9999.0 -9999.0 -9999.0 -9999.0 -9999.0 -9999.0 -9999.0 -9999.0 -9999.0 -9999.0 -9999.0 -9999.0 -9999.0 -9999.0 -9999.0
-9999.0 -9999.0 -9999.0 -9999.0 -9999.0 -9999.0 -9999.0 -9999.0 -9999.0 -9999.0 -9999.0 0.070962 0.067099 0.520000 0.066803 0.066768 0.022417 0.068049 0.066246 0.022314 0.069175 0.069599 0.049294 0.075198 0.136645 0.132106 0.040646 0.112260 0.040606 0.020114 0.020169 0.157282 0.020223 0.020110 0.020178 0.020224 0.041177 0.042888 0.040954 -9999.0 -9999.0 -9999.0 0.020105 -9999.0 -9999.0 -9999.0 -9999.0 -9999.0 -9999.0 -9999.0 -9999.0 -9999.0 -9999.0 -9999.0 -9999.0 -9999.0 -9999.0 -9999.0 -9999.0 -9999.0 -9999.0 -9999.0 -9999.0
-9999.0 -9999.0 -9999.0 -9999.0 -9999.0 -9999.0 -9999.0 -9999.0 -9999.0 -9999.0 -9999.0 0.066170 0.066537 0.064887 0.064952 0.065211 0.064017 0.067403 0.065469 0.065701 0.065980 0.068562 0.210264 0.040060 0.040174 0.109091 0.066035 0.140714 0.022890 0.020124 0.092707 0.203842 0.040520 0.040377 0.040494 0.110424 0.104643 0.040365 0.040427 0.020111 0.020113 0.020107 0.082653 0.020203 -9999.0 -9999.0 -9999.0 0.040313 0.040326 0.020138 0.040392 0.020111 0.020108 0.040195 0.040373 0.020102 -9999.0 -9999.0 -9999.0 -9999.0 -9999.0 -9999.0 -9999.0
-9999.0 -9999.0 -9999.0 -9999.0 -9999.0 -9999.0 -9999.0 -9999.0 -9999.0 -9999.0 -9999.0 0.078457 0.059363 0.081402 0.071166 0.064127 0.071955 0.069830 0.063876 0.065711 0.073122 0.213698 0.040755 0.189964 0.103004 0.020213 0.040268 0.040069 0.020221 0.040480 0.020214 0.040099 0.167246 0.040390 0.020205 0.135631 0.040152 0.040912 0.040524 0.020207 0.057351 0.042377 0.163376 0.137560 0.040409 -9999.0 0.020094 0.040417 0.090715 0.161651 0.050937 0.020455 0.047091 0.058999 0.041447 0.040407 -9999.0 -9999.0 -9999.0 -9999.0 -9999.0 -9999.0 -9999.0
-9999.0 -9999.0 -9999.0 -9999.0 -9999.0 -9999.0 -9999.0 -9999.0 -9999.0 -9999.0 -9999.0 -9999.0 0.087041 0.279805 0.069709 0.068956 0.075293 0.070950 0.065777 0.065919 0.071715 0.096135 0.370573 0.046762 0.040046 0.040172 0.393880 0.041666 0.066895 0.020204 0.067962 0.040163 0.042433 0.057379 0.040525 0.140155 0.040341 0.040124 0.122723 0.040197 0.040405 0.020319 0.053962 0.199496 0.020217 0.040391 0.020116 0.040413 0.040047 0.045682 0.091526 0.040177 0.040060 0.040046 0.040045 0.103050 0.040395 -9999.0 -9999.0 -9999.0 -9999.0 -9999.0 -9999.0
-9999.0 -9999.0 -9999.0 -9999.0 -9999.0 -9999.0 -9999.0 -9999.0 -9999.0 -9999.0 -9999.0 0.061148 0.101165 0.065541 0.323892 0.121013 0.073458 0.072032 0.064201 0.069361 0.071012 0.080900 0.424511 0.040227 0.040295 0.040096 0.046604 0.046509 0.040763 0.020230 0.040185 0.040338 0.149048 0.067398 0.040470 0.122818 0.076285 0.048914 0.184868 0.056488 0.049279 0.074170 0.402885 0.021623 0.091330 0.056701 0.160210 0.020410 0.020508 0.150163 0.020053 0.061359 0.040027 0.020032 0.020028 0.020203 0.020221 -9999.0 -9999.0 -9999.0 -9999.0 -9999.0 -9999.0
-9999.0 -9999.0 -9999.0 -9999.0 -9999.0 -9999.0 -9999.0 -9999.0 -9999.0 -9999.0 0.414733 0.127266 0.124882 0.101959 0.072318 0.432370 0.429518 0.099813 0.070069 0.069659 0.068369 0.131351 0.040345 0.165457 0.244812 0.040124 0.040078 0.020039 0.040598 0.073559 0.081858 0.040148 0.129870 0.069042 0.020102 0.020211 0.082832 0.041853 0.044707 0.404717 0.271177 0.197736 0.130975 0.175565 0.128822 0.020264 0.108522 0.068498 0.054208 0.172979 0.020038 0.020122 0.020025 0.020153 0.020116 0.049481 0.072766 -9999.0 -9999.0 -9999.0 -9999.0 -9999.0 -9999.0
-9999.0 -9999.0 -9999.0 -9999.0 -9999.0 -9999.0 -9999.0 -9999.0 -9999.0 0.108083 0.193655 0.141235 0.319599 0.050954 0.222100 0.276977 0.112878 0.073477 0.069716 0.069227 0.067380 0.073480 0.082787 0.076684 0.335104 0.040072 0.040041 0.134953 0.123761 0.377728 0.411898 0.040060 0.020218 0.020119 0.020111 0.020211 0.122098 0.040160 0.040625 0.156400 0.040132 0.040629 0.040510 0.099254 0.076246 0.068799 0.075407 0.042808 0.043054 0.400754 0.040080 0.020208 0.020114 0.020097 0.020114 0.040024 0.040040 0.020208 0.020116 -9999.0 -9999.0 -9999.0 -9999.0
-9999.0 -9999.0 -9999.0 -9999.0 -9999.0 -9999.0 -9999.0 -9999.0 -9999.0 0.043179 0.104800 0.062120 0.520000 0.206425 0.114642 0.047148 0.155692 0.084630 0.068770 0.065869 0.066343 0.065312 0.075312 0.270579 0.040118 0.040108 0.056336 0.185627 0.338483 0.246024 0.173864 0.040043 0.165075 0.040506 0.079510 0.020204 0.020209 0.020247 0.096119 0.127401 0.041346 0.040079 0.074826 0.251023 0.074403 0.081065 0.076724 0.116422 0.190406 0.251723 0.040025 0.040012 0.020102 0.040114 0.020224 0.040016 0.040041 0.040075 0.020225 -9999.0 -9999.0 -9999.0 -9999.0
-9999.0 -9999.0 -9999.0 -9999.0 -9999.0 -9999.0 -9999.0 -9999.0 -9999.0 -9999.0 0.063731 0.111776 0.116291 0.040278 0.214385 0.129588 0.141829 0.073259 0.067660 0.069203 0.066322 0.070947 0.062140 0.041411 0.040243 0.146350 0.402233 0.244927 0.208109 0.040063 0.040047 0.040078 0.040023 0.040625 0.194934 0.151064 0.145758 0.186616 0.020211 0.118336 0.056120 0.202161 0.520000 0.071266 0.096169 0.221034 0.073284 0.074705 0.071547 0.163217 0.040049 0.040043 0.020113 0.020106 0.040101 0.040413 0.239798 0.040047 0.213759 0.089791 -9999.0 -9999.0 -9999.0
-9999.0 -9999.0 -9999.0 -9999.0 -9999.0 -9999.0 -9999.0 -9999.0 -9999.0 -9999.0 0.065911 0.127025 0.164773 0.283616 0.265673 0.085284 0.100590 0.071183 0.067231 0.067822 0.068628 0.070628 0.053767 0.094512 0.133368 0.348766 0.222574 0.240339 0.040088 0.040027 0.104701 0.267188 0.020047 0.040496 0.106561 0.234385 0.040001 0.154463 0.040070 0.041091 0.135446 0.023078 0.053672 0.070865 0.186337 0.041408 0.263725 0.122990 0.071658 0.073910 0.469117 0.040070 0.040019 0.020119 0.020064 0.020105 0.040400 0.041619 0.475942 0.333492 -9999.0 -9999.0 -9999.0
-9999.0 -9999.0 -9999.0 -9999.0 -9999.0 -9999.0 -9999.0 -9999.0 0.197053 0.071236 0.041647 0.220925 0.040313 0.077639 0.049784 0.160379 0.070002 0.065295 0.067607 0.067453 0.066411 0.066864 0.067258 0.068286 0.106250 0.226892 0.265091 0.040190 0.040118 0.040028 0.020136 0.111302 0.117266 0.040557 0.160695 0.104526 0.066243 0.183604 0.040031 0.020203 0.020250 0.212400 0.020054 0.020212 0.020410 0.452964 0.040035 0.061493 0.199160 0.190570 0.347126 0.040222 0.040032 0.040010 0.020108 0.040610 0.020217 0.205550 0.186379 0.072819 -9999.0 -9999.0 -9999.0
-9999.0 -9999.0 -9999.0 -9999.0 -9999.0 -9999.0 -9999.0 -9999.0 0.020099 0.040160 0.040037 0.040731 0.116939 0.040123 0.040148 0.204030 0.072484 0.071022 0.066710 0.066908 0.064445 0.062468 0.061340 0.061278 0.068533 0.074772 0.297474 0.127620 0.020050 0.041409 0.040389 0.020212 0.140610 0.020215 0.195032 0.173633 0.070861 0.448072 0.097309 0.099735 0.103053 0.043731 0.020218 0.079848 0.352178 0.042588 0.020047 0.113676 0.120232 0.250198 0.315015 0.114870 0.040019 0.040404 0.068044 0.020077 0.040766 0.375629 0.078417 0.073380 0.071329 -9999.0 -9999.0
-9999.0 -9999.0 -9999.0 -9999.0 -9999.0 -9999.0 -9999.0 -9999.0 0.100693 0.260333 0.271962 0.040023 0.244963 0.020059 0.042575 0.040191 0.107977 0.071160 0.067104 0.065217 0.066483 0.063056 0.062183 0.067053 0.065625 0.071521 0.266266 0.040094 0.020041 0.107544 0.020224 0.242982 0.040063 0.040103 0.222985 0.075375 0.248134 0.266105 0.059289 0.065859 0.113350 0.020220 0.170890 0.248421 0.040152 0.180636 0.020202 0.118724 0.040054 0.083512 0.137622 0.381071 0.040018 0.040020 0.082272 0.397744 0.426220 0.178255 0.072161 0.073361 0.072458 -9999.0 -9999.0
-9999.0 -9999.0 -9999.0 -9999.0 -9999.0 -9999.0 -9999.0 -9999.0 0.020130 0.128967 0.061609 0.020042 0.171465 0.040110 0.040484 0.308195 0.069994 0.068016 0.067045 0.067005 0.067543 0.067189 0.064650 0.065844 0.071064 0.109397 0.047026 0.040045 0.157856 0.040421 0.043754 0.118006 0.410060 0.422991 0.136311 0.049730 0.067967 0.071659 0.190474 0.142593 0.065231 0.063506 0.073807 0.020402 0.128357 0.020222 0.040407 0.020429 0.110139 0.040675 0.137384 0.087189 0.337685 0.106546 0.443651 0.366579 0.085991 0.073807 0.071299 0.072691 0.073605 0.077224 -9999.0
-9999.0 -9999.0 -9999.0 -9999.0 -9999.0 -9999.0 -9999.0 -9999.0 0.040669 0.210542 0.040116 0.040064 0.040285 0.042691 0.365724 0.091622 0.116930 0.078905 0.079028 0.070835 0.068411 0.068549 0.068797 0.069933 0.066987 0.082206 0.040112 0.134099 0.242418 0.459672 0.041488 0.368332 0.118349 0.275672 0.153723 0.074549 0.072928 0.069922 0.070687 0.125023 0.102722 0.078393 0.191551 0.232986 0.041840 0.073826 0.112895 0.283046 0.094300 0.358551 0.082846 0.079301 0.087837 0.186469 0.289353 0.257026 0.123808 0.076779 0.074233 0.071905 0.072554 0.078382 -9999.0
-9999.0 -9999.0 0.040784 0.171907 0.040056 0.040083 0.040167 0.040034 0.041748 0.150965 0.040214 0.040107 0.046058 0.494487 0.143407 0.495304 0.077770 0.040095 0.055469 0.185994 0.071308 0.068101 0.070281 0.068037 0.071416 0.073311 0.105284 0.108590 0.072406 0.138749 0.068242 0.077273 0.070411 0.071533 0.071573 0.071520 0.070565 0.068301 0.069446 0.072470 0.071413 0.070790 0.070391 0.075252 0.155425 0.095054 0.195633 0.201312 0.073407 0.073289 0.072981 0.075803 0.090328 0.177435 0.222926 0.108073 0.136692 0.079335 0.075312 0.073795 0.073186 0.081908 -9999.0
-9999.0 0.051584 0.042017 0.040825 0.040101 0.040000 0.040180 0.040033 0.040020 0.040645 0.040045 0.040167 0.461549 0.281408 0.463846 0.040864 0.040247 0.040061 0.040133 0.094680 0.071892 0.069502 0.068645 0.069632 0.065868 0.070886 0.067091 0.066979 0.069834 0.072637 0.072588 0.070839 0.069413 0.065608 0.068661 0.068537 0.067867 0.066223 0.068418 0.069197 0.069100 0.068582 0.068171 0.069104 0.070412 0.069763 0.071548 0.067646 0.069207 0.069053 0.073652 0.079014 0.134716 0.222586 0.231104 0.374405 0.328472 0.300589 0.366971 0.262005 0.212639 0.082857 -9999.0
-9999.0 0.248588 0.347175 0.280337 0.260096 0.184411 0.040031 0.040025 0.040392 0.041017 0.040040 0.040091 0.289948 0.350689 0.044898 0.040032 0.040037 0.040048 0.043310 0.203486 0.273332 0.091308 0.072936 0.078296 0.070351 0.067135 0.067898 0.068641 0.068673 0.066378 0.066273 0.066607 0.067938 0.067871 0.064469 0.067121 0.064637 0.064472 0.066521 0.066714 0.066360 0.066494 0.066158 0.065418 0.065199 0.065059 0.067690 0.068218 0.069239 0.070907 0.074387 0.082384 0.254184 0.380410 0.512933 0.050499 0.044021 0.048293 0.052485 0.042836 0.053395 -9999.0 -9999.0
-9999.0 0.040535 0.167743 0.040024 0.324284 0.276061 0.280758 0.040058 0.040058 0.040060 0.040378 0.059702 0.290860 0.439460 0.040068 0.040022 0.040026 0.040035 0.040059 0.062638 0.043683 0.051382 0.091108 0.076998 0.073039 0.072131 0.070601 0.069824 0.068127 0.068375 0.067149 0.066792 0.067363 0.067082 0.066806 0.066494 0.066488 0.064315 0.066466 0.066038 0.065713 0.063398 0.065456 0.065205 0.065511 0.066448 0.067309 0.068741 0.071077 0.070626 0.093603 0.221947 0.057909 0.503759 0.041367 0.040089 0.040086 0.040059 0.040066 -9999.0 -9999.0 -9999.0 -9999.0
