user2019/resources/simulation/Vinschgau/output-maps/thetaliqL0004N1094.asc
ncols         63
nrows         48
xllcorner     598000.000000
yllcorner     5145000.000000
cellsize      1000.000000
NODATA_value  -9999.0
[rows 0 to 28 of 48, columns 0 to 62 of 63]
-9999.0 -9999.0 -9999.0 -9999.0 -9999.0 -9999.0 -9999.0 -9999.0 -9999.0 -9999.0 -9999.0 -9999.0 -9999.0 -9999.0 -9999.0 -9999.0 -9999.0 -9999.0 -9999.0 -9999.0 -9999.0 -9999.0 -9999.0 -9999.0 -9999.0 -9999.0 -9999.0 -9999.0 -9999.0 -9999.0 -9999.0 -9999.0 -9999.0 -9999.0 -9999.0 -9999.0 -9999.0 -9999.0 -9999.0 -9999.0 -9999.0 -9999.0 -9999.0 -9999.0 -9999.0 -9999.0 -9999.0 -9999.0 -9999.0 -9999.0 -9999.0 -9999.0 -9999.0 -9999.0 -9999.0 -9999.0 -9999.0 -9999.0 -9999.0 -9999.0 -9999.0 -9999.0 -9999.0
-9999.0 -9999.0 -9999.0 -9999.0 -9999.0 -9999.0 -9999.0 -9999.0 -9999.0 -9999.0 -9999.0 -9999.0 -9999.0 -9999.0 -9999.0 -9999.0 -9999.0 -9999.0 -9999.0 -9999.0 -9999.0 -9999.0 -9999.0 -9999.0 -9999.0 -9999.0 -9999.0 0.024355 0.040683 0.020847 0.040233 0.040402 0.040255 -9999.0 -9999.0 -9999.0 -9999.0 -9999.0 -9999.0 -9999.0 -9999.0 -9999.0 -9999.0 -9999.0 -9999.0 -9999.0 -9999.0 -9999.0 -9999.0 -9999.0 -9999.0 -9999.0 -9999.0 -9999.0 -9999.0 -9999.0 -9999.0 -9999.0 -9999.0 -9999.0 -9999.0 -9999.0 -9999.0
-9999.0 -9999.0 -9999.0 -9999.0 -9999.0 -9999.0 -9999.0 -9999.0 -9999.0 -9999.0 -9999.0 -9999.0 -9999.0 -9999.0 -9999.0 -9999.0 -9999.0 -9999.0 -9999.0 -9999.0 -9999.0 -9999.0 -9999.0 -9999.0 0.069809 0.096778 0.086809 0.139748 0.041998 0.041171 0.041048 -9999.0 -9999.0 -9999.0 -9999.0 -9999.0 -9999.0 -9999.0 -9999.0 -9999.0 -9999.0 -9999.0 -9999.0 -9999.0 -9999.0 -9999.0 -9999.0 -9999.0 -9999.0 -9999.0 -9999.0 -9999.0 -9999.0 -9999.0 -9999.0 -9999.0 -9999.0 -9999.0 -9999.0 -9999.0 -9999.0 -9999.0 -9999.0
-9999.0 -9999.0 -9999.0 -9999.0 -9999.0 -9999.0 -9999.0 -9999.0 -9999.0 -9999.0 -9999.0 -9999.0 -9999.0 -9999.0 -9999.0 -9999.0 -9999.0 -9999.0 -9999.0 -9999.0 -9999.0 -9999.0 -9999.0 0.175119 0.515375 0.173283 0.135322 0.076102 0.312857 0.110282 0.041393 0.040327 -9999.0 -9999.0 -9999.0 -9999.0 -9999.0 -9999.0 -9999.0 -9999.0 -9999.0 -9999.0 -9999.0 -9999.0 -9999.0 -9999.0 -9999.0 -9999.0 -9999.0 -9999.0 -9999.0 -9999.0 -9999.0 -9999.0 -9999.0 -9999.0 -9999.0 -9999.0 -9999.0 -9999.0 -9999.0 -9999.0 -9999.0
-9999.0 -9999.0 -9999.0 -9999.0 -9999.0 -9999.0 -9999.0 -9999.0 -9999.0 -9999.0 -9999.0 -9999.0 -9999.0 -9999.0 -9999.0 -9999.0 -9999.0 -9999.0 0.362222 0.519932 -9999.0 0.516004 0.519295 0.124800 0.204267 0.075654 0.349937 0.364958 0.427324 0.136194 0.063188 0.041703 0.020478 0.020390 -9999.0 -9999.0 -9999.0 -9999.0 -9999.0 -9999.0 -9999.0 -9999.0 -9999.0 -9999.0 -9999.0 -9999.0 -9999.0 -9999.0 -9999.0 -9999.0 -9999.0 -9999.0 -9999.0 -9999.0 -9999.0 -9999.0 -9999.0 -9999.0 -9999.0 -9999.0 -9999.0 -9999.0 -9999.0
-9999.0 -9999.0 -9999.0 -9999.0 -9999.0 -9999.0 -9999.0 -9999.0 -9999.0 -9999.0 -9999.0 -9999.0 -9999.0 -9999.0 -9999.0 -9999.0 -9999.0 0.081593 0.092400 0.021449 0.158217 0.084276 0.139694 0.340277 0.336981 0.152179 0.043114 0.122250 0.048487 0.468537 0.520000 0.054782 0.020573 0.023259 0.020417 0.020336 -9999.0 -9999.0 -9999.0 -9999.0 -9999.0 -9999.0 -9999.0 -9999.0 -9999.0 -9999.0 -9999.0 -9999.0 -9999.0 -9999.0 -9999.0 -9999.0 -9999.0 -9999.0 -9999.0 -9999.0 -9999.0 -9999.0 -9999.0 -9999.0 -9999.0 -9999.0 -9999.0
-9999.0 -9999.0 -9999.0 -9999.0 -9999.0 -9999.0 -9999.0 -9999.0 -9999.0 -9999.0 -9999.0 -9999.0 -9999.0 0.504248 0.321292 0.123547 0.079437 0.022467 0.084113 0.076202 0.156760 0.264236 0.161427 0.340777 0.110189 0.519789 0.020753 0.040343 0.042259 0.071105 0.040362 0.055599 0.043051 0.040275 0.020205 0.020304 -9999.0 -9999.0 -9999.0 -9999.0 -9999.0 -9999.0 -9999.0 -9999.0 -9999.0 -9999.0 -9999.0 -9999.0 -9999.0 -9999.0 -9999.0 -9999.0 -9999.0 -9999.0 -9999.0 -9999.0 -9999.0 -9999.0 -9999.0 -9999.0 -9999.0 -9999.0 -9999.0
-9999.0 -9999.0 -9999.0 -9999.0 -9999.0 -9999.0 -9999.0 -9999.0 -9999.0 -9999.0 -9999.0 -9999.0 -9999.0 0.471554 0.127303 0.103440 0.083051 0.213653 0.022461 0.088254 0.076567 0.126120 0.193931 0.307344 0.402073 0.072401 0.070919 0.042153 0.020901 0.040440 0.040051 0.042776 0.020532 0.020032 0.020335 -9999.0 -9999.0 -9999.0 -9999.0 -9999.0 -9999.0 -9999.0 -9999.0 -9999.0 -9999.0 -9999.0 -9999.0 -9999.0 -9999.0 -9999.0 -9999.0 -9999.0 -9999.0 -9999.0 -9999.0 -9999.0 -9999.0 -9999.0 -9999.0 -9999.0 -9999.0 -9999.0 -9999.0
-9999.0 -9999.0 -9999.0 -9999.0 -9999.0 -9999.0 -9999.0 -9999.0 -9999.0 -9999.0 -9999.0 -9999.0 -9999.0 0.099068 0.520000 0.096441 0.101467 0.088540 0.022442 0.081635 0.233053 0.075423 0.153768 0.060037 0.330522 0.262064 0.148990 0.020614 0.040582 0.020040 0.040958 0.020026 0.020027 0.020016 0.020291 -9999.0 -9999.0 -9999.0 -9999.0 -9999.0 -9999.0 -9999.0 -9999.0 -9999.0 -9999.0 -9999.0 -9999.0 -9999.0 -9999.0 -9999.0 -9999.0 -9999.0 -9999.0 -9999.0 -9999.0 -9999.0 -9999.0 -9999.0 -9999.0 -9999.0 -9999.0 -9999.0 -9999.0
-9999.0 -9999.0 -9999.0 -9999.0 -9999.0 -9999.0 -9999.0 -9999.0 -9999.0 -9999.0 -9999.0 -9999.0 0.169140 0.520000 0.111539 0.266989 0.172515 0.120950 0.188338 0.021334 0.216915 0.094058 0.048782 0.063489 0.040301 0.064970 0.040057 0.041080 0.040442 0.020373 0.040011 0.020457 0.040166 0.020282 -9999.0 -9999.0 -9999.0 -9999.0 -9999.0 -9999.0 -9999.0 -9999.0 -9999.0 -9999.0 -9999.0 -9999.0 -9999.0 -9999.0 -9999.0 -9999.0 -9999.0 -9999.0 -9999.0 -9999.0 -9999.0 -9999.0 -9999.0 -9999.0 -9999.0 -9999.0 -9999.0 -9999.0 -9999.0
-9999.0 -9999.0 -9999.0 -9999.0 -9999.0 -9999.0 -9999.0 -9999.0 -9999.0 -9999.0 -9999.0 0.520000 0.238769 0.520000 0.126389 0.416207 0.021187 0.120658 0.280102 0.074390 0.080978 0.349311 0.519214 0.082095 0.040288 0.040704 0.040722 0.040538 0.040532 0.020305 0.020446 0.040474 0.020220 0.020380 0.020386 0.020754 0.040862 0.041079 0.040371 -9999.0 -9999.0 -9999.0 0.020376 -9999.0 -9999.0 -9999.0 -9999.0 -9999.0 -9999.0 -9999.0 -9999.0 -9999.0 -9999.0 -9999.0 -9999.0 -9999.0 -9999.0 -9999.0 -9999.0 -9999.0 -9999.0 -9999.0 -9999.0
-9999.0 -9999.0 -9999.0 -9999.0 -9999.0 -9999.0 -9999.0 -9999.0 -9999.0 -9999.0 -9999.0 0.520000 0.189516 0.087834 0.078391 0.447293 0.072481 0.080176 0.209635 0.219730 0.304245 0.503729 0.518774 0.040306 0.040035 0.041452 0.044133 0.041544 0.020461 0.020361 0.041591 0.041615 0.040537 0.040129 0.040351 0.044478 0.041473 0.216370 0.049669 0.020406 0.020424 0.020420 0.040248 0.020523 -9999.0 -9999.0 -9999.0 0.040204 0.040104 0.020164 0.040127 0.020237 0.020233 0.040168 0.040103 0.020221 -9999.0 -9999.0 -9999.0 -9999.0 -9999.0 -9999.0 -9999.0
-9999.0 -9999.0 -9999.0 -9999.0 -9999.0 -9999.0 -9999.0 -9999.0 -9999.0 -9999.0 -9999.0 0.520000 0.504128 0.146849 0.403146 0.414830 0.312441 0.110569 0.137220 0.194102 0.220360 0.137507 0.040357 0.134219 0.043852 0.039154 0.040268 0.040044 0.021953 0.040358 0.020871 0.040033 0.043600 0.040328 0.020433 0.040826 0.040062 0.040124 0.331839 0.020949 0.040890 0.040748 0.040681 0.041009 0.040128 -9999.0 0.020287 0.040128 0.040239 0.040709 0.041414 0.025771 0.044790 0.041040 0.040184 0.040169 -9999.0 -9999.0 -9999.0 -9999.0 -9999.0 -9999.0 -9999.0
-9999.0 -9999.0 -9999.0 -9999.0 -9999.0 -9999.0 -9999.0 -9999.0 -9999.0 -9999.0 -9999.0 -9999.0 0.520000 0.042333 0.457742 0.457095 0.231419 0.113706 0.232142 0.210057 0.155846 0.232097 0.040357 0.040056 0.040147 0.040300 0.518912 0.042552 0.040924 0.020549 0.043280 0.040038 0.042897 0.040192 0.040159 0.040471 0.040039 0.040168 0.354661 0.440563 0.053230 0.145234 0.040060 0.089857 0.020718 0.040201 0.020343 0.040140 0.040022 0.040054 0.046295 0.040040 0.040039 0.040027 0.040020 0.040223 0.040158 -9999.0 -9999.0 -9999.0 -9999.0 -9999.0 -9999.0
-9999.0 -9999.0 -9999.0 -9999.0 -9999.0 -9999.0 -9999.0 -9999.0 -9999.0 -9999.0 -9999.0 0.040291 0.519225 0.520000 0.041647 0.145406 0.365913 0.151902 0.215845 0.141854 0.128358 0.310290 0.043233 0.040432 0.040361 0.040134 0.040056 0.041164 0.040918 0.070385 0.040272 0.040076 0.063706 0.040208 0.040304 0.040289 0.041803 0.040140 0.128339 0.311758 0.042235 0.079041 0.040725 0.021108 0.518683 0.041500 0.040401 0.066424 0.151116 0.064137 0.020085 0.041432 0.040023 0.020041 0.020033 0.020025 0.020422 -9999.0 -9999.0 -9999.0 -9999.0 -9999.0 -9999.0
-9999.0 -9999.0 -9999.0 -9999.0 -9999.0 -9999.0 -9999.0 -9999.0 -9999.0 -9999.0 0.519370 0.041764 0.519357 0.519828 0.520000 0.065493 0.055203 0.154609 0.116799 0.146867 0.276198 0.375514 0.041397 0.520000 0.048136 0.040188 0.040237 0.020053 0.078700 0.225087 0.040156 0.040127 0.050431 0.040604 0.020289 0.020911 0.042598 0.040047 0.040462 0.345368 0.467963 0.143536 0.188636 0.398759 0.048622 0.091787 0.054668 0.040067 0.040167 0.081437 0.020050 0.020305 0.020031 0.020023 0.020028 0.040813 0.040372 -9999.0 -9999.0 -9999.0 -9999.0 -9999.0 -9999.0
-9999.0 -9999.0 -9999.0 -9999.0 -9999.0 -9999.0 -9999.0 -9999.0 -9999.0 0.041166 0.125338 0.040110 0.040747 0.041969 0.043378 0.041284 0.050549 0.439206 0.104887 0.125784 0.251769 0.153143 0.202151 0.355664 0.154236 0.040134 0.040112 0.518890 0.041706 0.041104 0.171209 0.040101 0.021335 0.020033 0.020501 0.020870 0.041014 0.040035 0.040302 0.040173 0.040191 0.041477 0.041634 0.173314 0.360592 0.060162 0.520000 0.041561 0.041623 0.183387 0.040217 0.020390 0.020020 0.020147 0.020200 0.040025 0.040036 0.020540 0.020246 -9999.0 -9999.0 -9999.0 -9999.0
-9999.0 -9999.0 -9999.0 -9999.0 -9999.0 -9999.0 -9999.0 -9999.0 -9999.0 0.043091 0.044311 0.518826 0.520000 0.090628 0.047444 0.041893 0.520000 0.411517 0.095372 0.173921 0.203580 0.117504 0.387093 0.520000 0.040292 0.040348 0.042046 0.058676 0.520000 0.483390 0.519294 0.040066 0.040611 0.040427 0.040239 0.020893 0.023041 0.145532 0.042434 0.067527 0.040046 0.040312 0.043210 0.494001 0.249264 0.354858 0.402314 0.424680 0.090803 0.196000 0.040033 0.040016 0.020140 0.040117 0.020145 0.040016 0.040041 0.040044 0.023982 -9999.0 -9999.0 -9999.0 -9999.0
-9999.0 -9999.0 -9999.0 -9999.0 -9999.0 -9999.0 -9999.0 -9999.0 -9999.0 -9999.0 0.043006 0.046245 0.042599 0.040649 0.121896 0.052025 0.088897 0.350594 0.087077 0.152055 0.227471 0.083649 0.096485 0.041969 0.040745 0.046907 0.200640 0.520000 0.519669 0.040109 0.040073 0.040050 0.040039 0.040453 0.040678 0.064088 0.518164 0.073310 0.023258 0.042590 0.041862 0.366249 0.520000 0.059598 0.124162 0.164509 0.199211 0.366102 0.297099 0.181030 0.040078 0.040029 0.020184 0.020135 0.040119 0.040138 0.040513 0.040216 0.040362 0.066744 -9999.0 -9999.0 -9999.0
-9999.0 -9999.0 -9999.0 -9999.0 -9999.0 -9999.0 -9999.0 -9999.0 -9999.0 -9999.0 0.040234 0.041025 0.517874 0.056027 0.520000 0.168748 0.136255 0.141954 0.107428 0.081619 0.093041 0.124875 0.078047 0.046427 0.055790 0.520000 0.469005 0.131554 0.040181 0.040048 0.045144 0.041902 0.020049 0.040443 0.043640 0.111393 0.040247 0.040126 0.040159 0.040915 0.040952 0.110109 0.040056 0.284619 0.519381 0.042030 0.084495 0.126279 0.175264 0.377693 0.120274 0.040268 0.040029 0.020179 0.020114 0.020147 0.040166 0.040460 0.520000 0.520000 -9999.0 -9999.0 -9999.0
-9999.0 -9999.0 -9999.0 -9999.0 -9999.0 -9999.0 -9999.0 -9999.0 0.040864 0.043120 0.040688 0.041119 0.040056 0.041371 0.050986 0.291040 0.103372 0.103931 0.108975 0.074539 0.078555 0.082432 0.094110 0.124414 0.315346 0.381193 0.418335 0.040624 0.040248 0.040052 0.020034 0.043483 0.040961 0.040544 0.040404 0.058901 0.520000 0.041380 0.040043 0.020939 0.081401 0.090777 0.020088 0.021780 0.159451 0.519554 0.040049 0.042139 0.144631 0.428830 0.444659 0.040794 0.040025 0.040014 0.020169 0.040174 0.020678 0.519744 0.518121 0.240638 -9999.0 -9999.0 -9999.0
-9999.0 -9999.0 -9999.0 -9999.0 -9999.0 -9999.0 -9999.0 -9999.0 0.020070 0.040041 0.040087 0.040862 0.043605 0.040104 0.040467 0.156694 0.133820 0.116757 0.073276 0.075510 0.188962 0.128765 0.120837 0.082741 0.094315 0.178171 0.367543 0.041878 0.020063 0.040909 0.040370 0.022091 0.040442 0.024828 0.042633 0.350460 0.520000 0.063271 0.040558 0.084248 0.041086 0.020041 0.041092 0.102423 0.493039 0.040256 0.020066 0.072649 0.043789 0.363739 0.481980 0.047108 0.040025 0.040299 0.041653 0.020142 0.040438 0.079341 0.469490 0.270787 0.083486 -9999.0 -9999.0
-9999.0 -9999.0 -9999.0 -9999.0 -9999.0 -9999.0 -9999.0 -9999.0 0.045368 0.061360 0.040412 0.040043 0.040888 0.020102 0.040971 0.040721 0.221277 0.145353 0.077092 0.180839 0.074729 0.102053 0.104965 0.079681 0.167620 0.123720 0.377385 0.040199 0.020038 0.043507 0.038467 0.056730 0.040239 0.040253 0.491346 0.520000 0.056787 0.520000 0.048177 0.040064 0.041041 0.063902 0.086458 0.053453 0.040098 0.056985 0.020845 0.042516 0.040213 0.112474 0.342804 0.284811 0.040052 0.040029 0.040232 0.041007 0.520000 0.460385 0.217646 0.283910 0.214055 -9999.0 -9999.0
-9999.0 -9999.0 -9999.0 -9999.0 -9999.0 -9999.0 -9999.0 -9999.0 0.020367 0.055178 0.040129 0.020055 0.064478 0.040302 0.041426 0.300494 0.078725 0.080065 0.208623 0.079683 0.078012 0.080129 0.114715 0.090481 0.119525 0.235074 0.051502 0.040071 0.518869 0.040073 0.040369 0.041530 0.069936 0.041231 0.044239 0.517689 0.413922 0.121181 0.395713 0.043896 0.518802 0.516678 0.125792 0.155515 0.066525 0.074663 0.090259 0.140144 0.064042 0.041086 0.132173 0.343654 0.394191 0.040266 0.520000 0.520000 0.339456 0.222431 0.160314 0.221601 0.237000 0.201829 -9999.0
-9999.0 -9999.0 -9999.0 -9999.0 -9999.0 -9999.0 -9999.0 -9999.0 0.040149 0.040694 0.040085 0.040115 0.040485 0.040682 0.520000 0.363047 0.375692 0.135977 0.202214 0.115387 0.093574 0.093969 0.081709 0.081056 0.174213 0.173154 0.040284 0.059046 0.120937 0.042443 0.041948 0.176587 0.520000 0.439039 0.212899 0.374673 0.194209 0.094051 0.079792 0.440782 0.486632 0.146040 0.119189 0.102979 0.041184 0.519663 0.042355 0.040409 0.044680 0.176811 0.443033 0.186178 0.281153 0.358518 0.520000 0.520000 0.368405 0.286499 0.259716 0.207009 0.132405 0.212686 -9999.0
-9999.0 -9999.0 0.044111 0.059273 0.040031 0.040297 0.040041 0.040022 0.040639 0.042232 0.040048 0.040308 0.045852 0.066999 0.468509 0.513895 0.105011 0.040199 0.042377 0.178147 0.115861 0.114995 0.220170 0.078110 0.093985 0.124597 0.149367 0.187899 0.227708 0.492479 0.103211 0.264460 0.351845 0.139961 0.235321 0.110733 0.100125 0.077805 0.076501 0.082831 0.138758 0.230171 0.156372 0.369125 0.155032 0.177268 0.466957 0.325128 0.325530 0.297943 0.167247 0.215652 0.329341 0.367763 0.429233 0.401003 0.356112 0.292936 0.290217 0.161498 0.316950 0.230150 -9999.0
-9999.0 0.040084 0.040051 0.040045 0.040308 0.040057 0.040131 0.040070 0.040033 0.040578 0.040248 0.040543 0.142575 0.520000 0.520000 0.041993 0.040335 0.040279 0.040350 0.120900 0.121198 0.113848 0.339114 0.164157 0.091996 0.091105 0.149176 0.181757 0.138111 0.259037 0.149461 0.159534 0.186211 0.215452 0.081216 0.094490 0.074820 0.073067 0.088509 0.121783 0.079244 0.081393 0.110641 0.100087 0.109578 0.104682 0.214912 0.088100 0.088367 0.145362 0.231725 0.297173 0.357125 0.409224 0.421080 0.520000 0.405229 0.377687 0.520000 0.451947 0.351311 0.234410 -9999.0
-9999.0 0.520000 0.040582 0.040535 0.519418 0.040494 0.040044 0.040045 0.040567 0.040473 0.040106 0.040201 0.287255 0.520000 0.045689 0.040043 0.040082 0.040179 0.040825 0.072879 0.512651 0.270899 0.187412 0.342180 0.291130 0.189777 0.077016 0.078498 0.147629 0.078537 0.074565 0.075758 0.157468 0.145031 0.157899 0.102016 0.165603 0.151764 0.077441 0.075578 0.077424 0.086899 0.074394 0.078538 0.073619 0.072989 0.105887 0.142522 0.160724 0.194257 0.254865 0.248354 0.350781 0.520000 0.520000 0.063349 0.045573 0.048660 0.055156 0.043704 0.068599 -9999.0 -9999.0
-9999.0 0.519839 0.040290 0.040846 0.436905 0.520000 0.519428 0.040101 0.040265 0.040244 0.040302 0.080974 0.499684 0.520000 0.040119 0.040029 0.040051 0.040250 0.040107 0.040870 0.044948 0.067519 0.202100 0.331469 0.317904 0.225370 0.207481 0.194583 0.080316 0.137440 0.074857 0.073847 0.141233 0.134448 0.108461 0.087312 0.084908 0.147472 0.081320 0.080051 0.080804 0.160098 0.090044 0.071903 0.072221 0.119705 0.130461 0.171480 0.217892 0.157289 0.299360 0.459091 0.077313 0.093113 0.043436 0.040179 0.040167 0.040098 0.040118 -9999.0 -9999.0 -9999.0 -9999.0
