user2019/resources/simulation/Vinschgau/output-maps/thetaliqL0003N0253.asc
ncols         63
nrows         48
xllcorner     598000.000000
yllcorner     5145000.000000
cellsize      1000.000000
NODATA_value  -9999.0
[rows 0 to 28 of 48, columns 0 to 62 of 63]
-9999.0 -9999.0 -9999.0 -9999.0 -9999.0 -9999.0 -9999.0 -9999.0 -9999.0 -9999.0 -9999.0 -9999.0 -9999.0 -9999.0 -9999.0 -9999.0 -9999.0 -9999.0 -9999.0 -9999.0 -9999.0 -9999.0 -9999.0 -9999.0 -9999.0 -9999.0 -9999.0 -9999.0 -9999.0 -9999.0 -9999.0 -9999.0 -9999.0 -9999.0 -9999.0 -9999.0 -9999.0 -9999.0 -9999.0 -9999.0 -9999.0 -9999.0 -9999.0 -9999.0 -9999.0 -9999.0 -9999.0 -9999.0 -9999.0 -9999.0 -9999.0 -9999.0 -9999.0 -9999.0 -9999.0 -9999.0 -9999.0 -9999.0 -9999.0 -9999.0 -9999.0 -9999.0 -9999.0
-9999.0 -9999.0 -9999.0 -9999.0 -9999.0 -9999.0 -9999.0 -9999.0 -9999.0 -9999.0 -9999.0 -9999.0 -9999.0 -9999.0 -9999.0 -9999.0 -9999.0 -9999.0 -9999.0 -9999.0 -9999.0 -9999.0 -9999.0 -9999.0 -9999.0 -9999.0 -9999.0 0.020023 0.040007 0.020023 0.040006 0.040005 0.040005 -9999.0 -9999.0 -9999.0 -9999.0 -9999.0 -9999.0 -9999.0 -9999.0 -9999.0 -9999.0 -9999.0 -9999.0 -9999.0 -9999.0 -9999.0 -9999.0 -9999.0 -9999.0 -9999.0 -9999.0 -9999.0 -9999.0 -9999.0 -9999.0 -9999.0 -9999.0 -9999.0 -9999.0 -9999.0 -9999.0
-9999.0 -9999.0 -9999.0 -9999.0 -9999.0 -9999.0 -9999.0 -9999.0 -9999.0 -9999.0 -9999.0 -9999.0 -9999.0 -9999.0 -9999.0 -9999.0 -9999.0 -9999.0 -9999.0 -9999.0 -9999.0 -9999.0 -9999.0 -9999.0 0.040012 0.040011 0.040014 0.040010 0.040012 0.040008 0.040006 -9999.0 -9999.0 -9999.0 -9999.0 -9999.0 -9999.0 -9999.0 -9999.0 -9999.0 -9999.0 -9999.0 -9999.0 -9999.0 -9999.0 -9999.0 -9999.0 -9999.0 -9999.0 -9999.0 -9999.0 -9999.0 -9999.0 -9999.0 -9999.0 -9999.0 -9999.0 -9999.0 -9999.0 -9999.0 -9999.0 -9999.0 -9999.0
-9999.0 -9999.0 -9999.0 -9999.0 -9999.0 -9999.0 -9999.0 -9999.0 -9999.0 -9999.0 -9999.0 -9999.0 -9999.0 -9999.0 -9999.0 -9999.0 -9999.0 -9999.0 -9999.0 -9999.0 -9999.0 -9999.0 -9999.0 0.040011 0.040021 0.040021 0.040011 0.040011 0.040013 0.040009 0.040007 0.040007 -9999.0 -9999.0 -9999.0 -9999.0 -9999.0 -9999.0 -9999.0 -9999.0 -9999.0 -9999.0 -9999.0 -9999.0 -9999.0 -9999.0 -9999.0 -9999.0 -9999.0 -9999.0 -9999.0 -9999.0 -9999.0 -9999.0 -9999.0 -9999.0 -9999.0 -9999.0 -9999.0 -9999.0 -9999.0 -9999.0 -9999.0
-9999.0 -9999.0 -9999.0 -9999.0 -9999.0 -9999.0 -9999.0 -9999.0 -9999.0 -9999.0 -9999.0 -9999.0 -9999.0 -9999.0 -9999.0 -9999.0 -9999.0 -9999.0 0.040027 0.040050 -9999.0 0.040013 0.040026 0.040026 0.040008 0.042363 0.040011 0.040011 0.048250 0.040014 0.040010 0.040006 0.020020 0.020018 -9999.0 -9999.0 -9999.0 -9999.0 -9999.0 -9999.0 -9999.0 -9999.0 -9999.0 -9999.0 -9999.0 -9999.0 -9999.0 -9999.0 -9999.0 -9999.0 -9999.0 -9999.0 -9999.0 -9999.0 -9999.0 -9999.0 -9999.0 -9999.0 -9999.0 -9999.0 -9999.0 -9999.0 -9999.0
-9999.0 -9999.0 -9999.0 -9999.0 -9999.0 -9999.0 -9999.0 -9999.0 -9999.0 -9999.0 -9999.0 -9999.0 -9999.0 -9999.0 -9999.0 -9999.0 -9999.0 0.040017 0.040003 0.020033 0.020047 0.040048 0.040022 0.040011 0.144690 0.040009 0.040008 0.040011 0.040008 0.040010 0.040016 0.040009 0.020031 0.020021 0.020018 0.020016 -9999.0 -9999.0 -9999.0 -9999.0 -9999.0 -9999.0 -9999.0 -9999.0 -9999.0 -9999.0 -9999.0 -9999.0 -9999.0 -9999.0 -9999.0 -9999.0 -9999.0 -9999.0 -9999.0 -9999.0 -9999.0 -9999.0 -9999.0 -9999.0 -9999.0 -9999.0 -9999.0
-9999.0 -9999.0 -9999.0 -9999.0 -9999.0 -9999.0 -9999.0 -9999.0 -9999.0 -9999.0 -9999.0 -9999.0 -9999.0 0.040013 0.040051 0.040009 0.040011 0.020027 0.040014 0.040010 0.040009 0.040008 0.040010 0.040010 0.040011 0.040008 0.020020 0.040008 0.040007 0.040010 0.040009 0.040007 0.040006 0.040004 0.020016 0.020015 -9999.0 -9999.0 -9999.0 -9999.0 -9999.0 -9999.0 -9999.0 -9999.0 -9999.0 -9999.0 -9999.0 -9999.0 -9999.0 -9999.0 -9999.0 -9999.0 -9999.0 -9999.0 -9999.0 -9999.0 -9999.0 -9999.0 -9999.0 -9999.0 -9999.0 -9999.0 -9999.0
-9999.0 -9999.0 -9999.0 -9999.0 -9999.0 -9999.0 -9999.0 -9999.0 -9999.0 -9999.0 -9999.0 -9999.0 -9999.0 0.040038 0.040022 0.040020 0.040026 0.040012 0.020025 0.040011 0.040146 0.040009 0.040013 0.040012 0.040015 0.040010 0.040009 0.020018 0.020017 0.040006 0.040008 0.040005 0.020016 0.020014 0.020014 -9999.0 -9999.0 -9999.0 -9999.0 -9999.0 -9999.0 -9999.0 -9999.0 -9999.0 -9999.0 -9999.0 -9999.0 -9999.0 -9999.0 -9999.0 -9999.0 -9999.0 -9999.0 -9999.0 -9999.0 -9999.0 -9999.0 -9999.0 -9999.0 -9999.0 -9999.0 -9999.0 -9999.0
-9999.0 -9999.0 -9999.0 -9999.0 -9999.0 -9999.0 -9999.0 -9999.0 -9999.0 -9999.0 -9999.0 -9999.0 -9999.0 0.040035 0.040009 0.040161 0.040035 0.040014 0.020026 0.040372 0.040031 0.020022 0.040010 0.040011 0.040015 0.040023 0.020026 0.020017 0.040008 0.020016 0.040005 0.020014 0.020014 0.020013 0.020014 -9999.0 -9999.0 -9999.0 -9999.0 -9999.0 -9999.0 -9999.0 -9999.0 -9999.0 -9999.0 -9999.0 -9999.0 -9999.0 -9999.0 -9999.0 -9999.0 -9999.0 -9999.0 -9999.0 -9999.0 -9999.0 -9999.0 -9999.0 -9999.0 -9999.0 -9999.0 -9999.0 -9999.0
-9999.0 -9999.0 -9999.0 -9999.0 -9999.0 -9999.0 -9999.0 -9999.0 -9999.0 -9999.0 -9999.0 -9999.0 0.040039 0.040013 0.040072 0.040009 0.040057 0.040011 0.498497 0.020030 0.040015 0.040009 0.040009 0.040011 0.040030 0.040006 0.040010 0.040008 0.040010 0.020017 0.040004 0.020019 0.040006 0.020015 -9999.0 -9999.0 -9999.0 -9999.0 -9999.0 -9999.0 -9999.0 -9999.0 -9999.0 -9999.0 -9999.0 -9999.0 -9999.0 -9999.0 -9999.0 -9999.0 -9999.0 -9999.0 -9999.0 -9999.0 -9999.0 -9999.0 -9999.0 -9999.0 -9999.0 -9999.0 -9999.0 -9999.0 -9999.0
-9999.0 -9999.0 -9999.0 -9999.0 -9999.0 -9999.0 -9999.0 -9999.0 -9999.0 -9999.0 -9999.0 0.040018 0.040014 0.040343 0.040010 0.040010 0.020022 0.040012 0.492108 0.020029 0.040011 0.040020 0.040011 0.040007 0.040010 0.040008 0.040005 0.040010 0.040008 0.020016 0.020020 0.040008 0.020018 0.020015 0.020015 0.020014 0.040004 0.040003 0.040016 -9999.0 -9999.0 -9999.0 0.020014 -9999.0 -9999.0 -9999.0 -9999.0 -9999.0 -9999.0 -9999.0 -9999.0 -9999.0 -9999.0 -9999.0 -9999.0 -9999.0 -9999.0 -9999.0 -9999.0 -9999.0 -9999.0 -9999.0 -9999.0
-9999.0 -9999.0 -9999.0 -9999.0 -9999.0 -9999.0 -9999.0 -9999.0 -9999.0 -9999.0 -9999.0 0.040011 0.040014 0.040023 0.040022 0.040008 0.040022 0.040009 0.494359 0.040018 0.040010 0.040591 0.040014 0.040011 0.040010 0.040007 0.040009 0.040012 0.020023 0.020017 0.040008 0.040007 0.040006 0.040005 0.040004 0.040003 0.360488 0.040021 0.040013 0.020012 0.020011 0.020013 0.040004 0.020017 -9999.0 -9999.0 -9999.0 0.040460 0.040020 0.020040 0.040121 0.020060 0.020058 0.042403 0.042883 0.020066 -9999.0 -9999.0 -9999.0 -9999.0 -9999.0 -9999.0 -9999.0
-9999.0 -9999.0 -9999.0 -9999.0 -9999.0 -9999.0 -9999.0 -9999.0 -9999.0 -9999.0 -9999.0 0.040016 0.040011 0.040009 0.040039 0.040010 0.040026 0.040010 0.040078 0.175592 0.040013 0.040027 0.040054 0.040018 0.040007 0.020026 0.040028 0.040008 0.020019 0.040007 0.020018 0.040007 0.040007 0.040005 0.020016 0.040004 0.040013 0.040014 0.040029 0.020028 0.223836 0.040004 0.040005 0.040007 0.040006 -9999.0 0.020021 0.040014 0.040052 0.048135 0.041349 0.021482 0.064362 0.095504 0.081736 0.055910 -9999.0 -9999.0 -9999.0 -9999.0 -9999.0 -9999.0 -9999.0
-9999.0 -9999.0 -9999.0 -9999.0 -9999.0 -9999.0 -9999.0 -9999.0 -9999.0 -9999.0 -9999.0 -9999.0 0.040013 0.040038 0.040116 0.040041 0.040020 0.040013 0.256602 0.182001 0.040010 0.040027 0.040016 0.040040 0.040010 0.040044 0.040028 0.040007 0.040007 0.020023 0.040008 0.040008 0.040007 0.040005 0.040004 0.040004 0.040010 0.040012 0.040064 0.040019 0.146387 0.020015 0.040006 0.040008 0.020024 0.040010 0.020028 0.040015 0.040015 0.040064 0.040038 0.040060 0.079965 0.040367 0.040026 0.040027 0.040150 -9999.0 -9999.0 -9999.0 -9999.0 -9999.0 -9999.0
-9999.0 -9999.0 -9999.0 -9999.0 -9999.0 -9999.0 -9999.0 -9999.0 -9999.0 -9999.0 -9999.0 0.040396 0.040010 0.040010 0.040059 0.040070 0.040043 0.040014 0.040011 0.075928 0.040014 0.040012 0.040024 0.040023 0.040037 0.040023 0.040027 0.040006 0.040009 0.020025 0.040017 0.040013 0.040011 0.040005 0.040003 0.040004 0.040003 0.040012 0.040016 0.049256 0.040012 0.040032 0.040010 0.020022 0.040010 0.040009 0.040019 0.020044 0.020046 0.040018 0.020026 0.040009 0.040014 0.020023 0.020027 0.020024 0.020072 -9999.0 -9999.0 -9999.0 -9999.0 -9999.0 -9999.0
-9999.0 -9999.0 -9999.0 -9999.0 -9999.0 -9999.0 -9999.0 -9999.0 -9999.0 -9999.0 0.040112 0.040095 0.043677 0.040016 0.041203 0.040021 0.040010 0.040014 0.040011 0.079578 0.093741 0.040061 0.040022 0.040048 0.040014 0.040036 0.040008 0.020024 0.040026 0.040025 0.040011 0.040008 0.040007 0.040005 0.020013 0.020015 0.040005 0.040008 0.040013 0.049261 0.073823 0.020023 0.020023 0.040011 0.040007 0.020027 0.040019 0.040015 0.040009 0.040015 0.020042 0.020024 0.020024 0.020023 0.020025 0.041049 0.041767 -9999.0 -9999.0 -9999.0 -9999.0 -9999.0 -9999.0
-9999.0 -9999.0 -9999.0 -9999.0 -9999.0 -9999.0 -9999.0 -9999.0 -9999.0 0.040010 0.040117 0.040110 0.040022 0.040163 0.050754 0.040012 0.040012 0.040141 0.040016 0.082104 0.379996 0.040011 0.040011 0.040186 0.040037 0.040008 0.040027 0.040026 0.040010 0.040009 0.040010 0.040007 0.020016 0.020015 0.020017 0.020016 0.040004 0.040005 0.040004 0.040005 0.040021 0.040006 0.040007 0.040147 0.040010 0.040008 0.040007 0.040018 0.040044 0.040011 0.040279 0.020041 0.020022 0.020029 0.020047 0.040063 0.048900 0.027556 0.020272 -9999.0 -9999.0 -9999.0 -9999.0
-9999.0 -9999.0 -9999.0 -9999.0 -9999.0 -9999.0 -9999.0 -9999.0 -9999.0 0.040010 0.040011 0.040011 0.040010 0.040025 0.041322 0.040533 0.054675 0.040012 0.040022 0.520000 0.520000 0.520000 0.040037 0.040100 0.040009 0.040025 0.040013 0.040010 0.040163 0.040014 0.040010 0.040014 0.040006 0.040007 0.040006 0.020022 0.020019 0.020019 0.040004 0.040006 0.040007 0.040005 0.040010 0.040009 0.041063 0.096537 0.103970 0.040000 0.040009 0.040013 0.040020 0.040037 0.020030 0.040013 0.020025 0.040121 0.040316 0.081207 0.036176 -9999.0 -9999.0 -9999.0 -9999.0
-9999.0 -9999.0 -9999.0 -9999.0 -9999.0 -9999.0 -9999.0 -9999.0 -9999.0 -9999.0 0.040011 0.040012 0.040016 0.040012 0.040017 0.042068 0.040393 0.040014 0.040085 0.520000 0.051877 0.040016 0.040076 0.040020 0.040027 0.040009 0.040001 0.091758 0.040012 0.040008 0.040007 0.040021 0.040006 0.040006 0.040009 0.040012 0.040011 0.040009 0.020018 0.040005 0.040004 0.040010 0.040009 0.040008 0.040007 0.040008 0.040012 0.040016 0.190666 0.040013 0.040286 0.041833 0.020051 0.020032 0.040019 0.040012 0.040036 0.040017 0.040013 0.040027 -9999.0 -9999.0 -9999.0
-9999.0 -9999.0 -9999.0 -9999.0 -9999.0 -9999.0 -9999.0 -9999.0 -9999.0 -9999.0 0.040011 0.040012 0.040015 0.040063 0.217701 0.040012 0.040017 0.040017 0.519966 0.406533 0.091208 0.040013 0.040010 0.040013 0.040012 0.040027 0.094429 0.040016 0.040010 0.040006 0.040006 0.040011 0.020024 0.040006 0.040006 0.040007 0.040009 0.040013 0.040010 0.040006 0.040009 0.020026 0.040010 0.040007 0.040066 0.040011 0.040016 0.040009 0.080356 0.057869 0.040012 0.042276 0.047656 0.020054 0.020036 0.020072 0.040011 0.040363 0.040041 0.153085 -9999.0 -9999.0 -9999.0
-9999.0 -9999.0 -9999.0 -9999.0 -9999.0 -9999.0 -9999.0 -9999.0 0.051696 0.043573 0.040013 0.040015 0.040014 0.040015 0.040044 0.061257 0.083999 0.520000 0.356749 0.358665 0.315582 0.278066 0.040041 0.040012 0.040001 0.090599 0.044852 0.040009 0.040012 0.040008 0.020017 0.040007 0.040008 0.040008 0.040010 0.040005 0.040012 0.040019 0.040009 0.020024 0.020021 0.040008 0.020020 0.020018 0.020036 0.040035 0.040008 0.040049 0.040012 0.084642 0.040012 0.040045 0.041410 0.040020 0.020079 0.061207 0.025880 0.057401 0.040017 0.301711 -9999.0 -9999.0 -9999.0
-9999.0 -9999.0 -9999.0 -9999.0 -9999.0 -9999.0 -9999.0 -9999.0 0.020027 0.045942 0.040025 0.040008 0.040010 0.040016 0.040049 0.040024 0.040032 0.040031 0.351286 0.357814 0.444911 0.443772 0.411990 0.520000 0.091226 0.321535 0.040073 0.040019 0.020022 0.040012 0.040011 0.020032 0.040013 0.020027 0.040023 0.040026 0.040033 0.040020 0.040013 0.040014 0.040007 0.040005 0.020020 0.040022 0.040088 0.040022 0.020023 0.040009 0.040013 0.040020 0.057885 0.040027 0.041367 0.043359 0.040118 0.020042 0.040018 0.040013 0.392808 0.520000 0.403657 -9999.0 -9999.0
-9999.0 -9999.0 -9999.0 -9999.0 -9999.0 -9999.0 -9999.0 -9999.0 0.040009 0.040016 0.047453 0.040011 0.040037 0.020024 0.043623 0.040016 0.040064 0.048375 0.396900 0.423355 0.340189 0.462997 0.388181 0.388314 0.520000 0.040027 0.040014 0.040013 0.020030 0.040019 0.020032 0.040060 0.040025 0.040021 0.040062 0.040042 0.040016 0.040012 0.040015 0.040015 0.040013 0.020030 0.040066 0.040014 0.040012 0.040011 0.020044 0.040160 0.040017 0.040014 0.519936 0.040368 0.040032 0.040241 0.040032 0.043846 0.065795 0.519930 0.520000 0.520000 0.520000 -9999.0 -9999.0
-9999.0 -9999.0 -9999.0 -9999.0 -9999.0 -9999.0 -9999.0 -9999.0 0.020020 0.040015 0.040064 0.020067 0.058726 0.044486 0.040015 0.040017 0.064344 0.506812 0.429385 0.338623 0.461139 0.389916 0.425186 0.520000 0.040033 0.040024 0.040083 0.040056 0.040050 0.040015 0.040070 0.040113 0.040011 0.040012 0.040015 0.040028 0.040078 0.040012 0.040096 0.040030 0.040022 0.040095 0.040237 0.020060 0.040142 0.020049 0.041710 0.020115 0.046074 0.040031 0.040026 0.519960 0.047468 0.046771 0.080230 0.513735 0.519971 0.520000 0.520000 0.520000 0.519957 0.043655 -9999.0
-9999.0 -9999.0 -9999.0 -9999.0 -9999.0 -9999.0 -9999.0 -9999.0 0.040013 0.040025 0.045795 0.040029 0.040012 0.040015 0.508589 0.092717 0.040022 0.040015 0.040019 0.040023 0.336914 0.383566 0.452252 0.520000 0.349882 0.040014 0.040019 0.040020 0.040015 0.040012 0.040055 0.040024 0.040005 0.040022 0.040051 0.040062 0.040022 0.040020 0.040019 0.040063 0.040086 0.040037 0.040015 0.040020 0.040035 0.043445 0.040029 0.040011 0.040013 0.040013 0.048998 0.516504 0.519969 0.518685 0.519949 0.519972 0.520000 0.520000 0.520000 0.519956 0.049524 0.057669 -9999.0
-9999.0 -9999.0 0.040021 0.040041 0.040020 0.040065 0.040213 0.040061 0.040035 0.040029 0.040033 0.040020 0.040018 0.040080 0.520000 0.040037 0.040012 0.040012 0.040015 0.040039 0.040020 0.354461 0.464449 0.520000 0.519924 0.040021 0.040009 0.040013 0.040022 0.048478 0.040012 0.040014 0.164096 0.040014 0.040016 0.040015 0.040129 0.119661 0.040028 0.040015 0.040011 0.040012 0.040001 0.040014 0.040017 0.040013 0.040005 0.040016 0.060731 0.519907 0.519966 0.519982 0.518946 0.519997 0.519978 0.520000 0.519328 0.519501 0.044989 0.040023 0.066609 0.096174 -9999.0
-9999.0 0.042036 0.040516 0.042040 0.042242 0.048785 0.040021 0.040016 0.040015 0.040013 0.040023 0.045081 0.040041 0.517093 0.040031 0.040073 0.040015 0.040016 0.042508 0.040014 0.040028 0.091014 0.520000 0.412868 0.520000 0.520000 0.520000 0.520000 0.155626 0.072417 0.064435 0.040015 0.040045 0.520000 0.094223 0.153059 0.520000 0.520000 0.520000 0.095229 0.094571 0.095484 0.093811 0.040019 0.040086 0.040024 0.095586 0.093506 0.520000 0.520000 0.520000 0.519984 0.519091 0.269842 0.196609 0.040036 0.040226 0.040772 0.044746 0.041049 0.084453 0.104311 -9999.0
-9999.0 0.040023 0.040053 0.040023 0.040029 0.040064 0.040317 0.040071 0.040049 0.040035 0.040364 0.040055 0.040030 0.040034 0.040050 0.040017 0.040014 0.040019 0.040018 0.040013 0.040153 0.040022 0.092997 0.519913 0.520000 0.505004 0.372931 0.422149 0.520000 0.520000 0.349248 0.393505 0.311814 0.452354 0.520000 0.520000 0.520000 0.520000 0.520000 0.520000 0.520000 0.520000 0.520000 0.117234 0.356883 0.319127 0.386726 0.409893 0.520000 0.519331 0.519890 0.040015 0.040238 0.048301 0.040025 0.040594 0.040300 0.040250 0.040175 0.042606 0.052175 -9999.0 -9999.0
-9999.0 0.040014 0.040013 0.040028 0.040042 0.040031 0.040019 0.040069 0.041229 0.044610 0.040341 0.040019 0.053381 0.040208 0.040268 0.040017 0.040018 0.040022 0.040015 0.040025 0.040233 0.040019 0.040051 0.520000 0.520000 0.520000 0.520000 0.454254 0.499857 0.511192 0.383201 0.313862 0.520000 0.520000 0.520000 0.520000 0.520000 0.520000 0.520000 0.520000 0.520000 0.520000 0.520000 0.357470 0.318523 0.355357 0.462347 0.520000 0.517714 0.477296 0.040019 0.040087 0.040215 0.041917 0.040119 0.040474 0.040488 0.041051 0.041578 -9999.0 -9999.0 -9999.0 -9999.0
