user2019/resources/simulation/Vinschgau/output-maps/thetaliqL0003N1070.asc
ncols         63
nrows         48
xllcorner     598000.000000
yllcorner     5145000.000000
cellsize      1000.000000
NODATA_value  -9999.0
[rows 0 to 28 of 48, columns 0 to 62 of 63]
-9999.0 -9999.0 -9999.0 -9999.0 -9999.0 -9999.0 -9999.0 -9999.0 -9999.0 -9999.0 -9999.0 -9999.0 -9999.0 -9999.0 -9999.0 -9999.0 -9999.0 -9999.0 -9999.0 -9999.0 -9999.0 -9999.0 -9999.0 -9999.0 -9999.0 -9999.0 -9999.0 -9999.0 -9999.0 -9999.0 -9999.0 -9999.0 -9999.0 -9999.0 -9999.0 -9999.0 -9999.0 -9999.0 -9999.0 -9999.0 -9999.0 -9999.0 -9999.0 -9999.0 -9999.0 -9999.0 -9999.0 -9999.0 -9999.0 -9999.0 -9999.0 -9999.0 -9999.0 -9999.0 -9999.0 -9999.0 -9999.0 -9999.0 -9999.0 -9999.0 -9999.0 -9999.0 -9999.0
-9999.0 -9999.0 -9999.0 -9999.0 -9999.0 -9999.0 -9999.0 -9999.0 -9999.0 -9999.0 -9999.0 -9999.0 -9999.0 -9999.0 -9999.0 -9999.0 -9999.0 -9999.0 -9999.0 -9999.0 -9999.0 -9999.0 -9999.0 -9999.0 -9999.0 -9999.0 -9999.0 0.021478 0.042021 0.020593 0.040416 0.040438 0.040436 -9999.0 -9999.0 -9999.0 -9999.0 -9999.0 -9999.0 -9999.0 -9999.0 -9999.0 -9999.0 -9999.0 -9999.0 -9999.0 -9999.0 -9999.0 -9999.0 -9999.0 -9999.0 -9999.0 -9999.0 -9999.0 -9999.0 -9999.0 -9999.0 -9999.0 -9999.0 -9999.0 -9999.0 -9999.0 -9999.0
-9999.0 -9999.0 -9999.0 -9999.0 -9999.0 -9999.0 -9999.0 -9999.0 -9999.0 -9999.0 -9999.0 -9999.0 -9999.0 -9999.0 -9999.0 -9999.0 -9999.0 -9999.0 -9999.0 -9999.0 -9999.0 -9999.0 -9999.0 -9999.0 0.043437 0.043222 0.041679 0.042737 0.041453 0.041180 0.040393 -9999.0 -9999.0 -9999.0 -9999.0 -9999.0 -9999.0 -9999.0 -9999.0 -9999.0 -9999.0 -9999.0 -9999.0 -9999.0 -9999.0 -9999.0 -9999.0 -9999.0 -9999.0 -9999.0 -9999.0 -9999.0 -9999.0 -9999.0 -9999.0 -9999.0 -9999.0 -9999.0 -9999.0 -9999.0 -9999.0 -9999.0 -9999.0
-9999.0 -9999.0 -9999.0 -9999.0 -9999.0 -9999.0 -9999.0 -9999.0 -9999.0 -9999.0 -9999.0 -9999.0 -9999.0 -9999.0 -9999.0 -9999.0 -9999.0 -9999.0 -9999.0 -9999.0 -9999.0 -9999.0 -9999.0 0.045086 0.085682 0.185620 0.151618 0.075754 0.347598 0.042299 0.040430 0.040517 -9999.0 -9999.0 -9999.0 -9999.0 -9999.0 -9999.0 -9999.0 -9999.0 -9999.0 -9999.0 -9999.0 -9999.0 -9999.0 -9999.0 -9999.0 -9999.0 -9999.0 -9999.0 -9999.0 -9999.0 -9999.0 -9999.0 -9999.0 -9999.0 -9999.0 -9999.0 -9999.0 -9999.0 -9999.0 -9999.0 -9999.0
-9999.0 -9999.0 -9999.0 -9999.0 -9999.0 -9999.0 -9999.0 -9999.0 -9999.0 -9999.0 -9999.0 -9999.0 -9999.0 -9999.0 -9999.0 -9999.0 -9999.0 -9999.0 0.379446 0.513613 -9999.0 0.242577 0.257044 0.156572 0.219356 0.076493 0.356835 0.388039 0.454848 0.131965 0.046125 0.040439 0.020498 0.020541 -9999.0 -9999.0 -9999.0 -9999.0 -9999.0 -9999.0 -9999.0 -9999.0 -9999.0 -9999.0 -9999.0 -9999.0 -9999.0 -9999.0 -9999.0 -9999.0 -9999.0 -9999.0 -9999.0 -9999.0 -9999.0 -9999.0 -9999.0 -9999.0 -9999.0 -9999.0 -9999.0 -9999.0 -9999.0
-9999.0 -9999.0 -9999.0 -9999.0 -9999.0 -9999.0 -9999.0 -9999.0 -9999.0 -9999.0 -9999.0 -9999.0 -9999.0 -9999.0 -9999.0 -9999.0 -9999.0 0.075150 0.081335 0.022977 0.184017 0.069661 0.133700 0.382607 0.351212 0.122943 0.043763 0.115564 0.040794 0.463685 0.491779 0.044277 0.020922 0.021391 0.020563 0.020461 -9999.0 -9999.0 -9999.0 -9999.0 -9999.0 -9999.0 -9999.0 -9999.0 -9999.0 -9999.0 -9999.0 -9999.0 -9999.0 -9999.0 -9999.0 -9999.0 -9999.0 -9999.0 -9999.0 -9999.0 -9999.0 -9999.0 -9999.0 -9999.0 -9999.0 -9999.0 -9999.0
-9999.0 -9999.0 -9999.0 -9999.0 -9999.0 -9999.0 -9999.0 -9999.0 -9999.0 -9999.0 -9999.0 -9999.0 -9999.0 0.520000 0.346963 0.101778 0.075095 0.022598 0.076239 0.075605 0.161932 0.277678 0.194062 0.357171 0.087375 0.514187 0.020673 0.040059 0.043821 0.064556 0.040327 0.042540 0.040678 0.040522 0.020301 0.020316 -9999.0 -9999.0 -9999.0 -9999.0 -9999.0 -9999.0 -9999.0 -9999.0 -9999.0 -9999.0 -9999.0 -9999.0 -9999.0 -9999.0 -9999.0 -9999.0 -9999.0 -9999.0 -9999.0 -9999.0 -9999.0 -9999.0 -9999.0 -9999.0 -9999.0 -9999.0 -9999.0
-9999.0 -9999.0 -9999.0 -9999.0 -9999.0 -9999.0 -9999.0 -9999.0 -9999.0 -9999.0 -9999.0 -9999.0 -9999.0 0.520000 0.133055 0.086100 0.076577 0.205251 0.022594 0.084585 0.075487 0.137916 0.195322 0.313741 0.520000 0.068971 0.043664 0.020461 0.020928 0.040851 0.040048 0.040506 0.020481 0.020030 0.020342 -9999.0 -9999.0 -9999.0 -9999.0 -9999.0 -9999.0 -9999.0 -9999.0 -9999.0 -9999.0 -9999.0 -9999.0 -9999.0 -9999.0 -9999.0 -9999.0 -9999.0 -9999.0 -9999.0 -9999.0 -9999.0 -9999.0 -9999.0 -9999.0 -9999.0 -9999.0 -9999.0 -9999.0
-9999.0 -9999.0 -9999.0 -9999.0 -9999.0 -9999.0 -9999.0 -9999.0 -9999.0 -9999.0 -9999.0 -9999.0 -9999.0 0.101116 0.520000 0.089833 0.085129 0.078551 0.022576 0.075796 0.239027 0.145090 0.153715 0.055908 0.335518 0.186755 0.102063 0.020762 0.040401 0.020037 0.040431 0.020025 0.020025 0.020015 0.020378 -9999.0 -9999.0 -9999.0 -9999.0 -9999.0 -9999.0 -9999.0 -9999.0 -9999.0 -9999.0 -9999.0 -9999.0 -9999.0 -9999.0 -9999.0 -9999.0 -9999.0 -9999.0 -9999.0 -9999.0 -9999.0 -9999.0 -9999.0 -9999.0 -9999.0 -9999.0 -9999.0 -9999.0
-9999.0 -9999.0 -9999.0 -9999.0 -9999.0 -9999.0 -9999.0 -9999.0 -9999.0 -9999.0 -9999.0 -9999.0 0.203634 0.520000 0.115593 0.291932 0.151711 0.099829 0.173248 0.022310 0.237318 0.080358 0.045607 0.054246 0.040275 0.043222 0.040055 0.040633 0.040668 0.020375 0.040010 0.020616 0.040573 0.020361 -9999.0 -9999.0 -9999.0 -9999.0 -9999.0 -9999.0 -9999.0 -9999.0 -9999.0 -9999.0 -9999.0 -9999.0 -9999.0 -9999.0 -9999.0 -9999.0 -9999.0 -9999.0 -9999.0 -9999.0 -9999.0 -9999.0 -9999.0 -9999.0 -9999.0 -9999.0 -9999.0 -9999.0 -9999.0
-9999.0 -9999.0 -9999.0 -9999.0 -9999.0 -9999.0 -9999.0 -9999.0 -9999.0 -9999.0 -9999.0 0.520000 0.274019 0.520000 0.133833 0.461448 0.022188 0.100266 0.289886 0.138205 0.077548 0.373755 0.307293 0.049121 0.040272 0.040810 0.040666 0.040537 0.040757 0.020320 0.020630 0.040716 0.020308 0.020528 0.020377 0.020352 0.040399 0.040643 0.040666 -9999.0 -9999.0 -9999.0 0.020612 -9999.0 -9999.0 -9999.0 -9999.0 -9999.0 -9999.0 -9999.0 -9999.0 -9999.0 -9999.0 -9999.0 -9999.0 -9999.0 -9999.0 -9999.0 -9999.0 -9999.0 -9999.0 -9999.0 -9999.0
-9999.0 -9999.0 -9999.0 -9999.0 -9999.0 -9999.0 -9999.0 -9999.0 -9999.0 -9999.0 -9999.0 0.516462 0.222995 0.122196 0.075463 0.502412 0.070516 0.075809 0.199967 0.225751 0.323043 0.520000 0.492557 0.040310 0.040035 0.041268 0.041432 0.040849 0.020501 0.020356 0.040536 0.041411 0.040485 0.040456 0.040428 0.040529 0.041264 0.046518 0.042966 0.020576 0.020631 0.020601 0.040740 0.020651 -9999.0 -9999.0 -9999.0 0.040269 0.040400 0.020262 0.040490 0.020294 0.020275 0.040317 0.040290 0.020262 -9999.0 -9999.0 -9999.0 -9999.0 -9999.0 -9999.0 -9999.0
-9999.0 -9999.0 -9999.0 -9999.0 -9999.0 -9999.0 -9999.0 -9999.0 -9999.0 -9999.0 -9999.0 0.515657 0.520000 0.110309 0.449481 0.474483 0.333809 0.092428 0.141957 0.194137 0.216097 0.120589 0.040815 0.041837 0.042016 0.021706 0.040040 0.040043 0.021189 0.040285 0.020927 0.040033 0.040875 0.040361 0.020324 0.041003 0.040062 0.040116 0.267211 0.021036 0.040669 0.040392 0.040899 0.040579 0.040573 -9999.0 0.020472 0.040191 0.040465 0.040724 0.040796 0.020740 0.040523 0.040420 0.040607 0.040380 -9999.0 -9999.0 -9999.0 -9999.0 -9999.0 -9999.0 -9999.0
-9999.0 -9999.0 -9999.0 -9999.0 -9999.0 -9999.0 -9999.0 -9999.0 -9999.0 -9999.0 -9999.0 -9999.0 0.487487 0.042588 0.504829 0.504666 0.234256 0.094617 0.228883 0.213437 0.137877 0.199550 0.040383 0.040056 0.040130 0.040619 0.496164 0.042273 0.040432 0.020725 0.040599 0.040038 0.040920 0.040369 0.040400 0.040637 0.040039 0.040158 0.348370 0.083381 0.041915 0.113754 0.040060 0.047169 0.020864 0.040541 0.020362 0.040628 0.040022 0.040054 0.047400 0.040039 0.040039 0.040026 0.040020 0.040412 0.040388 -9999.0 -9999.0 -9999.0 -9999.0 -9999.0 -9999.0
-9999.0 -9999.0 -9999.0 -9999.0 -9999.0 -9999.0 -9999.0 -9999.0 -9999.0 -9999.0 -9999.0 0.040592 0.358324 0.516926 0.042177 0.142073 0.389634 0.133032 0.219935 0.115313 0.108015 0.315483 0.051856 0.040742 0.040787 0.040134 0.040061 0.040654 0.040520 0.025597 0.040038 0.040076 0.042815 0.040396 0.040322 0.040611 0.042103 0.040437 0.103966 0.324631 0.043015 0.062174 0.040995 0.020786 0.405585 0.040668 0.040639 0.031732 0.112218 0.054947 0.020079 0.040620 0.040021 0.020039 0.020031 0.020023 0.020418 -9999.0 -9999.0 -9999.0 -9999.0 -9999.0 -9999.0
-9999.0 -9999.0 -9999.0 -9999.0 -9999.0 -9999.0 -9999.0 -9999.0 -9999.0 -9999.0 0.508727 0.040243 0.316717 0.510057 0.520000 0.047290 0.045832 0.130475 0.094128 0.120126 0.285253 0.385467 0.041937 0.517045 0.048623 0.040186 0.040439 0.020045 0.043107 0.061034 0.040157 0.040125 0.054525 0.040412 0.020297 0.020898 0.049482 0.040047 0.040421 0.231331 0.372889 0.184889 0.194653 0.393349 0.047594 0.028356 0.045404 0.040067 0.040169 0.067325 0.020048 0.020347 0.020028 0.020022 0.020027 0.040409 0.040430 -9999.0 -9999.0 -9999.0 -9999.0 -9999.0 -9999.0
-9999.0 -9999.0 -9999.0 -9999.0 -9999.0 -9999.0 -9999.0 -9999.0 -9999.0 0.042267 0.043407 0.040109 0.040254 0.042689 0.040593 0.041130 0.049323 0.471193 0.087163 0.099716 0.258680 0.139143 0.158928 0.411861 0.129798 0.040135 0.040102 0.370675 0.040339 0.042577 0.152206 0.040101 0.021075 0.020033 0.020653 0.020643 0.041116 0.040035 0.040744 0.040139 0.040169 0.042863 0.042719 0.147723 0.350062 0.053257 0.518382 0.042288 0.042298 0.164192 0.040463 0.020397 0.020019 0.020212 0.020267 0.040024 0.040032 0.020681 0.020309 -9999.0 -9999.0 -9999.0 -9999.0
-9999.0 -9999.0 -9999.0 -9999.0 -9999.0 -9999.0 -9999.0 -9999.0 -9999.0 0.041198 0.042864 0.492381 0.520000 0.075324 0.047961 0.042703 0.520000 0.417479 0.081913 0.165962 0.202649 0.111838 0.406767 0.519445 0.040297 0.040722 0.042941 0.058155 0.474073 0.482368 0.483422 0.040066 0.040608 0.040319 0.040532 0.020955 0.021387 0.108374 0.042418 0.043029 0.040048 0.040535 0.044438 0.502188 0.248292 0.363365 0.418567 0.416489 0.081777 0.179070 0.040033 0.040015 0.020199 0.040046 0.020211 0.040015 0.040039 0.040065 0.021485 -9999.0 -9999.0 -9999.0 -9999.0
-9999.0 -9999.0 -9999.0 -9999.0 -9999.0 -9999.0 -9999.0 -9999.0 -9999.0 -9999.0 0.040824 0.042094 0.043870 0.040666 0.101267 0.049758 0.075405 0.362345 0.077594 0.135204 0.231618 0.078940 0.077160 0.040696 0.040898 0.048926 0.183170 0.520000 0.518973 0.040109 0.040073 0.040049 0.040037 0.040571 0.040888 0.042861 0.431590 0.044369 0.021373 0.040553 0.041109 0.049321 0.518319 0.053840 0.103176 0.136242 0.203639 0.376983 0.325129 0.168288 0.040079 0.040040 0.020239 0.020195 0.040041 0.040465 0.040815 0.040216 0.040387 0.056805 -9999.0 -9999.0 -9999.0
-9999.0 -9999.0 -9999.0 -9999.0 -9999.0 -9999.0 -9999.0 -9999.0 -9999.0 -9999.0 0.040432 0.044551 0.280380 0.057543 0.520000 0.151806 0.111253 0.117284 0.087057 0.074603 0.079385 0.105178 0.065313 0.047195 0.050876 0.519580 0.490031 0.116166 0.040182 0.040044 0.041353 0.041501 0.020058 0.040358 0.041435 0.046328 0.040253 0.040126 0.040033 0.040385 0.040619 0.055279 0.040056 0.045846 0.347500 0.043390 0.070500 0.105681 0.179520 0.402441 0.122691 0.040316 0.040024 0.020157 0.020151 0.020213 0.040552 0.040622 0.520000 0.520000 -9999.0 -9999.0 -9999.0
-9999.0 -9999.0 -9999.0 -9999.0 -9999.0 -9999.0 -9999.0 -9999.0 0.040885 0.041006 0.040396 0.041046 0.040055 0.040104 0.052258 0.288304 0.087137 0.097951 0.099981 0.072231 0.073319 0.075295 0.081703 0.104889 0.225094 0.386972 0.431230 0.040670 0.040531 0.040048 0.020032 0.040548 0.040530 0.040466 0.040636 0.043194 0.518106 0.040712 0.040043 0.020945 0.026987 0.047117 0.020080 0.021190 0.122607 0.512575 0.040049 0.041281 0.123875 0.440615 0.362726 0.040899 0.040031 0.040013 0.020244 0.040431 0.020872 0.513681 0.518676 0.249622 -9999.0 -9999.0 -9999.0
-9999.0 -9999.0 -9999.0 -9999.0 -9999.0 -9999.0 -9999.0 -9999.0 0.020066 0.040041 0.040079 0.040495 0.043366 0.040102 0.040489 0.127936 0.112973 0.096608 0.072936 0.072127 0.168263 0.112140 0.107020 0.080952 0.081148 0.159094 0.363420 0.044240 0.020059 0.040425 0.040394 0.021295 0.040662 0.021546 0.042486 0.048623 0.520000 0.046954 0.040098 0.041801 0.041161 0.040016 0.021754 0.051071 0.137561 0.040049 0.020055 0.049283 0.044827 0.354242 0.484517 0.047643 0.040026 0.040596 0.041998 0.020160 0.040954 0.071300 0.472091 0.280880 0.077953 -9999.0 -9999.0
-9999.0 -9999.0 -9999.0 -9999.0 -9999.0 -9999.0 -9999.0 -9999.0 0.040865 0.042771 0.043349 0.040040 0.041035 0.020093 0.040934 0.040822 0.187633 0.143290 0.073875 0.156160 0.071579 0.086028 0.091052 0.073851 0.158265 0.104038 0.357443 0.040201 0.020037 0.040537 0.022130 0.047353 0.040332 0.040518 0.044843 0.516852 0.053500 0.520000 0.053095 0.040063 0.043385 0.042596 0.041882 0.042449 0.040537 0.047586 0.020950 0.041928 0.040184 0.089305 0.343755 0.208098 0.040055 0.040030 0.040336 0.041510 0.520000 0.457504 0.225466 0.296086 0.216712 -9999.0 -9999.0
-9999.0 -9999.0 -9999.0 -9999.0 -9999.0 -9999.0 -9999.0 -9999.0 0.020388 0.050434 0.040124 0.020051 0.047201 0.040598 0.040411 0.279505 0.076355 0.075260 0.209045 0.073949 0.073230 0.073534 0.095606 0.079217 0.097046 0.231494 0.051694 0.040071 0.488572 0.040073 0.041010 0.040097 0.063847 0.041734 0.046527 0.517098 0.459928 0.102382 0.392304 0.053063 0.472960 0.124895 0.047664 0.118120 0.044163 0.041003 0.041808 0.101369 0.043400 0.041115 0.104019 0.348706 0.264529 0.040332 0.519545 0.520000 0.337911 0.216799 0.136813 0.224724 0.240494 0.188535 -9999.0
-9999.0 -9999.0 -9999.0 -9999.0 -9999.0 -9999.0 -9999.0 -9999.0 0.040425 0.040832 0.040082 0.040116 0.042211 0.040452 0.520000 0.378209 0.384316 0.116836 0.198225 0.095465 0.079817 0.080848 0.075364 0.076056 0.182280 0.157425 0.040292 0.053078 0.104853 0.043111 0.043548 0.172812 0.520000 0.448472 0.192906 0.399529 0.212628 0.082315 0.077087 0.448731 0.491853 0.143215 0.095310 0.087770 0.040954 0.509689 0.044229 0.040452 0.045687 0.161522 0.445505 0.176741 0.282678 0.360322 0.520000 0.520000 0.381654 0.292976 0.265975 0.213838 0.113735 0.200929 -9999.0
-9999.0 -9999.0 0.043567 0.052716 0.040027 0.040676 0.040041 0.040024 0.040452 0.040566 0.040050 0.040167 0.048784 0.048181 0.478819 0.496427 0.085468 0.040200 0.043412 0.154278 0.096072 0.093334 0.224980 0.074514 0.082335 0.104552 0.127863 0.171160 0.230474 0.491581 0.081908 0.266503 0.372161 0.120878 0.253310 0.092796 0.101113 0.074924 0.075381 0.079351 0.162496 0.265877 0.160664 0.377399 0.131189 0.163688 0.475260 0.327697 0.329604 0.309875 0.172729 0.214599 0.335629 0.374579 0.445817 0.420453 0.364477 0.297704 0.299318 0.145416 0.325413 0.220568 -9999.0
-9999.0 0.040619 0.040051 0.040473 0.040617 0.040062 0.040110 0.040064 0.040031 0.040649 0.040212 0.040575 0.157526 0.520000 0.520000 0.043020 0.040784 0.040267 0.040776 0.094863 0.101232 0.094911 0.363324 0.140211 0.081717 0.082081 0.134741 0.176758 0.139165 0.264305 0.153759 0.163736 0.201391 0.221521 0.078627 0.088309 0.073018 0.072279 0.084316 0.111755 0.076131 0.079241 0.107873 0.084834 0.090874 0.088665 0.215643 0.078629 0.085167 0.120673 0.233885 0.302702 0.365846 0.408381 0.434310 0.520000 0.403013 0.375404 0.520000 0.467499 0.350205 0.225173 -9999.0
-9999.0 0.505119 0.040410 0.042635 0.515833 0.045567 0.040044 0.040043 0.040374 0.040564 0.040095 0.040204 0.298090 0.520000 0.046732 0.040042 0.040075 0.040160 0.040805 0.077907 0.520000 0.269180 0.168294 0.356668 0.295645 0.171723 0.074287 0.074048 0.131147 0.073875 0.072724 0.073237 0.152766 0.137184 0.149833 0.089213 0.138074 0.120049 0.073418 0.072277 0.072953 0.079912 0.071751 0.072678 0.071576 0.071539 0.091354 0.126717 0.149317 0.192677 0.258334 0.243637 0.348526 0.520000 0.520000 0.057912 0.041929 0.051000 0.054678 0.046019 0.061103 -9999.0 -9999.0
-9999.0 0.391487 0.040292 0.041947 0.392291 0.519329 0.515687 0.040102 0.040255 0.040345 0.040711 0.071288 0.513005 0.519710 0.040120 0.040029 0.040047 0.040350 0.040108 0.047392 0.045917 0.060319 0.196495 0.339140 0.325496 0.226235 0.207575 0.193123 0.074401 0.119577 0.072116 0.071549 0.127075 0.120915 0.093941 0.077909 0.076429 0.115741 0.074180 0.073262 0.073410 0.130339 0.079838 0.069849 0.070119 0.103431 0.113537 0.165092 0.219835 0.133306 0.301015 0.519458 0.068606 0.069174 0.044781 0.040180 0.040168 0.040099 0.040119 -9999.0 -9999.0 -9999.0 -9999.0
