user2019/resources/simulation/Vinschgau/output-maps/thetaliqL0004N0865.asc
ncols         63
nrows         48
xllcorner     598000.000000
yllcorner     5145000.000000
cellsize      1000.000000
NODATA_value  -9999.0
[rows 0 to 28 of 48, columns 0 to 62 of 63]
-9999.0 -9999.0 -9999.0 -9999.0 -9999.0 -9999.0 -9999.0 -9999.0 -9999.0 -9999.0 -9999.0 -9999.0 -9999.0 -9999.0 -9999.0 -9999.0 -9999.0 -9999.0 -9999.0 -9999.0 -9999.0 -9999.0 -9999.0 -9999.0 -9999.0 -9999.0 -9999.0 -9999.0 -9999.0 -9999.0 -9999.0 -9999.0 -9999.0 -9999.0 -9999.0 -9999.0 -9999.0 -9999.0 -9999.0 -9999.0 -9999.0 -9999.0 -9999.0 -9999.0 -9999.0 -9999.0 -9999.0 -9999.0 -9999.0 -9999.0 -9999.0 -9999.0 -9999.0 -9999.0 -9999.0 -9999.0 -9999.0 -9999.0 -9999.0 -9999.0 -9999.0 -9999.0 -9999.0
-9999.0 -9999.0 -9999.0 -9999.0 -9999.0 -9999.0 -9999.0 -9999.0 -9999.0 -9999.0 -9999.0 -9999.0 -9999.0 -9999.0 -9999.0 -9999.0 -9999.0 -9999.0 -9999.0 -9999.0 -9999.0 -9999.0 -9999.0 -9999.0 -9999.0 -9999.0 -9999.0 0.020024 0.040011 0.020028 0.040009 0.040008 0.040007 -9999.0 -9999.0 -9999.0 -9999.0 -9999.0 -9999.0 -9999.0 -9999.0 -9999.0 -9999.0 -9999.0 -9999.0 -9999.0 -9999.0 -9999.0 -9999.0 -9999.0 -9999.0 -9999.0 -9999.0 -9999.0 -9999.0 -9999.0 -9999.0 -9999.0 -9999.0 -9999.0 -9999.0 -9999.0 -9999.0
-9999.0 -9999.0 -9999.0 -9999.0 -9999.0 -9999.0 -9999.0 -9999.0 -9999.0 -9999.0 -9999.0 -9999.0 -9999.0 -9999.0 -9999.0 -9999.0 -9999.0 -9999.0 -9999.0 -9999.0 -9999.0 -9999.0 -9999.0 -9999.0 0.040015 0.040018 0.040028 0.040016 0.040018 0.040010 0.040008 -9999.0 -9999.0 -9999.0 -9999.0 -9999.0 -9999.0 -9999.0 -9999.0 -9999.0 -9999.0 -9999.0 -9999.0 -9999.0 -9999.0 -9999.0 -9999.0 -9999.0 -9999.0 -9999.0 -9999.0 -9999.0 -9999.0 -9999.0 -9999.0 -9999.0 -9999.0 -9999.0 -9999.0 -9999.0 -9999.0 -9999.0 -9999.0
-9999.0 -9999.0 -9999.0 -9999.0 -9999.0 -9999.0 -9999.0 -9999.0 -9999.0 -9999.0 -9999.0 -9999.0 -9999.0 -9999.0 -9999.0 -9999.0 -9999.0 -9999.0 -9999.0 -9999.0 -9999.0 -9999.0 -9999.0 0.040020 0.040039 0.243693 0.296455 0.150856 0.176838 0.040019 0.040009 0.040007 -9999.0 -9999.0 -9999.0 -9999.0 -9999.0 -9999.0 -9999.0 -9999.0 -9999.0 -9999.0 -9999.0 -9999.0 -9999.0 -9999.0 -9999.0 -9999.0 -9999.0 -9999.0 -9999.0 -9999.0 -9999.0 -9999.0 -9999.0 -9999.0 -9999.0 -9999.0 -9999.0 -9999.0 -9999.0 -9999.0 -9999.0
-9999.0 -9999.0 -9999.0 -9999.0 -9999.0 -9999.0 -9999.0 -9999.0 -9999.0 -9999.0 -9999.0 -9999.0 -9999.0 -9999.0 -9999.0 -9999.0 -9999.0 -9999.0 0.300932 0.040032 -9999.0 0.040028 0.040038 0.176097 0.326175 0.127108 0.353435 0.282586 0.500894 0.057981 0.040016 0.040009 0.020021 0.020016 -9999.0 -9999.0 -9999.0 -9999.0 -9999.0 -9999.0 -9999.0 -9999.0 -9999.0 -9999.0 -9999.0 -9999.0 -9999.0 -9999.0 -9999.0 -9999.0 -9999.0 -9999.0 -9999.0 -9999.0 -9999.0 -9999.0 -9999.0 -9999.0 -9999.0 -9999.0 -9999.0 -9999.0 -9999.0
-9999.0 -9999.0 -9999.0 -9999.0 -9999.0 -9999.0 -9999.0 -9999.0 -9999.0 -9999.0 -9999.0 -9999.0 -9999.0 -9999.0 -9999.0 -9999.0 -9999.0 0.124119 0.201110 0.055056 0.020040 0.051089 0.058416 0.271111 0.346790 0.156562 0.040980 0.046603 0.048052 0.315543 0.040047 0.040015 0.020030 0.020024 0.020019 0.020016 -9999.0 -9999.0 -9999.0 -9999.0 -9999.0 -9999.0 -9999.0 -9999.0 -9999.0 -9999.0 -9999.0 -9999.0 -9999.0 -9999.0 -9999.0 -9999.0 -9999.0 -9999.0 -9999.0 -9999.0 -9999.0 -9999.0 -9999.0 -9999.0 -9999.0 -9999.0 -9999.0
-9999.0 -9999.0 -9999.0 -9999.0 -9999.0 -9999.0 -9999.0 -9999.0 -9999.0 -9999.0 -9999.0 -9999.0 -9999.0 0.040047 0.353847 0.207696 0.111646 0.028126 0.129884 0.172384 0.306104 0.303468 0.293279 0.366303 0.085535 0.040039 0.020060 0.040103 0.040115 0.046684 0.040047 0.040013 0.040009 0.040007 0.020021 0.020016 -9999.0 -9999.0 -9999.0 -9999.0 -9999.0 -9999.0 -9999.0 -9999.0 -9999.0 -9999.0 -9999.0 -9999.0 -9999.0 -9999.0 -9999.0 -9999.0 -9999.0 -9999.0 -9999.0 -9999.0 -9999.0 -9999.0 -9999.0 -9999.0 -9999.0 -9999.0 -9999.0
-9999.0 -9999.0 -9999.0 -9999.0 -9999.0 -9999.0 -9999.0 -9999.0 -9999.0 -9999.0 -9999.0 -9999.0 -9999.0 0.040331 0.327781 0.182404 0.125269 0.380448 0.023371 0.230815 0.125376 0.370451 0.344373 0.394947 0.065522 0.048796 0.040011 0.020026 0.020022 0.040045 0.040071 0.040010 0.020021 0.020014 0.020018 -9999.0 -9999.0 -9999.0 -9999.0 -9999.0 -9999.0 -9999.0 -9999.0 -9999.0 -9999.0 -9999.0 -9999.0 -9999.0 -9999.0 -9999.0 -9999.0 -9999.0 -9999.0 -9999.0 -9999.0 -9999.0 -9999.0 -9999.0 -9999.0 -9999.0 -9999.0 -9999.0 -9999.0
-9999.0 -9999.0 -9999.0 -9999.0 -9999.0 -9999.0 -9999.0 -9999.0 -9999.0 -9999.0 -9999.0 -9999.0 -9999.0 0.295932 0.520000 0.260095 0.171599 0.136689 0.023346 0.125390 0.421419 0.021367 0.091640 0.054475 0.230287 0.075595 0.020032 0.020021 0.040007 0.020016 0.040008 0.020014 0.020013 0.020011 0.020015 -9999.0 -9999.0 -9999.0 -9999.0 -9999.0 -9999.0 -9999.0 -9999.0 -9999.0 -9999.0 -9999.0 -9999.0 -9999.0 -9999.0 -9999.0 -9999.0 -9999.0 -9999.0 -9999.0 -9999.0 -9999.0 -9999.0 -9999.0 -9999.0 -9999.0 -9999.0 -9999.0 -9999.0
-9999.0 -9999.0 -9999.0 -9999.0 -9999.0 -9999.0 -9999.0 -9999.0 -9999.0 -9999.0 -9999.0 -9999.0 0.248634 0.056888 0.351232 0.405752 0.319824 0.211080 0.343229 0.061169 0.299825 0.045787 0.042065 0.040539 0.040052 0.040011 0.040018 0.040008 0.040009 0.020021 0.040003 0.020020 0.040007 0.020014 -9999.0 -9999.0 -9999.0 -9999.0 -9999.0 -9999.0 -9999.0 -9999.0 -9999.0 -9999.0 -9999.0 -9999.0 -9999.0 -9999.0 -9999.0 -9999.0 -9999.0 -9999.0 -9999.0 -9999.0 -9999.0 -9999.0 -9999.0 -9999.0 -9999.0 -9999.0 -9999.0 -9999.0 -9999.0
-9999.0 -9999.0 -9999.0 -9999.0 -9999.0 -9999.0 -9999.0 -9999.0 -9999.0 -9999.0 -9999.0 0.040079 0.458486 0.520000 0.373174 0.044598 0.072781 0.237335 0.520000 0.188201 0.201249 0.421540 0.040031 0.040013 0.040284 0.040014 0.040008 0.040010 0.040010 0.020017 0.020019 0.040009 0.020022 0.020017 0.020019 0.020023 0.040008 0.040010 0.040015 -9999.0 -9999.0 -9999.0 0.020017 -9999.0 -9999.0 -9999.0 -9999.0 -9999.0 -9999.0 -9999.0 -9999.0 -9999.0 -9999.0 -9999.0 -9999.0 -9999.0 -9999.0 -9999.0 -9999.0 -9999.0 -9999.0 -9999.0 -9999.0
-9999.0 -9999.0 -9999.0 -9999.0 -9999.0 -9999.0 -9999.0 -9999.0 -9999.0 -9999.0 -9999.0 0.040042 0.409464 0.436679 0.317870 0.040051 0.241145 0.168711 0.370915 0.421779 0.455702 0.040237 0.040034 0.040022 0.040032 0.040011 0.040010 0.040014 0.020026 0.020017 0.040010 0.040012 0.040007 0.040006 0.040005 0.040010 0.040018 0.040021 0.040014 0.020018 0.020018 0.020017 0.040010 0.020021 -9999.0 -9999.0 -9999.0 0.040005 0.040005 0.020019 0.040006 0.020017 0.020017 0.040006 0.040007 0.020016 -9999.0 -9999.0 -9999.0 -9999.0 -9999.0 -9999.0 -9999.0
-9999.0 -9999.0 -9999.0 -9999.0 -9999.0 -9999.0 -9999.0 -9999.0 -9999.0 -9999.0 -9999.0 0.040034 0.040041 0.041470 0.041926 0.040182 0.443730 0.281506 0.394820 0.368834 0.362037 0.069842 0.040063 0.040016 0.040011 0.020025 0.040056 0.040016 0.020024 0.040006 0.020022 0.040013 0.040015 0.040007 0.020021 0.040016 0.040018 0.040026 0.040031 0.020022 0.040011 0.040008 0.040015 0.040011 0.040007 -9999.0 0.020015 0.040007 0.040010 0.040013 0.040015 0.020031 0.040011 0.040009 0.040009 0.040007 -9999.0 -9999.0 -9999.0 -9999.0 -9999.0 -9999.0 -9999.0
-9999.0 -9999.0 -9999.0 -9999.0 -9999.0 -9999.0 -9999.0 -9999.0 -9999.0 -9999.0 -9999.0 -9999.0 0.040051 0.040328 0.040092 0.040115 0.354488 0.250699 0.429247 0.397546 0.329803 0.085801 0.040751 0.040094 0.040018 0.040051 0.040026 0.040013 0.040009 0.020021 0.040010 0.040014 0.040015 0.040008 0.040007 0.040012 0.040041 0.040035 0.041624 0.040018 0.040024 0.020031 0.040047 0.040032 0.020022 0.040006 0.020018 0.040007 0.040018 0.040057 0.040400 0.040015 0.040022 0.040013 0.040010 0.040009 0.040007 -9999.0 -9999.0 -9999.0 -9999.0 -9999.0 -9999.0
-9999.0 -9999.0 -9999.0 -9999.0 -9999.0 -9999.0 -9999.0 -9999.0 -9999.0 -9999.0 -9999.0 0.040123 0.040018 0.040045 0.040231 0.059513 0.308130 0.346885 0.431557 0.255899 0.295054 0.235455 0.049283 0.040034 0.040056 0.040319 0.040141 0.040008 0.040008 0.020026 0.040048 0.040020 0.040022 0.040009 0.040005 0.040010 0.040011 0.040080 0.062943 0.040050 0.040077 0.047073 0.040120 0.020087 0.040042 0.040009 0.040012 0.020027 0.020032 0.040400 0.020034 0.040009 0.040007 0.020018 0.020016 0.020015 0.020020 -9999.0 -9999.0 -9999.0 -9999.0 -9999.0 -9999.0
-9999.0 -9999.0 -9999.0 -9999.0 -9999.0 -9999.0 -9999.0 -9999.0 -9999.0 -9999.0 0.040026 0.040274 0.040030 0.040030 0.040088 0.040137 0.040135 0.263909 0.184976 0.268346 0.474813 0.500587 0.040166 0.040074 0.050608 0.040044 0.040023 0.020028 0.040014 0.040022 0.040027 0.040027 0.040022 0.040009 0.020016 0.020022 0.040016 0.040044 0.050115 0.166266 0.196923 0.089863 0.171244 0.476470 0.040930 0.020027 0.040012 0.040067 0.040049 0.051054 0.020022 0.020019 0.020015 0.020014 0.020014 0.040009 0.040009 -9999.0 -9999.0 -9999.0 -9999.0 -9999.0 -9999.0
-9999.0 -9999.0 -9999.0 -9999.0 -9999.0 -9999.0 -9999.0 -9999.0 -9999.0 0.040011 0.040034 0.040034 0.040317 0.040127 0.040107 0.040662 0.040633 0.056918 0.212579 0.180325 0.438936 0.235668 0.291623 0.268380 0.081502 0.040054 0.040017 0.040024 0.040190 0.049578 0.082579 0.040046 0.020024 0.020015 0.020017 0.020022 0.040011 0.040029 0.040047 0.040468 0.040922 0.040903 0.040215 0.315111 0.401223 0.040307 0.040131 0.040070 0.040073 0.170553 0.040023 0.020020 0.020012 0.020015 0.020018 0.040006 0.040008 0.020022 0.020018 -9999.0 -9999.0 -9999.0 -9999.0
-9999.0 -9999.0 -9999.0 -9999.0 -9999.0 -9999.0 -9999.0 -9999.0 -9999.0 0.040008 0.040011 0.040021 0.040094 0.057329 0.040500 0.040092 0.040101 0.310242 0.195061 0.331757 0.367665 0.300366 0.463281 0.054347 0.040080 0.040044 0.040144 0.049461 0.280082 0.055965 0.040153 0.040035 0.040012 0.040007 0.040009 0.020022 0.020024 0.020029 0.040011 0.040029 0.040113 0.040024 0.040170 0.386750 0.361091 0.427533 0.451188 0.218478 0.056576 0.127330 0.040022 0.040007 0.020015 0.040005 0.020019 0.040006 0.040009 0.040012 0.020025 -9999.0 -9999.0 -9999.0 -9999.0
-9999.0 -9999.0 -9999.0 -9999.0 -9999.0 -9999.0 -9999.0 -9999.0 -9999.0 -9999.0 0.040009 0.040020 0.041847 0.040225 0.064621 0.040666 0.054782 0.422236 0.186303 0.301320 0.413804 0.213261 0.101919 0.041746 0.040054 0.040914 0.101774 0.488293 0.040184 0.040049 0.040038 0.040026 0.040011 0.040008 0.040014 0.040013 0.040030 0.040039 0.020024 0.040010 0.040009 0.040032 0.040050 0.040524 0.105726 0.285376 0.381621 0.464751 0.446083 0.095485 0.040040 0.040017 0.020017 0.020016 0.040004 0.040007 0.040012 0.040045 0.040035 0.041202 -9999.0 -9999.0 -9999.0
-9999.0 -9999.0 -9999.0 -9999.0 -9999.0 -9999.0 -9999.0 -9999.0 -9999.0 -9999.0 0.040009 0.040012 0.040028 0.044772 0.412941 0.305526 0.272545 0.235654 0.199322 0.139931 0.139993 0.233465 0.071117 0.040193 0.040910 0.320299 0.520000 0.105649 0.040064 0.040013 0.040010 0.040012 0.020026 0.040006 0.040010 0.040036 0.040044 0.040294 0.040022 0.040008 0.040011 0.020035 0.040038 0.040017 0.040059 0.040374 0.051985 0.106716 0.384820 0.520000 0.064001 0.040023 0.040010 0.020018 0.020015 0.020016 0.040007 0.040066 0.520000 0.520000 -9999.0 -9999.0 -9999.0
-9999.0 -9999.0 -9999.0 -9999.0 -9999.0 -9999.0 -9999.0 -9999.0 0.040016 0.040010 0.040008 0.040016 0.040017 0.040039 0.048064 0.405548 0.189863 0.291787 0.258381 0.113384 0.112476 0.162313 0.188302 0.225957 0.215044 0.454608 0.360090 0.040114 0.040028 0.040013 0.020015 0.040010 0.040010 0.040007 0.040012 0.040011 0.040083 0.040366 0.040026 0.020022 0.020027 0.040025 0.020034 0.020023 0.020032 0.040031 0.040029 0.040162 0.114042 0.520000 0.087752 0.040132 0.040015 0.040007 0.020017 0.040008 0.020023 0.040043 0.267829 0.520000 -9999.0 -9999.0 -9999.0
-9999.0 -9999.0 -9999.0 -9999.0 -9999.0 -9999.0 -9999.0 -9999.0 0.020036 0.040035 0.040015 0.040008 0.040011 0.040034 0.040098 0.292679 0.274932 0.236425 0.115975 0.112672 0.348835 0.310831 0.307065 0.306961 0.181954 0.333413 0.468160 0.040291 0.020027 0.040008 0.040007 0.020023 0.040012 0.020024 0.040014 0.040024 0.040313 0.040451 0.040129 0.040015 0.040010 0.020018 0.020025 0.040016 0.040023 0.040076 0.020031 0.040014 0.040209 0.419593 0.520000 0.040263 0.040014 0.040007 0.040012 0.020033 0.040057 0.051758 0.498823 0.520000 0.132498 -9999.0 -9999.0
-9999.0 -9999.0 -9999.0 -9999.0 -9999.0 -9999.0 -9999.0 -9999.0 0.040010 0.040016 0.040017 0.040012 0.040010 0.020036 0.040075 0.040116 0.295086 0.321218 0.127389 0.318354 0.109864 0.242751 0.282062 0.156909 0.324782 0.276239 0.428709 0.040068 0.020029 0.040010 0.020026 0.040027 0.040021 0.040026 0.040035 0.040036 0.054092 0.520000 0.067505 0.040067 0.040014 0.020026 0.040015 0.040016 0.040035 0.040015 0.020022 0.040011 0.040022 0.161982 0.442644 0.083694 0.040011 0.040013 0.040026 0.040068 0.500088 0.520000 0.421077 0.520000 0.402279 -9999.0 -9999.0
-9999.0 -9999.0 -9999.0 -9999.0 -9999.0 -9999.0 -9999.0 -9999.0 0.020020 0.040016 0.040086 0.020030 0.040012 0.040048 0.040367 0.434044 0.162698 0.142752 0.369251 0.115397 0.125435 0.128661 0.251978 0.162355 0.186200 0.332715 0.052931 0.040036 0.040029 0.040072 0.040065 0.040142 0.048590 0.043243 0.040240 0.040050 0.057430 0.280288 0.464039 0.042210 0.040020 0.040023 0.040022 0.020032 0.040012 0.020027 0.040015 0.020030 0.040011 0.040052 0.191032 0.469238 0.101111 0.040069 0.098438 0.520000 0.520000 0.520000 0.354111 0.408974 0.402369 0.346849 -9999.0
-9999.0 -9999.0 -9999.0 -9999.0 -9999.0 -9999.0 -9999.0 -9999.0 0.040006 0.040014 0.040033 0.040050 0.040231 0.046090 0.056660 0.520000 0.510259 0.288242 0.317940 0.238542 0.149328 0.162572 0.133840 0.132101 0.358735 0.300923 0.040078 0.040848 0.066931 0.046467 0.040478 0.081494 0.520000 0.394344 0.139629 0.426878 0.406158 0.240822 0.246373 0.504854 0.219975 0.118506 0.055382 0.053230 0.040059 0.040040 0.040164 0.041506 0.040135 0.082756 0.468828 0.316736 0.419723 0.448798 0.520000 0.520000 0.520000 0.480688 0.464377 0.404525 0.317192 0.357019 -9999.0
-9999.0 -9999.0 0.040012 0.040015 0.040012 0.040034 0.040015 0.040017 0.040008 0.040011 0.040059 0.040582 0.045024 0.040826 0.511186 0.520000 0.093692 0.040070 0.040151 0.357098 0.233335 0.221909 0.469879 0.100945 0.162198 0.235481 0.296932 0.338234 0.368735 0.441581 0.128926 0.390932 0.520000 0.345549 0.428951 0.265722 0.351728 0.192786 0.188954 0.247606 0.387289 0.437825 0.366159 0.453733 0.304162 0.107857 0.499792 0.412371 0.431270 0.406362 0.349086 0.322686 0.486800 0.519114 0.520000 0.520000 0.520000 0.456891 0.450116 0.353888 0.466516 0.368538 -9999.0
-9999.0 0.040133 0.040080 0.040065 0.040037 0.040017 0.040015 0.040014 0.040010 0.040008 0.040022 0.040108 0.049118 0.040345 0.252582 0.040368 0.040058 0.040024 0.040078 0.202243 0.233028 0.284166 0.520000 0.391804 0.189928 0.163685 0.267612 0.321260 0.369893 0.429762 0.300984 0.362516 0.490916 0.463136 0.330552 0.299124 0.262812 0.140235 0.321183 0.319276 0.304521 0.346225 0.368510 0.246693 0.240837 0.221426 0.389492 0.225437 0.312305 0.326547 0.391295 0.466781 0.520000 0.520000 0.520000 0.520000 0.494612 0.462648 0.520000 0.200764 0.425365 0.373054 -9999.0
-9999.0 0.040069 0.040100 0.040397 0.040249 0.040028 0.040026 0.040012 0.040008 0.040007 0.040017 0.040068 0.150942 0.282044 0.045207 0.040028 0.040016 0.040019 0.040293 0.061540 0.195783 0.422840 0.371651 0.520000 0.484560 0.306591 0.095241 0.106035 0.307356 0.174722 0.115508 0.134383 0.422282 0.417023 0.414790 0.324978 0.355192 0.312563 0.271369 0.232846 0.274462 0.322557 0.320928 0.141527 0.088233 0.118505 0.270133 0.334118 0.349755 0.378440 0.417297 0.387232 0.447686 0.520000 0.514930 0.060446 0.052914 0.052248 0.065796 0.042832 0.070422 -9999.0 -9999.0
-9999.0 0.040024 0.040152 0.041260 0.499486 0.040330 0.040293 0.040046 0.040023 0.040024 0.040062 0.078677 0.487063 0.042953 0.040053 0.040020 0.040013 0.040025 0.040048 0.050964 0.042291 0.066504 0.241765 0.508692 0.505128 0.394065 0.401240 0.397399 0.139955 0.298960 0.100384 0.090319 0.369330 0.379837 0.323107 0.259657 0.272197 0.294145 0.242282 0.227160 0.230751 0.325880 0.284829 0.085143 0.084496 0.323189 0.318587 0.383932 0.409503 0.323644 0.429567 0.050752 0.071757 0.040340 0.041489 0.040125 0.040121 0.040065 0.040097 -9999.0 -9999.0 -9999.0 -9999.0
