user2019/resources/simulation/Vinschgau/output-maps/thetaliqL0005N1284.asc
ncols         63
nrows         48
xllcorner     598000.000000
yllcorner     5145000.000000
cellsize      1000.000000
NODATA_value  -9999.0
[rows 0 to 28 of 48, columns 0 to 62 of 63]
-9999.0 -9999.0 -9999.0 -9999.0 -9999.0 -9999.0 -9999.0 -9999.0 -9999.0 -9999.0 -9999.0 -9999.0 -9999.0 -9999.0 -9999.0 -9999.0 -9999.0 -9999.0 -9999.0 -9999.0 -9999.0 -9999.0 -9999.0 -9999.0 -9999.0 -9999.0 -9999.0 -9999.0 -9999.0 -9999.0 -9999.0 -9999.0 -9999.0 -9999.0 -9999.0 -9999.0 -9999.0 -9999.0 -9999.0 -9999.0 -9999.0 -9999.0 -9999.0 -9999.0 -9999.0 -9999.0 -9999.0 -9999.0 -9999.0 -9999.0 -9999.0 -9999.0 -9999.0 -9999.0 -9999.0 -9999.0 -9999.0 -9999.0 -9999.0 -9999.0 -9999.0 -9999.0 -9999.0
-9999.0 -9999.0 -9999.0 -9999.0 -9999.0 -9999.0 -9999.0 -9999.0 -9999.0 -9999.0 -9999.0 -9999.0 -9999.0 -9999.0 -9999.0 -9999.0 -9999.0 -9999.0 -9999.0 -9999.0 -9999.0 -9999.0 -9999.0 -9999.0 -9999.0 -9999.0 -9999.0 0.091723 0.288913 0.113427 0.349378 0.159547 0.037676 -9999.0 -9999.0 -9999.0 -9999.0 -9999.0 -9999.0 -9999.0 -9999.0 -9999.0 -9999.0 -9999.0 -9999.0 -9999.0 -9999.0 -9999.0 -9999.0 -9999.0 -9999.0 -9999.0 -9999.0 -9999.0 -9999.0 -9999.0 -9999.0 -9999.0 -9999.0 -9999.0 -9999.0 -9999.0 -9999.0
-9999.0 -9999.0 -9999.0 -9999.0 -9999.0 -9999.0 -9999.0 -9999.0 -9999.0 -9999.0 -9999.0 -9999.0 -9999.0 -9999.0 -9999.0 -9999.0 -9999.0 -9999.0 -9999.0 -9999.0 -9999.0 -9999.0 -9999.0 -9999.0 0.305867 0.298397 0.294304 0.301727 0.314840 0.298668 0.343494 -9999.0 -9999.0 -9999.0 -9999.0 -9999.0 -9999.0 -9999.0 -9999.0 -9999.0 -9999.0 -9999.0 -9999.0 -9999.0 -9999.0 -9999.0 -9999.0 -9999.0 -9999.0 -9999.0 -9999.0 -9999.0 -9999.0 -9999.0 -9999.0 -9999.0 -9999.0 -9999.0 -9999.0 -9999.0 -9999.0 -9999.0 -9999.0
-9999.0 -9999.0 -9999.0 -9999.0 -9999.0 -9999.0 -9999.0 -9999.0 -9999.0 -9999.0 -9999.0 -9999.0 -9999.0 -9999.0 -9999.0 -9999.0 -9999.0 -9999.0 -9999.0 -9999.0 -9999.0 -9999.0 -9999.0 0.289384 0.270528 0.085835 0.079892 0.058551 0.060552 0.239716 0.340303 0.374813 -9999.0 -9999.0 -9999.0 -9999.0 -9999.0 -9999.0 -9999.0 -9999.0 -9999.0 -9999.0 -9999.0 -9999.0 -9999.0 -9999.0 -9999.0 -9999.0 -9999.0 -9999.0 -9999.0 -9999.0 -9999.0 -9999.0 -9999.0 -9999.0 -9999.0 -9999.0 -9999.0 -9999.0 -9999.0 -9999.0 -9999.0
-9999.0 -9999.0 -9999.0 -9999.0 -9999.0 -9999.0 -9999.0 -9999.0 -9999.0 -9999.0 -9999.0 -9999.0 -9999.0 -9999.0 -9999.0 -9999.0 -9999.0 -9999.0 0.198261 0.249210 -9999.0 0.273811 0.260379 0.059694 0.083020 0.059282 0.191514 0.162545 0.193192 0.146516 0.271584 0.337179 0.085553 0.058247 -9999.0 -9999.0 -9999.0 -9999.0 -9999.0 -9999.0 -9999.0 -9999.0 -9999.0 -9999.0 -9999.0 -9999.0 -9999.0 -9999.0 -9999.0 -9999.0 -9999.0 -9999.0 -9999.0 -9999.0 -9999.0 -9999.0 -9999.0 -9999.0 -9999.0 -9999.0 -9999.0 -9999.0 -9999.0
-9999.0 -9999.0 -9999.0 -9999.0 -9999.0 -9999.0 -9999.0 -9999.0 -9999.0 -9999.0 -9999.0 -9999.0 -9999.0 -9999.0 -9999.0 -9999.0 -9999.0 0.084519 0.077213 0.020334 0.080772 0.219938 0.134170 0.064965 0.154011 0.235399 0.057433 0.205287 0.066660 0.213370 0.271388 0.263636 0.099872 0.062480 0.049577 0.049359 -9999.0 -9999.0 -9999.0 -9999.0 -9999.0 -9999.0 -9999.0 -9999.0 -9999.0 -9999.0 -9999.0 -9999.0 -9999.0 -9999.0 -9999.0 -9999.0 -9999.0 -9999.0 -9999.0 -9999.0 -9999.0 -9999.0 -9999.0 -9999.0 -9999.0 -9999.0 -9999.0
-9999.0 -9999.0 -9999.0 -9999.0 -9999.0 -9999.0 -9999.0 -9999.0 -9999.0 -9999.0 -9999.0 -9999.0 -9999.0 0.142254 0.089571 0.094242 0.081395 0.022224 0.085584 0.059728 0.082269 0.086040 0.060880 0.106336 0.231117 0.261146 0.021332 0.068132 0.068192 0.265123 0.040536 0.312532 0.309219 0.352773 0.135516 0.054122 -9999.0 -9999.0 -9999.0 -9999.0 -9999.0 -9999.0 -9999.0 -9999.0 -9999.0 -9999.0 -9999.0 -9999.0 -9999.0 -9999.0 -9999.0 -9999.0 -9999.0 -9999.0 -9999.0 -9999.0 -9999.0 -9999.0 -9999.0 -9999.0 -9999.0 -9999.0 -9999.0
-9999.0 -9999.0 -9999.0 -9999.0 -9999.0 -9999.0 -9999.0 -9999.0 -9999.0 -9999.0 -9999.0 -9999.0 -9999.0 0.184632 0.080457 0.086054 0.083001 0.153153 0.022218 0.077678 0.063891 0.061619 0.098226 0.153829 0.123518 0.127712 0.275424 0.112573 0.111306 0.054375 0.054159 0.334187 0.106956 0.061438 0.101489 -9999.0 -9999.0 -9999.0 -9999.0 -9999.0 -9999.0 -9999.0 -9999.0 -9999.0 -9999.0 -9999.0 -9999.0 -9999.0 -9999.0 -9999.0 -9999.0 -9999.0 -9999.0 -9999.0 -9999.0 -9999.0 -9999.0 -9999.0 -9999.0 -9999.0 -9999.0 -9999.0 -9999.0
-9999.0 -9999.0 -9999.0 -9999.0 -9999.0 -9999.0 -9999.0 -9999.0 -9999.0 -9999.0 -9999.0 -9999.0 -9999.0 0.078188 0.430000 0.082294 0.085406 0.084226 0.022197 0.083520 0.129853 0.020390 0.221264 0.098160 0.090262 0.118528 0.081278 0.091864 0.362917 0.068516 0.367438 0.091795 0.045222 0.020026 0.071328 -9999.0 -9999.0 -9999.0 -9999.0 -9999.0 -9999.0 -9999.0 -9999.0 -9999.0 -9999.0 -9999.0 -9999.0 -9999.0 -9999.0 -9999.0 -9999.0 -9999.0 -9999.0 -9999.0 -9999.0 -9999.0 -9999.0 -9999.0 -9999.0 -9999.0 -9999.0 -9999.0 -9999.0
-9999.0 -9999.0 -9999.0 -9999.0 -9999.0 -9999.0 -9999.0 -9999.0 -9999.0 -9999.0 -9999.0 -9999.0 0.060307 0.430000 0.079805 0.083000 0.116134 0.090495 0.118319 0.020302 0.082898 0.212298 0.025910 0.197563 0.040383 0.278893 0.040054 0.340721 0.346596 0.119115 0.374098 0.092211 0.396619 0.046883 -9999.0 -9999.0 -9999.0 -9999.0 -9999.0 -9999.0 -9999.0 -9999.0 -9999.0 -9999.0 -9999.0 -9999.0 -9999.0 -9999.0 -9999.0 -9999.0 -9999.0 -9999.0 -9999.0 -9999.0 -9999.0 -9999.0 -9999.0 -9999.0 -9999.0 -9999.0 -9999.0 -9999.0 -9999.0
-9999.0 -9999.0 -9999.0 -9999.0 -9999.0 -9999.0 -9999.0 -9999.0 -9999.0 -9999.0 -9999.0 0.206285 0.081362 0.430000 0.080239 0.161724 0.020279 0.087300 0.170741 0.020266 0.066980 0.123882 0.199209 0.254398 0.213435 0.291740 0.351309 0.318595 0.429973 0.100132 0.090001 0.313265 0.115443 0.071323 0.088417 0.099656 0.320957 0.204379 0.124263 -9999.0 -9999.0 -9999.0 0.044671 -9999.0 -9999.0 -9999.0 -9999.0 -9999.0 -9999.0 -9999.0 -9999.0 -9999.0 -9999.0 -9999.0 -9999.0 -9999.0 -9999.0 -9999.0 -9999.0 -9999.0 -9999.0 -9999.0 -9999.0
-9999.0 -9999.0 -9999.0 -9999.0 -9999.0 -9999.0 -9999.0 -9999.0 -9999.0 -9999.0 -9999.0 0.213537 0.080964 0.057810 0.075998 0.119457 0.070551 0.074291 0.159460 0.106138 0.143368 0.149976 0.306063 0.040207 0.040361 0.300115 0.313809 0.298960 0.136795 0.089246 0.323034 0.317137 0.368769 0.385654 0.344552 0.319025 0.258827 0.145335 0.153880 0.053099 0.069319 0.074101 0.341620 0.091197 -9999.0 -9999.0 -9999.0 0.316702 0.377210 0.107119 0.400011 0.062636 0.068236 0.042473 0.041319 0.082758 -9999.0 -9999.0 -9999.0 -9999.0 -9999.0 -9999.0 -9999.0
-9999.0 -9999.0 -9999.0 -9999.0 -9999.0 -9999.0 -9999.0 -9999.0 -9999.0 -9999.0 -9999.0 0.224565 0.199970 0.179530 0.197581 0.113584 0.090987 0.080427 0.081068 0.103070 0.155617 0.270373 0.041126 0.324927 0.294162 0.097111 0.040729 0.040037 0.103765 0.351290 0.101789 0.040268 0.311753 0.381640 0.104897 0.286467 0.040405 0.040777 0.121443 0.062300 0.236050 0.141737 0.310020 0.328481 0.393277 -9999.0 0.047973 0.400373 0.359192 0.319807 0.148332 0.117622 0.148235 0.350339 0.167311 0.385344 -9999.0 -9999.0 -9999.0 -9999.0 -9999.0 -9999.0 -9999.0
-9999.0 -9999.0 -9999.0 -9999.0 -9999.0 -9999.0 -9999.0 -9999.0 -9999.0 -9999.0 -9999.0 -9999.0 0.223903 0.349425 0.179424 0.176912 0.138489 0.083718 0.159046 0.107995 0.108249 0.168219 0.064659 0.041021 0.040129 0.040580 0.430000 0.139912 0.343777 0.096526 0.319992 0.040539 0.142149 0.369236 0.379158 0.315997 0.040831 0.040268 0.214996 0.071880 0.151207 0.076479 0.043048 0.306757 0.091626 0.388950 0.061893 0.388376 0.040136 0.042234 0.065167 0.040194 0.040032 0.040097 0.040120 0.383954 0.379927 -9999.0 -9999.0 -9999.0 -9999.0 -9999.0 -9999.0
-9999.0 -9999.0 -9999.0 -9999.0 -9999.0 -9999.0 -9999.0 -9999.0 -9999.0 -9999.0 -9999.0 0.044661 0.253910 0.105455 0.380035 0.212122 0.123140 0.107290 0.123102 0.119476 0.096369 0.183451 0.429845 0.040641 0.040768 0.040658 0.040756 0.339182 0.344458 0.100162 0.040605 0.040344 0.269757 0.359543 0.356034 0.339074 0.266505 0.045288 0.187527 0.114649 0.045010 0.160430 0.077700 0.026549 0.227507 0.341977 0.332583 0.088211 0.090584 0.028118 0.020097 0.334263 0.040049 0.020043 0.020035 0.020034 0.109709 -9999.0 -9999.0 -9999.0 -9999.0 -9999.0 -9999.0
-9999.0 -9999.0 -9999.0 -9999.0 -9999.0 -9999.0 -9999.0 -9999.0 -9999.0 -9999.0 0.430000 0.057127 0.258860 0.245138 0.210922 0.429974 0.429955 0.206189 0.098425 0.123954 0.138836 0.218120 0.040835 0.262481 0.096585 0.040173 0.040268 0.020060 0.135169 0.228989 0.042387 0.040112 0.264178 0.359783 0.073023 0.095091 0.250168 0.041630 0.043491 0.372472 0.284520 0.023664 0.168183 0.248445 0.079461 0.099172 0.286299 0.047363 0.040870 0.135356 0.020054 0.089007 0.020031 0.020208 0.020556 0.359744 0.361951 -9999.0 -9999.0 -9999.0 -9999.0 -9999.0 -9999.0
-9999.0 -9999.0 -9999.0 -9999.0 -9999.0 -9999.0 -9999.0 -9999.0 -9999.0 0.291466 0.303004 0.063644 0.084542 0.044682 0.049633 0.064479 0.073702 0.193107 0.081853 0.114329 0.128571 0.117289 0.133364 0.153679 0.342519 0.040108 0.040105 0.267791 0.060091 0.136165 0.392128 0.020126 0.112804 0.075261 0.079176 0.095737 0.270303 0.040531 0.041080 0.051096 0.040296 0.040932 0.041162 0.148314 0.160409 0.071323 0.201289 0.041905 0.042092 0.383942 0.020282 0.105757 0.020130 0.020714 0.069868 0.040041 0.040082 0.128576 0.095651 -9999.0 -9999.0 -9999.0 -9999.0
-9999.0 -9999.0 -9999.0 -9999.0 -9999.0 -9999.0 -9999.0 -9999.0 -9999.0 0.144283 0.291294 0.215542 0.430000 0.270588 0.068459 0.043709 0.253556 0.183704 0.079058 0.103495 0.112989 0.080636 0.184351 0.283008 0.040230 0.040403 0.046131 0.123481 0.345866 0.277583 0.236420 0.040053 0.327959 0.371715 0.358009 0.091398 0.095084 0.102344 0.288788 0.252859 0.040843 0.040292 0.052442 0.281526 0.165393 0.183785 0.158492 0.184148 0.254884 0.269716 0.020060 0.040015 0.020241 0.040155 0.171009 0.040023 0.040093 0.040257 0.122457 -9999.0 -9999.0 -9999.0 -9999.0
-9999.0 -9999.0 -9999.0 -9999.0 -9999.0 -9999.0 -9999.0 -9999.0 -9999.0 -9999.0 0.322334 0.253947 0.078928 0.040487 0.279634 0.074441 0.230485 0.127172 0.076641 0.100444 0.118497 0.076675 0.126115 0.042141 0.040718 0.081020 0.391142 0.274757 0.244038 0.040088 0.040059 0.040042 0.040039 0.363853 0.334451 0.273895 0.274097 0.286794 0.105468 0.324786 0.325423 0.305548 0.430000 0.076095 0.164959 0.252967 0.099420 0.183091 0.067204 0.200732 0.020106 0.020150 0.021614 0.020192 0.040140 0.422209 0.406609 0.040180 0.060452 0.097973 -9999.0 -9999.0 -9999.0
-9999.0 -9999.0 -9999.0 -9999.0 -9999.0 -9999.0 -9999.0 -9999.0 -9999.0 -9999.0 0.356726 0.296265 0.287420 0.149263 0.291921 0.188206 0.196474 0.117104 0.089303 0.084462 0.089242 0.096001 0.090474 0.064288 0.083380 0.351247 0.255143 0.170684 0.040144 0.040049 0.320316 0.352669 0.020079 0.360569 0.312936 0.305161 0.040209 0.051252 0.040224 0.343884 0.322070 0.160422 0.045081 0.231285 0.283225 0.021129 0.148564 0.174934 0.087969 0.105408 0.425676 0.040225 0.040028 0.104298 0.020123 0.020209 0.375902 0.041677 0.430000 0.344714 -9999.0 -9999.0 -9999.0
-9999.0 -9999.0 -9999.0 -9999.0 -9999.0 -9999.0 -9999.0 -9999.0 0.333255 0.329745 0.156049 0.340394 0.040702 0.052005 0.055212 0.208843 0.069211 0.080425 0.082664 0.082237 0.081852 0.075618 0.078090 0.088399 0.200307 0.252950 0.273500 0.040446 0.040390 0.040054 0.087257 0.324550 0.322071 0.355326 0.332942 0.285828 0.175373 0.057838 0.040035 0.091483 0.093227 0.307884 0.020101 0.101455 0.083550 0.430000 0.040040 0.049451 0.241852 0.239622 0.333889 0.020412 0.040064 0.040012 0.020288 0.168815 0.123679 0.289592 0.226066 0.125677 -9999.0 -9999.0 -9999.0
-9999.0 -9999.0 -9999.0 -9999.0 -9999.0 -9999.0 -9999.0 -9999.0 0.020072 0.040166 0.040083 0.349188 0.296106 0.040089 0.040343 0.242914 0.106148 0.091161 0.062819 0.081929 0.154747 0.090534 0.084353 0.079253 0.079223 0.135550 0.288792 0.056881 0.020084 0.349743 0.377692 0.078334 0.309579 0.080495 0.329323 0.298832 0.175113 0.418261 0.054464 0.262812 0.318926 0.179559 0.085520 0.245754 0.430000 0.041867 0.020076 0.277268 0.060860 0.287045 0.317148 0.066933 0.040018 0.407704 0.151308 0.020088 0.041184 0.146462 0.145216 0.128423 0.085175 -9999.0 -9999.0
-9999.0 -9999.0 -9999.0 -9999.0 -9999.0 -9999.0 -9999.0 -9999.0 0.312610 0.430000 0.405286 0.040041 0.369993 0.020116 0.042002 0.040471 0.172167 0.083732 0.074070 0.153474 0.081687 0.089393 0.083916 0.082017 0.091837 0.092156 0.273933 0.040158 0.020064 0.322132 0.076379 0.328028 0.040212 0.020354 0.311319 0.195356 0.304159 0.294949 0.067144 0.046909 0.276114 0.074836 0.309905 0.430000 0.040520 0.316184 0.077865 0.340532 0.040175 0.165925 0.221500 0.367191 0.040017 0.040018 0.055576 0.165936 0.403355 0.231062 0.080949 0.135241 0.115945 -9999.0 -9999.0
-9999.0 -9999.0 -9999.0 -9999.0 -9999.0 -9999.0 -9999.0 -9999.0 0.079133 0.280907 0.047292 0.020065 0.335255 0.040412 0.020700 0.305963 0.068527 0.075446 0.119599 0.083932 0.082892 0.083690 0.091433 0.090142 0.101001 0.164935 0.064030 0.040056 0.284131 0.040568 0.042235 0.054905 0.122226 0.227361 0.025255 0.162584 0.128553 0.086537 0.229320 0.088757 0.219693 0.216373 0.226858 0.081804 0.322101 0.085820 0.131368 0.095499 0.296200 0.041111 0.229057 0.182443 0.331018 0.059167 0.408152 0.365651 0.176064 0.149671 0.125149 0.119694 0.116631 0.150064 -9999.0
-9999.0 -9999.0 -9999.0 -9999.0 -9999.0 -9999.0 -9999.0 -9999.0 0.087235 0.356940 0.040070 0.040090 0.040698 0.042641 0.347750 0.193758 0.202924 0.105541 0.142311 0.089380 0.087831 0.087759 0.084387 0.084050 0.081751 0.173329 0.040216 0.082632 0.290442 0.429980 0.042356 0.362611 0.207337 0.305203 0.217784 0.082661 0.064455 0.077651 0.070195 0.207532 0.178542 0.033857 0.240006 0.068682 0.041548 0.215967 0.058665 0.058306 0.055639 0.364052 0.156477 0.132692 0.171473 0.216815 0.305945 0.280001 0.201368 0.152937 0.136099 0.080228 0.092681 0.157364 -9999.0
-9999.0 -9999.0 0.136439 0.315819 0.040026 0.040310 0.040065 0.040078 0.382137 0.367660 0.040568 0.040217 0.045250 0.430000 0.232465 0.425811 0.128678 0.040160 0.047568 0.250235 0.089671 0.091167 0.112405 0.082607 0.089334 0.100044 0.197016 0.204672 0.127973 0.227185 0.146441 0.155095 0.160019 0.096558 0.085421 0.081487 0.080769 0.073790 0.064696 0.074259 0.061705 0.062491 0.079781 0.146877 0.227988 0.178502 0.248416 0.227928 0.077177 0.099114 0.084239 0.129608 0.185870 0.221929 0.251077 0.223281 0.204549 0.160991 0.118773 0.111128 0.164412 0.169036 -9999.0
-9999.0 0.044628 0.041186 0.041103 0.040377 0.040205 0.040105 0.040072 0.040031 0.369997 0.040102 0.040390 0.264277 0.309243 0.412156 0.041058 0.040679 0.040201 0.040492 0.203707 0.093344 0.082749 0.148044 0.126246 0.084942 0.085241 0.092010 0.096582 0.081994 0.129643 0.083340 0.083381 0.082631 0.094276 0.080208 0.082484 0.075272 0.070772 0.081946 0.082267 0.079899 0.080186 0.073163 0.078879 0.082834 0.080627 0.123450 0.076181 0.080296 0.114584 0.129955 0.164448 0.204314 0.251102 0.255149 0.357151 0.313676 0.289697 0.347449 0.273465 0.246236 0.171980 -9999.0
-9999.0 0.293826 0.091498 0.071048 0.302698 0.055669 0.040035 0.040044 0.378585 0.161886 0.040104 0.040156 0.295984 0.339553 0.045552 0.040034 0.040084 0.040146 0.040511 0.115867 0.292748 0.179971 0.148764 0.174644 0.182690 0.158614 0.080061 0.084386 0.096946 0.073778 0.072432 0.073100 0.086554 0.090888 0.091484 0.084164 0.142817 0.138832 0.080582 0.080669 0.080957 0.086226 0.078426 0.080697 0.077459 0.071004 0.090591 0.093213 0.097772 0.110929 0.132426 0.172537 0.260212 0.367918 0.430000 0.078648 0.040480 0.052622 0.070910 0.046053 0.089524 -9999.0 -9999.0
-9999.0 0.121153 0.047042 0.043505 0.323193 0.295066 0.307861 0.040080 0.040186 0.040110 0.040628 0.100621 0.294265 0.403673 0.040096 0.040022 0.040051 0.040028 0.040060 0.040461 0.045979 0.083356 0.153429 0.198369 0.191445 0.127553 0.115477 0.109075 0.083818 0.093967 0.081591 0.081194 0.090600 0.088170 0.085061 0.082969 0.082423 0.136592 0.082012 0.081867 0.082029 0.141769 0.083203 0.080677 0.080762 0.087642 0.090459 0.099393 0.121211 0.117829 0.178873 0.258875 0.097354 0.430000 0.043133 0.040143 0.040134 0.040079 0.040095 -9999.0 -9999.0 -9999.0 -9999.0
