user2019/resources/simulation/Vinschgau/output-maps/thetaliqL0008N1100.asc
ncols         63
nrows         48
xllcorner     598000.000000
yllcorner     5145000.000000
cellsize      1000.000000
NODATA_value  -9999.0
[rows 0 to 28 of 48, columns 0 to 62 of 63]
-9999.0 -9999.0 -9999.0 -9999.0 -9999.0 -9999.0 -9999.0 -9999.0 -9999.0 -9999.0 -9999.0 -9999.0 -9999.0 -9999.0 -9999.0 -9999.0 -9999.0 -9999.0 -9999.0 -9999.0 -9999.0 -9999.0 -9999.0 -9999.0 -9999.0 -9999.0 -9999.0 -9999.0 -9999.0 -9999.0 -9999.0 -9999.0 -9999.0 -9999.0 -9999.0 -9999.0 -9999.0 -9999.0 -9999.0 -9999.0 -9999.0 -9999.0 -9999.0 -9999.0 -9999.0 -9999.0 -9999.0 -9999.0 -9999.0 -9999.0 -9999.0 -9999.0 -9999.0 -9999.0 -9999.0 -9999.0 -9999.0 -9999.0 -9999.0 -9999.0 -9999.0 -9999.0 -9999.0
-9999.0 -9999.0 -9999.0 -9999.0 -9999.0 -9999.0 -9999.0 -9999.0 -9999.0 -9999.0 -9999.0 -9999.0 -9999.0 -9999.0 -9999.0 -9999.0 -9999.0 -9999.0 -9999.0 -9999.0 -9999.0 -9999.0 -9999.0 -9999.0 -9999.0 -9999.0 -9999.0 0.020659 0.020311 0.020238 0.020080 0.020101 0.020084 -9999.0 -9999.0 -9999.0 -9999.0 -9999.0 -9999.0 -9999.0 -9999.0 -9999.0 -9999.0 -9999.0 -9999.0 -9999.0 -9999.0 -9999.0 -9999.0 -9999.0 -9999.0 -9999.0 -9999.0 -9999.0 -9999.0 -9999.0 -9999.0 -9999.0 -9999.0 -9999.0 -9999.0 -9999.0 -9999.0
-9999.0 -9999.0 -9999.0 -9999.0 -9999.0 -9999.0 -9999.0 -9999.0 -9999.0 -9999.0 -9999.0 -9999.0 -9999.0 -9999.0 -9999.0 -9999.0 -9999.0 -9999.0 -9999.0 -9999.0 -9999.0 -9999.0 -9999.0 -9999.0 0.020865 0.021154 0.020869 0.021222 0.020441 0.020291 0.020215 -9999.0 -9999.0 -9999.0 -9999.0 -9999.0 -9999.0 -9999.0 -9999.0 -9999.0 -9999.0 -9999.0 -9999.0 -9999.0 -9999.0 -9999.0 -9999.0 -9999.0 -9999.0 -9999.0 -9999.0 -9999.0 -9999.0 -9999.0 -9999.0 -9999.0 -9999.0 -9999.0 -9999.0 -9999.0 -9999.0 -9999.0 -9999.0
-9999.0 -9999.0 -9999.0 -9999.0 -9999.0 -9999.0 -9999.0 -9999.0 -9999.0 -9999.0 -9999.0 -9999.0 -9999.0 -9999.0 -9999.0 -9999.0 -9999.0 -9999.0 -9999.0 -9999.0 -9999.0 -9999.0 -9999.0 0.021561 0.021756 0.104535 0.085494 0.077146 0.078344 0.021364 0.020278 0.020093 -9999.0 -9999.0 -9999.0 -9999.0 -9999.0 -9999.0 -9999.0 -9999.0 -9999.0 -9999.0 -9999.0 -9999.0 -9999.0 -9999.0 -9999.0 -9999.0 -9999.0 -9999.0 -9999.0 -9999.0 -9999.0 -9999.0 -9999.0 -9999.0 -9999.0 -9999.0 -9999.0 -9999.0 -9999.0 -9999.0 -9999.0
-9999.0 -9999.0 -9999.0 -9999.0 -9999.0 -9999.0 -9999.0 -9999.0 -9999.0 -9999.0 -9999.0 -9999.0 -9999.0 -9999.0 -9999.0 -9999.0 -9999.0 -9999.0 0.180232 0.022533 -9999.0 0.021761 0.022165 0.077910 0.085830 0.076831 0.139785 0.156847 0.167655 0.085865 0.020700 0.020281 0.020137 0.020107 -9999.0 -9999.0 -9999.0 -9999.0 -9999.0 -9999.0 -9999.0 -9999.0 -9999.0 -9999.0 -9999.0 -9999.0 -9999.0 -9999.0 -9999.0 -9999.0 -9999.0 -9999.0 -9999.0 -9999.0 -9999.0 -9999.0 -9999.0 -9999.0 -9999.0 -9999.0 -9999.0 -9999.0 -9999.0
-9999.0 -9999.0 -9999.0 -9999.0 -9999.0 -9999.0 -9999.0 -9999.0 -9999.0 -9999.0 -9999.0 -9999.0 -9999.0 -9999.0 -9999.0 -9999.0 -9999.0 0.273719 0.020146 0.077104 0.063104 0.136281 0.086045 0.078975 0.140114 0.021215 0.020484 0.086427 0.021309 0.153869 0.022208 0.020786 0.020164 0.020564 0.020116 0.020092 -9999.0 -9999.0 -9999.0 -9999.0 -9999.0 -9999.0 -9999.0 -9999.0 -9999.0 -9999.0 -9999.0 -9999.0 -9999.0 -9999.0 -9999.0 -9999.0 -9999.0 -9999.0 -9999.0 -9999.0 -9999.0 -9999.0 -9999.0 -9999.0 -9999.0 -9999.0 -9999.0
-9999.0 -9999.0 -9999.0 -9999.0 -9999.0 -9999.0 -9999.0 -9999.0 -9999.0 -9999.0 -9999.0 -9999.0 -9999.0 0.023918 0.086363 0.053490 0.031794 0.086233 0.280897 0.077875 0.086116 0.085747 0.077639 0.088767 0.022103 0.022509 0.020243 0.020146 0.020610 0.086294 0.020157 0.020920 0.020190 0.020090 0.020066 0.020087 -9999.0 -9999.0 -9999.0 -9999.0 -9999.0 -9999.0 -9999.0 -9999.0 -9999.0 -9999.0 -9999.0 -9999.0 -9999.0 -9999.0 -9999.0 -9999.0 -9999.0 -9999.0 -9999.0 -9999.0 -9999.0 -9999.0 -9999.0 -9999.0 -9999.0 -9999.0 -9999.0
-9999.0 -9999.0 -9999.0 -9999.0 -9999.0 -9999.0 -9999.0 -9999.0 -9999.0 -9999.0 -9999.0 -9999.0 -9999.0 0.105108 0.086310 0.046461 0.037129 0.179407 0.086218 0.085365 0.020145 0.086252 0.020547 0.021259 0.086296 0.048587 0.021132 0.020430 0.020237 0.020100 0.020063 0.020430 0.020155 0.020025 0.020091 -9999.0 -9999.0 -9999.0 -9999.0 -9999.0 -9999.0 -9999.0 -9999.0 -9999.0 -9999.0 -9999.0 -9999.0 -9999.0 -9999.0 -9999.0 -9999.0 -9999.0 -9999.0 -9999.0 -9999.0 -9999.0 -9999.0 -9999.0 -9999.0 -9999.0 -9999.0 -9999.0 -9999.0
-9999.0 -9999.0 -9999.0 -9999.0 -9999.0 -9999.0 -9999.0 -9999.0 -9999.0 -9999.0 -9999.0 -9999.0 -9999.0 0.086200 0.200000 0.108488 0.045706 0.042024 0.086205 0.218184 0.116635 0.078986 0.021144 0.021366 0.086416 0.086554 0.028191 0.020178 0.020146 0.020028 0.020203 0.020023 0.020022 0.020016 0.020078 -9999.0 -9999.0 -9999.0 -9999.0 -9999.0 -9999.0 -9999.0 -9999.0 -9999.0 -9999.0 -9999.0 -9999.0 -9999.0 -9999.0 -9999.0 -9999.0 -9999.0 -9999.0 -9999.0 -9999.0 -9999.0 -9999.0 -9999.0 -9999.0 -9999.0 -9999.0 -9999.0 -9999.0
-9999.0 -9999.0 -9999.0 -9999.0 -9999.0 -9999.0 -9999.0 -9999.0 -9999.0 -9999.0 -9999.0 -9999.0 0.079127 0.200000 0.086343 0.086555 0.066796 0.052316 0.166155 0.076782 0.086100 0.086201 0.020582 0.050156 0.020140 0.021075 0.020067 0.020242 0.020132 0.020095 0.020024 0.020129 0.020062 0.020084 -9999.0 -9999.0 -9999.0 -9999.0 -9999.0 -9999.0 -9999.0 -9999.0 -9999.0 -9999.0 -9999.0 -9999.0 -9999.0 -9999.0 -9999.0 -9999.0 -9999.0 -9999.0 -9999.0 -9999.0 -9999.0 -9999.0 -9999.0 -9999.0 -9999.0 -9999.0 -9999.0 -9999.0 -9999.0
-9999.0 -9999.0 -9999.0 -9999.0 -9999.0 -9999.0 -9999.0 -9999.0 -9999.0 -9999.0 -9999.0 0.023151 0.087543 0.200000 0.086428 0.108365 0.079013 0.049855 0.430000 0.076894 0.020119 0.166079 0.021998 0.021166 0.020133 0.020207 0.020181 0.020221 0.020152 0.020092 0.020126 0.020141 0.020069 0.020110 0.020100 0.020150 0.020191 0.020214 0.020100 -9999.0 -9999.0 -9999.0 0.020102 -9999.0 -9999.0 -9999.0 -9999.0 -9999.0 -9999.0 -9999.0 -9999.0 -9999.0 -9999.0 -9999.0 -9999.0 -9999.0 -9999.0 -9999.0 -9999.0 -9999.0 -9999.0 -9999.0 -9999.0
-9999.0 -9999.0 -9999.0 -9999.0 -9999.0 -9999.0 -9999.0 -9999.0 -9999.0 -9999.0 -9999.0 0.022927 0.086884 0.079878 0.086395 0.059285 0.086256 0.020122 0.429745 0.430000 0.124001 0.087520 0.021826 0.020106 0.020049 0.020301 0.020325 0.020239 0.020136 0.020108 0.020214 0.020380 0.020138 0.020058 0.020104 0.020346 0.020359 0.020879 0.020680 0.020114 0.020120 0.020105 0.020105 0.020152 -9999.0 -9999.0 -9999.0 0.040035 0.020055 0.020059 0.020057 0.020069 0.020067 0.040027 0.040017 0.020064 -9999.0 -9999.0 -9999.0 -9999.0 -9999.0 -9999.0 -9999.0
-9999.0 -9999.0 -9999.0 -9999.0 -9999.0 -9999.0 -9999.0 -9999.0 -9999.0 -9999.0 -9999.0 0.022428 0.023443 0.030643 0.169280 0.086799 0.088081 0.020250 0.119407 0.429624 0.428915 0.080904 0.020101 0.021129 0.020413 0.020821 0.020072 0.020056 0.020439 0.020107 0.020230 0.020047 0.020250 0.020093 0.020110 0.020216 0.020065 0.020078 0.024747 0.020260 0.020143 0.020170 0.020183 0.020270 0.020068 -9999.0 0.020077 0.020059 0.020094 0.020201 0.020298 0.020322 0.020459 0.020211 0.020068 0.020062 -9999.0 -9999.0 -9999.0 -9999.0 -9999.0 -9999.0 -9999.0
-9999.0 -9999.0 -9999.0 -9999.0 -9999.0 -9999.0 -9999.0 -9999.0 -9999.0 -9999.0 -9999.0 -9999.0 0.022397 0.101085 0.054906 0.082906 0.021240 0.020278 0.199353 0.429909 0.020657 0.080387 0.020138 0.020062 0.020091 0.020094 0.022120 0.020579 0.020174 0.020158 0.020359 0.020051 0.020284 0.020072 0.020061 0.020210 0.020051 0.020084 0.085956 0.021714 0.020429 0.027287 0.020063 0.020989 0.020209 0.020069 0.020094 0.020070 0.020038 0.020060 0.156246 0.020053 0.040021 0.020043 0.020036 0.020075 0.020073 -9999.0 -9999.0 -9999.0 -9999.0 -9999.0 -9999.0
-9999.0 -9999.0 -9999.0 -9999.0 -9999.0 -9999.0 -9999.0 -9999.0 -9999.0 -9999.0 -9999.0 0.020088 0.022069 0.026221 0.020558 0.087272 0.088229 0.020883 0.130695 0.409631 0.020543 0.021380 0.087566 0.020128 0.020095 0.020090 0.020063 0.020255 0.020215 0.021090 0.020071 0.020071 0.021030 0.020075 0.020090 0.020093 0.020425 0.020081 0.251920 0.048505 0.020348 0.074688 0.020210 0.020290 0.021879 0.020308 0.020120 0.021276 0.027148 0.038171 0.020058 0.020287 0.020036 0.020032 0.020027 0.020023 0.020119 -9999.0 -9999.0 -9999.0 -9999.0 -9999.0 -9999.0
-9999.0 -9999.0 -9999.0 -9999.0 -9999.0 -9999.0 -9999.0 -9999.0 -9999.0 -9999.0 0.022016 0.020313 0.022105 0.022420 0.044598 0.061008 0.042698 0.021506 0.052451 0.414364 0.430000 0.430000 0.020118 0.023154 0.087145 0.020108 0.020105 0.020040 0.020924 0.021535 0.020096 0.020091 0.020736 0.020135 0.020086 0.020229 0.020416 0.020056 0.020118 0.085031 0.078958 0.079416 0.086038 0.430000 0.075393 0.021373 0.020630 0.020066 0.020100 0.087347 0.020037 0.020088 0.020025 0.020021 0.020022 0.020178 0.020108 -9999.0 -9999.0 -9999.0 -9999.0 -9999.0 -9999.0
-9999.0 -9999.0 -9999.0 -9999.0 -9999.0 -9999.0 -9999.0 -9999.0 -9999.0 0.020325 0.021224 0.020084 0.020234 0.020440 0.020270 0.020529 0.073134 0.118072 0.020214 0.396894 0.430000 0.020558 0.020118 0.086375 0.155686 0.020118 0.020082 0.022239 0.020314 0.070590 0.087749 0.020102 0.020349 0.020024 0.020121 0.020212 0.020320 0.020049 0.020087 0.020119 0.020151 0.020302 0.020125 0.020746 0.020119 0.039926 0.032950 0.020347 0.020351 0.170079 0.020094 0.020112 0.020019 0.020047 0.020062 0.020038 0.020045 0.020166 0.020075 -9999.0 -9999.0 -9999.0 -9999.0
-9999.0 -9999.0 -9999.0 -9999.0 -9999.0 -9999.0 -9999.0 -9999.0 -9999.0 0.020293 0.020680 0.022065 0.166291 0.086903 0.052509 0.020418 0.059215 0.087225 0.020166 0.428865 0.429955 0.087140 0.170231 0.112396 0.020125 0.020104 0.020450 0.087033 0.087104 0.170482 0.036509 0.020080 0.020213 0.020118 0.020081 0.020232 0.020583 0.022313 0.020563 0.021067 0.020057 0.020110 0.020747 0.086884 0.429150 0.129234 0.086415 0.079114 0.078333 0.087315 0.020054 0.020032 0.020046 0.020045 0.020049 0.020030 0.020049 0.020061 0.020680 -9999.0 -9999.0 -9999.0 -9999.0
-9999.0 -9999.0 -9999.0 -9999.0 -9999.0 -9999.0 -9999.0 -9999.0 -9999.0 -9999.0 0.020376 0.020846 0.025708 0.381893 0.080010 0.073384 0.087175 0.086862 0.020142 0.419818 0.430000 0.020118 0.022481 0.020119 0.020172 0.086263 0.086953 0.089226 0.035914 0.020106 0.020085 0.020059 0.020051 0.020109 0.020184 0.021037 0.021920 0.021221 0.020611 0.020258 0.020364 0.021638 0.065223 0.049103 0.020128 0.022418 0.020124 0.175546 0.078371 0.080072 0.020088 0.020047 0.020059 0.020044 0.020047 0.020060 0.020144 0.020111 0.020138 0.086851 -9999.0 -9999.0 -9999.0
-9999.0 -9999.0 -9999.0 -9999.0 -9999.0 -9999.0 -9999.0 -9999.0 -9999.0 -9999.0 0.020097 0.020349 0.021858 0.065006 0.430000 0.020871 0.021181 0.058701 0.048951 0.323337 0.044314 0.020357 0.021398 0.023643 0.086075 0.087135 0.195733 0.022218 0.020138 0.020057 0.020527 0.020421 0.020041 0.020124 0.020538 0.021463 0.020115 0.020090 0.020071 0.020208 0.020176 0.021445 0.020063 0.021662 0.030326 0.020122 0.088622 0.020125 0.020121 0.079571 0.076058 0.020110 0.020044 0.020055 0.020038 0.020047 0.020073 0.020110 0.028838 0.200000 -9999.0 -9999.0 -9999.0
-9999.0 -9999.0 -9999.0 -9999.0 -9999.0 -9999.0 -9999.0 -9999.0 0.020264 0.020365 0.020168 0.020305 0.020062 0.020232 0.020524 0.430000 0.020225 0.087314 0.412287 0.283595 0.032926 0.020129 0.020152 0.020293 0.086297 0.087017 0.198512 0.020250 0.020096 0.020059 0.020026 0.020284 0.020344 0.020141 0.020120 0.021027 0.023601 0.020368 0.020063 0.020251 0.021139 0.020955 0.020059 0.020397 0.030720 0.022408 0.020068 0.020400 0.020123 0.430000 0.086112 0.020118 0.020043 0.020029 0.020052 0.020073 0.020204 0.022485 0.080445 0.021972 -9999.0 -9999.0 -9999.0
-9999.0 -9999.0 -9999.0 -9999.0 -9999.0 -9999.0 -9999.0 -9999.0 0.020054 0.020053 0.020074 0.020203 0.020820 0.020081 0.020209 0.022317 0.020640 0.020355 0.020120 0.280053 0.429496 0.421692 0.134988 0.087162 0.020162 0.067388 0.088760 0.020408 0.020044 0.020202 0.020102 0.020454 0.020150 0.020685 0.020424 0.021536 0.025644 0.041971 0.020129 0.020888 0.020260 0.020033 0.020833 0.021177 0.021833 0.020081 0.020048 0.020996 0.020561 0.022056 0.087041 0.032482 0.020040 0.020089 0.020658 0.020080 0.020116 0.075517 0.079417 0.430000 0.321801 -9999.0 -9999.0
-9999.0 -9999.0 -9999.0 -9999.0 -9999.0 -9999.0 -9999.0 -9999.0 0.020349 0.021000 0.020183 0.020052 0.020228 0.020065 0.020188 0.020118 0.020716 0.086045 0.020122 0.428780 0.277884 0.413934 0.118617 0.094868 0.139062 0.020431 0.022787 0.020144 0.020033 0.020414 0.021023 0.020892 0.020102 0.020090 0.021601 0.023247 0.042198 0.020319 0.020127 0.020066 0.020418 0.021419 0.020903 0.020875 0.020068 0.020674 0.020231 0.020468 0.020105 0.020131 0.430000 0.086190 0.020058 0.020042 0.020119 0.020267 0.093793 0.093221 0.086118 0.430000 0.429036 -9999.0 -9999.0
-9999.0 -9999.0 -9999.0 -9999.0 -9999.0 -9999.0 -9999.0 -9999.0 0.020098 0.020653 0.057019 0.020039 0.020849 0.020098 0.020119 0.022136 0.020120 0.020147 0.427404 0.230976 0.303497 0.334422 0.417122 0.391971 0.052616 0.021069 0.022624 0.020083 0.022166 0.020069 0.020099 0.020181 0.057656 0.020331 0.020655 0.023586 0.087336 0.020369 0.020152 0.059565 0.022139 0.021660 0.021336 0.031359 0.020949 0.021378 0.020924 0.022058 0.021082 0.020237 0.023004 0.022011 0.086239 0.020135 0.091346 0.109158 0.086629 0.429739 0.420493 0.429584 0.165988 0.073529 -9999.0
-9999.0 -9999.0 -9999.0 -9999.0 -9999.0 -9999.0 -9999.0 -9999.0 0.020063 0.020271 0.020076 0.020108 0.020118 0.020358 0.124357 0.183090 0.430000 0.020595 0.021190 0.020340 0.044486 0.375667 0.331899 0.308018 0.086999 0.020874 0.020169 0.086151 0.086954 0.037528 0.020118 0.088248 0.080485 0.090933 0.081489 0.081348 0.080920 0.020167 0.020118 0.094085 0.081655 0.077954 0.065512 0.073658 0.020247 0.022400 0.020488 0.020144 0.021059 0.079902 0.079099 0.020825 0.021778 0.086738 0.137568 0.430000 0.430000 0.430000 0.430000 0.086150 0.020497 0.075986 -9999.0
-9999.0 -9999.0 0.020552 0.020640 0.020047 0.020096 0.020053 0.020039 0.020149 0.020242 0.020058 0.366189 0.020448 0.082189 0.139244 0.430000 0.020124 0.020145 0.020537 0.022002 0.020315 0.050989 0.429844 0.176742 0.339175 0.020379 0.020874 0.021099 0.020805 0.127732 0.021993 0.021833 0.200000 0.020572 0.087982 0.020241 0.087101 0.020131 0.020118 0.020118 0.080157 0.079946 0.020118 0.086221 0.020121 0.080453 0.089467 0.076447 0.078885 0.086400 0.086259 0.429355 0.430000 0.430000 0.430000 0.430000 0.430000 0.197843 0.086391 0.020858 0.200000 0.084011 -9999.0
-9999.0 0.020096 0.020059 0.020057 0.020096 0.020062 0.020087 0.020068 0.020046 0.020138 0.020111 0.020228 0.429874 0.429504 0.430000 0.020118 0.020104 0.020116 0.020103 0.021941 0.020337 0.020300 0.430000 0.422890 0.105389 0.092849 0.109963 0.122688 0.086392 0.161334 0.085998 0.086303 0.090877 0.200000 0.086818 0.144522 0.086574 0.020126 0.179679 0.159175 0.086583 0.087308 0.086050 0.020178 0.020226 0.020179 0.426721 0.020142 0.086303 0.413151 0.429861 0.430000 0.430000 0.430000 0.430000 0.200000 0.097099 0.092247 0.200000 0.200000 0.100502 0.089215 -9999.0
-9999.0 0.022425 0.020290 0.020330 0.428103 0.020239 0.020063 0.020055 0.020147 0.020123 0.020080 0.020142 0.022448 0.430000 0.020118 0.020053 0.020073 0.020096 0.020322 0.020720 0.200000 0.079213 0.427637 0.430000 0.430000 0.429205 0.024140 0.323588 0.418204 0.020125 0.020119 0.020120 0.189183 0.424676 0.427998 0.397809 0.427095 0.420690 0.182623 0.137141 0.168700 0.404665 0.087531 0.031084 0.022548 0.020118 0.403284 0.414763 0.420433 0.427310 0.186207 0.077867 0.089468 0.106228 0.027220 0.087136 0.020488 0.086477 0.023169 0.087075 0.094847 -9999.0 -9999.0
-9999.0 0.022098 0.020138 0.020488 0.027074 0.427427 0.428149 0.020101 0.020109 0.020100 0.020100 0.022480 0.092146 0.429742 0.020112 0.020043 0.020057 0.020089 0.020104 0.020549 0.021765 0.022687 0.062048 0.430000 0.430000 0.429902 0.429283 0.428369 0.319401 0.414892 0.266688 0.252715 0.417331 0.415854 0.403236 0.382667 0.378744 0.422119 0.369159 0.368187 0.371743 0.426587 0.390266 0.256090 0.251217 0.408722 0.412717 0.422814 0.428167 0.065506 0.022095 0.179028 0.088241 0.170913 0.080253 0.020138 0.020134 0.020101 0.020110 -9999.0 -9999.0 -9999.0 -9999.0
