user2019/resources/simulation/Vinschgau/output-maps/thetaliqL0007N0744.asc
ncols         63
nrows         48
xllcorner     598000.000000
yllcorner     5145000.000000
cellsize      1000.000000
NODATA_value  -9999.0
[rows 0 to 28 of 48, columns 0 to 62 of 63]
-9999.0 -9999.0 -9999.0 -9999.0 -9999.0 -9999.0 -9999.0 -9999.0 -9999.0 -9999.0 -9999.0 -9999.0 -9999.0 -9999.0 -9999.0 -9999.0 -9999.0 -9999.0 -9999.0 -9999.0 -9999.0 -9999.0 -9999.0 -9999.0 -9999.0 -9999.0 -9999.0 -9999.0 -9999.0 -9999.0 -9999.0 -9999.0 -9999.0 -9999.0 -9999.0 -9999.0 -9999.0 -9999.0 -9999.0 -9999.0 -9999.0 -9999.0 -9999.0 -9999.0 -9999.0 -9999.0 -9999.0 -9999.0 -9999.0 -9999.0 -9999.0 -9999.0 -9999.0 -9999.0 -9999.0 -9999.0 -9999.0 -9999.0 -9999.0 -9999.0 -9999.0 -9999.0 -9999.0
-9999.0 -9999.0 -9999.0 -9999.0 -9999.0 -9999.0 -9999.0 -9999.0 -9999.0 -9999.0 -9999.0 -9999.0 -9999.0 -9999.0 -9999.0 -9999.0 -9999.0 -9999.0 -9999.0 -9999.0 -9999.0 -9999.0 -9999.0 -9999.0 -9999.0 -9999.0 -9999.0 0.020244 0.124638 0.020147 0.129874 0.024055 0.153615 -9999.0 -9999.0 -9999.0 -9999.0 -9999.0 -9999.0 -9999.0 -9999.0 -9999.0 -9999.0 -9999.0 -9999.0 -9999.0 -9999.0 -9999.0 -9999.0 -9999.0 -9999.0 -9999.0 -9999.0 -9999.0 -9999.0 -9999.0 -9999.0 -9999.0 -9999.0 -9999.0 -9999.0 -9999.0 -9999.0
-9999.0 -9999.0 -9999.0 -9999.0 -9999.0 -9999.0 -9999.0 -9999.0 -9999.0 -9999.0 -9999.0 -9999.0 -9999.0 -9999.0 -9999.0 -9999.0 -9999.0 -9999.0 -9999.0 -9999.0 -9999.0 -9999.0 -9999.0 -9999.0 0.194119 0.190625 0.197105 0.197491 0.199209 0.155752 0.116265 -9999.0 -9999.0 -9999.0 -9999.0 -9999.0 -9999.0 -9999.0 -9999.0 -9999.0 -9999.0 -9999.0 -9999.0 -9999.0 -9999.0 -9999.0 -9999.0 -9999.0 -9999.0 -9999.0 -9999.0 -9999.0 -9999.0 -9999.0 -9999.0 -9999.0 -9999.0 -9999.0 -9999.0 -9999.0 -9999.0 -9999.0 -9999.0
-9999.0 -9999.0 -9999.0 -9999.0 -9999.0 -9999.0 -9999.0 -9999.0 -9999.0 -9999.0 -9999.0 -9999.0 -9999.0 -9999.0 -9999.0 -9999.0 -9999.0 -9999.0 -9999.0 -9999.0 -9999.0 -9999.0 -9999.0 0.189194 0.199998 0.397522 0.058558 0.020724 0.020996 0.109296 0.119730 0.115299 -9999.0 -9999.0 -9999.0 -9999.0 -9999.0 -9999.0 -9999.0 -9999.0 -9999.0 -9999.0 -9999.0 -9999.0 -9999.0 -9999.0 -9999.0 -9999.0 -9999.0 -9999.0 -9999.0 -9999.0 -9999.0 -9999.0 -9999.0 -9999.0 -9999.0 -9999.0 -9999.0 -9999.0 -9999.0 -9999.0 -9999.0
-9999.0 -9999.0 -9999.0 -9999.0 -9999.0 -9999.0 -9999.0 -9999.0 -9999.0 -9999.0 -9999.0 -9999.0 -9999.0 -9999.0 -9999.0 -9999.0 -9999.0 -9999.0 0.430000 0.185886 -9999.0 0.195320 0.199962 0.020760 0.059762 0.020735 0.430000 0.430000 0.430000 0.058173 0.126634 0.130031 0.020086 0.020058 -9999.0 -9999.0 -9999.0 -9999.0 -9999.0 -9999.0 -9999.0 -9999.0 -9999.0 -9999.0 -9999.0 -9999.0 -9999.0 -9999.0 -9999.0 -9999.0 -9999.0 -9999.0 -9999.0 -9999.0 -9999.0 -9999.0 -9999.0 -9999.0 -9999.0 -9999.0 -9999.0 -9999.0 -9999.0
-9999.0 -9999.0 -9999.0 -9999.0 -9999.0 -9999.0 -9999.0 -9999.0 -9999.0 -9999.0 -9999.0 -9999.0 -9999.0 -9999.0 -9999.0 -9999.0 -9999.0 0.265766 0.044977 0.020706 0.050008 0.430000 0.061217 0.021094 0.429171 0.053820 0.058372 0.093021 0.060998 0.430000 0.199778 0.147227 0.031857 0.020083 0.020055 0.020046 -9999.0 -9999.0 -9999.0 -9999.0 -9999.0 -9999.0 -9999.0 -9999.0 -9999.0 -9999.0 -9999.0 -9999.0 -9999.0 -9999.0 -9999.0 -9999.0 -9999.0 -9999.0 -9999.0 -9999.0 -9999.0 -9999.0 -9999.0 -9999.0 -9999.0 -9999.0 -9999.0
-9999.0 -9999.0 -9999.0 -9999.0 -9999.0 -9999.0 -9999.0 -9999.0 -9999.0 -9999.0 -9999.0 -9999.0 -9999.0 0.124666 0.077593 0.393986 0.212305 0.049988 0.269433 0.020776 0.060977 0.056630 0.020838 0.139474 0.060119 0.193292 0.020449 0.021822 0.021472 0.075510 0.200000 0.199021 0.138535 0.124845 0.020065 0.020051 -9999.0 -9999.0 -9999.0 -9999.0 -9999.0 -9999.0 -9999.0 -9999.0 -9999.0 -9999.0 -9999.0 -9999.0 -9999.0 -9999.0 -9999.0 -9999.0 -9999.0 -9999.0 -9999.0 -9999.0 -9999.0 -9999.0 -9999.0 -9999.0 -9999.0 -9999.0 -9999.0
-9999.0 -9999.0 -9999.0 -9999.0 -9999.0 -9999.0 -9999.0 -9999.0 -9999.0 -9999.0 -9999.0 -9999.0 -9999.0 0.200000 0.070956 0.386230 0.252069 0.430000 0.050009 0.052030 0.020220 0.050129 0.059295 0.062706 0.074626 0.021770 0.106655 0.020078 0.020080 0.022448 0.110722 0.102798 0.020060 0.020045 0.020050 -9999.0 -9999.0 -9999.0 -9999.0 -9999.0 -9999.0 -9999.0 -9999.0 -9999.0 -9999.0 -9999.0 -9999.0 -9999.0 -9999.0 -9999.0 -9999.0 -9999.0 -9999.0 -9999.0 -9999.0 -9999.0 -9999.0 -9999.0 -9999.0 -9999.0 -9999.0 -9999.0 -9999.0
-9999.0 -9999.0 -9999.0 -9999.0 -9999.0 -9999.0 -9999.0 -9999.0 -9999.0 -9999.0 -9999.0 -9999.0 -9999.0 0.061642 0.200000 0.413063 0.360024 0.277494 0.050025 0.236911 0.200000 0.020930 0.060900 0.059343 0.078453 0.099141 0.026099 0.020075 0.126892 0.020048 0.097107 0.020052 0.020045 0.020069 0.020042 -9999.0 -9999.0 -9999.0 -9999.0 -9999.0 -9999.0 -9999.0 -9999.0 -9999.0 -9999.0 -9999.0 -9999.0 -9999.0 -9999.0 -9999.0 -9999.0 -9999.0 -9999.0 -9999.0 -9999.0 -9999.0 -9999.0 -9999.0 -9999.0 -9999.0 -9999.0 -9999.0 -9999.0
-9999.0 -9999.0 -9999.0 -9999.0 -9999.0 -9999.0 -9999.0 -9999.0 -9999.0 -9999.0 -9999.0 -9999.0 0.020895 0.200000 0.076090 0.088514 0.430000 0.401685 0.430000 0.020706 0.062937 0.071478 0.020926 0.094475 0.430000 0.110643 0.198896 0.120384 0.150038 0.020057 0.068555 0.020057 0.130640 0.020049 -9999.0 -9999.0 -9999.0 -9999.0 -9999.0 -9999.0 -9999.0 -9999.0 -9999.0 -9999.0 -9999.0 -9999.0 -9999.0 -9999.0 -9999.0 -9999.0 -9999.0 -9999.0 -9999.0 -9999.0 -9999.0 -9999.0 -9999.0 -9999.0 -9999.0 -9999.0 -9999.0 -9999.0 -9999.0
-9999.0 -9999.0 -9999.0 -9999.0 -9999.0 -9999.0 -9999.0 -9999.0 -9999.0 -9999.0 -9999.0 0.199476 0.107518 0.430000 0.087643 0.199650 0.020835 0.422290 0.430000 0.020735 0.021097 0.430000 0.139267 0.121155 0.021941 0.134665 0.059933 0.136817 0.200000 0.020056 0.020066 0.146843 0.020069 0.020060 0.020054 0.020072 0.051177 0.050416 0.049921 -9999.0 -9999.0 -9999.0 0.020060 -9999.0 -9999.0 -9999.0 -9999.0 -9999.0 -9999.0 -9999.0 -9999.0 -9999.0 -9999.0 -9999.0 -9999.0 -9999.0 -9999.0 -9999.0 -9999.0 -9999.0 -9999.0 -9999.0 -9999.0
-9999.0 -9999.0 -9999.0 -9999.0 -9999.0 -9999.0 -9999.0 -9999.0 -9999.0 -9999.0 -9999.0 0.194873 0.103170 0.021235 0.088889 0.108207 0.074242 0.043625 0.430000 0.430000 0.200000 0.142810 0.199172 0.128013 0.143453 0.126982 0.129489 0.147003 0.020139 0.020059 0.139336 0.166254 0.116987 0.097154 0.074744 0.075612 0.056799 0.051725 0.050872 0.020101 0.020107 0.020064 0.118895 0.020079 -9999.0 -9999.0 -9999.0 0.429997 0.092979 0.020056 0.110973 0.020058 0.020047 0.430000 0.430000 0.020043 -9999.0 -9999.0 -9999.0 -9999.0 -9999.0 -9999.0 -9999.0
-9999.0 -9999.0 -9999.0 -9999.0 -9999.0 -9999.0 -9999.0 -9999.0 -9999.0 -9999.0 -9999.0 0.199689 0.189389 0.022629 0.430000 0.131157 0.122821 0.062529 0.200000 0.430000 0.430000 0.021563 0.116539 0.198931 0.123054 0.034834 0.123524 0.199536 0.020072 0.117293 0.020080 0.025261 0.133281 0.110893 0.020073 0.061398 0.066638 0.020854 0.050980 0.042018 0.050369 0.050012 0.086850 0.117983 0.107791 -9999.0 0.020049 0.106827 0.137845 0.147611 0.092689 0.020724 0.093406 0.151043 0.097373 0.130411 -9999.0 -9999.0 -9999.0 -9999.0 -9999.0 -9999.0 -9999.0
-9999.0 -9999.0 -9999.0 -9999.0 -9999.0 -9999.0 -9999.0 -9999.0 -9999.0 -9999.0 -9999.0 -9999.0 0.199614 0.430000 0.196644 0.199465 0.064622 0.057536 0.430000 0.430000 0.059488 0.021491 0.021488 0.128732 0.127604 0.119742 0.200000 0.073679 0.129012 0.020079 0.134596 0.136000 0.067133 0.120029 0.074207 0.060251 0.043915 0.021241 0.068809 0.049967 0.055963 0.049962 0.021522 0.198012 0.020091 0.125080 0.020063 0.109932 0.020141 0.131012 0.430000 0.174597 0.430000 0.426524 0.156901 0.192760 0.195581 -9999.0 -9999.0 -9999.0 -9999.0 -9999.0 -9999.0
-9999.0 -9999.0 -9999.0 -9999.0 -9999.0 -9999.0 -9999.0 -9999.0 -9999.0 -9999.0 -9999.0 0.430000 0.188598 0.075965 0.130036 0.124697 0.129240 0.067479 0.200000 0.429982 0.058831 0.058636 0.138868 0.021499 0.116929 0.138532 0.430000 0.117173 0.111820 0.020138 0.121713 0.147711 0.152236 0.126289 0.086515 0.084964 0.050322 0.020948 0.167862 0.051001 0.020874 0.030169 0.074856 0.020310 0.137342 0.116920 0.146167 0.020104 0.020207 0.020988 0.020074 0.116074 0.146664 0.020060 0.020058 0.020090 0.020059 -9999.0 -9999.0 -9999.0 -9999.0 -9999.0 -9999.0
-9999.0 -9999.0 -9999.0 -9999.0 -9999.0 -9999.0 -9999.0 -9999.0 -9999.0 -9999.0 0.430000 0.130217 0.199549 0.196579 0.200000 0.200000 0.200000 0.064379 0.378522 0.430000 0.430000 0.430000 0.022452 0.200000 0.118002 0.430000 0.023567 0.020079 0.080809 0.140070 0.143844 0.199003 0.135704 0.121472 0.020052 0.020071 0.059719 0.065234 0.027542 0.063803 0.021172 0.021067 0.050365 0.430000 0.106592 0.037584 0.138121 0.021690 0.129338 0.125497 0.020077 0.020052 0.020053 0.020059 0.020044 0.140917 0.140058 -9999.0 -9999.0 -9999.0 -9999.0 -9999.0 -9999.0
-9999.0 -9999.0 -9999.0 -9999.0 -9999.0 -9999.0 -9999.0 -9999.0 -9999.0 0.125587 0.430000 0.430000 0.131886 0.116635 0.430000 0.137296 0.127497 0.200000 0.049552 0.356631 0.430000 0.048288 0.022003 0.080452 0.430000 0.025143 0.108541 0.141399 0.021461 0.120248 0.126271 0.020066 0.020084 0.020041 0.020063 0.020066 0.131602 0.079711 0.073663 0.087214 0.064541 0.072478 0.023289 0.056808 0.021829 0.021321 0.146627 0.021187 0.021428 0.430000 0.020100 0.020057 0.020056 0.020045 0.020047 0.020078 0.156503 0.020109 0.020063 -9999.0 -9999.0 -9999.0 -9999.0
-9999.0 -9999.0 -9999.0 -9999.0 -9999.0 -9999.0 -9999.0 -9999.0 -9999.0 0.091852 0.127188 0.128878 0.200000 0.108278 0.105430 0.111735 0.200000 0.111997 0.047963 0.429570 0.430000 0.115939 0.430000 0.200000 0.025234 0.104764 0.112597 0.114643 0.105622 0.430000 0.068394 0.020079 0.133727 0.120816 0.140354 0.032648 0.026985 0.025528 0.085613 0.135690 0.430000 0.025518 0.071337 0.093075 0.430000 0.430000 0.070409 0.021086 0.021158 0.120046 0.020074 0.020066 0.020047 0.020151 0.020055 0.426259 0.024079 0.143428 0.040048 -9999.0 -9999.0 -9999.0 -9999.0
-9999.0 -9999.0 -9999.0 -9999.0 -9999.0 -9999.0 -9999.0 -9999.0 -9999.0 -9999.0 0.125455 0.139227 0.142945 0.430000 0.021214 0.104477 0.115918 0.104917 0.049044 0.428499 0.430000 0.022082 0.067974 0.024087 0.105597 0.110255 0.105855 0.112608 0.069643 0.090845 0.020375 0.430000 0.020105 0.107291 0.147041 0.159427 0.180865 0.198834 0.031287 0.120956 0.100506 0.199370 0.200000 0.025022 0.025402 0.074337 0.023642 0.430000 0.020995 0.021338 0.020063 0.020079 0.020052 0.020041 0.120990 0.084168 0.198495 0.200000 0.022028 0.113298 -9999.0 -9999.0 -9999.0
-9999.0 -9999.0 -9999.0 -9999.0 -9999.0 -9999.0 -9999.0 -9999.0 -9999.0 -9999.0 0.130524 0.133323 0.197311 0.138790 0.430000 0.050572 0.053995 0.417130 0.420840 0.274625 0.286958 0.047319 0.052507 0.090660 0.103821 0.100635 0.430000 0.071742 0.079728 0.026505 0.122776 0.198976 0.020072 0.113241 0.120840 0.199038 0.200000 0.131602 0.020558 0.115447 0.134678 0.045229 0.144589 0.122376 0.430000 0.020208 0.142689 0.025116 0.023159 0.021372 0.022259 0.021949 0.135235 0.020050 0.020045 0.020051 0.107186 0.023812 0.072419 0.430000 -9999.0 -9999.0 -9999.0
-9999.0 -9999.0 -9999.0 -9999.0 -9999.0 -9999.0 -9999.0 -9999.0 0.199109 0.133647 0.068806 0.198692 0.176477 0.142180 0.071786 0.430000 0.043727 0.117643 0.415426 0.214804 0.237912 0.043557 0.045322 0.047526 0.076369 0.430000 0.430000 0.083769 0.146924 0.020075 0.020052 0.128675 0.131419 0.121682 0.136867 0.101977 0.135399 0.135437 0.024567 0.020127 0.020085 0.198927 0.020075 0.020086 0.049892 0.200000 0.026405 0.143573 0.024766 0.430000 0.058201 0.020124 0.139188 0.020044 0.020055 0.097954 0.020308 0.200000 0.021468 0.059479 -9999.0 -9999.0 -9999.0
-9999.0 -9999.0 -9999.0 -9999.0 -9999.0 -9999.0 -9999.0 -9999.0 0.069779 0.134546 0.020129 0.119224 0.123861 0.199560 0.073082 0.068544 0.057889 0.053192 0.020377 0.220860 0.430000 0.429452 0.428011 0.120256 0.044771 0.430000 0.430000 0.148769 0.020074 0.132099 0.129347 0.020765 0.143834 0.020138 0.198914 0.198962 0.159416 0.142825 0.022259 0.137411 0.121892 0.020232 0.020093 0.139276 0.200000 0.145229 0.020089 0.129142 0.024786 0.068566 0.059284 0.141529 0.071166 0.143960 0.090168 0.020149 0.021471 0.021512 0.021382 0.430000 0.232590 -9999.0 -9999.0
-9999.0 -9999.0 -9999.0 -9999.0 -9999.0 -9999.0 -9999.0 -9999.0 0.122816 0.199884 0.064319 0.020619 0.199106 0.020107 0.122774 0.022564 0.047566 0.062532 0.040709 0.429210 0.218916 0.408157 0.425856 0.330112 0.428444 0.058954 0.067343 0.075604 0.020084 0.138107 0.024668 0.199326 0.130234 0.020089 0.199128 0.170267 0.023296 0.023587 0.025322 0.022530 0.133158 0.020136 0.198828 0.199813 0.138670 0.197001 0.020316 0.197372 0.136550 0.025011 0.430000 0.056716 0.020213 0.022486 0.021579 0.148041 0.141147 0.133366 0.054584 0.430000 0.430000 -9999.0 -9999.0
-9999.0 -9999.0 -9999.0 -9999.0 -9999.0 -9999.0 -9999.0 -9999.0 0.020066 0.138864 0.430000 0.020085 0.198931 0.429999 0.020122 0.056339 0.020831 0.041309 0.430000 0.245417 0.249875 0.271924 0.408485 0.311455 0.374423 0.061202 0.071310 0.023365 0.199812 0.021520 0.021544 0.021846 0.020849 0.141312 0.020996 0.108585 0.119073 0.066909 0.024317 0.022245 0.126948 0.141138 0.144251 0.049909 0.193269 0.029008 0.084411 0.034116 0.106618 0.021444 0.075328 0.055676 0.055226 0.430000 0.146255 0.152729 0.057818 0.430000 0.430000 0.430000 0.430000 0.430000 -9999.0
-9999.0 -9999.0 -9999.0 -9999.0 -9999.0 -9999.0 -9999.0 -9999.0 0.186151 0.198793 0.430000 0.023256 0.023304 0.061502 0.200000 0.430000 0.430000 0.061871 0.066143 0.054627 0.323005 0.322549 0.267750 0.246680 0.114005 0.050482 0.058262 0.113391 0.106937 0.133876 0.023353 0.134624 0.021527 0.141165 0.021643 0.021578 0.021692 0.064954 0.023423 0.144977 0.021636 0.020908 0.021694 0.020886 0.021652 0.134445 0.021594 0.021687 0.021338 0.021285 0.021289 0.050395 0.055075 0.088249 0.200000 0.430000 0.430000 0.430000 0.430000 0.061569 0.060630 0.430000 -9999.0
-9999.0 -9999.0 0.073423 0.198789 0.198945 0.116717 0.150705 0.134151 0.198181 0.198356 0.144043 0.430000 0.065299 0.152177 0.200000 0.430000 0.024237 0.083715 0.129712 0.067967 0.050781 0.429090 0.430000 0.194495 0.273233 0.045802 0.048736 0.052760 0.054683 0.200000 0.058431 0.064676 0.430000 0.058648 0.125344 0.063250 0.121313 0.058810 0.023080 0.023626 0.021419 0.021361 0.022696 0.056606 0.023204 0.021448 0.118462 0.430000 0.021154 0.078404 0.072053 0.423100 0.430000 0.430000 0.430000 0.430000 0.430000 0.430000 0.067737 0.065330 0.430000 0.430000 -9999.0
-9999.0 0.111817 0.123725 0.124336 0.107401 0.141017 0.155353 0.134709 0.133303 0.129901 0.143612 0.076163 0.430000 0.430000 0.430000 0.025272 0.150458 0.129046 0.430000 0.060244 0.048831 0.056092 0.430000 0.430000 0.341568 0.305095 0.387935 0.422419 0.084895 0.430000 0.060467 0.075634 0.132173 0.430000 0.111981 0.430000 0.109217 0.050770 0.430000 0.430000 0.108619 0.122624 0.051871 0.053937 0.048358 0.046262 0.430000 0.051667 0.072205 0.430000 0.430000 0.430000 0.430000 0.430000 0.430000 0.430000 0.430000 0.430000 0.430000 0.430000 0.430000 0.430000 -9999.0
-9999.0 0.199698 0.137274 0.129735 0.430000 0.142506 0.064906 0.115076 0.194106 0.069367 0.125276 0.065747 0.068406 0.430000 0.025020 0.082257 0.023492 0.115709 0.136300 0.060861 0.430000 0.430000 0.430000 0.430000 0.430000 0.421538 0.154510 0.238919 0.429858 0.046733 0.039393 0.041196 0.430000 0.430000 0.430000 0.430000 0.430000 0.430000 0.430000 0.429118 0.430000 0.430000 0.124243 0.349627 0.167548 0.040347 0.424865 0.430000 0.430000 0.430000 0.430000 0.430000 0.430000 0.430000 0.074352 0.430000 0.075702 0.430000 0.079635 0.430000 0.430000 -9999.0 -9999.0
-9999.0 0.078301 0.147503 0.070067 0.056368 0.430000 0.430000 0.063215 0.123470 0.127182 0.130363 0.063037 0.130849 0.430000 0.080489 0.084584 0.134204 0.147637 0.075039 0.067870 0.065525 0.065397 0.358201 0.430000 0.430000 0.430000 0.430000 0.430000 0.271413 0.429830 0.185366 0.172315 0.430000 0.430000 0.430000 0.429989 0.430000 0.430000 0.429974 0.429235 0.429302 0.430000 0.430000 0.181205 0.170266 0.430000 0.430000 0.430000 0.430000 0.430000 0.068132 0.430000 0.430000 0.430000 0.430000 0.428074 0.427638 0.428779 0.430000 -9999.0 -9999.0 -9999.0 -9999.0
