user2019/resources/simulation/Vinschgau/output-maps/thetaliqL0003N1242.asc
ncols         63
nrows         48
xllcorner     598000.000000
yllcorner     5145000.000000
cellsize      1000.000000
NODATA_value  -9999.0
[rows 0 to 28 of 48, columns 0 to 62 of 63]
-9999.0 -9999.0 -9999.0 -9999.0 -9999.0 -9999.0 -9999.0 -9999.0 -9999.0 -9999.0 -9999.0 -9999.0 -9999.0 -9999.0 -9999.0 -9999.0 -9999.0 -9999.0 -9999.0 -9999.0 -9999.0 -9999.0 -9999.0 -9999.0 -9999.0 -9999.0 -9999.0 -9999.0 -9999.0 -9999.0 -9999.0 -9999.0 -9999.0 -9999.0 -9999.0 -9999.0 -9999.0 -9999.0 -9999.0 -9999.0 -9999.0 -9999.0 -9999.0 -9999.0 -9999.0 -9999.0 -9999.0 -9999.0 -9999.0 -9999.0 -9999.0 -9999.0 -9999.0 -9999.0 -9999.0 -9999.0 -9999.0 -9999.0 -9999.0 -9999.0 -9999.0 -9999.0 -9999.0
-9999.0 -9999.0 -9999.0 -9999.0 -9999.0 -9999.0 -9999.0 -9999.0 -9999.0 -9999.0 -9999.0 -9999.0 -9999.0 -9999.0 -9999.0 -9999.0 -9999.0 -9999.0 -9999.0 -9999.0 -9999.0 -9999.0 -9999.0 -9999.0 -9999.0 -9999.0 -9999.0 0.110162 0.387234 0.142343 0.472726 0.459227 0.312048 -9999.0 -9999.0 -9999.0 -9999.0 -9999.0 -9999.0 -9999.0 -9999.0 -9999.0 -9999.0 -9999.0 -9999.0 -9999.0 -9999.0 -9999.0 -9999.0 -9999.0 -9999.0 -9999.0 -9999.0 -9999.0 -9999.0 -9999.0 -9999.0 -9999.0 -9999.0 -9999.0 -9999.0 -9999.0 -9999.0
-9999.0 -9999.0 -9999.0 -9999.0 -9999.0 -9999.0 -9999.0 -9999.0 -9999.0 -9999.0 -9999.0 -9999.0 -9999.0 -9999.0 -9999.0 -9999.0 -9999.0 -9999.0 -9999.0 -9999.0 -9999.0 -9999.0 -9999.0 -9999.0 0.375704 0.364380 0.359524 0.368947 0.394642 0.408408 0.465309 -9999.0 -9999.0 -9999.0 -9999.0 -9999.0 -9999.0 -9999.0 -9999.0 -9999.0 -9999.0 -9999.0 -9999.0 -9999.0 -9999.0 -9999.0 -9999.0 -9999.0 -9999.0 -9999.0 -9999.0 -9999.0 -9999.0 -9999.0 -9999.0 -9999.0 -9999.0 -9999.0 -9999.0 -9999.0 -9999.0 -9999.0 -9999.0
-9999.0 -9999.0 -9999.0 -9999.0 -9999.0 -9999.0 -9999.0 -9999.0 -9999.0 -9999.0 -9999.0 -9999.0 -9999.0 -9999.0 -9999.0 -9999.0 -9999.0 -9999.0 -9999.0 -9999.0 -9999.0 -9999.0 -9999.0 0.349064 0.319620 0.070799 0.070514 0.069593 0.069428 0.312300 0.461928 0.494755 -9999.0 -9999.0 -9999.0 -9999.0 -9999.0 -9999.0 -9999.0 -9999.0 -9999.0 -9999.0 -9999.0 -9999.0 -9999.0 -9999.0 -9999.0 -9999.0 -9999.0 -9999.0 -9999.0 -9999.0 -9999.0 -9999.0 -9999.0 -9999.0 -9999.0 -9999.0 -9999.0 -9999.0 -9999.0 -9999.0 -9999.0
-9999.0 -9999.0 -9999.0 -9999.0 -9999.0 -9999.0 -9999.0 -9999.0 -9999.0 -9999.0 -9999.0 -9999.0 -9999.0 -9999.0 -9999.0 -9999.0 -9999.0 -9999.0 0.161178 0.283932 -9999.0 0.322999 0.300357 0.070163 0.071995 0.070616 0.206279 0.131439 0.226182 0.159224 0.365051 0.456224 0.140783 0.127021 -9999.0 -9999.0 -9999.0 -9999.0 -9999.0 -9999.0 -9999.0 -9999.0 -9999.0 -9999.0 -9999.0 -9999.0 -9999.0 -9999.0 -9999.0 -9999.0 -9999.0 -9999.0 -9999.0 -9999.0 -9999.0 -9999.0 -9999.0 -9999.0 -9999.0 -9999.0 -9999.0 -9999.0 -9999.0
-9999.0 -9999.0 -9999.0 -9999.0 -9999.0 -9999.0 -9999.0 -9999.0 -9999.0 -9999.0 -9999.0 -9999.0 -9999.0 -9999.0 -9999.0 -9999.0 -9999.0 0.072990 0.073905 0.021905 0.025444 0.253455 0.138938 0.072309 0.117479 0.277266 0.067346 0.264032 0.088274 0.253514 0.323534 0.351037 0.116584 0.111062 0.136487 0.133618 -9999.0 -9999.0 -9999.0 -9999.0 -9999.0 -9999.0 -9999.0 -9999.0 -9999.0 -9999.0 -9999.0 -9999.0 -9999.0 -9999.0 -9999.0 -9999.0 -9999.0 -9999.0 -9999.0 -9999.0 -9999.0 -9999.0 -9999.0 -9999.0 -9999.0 -9999.0 -9999.0
-9999.0 -9999.0 -9999.0 -9999.0 -9999.0 -9999.0 -9999.0 -9999.0 -9999.0 -9999.0 -9999.0 -9999.0 -9999.0 0.123362 0.076961 0.075928 0.073226 0.022192 0.073331 0.071105 0.072124 0.073513 0.071247 0.087404 0.236300 0.303853 0.148409 0.160656 0.127946 0.359236 0.046835 0.396629 0.415560 0.476992 0.185165 0.131970 -9999.0 -9999.0 -9999.0 -9999.0 -9999.0 -9999.0 -9999.0 -9999.0 -9999.0 -9999.0 -9999.0 -9999.0 -9999.0 -9999.0 -9999.0 -9999.0 -9999.0 -9999.0 -9999.0 -9999.0 -9999.0 -9999.0 -9999.0 -9999.0 -9999.0 -9999.0 -9999.0
-9999.0 -9999.0 -9999.0 -9999.0 -9999.0 -9999.0 -9999.0 -9999.0 -9999.0 -9999.0 -9999.0 -9999.0 -9999.0 0.166499 0.071059 0.073940 0.074011 0.093279 0.022189 0.070820 0.073448 0.067186 0.080394 0.133471 0.126574 0.203145 0.368047 0.092735 0.133896 0.076870 0.044557 0.453369 0.157233 0.179238 0.160651 -9999.0 -9999.0 -9999.0 -9999.0 -9999.0 -9999.0 -9999.0 -9999.0 -9999.0 -9999.0 -9999.0 -9999.0 -9999.0 -9999.0 -9999.0 -9999.0 -9999.0 -9999.0 -9999.0 -9999.0 -9999.0 -9999.0 -9999.0 -9999.0 -9999.0 -9999.0 -9999.0 -9999.0
-9999.0 -9999.0 -9999.0 -9999.0 -9999.0 -9999.0 -9999.0 -9999.0 -9999.0 -9999.0 -9999.0 -9999.0 -9999.0 0.070254 0.520000 0.069579 0.074038 0.073862 0.022164 0.073246 0.081892 0.022051 0.254100 0.094449 0.077854 0.121101 0.073681 0.135786 0.482442 0.179097 0.493961 0.187242 0.178319 0.020035 0.136117 -9999.0 -9999.0 -9999.0 -9999.0 -9999.0 -9999.0 -9999.0 -9999.0 -9999.0 -9999.0 -9999.0 -9999.0 -9999.0 -9999.0 -9999.0 -9999.0 -9999.0 -9999.0 -9999.0 -9999.0 -9999.0 -9999.0 -9999.0 -9999.0 -9999.0 -9999.0 -9999.0 -9999.0
-9999.0 -9999.0 -9999.0 -9999.0 -9999.0 -9999.0 -9999.0 -9999.0 -9999.0 -9999.0 -9999.0 -9999.0 0.070900 0.520000 0.070082 0.071979 0.084912 0.075105 0.071226 0.021802 0.072062 0.187462 0.238213 0.290696 0.045153 0.373226 0.040220 0.460641 0.470459 0.172448 0.321350 0.159869 0.501647 0.125767 -9999.0 -9999.0 -9999.0 -9999.0 -9999.0 -9999.0 -9999.0 -9999.0 -9999.0 -9999.0 -9999.0 -9999.0 -9999.0 -9999.0 -9999.0 -9999.0 -9999.0 -9999.0 -9999.0 -9999.0 -9999.0 -9999.0 -9999.0 -9999.0 -9999.0 -9999.0 -9999.0 -9999.0 -9999.0
-9999.0 -9999.0 -9999.0 -9999.0 -9999.0 -9999.0 -9999.0 -9999.0 -9999.0 -9999.0 -9999.0 0.213981 0.070083 0.520000 0.069729 0.124363 0.021697 0.073949 0.112348 0.021626 0.074487 0.097782 0.239998 0.334453 0.342826 0.392868 0.470913 0.430496 0.492888 0.139308 0.139324 0.422922 0.184472 0.131588 0.151388 0.166182 0.439496 0.250589 0.286123 -9999.0 -9999.0 -9999.0 0.128669 -9999.0 -9999.0 -9999.0 -9999.0 -9999.0 -9999.0 -9999.0 -9999.0 -9999.0 -9999.0 -9999.0 -9999.0 -9999.0 -9999.0 -9999.0 -9999.0 -9999.0 -9999.0 -9999.0 -9999.0
-9999.0 -9999.0 -9999.0 -9999.0 -9999.0 -9999.0 -9999.0 -9999.0 -9999.0 -9999.0 -9999.0 0.228194 0.070126 0.068059 0.068370 0.085457 0.067322 0.072878 0.095379 0.070671 0.097808 0.140939 0.379879 0.042958 0.044627 0.402409 0.424520 0.402866 0.130830 0.134178 0.436665 0.438958 0.482770 0.454601 0.445592 0.433101 0.352137 0.138199 0.165147 0.130815 0.133905 0.129855 0.460297 0.139078 -9999.0 -9999.0 -9999.0 0.242683 0.318352 0.187416 0.404268 0.166890 0.173751 0.169820 0.243785 0.164330 -9999.0 -9999.0 -9999.0 -9999.0 -9999.0 -9999.0 -9999.0
-9999.0 -9999.0 -9999.0 -9999.0 -9999.0 -9999.0 -9999.0 -9999.0 -9999.0 -9999.0 -9999.0 0.244700 0.202155 0.284738 0.157167 0.078007 0.080107 0.075123 0.065653 0.069872 0.115854 0.356489 0.049186 0.406147 0.393758 0.103985 0.045973 0.040114 0.119150 0.455439 0.131261 0.044214 0.423315 0.475077 0.173078 0.393764 0.040667 0.041476 0.090085 0.124097 0.307558 0.387378 0.421779 0.443102 0.463004 -9999.0 0.129933 0.432388 0.482799 0.431997 0.367906 0.121092 0.368606 0.473198 0.493627 0.481017 -9999.0 -9999.0 -9999.0 -9999.0 -9999.0 -9999.0 -9999.0
-9999.0 -9999.0 -9999.0 -9999.0 -9999.0 -9999.0 -9999.0 -9999.0 -9999.0 -9999.0 -9999.0 -9999.0 0.248219 0.499006 0.155367 0.150840 0.110555 0.076388 0.100641 0.071123 0.082501 0.232009 0.068753 0.042423 0.041747 0.046008 0.520000 0.288271 0.463104 0.142343 0.431456 0.044419 0.308545 0.493804 0.504613 0.431285 0.046632 0.041969 0.234181 0.090362 0.100082 0.071331 0.041143 0.383564 0.180314 0.422178 0.142529 0.477600 0.041889 0.040736 0.071390 0.040254 0.040093 0.040232 0.041629 0.507252 0.489649 -9999.0 -9999.0 -9999.0 -9999.0 -9999.0 -9999.0
-9999.0 -9999.0 -9999.0 -9999.0 -9999.0 -9999.0 -9999.0 -9999.0 -9999.0 -9999.0 -9999.0 0.051816 0.290463 0.074016 0.520000 0.253350 0.120698 0.081611 0.076134 0.081805 0.078171 0.187330 0.520000 0.046782 0.046208 0.041427 0.040563 0.458921 0.464948 0.094333 0.046008 0.041026 0.368135 0.482880 0.433464 0.458153 0.361078 0.058519 0.249952 0.088612 0.057035 0.211419 0.119380 0.165271 0.293582 0.463380 0.449020 0.125620 0.137466 0.130499 0.020400 0.450948 0.040349 0.020040 0.020034 0.020120 0.180828 -9999.0 -9999.0 -9999.0 -9999.0 -9999.0 -9999.0
-9999.0 -9999.0 -9999.0 -9999.0 -9999.0 -9999.0 -9999.0 -9999.0 -9999.0 -9999.0 0.520000 0.067283 0.297498 0.274035 0.221956 0.520000 0.520000 0.189241 0.076904 0.084330 0.092273 0.240444 0.045012 0.306197 0.184172 0.042265 0.043694 0.020131 0.245134 0.290241 0.049506 0.041297 0.355433 0.482846 0.130078 0.126542 0.331715 0.046268 0.040583 0.434008 0.362832 0.173605 0.190713 0.267653 0.107404 0.091548 0.381265 0.054249 0.042708 0.327139 0.020115 0.159633 0.020030 0.020048 0.185035 0.479687 0.484835 -9999.0 -9999.0 -9999.0 -9999.0 -9999.0 -9999.0
-9999.0 -9999.0 -9999.0 -9999.0 -9999.0 -9999.0 -9999.0 -9999.0 -9999.0 0.389405 0.355362 0.095431 0.458165 0.055700 0.055567 0.067253 0.089556 0.188123 0.075271 0.079208 0.083121 0.087537 0.137511 0.153746 0.409901 0.040294 0.041437 0.357279 0.082233 0.516379 0.489441 0.040186 0.117884 0.145933 0.130075 0.129197 0.361860 0.044371 0.046989 0.049452 0.040230 0.043927 0.046391 0.173941 0.176014 0.103590 0.252640 0.052061 0.052783 0.473246 0.043385 0.169655 0.020045 0.177814 0.189255 0.040023 0.040608 0.145589 0.181595 -9999.0 -9999.0 -9999.0 -9999.0
-9999.0 -9999.0 -9999.0 -9999.0 -9999.0 -9999.0 -9999.0 -9999.0 -9999.0 0.332489 0.387548 0.267246 0.520000 0.425772 0.079368 0.055058 0.294810 0.208813 0.074251 0.070048 0.072886 0.067238 0.167566 0.340719 0.041170 0.045196 0.056202 0.374725 0.429027 0.325817 0.320010 0.040103 0.438359 0.474874 0.480744 0.129693 0.113554 0.073604 0.387956 0.336869 0.044070 0.044120 0.063143 0.345698 0.127290 0.184113 0.175801 0.252063 0.343042 0.318716 0.040042 0.040033 0.189841 0.048002 0.195044 0.040047 0.040045 0.043260 0.110429 -9999.0 -9999.0 -9999.0 -9999.0
-9999.0 -9999.0 -9999.0 -9999.0 -9999.0 -9999.0 -9999.0 -9999.0 -9999.0 -9999.0 0.433751 0.338790 0.163183 0.041607 0.378791 0.090258 0.306096 0.122340 0.073223 0.074045 0.076017 0.074794 0.088643 0.041595 0.047515 0.115622 0.485316 0.336473 0.315337 0.040211 0.040121 0.040147 0.040223 0.486535 0.453107 0.375571 0.324457 0.349650 0.112654 0.437716 0.441147 0.380747 0.520000 0.112977 0.187265 0.283416 0.084458 0.164901 0.074753 0.261453 0.040127 0.041169 0.188692 0.187819 0.046987 0.424538 0.520000 0.042594 0.058371 0.145489 -9999.0 -9999.0 -9999.0
-9999.0 -9999.0 -9999.0 -9999.0 -9999.0 -9999.0 -9999.0 -9999.0 -9999.0 -9999.0 0.478037 0.395932 0.348045 0.517830 0.347816 0.195142 0.199545 0.084134 0.073460 0.070745 0.074486 0.077918 0.073881 0.082625 0.116020 0.433698 0.289081 0.223984 0.040476 0.040387 0.428748 0.453738 0.020276 0.470717 0.421562 0.383994 0.042968 0.057626 0.040975 0.464267 0.433883 0.141863 0.051493 0.293144 0.314459 0.048170 0.461406 0.172573 0.079028 0.141295 0.520000 0.042941 0.040101 0.190929 0.084008 0.190470 0.421570 0.051936 0.520000 0.443214 -9999.0 -9999.0 -9999.0
-9999.0 -9999.0 -9999.0 -9999.0 -9999.0 -9999.0 -9999.0 -9999.0 0.423613 0.445209 0.439974 0.434668 0.042192 0.063111 0.060226 0.223334 0.074450 0.067212 0.069966 0.070239 0.072193 0.072459 0.072851 0.074903 0.232747 0.275557 0.310089 0.042487 0.041536 0.040520 0.182847 0.436133 0.432342 0.476078 0.449156 0.383618 0.200621 0.074128 0.040060 0.126986 0.088415 0.386767 0.020497 0.115536 0.049274 0.520000 0.040071 0.060382 0.231854 0.271986 0.391854 0.041962 0.040592 0.040026 0.185981 0.487502 0.184160 0.348393 0.288621 0.099484 -9999.0 -9999.0 -9999.0
-9999.0 -9999.0 -9999.0 -9999.0 -9999.0 -9999.0 -9999.0 -9999.0 0.020000 0.040359 0.040702 0.468350 0.394581 0.040853 0.042215 0.279554 0.081435 0.077471 0.072281 0.069769 0.091051 0.065059 0.063647 0.063364 0.074038 0.101990 0.323930 0.055711 0.020298 0.469898 0.477990 0.119789 0.414023 0.110161 0.415293 0.365510 0.203486 0.520000 0.068149 0.345917 0.429095 0.496035 0.100983 0.318174 0.520000 0.046066 0.020223 0.366064 0.085463 0.343964 0.382349 0.080709 0.040016 0.416642 0.397718 0.020212 0.050043 0.517588 0.214569 0.095380 0.074093 -9999.0 -9999.0
-9999.0 -9999.0 -9999.0 -9999.0 -9999.0 -9999.0 -9999.0 -9999.0 0.420864 0.520000 0.514212 0.040276 0.482355 0.020716 0.052203 0.042919 0.184983 0.074002 0.072737 0.090896 0.069368 0.065476 0.064462 0.069922 0.069054 0.078153 0.309275 0.040563 0.020154 0.433165 0.098324 0.417037 0.043027 0.044978 0.384730 0.245552 0.397981 0.370142 0.070767 0.055490 0.366114 0.086045 0.380851 0.520000 0.044243 0.391473 0.128212 0.435797 0.042503 0.117460 0.241808 0.445272 0.040024 0.040016 0.073584 0.518072 0.520000 0.282174 0.076170 0.105279 0.083686 -9999.0 -9999.0
-9999.0 -9999.0 -9999.0 -9999.0 -9999.0 -9999.0 -9999.0 -9999.0 0.168955 0.372117 0.057909 0.020154 0.422015 0.045216 0.040431 0.347535 0.075227 0.073586 0.076415 0.072808 0.070397 0.070158 0.067186 0.068061 0.078359 0.171305 0.059647 0.040114 0.340046 0.048903 0.052788 0.047272 0.520000 0.454636 0.096398 0.171571 0.101267 0.077388 0.275165 0.230650 0.271846 0.267087 0.286776 0.056665 0.405503 0.088964 0.213955 0.084080 0.397007 0.049480 0.185986 0.182419 0.390017 0.085173 0.520000 0.455538 0.194640 0.113820 0.087834 0.086286 0.091050 0.118087 -9999.0
-9999.0 -9999.0 -9999.0 -9999.0 -9999.0 -9999.0 -9999.0 -9999.0 0.335421 0.460374 0.040476 0.040221 0.044941 0.050187 0.411267 0.197187 0.208064 0.084052 0.125446 0.077120 0.074325 0.071737 0.071677 0.072664 0.069043 0.165005 0.041054 0.110624 0.347064 0.520000 0.048579 0.432913 0.286553 0.380721 0.293533 0.103683 0.075113 0.075036 0.075664 0.251227 0.243372 0.232378 0.322979 0.422362 0.050948 0.270093 0.077174 0.054998 0.069891 0.463943 0.213239 0.108019 0.163675 0.251854 0.372064 0.326904 0.212468 0.128097 0.104502 0.075440 0.079504 0.125717 -9999.0
-9999.0 -9999.0 0.261003 0.391866 0.040054 0.044248 0.040132 0.040810 0.495970 0.475276 0.043745 0.040251 0.051850 0.520000 0.284368 0.519923 0.105662 0.040555 0.058865 0.267670 0.077599 0.074533 0.080412 0.073724 0.074337 0.080950 0.183363 0.214935 0.099060 0.280716 0.097728 0.130622 0.127822 0.079017 0.074734 0.076681 0.072914 0.073545 0.074454 0.077199 0.073556 0.073153 0.075818 0.157239 0.239924 0.240431 0.309637 0.249871 0.098492 0.087602 0.075828 0.093914 0.185079 0.240847 0.281537 0.216013 0.216095 0.147825 0.112356 0.085722 0.132338 0.138505 -9999.0
-9999.0 0.054121 0.040549 0.044717 0.044930 0.040339 0.040161 0.040560 0.040129 0.488259 0.041249 0.042120 0.520000 0.375429 0.494894 0.046364 0.044020 0.042798 0.045897 0.136400 0.078748 0.075483 0.108794 0.086992 0.068020 0.073692 0.070117 0.071190 0.072597 0.102323 0.074153 0.073659 0.072280 0.069845 0.071216 0.071239 0.070525 0.071703 0.071030 0.071827 0.071637 0.071105 0.070805 0.074507 0.075978 0.075263 0.086864 0.073342 0.071996 0.080388 0.095235 0.145691 0.215476 0.281123 0.286165 0.425975 0.354259 0.326254 0.409000 0.312650 0.264607 0.141774 -9999.0
-9999.0 0.352738 0.513168 0.096238 0.358407 0.051092 0.040060 0.040300 0.468314 0.453718 0.040931 0.040556 0.331738 0.400140 0.051460 0.040023 0.040630 0.042001 0.046381 0.177726 0.346820 0.164567 0.109696 0.163619 0.135284 0.099867 0.073573 0.071463 0.073465 0.072137 0.071977 0.072255 0.071167 0.071115 0.067081 0.070124 0.078640 0.075710 0.069142 0.069368 0.069099 0.069421 0.069076 0.071287 0.071060 0.070918 0.070897 0.072064 0.073890 0.079484 0.107029 0.144597 0.286159 0.446961 0.520000 0.065606 0.040734 0.056795 0.061524 0.051490 0.072526 -9999.0 -9999.0
-9999.0 0.139458 0.047380 0.040420 0.372588 0.346876 0.363226 0.040183 0.042449 0.041246 0.045011 0.082292 0.349337 0.490016 0.040227 0.040017 0.040464 0.040074 0.040031 0.040173 0.052000 0.067925 0.135803 0.162410 0.149693 0.091252 0.081715 0.077696 0.071015 0.072208 0.069956 0.069599 0.070977 0.070514 0.069954 0.069431 0.069357 0.074532 0.069271 0.068895 0.068641 0.077566 0.068574 0.068095 0.068407 0.069943 0.070952 0.073834 0.085483 0.085222 0.178882 0.292126 0.079464 0.520000 0.049270 0.040437 0.040390 0.040175 0.040236 -9999.0 -9999.0 -9999.0 -9999.0
