user2019/resources/simulation/Vinschgau/output-maps/thetaiceL0002N0179.asc
ncols         63
nrows         48
xllcorner     598000.000000
yllcorner     5145000.000000
cellsize      1000.000000
NODATA_value  -9999.0
[rows 0 to 28 of 48, columns 0 to 62 of 63]
-9999.0 -9999.0 -9999.0 -9999.0 -9999.0 -9999.0 -9999.0 -9999.0 -9999.0 -9999.0 -9999.0 -9999.0 -9999.0 -9999.0 -9999.0 -9999.0 -9999.0 -9999.0 -9999.0 -9999.0 -9999.0 -9999.0 -9999.0 -9999.0 -9999.0 -9999.0 -9999.0 -9999.0 -9999.0 -9999.0 -9999.0 -9999.0 -9999.0 -9999.0 -9999.0 -9999.0 -9999.0 -9999.0 -9999.0 -9999.0 -9999.0 -9999.0 -9999.0 -9999.0 -9999.0 -9999.0 -9999.0 -9999.0 -9999.0 -9999.0 -9999.0 -9999.0 -9999.0 -9999.0 -9999.0 -9999.0 -9999.0 -9999.0 -9999.0 -9999.0 -9999.0 -9999.0 -9999.0
-9999.0 -9999.0 -9999.0 -9999.0 -9999.0 -9999.0 -9999.0 -9999.0 -9999.0 -9999.0 -9999.0 -9999.0 -9999.0 -9999.0 -9999.0 -9999.0 -9999.0 -9999.0 -9999.0 -9999.0 -9999.0 -9999.0 -9999.0 -9999.0 -9999.0 -9999.0 -9999.0 0.098699 0.259053 0.093789 0.206872 0.195717 0.188831 -9999.0 -9999.0 -9999.0 -9999.0 -9999.0 -9999.0 -9999.0 -9999.0 -9999.0 -9999.0 -9999.0 -9999.0 -9999.0 -9999.0 -9999.0 -9999.0 -9999.0 -9999.0 -9999.0 -9999.0 -9999.0 -9999.0 -9999.0 -9999.0 -9999.0 -9999.0 -9999.0 -9999.0 -9999.0 -9999.0
-9999.0 -9999.0 -9999.0 -9999.0 -9999.0 -9999.0 -9999.0 -9999.0 -9999.0 -9999.0 -9999.0 -9999.0 -9999.0 -9999.0 -9999.0 -9999.0 -9999.0 -9999.0 -9999.0 -9999.0 -9999.0 -9999.0 -9999.0 -9999.0 0.241147 0.418733 0.430314 0.454298 0.476851 0.243504 0.151584 -9999.0 -9999.0 -9999.0 -9999.0 -9999.0 -9999.0 -9999.0 -9999.0 -9999.0 -9999.0 -9999.0 -9999.0 -9999.0 -9999.0 -9999.0 -9999.0 -9999.0 -9999.0 -9999.0 -9999.0 -9999.0 -9999.0 -9999.0 -9999.0 -9999.0 -9999.0 -9999.0 -9999.0 -9999.0 -9999.0 -9999.0 -9999.0
-9999.0 -9999.0 -9999.0 -9999.0 -9999.0 -9999.0 -9999.0 -9999.0 -9999.0 -9999.0 -9999.0 -9999.0 -9999.0 -9999.0 -9999.0 -9999.0 -9999.0 -9999.0 -9999.0 -9999.0 -9999.0 -9999.0 -9999.0 0.451269 0.479933 0.476079 0.478531 0.479861 0.479951 0.268445 0.331899 0.255737 -9999.0 -9999.0 -9999.0 -9999.0 -9999.0 -9999.0 -9999.0 -9999.0 -9999.0 -9999.0 -9999.0 -9999.0 -9999.0 -9999.0 -9999.0 -9999.0 -9999.0 -9999.0 -9999.0 -9999.0 -9999.0 -9999.0 -9999.0 -9999.0 -9999.0 -9999.0 -9999.0 -9999.0 -9999.0 -9999.0 -9999.0
-9999.0 -9999.0 -9999.0 -9999.0 -9999.0 -9999.0 -9999.0 -9999.0 -9999.0 -9999.0 -9999.0 -9999.0 -9999.0 -9999.0 -9999.0 -9999.0 -9999.0 -9999.0 0.475018 0.479793 -9999.0 0.282019 0.479885 0.478691 0.472964 0.479989 0.479927 0.479931 0.478184 0.479917 0.332111 0.310523 0.088072 0.081924 -9999.0 -9999.0 -9999.0 -9999.0 -9999.0 -9999.0 -9999.0 -9999.0 -9999.0 -9999.0 -9999.0 -9999.0 -9999.0 -9999.0 -9999.0 -9999.0 -9999.0 -9999.0 -9999.0 -9999.0 -9999.0 -9999.0 -9999.0 -9999.0 -9999.0 -9999.0 -9999.0 -9999.0 -9999.0
-9999.0 -9999.0 -9999.0 -9999.0 -9999.0 -9999.0 -9999.0 -9999.0 -9999.0 -9999.0 -9999.0 -9999.0 -9999.0 -9999.0 -9999.0 -9999.0 -9999.0 0.348040 0.479970 0.143044 0.077573 0.441693 0.479813 0.479962 0.476818 0.479982 0.471732 0.361785 0.478342 0.475414 0.479950 0.299724 0.080920 0.083554 0.064142 0.018192 -9999.0 -9999.0 -9999.0 -9999.0 -9999.0 -9999.0 -9999.0 -9999.0 -9999.0 -9999.0 -9999.0 -9999.0 -9999.0 -9999.0 -9999.0 -9999.0 -9999.0 -9999.0 -9999.0 -9999.0 -9999.0 -9999.0 -9999.0 -9999.0 -9999.0 -9999.0 -9999.0
-9999.0 -9999.0 -9999.0 -9999.0 -9999.0 -9999.0 -9999.0 -9999.0 -9999.0 -9999.0 -9999.0 -9999.0 -9999.0 0.247745 0.479855 0.475522 0.479770 0.167145 0.464557 0.479711 0.466578 0.463983 0.479959 0.478942 0.479984 0.114793 0.021788 0.322642 0.358831 0.380208 0.242152 0.119895 0.136083 0.157502 0.018646 0.018011 -9999.0 -9999.0 -9999.0 -9999.0 -9999.0 -9999.0 -9999.0 -9999.0 -9999.0 -9999.0 -9999.0 -9999.0 -9999.0 -9999.0 -9999.0 -9999.0 -9999.0 -9999.0 -9999.0 -9999.0 -9999.0 -9999.0 -9999.0 -9999.0 -9999.0 -9999.0 -9999.0
-9999.0 -9999.0 -9999.0 -9999.0 -9999.0 -9999.0 -9999.0 -9999.0 -9999.0 -9999.0 -9999.0 -9999.0 -9999.0 0.479884 0.475659 0.479226 0.479337 0.477693 0.166381 0.479971 0.479980 0.479979 0.479867 0.479952 0.479920 0.439222 0.237784 0.023163 0.034613 0.229432 0.253295 0.180095 0.019549 0.018167 0.018102 -9999.0 -9999.0 -9999.0 -9999.0 -9999.0 -9999.0 -9999.0 -9999.0 -9999.0 -9999.0 -9999.0 -9999.0 -9999.0 -9999.0 -9999.0 -9999.0 -9999.0 -9999.0 -9999.0 -9999.0 -9999.0 -9999.0 -9999.0 -9999.0 -9999.0 -9999.0 -9999.0 -9999.0
-9999.0 -9999.0 -9999.0 -9999.0 -9999.0 -9999.0 -9999.0 -9999.0 -9999.0 -9999.0 -9999.0 -9999.0 -9999.0 0.479834 0.472932 0.478809 0.479540 0.479795 0.166414 0.477744 0.479830 0.008871 0.479949 0.406076 0.283227 0.456627 0.094541 0.020327 0.287795 0.021268 0.176388 0.018370 0.018175 0.018010 0.018028 -9999.0 -9999.0 -9999.0 -9999.0 -9999.0 -9999.0 -9999.0 -9999.0 -9999.0 -9999.0 -9999.0 -9999.0 -9999.0 -9999.0 -9999.0 -9999.0 -9999.0 -9999.0 -9999.0 -9999.0 -9999.0 -9999.0 -9999.0 -9999.0 -9999.0 -9999.0 -9999.0 -9999.0
-9999.0 -9999.0 -9999.0 -9999.0 -9999.0 -9999.0 -9999.0 -9999.0 -9999.0 -9999.0 -9999.0 -9999.0 0.479861 0.476326 0.478753 0.160442 0.479224 0.478884 0.474329 0.152837 0.469444 0.355275 0.426695 0.432666 0.266009 0.163401 0.419333 0.216978 0.271205 0.019207 0.167983 0.084885 0.278958 0.017981 -9999.0 -9999.0 -9999.0 -9999.0 -9999.0 -9999.0 -9999.0 -9999.0 -9999.0 -9999.0 -9999.0 -9999.0 -9999.0 -9999.0 -9999.0 -9999.0 -9999.0 -9999.0 -9999.0 -9999.0 -9999.0 -9999.0 -9999.0 -9999.0 -9999.0 -9999.0 -9999.0 -9999.0 -9999.0
-9999.0 -9999.0 -9999.0 -9999.0 -9999.0 -9999.0 -9999.0 -9999.0 -9999.0 -9999.0 -9999.0 0.427648 0.478395 0.478848 0.149818 0.176033 0.017292 0.479528 0.473534 0.159355 0.479981 0.476413 0.196530 0.152879 0.358832 0.223490 0.152593 0.231155 0.209198 0.018337 0.080765 0.447041 0.059009 0.017868 0.040336 0.019213 0.417645 0.479996 0.464087 -9999.0 -9999.0 -9999.0 0.029800 -9999.0 -9999.0 -9999.0 -9999.0 -9999.0 -9999.0 -9999.0 -9999.0 -9999.0 -9999.0 -9999.0 -9999.0 -9999.0 -9999.0 -9999.0 -9999.0 -9999.0 -9999.0 -9999.0 -9999.0
-9999.0 -9999.0 -9999.0 -9999.0 -9999.0 -9999.0 -9999.0 -9999.0 -9999.0 -9999.0 -9999.0 0.206407 0.350408 0.479868 0.479886 0.185118 0.479874 0.479807 0.474724 0.478747 0.476169 0.479206 0.205610 0.432698 0.430628 0.162788 0.251340 0.457800 0.078501 0.018065 0.326280 0.216514 0.229543 0.172813 0.219893 0.242198 0.479995 0.466903 0.473821 0.037118 0.040929 0.023211 0.448661 0.034173 -9999.0 -9999.0 -9999.0 0.412371 0.479925 0.091725 0.479912 0.098913 0.096619 0.477539 0.477321 0.084887 -9999.0 -9999.0 -9999.0 -9999.0 -9999.0 -9999.0 -9999.0
-9999.0 -9999.0 -9999.0 -9999.0 -9999.0 -9999.0 -9999.0 -9999.0 -9999.0 -9999.0 -9999.0 0.242405 0.234792 0.475233 0.215372 0.241790 0.479851 0.476844 0.476556 0.473824 0.478022 0.479804 0.479880 0.420675 0.156433 0.089855 0.479970 0.368543 0.018002 0.225380 0.017927 0.421133 0.470024 0.199628 0.028359 0.474628 0.222054 0.432990 0.089886 0.116902 0.479996 0.460516 0.479460 0.239356 0.204822 -9999.0 0.025227 0.399637 0.479915 0.479883 0.479895 0.147823 0.479516 0.476584 0.476269 0.476995 -9999.0 -9999.0 -9999.0 -9999.0 -9999.0 -9999.0 -9999.0
-9999.0 -9999.0 -9999.0 -9999.0 -9999.0 -9999.0 -9999.0 -9999.0 -9999.0 -9999.0 -9999.0 -9999.0 0.232372 0.406307 0.479652 0.479893 0.476412 0.479925 0.474239 0.474449 0.479878 0.479783 0.479739 0.479867 0.294291 0.479956 0.475221 0.167485 0.166192 0.082330 0.251267 0.465297 0.245677 0.239401 0.223109 0.177740 0.479981 0.207067 0.041287 0.450597 0.479995 0.075436 0.470592 0.479976 0.089471 0.303013 0.086060 0.359495 0.355187 0.433360 0.479886 0.479896 0.478920 0.479030 0.196409 0.168949 0.473439 -9999.0 -9999.0 -9999.0 -9999.0 -9999.0 -9999.0
-9999.0 -9999.0 -9999.0 -9999.0 -9999.0 -9999.0 -9999.0 -9999.0 -9999.0 -9999.0 -9999.0 0.468039 0.252064 0.162171 0.479854 0.479848 0.479831 0.479963 0.478537 0.000000 0.479939 0.476896 0.479888 0.479975 0.479919 0.479846 0.440632 0.157586 0.272703 0.093396 0.479985 0.479986 0.479985 0.152132 0.236801 0.169008 0.112421 0.359278 0.477645 0.385981 0.475318 0.461814 0.467604 0.079123 0.479906 0.237270 0.465215 0.131985 0.138451 0.479986 0.029097 0.187484 0.210947 0.028186 0.017826 0.061849 0.104519 -9999.0 -9999.0 -9999.0 -9999.0 -9999.0 -9999.0
-9999.0 -9999.0 -9999.0 -9999.0 -9999.0 -9999.0 -9999.0 -9999.0 -9999.0 -9999.0 0.329000 0.479892 0.479881 0.264011 0.478824 0.479852 0.475916 0.477706 0.479398 0.459236 0.469616 0.478705 0.479832 0.476231 0.479360 0.479880 0.333558 0.028587 0.479956 0.479867 0.479940 0.422303 0.216180 0.208396 0.017790 0.030016 0.477555 0.479982 0.475236 0.473951 0.475408 0.165325 0.161699 0.245504 0.479979 0.094982 0.477625 0.458242 0.479876 0.479966 0.041298 0.052639 0.017870 0.057751 0.057945 0.477223 0.477107 -9999.0 -9999.0 -9999.0 -9999.0 -9999.0 -9999.0
-9999.0 -9999.0 -9999.0 -9999.0 -9999.0 -9999.0 -9999.0 -9999.0 -9999.0 0.267624 0.223240 0.479685 0.479825 0.479891 0.478481 0.470836 0.443583 0.476936 0.479848 0.000000 0.473315 0.479585 0.479779 0.478533 0.479854 0.407221 0.479986 0.479861 0.479754 0.476734 0.474588 0.401091 0.017862 0.018087 0.017995 0.017741 0.158254 0.335648 0.395378 0.461166 0.474864 0.472050 0.458557 0.067207 0.478762 0.479985 0.479644 0.478927 0.388587 0.479603 0.468244 0.102480 0.044038 0.042681 0.095745 0.479907 0.477533 0.173822 0.108797 -9999.0 -9999.0 -9999.0 -9999.0
-9999.0 -9999.0 -9999.0 -9999.0 -9999.0 -9999.0 -9999.0 -9999.0 -9999.0 0.188424 0.238358 0.196019 0.470068 0.479818 0.479874 0.479889 0.472692 0.471401 0.479916 0.472434 0.472380 0.479951 0.473887 0.479817 0.418375 0.479955 0.479659 0.479469 0.479979 0.479915 0.137388 0.441056 0.170474 0.181319 0.240531 0.077453 0.071245 0.059579 0.196447 0.239647 0.294687 0.284766 0.479984 0.475200 0.000000 0.479946 0.479963 0.479435 0.479754 0.464635 0.478872 0.479929 0.050698 0.207409 0.066359 0.417634 0.479529 0.479186 0.171747 -9999.0 -9999.0 -9999.0 -9999.0
-9999.0 -9999.0 -9999.0 -9999.0 -9999.0 -9999.0 -9999.0 -9999.0 -9999.0 -9999.0 0.234285 0.230387 0.479915 0.472746 0.479943 0.479859 0.479759 0.474234 0.000000 0.471799 0.470912 0.479948 0.479841 0.479879 0.479960 0.475516 0.479976 0.479980 0.195134 0.390013 0.331129 0.428206 0.275801 0.156060 0.439084 0.479981 0.479979 0.479989 0.086044 0.153862 0.148982 0.413686 0.470961 0.479978 0.406900 0.479291 0.478376 0.479565 0.474768 0.479983 0.479890 0.479894 0.106683 0.056747 0.219717 0.208205 0.200689 0.479753 0.479195 0.475388 -9999.0 -9999.0 -9999.0
-9999.0 -9999.0 -9999.0 -9999.0 -9999.0 -9999.0 -9999.0 -9999.0 -9999.0 -9999.0 0.218338 0.227351 0.211332 0.479875 0.471105 0.479273 0.465460 0.474664 0.000000 0.000000 0.466952 0.479601 0.473509 0.479681 0.479570 0.479977 0.479715 0.479955 0.451512 0.291768 0.169180 0.253040 0.026918 0.161053 0.170535 0.170692 0.479984 0.416417 0.344105 0.184940 0.241232 0.092545 0.301052 0.193237 0.196927 0.479956 0.479913 0.187481 0.301477 0.479982 0.479980 0.479895 0.479910 0.109069 0.085519 0.106487 0.201500 0.478907 0.473181 0.479245 -9999.0 -9999.0 -9999.0
-9999.0 -9999.0 -9999.0 -9999.0 -9999.0 -9999.0 -9999.0 -9999.0 0.479861 0.479907 0.297011 0.211198 0.479932 0.479943 0.479875 0.471378 0.479948 0.479860 0.000000 0.000000 0.000000 0.000000 0.477852 0.479749 0.479810 0.008293 0.478576 0.479976 0.479948 0.418229 0.018064 0.178307 0.196455 0.174733 0.202530 0.174428 0.311817 0.479986 0.421775 0.090990 0.023787 0.198296 0.031477 0.048671 0.115571 0.479907 0.301247 0.479904 0.478973 0.479928 0.479710 0.479907 0.479893 0.479918 0.105607 0.476174 0.173840 0.472913 0.479898 0.000000 -9999.0 -9999.0 -9999.0
-9999.0 -9999.0 -9999.0 -9999.0 -9999.0 -9999.0 -9999.0 -9999.0 0.030827 0.479874 0.452430 0.226332 0.256878 0.479885 0.479882 0.479279 0.479508 0.479799 0.000000 0.000000 0.000000 0.000000 0.126368 0.479925 0.000000 0.000000 0.478982 0.479967 0.033676 0.199361 0.186176 0.096229 0.211569 0.090411 0.278639 0.478348 0.479956 0.479967 0.391024 0.446620 0.205918 0.203266 0.055764 0.479914 0.479891 0.479916 0.029496 0.171602 0.479928 0.479875 0.479982 0.479881 0.479918 0.476777 0.479889 0.161509 0.479758 0.479792 0.479963 0.000000 0.000000 -9999.0 -9999.0
-9999.0 -9999.0 -9999.0 -9999.0 -9999.0 -9999.0 -9999.0 -9999.0 0.154786 0.479936 0.479866 0.344249 0.478422 0.031808 0.479560 0.479951 0.479970 0.479873 0.000000 0.000000 0.000000 0.000000 0.000000 0.000000 0.000000 0.479900 0.464834 0.440617 0.028413 0.467760 0.097431 0.479900 0.447573 0.431379 0.479923 0.479857 0.406538 0.479981 0.462142 0.308765 0.251089 0.102307 0.479920 0.162620 0.251545 0.188775 0.108478 0.479194 0.361447 0.479168 0.000000 0.479969 0.479967 0.479967 0.479971 0.479456 0.479982 0.474949 0.347559 0.099902 0.000000 -9999.0 -9999.0
-9999.0 -9999.0 -9999.0 -9999.0 -9999.0 -9999.0 -9999.0 -9999.0 0.017788 0.219615 0.477542 0.056752 0.478310 0.476765 0.479620 0.479890 0.000000 0.000000 0.471881 0.000000 0.000000 0.000000 0.000000 0.000000 0.467597 0.479040 0.479827 0.479256 0.479385 0.479681 0.436181 0.450692 0.479947 0.479820 0.402521 0.479918 0.479940 0.479752 0.479982 0.479904 0.479931 0.479927 0.479912 0.141151 0.479890 0.099138 0.479856 0.152043 0.479815 0.479970 0.479680 0.132759 0.479986 0.471754 0.479982 0.479956 0.455093 0.000000 0.000000 0.000000 0.337380 0.479449 -9999.0
-9999.0 -9999.0 -9999.0 -9999.0 -9999.0 -9999.0 -9999.0 -9999.0 0.261048 0.200763 0.478444 0.479769 0.479439 0.479623 0.474874 0.479773 0.475860 0.479966 0.479838 0.479316 0.000000 0.000000 0.000000 0.000000 0.478877 0.461005 0.479891 0.479736 0.474433 0.479437 0.479952 0.478207 0.479970 0.479791 0.458804 0.478179 0.479954 0.479613 0.476511 0.479941 0.472682 0.478261 0.479934 0.479975 0.477941 0.479886 0.469083 0.479712 0.479787 0.479977 0.479980 0.479971 0.259425 0.473899 0.479755 0.462594 0.290065 0.000000 0.281055 0.473468 0.477355 0.478556 -9999.0
-9999.0 -9999.0 0.248193 0.320540 0.307300 0.475137 0.479892 0.455893 0.286699 0.304370 0.479902 0.464537 0.478457 0.471316 0.479942 0.473428 0.475863 0.479938 0.460272 0.479769 0.475731 0.000000 0.000000 0.000000 0.469605 0.479945 0.475182 0.479767 0.477869 0.472864 0.479829 0.478043 0.473193 0.479480 0.479962 0.479404 0.479958 0.479602 0.479978 0.479933 0.479945 0.479975 0.479324 0.479720 0.479919 0.479757 0.479970 0.479215 0.479982 0.469320 0.473429 0.460168 0.337796 0.416578 0.431945 0.365064 0.464053 0.463395 0.479966 0.476864 0.478460 0.475771 -9999.0
-9999.0 0.479874 0.479875 0.479883 0.479893 0.479830 0.479903 0.394317 0.328945 0.209420 0.479910 0.478078 0.467169 0.475982 0.477642 0.479835 0.464925 0.479915 0.479131 0.479653 0.477435 0.000000 0.145075 0.000000 0.000000 0.477342 0.479901 0.479872 0.463837 0.479933 0.479975 0.479952 0.478291 0.479921 0.479971 0.479882 0.469230 0.479974 0.479947 0.479961 0.479979 0.479966 0.479974 0.479356 0.479979 0.479983 0.448083 0.000000 0.438435 0.000000 0.144746 0.385268 0.465732 0.477610 0.479495 0.479817 0.479640 0.479635 0.478847 0.478648 0.474695 0.474429 -9999.0
-9999.0 0.409831 0.479437 0.478865 0.474794 0.479325 0.479898 0.465348 0.289858 0.348229 0.479909 0.478456 0.478374 0.477940 0.477311 0.451526 0.479931 0.324349 0.477523 0.477026 0.477208 0.472996 0.000000 0.256416 0.479810 0.000111 0.000000 0.000000 0.000000 0.000000 0.000000 0.000000 0.473573 0.439148 0.478179 0.456966 0.474145 0.002570 0.451561 0.441967 0.354822 0.323826 0.473814 0.000000 0.000000 0.000000 0.000000 0.000000 0.000000 0.000000 0.449196 0.479981 0.479658 0.478208 0.479902 0.479174 0.479660 0.479112 0.479067 0.476175 0.476090 -9999.0 -9999.0
-9999.0 0.208733 0.479953 0.471054 0.479952 0.476327 0.475045 0.479852 0.479898 0.479895 0.477233 0.479391 0.479438 0.478142 0.478784 0.461898 0.479926 0.479917 0.466906 0.478980 0.479491 0.478245 0.476192 0.473644 0.479767 0.000000 0.000000 0.000000 0.000000 0.000000 0.000000 0.000000 0.000000 0.365947 0.177059 0.322580 0.452949 0.479367 0.364307 0.190214 0.000000 0.006622 0.000000 0.000000 0.000000 0.000000 0.294832 0.455116 0.448982 0.061171 0.477858 0.479747 0.477952 0.479311 0.479647 0.479035 0.478809 0.478792 0.477190 -9999.0 -9999.0 -9999.0 -9999.0
