user2019/resources/simulation/Vinschgau/output-maps/TL0002N0622.asc
ncols         63
nrows         48
xllcorner     598000.000000
yllcorner     5145000.000000
cellsize      1000.000000
NODATA_value  -9999.0
[rows 0 to 27 of 48, columns 0 to 61 of 63]
-9999.0 -9999.0 -9999.0 -9999.0 -9999.0 -9999.0 -9999.0 -9999.0 -9999.0 -9999.0 -9999.0 -9999.0 -9999.0 -9999.0 -9999.0 -9999.0 -9999.0 -9999.0 -9999.0 -9999.0 -9999.0 -9999.0 -9999.0 -9999.0 -9999.0 -9999.0 -9999.0 -9999.0 -9999.0 -9999.0 -9999.0 -9999.0 -9999.0 -9999.0 -9999.0 -9999.0 -9999.0 -9999.0 -9999.0 -9999.0 -9999.0 -9999.0 -9999.0 -9999.0 -9999.0 -9999.0 -9999.0 -9999.0 -9999.0 -9999.0 -9999.0 -9999.0 -9999.0 -9999.0 -9999.0 -9999.0 -9999.0 -9999.0 -9999.0 -9999.0 -9999.0 -9999.0
-9999.0 -9999.0 -9999.0 -9999.0 -9999.0 -9999.0 -9999.0 -9999.0 -9999.0 -9999.0 -9999.0 -9999.0 -9999.0 -9999.0 -9999.0 -9999.0 -9999.0 -9999.0 -9999.0 -9999.0 -9999.0 -9999.0 -9999.0 -9999.0 -9999.0 -9999.0 -9999.0 15.562904 14.391318 12.824191 11.730113 12.510346 12.101292 -9999.0 -9999.0 -9999.0 -9999.0 -9999.0 -9999.0 -9999.0 -9999.0 -9999.0 -9999.0 -9999.0 -9999.0 -9999.0 -9999.0 -9999.0 -9999.0 -9999.0 -9999.0 -9999.0 -9999.0 -9999.0 -9999.0 -9999.0 -9999.0 -9999.0 -9999.0 -9999.0 -9999.0 -9999.0
-9999.0 -9999.0 -9999.0 -9999.0 -9999.0 -9999.0 -9999.0 -9999.0 -9999.0 -9999.0 -9999.0 -9999.0 -9999.0 -9999.0 -9999.0 -9999.0 -9999.0 -9999.0 -9999.0 -9999.0 -9999.0 -9999.0 -9999.0 -9999.0 14.633901 15.092893 15.188335 15.194308 14.233122 13.514527 12.441499 -9999.0 -9999.0 -9999.0 -9999.0 -9999.0 -9999.0 -9999.0 -9999.0 -9999.0 -9999.0 -9999.0 -9999.0 -9999.0 -9999.0 -9999.0 -9999.0 -9999.0 -9999.0 -9999.0 -9999.0 -9999.0 -9999.0 -9999.0 -9999.0 -9999.0 -9999.0 -9999.0 -9999.0 -9999.0 -9999.0 -9999.0
-9999.0 -9999.0 -9999.0 -9999.0 -9999.0 -9999.0 -9999.0 -9999.0 -9999.0 -9999.0 -9999.0 -9999.0 -9999.0 -9999.0 -9999.0 -9999.0 -9999.0 -9999.0 -9999.0 -9999.0 -9999.0 -9999.0 -9999.0 15.130551 16.029754 15.718572 16.005798 16.075873 15.154130 14.649529 13.303935 12.406209 -9999.0 -9999.0 -9999.0 -9999.0 -9999.0 -9999.0 -9999.0 -9999.0 -9999.0 -9999.0 -9999.0 -9999.0 -9999.0 -9999.0 -9999.0 -9999.0 -9999.0 -9999.0 -9999.0 -9999.0 -9999.0 -9999.0 -9999.0 -9999.0 -9999.0 -9999.0 -9999.0 -9999.0 -9999.0 -9999.0
-9999.0 -9999.0 -9999.0 -9999.0 -9999.0 -9999.0 -9999.0 -9999.0 -9999.0 -9999.0 -9999.0 -9999.0 -9999.0 -9999.0 -9999.0 -9999.0 -9999.0 -9999.0 16.153917 14.472385 -9999.0 14.999359 15.682109 16.010794 16.083376 17.913304 16.639118 16.599796 17.614792 15.347845 14.633552 13.383374 14.295154 12.389890 -9999.0 -9999.0 -9999.0 -9999.0 -9999.0 -9999.0 -9999.0 -9999.0 -9999.0 -9999.0 -9999.0 -9999.0 -9999.0 -9999.0 -9999.0 -9999.0 -9999.0 -9999.0 -9999.0 -9999.0 -9999.0 -9999.0 -9999.0 -9999.0 -9999.0 -9999.0 -9999.0 -9999.0
-9999.0 -9999.0 -9999.0 -9999.0 -9999.0 -9999.0 -9999.0 -9999.0 -9999.0 -9999.0 -9999.0 -9999.0 -9999.0 -9999.0 -9999.0 -9999.0 -9999.0 17.536416 15.139839 16.281801 16.243666 13.762258 15.022135 16.103522 18.324023 13.533767 12.349669 13.454245 12.677145 14.178938 14.570163 13.603973 13.670733 12.314098 10.813042 9.546365 -9999.0 -9999.0 -9999.0 -9999.0 -9999.0 -9999.0 -9999.0 -9999.0 -9999.0 -9999.0 -9999.0 -9999.0 -9999.0 -9999.0 -9999.0 -9999.0 -9999.0 -9999.0 -9999.0 -9999.0 -9999.0 -9999.0 -9999.0 -9999.0 -9999.0 -9999.0
-9999.0 -9999.0 -9999.0 -9999.0 -9999.0 -9999.0 -9999.0 -9999.0 -9999.0 -9999.0 -9999.0 -9999.0 -9999.0 15.244951 14.821545 15.175903 16.947961 23.848752 17.234107 15.625213 16.101832 17.206388 18.334413 17.833270 12.854858 13.439055 12.718940 11.420822 12.941591 13.526763 12.711485 12.865316 12.370479 11.375500 10.952632 10.409841 -9999.0 -9999.0 -9999.0 -9999.0 -9999.0 -9999.0 -9999.0 -9999.0 -9999.0 -9999.0 -9999.0 -9999.0 -9999.0 -9999.0 -9999.0 -9999.0 -9999.0 -9999.0 -9999.0 -9999.0 -9999.0 -9999.0 -9999.0 -9999.0 -9999.0 -9999.0
-9999.0 -9999.0 -9999.0 -9999.0 -9999.0 -9999.0 -9999.0 -9999.0 -9999.0 -9999.0 -9999.0 -9999.0 -9999.0 15.710326 15.487824 15.674801 15.220824 19.586996 23.560454 18.847318 17.337600 16.800910 14.532335 14.126029 15.300756 13.808390 13.164081 11.506142 13.897738 11.730039 11.116413 10.849102 10.392580 8.738589 9.781138 -9999.0 -9999.0 -9999.0 -9999.0 -9999.0 -9999.0 -9999.0 -9999.0 -9999.0 -9999.0 -9999.0 -9999.0 -9999.0 -9999.0 -9999.0 -9999.0 -9999.0 -9999.0 -9999.0 -9999.0 -9999.0 -9999.0 -9999.0 -9999.0 -9999.0 -9999.0 -9999.0
-9999.0 -9999.0 -9999.0 -9999.0 -9999.0 -9999.0 -9999.0 -9999.0 -9999.0 -9999.0 -9999.0 -9999.0 -9999.0 15.516114 15.987213 16.047858 14.905338 16.125535 24.272040 17.063270 16.595038 15.199549 12.529715 12.470086 14.712994 13.040469 12.816558 12.477507 13.199843 12.488859 10.356980 0.752723 8.386464 0.729523 9.368697 -9999.0 -9999.0 -9999.0 -9999.0 -9999.0 -9999.0 -9999.0 -9999.0 -9999.0 -9999.0 -9999.0 -9999.0 -9999.0 -9999.0 -9999.0 -9999.0 -9999.0 -9999.0 -9999.0 -9999.0 -9999.0 -9999.0 -9999.0 -9999.0 -9999.0 -9999.0 -9999.0
-9999.0 -9999.0 -9999.0 -9999.0 -9999.0 -9999.0 -9999.0 -9999.0 -9999.0 -9999.0 -9999.0 -9999.0 15.441979 15.515502 15.920934 13.916734 12.663143 15.095679 20.424884 17.448396 14.957481 12.598014 12.266182 12.290548 12.479816 11.441931 11.020845 12.203206 12.639976 9.964915 0.618720 11.722223 10.909173 10.219803 -9999.0 -9999.0 -9999.0 -9999.0 -9999.0 -9999.0 -9999.0 -9999.0 -9999.0 -9999.0 -9999.0 -9999.0 -9999.0 -9999.0 -9999.0 -9999.0 -9999.0 -9999.0 -9999.0 -9999.0 -9999.0 -9999.0 -9999.0 -9999.0 -9999.0 -9999.0 -9999.0 -9999.0
-9999.0 -9999.0 -9999.0 -9999.0 -9999.0 -9999.0 -9999.0 -9999.0 -9999.0 -9999.0 -9999.0 14.412462 13.678750 12.702743 13.638743 14.374309 14.762767 14.362303 20.218064 14.712828 14.000909 14.744131 14.099247 13.932295 12.392888 12.155069 10.591172 14.250908 11.795896 0.492327 14.672752 14.060582 11.514954 12.704378 14.474310 15.745687 15.975552 17.871876 17.892681 -9999.0 -9999.0 -9999.0 14.818746 -9999.0 -9999.0 -9999.0 -9999.0 -9999.0 -9999.0 -9999.0 -9999.0 -9999.0 -9999.0 -9999.0 -9999.0 -9999.0 -9999.0 -9999.0 -9999.0 -9999.0 -9999.0 -9999.0
-9999.0 -9999.0 -9999.0 -9999.0 -9999.0 -9999.0 -9999.0 -9999.0 -9999.0 -9999.0 -9999.0 12.750724 13.326279 12.755709 13.763816 13.676005 15.223571 16.603943 20.421094 17.733639 17.180139 15.424844 14.116596 10.470530 10.531871 13.031990 14.356677 13.862089 12.239586 11.150058 13.355079 13.029056 12.883775 12.202606 13.049469 15.645716 20.587155 19.828832 17.771500 15.109878 15.498422 15.310910 15.670628 14.796937 -9999.0 -9999.0 -9999.0 11.880061 12.951999 12.449656 13.259011 14.333937 13.911791 12.130641 11.488346 1.257915 -9999.0 -9999.0 -9999.0 -9999.0 -9999.0 -9999.0
-9999.0 -9999.0 -9999.0 -9999.0 -9999.0 -9999.0 -9999.0 -9999.0 -9999.0 -9999.0 -9999.0 12.546175 13.836121 11.545945 14.092965 15.042166 12.471871 13.225331 18.530257 18.014532 13.350300 12.918645 11.478590 14.329895 12.679565 16.590831 11.857683 10.913582 12.903339 11.353316 14.615543 11.590442 14.479872 11.548880 15.285555 18.388685 14.883364 15.217020 20.380867 17.067246 18.585419 16.744103 17.403347 15.028170 12.806829 -9999.0 13.415614 12.596551 13.803078 14.604054 14.836847 14.536551 14.062948 14.490039 13.580673 12.743534 -9999.0 -9999.0 -9999.0 -9999.0 -9999.0 -9999.0
-9999.0 -9999.0 -9999.0 -9999.0 -9999.0 -9999.0 -9999.0 -9999.0 -9999.0 -9999.0 -9999.0 -9999.0 12.638631 10.446011 14.563675 15.068998 11.233380 13.027922 19.848436 18.065348 13.448789 12.987224 12.740961 11.616873 10.167233 11.734761 14.400883 11.864430 11.644249 15.145669 14.481813 11.481600 14.625476 13.099063 12.837321 16.278691 13.423241 15.265430 21.218390 17.981739 21.049410 20.161773 14.425199 16.384861 15.518337 13.427560 15.164120 13.847346 11.402742 13.259924 14.381124 12.101863 12.956482 11.259674 11.047358 12.107078 12.941631 -9999.0 -9999.0 -9999.0 -9999.0 -9999.0
-9999.0 -9999.0 -9999.0 -9999.0 -9999.0 -9999.0 -9999.0 -9999.0 -9999.0 -9999.0 -9999.0 10.450773 13.221374 14.580056 11.504024 12.152000 13.008330 12.810407 19.467209 15.242955 13.713477 12.416259 12.433727 11.158343 11.815210 12.894787 11.446536 11.673106 14.003289 16.533004 11.904461 12.603495 14.164778 12.384534 11.932350 14.793709 16.198093 14.736370 16.656638 22.007771 15.578805 16.584626 15.575349 15.303578 16.770950 13.272128 14.205424 16.583856 16.956583 14.665270 10.745166 12.461258 10.146263 9.295009 8.949877 12.804716 12.152748 -9999.0 -9999.0 -9999.0 -9999.0 -9999.0
-9999.0 -9999.0 -9999.0 -9999.0 -9999.0 -9999.0 -9999.0 -9999.0 -9999.0 -9999.0 14.252508 11.301232 14.583204 14.905648 15.884269 12.606250 12.015830 12.021038 15.143065 15.414222 16.711769 15.055715 11.551748 16.868646 13.690133 12.084428 10.447515 10.633866 15.639070 16.202275 13.156838 12.257858 12.739434 10.721685 10.516547 15.220954 17.813308 13.909113 14.412253 17.768557 17.859992 16.607657 20.789016 15.695679 14.130303 15.591986 15.720153 13.497401 14.205181 13.996793 11.054285 10.735028 8.253862 0.957963 11.987068 13.654610 12.643022 -9999.0 -9999.0 -9999.0 -9999.0 -9999.0
-9999.0 -9999.0 -9999.0 -9999.0 -9999.0 -9999.0 -9999.0 -9999.0 -9999.0 13.484456 13.359533 11.038597 11.940775 11.287762 11.518518 11.202921 11.506665 17.483850 15.117851 16.298637 18.297483 13.536186 13.241038 14.973087 13.251850 10.984088 10.746226 16.427928 13.639960 13.996930 13.948549 10.331160 11.942898 11.247186 14.301170 14.974047 14.392198 12.189176 12.194265 14.080725 14.574250 13.382554 13.398822 16.600557 15.453051 14.401966 18.005456 13.359530 13.568779 14.758997 11.592434 11.097653 0.860767 1.193332 11.923667 11.127476 11.528738 15.712552 14.732027 -9999.0 -9999.0 -9999.0
-9999.0 -9999.0 -9999.0 -9999.0 -9999.0 -9999.0 -9999.0 -9999.0 -9999.0 11.597459 12.267844 14.839047 16.559588 13.127925 12.360521 11.954434 16.668207 14.453247 15.928008 20.757899 19.943225 19.934465 16.290684 15.349322 11.303298 11.933765 13.250160 14.163718 15.319913 15.003576 13.992028 10.121107 11.777217 11.740956 12.737753 15.899935 16.374219 17.505292 14.324930 14.845878 12.300756 11.591699 14.215842 15.549823 16.015865 17.172379 16.747846 15.682560 15.240277 14.572912 10.595270 9.381076 11.774149 11.099808 11.990486 9.783894 11.827657 12.179851 16.672033 -9999.0 -9999.0 -9999.0
-9999.0 -9999.0 -9999.0 -9999.0 -9999.0 -9999.0 -9999.0 -9999.0 -9999.0 -9999.0 13.584188 14.071655 12.561356 12.559992 13.781521 12.753458 13.580466 15.437961 16.976439 17.817157 18.636322 14.310684 12.432659 11.928107 12.183533 14.057826 15.156848 15.371460 14.069525 10.442140 10.198149 11.198700 8.964971 12.329939 13.847273 14.917196 16.148645 15.033846 14.497891 12.281663 12.659211 16.624913 16.471616 13.452367 13.462608 13.864879 14.391243 17.955096 17.092945 15.237379 11.512554 11.596435 11.561838 1.149440 0.908041 12.401487 13.903314 14.946890 14.987891 15.252144 -9999.0 -9999.0
-9999.0 -9999.0 -9999.0 -9999.0 -9999.0 -9999.0 -9999.0 -9999.0 -9999.0 -9999.0 13.465046 14.201017 14.680038 13.210585 18.577755 13.454838 13.199931 15.224734 18.432788 17.959840 15.967029 14.054444 12.512516 12.899041 13.818897 15.850965 16.198919 13.131549 11.001585 9.013828 12.070997 13.623175 9.670413 10.684274 13.224819 13.667249 13.265060 12.539688 10.669782 11.733971 13.310328 14.952825 0.543516 14.377773 15.323275 12.347449 13.398799 13.566885 15.515634 16.993664 14.967274 0.607478 10.571222 11.445475 12.711233 14.964911 13.063930 13.867277 16.317863 17.429310 -9999.0 -9999.0
-9999.0 -9999.0 -9999.0 -9999.0 -9999.0 -9999.0 -9999.0 -9999.0 14.713317 14.103213 14.225558 13.426096 11.485712 11.767038 12.421221 14.758647 16.146157 22.051499 19.374116 18.698007 17.773833 16.625281 15.615059 14.219436 15.331489 16.023617 16.610228 11.622237 10.803573 9.330268 1.065692 12.171718 11.746578 12.697783 12.678812 12.337581 15.827020 12.509930 9.413701 13.508491 12.601108 13.665940 9.962417 13.803734 17.703885 15.708861 10.336288 12.544299 13.893355 17.032870 15.345925 12.835820 11.374157 9.199460 15.686872 15.301748 17.334971 18.052581 16.864852 17.812809 -9999.0 -9999.0
-9999.0 -9999.0 -9999.0 -9999.0 -9999.0 -9999.0 -9999.0 -9999.0 11.515568 11.638070 10.726541 12.954913 14.045362 12.213577 11.878636 13.400373 14.536724 15.111221 18.436074 19.473842 23.813299 22.073930 20.060632 19.547866 16.507897 15.984323 13.961542 12.484268 9.959241 13.068408 13.023532 15.818237 12.236066 15.143972 12.784750 14.755423 16.008399 13.210605 11.013881 13.273440 11.886923 10.771334 13.962677 14.968568 15.533600 11.509677 9.861071 14.563552 13.464128 15.314379 16.942339 13.903640 10.676783 15.053666 16.885670 14.013113 14.622896 16.009341 18.687784 20.199575 20.758408 -9999.0
-9999.0 -9999.0 -9999.0 -9999.0 -9999.0 -9999.0 -9999.0 -9999.0 13.679590 14.837944 14.815026 10.716140 14.484178 11.574554 12.804474 12.303063 14.034789 16.992876 18.292414 23.125708 19.656719 22.405109 22.159786 18.442618 20.768443 15.076437 13.171589 11.003397 10.546539 14.263264 16.448791 14.512419 10.222974 10.597479 13.577049 15.345934 1.445800 13.635718 10.845906 10.568715 11.676698 14.645233 12.884014 13.470464 10.589961 12.426416 14.621392 14.750375 11.585098 14.299665 16.917813 15.825396 12.025972 11.879394 15.354825 15.940036 17.259610 18.232085 20.094110 20.350880 20.183353 -9999.0
-9999.0 -9999.0 -9999.0 -9999.0 -9999.0 -9999.0 -9999.0 -9999.0 14.106851 15.547655 12.761876 11.349116 15.748163 13.001001 13.211142 14.399832 16.921273 18.563608 18.187846 17.999698 18.913131 19.352393 21.949768 20.695829 15.363009 13.551894 12.089635 10.529417 16.111763 12.658716 11.916794 12.348248 13.208713 12.900865 10.892955 15.334729 16.675388 14.433723 0.972682 10.994691 12.711515 13.904439 13.335881 16.186126 13.683569 16.211153 15.341663 15.826425 15.802573 13.909484 14.762649 17.353689 16.624096 15.855510 17.338085 18.008601 18.988863 18.482544 19.788311 20.175684 18.945952 16.754508
-9999.0 -9999.0 -9999.0 -9999.0 -9999.0 -9999.0 -9999.0 -9999.0 13.302317 15.360942 0.602400 12.385195 13.235692 14.077149 19.027033 17.330703 17.329139 15.125426 13.716242 15.339539 17.127100 18.914932 18.635813 18.018699 18.144184 13.041017 11.175242 13.509575 14.302521 13.513809 11.605283 13.585365 15.077988 13.477770 0.550766 0.638682 13.840188 15.334139 14.459534 13.055835 12.540925 0.989073 13.525938 12.777295 11.431316 16.177605 13.460127 14.317343 14.233888 16.243834 17.699982 17.041889 17.529492 18.933918 18.906688 18.915916 19.627191 19.746157 19.707300 19.092759 17.888060 16.327840
-9999.0 -9999.0 14.951905 15.139354 11.335471 11.928737 11.894210 10.928321 14.485775 14.632223 0.720771 14.044599 14.146054 16.266819 20.628637 15.855232 13.786580 11.707599 12.686080 13.459762 15.339258 17.753193 18.229925 17.694887 16.691591 14.484094 13.275323 13.444766 14.745246 16.204092 12.403914 13.014247 17.875714 13.711287 15.238696 13.923621 16.355062 16.302005 15.126078 13.106647 14.751283 15.320174 14.473226 14.778800 12.516828 14.423561 15.404537 14.514330 17.294186 18.652509 19.693296 19.980985 19.535746 19.449212 19.193870 22.392578 18.511569 18.380430 17.818853 17.389018 18.465008 15.736893
-9999.0 12.610832 12.555355 12.392337 12.224959 12.516987 11.749053 10.050451 9.941135 13.908602 12.020705 13.226405 15.300546 18.841793 18.111214 13.425611 12.428456 11.072629 12.651791 13.498499 15.531752 16.379930 20.479586 17.309703 20.818644 17.137847 19.841613 20.682918 17.292088 16.299122 16.376143 16.122536 15.927261 18.994467 17.074022 18.247965 18.566699 18.134876 18.294752 17.729338 17.700769 17.452963 16.983586 15.200970 14.849147 15.610639 17.853770 17.897439 19.980428 19.961120 19.174603 18.801726 18.160475 18.022330 17.908538 17.215443 15.874823 15.994504 16.373231 17.282309 15.167479 15.679879
-9999.0 14.719508 13.108463 13.156376 16.549194 12.822973 10.638268 10.617269 14.065880 14.735806 12.395689 13.087202 15.413449 18.518372 14.172965 11.570456 11.084226 11.643135 13.551222 13.180874 16.361110 14.608100 16.072875 17.210122 21.489015 22.516782 17.943781 18.946002 18.626754 18.585263 18.956142 18.491339 17.053150 17.440945 21.004339 19.687942 24.373289 24.844839 20.254428 20.398625 20.013661 18.923110 18.309734 18.253813 19.518580 20.017895 20.506468 20.175939 18.965543 18.943624 17.322889 16.365418 16.018216 16.701550 15.915198 14.289749 14.670314 13.894648 13.934976 13.630120 14.100666 -9999.0
