user2019/resources/simulation/Vinschgau/output-maps/TL0008N0832.asc
ncols         63
nrows         48
xllcorner     598000.000000
yllcorner     5145000.000000
cellsize      1000.000000
NODATA_value  -9999.0
[rows 0 to 27 of 48, columns 0 to 62 of 63]
-9999.0 -9999.0 -9999.0 -9999.0 -9999.0 -9999.0 -9999.0 -9999.0 -9999.0 -9999.0 -9999.0 -9999.0 -9999.0 -9999.0 -9999.0 -9999.0 -9999.0 -9999.0 -9999.0 -9999.0 -9999.0 -9999.0 -9999.0 -9999.0 -9999.0 -9999.0 -9999.0 -9999.0 -9999.0 -9999.0 -9999.0 -9999.0 -9999.0 -9999.0 -9999.0 -9999.0 -9999.0 -9999.0 -9999.0 -9999.0 -9999.0 -9999.0 -9999.0 -9999.0 -9999.0 -9999.0 -9999.0 -9999.0 -9999.0 -9999.0 -9999.0 -9999.0 -9999.0 -9999.0 -9999.0 -9999.0 -9999.0 -9999.0 -9999.0 -9999.0 -9999.0 -9999.0 -9999.0
-9999.0 -9999.0 -9999.0 -9999.0 -9999.0 -9999.0 -9999.0 -9999.0 -9999.0 -9999.0 -9999.0 -9999.0 -9999.0 -9999.0 -9999.0 -9999.0 -9999.0 -9999.0 -9999.0 -9999.0 -9999.0 -9999.0 -9999.0 -9999.0 -9999.0 -9999.0 -9999.0 -5.291636 -3.317119 -4.554962 -4.619164 -5.362552 -5.756071 -9999.0 -9999.0 -9999.0 -9999.0 -9999.0 -9999.0 -9999.0 -9999.0 -9999.0 -9999.0 -9999.0 -9999.0 -9999.0 -9999.0 -9999.0 -9999.0 -9999.0 -9999.0 -9999.0 -9999.0 -9999.0 -9999.0 -9999.0 -9999.0 -9999.0 -9999.0 -9999.0 -9999.0 -9999.0 -9999.0
-9999.0 -9999.0 -9999.0 -9999.0 -9999.0 -9999.0 -9999.0 -9999.0 -9999.0 -9999.0 -9999.0 -9999.0 -9999.0 -9999.0 -9999.0 -9999.0 -9999.0 -9999.0 -9999.0 -9999.0 -9999.0 -9999.0 -9999.0 -9999.0 -0.004728 -0.003178 -0.001836 -0.003475 -2.702076 -4.152321 -4.760317 -9999.0 -9999.0 -9999.0 -9999.0 -9999.0 -9999.0 -9999.0 -9999.0 -9999.0 -9999.0 -9999.0 -9999.0 -9999.0 -9999.0 -9999.0 -9999.0 -9999.0 -9999.0 -9999.0 -9999.0 -9999.0 -9999.0 -9999.0 -9999.0 -9999.0 -9999.0 -9999.0 -9999.0 -9999.0 -9999.0 -9999.0 -9999.0
-9999.0 -9999.0 -9999.0 -9999.0 -9999.0 -9999.0 -9999.0 -9999.0 -9999.0 -9999.0 -9999.0 -9999.0 -9999.0 -9999.0 -9999.0 -9999.0 -9999.0 -9999.0 -9999.0 -9999.0 -9999.0 -9999.0 -9999.0 -0.002919 -0.000820 0.095883 0.456104 0.698839 -0.002303 -0.009974 -4.554064 -5.336357 -9999.0 -9999.0 -9999.0 -9999.0 -9999.0 -9999.0 -9999.0 -9999.0 -9999.0 -9999.0 -9999.0 -9999.0 -9999.0 -9999.0 -9999.0 -9999.0 -9999.0 -9999.0 -9999.0 -9999.0 -9999.0 -9999.0 -9999.0 -9999.0 -9999.0 -9999.0 -9999.0 -9999.0 -9999.0 -9999.0 -9999.0
-9999.0 -9999.0 -9999.0 -9999.0 -9999.0 -9999.0 -9999.0 -9999.0 -9999.0 -9999.0 -9999.0 -9999.0 -9999.0 -9999.0 -9999.0 -9999.0 -9999.0 -9999.0 0.069524 -0.001855 -9999.0 -0.001967 -0.001057 0.003060 0.104564 0.984964 0.031590 0.026644 0.054568 -0.001029 -0.397265 -4.299075 -6.374567 -8.525531 -9999.0 -9999.0 -9999.0 -9999.0 -9999.0 -9999.0 -9999.0 -9999.0 -9999.0 -9999.0 -9999.0 -9999.0 -9999.0 -9999.0 -9999.0 -9999.0 -9999.0 -9999.0 -9999.0 -9999.0 -9999.0 -9999.0 -9999.0 -9999.0 -9999.0 -9999.0 -9999.0 -9999.0 -9999.0
-9999.0 -9999.0 -9999.0 -9999.0 -9999.0 -9999.0 -9999.0 -9999.0 -9999.0 -9999.0 -9999.0 -9999.0 -9999.0 -9999.0 -9999.0 -9999.0 -9999.0 4.005709 2.106186 1.107059 -1.521468 0.001072 -0.001209 -0.001723 0.066991 -0.001918 -0.002401 -0.001590 -0.002313 0.004122 -0.002539 -4.374006 -4.649823 -5.200585 -7.107436 -8.318710 -9999.0 -9999.0 -9999.0 -9999.0 -9999.0 -9999.0 -9999.0 -9999.0 -9999.0 -9999.0 -9999.0 -9999.0 -9999.0 -9999.0 -9999.0 -9999.0 -9999.0 -9999.0 -9999.0 -9999.0 -9999.0 -9999.0 -9999.0 -9999.0 -9999.0 -9999.0 -9999.0
-9999.0 -9999.0 -9999.0 -9999.0 -9999.0 -9999.0 -9999.0 -9999.0 -9999.0 -9999.0 -9999.0 -9999.0 -9999.0 -0.002017 0.002830 1.768513 3.509084 3.442206 3.579283 0.051798 0.031544 0.010264 0.159436 0.029001 -0.001475 -0.001437 -1.781587 -0.887875 -0.002798 -0.001764 -0.000211 -1.301625 -4.987079 -5.725525 -6.218424 -8.595657 -9999.0 -9999.0 -9999.0 -9999.0 -9999.0 -9999.0 -9999.0 -9999.0 -9999.0 -9999.0 -9999.0 -9999.0 -9999.0 -9999.0 -9999.0 -9999.0 -9999.0 -9999.0 -9999.0 -9999.0 -9999.0 -9999.0 -9999.0 -9999.0 -9999.0 -9999.0 -9999.0
-9999.0 -9999.0 -9999.0 -9999.0 -9999.0 -9999.0 -9999.0 -9999.0 -9999.0 -9999.0 -9999.0 -9999.0 -9999.0 0.000095 0.996193 2.484477 2.779547 2.708526 3.480001 1.366227 2.459647 0.469649 0.868001 -0.001283 -0.001303 -0.002204 -3.263578 -4.826224 -5.924555 -0.452949 -0.564282 -4.317727 -6.285225 -9.670035 -7.580797 -9999.0 -9999.0 -9999.0 -9999.0 -9999.0 -9999.0 -9999.0 -9999.0 -9999.0 -9999.0 -9999.0 -9999.0 -9999.0 -9999.0 -9999.0 -9999.0 -9999.0 -9999.0 -9999.0 -9999.0 -9999.0 -9999.0 -9999.0 -9999.0 -9999.0 -9999.0 -9999.0 -9999.0
-9999.0 -9999.0 -9999.0 -9999.0 -9999.0 -9999.0 -9999.0 -9999.0 -9999.0 -9999.0 -9999.0 -9999.0 -9999.0 0.559749 0.459343 1.737103 2.068832 3.049591 3.750874 3.451034 0.694320 -0.002311 -0.001964 -0.002087 0.000232 -0.001453 -3.615904 -6.204135 -5.302816 -8.575131 -4.947894 -10.154765 -10.588100 -11.360130 -8.995532 -9999.0 -9999.0 -9999.0 -9999.0 -9999.0 -9999.0 -9999.0 -9999.0 -9999.0 -9999.0 -9999.0 -9999.0 -9999.0 -9999.0 -9999.0 -9999.0 -9999.0 -9999.0 -9999.0 -9999.0 -9999.0 -9999.0 -9999.0 -9999.0 -9999.0 -9999.0 -9999.0 -9999.0
-9999.0 -9999.0 -9999.0 -9999.0 -9999.0 -9999.0 -9999.0 -9999.0 -9999.0 -9999.0 -9999.0 -9999.0 -0.001098 0.056224 1.146231 0.004552 0.495635 2.350970 3.253302 2.135078 0.020935 -0.001975 -0.002370 -0.001483 -0.000031 -3.530837 -1.473378 -4.890114 -4.914151 -6.506365 -10.081078 -6.682135 -5.946780 -9.394906 -9999.0 -9999.0 -9999.0 -9999.0 -9999.0 -9999.0 -9999.0 -9999.0 -9999.0 -9999.0 -9999.0 -9999.0 -9999.0 -9999.0 -9999.0 -9999.0 -9999.0 -9999.0 -9999.0 -9999.0 -9999.0 -9999.0 -9999.0 -9999.0 -9999.0 -9999.0 -9999.0 -9999.0 -9999.0
-9999.0 -9999.0 -9999.0 -9999.0 -9999.0 -9999.0 -9999.0 -9999.0 -9999.0 -9999.0 -9999.0 -0.000522 0.351388 0.567547 0.399482 0.000829 0.851467 2.264640 3.354853 1.544472 0.813853 0.021657 -0.003430 -2.607657 -0.970720 -3.007481 -5.416711 -3.834195 -0.007094 -8.155337 -6.896877 -4.832158 -6.249799 -7.787115 -7.039847 -6.012956 -5.056779 -3.971868 -3.720355 -9999.0 -9999.0 -9999.0 -7.904073 -9999.0 -9999.0 -9999.0 -9999.0 -9999.0 -9999.0 -9999.0 -9999.0 -9999.0 -9999.0 -9999.0 -9999.0 -9999.0 -9999.0 -9999.0 -9999.0 -9999.0 -9999.0 -9999.0 -9999.0
-9999.0 -9999.0 -9999.0 -9999.0 -9999.0 -9999.0 -9999.0 -9999.0 -9999.0 -9999.0 -9999.0 -0.001464 0.708894 1.737250 1.768190 -0.002029 2.926707 2.939068 3.513142 2.288527 0.734554 -0.000067 -0.001583 -0.015115 -1.949608 -3.750668 -4.053043 -3.201476 -4.832904 -7.774440 -4.101876 -3.718020 -5.313900 -6.260710 -6.957163 -4.148389 -0.865011 -0.181056 -3.503951 -7.422044 -7.376664 -7.876068 -4.383159 -6.388321 -9999.0 -9999.0 -9999.0 -0.008402 -7.231510 -6.908922 -6.181846 -7.951560 -8.191844 -0.006897 -0.007316 -8.718599 -9999.0 -9999.0 -9999.0 -9999.0 -9999.0 -9999.0 -9999.0
-9999.0 -9999.0 -9999.0 -9999.0 -9999.0 -9999.0 -9999.0 -9999.0 -9999.0 -9999.0 -9999.0 -0.002181 -0.000823 -0.002393 0.006594 -0.000009 0.001809 2.371561 2.507329 2.399577 1.269325 -0.001549 -0.002020 -0.004443 -3.822779 -5.079492 -0.002695 -2.140271 -5.449256 -6.633233 -5.879424 -4.208964 -2.814226 -5.879593 -6.403675 -3.388528 -2.949142 -2.589623 -0.004966 -5.704673 -3.314163 -5.184229 -3.122296 -3.629916 -5.969014 -9999.0 -9.242477 -5.992481 -4.370258 -3.252128 -2.940645 -3.962828 -3.862125 -4.482150 -4.861608 -5.734846 -9999.0 -9999.0 -9999.0 -9999.0 -9999.0 -9999.0 -9999.0
-9999.0 -9999.0 -9999.0 -9999.0 -9999.0 -9999.0 -9999.0 -9999.0 -9999.0 -9999.0 -9999.0 -9999.0 -0.001449 -0.000884 -0.000128 -0.000064 -0.001995 1.653556 2.847317 2.400072 1.014244 -0.001758 -0.006485 -0.002088 -0.814100 -0.002560 -0.000354 -3.249319 -4.667252 -6.301810 -4.114069 -3.684945 -2.700367 -4.923592 -5.533043 -3.678984 -0.007553 -0.002665 0.009499 -2.189986 -0.007550 -3.425736 -3.336091 -0.001921 -5.914340 -6.231329 -7.364751 -5.827726 -3.431798 -0.014535 0.000076 -3.350546 -0.002210 -0.006390 -5.039994 -4.581172 -5.443500 -9999.0 -9999.0 -9999.0 -9999.0 -9999.0 -9999.0
-9999.0 -9999.0 -9999.0 -9999.0 -9999.0 -9999.0 -9999.0 -9999.0 -9999.0 -9999.0 -9999.0 -0.000926 -0.004089 -0.003209 -0.002016 -0.001055 -0.000525 0.945927 2.257782 3.013257 1.265629 -0.001790 -0.000902 -0.025540 -0.002039 -0.003423 -0.000826 -4.840798 -4.994367 -4.742761 -0.003748 -1.358641 -2.930645 -4.763194 -6.989303 -4.196529 -3.851628 -0.006009 0.046494 -0.002613 -0.006798 -0.002127 -0.002719 -0.044313 -0.002029 -4.558165 -4.655271 -4.624499 -3.675141 -0.002477 -4.236296 -4.607096 -5.717473 -7.239624 -8.448408 -8.912437 -6.540515 -9999.0 -9999.0 -9999.0 -9999.0 -9999.0 -9999.0
-9999.0 -9999.0 -9999.0 -9999.0 -9999.0 -9999.0 -9999.0 -9999.0 -9999.0 -9999.0 -0.000031 -0.001793 -0.001574 -0.001736 -0.000203 -0.000235 -0.000293 -0.002173 2.427571 2.677266 0.947062 0.111620 -0.647098 -0.000258 -0.000946 -0.000034 -2.236657 -5.171911 -2.438169 -0.005491 -0.006369 -0.004579 -0.215214 -4.810524 -8.776958 -5.851009 -2.069002 -1.094341 -0.028692 -0.001103 -0.001265 0.068249 0.523297 0.260085 -0.001298 -4.513662 -3.104472 -1.244636 -0.006377 -0.000981 -5.203500 -7.102140 -8.972861 -9.774432 -9.928427 -4.879789 -4.861528 -9999.0 -9999.0 -9999.0 -9999.0 -9999.0 -9999.0
-9999.0 -9999.0 -9999.0 -9999.0 -9999.0 -9999.0 -9999.0 -9999.0 -9999.0 -3.554738 -0.000741 -0.000856 -0.002905 -0.001203 -0.000854 -0.001313 -0.000982 0.004130 2.137638 3.108558 1.287313 -0.002869 -0.001488 0.000701 0.004627 -1.633228 -1.431867 -0.004017 -0.002538 -0.001059 -0.000891 -1.834651 -5.568942 -8.456446 -7.627060 -5.953964 -4.272976 -2.698842 -0.006414 -0.002028 -0.042577 -0.002101 -0.400345 0.888317 0.262482 -0.001816 -0.000528 -0.005056 -0.004728 0.012760 -2.871331 -6.584242 -10.746711 -9.603063 -7.796870 -6.586868 -4.877850 -6.069956 -7.393088 -9999.0 -9999.0 -9999.0 -9999.0
-9999.0 -9999.0 -9999.0 -9999.0 -9999.0 -9999.0 -9999.0 -9999.0 -9999.0 -5.445835 -4.697341 -0.024622 0.003234 -0.001080 -0.001286 -0.001288 -0.000169 0.000686 2.694547 2.306077 1.929906 0.853302 0.105169 0.000306 -1.234256 -0.002974 -0.001230 -0.000919 -0.000692 0.002204 -0.002028 -2.218250 -3.754858 -5.798397 -4.579353 -5.898208 -5.357315 -4.020116 -3.750473 -0.016553 -0.000992 -1.660006 -0.002031 -0.000246 1.559120 0.749420 0.395562 -0.001633 -0.001776 -0.000906 -3.079078 -6.245498 -9.111865 -8.039526 -6.914487 -6.237949 -5.505655 -3.939019 -4.974329 -9999.0 -9999.0 -9999.0 -9999.0
-9999.0 -9999.0 -9999.0 -9999.0 -9999.0 -9999.0 -9999.0 -9999.0 -9999.0 -9999.0 -4.371164 -1.668606 -0.000899 0.002346 -0.001295 -0.001263 -0.000897 0.222093 3.422898 2.910051 1.896776 1.283379 -0.001453 -0.001290 -0.002069 -0.001092 -0.001072 0.002448 -0.002002 -1.729857 -2.119544 -0.000620 -4.585963 -5.240685 -3.963646 -2.965982 -0.001897 -0.001687 -5.326441 -4.176277 -4.564716 -0.001681 -0.000005 -0.001281 -0.001058 -0.001597 0.363477 0.444801 1.062962 -0.001487 -2.031780 -3.448885 -7.898966 -8.862833 -8.166693 -6.042074 -4.442893 -0.000538 -0.652194 -0.000981 -9999.0 -9999.0 -9999.0
-9999.0 -9999.0 -9999.0 -9999.0 -9999.0 -9999.0 -9999.0 -9999.0 -9999.0 -9999.0 -4.787598 -3.081628 -0.002193 -0.002012 0.151590 -0.002536 -0.002226 1.417431 3.889935 3.655851 2.514533 0.190802 -0.001959 -0.001612 -0.001222 0.002354 0.463829 -0.002098 -1.447315 -4.230035 -4.176394 -2.873722 -4.642949 -6.011390 -3.960967 -0.010185 -0.000417 -0.002035 -2.707640 -5.022285 -3.770292 -3.281600 -2.686973 -0.484306 -0.000726 -0.402658 -0.000782 -0.001087 1.577688 0.794691 -0.002312 -2.722289 -4.850290 -7.412411 -9.508951 -8.672223 -6.059005 -0.005576 0.656583 0.609814 -9999.0 -9999.0 -9999.0
-9999.0 -9999.0 -9999.0 -9999.0 -9999.0 -9999.0 -9999.0 -9999.0 -0.004677 -4.023195 -5.299845 -0.757715 -2.450242 -2.224973 -0.114744 0.896798 1.675715 1.753095 3.641273 4.225642 4.316236 2.687852 1.646961 -0.003037 0.000278 1.349082 0.044777 -0.750416 -1.391190 -4.287212 -8.865737 -4.220351 -4.013777 -5.662223 -3.931658 -3.592080 -0.001129 -0.001223 -2.723120 -5.952756 -4.687660 -0.076417 -4.240557 -5.565663 -3.322614 -0.000325 -2.533393 -0.000867 -0.001151 1.224584 -0.002032 -0.922313 -3.645526 -6.730884 -8.194745 -5.215751 -5.741429 -0.000552 -0.001106 2.411340 -9999.0 -9999.0 -9999.0
-9999.0 -9999.0 -9999.0 -9999.0 -9999.0 -9999.0 -9999.0 -9999.0 -3.778026 -1.477359 -3.667356 -5.114621 -3.377884 -0.001921 -0.007980 -0.001560 0.665088 1.215961 4.496787 4.721081 4.256975 3.420338 1.867772 0.505903 2.040260 2.169074 0.209954 -0.001513 -4.344704 -4.896756 -5.762630 -5.459725 -5.049586 -5.278110 -1.780746 -0.002640 -0.001349 -0.000835 -0.003493 -1.591857 -4.182533 -7.470125 -5.148930 -1.012582 -0.000665 -0.002648 -4.606408 -2.373803 -0.002207 0.876182 0.608985 -0.000893 -3.670290 -5.804888 -3.351560 -3.510229 -0.006180 -0.001749 1.307260 3.879550 4.852706 -9999.0 -9999.0
-9999.0 -9999.0 -9999.0 -9999.0 -9999.0 -9999.0 -9999.0 -9999.0 -4.015345 -0.002157 -2.107398 -4.486424 -3.475219 -3.913846 -0.001468 -0.929415 -0.002972 0.741166 4.531880 4.388519 5.174996 4.289497 3.463870 3.284649 2.277928 1.865889 -0.000598 -1.237978 -4.933687 -3.893600 -4.873222 -0.004118 -1.895123 -2.316393 -0.002138 -0.001970 -0.002925 1.083999 -0.002104 -0.018979 -2.709503 -4.744697 -0.008105 -0.001719 -0.006119 -0.017427 -5.881829 -2.109316 -0.014167 -0.000993 1.905388 -0.002028 -3.723366 -3.535915 -0.012547 -0.001235 0.001410 1.204070 3.268864 3.646594 4.474021 -9999.0 -9999.0
-9999.0 -9999.0 -9999.0 -9999.0 -9999.0 -9999.0 -9999.0 -9999.0 -6.853385 -1.741188 -0.001073 -4.794612 -4.275602 -0.000823 -0.409427 -0.000850 2.736516 4.233562 2.684468 4.959199 4.568312 5.027037 4.377281 3.892364 2.576976 0.274598 -0.001956 -2.161449 -0.001665 -0.623337 -0.006160 -0.011848 -0.003013 -0.001353 -0.003437 -0.002024 0.002378 2.631566 -0.000373 -0.001919 -0.007646 -0.004638 -0.007007 -3.359656 -0.299943 -4.625146 -2.317528 -3.843263 -3.104141 -0.006646 -0.001514 1.516921 -0.001433 -0.000035 0.000690 0.421949 1.914236 3.015779 4.304719 4.248315 3.220119 1.726953 -9999.0
-9999.0 -9999.0 -9999.0 -9999.0 -9999.0 -9999.0 -9999.0 -9999.0 -6.620344 -0.048126 -0.000068 -1.736184 -1.826989 -0.167189 0.003115 0.872368 1.242912 1.393850 -0.001614 1.593467 3.873510 4.398654 4.671362 4.378250 1.332476 -0.002468 -0.784732 -0.001079 -0.000139 -0.000934 -0.001804 -0.000847 0.363646 0.000751 -0.000871 0.001050 0.954673 4.426557 3.781482 0.622200 -0.000602 -0.000541 -0.001296 -0.001267 -0.005634 -0.002115 -0.002437 -0.004842 -0.002526 -0.001500 0.122701 0.911294 1.283945 0.519085 1.147314 1.628317 2.386597 3.085980 3.564245 3.114053 2.835017 1.147194 -9999.0
-9999.0 -9999.0 -3.412463 -0.005397 -3.345948 -0.003675 -3.468562 -3.377414 -4.409424 -2.940770 -0.003743 -0.000245 -0.364065 -0.000509 0.080538 0.615366 -0.001163 -0.941014 -0.001001 -0.001487 1.510624 4.044251 3.664066 5.499918 2.547697 0.919677 -0.002598 -0.002030 1.233272 0.016565 -0.001577 -0.001149 1.318766 1.865316 2.136060 3.150991 4.358212 6.576687 5.487401 3.050567 2.128313 2.143349 2.532311 0.929766 -0.000999 -0.000905 0.149916 0.715019 0.907048 1.920985 2.593947 2.699844 2.066027 1.646710 1.588428 2.038724 2.023959 2.340212 1.861196 2.273265 0.492013 0.432370 -9999.0
-9999.0 -0.001277 -0.002274 -0.002297 -0.003844 -2.807033 -3.459678 -3.510274 -4.735327 -5.135087 -1.156067 -0.898849 0.014866 0.097331 0.124776 -0.401182 -0.002182 -0.007710 -0.000888 -0.001701 1.345536 2.728956 2.071283 3.247766 2.840605 2.160947 1.108135 1.369805 2.391777 1.464911 1.248368 1.201706 2.467251 3.603087 4.821102 6.073623 7.459585 9.712217 7.641401 6.219972 5.350203 5.150339 4.428818 3.218481 2.123813 2.558990 2.806524 4.313706 4.017885 4.349968 3.341302 2.610236 1.783842 1.071407 0.986373 0.558237 0.304661 0.614793 0.206783 0.010289 0.000031 0.227654 -9999.0
-9999.0 -0.001324 -0.003250 -0.002010 0.030786 -0.008111 -2.689558 -3.824226 -4.774500 -5.458006 -1.840180 -1.286280 -0.001695 0.131357 -0.003292 -2.625111 -3.612018 -0.099923 -0.001805 -0.003094 0.012558 1.027827 1.713138 0.977255 2.264217 3.223495 4.836212 4.493583 3.949257 4.943119 5.722139 5.316503 4.177771 5.095854 6.125853 8.011676 9.821801 10.953044 10.120553 9.293028 8.509981 7.643876 6.475056 7.059000 7.291623 6.883714 5.406925 5.168768 4.669875 4.041859 2.375197 1.199797 0.387029 0.901325 0.297680 -0.000857 -0.002387 -0.000937 -0.001873 -0.000922 -0.000661 -9999.0 -9999.0
