user2019/resources/simulation/Vinschgau/output-maps/TL0004N0057.asc
ncols         63
nrows         48
xllcorner     598000.000000
yllcorner     5145000.000000
cellsize      1000.000000
NODATA_value  -9999.0
[rows 0 to 27 of 48, columns 0 to 62 of 63]
-9999.0 -9999.0 -9999.0 -9999.0 -9999.0 -9999.0 -9999.0 -9999.0 -9999.0 -9999.0 -9999.0 -9999.0 -9999.0 -9999.0 -9999.0 -9999.0 -9999.0 -9999.0 -9999.0 -9999.0 -9999.0 -9999.0 -9999.0 -9999.0 -9999.0 -9999.0 -9999.0 -9999.0 -9999.0 -9999.0 -9999.0 -9999.0 -9999.0 -9999.0 -9999.0 -9999.0 -9999.0 -9999.0 -9999.0 -9999.0 -9999.0 -9999.0 -9999.0 -9999.0 -9999.0 -9999.0 -9999.0 -9999.0 -9999.0 -9999.0 -9999.0 -9999.0 -9999.0 -9999.0 -9999.0 -9999.0 -9999.0 -9999.0 -9999.0 -9999.0 -9999.0 -9999.0 -9999.0
-9999.0 -9999.0 -9999.0 -9999.0 -9999.0 -9999.0 -9999.0 -9999.0 -9999.0 -9999.0 -9999.0 -9999.0 -9999.0 -9999.0 -9999.0 -9999.0 -9999.0 -9999.0 -9999.0 -9999.0 -9999.0 -9999.0 -9999.0 -9999.0 -9999.0 -9999.0 -9999.0 -0.531681 -0.734427 -1.052299 -1.341999 -1.229037 -1.214529 -9999.0 -9999.0 -9999.0 -9999.0 -9999.0 -9999.0 -9999.0 -9999.0 -9999.0 -9999.0 -9999.0 -9999.0 -9999.0 -9999.0 -9999.0 -9999.0 -9999.0 -9999.0 -9999.0 -9999.0 -9999.0 -9999.0 -9999.0 -9999.0 -9999.0 -9999.0 -9999.0 -9999.0 -9999.0 -9999.0
-9999.0 -9999.0 -9999.0 -9999.0 -9999.0 -9999.0 -9999.0 -9999.0 -9999.0 -9999.0 -9999.0 -9999.0 -9999.0 -9999.0 -9999.0 -9999.0 -9999.0 -9999.0 -9999.0 -9999.0 -9999.0 -9999.0 -9999.0 -9999.0 -0.083857 -0.787361 -1.178968 -1.987791 -1.403648 -1.255517 -1.308955 -9999.0 -9999.0 -9999.0 -9999.0 -9999.0 -9999.0 -9999.0 -9999.0 -9999.0 -9999.0 -9999.0 -9999.0 -9999.0 -9999.0 -9999.0 -9999.0 -9999.0 -9999.0 -9999.0 -9999.0 -9999.0 -9999.0 -9999.0 -9999.0 -9999.0 -9999.0 -9999.0 -9999.0 -9999.0 -9999.0 -9999.0 -9999.0
-9999.0 -9999.0 -9999.0 -9999.0 -9999.0 -9999.0 -9999.0 -9999.0 -9999.0 -9999.0 -9999.0 -9999.0 -9999.0 -9999.0 -9999.0 -9999.0 -9999.0 -9999.0 -9999.0 -9999.0 -9999.0 -9999.0 -9999.0 -0.330090 -0.772047 -0.005286 -0.005727 -0.004330 -0.048206 -2.310133 -1.286053 -0.776722 -9999.0 -9999.0 -9999.0 -9999.0 -9999.0 -9999.0 -9999.0 -9999.0 -9999.0 -9999.0 -9999.0 -9999.0 -9999.0 -9999.0 -9999.0 -9999.0 -9999.0 -9999.0 -9999.0 -9999.0 -9999.0 -9999.0 -9999.0 -9999.0 -9999.0 -9999.0 -9999.0 -9999.0 -9999.0 -9999.0 -9999.0
-9999.0 -9999.0 -9999.0 -9999.0 -9999.0 -9999.0 -9999.0 -9999.0 -9999.0 -9999.0 -9999.0 -9999.0 -9999.0 -9999.0 -9999.0 -9999.0 -9999.0 -9999.0 0.023724 0.000803 -9999.0 -0.135208 -0.382268 0.009378 0.019014 2.670983 -0.336796 -0.328963 2.611347 -0.061126 -1.631691 -1.063399 -1.468352 -1.465747 -9999.0 -9999.0 -9999.0 -9999.0 -9999.0 -9999.0 -9999.0 -9999.0 -9999.0 -9999.0 -9999.0 -9999.0 -9999.0 -9999.0 -9999.0 -9999.0 -9999.0 -9999.0 -9999.0 -9999.0 -9999.0 -9999.0 -9999.0 -9999.0 -9999.0 -9999.0 -9999.0 -9999.0 -9999.0
-9999.0 -9999.0 -9999.0 -9999.0 -9999.0 -9999.0 -9999.0 -9999.0 -9999.0 -9999.0 -9999.0 -9999.0 -9999.0 -9999.0 -9999.0 -9999.0 -9999.0 4.996998 3.113835 1.357576 -0.391719 -0.386706 -0.061220 -0.008523 0.640993 -0.111360 -0.693905 -0.138659 -0.891873 -0.476888 -0.058179 -1.984120 -1.719361 -1.452891 -0.826145 -1.328188 -9999.0 -9999.0 -9999.0 -9999.0 -9999.0 -9999.0 -9999.0 -9999.0 -9999.0 -9999.0 -9999.0 -9999.0 -9999.0 -9999.0 -9999.0 -9999.0 -9999.0 -9999.0 -9999.0 -9999.0 -9999.0 -9999.0 -9999.0 -9999.0 -9999.0 -9999.0 -9999.0
-9999.0 -9999.0 -9999.0 -9999.0 -9999.0 -9999.0 -9999.0 -9999.0 -9999.0 -9999.0 -9999.0 -9999.0 -9999.0 -0.195989 -0.011561 -0.005563 4.296279 6.394515 4.379043 0.955139 0.280913 1.929698 2.962399 0.256759 -0.061098 -1.194771 -1.304659 -0.708204 -1.119534 -0.208683 -0.219758 -1.271303 -1.089032 -1.507539 -1.376737 -1.550462 -9999.0 -9999.0 -9999.0 -9999.0 -9999.0 -9999.0 -9999.0 -9999.0 -9999.0 -9999.0 -9999.0 -9999.0 -9999.0 -9999.0 -9999.0 -9999.0 -9999.0 -9999.0 -9999.0 -9999.0 -9999.0 -9999.0 -9999.0 -9999.0 -9999.0 -9999.0 -9999.0
-9999.0 -9999.0 -9999.0 -9999.0 -9999.0 -9999.0 -9999.0 -9999.0 -9999.0 -9999.0 -9999.0 -9999.0 -9999.0 -0.007445 1.341666 1.121976 0.950277 4.623175 6.959225 2.933936 3.858228 -0.015006 -0.006417 -0.025345 -0.050748 -0.358969 -0.850771 -1.217811 -1.238018 -1.228529 -0.374569 -1.362493 -1.368428 -1.967206 -1.828934 -9999.0 -9999.0 -9999.0 -9999.0 -9999.0 -9999.0 -9999.0 -9999.0 -9999.0 -9999.0 -9999.0 -9999.0 -9999.0 -9999.0 -9999.0 -9999.0 -9999.0 -9999.0 -9999.0 -9999.0 -9999.0 -9999.0 -9999.0 -9999.0 -9999.0 -9999.0 -9999.0 -9999.0
-9999.0 -9999.0 -9999.0 -9999.0 -9999.0 -9999.0 -9999.0 -9999.0 -9999.0 -9999.0 -9999.0 -9999.0 -9999.0 -0.007790 1.786026 2.755791 -0.008189 2.450425 6.488254 4.274936 -0.005285 -0.752818 -0.031767 -0.282887 -0.106667 -0.013006 -0.685732 -1.174635 -0.929795 -1.202668 -1.249611 -1.678172 -1.664068 -1.951282 -2.145239 -9999.0 -9999.0 -9999.0 -9999.0 -9999.0 -9999.0 -9999.0 -9999.0 -9999.0 -9999.0 -9999.0 -9999.0 -9999.0 -9999.0 -9999.0 -9999.0 -9999.0 -9999.0 -9999.0 -9999.0 -9999.0 -9999.0 -9999.0 -9999.0 -9999.0 -9999.0 -9999.0 -9999.0
-9999.0 -9999.0 -9999.0 -9999.0 -9999.0 -9999.0 -9999.0 -9999.0 -9999.0 -9999.0 -9999.0 -9999.0 -0.005624 0.038795 0.022286 -0.351893 -0.022535 0.210156 5.677325 3.217936 -0.012586 -0.619503 -0.655364 -0.220821 -0.466085 -1.170395 -0.171145 -0.552409 -0.741913 -1.205918 -1.297386 -0.975940 -1.199699 -1.199503 -9999.0 -9999.0 -9999.0 -9999.0 -9999.0 -9999.0 -9999.0 -9999.0 -9999.0 -9999.0 -9999.0 -9999.0 -9999.0 -9999.0 -9999.0 -9999.0 -9999.0 -9999.0 -9999.0 -9999.0 -9999.0 -9999.0 -9999.0 -9999.0 -9999.0 -9999.0 -9999.0 -9999.0 -9999.0
-9999.0 -9999.0 -9999.0 -9999.0 -9999.0 -9999.0 -9999.0 -9999.0 -9999.0 -9999.0 -9999.0 -0.112063 -0.069051 -0.006834 -0.263913 -0.430682 -0.367828 -0.006636 5.937009 3.374135 -0.011078 -0.009359 -0.262299 -0.799038 -0.681196 -0.853667 -1.071426 -0.372201 -0.529921 -1.326515 -0.614371 -1.550335 -0.834163 -1.062446 -1.319687 -2.166260 -3.044153 -0.178879 -0.043606 -9999.0 -9999.0 -9999.0 -1.288814 -9999.0 -9999.0 -9999.0 -9999.0 -9999.0 -9999.0 -9999.0 -9999.0 -9999.0 -9999.0 -9999.0 -9999.0 -9999.0 -9999.0 -9999.0 -9999.0 -9999.0 -9999.0 -9999.0 -9999.0
-9999.0 -9999.0 -9999.0 -9999.0 -9999.0 -9999.0 -9999.0 -9999.0 -9999.0 -9999.0 -9999.0 -0.190394 -0.130038 -0.006116 -0.007235 -0.564723 -0.010326 2.849798 5.705131 4.449669 1.107190 0.024058 -0.265744 -0.283009 -0.446174 -0.872154 -0.391992 -0.594741 -1.005810 -1.163600 -0.924392 -1.461004 -1.787957 -1.368014 -1.593061 -2.148714 -0.014679 -0.007889 -0.011833 -0.640021 -2.794605 -2.593717 -2.094339 -0.920068 -9999.0 -9999.0 -9999.0 -0.012115 -0.011697 -0.037239 -0.009187 -0.011221 -0.010598 -0.003931 -0.003936 -0.011739 -9999.0 -9999.0 -9999.0 -9999.0 -9999.0 -9999.0 -9999.0
-9999.0 -9999.0 -9999.0 -9999.0 -9999.0 -9999.0 -9999.0 -9999.0 -9999.0 -9999.0 -9999.0 -0.264076 -0.537179 -0.448726 -0.091894 -0.430533 -0.021983 -0.006375 4.829295 4.881895 -0.005462 -0.006696 -0.009841 -0.130529 -0.992663 -0.323193 -0.250746 -0.569159 -0.868273 -1.077323 -1.127565 -0.965206 -1.375895 -1.514716 -1.458154 -0.084463 -0.045761 -0.013882 0.638063 3.126135 -0.029102 -2.930915 -1.624713 -1.845575 -0.727473 -9999.0 -0.281833 -0.017799 -0.008840 -0.000542 -0.003695 -0.089965 0.004049 0.017599 0.012763 -0.003161 -9999.0 -9999.0 -9999.0 -9999.0 -9999.0 -9999.0 -9999.0
-9999.0 -9999.0 -9999.0 -9999.0 -9999.0 -9999.0 -9999.0 -9999.0 -9999.0 -9999.0 -9999.0 -9999.0 -0.498644 -0.100914 -0.005534 -0.008076 -0.055560 -0.016503 5.947595 4.836196 -0.005990 -0.007372 -0.004403 -0.016488 -0.472133 -0.209717 0.020762 -0.933657 -1.000847 -0.455698 -0.518805 -1.108471 -1.161846 -1.216076 -1.723494 -2.508473 -0.158437 -0.045944 3.673126 -0.016268 -0.041706 0.953861 -0.118951 -0.051644 -0.789748 -0.363305 -0.249037 -0.020607 -0.232936 -0.657223 -0.253709 -0.017248 -0.063950 -0.015421 -0.142887 -0.174065 -0.007952 -9999.0 -9999.0 -9999.0 -9999.0 -9999.0 -9999.0
-9999.0 -9999.0 -9999.0 -9999.0 -9999.0 -9999.0 -9999.0 -9999.0 -9999.0 -9999.0 -9999.0 -0.012480 -0.526789 -0.786909 -0.010719 -0.010134 -0.013406 -0.022346 4.901204 4.571422 2.040375 0.027150 -0.009369 -0.023856 -0.027467 -0.008658 -0.275357 -0.962662 -0.352069 -0.621713 -0.733068 -0.691277 -0.495160 -1.210430 -2.014864 -2.601687 -3.208462 -0.119345 -0.028616 0.326838 -0.080857 -0.021228 -0.011045 0.434732 -0.037991 -0.341755 -0.059074 -0.258012 -0.131873 -0.703328 -0.688096 -0.699935 -0.460483 -0.660255 -0.587032 -0.672306 -0.009568 -9999.0 -9999.0 -9999.0 -9999.0 -9999.0 -9999.0
-9999.0 -9999.0 -9999.0 -9999.0 -9999.0 -9999.0 -9999.0 -9999.0 -9999.0 -9999.0 -0.109334 -0.009050 -0.005716 -0.253512 -0.005101 -0.012783 -0.185718 -0.057215 3.576273 4.459985 4.601131 -0.006148 -0.007694 0.051572 -0.007645 -0.117333 -0.966436 -0.392453 -0.002104 -0.002987 -0.051658 -0.591376 -0.985697 -1.520311 -2.374285 -2.500981 -1.147428 -0.141794 -0.019948 -0.013058 -0.008835 -0.020854 0.048514 0.083267 -0.041938 -1.238350 -0.036235 -0.432083 -0.048427 -0.043909 -0.038866 -0.688993 -0.676988 -0.698072 -0.634572 0.001627 -0.003609 -9999.0 -9999.0 -9999.0 -9999.0 -9999.0 -9999.0
-9999.0 -9999.0 -9999.0 -9999.0 -9999.0 -9999.0 -9999.0 -9999.0 -9999.0 -0.653490 -0.169560 -0.147890 -0.010555 -0.008871 -0.006465 -0.230333 -0.666457 0.018297 3.854122 4.610493 5.074814 -0.021361 -0.012986 0.001401 -0.057742 -0.789507 -0.386263 0.008320 -0.009950 -0.040442 -0.007216 -0.690918 -1.256705 -1.277857 -0.982022 -1.858516 -1.926055 -2.072794 -2.321352 -0.284627 -0.027377 -1.460296 -1.306364 1.804542 -0.004435 -0.040116 -0.002333 -0.921372 -1.176071 -0.004550 -0.553681 -0.011109 -0.752125 -0.043782 -0.012704 -0.019989 -0.006937 0.007458 -0.001539 -9999.0 -9999.0 -9999.0 -9999.0
-9999.0 -9999.0 -9999.0 -9999.0 -9999.0 -9999.0 -9999.0 -9999.0 -9999.0 -0.846558 -0.527115 -0.875282 0.399627 -0.010086 -0.009645 -0.007939 0.025173 -0.010719 4.576010 5.549209 5.570487 6.249938 -0.008235 -0.005092 -0.793624 -0.077557 -0.023952 -0.012390 0.029953 -0.172359 -0.557162 -1.076059 -1.099038 -1.105298 -1.268960 -1.773795 -1.793888 -1.674231 -1.637109 -1.595586 -0.399010 -1.388405 -0.072103 -0.012433 3.243833 3.481378 3.182580 0.010039 -0.005371 -0.007581 -0.261024 -0.073443 -0.015214 -0.063265 -0.632132 -0.024316 -0.010910 -0.009229 0.010916 -9999.0 -9999.0 -9999.0 -9999.0
-9999.0 -9999.0 -9999.0 -9999.0 -9999.0 -9999.0 -9999.0 -9999.0 -9999.0 -9999.0 -0.698305 -0.877046 -0.066125 -0.007254 -0.008857 -0.008550 -0.007057 0.544484 5.343839 4.915485 3.992352 3.329722 -0.006175 -0.004235 -0.066978 -0.016815 0.037664 0.919258 -0.372922 -0.810384 -1.077023 -0.186976 -1.265332 -1.127059 -0.929082 -0.581099 -0.687472 -1.001507 -0.970727 -1.281726 -1.308599 -0.552703 -0.249396 -0.697869 -1.337674 -0.068335 0.028237 -0.002717 3.513794 -0.004749 -0.981289 -0.119509 -0.009895 -0.013856 -0.171042 -0.604021 -0.096374 -0.014254 -0.003780 -0.004327 -9999.0 -9999.0 -9999.0
-9999.0 -9999.0 -9999.0 -9999.0 -9999.0 -9999.0 -9999.0 -9999.0 -9999.0 -9999.0 -0.700178 -0.814765 -0.266919 -0.008533 2.189771 -0.007685 -0.016189 3.387194 5.791430 5.368144 4.207418 -0.007014 -0.008133 -0.010698 -0.010560 0.050712 3.206134 -0.018469 -0.388311 -1.202914 -1.070575 -0.246112 -0.505839 -1.204227 -1.176901 -1.243159 -0.171352 -1.063723 -1.152016 -1.054473 -0.474998 -0.681406 -0.310840 -1.067262 -0.214580 -0.126155 -0.102515 -0.972500 3.110500 3.016157 -0.006275 -0.067776 -0.016706 -0.009136 -0.011993 -0.007822 -0.654700 -0.007198 2.722326 3.276134 -9999.0 -9999.0 -9999.0
-9999.0 -9999.0 -9999.0 -9999.0 -9999.0 -9999.0 -9999.0 -9999.0 -0.005995 -0.007407 -0.573267 -0.239262 -0.584527 -0.635049 -0.012893 3.197658 3.816011 6.301407 5.537683 5.709805 5.630109 4.676115 3.934388 1.379501 0.026752 3.922501 0.009766 -0.182579 -0.202807 -1.020582 -0.989176 -1.105485 -0.796053 -0.706219 -0.388674 -1.192794 -0.117026 -0.868065 -0.565930 -0.588629 -0.725245 -1.052238 -1.045240 -0.987410 -0.203733 -0.009870 -0.980562 -0.010443 -0.005026 2.531593 -0.001992 -0.176701 -0.014801 -0.021691 -0.000449 0.010731 0.009862 0.006630 0.013779 5.186653 -9999.0 -9999.0 -9999.0
-9999.0 -9999.0 -9999.0 -9999.0 -9999.0 -9999.0 -9999.0 -9999.0 -0.867872 -0.007443 -0.349670 -0.734387 -0.554182 -0.010033 -0.009760 -0.009412 2.505052 3.061995 5.790203 6.010171 8.928575 7.767518 6.515243 6.017191 4.772612 4.881254 0.063823 -0.183544 -1.015079 -0.235773 -0.419946 -0.501132 -0.257379 -0.553511 -0.048113 -0.044930 -0.550553 -0.070720 -0.877330 -0.061382 -1.083309 -1.090378 -1.006744 -0.010892 -0.270809 -0.022532 -0.817567 -0.875983 -0.304571 2.874933 2.941856 -0.051248 -0.016466 0.004968 -0.399154 -0.121279 -0.049721 -0.001835 3.745600 5.948271 6.211710 -9999.0 -9999.0
-9999.0 -9999.0 -9999.0 -9999.0 -9999.0 -9999.0 -9999.0 -9999.0 -0.769167 -0.470115 -0.006216 -0.642930 -0.113227 -0.834531 -0.006171 -0.013404 0.040685 3.394338 5.893318 7.063731 6.345903 7.313133 7.628866 5.659538 7.306015 4.083055 -0.004742 -0.520903 -0.802200 -0.521893 -0.421967 -0.212727 -0.616034 -0.911890 -0.011265 -0.006460 -0.269676 -0.015237 -0.462525 -0.249316 -0.173500 -0.493866 -0.008553 -0.303334 -0.349281 -0.626489 -0.114152 -0.005031 -0.144059 -0.001536 4.023145 0.721376 -0.256353 -1.284113 -0.001306 0.173002 2.693920 4.146797 5.398903 6.125215 5.976388 -9999.0 -9999.0
-9999.0 -9999.0 -9999.0 -9999.0 -9999.0 -9999.0 -9999.0 -9999.0 -0.813958 -0.540153 -0.004444 -0.468855 -0.005369 -0.005387 -0.003903 1.655780 5.022401 5.801097 3.081669 5.900783 5.535878 5.995085 6.807070 6.550537 3.749302 0.143203 -0.006055 -0.148979 0.005798 -0.007716 -0.762787 -0.772158 -0.036713 -0.050811 -0.360398 -0.061886 -0.398383 -0.003755 -0.910865 -0.378991 -0.013383 -0.003562 -0.001586 -0.530806 -0.006747 -0.025516 0.002928 -0.077061 0.001904 -0.347134 0.492765 4.234973 1.925972 0.285540 2.301243 3.789090 4.839074 5.385016 6.408026 5.758577 4.706322 3.589146 -9999.0
-9999.0 -9999.0 -9999.0 -9999.0 -9999.0 -9999.0 -9999.0 -9999.0 -0.451217 -0.131566 -0.003389 -0.003829 -0.003561 0.019143 3.556367 3.934437 2.035459 3.500388 0.602066 3.464315 5.036938 5.487840 5.487747 5.216928 3.991573 -0.006806 -0.047451 -0.008612 -0.006209 -0.006100 -0.064147 -0.010924 0.022817 -0.049152 -0.845462 -0.965681 -0.051581 1.350952 -0.043090 -0.392693 -1.079240 -1.072690 -0.049386 -0.494311 -0.371934 -0.007078 -0.788846 -0.031827 -0.044324 0.002221 2.627161 3.923142 3.837780 4.388442 3.627678 3.823605 5.076356 5.235786 5.436471 4.589159 4.463431 2.962009 -9999.0
-9999.0 -9999.0 -0.227310 -0.087128 -0.244802 -0.160748 -0.008513 -0.244711 -0.164969 -0.101491 -0.075371 0.030623 0.027661 1.703401 5.386302 2.268031 -0.005126 -0.482509 -0.284208 -0.007892 3.414791 5.854500 5.225459 5.146366 4.325850 2.896363 -0.008982 -0.007828 3.475851 2.805359 -0.048738 -0.006982 3.338581 0.013993 0.508327 -0.004167 1.611922 2.740338 -0.001804 -0.018164 -0.046268 -0.004098 -0.043985 0.002132 -0.044746 -0.046826 0.360738 2.223885 3.681528 4.830279 5.512121 5.551648 5.341949 4.148747 3.469523 5.488923 4.305022 4.199719 3.276653 4.126823 0.742893 0.005569 -9999.0
-9999.0 -0.007162 -0.007274 -0.007192 -0.009162 -0.005726 -0.235748 -0.314188 -0.494152 -0.468390 -0.279217 -0.004548 2.630765 3.692788 1.849222 0.027728 -0.276926 -0.305115 -0.009956 -0.008190 3.622851 5.157713 4.903732 5.358026 6.617379 4.770002 6.623886 6.649848 5.112568 4.056868 3.686742 2.803443 3.422443 6.083817 4.134840 4.023466 4.125496 4.052573 4.044810 3.538265 3.593429 4.263920 4.288572 2.851840 1.951802 3.234678 4.531505 6.020287 6.381674 5.250175 4.847061 4.537854 4.157692 3.049974 2.856601 2.052891 2.636777 2.752454 -0.002852 -0.003236 0.008353 0.008968 -9999.0
-9999.0 -0.086815 -0.006510 -0.006074 0.038885 -0.005210 -0.008567 -0.124866 -0.173638 -0.192613 -0.141295 -0.004802 2.612161 1.808022 0.032968 -0.472917 -0.431513 -0.268277 -0.003843 0.456287 0.144042 3.873287 5.028925 3.847274 6.336754 7.633045 5.999846 5.841965 5.719410 6.460063 6.271720 5.574899 5.245864 5.029812 6.433769 5.445234 7.996761 9.223269 5.923061 5.847296 6.111361 6.136661 5.950249 5.728147 6.279916 6.665981 6.898013 6.771370 5.141850 5.039241 3.943963 3.561736 2.588345 2.914696 1.886373 -0.003414 -0.003082 -0.006728 -0.002914 -0.005130 -0.001098 -9999.0 -9999.0
