user2019/resources/simulation/Vinschgau/output-maps/TL0001N0047.asc
ncols         63
nrows         48
xllcorner     598000.000000
yllcorner     5145000.000000
cellsize      1000.000000
NODATA_value  -9999.0
[rows 0 to 27 of 48, columns 0 to 62 of 63]
-9999.0 -9999.0 -9999.0 -9999.0 -9999.0 -9999.0 -9999.0 -9999.0 -9999.0 -9999.0 -9999.0 -9999.0 -9999.0 -9999.0 -9999.0 -9999.0 -9999.0 -9999.0 -9999.0 -9999.0 -9999.0 -9999.0 -9999.0 -9999.0 -9999.0 -9999.0 -9999.0 -9999.0 -9999.0 -9999.0 -9999.0 -9999.0 -9999.0 -9999.0 -9999.0 -9999.0 -9999.0 -9999.0 -9999.0 -9999.0 -9999.0 -9999.0 -9999.0 -9999.0 -9999.0 -9999.0 -9999.0 -9999.0 -9999.0 -9999.0 -9999.0 -9999.0 -9999.0 -9999.0 -9999.0 -9999.0 -9999.0 -9999.0 -9999.0 -9999.0 -9999.0 -9999.0 -9999.0
-9999.0 -9999.0 -9999.0 -9999.0 -9999.0 -9999.0 -9999.0 -9999.0 -9999.0 -9999.0 -9999.0 -9999.0 -9999.0 -9999.0 -9999.0 -9999.0 -9999.0 -9999.0 -9999.0 -9999.0 -9999.0 -9999.0 -9999.0 -9999.0 -9999.0 -9999.0 -9999.0 -0.690467 -0.774712 -1.414601 -0.442350 -0.871954 -0.952942 -9999.0 -9999.0 -9999.0 -9999.0 -9999.0 -9999.0 -9999.0 -9999.0 -9999.0 -9999.0 -9999.0 -9999.0 -9999.0 -9999.0 -9999.0 -9999.0 -9999.0 -9999.0 -9999.0 -9999.0 -9999.0 -9999.0 -9999.0 -9999.0 -9999.0 -9999.0 -9999.0 -9999.0 -9999.0 -9999.0
-9999.0 -9999.0 -9999.0 -9999.0 -9999.0 -9999.0 -9999.0 -9999.0 -9999.0 -9999.0 -9999.0 -9999.0 -9999.0 -9999.0 -9999.0 -9999.0 -9999.0 -9999.0 -9999.0 -9999.0 -9999.0 -9999.0 -9999.0 -9999.0 -0.144073 -0.263188 -1.211849 -0.316298 -0.590027 -0.980163 -0.138142 -9999.0 -9999.0 -9999.0 -9999.0 -9999.0 -9999.0 -9999.0 -9999.0 -9999.0 -9999.0 -9999.0 -9999.0 -9999.0 -9999.0 -9999.0 -9999.0 -9999.0 -9999.0 -9999.0 -9999.0 -9999.0 -9999.0 -9999.0 -9999.0 -9999.0 -9999.0 -9999.0 -9999.0 -9999.0 -9999.0 -9999.0 -9999.0
-9999.0 -9999.0 -9999.0 -9999.0 -9999.0 -9999.0 -9999.0 -9999.0 -9999.0 -9999.0 -9999.0 -9999.0 -9999.0 -9999.0 -9999.0 -9999.0 -9999.0 -9999.0 -9999.0 -9999.0 -9999.0 -9999.0 -9999.0 -0.238838 -0.061783 -0.004708 -0.006664 -0.009710 -0.159380 -1.227400 -1.192245 -0.311780 -9999.0 -9999.0 -9999.0 -9999.0 -9999.0 -9999.0 -9999.0 -9999.0 -9999.0 -9999.0 -9999.0 -9999.0 -9999.0 -9999.0 -9999.0 -9999.0 -9999.0 -9999.0 -9999.0 -9999.0 -9999.0 -9999.0 -9999.0 -9999.0 -9999.0 -9999.0 -9999.0 -9999.0 -9999.0 -9999.0 -9999.0
-9999.0 -9999.0 -9999.0 -9999.0 -9999.0 -9999.0 -9999.0 -9999.0 -9999.0 -9999.0 -9999.0 -9999.0 -9999.0 -9999.0 -9999.0 -9999.0 -9999.0 -9999.0 0.150912 -0.008600 -9999.0 -0.150272 -0.020755 -0.003557 -0.002864 0.229568 -0.289494 -0.232587 0.163069 -0.234136 -2.449014 -0.946069 -1.900255 -1.979651 -9999.0 -9999.0 -9999.0 -9999.0 -9999.0 -9999.0 -9999.0 -9999.0 -9999.0 -9999.0 -9999.0 -9999.0 -9999.0 -9999.0 -9999.0 -9999.0 -9999.0 -9999.0 -9999.0 -9999.0 -9999.0 -9999.0 -9999.0 -9999.0 -9999.0 -9999.0 -9999.0 -9999.0 -9999.0
-9999.0 -9999.0 -9999.0 -9999.0 -9999.0 -9999.0 -9999.0 -9999.0 -9999.0 -9999.0 -9999.0 -9999.0 -9999.0 -9999.0 -9999.0 -9999.0 -9999.0 0.538038 -0.004598 -0.002818 -0.038765 -0.077152 -0.095318 -0.091293 -0.002824 -2.706276 -0.386882 -0.111339 -0.400705 -0.339533 -0.170841 -1.280996 -1.275169 -2.089869 -1.025112 -0.984501 -9999.0 -9999.0 -9999.0 -9999.0 -9999.0 -9999.0 -9999.0 -9999.0 -9999.0 -9999.0 -9999.0 -9999.0 -9999.0 -9999.0 -9999.0 -9999.0 -9999.0 -9999.0 -9999.0 -9999.0 -9999.0 -9999.0 -9999.0 -9999.0 -9999.0 -9999.0 -9999.0
-9999.0 -9999.0 -9999.0 -9999.0 -9999.0 -9999.0 -9999.0 -9999.0 -9999.0 -9999.0 -9999.0 -9999.0 -9999.0 -0.392667 -0.042947 -0.107730 -0.004450 1.695684 0.311948 -0.003912 -0.003450 -0.003389 -0.004537 0.099774 -1.635823 -0.631706 -0.818721 -0.506408 -0.655121 -0.187175 -0.165371 -0.703284 -0.767136 -1.211401 -1.017889 -1.178010 -9999.0 -9999.0 -9999.0 -9999.0 -9999.0 -9999.0 -9999.0 -9999.0 -9999.0 -9999.0 -9999.0 -9999.0 -9999.0 -9999.0 -9999.0 -9999.0 -9999.0 -9999.0 -9999.0 -9999.0 -9999.0 -9999.0 -9999.0 -9999.0 -9999.0 -9999.0 -9999.0
-9999.0 -9999.0 -9999.0 -9999.0 -9999.0 -9999.0 -9999.0 -9999.0 -9999.0 -9999.0 -9999.0 -9999.0 -9999.0 -0.019095 0.100278 -0.040771 -0.044792 0.383586 1.781999 0.339511 -0.004742 -0.007837 -0.062412 -0.157785 -0.073589 -0.585191 -0.912549 -0.821764 -0.859732 -0.940331 -0.309534 -1.094941 -1.089208 -1.341193 -1.275104 -9999.0 -9999.0 -9999.0 -9999.0 -9999.0 -9999.0 -9999.0 -9999.0 -9999.0 -9999.0 -9999.0 -9999.0 -9999.0 -9999.0 -9999.0 -9999.0 -9999.0 -9999.0 -9999.0 -9999.0 -9999.0 -9999.0 -9999.0 -9999.0 -9999.0 -9999.0 -9999.0 -9999.0
-9999.0 -9999.0 -9999.0 -9999.0 -9999.0 -9999.0 -9999.0 -9999.0 -9999.0 -9999.0 -9999.0 -9999.0 -9999.0 -0.003615 0.253971 0.150935 -0.107264 -0.028288 1.720355 0.012932 0.049720 -0.461182 -0.087271 -0.038340 -0.060781 -0.017190 -1.219489 -0.818408 -0.876872 -1.007771 -1.096998 -1.160748 -1.184282 -1.448912 -1.477617 -9999.0 -9999.0 -9999.0 -9999.0 -9999.0 -9999.0 -9999.0 -9999.0 -9999.0 -9999.0 -9999.0 -9999.0 -9999.0 -9999.0 -9999.0 -9999.0 -9999.0 -9999.0 -9999.0 -9999.0 -9999.0 -9999.0 -9999.0 -9999.0 -9999.0 -9999.0 -9999.0 -9999.0
-9999.0 -9999.0 -9999.0 -9999.0 -9999.0 -9999.0 -9999.0 -9999.0 -9999.0 -9999.0 -9999.0 -9999.0 -0.013084 0.125733 0.083740 -1.669157 -0.106742 -0.103484 1.219493 0.361484 -0.004941 -0.285910 -0.476713 -0.151842 -0.314716 -0.935194 -0.042524 -0.665865 -0.908425 -0.957304 -1.152608 -1.625865 -1.890894 -1.042141 -9999.0 -9999.0 -9999.0 -9999.0 -9999.0 -9999.0 -9999.0 -9999.0 -9999.0 -9999.0 -9999.0 -9999.0 -9999.0 -9999.0 -9999.0 -9999.0 -9999.0 -9999.0 -9999.0 -9999.0 -9999.0 -9999.0 -9999.0 -9999.0 -9999.0 -9999.0 -9999.0 -9999.0 -9999.0
-9999.0 -9999.0 -9999.0 -9999.0 -9999.0 -9999.0 -9999.0 -9999.0 -9999.0 -9999.0 -9999.0 -0.104109 -0.066902 -0.003177 -1.242807 -0.318913 -0.378217 -0.148930 1.245017 0.503900 -0.039193 -0.003890 -0.657573 -0.400593 -0.355534 -0.107431 -1.058482 -0.655815 -0.364017 -1.098003 -1.136233 -0.072257 -1.459406 -1.557870 -2.424709 -2.910874 -4.196481 -0.574248 -0.326349 -9999.0 -9999.0 -9999.0 -1.853255 -9999.0 -9999.0 -9999.0 -9999.0 -9999.0 -9999.0 -9999.0 -9999.0 -9999.0 -9999.0 -9999.0 -9999.0 -9999.0 -9999.0 -9999.0 -9999.0 -9999.0 -9999.0 -9999.0 -9999.0
-9999.0 -9999.0 -9999.0 -9999.0 -9999.0 -9999.0 -9999.0 -9999.0 -9999.0 -9999.0 -9999.0 -0.271663 -0.144230 -0.002974 -0.015308 -0.016774 -0.004790 -0.036058 1.207261 0.587577 0.323810 0.117676 -0.222029 -0.771797 -0.631449 -0.480493 -0.940392 -0.754157 -0.820972 -0.367819 -1.534783 -1.855253 -2.424102 -1.547802 -2.671152 -4.541249 -0.327680 -0.167623 -0.249401 -5.597306 -4.405401 -2.715039 -1.268602 -1.331013 -9999.0 -9999.0 -9999.0 -0.012023 -0.010038 -0.008929 -0.009740 -0.007893 -0.007157 -0.006646 -0.005909 -0.006595 -9999.0 -9999.0 -9999.0 -9999.0 -9999.0 -9999.0 -9999.0
-9999.0 -9999.0 -9999.0 -9999.0 -9999.0 -9999.0 -9999.0 -9999.0 -9999.0 -9999.0 -9999.0 -0.202702 -0.023599 -1.032429 -0.296443 -0.996520 -0.095791 -0.168710 0.623552 0.667116 -0.021051 -0.066804 -0.018580 -0.037112 -0.821660 -1.772632 -0.041174 -0.767135 -0.216564 -0.611855 -0.482383 -1.414595 -0.085734 -2.110195 -2.157187 -0.567170 -1.068466 -0.854957 -0.746284 -2.587923 -0.630034 -0.501936 -0.292036 -2.140479 -0.910640 -9999.0 -0.010579 -0.015321 -0.027185 -0.033805 -0.038529 -0.339540 -0.008732 0.016122 -0.000763 -0.005779 -9999.0 -9999.0 -9999.0 -9999.0 -9999.0 -9999.0 -9999.0
-9999.0 -9999.0 -9999.0 -9999.0 -9999.0 -9999.0 -9999.0 -9999.0 -9999.0 -9999.0 -9999.0 -9999.0 -0.025935 -0.279450 -0.009649 -0.018602 -0.285942 -0.095997 1.104871 0.897127 -0.005688 -0.010286 -0.009935 -0.020712 -1.272081 -0.024104 0.107916 -0.195469 -0.526347 -1.369662 -1.053982 -2.957860 -1.881122 -2.010781 -1.487119 -3.258047 -4.802981 -0.547272 -0.410925 -1.135462 -0.389197 -1.699245 -0.309821 -0.147992 -1.706266 -0.430714 -0.483073 -0.013684 -0.065798 -0.728907 -0.068245 -0.015836 -0.033815 -0.011697 -0.069612 -0.151433 -0.006201 -9999.0 -9999.0 -9999.0 -9999.0 -9999.0 -9999.0
-9999.0 -9999.0 -9999.0 -9999.0 -9999.0 -9999.0 -9999.0 -9999.0 -9999.0 -9999.0 -9999.0 -0.019774 -0.050237 -0.294980 -0.043873 -0.049203 -0.090015 -0.008427 0.857667 0.445714 -0.004735 -0.005659 -0.061652 -0.020702 -0.020360 -0.057150 -0.257445 -0.529049 -0.924227 -1.676320 -0.140181 -0.274109 -0.054133 -1.712185 -1.823047 -2.514955 -3.105756 -1.366027 -0.136498 -0.122237 -0.369361 -0.038079 -0.006630 -2.176175 -0.005569 -0.277541 -0.064427 -0.633919 -0.221321 -0.516824 -0.126488 -0.647548 -0.348219 -0.656080 -0.571525 -0.723143 -0.005596 -9999.0 -9999.0 -9999.0 -9999.0 -9999.0 -9999.0
-9999.0 -9999.0 -9999.0 -9999.0 -9999.0 -9999.0 -9999.0 -9999.0 -9999.0 -9999.0 -0.133630 -0.019496 -0.013869 -0.635639 -0.006657 -0.092991 -0.082980 -0.164144 -0.004303 0.446847 0.542974 0.035755 -0.035334 0.240429 -0.005975 -0.085832 -0.406986 -1.651001 -0.008890 -0.017073 -0.160099 -0.381282 -0.330648 -1.149527 -1.632756 -2.009830 -0.543337 -2.645199 -1.035094 -0.103572 -0.010609 -0.010466 -0.037559 -0.076831 -0.180449 -1.477409 -0.050162 -0.208985 -0.174247 -0.094598 -0.325719 -0.604791 -0.714604 -0.744811 -0.657486 -0.004860 -0.005418 -9999.0 -9999.0 -9999.0 -9999.0 -9999.0 -9999.0
-9999.0 -9999.0 -9999.0 -9999.0 -9999.0 -9999.0 -9999.0 -9999.0 -9999.0 -0.104714 -0.169345 -0.093835 -0.046851 -0.018143 -0.020880 -0.379662 -0.345567 -0.003140 0.220656 0.595113 0.863318 -0.006706 -0.006108 -0.004244 -0.008270 -0.647738 -0.044609 0.003432 -0.074701 -0.012045 -0.008700 -1.107270 -1.006094 -1.156132 -1.759723 -1.537115 -1.377771 -2.571408 -1.950520 -3.450418 -0.252314 -0.688366 -0.888178 -0.009301 -0.092441 -0.139778 -0.002603 -0.140230 -0.622205 -0.006856 -0.157115 -0.007698 -0.793736 -0.064260 -0.007818 -0.013974 -0.008547 0.007214 -0.003271 -9999.0 -9999.0 -9999.0 -9999.0
-9999.0 -9999.0 -9999.0 -9999.0 -9999.0 -9999.0 -9999.0 -9999.0 -9999.0 -0.484476 -0.043173 -0.390975 0.267507 -0.032400 -0.012833 -0.014548 0.083173 -0.005445 0.597811 1.352388 1.346170 0.951825 -0.003249 -0.010572 -0.526769 -0.027494 -0.070710 -0.004974 0.138519 -0.415350 -0.289278 -2.764091 -0.230719 -0.739254 -1.647500 -1.546600 -2.469023 -2.411225 -1.111194 -0.759000 -0.342444 -0.852822 -0.249623 -0.017856 0.072040 0.225048 0.060208 -0.004132 -0.061316 -0.009447 -0.083168 -0.047196 -0.010920 -0.075240 -0.618485 -0.029667 -0.009726 -0.015121 -0.000240 -9999.0 -9999.0 -9999.0 -9999.0
-9999.0 -9999.0 -9999.0 -9999.0 -9999.0 -9999.0 -9999.0 -9999.0 -9999.0 -9999.0 -0.230064 -0.481190 -0.022385 -0.004450 -0.010151 -0.010274 -0.010095 0.167401 1.529115 1.582172 1.242718 0.360599 -0.007120 -0.074820 -0.043828 -0.005015 0.155320 0.277005 -0.120974 -0.225903 -0.466280 -0.237142 -0.881157 -0.744663 -0.849695 -0.041371 -0.085276 -0.132235 -1.828059 -0.963362 -1.063023 -0.213387 -0.152873 -0.022164 -0.472600 -1.169363 -0.030531 0.185104 0.893901 -0.004234 -0.316163 -0.102344 -0.006737 -0.009555 -0.209738 -0.504992 -0.056957 -0.006017 -0.003949 -0.003008 -9999.0 -9999.0 -9999.0
-9999.0 -9999.0 -9999.0 -9999.0 -9999.0 -9999.0 -9999.0 -9999.0 -9999.0 -9999.0 -0.242183 -0.307537 -0.110988 -0.047495 0.137136 -0.006986 -0.011534 0.152671 2.175350 2.255041 0.425346 -0.005412 -0.009624 -0.046802 -0.006010 0.378795 0.912856 -0.002887 -0.172099 -0.914276 -0.830285 -0.045324 -1.369715 -0.840275 -0.888361 -0.668482 -0.248600 -0.997620 -1.633121 -0.506308 -0.179813 -0.404163 -0.150388 -0.721967 -0.063492 -0.008658 -0.016341 -0.099002 1.068555 0.948010 -0.003622 -0.030286 -0.013827 -0.005340 -0.006859 -0.004661 -0.641017 -0.008782 1.348514 1.477067 -9999.0 -9999.0 -9999.0
-9999.0 -9999.0 -9999.0 -9999.0 -9999.0 -9999.0 -9999.0 -9999.0 -0.018113 -0.018297 -1.314474 -0.117840 -0.170876 -0.249027 -0.069525 0.105028 0.322211 1.542604 2.616968 2.642464 1.615585 0.651040 0.357348 -0.007238 0.068467 1.601952 0.403187 -0.040702 -0.055517 -0.289153 -1.010612 -0.712105 -0.090192 -0.120772 -0.099749 -1.014188 -0.032336 -0.254942 -1.242879 -0.562177 -0.024135 -0.455317 -0.750241 -0.839764 -0.216328 -0.009137 -0.525348 -0.007172 -0.072254 1.272763 0.128585 -0.045224 -0.012953 -0.014538 -0.002335 0.016545 0.008824 -0.008986 0.108574 3.785644 -9999.0 -9999.0 -9999.0
-9999.0 -9999.0 -9999.0 -9999.0 -9999.0 -9999.0 -9999.0 -9999.0 -0.478743 -0.011202 -0.862461 -0.067588 -0.014623 -0.009062 -0.011829 -0.005753 0.222458 0.288873 2.486764 3.122112 4.032292 2.659978 1.368450 0.303946 0.603859 1.902457 0.327169 -0.057238 -0.363195 -0.348779 -0.265554 -1.412715 -0.093227 -0.401727 -0.044481 -0.056971 -0.035410 -0.144821 -0.723719 -0.051671 -0.627336 -0.959510 -0.612016 -0.021140 -0.048211 -0.011753 -0.339813 -0.310748 -0.018952 1.102582 1.501641 -0.006111 -0.011655 -0.003833 -0.020293 -0.037263 -0.006080 -0.002559 2.330217 4.572898 4.842281 -9999.0 -9999.0
-9999.0 -9999.0 -9999.0 -9999.0 -9999.0 -9999.0 -9999.0 -9999.0 -0.101843 -0.194514 -0.007706 -1.309654 -0.042593 -0.205344 -0.010412 -0.011020 -0.005192 0.487914 2.566108 4.309065 3.492031 3.632330 2.904473 1.574611 2.236028 0.757059 0.132243 -0.110645 -1.683141 -0.723592 -1.104696 -0.019044 -0.943917 -1.451422 -0.030040 -0.017402 -0.038795 -0.078004 -0.632501 -0.125349 -0.015806 -0.009144 -0.009370 -0.125336 -0.116519 -0.162285 -0.007220 -0.007401 -0.021159 -0.002195 3.025404 0.454169 -0.149401 -0.082918 0.113658 0.458120 0.918156 2.950198 4.530305 4.807051 4.797843 -9999.0 -9999.0
-9999.0 -9999.0 -9999.0 -9999.0 -9999.0 -9999.0 -9999.0 -9999.0 -0.520585 -0.480428 -0.007425 -0.802097 -0.016317 -0.013302 -0.005201 -0.004004 1.811696 2.806294 2.278209 2.808755 3.171473 3.556364 3.877317 2.399866 0.736267 0.044399 -0.011918 -0.044997 -0.003323 -0.039032 -0.030199 -0.051660 -0.061517 -0.081206 -0.553089 -0.047366 -0.039736 -0.003131 -2.192971 -0.454439 -0.021089 -0.020179 -0.017677 -0.589973 -0.010864 -0.035685 -0.008562 -0.054879 -0.016143 -0.348453 0.437751 3.568372 0.800321 0.364644 0.265788 3.518643 4.431212 4.739018 5.287559 4.755209 3.639608 1.500064 -9999.0
-9999.0 -9999.0 -9999.0 -9999.0 -9999.0 -9999.0 -9999.0 -9999.0 -0.458380 -0.114848 -0.005664 -0.006487 -0.005478 -0.003934 0.263150 1.108866 1.529016 0.616362 -0.003688 0.477175 1.816385 3.382426 3.414547 2.647519 0.081635 -0.004698 -0.047055 -0.011775 -0.004032 -0.003424 -0.084180 -0.016220 0.208576 -0.063743 -0.188047 -0.451066 -0.062977 0.766964 0.266335 -0.285804 -1.760883 -0.806334 -0.123717 -0.137787 -0.645259 -0.018318 -0.088651 -0.068191 -0.071491 0.029682 1.641154 3.078927 0.563594 4.062372 0.380322 0.381054 4.825718 4.786842 4.686196 3.809936 2.401177 0.679507 -9999.0
-9999.0 -9999.0 -0.972504 -0.157407 -0.185743 -0.022855 -0.009227 -0.329283 -0.263832 -0.106251 -0.009515 -0.002672 -0.003520 0.134940 1.296876 0.898026 -0.003506 -0.110437 -0.082265 -0.003866 0.537789 3.010719 3.379960 2.863223 1.148882 0.229367 -0.004825 -0.004319 0.367487 0.157231 -0.070388 -0.008232 1.247838 0.126451 0.305649 0.089564 0.466818 2.151555 1.072496 -0.004644 -0.006236 -0.002715 -0.004057 -0.003263 -0.086016 -0.076309 0.363551 0.447651 1.378480 3.032984 4.186665 4.625775 4.796127 0.375366 0.370479 5.819615 4.576714 4.182589 2.963167 2.424084 0.346402 -0.002509 -9999.0
-9999.0 -0.013226 -0.013262 -0.011342 -0.017661 -0.008276 -0.153864 -0.217259 -0.286684 -0.243275 -0.153268 -0.006169 0.489289 0.574877 0.408299 -0.002607 -0.079958 -0.191086 -0.017253 -0.004052 0.685205 2.534655 3.183199 3.243835 3.397309 1.508038 1.326251 1.535429 2.124270 0.808540 0.610185 0.342257 1.074868 2.481294 1.981442 0.442303 0.571320 3.219793 1.381258 0.911241 1.849565 2.383989 2.191206 0.833981 0.198392 0.922172 2.061998 3.807274 4.483014 4.199259 4.470202 4.387258 4.313074 0.330568 0.335733 0.437956 1.593631 1.630067 0.102941 -0.005441 0.008443 0.014604 -9999.0
-9999.0 -0.055782 -0.033278 -0.021866 0.224833 -0.013534 -0.018408 -0.025636 -0.305236 -1.546138 -0.071227 -0.007689 0.516096 0.286457 0.067385 -0.109996 -0.052857 -0.649883 -0.004674 -0.003747 0.506916 1.296042 3.055957 2.773502 4.073951 4.442730 3.457029 3.352952 3.371030 3.568922 3.454828 2.942677 3.038116 3.335712 4.351601 4.661257 6.781962 7.414289 5.791591 5.243125 5.187406 4.935489 4.369492 3.790782 4.088578 4.357041 4.626864 4.893748 4.616602 4.510897 3.461401 2.855610 1.885399 0.512759 0.911927 0.161835 0.883102 -0.009545 -0.007168 -0.006452 -0.005989 -9999.0 -9999.0
