user2019/resources/simulation/Vinschgau/output-maps/TL0004N0676.asc
ncols         63
nrows         48
xllcorner     598000.000000
yllcorner     5145000.000000
cellsize      1000.000000
NODATA_value  -9999.0
[rows 0 to 28 of 48, columns 0 to 62 of 63]
-9999.0 -9999.0 -9999.0 -9999.0 -9999.0 -9999.0 -9999.0 -9999.0 -9999.0 -9999.0 -9999.0 -9999.0 -9999.0 -9999.0 -9999.0 -9999.0 -9999.0 -9999.0 -9999.0 -9999.0 -9999.0 -9999.0 -9999.0 -9999.0 -9999.0 -9999.0 -9999.0 -9999.0 -9999.0 -9999.0 -9999.0 -9999.0 -9999.0 -9999.0 -9999.0 -9999.0 -9999.0 -9999.0 -9999.0 -9999.0 -9999.0 -9999.0 -9999.0 -9999.0 -9999.0 -9999.0 -9999.0 -9999.0 -9999.0 -9999.0 -9999.0 -9999.0 -9999.0 -9999.0 -9999.0 -9999.0 -9999.0 -9999.0 -9999.0 -9999.0 -9999.0 -9999.0 -9999.0
-9999.0 -9999.0 -9999.0 -9999.0 -9999.0 -9999.0 -9999.0 -9999.0 -9999.0 -9999.0 -9999.0 -9999.0 -9999.0 -9999.0 -9999.0 -9999.0 -9999.0 -9999.0 -9999.0 -9999.0 -9999.0 -9999.0 -9999.0 -9999.0 -9999.0 -9999.0 -9999.0 1.499478 2.351392 1.422080 1.903216 1.629067 1.845875 -9999.0 -9999.0 -9999.0 -9999.0 -9999.0 -9999.0 -9999.0 -9999.0 -9999.0 -9999.0 -9999.0 -9999.0 -9999.0 -9999.0 -9999.0 -9999.0 -9999.0 -9999.0 -9999.0 -9999.0 -9999.0 -9999.0 -9999.0 -9999.0 -9999.0 -9999.0 -9999.0 -9999.0 -9999.0 -9999.0
-9999.0 -9999.0 -9999.0 -9999.0 -9999.0 -9999.0 -9999.0 -9999.0 -9999.0 -9999.0 -9999.0 -9999.0 -9999.0 -9999.0 -9999.0 -9999.0 -9999.0 -9999.0 -9999.0 -9999.0 -9999.0 -9999.0 -9999.0 -9999.0 2.401129 2.590429 3.014368 2.668903 2.932168 2.720949 1.966644 -9999.0 -9999.0 -9999.0 -9999.0 -9999.0 -9999.0 -9999.0 -9999.0 -9999.0 -9999.0 -9999.0 -9999.0 -9999.0 -9999.0 -9999.0 -9999.0 -9999.0 -9999.0 -9999.0 -9999.0 -9999.0 -9999.0 -9999.0 -9999.0 -9999.0 -9999.0 -9999.0 -9999.0 -9999.0 -9999.0 -9999.0 -9999.0
-9999.0 -9999.0 -9999.0 -9999.0 -9999.0 -9999.0 -9999.0 -9999.0 -9999.0 -9999.0 -9999.0 -9999.0 -9999.0 -9999.0 -9999.0 -9999.0 -9999.0 -9999.0 -9999.0 -9999.0 -9999.0 -9999.0 -9999.0 2.520502 3.357591 2.990735 3.391619 3.554026 3.662175 3.122572 2.237803 2.072102 -9999.0 -9999.0 -9999.0 -9999.0 -9999.0 -9999.0 -9999.0 -9999.0 -9999.0 -9999.0 -9999.0 -9999.0 -9999.0 -9999.0 -9999.0 -9999.0 -9999.0 -9999.0 -9999.0 -9999.0 -9999.0 -9999.0 -9999.0 -9999.0 -9999.0 -9999.0 -9999.0 -9999.0 -9999.0 -9999.0 -9999.0
-9999.0 -9999.0 -9999.0 -9999.0 -9999.0 -9999.0 -9999.0 -9999.0 -9999.0 -9999.0 -9999.0 -9999.0 -9999.0 -9999.0 -9999.0 -9999.0 -9999.0 -9999.0 4.028061 2.634008 -9999.0 2.423564 2.713927 3.296667 4.189604 6.026397 5.543568 5.681871 6.981745 3.007679 2.860300 2.224047 1.451857 1.436472 -9999.0 -9999.0 -9999.0 -9999.0 -9999.0 -9999.0 -9999.0 -9999.0 -9999.0 -9999.0 -9999.0 -9999.0 -9999.0 -9999.0 -9999.0 -9999.0 -9999.0 -9999.0 -9999.0 -9999.0 -9999.0 -9999.0 -9999.0 -9999.0 -9999.0 -9999.0 -9999.0 -9999.0 -9999.0
-9999.0 -9999.0 -9999.0 -9999.0 -9999.0 -9999.0 -9999.0 -9999.0 -9999.0 -9999.0 -9999.0 -9999.0 -9999.0 -9999.0 -9999.0 -9999.0 -9999.0 4.581556 3.554626 1.915300 1.778517 2.462792 3.090980 4.394577 6.356523 2.768017 2.232607 2.729069 2.201043 4.782869 3.556628 2.741582 1.661385 1.371903 1.170818 1.040855 -9999.0 -9999.0 -9999.0 -9999.0 -9999.0 -9999.0 -9999.0 -9999.0 -9999.0 -9999.0 -9999.0 -9999.0 -9999.0 -9999.0 -9999.0 -9999.0 -9999.0 -9999.0 -9999.0 -9999.0 -9999.0 -9999.0 -9999.0 -9999.0 -9999.0 -9999.0 -9999.0
-9999.0 -9999.0 -9999.0 -9999.0 -9999.0 -9999.0 -9999.0 -9999.0 -9999.0 -9999.0 -9999.0 -9999.0 -9999.0 2.388454 2.173172 2.722367 3.856214 7.820847 4.318089 3.416770 3.483202 3.722189 5.737534 6.384831 3.076124 3.018650 1.153822 1.751608 2.074724 2.677983 3.383876 2.647836 2.142180 1.664000 0.622616 0.928380 -9999.0 -9999.0 -9999.0 -9999.0 -9999.0 -9999.0 -9999.0 -9999.0 -9999.0 -9999.0 -9999.0 -9999.0 -9999.0 -9999.0 -9999.0 -9999.0 -9999.0 -9999.0 -9999.0 -9999.0 -9999.0 -9999.0 -9999.0 -9999.0 -9999.0 -9999.0 -9999.0
-9999.0 -9999.0 -9999.0 -9999.0 -9999.0 -9999.0 -9999.0 -9999.0 -9999.0 -9999.0 -9999.0 -9999.0 -9999.0 2.539670 2.316645 2.593438 2.609875 5.940106 7.886320 5.801851 4.679634 6.003615 3.879015 3.065169 4.085126 2.808573 2.279707 1.095766 1.070896 1.550432 1.832189 1.546196 0.606438 0.766912 0.830485 -9999.0 -9999.0 -9999.0 -9999.0 -9999.0 -9999.0 -9999.0 -9999.0 -9999.0 -9999.0 -9999.0 -9999.0 -9999.0 -9999.0 -9999.0 -9999.0 -9999.0 -9999.0 -9999.0 -9999.0 -9999.0 -9999.0 -9999.0 -9999.0 -9999.0 -9999.0 -9999.0 -9999.0
-9999.0 -9999.0 -9999.0 -9999.0 -9999.0 -9999.0 -9999.0 -9999.0 -9999.0 -9999.0 -9999.0 -9999.0 -9999.0 2.363225 4.215663 2.014058 1.754847 3.030092 7.853614 4.862724 5.386462 2.040453 2.330401 2.630532 3.370857 2.907198 1.688926 1.028523 2.166744 0.868329 0.763191 0.322089 0.798589 0.149536 0.689237 -9999.0 -9999.0 -9999.0 -9999.0 -9999.0 -9999.0 -9999.0 -9999.0 -9999.0 -9999.0 -9999.0 -9999.0 -9999.0 -9999.0 -9999.0 -9999.0 -9999.0 -9999.0 -9999.0 -9999.0 -9999.0 -9999.0 -9999.0 -9999.0 -9999.0 -9999.0 -9999.0 -9999.0
-9999.0 -9999.0 -9999.0 -9999.0 -9999.0 -9999.0 -9999.0 -9999.0 -9999.0 -9999.0 -9999.0 -9999.0 2.190086 3.112540 2.284849 2.080214 1.679471 2.450001 7.357425 4.759024 3.835406 1.937296 1.865345 1.920330 2.989428 1.560881 2.527057 1.970741 2.502746 0.531597 0.971001 1.201744 1.805935 0.743082 -9999.0 -9999.0 -9999.0 -9999.0 -9999.0 -9999.0 -9999.0 -9999.0 -9999.0 -9999.0 -9999.0 -9999.0 -9999.0 -9999.0 -9999.0 -9999.0 -9999.0 -9999.0 -9999.0 -9999.0 -9999.0 -9999.0 -9999.0 -9999.0 -9999.0 -9999.0 -9999.0 -9999.0 -9999.0
-9999.0 -9999.0 -9999.0 -9999.0 -9999.0 -9999.0 -9999.0 -9999.0 -9999.0 -9999.0 -9999.0 2.244742 1.855967 1.764271 1.983375 2.176881 1.246618 1.894017 7.362070 4.940536 2.648798 3.138078 2.317123 1.937025 2.724086 2.253579 1.420840 2.115305 2.680174 0.796560 1.191919 2.840238 1.138764 1.193271 1.144053 1.342981 2.414050 2.779963 2.625708 -9999.0 -9999.0 -9999.0 1.449502 -9999.0 -9999.0 -9999.0 -9999.0 -9999.0 -9999.0 -9999.0 -9999.0 -9999.0 -9999.0 -9999.0 -9999.0 -9999.0 -9999.0 -9999.0 -9999.0 -9999.0 -9999.0 -9999.0 -9999.0
-9999.0 -9999.0 -9999.0 -9999.0 -9999.0 -9999.0 -9999.0 -9999.0 -9999.0 -9999.0 -9999.0 2.087847 1.882176 1.843293 2.088645 2.148608 2.348257 2.028320 7.336990 5.927774 5.509463 3.635989 2.529605 1.535986 2.209343 1.983917 2.106669 2.842382 1.642875 0.921360 2.184004 3.413831 2.047133 1.752396 1.945038 2.626840 4.155544 4.500086 3.244194 1.661899 1.730024 1.494035 2.220913 1.433990 -9999.0 -9999.0 -9999.0 2.007056 2.177128 1.339023 2.144102 1.277270 1.289470 2.222530 2.048547 1.198057 -9999.0 -9999.0 -9999.0 -9999.0 -9999.0 -9999.0 -9999.0
-9999.0 -9999.0 -9999.0 -9999.0 -9999.0 -9999.0 -9999.0 -9999.0 -9999.0 -9999.0 -9999.0 2.231758 2.050294 1.477153 2.282331 2.375433 1.711170 2.036524 5.821841 6.981038 3.045239 3.608756 2.335471 2.440032 1.825952 1.510213 2.827154 2.664929 0.613632 1.268715 1.022011 2.429460 3.026470 1.691627 1.189020 3.609283 2.554146 3.388398 6.135992 2.048255 3.230474 2.382664 2.756644 2.473970 2.046355 -9999.0 1.046925 1.649332 2.391982 2.590738 2.571142 1.683263 2.576282 2.491457 2.420988 2.257633 -9999.0 -9999.0 -9999.0 -9999.0 -9999.0 -9999.0 -9999.0
-9999.0 -9999.0 -9999.0 -9999.0 -9999.0 -9999.0 -9999.0 -9999.0 -9999.0 -9999.0 -9999.0 -9999.0 2.092989 1.508739 2.542856 2.447156 1.388089 2.780554 6.327593 7.286654 3.127808 4.257942 3.901505 2.942294 2.021055 2.783353 3.833621 2.758747 1.902311 1.147483 2.259482 2.610571 2.906226 1.871630 1.304374 2.789738 2.303668 3.434273 6.006610 5.295571 3.743323 2.890944 3.324762 2.920165 1.558749 2.258134 1.451442 2.024020 1.574431 3.393553 4.129993 2.814999 2.916502 1.770062 1.678920 2.111672 2.197904 -9999.0 -9999.0 -9999.0 -9999.0 -9999.0 -9999.0
-9999.0 -9999.0 -9999.0 -9999.0 -9999.0 -9999.0 -9999.0 -9999.0 -9999.0 -9999.0 -9999.0 1.520281 1.981716 2.137943 1.707577 1.699985 2.153934 2.957406 6.136038 4.962792 3.440262 3.699651 4.297774 2.608493 2.939173 3.978532 2.860578 1.777730 2.045780 1.409279 2.941651 3.771841 3.508120 1.959159 1.507888 2.597386 2.578239 2.632528 4.428122 6.250326 3.424414 3.292704 3.634567 3.192858 2.988135 2.247583 2.506038 1.640082 1.653950 3.975096 0.978005 2.036988 1.544826 0.841487 0.668437 1.021584 1.383649 -9999.0 -9999.0 -9999.0 -9999.0 -9999.0 -9999.0
-9999.0 -9999.0 -9999.0 -9999.0 -9999.0 -9999.0 -9999.0 -9999.0 -9999.0 -9999.0 2.845073 1.727081 2.444627 2.363333 2.557252 2.671867 2.488440 2.291789 3.872619 5.102005 6.398165 5.432193 2.781067 4.223174 4.228505 4.145615 2.592668 1.228832 3.603748 3.912942 4.319160 4.118893 3.281367 1.728551 0.974923 1.302661 3.546672 2.695830 2.178949 4.241730 4.547834 4.677643 6.151895 3.927455 3.688204 1.766262 2.571347 3.370484 4.052423 4.623360 1.027559 0.799697 0.625775 0.782431 0.947013 2.374600 2.406092 -9999.0 -9999.0 -9999.0 -9999.0 -9999.0 -9999.0
-9999.0 -9999.0 -9999.0 -9999.0 -9999.0 -9999.0 -9999.0 -9999.0 -9999.0 1.907817 2.229363 2.304081 2.548052 1.723455 2.332754 2.298389 2.221827 3.713363 4.241528 5.358213 6.715310 3.887928 3.695074 5.244858 4.872319 2.691868 2.634324 3.977723 4.144302 4.796182 5.058827 2.214670 0.467866 0.822448 1.249106 1.063681 2.588538 2.587701 2.431028 3.439800 2.780659 2.798805 2.790043 4.396666 4.042184 3.704918 4.292089 2.422045 2.488149 5.773946 1.753362 1.310729 0.791235 1.159341 1.251402 1.750957 2.004117 1.586218 1.492651 -9999.0 -9999.0 -9999.0 -9999.0
-9999.0 -9999.0 -9999.0 -9999.0 -9999.0 -9999.0 -9999.0 -9999.0 -9999.0 1.927990 1.893415 2.427645 5.206564 3.798434 2.468442 2.444222 3.670346 4.275192 4.927631 8.467659 8.212621 7.741750 6.442729 4.967594 2.792051 3.142271 3.780635 4.915974 6.039488 5.887186 4.804593 2.416574 2.274121 1.698123 2.017830 1.543495 1.581305 2.017760 2.143358 2.568920 2.171496 1.632740 2.676579 4.858344 5.582357 6.795859 6.860386 5.321789 4.337058 5.847101 1.500644 1.144393 1.137216 1.822152 1.290589 1.675280 1.895200 2.061703 1.761081 -9999.0 -9999.0 -9999.0 -9999.0
-9999.0 -9999.0 -9999.0 -9999.0 -9999.0 -9999.0 -9999.0 -9999.0 -9999.0 -9999.0 1.954828 2.870316 3.622561 2.958940 3.465713 3.569460 4.312911 4.919970 5.954083 8.251236 7.446281 4.076063 3.230410 3.006445 3.176812 4.907296 5.609801 6.625105 5.002091 2.554627 2.507851 2.961624 1.215203 1.529668 2.906488 3.519740 3.670349 3.190115 1.511389 0.220396 1.509021 2.736279 4.751222 3.285341 3.278749 3.437049 4.412554 7.776881 8.206784 5.428947 1.835177 1.652510 1.032159 1.096787 1.429079 2.107182 2.376174 5.134043 4.918032 4.830210 -9999.0 -9999.0 -9999.0
-9999.0 -9999.0 -9999.0 -9999.0 -9999.0 -9999.0 -9999.0 -9999.0 -9999.0 -9999.0 1.934359 2.273729 2.749492 3.327717 6.812190 3.139196 3.476100 4.531684 6.423366 8.578036 4.697233 4.114994 3.228932 3.399657 3.982708 6.306970 7.650671 4.595383 2.891209 2.015912 2.576118 3.374621 1.322583 0.961958 1.788492 3.048459 4.296221 3.760560 1.513757 1.054462 2.143230 1.863699 2.127902 2.105901 2.718457 2.869803 3.913608 3.760258 6.269587 8.366866 5.744676 1.868153 1.925045 1.381731 1.404946 1.497594 2.033710 3.850423 7.208411 8.766515 -9999.0 -9999.0 -9999.0
-9999.0 -9999.0 -9999.0 -9999.0 -9999.0 -9999.0 -9999.0 -9999.0 2.526049 2.383386 2.135700 2.722709 3.095353 3.525329 2.439388 4.995290 5.105277 8.815683 8.889093 8.928764 6.233632 4.970790 4.132416 3.471044 5.137848 7.359404 7.495801 3.599026 2.937437 2.161999 0.757831 1.818056 2.209711 1.784577 2.199568 1.555059 3.387826 4.153072 1.488384 1.377419 1.214715 2.445239 0.859075 1.057663 1.703666 3.921456 1.581478 3.533659 4.371396 8.713204 6.409679 3.190638 1.944042 1.280125 1.589927 2.681712 1.754375 4.321690 6.876311 8.809568 -9999.0 -9999.0 -9999.0
-9999.0 -9999.0 -9999.0 -9999.0 -9999.0 -9999.0 -9999.0 -9999.0 1.740910 2.491418 1.654732 1.787460 2.362724 3.649357 2.947213 3.322456 4.143823 4.576595 6.849162 9.312321 10.590517 9.903887 7.204603 6.438847 4.903606 7.147956 5.111623 4.608632 1.704559 1.513313 1.837833 1.509724 2.070358 1.281195 2.600057 2.725636 4.500386 4.631980 2.457076 2.164549 1.666101 0.783742 1.054956 2.320826 3.086686 2.321256 0.914737 2.191959 4.004226 6.519508 9.011859 4.990989 1.894751 2.616312 2.771067 3.764134 4.384092 5.861574 9.376626 11.270713 11.652683 -9999.0 -9999.0
-9999.0 -9999.0 -9999.0 -9999.0 -9999.0 -9999.0 -9999.0 -9999.0 1.978774 3.179678 2.608878 1.400893 2.997924 1.242602 2.843664 2.990293 3.745750 6.076662 6.931482 11.389985 9.640521 10.450190 10.087831 8.061026 9.874171 5.441779 4.517162 2.853302 1.610803 3.065075 2.029502 3.721200 2.372651 2.290124 3.346323 3.728468 3.377542 4.384788 2.972725 2.438501 1.922827 1.202078 2.058748 2.742890 1.741526 2.107026 1.558986 2.456080 1.841166 4.352674 8.570907 7.936211 3.335018 2.605230 6.354184 7.668574 9.041436 9.915146 11.099110 11.353561 11.624936 -9999.0 -9999.0
-9999.0 -9999.0 -9999.0 -9999.0 -9999.0 -9999.0 -9999.0 -9999.0 1.036052 2.444354 3.890572 1.064568 2.630726 2.184637 3.222431 4.008438 6.301532 7.473345 9.473698 7.126226 8.972884 9.325711 10.639608 10.580040 5.326074 4.040127 3.311570 2.588286 4.064583 3.534190 3.132321 3.066701 4.267274 4.649139 2.784585 3.892362 4.237878 5.625358 3.349310 2.750175 2.490962 2.788411 2.818539 1.844916 2.329185 1.611640 2.503621 1.668510 2.724584 4.033179 5.936775 9.130797 8.911785 7.128959 9.753049 10.246001 11.111618 10.174633 10.371630 11.499531 10.106027 6.835586 -9999.0
-9999.0 -9999.0 -9999.0 -9999.0 -9999.0 -9999.0 -9999.0 -9999.0 2.118426 2.381179 3.464155 2.260753 3.398658 3.693963 6.343506 7.376702 8.664591 5.190253 3.882834 5.137785 6.571874 9.215620 9.291772 9.050301 6.836220 3.925529 2.899678 3.910355 4.959628 4.707788 2.926118 4.755333 5.986707 4.816860 3.614358 4.022035 5.377013 6.960452 5.004673 5.162831 4.339314 4.059126 4.361303 4.213082 2.556516 3.488588 4.025849 4.905245 4.266138 6.704344 8.863113 8.202514 9.639282 10.784267 11.464678 11.480173 11.642460 11.533268 11.137212 10.151420 7.751223 4.849783 -9999.0
-9999.0 -9999.0 2.455397 2.390736 1.796082 1.850393 2.170111 1.705006 2.303212 2.326750 1.967650 3.887849 3.844251 5.790943 8.613782 7.608542 3.591045 2.498904 2.787522 3.809463 5.198105 7.368292 9.305366 7.756551 7.996570 4.385935 4.134610 4.064411 5.022947 6.484711 3.793317 4.015639 7.714507 4.954937 6.696195 5.430645 8.338236 8.642412 7.067468 5.051423 6.315523 6.571804 5.496090 6.067208 3.739457 4.621538 6.471468 5.601472 8.333786 9.698123 10.618050 11.262294 11.927033 11.976021 11.656355 12.882852 11.153051 10.745056 9.595274 7.594635 7.103021 2.920265 -9999.0
-9999.0 2.629063 2.601538 2.284002 1.844049 2.438931 2.050698 1.577840 1.432951 2.140535 1.848675 2.997482 4.944983 7.094926 7.558775 3.415243 2.025839 1.784715 2.783343 3.782410 5.427783 7.069769 10.433406 7.787905 10.244402 8.093830 8.001154 8.408751 8.280347 6.952195 6.565175 6.519619 7.578219 9.717576 9.275310 10.160764 11.096290 10.702037 11.109607 10.122176 9.671379 9.601118 9.136499 6.177328 5.507282 6.202359 8.934160 8.456433 10.533955 10.150316 11.123956 11.427641 10.852584 10.689107 10.716739 10.102190 7.860787 7.488478 7.948266 6.108302 2.867963 3.456722 -9999.0
-9999.0 3.207237 3.945609 4.021043 4.173358 3.846859 1.539983 1.657190 2.387753 2.326278 1.935769 2.839392 4.936226 7.414728 3.427870 1.707499 1.635737 1.880039 4.336906 3.975749 6.754056 6.497967 7.598412 9.227653 10.965279 11.395635 7.930954 9.660530 9.895940 7.795087 8.181956 7.447958 9.142857 9.659566 11.573578 11.769425 14.328496 15.966954 13.123470 12.626224 12.156993 11.369251 10.598581 8.516021 9.124977 9.298183 11.007786 11.287578 10.784619 10.866292 9.975736 8.097124 7.839313 8.743437 8.048885 6.159165 6.152540 4.178635 3.762366 2.811845 2.174738 -9999.0 -9999.0
-9999.0 2.564230 3.757890 3.244704 3.774250 5.353178 5.017838 1.889959 1.887681 1.909221 2.256267 3.769224 6.832338 6.103970 2.802989 1.577037 1.706374 1.992295 2.316867 3.644945 3.621924 4.343643 6.674797 10.615833 11.088682 9.630506 9.690301 9.699862 9.542237 9.685495 9.740120 10.142347 10.503372 10.115019 11.366093 12.085950 12.978098 15.386264 13.151998 12.878611 12.646798 14.294142 11.832903 11.356930 11.081946 11.132502 10.173499 9.972188 9.120199 7.666989 6.700189 6.528685 5.636675 8.074528 5.126461 3.622169 3.548594 2.589757 1.965716 -9999.0 -9999.0 -9999.0 -9999.0
