user2019/resources/simulation/Vinschgau/output-maps/TL0008N1255.asc
ncols         63
nrows         48
xllcorner     598000.000000
yllcorner     5145000.000000
cellsize      1000.000000
NODATA_value  -9999.0
[rows 0 to 27 of 48, columns 0 to 62 of 63]
-9999.0 -9999.0 -9999.0 -9999.0 -9999.0 -9999.0 -9999.0 -9999.0 -9999.0 -9999.0 -9999.0 -9999.0 -9999.0 -9999.0 -9999.0 -9999.0 -9999.0 -9999.0 -9999.0 -9999.0 -9999.0 -9999.0 -9999.0 -9999.0 -9999.0 -9999.0 -9999.0 -9999.0 -9999.0 -9999.0 -9999.0 -9999.0 -9999.0 -9999.0 -9999.0 -9999.0 -9999.0 -9999.0 -9999.0 -9999.0 -9999.0 -9999.0 -9999.0 -9999.0 -9999.0 -9999.0 -9999.0 -9999.0 -9999.0 -9999.0 -9999.0 -9999.0 -9999.0 -9999.0 -9999.0 -9999.0 -9999.0 -9999.0 -9999.0 -9999.0 -9999.0 -9999.0 -9999.0
-9999.0 -9999.0 -9999.0 -9999.0 -9999.0 -9999.0 -9999.0 -9999.0 -9999.0 -9999.0 -9999.0 -9999.0 -9999.0 -9999.0 -9999.0 -9999.0 -9999.0 -9999.0 -9999.0 -9999.0 -9999.0 -9999.0 -9999.0 -9999.0 -9999.0 -9999.0 -9999.0 2.766131 -0.002243 3.268057 -0.009103 -0.006999 -0.052948 -9999.0 -9999.0 -9999.0 -9999.0 -9999.0 -9999.0 -9999.0 -9999.0 -9999.0 -9999.0 -9999.0 -9999.0 -9999.0 -9999.0 -9999.0 -9999.0 -9999.0 -9999.0 -9999.0 -9999.0 -9999.0 -9999.0 -9999.0 -9999.0 -9999.0 -9999.0 -9999.0 -9999.0 -9999.0 -9999.0
-9999.0 -9999.0 -9999.0 -9999.0 -9999.0 -9999.0 -9999.0 -9999.0 -9999.0 -9999.0 -9999.0 -9999.0 -9999.0 -9999.0 -9999.0 -9999.0 -9999.0 -9999.0 -9999.0 -9999.0 -9999.0 -9999.0 -9999.0 -9999.0 -0.002288 0.174792 1.282050 -0.002219 -0.001921 0.964017 -0.010996 -9999.0 -9999.0 -9999.0 -9999.0 -9999.0 -9999.0 -9999.0 -9999.0 -9999.0 -9999.0 -9999.0 -9999.0 -9999.0 -9999.0 -9999.0 -9999.0 -9999.0 -9999.0 -9999.0 -9999.0 -9999.0 -9999.0 -9999.0 -9999.0 -9999.0 -9999.0 -9999.0 -9999.0 -9999.0 -9999.0 -9999.0 -9999.0
-9999.0 -9999.0 -9999.0 -9999.0 -9999.0 -9999.0 -9999.0 -9999.0 -9999.0 -9999.0 -9999.0 -9999.0 -9999.0 -9999.0 -9999.0 -9999.0 -9999.0 -9999.0 -9999.0 -9999.0 -9999.0 -9999.0 -9999.0 1.144973 2.975466 4.065989 4.287274 4.411665 4.711733 2.724286 -0.009037 -0.033864 -9999.0 -9999.0 -9999.0 -9999.0 -9999.0 -9999.0 -9999.0 -9999.0 -9999.0 -9999.0 -9999.0 -9999.0 -9999.0 -9999.0 -9999.0 -9999.0 -9999.0 -9999.0 -9999.0 -9999.0 -9999.0 -9999.0 -9999.0 -9999.0 -9999.0 -9999.0 -9999.0 -9999.0 -9999.0 -9999.0 -9999.0
-9999.0 -9999.0 -9999.0 -9999.0 -9999.0 -9999.0 -9999.0 -9999.0 -9999.0 -9999.0 -9999.0 -9999.0 -9999.0 -9999.0 -9999.0 -9999.0 -9999.0 -9999.0 7.036832 3.241834 -9999.0 2.327131 3.135213 3.965550 3.873573 4.657180 4.772150 5.249588 2.776407 1.401124 2.152537 -0.007027 0.407622 1.311933 -9999.0 -9999.0 -9999.0 -9999.0 -9999.0 -9999.0 -9999.0 -9999.0 -9999.0 -9999.0 -9999.0 -9999.0 -9999.0 -9999.0 -9999.0 -9999.0 -9999.0 -9999.0 -9999.0 -9999.0 -9999.0 -9999.0 -9999.0 -9999.0 -9999.0 -9999.0 -9999.0 -9999.0 -9999.0
-9999.0 -9999.0 -9999.0 -9999.0 -9999.0 -9999.0 -9999.0 -9999.0 -9999.0 -9999.0 -9999.0 -9999.0 -9999.0 -9999.0 -9999.0 -9999.0 -9999.0 5.424055 4.081499 4.857203 5.453953 0.606328 1.861493 3.807383 5.795377 0.323132 -0.056113 1.211253 -0.048159 2.543158 3.710285 2.297576 3.671334 2.564613 0.176859 0.873075 -9999.0 -9999.0 -9999.0 -9999.0 -9999.0 -9999.0 -9999.0 -9999.0 -9999.0 -9999.0 -9999.0 -9999.0 -9999.0 -9999.0 -9999.0 -9999.0 -9999.0 -9999.0 -9999.0 -9999.0 -9999.0 -9999.0 -9999.0 -9999.0 -9999.0 -9999.0 -9999.0
-9999.0 -9999.0 -9999.0 -9999.0 -9999.0 -9999.0 -9999.0 -9999.0 -9999.0 -9999.0 -9999.0 -9999.0 -9999.0 5.954297 3.579907 3.812537 5.134148 12.400114 5.196233 4.359499 4.123409 3.752682 4.568864 6.007850 -0.002729 3.208771 -0.018447 -0.063421 -0.049906 -0.002033 -0.184248 0.802999 -0.002153 -0.007165 1.544419 0.575961 -9999.0 -9999.0 -9999.0 -9999.0 -9999.0 -9999.0 -9999.0 -9999.0 -9999.0 -9999.0 -9999.0 -9999.0 -9999.0 -9999.0 -9999.0 -9999.0 -9999.0 -9999.0 -9999.0 -9999.0 -9999.0 -9999.0 -9999.0 -9999.0 -9999.0 -9999.0 -9999.0
-9999.0 -9999.0 -9999.0 -9999.0 -9999.0 -9999.0 -9999.0 -9999.0 -9999.0 -9999.0 -9999.0 -9999.0 -9999.0 6.514573 5.271196 4.516145 4.309087 11.643027 12.480107 6.278163 4.443596 7.969342 3.076006 1.769651 2.725728 0.734414 0.583960 3.197598 2.026752 -0.069028 -0.129752 -0.004238 0.932464 -0.005213 -0.002303 -9999.0 -9999.0 -9999.0 -9999.0 -9999.0 -9999.0 -9999.0 -9999.0 -9999.0 -9999.0 -9999.0 -9999.0 -9999.0 -9999.0 -9999.0 -9999.0 -9999.0 -9999.0 -9999.0 -9999.0 -9999.0 -9999.0 -9999.0 -9999.0 -9999.0 -9999.0 -9999.0 -9999.0
-9999.0 -9999.0 -9999.0 -9999.0 -9999.0 -9999.0 -9999.0 -9999.0 -9999.0 -9999.0 -9999.0 -9999.0 -9999.0 5.432756 5.433150 6.649453 4.195063 4.929994 12.915370 5.273977 9.301275 3.900314 0.500527 -0.004704 3.044747 2.245083 4.126303 1.665734 -0.030868 -0.002957 -0.013507 -0.026027 -0.005380 -5.197811 0.822753 -9999.0 -9999.0 -9999.0 -9999.0 -9999.0 -9999.0 -9999.0 -9999.0 -9999.0 -9999.0 -9999.0 -9999.0 -9999.0 -9999.0 -9999.0 -9999.0 -9999.0 -9999.0 -9999.0 -9999.0 -9999.0 -9999.0 -9999.0 -9999.0 -9999.0 -9999.0 -9999.0 -9999.0
-9999.0 -9999.0 -9999.0 -9999.0 -9999.0 -9999.0 -9999.0 -9999.0 -9999.0 -9999.0 -9999.0 -9999.0 4.293571 4.959728 6.333726 4.783432 2.836038 4.470918 12.588090 6.707595 4.557495 -0.002039 -0.004093 -0.005772 -0.289083 0.232547 -1.539304 -0.013899 -0.005136 0.607134 -0.075777 0.464687 -0.037351 1.107702 -9999.0 -9999.0 -9999.0 -9999.0 -9999.0 -9999.0 -9999.0 -9999.0 -9999.0 -9999.0 -9999.0 -9999.0 -9999.0 -9999.0 -9999.0 -9999.0 -9999.0 -9999.0 -9999.0 -9999.0 -9999.0 -9999.0 -9999.0 -9999.0 -9999.0 -9999.0 -9999.0 -9999.0 -9999.0
-9999.0 -9999.0 -9999.0 -9999.0 -9999.0 -9999.0 -9999.0 -9999.0 -9999.0 -9999.0 -9999.0 5.658298 5.776328 2.924571 5.881222 8.581072 6.004057 4.817903 12.152751 8.198563 3.137747 3.545171 3.556073 1.896834 -0.003910 1.226622 -0.029450 -0.003336 -0.038027 -0.002034 0.891878 -0.002203 1.671564 1.047996 0.663511 2.213625 -0.005061 1.118275 1.446296 -9999.0 -9999.0 -9999.0 0.899244 -9999.0 -9999.0 -9999.0 -9999.0 -9999.0 -9999.0 -9999.0 -9999.0 -9999.0 -9999.0 -9999.0 -9999.0 -9999.0 -9999.0 -9999.0 -9999.0 -9999.0 -9999.0 -9999.0 -9999.0
-9999.0 -9999.0 -9999.0 -9999.0 -9999.0 -9999.0 -9999.0 -9999.0 -9999.0 -9999.0 -9999.0 5.098853 5.451242 7.217691 6.932215 8.092102 8.020976 5.266008 12.379804 9.353487 9.120262 5.690617 2.629401 -0.731515 -0.495593 -0.002450 -0.003958 0.675904 3.341417 1.125327 -0.004473 -0.002071 -0.032431 -0.040196 -0.036101 -0.002790 2.606086 3.195164 1.744086 0.820721 1.239973 1.391615 -0.006697 0.968383 -9999.0 -9999.0 -9999.0 -0.073410 -0.046239 -0.003580 -0.045558 -0.009525 -0.007771 -0.087949 -0.090303 -0.008288 -9999.0 -9999.0 -9999.0 -9999.0 -9999.0 -9999.0 -9999.0
-9999.0 -9999.0 -9999.0 -9999.0 -9999.0 -9999.0 -9999.0 -9999.0 -9999.0 -9999.0 -9999.0 4.801241 5.514741 1.819809 7.826637 8.794171 3.392533 4.191122 10.764049 9.261117 2.570842 0.593602 -0.137742 -0.002213 -0.002328 2.878884 -0.347310 -2.029678 2.388836 -0.034206 1.961013 -0.602773 1.064596 -0.038200 0.885216 2.033788 -0.611602 -0.691646 4.084048 1.997478 1.399265 -0.003820 1.009974 -0.003096 -0.041801 -9999.0 0.483064 -0.043212 -0.015330 -0.002525 1.875277 3.435110 -0.002461 -0.026900 -0.017774 -0.039467 -9999.0 -9999.0 -9999.0 -9999.0 -9999.0 -9999.0 -9999.0
-9999.0 -9999.0 -9999.0 -9999.0 -9999.0 -9999.0 -9999.0 -9999.0 -9999.0 -9999.0 -9999.0 -9999.0 5.325279 -0.001887 6.675569 7.111237 1.096303 3.214796 11.592022 9.065400 2.473809 1.137248 -0.065803 -0.413515 -1.004974 -0.335887 -0.001327 2.269593 -0.008876 1.250175 -0.004782 -0.462288 2.441933 -0.031283 -0.035781 0.501243 -0.324617 -0.786702 5.022825 3.172516 3.564906 3.989362 -0.314978 1.270544 1.524801 -0.041891 -0.002723 -0.039568 -0.999603 -0.310097 -0.000740 -1.031169 -2.243124 -1.507959 -1.025121 -0.035585 -0.039879 -9999.0 -9999.0 -9999.0 -9999.0 -9999.0 -9999.0
-9999.0 -9999.0 -9999.0 -9999.0 -9999.0 -9999.0 -9999.0 -9999.0 -9999.0 -9999.0 -9999.0 -0.123850 3.334805 6.738237 -0.047657 1.058279 2.361301 2.514131 11.010797 4.421523 2.746183 0.807968 -0.001997 -0.246088 -0.264400 -1.004943 -0.383060 -0.010023 -0.020776 3.109078 -0.332366 -0.694014 2.901172 -0.026751 -0.037062 -0.003830 1.340589 -0.064922 0.661832 5.166650 -0.056641 -0.002724 -0.064388 -0.013479 3.369161 -0.008505 -0.003544 3.013198 3.678385 -0.008480 -1.576119 -0.007494 -1.672760 -4.526186 -5.209218 -4.128140 -0.002334 -9999.0 -9999.0 -9999.0 -9999.0 -9999.0 -9999.0
-9999.0 -9999.0 -9999.0 -9999.0 -9999.0 -9999.0 -9999.0 -9999.0 -9999.0 -9999.0 -0.002882 -0.076297 3.015558 3.609089 5.108394 -0.004039 -0.008390 -0.003186 3.592704 4.066854 6.940944 4.908865 -0.250991 3.886563 -0.002001 -0.714186 -0.566330 -2.429972 2.515692 2.886423 -0.369318 -0.996941 2.588596 -0.028864 1.233351 2.033613 2.517124 -0.226729 -0.351837 0.964199 1.099872 2.204888 7.519853 1.036274 -0.002801 3.123449 0.792228 -0.153419 -0.429680 -0.001316 -2.696195 -0.003850 -5.650172 -3.996140 -0.084318 -0.027427 -0.028521 -9999.0 -9999.0 -9999.0 -9999.0 -9999.0 -9999.0
-9999.0 -9999.0 -9999.0 -9999.0 -9999.0 -9999.0 -9999.0 -9999.0 -9999.0 0.236821 -0.002864 -0.054982 -0.049769 -0.066940 -0.116957 -0.063456 -0.002953 5.844820 3.521276 4.112752 7.373398 0.928273 0.344704 1.421810 0.588724 -1.010281 -1.107790 2.881766 -0.056611 -0.003427 0.661489 -1.208370 2.289519 0.235041 1.528446 1.934567 2.201466 -0.438129 -0.270608 -0.084078 -0.627521 -0.329549 -0.186337 1.633113 1.190348 -0.008491 4.423433 -0.090450 -0.085245 0.704236 -0.638559 -0.002607 -5.481579 -0.055604 -0.030838 -3.241616 -1.642401 0.869557 -0.009180 -9999.0 -9999.0 -9999.0 -9999.0
-9999.0 -9999.0 -9999.0 -9999.0 -9999.0 -9999.0 -9999.0 -9999.0 -9999.0 1.100057 -0.002086 3.141943 3.957301 -0.001491 -0.005372 -0.069907 4.357716 1.449335 4.089624 8.551914 8.078732 7.811777 5.343008 3.560041 -0.626156 -0.399777 -0.082228 -0.001663 1.235968 3.629107 2.970326 -1.586868 -0.002591 -0.034854 -0.015014 1.904771 2.644781 3.871111 0.402397 3.168937 -0.393354 -0.531414 -0.054345 1.521344 2.735186 2.883323 2.564009 1.220222 -0.002498 0.904420 -2.472316 -3.558058 -0.195624 -0.470578 -0.004958 -3.239749 -2.461740 -0.635435 2.437905 -9999.0 -9999.0 -9999.0 -9999.0
-9999.0 -9999.0 -9999.0 -9999.0 -9999.0 -9999.0 -9999.0 -9999.0 -9999.0 -9999.0 -0.004562 2.819386 -0.045666 -0.003638 0.248419 -0.002919 -0.001384 2.728909 4.868875 5.766183 8.159879 2.757561 -0.002182 -0.235949 -0.221839 -0.002227 0.827976 1.760089 2.916129 -1.148964 -1.483726 -1.868026 -1.845700 -0.030157 -0.002709 2.834814 2.440897 2.358690 2.636108 -0.003315 -0.004670 2.144219 2.904166 -0.005730 -0.003087 -0.002345 1.736623 5.624299 4.148102 0.922447 -1.433919 -1.221664 -0.048455 -0.320408 -0.558916 -0.047576 -0.029140 -0.712415 -0.122876 -0.002008 -9999.0 -9999.0 -9999.0
-9999.0 -9999.0 -9999.0 -9999.0 -9999.0 -9999.0 -9999.0 -9999.0 -9999.0 -9999.0 -0.016548 0.980929 2.078784 -0.003605 4.451401 0.211388 -0.003569 2.620045 5.295799 6.526349 3.412235 1.541012 -0.002863 -0.043411 -0.002132 1.303196 2.423940 -0.002347 -0.841258 -1.588389 -0.003296 -0.002775 -1.854859 -0.033290 -0.002983 2.583518 -0.627137 -0.084453 -1.413821 -0.014424 -0.003032 5.132717 -0.139668 2.707537 -0.001426 -0.139918 -0.001132 -0.002961 3.115754 3.044704 0.503236 -0.693595 -2.319053 -0.013581 -0.961321 -0.314285 -0.045404 -0.095353 1.320705 2.582671 -9999.0 -9999.0 -9999.0
-9999.0 -9999.0 -9999.0 -9999.0 -9999.0 -9999.0 -9999.0 -9999.0 -0.003689 -0.005663 -0.007863 -0.003905 -0.616629 -0.067527 -0.041910 1.603265 2.940180 8.612100 6.748572 6.940281 5.137217 4.060496 3.183373 1.475123 1.180536 1.913005 4.576716 -0.454101 -0.826436 -1.520987 -0.004756 -0.003469 -0.003396 -0.030846 -0.003307 0.536121 4.622275 -0.074182 -2.079286 2.069798 3.305351 1.787543 -1.525873 2.505807 4.284654 -0.000815 -1.903027 -0.058856 -0.002311 2.993828 1.058885 -0.633775 -1.452622 -4.017234 -0.096769 -0.033735 1.277073 2.691485 1.332676 4.463069 -9999.0 -9999.0 -9999.0
-9999.0 -9999.0 -9999.0 -9999.0 -9999.0 -9999.0 -9999.0 -9999.0 -2.091742 -0.776790 -1.528891 -0.028113 0.065326 -1.208263 -0.496889 -0.002376 1.935335 2.521164 5.513937 7.481258 12.172317 10.908859 10.532686 9.564568 3.398301 3.366549 0.823692 -0.073053 -1.839430 -0.024361 -0.036737 2.420564 -0.002207 2.742761 -0.002747 1.197176 5.729812 -0.007978 -0.060191 2.202996 -0.003137 -0.008869 2.941255 2.460027 -0.001837 -0.209337 -1.904889 1.618484 -0.055959 1.459030 2.453143 -0.017295 -4.275902 -0.042781 -0.002455 -1.763013 -0.119434 -0.002613 3.306726 6.222391 7.325846 -9999.0 -9999.0
-9999.0 -9999.0 -9999.0 -9999.0 -9999.0 -9999.0 -9999.0 -9999.0 -0.003282 -0.003442 -0.015237 -1.825463 -0.017828 -1.365259 -0.086004 -0.429306 0.252826 3.865088 5.445221 11.835259 7.933774 11.127699 11.266238 6.579406 8.704738 3.245624 0.355496 -0.793571 -2.270391 -0.003433 2.925099 1.077113 -0.693064 -0.436326 2.647073 5.173813 -0.006680 1.732050 -0.030101 -0.121881 1.988837 3.343467 -0.002027 -0.009616 -0.450865 -0.002349 1.912286 -0.020315 -0.827732 -0.002233 2.594880 0.900998 -3.256582 -4.133616 -0.068366 -0.052771 1.626141 3.100495 6.174622 6.475021 6.971334 -9999.0 -9999.0
-9999.0 -9999.0 -9999.0 -9999.0 -9999.0 -9999.0 -9999.0 -9999.0 -0.002989 1.802512 -0.095793 -2.277439 -0.004056 -0.394485 -0.322052 0.202347 3.989026 5.237893 8.605956 5.702192 7.371879 7.767603 10.625140 9.835102 3.643617 1.031369 -0.002390 -1.531026 1.757625 -0.455882 -0.090613 -0.092888 -0.003324 -0.052056 -0.039654 4.477350 6.861683 4.110066 0.732236 -0.003963 3.008974 3.195946 3.094713 4.238385 -0.004948 3.266274 2.641147 3.672681 -0.002195 -0.134348 -0.001977 2.309446 0.994088 -0.059027 1.246488 2.195349 3.916000 4.853848 5.746624 6.703384 5.715747 2.733863 -9999.0
-9999.0 -9999.0 -9999.0 -9999.0 -9999.0 -9999.0 -9999.0 -9999.0 -0.057756 -0.007110 -1.335500 -1.144206 -0.373517 -0.122740 3.635473 2.932105 5.947029 2.457421 0.839141 2.905967 4.777538 7.159778 7.378624 7.065365 7.979418 0.237629 -0.655464 -0.002138 0.282891 -0.014436 -0.115377 0.849428 2.827430 1.784915 1.018464 2.253147 4.202423 6.097323 5.470014 2.753735 1.270695 1.059509 1.286549 0.228604 -0.103626 3.552049 -0.049694 -0.093617 -0.048609 0.742253 2.136317 1.750449 1.983357 2.373217 3.019360 3.403123 4.078652 5.078242 5.918876 6.095165 4.217554 2.143125 -9999.0
-9999.0 -9999.0 1.854776 -0.002598 -2.532486 -0.511036 -1.638873 -1.684034 -0.034663 -0.027015 -0.467055 -0.004604 -0.100190 -0.002396 4.921444 2.130281 -0.002962 -0.790380 -0.059935 -0.002639 2.776334 5.494366 6.510517 6.160208 5.162867 2.049769 -0.004288 0.226175 2.597942 4.785776 -0.002429 0.866767 7.307783 3.438507 5.348240 4.676157 7.870500 8.346300 7.259115 4.574311 5.584838 5.606748 4.312561 3.191156 -0.002572 0.949951 2.197992 1.450902 3.267501 4.490363 5.418142 4.724167 3.776265 3.269420 3.176657 7.857407 3.854381 4.326279 4.241859 3.573480 5.970884 1.348037 -9999.0
-9999.0 -0.088653 -0.352661 -0.313651 -0.426465 -0.684495 -1.339052 -1.521559 -2.189115 -0.029847 -1.514248 -0.519777 -0.000266 4.273728 3.909929 -0.245094 -0.401827 -0.733173 -0.332216 -0.002544 2.550317 4.310115 8.101867 4.924671 9.191945 4.967851 7.371937 7.620973 5.689564 4.083010 4.297351 4.448789 6.166447 10.338031 8.477505 9.715550 11.366338 11.243641 11.517810 9.879558 9.008011 8.882944 8.191690 4.862160 3.561507 3.957886 5.413522 5.965535 7.293147 6.118986 5.637183 4.473394 3.639248 2.844081 2.768620 2.257316 0.814251 1.171897 2.060905 4.330104 0.551448 1.137032 -9999.0
-9999.0 4.202714 -0.047588 -0.055208 1.958281 -0.071857 -2.076772 -1.754923 -0.036448 -0.019956 -1.377060 -0.819073 0.278159 4.095955 -0.074589 -3.317489 -1.478841 -0.966624 -0.774028 -0.007596 4.744010 2.022707 3.099871 3.540750 9.107530 10.251813 5.481336 6.864274 6.792785 6.439736 6.584473 6.358451 7.922762 8.807265 13.124244 11.797402 18.024688 19.019368 14.426219 13.347838 12.631107 11.601538 10.543486 8.110146 7.973135 7.842217 8.498796 8.191901 7.564416 6.699369 4.740792 2.067209 0.953098 1.518850 0.687792 -0.001809 -0.278056 -0.001882 -0.002027 -0.002024 -0.001600 -9999.0 -9999.0
