user2019/resources/simulation/Vinschgau/output-maps/TL0008N1057.asc
ncols         63
nrows         48
xllcorner     598000.000000
yllcorner     5145000.000000
cellsize      1000.000000
NODATA_value  -9999.0
[rows 0 to 27 of 48, columns 0 to 62 of 63]
-9999.0 -9999.0 -9999.0 -9999.0 -9999.0 -9999.0 -9999.0 -9999.0 -9999.0 -9999.0 -9999.0 -9999.0 -9999.0 -9999.0 -9999.0 -9999.0 -9999.0 -9999.0 -9999.0 -9999.0 -9999.0 -9999.0 -9999.0 -9999.0 -9999.0 -9999.0 -9999.0 -9999.0 -9999.0 -9999.0 -9999.0 -9999.0 -9999.0 -9999.0 -9999.0 -9999.0 -9999.0 -9999.0 -9999.0 -9999.0 -9999.0 -9999.0 -9999.0 -9999.0 -9999.0 -9999.0 -9999.0 -9999.0 -9999.0 -9999.0 -9999.0 -9999.0 -9999.0 -9999.0 -9999.0 -9999.0 -9999.0 -9999.0 -9999.0 -9999.0 -9999.0 -9999.0 -9999.0
-9999.0 -9999.0 -9999.0 -9999.0 -9999.0 -9999.0 -9999.0 -9999.0 -9999.0 -9999.0 -9999.0 -9999.0 -9999.0 -9999.0 -9999.0 -9999.0 -9999.0 -9999.0 -9999.0 -9999.0 -9999.0 -9999.0 -9999.0 -9999.0 -9999.0 -9999.0 -9999.0 -1.571967 -2.008762 -2.291630 -2.904465 -2.397736 -2.853968 -9999.0 -9999.0 -9999.0 -9999.0 -9999.0 -9999.0 -9999.0 -9999.0 -9999.0 -9999.0 -9999.0 -9999.0 -9999.0 -9999.0 -9999.0 -9999.0 -9999.0 -9999.0 -9999.0 -9999.0 -9999.0 -9999.0 -9999.0 -9999.0 -9999.0 -9999.0 -9999.0 -9999.0 -9999.0 -9999.0
-9999.0 -9999.0 -9999.0 -9999.0 -9999.0 -9999.0 -9999.0 -9999.0 -9999.0 -9999.0 -9999.0 -9999.0 -9999.0 -9999.0 -9999.0 -9999.0 -9999.0 -9999.0 -9999.0 -9999.0 -9999.0 -9999.0 -9999.0 -9999.0 -1.085831 -0.666420 -1.183068 -0.730688 -1.285314 -1.524567 -1.829555 -9999.0 -9999.0 -9999.0 -9999.0 -9999.0 -9999.0 -9999.0 -9999.0 -9999.0 -9999.0 -9999.0 -9999.0 -9999.0 -9999.0 -9999.0 -9999.0 -9999.0 -9999.0 -9999.0 -9999.0 -9999.0 -9999.0 -9999.0 -9999.0 -9999.0 -9999.0 -9999.0 -9999.0 -9999.0 -9999.0 -9999.0 -9999.0
-9999.0 -9999.0 -9999.0 -9999.0 -9999.0 -9999.0 -9999.0 -9999.0 -9999.0 -9999.0 -9999.0 -9999.0 -9999.0 -9999.0 -9999.0 -9999.0 -9999.0 -9999.0 -9999.0 -9999.0 -9999.0 -9999.0 -9999.0 -0.376014 -0.269661 1.162494 1.618617 2.174648 1.447601 -0.387216 -1.990474 -2.251164 -9999.0 -9999.0 -9999.0 -9999.0 -9999.0 -9999.0 -9999.0 -9999.0 -9999.0 -9999.0 -9999.0 -9999.0 -9999.0 -9999.0 -9999.0 -9999.0 -9999.0 -9999.0 -9999.0 -9999.0 -9999.0 -9999.0 -9999.0 -9999.0 -9999.0 -9999.0 -9999.0 -9999.0 -9999.0 -9999.0 -9999.0
-9999.0 -9999.0 -9999.0 -9999.0 -9999.0 -9999.0 -9999.0 -9999.0 -9999.0 -9999.0 -9999.0 -9999.0 -9999.0 -9999.0 -9999.0 -9999.0 -9999.0 -9999.0 2.375856 -0.109584 -9999.0 -0.289792 -0.158717 0.925900 1.260546 2.496632 1.443756 1.318830 0.923100 -0.002041 -0.940533 -1.967159 -2.806408 -3.219412 -9999.0 -9999.0 -9999.0 -9999.0 -9999.0 -9999.0 -9999.0 -9999.0 -9999.0 -9999.0 -9999.0 -9999.0 -9999.0 -9999.0 -9999.0 -9999.0 -9999.0 -9999.0 -9999.0 -9999.0 -9999.0 -9999.0 -9999.0 -9999.0 -9999.0 -9999.0 -9999.0 -9999.0 -9999.0
-9999.0 -9999.0 -9999.0 -9999.0 -9999.0 -9999.0 -9999.0 -9999.0 -9999.0 -9999.0 -9999.0 -9999.0 -9999.0 -9999.0 -9999.0 -9999.0 -9999.0 4.638153 3.262137 2.408276 -0.067152 -0.000963 -0.002035 -0.002314 1.732705 -0.002285 -0.449826 -0.001800 -0.002827 -0.000763 -0.170759 -0.802412 -1.902887 -2.161011 -2.989323 -3.974012 -9999.0 -9999.0 -9999.0 -9999.0 -9999.0 -9999.0 -9999.0 -9999.0 -9999.0 -9999.0 -9999.0 -9999.0 -9999.0 -9999.0 -9999.0 -9999.0 -9999.0 -9999.0 -9999.0 -9999.0 -9999.0 -9999.0 -9999.0 -9999.0 -9999.0 -9999.0 -9999.0
-9999.0 -9999.0 -9999.0 -9999.0 -9999.0 -9999.0 -9999.0 -9999.0 -9999.0 -9999.0 -9999.0 -9999.0 -9999.0 -0.070916 0.355406 2.764053 4.248562 7.662379 4.289395 2.066591 1.372876 0.971074 1.599523 1.903618 -0.001829 -0.110706 -1.014831 -2.449202 -1.113693 -0.002027 -1.295424 -0.982701 -1.780253 -1.642499 -3.277279 -3.622144 -9999.0 -9999.0 -9999.0 -9999.0 -9999.0 -9999.0 -9999.0 -9999.0 -9999.0 -9999.0 -9999.0 -9999.0 -9999.0 -9999.0 -9999.0 -9999.0 -9999.0 -9999.0 -9999.0 -9999.0 -9999.0 -9999.0 -9999.0 -9999.0 -9999.0 -9999.0 -9999.0
-9999.0 -9999.0 -9999.0 -9999.0 -9999.0 -9999.0 -9999.0 -9999.0 -9999.0 -9999.0 -9999.0 -9999.0 -9999.0 -0.001527 2.397514 3.516272 3.485112 5.869199 7.738132 3.087039 3.440439 3.033885 1.608317 0.486823 -0.001985 -0.004587 -1.166190 -2.496851 -2.179781 -1.305907 -2.654940 -1.709426 -2.593310 -6.865340 -3.726904 -9999.0 -9999.0 -9999.0 -9999.0 -9999.0 -9999.0 -9999.0 -9999.0 -9999.0 -9999.0 -9999.0 -9999.0 -9999.0 -9999.0 -9999.0 -9999.0 -9999.0 -9999.0 -9999.0 -9999.0 -9999.0 -9999.0 -9999.0 -9999.0 -9999.0 -9999.0 -9999.0 -9999.0
-9999.0 -9999.0 -9999.0 -9999.0 -9999.0 -9999.0 -9999.0 -9999.0 -9999.0 -9999.0 -9999.0 -9999.0 -9999.0 2.167215 2.698046 3.497501 3.025008 3.836277 8.009794 4.243554 3.823768 0.995183 -0.002298 -0.002301 -0.001606 -0.001517 -0.609840 -2.397177 -2.025076 -6.026629 -1.804056 -7.417736 -7.662499 -10.152658 -4.195350 -9999.0 -9999.0 -9999.0 -9999.0 -9999.0 -9999.0 -9999.0 -9999.0 -9999.0 -9999.0 -9999.0 -9999.0 -9999.0 -9999.0 -9999.0 -9999.0 -9999.0 -9999.0 -9999.0 -9999.0 -9999.0 -9999.0 -9999.0 -9999.0 -9999.0 -9999.0 -9999.0 -9999.0
-9999.0 -9999.0 -9999.0 -9999.0 -9999.0 -9999.0 -9999.0 -9999.0 -9999.0 -9999.0 -9999.0 -9999.0 0.563681 1.908873 2.836784 1.192281 1.346069 3.323189 6.467945 4.212387 1.272731 -0.002030 -0.381316 -0.004378 -1.405561 -1.180998 -2.516803 -1.749960 -2.163028 -3.444521 -7.299838 -2.757101 -3.760754 -3.753034 -9999.0 -9999.0 -9999.0 -9999.0 -9999.0 -9999.0 -9999.0 -9999.0 -9999.0 -9999.0 -9999.0 -9999.0 -9999.0 -9999.0 -9999.0 -9999.0 -9999.0 -9999.0 -9999.0 -9999.0 -9999.0 -9999.0 -9999.0 -9999.0 -9999.0 -9999.0 -9999.0 -9999.0 -9999.0
-9999.0 -9999.0 -9999.0 -9999.0 -9999.0 -9999.0 -9999.0 -9999.0 -9999.0 -9999.0 -9999.0 -0.088296 2.007014 1.591150 2.165281 0.786303 3.200050 3.473275 6.250652 4.552296 2.097428 0.680112 -0.313671 -0.857076 -1.435402 -1.746697 -1.878082 -2.089483 -2.005449 -3.364101 -2.825635 -2.086801 -3.271879 -3.146523 -3.885851 -3.069976 -1.796215 -2.059624 -2.561888 -9999.0 -9999.0 -9999.0 -3.340364 -9999.0 -9999.0 -9999.0 -9999.0 -9999.0 -9999.0 -9999.0 -9999.0 -9999.0 -9999.0 -9999.0 -9999.0 -9999.0 -9999.0 -9999.0 -9999.0 -9999.0 -9999.0 -9999.0 -9999.0
-9999.0 -9999.0 -9999.0 -9999.0 -9999.0 -9999.0 -9999.0 -9999.0 -9999.0 -9999.0 -9999.0 -0.095692 2.111434 3.613853 3.793140 -0.052993 5.510520 4.250857 6.407711 4.427579 3.789973 -0.002394 -0.295196 -1.698273 -3.256819 -1.945103 -1.912641 -1.816871 -2.103174 -3.111700 -2.119547 -1.353970 -1.983742 -4.136134 -2.714058 -1.958991 -1.425511 -1.473206 -1.804019 -3.000818 -3.070902 -3.152256 -2.888175 -2.596137 -9999.0 -9999.0 -9999.0 -3.602649 -3.739977 -3.686439 -3.722195 -3.668896 -3.988932 -3.650941 -5.138338 -4.091521 -9999.0 -9999.0 -9999.0 -9999.0 -9999.0 -9999.0 -9999.0
-9999.0 -9999.0 -9999.0 -9999.0 -9999.0 -9999.0 -9999.0 -9999.0 -9999.0 -9999.0 -9999.0 -0.183759 -0.070744 -0.012094 -0.000583 -0.003208 0.931896 3.520630 5.233045 4.416632 1.696606 -0.002227 -1.361637 -0.837036 -1.876140 -1.380595 -2.497344 -2.921900 -1.961953 -2.650770 -2.285161 -3.404370 -1.706409 -2.458254 -3.491168 -1.711277 -2.555648 -2.161905 -0.124423 -1.975669 -2.214057 -1.865833 -1.825380 -1.923411 -2.822008 -9999.0 -3.853495 -4.217049 -2.318602 -1.752226 -1.767624 -1.938557 -1.909938 -1.725738 -3.331208 -2.589712 -9999.0 -9999.0 -9999.0 -9999.0 -9999.0 -9999.0 -9999.0
-9999.0 -9999.0 -9999.0 -9999.0 -9999.0 -9999.0 -9999.0 -9999.0 -9999.0 -9999.0 -9999.0 -9999.0 -0.140371 -0.001292 -0.004084 -0.002352 0.054776 2.604765 5.992476 4.379377 1.665781 -0.002247 -1.250721 -2.570583 -2.094664 -1.313453 -0.208133 -1.647330 -2.329152 -2.629425 -1.820285 -3.180046 -1.531771 -3.016694 -3.651133 -1.741994 -2.898067 -2.026457 -0.002065 -0.509064 -1.384685 -0.339897 -2.600571 -1.119702 -2.366572 -2.993151 -3.326422 -2.756413 -4.041311 -2.680718 -0.000681 -3.063669 -3.111797 -3.710990 -4.284231 -3.137507 -2.719880 -9999.0 -9999.0 -9999.0 -9999.0 -9999.0 -9999.0
-9999.0 -9999.0 -9999.0 -9999.0 -9999.0 -9999.0 -9999.0 -9999.0 -9999.0 -9999.0 -9999.0 -1.612450 -0.243990 -0.107178 -0.682359 -0.001176 0.094419 1.732611 5.443710 3.825468 2.190595 0.080972 -0.001620 -1.209076 -1.332154 -1.907296 -1.321005 -1.649481 -1.760136 -1.579575 -2.472119 -2.355490 -0.919795 -2.528093 -2.876490 -2.603209 -1.701141 -1.942306 -0.004997 -0.066184 -1.686430 -0.002430 -1.039528 -1.794437 -0.297445 -1.736238 -2.286271 -1.467449 -0.330225 -0.007470 -2.989660 -1.562838 -4.720770 -5.371485 -6.244680 -7.272994 -3.223968 -9999.0 -9999.0 -9999.0 -9999.0 -9999.0 -9999.0
-9999.0 -9999.0 -9999.0 -9999.0 -9999.0 -9999.0 -9999.0 -9999.0 -9999.0 -9999.0 -0.164769 -2.195094 -0.227658 -0.126651 -0.005662 -0.003102 -0.005165 -0.002315 3.102040 3.464409 2.859529 1.666512 -0.450229 -0.073303 -0.001175 -1.638701 -1.477757 -4.285526 -0.980791 -0.375282 -1.814861 -1.905387 -1.200526 -1.937157 -3.652227 -2.444677 -1.594453 -2.839331 -1.028879 -0.001744 -0.002314 1.001926 3.781852 0.582623 -0.002249 -0.962936 -1.359872 -2.479968 -1.752420 -0.001067 -4.698795 -3.238350 -6.699751 -7.919372 -7.387906 -1.901036 -2.247128 -9999.0 -9999.0 -9999.0 -9999.0 -9999.0 -9999.0
-9999.0 -9999.0 -9999.0 -9999.0 -9999.0 -9999.0 -9999.0 -9999.0 -9999.0 -1.912650 -0.851206 -2.048051 -1.521672 -1.057238 -0.015824 -0.013346 -0.002452 0.893660 3.022189 3.630425 3.165419 0.107911 -0.002463 -0.001782 -0.000718 -1.343291 -2.275957 -0.169471 -1.747981 -0.002094 -0.000950 -1.540552 -1.836565 -6.894013 -2.963256 -2.643156 -1.607375 -3.259729 -2.082035 -1.439909 -0.868667 -0.316504 -0.355925 1.443635 0.607079 -0.006722 -0.010821 -1.053905 -1.171364 -0.000547 -1.438075 -3.194199 -8.672847 -4.825112 -3.851227 -4.609020 -3.906274 -2.377776 -3.451214 -9999.0 -9999.0 -9999.0 -9999.0
-9999.0 -9999.0 -9999.0 -9999.0 -9999.0 -9999.0 -9999.0 -9999.0 -9999.0 -1.919342 -1.740640 -0.255743 -0.000567 -0.001214 -0.003946 -0.964845 -0.003489 -0.001063 3.596181 4.091724 3.719806 3.328584 1.966707 -0.000507 -0.956495 -1.198181 -1.105790 -0.001192 -0.001089 -0.000560 -0.008220 -1.916530 -1.998914 -2.306723 -2.956106 -2.069011 -1.588987 -0.701090 -1.686177 -0.900582 -1.928556 -1.448742 -0.377754 -0.001103 1.920314 1.583720 1.257176 -0.002303 -0.002311 -0.001015 -2.790590 -5.171447 -4.821270 -5.239070 -4.003785 -5.597116 -3.639316 -3.034561 -1.434008 -9999.0 -9999.0 -9999.0 -9999.0
-9999.0 -9999.0 -9999.0 -9999.0 -9999.0 -9999.0 -9999.0 -9999.0 -9999.0 -9999.0 -1.815529 -1.057720 -0.006116 -0.001768 -0.002264 -0.002451 -0.001118 1.120197 4.414003 3.659437 3.786990 2.139050 -0.001773 -0.481927 -1.206608 -0.002018 -0.001153 0.548603 -0.008628 -1.478758 -1.823982 -2.759644 -3.364323 -2.837733 -1.839013 -0.918396 -0.274059 -0.852031 -1.568925 -2.186981 -1.516488 -0.284593 -0.003008 -0.004612 -0.001615 -0.001831 0.877317 2.382620 1.970267 -0.002264 -1.745630 -3.569569 -3.907006 -4.950656 -5.058362 -4.158229 -1.797943 -1.599589 -1.355683 -0.001545 -9999.0 -9999.0 -9999.0
-9999.0 -9999.0 -9999.0 -9999.0 -9999.0 -9999.0 -9999.0 -9999.0 -9999.0 -9999.0 -2.357677 -1.670895 -0.239586 -0.002842 1.302712 -0.003048 -0.002598 2.054344 4.792825 4.911393 2.976291 0.858604 -0.002282 -0.022825 -0.002025 -0.001056 1.214663 -0.001976 -1.165836 -3.077685 -1.735475 -1.333764 -4.133607 -2.339097 -1.836087 -0.625129 -1.566573 -1.922163 -1.837264 -1.751238 -2.065777 -0.703772 -2.626136 -0.378970 -0.010943 -0.361411 -0.000885 -0.001635 2.199994 1.663197 -0.002416 -1.582263 -3.967241 -3.564643 -5.232140 -4.558175 -2.662891 -1.156027 1.184186 1.532084 -9999.0 -9999.0 -9999.0
-9999.0 -9999.0 -9999.0 -9999.0 -9999.0 -9999.0 -9999.0 -9999.0 -1.556624 -1.813030 -1.888185 -1.603648 -2.663058 -1.341133 -0.055983 1.190230 2.399211 4.273112 4.574617 5.414812 4.738513 3.569855 2.446367 0.652232 -0.001727 1.559640 1.528815 -0.690412 -1.174703 -3.077060 -6.476619 -2.029091 -1.878421 -2.150186 -2.303811 -1.260320 -0.072585 -0.884722 -2.415863 -2.053859 -1.863161 -1.000865 -3.002524 -1.790939 -0.248370 -0.130501 -2.239049 -1.264465 -0.001710 1.757802 -0.002033 -0.608002 -3.884786 -5.510507 -4.185274 -2.042183 -2.230126 -0.114124 -0.001895 3.516305 -9999.0 -9999.0 -9999.0
-9999.0 -9999.0 -9999.0 -9999.0 -9999.0 -9999.0 -9999.0 -9999.0 -2.990678 -3.039573 -2.462423 -1.778322 -1.495676 -2.084082 -0.808500 -0.001849 1.406537 2.037781 5.163169 5.946985 6.862511 5.752462 4.954504 4.133543 2.899407 2.714522 0.517756 -1.178204 -4.084498 -1.854928 -2.368443 -1.735586 -2.196494 -1.557090 -1.731093 -0.275037 -0.031692 -0.005580 -1.808142 -1.173492 -1.920506 -5.300354 -1.399677 -0.858144 -0.367127 -2.618489 -3.718487 -1.184381 -0.296927 1.211999 1.387725 -0.009150 -4.095419 -2.442643 -1.617454 -2.097221 -0.907923 -0.002434 2.116186 4.507126 5.838890 -9999.0 -9999.0
-9999.0 -9999.0 -9999.0 -9999.0 -9999.0 -9999.0 -9999.0 -9999.0 -1.732224 -0.942302 -0.881850 -3.271611 -1.682058 -2.804187 -1.349111 -0.670639 -0.003392 1.759522 5.057310 6.807593 6.416627 6.622119 6.385080 4.791126 4.367086 2.732336 -0.001653 -1.116649 -4.910007 -2.043418 -1.252361 -0.995286 -1.636274 -1.259032 -0.333612 -0.079021 -0.005405 1.276789 -0.080331 -2.509108 -1.546329 -1.038429 -1.227926 -1.023976 -2.542516 -1.631581 -2.073285 -1.835428 -1.865668 -0.001415 2.199530 -0.002031 -2.914528 -3.902692 -1.388264 -0.676692 0.649789 1.999077 4.192450 4.782870 5.125351 -9999.0 -9999.0
-9999.0 -9999.0 -9999.0 -9999.0 -9999.0 -9999.0 -9999.0 -9999.0 -3.150998 -1.427941 -0.011293 -4.469248 -1.143287 -1.182875 -0.417348 -0.001899 3.636820 4.849913 4.402122 5.331046 5.799602 6.167339 6.394523 5.915359 3.185416 0.640451 -0.001950 -1.863965 -0.167970 -2.388141 -1.412143 -1.974377 -0.003666 -0.659968 -0.272766 -0.069165 1.709947 3.552313 0.320131 -0.003298 -0.207031 -0.408856 -0.564034 -0.244441 -1.107175 -1.006101 -1.135646 -1.438929 -1.108811 -1.145372 -0.001714 1.817421 -0.001934 -1.276862 -0.000605 1.214476 2.792562 4.064620 5.069356 4.895656 4.010626 2.147502 -9999.0
-9999.0 -9999.0 -9999.0 -9999.0 -9999.0 -9999.0 -9999.0 -9999.0 -3.183839 -1.669719 -2.199451 -1.453793 -1.525645 -0.207296 -0.000418 1.647984 2.872482 2.071328 0.371794 2.433314 4.353954 5.514141 5.799288 5.515709 3.584264 -0.003111 -0.973813 -0.002020 -0.001135 -0.005057 -0.374496 -0.000905 1.592534 0.563932 -0.002207 0.502550 1.966708 5.583427 5.062457 1.498282 -0.002018 -0.002338 -0.002949 -0.002548 -1.320286 -0.152904 -0.504985 -1.312428 -0.276932 -0.002273 0.962642 1.251006 1.576736 1.327632 1.765806 2.016509 2.886847 3.683418 4.294832 4.034555 3.669284 1.571378 -9999.0
-9999.0 -9999.0 -1.788046 -1.518670 -3.422616 -1.357886 -2.869363 -2.178906 -1.981995 -1.872391 -2.136878 -0.001936 -0.148688 -0.002066 2.045456 1.122368 -0.001511 -1.107614 -0.603890 -0.002019 2.308303 4.979085 4.454789 5.812237 3.583410 1.592428 -0.003084 -0.002683 1.689902 1.743024 -0.001988 0.049909 3.691211 2.784411 3.092843 4.136433 5.546265 7.882357 6.859924 4.138991 3.186659 3.120270 3.213387 1.829714 -0.001558 -0.002249 1.022815 1.056439 1.812511 2.752255 3.475287 3.167534 2.594998 2.142019 2.049498 4.100517 2.681419 3.088999 2.752725 2.874491 2.529828 0.825487 -9999.0
-9999.0 -1.401579 -2.760725 -2.068527 -1.230705 -1.491395 -2.142884 -2.646912 -3.626559 -2.114198 -1.822260 -0.742749 -0.000176 -0.000306 0.922119 -0.269158 -1.144828 -1.688933 -1.116350 -0.002050 2.069501 3.796593 4.223495 4.156618 5.297288 3.335667 3.207813 3.451564 3.445583 2.337539 2.197977 2.246208 3.702298 5.865670 6.458735 7.431315 9.701723 10.874158 9.116763 7.329678 7.099652 6.785301 5.722750 4.352363 3.070061 3.353752 3.516374 5.511618 5.387513 5.498611 3.953032 3.192351 2.453197 1.712183 1.636550 1.207304 0.529310 0.870414 0.941042 1.151794 0.095363 0.621194 -9999.0
-9999.0 -0.123327 -1.134710 -0.189916 -0.000546 -0.503889 -2.399823 -3.152206 -1.994123 -2.136447 -2.325923 -1.124893 -0.001805 1.034383 -0.193045 -3.217489 -2.484355 -1.997370 -0.538322 -0.003996 1.677630 1.496749 2.407619 2.152384 4.592988 5.470237 5.143721 5.384176 4.705888 6.017881 6.228579 5.972159 5.408570 6.272337 8.260960 9.501147 12.729721 14.011556 12.160638 11.407824 10.504339 9.312450 8.794270 7.688972 7.641108 7.496250 6.508450 6.040697 5.450056 4.747365 3.163735 1.556618 0.634276 1.255462 0.479771 -0.002069 -0.265394 -0.002084 -0.001749 -0.002038 -0.001704 -9999.0 -9999.0
