user2019/resources/simulation/Vinschgau/output-maps/TL0007N1255.asc
ncols         63
nrows         48
xllcorner     598000.000000
yllcorner     5145000.000000
cellsize      1000.000000
NODATA_value  -9999.0
[rows 0 to 27 of 48, columns 0 to 62 of 63]
-9999.0 -9999.0 -9999.0 -9999.0 -9999.0 -9999.0 -9999.0 -9999.0 -9999.0 -9999.0 -9999.0 -9999.0 -9999.0 -9999.0 -9999.0 -9999.0 -9999.0 -9999.0 -9999.0 -9999.0 -9999.0 -9999.0 -9999.0 -9999.0 -9999.0 -9999.0 -9999.0 -9999.0 -9999.0 -9999.0 -9999.0 -9999.0 -9999.0 -9999.0 -9999.0 -9999.0 -9999.0 -9999.0 -9999.0 -9999.0 -9999.0 -9999.0 -9999.0 -9999.0 -9999.0 -9999.0 -9999.0 -9999.0 -9999.0 -9999.0 -9999.0 -9999.0 -9999.0 -9999.0 -9999.0 -9999.0 -9999.0 -9999.0 -9999.0 -9999.0 -9999.0 -9999.0 -9999.0
-9999.0 -9999.0 -9999.0 -9999.0 -9999.0 -9999.0 -9999.0 -9999.0 -9999.0 -9999.0 -9999.0 -9999.0 -9999.0 -9999.0 -9999.0 -9999.0 -9999.0 -9999.0 -9999.0 -9999.0 -9999.0 -9999.0 -9999.0 -9999.0 -9999.0 -9999.0 -9999.0 2.683593 0.706401 3.210631 0.534957 0.364928 -0.034156 -9999.0 -9999.0 -9999.0 -9999.0 -9999.0 -9999.0 -9999.0 -9999.0 -9999.0 -9999.0 -9999.0 -9999.0 -9999.0 -9999.0 -9999.0 -9999.0 -9999.0 -9999.0 -9999.0 -9999.0 -9999.0 -9999.0 -9999.0 -9999.0 -9999.0 -9999.0 -9999.0 -9999.0 -9999.0 -9999.0
-9999.0 -9999.0 -9999.0 -9999.0 -9999.0 -9999.0 -9999.0 -9999.0 -9999.0 -9999.0 -9999.0 -9999.0 -9999.0 -9999.0 -9999.0 -9999.0 -9999.0 -9999.0 -9999.0 -9999.0 -9999.0 -9999.0 -9999.0 -9999.0 0.829892 0.914123 1.654931 0.817785 0.979156 1.435173 0.443161 -9999.0 -9999.0 -9999.0 -9999.0 -9999.0 -9999.0 -9999.0 -9999.0 -9999.0 -9999.0 -9999.0 -9999.0 -9999.0 -9999.0 -9999.0 -9999.0 -9999.0 -9999.0 -9999.0 -9999.0 -9999.0 -9999.0 -9999.0 -9999.0 -9999.0 -9999.0 -9999.0 -9999.0 -9999.0 -9999.0 -9999.0 -9999.0
-9999.0 -9999.0 -9999.0 -9999.0 -9999.0 -9999.0 -9999.0 -9999.0 -9999.0 -9999.0 -9999.0 -9999.0 -9999.0 -9999.0 -9999.0 -9999.0 -9999.0 -9999.0 -9999.0 -9999.0 -9999.0 -9999.0 -9999.0 1.506439 3.030924 4.086533 4.271849 4.399315 4.734446 2.687843 0.452681 -0.003062 -9999.0 -9999.0 -9999.0 -9999.0 -9999.0 -9999.0 -9999.0 -9999.0 -9999.0 -9999.0 -9999.0 -9999.0 -9999.0 -9999.0 -9999.0 -9999.0 -9999.0 -9999.0 -9999.0 -9999.0 -9999.0 -9999.0 -9999.0 -9999.0 -9999.0 -9999.0 -9999.0 -9999.0 -9999.0 -9999.0 -9999.0
-9999.0 -9999.0 -9999.0 -9999.0 -9999.0 -9999.0 -9999.0 -9999.0 -9999.0 -9999.0 -9999.0 -9999.0 -9999.0 -9999.0 -9999.0 -9999.0 -9999.0 -9999.0 6.982069 3.216618 -9999.0 2.451980 3.153085 3.940190 3.855745 4.635274 4.705086 5.227674 2.760926 1.424945 2.199244 0.510324 0.721765 1.390147 -9999.0 -9999.0 -9999.0 -9999.0 -9999.0 -9999.0 -9999.0 -9999.0 -9999.0 -9999.0 -9999.0 -9999.0 -9999.0 -9999.0 -9999.0 -9999.0 -9999.0 -9999.0 -9999.0 -9999.0 -9999.0 -9999.0 -9999.0 -9999.0 -9999.0 -9999.0 -9999.0 -9999.0 -9999.0
-9999.0 -9999.0 -9999.0 -9999.0 -9999.0 -9999.0 -9999.0 -9999.0 -9999.0 -9999.0 -9999.0 -9999.0 -9999.0 -9999.0 -9999.0 -9999.0 -9999.0 5.406556 4.068087 4.822374 5.383161 0.742620 1.874395 3.781066 5.767068 0.331596 -0.055958 1.227682 -0.048657 2.523147 3.696904 2.340088 3.623200 2.497927 0.585694 1.065264 -9999.0 -9999.0 -9999.0 -9999.0 -9999.0 -9999.0 -9999.0 -9999.0 -9999.0 -9999.0 -9999.0 -9999.0 -9999.0 -9999.0 -9999.0 -9999.0 -9999.0 -9999.0 -9999.0 -9999.0 -9999.0 -9999.0 -9999.0 -9999.0 -9999.0 -9999.0 -9999.0
-9999.0 -9999.0 -9999.0 -9999.0 -9999.0 -9999.0 -9999.0 -9999.0 -9999.0 -9999.0 -9999.0 -9999.0 -9999.0 5.933900 3.568187 3.795827 5.113965 12.331582 5.177058 4.322915 4.089588 3.742194 4.548806 5.984852 -0.002772 3.195553 0.038554 -0.049551 -0.043809 -0.003544 -0.215258 1.398165 0.783157 0.563601 1.610330 0.851167 -9999.0 -9999.0 -9999.0 -9999.0 -9999.0 -9999.0 -9999.0 -9999.0 -9999.0 -9999.0 -9999.0 -9999.0 -9999.0 -9999.0 -9999.0 -9999.0 -9999.0 -9999.0 -9999.0 -9999.0 -9999.0 -9999.0 -9999.0 -9999.0 -9999.0 -9999.0 -9999.0
-9999.0 -9999.0 -9999.0 -9999.0 -9999.0 -9999.0 -9999.0 -9999.0 -9999.0 -9999.0 -9999.0 -9999.0 -9999.0 6.457335 5.232302 4.497981 4.290372 11.541626 12.414747 6.232637 4.428499 7.907501 3.063285 1.770382 2.745377 0.909210 0.958493 3.133366 1.988453 -0.056084 -0.100029 0.542171 1.100183 0.413169 0.508785 -9999.0 -9999.0 -9999.0 -9999.0 -9999.0 -9999.0 -9999.0 -9999.0 -9999.0 -9999.0 -9999.0 -9999.0 -9999.0 -9999.0 -9999.0 -9999.0 -9999.0 -9999.0 -9999.0 -9999.0 -9999.0 -9999.0 -9999.0 -9999.0 -9999.0 -9999.0 -9999.0 -9999.0
-9999.0 -9999.0 -9999.0 -9999.0 -9999.0 -9999.0 -9999.0 -9999.0 -9999.0 -9999.0 -9999.0 -9999.0 -9999.0 5.393807 5.340652 6.607974 4.175125 4.918744 12.845159 5.263288 9.225788 3.874042 0.535981 -0.004855 3.048273 2.271937 4.053545 1.679945 -0.002017 0.517317 0.402022 0.402528 0.456120 -5.290991 1.033210 -9999.0 -9999.0 -9999.0 -9999.0 -9999.0 -9999.0 -9999.0 -9999.0 -9999.0 -9999.0 -9999.0 -9999.0 -9999.0 -9999.0 -9999.0 -9999.0 -9999.0 -9999.0 -9999.0 -9999.0 -9999.0 -9999.0 -9999.0 -9999.0 -9999.0 -9999.0 -9999.0 -9999.0
-9999.0 -9999.0 -9999.0 -9999.0 -9999.0 -9999.0 -9999.0 -9999.0 -9999.0 -9999.0 -9999.0 -9999.0 4.253059 4.864540 6.290023 4.750369 2.819233 4.454247 12.481900 6.667302 4.522742 -0.004120 0.405726 -0.026881 -0.324127 0.762784 -1.543391 0.400838 0.749165 0.868568 -0.043981 0.754630 -0.011042 1.244722 -9999.0 -9999.0 -9999.0 -9999.0 -9999.0 -9999.0 -9999.0 -9999.0 -9999.0 -9999.0 -9999.0 -9999.0 -9999.0 -9999.0 -9999.0 -9999.0 -9999.0 -9999.0 -9999.0 -9999.0 -9999.0 -9999.0 -9999.0 -9999.0 -9999.0 -9999.0 -9999.0 -9999.0 -9999.0
-9999.0 -9999.0 -9999.0 -9999.0 -9999.0 -9999.0 -9999.0 -9999.0 -9999.0 -9999.0 -9999.0 5.568753 5.735945 2.886286 5.836327 8.505981 5.960581 4.798161 12.076857 8.154190 3.121932 3.552780 3.503213 1.974545 0.554835 1.518507 -0.001536 0.650334 -0.022526 0.564010 1.071157 0.771402 1.649360 1.194285 0.906459 2.160015 0.377078 1.282801 1.564031 -9999.0 -9999.0 -9999.0 1.067593 -9999.0 -9999.0 -9999.0 -9999.0 -9999.0 -9999.0 -9999.0 -9999.0 -9999.0 -9999.0 -9999.0 -9999.0 -9999.0 -9999.0 -9999.0 -9999.0 -9999.0 -9999.0 -9999.0 -9999.0
-9999.0 -9999.0 -9999.0 -9999.0 -9999.0 -9999.0 -9999.0 -9999.0 -9999.0 -9999.0 -9999.0 5.021215 5.449184 7.197527 6.912237 8.012655 7.981044 5.249248 12.277269 9.314333 9.054463 5.671802 2.708753 -0.743815 -0.482171 0.697472 0.564960 1.146558 3.275776 1.266485 0.582922 0.969472 -0.003087 -0.019914 -0.004736 0.610026 2.586149 3.136574 1.786502 1.014932 1.341621 1.455506 0.502931 1.123199 -9999.0 -9999.0 -9999.0 -0.047082 -0.028843 0.328855 -0.028668 0.165842 0.198894 -0.061634 -0.063593 0.192250 -9999.0 -9999.0 -9999.0 -9999.0 -9999.0 -9999.0 -9999.0
-9999.0 -9999.0 -9999.0 -9999.0 -9999.0 -9999.0 -9999.0 -9999.0 -9999.0 -9999.0 -9999.0 4.727402 5.426982 1.837067 7.755328 8.708148 3.386730 4.185570 10.688112 9.215830 2.574685 0.578296 -0.154066 0.821733 0.696256 2.795311 -0.328209 -2.027628 2.329681 -0.003834 1.929237 -0.668807 1.396617 -0.018577 1.063451 2.117826 -0.535887 -0.538096 4.070760 1.959245 1.517674 0.386814 1.368749 0.639047 -0.022482 -9999.0 0.765291 -0.024453 0.451633 0.756179 1.953704 3.384482 0.644963 -0.000966 0.375464 -0.020245 -9999.0 -9999.0 -9999.0 -9999.0 -9999.0 -9999.0 -9999.0
-9999.0 -9999.0 -9999.0 -9999.0 -9999.0 -9999.0 -9999.0 -9999.0 -9999.0 -9999.0 -9999.0 -9999.0 5.241577 -0.024492 6.626790 7.048765 1.092812 3.209548 11.496934 9.027478 2.469778 1.113067 -0.051771 -0.345171 -1.002592 -0.345108 0.850273 2.262329 0.494793 1.343026 0.546329 -0.444531 2.429957 -0.001328 -0.003567 0.925077 -0.304403 -0.635119 4.936004 3.193135 3.524045 3.920900 -0.233969 1.636556 1.554371 -0.023311 0.437179 -0.020218 -0.995854 -0.258359 -0.009817 -0.922408 -2.239259 -1.470215 -1.025074 -0.004080 -0.022915 -9999.0 -9999.0 -9999.0 -9999.0 -9999.0 -9999.0
-9999.0 -9999.0 -9999.0 -9999.0 -9999.0 -9999.0 -9999.0 -9999.0 -9999.0 -9999.0 -9999.0 -0.103215 3.312608 6.679367 -0.038807 1.035948 2.368878 2.508656 10.931203 4.418935 2.741787 0.810579 -0.005426 -0.275471 -0.269754 -1.014811 -0.315349 0.430932 0.321870 3.041226 -0.338189 -0.635770 2.919363 0.228163 -0.007338 0.608594 1.453807 -0.054083 0.627998 5.133345 -0.051683 -0.007451 -0.052012 0.059747 3.307640 0.445133 0.719016 2.945082 3.620159 -0.012893 -1.592665 0.463853 -1.666317 -4.556744 -5.257644 -4.300317 0.486489 -9999.0 -9999.0 -9999.0 -9999.0 -9999.0 -9999.0
-9999.0 -9999.0 -9999.0 -9999.0 -9999.0 -9999.0 -9999.0 -9999.0 -9999.0 -9999.0 1.015346 -0.062315 3.044968 3.569513 5.018444 -0.017472 -0.019600 -0.003218 3.586388 4.064390 6.917587 4.848902 -0.259346 3.822706 -0.003368 -0.733953 -0.592871 -2.463682 2.487823 2.848341 -0.261838 -1.004759 2.587940 -0.001150 1.351665 1.992239 2.483971 -0.190283 -0.295853 0.929009 1.069423 2.179269 7.434917 1.042860 -0.020606 3.064258 1.137989 -0.112160 -0.338943 -0.001324 -2.713079 0.342324 -5.702607 -2.960725 -0.043211 -0.001081 -0.001058 -9999.0 -9999.0 -9999.0 -9999.0 -9999.0 -9999.0
-9999.0 -9999.0 -9999.0 -9999.0 -9999.0 -9999.0 -9999.0 -9999.0 -9999.0 0.810712 1.171342 -0.047116 -0.040671 -0.060961 -0.102343 -0.053158 -0.022035 5.766262 3.517239 4.108156 7.342570 0.923555 0.352362 1.407008 0.573929 -1.009532 -1.110579 2.814170 -0.043751 -0.022820 0.634063 -1.208579 2.231851 0.681773 1.563334 1.902036 2.275917 -0.430936 -0.242872 -0.076183 -0.566265 -0.343282 -0.193948 1.635583 1.201258 -0.020514 4.350431 -0.092919 -0.085753 0.678826 -0.640445 0.456145 -5.583742 -0.018729 0.038418 -2.787981 -1.526720 1.054957 0.178554 -9999.0 -9999.0 -9999.0 -9999.0
-9999.0 -9999.0 -9999.0 -9999.0 -9999.0 -9999.0 -9999.0 -9999.0 -9999.0 1.327302 0.712038 3.084091 3.859743 -0.001500 -0.024186 -0.064192 4.270277 1.423276 4.085146 8.501593 8.038659 7.745743 5.298345 3.484758 -0.628094 -0.430746 -0.069648 -0.001678 1.203442 3.554446 2.906605 -1.585261 0.709899 -0.005383 0.471729 1.873985 2.560889 3.797312 0.826845 3.145776 -0.344180 -0.562386 -0.047624 1.490617 2.742376 2.862053 2.544858 1.195844 -0.005712 0.877176 -2.471612 -3.582149 -0.317119 -0.594809 0.372859 -3.091093 -1.930841 -0.641500 2.373633 -9999.0 -9999.0 -9999.0 -9999.0
-9999.0 -9999.0 -9999.0 -9999.0 -9999.0 -9999.0 -9999.0 -9999.0 -9999.0 -9999.0 0.540869 2.816443 -0.038477 -0.244622 0.300644 -0.021842 -0.001393 2.739998 4.864108 5.752166 8.125308 2.751213 -0.002196 -0.256955 -0.250467 -0.020778 0.795289 1.732926 2.847378 -1.146486 -1.482296 -1.865888 -1.867296 -0.001431 0.863565 2.871394 2.517014 2.526078 2.558238 0.633874 0.498688 2.303915 2.976310 -0.018257 -0.003144 -0.002362 1.735717 5.577974 4.141886 0.895591 -1.433492 -1.179904 -0.012358 -0.463554 -0.676552 -0.029081 -0.000883 -0.732570 -0.087609 -0.002589 -9999.0 -9999.0 -9999.0
-9999.0 -9999.0 -9999.0 -9999.0 -9999.0 -9999.0 -9999.0 -9999.0 -9999.0 -9999.0 0.435188 1.285164 2.235871 -0.020917 4.377105 0.224264 -0.003605 2.614276 5.290624 6.497086 3.404974 1.535926 -0.002889 -0.039876 -0.016741 1.270332 2.395996 -0.002355 -0.839862 -1.607552 0.597448 0.927441 -1.878338 -0.003180 0.626306 2.760573 -0.652256 -0.073540 -1.231922 0.393014 0.688076 5.083235 -0.109796 2.673528 1.261794 -0.138077 -0.001140 -0.003007 3.119615 3.065673 0.507673 -0.699667 -2.333962 0.103560 -1.115945 -0.459138 -0.028615 -0.099268 1.355471 2.559401 -9999.0 -9999.0 -9999.0
-9999.0 -9999.0 -9999.0 -9999.0 -9999.0 -9999.0 -9999.0 -9999.0 0.777651 0.524614 0.344275 0.819912 -0.467365 -0.055941 -0.041793 1.600217 2.936799 8.545096 6.729346 6.904507 5.129776 4.054911 3.177968 1.470495 1.154200 1.906253 4.497608 -0.439300 -0.697338 -1.535559 0.405397 0.612704 0.630130 -0.001900 0.730883 0.923829 4.559316 -0.063633 -2.077441 2.023137 3.239387 2.051448 -1.545207 2.426081 4.212104 0.965316 -1.901173 -0.051299 -0.002304 2.969403 1.026240 -0.546982 -1.435339 -4.037833 -0.174817 -0.003249 1.352431 2.762942 1.303529 4.464828 -9999.0 -9999.0 -9999.0
-9999.0 -9999.0 -9999.0 -9999.0 -9999.0 -9999.0 -9999.0 -9999.0 -2.095872 -0.647738 -1.471134 0.017454 0.718923 -1.208942 -0.500569 -0.002393 1.930261 2.516589 5.510351 7.445371 12.089651 10.846188 10.445842 9.483422 3.393295 3.363643 0.816155 -0.063055 -1.834676 0.245890 -0.009953 2.349734 0.775608 2.666260 0.832647 1.576782 5.668291 -0.003705 -0.048049 2.248283 0.622113 0.453480 2.869401 2.465641 0.779903 -0.173822 -1.935992 1.759436 -0.046291 1.456808 2.424591 -0.025725 -4.276985 -0.027061 0.594854 -1.781658 -0.136834 -0.012309 3.290134 6.235660 7.296493 -9999.0 -9999.0
-9999.0 -9999.0 -9999.0 -9999.0 -9999.0 -9999.0 -9999.0 -9999.0 0.603069 0.606354 0.318889 -1.846176 0.633382 -1.386202 -0.085060 -0.422711 0.245913 3.839046 5.440254 11.753273 7.898472 11.060211 11.181695 6.544262 8.647664 3.241780 0.349457 -0.792614 -2.304832 0.618810 2.856306 1.532279 -0.711982 -0.467699 2.742346 5.105820 0.171664 1.733852 -0.028322 -0.092848 2.085250 3.279145 0.857757 0.559461 -0.440854 0.835091 1.880579 0.369362 -0.835778 -0.002263 2.600604 0.869907 -3.265956 -4.134909 -0.051943 -0.040944 1.594625 3.075453 6.171764 6.492172 6.972339 -9999.0 -9999.0
-9999.0 -9999.0 -9999.0 -9999.0 -9999.0 -9999.0 -9999.0 -9999.0 0.401823 1.923002 -0.074087 -2.296120 0.697464 -0.421980 -0.308062 0.193371 3.986091 5.233284 8.565232 5.694332 7.338909 7.739050 10.566267 9.766210 3.638290 1.029977 -0.002404 -1.529383 1.987529 -0.348947 -0.086750 -0.075870 0.101890 -0.043006 -0.031008 4.421356 6.811379 4.107158 0.730893 -0.017638 2.954923 3.144657 3.048552 4.174699 0.664462 3.195314 2.612272 3.618303 0.654492 -0.153525 -0.001984 2.309236 0.957891 -0.050445 1.209706 2.166501 3.892298 4.859789 5.746858 6.706380 5.715141 2.731853 -9999.0
-9999.0 -9999.0 -9999.0 -9999.0 -9999.0 -9999.0 -9999.0 -9999.0 -0.042713 0.689891 -1.342273 -1.142849 -0.368547 -0.122082 3.554109 2.907965 5.887138 2.462920 0.843863 2.901776 4.770980 7.137564 7.349677 7.034389 7.922371 0.239524 -0.656112 -0.016806 0.332389 -0.024581 -0.115192 0.818188 2.806668 1.756390 0.991916 2.270168 4.180259 6.092541 5.467853 2.729252 1.244796 1.040210 1.265630 0.262008 -0.111327 3.476926 -0.040938 -0.075536 -0.041201 0.709495 2.114751 1.747026 1.980435 2.344731 2.992528 3.378393 4.056636 5.088345 5.927579 6.088714 4.214271 2.140914 -9999.0
-9999.0 -9999.0 1.910709 0.810573 -2.532860 -0.537896 -1.609862 -1.615935 -0.007410 -0.000849 -0.421720 -0.371928 -0.097143 -0.014173 4.855318 2.099138 -0.003026 -0.789447 -0.053213 -0.002661 2.772019 5.489880 6.513027 6.152136 5.134809 2.045205 -0.004333 0.231909 2.597151 4.720427 -0.002445 0.867453 7.290413 3.434873 5.334604 4.672502 7.842702 8.341526 7.255918 4.571265 5.560007 5.586055 4.310981 3.182086 -0.002605 0.925014 2.171499 1.446187 3.302665 4.493294 5.396123 4.719252 3.754614 3.242779 3.149481 7.779811 3.830944 4.316900 4.245566 3.570387 5.941123 1.347512 -9999.0
-9999.0 -0.075291 -0.290726 -0.286242 -0.456558 -0.740588 -1.288540 -1.457184 -2.198943 -0.001598 -1.475274 -0.496459 -0.001140 4.206213 3.832558 -0.272728 -0.371646 -0.745781 -0.360543 -0.002560 2.546065 4.307167 8.100297 4.925227 9.114051 4.936821 7.305570 7.559411 5.665367 4.082633 4.269332 4.424033 6.144667 10.296637 8.449963 9.689490 11.342590 11.239000 11.493825 9.858753 8.979141 8.855122 8.167033 4.858140 3.557840 3.953998 5.412100 5.961260 7.267061 6.118003 5.638746 4.474051 3.615741 2.816766 2.740950 2.228283 0.806947 1.164906 2.030940 4.254735 0.546156 1.136576 -9999.0
-9999.0 4.144597 -0.039175 -0.046241 2.075909 -0.062123 -2.073119 -1.765796 -0.020584 0.258048 -1.286858 -0.817685 0.271068 4.021850 -0.073898 -3.323051 -1.426594 -0.960861 -0.577614 -0.007717 4.668721 2.022720 3.100247 3.527683 9.051222 10.169357 5.473951 6.831083 6.779245 6.435235 6.579858 6.353741 7.905959 8.796434 13.083034 11.788375 17.950304 18.942536 14.395873 13.317905 12.602934 11.577729 10.516058 8.103929 7.966115 7.837695 8.478753 8.180358 7.555271 6.696189 4.741571 2.069639 0.946418 1.516046 0.680082 -0.002101 -0.219707 -0.003162 -0.002035 -0.005521 -0.002235 -9999.0 -9999.0
