user2019/resources/simulation/Vinschgau/output-maps/TL0008N0614.asc
ncols         63
nrows         48
xllcorner     598000.000000
yllcorner     5145000.000000
cellsize      1000.000000
NODATA_value  -9999.0
[rows 0 to 27 of 48, columns 0 to 62 of 63]
-9999.0 -9999.0 -9999.0 -9999.0 -9999.0 -9999.0 -9999.0 -9999.0 -9999.0 -9999.0 -9999.0 -9999.0 -9999.0 -9999.0 -9999.0 -9999.0 -9999.0 -9999.0 -9999.0 -9999.0 -9999.0 -9999.0 -9999.0 -9999.0 -9999.0 -9999.0 -9999.0 -9999.0 -9999.0 -9999.0 -9999.0 -9999.0 -9999.0 -9999.0 -9999.0 -9999.0 -9999.0 -9999.0 -9999.0 -9999.0 -9999.0 -9999.0 -9999.0 -9999.0 -9999.0 -9999.0 -9999.0 -9999.0 -9999.0 -9999.0 -9999.0 -9999.0 -9999.0 -9999.0 -9999.0 -9999.0 -9999.0 -9999.0 -9999.0 -9999.0 -9999.0 -9999.0 -9999.0
-9999.0 -9999.0 -9999.0 -9999.0 -9999.0 -9999.0 -9999.0 -9999.0 -9999.0 -9999.0 -9999.0 -9999.0 -9999.0 -9999.0 -9999.0 -9999.0 -9999.0 -9999.0 -9999.0 -9999.0 -9999.0 -9999.0 -9999.0 -9999.0 -9999.0 -9999.0 -9999.0 12.062507 12.091034 12.151398 10.676776 9.928268 10.480779 -9999.0 -9999.0 -9999.0 -9999.0 -9999.0 -9999.0 -9999.0 -9999.0 -9999.0 -9999.0 -9999.0 -9999.0 -9999.0 -9999.0 -9999.0 -9999.0 -9999.0 -9999.0 -9999.0 -9999.0 -9999.0 -9999.0 -9999.0 -9999.0 -9999.0 -9999.0 -9999.0 -9999.0 -9999.0 -9999.0
-9999.0 -9999.0 -9999.0 -9999.0 -9999.0 -9999.0 -9999.0 -9999.0 -9999.0 -9999.0 -9999.0 -9999.0 -9999.0 -9999.0 -9999.0 -9999.0 -9999.0 -9999.0 -9999.0 -9999.0 -9999.0 -9999.0 -9999.0 -9999.0 12.343909 12.896840 13.291971 12.964748 12.854326 12.456996 10.679133 -9999.0 -9999.0 -9999.0 -9999.0 -9999.0 -9999.0 -9999.0 -9999.0 -9999.0 -9999.0 -9999.0 -9999.0 -9999.0 -9999.0 -9999.0 -9999.0 -9999.0 -9999.0 -9999.0 -9999.0 -9999.0 -9999.0 -9999.0 -9999.0 -9999.0 -9999.0 -9999.0 -9999.0 -9999.0 -9999.0 -9999.0 -9999.0
-9999.0 -9999.0 -9999.0 -9999.0 -9999.0 -9999.0 -9999.0 -9999.0 -9999.0 -9999.0 -9999.0 -9999.0 -9999.0 -9999.0 -9999.0 -9999.0 -9999.0 -9999.0 -9999.0 -9999.0 -9999.0 -9999.0 -9999.0 12.701735 13.524716 13.012459 13.462193 13.585467 13.334927 13.264409 11.391684 10.333165 -9999.0 -9999.0 -9999.0 -9999.0 -9999.0 -9999.0 -9999.0 -9999.0 -9999.0 -9999.0 -9999.0 -9999.0 -9999.0 -9999.0 -9999.0 -9999.0 -9999.0 -9999.0 -9999.0 -9999.0 -9999.0 -9999.0 -9999.0 -9999.0 -9999.0 -9999.0 -9999.0 -9999.0 -9999.0 -9999.0 -9999.0
-9999.0 -9999.0 -9999.0 -9999.0 -9999.0 -9999.0 -9999.0 -9999.0 -9999.0 -9999.0 -9999.0 -9999.0 -9999.0 -9999.0 -9999.0 -9999.0 -9999.0 -9999.0 14.109159 12.574726 -9999.0 12.290153 13.020067 13.331581 13.464850 14.983176 15.303837 15.347695 14.917091 13.433389 12.917427 11.439217 10.594593 8.802645 -9999.0 -9999.0 -9999.0 -9999.0 -9999.0 -9999.0 -9999.0 -9999.0 -9999.0 -9999.0 -9999.0 -9999.0 -9999.0 -9999.0 -9999.0 -9999.0 -9999.0 -9999.0 -9999.0 -9999.0 -9999.0 -9999.0 -9999.0 -9999.0 -9999.0 -9999.0 -9999.0 -9999.0 -9999.0
-9999.0 -9999.0 -9999.0 -9999.0 -9999.0 -9999.0 -9999.0 -9999.0 -9999.0 -9999.0 -9999.0 -9999.0 -9999.0 -9999.0 -9999.0 -9999.0 -9999.0 13.338049 11.844926 11.574016 13.451406 10.734489 12.262553 13.270407 17.016082 10.691021 9.608750 11.177605 9.892176 11.893466 13.707760 12.460627 12.564640 11.548337 9.601729 6.160373 -9999.0 -9999.0 -9999.0 -9999.0 -9999.0 -9999.0 -9999.0 -9999.0 -9999.0 -9999.0 -9999.0 -9999.0 -9999.0 -9999.0 -9999.0 -9999.0 -9999.0 -9999.0 -9999.0 -9999.0 -9999.0 -9999.0 -9999.0 -9999.0 -9999.0 -9999.0 -9999.0
-9999.0 -9999.0 -9999.0 -9999.0 -9999.0 -9999.0 -9999.0 -9999.0 -9999.0 -9999.0 -9999.0 -9999.0 -9999.0 11.893952 11.739838 11.182704 12.608326 21.658883 13.013582 13.315689 13.302075 14.154904 15.275130 16.923036 10.167154 12.005915 9.276547 6.591479 10.301713 10.944774 10.231598 11.599914 11.239727 10.051010 10.009941 5.688741 -9999.0 -9999.0 -9999.0 -9999.0 -9999.0 -9999.0 -9999.0 -9999.0 -9999.0 -9999.0 -9999.0 -9999.0 -9999.0 -9999.0 -9999.0 -9999.0 -9999.0 -9999.0 -9999.0 -9999.0 -9999.0 -9999.0 -9999.0 -9999.0 -9999.0 -9999.0 -9999.0
-9999.0 -9999.0 -9999.0 -9999.0 -9999.0 -9999.0 -9999.0 -9999.0 -9999.0 -9999.0 -9999.0 -9999.0 -9999.0 12.267512 12.373977 11.360859 11.121297 17.514488 21.750609 15.237499 13.232780 15.173350 11.529206 11.062638 12.736621 11.647893 11.859474 10.751938 10.463655 8.745077 6.193113 9.791401 9.272240 5.705838 7.387060 -9999.0 -9999.0 -9999.0 -9999.0 -9999.0 -9999.0 -9999.0 -9999.0 -9999.0 -9999.0 -9999.0 -9999.0 -9999.0 -9999.0 -9999.0 -9999.0 -9999.0 -9999.0 -9999.0 -9999.0 -9999.0 -9999.0 -9999.0 -9999.0 -9999.0 -9999.0 -9999.0 -9999.0
-9999.0 -9999.0 -9999.0 -9999.0 -9999.0 -9999.0 -9999.0 -9999.0 -9999.0 -9999.0 -9999.0 -9999.0 -9999.0 12.063713 13.319883 12.608306 10.512911 11.718928 21.643893 12.712411 14.795772 11.483821 9.164353 9.604389 12.369799 6.913969 12.324483 9.676956 10.605832 9.090521 9.406179 2.329320 5.329446 1.879550 5.892044 -9999.0 -9999.0 -9999.0 -9999.0 -9999.0 -9999.0 -9999.0 -9999.0 -9999.0 -9999.0 -9999.0 -9999.0 -9999.0 -9999.0 -9999.0 -9999.0 -9999.0 -9999.0 -9999.0 -9999.0 -9999.0 -9999.0 -9999.0 -9999.0 -9999.0 -9999.0 -9999.0 -9999.0
-9999.0 -9999.0 -9999.0 -9999.0 -9999.0 -9999.0 -9999.0 -9999.0 -9999.0 -9999.0 -9999.0 -9999.0 11.575874 12.678059 12.254274 10.697487 8.674566 10.768030 17.975925 12.813571 12.436513 9.858722 6.860304 6.231180 10.116276 10.328756 6.077806 10.331976 11.779695 9.060678 4.458369 10.085505 9.752562 5.741207 -9999.0 -9999.0 -9999.0 -9999.0 -9999.0 -9999.0 -9999.0 -9999.0 -9999.0 -9999.0 -9999.0 -9999.0 -9999.0 -9999.0 -9999.0 -9999.0 -9999.0 -9999.0 -9999.0 -9999.0 -9999.0 -9999.0 -9999.0 -9999.0 -9999.0 -9999.0 -9999.0 -9999.0 -9999.0
-9999.0 -9999.0 -9999.0 -9999.0 -9999.0 -9999.0 -9999.0 -9999.0 -9999.0 -9999.0 -9999.0 11.139247 9.614944 9.523744 10.010742 10.792555 8.878113 10.119043 17.767279 12.392266 10.927583 12.156294 12.079852 11.257119 9.957989 11.298073 8.916325 11.677303 11.113595 5.882012 9.901988 12.044002 10.580321 9.208872 9.876372 11.485661 13.180025 14.997749 15.366850 -9999.0 -9999.0 -9999.0 9.946747 -9999.0 -9999.0 -9999.0 -9999.0 -9999.0 -9999.0 -9999.0 -9999.0 -9999.0 -9999.0 -9999.0 -9999.0 -9999.0 -9999.0 -9999.0 -9999.0 -9999.0 -9999.0 -9999.0 -9999.0
-9999.0 -9999.0 -9999.0 -9999.0 -9999.0 -9999.0 -9999.0 -9999.0 -9999.0 -9999.0 -9999.0 10.444976 9.224155 9.826133 9.891755 9.855609 11.389214 11.570219 17.664872 15.029104 14.979444 13.319466 12.086723 5.011328 7.341342 11.123304 11.656005 12.346190 11.671810 8.335542 11.605125 12.241667 10.684584 9.579917 10.428639 13.602729 17.067230 17.631459 15.164346 13.019485 12.709114 10.966898 12.376909 11.011042 -9999.0 -9999.0 -9999.0 8.616032 9.591130 10.770365 10.611153 10.422546 9.965326 9.354397 9.597478 2.796286 -9999.0 -9999.0 -9999.0 -9999.0 -9999.0 -9999.0 -9999.0
-9999.0 -9999.0 -9999.0 -9999.0 -9999.0 -9999.0 -9999.0 -9999.0 -9999.0 -9999.0 -9999.0 11.007684 10.371593 7.903395 10.717137 10.962534 7.955860 8.665181 15.270168 16.330854 9.534312 10.156772 7.866987 12.064885 10.671182 12.347351 6.008149 8.793859 10.571869 9.163740 10.401530 8.615616 12.669065 9.620326 11.014710 15.426747 11.512566 12.506572 18.974348 15.183956 15.275103 12.981622 14.594271 12.582635 10.165778 -9999.0 9.082046 10.280495 11.993345 12.946130 13.390649 13.491052 12.851874 12.373410 12.340151 11.621897 -9999.0 -9999.0 -9999.0 -9999.0 -9999.0 -9999.0 -9999.0
-9999.0 -9999.0 -9999.0 -9999.0 -9999.0 -9999.0 -9999.0 -9999.0 -9999.0 -9999.0 -9999.0 -9999.0 10.696526 6.308227 11.654930 11.440404 6.803558 8.902127 16.388391 16.563375 10.105751 10.794312 10.624866 9.400466 5.236406 5.972299 13.677746 11.229935 10.774724 10.715110 11.640952 5.872408 13.021046 11.167682 10.395404 13.927773 10.108315 12.350885 21.737633 16.075050 17.434258 17.395592 10.605477 14.233583 11.562853 10.137814 10.382752 10.475397 5.961219 10.437507 11.524703 9.529834 10.156290 5.375881 8.396441 11.047000 11.399238 -9999.0 -9999.0 -9999.0 -9999.0 -9999.0 -9999.0
-9999.0 -9999.0 -9999.0 -9999.0 -9999.0 -9999.0 -9999.0 -9999.0 -9999.0 -9999.0 -9999.0 4.916231 10.082374 11.259606 8.175309 8.236336 9.214054 8.835864 16.383396 11.818899 10.680531 9.961272 10.370398 6.089624 6.061119 10.552128 9.210513 10.062789 11.310518 12.282622 6.012730 10.055235 13.561342 10.684706 9.083174 13.057129 13.607797 11.438489 12.814955 20.149128 11.258429 12.282347 11.992683 11.237530 14.221093 11.293073 12.255626 12.713105 13.270455 11.903894 8.513353 10.844296 7.531442 5.291808 6.315475 10.194313 11.637903 -9999.0 -9999.0 -9999.0 -9999.0 -9999.0 -9999.0
-9999.0 -9999.0 -9999.0 -9999.0 -9999.0 -9999.0 -9999.0 -9999.0 -9999.0 -9999.0 11.941970 7.424659 11.885113 11.825552 12.591101 9.661318 9.198157 8.692411 11.633083 12.167446 15.940753 14.299376 8.890039 14.335110 11.137370 10.002396 5.626723 7.160168 12.975711 13.443238 10.669313 9.953504 12.036276 9.935828 8.552122 10.912069 15.128259 10.430643 10.212280 13.705850 13.627727 12.924814 18.740738 11.142479 10.876693 13.061465 12.670509 10.535842 11.347132 11.661840 7.654542 10.136886 3.681217 1.979980 9.799655 12.426117 12.177013 -9999.0 -9999.0 -9999.0 -9999.0 -9999.0 -9999.0
-9999.0 -9999.0 -9999.0 -9999.0 -9999.0 -9999.0 -9999.0 -9999.0 -9999.0 10.592441 11.298652 4.945551 9.443664 8.206663 5.296570 5.767506 7.430854 14.472588 12.131461 12.828342 17.302697 11.014217 10.566580 12.772232 11.201922 8.265944 7.386848 13.622683 10.953901 11.465105 11.984679 6.046308 9.797286 8.384236 9.797047 10.465187 11.886011 8.809507 5.767835 10.407714 10.382936 9.077527 9.118339 12.198181 11.787566 11.291672 15.903886 10.726824 10.747907 12.387440 7.050852 11.004924 2.016128 2.835923 10.880103 8.743276 9.336342 12.964766 12.048698 -9999.0 -9999.0 -9999.0 -9999.0
-9999.0 -9999.0 -9999.0 -9999.0 -9999.0 -9999.0 -9999.0 -9999.0 -9999.0 10.738604 10.735797 11.597435 14.355035 10.402404 9.521652 8.139922 13.786774 11.438223 12.969581 18.748989 18.545781 18.682185 15.499268 14.159579 8.525398 6.079613 10.309078 11.452803 13.020545 13.951201 13.059873 5.977220 11.009007 9.589266 11.119774 11.968449 12.618399 13.708386 11.863399 12.709525 8.738400 5.384115 10.512560 12.058637 11.978436 14.006379 13.970696 13.214157 12.586464 12.402434 8.080742 5.274313 6.635690 10.093054 11.182376 4.729196 7.163586 7.201540 14.007915 -9999.0 -9999.0 -9999.0 -9999.0
-9999.0 -9999.0 -9999.0 -9999.0 -9999.0 -9999.0 -9999.0 -9999.0 -9999.0 -9999.0 10.813729 12.055268 9.636181 9.337297 11.383136 10.370427 10.764099 12.565997 13.899933 15.152437 17.736793 12.081575 9.920246 9.252685 6.208349 11.299332 12.678497 13.404694 13.161074 5.584536 5.930378 8.698525 4.896413 9.664101 12.206987 13.266612 14.208671 13.424487 11.856589 10.413519 9.549693 13.367686 13.635357 10.016162 10.002427 10.435978 11.297075 16.235729 14.902752 12.777226 9.329119 10.004434 11.134058 2.890056 5.334179 11.415843 12.630940 12.802222 13.249677 13.227205 -9999.0 -9999.0 -9999.0
-9999.0 -9999.0 -9999.0 -9999.0 -9999.0 -9999.0 -9999.0 -9999.0 -9999.0 -9999.0 10.748387 11.520192 12.055007 10.276338 16.526859 10.800152 10.524966 12.195358 14.625927 15.581333 13.079825 11.682679 10.310322 10.840597 11.390420 13.400213 13.993745 10.658606 8.385205 4.670772 10.667375 12.009557 5.777843 8.851116 10.442029 11.715064 10.481444 10.054791 7.914451 9.434902 11.261585 12.911297 0.276002 11.776554 12.576307 9.216045 10.654393 10.657496 12.840782 15.027680 13.078345 0.351100 8.733645 11.726066 11.084428 12.011798 11.292284 11.670255 14.027236 15.424118 -9999.0 -9999.0 -9999.0
-9999.0 -9999.0 -9999.0 -9999.0 -9999.0 -9999.0 -9999.0 -9999.0 12.480125 12.020764 11.420361 11.647603 6.176369 6.441404 9.377607 11.715393 12.938667 19.445388 16.107855 16.143454 14.647871 13.816733 12.953576 11.507652 12.995712 13.084170 15.515527 9.099971 5.698790 5.146351 6.233379 10.647643 10.849375 9.704498 11.023928 9.780098 13.321405 10.191137 6.455642 10.469299 10.812720 11.542066 7.448636 10.441063 13.728870 13.594261 6.037612 10.056973 11.224253 14.520139 13.526774 11.063546 9.728443 6.242560 12.893511 13.650823 14.390782 16.244065 14.645631 15.557527 -9999.0 -9999.0 -9999.0
-9999.0 -9999.0 -9999.0 -9999.0 -9999.0 -9999.0 -9999.0 -9999.0 6.572529 6.231204 5.774392 10.827679 11.659235 6.251339 9.008891 10.541701 12.024893 12.480761 15.214455 16.752703 22.644874 20.887499 19.311309 18.577206 13.608104 13.486996 11.354357 10.451347 7.505206 11.160888 10.310921 11.658398 11.446272 10.976123 11.455060 12.084876 14.413323 10.938297 6.072349 11.340496 9.610916 8.340570 10.443299 12.233585 13.633126 8.854790 7.837728 12.191043 11.137172 12.948916 15.391287 12.649643 6.955108 13.612865 15.547339 12.894279 12.889692 14.017472 16.438110 18.069461 18.619033 -9999.0 -9999.0
-9999.0 -9999.0 -9999.0 -9999.0 -9999.0 -9999.0 -9999.0 -9999.0 10.983532 13.007771 12.541834 6.655478 12.859727 6.326615 6.668958 9.614796 11.546337 14.442839 15.332327 22.051587 17.311612 21.428636 21.259260 16.447637 20.088222 12.944749 11.004670 8.530512 5.928703 12.159343 12.117177 13.019456 7.900948 8.342598 12.213357 14.067302 0.980532 11.093590 6.305746 8.256400 10.392543 10.729678 11.293720 11.778514 7.966851 11.511204 12.273128 12.659322 8.946191 11.846806 14.592900 14.553314 10.828150 10.504093 14.267783 14.788053 15.831862 16.746047 18.142736 17.978933 18.184040 -9999.0 -9999.0
-9999.0 -9999.0 -9999.0 -9999.0 -9999.0 -9999.0 -9999.0 -9999.0 9.813932 12.614701 10.343158 6.509596 13.125991 9.869301 10.416580 11.500366 14.397908 15.652548 17.375745 15.272771 16.785607 17.372150 21.650892 21.091164 13.902690 11.741313 9.802775 6.203758 13.776634 10.576714 6.609517 10.125271 11.135588 10.911576 6.317950 13.224483 14.485375 11.725134 0.542420 8.713749 10.927934 11.806726 12.105442 13.151949 11.864500 12.983850 13.204011 13.579388 13.898063 11.941927 12.850517 15.758759 15.548731 14.675012 16.515203 16.935522 17.744786 16.256975 17.190689 18.070914 16.808768 13.934915 -9999.0
-9999.0 -9999.0 -9999.0 -9999.0 -9999.0 -9999.0 -9999.0 -9999.0 10.251924 12.348575 0.334276 9.588541 10.682488 11.188260 16.581260 15.000819 16.534636 12.939280 11.674795 13.187725 14.863542 17.148611 17.397206 17.374823 19.050454 11.583841 9.311682 11.247912 12.107587 11.842798 9.162255 11.426296 12.858076 11.485367 0.342672 0.353763 11.687432 12.736552 11.904926 11.126912 10.309919 0.472538 11.220705 10.774929 8.899398 13.961703 11.000369 12.169400 12.103406 14.237368 16.137620 15.643590 16.357979 18.004644 18.004662 17.769951 18.288227 18.148319 17.775617 17.025500 14.948781 13.017095 -9999.0
-9999.0 -9999.0 12.489358 12.532421 8.408878 7.946758 9.546372 8.336441 11.844144 11.970938 0.336176 10.958184 11.509071 13.828154 19.249081 13.653613 11.191267 9.230138 10.431036 11.525396 13.463850 15.925165 16.925829 16.495634 15.837892 13.109851 11.641881 11.555753 12.801548 15.872191 10.063130 10.357030 16.002111 11.266365 13.124759 11.400263 14.205252 13.892432 12.642324 10.802087 12.658361 13.031677 11.747550 12.597592 9.868717 11.856186 13.276537 12.026919 15.217913 16.846331 18.129712 18.357156 18.294364 18.380702 18.251837 22.813518 17.139440 17.065069 16.142591 14.589140 16.814670 12.002259 -9999.0
-9999.0 9.860020 9.685747 9.530533 8.962237 9.895839 9.337148 5.538271 5.459924 11.459792 6.466787 10.365846 12.221210 17.217597 17.261512 10.996353 10.221264 5.913583 10.020872 11.596615 13.863175 15.172734 20.028033 15.929296 21.364602 16.197372 19.684049 19.819657 15.714107 14.477588 14.442413 13.965624 13.819656 17.508402 15.063533 16.088873 16.808791 15.669976 16.183028 15.390094 15.258015 15.182849 14.797957 12.304004 12.267000 13.050470 15.358079 15.557290 17.915944 17.095490 17.560204 17.450309 16.857444 16.842521 16.810300 16.120778 14.252469 13.993647 14.311260 15.771646 11.641016 11.610782 -9999.0
-9999.0 13.252886 10.632069 10.815733 14.522843 10.508908 7.576327 6.561552 11.983041 12.439813 9.386909 10.276068 12.690994 17.536830 11.694343 9.024179 6.170948 6.086434 11.572257 11.372085 15.883953 13.761132 15.154349 16.619783 22.154910 22.941595 16.308306 17.194470 16.597019 16.054227 16.040782 15.438708 14.971741 15.665711 20.155353 17.402024 23.541268 24.078323 18.093255 18.251090 17.893219 16.763781 16.172548 15.482834 16.166227 16.634891 17.681343 17.834733 17.010094 17.091780 15.859210 14.479202 14.199767 15.031415 14.536925 12.870717 13.063891 11.864489 11.592103 10.603671 10.507828 -9999.0 -9999.0
