user2019/resources/simulation/Vinschgau/output-maps/TL0002N0663.asc
ncols         63
nrows         48
xllcorner     598000.000000
yllcorner     5145000.000000
cellsize      1000.000000
NODATA_value  -9999.0
[rows 0 to 27 of 48, columns 0 to 62 of 63]
-9999.0 -9999.0 -9999.0 -9999.0 -9999.0 -9999.0 -9999.0 -9999.0 -9999.0 -9999.0 -9999.0 -9999.0 -9999.0 -9999.0 -9999.0 -9999.0 -9999.0 -9999.0 -9999.0 -9999.0 -9999.0 -9999.0 -9999.0 -9999.0 -9999.0 -9999.0 -9999.0 -9999.0 -9999.0 -9999.0 -9999.0 -9999.0 -9999.0 -9999.0 -9999.0 -9999.0 -9999.0 -9999.0 -9999.0 -9999.0 -9999.0 -9999.0 -9999.0 -9999.0 -9999.0 -9999.0 -9999.0 -9999.0 -9999.0 -9999.0 -9999.0 -9999.0 -9999.0 -9999.0 -9999.0 -9999.0 -9999.0 -9999.0 -9999.0 -9999.0 -9999.0 -9999.0 -9999.0
-9999.0 -9999.0 -9999.0 -9999.0 -9999.0 -9999.0 -9999.0 -9999.0 -9999.0 -9999.0 -9999.0 -9999.0 -9999.0 -9999.0 -9999.0 -9999.0 -9999.0 -9999.0 -9999.0 -9999.0 -9999.0 -9999.0 -9999.0 -9999.0 -9999.0 -9999.0 -9999.0 13.496713 13.951278 14.791881 12.691700 10.987233 11.242275 -9999.0 -9999.0 -9999.0 -9999.0 -9999.0 -9999.0 -9999.0 -9999.0 -9999.0 -9999.0 -9999.0 -9999.0 -9999.0 -9999.0 -9999.0 -9999.0 -9999.0 -9999.0 -9999.0 -9999.0 -9999.0 -9999.0 -9999.0 -9999.0 -9999.0 -9999.0 -9999.0 -9999.0 -9999.0 -9999.0
-9999.0 -9999.0 -9999.0 -9999.0 -9999.0 -9999.0 -9999.0 -9999.0 -9999.0 -9999.0 -9999.0 -9999.0 -9999.0 -9999.0 -9999.0 -9999.0 -9999.0 -9999.0 -9999.0 -9999.0 -9999.0 -9999.0 -9999.0 -9999.0 13.825406 15.326215 16.957636 16.816162 15.053720 15.262590 12.841645 -9999.0 -9999.0 -9999.0 -9999.0 -9999.0 -9999.0 -9999.0 -9999.0 -9999.0 -9999.0 -9999.0 -9999.0 -9999.0 -9999.0 -9999.0 -9999.0 -9999.0 -9999.0 -9999.0 -9999.0 -9999.0 -9999.0 -9999.0 -9999.0 -9999.0 -9999.0 -9999.0 -9999.0 -9999.0 -9999.0 -9999.0 -9999.0
-9999.0 -9999.0 -9999.0 -9999.0 -9999.0 -9999.0 -9999.0 -9999.0 -9999.0 -9999.0 -9999.0 -9999.0 -9999.0 -9999.0 -9999.0 -9999.0 -9999.0 -9999.0 -9999.0 -9999.0 -9999.0 -9999.0 -9999.0 14.236791 15.415204 15.030133 15.601267 15.947130 15.211856 17.888812 15.606696 13.354388 -9999.0 -9999.0 -9999.0 -9999.0 -9999.0 -9999.0 -9999.0 -9999.0 -9999.0 -9999.0 -9999.0 -9999.0 -9999.0 -9999.0 -9999.0 -9999.0 -9999.0 -9999.0 -9999.0 -9999.0 -9999.0 -9999.0 -9999.0 -9999.0 -9999.0 -9999.0 -9999.0 -9999.0 -9999.0 -9999.0 -9999.0
-9999.0 -9999.0 -9999.0 -9999.0 -9999.0 -9999.0 -9999.0 -9999.0 -9999.0 -9999.0 -9999.0 -9999.0 -9999.0 -9999.0 -9999.0 -9999.0 -9999.0 -9999.0 16.916147 16.229879 -9999.0 13.879773 14.896880 14.892392 15.020004 16.857404 15.969947 15.910707 17.869165 15.896070 16.229866 14.143670 14.322398 13.144228 -9999.0 -9999.0 -9999.0 -9999.0 -9999.0 -9999.0 -9999.0 -9999.0 -9999.0 -9999.0 -9999.0 -9999.0 -9999.0 -9999.0 -9999.0 -9999.0 -9999.0 -9999.0 -9999.0 -9999.0 -9999.0 -9999.0 -9999.0 -9999.0 -9999.0 -9999.0 -9999.0 -9999.0 -9999.0
-9999.0 -9999.0 -9999.0 -9999.0 -9999.0 -9999.0 -9999.0 -9999.0 -9999.0 -9999.0 -9999.0 -9999.0 -9999.0 -9999.0 -9999.0 -9999.0 -9999.0 15.203072 13.084663 13.009284 15.849252 12.506712 14.160683 14.463968 20.687577 12.416862 11.313301 11.453283 11.342634 12.800617 16.728687 15.450177 15.818424 14.711779 12.933430 11.190827 -9999.0 -9999.0 -9999.0 -9999.0 -9999.0 -9999.0 -9999.0 -9999.0 -9999.0 -9999.0 -9999.0 -9999.0 -9999.0 -9999.0 -9999.0 -9999.0 -9999.0 -9999.0 -9999.0 -9999.0 -9999.0 -9999.0 -9999.0 -9999.0 -9999.0 -9999.0 -9999.0
-9999.0 -9999.0 -9999.0 -9999.0 -9999.0 -9999.0 -9999.0 -9999.0 -9999.0 -9999.0 -9999.0 -9999.0 -9999.0 12.711290 12.755771 12.842464 14.377937 22.814163 14.716760 15.275427 14.836921 16.016269 16.845020 20.192084 11.566594 13.091559 9.879060 10.220670 11.972425 12.350979 11.489465 13.005172 13.236165 11.018733 12.136959 11.185843 -9999.0 -9999.0 -9999.0 -9999.0 -9999.0 -9999.0 -9999.0 -9999.0 -9999.0 -9999.0 -9999.0 -9999.0 -9999.0 -9999.0 -9999.0 -9999.0 -9999.0 -9999.0 -9999.0 -9999.0 -9999.0 -9999.0 -9999.0 -9999.0 -9999.0 -9999.0 -9999.0
-9999.0 -9999.0 -9999.0 -9999.0 -9999.0 -9999.0 -9999.0 -9999.0 -9999.0 -9999.0 -9999.0 -9999.0 -9999.0 13.914017 13.463438 12.866884 12.687193 16.633735 23.747200 16.762927 14.483556 15.145584 12.349030 12.361752 14.150455 11.579030 16.053434 12.368097 10.863060 9.361743 10.512312 10.770186 11.131597 9.529378 10.678559 -9999.0 -9999.0 -9999.0 -9999.0 -9999.0 -9999.0 -9999.0 -9999.0 -9999.0 -9999.0 -9999.0 -9999.0 -9999.0 -9999.0 -9999.0 -9999.0 -9999.0 -9999.0 -9999.0 -9999.0 -9999.0 -9999.0 -9999.0 -9999.0 -9999.0 -9999.0 -9999.0 -9999.0
-9999.0 -9999.0 -9999.0 -9999.0 -9999.0 -9999.0 -9999.0 -9999.0 -9999.0 -9999.0 -9999.0 -9999.0 -9999.0 13.483288 15.020732 13.952386 12.039022 13.409061 22.557048 14.359218 16.060056 11.960132 10.292014 11.050105 13.784144 11.625777 14.909560 11.425478 13.750703 9.567256 1.130977 8.405822 9.274688 1.115660 1.928980 -9999.0 -9999.0 -9999.0 -9999.0 -9999.0 -9999.0 -9999.0 -9999.0 -9999.0 -9999.0 -9999.0 -9999.0 -9999.0 -9999.0 -9999.0 -9999.0 -9999.0 -9999.0 -9999.0 -9999.0 -9999.0 -9999.0 -9999.0 -9999.0 -9999.0 -9999.0 -9999.0 -9999.0
-9999.0 -9999.0 -9999.0 -9999.0 -9999.0 -9999.0 -9999.0 -9999.0 -9999.0 -9999.0 -9999.0 -9999.0 12.956375 14.702878 13.461955 10.748872 9.562553 12.392174 19.034504 14.008688 13.711192 11.648827 10.906450 10.586902 11.998394 7.093433 10.405000 13.443370 14.918404 11.588920 9.285195 13.124144 13.690412 11.487734 -9999.0 -9999.0 -9999.0 -9999.0 -9999.0 -9999.0 -9999.0 -9999.0 -9999.0 -9999.0 -9999.0 -9999.0 -9999.0 -9999.0 -9999.0 -9999.0 -9999.0 -9999.0 -9999.0 -9999.0 -9999.0 -9999.0 -9999.0 -9999.0 -9999.0 -9999.0 -9999.0 -9999.0 -9999.0
-9999.0 -9999.0 -9999.0 -9999.0 -9999.0 -9999.0 -9999.0 -9999.0 -9999.0 -9999.0 -9999.0 12.485667 10.569002 11.392613 10.054162 11.740831 9.777618 11.644111 19.292176 13.854008 10.886613 12.778257 14.295706 11.495541 10.962061 13.415195 10.525114 13.410398 14.512082 8.556678 12.270587 13.704772 13.766579 12.826492 12.383120 13.048739 16.261543 17.760154 18.302203 -9999.0 -9999.0 -9999.0 11.872695 -9999.0 -9999.0 -9999.0 -9999.0 -9999.0 -9999.0 -9999.0 -9999.0 -9999.0 -9999.0 -9999.0 -9999.0 -9999.0 -9999.0 -9999.0 -9999.0 -9999.0 -9999.0 -9999.0 -9999.0
-9999.0 -9999.0 -9999.0 -9999.0 -9999.0 -9999.0 -9999.0 -9999.0 -9999.0 -9999.0 -9999.0 13.191354 10.200248 11.408419 10.787755 9.717703 12.383928 12.766328 18.741013 16.801865 17.512748 16.166179 14.524748 8.966764 9.767694 13.171375 13.669066 14.253188 14.018319 12.103382 13.324749 15.505956 14.155776 12.606754 12.758120 13.265472 18.899260 21.874101 20.790289 18.075740 18.784686 13.163049 13.186569 13.588678 -9999.0 -9999.0 -9999.0 11.414059 12.326469 13.265828 13.996327 13.595403 13.569117 13.518390 13.171947 12.989942 -9999.0 -9999.0 -9999.0 -9999.0 -9999.0 -9999.0 -9999.0
-9999.0 -9999.0 -9999.0 -9999.0 -9999.0 -9999.0 -9999.0 -9999.0 -9999.0 -9999.0 -9999.0 13.654836 10.491749 9.031550 13.096413 11.853328 9.438235 10.090650 16.274700 18.950651 11.373681 11.901917 10.947475 14.572301 11.796137 13.472903 10.949196 10.284133 9.017716 12.537763 11.327313 10.014597 15.542900 12.893758 12.451257 16.930306 13.360209 14.966301 25.768017 20.173555 19.708092 15.167115 14.428522 14.942638 13.350822 -9999.0 10.347819 12.368185 14.267151 15.616017 16.299037 16.795853 16.204094 15.675884 15.485626 14.742763 -9999.0 -9999.0 -9999.0 -9999.0 -9999.0 -9999.0 -9999.0
-9999.0 -9999.0 -9999.0 -9999.0 -9999.0 -9999.0 -9999.0 -9999.0 -9999.0 -9999.0 -9999.0 -9999.0 11.390487 9.001811 14.339870 13.075711 8.274759 9.947113 17.389402 19.191295 11.461527 12.376006 12.400017 11.569654 9.718209 10.820261 17.160065 12.879977 13.264111 13.137000 13.559925 10.454889 15.103725 13.536710 10.490218 14.458554 10.986495 13.529249 27.472335 22.796612 19.755043 20.549261 12.333850 16.398603 14.529564 13.544687 12.932695 12.412070 10.060883 12.080162 13.708594 10.618938 12.593847 10.362375 9.929855 12.656181 14.371738 -9999.0 -9999.0 -9999.0 -9999.0 -9999.0 -9999.0
-9999.0 -9999.0 -9999.0 -9999.0 -9999.0 -9999.0 -9999.0 -9999.0 -9999.0 -9999.0 -9999.0 9.468202 10.803007 11.833860 10.169556 10.226314 10.669211 10.118979 17.077689 13.602242 11.928622 11.312591 11.743452 10.975454 10.976850 11.965181 11.004976 12.048704 13.535741 14.088849 11.080441 11.657545 16.411825 13.440928 9.314440 13.815025 12.938186 12.351365 13.974311 25.538107 12.876978 14.340472 14.248266 12.744707 17.149962 14.174994 14.700446 15.177774 14.770272 13.054473 10.022939 12.197490 9.146295 8.569867 7.975097 9.640201 14.452428 -9999.0 -9999.0 -9999.0 -9999.0 -9999.0 -9999.0
-9999.0 -9999.0 -9999.0 -9999.0 -9999.0 -9999.0 -9999.0 -9999.0 -9999.0 -9999.0 13.054234 10.385583 14.628618 13.270963 14.017510 11.398970 10.438424 9.921032 13.138503 13.677258 17.739990 15.988416 10.156075 16.321090 12.692391 11.652529 9.933922 9.613541 15.118480 15.523173 12.215032 11.336389 14.167928 9.575324 10.802212 11.380466 16.673396 11.564670 11.608937 16.053677 15.874575 13.488188 18.224198 13.211279 12.682139 16.077340 14.438489 12.118569 13.221766 13.839212 10.599259 10.477415 7.457120 10.619014 10.805887 14.477794 15.574865 -9999.0 -9999.0 -9999.0 -9999.0 -9999.0 -9999.0
-9999.0 -9999.0 -9999.0 -9999.0 -9999.0 -9999.0 -9999.0 -9999.0 -9999.0 11.661097 12.415897 9.873398 11.640498 10.367648 10.816261 10.300767 9.350832 15.099057 12.795634 14.200387 18.321506 12.324228 11.567933 14.638400 12.438874 9.648103 10.828538 15.607579 12.572712 13.092084 14.197727 9.327253 1.215962 10.035702 11.861717 11.688473 12.005211 10.582175 10.271992 11.429986 11.776030 10.418688 10.180773 13.560567 13.238094 13.617229 18.012479 12.949132 12.424628 14.479700 11.985641 14.108490 9.856457 11.313038 12.083053 10.463810 11.731907 15.953312 15.054885 -9999.0 -9999.0 -9999.0 -9999.0
-9999.0 -9999.0 -9999.0 -9999.0 -9999.0 -9999.0 -9999.0 -9999.0 -9999.0 13.002141 11.842298 12.017801 15.824738 12.179312 11.393707 10.500999 15.049031 12.543580 13.138828 20.573822 20.460956 21.152383 16.208934 15.726307 9.916773 11.469795 12.231408 13.061065 14.761939 14.394029 14.514301 9.254046 13.177266 13.079575 13.668689 14.688422 14.321421 14.361314 11.810733 12.874235 9.832362 9.032757 12.141817 13.016886 13.722177 16.476239 16.358703 15.516399 14.236737 14.269477 9.546904 9.357396 12.948053 11.889726 11.669728 9.564606 11.487176 13.006053 17.141997 -9999.0 -9999.0 -9999.0 -9999.0
-9999.0 -9999.0 -9999.0 -9999.0 -9999.0 -9999.0 -9999.0 -9999.0 -9999.0 -9999.0 12.266669 12.769066 10.603816 11.235864 12.765960 12.009065 11.957832 13.493315 13.930500 16.814969 17.681188 12.568998 10.908950 10.450667 11.390841 12.915152 14.080745 15.724459 14.720202 9.426810 9.030591 10.993864 8.173923 11.012343 14.348088 15.619058 17.294205 16.225275 14.904187 1.032793 8.575980 13.939352 13.736977 10.750265 11.183835 11.488337 12.400275 16.306765 17.086200 14.709229 10.607342 11.948555 12.951550 13.068605 10.677628 12.076605 12.682820 14.214121 15.164883 15.485322 -9999.0 -9999.0 -9999.0
-9999.0 -9999.0 -9999.0 -9999.0 -9999.0 -9999.0 -9999.0 -9999.0 -9999.0 -9999.0 12.260910 12.497624 12.339843 11.246868 18.734577 12.277942 11.216113 13.544181 16.119554 17.428019 14.488433 12.773712 11.153862 12.816511 12.656431 14.505795 16.459812 12.140385 10.118854 8.159866 11.310795 12.900643 10.113194 11.902269 10.794069 11.872543 12.459002 12.010937 10.339166 8.511920 12.778154 14.003612 9.912655 11.905500 13.175480 10.354967 11.633446 11.725693 13.882813 16.855683 14.956033 12.101626 11.152877 14.588672 13.668372 13.729991 10.866603 12.429103 15.279549 17.381008 -9999.0 -9999.0 -9999.0
-9999.0 -9999.0 -9999.0 -9999.0 -9999.0 -9999.0 -9999.0 -9999.0 15.733469 14.926241 12.839768 12.228326 10.373000 10.837168 10.502852 13.446232 14.408777 21.309826 17.524363 17.706981 16.162891 14.822296 13.724580 12.559302 14.492557 15.009385 17.816876 10.653797 10.708578 9.116644 8.944786 11.460914 13.162329 11.905817 12.408661 8.920482 13.723697 12.377223 8.295964 13.866208 12.108594 12.146957 9.038861 9.568929 14.395637 13.963592 8.956132 10.911019 12.215762 15.644981 15.279832 12.139590 11.982379 9.563447 13.895040 16.057199 15.707711 17.372864 16.307545 16.786184 -9999.0 -9999.0 -9999.0
-9999.0 -9999.0 -9999.0 -9999.0 -9999.0 -9999.0 -9999.0 -9999.0 9.887714 11.561153 10.273146 11.103792 11.541795 10.848485 10.115263 11.524127 13.081980 13.580274 16.345269 17.980512 24.598304 22.952637 21.304825 20.868548 14.823569 15.186355 13.066390 12.231015 9.951314 11.826486 12.922426 14.177753 14.154021 13.256429 13.977397 14.311466 16.075852 13.175549 11.359110 14.837377 12.121492 6.821481 11.571729 14.059656 15.637671 10.694887 9.561102 12.512706 11.783052 13.905469 17.025028 14.349516 10.584731 15.041378 17.291443 14.084420 14.536675 15.400781 18.044781 19.799522 20.595442 -9999.0 -9999.0
-9999.0 -9999.0 -9999.0 -9999.0 -9999.0 -9999.0 -9999.0 -9999.0 10.641366 13.759234 15.601560 9.298732 14.588936 9.844248 12.152775 10.806071 12.817608 15.730988 16.662310 23.073192 18.530982 22.830164 22.957977 17.760679 22.395175 13.582595 12.300047 10.231601 10.336746 14.840259 14.027606 15.320072 10.556604 10.739190 14.591049 16.824727 10.677087 12.968044 10.281186 10.797191 13.822770 13.048784 13.545197 13.062640 9.757916 13.530336 14.811186 14.137369 10.047331 12.637626 15.824294 16.217503 11.914555 11.467848 15.343804 16.063206 17.215092 18.624008 19.778429 20.049416 20.120012 -9999.0 -9999.0
-9999.0 -9999.0 -9999.0 -9999.0 -9999.0 -9999.0 -9999.0 -9999.0 10.176909 13.310307 12.635727 11.057960 15.791018 12.086025 11.693041 12.705220 15.484304 17.061935 16.917788 16.698383 17.637479 18.420337 23.073193 23.285828 14.890561 12.390980 11.013260 9.767776 16.076123 12.279252 11.804776 11.917726 13.105391 13.294027 11.546988 16.703368 16.091114 13.528805 10.826775 11.680789 15.035388 14.947635 15.192790 15.829772 14.984982 14.704528 15.425778 16.009691 16.949407 13.471007 13.777483 16.537521 17.710459 16.094080 18.060628 18.001042 19.233896 18.549624 19.411679 19.926420 18.607852 15.928488 -9999.0
-9999.0 -9999.0 -9999.0 -9999.0 -9999.0 -9999.0 -9999.0 -9999.0 11.759449 13.162160 11.380154 10.974594 12.096261 12.683406 18.439834 16.037358 17.076323 13.297064 12.486560 13.950852 15.801158 18.035838 18.519573 18.708478 21.553597 12.788518 10.920406 12.750225 13.710725 13.807949 10.589762 12.932025 14.434333 13.624951 12.099186 12.274058 13.809233 14.796370 13.962449 13.818227 12.948217 12.571934 13.338066 13.106665 11.485381 16.115119 12.625041 13.742758 13.814815 15.826825 17.480388 16.809258 17.345327 19.298249 18.862117 18.936119 19.636976 19.580355 19.325008 18.460294 16.867619 15.129157 -9999.0
-9999.0 -9999.0 14.381912 14.412276 10.181699 10.652156 11.317439 10.676078 14.066646 13.044650 11.019448 12.846936 13.017042 15.468909 21.822607 15.064262 12.331686 10.384082 10.999799 11.861429 14.173161 16.961561 18.169831 17.698013 17.705706 14.563073 12.999759 12.123314 13.214139 18.199129 11.440623 11.601924 17.327566 13.023475 15.461221 13.341354 16.509199 16.316584 14.886212 13.057133 14.998760 15.310678 13.491990 14.794819 11.500712 13.500695 14.974705 13.440830 16.742559 18.439564 19.777981 20.275591 19.738483 19.615800 19.199760 24.044851 18.492018 18.371051 17.396133 16.281485 18.762756 14.202552 -9999.0
-9999.0 11.392979 11.453104 11.270960 10.839593 11.438887 10.806007 9.564754 9.112095 12.516619 10.736170 11.676987 14.069026 19.352061 19.694772 12.322931 11.537292 10.835872 11.828862 12.002691 14.597068 14.859977 21.646060 17.242303 23.285075 17.944177 22.805023 22.262022 16.589636 15.731609 16.572222 15.779899 15.481663 20.000118 17.068378 17.894870 18.751624 18.211065 18.930678 18.714138 18.097125 17.396679 17.107813 14.529146 14.134439 14.841649 17.360623 17.101347 19.647506 19.289839 18.786419 18.489895 17.777821 17.802266 17.743622 17.179988 15.538455 15.380291 15.735650 17.363572 13.675849 13.817869 -9999.0
-9999.0 13.902155 12.162151 12.500703 16.697094 12.427883 9.143441 10.133917 14.916754 14.332742 11.150875 11.617023 14.051359 19.732811 13.146778 10.775095 10.525333 10.776005 12.927490 12.309171 15.537104 14.044443 15.201430 17.842565 23.788053 24.778926 17.898185 18.800098 18.168891 16.997012 17.917824 17.422937 16.901948 17.200520 21.210832 19.926933 26.495028 27.792485 20.493825 21.303130 20.481167 18.949495 18.268133 17.907680 18.617233 18.656121 20.706344 20.403537 18.303316 18.359990 17.332225 15.701608 15.364630 15.800265 15.573962 14.075536 13.899449 12.982028 13.081194 12.439511 12.506015 -9999.0 -9999.0
