user2019/resources/simulation/Vinschgau/output-maps/TL0007N0099.asc
ncols         63
nrows         48
xllcorner     598000.000000
yllcorner     5145000.000000
cellsize      1000.000000
NODATA_value  -9999.0
[rows 0 to 27 of 48, columns 0 to 62 of 63]
-9999.0 -9999.0 -9999.0 -9999.0 -9999.0 -9999.0 -9999.0 -9999.0 -9999.0 -9999.0 -9999.0 -9999.0 -9999.0 -9999.0 -9999.0 -9999.0 -9999.0 -9999.0 -9999.0 -9999.0 -9999.0 -9999.0 -9999.0 -9999.0 -9999.0 -9999.0 -9999.0 -9999.0 -9999.0 -9999.0 -9999.0 -9999.0 -9999.0 -9999.0 -9999.0 -9999.0 -9999.0 -9999.0 -9999.0 -9999.0 -9999.0 -9999.0 -9999.0 -9999.0 -9999.0 -9999.0 -9999.0 -9999.0 -9999.0 -9999.0 -9999.0 -9999.0 -9999.0 -9999.0 -9999.0 -9999.0 -9999.0 -9999.0 -9999.0 -9999.0 -9999.0 -9999.0 -9999.0
-9999.0 -9999.0 -9999.0 -9999.0 -9999.0 -9999.0 -9999.0 -9999.0 -9999.0 -9999.0 -9999.0 -9999.0 -9999.0 -9999.0 -9999.0 -9999.0 -9999.0 -9999.0 -9999.0 -9999.0 -9999.0 -9999.0 -9999.0 -9999.0 -9999.0 -9999.0 -9999.0 -0.575032 -0.621530 -0.589955 -0.583273 -0.764363 -0.972041 -9999.0 -9999.0 -9999.0 -9999.0 -9999.0 -9999.0 -9999.0 -9999.0 -9999.0 -9999.0 -9999.0 -9999.0 -9999.0 -9999.0 -9999.0 -9999.0 -9999.0 -9999.0 -9999.0 -9999.0 -9999.0 -9999.0 -9999.0 -9999.0 -9999.0 -9999.0 -9999.0 -9999.0 -9999.0 -9999.0
-9999.0 -9999.0 -9999.0 -9999.0 -9999.0 -9999.0 -9999.0 -9999.0 -9999.0 -9999.0 -9999.0 -9999.0 -9999.0 -9999.0 -9999.0 -9999.0 -9999.0 -9999.0 -9999.0 -9999.0 -9999.0 -9999.0 -9999.0 -9999.0 -0.005137 -0.587598 -0.650661 -0.640869 -0.650141 -0.629291 -0.588029 -9999.0 -9999.0 -9999.0 -9999.0 -9999.0 -9999.0 -9999.0 -9999.0 -9999.0 -9999.0 -9999.0 -9999.0 -9999.0 -9999.0 -9999.0 -9999.0 -9999.0 -9999.0 -9999.0 -9999.0 -9999.0 -9999.0 -9999.0 -9999.0 -9999.0 -9999.0 -9999.0 -9999.0 -9999.0 -9999.0 -9999.0 -9999.0
-9999.0 -9999.0 -9999.0 -9999.0 -9999.0 -9999.0 -9999.0 -9999.0 -9999.0 -9999.0 -9999.0 -9999.0 -9999.0 -9999.0 -9999.0 -9999.0 -9999.0 -9999.0 -9999.0 -9999.0 -9999.0 -9999.0 -9999.0 -0.464021 -0.006447 0.005651 0.003937 0.004815 -0.004052 -0.659728 -0.650924 -0.605057 -9999.0 -9999.0 -9999.0 -9999.0 -9999.0 -9999.0 -9999.0 -9999.0 -9999.0 -9999.0 -9999.0 -9999.0 -9999.0 -9999.0 -9999.0 -9999.0 -9999.0 -9999.0 -9999.0 -9999.0 -9999.0 -9999.0 -9999.0 -9999.0 -9999.0 -9999.0 -9999.0 -9999.0 -9999.0 -9999.0 -9999.0
-9999.0 -9999.0 -9999.0 -9999.0 -9999.0 -9999.0 -9999.0 -9999.0 -9999.0 -9999.0 -9999.0 -9999.0 -9999.0 -9999.0 -9999.0 -9999.0 -9999.0 -9999.0 0.038939 -0.002700 -9999.0 -0.023271 -0.006638 0.006040 0.018893 0.028739 -0.007699 -0.007442 0.064473 -0.005717 -0.660427 -0.643617 -0.636978 -0.900477 -9999.0 -9999.0 -9999.0 -9999.0 -9999.0 -9999.0 -9999.0 -9999.0 -9999.0 -9999.0 -9999.0 -9999.0 -9999.0 -9999.0 -9999.0 -9999.0 -9999.0 -9999.0 -9999.0 -9999.0 -9999.0 -9999.0 -9999.0 -9999.0 -9999.0 -9999.0 -9999.0 -9999.0 -9999.0
-9999.0 -9999.0 -9999.0 -9999.0 -9999.0 -9999.0 -9999.0 -9999.0 -9999.0 -9999.0 -9999.0 -9999.0 -9999.0 -9999.0 -9999.0 -9999.0 -9999.0 -0.012235 0.032662 -0.520556 -0.583668 -0.007604 -0.004922 -0.005498 0.043302 -0.042950 -0.410098 -0.005254 -0.586125 -0.008466 -0.005588 -0.570765 -0.622905 -0.618263 -0.648401 -2.189599 -9999.0 -9999.0 -9999.0 -9999.0 -9999.0 -9999.0 -9999.0 -9999.0 -9999.0 -9999.0 -9999.0 -9999.0 -9999.0 -9999.0 -9999.0 -9999.0 -9999.0 -9999.0 -9999.0 -9999.0 -9999.0 -9999.0 -9999.0 -9999.0 -9999.0 -9999.0 -9999.0
-9999.0 -9999.0 -9999.0 -9999.0 -9999.0 -9999.0 -9999.0 -9999.0 -9999.0 -9999.0 -9999.0 -9999.0 -9999.0 -0.528858 -0.003646 0.021227 0.075443 -0.700040 -0.012608 0.018992 0.024792 0.041671 0.020527 0.020423 -0.743870 -0.577134 -0.590276 -0.568737 -0.570718 -0.006516 -0.006743 -0.604760 -0.624040 -1.613881 -2.620922 -2.938622 -9999.0 -9999.0 -9999.0 -9999.0 -9999.0 -9999.0 -9999.0 -9999.0 -9999.0 -9999.0 -9999.0 -9999.0 -9999.0 -9999.0 -9999.0 -9999.0 -9999.0 -9999.0 -9999.0 -9999.0 -9999.0 -9999.0 -9999.0 -9999.0 -9999.0 -9999.0 -9999.0
-9999.0 -9999.0 -9999.0 -9999.0 -9999.0 -9999.0 -9999.0 -9999.0 -9999.0 -9999.0 -9999.0 -9999.0 -9999.0 -0.005038 0.038649 0.039990 0.039055 0.148809 -0.885266 0.032958 -1.118812 -0.029856 0.010535 -0.005614 -0.005503 -0.597427 -0.635492 -1.155845 -1.436929 -0.583312 -0.504234 -1.456079 -2.715047 -3.327073 -3.246955 -9999.0 -9999.0 -9999.0 -9999.0 -9999.0 -9999.0 -9999.0 -9999.0 -9999.0 -9999.0 -9999.0 -9999.0 -9999.0 -9999.0 -9999.0 -9999.0 -9999.0 -9999.0 -9999.0 -9999.0 -9999.0 -9999.0 -9999.0 -9999.0 -9999.0 -9999.0 -9999.0 -9999.0
-9999.0 -9999.0 -9999.0 -9999.0 -9999.0 -9999.0 -9999.0 -9999.0 -9999.0 -9999.0 -9999.0 -9999.0 -9999.0 0.004864 0.048461 0.084875 0.015366 0.039294 -0.964365 0.090984 0.001114 -0.648308 -0.008800 -0.057980 -0.005346 -0.005261 -0.584323 -1.426586 -0.638042 -2.110015 -1.111492 -3.025160 -3.054152 -3.438883 -3.609121 -9999.0 -9999.0 -9999.0 -9999.0 -9999.0 -9999.0 -9999.0 -9999.0 -9999.0 -9999.0 -9999.0 -9999.0 -9999.0 -9999.0 -9999.0 -9999.0 -9999.0 -9999.0 -9999.0 -9999.0 -9999.0 -9999.0 -9999.0 -9999.0 -9999.0 -9999.0 -9999.0 -9999.0
-9999.0 -9999.0 -9999.0 -9999.0 -9999.0 -9999.0 -9999.0 -9999.0 -9999.0 -9999.0 -9999.0 -9999.0 -0.003410 0.023699 0.019688 -0.624124 -0.004669 0.026783 0.184459 -1.128943 -0.002182 -0.577592 -0.556133 -0.026781 -0.007501 -0.645253 -0.009411 -0.594477 -0.610682 -1.899884 -1.390333 -0.655893 -0.722556 -2.459030 -9999.0 -9999.0 -9999.0 -9999.0 -9999.0 -9999.0 -9999.0 -9999.0 -9999.0 -9999.0 -9999.0 -9999.0 -9999.0 -9999.0 -9999.0 -9999.0 -9999.0 -9999.0 -9999.0 -9999.0 -9999.0 -9999.0 -9999.0 -9999.0 -9999.0 -9999.0 -9999.0 -9999.0 -9999.0
-9999.0 -9999.0 -9999.0 -9999.0 -9999.0 -9999.0 -9999.0 -9999.0 -9999.0 -9999.0 -9999.0 -0.005484 -0.007533 0.020826 -0.581032 -0.556420 -0.587689 0.016047 0.343749 -1.123804 -0.422267 0.016550 -0.566735 -0.578335 -0.567522 -0.577390 -0.759086 -0.601775 -0.644065 -2.458779 -0.638764 -0.694299 -0.747732 -2.705987 -2.202069 -3.425604 -4.409938 -3.811087 -3.398131 -9999.0 -9999.0 -9999.0 -2.560314 -9999.0 -9999.0 -9999.0 -9999.0 -9999.0 -9999.0 -9999.0 -9999.0 -9999.0 -9999.0 -9999.0 -9999.0 -9999.0 -9999.0 -9999.0 -9999.0 -9999.0 -9999.0 -9999.0 -9999.0
-9999.0 -9999.0 -9999.0 -9999.0 -9999.0 -9999.0 -9999.0 -9999.0 -9999.0 -9999.0 -9999.0 -0.459919 -0.007459 -0.002792 -0.005428 -0.534771 -0.002473 0.029646 0.344145 0.228244 0.042336 0.003810 -0.440876 -0.553705 -0.551127 -0.571476 -0.610449 -0.620591 -0.590793 -1.191450 -0.672299 -0.744692 -0.740160 -0.780107 -1.875806 -4.130492 -2.804550 -6.890628 -7.945821 -8.573072 -6.392920 -4.643294 -1.768013 -1.503088 -9999.0 -9999.0 -9999.0 -0.000002 -0.005003 -0.160060 -0.004978 -0.008578 -0.013864 0.011682 0.012143 -0.018233 -9999.0 -9999.0 -9999.0 -9999.0 -9999.0 -9999.0 -9999.0
-9999.0 -9999.0 -9999.0 -9999.0 -9999.0 -9999.0 -9999.0 -9999.0 -9999.0 -9999.0 -9999.0 -0.398886 -0.473257 -0.608672 -0.008447 -0.607034 -0.005546 0.005161 0.092503 0.249689 0.064767 -0.006085 -0.006554 -0.376275 -0.581332 -0.619919 -0.516481 -0.612987 -0.620948 -0.609381 -1.310922 -0.725728 -0.708334 -1.036530 -3.111775 -3.064190 -8.738916 -5.814576 -4.343792 -13.301796 -4.563294 -4.506956 -1.179422 -0.760241 -0.691657 -9999.0 -0.528799 -0.005666 -0.004978 -0.002901 -0.001918 -0.266783 0.000594 0.002611 0.001727 -0.001694 -9999.0 -9999.0 -9999.0 -9999.0 -9999.0 -9999.0 -9999.0
-9999.0 -9999.0 -9999.0 -9999.0 -9999.0 -9999.0 -9999.0 -9999.0 -9999.0 -9999.0 -9999.0 -9999.0 -0.139142 -0.008634 -0.004647 -0.005937 -0.013163 -0.002881 0.207840 0.262294 0.014637 -0.004083 -0.002541 -0.005741 -0.594306 -0.370612 0.007317 -0.582451 -0.570583 -0.628817 -0.669940 -0.735772 -0.774062 -0.842858 -1.836817 -4.578080 -10.358481 -5.845574 -2.826785 -7.791026 -2.712603 -2.152182 -1.340158 -0.004768 -0.642231 -0.554021 -0.532718 -0.008418 -0.452925 -0.490131 -0.006868 -0.005108 0.004418 -0.006319 -0.007225 -0.011413 -0.004968 -9999.0 -9999.0 -9999.0 -9999.0 -9999.0 -9999.0
-9999.0 -9999.0 -9999.0 -9999.0 -9999.0 -9999.0 -9999.0 -9999.0 -9999.0 -9999.0 -9999.0 -0.008992 -0.506208 -0.438110 -0.005632 -0.005580 -0.005345 -0.005351 0.109450 -0.009018 0.023544 0.024282 -0.005202 -0.533225 -0.011576 -0.004106 -0.008215 -0.594805 -0.630987 -0.628262 -0.651321 -0.755514 -0.442577 -0.823339 -3.465659 -3.872599 -7.408857 -9.176342 -0.387672 -3.942764 -3.487188 -1.639371 -1.868641 -0.953123 0.000498 -0.585214 -0.008846 -0.548275 -0.153508 -0.634191 -0.465779 -0.467586 -0.421519 -0.449613 -0.420109 -0.422696 -0.010332 -9999.0 -9999.0 -9999.0 -9999.0 -9999.0 -9999.0
-9999.0 -9999.0 -9999.0 -9999.0 -9999.0 -9999.0 -9999.0 -9999.0 -9999.0 -9999.0 -0.006689 -0.006753 -0.005045 -0.467726 -0.004102 -0.004499 -0.591551 -0.005863 0.062561 0.146439 0.225731 0.020736 -0.012619 0.016578 0.000398 -0.006636 -0.581128 -0.621877 -0.013499 -0.002407 -0.005532 -0.692504 -0.684514 -0.820663 -3.966213 -3.344365 -4.591799 -9.464656 -5.924798 -2.923520 -3.075617 -3.268354 -1.536890 -2.114559 -0.005451 -0.585342 -0.006271 -0.568658 -0.005077 -0.005720 -0.434282 -0.459305 -0.448804 -0.452206 -0.417218 -0.002090 -0.002561 -9999.0 -9999.0 -9999.0 -9999.0 -9999.0 -9999.0
-9999.0 -9999.0 -9999.0 -9999.0 -9999.0 -9999.0 -9999.0 -9999.0 -9999.0 -0.490037 -0.007161 -0.007285 -0.004616 -0.014211 -0.005604 -0.461613 -0.458948 0.005360 0.043630 -0.008867 0.276778 -0.000046 -0.000608 0.006800 -0.005894 -0.604851 -0.616492 0.000169 -0.003205 -0.002648 -0.003335 -0.659533 -2.239438 -2.633061 -2.322549 -3.424079 -1.063833 -2.399594 -1.982641 -3.632427 -4.786328 -0.985924 -0.833632 -3.088591 -1.406024 -0.004389 0.019236 -0.387380 -0.549622 -0.000536 -0.507857 -0.110229 -0.463794 -0.396223 -0.224803 -0.006881 -0.003687 0.001109 -0.001302 -9999.0 -9999.0 -9999.0 -9999.0
-9999.0 -9999.0 -9999.0 -9999.0 -9999.0 -9999.0 -9999.0 -9999.0 -9999.0 -0.532097 -0.523674 -0.541831 0.027232 -0.004579 -0.005688 -0.007713 0.006807 -0.003253 0.048209 0.363720 0.345771 0.105883 -0.004769 -0.003776 -0.616829 -0.014045 -0.004987 0.000680 0.003787 -0.007819 -0.731838 -0.603549 -0.616076 -0.660863 -0.759028 -0.948154 -1.502249 -1.400385 -1.894653 -0.821271 -0.011759 -0.695177 -0.690851 -1.106419 -0.007072 -0.002520 0.011257 0.002122 -0.001239 -0.004955 -0.433267 -0.338275 -0.342888 -0.373823 -0.411088 -0.006458 -0.005065 -0.004034 0.001748 -9999.0 -9999.0 -9999.0 -9999.0
-9999.0 -9999.0 -9999.0 -9999.0 -9999.0 -9999.0 -9999.0 -9999.0 -9999.0 -9999.0 -0.521422 -0.507743 -0.024900 0.011608 -0.004054 -0.005047 -0.004504 0.009678 -2.657231 0.198357 0.278991 0.031986 -0.000699 -0.011881 -0.007003 -0.001530 0.009139 0.010417 -0.638992 -0.605217 -0.580846 -0.008633 -0.582764 -0.586989 -0.621854 -0.318303 -0.006609 -0.754443 -0.704703 -0.758613 -1.250209 -0.485867 -0.676209 -0.594857 -0.717229 -1.048336 -1.002053 0.004143 -2.371596 -0.000483 -0.436349 -0.174994 -0.006684 -0.248152 -0.015827 -0.389288 -0.005248 -0.002636 -0.000750 -0.002328 -9999.0 -9999.0 -9999.0
-9999.0 -9999.0 -9999.0 -9999.0 -9999.0 -9999.0 -9999.0 -9999.0 -9999.0 -9999.0 -0.526780 -0.507789 -0.013371 -0.004844 0.140284 0.002144 -0.004784 0.070457 0.019572 0.251602 0.083961 0.029999 0.002868 -0.003908 -0.003124 0.016251 0.051993 -0.004426 -0.608995 -0.604310 -0.603207 -0.019019 -0.625893 -0.581115 -0.584080 -0.618718 -0.802688 -0.695759 -0.663021 -0.595878 -0.570475 -0.581369 -0.358807 -0.545842 -0.007727 -0.432456 -0.005131 -0.689892 -2.527735 -0.029613 -0.001628 -0.005276 -0.005171 -0.008685 -0.269483 -0.005156 -0.399092 -0.003310 -1.231458 0.059125 -9999.0 -9999.0 -9999.0
-9999.0 -9999.0 -9999.0 -9999.0 -9999.0 -9999.0 -9999.0 -9999.0 -0.004979 -0.015315 -0.455836 -0.008298 -0.308491 -0.345531 -0.005207 0.068163 0.037630 0.133386 0.314035 0.325891 -0.006897 -2.098665 0.034308 0.041233 0.012767 -0.010462 0.019220 -0.455933 -0.029550 -0.588762 -1.626839 -0.554421 -0.552415 -0.558576 -0.493442 -0.602137 -0.026456 -0.670180 -0.596625 -0.579186 -0.555963 -0.547103 -0.539057 -0.718592 -0.443383 -0.004980 -0.508519 -0.005059 -0.756232 0.111991 0.005615 -0.021655 -0.005103 -0.053939 -0.004979 0.002291 0.001598 0.001333 0.017583 0.056602 -9999.0 -9999.0 -9999.0
-9999.0 -9999.0 -9999.0 -9999.0 -9999.0 -9999.0 -9999.0 -9999.0 -0.395855 -0.005601 -0.523104 -0.530835 -0.538847 -0.006250 -0.006450 -0.003460 0.035551 0.021624 -1.948691 0.408470 0.706151 0.500265 0.089592 0.050482 -2.583250 -0.009684 0.035403 -0.014981 -0.592254 -0.527119 -0.517334 -0.591272 -0.239525 -0.536044 -0.005006 -0.004993 -0.217674 -0.007984 -0.539739 -0.006835 -0.514196 -0.739644 -0.519213 -0.004979 -0.004935 -0.005177 -0.482879 -0.470644 -0.295793 0.029035 0.044786 -0.005378 -0.005354 0.000063 -0.006147 -0.063378 -0.005667 -0.001530 -0.478554 0.764115 0.890180 -9999.0 -9999.0
-9999.0 -9999.0 -9999.0 -9999.0 -9999.0 -9999.0 -9999.0 -9999.0 -0.513862 -0.400230 -0.004165 -0.507640 -0.009304 -0.496513 -0.004191 -0.011815 0.009174 0.019220 -0.007644 0.646435 0.608470 0.584197 0.317694 0.164227 0.158329 0.059182 0.012290 -0.591505 -0.823713 -0.613254 -0.598360 -0.005013 -0.535667 -0.555294 -0.004979 -0.002391 -0.021581 -0.007299 -0.504257 -0.447657 -0.380937 -0.475017 -0.004986 -0.042746 -0.363780 -0.447803 -0.011662 -0.004025 -0.005875 -0.009031 0.209393 0.032467 -0.026664 -0.326706 -0.001555 0.030021 0.027248 0.080013 0.262104 0.662932 0.840804 -9999.0 -9999.0
-9999.0 -9999.0 -9999.0 -9999.0 -9999.0 -9999.0 -9999.0 -9999.0 -0.680396 -0.427951 0.003150 -0.545036 -0.003902 -0.004013 -0.001656 0.010329 -2.761349 0.111848 0.144805 0.323771 0.413515 0.578539 0.552914 0.504200 0.164552 0.030642 -0.004001 -0.563259 0.000494 -0.007434 -0.568364 -0.551505 -0.004404 -0.005590 -0.520056 -0.008985 -0.131997 0.000338 -0.435724 -0.469125 -0.004985 -0.004844 -0.003990 -0.460171 -0.004978 -0.009656 0.000063 -0.025821 -0.002180 -0.336413 0.016261 0.101503 0.040457 0.028363 0.043810 0.074437 0.217068 0.349888 0.791748 0.813723 0.253977 0.093151 -9999.0
-9999.0 -9999.0 -9999.0 -9999.0 -9999.0 -9999.0 -9999.0 -9999.0 -0.405067 -0.005102 -0.004029 -0.010120 -0.001560 0.001843 0.059656 0.118582 0.143845 0.040434 0.024376 0.086746 -0.005145 0.514466 0.517864 0.510217 0.076638 0.005267 -0.006512 -0.004050 0.003356 -0.000126 -0.015562 -0.002775 0.000735 -0.003765 -0.418765 -0.316216 -0.006733 0.043679 -0.088645 -0.056142 -0.411250 -0.253636 -0.008058 -0.248110 -0.467092 -0.003651 -0.320755 -0.002849 -0.006398 -0.000097 0.029151 -0.488622 0.091123 0.089491 0.134939 0.304140 0.629810 0.664373 0.585458 0.187017 0.029022 0.064176 -9999.0
-9999.0 -9999.0 -0.479522 -0.005177 -0.006742 -0.365593 -0.005949 -0.435159 -0.012301 -0.005056 -0.005299 0.040093 0.005362 0.028997 0.161596 0.181182 -0.589829 -0.283517 -0.015910 0.000140 0.088112 0.221438 0.492826 0.145829 0.234672 0.033888 0.001725 -0.000576 0.026734 0.033262 -0.004327 -0.000807 0.125615 0.005345 0.020147 -0.001964 0.027867 0.041576 0.014470 -0.011193 -0.003355 -0.001767 -0.515547 0.000147 -0.015564 -0.003832 0.019882 0.031919 -1.022519 0.073567 0.159424 0.556663 0.603001 0.371406 0.346904 0.608497 0.466717 0.265284 0.088253 -0.003479 0.043476 0.003233 -9999.0
-9999.0 -0.005521 -0.005546 -0.005606 -0.006105 -0.005202 -0.007442 -0.048360 -0.342732 -0.459634 -0.005855 -0.003478 0.118448 0.327289 0.205663 0.003421 -0.008687 -0.010104 -0.006094 -0.000100 0.082277 0.072832 0.288316 0.341761 0.326883 0.109317 0.232397 0.227833 -0.004762 0.108060 0.063602 0.051454 0.067774 0.245220 0.114048 0.165440 0.115110 0.143525 0.184499 0.033655 0.020904 0.104689 0.084894 0.031491 0.039069 0.044137 0.136201 -0.261793 0.226206 0.285468 0.594804 0.555310 0.401695 0.176493 0.161016 0.066518 0.068903 0.052439 0.037908 -0.001227 0.002941 0.003030 -9999.0
-9999.0 -0.005043 -0.003506 -0.003220 0.071500 -0.003504 -0.018125 -0.528786 -0.109291 -0.480537 -0.009968 -0.003449 0.016612 0.200596 -0.008307 -0.025555 -0.430219 -0.491635 -0.002015 0.013906 0.068069 0.162164 0.089601 0.184732 0.422627 0.540854 0.232984 0.491112 0.485936 -0.011859 0.163033 0.040907 0.132135 0.296561 0.519031 0.611713 1.015279 1.272827 0.558325 0.485576 0.423616 0.569310 0.160498 0.218230 0.294502 0.250568 0.738988 0.815384 0.637402 0.605224 0.148660 -0.002855 0.057229 -0.001434 0.031676 0.029821 0.024782 -0.004142 -0.004266 -0.000052 0.000650 -9999.0 -9999.0
