user2019/resources/simulation/Vinschgau/output-maps/TL0007N1414.asc
ncols         63
nrows         48
xllcorner     598000.000000
yllcorner     5145000.000000
cellsize      1000.000000
NODATA_value  -9999.0
[rows 0 to 27 of 48, columns 0 to 62 of 63]
-9999.0 -9999.0 -9999.0 -9999.0 -9999.0 -9999.0 -9999.0 -9999.0 -9999.0 -9999.0 -9999.0 -9999.0 -9999.0 -9999.0 -9999.0 -9999.0 -9999.0 -9999.0 -9999.0 -9999.0 -9999.0 -9999.0 -9999.0 -9999.0 -9999.0 -9999.0 -9999.0 -9999.0 -9999.0 -9999.0 -9999.0 -9999.0 -9999.0 -9999.0 -9999.0 -9999.0 -9999.0 -9999.0 -9999.0 -9999.0 -9999.0 -9999.0 -9999.0 -9999.0 -9999.0 -9999.0 -9999.0 -9999.0 -9999.0 -9999.0 -9999.0 -9999.0 -9999.0 -9999.0 -9999.0 -9999.0 -9999.0 -9999.0 -9999.0 -9999.0 -9999.0 -9999.0 -9999.0
-9999.0 -9999.0 -9999.0 -9999.0 -9999.0 -9999.0 -9999.0 -9999.0 -9999.0 -9999.0 -9999.0 -9999.0 -9999.0 -9999.0 -9999.0 -9999.0 -9999.0 -9999.0 -9999.0 -9999.0 -9999.0 -9999.0 -9999.0 -9999.0 -9999.0 -9999.0 -9999.0 -0.359862 0.004625 0.029000 -0.000945 -0.014131 -2.795955 -9999.0 -9999.0 -9999.0 -9999.0 -9999.0 -9999.0 -9999.0 -9999.0 -9999.0 -9999.0 -9999.0 -9999.0 -9999.0 -9999.0 -9999.0 -9999.0 -9999.0 -9999.0 -9999.0 -9999.0 -9999.0 -9999.0 -9999.0 -9999.0 -9999.0 -9999.0 -9999.0 -9999.0 -9999.0 -9999.0
-9999.0 -9999.0 -9999.0 -9999.0 -9999.0 -9999.0 -9999.0 -9999.0 -9999.0 -9999.0 -9999.0 -9999.0 -9999.0 -9999.0 -9999.0 -9999.0 -9999.0 -9999.0 -9999.0 -9999.0 -9999.0 -9999.0 -9999.0 -9999.0 0.087833 0.153338 0.406435 0.091668 0.405922 0.335313 -0.001443 -9999.0 -9999.0 -9999.0 -9999.0 -9999.0 -9999.0 -9999.0 -9999.0 -9999.0 -9999.0 -9999.0 -9999.0 -9999.0 -9999.0 -9999.0 -9999.0 -9999.0 -9999.0 -9999.0 -9999.0 -9999.0 -9999.0 -9999.0 -9999.0 -9999.0 -9999.0 -9999.0 -9999.0 -9999.0 -9999.0 -9999.0 -9999.0
-9999.0 -9999.0 -9999.0 -9999.0 -9999.0 -9999.0 -9999.0 -9999.0 -9999.0 -9999.0 -9999.0 -9999.0 -9999.0 -9999.0 -9999.0 -9999.0 -9999.0 -9999.0 -9999.0 -9999.0 -9999.0 -9999.0 -9999.0 0.199528 1.034428 2.995442 3.449233 3.558103 3.533936 0.398981 -0.001261 -0.003293 -9999.0 -9999.0 -9999.0 -9999.0 -9999.0 -9999.0 -9999.0 -9999.0 -9999.0 -9999.0 -9999.0 -9999.0 -9999.0 -9999.0 -9999.0 -9999.0 -9999.0 -9999.0 -9999.0 -9999.0 -9999.0 -9999.0 -9999.0 -9999.0 -9999.0 -9999.0 -9999.0 -9999.0 -9999.0 -9999.0 -9999.0
-9999.0 -9999.0 -9999.0 -9999.0 -9999.0 -9999.0 -9999.0 -9999.0 -9999.0 -9999.0 -9999.0 -9999.0 -9999.0 -9999.0 -9999.0 -9999.0 -9999.0 -9999.0 4.144345 0.920919 -9999.0 0.505902 1.012923 2.561206 2.856605 3.475446 2.979719 3.272444 2.494897 0.956525 0.140223 -0.000955 -0.997322 -1.268113 -9999.0 -9999.0 -9999.0 -9999.0 -9999.0 -9999.0 -9999.0 -9999.0 -9999.0 -9999.0 -9999.0 -9999.0 -9999.0 -9999.0 -9999.0 -9999.0 -9999.0 -9999.0 -9999.0 -9999.0 -9999.0 -9999.0 -9999.0 -9999.0 -9999.0 -9999.0 -9999.0 -9999.0 -9999.0
-9999.0 -9999.0 -9999.0 -9999.0 -9999.0 -9999.0 -9999.0 -9999.0 -9999.0 -9999.0 -9999.0 -9999.0 -9999.0 -9999.0 -9999.0 -9999.0 -9999.0 4.953970 3.619185 3.498917 1.383971 0.346859 1.000252 2.081142 3.591882 0.254023 -0.048072 0.812869 -0.036989 1.883046 1.541107 0.223763 0.175377 -0.412370 -1.121183 -1.338390 -9999.0 -9999.0 -9999.0 -9999.0 -9999.0 -9999.0 -9999.0 -9999.0 -9999.0 -9999.0 -9999.0 -9999.0 -9999.0 -9999.0 -9999.0 -9999.0 -9999.0 -9999.0 -9999.0 -9999.0 -9999.0 -9999.0 -9999.0 -9999.0 -9999.0 -9999.0 -9999.0
-9999.0 -9999.0 -9999.0 -9999.0 -9999.0 -9999.0 -9999.0 -9999.0 -9999.0 -9999.0 -9999.0 -9999.0 -9999.0 2.499785 2.127146 3.188654 4.481895 8.084292 4.583284 2.771406 2.837588 2.542402 3.091554 3.687106 -0.004268 0.921421 -0.580915 -0.037350 -0.038796 -0.003152 -1.244348 0.744111 0.020465 -0.000975 -0.768275 -1.406016 -9999.0 -9999.0 -9999.0 -9999.0 -9999.0 -9999.0 -9999.0 -9999.0 -9999.0 -9999.0 -9999.0 -9999.0 -9999.0 -9999.0 -9999.0 -9999.0 -9999.0 -9999.0 -9999.0 -9999.0 -9999.0 -9999.0 -9999.0 -9999.0 -9999.0 -9999.0 -9999.0
-9999.0 -9999.0 -9999.0 -9999.0 -9999.0 -9999.0 -9999.0 -9999.0 -9999.0 -9999.0 -9999.0 -9999.0 -9999.0 3.324176 3.987933 4.012187 3.863119 8.007363 8.163936 4.391251 3.720819 4.790938 2.585546 1.506975 2.084036 1.121212 0.005515 -0.005867 -0.815793 -0.336543 -0.044831 -0.001198 -0.953337 -1.662167 -1.251901 -9999.0 -9999.0 -9999.0 -9999.0 -9999.0 -9999.0 -9999.0 -9999.0 -9999.0 -9999.0 -9999.0 -9999.0 -9999.0 -9999.0 -9999.0 -9999.0 -9999.0 -9999.0 -9999.0 -9999.0 -9999.0 -9999.0 -9999.0 -9999.0 -9999.0 -9999.0 -9999.0 -9999.0
-9999.0 -9999.0 -9999.0 -9999.0 -9999.0 -9999.0 -9999.0 -9999.0 -9999.0 -9999.0 -9999.0 -9999.0 -9999.0 3.749432 3.178374 4.958542 3.519226 4.240993 8.441034 4.618781 5.761766 2.159204 0.574859 -0.009949 1.873175 1.505709 0.242703 -0.908938 -0.002767 -1.125535 -0.001412 -2.953247 -2.201894 -8.815020 -1.548082 -9999.0 -9999.0 -9999.0 -9999.0 -9999.0 -9999.0 -9999.0 -9999.0 -9999.0 -9999.0 -9999.0 -9999.0 -9999.0 -9999.0 -9999.0 -9999.0 -9999.0 -9999.0 -9999.0 -9999.0 -9999.0 -9999.0 -9999.0 -9999.0 -9999.0 -9999.0 -9999.0 -9999.0
-9999.0 -9999.0 -9999.0 -9999.0 -9999.0 -9999.0 -9999.0 -9999.0 -9999.0 -9999.0 -9999.0 -9999.0 2.431117 2.647034 4.542375 2.900918 2.144658 3.866963 8.731362 4.843999 2.870547 0.387467 0.790052 -0.017612 -1.344644 0.003653 -2.470056 -0.001629 0.017674 -1.034617 -2.770803 -1.061326 -0.725202 -1.481386 -9999.0 -9999.0 -9999.0 -9999.0 -9999.0 -9999.0 -9999.0 -9999.0 -9999.0 -9999.0 -9999.0 -9999.0 -9999.0 -9999.0 -9999.0 -9999.0 -9999.0 -9999.0 -9999.0 -9999.0 -9999.0 -9999.0 -9999.0 -9999.0 -9999.0 -9999.0 -9999.0 -9999.0 -9999.0
-9999.0 -9999.0 -9999.0 -9999.0 -9999.0 -9999.0 -9999.0 -9999.0 -9999.0 -9999.0 -9999.0 2.579606 3.938892 3.568164 3.981100 4.432974 3.860549 4.094670 8.713997 6.170606 2.433185 2.543432 1.089082 0.037816 0.952338 0.069208 -0.004019 0.001182 -0.563186 -1.365389 -1.090124 0.027761 -0.763942 -1.207085 -1.122422 -0.663918 -0.649100 -0.004435 -0.003238 -9999.0 -9999.0 -9999.0 -1.246437 -9999.0 -9999.0 -9999.0 -9999.0 -9999.0 -9999.0 -9999.0 -9999.0 -9999.0 -9999.0 -9999.0 -9999.0 -9999.0 -9999.0 -9999.0 -9999.0 -9999.0 -9999.0 -9999.0 -9999.0
-9999.0 -9999.0 -9999.0 -9999.0 -9999.0 -9999.0 -9999.0 -9999.0 -9999.0 -9999.0 -9999.0 2.164646 4.064553 5.565036 5.342717 3.402054 6.345283 4.556468 8.752251 6.738769 5.816976 2.871380 0.680947 -1.623899 -0.960511 0.002804 -0.000959 0.081509 0.039604 -1.241341 -0.000273 0.419062 -0.004594 -1.561763 -1.736831 -0.000125 0.394333 0.545177 -0.000598 -1.154072 -1.131937 -1.250658 -0.001097 -0.966939 -9999.0 -9999.0 -9999.0 -3.196906 -2.791905 -1.194028 -2.312313 -3.258032 -3.337640 -3.290383 -3.184312 -3.544439 -9999.0 -9999.0 -9999.0 -9999.0 -9999.0 -9999.0 -9999.0
-9999.0 -9999.0 -9999.0 -9999.0 -9999.0 -9999.0 -9999.0 -9999.0 -9999.0 -9999.0 -9999.0 1.935635 2.238410 1.642112 4.051260 4.218841 2.237821 3.840495 7.477509 6.657783 2.422019 0.123726 -0.781568 0.083824 0.002342 -0.034983 -0.906090 -2.923938 -0.607945 -1.119012 -0.808737 -1.134899 0.088296 -1.450332 -0.998428 0.157787 -0.587705 -0.593603 1.168824 -0.750071 0.006814 -0.690734 0.082231 0.001459 -2.016628 -9999.0 -1.614605 -2.101954 -0.000861 0.023275 0.102879 0.115938 0.003246 -0.000835 -0.001444 -1.537349 -9999.0 -9999.0 -9999.0 -9999.0 -9999.0 -9999.0 -9999.0
-9999.0 -9999.0 -9999.0 -9999.0 -9999.0 -9999.0 -9999.0 -9999.0 -9999.0 -9999.0 -9999.0 -9999.0 2.324863 -0.015037 3.304576 3.533541 0.836050 2.887571 8.148596 6.592450 2.251927 0.863457 -0.030385 -0.441338 -2.013848 -0.999917 0.214386 0.065588 -0.000986 -0.953648 -0.000904 -0.912171 0.207934 -0.001403 -0.023811 0.005126 -0.860354 -0.581033 2.400226 0.148923 0.727815 0.254474 -0.445111 0.470748 -0.827526 -2.172349 -1.260580 -1.759432 -1.988391 -0.530839 -0.010660 -0.830364 -3.103192 -1.432358 -2.110139 -0.000661 -0.929534 -9999.0 -9999.0 -9999.0 -9999.0 -9999.0 -9999.0
-9999.0 -9999.0 -9999.0 -9999.0 -9999.0 -9999.0 -9999.0 -9999.0 -9999.0 -9999.0 -9999.0 -0.509921 0.627712 2.526234 -0.018128 0.586579 1.703564 2.240747 7.521998 4.219132 2.515929 0.952455 -0.006548 -0.949286 -0.898307 -0.408300 -0.481864 -0.001580 -0.002263 -0.006545 -0.980865 -1.305851 0.962656 -0.001153 -2.060083 -0.000274 0.001551 -0.486140 0.013467 1.927191 -0.490789 -0.006823 -0.024392 -0.209451 1.161955 -0.001307 0.007406 -0.005769 0.231502 -0.032165 -2.930271 -0.001306 -3.017294 -4.775956 -5.483931 -3.500631 -1.052703 -9999.0 -9999.0 -9999.0 -9999.0 -9999.0 -9999.0
-9999.0 -9999.0 -9999.0 -9999.0 -9999.0 -9999.0 -9999.0 -9999.0 -9999.0 -9999.0 0.037840 -0.085162 0.841619 1.039821 2.325230 -0.008488 -0.012515 0.135251 3.349283 3.872015 4.806025 3.073396 -0.446459 1.447763 -0.005375 -1.618625 -1.397794 -3.963015 0.145841 0.586718 -0.046392 -0.960056 0.500512 -0.001292 -1.458257 -0.788821 0.156852 -0.672934 -0.097016 0.133586 0.330597 1.113646 4.444426 1.070413 -0.017724 -0.005269 0.017634 -0.336679 -0.091434 -0.001571 -4.117515 -1.613608 -5.957672 -4.186307 -3.829347 -0.001154 -0.000920 -9999.0 -9999.0 -9999.0 -9999.0 -9999.0 -9999.0
-9999.0 -9999.0 -9999.0 -9999.0 -9999.0 -9999.0 -9999.0 -9999.0 -9999.0 0.007375 0.681678 -0.037648 -0.027909 -0.502926 -0.042964 -0.031261 -0.021133 3.260096 3.266577 3.899493 5.168304 0.687169 0.471895 1.007906 0.012836 -1.344114 -2.216412 0.549895 -0.094431 -0.014589 0.013900 -1.541122 -0.694643 -1.319161 -1.155524 -0.792488 0.221391 -1.028342 -0.789973 -0.041861 -0.411581 -0.237434 -0.350308 1.792305 1.371807 -0.028186 2.161974 -0.610711 -0.594615 0.038956 -1.351419 -1.105572 -4.537675 -4.471380 -3.466218 -3.235911 -2.246114 -0.929924 -3.034696 -9999.0 -9999.0 -9999.0 -9999.0
-9999.0 -9999.0 -9999.0 -9999.0 -9999.0 -9999.0 -9999.0 -9999.0 -9999.0 0.005935 0.004563 0.713982 1.640676 -0.001752 -0.035972 -0.531993 1.809183 1.055084 3.827285 6.150746 5.766172 5.007282 3.388595 1.304511 -0.957123 -1.164642 -0.443676 -0.002122 0.477568 1.409000 1.114533 -1.918178 0.004756 -0.872776 -0.000835 -0.797214 -0.498506 0.115879 0.001820 0.976720 -0.684361 -1.373013 -0.298951 0.739427 2.645888 2.506775 2.312170 0.832043 -0.005787 0.141257 -2.789298 -4.996740 -4.430052 -3.825129 -1.211714 -4.124088 -2.070666 -1.414359 -0.203582 -9999.0 -9999.0 -9999.0 -9999.0
-9999.0 -9999.0 -9999.0 -9999.0 -9999.0 -9999.0 -9999.0 -9999.0 -9999.0 -9999.0 -0.001011 0.682032 -0.028355 -0.328139 0.049688 -0.020705 -0.001647 2.292324 4.604571 4.939919 5.877559 2.380418 -0.002653 -0.133004 -0.926735 -0.017459 0.067703 1.009215 0.870316 -1.482358 -1.825972 -2.758596 -3.318822 -0.002114 0.071800 0.940772 0.531004 0.863031 -0.469051 -0.000072 -0.001548 0.532596 1.119767 -0.022556 -0.005688 -0.002914 1.522865 3.838067 3.181455 0.355650 -1.744370 -2.243621 -3.592987 -4.398127 -3.959534 -2.231706 -0.000325 -1.612665 -0.036269 -0.003576 -9999.0 -9999.0 -9999.0
-9999.0 -9999.0 -9999.0 -9999.0 -9999.0 -9999.0 -9999.0 -9999.0 -9999.0 -9999.0 -0.000976 0.024039 0.415944 -0.014742 2.406141 0.341627 -0.004860 2.405880 5.069375 5.537130 3.138506 1.269371 -0.003743 -0.112790 -0.016723 0.490703 1.648697 -0.002362 -1.169014 -3.035628 -0.001025 0.252620 -3.333392 -0.539476 -0.000098 1.047202 -1.545355 -0.044024 -1.462369 -0.001896 0.003078 1.363705 -0.463734 0.263743 0.912301 -0.197162 -0.001364 -0.005463 2.917293 2.828087 0.004611 -1.554083 -3.742606 -3.151746 -4.996470 -4.289271 -2.361798 -0.662267 1.473403 1.928849 -9999.0 -9999.0 -9999.0
-9999.0 -9999.0 -9999.0 -9999.0 -9999.0 -9999.0 -9999.0 -9999.0 0.071886 -0.000908 -0.014870 0.097172 -0.971088 -0.296997 -0.038678 1.576758 2.688839 5.849800 5.815596 5.891985 4.858727 3.744026 2.848780 1.131379 0.811864 1.740290 2.289660 -0.689924 -1.155185 -2.943854 -1.269094 -0.000406 0.000234 -0.004815 0.006503 0.003220 2.092959 -0.031557 -2.417649 -0.784418 -0.005442 0.568796 -2.934042 -0.662037 0.412696 0.485276 -2.241078 -0.386671 -0.003176 2.322768 0.260593 -0.605472 -2.730728 -5.433282 -3.944241 -0.014777 -0.840141 0.844648 0.715050 4.348217 -9999.0 -9999.0 -9999.0
-9999.0 -9999.0 -9999.0 -9999.0 -9999.0 -9999.0 -9999.0 -9999.0 -2.984911 -0.881109 -2.415604 -0.002114 0.004530 -2.069008 -0.809902 -0.002959 1.692836 2.277729 5.228279 6.433255 9.041250 8.071654 7.192743 6.004572 3.110525 3.199689 0.644890 -0.078265 -3.231788 -0.001388 -1.168490 -0.608499 0.013372 -0.365659 0.089306 0.294720 3.335228 0.083200 -0.195486 0.130598 -0.000615 -0.526755 -0.037137 0.194995 -0.000005 -0.638573 -3.419838 0.041023 -0.081193 1.499108 1.703047 -0.064855 -3.433891 -2.193773 0.001400 -2.014156 -0.773837 -0.006325 3.135302 5.710108 6.383801 -9999.0 -9999.0
-9999.0 -9999.0 -9999.0 -9999.0 -9999.0 -9999.0 -9999.0 -9999.0 -0.000728 -0.000027 -0.001947 -3.225140 0.061516 -2.719243 -0.636744 -0.670261 0.338802 2.805575 5.177455 8.815013 6.893636 8.455492 8.268056 5.447676 6.284803 3.023843 0.181080 -1.119467 -3.782268 0.000340 -0.012866 0.559929 -1.566366 -1.194227 0.745223 2.878207 -0.005642 1.874939 -0.022185 -0.386506 0.094984 -0.006349 0.110589 -0.000038 -1.047190 0.083461 -0.795071 -0.000453 -1.852705 -0.003947 2.676476 0.132540 -2.389757 -3.312159 -0.230300 -0.021860 0.887228 2.572609 5.362368 6.013074 6.322218 -9999.0 -9999.0
-9999.0 -9999.0 -9999.0 -9999.0 -9999.0 -9999.0 -9999.0 -9999.0 -1.206430 0.090840 -0.345922 -3.698013 0.029571 -1.145756 -0.202230 0.045063 3.729607 4.985677 6.359232 5.450944 6.353856 6.801057 8.176805 7.305874 3.419195 0.915262 -0.002996 -1.865871 0.382244 -0.307184 -0.584586 -0.123883 -0.003010 -0.020330 -0.058324 1.822592 3.611889 3.882625 0.728775 -0.013144 0.544172 0.773815 0.744581 0.417606 0.011217 -0.005986 0.203101 0.119440 0.002392 -0.755605 -0.002234 2.351735 0.101312 -0.070029 0.307405 1.462978 3.527253 4.764016 5.597745 6.072187 5.159444 2.579539 -9999.0
-9999.0 -9999.0 -9999.0 -9999.0 -9999.0 -9999.0 -9999.0 -9999.0 -2.810118 0.022955 -2.203487 -1.456104 -0.305260 -0.100998 1.397853 2.423367 4.019246 2.356809 0.837329 2.672959 4.531395 6.273510 6.409402 6.072283 5.278554 0.205529 -0.976274 -0.016653 0.002532 -0.011904 -0.186807 0.077287 2.743582 1.068194 0.625163 1.640329 3.040310 5.827744 5.204319 2.353614 0.891818 0.764127 0.844636 0.000066 -0.674007 1.172052 -0.120077 -0.031705 -0.184270 0.036129 1.761049 1.558504 1.919192 1.566982 2.301664 2.717373 3.510698 4.602871 5.374203 5.215046 4.016751 1.989670 -9999.0
-9999.0 -9999.0 0.017683 0.077492 -3.431604 -1.308583 -2.562802 -2.132992 -0.001331 -0.000368 -0.856967 -0.229050 -0.075765 0.027539 3.177456 1.367805 -0.007900 -1.110434 -0.431748 0.061969 2.540209 5.277291 5.848307 5.902429 4.205583 1.821353 0.084515 0.307867 2.456195 3.112364 -0.002916 0.739600 5.547820 3.227916 4.388375 4.419568 6.777449 8.067130 6.963786 4.292596 4.401296 4.481497 4.070673 2.995939 -0.002389 0.667413 1.671007 1.556282 2.815584 3.841162 4.462897 4.036484 3.228448 2.550338 2.448939 5.409896 3.211178 3.879076 3.753166 3.379609 3.978189 1.202005 -9999.0
-9999.0 -0.484751 -0.569822 -0.762830 -1.193420 -0.882412 -2.384751 -2.630857 -3.596675 -0.001982 -1.788228 -0.744356 -0.001306 2.220744 1.772201 -0.205893 -0.915456 -1.618584 -1.067157 -0.003068 2.321561 4.077668 6.284817 4.767660 6.554803 3.953061 4.842607 5.197506 4.667092 3.544739 3.209382 3.395317 5.132437 8.100188 7.448736 8.722081 10.319731 10.966342 10.527249 8.869671 7.972610 7.844251 7.136847 4.603307 3.316614 3.711712 4.749372 5.721468 6.330128 5.963443 5.012599 4.013446 2.997204 2.103945 2.021315 1.484153 0.620438 0.981112 1.256035 2.079446 0.372417 0.992983 -9999.0
-9999.0 1.676326 -0.026491 -0.029870 0.637823 -0.042143 -2.405045 -3.138993 -0.005012 -0.771912 -2.316593 -1.129285 0.112841 1.954599 -0.059366 -2.401370 -2.454471 -1.944388 -0.290896 -0.010208 2.611465 1.955201 2.950447 3.152712 6.390598 7.286575 5.225156 5.857822 6.115242 6.182998 6.326763 6.094188 7.049720 7.942367 10.760733 10.988965 15.050513 16.076856 13.375761 12.299663 11.605676 10.656572 9.556382 7.864941 7.726332 7.587816 7.627225 7.470577 6.828795 6.008639 4.206447 1.981472 0.762052 1.401093 0.489422 -0.002231 -0.264294 -0.003753 -0.001794 -0.006701 -0.002595 -9999.0 -9999.0
