user2019/resources/simulation/Vinschgau/output-maps/TL0002N1350.asc
ncols         63
nrows         48
xllcorner     598000.000000
yllcorner     5145000.000000
cellsize      1000.000000
NODATA_value  -9999.0
[rows 0 to 27 of 48, columns 0 to 62 of 63]
-9999.0 -9999.0 -9999.0 -9999.0 -9999.0 -9999.0 -9999.0 -9999.0 -9999.0 -9999.0 -9999.0 -9999.0 -9999.0 -9999.0 -9999.0 -9999.0 -9999.0 -9999.0 -9999.0 -9999.0 -9999.0 -9999.0 -9999.0 -9999.0 -9999.0 -9999.0 -9999.0 -9999.0 -9999.0 -9999.0 -9999.0 -9999.0 -9999.0 -9999.0 -9999.0 -9999.0 -9999.0 -9999.0 -9999.0 -9999.0 -9999.0 -9999.0 -9999.0 -9999.0 -9999.0 -9999.0 -9999.0 -9999.0 -9999.0 -9999.0 -9999.0 -9999.0 -9999.0 -9999.0 -9999.0 -9999.0 -9999.0 -9999.0 -9999.0 -9999.0 -9999.0 -9999.0 -9999.0
-9999.0 -9999.0 -9999.0 -9999.0 -9999.0 -9999.0 -9999.0 -9999.0 -9999.0 -9999.0 -9999.0 -9999.0 -9999.0 -9999.0 -9999.0 -9999.0 -9999.0 -9999.0 -9999.0 -9999.0 -9999.0 -9999.0 -9999.0 -9999.0 -9999.0 -9999.0 -9999.0 -0.493252 -0.092164 0.029644 -0.094061 -0.348267 -2.381920 -9999.0 -9999.0 -9999.0 -9999.0 -9999.0 -9999.0 -9999.0 -9999.0 -9999.0 -9999.0 -9999.0 -9999.0 -9999.0 -9999.0 -9999.0 -9999.0 -9999.0 -9999.0 -9999.0 -9999.0 -9999.0 -9999.0 -9999.0 -9999.0 -9999.0 -9999.0 -9999.0 -9999.0 -9999.0 -9999.0
-9999.0 -9999.0 -9999.0 -9999.0 -9999.0 -9999.0 -9999.0 -9999.0 -9999.0 -9999.0 -9999.0 -9999.0 -9999.0 -9999.0 -9999.0 -9999.0 -9999.0 -9999.0 -9999.0 -9999.0 -9999.0 -9999.0 -9999.0 -9999.0 -0.008689 0.003794 0.160852 -0.009471 0.185206 0.120078 -0.131369 -9999.0 -9999.0 -9999.0 -9999.0 -9999.0 -9999.0 -9999.0 -9999.0 -9999.0 -9999.0 -9999.0 -9999.0 -9999.0 -9999.0 -9999.0 -9999.0 -9999.0 -9999.0 -9999.0 -9999.0 -9999.0 -9999.0 -9999.0 -9999.0 -9999.0 -9999.0 -9999.0 -9999.0 -9999.0 -9999.0 -9999.0 -9999.0
-9999.0 -9999.0 -9999.0 -9999.0 -9999.0 -9999.0 -9999.0 -9999.0 -9999.0 -9999.0 -9999.0 -9999.0 -9999.0 -9999.0 -9999.0 -9999.0 -9999.0 -9999.0 -9999.0 -9999.0 -9999.0 -9999.0 -9999.0 0.039334 0.692036 3.012471 3.316431 3.467717 3.593297 0.134139 -0.129311 -0.207327 -9999.0 -9999.0 -9999.0 -9999.0 -9999.0 -9999.0 -9999.0 -9999.0 -9999.0 -9999.0 -9999.0 -9999.0 -9999.0 -9999.0 -9999.0 -9999.0 -9999.0 -9999.0 -9999.0 -9999.0 -9999.0 -9999.0 -9999.0 -9999.0 -9999.0 -9999.0 -9999.0 -9999.0 -9999.0 -9999.0 -9999.0
-9999.0 -9999.0 -9999.0 -9999.0 -9999.0 -9999.0 -9999.0 -9999.0 -9999.0 -9999.0 -9999.0 -9999.0 -9999.0 -9999.0 -9999.0 -9999.0 -9999.0 -9999.0 3.807983 0.512367 -9999.0 0.259497 0.684969 2.638798 2.769724 3.452076 2.841164 3.179609 2.399487 0.915509 -0.045401 -0.094133 -1.176019 -2.011990 -9999.0 -9999.0 -9999.0 -9999.0 -9999.0 -9999.0 -9999.0 -9999.0 -9999.0 -9999.0 -9999.0 -9999.0 -9999.0 -9999.0 -9999.0 -9999.0 -9999.0 -9999.0 -9999.0 -9999.0 -9999.0 -9999.0 -9999.0 -9999.0 -9999.0 -9999.0 -9999.0 -9999.0 -9999.0
-9999.0 -9999.0 -9999.0 -9999.0 -9999.0 -9999.0 -9999.0 -9999.0 -9999.0 -9999.0 -9999.0 -9999.0 -9999.0 -9999.0 -9999.0 -9999.0 -9999.0 4.905346 3.571944 3.652088 1.447374 0.304507 1.013096 2.244081 3.462396 0.148347 -0.042491 0.704245 -0.027063 1.832718 1.158699 0.023113 0.354556 -0.586059 -1.587023 -1.934229 -9999.0 -9999.0 -9999.0 -9999.0 -9999.0 -9999.0 -9999.0 -9999.0 -9999.0 -9999.0 -9999.0 -9999.0 -9999.0 -9999.0 -9999.0 -9999.0 -9999.0 -9999.0 -9999.0 -9999.0 -9999.0 -9999.0 -9999.0 -9999.0 -9999.0 -9999.0 -9999.0
-9999.0 -9999.0 -9999.0 -9999.0 -9999.0 -9999.0 -9999.0 -9999.0 -9999.0 -9999.0 -9999.0 -9999.0 -9999.0 2.582162 2.213706 3.203362 4.491125 8.239076 4.582234 2.927602 2.891145 2.581997 3.210449 3.588758 -0.011114 0.604462 -0.433736 -0.021215 -0.040832 -0.006714 -1.114348 0.467573 -0.023855 -0.047530 -0.584127 -2.020160 -9999.0 -9999.0 -9999.0 -9999.0 -9999.0 -9999.0 -9999.0 -9999.0 -9999.0 -9999.0 -9999.0 -9999.0 -9999.0 -9999.0 -9999.0 -9999.0 -9999.0 -9999.0 -9999.0 -9999.0 -9999.0 -9999.0 -9999.0 -9999.0 -9999.0 -9999.0 -9999.0
-9999.0 -9999.0 -9999.0 -9999.0 -9999.0 -9999.0 -9999.0 -9999.0 -9999.0 -9999.0 -9999.0 -9999.0 -9999.0 3.163546 3.914203 4.021521 3.792292 7.874471 8.278075 4.453534 3.760304 4.907263 2.545647 1.499006 2.128667 1.173404 -0.115742 -0.177977 -0.721501 -0.111368 -0.028130 -0.057880 -0.939689 -1.707836 -1.351848 -9999.0 -9999.0 -9999.0 -9999.0 -9999.0 -9999.0 -9999.0 -9999.0 -9999.0 -9999.0 -9999.0 -9999.0 -9999.0 -9999.0 -9999.0 -9999.0 -9999.0 -9999.0 -9999.0 -9999.0 -9999.0 -9999.0 -9999.0 -9999.0 -9999.0 -9999.0 -9999.0 -9999.0
-9999.0 -9999.0 -9999.0 -9999.0 -9999.0 -9999.0 -9999.0 -9999.0 -9999.0 -9999.0 -9999.0 -9999.0 -9999.0 3.810645 3.100948 4.996930 3.537355 4.267236 8.638016 4.631047 5.543974 2.396122 0.499375 -0.020259 1.924448 1.530687 0.428528 -0.967891 -0.217669 -1.272807 -0.105429 -1.648584 -1.993851 -8.401417 -1.947541 -9999.0 -9999.0 -9999.0 -9999.0 -9999.0 -9999.0 -9999.0 -9999.0 -9999.0 -9999.0 -9999.0 -9999.0 -9999.0 -9999.0 -9999.0 -9999.0 -9999.0 -9999.0 -9999.0 -9999.0 -9999.0 -9999.0 -9999.0 -9999.0 -9999.0 -9999.0 -9999.0 -9999.0
-9999.0 -9999.0 -9999.0 -9999.0 -9999.0 -9999.0 -9999.0 -9999.0 -9999.0 -9999.0 -9999.0 -9999.0 2.570153 2.564795 4.606333 2.979371 2.170389 3.839029 8.657007 4.984619 2.945884 0.226297 0.813495 -0.014441 -1.234152 -0.097378 -2.378530 -0.139698 -0.008050 -0.930139 -0.814599 -1.159194 -0.234583 -2.372954 -9999.0 -9999.0 -9999.0 -9999.0 -9999.0 -9999.0 -9999.0 -9999.0 -9999.0 -9999.0 -9999.0 -9999.0 -9999.0 -9999.0 -9999.0 -9999.0 -9999.0 -9999.0 -9999.0 -9999.0 -9999.0 -9999.0 -9999.0 -9999.0 -9999.0 -9999.0 -9999.0 -9999.0 -9999.0
-9999.0 -9999.0 -9999.0 -9999.0 -9999.0 -9999.0 -9999.0 -9999.0 -9999.0 -9999.0 -9999.0 2.482886 4.049105 3.078976 4.041795 4.308607 4.157357 4.124211 8.516464 6.431776 2.463688 2.533319 0.889754 -0.119694 0.832148 -0.040978 -0.187111 -0.043413 -0.219468 -1.584258 -1.269130 -0.017668 -0.615451 -1.625119 -1.311420 -0.603885 -0.152779 -0.384193 -0.471124 -9999.0 -9999.0 -9999.0 -1.851861 -9999.0 -9999.0 -9999.0 -9999.0 -9999.0 -9999.0 -9999.0 -9999.0 -9999.0 -9999.0 -9999.0 -9999.0 -9999.0 -9999.0 -9999.0 -9999.0 -9999.0 -9999.0 -9999.0 -9999.0
-9999.0 -9999.0 -9999.0 -9999.0 -9999.0 -9999.0 -9999.0 -9999.0 -9999.0 -9999.0 -9999.0 1.809803 4.153686 5.639711 5.350513 3.717721 6.417641 4.584146 8.626099 6.527279 5.546838 2.746695 0.383820 -1.548004 -1.010627 -0.064345 -0.078309 -0.028812 0.006026 -1.564755 -0.046562 0.160793 -0.230721 -0.513092 -0.670090 -0.046733 0.176015 0.371738 -0.545296 -1.676210 -1.560574 -1.577341 -0.080363 -1.114913 -9999.0 -9999.0 -9999.0 -2.196808 -1.540706 -1.304589 -0.721911 -2.350586 -2.388823 -2.914825 -2.672488 -2.560052 -9999.0 -9999.0 -9999.0 -9999.0 -9999.0 -9999.0 -9999.0
-9999.0 -9999.0 -9999.0 -9999.0 -9999.0 -9999.0 -9999.0 -9999.0 -9999.0 -9999.0 -9999.0 1.558958 2.213167 1.533401 3.703259 4.335661 2.220789 3.845777 7.389691 6.433901 2.379378 0.007633 -0.715915 -0.002556 -0.075392 -0.384768 -0.870081 -2.847107 -0.568174 -0.486927 -0.751400 -1.292576 -0.011280 -0.461859 -0.974691 0.035677 -0.611497 -0.487788 1.028391 -0.926976 -0.192938 -0.568200 -0.012658 -0.030488 -0.608096 -9999.0 -2.133585 -0.631493 -0.081764 -0.017023 -0.096892 0.255291 -0.343498 -0.115154 -0.149848 -0.482242 -9999.0 -9999.0 -9999.0 -9999.0 -9999.0 -9999.0 -9999.0
-9999.0 -9999.0 -9999.0 -9999.0 -9999.0 -9999.0 -9999.0 -9999.0 -9999.0 -9999.0 -9999.0 -9999.0 2.185813 -0.006377 2.970570 3.376152 0.821467 2.890239 7.989677 6.366886 2.221462 0.661834 -0.006633 -0.299539 -1.885857 -0.979900 0.090173 -0.188822 -0.108072 -1.027102 -0.074488 -0.880801 0.018915 -0.122651 -0.236556 -0.030996 -0.853268 -1.162426 2.113357 0.167672 0.492699 0.445817 -0.310131 0.201279 -0.854256 -0.662424 -1.683947 -0.549049 -1.853480 -0.402831 -0.085312 -0.872571 -3.048380 -1.555978 -1.941741 -0.072366 -0.278680 -9999.0 -9999.0 -9999.0 -9999.0 -9999.0 -9999.0
-9999.0 -9999.0 -9999.0 -9999.0 -9999.0 -9999.0 -9999.0 -9999.0 -9999.0 -9999.0 -9999.0 -0.334868 0.394860 2.915878 -0.005997 0.359317 1.629641 2.228651 7.399170 4.190880 2.491904 0.883216 -0.002567 -0.935723 -0.857815 -0.941568 -0.347377 -0.129344 -0.143761 -0.209514 -0.957586 -0.831674 0.608307 -0.116499 -0.690641 -0.041116 -0.145543 -0.353131 0.003813 1.880976 -0.358813 -0.022290 -0.000796 -0.094554 0.807882 -0.123550 -0.016206 -0.192695 0.404387 -0.031167 -2.771512 -0.110709 -2.786437 -4.502471 -5.222505 -2.904990 -0.948218 -9999.0 -9999.0 -9999.0 -9999.0 -9999.0 -9999.0
-9999.0 -9999.0 -9999.0 -9999.0 -9999.0 -9999.0 -9999.0 -9999.0 -9999.0 -9999.0 0.170859 -0.056045 0.481670 0.711096 2.180283 0.000830 -0.000604 0.056728 3.338455 3.848451 4.604951 2.679746 -0.465679 1.110322 -0.018752 -1.560941 -1.376143 -3.716356 0.073891 0.335586 -0.029738 -0.603926 0.244864 -0.108540 -1.940299 -0.762094 0.000069 -0.572874 -0.078801 0.120747 0.263004 1.146710 4.585251 0.979449 -0.034382 -0.194454 -0.070773 -0.204830 -0.096586 -0.012327 -3.885860 -1.584998 -5.693049 -3.766625 -3.345389 -0.119028 -0.110739 -9999.0 -9999.0 -9999.0 -9999.0 -9999.0 -9999.0
-9999.0 -9999.0 -9999.0 -9999.0 -9999.0 -9999.0 -9999.0 -9999.0 -9999.0 -0.073365 0.361253 -0.040378 -0.012819 -0.355751 -0.029413 -0.016418 -0.047497 3.055763 3.258338 3.878335 4.961030 0.661182 0.358062 0.865118 0.010582 -1.336637 -2.057979 0.297455 -0.052453 -0.005802 0.014925 -1.539648 -0.597184 -1.610736 -1.477001 -0.780167 0.096949 -1.006512 -0.721541 -0.034740 -0.305745 -0.257448 -0.363581 1.651877 1.318263 -0.031744 2.020123 -0.510602 -0.486215 0.018570 -1.376428 -1.093389 -4.029592 -3.869371 -2.666480 -2.943744 -2.056022 -0.861019 -1.979813 -9999.0 -9999.0 -9999.0 -9999.0
-9999.0 -9999.0 -9999.0 -9999.0 -9999.0 -9999.0 -9999.0 -9999.0 -9999.0 -0.428517 -0.072796 0.538000 1.474126 -0.008054 -0.061360 -0.393093 1.529321 0.876764 3.818628 5.986404 5.576707 4.869215 3.271939 1.145628 -0.948423 -1.161642 -0.290542 -0.018748 0.398869 1.266329 0.883388 -1.912868 -0.015814 -0.297919 -0.095887 -0.862656 -0.539486 0.294433 -0.082757 0.738836 -0.591335 -1.336273 -0.162979 0.654927 2.612749 2.332078 2.154077 0.636436 -0.008552 0.088703 -2.794412 -4.746706 -4.049270 -3.448773 -0.723969 -3.839893 -1.850956 -1.374050 -0.413695 -9999.0 -9999.0 -9999.0 -9999.0
-9999.0 -9999.0 -9999.0 -9999.0 -9999.0 -9999.0 -9999.0 -9999.0 -9999.0 -9999.0 -0.082084 0.448424 -0.020010 -0.619286 0.000120 -0.046083 -0.010402 2.210755 4.595584 4.845007 5.697706 2.404396 -0.024925 -0.160207 -0.892259 -0.035480 0.062137 0.889732 0.653089 -1.466643 -1.809614 -2.683546 -3.059972 -0.133767 -0.005667 0.632848 0.261794 0.495765 -0.522099 -0.044840 -0.101789 0.313441 1.024394 -0.030369 -0.012764 -0.007453 1.520921 3.697684 3.139426 0.159568 -1.749398 -2.023235 -3.114878 -4.002215 -3.566744 -0.673494 -0.004632 -1.505529 -0.021188 -0.026009 -9999.0 -9999.0 -9999.0
-9999.0 -9999.0 -9999.0 -9999.0 -9999.0 -9999.0 -9999.0 -9999.0 -9999.0 -9999.0 -0.110401 -0.042154 0.223364 -0.009549 2.195651 0.262894 -0.012783 2.387878 5.055502 5.453505 3.115944 1.236740 -0.031889 -0.055881 -0.035365 0.428126 1.528376 -0.008037 -1.159082 -2.777061 -0.054386 0.155271 -3.099544 -0.305802 -0.047319 0.785825 -1.473430 -0.035515 -1.448666 -0.136462 -0.026926 1.607827 -0.308472 0.119317 0.624270 -0.210680 -0.008716 -0.011988 2.920531 2.758364 0.012085 -1.442217 -3.460430 -2.176261 -4.737412 -3.952712 -0.966934 -0.562450 1.381787 1.818390 -9999.0 -9999.0 -9999.0
-9999.0 -9999.0 -9999.0 -9999.0 -9999.0 -9999.0 -9999.0 -9999.0 -0.001299 -0.085085 -0.463242 0.004264 -0.566974 -0.155945 -0.045561 1.520812 2.678661 5.752717 5.738190 5.823774 4.839584 3.718046 2.812363 1.073814 0.611570 1.709403 2.183673 -0.681669 -1.124665 -2.693815 -1.405475 -0.048026 -0.043521 -0.254400 -0.016650 -0.070079 2.124914 -0.012677 -2.413351 -0.854043 -0.126792 0.372455 -2.721201 -0.583246 0.605627 0.436018 -2.231072 -0.227895 -0.008631 2.216319 0.204623 -0.613895 -2.444920 -5.202433 -3.594860 -0.499421 -0.707749 0.569816 0.498529 4.326820 -9999.0 -9999.0 -9999.0
-9999.0 -9999.0 -9999.0 -9999.0 -9999.0 -9999.0 -9999.0 -9999.0 -2.894978 -0.919160 -2.230248 -0.130372 -0.049015 -1.995970 -0.794880 -0.008234 1.677145 2.267597 5.235255 6.374542 8.784567 7.797776 6.835560 5.631559 3.096450 3.168332 0.603407 -0.054198 -2.971314 -0.135131 -0.324948 -0.669784 -0.030957 -0.519987 -0.001378 0.119607 3.234364 0.149344 -0.100375 -0.058044 -0.058541 -0.594343 -0.399728 0.031027 0.008853 -0.528259 -3.163283 -0.054412 -0.050234 1.413468 1.617383 -0.062378 -3.380017 -0.665882 -0.188667 -1.689348 -0.660813 -0.006295 3.049015 5.625034 6.323085 -9999.0 -9999.0
-9999.0 -9999.0 -9999.0 -9999.0 -9999.0 -9999.0 -9999.0 -9999.0 -0.050869 -0.005664 -0.004427 -3.016233 -0.001727 -2.496521 -0.530460 -0.668916 0.233471 2.760169 5.171022 8.620461 6.828562 8.270313 8.068681 5.362674 6.122382 3.004178 0.142944 -1.110955 -3.544630 -0.050927 -0.360078 0.334298 -1.521565 -1.229778 0.476284 2.730903 -0.003098 1.739855 -0.028062 -0.239799 -0.060504 -0.199332 -0.003990 -0.008399 -1.026662 -0.003377 -0.936182 -0.051380 -1.638505 -0.019495 2.601217 0.106479 -2.420682 -3.258173 -0.097372 -0.002524 0.820395 2.329169 5.309484 5.916190 6.239071 -9999.0 -9999.0
-9999.0 -9999.0 -9999.0 -9999.0 -9999.0 -9999.0 -9999.0 -9999.0 -1.438664 -0.019154 -0.238814 -3.470507 -0.007524 -1.142319 -0.333959 0.007918 3.732781 4.973272 6.243054 5.440528 6.296664 6.733655 8.013368 7.134151 3.398874 0.877314 -0.057117 -1.861047 0.162302 -0.182108 -0.470185 -0.063818 -0.003922 -0.001374 -0.039451 1.810115 3.582358 3.873438 0.621012 -0.016214 0.257485 0.511320 0.460756 0.550094 -0.021540 -0.201027 0.191480 0.272813 -0.048314 -0.697732 -0.013052 2.295860 0.159994 -0.060776 0.413484 1.386343 3.372463 4.732801 5.575643 5.987234 5.043430 2.548942 -9999.0
-9999.0 -9999.0 -9999.0 -9999.0 -9999.0 -9999.0 -9999.0 -9999.0 -2.275488 -0.003955 -2.081460 -1.448700 -0.354929 -0.086425 1.315444 2.269176 3.812644 2.320260 0.822875 2.664292 4.522691 6.205783 6.343302 6.001250 5.136918 0.160295 -0.972692 -0.036149 0.004704 -0.000015 -0.200764 0.064830 2.431118 0.938335 0.360296 1.610715 3.038818 5.821340 5.198378 2.076631 0.667492 0.720513 0.521179 -0.003875 -0.585983 0.915709 -0.065160 -0.015610 -0.097314 0.033332 1.612745 1.540926 1.878376 1.494194 2.215062 2.606870 3.346542 4.499429 5.282242 5.158862 3.999257 1.956812 -9999.0
-9999.0 -9999.0 -0.338838 -0.006003 -3.327051 -1.298936 -2.426569 -1.968603 -0.122667 -0.034154 -0.813987 -0.691118 -0.055869 0.039445 2.848524 1.306980 -0.020860 -1.097473 -0.274662 -0.004035 2.532438 5.266825 5.763991 5.890057 4.121189 1.796678 0.011529 0.217019 2.426527 2.687781 -0.022736 0.715093 5.383364 3.200354 4.314113 4.407064 6.725557 8.051596 6.959759 4.283167 4.388437 4.465602 4.063946 2.807337 -0.009930 0.494272 1.422209 1.396866 2.842226 3.778404 4.414570 3.953367 3.097909 2.438406 2.345219 5.146922 3.064993 3.759514 3.655852 3.356608 3.802719 1.164212 -9999.0
-9999.0 -0.340471 -0.453596 -0.692456 -1.191099 -0.645024 -1.635124 -2.392313 -3.371852 -0.161513 -1.565075 -0.729674 -0.000636 2.055216 1.732504 -0.218624 -0.885366 -1.545735 -1.057631 -0.017108 2.310464 4.069569 6.098113 4.742652 6.428325 3.878001 4.686016 5.053714 4.598623 3.399224 3.170456 3.340439 5.080319 7.942386 7.376550 8.642655 10.256214 10.952562 10.437350 8.782085 7.900022 7.761218 7.065210 4.585653 3.301888 3.698789 4.658631 5.711363 6.269951 5.941027 4.930328 3.907524 2.843966 1.998650 1.918633 1.416067 0.597118 0.958226 1.186713 1.938107 0.342472 0.958987 -9999.0
-9999.0 1.355971 -0.007959 -0.015777 0.358858 -0.031571 -2.398060 -2.914881 -0.223532 -0.726389 -2.048202 -1.115119 0.071848 1.841325 -0.075799 -2.344360 -2.232362 -1.790617 -0.648380 -0.009625 2.475231 1.923786 2.923798 3.020468 6.157264 7.066521 5.213735 5.787871 6.007282 6.170437 6.313600 6.079618 6.961877 7.868324 10.597931 10.907890 14.831244 15.844470 13.301709 12.225613 11.525609 10.568301 9.476987 7.847989 7.713516 7.577325 7.551244 7.376405 6.748258 5.932038 4.087759 1.943920 0.739763 1.377021 0.475300 -0.040927 -0.660751 -0.056084 -0.036975 -0.092256 -0.033043 -9999.0 -9999.0
