user2019/resources/simulation/Vinschgau/output-maps/TL0003N1042.asc
ncols         63
nrows         48
xllcorner     598000.000000
yllcorner     5145000.000000
cellsize      1000.000000
NODATA_value  -9999.0
[rows 0 to 27 of 48, columns 0 to 62 of 63]
-9999.0 -9999.0 -9999.0 -9999.0 -9999.0 -9999.0 -9999.0 -9999.0 -9999.0 -9999.0 -9999.0 -9999.0 -9999.0 -9999.0 -9999.0 -9999.0 -9999.0 -9999.0 -9999.0 -9999.0 -9999.0 -9999.0 -9999.0 -9999.0 -9999.0 -9999.0 -9999.0 -9999.0 -9999.0 -9999.0 -9999.0 -9999.0 -9999.0 -9999.0 -9999.0 -9999.0 -9999.0 -9999.0 -9999.0 -9999.0 -9999.0 -9999.0 -9999.0 -9999.0 -9999.0 -9999.0 -9999.0 -9999.0 -9999.0 -9999.0 -9999.0 -9999.0 -9999.0 -9999.0 -9999.0 -9999.0 -9999.0 -9999.0 -9999.0 -9999.0 -9999.0 -9999.0 -9999.0
-9999.0 -9999.0 -9999.0 -9999.0 -9999.0 -9999.0 -9999.0 -9999.0 -9999.0 -9999.0 -9999.0 -9999.0 -9999.0 -9999.0 -9999.0 -9999.0 -9999.0 -9999.0 -9999.0 -9999.0 -9999.0 -9999.0 -9999.0 -9999.0 -9999.0 -9999.0 -9999.0 -2.976730 -3.405338 -3.637138 -4.306079 -3.960306 -4.126126 -9999.0 -9999.0 -9999.0 -9999.0 -9999.0 -9999.0 -9999.0 -9999.0 -9999.0 -9999.0 -9999.0 -9999.0 -9999.0 -9999.0 -9999.0 -9999.0 -9999.0 -9999.0 -9999.0 -9999.0 -9999.0 -9999.0 -9999.0 -9999.0 -9999.0 -9999.0 -9999.0 -9999.0 -9999.0 -9999.0
-9999.0 -9999.0 -9999.0 -9999.0 -9999.0 -9999.0 -9999.0 -9999.0 -9999.0 -9999.0 -9999.0 -9999.0 -9999.0 -9999.0 -9999.0 -9999.0 -9999.0 -9999.0 -9999.0 -9999.0 -9999.0 -9999.0 -9999.0 -9999.0 -2.665775 -2.513065 -2.157191 -2.907403 -2.456394 -2.726231 -2.908656 -9999.0 -9999.0 -9999.0 -9999.0 -9999.0 -9999.0 -9999.0 -9999.0 -9999.0 -9999.0 -9999.0 -9999.0 -9999.0 -9999.0 -9999.0 -9999.0 -9999.0 -9999.0 -9999.0 -9999.0 -9999.0 -9999.0 -9999.0 -9999.0 -9999.0 -9999.0 -9999.0 -9999.0 -9999.0 -9999.0 -9999.0 -9999.0
-9999.0 -9999.0 -9999.0 -9999.0 -9999.0 -9999.0 -9999.0 -9999.0 -9999.0 -9999.0 -9999.0 -9999.0 -9999.0 -9999.0 -9999.0 -9999.0 -9999.0 -9999.0 -9999.0 -9999.0 -9999.0 -9999.0 -9999.0 -0.823988 -0.253022 0.769481 1.206360 1.582613 1.046520 -0.815509 -2.735310 -3.563624 -9999.0 -9999.0 -9999.0 -9999.0 -9999.0 -9999.0 -9999.0 -9999.0 -9999.0 -9999.0 -9999.0 -9999.0 -9999.0 -9999.0 -9999.0 -9999.0 -9999.0 -9999.0 -9999.0 -9999.0 -9999.0 -9999.0 -9999.0 -9999.0 -9999.0 -9999.0 -9999.0 -9999.0 -9999.0 -9999.0 -9999.0
-9999.0 -9999.0 -9999.0 -9999.0 -9999.0 -9999.0 -9999.0 -9999.0 -9999.0 -9999.0 -9999.0 -9999.0 -9999.0 -9999.0 -9999.0 -9999.0 -9999.0 -9999.0 1.113379 -0.025758 -9999.0 -0.188136 -0.084254 0.482096 0.849747 2.001817 0.667607 0.589019 0.578035 -0.016687 -2.881130 -2.566087 -4.379182 -5.402568 -9999.0 -9999.0 -9999.0 -9999.0 -9999.0 -9999.0 -9999.0 -9999.0 -9999.0 -9999.0 -9999.0 -9999.0 -9999.0 -9999.0 -9999.0 -9999.0 -9999.0 -9999.0 -9999.0 -9999.0 -9999.0 -9999.0 -9999.0 -9999.0 -9999.0 -9999.0 -9999.0 -9999.0 -9999.0
-9999.0 -9999.0 -9999.0 -9999.0 -9999.0 -9999.0 -9999.0 -9999.0 -9999.0 -9999.0 -9999.0 -9999.0 -9999.0 -9999.0 -9999.0 -9999.0 -9999.0 4.460856 3.048146 1.905154 -0.067086 -0.205948 -0.017032 -0.001471 0.864755 -0.015329 -0.340034 -0.018700 -0.113419 -0.002255 -0.573273 -1.728991 -3.171721 -3.321666 -4.968626 -6.213463 -9999.0 -9999.0 -9999.0 -9999.0 -9999.0 -9999.0 -9999.0 -9999.0 -9999.0 -9999.0 -9999.0 -9999.0 -9999.0 -9999.0 -9999.0 -9999.0 -9999.0 -9999.0 -9999.0 -9999.0 -9999.0 -9999.0 -9999.0 -9999.0 -9999.0 -9999.0 -9999.0
-9999.0 -9999.0 -9999.0 -9999.0 -9999.0 -9999.0 -9999.0 -9999.0 -9999.0 -9999.0 -9999.0 -9999.0 -9999.0 -0.000672 0.007406 2.564908 4.032249 5.909985 4.114145 1.508685 0.923966 0.550693 1.110843 0.989055 -0.020056 -0.071600 -1.506046 -2.804601 -1.106993 -0.043168 -1.653694 -2.005551 -2.804030 -2.942802 -4.597227 -6.143961 -9999.0 -9999.0 -9999.0 -9999.0 -9999.0 -9999.0 -9999.0 -9999.0 -9999.0 -9999.0 -9999.0 -9999.0 -9999.0 -9999.0 -9999.0 -9999.0 -9999.0 -9999.0 -9999.0 -9999.0 -9999.0 -9999.0 -9999.0 -9999.0 -9999.0 -9999.0 -9999.0
-9999.0 -9999.0 -9999.0 -9999.0 -9999.0 -9999.0 -9999.0 -9999.0 -9999.0 -9999.0 -9999.0 -9999.0 -9999.0 0.025861 1.909122 3.317807 3.276643 4.536193 5.941928 2.523557 3.185082 2.002640 1.401809 0.292322 -0.000753 -0.229696 -2.731560 -3.844265 -3.687465 -1.406606 -3.021333 -2.336852 -3.901579 -7.947227 -4.839807 -9999.0 -9999.0 -9999.0 -9999.0 -9999.0 -9999.0 -9999.0 -9999.0 -9999.0 -9999.0 -9999.0 -9999.0 -9999.0 -9999.0 -9999.0 -9999.0 -9999.0 -9999.0 -9999.0 -9999.0 -9999.0 -9999.0 -9999.0 -9999.0 -9999.0 -9999.0 -9999.0 -9999.0
-9999.0 -9999.0 -9999.0 -9999.0 -9999.0 -9999.0 -9999.0 -9999.0 -9999.0 -9999.0 -9999.0 -9999.0 -9999.0 1.612539 1.762856 3.049465 2.821793 3.617336 6.201171 4.042512 2.415389 0.492780 -0.012865 -0.047081 -0.007397 -0.012072 -2.183076 -4.056511 -3.325242 -7.022338 -2.986906 -8.404909 -8.758071 -10.509803 -5.792341 -9999.0 -9999.0 -9999.0 -9999.0 -9999.0 -9999.0 -9999.0 -9999.0 -9999.0 -9999.0 -9999.0 -9999.0 -9999.0 -9999.0 -9999.0 -9999.0 -9999.0 -9999.0 -9999.0 -9999.0 -9999.0 -9999.0 -9999.0 -9999.0 -9999.0 -9999.0 -9999.0 -9999.0
-9999.0 -9999.0 -9999.0 -9999.0 -9999.0 -9999.0 -9999.0 -9999.0 -9999.0 -9999.0 -9999.0 -9999.0 0.171749 1.053061 2.302700 0.678855 1.137042 3.114969 5.117560 3.546569 0.798935 -0.026902 -0.091935 -0.134378 -1.778220 -2.971781 -2.887347 -2.909308 -3.414432 -4.838897 -8.306602 -4.672814 -5.109919 -6.079216 -9999.0 -9999.0 -9999.0 -9999.0 -9999.0 -9999.0 -9999.0 -9999.0 -9999.0 -9999.0 -9999.0 -9999.0 -9999.0 -9999.0 -9999.0 -9999.0 -9999.0 -9999.0 -9999.0 -9999.0 -9999.0 -9999.0 -9999.0 -9999.0 -9999.0 -9999.0 -9999.0 -9999.0 -9999.0
-9999.0 -9999.0 -9999.0 -9999.0 -9999.0 -9999.0 -9999.0 -9999.0 -9999.0 -9999.0 -9999.0 -0.001546 1.518161 1.200060 1.622760 0.163208 2.563031 3.265287 5.030074 3.990098 1.842170 0.351754 -0.552850 -3.004068 -1.804246 -3.130012 -3.136799 -3.224255 -3.231267 -5.260820 -4.733931 -3.306094 -4.639244 -5.081957 -5.104409 -4.431560 -3.037341 -3.801618 -3.916664 -9999.0 -9999.0 -9999.0 -5.619268 -9999.0 -9999.0 -9999.0 -9999.0 -9999.0 -9999.0 -9999.0 -9999.0 -9999.0 -9999.0 -9999.0 -9999.0 -9999.0 -9999.0 -9999.0 -9999.0 -9999.0 -9999.0 -9999.0 -9999.0
-9999.0 -9999.0 -9999.0 -9999.0 -9999.0 -9999.0 -9999.0 -9999.0 -9999.0 -9999.0 -9999.0 -0.002808 1.662106 3.109866 3.338571 -0.000426 5.057555 4.016940 5.204149 3.538821 2.387621 -0.000316 -0.028885 -2.192966 -3.641995 -3.419153 -2.358867 -3.052448 -3.360343 -5.008706 -3.958209 -2.485805 -3.283586 -5.582688 -4.243853 -2.249203 -2.587776 -2.790065 -3.802319 -4.854959 -4.987708 -5.018496 -4.148084 -4.449304 -9999.0 -9999.0 -9999.0 -5.493194 -6.371339 -4.853462 -5.668974 -5.416279 -5.714153 -5.409335 -6.753874 -5.878941 -9999.0 -9999.0 -9999.0 -9999.0 -9999.0 -9999.0 -9999.0
-9999.0 -9999.0 -9999.0 -9999.0 -9999.0 -9999.0 -9999.0 -9999.0 -9999.0 -9999.0 -9999.0 -0.622042 -0.000619 -0.089283 0.101215 0.272273 0.457938 3.390930 4.125141 3.530117 1.609921 -0.017018 -1.537665 -2.910280 -3.014347 -2.732979 -1.529799 -3.291567 -3.424953 -4.193054 -4.317998 -3.769049 -3.066736 -3.835647 -4.857263 -2.886589 -2.925483 -2.580368 -0.014190 -3.510979 -3.772683 -3.105737 -3.017010 -3.136267 -4.321996 -9999.0 -5.961443 -5.544145 -4.223470 -2.686022 -3.005303 -3.291929 -3.426066 -2.667484 -4.630839 -3.999875 -9999.0 -9999.0 -9999.0 -9999.0 -9999.0 -9999.0 -9999.0
-9999.0 -9999.0 -9999.0 -9999.0 -9999.0 -9999.0 -9999.0 -9999.0 -9999.0 -9999.0 -9999.0 -9999.0 -0.109939 -0.096505 0.006473 0.024385 -0.005430 2.474625 4.701394 3.521204 1.539880 -0.010985 -1.652404 -2.971163 -2.600072 -1.447616 -0.384997 -2.979199 -4.352485 -4.754477 -2.348552 -3.552750 -2.557300 -4.615119 -5.066213 -2.531789 -2.442324 -2.443755 0.090897 -1.054865 -2.579608 -0.815335 -2.979064 -2.283635 -4.493705 -4.915430 -4.875679 -4.379162 -4.443141 -3.062056 -0.298411 -3.426420 -3.487917 -4.073028 -4.655614 -4.418472 -5.226176 -9999.0 -9999.0 -9999.0 -9999.0 -9999.0 -9999.0
-9999.0 -9999.0 -9999.0 -9999.0 -9999.0 -9999.0 -9999.0 -9999.0 -9999.0 -9999.0 -9999.0 -2.051188 -0.091781 -0.032695 -1.279807 -0.015356 -0.003269 1.602253 4.091488 3.762145 2.074804 0.022246 -0.045023 -1.402413 -1.561481 -2.271840 -1.286879 -2.851663 -3.008004 -3.263270 -1.685924 -2.727701 -1.926979 -4.504905 -4.384349 -3.949052 -3.018279 -2.709006 -0.018845 -0.005275 -1.648822 -0.058273 -1.397671 -2.226813 -1.016453 -2.683972 -3.550356 -2.944116 -0.781386 -0.069806 -3.494521 -2.629984 -5.464289 -6.231389 -7.121987 -7.910965 -4.836016 -9999.0 -9999.0 -9999.0 -9999.0 -9999.0 -9999.0
-9999.0 -9999.0 -9999.0 -9999.0 -9999.0 -9999.0 -9999.0 -9999.0 -9999.0 -9999.0 -0.137921 -2.585369 -0.379291 -0.027811 -0.000413 -0.453819 -0.551863 -0.015278 3.003636 3.408384 2.055922 0.908213 -0.590041 -0.000871 -0.097408 -1.994731 -1.958923 -4.711887 -2.842147 -0.548114 -2.178747 -2.268085 -2.330025 -3.166007 -5.741413 -4.362248 -2.812185 -3.221578 -1.123248 -0.009981 -0.009184 0.571495 2.403932 0.488118 -0.254935 -2.097816 -3.132331 -2.860579 -2.114750 -0.031910 -5.529090 -4.781104 -7.578506 -8.702217 -8.331267 -3.111634 -4.399475 -9999.0 -9999.0 -9999.0 -9999.0 -9999.0 -9999.0
-9999.0 -9999.0 -9999.0 -9999.0 -9999.0 -9999.0 -9999.0 -9999.0 -9999.0 -3.273868 -1.930157 -2.414221 -1.895559 -1.389797 -1.425784 -1.432549 -0.189759 0.079490 2.920978 3.556391 2.354103 0.018309 -0.009545 -0.008683 -0.015932 -1.488972 -2.779503 -0.069955 -2.388606 -0.505284 -0.013930 -1.690209 -3.248671 -8.040063 -4.792991 -4.437567 -2.768237 -3.642412 -2.586222 -1.766580 -0.721330 -0.345549 -0.475255 1.339430 0.494832 -0.092764 -0.007902 -1.399608 -1.416944 -0.012954 -1.929320 -4.308429 -9.423052 -6.974185 -5.532485 -5.422429 -4.640631 -4.055585 -5.090872 -9999.0 -9999.0 -9999.0 -9999.0
-9999.0 -9999.0 -9999.0 -9999.0 -9999.0 -9999.0 -9999.0 -9999.0 -9999.0 -2.512923 -2.967543 -0.056692 -0.000280 -0.056776 -0.261413 -1.450765 -0.000811 -0.007332 3.501813 3.299718 2.918434 2.244546 1.140643 -0.000505 -1.101552 -1.654477 -1.587258 -0.160161 -0.006758 -0.000463 -0.023393 -2.065118 -3.609164 -3.678386 -4.264437 -3.587350 -3.012682 -1.511010 -2.970567 -1.877023 -1.706526 -1.917571 -0.636385 -0.000597 1.848077 1.226013 0.880457 -0.009040 -0.023632 -0.011937 -2.940385 -5.623004 -6.554499 -6.898372 -5.310967 -6.411322 -4.386992 -3.753744 -2.773029 -9999.0 -9999.0 -9999.0 -9999.0
-9999.0 -9999.0 -9999.0 -9999.0 -9999.0 -9999.0 -9999.0 -9999.0 -9999.0 -9999.0 -2.450119 -2.142857 -1.659842 -0.679944 -0.018890 -0.167483 -0.029245 0.743176 4.307432 3.364558 2.997327 2.010168 -0.022245 -0.338337 -1.375217 -0.085540 -0.011905 0.210630 -0.011564 -1.618895 -1.966284 -3.129301 -3.838597 -4.802761 -3.060305 -1.930813 -0.087457 -1.840551 -2.993710 -3.032158 -2.574914 -0.110824 -0.000586 -0.085736 -0.016386 -0.012822 0.766271 1.578941 1.580547 -0.012661 -1.893206 -4.292983 -5.625042 -6.401781 -6.241674 -5.459762 -3.219192 -1.930136 -1.704510 -0.058107 -9999.0 -9999.0 -9999.0
-9999.0 -9999.0 -9999.0 -9999.0 -9999.0 -9999.0 -9999.0 -9999.0 -9999.0 -9999.0 -4.340636 -3.008231 -0.164149 -0.330803 0.623125 -0.011616 -0.015279 1.963800 4.704795 4.581779 2.860401 0.718222 -0.028984 -0.341833 -0.115580 -0.003927 0.880309 -0.014895 -1.309209 -3.542212 -2.272147 -2.462553 -4.925186 -3.743004 -2.156068 -1.394381 -1.928078 -2.302067 -2.325153 -2.989586 -3.129681 -1.569142 -2.999651 -0.832218 -0.038252 -0.346014 -0.031509 -0.015993 2.097684 1.292572 -0.016789 -2.039219 -4.372157 -5.182842 -7.062429 -6.269595 -3.976998 -1.366634 1.162625 1.213886 -9999.0 -9999.0 -9999.0
-9999.0 -9999.0 -9999.0 -9999.0 -9999.0 -9999.0 -9999.0 -9999.0 -2.956510 -2.415499 -3.132694 -1.910783 -3.028309 -1.772616 -0.059348 1.109573 2.289021 3.274887 4.337456 5.061025 4.623630 3.427429 2.290618 0.475416 -0.009946 1.465282 0.760054 -0.828684 -1.624271 -3.553338 -7.408941 -2.698933 -2.405987 -3.487292 -3.562421 -2.831688 -0.000851 -1.334777 -2.569291 -3.589009 -3.216316 -2.041806 -3.504018 -3.208187 -0.557463 -0.039174 -2.384649 -1.296565 -0.013942 1.482886 -0.009860 -0.745562 -4.590805 -5.985602 -5.868303 -3.281761 -3.735644 -0.022508 -0.005523 3.421761 -9999.0 -9999.0 -9999.0
-9999.0 -9999.0 -9999.0 -9999.0 -9999.0 -9999.0 -9999.0 -9999.0 -3.342507 -3.421470 -2.946162 -3.000856 -2.846624 -2.436624 -0.948231 -0.013316 1.294623 1.927534 5.049296 5.596142 5.740136 4.846293 3.697256 2.658782 2.782464 2.618902 0.415489 -1.874222 -4.914805 -3.015112 -3.718098 -3.192894 -3.473534 -2.959436 -2.923547 -0.451821 -0.000366 -0.430776 -2.448048 -2.749693 -2.278578 -6.105376 -2.751219 -2.375528 -0.833602 -3.008752 -4.133578 -2.837655 -0.382245 1.116493 1.034977 -0.276998 -4.738757 -3.778276 -2.812566 -2.807713 -1.180833 -0.028789 1.764642 4.237482 5.532762 -9999.0 -9999.0
-9999.0 -9999.0 -9999.0 -9999.0 -9999.0 -9999.0 -9999.0 -9999.0 -2.181270 -1.934802 -1.592606 -3.747858 -2.892462 -3.286037 -1.487411 -0.813597 -0.009167 1.359792 4.950746 5.775519 6.063450 5.844150 5.352211 4.379276 3.461214 2.623606 -0.004738 -1.260576 -5.416495 -3.176420 -2.536511 -2.055632 -2.138976 -1.739961 -0.034498 -0.000927 -1.133782 1.171974 -0.048700 -2.896386 -2.936173 -2.233405 -2.848829 -2.069971 -2.191997 -2.875066 -3.602763 -2.243129 -2.311138 -0.018697 2.133532 -0.011203 -3.629760 -4.552703 -1.869293 -1.072637 0.304564 1.649811 3.842675 4.517248 4.853014 -9999.0 -9999.0
-9999.0 -9999.0 -9999.0 -9999.0 -9999.0 -9999.0 -9999.0 -9999.0 -4.554255 -2.734234 -2.162463 -5.278502 -2.962427 -1.629942 -0.381089 -0.005865 3.528633 4.743713 3.670698 5.244401 5.476079 5.861484 5.681561 5.127362 3.087576 0.526351 -0.067424 -2.015588 -0.142732 -2.766296 -1.719660 -2.411650 -0.068247 -0.998566 -0.385791 -0.000700 0.610434 3.451011 0.199634 -0.071383 -0.141390 -0.147150 -2.202805 -0.555008 -3.248432 -2.177463 -2.789997 -2.929545 -2.889037 -1.473763 -0.016237 1.723102 -0.010520 -1.748082 -0.004968 0.868497 2.440623 4.013976 5.038953 4.622999 3.691871 2.053404 -9999.0
-9999.0 -9999.0 -9999.0 -9999.0 -9999.0 -9999.0 -9999.0 -9999.0 -4.656806 -1.951201 -2.532455 -1.593473 -1.902890 -0.147735 -0.000314 1.323171 2.159747 1.969319 0.254473 2.328888 4.262850 5.238410 5.490183 5.187732 2.580132 -0.011600 -1.123112 -0.096671 -0.018738 -0.825264 -0.387708 -0.012269 1.230979 0.221663 -0.011401 0.170197 1.546725 5.478803 4.943810 1.113893 -0.008932 -0.014719 -0.374568 -0.028456 -1.468723 -0.024005 -1.714265 -1.660959 -0.467048 -0.013317 0.592303 1.145150 1.476043 0.965405 1.463194 1.755100 2.606117 3.401423 4.019064 3.679639 3.571915 1.473010 -9999.0
-9999.0 -9999.0 -2.995538 -2.974483 -3.792378 -1.836009 -3.325037 -2.666802 -3.208538 -2.523510 -3.059101 -0.835954 -0.100257 -0.193752 1.168824 0.841015 -0.019630 -1.243361 -0.929493 -0.011070 2.202489 4.896665 4.178007 5.714765 3.257209 1.476219 -0.015299 -0.010277 1.580363 0.825980 -0.020619 -0.005060 2.899257 2.674493 2.702210 4.024704 5.127425 7.770798 6.736133 4.008749 2.760836 2.720236 3.088806 1.445241 -0.013076 -0.012975 0.658848 0.957528 1.429049 2.392101 3.112343 2.871574 2.301670 1.849657 1.769522 3.125232 2.402639 2.779427 2.395525 2.774481 1.687513 0.721727 -9999.0
-9999.0 -1.997787 -3.148488 -3.070973 -1.690402 -1.512575 -2.663341 -3.121978 -4.111232 -3.368086 -2.267137 -0.873277 -0.013882 0.000982 0.408488 -0.298050 -1.341138 -2.171740 -1.517329 -0.017592 1.977921 3.697359 3.508962 4.124485 4.376075 2.958928 2.253379 2.524661 3.062278 1.986721 1.789402 1.845470 3.330313 5.025221 6.100967 7.149416 9.310562 10.757551 8.870867 7.011398 6.724133 6.431502 5.324290 4.240286 2.956840 3.240609 3.223847 5.413128 5.046363 5.471028 3.674804 2.911774 2.170584 1.425110 1.353476 0.902144 0.438500 0.779757 0.627875 0.490244 0.026895 0.517986 -9999.0
-9999.0 -0.039334 -1.333441 -0.847475 -0.013478 -0.917996 -2.549731 -3.638333 -3.303401 -3.417338 -2.780896 -1.259636 -0.007021 0.471119 -0.180969 -3.784582 -2.942494 -2.470799 -0.536316 -0.112128 0.921385 1.407625 2.348055 1.869831 3.539250 4.411876 5.041583 5.044540 4.424366 5.913911 6.119445 5.860466 5.102599 6.017267 7.515202 9.336922 11.728851 13.046908 11.932171 11.117734 10.245163 9.144051 8.426589 7.596983 7.540714 7.390089 6.302843 5.773030 5.197528 4.479782 2.848646 1.465380 0.543537 1.173713 0.386877 -0.039312 -0.753599 -0.080120 -0.048993 -0.215315 -0.035433 -9999.0 -9999.0
