user2019/resources/simulation/Vinschgau/output-maps/TL0001N1074.asc
ncols         63
nrows         48
xllcorner     598000.000000
yllcorner     5145000.000000
cellsize      1000.000000
NODATA_value  -9999.0
[rows 0 to 27 of 48, columns 0 to 62 of 63]
-9999.0 -9999.0 -9999.0 -9999.0 -9999.0 -9999.0 -9999.0 -9999.0 -9999.0 -9999.0 -9999.0 -9999.0 -9999.0 -9999.0 -9999.0 -9999.0 -9999.0 -9999.0 -9999.0 -9999.0 -9999.0 -9999.0 -9999.0 -9999.0 -9999.0 -9999.0 -9999.0 -9999.0 -9999.0 -9999.0 -9999.0 -9999.0 -9999.0 -9999.0 -9999.0 -9999.0 -9999.0 -9999.0 -9999.0 -9999.0 -9999.0 -9999.0 -9999.0 -9999.0 -9999.0 -9999.0 -9999.0 -9999.0 -9999.0 -9999.0 -9999.0 -9999.0 -9999.0 -9999.0 -9999.0 -9999.0 -9999.0 -9999.0 -9999.0 -9999.0 -9999.0 -9999.0 -9999.0
-9999.0 -9999.0 -9999.0 -9999.0 -9999.0 -9999.0 -9999.0 -9999.0 -9999.0 -9999.0 -9999.0 -9999.0 -9999.0 -9999.0 -9999.0 -9999.0 -9999.0 -9999.0 -9999.0 -9999.0 -9999.0 -9999.0 -9999.0 -9999.0 -9999.0 -9999.0 -9999.0 -1.296569 -0.681071 -2.821375 -3.459055 -3.835255 -3.324566 -9999.0 -9999.0 -9999.0 -9999.0 -9999.0 -9999.0 -9999.0 -9999.0 -9999.0 -9999.0 -9999.0 -9999.0 -9999.0 -9999.0 -9999.0 -9999.0 -9999.0 -9999.0 -9999.0 -9999.0 -9999.0 -9999.0 -9999.0 -9999.0 -9999.0 -9999.0 -9999.0 -9999.0 -9999.0 -9999.0
-9999.0 -9999.0 -9999.0 -9999.0 -9999.0 -9999.0 -9999.0 -9999.0 -9999.0 -9999.0 -9999.0 -9999.0 -9999.0 -9999.0 -9999.0 -9999.0 -9999.0 -9999.0 -9999.0 -9999.0 -9999.0 -9999.0 -9999.0 -9999.0 -1.865053 -0.769708 -0.109630 -0.158865 -1.430550 -1.725537 -3.414336 -9999.0 -9999.0 -9999.0 -9999.0 -9999.0 -9999.0 -9999.0 -9999.0 -9999.0 -9999.0 -9999.0 -9999.0 -9999.0 -9999.0 -9999.0 -9999.0 -9999.0 -9999.0 -9999.0 -9999.0 -9999.0 -9999.0 -9999.0 -9999.0 -9999.0 -9999.0 -9999.0 -9999.0 -9999.0 -9999.0 -9999.0 -9999.0
-9999.0 -9999.0 -9999.0 -9999.0 -9999.0 -9999.0 -9999.0 -9999.0 -9999.0 -9999.0 -9999.0 -9999.0 -9999.0 -9999.0 -9999.0 -9999.0 -9999.0 -9999.0 -9999.0 -9999.0 -9999.0 -9999.0 -9999.0 -0.138796 -0.085931 1.157469 1.576285 2.106862 1.362712 -0.126781 -2.419496 -3.222221 -9999.0 -9999.0 -9999.0 -9999.0 -9999.0 -9999.0 -9999.0 -9999.0 -9999.0 -9999.0 -9999.0 -9999.0 -9999.0 -9999.0 -9999.0 -9999.0 -9999.0 -9999.0 -9999.0 -9999.0 -9999.0 -9999.0 -9999.0 -9999.0 -9999.0 -9999.0 -9999.0 -9999.0 -9999.0 -9999.0 -9999.0
-9999.0 -9999.0 -9999.0 -9999.0 -9999.0 -9999.0 -9999.0 -9999.0 -9999.0 -9999.0 -9999.0 -9999.0 -9999.0 -9999.0 -9999.0 -9999.0 -9999.0 -9999.0 2.045254 -0.084812 -9999.0 -0.110680 -0.072514 0.871570 1.194964 2.515060 1.383899 1.324012 0.950898 -0.007930 -0.241782 -3.420906 -2.919346 -3.863796 -9999.0 -9999.0 -9999.0 -9999.0 -9999.0 -9999.0 -9999.0 -9999.0 -9999.0 -9999.0 -9999.0 -9999.0 -9999.0 -9999.0 -9999.0 -9999.0 -9999.0 -9999.0 -9999.0 -9999.0 -9999.0 -9999.0 -9999.0 -9999.0 -9999.0 -9999.0 -9999.0 -9999.0 -9999.0
-9999.0 -9999.0 -9999.0 -9999.0 -9999.0 -9999.0 -9999.0 -9999.0 -9999.0 -9999.0 -9999.0 -9999.0 -9999.0 -9999.0 -9999.0 -9999.0 -9999.0 4.642374 3.242817 2.375078 0.162146 -0.018697 -0.006911 0.345950 1.631088 -0.016086 -0.223059 -0.010882 -0.098214 0.371345 -0.021604 -0.220927 -2.343830 -1.384840 -3.296943 -3.955936 -9999.0 -9999.0 -9999.0 -9999.0 -9999.0 -9999.0 -9999.0 -9999.0 -9999.0 -9999.0 -9999.0 -9999.0 -9999.0 -9999.0 -9999.0 -9999.0 -9999.0 -9999.0 -9999.0 -9999.0 -9999.0 -9999.0 -9999.0 -9999.0 -9999.0 -9999.0 -9999.0
-9999.0 -9999.0 -9999.0 -9999.0 -9999.0 -9999.0 -9999.0 -9999.0 -9999.0 -9999.0 -9999.0 -9999.0 -9999.0 0.151268 0.671134 2.807588 4.241961 7.123738 4.319983 2.118305 1.401681 0.968928 1.580922 1.718971 -0.028103 -0.070048 -1.416780 -2.564894 -0.432238 -0.018588 -1.397297 -0.769078 -2.619022 -3.138203 -3.832584 -4.126975 -9999.0 -9999.0 -9999.0 -9999.0 -9999.0 -9999.0 -9999.0 -9999.0 -9999.0 -9999.0 -9999.0 -9999.0 -9999.0 -9999.0 -9999.0 -9999.0 -9999.0 -9999.0 -9999.0 -9999.0 -9999.0 -9999.0 -9999.0 -9999.0 -9999.0 -9999.0 -9999.0
-9999.0 -9999.0 -9999.0 -9999.0 -9999.0 -9999.0 -9999.0 -9999.0 -9999.0 -9999.0 -9999.0 -9999.0 -9999.0 0.684991 2.598898 3.550548 3.472645 5.790220 7.154675 3.242236 3.402544 3.005708 1.668734 0.490382 0.064406 -0.009768 -0.428041 -3.037314 -2.186406 -1.573049 -2.796504 -1.805309 -2.711371 -7.203557 -3.652460 -9999.0 -9999.0 -9999.0 -9999.0 -9999.0 -9999.0 -9999.0 -9999.0 -9999.0 -9999.0 -9999.0 -9999.0 -9999.0 -9999.0 -9999.0 -9999.0 -9999.0 -9999.0 -9999.0 -9999.0 -9999.0 -9999.0 -9999.0 -9999.0 -9999.0 -9999.0 -9999.0 -9999.0
-9999.0 -9999.0 -9999.0 -9999.0 -9999.0 -9999.0 -9999.0 -9999.0 -9999.0 -9999.0 -9999.0 -9999.0 -9999.0 2.627101 2.461627 3.868759 3.052944 3.855158 7.472549 4.261325 3.488284 1.078505 -0.007845 -0.041588 0.014866 -0.004158 -0.209486 -2.557224 -3.059606 -6.388728 -2.879735 -7.691293 -7.999830 -9.633548 -4.310869 -9999.0 -9999.0 -9999.0 -9999.0 -9999.0 -9999.0 -9999.0 -9999.0 -9999.0 -9999.0 -9999.0 -9999.0 -9999.0 -9999.0 -9999.0 -9999.0 -9999.0 -9999.0 -9999.0 -9999.0 -9999.0 -9999.0 -9999.0 -9999.0 -9999.0 -9999.0 -9999.0 -9999.0
-9999.0 -9999.0 -9999.0 -9999.0 -9999.0 -9999.0 -9999.0 -9999.0 -9999.0 -9999.0 -9999.0 -9999.0 0.825417 1.887377 3.175603 1.206771 1.457294 3.356339 6.451008 4.094209 1.293665 -0.027843 -0.041443 -0.053289 -1.519625 -0.520738 -2.634098 -2.252310 -2.633034 -3.967039 -7.561267 -3.040436 -2.935726 -4.477976 -9999.0 -9999.0 -9999.0 -9999.0 -9999.0 -9999.0 -9999.0 -9999.0 -9999.0 -9999.0 -9999.0 -9999.0 -9999.0 -9999.0 -9999.0 -9999.0 -9999.0 -9999.0 -9999.0 -9999.0 -9999.0 -9999.0 -9999.0 -9999.0 -9999.0 -9999.0 -9999.0 -9999.0 -9999.0
-9999.0 -9999.0 -9999.0 -9999.0 -9999.0 -9999.0 -9999.0 -9999.0 -9999.0 -9999.0 -9999.0 0.212887 2.023219 1.499016 2.385062 1.761584 3.272206 3.539815 6.224724 4.911799 2.123030 0.866743 -0.089574 -0.180141 -1.556771 -2.370942 -2.703192 -3.063864 -2.437145 -3.890641 -3.115036 -2.555702 -3.836105 -3.534212 -3.977779 -3.649412 -2.886713 -1.606888 -3.120789 -9999.0 -9999.0 -9999.0 -3.648385 -9999.0 -9999.0 -9999.0 -9999.0 -9999.0 -9999.0 -9999.0 -9999.0 -9999.0 -9999.0 -9999.0 -9999.0 -9999.0 -9999.0 -9999.0 -9999.0 -9999.0 -9999.0 -9999.0 -9999.0
-9999.0 -9999.0 -9999.0 -9999.0 -9999.0 -9999.0 -9999.0 -9999.0 -9999.0 -9999.0 -9999.0 0.026635 2.163466 3.439127 4.177481 0.685813 5.711148 4.276385 6.517068 4.394094 3.397030 0.403285 -0.284931 -1.833575 -3.414109 -0.961724 -1.224484 -2.308404 -2.585135 -3.602164 -3.108479 -1.451542 -3.677793 -3.176110 -3.720134 -3.099708 -1.631704 -1.108934 -0.722774 -3.396866 -3.337521 -3.580960 -3.231405 -2.768862 -9999.0 -9999.0 -9999.0 -4.442647 -3.639259 -3.704883 -3.117901 -4.242599 -4.439225 -4.236885 -4.172072 -4.627545 -9999.0 -9999.0 -9999.0 -9999.0 -9999.0 -9999.0 -9999.0
-9999.0 -9999.0 -9999.0 -9999.0 -9999.0 -9999.0 -9999.0 -9999.0 -9999.0 -9999.0 -9999.0 -0.005230 0.137303 -0.005276 1.367660 1.299227 0.860678 3.578039 5.316887 4.392142 1.750991 -0.013946 -1.464635 -0.166618 -0.767379 -1.077827 -3.269193 -3.065597 -1.616358 -4.397044 -2.210785 -3.523436 -2.239491 -2.993822 -3.966953 -2.030615 -2.694288 -2.357769 -0.080712 -2.052959 -2.954760 -3.541536 -2.206494 -2.899434 -2.893450 -9999.0 -4.421548 -3.781619 -3.041054 -2.583659 -0.548382 -2.522116 -3.053464 -3.574320 -2.559678 -3.000904 -9999.0 -9999.0 -9999.0 -9999.0 -9999.0 -9999.0 -9999.0
-9999.0 -9999.0 -9999.0 -9999.0 -9999.0 -9999.0 -9999.0 -9999.0 -9999.0 -9999.0 -9999.0 -9999.0 -0.105955 -0.732535 0.537705 0.719370 0.202345 2.644189 5.896756 4.340756 1.829324 -0.004565 -1.512730 -2.821752 -2.245766 -1.635008 -0.131273 -0.459820 -3.463289 -2.719386 -1.702491 -3.314610 -0.409152 -3.719947 -4.012993 -2.788682 -3.304483 -2.215714 0.783034 -0.192103 -1.349950 -0.230983 -2.743445 -0.813891 -2.316898 -4.057710 -3.649481 -3.810552 -4.289228 -2.866800 -0.196356 -3.198405 -3.261896 -3.839120 -4.429079 -3.522347 -4.138445 -9999.0 -9999.0 -9999.0 -9999.0 -9999.0 -9999.0
-9999.0 -9999.0 -9999.0 -9999.0 -9999.0 -9999.0 -9999.0 -9999.0 -9999.0 -9999.0 -9999.0 -1.691456 -0.108744 0.109781 -1.018421 -0.006159 0.376815 1.856860 5.244137 3.913456 2.236134 0.251664 -0.061411 -1.548468 -1.611072 -2.044678 -2.719216 -2.212375 -2.318487 -0.692535 -3.330397 -2.495960 -0.673503 -3.479297 -3.549211 -2.988217 -0.786251 -2.632553 -0.016499 0.099066 -0.822213 -0.038030 -1.158094 -1.930990 -0.236602 -1.978065 -2.758143 -0.581171 -0.224350 -0.057683 -3.149555 -2.351093 -4.924483 -5.634991 -6.521587 -7.301834 -3.804509 -9999.0 -9999.0 -9999.0 -9999.0 -9999.0 -9999.0
-9999.0 -9999.0 -9999.0 -9999.0 -9999.0 -9999.0 -9999.0 -9999.0 -9999.0 -9999.0 -0.097711 -1.170544 -0.095108 -0.065901 0.166993 -0.122311 -0.208760 -0.019797 3.131388 3.562823 2.794870 1.620195 -0.517600 -0.008644 -0.118540 -1.778446 -1.629819 -4.351611 -0.527024 -0.109348 -1.948458 -2.043014 -0.824784 -3.287016 -4.233138 -2.225762 -1.488670 -3.027489 -0.760756 -0.004236 -0.004054 0.856191 3.347924 0.558191 -0.112271 -0.517161 -0.220301 -2.637859 -1.891711 -0.039236 -5.005320 -3.646006 -6.960956 -8.080616 -7.698340 -3.304990 -3.174992 -9999.0 -9999.0 -9999.0 -9999.0 -9999.0 -9999.0
-9999.0 -9999.0 -9999.0 -9999.0 -9999.0 -9999.0 -9999.0 -9999.0 -9999.0 -0.557159 -0.067658 -2.181572 -1.685340 -0.691796 -0.216243 -0.077760 -0.107444 1.232579 3.061764 3.676826 3.102462 0.320004 -0.015507 -0.004041 -0.012379 -1.406231 -2.430701 -0.109834 -0.560982 -0.397878 -0.007377 -1.608145 -1.785787 -7.281074 -3.317369 -2.419441 -1.861107 -3.446095 -1.450356 -1.449436 -1.188531 -0.374275 -0.410251 1.433404 0.553111 -0.066259 0.068123 -0.805920 -0.797462 -0.005931 -2.219841 -3.204498 -8.734340 -5.437475 -4.399671 -4.794591 -4.130138 -2.618607 -3.974633 -9999.0 -9999.0 -9999.0 -9999.0
-9999.0 -9999.0 -9999.0 -9999.0 -9999.0 -9999.0 -9999.0 -9999.0 -9999.0 -0.982170 -0.520625 -0.269584 0.365293 -0.027818 -0.148438 -0.710303 0.088879 -0.004020 3.638293 4.142684 3.708956 3.395099 1.831546 0.069824 -1.018361 -1.610715 -0.630313 -0.034737 -0.003516 0.107557 -0.012015 -1.981872 -2.801472 -2.973112 -3.111448 -2.195201 -1.401837 -0.308863 -0.704884 -0.624402 -2.960331 -1.584121 -0.415264 0.177221 1.953206 1.487373 1.132999 -0.004008 -0.029320 -0.004534 -2.860673 -5.174120 -5.405383 -6.362453 -4.496873 -5.830265 -3.876173 -2.956095 -1.237018 -9999.0 -9999.0 -9999.0 -9999.0
-9999.0 -9999.0 -9999.0 -9999.0 -9999.0 -9999.0 -9999.0 -9999.0 -9999.0 -9999.0 -1.600549 -0.115919 -1.183837 -0.652822 -0.019928 -0.097100 -0.032833 1.021039 4.430072 3.865061 3.764713 2.160898 -0.031082 -0.343274 -1.503147 -0.093618 -0.004691 0.451704 -0.010847 -1.536681 -1.880732 -2.902280 -3.457165 -2.780593 -2.231848 -0.671656 -0.310271 -0.541922 -1.383262 -3.054197 -1.667893 -0.092492 0.082934 -0.061717 -0.021697 -0.014211 0.870257 2.253498 1.851641 -0.005019 -1.813767 -3.816322 -4.530837 -5.325045 -6.317301 -3.078938 -2.426233 -1.707803 -1.488526 -0.052381 -9999.0 -9999.0 -9999.0
-9999.0 -9999.0 -9999.0 -9999.0 -9999.0 -9999.0 -9999.0 -9999.0 -9999.0 -9999.0 -3.450370 -0.209829 -0.108228 -0.049416 1.266473 -0.011306 -0.020132 2.133267 4.837337 4.947887 2.974315 0.889860 -0.039279 -0.187140 -0.095363 -0.001977 1.135055 -0.017038 -1.227991 -3.168464 -1.214154 -1.390436 -4.401495 -3.231448 -1.093899 -0.227417 -1.700122 -2.072932 -3.635892 -3.415720 -2.864618 -0.438057 -2.786801 -0.136208 -0.063393 -0.328842 -0.036358 -0.020972 2.194725 1.560099 -0.008713 -1.700880 -3.996918 -5.125304 -5.945162 -5.179250 -2.984652 -1.655209 0.788041 1.447183 -9999.0 -9999.0 -9999.0
-9999.0 -9999.0 -9999.0 -9999.0 -9999.0 -9999.0 -9999.0 -9999.0 -0.604254 -1.493175 -3.472749 -1.989994 -2.797186 -2.244651 -0.055132 1.208747 2.447025 4.386643 4.826220 5.438965 4.732598 3.562639 2.463526 0.616119 -0.004391 1.552754 1.433352 -0.749214 -1.600510 -3.094617 -6.760243 -3.057394 -2.163287 -3.811200 -2.758934 -0.529497 0.086651 -0.145035 -2.484289 -2.153565 -0.614341 -0.728953 -3.114651 -1.696964 -0.141202 -0.078963 -2.301229 -1.057480 -0.016008 1.738724 -0.003957 -0.671950 -4.135139 -5.585934 -4.810792 -3.534610 -2.312229 -0.052259 -0.003211 3.599675 -9999.0 -9999.0 -9999.0
-9999.0 -9999.0 -9999.0 -9999.0 -9999.0 -9999.0 -9999.0 -9999.0 -3.104076 -3.205844 -2.601140 -2.507385 -0.450129 -2.207996 -0.863666 -0.016088 1.447074 2.061531 5.155541 5.967367 6.949026 6.093819 5.037945 4.069096 2.919447 2.754712 0.491976 -0.423604 -4.366124 -3.372553 -3.296471 -1.593863 -2.673485 -1.266814 -0.174619 -0.122971 0.136823 -0.129181 -1.160256 -0.153695 -1.253987 -5.501242 -1.062400 -1.243073 -0.154093 -2.938388 -3.750408 -0.163093 -0.671806 1.171762 1.272372 -0.156605 -4.333537 -2.884237 -0.845092 -2.493557 -1.344301 -0.032129 1.999141 4.514219 5.877847 -9999.0 -9999.0
-9999.0 -9999.0 -9999.0 -9999.0 -9999.0 -9999.0 -9999.0 -9999.0 -1.370236 -0.699434 -2.167889 -3.393292 -1.994484 -2.879210 -1.507944 -0.731777 -0.011415 1.752053 5.064586 6.996314 6.429487 6.898015 6.526280 4.822631 4.290028 2.768504 -0.004260 -1.179525 -5.011717 -1.489712 -0.850943 -0.628025 -1.793486 -1.874418 -0.074551 -0.021244 -0.415603 1.233224 -0.039671 -2.672188 -0.576585 -0.545781 -0.745661 -0.807828 -1.652360 -0.796770 -2.207582 -0.868931 -1.967010 -0.026251 2.195980 -0.004165 -3.244116 -4.138505 -1.688181 -0.952629 0.544566 1.884987 4.128676 4.796361 5.140435 -9999.0 -9999.0
-9999.0 -9999.0 -9999.0 -9999.0 -9999.0 -9999.0 -9999.0 -9999.0 -3.422551 -0.654628 -2.047334 -4.767151 -0.189680 -1.656425 -1.816489 -0.005394 3.634172 4.853196 4.423192 5.344494 5.845741 6.216856 6.669899 6.036739 3.203158 0.620183 -0.070048 -1.930332 -0.117902 -2.544365 -1.434159 -2.320569 -0.019751 -0.906405 -0.190861 0.025134 1.501186 3.613932 0.279579 -0.045053 -0.129360 -0.098682 -0.715140 -0.162322 -0.360065 -0.541356 -0.499020 -0.305312 -0.502336 -1.185417 -0.022208 1.810897 -0.003823 -1.623839 0.007589 1.098066 2.692726 4.166996 5.231933 4.906493 3.963321 2.168606 -9999.0
-9999.0 -9999.0 -9999.0 -9999.0 -9999.0 -9999.0 -9999.0 -9999.0 -3.497761 -2.384811 -2.297297 -1.512385 -0.483251 -0.487579 0.472324 1.597596 2.799981 2.111465 0.383733 2.459618 4.372167 5.612004 5.846345 5.549143 3.348409 -0.016648 -1.040614 -0.070633 -0.017431 -0.620408 -0.365285 -0.004835 1.470306 0.509582 -0.004688 0.459818 1.872268 5.618668 5.070553 1.375510 -0.003978 -0.004889 -0.006653 -0.023844 -1.393934 -0.060668 -0.489194 -1.442747 -0.260549 -0.005464 0.836949 1.250663 1.570264 1.210529 1.659976 1.951519 2.859401 3.664598 4.289683 3.967031 3.732096 1.585540 -9999.0
-9999.0 -9999.0 -0.372941 -1.573708 -3.550401 -1.835315 -3.174951 -4.135504 -3.686482 -2.979106 -2.905328 -1.131229 -0.069778 -0.098056 1.824522 1.060606 -0.027419 -1.164281 -0.568839 -0.011428 2.332669 5.030167 4.493140 5.810534 3.618290 1.604887 -0.019430 -0.009368 1.710185 1.498518 -0.029342 0.131905 3.599998 2.870255 3.012978 4.174266 5.838792 7.914270 6.846960 4.142366 3.126484 3.030509 3.244974 1.704181 -0.015170 -0.005713 0.910952 1.047988 1.690865 2.649866 3.418174 3.146381 2.554344 2.096232 2.011211 3.969938 2.650789 3.033747 2.658473 2.972646 2.373041 0.830006 -9999.0
-9999.0 -1.860065 -2.935082 -2.865310 -1.611773 -2.747927 -2.285618 -2.773871 -3.758516 -3.663692 -1.876830 -0.793767 -0.004965 0.322163 1.005168 -0.343505 -1.488359 -1.832225 -1.578635 -0.024821 2.010934 3.840668 4.216972 4.351350 5.310750 3.349368 3.204452 3.322000 3.515176 2.280381 2.112852 2.199592 3.683482 5.798547 6.718746 7.722708 9.762875 10.865528 9.482531 7.608892 7.304888 7.083342 6.006326 4.379488 3.094434 3.478582 3.535451 5.538250 5.603417 5.635028 3.954359 3.170322 2.421652 1.669986 1.594733 1.128000 0.510101 0.855001 0.861899 1.140129 0.124625 0.629057 -9999.0
-9999.0 -0.073100 -1.171953 -1.071984 -0.026786 -0.795883 -2.466316 -3.290129 -2.937908 -3.090866 -2.413940 -1.178800 -0.004994 1.076234 -0.100364 -3.415250 -2.600199 -2.126403 -0.495364 -0.016902 1.594677 1.518004 2.497828 2.153268 4.494717 5.488086 5.134905 5.399711 4.942458 6.036409 6.225686 5.976751 5.542747 6.604278 8.552301 9.888511 13.125839 14.338777 12.488964 11.631900 10.814526 9.716808 8.958569 7.710486 7.635576 7.494365 6.771054 6.341635 5.602136 4.788173 3.118797 1.578953 0.623309 1.210585 0.435544 -0.045633 -0.745926 -0.069338 -0.042725 -0.184665 -0.036800 -9999.0 -9999.0
