user2019/resources/simulation/Vinschgau/output-maps/TL0002N0186.asc
ncols         63
nrows         48
xllcorner     598000.000000
yllcorner     5145000.000000
cellsize      1000.000000
NODATA_value  -9999.0
[rows 0 to 27 of 48, columns 0 to 61 of 63]
-9999.0 -9999.0 -9999.0 -9999.0 -9999.0 -9999.0 -9999.0 -9999.0 -9999.0 -9999.0 -9999.0 -9999.0 -9999.0 -9999.0 -9999.0 -9999.0 -9999.0 -9999.0 -9999.0 -9999.0 -9999.0 -9999.0 -9999.0 -9999.0 -9999.0 -9999.0 -9999.0 -9999.0 -9999.0 -9999.0 -9999.0 -9999.0 -9999.0 -9999.0 -9999.0 -9999.0 -9999.0 -9999.0 -9999.0 -9999.0 -9999.0 -9999.0 -9999.0 -9999.0 -9999.0 -9999.0 -9999.0 -9999.0 -9999.0 -9999.0 -9999.0 -9999.0 -9999.0 -9999.0 -9999.0 -9999.0 -9999.0 -9999.0 -9999.0 -9999.0 -9999.0 -9999.0
-9999.0 -9999.0 -9999.0 -9999.0 -9999.0 -9999.0 -9999.0 -9999.0 -9999.0 -9999.0 -9999.0 -9999.0 -9999.0 -9999.0 -9999.0 -9999.0 -9999.0 -9999.0 -9999.0 -9999.0 -9999.0 -9999.0 -9999.0 -9999.0 -9999.0 -9999.0 -9999.0 -3.622827 -3.715265 -4.517400 -4.919102 -5.823391 -5.981571 -9999.0 -9999.0 -9999.0 -9999.0 -9999.0 -9999.0 -9999.0 -9999.0 -9999.0 -9999.0 -9999.0 -9999.0 -9999.0 -9999.0 -9999.0 -9999.0 -9999.0 -9999.0 -9999.0 -9999.0 -9999.0 -9999.0 -9999.0 -9999.0 -9999.0 -9999.0 -9999.0 -9999.0 -9999.0
-9999.0 -9999.0 -9999.0 -9999.0 -9999.0 -9999.0 -9999.0 -9999.0 -9999.0 -9999.0 -9999.0 -9999.0 -9999.0 -9999.0 -9999.0 -9999.0 -9999.0 -9999.0 -9999.0 -9999.0 -9999.0 -9999.0 -9999.0 -9999.0 -1.023458 -2.505859 -3.217089 -3.888344 -3.124708 -4.229420 -4.282777 -9999.0 -9999.0 -9999.0 -9999.0 -9999.0 -9999.0 -9999.0 -9999.0 -9999.0 -9999.0 -9999.0 -9999.0 -9999.0 -9999.0 -9999.0 -9999.0 -9999.0 -9999.0 -9999.0 -9999.0 -9999.0 -9999.0 -9999.0 -9999.0 -9999.0 -9999.0 -9999.0 -9999.0 -9999.0 -9999.0 -9999.0
-9999.0 -9999.0 -9999.0 -9999.0 -9999.0 -9999.0 -9999.0 -9999.0 -9999.0 -9999.0 -9999.0 -9999.0 -9999.0 -9999.0 -9999.0 -9999.0 -9999.0 -9999.0 -9999.0 -9999.0 -9999.0 -9999.0 -9999.0 -2.154106 -1.190725 -0.032712 -0.027955 -0.051124 -1.233719 -4.825849 -4.703829 -3.305663 -9999.0 -9999.0 -9999.0 -9999.0 -9999.0 -9999.0 -9999.0 -9999.0 -9999.0 -9999.0 -9999.0 -9999.0 -9999.0 -9999.0 -9999.0 -9999.0 -9999.0 -9999.0 -9999.0 -9999.0 -9999.0 -9999.0 -9999.0 -9999.0 -9999.0 -9999.0 -9999.0 -9999.0 -9999.0 -9999.0
-9999.0 -9999.0 -9999.0 -9999.0 -9999.0 -9999.0 -9999.0 -9999.0 -9999.0 -9999.0 -9999.0 -9999.0 -9999.0 -9999.0 -9999.0 -9999.0 -9999.0 -9999.0 -0.024980 -0.101389 -9999.0 -1.101792 -0.448645 -0.027830 -0.027281 -5.072635 -1.409095 -1.455427 -1.564216 -0.974953 -5.002857 -4.395989 -5.439842 -6.155690 -9999.0 -9999.0 -9999.0 -9999.0 -9999.0 -9999.0 -9999.0 -9999.0 -9999.0 -9999.0 -9999.0 -9999.0 -9999.0 -9999.0 -9999.0 -9999.0 -9999.0 -9999.0 -9999.0 -9999.0 -9999.0 -9999.0 -9999.0 -9999.0 -9999.0 -9999.0 -9999.0 -9999.0
-9999.0 -9999.0 -9999.0 -9999.0 -9999.0 -9999.0 -9999.0 -9999.0 -9999.0 -9999.0 -9999.0 -9999.0 -9999.0 -9999.0 -9999.0 -9999.0 -9999.0 0.523381 -4.057406 -2.383594 -2.785393 -0.240508 -0.088731 -1.697355 -1.040789 -3.739734 -2.753259 -1.267013 -3.293440 -1.462776 -1.554965 -5.026834 -5.001269 -5.657774 -5.267277 -6.923043 -9999.0 -9999.0 -9999.0 -9999.0 -9999.0 -9999.0 -9999.0 -9999.0 -9999.0 -9999.0 -9999.0 -9999.0 -9999.0 -9999.0 -9999.0 -9999.0 -9999.0 -9999.0 -9999.0 -9999.0 -9999.0 -9999.0 -9999.0 -9999.0 -9999.0 -9999.0
-9999.0 -9999.0 -9999.0 -9999.0 -9999.0 -9999.0 -9999.0 -9999.0 -9999.0 -9999.0 -9999.0 -9999.0 -9999.0 -2.051821 -0.418828 -0.951015 -1.002996 -2.381088 0.307327 -0.048102 -0.718705 -0.082520 -2.886386 -1.276939 -3.942813 -3.448471 -4.413091 -3.196374 -3.867910 -1.664471 -2.078782 -3.972266 -4.839810 -6.963986 -7.375008 -7.557631 -9999.0 -9999.0 -9999.0 -9999.0 -9999.0 -9999.0 -9999.0 -9999.0 -9999.0 -9999.0 -9999.0 -9999.0 -9999.0 -9999.0 -9999.0 -9999.0 -9999.0 -9999.0 -9999.0 -9999.0 -9999.0 -9999.0 -9999.0 -9999.0 -9999.0 -9999.0
-9999.0 -9999.0 -9999.0 -9999.0 -9999.0 -9999.0 -9999.0 -9999.0 -9999.0 -9999.0 -9999.0 -9999.0 -9999.0 -0.472046 -0.033212 -0.549312 -0.633653 -0.572347 -2.744024 -4.158858 -4.674341 -3.659787 -1.202537 -2.134966 -1.413011 -2.937109 -4.239673 -5.977242 -6.290677 -4.349526 -2.717454 -6.716776 -7.369291 -7.964383 -7.957265 -9999.0 -9999.0 -9999.0 -9999.0 -9999.0 -9999.0 -9999.0 -9999.0 -9999.0 -9999.0 -9999.0 -9999.0 -9999.0 -9999.0 -9999.0 -9999.0 -9999.0 -9999.0 -9999.0 -9999.0 -9999.0 -9999.0 -9999.0 -9999.0 -9999.0 -9999.0 -9999.0
-9999.0 -9999.0 -9999.0 -9999.0 -9999.0 -9999.0 -9999.0 -9999.0 -9999.0 -9999.0 -9999.0 -9999.0 -9999.0 -0.227831 -0.022360 -0.242219 -0.537342 -1.091657 -2.616949 -2.263261 -0.947678 -4.441265 -1.952840 -1.744939 -1.054324 -1.094024 -4.087560 -6.180849 -4.325446 -6.924389 -6.454908 -7.854409 -7.839454 -8.402424 -8.195035 -9999.0 -9999.0 -9999.0 -9999.0 -9999.0 -9999.0 -9999.0 -9999.0 -9999.0 -9999.0 -9999.0 -9999.0 -9999.0 -9999.0 -9999.0 -9999.0 -9999.0 -9999.0 -9999.0 -9999.0 -9999.0 -9999.0 -9999.0 -9999.0 -9999.0 -9999.0 -9999.0
-9999.0 -9999.0 -9999.0 -9999.0 -9999.0 -9999.0 -9999.0 -9999.0 -9999.0 -9999.0 -9999.0 -9999.0 -0.374015 -0.024549 -0.232240 -3.061969 -0.271285 -0.684922 -1.568840 -2.985888 -0.966825 -2.598924 -2.796937 -1.360143 -1.081102 -5.566192 -1.474666 -3.285493 -4.314208 -6.363464 -6.776533 -5.178730 -6.092074 -7.500006 -9999.0 -9999.0 -9999.0 -9999.0 -9999.0 -9999.0 -9999.0 -9999.0 -9999.0 -9999.0 -9999.0 -9999.0 -9999.0 -9999.0 -9999.0 -9999.0 -9999.0 -9999.0 -9999.0 -9999.0 -9999.0 -9999.0 -9999.0 -9999.0 -9999.0 -9999.0 -9999.0 -9999.0
-9999.0 -9999.0 -9999.0 -9999.0 -9999.0 -9999.0 -9999.0 -9999.0 -9999.0 -9999.0 -9999.0 -0.968810 -0.880807 -0.197971 -2.405255 -2.194324 -4.323311 -0.685669 -1.568180 -2.994864 -2.872721 -0.025039 -2.595390 -4.364739 -2.842418 -3.183878 -5.884430 -3.014136 -3.190069 -6.933880 -4.613629 -5.122329 -5.902094 -7.868179 -7.842595 -8.866831 -9.954854 -9.679975 -9.516689 -9999.0 -9999.0 -9999.0 -7.978036 -9999.0 -9999.0 -9999.0 -9999.0 -9999.0 -9999.0 -9999.0 -9999.0 -9999.0 -9999.0 -9999.0 -9999.0 -9999.0 -9999.0 -9999.0 -9999.0 -9999.0 -9999.0 -9999.0
-9999.0 -9999.0 -9999.0 -9999.0 -9999.0 -9999.0 -9999.0 -9999.0 -9999.0 -9999.0 -9999.0 -1.758322 -0.972334 -0.829911 -0.830877 -3.395042 -0.389568 -0.479193 -1.509466 -0.444176 -0.026163 -0.117982 -1.558873 -2.654242 -2.664964 -4.099584 -3.401288 -3.479192 -3.931056 -6.157443 -4.471596 -5.355489 -6.824725 -6.361742 -8.293436 -9.043573 -8.580377 -1.538907 -2.298546 -11.637749 -11.013494 -9.936216 -7.859771 -6.985917 -9999.0 -9999.0 -9999.0 -0.211759 -1.040940 -0.995100 -0.943195 -0.985902 -1.091338 -0.105908 -0.109044 -1.015216 -9999.0 -9999.0 -9999.0 -9999.0 -9999.0 -9999.0
-9999.0 -9999.0 -9999.0 -9999.0 -9999.0 -9999.0 -9999.0 -9999.0 -9999.0 -9999.0 -9999.0 -1.287075 -1.735284 -3.681294 -0.955696 -3.108761 -0.291217 -1.201302 -1.852720 -1.664032 -0.062878 -0.215974 -0.196219 -1.624699 -4.693027 -4.012748 -1.745046 -3.664489 -5.376494 -4.498873 -6.161048 -5.413307 -5.479481 -7.319199 -8.842665 -9.648964 -1.062894 -0.067907 -0.514201 -4.818053 -9.405624 -10.430831 -7.144113 -6.806900 -4.413015 -9999.0 -4.080383 -1.026726 -0.699973 -0.340258 -0.282722 -0.650843 -0.130926 -0.054665 -0.067326 -0.095034 -9999.0 -9999.0 -9999.0 -9999.0 -9999.0 -9999.0
-9999.0 -9999.0 -9999.0 -9999.0 -9999.0 -9999.0 -9999.0 -9999.0 -9999.0 -9999.0 -9999.0 -9999.0 -1.196239 -0.995051 -0.334221 -0.705553 -0.996538 -1.544844 -1.669783 -1.794838 -0.475814 -0.132589 -0.031324 -0.214027 -3.539074 -1.053584 -0.023795 -4.992967 -4.325349 -4.035493 -3.736844 -5.051766 -5.899844 -6.692274 -8.601044 -10.355340 -2.417592 -0.738732 -0.396097 -3.374248 -8.268388 -8.085315 -6.907933 -2.634986 -5.650577 -2.533256 -2.418076 -1.058560 -1.222986 -1.508987 -0.579326 -0.964426 -0.182012 -0.224310 -1.108712 -1.152236 -0.289991 -9999.0 -9999.0 -9999.0 -9999.0 -9999.0
-9999.0 -9999.0 -9999.0 -9999.0 -9999.0 -9999.0 -9999.0 -9999.0 -9999.0 -9999.0 -9999.0 -0.759671 -2.314063 -2.580258 -0.193049 -0.192901 -0.217673 -2.529669 -0.350887 0.989068 -2.057044 -0.025915 -0.868301 -2.574031 -0.724119 -0.042612 -1.016962 -4.991072 -3.586156 -4.249005 -3.202687 -3.818553 -4.079285 -6.350812 -9.033664 -9.989242 -12.343212 -1.733735 -0.045646 -0.361073 -6.237401 -2.997333 -5.057749 -5.582986 -0.960881 -2.660556 -1.157325 -2.573531 -0.949402 -3.790320 -3.151167 -2.847473 -1.344093 -3.888842 -2.963341 -3.689670 -1.019128 -9999.0 -9999.0 -9999.0 -9999.0 -9999.0
-9999.0 -9999.0 -9999.0 -9999.0 -9999.0 -9999.0 -9999.0 -9999.0 -9999.0 -9999.0 -0.389469 -0.605289 -0.515693 -1.830210 -0.129726 -0.038947 -2.579821 -1.092746 -0.276896 -1.828318 -0.967645 -0.224360 -0.052622 -0.024410 -0.032502 -0.966785 -3.677413 -5.243799 -1.132513 -0.073391 -0.594971 -3.520218 -4.592560 -6.635865 -9.027067 -9.268241 -9.391356 -2.412986 -0.041348 -0.008032 0.013981 -5.206444 -5.595991 0.504476 -2.701673 -5.084817 -0.730674 -2.729875 -0.335137 -2.221532 -2.602685 -3.714940 -3.546102 -3.916202 -3.489048 -0.100210 -0.097626 -9999.0 -9999.0 -9999.0 -9999.0 -9999.0
-9999.0 -9999.0 -9999.0 -9999.0 -9999.0 -9999.0 -9999.0 -9999.0 -9999.0 -2.667428 -0.476026 -0.560325 -0.038246 -0.556886 -0.078752 -1.872913 -1.976358 -0.054498 -2.678907 0.867197 -1.990720 -1.807341 -1.768576 -2.959081 -0.999874 -3.930170 -3.271336 -0.047895 -0.928275 -0.591295 -4.329112 -5.173271 -7.064436 -7.686348 -7.268078 -8.414282 -7.793921 -8.559344 -8.721334 -8.188002 -0.050855 -6.189266 -6.095307 0.691123 -5.138701 -3.934309 -0.368418 -2.342838 -2.378294 -0.449043 -2.282719 -1.051035 -4.194443 -2.627782 -1.045057 -1.002762 -0.120293 -0.861740 -1.042862 -9999.0 -9999.0 -9999.0
-9999.0 -9999.0 -9999.0 -9999.0 -9999.0 -9999.0 -9999.0 -9999.0 -9999.0 -2.886103 -2.437739 -2.395092 -0.024046 -0.037193 -0.308657 -0.469507 -0.033653 -0.029012 -3.490336 -2.347021 -2.371066 -3.246957 -0.499690 -0.356542 -3.489175 -0.892353 -0.031539 -0.787765 -4.671382 -1.277621 -3.904549 -5.288442 -5.137500 -4.403444 -5.347170 -6.455837 -7.619665 -7.495854 -7.592805 -6.036709 -1.702321 -5.810155 -3.390053 -5.248964 0.669815 -0.013099 -0.075945 -5.045937 -0.393181 -3.011203 -1.720466 -1.186847 -2.497544 -1.803999 -3.356657 -0.369998 -0.402197 -0.122531 -0.634867 -9999.0 -9999.0 -9999.0
-9999.0 -9999.0 -9999.0 -9999.0 -9999.0 -9999.0 -9999.0 -9999.0 -9999.0 -9999.0 -2.381202 -2.316210 -1.376908 -0.331844 -0.117050 -0.249677 -0.092717 -0.401730 1.107771 -0.306751 -1.124298 -2.295584 -0.818962 -0.627266 -0.973740 -0.760548 -5.058917 -3.031381 -3.112545 -3.442040 -4.131466 -1.225308 -4.954693 -5.363884 -4.258814 -3.445832 -2.565912 -4.815584 -6.509504 -6.518724 -6.753695 -2.893834 -3.888526 -3.160112 -5.230576 -6.569969 -4.665673 -1.437885 -0.001421 -3.772644 -1.793771 -0.641229 -1.082180 -2.234967 -1.286165 -2.296939 -1.137034 -0.034647 -0.032248 -0.023619 -9999.0 -9999.0
-9999.0 -9999.0 -9999.0 -9999.0 -9999.0 -9999.0 -9999.0 -9999.0 -9999.0 -9999.0 -2.442209 -2.364109 -1.024477 -0.751063 -0.074224 -0.043587 -0.033182 -2.380388 1.321686 0.487607 -2.610311 -3.387224 -1.416109 -0.030757 -0.031592 -3.435692 -0.003671 -2.397990 -3.066194 -5.280303 -5.098506 -1.555977 -5.187892 -5.286230 -5.249895 -4.252027 -3.555462 -4.594332 -5.336449 -5.026183 -2.673347 -2.965642 -2.088694 -4.361158 -1.004541 -2.100896 -1.105285 -4.156565 0.055315 -5.038654 -2.968369 -0.557260 -0.752114 -1.071718 -1.434027 -1.088360 -2.219911 -0.272344 -4.833598 -3.645358 -9999.0 -9999.0
-9999.0 -9999.0 -9999.0 -9999.0 -9999.0 -9999.0 -9999.0 -9999.0 -0.273589 -0.616481 -3.018820 -1.081960 -1.574473 -1.683878 -0.809415 -2.463932 -4.143609 -0.590495 0.684944 0.688759 1.288045 0.295069 -0.003900 -3.376264 -3.558927 0.381292 -1.320652 -3.059928 -1.731280 -3.835998 -6.444521 -4.683231 -3.851036 -3.341198 -1.900984 -5.728166 -1.608167 -3.890466 -5.190191 -3.400150 -4.600922 -3.412919 -4.975394 -5.420836 -1.625601 -0.990484 -3.473336 -1.019046 -3.842450 -2.886322 -0.267719 -0.618526 -0.791129 -1.154026 -1.072103 -0.063495 -0.713595 -0.034275 -1.078716 -0.116097 -9999.0 -9999.0
-9999.0 -9999.0 -9999.0 -9999.0 -9999.0 -9999.0 -9999.0 -9999.0 -3.052216 -0.263407 -3.234870 -3.928565 -2.734199 -0.825134 -0.816338 -0.894264 -0.191307 -0.949396 1.313878 0.884520 0.099850 0.159821 -0.001119 -2.498430 0.205786 0.771728 -2.283836 -2.367969 -4.624733 -2.199456 -2.090663 -3.765969 -1.504000 -2.511900 -0.983816 -0.939208 -1.506116 -2.100431 -3.426481 -0.899125 -3.771051 -5.765503 -4.751280 -0.806976 -0.398438 -1.081042 -3.848845 -3.035974 -1.547511 -1.460380 -5.609358 -0.166333 -0.967004 -0.072264 -0.338842 -0.273431 -0.031242 -0.369739 -2.895632 0.068438 0.045939 -9999.0
-9999.0 -9999.0 -9999.0 -9999.0 -9999.0 -9999.0 -9999.0 -9999.0 -2.887740 -1.577191 -0.284587 -3.270778 -0.821790 -3.824138 -0.135156 -0.367629 -5.004947 -3.742428 1.314778 0.056933 1.054899 0.196870 0.195690 0.335301 0.037855 -2.913921 -1.375187 -2.819467 -5.506818 -3.176890 -3.438076 -0.275512 -3.329592 -3.661308 -0.951881 -0.053261 -1.096591 -3.171436 -2.963664 -1.923802 -1.491497 -1.988952 -1.023177 -1.126324 -1.463266 -1.872889 -1.024148 -0.230625 -1.157679 -3.003996 -0.001476 -4.829317 -1.206135 -1.609254 -3.744620 -2.717746 -4.207804 -0.119938 -0.002348 -0.001016 0.056619 -9999.0
-9999.0 -9999.0 -9999.0 -9999.0 -9999.0 -9999.0 -9999.0 -9999.0 -5.168083 -1.618290 -0.037972 -3.903416 -0.068143 -0.049842 -0.032631 -4.859682 0.553487 1.179520 -1.006543 1.635824 0.400702 0.831836 0.201273 0.001850 -0.566498 -0.156169 -0.766457 -2.530178 -0.034778 -0.030988 -2.440653 -2.096389 -0.687741 -0.038196 -2.681145 -1.021852 -1.092103 -0.159827 -2.955548 -2.567694 -1.123616 -0.811128 -0.633361 -2.561174 -0.900377 -0.940499 -0.436387 -0.722130 -0.300489 -1.489420 -1.268720 -0.003727 -5.448826 -2.277025 -4.657645 -3.667460 -0.169384 -0.087714 0.497591 0.057235 -0.001703 -0.220473
-9999.0 -9999.0 -9999.0 -9999.0 -9999.0 -9999.0 -9999.0 -9999.0 -1.762934 -0.943444 -0.178080 -0.031084 -0.030804 -3.043261 -2.264384 -2.650798 -2.750158 -3.488230 -1.194618 -1.001210 0.738791 0.549598 0.476641 0.142471 -2.703243 -0.041971 -0.227663 -0.031508 -1.901414 -0.258330 -1.141228 -0.028043 -4.607570 -0.079560 -2.107705 -1.650874 -0.403261 -0.363031 -2.730132 -0.909195 -2.416261 -1.661585 -0.095997 -1.459641 -2.394432 -0.352876 -1.300809 -0.052955 -0.041139 -4.798179 -5.911131 -3.957204 -0.037316 -1.391343 -3.229844 -0.962075 -0.002211 -0.001035 -0.001929 -0.001995 -4.015551 -0.054091
-9999.0 -9999.0 -1.985605 -0.627778 -0.857981 -1.262934 -0.526695 -1.892266 -0.640243 -1.028844 -0.865105 -0.860917 -0.036445 -0.363001 -4.314295 -1.765352 -3.906434 -1.651892 -1.019973 -0.928360 -0.946835 1.110009 0.292920 0.806677 -0.006811 -4.741932 -2.705023 -3.512294 -2.036702 -0.713622 -0.033422 -0.028343 -1.353533 -3.562080 -4.567704 -3.417120 -4.534143 -2.077005 -2.211026 -0.227730 -0.637511 -3.915813 -4.065327 -0.544374 -0.157372 -0.035073 -4.799984 -3.977352 -3.769103 -0.012178 -0.007390 -0.072353 -0.003025 -0.005194 -0.032109 -2.536080 -1.778234 -0.207059 -5.036745 -4.452045 -0.062501 -0.047660
-9999.0 -0.303536 -0.264186 -0.332822 -0.340060 -0.327143 -0.940768 -1.106688 -1.305671 -1.778918 -0.961698 -0.159472 -0.068707 -0.062463 -0.298265 -0.835583 -0.978582 -1.023718 -0.061671 -0.106678 -1.825683 0.176485 -0.028408 0.408372 -0.007520 -0.002364 -0.091590 -0.071820 -0.001078 -1.748583 -2.942903 -4.582388 -2.113214 -0.759558 -3.935357 -0.600670 -2.443486 -0.248834 -2.003488 -2.504690 -4.005934 -2.286434 -2.309048 -4.057299 -5.305301 -2.668874 -0.002017 0.517749 -0.001152 -0.003398 -0.000936 -0.001543 -2.473402 -3.257423 -3.442225 -4.267449 -1.230302 -1.003869 -0.423677 -0.179723 -0.058695 -0.036030
-9999.0 -0.919657 -0.119808 -0.029858 -0.023141 -0.123887 -0.563890 -2.076026 -0.851051 -2.278231 -0.638163 -0.027935 -0.146438 -0.225393 -2.646909 -1.117012 -1.549550 -1.606624 -0.026959 -0.126231 -0.383185 -1.472475 -0.002138 -0.164185 -0.362535 -0.008350 0.732675 0.243911 0.282974 1.127550 1.066810 0.712964 -0.001123 -0.001308 -0.047460 -0.001949 -0.237383 0.020929 -0.002529 -0.002386 -0.001179 -0.000952 -0.001005 0.695722 1.002906 1.200257 0.463245 0.310907 0.122220 -0.000730 -0.002262 -5.273242 -1.258588 -4.758898 -2.090650 -0.594401 -0.695182 -0.274806 -0.283289 -0.082002 -0.078196 -9999.0
