user2019/resources/simulation/Vinschgau/output-maps/TL0001N0189.asc
ncols         63
nrows         48
xllcorner     598000.000000
yllcorner     5145000.000000
cellsize      1000.000000
NODATA_value  -9999.0
[rows 0 to 27 of 48, columns 0 to 61 of 63]
-9999.0 -9999.0 -9999.0 -9999.0 -9999.0 -9999.0 -9999.0 -9999.0 -9999.0 -9999.0 -9999.0 -9999.0 -9999.0 -9999.0 -9999.0 -9999.0 -9999.0 -9999.0 -9999.0 -9999.0 -9999.0 -9999.0 -9999.0 -9999.0 -9999.0 -9999.0 -9999.0 -9999.0 -9999.0 -9999.0 -9999.0 -9999.0 -9999.0 -9999.0 -9999.0 -9999.0 -9999.0 -9999.0 -9999.0 -9999.0 -9999.0 -9999.0 -9999.0 -9999.0 -9999.0 -9999.0 -9999.0 -9999.0 -9999.0 -9999.0 -9999.0 -9999.0 -9999.0 -9999.0 -9999.0 -9999.0 -9999.0 -9999.0 -9999.0 -9999.0 -9999.0 -9999.0
-9999.0 -9999.0 -9999.0 -9999.0 -9999.0 -9999.0 -9999.0 -9999.0 -9999.0 -9999.0 -9999.0 -9999.0 -9999.0 -9999.0 -9999.0 -9999.0 -9999.0 -9999.0 -9999.0 -9999.0 -9999.0 -9999.0 -9999.0 -9999.0 -9999.0 -9999.0 -9999.0 -3.720581 -3.917369 -4.665394 -5.009434 -5.912167 -6.067762 -9999.0 -9999.0 -9999.0 -9999.0 -9999.0 -9999.0 -9999.0 -9999.0 -9999.0 -9999.0 -9999.0 -9999.0 -9999.0 -9999.0 -9999.0 -9999.0 -9999.0 -9999.0 -9999.0 -9999.0 -9999.0 -9999.0 -9999.0 -9999.0 -9999.0 -9999.0 -9999.0 -9999.0 -9999.0
-9999.0 -9999.0 -9999.0 -9999.0 -9999.0 -9999.0 -9999.0 -9999.0 -9999.0 -9999.0 -9999.0 -9999.0 -9999.0 -9999.0 -9999.0 -9999.0 -9999.0 -9999.0 -9999.0 -9999.0 -9999.0 -9999.0 -9999.0 -9999.0 -1.063083 -2.755137 -3.461419 -4.101031 -3.351684 -4.365573 -4.410182 -9999.0 -9999.0 -9999.0 -9999.0 -9999.0 -9999.0 -9999.0 -9999.0 -9999.0 -9999.0 -9999.0 -9999.0 -9999.0 -9999.0 -9999.0 -9999.0 -9999.0 -9999.0 -9999.0 -9999.0 -9999.0 -9999.0 -9999.0 -9999.0 -9999.0 -9999.0 -9999.0 -9999.0 -9999.0 -9999.0 -9999.0
-9999.0 -9999.0 -9999.0 -9999.0 -9999.0 -9999.0 -9999.0 -9999.0 -9999.0 -9999.0 -9999.0 -9999.0 -9999.0 -9999.0 -9999.0 -9999.0 -9999.0 -9999.0 -9999.0 -9999.0 -9999.0 -9999.0 -9999.0 -2.306172 -1.584533 -0.026713 -0.018586 -0.027251 -1.391081 -5.088174 -4.894543 -3.488129 -9999.0 -9999.0 -9999.0 -9999.0 -9999.0 -9999.0 -9999.0 -9999.0 -9999.0 -9999.0 -9999.0 -9999.0 -9999.0 -9999.0 -9999.0 -9999.0 -9999.0 -9999.0 -9999.0 -9999.0 -9999.0 -9999.0 -9999.0 -9999.0 -9999.0 -9999.0 -9999.0 -9999.0 -9999.0 -9999.0
-9999.0 -9999.0 -9999.0 -9999.0 -9999.0 -9999.0 -9999.0 -9999.0 -9999.0 -9999.0 -9999.0 -9999.0 -9999.0 -9999.0 -9999.0 -9999.0 -9999.0 -9999.0 -0.017955 -0.065971 -9999.0 -1.269590 -0.771427 -0.025490 -0.054997 -2.809275 -1.504189 -1.556337 -0.777421 -1.241163 -5.193309 -4.544882 -5.600027 -6.351550 -9999.0 -9999.0 -9999.0 -9999.0 -9999.0 -9999.0 -9999.0 -9999.0 -9999.0 -9999.0 -9999.0 -9999.0 -9999.0 -9999.0 -9999.0 -9999.0 -9999.0 -9999.0 -9999.0 -9999.0 -9999.0 -9999.0 -9999.0 -9999.0 -9999.0 -9999.0 -9999.0 -9999.0
-9999.0 -9999.0 -9999.0 -9999.0 -9999.0 -9999.0 -9999.0 -9999.0 -9999.0 -9999.0 -9999.0 -9999.0 -9999.0 -9999.0 -9999.0 -9999.0 -9999.0 0.846141 -2.358845 -2.604451 -2.887964 -0.171093 -0.080174 -0.890102 -0.537256 -3.896771 -2.946505 -1.352468 -3.466091 -1.560923 -1.932444 -5.137327 -5.123983 -5.930859 -5.416838 -7.002791 -9999.0 -9999.0 -9999.0 -9999.0 -9999.0 -9999.0 -9999.0 -9999.0 -9999.0 -9999.0 -9999.0 -9999.0 -9999.0 -9999.0 -9999.0 -9999.0 -9999.0 -9999.0 -9999.0 -9999.0 -9999.0 -9999.0 -9999.0 -9999.0 -9999.0 -9999.0
-9999.0 -9999.0 -9999.0 -9999.0 -9999.0 -9999.0 -9999.0 -9999.0 -9999.0 -9999.0 -9999.0 -9999.0 -9999.0 -2.196543 -0.490722 -0.428964 -0.892414 -1.160117 0.423329 -0.096669 -0.301820 -0.080355 -1.406764 -0.601262 -4.168920 -3.591822 -4.534492 -3.356033 -4.027695 -1.867652 -2.303121 -4.136892 -4.969741 -7.082923 -7.448338 -7.645919 -9999.0 -9999.0 -9999.0 -9999.0 -9999.0 -9999.0 -9999.0 -9999.0 -9999.0 -9999.0 -9999.0 -9999.0 -9999.0 -9999.0 -9999.0 -9999.0 -9999.0 -9999.0 -9999.0 -9999.0 -9999.0 -9999.0 -9999.0 -9999.0 -9999.0 -9999.0
-9999.0 -9999.0 -9999.0 -9999.0 -9999.0 -9999.0 -9999.0 -9999.0 -9999.0 -9999.0 -9999.0 -9999.0 -9999.0 -0.592402 -0.022439 -0.655734 -0.715811 -0.334519 -1.317299 -2.371910 -2.618930 -3.653356 -1.219256 -2.364354 -1.694358 -3.106431 -4.330780 -6.057547 -6.368105 -4.488030 -2.899880 -6.831318 -7.427218 -8.036914 -8.034787 -9999.0 -9999.0 -9999.0 -9999.0 -9999.0 -9999.0 -9999.0 -9999.0 -9999.0 -9999.0 -9999.0 -9999.0 -9999.0 -9999.0 -9999.0 -9999.0 -9999.0 -9999.0 -9999.0 -9999.0 -9999.0 -9999.0 -9999.0 -9999.0 -9999.0 -9999.0 -9999.0
-9999.0 -9999.0 -9999.0 -9999.0 -9999.0 -9999.0 -9999.0 -9999.0 -9999.0 -9999.0 -9999.0 -9999.0 -9999.0 -0.171888 -0.028968 -0.281699 -0.649017 -0.876841 -1.296765 -1.474504 -1.042376 -4.559886 -2.181399 -1.924043 -1.146173 -1.135059 -4.222936 -6.257691 -4.454361 -6.997017 -6.554460 -7.951110 -7.913840 -8.483212 -8.244360 -9999.0 -9999.0 -9999.0 -9999.0 -9999.0 -9999.0 -9999.0 -9999.0 -9999.0 -9999.0 -9999.0 -9999.0 -9999.0 -9999.0 -9999.0 -9999.0 -9999.0 -9999.0 -9999.0 -9999.0 -9999.0 -9999.0 -9999.0 -9999.0 -9999.0 -9999.0 -9999.0
-9999.0 -9999.0 -9999.0 -9999.0 -9999.0 -9999.0 -9999.0 -9999.0 -9999.0 -9999.0 -9999.0 -9999.0 -0.497700 -0.017016 -0.270235 -3.193176 -0.362793 -0.741757 -1.001161 -1.639131 -1.157818 -2.742468 -2.929826 -1.517651 -1.221602 -5.656057 -1.636171 -3.438285 -4.388527 -6.447202 -6.864002 -5.352597 -6.122392 -7.571115 -9999.0 -9999.0 -9999.0 -9999.0 -9999.0 -9999.0 -9999.0 -9999.0 -9999.0 -9999.0 -9999.0 -9999.0 -9999.0 -9999.0 -9999.0 -9999.0 -9999.0 -9999.0 -9999.0 -9999.0 -9999.0 -9999.0 -9999.0 -9999.0 -9999.0 -9999.0 -9999.0 -9999.0
-9999.0 -9999.0 -9999.0 -9999.0 -9999.0 -9999.0 -9999.0 -9999.0 -9999.0 -9999.0 -9999.0 -0.988534 -1.047811 -0.273949 -2.539441 -2.301163 -4.405012 -0.834768 -0.955362 -1.896899 -2.627601 -0.016939 -2.755944 -4.465701 -3.009350 -3.321173 -5.987355 -3.154332 -3.497717 -7.008645 -4.721936 -5.329987 -6.082765 -7.912247 -7.975460 -8.916869 -9.211486 -8.257580 -7.560812 -9999.0 -9999.0 -9999.0 -8.094084 -9999.0 -9999.0 -9999.0 -9999.0 -9999.0 -9999.0 -9999.0 -9999.0 -9999.0 -9999.0 -9999.0 -9999.0 -9999.0 -9999.0 -9999.0 -9999.0 -9999.0 -9999.0 -9999.0
-9999.0 -9999.0 -9999.0 -9999.0 -9999.0 -9999.0 -9999.0 -9999.0 -9999.0 -9999.0 -9999.0 -1.887697 -1.027228 -0.912996 -0.841671 -3.488258 -0.590768 -0.512315 -0.989313 -0.192041 -0.035057 -0.233818 -1.743346 -2.785030 -2.815562 -4.207383 -3.561066 -3.657875 -4.065904 -6.235678 -4.866371 -5.638245 -6.931432 -6.494395 -8.498170 -8.580996 -6.406566 0.507089 0.124831 -9.663134 -9.362546 -9.994834 -7.632820 -7.109125 -9999.0 -9999.0 -9999.0 -0.215908 -0.969590 -0.968486 -0.847251 -0.879086 -1.022753 -0.097691 -0.108593 -0.984764 -9999.0 -9999.0 -9999.0 -9999.0 -9999.0 -9999.0
-9999.0 -9999.0 -9999.0 -9999.0 -9999.0 -9999.0 -9999.0 -9999.0 -9999.0 -9999.0 -9999.0 -1.406270 -1.857289 -3.806139 -0.976814 -3.208895 -0.477367 -1.235484 -1.175256 -0.891151 -0.092362 -0.323312 -0.158229 -1.789023 -4.773038 -4.133061 -1.996299 -3.832837 -5.471937 -4.610652 -6.251755 -5.646125 -5.855042 -7.514075 -8.923306 -7.736145 -0.848540 -0.385642 1.938096 -0.561428 -6.927771 -9.095612 -6.511181 -7.028281 -4.641536 -9999.0 -4.133864 -0.970808 -0.621205 -0.304939 -0.172838 -0.497755 -0.092374 -0.044968 -0.063136 -0.094542 -9999.0 -9999.0 -9999.0 -9999.0 -9999.0 -9999.0
-9999.0 -9999.0 -9999.0 -9999.0 -9999.0 -9999.0 -9999.0 -9999.0 -9999.0 -9999.0 -9999.0 -9999.0 -1.281485 -1.030841 -0.361854 -0.733742 -1.313165 -1.632708 -1.011663 -0.960680 -0.287980 -0.095308 -0.019955 -0.151138 -3.668052 -1.114339 -0.022257 -5.092291 -4.443020 -4.214369 -4.074562 -5.320607 -6.069876 -6.864082 -8.735661 -9.889382 -2.777901 -1.328392 2.170674 -0.094489 -6.412328 -5.356411 -4.513356 -2.602663 -5.958349 -2.740765 -2.558442 -1.025992 -1.417574 -1.803102 -0.735980 -0.974158 -0.226961 -0.240325 -1.081387 -1.122647 -0.322933 -9999.0 -9999.0 -9999.0 -9999.0 -9999.0
-9999.0 -9999.0 -9999.0 -9999.0 -9999.0 -9999.0 -9999.0 -9999.0 -9999.0 -9999.0 -9999.0 -0.760144 -2.416584 -2.686246 -0.137149 -0.120738 -0.394083 -2.629914 -0.144178 1.178846 -0.979173 -0.023067 -1.031361 -2.800904 -0.872016 -0.044913 -1.161338 -5.093526 -3.743691 -4.403414 -3.547843 -4.186447 -4.339595 -6.601616 -9.156317 -9.790591 -11.767250 -1.893837 -0.192458 1.573761 -3.715022 -1.885193 -2.759377 -2.904701 -0.611918 -2.861478 -1.286949 -2.729865 -1.177030 -4.077416 -3.248133 -2.935202 -1.430582 -3.960315 -3.049897 -3.769420 -0.988035 -9999.0 -9999.0 -9999.0 -9999.0 -9999.0
-9999.0 -9999.0 -9999.0 -9999.0 -9999.0 -9999.0 -9999.0 -9999.0 -9999.0 -9999.0 -0.493989 -0.642704 -0.516897 -1.931515 -0.182563 -0.023430 -2.732282 -1.322950 -0.151656 -0.953413 -0.369227 -0.383423 -0.029652 -0.016519 -0.028693 -1.111435 -3.832257 -5.349766 -1.273705 -0.055938 -0.701621 -3.732389 -4.763260 -6.740204 -9.126510 -9.330510 -7.418200 -2.081448 -0.437921 0.174983 0.429402 -4.238390 -4.785312 0.572813 -1.348291 -5.381176 -0.901021 -2.813399 -0.201549 -2.443921 -2.591969 -3.794941 -3.630682 -3.997515 -3.576777 -0.102265 -0.099564 -9999.0 -9999.0 -9999.0 -9999.0 -9999.0
-9999.0 -9999.0 -9999.0 -9999.0 -9999.0 -9999.0 -9999.0 -9999.0 -9999.0 -2.764062 -0.549615 -0.707681 -0.022753 -0.573576 -0.101713 -2.039618 -2.123581 -0.049599 -1.347460 1.376908 -0.936331 -0.804807 -0.664641 -1.343464 -1.138520 -4.091653 -3.525666 -0.044483 -0.263666 -0.179477 -2.266082 -5.309539 -7.139488 -7.783686 -7.456260 -8.488074 -7.854780 -8.339338 -8.535020 -7.469306 0.019624 -6.215321 -6.105622 0.635908 -2.840301 -1.893932 -0.220989 -2.453884 -2.713901 -0.246312 -2.404926 -1.020120 -4.284095 -2.717784 -1.006724 -0.937821 -0.128772 -0.771787 -0.995377 -9999.0 -9999.0 -9999.0
-9999.0 -9999.0 -9999.0 -9999.0 -9999.0 -9999.0 -9999.0 -9999.0 -9999.0 -2.981554 -2.536971 -2.530413 -0.028884 -0.022612 -0.211471 -0.494727 -0.029970 -0.021751 -1.713006 -1.161891 -1.162025 -0.023374 -0.670245 -0.722325 -3.660479 -1.161225 -0.023852 -0.172054 -2.394494 -1.334457 -4.083758 -5.422781 -5.261083 -4.556590 -5.679365 -6.834204 -7.798697 -7.499068 -7.718758 -6.160280 -1.943887 -5.952382 -2.991097 -4.774983 0.650374 0.362701 0.246102 -2.788639 -0.168010 -2.879763 -1.886613 -1.124754 -2.585140 -1.898375 -3.438681 -0.376191 -0.399191 -0.098222 -0.444242 -9999.0 -9999.0 -9999.0
-9999.0 -9999.0 -9999.0 -9999.0 -9999.0 -9999.0 -9999.0 -9999.0 -9999.0 -9999.0 -2.477020 -2.451942 -1.566815 -0.238532 -0.069761 -0.171887 -0.081130 -0.126804 1.773183 0.364457 -0.420108 -2.163350 -1.007676 -0.853958 -1.203918 -0.125681 -2.149654 -0.887504 -3.307889 -3.620682 -4.278469 -1.357290 -5.071855 -5.477016 -4.571816 -3.692252 -2.938886 -5.049340 -6.563920 -6.644830 -6.872691 -3.202861 -4.027761 -3.334072 -5.348500 -6.563680 -4.603831 -1.003097 0.375664 -1.967204 -1.894180 -0.680462 -1.016703 -2.325250 -1.270320 -2.392581 -1.116863 -0.021608 -0.021219 -0.016178 -9999.0 -9999.0
-9999.0 -9999.0 -9999.0 -9999.0 -9999.0 -9999.0 -9999.0 -9999.0 -9999.0 -9999.0 -2.539051 -2.479866 -1.069096 -0.895571 -0.078912 -0.078162 -0.035042 -1.326789 2.107413 1.823051 -0.734658 -1.800520 -0.671691 -0.024015 -0.039464 -0.693590 0.838547 -2.223361 -3.275057 -5.405785 -5.192282 -1.751487 -5.280841 -5.371179 -5.356892 -4.422657 -2.954388 -4.833460 -5.523762 -5.143460 -2.871541 -3.181715 -2.282600 -4.468279 -1.096787 -2.293030 -1.209399 -4.347596 0.408158 -2.738611 -1.454662 -0.625154 -0.708413 -1.024540 -1.523190 -1.027988 -2.323266 -0.394787 -2.607331 -1.680935 -9999.0 -9999.0
-9999.0 -9999.0 -9999.0 -9999.0 -9999.0 -9999.0 -9999.0 -9999.0 -0.188574 -0.633028 -3.115799 -1.119897 -1.730569 -1.843002 -0.946094 -1.520967 -1.977380 0.848936 1.858957 2.013916 2.689930 1.665043 0.084022 -1.923988 -1.799844 2.673929 -0.142505 -3.241901 -1.958797 -3.954102 -6.495667 -4.792281 -3.955220 -3.452648 -2.095184 -5.832507 -1.811656 -4.140494 -5.338163 -3.508253 -4.692310 -3.570611 -5.061213 -5.485794 -1.869753 -1.105108 -3.595506 -1.086140 -3.984519 -1.191370 -0.180208 -0.872689 -0.747331 -1.115793 -0.988189 -0.053100 -0.616314 -0.030037 -0.285522 0.542856 -9999.0 -9999.0
-9999.0 -9999.0 -9999.0 -9999.0 -9999.0 -9999.0 -9999.0 -9999.0 -3.174922 -0.186936 -3.343809 -3.998643 -2.857102 -0.962878 -0.926724 -1.054397 -0.506284 -1.063987 2.701070 2.765504 3.562613 2.475215 1.528161 0.273770 1.642040 2.576517 -0.693401 -2.475733 -4.753167 -2.371713 -2.225071 -3.909392 -1.661483 -2.653105 -1.028055 -1.014058 -1.973573 -2.468069 -3.638833 -1.008174 -3.864195 -5.861472 -4.829211 -0.896099 -0.631294 -1.100696 -3.944579 -3.152774 -1.834007 -1.389652 -3.012643 -0.448457 -0.936683 -0.091908 -0.254573 -0.105997 -0.019772 -0.159515 -0.370158 1.683824 1.716999 -9999.0
-9999.0 -9999.0 -9999.0 -9999.0 -9999.0 -9999.0 -9999.0 -9999.0 -3.003187 -1.787322 -0.192062 -3.375490 -0.965690 -3.932878 -0.108042 -0.500630 -2.548204 -1.993421 2.918329 2.140400 2.988405 2.161921 2.403489 1.729358 2.905630 -1.339465 -1.137115 -3.067748 -5.610530 -3.377164 -3.603171 -0.179013 -3.468135 -3.847485 -0.979215 -0.048323 -1.266986 -3.012702 -3.163438 -2.040651 -1.596176 -2.086143 -1.023272 -1.154303 -1.578976 -1.994838 -0.977540 -0.257219 -1.166641 -3.253050 0.259366 -2.337058 -1.500024 -1.872779 -1.794408 -1.270943 -1.553918 0.088240 0.886199 1.543211 1.597336 -9999.0
-9999.0 -9999.0 -9999.0 -9999.0 -9999.0 -9999.0 -9999.0 -9999.0 -5.236221 -1.800713 -0.024417 -4.049853 -0.059486 -0.042296 -0.021301 -2.492379 1.696045 2.764172 -0.004455 2.839094 1.753552 2.838039 2.583297 2.325086 -0.267617 -0.423087 -0.981826 -2.746872 -0.035481 -0.019712 -2.602235 -2.297444 -0.381572 -0.022563 -2.806641 -1.312057 -1.406398 -0.108922 -3.088888 -2.614024 -1.059009 -0.716546 -0.616888 -2.676715 -0.905004 -0.917222 -0.484895 -0.836937 -0.397009 -1.888494 -1.473017 0.158155 -2.020075 -0.997855 -1.777968 -0.462149 0.051889 1.052238 2.737788 1.590936 0.671452 -0.385981
-9999.0 -9999.0 -9999.0 -9999.0 -9999.0 -9999.0 -9999.0 -9999.0 -1.885004 -1.009793 -0.294531 -0.019598 -0.022918 -1.357181 -1.001799 -0.742096 -1.571872 -3.276118 -1.289623 -1.109225 1.996909 1.884473 2.128232 1.535624 -1.545710 -0.081139 -0.462364 -0.020139 -0.622381 -0.144674 -1.416193 -0.041886 -2.301485 -0.189436 -2.245166 -1.681689 -0.332935 -0.104936 -1.227966 -0.888232 -2.401101 -1.388047 -0.058038 -1.263917 -2.564371 -0.430046 -1.303067 -0.083433 -0.029365 -2.374021 -2.726146 -0.855135 0.119664 -0.194999 -0.260901 -0.004985 0.067453 0.419798 0.544957 0.334401 -2.263750 -0.073007
-9999.0 -9999.0 -2.129138 -0.698056 -0.897242 -1.403389 -0.672134 -2.027879 -0.695964 -1.048827 -1.024513 -0.260077 -0.052005 -0.093677 -1.857997 -0.895178 -4.014414 -1.864848 -1.219486 -1.096085 -0.974495 2.945671 1.848522 2.338045 0.311024 -2.020194 -1.211970 -1.699299 -0.362006 -0.255142 -0.021237 -0.037138 -0.499167 -1.731742 -2.279603 -1.508312 -2.169953 -0.861844 -0.938938 -0.223602 -0.282469 -1.772298 -1.881279 -0.213217 -0.077011 -0.022241 -2.415734 -2.129154 -1.422582 0.128227 0.124996 0.083932 0.095325 0.038357 -0.004269 0.003964 -0.200676 -0.008149 -3.003928 -3.518459 -0.169196 -0.074934
-9999.0 -0.325171 -0.182963 -0.277553 -0.401004 -0.488463 -0.999785 -1.171451 -1.395478 -1.897350 -1.040709 -0.307946 -0.059236 -0.052194 -0.237962 -1.024558 -1.104837 -1.087995 -0.052234 -0.252823 -0.614775 1.945120 0.326626 2.947642 1.027523 0.454194 0.887569 1.207561 0.914681 0.072683 -1.041609 -2.303445 -0.996490 0.543404 -1.152109 0.096361 -0.004086 0.293903 0.053630 -0.005061 -1.162803 0.030868 -0.005421 -2.058192 -2.741418 -0.988902 0.314154 1.082205 0.886222 1.427487 0.245099 -0.003430 -0.464899 -0.766284 -0.982123 -2.924646 -1.093057 -0.942350 -0.380313 -0.271985 -0.084229 -0.030713
-9999.0 -1.025296 -0.096646 -0.019411 -0.015772 -0.184473 -0.603185 -2.147677 -0.965933 -2.414198 -0.793566 -0.028421 -0.078109 -0.248977 -2.847971 -1.308725 -1.687492 -1.893538 -0.019020 -0.120886 -0.375012 -0.647069 1.835169 0.103233 0.708990 2.796856 3.125154 2.070080 1.899513 3.044648 2.857849 1.857566 0.775124 0.693775 0.845873 0.878938 1.427680 3.120056 0.883875 1.385566 1.474243 1.442481 0.820716 1.475464 1.954374 2.500876 2.123693 1.877152 1.079643 0.590876 -0.004220 -4.577275 -1.107113 -3.541902 -2.048195 -0.907782 -0.849754 -0.384971 -0.452303 -0.095935 -0.086270 -9999.0
