user2019/resources/simulation/Vinschgau/output-maps/TL0007N0903.asc
ncols         63
nrows         48
xllcorner     598000.000000
yllcorner     5145000.000000
cellsize      1000.000000
NODATA_value  -9999.0
[rows 0 to 27 of 48, columns 0 to 62 of 63]
-9999.0 -9999.0 -9999.0 -9999.0 -9999.0 -9999.0 -9999.0 -9999.0 -9999.0 -9999.0 -9999.0 -9999.0 -9999.0 -9999.0 -9999.0 -9999.0 -9999.0 -9999.0 -9999.0 -9999.0 -9999.0 -9999.0 -9999.0 -9999.0 -9999.0 -9999.0 -9999.0 -9999.0 -9999.0 -9999.0 -9999.0 -9999.0 -9999.0 -9999.0 -9999.0 -9999.0 -9999.0 -9999.0 -9999.0 -9999.0 -9999.0 -9999.0 -9999.0 -9999.0 -9999.0 -9999.0 -9999.0 -9999.0 -9999.0 -9999.0 -9999.0 -9999.0 -9999.0 -9999.0 -9999.0 -9999.0 -9999.0 -9999.0 -9999.0 -9999.0 -9999.0 -9999.0 -9999.0
-9999.0 -9999.0 -9999.0 -9999.0 -9999.0 -9999.0 -9999.0 -9999.0 -9999.0 -9999.0 -9999.0 -9999.0 -9999.0 -9999.0 -9999.0 -9999.0 -9999.0 -9999.0 -9999.0 -9999.0 -9999.0 -9999.0 -9999.0 -9999.0 -9999.0 -9999.0 -9999.0 -5.693069 -4.297044 -4.804033 -4.934426 -5.686542 -5.942627 -9999.0 -9999.0 -9999.0 -9999.0 -9999.0 -9999.0 -9999.0 -9999.0 -9999.0 -9999.0 -9999.0 -9999.0 -9999.0 -9999.0 -9999.0 -9999.0 -9999.0 -9999.0 -9999.0 -9999.0 -9999.0 -9999.0 -9999.0 -9999.0 -9999.0 -9999.0 -9999.0 -9999.0 -9999.0 -9999.0
-9999.0 -9999.0 -9999.0 -9999.0 -9999.0 -9999.0 -9999.0 -9999.0 -9999.0 -9999.0 -9999.0 -9999.0 -9999.0 -9999.0 -9999.0 -9999.0 -9999.0 -9999.0 -9999.0 -9999.0 -9999.0 -9999.0 -9999.0 -9999.0 -3.551914 -3.284391 -2.641586 -3.491866 -2.802371 -4.565582 -5.245780 -9999.0 -9999.0 -9999.0 -9999.0 -9999.0 -9999.0 -9999.0 -9999.0 -9999.0 -9999.0 -9999.0 -9999.0 -9999.0 -9999.0 -9999.0 -9999.0 -9999.0 -9999.0 -9999.0 -9999.0 -9999.0 -9999.0 -9999.0 -9999.0 -9999.0 -9999.0 -9999.0 -9999.0 -9999.0 -9999.0 -9999.0 -9999.0
-9999.0 -9999.0 -9999.0 -9999.0 -9999.0 -9999.0 -9999.0 -9999.0 -9999.0 -9999.0 -9999.0 -9999.0 -9999.0 -9999.0 -9999.0 -9999.0 -9999.0 -9999.0 -9999.0 -9999.0 -9999.0 -9999.0 -9999.0 -3.171488 -0.842175 -0.003136 0.362810 0.958195 -0.003317 -2.970087 -5.173971 -5.789684 -9999.0 -9999.0 -9999.0 -9999.0 -9999.0 -9999.0 -9999.0 -9999.0 -9999.0 -9999.0 -9999.0 -9999.0 -9999.0 -9999.0 -9999.0 -9999.0 -9999.0 -9999.0 -9999.0 -9999.0 -9999.0 -9999.0 -9999.0 -9999.0 -9999.0 -9999.0 -9999.0 -9999.0 -9999.0 -9999.0 -9999.0
-9999.0 -9999.0 -9999.0 -9999.0 -9999.0 -9999.0 -9999.0 -9999.0 -9999.0 -9999.0 -9999.0 -9999.0 -9999.0 -9999.0 -9999.0 -9999.0 -9999.0 -9999.0 -0.000820 -2.168008 -9999.0 -2.672157 -0.879611 -0.004614 -0.002433 0.863394 -0.001263 -0.000465 -0.000141 -0.002466 -3.341897 -4.879199 -6.758539 -9.037592 -9999.0 -9999.0 -9999.0 -9999.0 -9999.0 -9999.0 -9999.0 -9999.0 -9999.0 -9999.0 -9999.0 -9999.0 -9999.0 -9999.0 -9999.0 -9999.0 -9999.0 -9999.0 -9999.0 -9999.0 -9999.0 -9999.0 -9999.0 -9999.0 -9999.0 -9999.0 -9999.0 -9999.0 -9999.0
-9999.0 -9999.0 -9999.0 -9999.0 -9999.0 -9999.0 -9999.0 -9999.0 -9999.0 -9999.0 -9999.0 -9999.0 -9999.0 -9999.0 -9999.0 -9999.0 -9999.0 3.992763 2.347483 0.954328 -3.053785 -0.001111 -0.002354 -0.002362 -0.001760 -0.002210 -0.002502 -0.001615 -0.002170 -0.000584 -1.441736 -3.230865 -4.896862 -5.566583 -7.503765 -8.739346 -9999.0 -9999.0 -9999.0 -9999.0 -9999.0 -9999.0 -9999.0 -9999.0 -9999.0 -9999.0 -9999.0 -9999.0 -9999.0 -9999.0 -9999.0 -9999.0 -9999.0 -9999.0 -9999.0 -9999.0 -9999.0 -9999.0 -9999.0 -9999.0 -9999.0 -9999.0 -9999.0
-9999.0 -9999.0 -9999.0 -9999.0 -9999.0 -9999.0 -9999.0 -9999.0 -9999.0 -9999.0 -9999.0 -9999.0 -9999.0 -0.802533 -0.001736 1.810704 3.477054 3.153589 3.564593 -0.004929 -0.002521 -0.002730 -0.003334 -0.000889 -0.001943 -1.138866 -2.440242 -1.017124 -0.538837 -0.001837 -0.940110 -3.849816 -5.224368 -5.928644 -6.433876 -9.040339 -9999.0 -9999.0 -9999.0 -9999.0 -9999.0 -9999.0 -9999.0 -9999.0 -9999.0 -9999.0 -9999.0 -9999.0 -9999.0 -9999.0 -9999.0 -9999.0 -9999.0 -9999.0 -9999.0 -9999.0 -9999.0 -9999.0 -9999.0 -9999.0 -9999.0 -9999.0 -9999.0
-9999.0 -9999.0 -9999.0 -9999.0 -9999.0 -9999.0 -9999.0 -9999.0 -9999.0 -9999.0 -9999.0 -9999.0 -9999.0 -0.001138 0.847092 2.624562 2.785030 2.281076 3.203255 1.160938 2.626372 0.241851 0.881110 -0.001958 -0.001770 -0.048298 -4.267393 -5.145044 -6.271073 -1.912437 -1.356934 -4.683066 -6.629870 -9.838745 -7.855814 -9999.0 -9999.0 -9999.0 -9999.0 -9999.0 -9999.0 -9999.0 -9999.0 -9999.0 -9999.0 -9999.0 -9999.0 -9999.0 -9999.0 -9999.0 -9999.0 -9999.0 -9999.0 -9999.0 -9999.0 -9999.0 -9999.0 -9999.0 -9999.0 -9999.0 -9999.0 -9999.0 -9999.0
-9999.0 -9999.0 -9999.0 -9999.0 -9999.0 -9999.0 -9999.0 -9999.0 -9999.0 -9999.0 -9999.0 -9999.0 -9999.0 0.366828 0.133533 1.517075 2.167574 3.089805 3.394922 3.470467 0.385711 -0.053306 -0.002126 -0.002134 -0.001518 -0.001428 -4.055701 -6.547853 -5.772013 -8.696165 -5.269308 -10.448978 -10.848421 -13.010124 -9.411287 -9999.0 -9999.0 -9999.0 -9999.0 -9999.0 -9999.0 -9999.0 -9999.0 -9999.0 -9999.0 -9999.0 -9999.0 -9999.0 -9999.0 -9999.0 -9999.0 -9999.0 -9999.0 -9999.0 -9999.0 -9999.0 -9999.0 -9999.0 -9999.0 -9999.0 -9999.0 -9999.0 -9999.0
-9999.0 -9999.0 -9999.0 -9999.0 -9999.0 -9999.0 -9999.0 -9999.0 -9999.0 -9999.0 -9999.0 -9999.0 -0.002930 -0.000022 0.971138 -0.001369 0.541560 2.457228 2.796862 2.147263 -0.002514 -0.002076 -0.077828 -0.002060 -0.987425 -4.290581 -3.488316 -5.399324 -4.181137 -6.818456 -10.377145 -7.045265 -5.867318 -9.903088 -9999.0 -9999.0 -9999.0 -9999.0 -9999.0 -9999.0 -9999.0 -9999.0 -9999.0 -9999.0 -9999.0 -9999.0 -9999.0 -9999.0 -9999.0 -9999.0 -9999.0 -9999.0 -9999.0 -9999.0 -9999.0 -9999.0 -9999.0 -9999.0 -9999.0 -9999.0 -9999.0 -9999.0 -9999.0
-9999.0 -9999.0 -9999.0 -9999.0 -9999.0 -9999.0 -9999.0 -9999.0 -9999.0 -9999.0 -9999.0 -0.645452 0.220500 0.345085 0.217277 -0.000354 0.719346 2.350534 2.750949 1.434863 1.036890 -0.000886 -2.282972 -3.858101 -0.349460 -3.583843 -5.663071 -4.471337 -4.963598 -8.565389 -7.270898 -3.932727 -6.209386 -8.223381 -7.404234 -5.930267 -5.528074 -4.642453 -4.380387 -9999.0 -9999.0 -9999.0 -8.358787 -9999.0 -9999.0 -9999.0 -9999.0 -9999.0 -9999.0 -9999.0 -9999.0 -9999.0 -9999.0 -9999.0 -9999.0 -9999.0 -9999.0 -9999.0 -9999.0 -9999.0 -9999.0 -9999.0 -9999.0
-9999.0 -9999.0 -9999.0 -9999.0 -9999.0 -9999.0 -9999.0 -9999.0 -9999.0 -9999.0 -9999.0 -0.781748 0.643414 1.837610 1.738444 -0.687657 2.989191 3.228817 2.925735 1.847553 0.418635 -0.003120 -2.060262 -3.097312 -2.251107 -4.397647 -4.788364 -3.498606 -4.626757 -8.172867 -4.490537 -4.262145 -5.792073 -6.616822 -7.392969 -4.502901 -2.910186 -3.050270 -4.471986 -7.881519 -7.812569 -8.301927 -4.735009 -6.781694 -9999.0 -9999.0 -9999.0 -8.949256 -7.599373 -7.272143 -6.532519 -8.353846 -8.571341 -8.187959 -7.764246 -9.129551 -9999.0 -9999.0 -9999.0 -9999.0 -9999.0 -9999.0 -9999.0
-9999.0 -9999.0 -9999.0 -9999.0 -9999.0 -9999.0 -9999.0 -9999.0 -9999.0 -9999.0 -9999.0 -2.613943 -0.793382 -0.147563 -0.001528 -0.064384 -0.000824 2.617375 2.239121 1.880517 1.319008 -0.001919 -0.894610 -3.530748 -4.422347 -5.507963 -1.987027 -3.832957 -5.804401 -7.026742 -6.231266 -4.335228 -3.347144 -6.265823 -6.763732 -3.163957 -3.469372 -3.032223 -2.288265 -6.161619 -4.154060 -5.597720 -3.345786 -4.334882 -6.365596 -9999.0 -9.719495 -6.312946 -4.772636 -3.701226 -3.440097 -4.255664 -4.267100 -4.975404 -5.125735 -6.104344 -9999.0 -9999.0 -9999.0 -9999.0 -9999.0 -9999.0 -9999.0
-9999.0 -9999.0 -9999.0 -9999.0 -9999.0 -9999.0 -9999.0 -9999.0 -9999.0 -9999.0 -9999.0 -9999.0 -0.676237 -0.004701 -0.397577 -0.003254 -0.002067 1.832869 2.497300 1.914592 1.121271 -0.002070 -0.132209 -0.575136 -3.504253 -2.124143 -1.155367 -3.717843 -5.057134 -6.672301 -4.754076 -4.120626 -3.398859 -5.322168 -5.873742 -4.128214 -2.085086 -2.432910 -0.019988 -3.611500 -2.761678 -4.171872 -1.521674 -2.416994 -6.297164 -6.653756 -7.747484 -6.185294 -3.467202 -1.584251 -0.002814 -3.956467 -1.626061 -4.599832 -5.226548 -4.891773 -5.975828 -9999.0 -9999.0 -9999.0 -9999.0 -9999.0 -9999.0
-9999.0 -9999.0 -9999.0 -9999.0 -9999.0 -9999.0 -9999.0 -9999.0 -9999.0 -9999.0 -9999.0 -0.017043 -3.186320 -1.697695 -0.390397 -0.001075 -0.000832 1.079866 1.964988 3.158844 1.453962 -0.002126 -0.000959 -2.237426 -1.679450 -0.232745 -0.013367 -5.288601 -5.522037 -5.149098 -2.208745 -3.259584 -2.196589 -5.171833 -7.380090 -4.520924 -4.396267 -1.355876 -0.007910 -0.936534 -1.403696 -0.011375 -0.418450 -1.545550 -1.694860 -5.131588 -4.034201 -5.003546 -4.097129 -0.195692 -4.372281 -5.004420 -6.786731 -7.742766 -8.722872 -9.623564 -6.877549 -9999.0 -9999.0 -9999.0 -9999.0 -9999.0 -9999.0
-9999.0 -9999.0 -9999.0 -9999.0 -9999.0 -9999.0 -9999.0 -9999.0 -9999.0 -9999.0 -1.164405 -0.340790 -2.263719 -2.285027 -0.592131 -0.536032 -0.556707 -0.002187 2.620129 2.809381 0.484053 0.000082 -0.746957 -0.686594 -0.001058 -0.987485 -2.845935 -5.320034 -3.522192 -2.706452 -2.685747 -2.760412 -2.622062 -5.169058 -9.197499 -6.202876 -3.315507 -1.820995 -0.047739 -0.001741 -0.001619 -0.001985 0.283740 0.320040 -0.001352 -4.966613 -3.942853 -1.308603 -0.642915 -0.000989 -6.687027 -7.423577 -9.214556 -10.513313 -10.070311 -5.201220 -5.008060 -9999.0 -9999.0 -9999.0 -9999.0 -9999.0 -9999.0
-9999.0 -9999.0 -9999.0 -9999.0 -9999.0 -9999.0 -9999.0 -9999.0 -9999.0 -4.199388 -1.051365 -0.969629 -0.327152 -0.607096 -0.012248 -0.020012 -0.001179 -0.000272 2.368799 3.218164 0.817343 -0.003328 -0.001787 -0.001700 -0.000866 -1.650686 -3.685300 -2.638073 -0.332398 -0.001095 -0.000909 -1.847520 -5.906548 -9.836964 -8.065458 -6.325420 -3.218482 -2.382597 -1.961160 -0.238149 -0.159857 -0.002273 -0.625594 1.013760 0.374029 -0.241072 -0.479035 -1.627233 -1.581226 -0.000643 -2.851245 -6.906298 -11.463731 -9.983366 -8.128140 -6.996958 -5.888313 -6.433636 -7.743624 -9999.0 -9999.0 -9999.0 -9999.0
-9999.0 -9999.0 -9999.0 -9999.0 -9999.0 -9999.0 -9999.0 -9999.0 -9999.0 -5.633088 -4.379756 -2.695708 -0.003510 -0.001161 -0.002487 -0.623287 -0.068636 -0.001006 3.007726 1.755013 1.395050 0.541603 -0.000155 -0.000293 -1.263859 -2.430524 -0.568445 -0.001089 -0.001056 -0.000859 -0.363052 -2.228721 -4.094219 -6.193555 -4.944262 -6.315959 -5.770632 -4.476062 -4.407778 -2.103296 -0.670438 -2.804370 -0.501915 -0.001142 1.636963 0.645496 0.311903 -0.002122 -0.002159 -0.000974 -3.093032 -6.388871 -9.464930 -8.330109 -7.054823 -7.911460 -5.830843 -4.989755 -5.393939 -9999.0 -9999.0 -9999.0 -9999.0
-9999.0 -9999.0 -9999.0 -9999.0 -9999.0 -9999.0 -9999.0 -9999.0 -9999.0 -9999.0 -4.954272 -2.664848 -0.001342 -0.004667 -0.001868 -0.001386 -0.001056 0.117910 3.844899 2.666754 1.467266 1.543130 -0.001811 -0.250705 -1.766563 -0.001214 -0.001121 -0.000797 -0.394188 -1.778530 -2.132179 -2.715858 -4.747698 -5.594996 -3.450512 -2.659620 -2.480118 -1.191234 -5.741600 -4.571932 -5.021891 -2.264755 -0.752130 -0.220035 -0.001222 -0.001765 0.485805 0.106935 0.984473 -0.001803 -2.043799 -5.249555 -8.239391 -9.193157 -8.473595 -6.324998 -3.810659 -0.957453 -2.205555 -0.001141 -9999.0 -9999.0 -9999.0
-9999.0 -9999.0 -9999.0 -9999.0 -9999.0 -9999.0 -9999.0 -9999.0 -9999.0 -9999.0 -5.173804 -3.943279 -2.763585 -0.058790 0.000266 -0.002755 -0.002471 1.525350 4.219687 3.684525 2.592983 0.298045 -0.002352 -0.417622 -0.001323 -0.001048 0.332782 -0.001958 -1.469526 -4.425513 -4.649491 -3.150460 -6.121438 -6.390572 -4.554329 -2.147887 -0.954963 -0.244748 -2.949035 -5.460677 -4.287239 -3.587351 -1.572978 -3.093435 -0.809843 -0.417419 -0.000795 -0.001240 1.791904 0.700729 -0.006073 -2.908651 -5.038834 -7.732169 -9.851354 -9.018548 -6.385739 -1.674597 0.645408 0.437270 -9999.0 -9999.0 -9999.0
-9999.0 -9999.0 -9999.0 -9999.0 -9999.0 -9999.0 -9999.0 -9999.0 -3.443953 -4.794029 -5.730200 -3.376770 -3.562274 -1.354755 -0.063757 0.887970 1.894616 1.470364 3.382655 4.191169 4.377703 3.030455 1.857666 -0.003545 -0.001664 1.340778 -0.000192 -0.986024 -2.558853 -4.384408 -9.150789 -4.574583 -4.533341 -6.083901 -4.115790 -4.242687 -0.541705 -0.319675 -2.737698 -6.346456 -5.045926 -2.367631 -4.373286 -5.914217 -3.983846 -1.025571 -2.547250 -0.520326 -0.001303 0.944235 -0.002208 -0.886969 -4.274923 -6.843299 -8.537383 -5.576918 -6.111271 -0.797390 -0.001399 2.943582 -9999.0 -9999.0 -9999.0
-9999.0 -9999.0 -9999.0 -9999.0 -9999.0 -9999.0 -9999.0 -9999.0 -3.879873 -2.125696 -3.861735 -5.561928 -4.255163 -2.829059 -1.110909 -0.001807 0.790270 1.386894 4.766469 4.725709 3.678333 2.809951 1.400499 0.136763 2.278500 2.281883 0.259111 -0.329604 -5.941098 -5.380631 -6.169413 -5.872287 -4.023464 -5.680761 -3.533566 -2.896281 -0.221236 -0.006783 -0.506279 -3.437989 -4.717618 -7.749430 -5.509847 -3.266873 -2.253161 -1.445585 -4.740855 -3.603621 -0.317041 0.980645 0.496327 -0.016052 -5.402390 -6.204386 -4.137933 -4.106330 -1.785723 -0.002866 1.226053 3.620515 4.751802 -9999.0 -9999.0
-9999.0 -9999.0 -9999.0 -9999.0 -9999.0 -9999.0 -9999.0 -9999.0 -4.536724 -3.740812 -3.404040 -4.674803 -4.801405 -4.081381 -0.672975 -0.968428 -0.003041 0.673214 4.675688 3.809617 5.193935 3.697393 3.096411 3.283944 1.901656 2.040689 -0.001614 -1.420296 -5.087244 -4.536305 -5.303992 -2.372338 -3.050322 -2.630775 -2.187982 -2.029286 -0.027814 1.079025 -0.003443 -1.406701 -3.572794 -5.157941 -3.452983 -3.895747 -2.356674 -3.503802 -6.277628 -4.463472 -3.150903 -0.001161 1.950238 -0.002160 -4.870355 -5.287583 -2.925341 -0.661164 -0.000501 1.104760 3.242968 3.723611 4.274789 -9999.0 -9999.0
-9999.0 -9999.0 -9999.0 -9999.0 -9999.0 -9999.0 -9999.0 -9999.0 -7.188112 -3.297446 -0.590526 -5.900645 -3.932218 -0.902261 -0.421780 -0.001808 3.160782 4.438011 2.255226 5.013314 4.600304 5.020081 3.805207 3.260787 2.728841 0.343559 -0.001872 -2.182215 -2.568754 -1.263997 -1.628064 -0.874910 -0.038213 -0.113753 -0.272768 -0.837645 -0.000679 2.816835 -0.000859 -0.129081 -2.874185 -2.594869 -2.612278 -4.041942 -4.224550 -5.059824 -3.453645 -4.321742 -4.185921 -1.849211 -0.001708 1.546219 -0.001993 -0.011548 -0.000587 0.345818 1.870341 3.368191 4.459467 4.046226 3.123007 1.789807 -9999.0
-9999.0 -9999.0 -9999.0 -9999.0 -9999.0 -9999.0 -9999.0 -9999.0 -7.114839 -3.659921 -1.193093 -1.750193 -0.569941 -0.078694 -0.000266 0.726384 0.783835 1.536284 -0.002353 1.778790 3.980887 4.329039 4.648251 4.343160 1.057180 -0.002854 -1.285340 -0.001179 -0.001117 -0.001660 -0.395270 -0.000857 0.665409 -0.000630 -0.001493 -0.001497 0.885058 4.755260 4.195497 0.522981 -0.001403 -0.003169 -0.001913 -0.034088 -1.759728 -1.858754 -0.369586 -0.094380 -0.429606 -0.001725 0.020637 0.936259 1.304736 0.423671 1.046106 1.357451 2.082464 2.844329 3.439694 3.080584 3.009957 1.219799 -9999.0
-9999.0 -9999.0 -4.110667 -3.536648 -4.342870 -2.650944 -3.979455 -3.617870 -5.414584 -4.434650 -1.976685 -0.011751 -0.083573 -0.000729 -0.000108 0.327022 -0.001302 -1.395154 -0.547826 -0.001907 1.677945 4.326249 3.495643 5.509239 2.362380 1.025678 -0.002878 -0.002512 1.326698 -0.000183 -0.002029 -0.001848 1.322514 2.043863 2.072663 3.359329 4.327979 7.185001 6.188728 3.323856 2.073776 2.087338 2.725192 0.857199 -0.001241 -0.001573 0.064094 0.794326 0.852369 1.837976 2.514085 2.353841 1.777205 1.333482 1.278442 1.453259 1.865509 2.234406 1.831393 2.391340 0.207423 0.488590 -9999.0
-9999.0 -0.592772 -0.997797 -1.547424 -2.505130 -2.701029 -3.971303 -4.017500 -5.028351 -5.515911 -3.061894 -1.027650 -0.000443 -0.000486 0.000368 -0.428529 -1.806124 -3.006809 -0.883039 -0.002042 1.484331 3.001356 1.625038 3.434612 2.432695 2.046261 0.673940 0.975740 2.354924 1.354371 1.145277 1.155099 2.584644 3.456423 4.836891 6.023066 7.534332 10.312973 7.649878 6.156088 5.344972 5.172589 4.468396 3.540256 2.351298 2.733422 2.594838 4.768672 3.999828 4.723559 3.114602 2.368312 1.627707 0.904465 0.843934 0.401686 0.303989 0.639636 0.091651 -0.000390 -0.000688 0.282122 -9999.0
-9999.0 -0.495477 -1.246731 -0.276461 -0.002952 -1.950203 -2.714617 -4.545253 -5.734152 -5.841815 -3.617825 -1.416050 -0.001854 0.000446 -0.086070 -3.305309 -3.818812 -3.338440 -0.324583 -0.003271 -0.000424 1.148400 1.935896 0.855213 1.705785 2.549105 4.847564 4.275035 3.724588 5.467719 5.855024 5.547104 4.315268 5.195759 5.887631 8.033662 9.516566 10.571429 10.243620 9.374788 8.581186 7.689123 6.606622 7.257277 7.338883 7.094000 5.207238 5.013839 4.521083 3.865255 2.277434 1.260723 0.395008 1.054120 0.297170 -0.001327 -0.003017 -0.001673 -0.001735 -0.002094 -0.000963 -9999.0 -9999.0
