user2019/resources/simulation/Vinschgau/output-maps/TL0006N0508.asc
ncols         63
nrows         48
xllcorner     598000.000000
yllcorner     5145000.000000
cellsize      1000.000000
NODATA_value  -9999.0
[rows 0 to 27 of 48, columns 0 to 62 of 63]
-9999.0 -9999.0 -9999.0 -9999.0 -9999.0 -9999.0 -9999.0 -9999.0 -9999.0 -9999.0 -9999.0 -9999.0 -9999.0 -9999.0 -9999.0 -9999.0 -9999.0 -9999.0 -9999.0 -9999.0 -9999.0 -9999.0 -9999.0 -9999.0 -9999.0 -9999.0 -9999.0 -9999.0 -9999.0 -9999.0 -9999.0 -9999.0 -9999.0 -9999.0 -9999.0 -9999.0 -9999.0 -9999.0 -9999.0 -9999.0 -9999.0 -9999.0 -9999.0 -9999.0 -9999.0 -9999.0 -9999.0 -9999.0 -9999.0 -9999.0 -9999.0 -9999.0 -9999.0 -9999.0 -9999.0 -9999.0 -9999.0 -9999.0 -9999.0 -9999.0 -9999.0 -9999.0 -9999.0
-9999.0 -9999.0 -9999.0 -9999.0 -9999.0 -9999.0 -9999.0 -9999.0 -9999.0 -9999.0 -9999.0 -9999.0 -9999.0 -9999.0 -9999.0 -9999.0 -9999.0 -9999.0 -9999.0 -9999.0 -9999.0 -9999.0 -9999.0 -9999.0 -9999.0 -9999.0 -9999.0 9.302063 10.065785 9.867795 9.420668 8.454488 9.022113 -9999.0 -9999.0 -9999.0 -9999.0 -9999.0 -9999.0 -9999.0 -9999.0 -9999.0 -9999.0 -9999.0 -9999.0 -9999.0 -9999.0 -9999.0 -9999.0 -9999.0 -9999.0 -9999.0 -9999.0 -9999.0 -9999.0 -9999.0 -9999.0 -9999.0 -9999.0 -9999.0 -9999.0 -9999.0 -9999.0
-9999.0 -9999.0 -9999.0 -9999.0 -9999.0 -9999.0 -9999.0 -9999.0 -9999.0 -9999.0 -9999.0 -9999.0 -9999.0 -9999.0 -9999.0 -9999.0 -9999.0 -9999.0 -9999.0 -9999.0 -9999.0 -9999.0 -9999.0 -9999.0 10.618395 10.848684 11.297573 10.862267 11.028424 10.944751 9.202036 -9999.0 -9999.0 -9999.0 -9999.0 -9999.0 -9999.0 -9999.0 -9999.0 -9999.0 -9999.0 -9999.0 -9999.0 -9999.0 -9999.0 -9999.0 -9999.0 -9999.0 -9999.0 -9999.0 -9999.0 -9999.0 -9999.0 -9999.0 -9999.0 -9999.0 -9999.0 -9999.0 -9999.0 -9999.0 -9999.0 -9999.0 -9999.0
-9999.0 -9999.0 -9999.0 -9999.0 -9999.0 -9999.0 -9999.0 -9999.0 -9999.0 -9999.0 -9999.0 -9999.0 -9999.0 -9999.0 -9999.0 -9999.0 -9999.0 -9999.0 -9999.0 -9999.0 -9999.0 -9999.0 -9999.0 11.126482 11.636850 11.656413 11.840415 11.816868 9.529888 10.918026 9.452687 8.894747 -9999.0 -9999.0 -9999.0 -9999.0 -9999.0 -9999.0 -9999.0 -9999.0 -9999.0 -9999.0 -9999.0 -9999.0 -9999.0 -9999.0 -9999.0 -9999.0 -9999.0 -9999.0 -9999.0 -9999.0 -9999.0 -9999.0 -9999.0 -9999.0 -9999.0 -9999.0 -9999.0 -9999.0 -9999.0 -9999.0 -9999.0
-9999.0 -9999.0 -9999.0 -9999.0 -9999.0 -9999.0 -9999.0 -9999.0 -9999.0 -9999.0 -9999.0 -9999.0 -9999.0 -9999.0 -9999.0 -9999.0 -9999.0 -9999.0 13.403445 11.774312 -9999.0 10.998316 11.439537 11.310500 12.093070 13.458013 14.664093 14.446747 12.692174 11.433394 10.549786 9.436419 8.118907 6.710725 -9999.0 -9999.0 -9999.0 -9999.0 -9999.0 -9999.0 -9999.0 -9999.0 -9999.0 -9999.0 -9999.0 -9999.0 -9999.0 -9999.0 -9999.0 -9999.0 -9999.0 -9999.0 -9999.0 -9999.0 -9999.0 -9999.0 -9999.0 -9999.0 -9999.0 -9999.0 -9999.0 -9999.0 -9999.0
-9999.0 -9999.0 -9999.0 -9999.0 -9999.0 -9999.0 -9999.0 -9999.0 -9999.0 -9999.0 -9999.0 -9999.0 -9999.0 -9999.0 -9999.0 -9999.0 -9999.0 12.510007 10.021741 10.485216 13.145083 9.767260 10.922762 12.107062 15.880677 9.147767 7.456388 8.187133 6.607033 10.619989 11.682051 10.432160 9.706114 8.695433 7.423806 6.173744 -9999.0 -9999.0 -9999.0 -9999.0 -9999.0 -9999.0 -9999.0 -9999.0 -9999.0 -9999.0 -9999.0 -9999.0 -9999.0 -9999.0 -9999.0 -9999.0 -9999.0 -9999.0 -9999.0 -9999.0 -9999.0 -9999.0 -9999.0 -9999.0 -9999.0 -9999.0 -9999.0
-9999.0 -9999.0 -9999.0 -9999.0 -9999.0 -9999.0 -9999.0 -9999.0 -9999.0 -9999.0 -9999.0 -9999.0 -9999.0 10.977063 9.375648 10.508463 12.002763 21.267501 12.145956 12.349438 12.364893 13.003632 14.025246 15.873483 8.888222 11.556277 7.354020 7.548915 7.717843 7.740957 8.179042 10.296767 9.498550 8.528790 7.953791 5.065478 -9999.0 -9999.0 -9999.0 -9999.0 -9999.0 -9999.0 -9999.0 -9999.0 -9999.0 -9999.0 -9999.0 -9999.0 -9999.0 -9999.0 -9999.0 -9999.0 -9999.0 -9999.0 -9999.0 -9999.0 -9999.0 -9999.0 -9999.0 -9999.0 -9999.0 -9999.0 -9999.0
-9999.0 -9999.0 -9999.0 -9999.0 -9999.0 -9999.0 -9999.0 -9999.0 -9999.0 -9999.0 -9999.0 -9999.0 -9999.0 11.559074 10.598161 10.899461 10.804786 15.879164 21.464461 14.509877 11.887265 15.109052 10.489070 9.886154 10.240526 8.835728 11.011582 9.460629 8.636887 6.404541 6.770557 8.516219 7.668649 4.748370 6.638863 -9999.0 -9999.0 -9999.0 -9999.0 -9999.0 -9999.0 -9999.0 -9999.0 -9999.0 -9999.0 -9999.0 -9999.0 -9999.0 -9999.0 -9999.0 -9999.0 -9999.0 -9999.0 -9999.0 -9999.0 -9999.0 -9999.0 -9999.0 -9999.0 -9999.0 -9999.0 -9999.0 -9999.0
-9999.0 -9999.0 -9999.0 -9999.0 -9999.0 -9999.0 -9999.0 -9999.0 -9999.0 -9999.0 -9999.0 -9999.0 -9999.0 11.272468 12.889468 12.312555 10.135349 11.313681 21.371513 11.941593 14.289979 11.339059 7.871502 8.490426 9.677345 8.667400 10.551306 8.437299 9.113896 7.821497 8.620444 3.126312 4.353016 -0.080879 4.056816 -9999.0 -9999.0 -9999.0 -9999.0 -9999.0 -9999.0 -9999.0 -9999.0 -9999.0 -9999.0 -9999.0 -9999.0 -9999.0 -9999.0 -9999.0 -9999.0 -9999.0 -9999.0 -9999.0 -9999.0 -9999.0 -9999.0 -9999.0 -9999.0 -9999.0 -9999.0 -9999.0 -9999.0
-9999.0 -9999.0 -9999.0 -9999.0 -9999.0 -9999.0 -9999.0 -9999.0 -9999.0 -9999.0 -9999.0 -9999.0 10.427876 12.386092 10.208140 8.927933 7.710014 10.335630 17.766118 12.006796 12.055325 9.287700 8.772715 8.653298 9.250089 10.493873 7.791772 9.663099 10.381600 8.089781 5.897608 7.834984 8.314719 5.235242 -9999.0 -9999.0 -9999.0 -9999.0 -9999.0 -9999.0 -9999.0 -9999.0 -9999.0 -9999.0 -9999.0 -9999.0 -9999.0 -9999.0 -9999.0 -9999.0 -9999.0 -9999.0 -9999.0 -9999.0 -9999.0 -9999.0 -9999.0 -9999.0 -9999.0 -9999.0 -9999.0 -9999.0 -9999.0
-9999.0 -9999.0 -9999.0 -9999.0 -9999.0 -9999.0 -9999.0 -9999.0 -9999.0 -9999.0 -9999.0 11.028681 8.976194 9.590147 8.332488 10.965146 8.787102 9.688184 17.729921 12.136543 8.871307 9.945100 11.465378 10.433788 8.689842 10.713925 9.319897 9.903630 10.208384 7.522973 7.852040 9.602045 8.490139 6.909353 6.805146 7.273829 11.049275 12.854791 13.451266 -9999.0 -9999.0 -9999.0 7.250369 -9999.0 -9999.0 -9999.0 -9999.0 -9999.0 -9999.0 -9999.0 -9999.0 -9999.0 -9999.0 -9999.0 -9999.0 -9999.0 -9999.0 -9999.0 -9999.0 -9999.0 -9999.0 -9999.0 -9999.0
-9999.0 -9999.0 -9999.0 -9999.0 -9999.0 -9999.0 -9999.0 -9999.0 -9999.0 -9999.0 -9999.0 10.769584 8.689162 9.906419 8.915576 9.845875 9.617759 10.756063 17.516907 14.666241 14.513222 12.645576 11.551782 5.150909 7.046848 10.268127 9.979851 10.806094 10.218715 7.725919 9.439401 10.335187 8.566949 7.962567 8.531243 8.266454 13.271216 16.455060 14.809259 12.025282 10.940593 9.779076 8.191768 9.028947 -9999.0 -9999.0 -9999.0 6.289034 8.139313 8.812966 9.402281 8.542374 8.383843 8.097968 8.315840 7.785020 -9999.0 -9999.0 -9999.0 -9999.0 -9999.0 -9999.0 -9999.0
-9999.0 -9999.0 -9999.0 -9999.0 -9999.0 -9999.0 -9999.0 -9999.0 -9999.0 -9999.0 -9999.0 11.031626 10.380431 7.720472 11.155470 10.712132 7.738689 8.591564 14.583568 16.363774 7.885185 9.394019 7.436780 11.165652 10.171180 10.723535 7.402458 7.414182 9.215507 8.617776 8.476404 6.194806 10.197448 7.954518 8.218689 11.943813 9.666364 11.238192 18.385479 14.767709 13.820276 10.367422 9.739218 9.781010 8.749965 -9999.0 6.189392 8.734921 10.126843 11.109687 11.434599 11.419339 11.384409 10.976144 11.060776 10.638910 -9999.0 -9999.0 -9999.0 -9999.0 -9999.0 -9999.0 -9999.0
-9999.0 -9999.0 -9999.0 -9999.0 -9999.0 -9999.0 -9999.0 -9999.0 -9999.0 -9999.0 -9999.0 -9999.0 10.862649 6.773541 11.446984 11.060670 6.628493 8.372990 15.777580 16.583890 9.273804 9.984762 9.632887 8.169023 5.486080 7.545015 12.723231 10.574575 9.899306 8.991709 9.603532 6.534548 10.275517 8.839477 8.155850 11.164799 8.895730 11.656667 20.554863 16.141116 15.999589 14.929696 8.154511 11.377087 9.062064 8.913306 8.159134 8.977355 6.533555 8.240388 9.721737 7.928065 8.660884 7.560550 1.134593 10.905394 10.669294 -9999.0 -9999.0 -9999.0 -9999.0 -9999.0 -9999.0
-9999.0 -9999.0 -9999.0 -9999.0 -9999.0 -9999.0 -9999.0 -9999.0 -9999.0 -9999.0 -9999.0 5.263216 10.070434 11.053127 7.682596 7.720792 8.809853 8.437661 15.704507 11.362999 9.745093 8.987461 9.669092 8.041290 7.860629 9.282174 7.821970 9.680594 10.395538 9.988629 6.971123 7.722327 11.256112 8.895635 7.997208 9.849180 12.739147 10.510225 10.145970 18.485243 10.252473 11.789545 10.761321 9.283349 11.947134 9.811736 10.620924 10.332503 10.835126 10.181558 7.170415 10.356340 0.297084 0.801886 0.610474 6.228595 10.430520 -9999.0 -9999.0 -9999.0 -9999.0 -9999.0 -9999.0
-9999.0 -9999.0 -9999.0 -9999.0 -9999.0 -9999.0 -9999.0 -9999.0 -9999.0 -9999.0 11.811625 7.777800 11.225335 11.206093 11.543896 9.127698 8.918587 8.189909 11.201057 11.601529 15.245780 14.098833 7.949963 13.137552 9.908245 9.268731 7.411411 5.643924 11.250120 11.615882 8.725594 8.044755 10.717119 8.889340 8.887107 8.300381 12.439525 8.701478 8.879111 11.400308 12.373228 13.502634 19.426025 8.580372 8.774751 11.243599 10.742109 8.364130 9.190671 10.125247 5.721494 9.165419 0.424807 6.033019 6.971424 11.284790 11.563459 -9999.0 -9999.0 -9999.0 -9999.0 -9999.0 -9999.0
-9999.0 -9999.0 -9999.0 -9999.0 -9999.0 -9999.0 -9999.0 -9999.0 -9999.0 10.441166 11.265568 7.786340 8.879692 5.807158 8.157739 8.195989 7.795521 13.249932 10.521736 12.234311 15.794635 10.242719 9.191565 11.794676 10.719518 6.423571 5.310192 12.032411 9.364015 9.789533 10.656388 5.958936 8.707403 7.648175 7.720692 8.265005 9.558755 7.017806 7.684920 8.475462 9.604976 8.502968 8.591751 11.142318 9.568070 9.057202 12.858452 9.016278 9.000290 10.898029 8.220796 9.987709 -0.325862 6.044242 9.118411 0.950569 0.995132 10.920463 8.405840 -9999.0 -9999.0 -9999.0 -9999.0
-9999.0 -9999.0 -9999.0 -9999.0 -9999.0 -9999.0 -9999.0 -9999.0 -9999.0 10.626712 10.514007 11.185425 13.642449 9.517838 8.448398 8.137249 12.601032 10.430503 11.155470 18.314009 18.107944 17.762717 15.686311 13.606681 7.586542 8.339780 7.750188 10.111230 11.804827 13.841229 12.253181 5.941784 10.217825 8.906887 9.494091 11.213353 11.641103 10.952563 10.544914 11.184483 7.206082 7.424997 9.223470 10.656171 10.468345 12.459080 12.267578 11.628381 10.916214 11.088110 6.909569 0.560712 7.410678 8.661437 10.102506 0.554505 8.900339 9.697643 11.829322 -9999.0 -9999.0 -9999.0 -9999.0
-9999.0 -9999.0 -9999.0 -9999.0 -9999.0 -9999.0 -9999.0 -9999.0 -9999.0 -9999.0 10.404687 11.577009 9.124840 7.200834 10.222147 8.039948 9.818244 11.508264 12.078234 14.926983 17.711332 10.446434 8.678679 8.171702 8.565294 10.173396 11.279782 12.452881 12.718295 6.754037 6.406648 7.469226 4.845750 8.943702 10.553429 11.334419 12.304457 11.359212 11.884626 9.575885 9.549146 11.299460 12.631446 8.503266 8.288226 8.419522 9.493285 15.559577 13.464404 11.072799 8.041466 8.647335 8.269880 7.890602 7.778861 10.455414 12.024943 11.646728 12.212254 12.087096 -9999.0 -9999.0 -9999.0
-9999.0 -9999.0 -9999.0 -9999.0 -9999.0 -9999.0 -9999.0 -9999.0 -9999.0 -9999.0 10.443472 11.169995 11.645652 9.733572 15.971034 9.363653 9.315098 11.550922 14.102054 15.444645 12.635742 10.876903 9.361849 10.128600 10.347800 12.244769 13.226750 9.695755 6.665980 4.607454 10.049473 11.334159 5.774937 9.084049 9.344278 10.708365 8.402793 8.141963 6.249893 9.318977 10.045087 11.506772 7.341438 10.689018 11.550588 7.679733 9.218956 9.030579 11.277346 13.887620 11.705034 9.563587 0.313726 10.097574 6.797146 7.213480 10.153910 10.771237 13.085322 14.499304 -9999.0 -9999.0 -9999.0
-9999.0 -9999.0 -9999.0 -9999.0 -9999.0 -9999.0 -9999.0 -9999.0 11.957671 11.055537 10.766503 11.460025 8.398207 8.670664 8.737341 11.271506 12.092177 18.559386 15.796182 15.967393 14.306885 13.142630 12.183928 10.676451 12.043592 12.346951 15.082170 8.300234 7.973711 4.966035 8.526945 9.972548 10.353607 9.094736 10.044577 9.447834 11.663226 8.620004 4.469706 10.373799 9.666527 10.803157 5.688912 10.168295 11.408476 12.442634 6.440045 8.784319 9.776200 13.454547 12.338008 9.878471 9.048885 6.098070 8.195369 12.018510 11.785198 14.443292 13.507823 14.786412 -9999.0 -9999.0 -9999.0
-9999.0 -9999.0 -9999.0 -9999.0 -9999.0 -9999.0 -9999.0 -9999.0 8.679585 8.686821 0.470912 10.825328 11.152869 9.625505 8.053782 9.772660 10.581966 11.813580 14.471083 16.511457 22.159068 20.210660 18.734445 17.746384 12.831554 12.751269 10.579539 9.807426 6.465315 10.554532 9.697425 9.891328 10.752854 9.555438 10.649800 10.705507 12.913702 9.533219 7.788116 10.503447 9.558687 7.893038 9.377118 11.054200 12.319361 7.925953 0.431025 11.269131 9.961355 11.715168 14.454614 11.858785 8.565025 11.993497 13.340478 11.620230 11.659682 12.925372 15.207572 17.550208 18.198952 -9999.0 -9999.0
-9999.0 -9999.0 -9999.0 -9999.0 -9999.0 -9999.0 -9999.0 -9999.0 10.649215 12.623900 11.919903 0.562093 12.354508 0.332489 9.881282 8.889320 10.863943 13.751427 14.815494 21.805858 17.084483 20.848600 20.500609 15.878937 19.100672 11.520123 9.988522 7.837736 5.554922 11.019153 10.217264 12.047117 5.130941 6.176734 11.470699 12.815171 8.759198 10.178946 7.466659 6.325283 10.258143 9.593222 10.542821 11.195427 5.015925 11.276123 11.220962 11.420764 8.041124 10.739858 13.880851 13.698942 9.716308 9.588531 13.199006 13.938974 14.945337 15.592972 16.887430 17.196800 17.821766 -9999.0 -9999.0
-9999.0 -9999.0 -9999.0 -9999.0 -9999.0 -9999.0 -9999.0 -9999.0 9.318292 12.051594 10.188224 7.007844 12.586226 6.161734 10.020571 10.922587 12.748520 14.611972 17.522160 15.012736 16.627812 17.131537 21.119729 20.669207 13.275952 10.347867 8.805289 7.215861 12.324386 9.483096 8.618739 7.980240 9.936281 9.884298 6.269527 12.119811 13.010387 10.927332 8.420341 5.915697 10.237635 10.816695 11.072365 10.646495 11.219691 10.490710 11.763462 11.850682 12.533617 10.231621 11.902139 14.931834 14.817918 13.489031 15.571998 16.222815 16.967687 15.852661 16.606539 17.706350 16.119978 13.468869 -9999.0
-9999.0 -9999.0 -9999.0 -9999.0 -9999.0 -9999.0 -9999.0 -9999.0 9.925788 11.846090 10.607604 9.429795 10.593486 11.126364 15.790743 14.020677 16.942718 11.779807 10.853266 12.362761 14.423519 16.921240 17.223280 17.195373 18.851725 10.892961 8.673235 10.305491 10.981876 10.976505 7.948526 10.433850 11.783086 10.667647 9.424034 9.811554 11.032903 12.215505 11.550618 10.590957 9.198971 9.399711 10.136062 9.324867 5.745408 12.391884 9.318711 10.925401 10.833412 12.783425 14.642740 14.685877 15.640299 16.799393 17.437150 17.324598 17.795486 17.758939 16.926077 16.234176 14.279658 12.654529 -9999.0
-9999.0 -9999.0 11.427892 11.904861 8.194307 0.364712 8.783719 0.409647 11.155833 11.701382 10.276129 10.992106 11.635227 13.766553 18.741600 13.892176 10.906306 8.856898 9.874274 10.302739 12.788410 15.015713 16.663881 16.130615 15.669056 12.563224 10.983208 10.798817 11.154257 15.016726 9.102870 9.333937 15.240222 10.497768 12.284764 10.994030 13.666992 13.680458 12.657216 10.627108 11.978241 12.162421 10.947885 11.616564 8.919075 10.558341 11.996015 11.019747 13.613062 15.222428 17.150834 17.644335 17.736702 17.891033 17.827833 22.443231 16.853460 16.477244 15.603244 14.019372 16.443396 11.730363 -9999.0
-9999.0 8.615717 8.618847 8.554146 8.382925 9.501100 8.689471 0.575996 0.612422 11.139883 8.127585 10.450825 12.638951 17.275074 17.789796 11.151427 10.324892 8.826942 9.824603 10.540200 13.256340 13.530644 18.011877 15.422287 20.764716 15.853663 18.884395 18.813757 14.231205 13.087925 13.660443 13.112244 13.110290 16.887373 14.366453 15.467155 16.453342 15.623161 15.922302 14.845737 14.443148 14.364649 14.014011 11.455285 11.466068 11.541706 13.817718 13.605871 16.095830 15.990728 17.003783 17.076037 16.510326 16.490635 16.518658 15.866069 13.811862 13.538314 14.050775 15.542310 11.373143 11.361854 -9999.0
-9999.0 13.129967 10.228918 10.362386 13.597013 10.279804 7.258355 0.578808 11.252136 11.093492 8.020454 10.199745 12.901015 18.005537 11.857405 9.267710 8.014222 8.812057 11.051849 10.899019 15.677066 13.048145 14.379701 15.867226 21.683921 22.342808 15.952643 16.853667 16.203985 14.762610 15.371189 14.733641 14.450439 14.809273 18.598485 16.721746 23.030122 23.544074 18.008655 17.799450 16.966244 16.235688 15.565933 14.723749 15.508530 15.626915 16.698334 16.962625 16.563259 16.730275 15.270484 13.592853 13.569311 14.523042 14.051645 12.344824 12.538992 11.401100 11.126622 10.208801 10.204941 -9999.0 -9999.0
