user2019/resources/simulation/Vinschgau/output-maps/TL0001N1148.asc
ncols         63
nrows         48
xllcorner     598000.000000
yllcorner     5145000.000000
cellsize      1000.000000
NODATA_value  -9999.0
[rows 0 to 27 of 48, columns 0 to 62 of 63]
-9999.0 -9999.0 -9999.0 -9999.0 -9999.0 -9999.0 -9999.0 -9999.0 -9999.0 -9999.0 -9999.0 -9999.0 -9999.0 -9999.0 -9999.0 -9999.0 -9999.0 -9999.0 -9999.0 -9999.0 -9999.0 -9999.0 -9999.0 -9999.0 -9999.0 -9999.0 -9999.0 -9999.0 -9999.0 -9999.0 -9999.0 -9999.0 -9999.0 -9999.0 -9999.0 -9999.0 -9999.0 -9999.0 -9999.0 -9999.0 -9999.0 -9999.0 -9999.0 -9999.0 -9999.0 -9999.0 -9999.0 -9999.0 -9999.0 -9999.0 -9999.0 -9999.0 -9999.0 -9999.0 -9999.0 -9999.0 -9999.0 -9999.0 -9999.0 -9999.0 -9999.0 -9999.0 -9999.0
-9999.0 -9999.0 -9999.0 -9999.0 -9999.0 -9999.0 -9999.0 -9999.0 -9999.0 -9999.0 -9999.0 -9999.0 -9999.0 -9999.0 -9999.0 -9999.0 -9999.0 -9999.0 -9999.0 -9999.0 -9999.0 -9999.0 -9999.0 -9999.0 -9999.0 -9999.0 -9999.0 -0.016649 -0.064177 0.273291 -0.383146 -0.177602 -1.313707 -9999.0 -9999.0 -9999.0 -9999.0 -9999.0 -9999.0 -9999.0 -9999.0 -9999.0 -9999.0 -9999.0 -9999.0 -9999.0 -9999.0 -9999.0 -9999.0 -9999.0 -9999.0 -9999.0 -9999.0 -9999.0 -9999.0 -9999.0 -9999.0 -9999.0 -9999.0 -9999.0 -9999.0 -9999.0 -9999.0
-9999.0 -9999.0 -9999.0 -9999.0 -9999.0 -9999.0 -9999.0 -9999.0 -9999.0 -9999.0 -9999.0 -9999.0 -9999.0 -9999.0 -9999.0 -9999.0 -9999.0 -9999.0 -9999.0 -9999.0 -9999.0 -9999.0 -9999.0 -9999.0 0.026866 0.057033 0.147597 0.026459 0.069081 -0.185719 -0.151018 -9999.0 -9999.0 -9999.0 -9999.0 -9999.0 -9999.0 -9999.0 -9999.0 -9999.0 -9999.0 -9999.0 -9999.0 -9999.0 -9999.0 -9999.0 -9999.0 -9999.0 -9999.0 -9999.0 -9999.0 -9999.0 -9999.0 -9999.0 -9999.0 -9999.0 -9999.0 -9999.0 -9999.0 -9999.0 -9999.0 -9999.0 -9999.0
-9999.0 -9999.0 -9999.0 -9999.0 -9999.0 -9999.0 -9999.0 -9999.0 -9999.0 -9999.0 -9999.0 -9999.0 -9999.0 -9999.0 -9999.0 -9999.0 -9999.0 -9999.0 -9999.0 -9999.0 -9999.0 -9999.0 -9999.0 0.083590 0.602719 2.635542 3.054230 3.270074 2.332954 0.215454 -0.144739 -0.189851 -9999.0 -9999.0 -9999.0 -9999.0 -9999.0 -9999.0 -9999.0 -9999.0 -9999.0 -9999.0 -9999.0 -9999.0 -9999.0 -9999.0 -9999.0 -9999.0 -9999.0 -9999.0 -9999.0 -9999.0 -9999.0 -9999.0 -9999.0 -9999.0 -9999.0 -9999.0 -9999.0 -9999.0 -9999.0 -9999.0 -9999.0
-9999.0 -9999.0 -9999.0 -9999.0 -9999.0 -9999.0 -9999.0 -9999.0 -9999.0 -9999.0 -9999.0 -9999.0 -9999.0 -9999.0 -9999.0 -9999.0 -9999.0 -9999.0 3.880713 0.486670 -9999.0 0.201584 0.606707 2.528157 2.440461 3.533011 2.723684 2.774512 1.696198 -0.003766 0.029580 -0.119404 -0.391709 -1.016407 -9999.0 -9999.0 -9999.0 -9999.0 -9999.0 -9999.0 -9999.0 -9999.0 -9999.0 -9999.0 -9999.0 -9999.0 -9999.0 -9999.0 -9999.0 -9999.0 -9999.0 -9999.0 -9999.0 -9999.0 -9999.0 -9999.0 -9999.0 -9999.0 -9999.0 -9999.0 -9999.0 -9999.0 -9999.0
-9999.0 -9999.0 -9999.0 -9999.0 -9999.0 -9999.0 -9999.0 -9999.0 -9999.0 -9999.0 -9999.0 -9999.0 -9999.0 -9999.0 -9999.0 -9999.0 -9999.0 4.963879 3.599685 3.710254 2.065255 -0.004197 0.060086 1.606391 3.123072 -0.006124 -0.078687 -0.003868 -0.034963 1.346204 0.852796 0.058998 0.477806 -0.053199 -0.583127 -0.875003 -9999.0 -9999.0 -9999.0 -9999.0 -9999.0 -9999.0 -9999.0 -9999.0 -9999.0 -9999.0 -9999.0 -9999.0 -9999.0 -9999.0 -9999.0 -9999.0 -9999.0 -9999.0 -9999.0 -9999.0 -9999.0 -9999.0 -9999.0 -9999.0 -9999.0 -9999.0 -9999.0
-9999.0 -9999.0 -9999.0 -9999.0 -9999.0 -9999.0 -9999.0 -9999.0 -9999.0 -9999.0 -9999.0 -9999.0 -9999.0 1.812570 1.653498 3.249329 4.613678 9.230981 4.689499 3.091116 2.773446 1.908834 3.185277 3.103457 -0.018929 0.538556 -0.230504 -0.035490 -0.028094 -0.004846 -0.882123 0.271146 -0.039522 -0.345398 -0.275537 -1.030057 -9999.0 -9999.0 -9999.0 -9999.0 -9999.0 -9999.0 -9999.0 -9999.0 -9999.0 -9999.0 -9999.0 -9999.0 -9999.0 -9999.0 -9999.0 -9999.0 -9999.0 -9999.0 -9999.0 -9999.0 -9999.0 -9999.0 -9999.0 -9999.0 -9999.0 -9999.0 -9999.0
-9999.0 -9999.0 -9999.0 -9999.0 -9999.0 -9999.0 -9999.0 -9999.0 -9999.0 -9999.0 -9999.0 -9999.0 -9999.0 2.944198 3.987783 3.971215 3.821838 8.352127 9.262561 4.655583 3.791922 5.346329 2.417878 0.888938 1.170256 -0.003367 -0.071780 0.157752 -0.201221 -0.184947 -0.276653 -0.106806 -0.327429 -5.857458 -0.603553 -9999.0 -9999.0 -9999.0 -9999.0 -9999.0 -9999.0 -9999.0 -9999.0 -9999.0 -9999.0 -9999.0 -9999.0 -9999.0 -9999.0 -9999.0 -9999.0 -9999.0 -9999.0 -9999.0 -9999.0 -9999.0 -9999.0 -9999.0 -9999.0 -9999.0 -9999.0 -9999.0 -9999.0
-9999.0 -9999.0 -9999.0 -9999.0 -9999.0 -9999.0 -9999.0 -9999.0 -9999.0 -9999.0 -9999.0 -9999.0 -9999.0 4.049792 3.651467 5.208534 3.604378 4.285250 9.669337 4.651259 5.858406 2.425976 -0.004547 -0.031338 1.025850 0.217615 0.624953 -0.284081 -0.194414 -5.342480 -0.146345 -6.144838 -6.405102 -7.552886 -0.922605 -9999.0 -9999.0 -9999.0 -9999.0 -9999.0 -9999.0 -9999.0 -9999.0 -9999.0 -9999.0 -9999.0 -9999.0 -9999.0 -9999.0 -9999.0 -9999.0 -9999.0 -9999.0 -9999.0 -9999.0 -9999.0 -9999.0 -9999.0 -9999.0 -9999.0 -9999.0 -9999.0 -9999.0
-9999.0 -9999.0 -9999.0 -9999.0 -9999.0 -9999.0 -9999.0 -9999.0 -9999.0 -9999.0 -9999.0 -9999.0 2.738015 3.125971 4.823445 2.621003 2.134240 3.827416 9.275217 5.166512 2.802810 -0.006836 -0.004935 -0.018912 -1.018152 -0.073840 -2.176813 -0.163610 -0.380084 -0.396591 -5.998674 -0.420672 -0.217933 -1.282976 -9999.0 -9999.0 -9999.0 -9999.0 -9999.0 -9999.0 -9999.0 -9999.0 -9999.0 -9999.0 -9999.0 -9999.0 -9999.0 -9999.0 -9999.0 -9999.0 -9999.0 -9999.0 -9999.0 -9999.0 -9999.0 -9999.0 -9999.0 -9999.0 -9999.0 -9999.0 -9999.0 -9999.0 -9999.0
-9999.0 -9999.0 -9999.0 -9999.0 -9999.0 -9999.0 -9999.0 -9999.0 -9999.0 -9999.0 -9999.0 1.885673 3.889378 2.041516 4.249600 4.189776 4.531325 4.157511 8.543752 6.745708 2.571328 1.831859 0.509166 0.011661 -0.899207 -0.017523 -0.186530 -0.074946 -0.256592 -0.718255 -0.436203 -0.023715 -0.209663 -0.736883 -0.502705 -0.119898 -0.169439 -0.103874 -0.084036 -9999.0 -9999.0 -9999.0 -0.761719 -9999.0 -9999.0 -9999.0 -9999.0 -9999.0 -9999.0 -9999.0 -9999.0 -9999.0 -9999.0 -9999.0 -9999.0 -9999.0 -9999.0 -9999.0 -9999.0 -9999.0 -9999.0 -9999.0 -9999.0
-9999.0 -9999.0 -9999.0 -9999.0 -9999.0 -9999.0 -9999.0 -9999.0 -9999.0 -9999.0 -9999.0 1.406523 3.894007 5.553631 5.256814 3.306813 6.722397 4.723759 9.167590 6.494916 5.405201 2.291391 0.488587 -1.867187 -2.987803 -0.073670 -0.092427 -0.198167 0.348721 -0.722260 -0.082935 -0.143599 -0.205703 -0.703373 -0.259503 -0.080761 0.043921 0.314478 -0.091571 -0.647299 -0.611997 -0.700454 -0.101084 -0.363889 -9999.0 -9999.0 -9999.0 -0.959715 -0.993324 -0.499780 -0.601542 -1.317414 -1.305015 -1.610231 -1.594972 -1.418358 -9999.0 -9999.0 -9999.0 -9999.0 -9999.0 -9999.0 -9999.0
-9999.0 -9999.0 -9999.0 -9999.0 -9999.0 -9999.0 -9999.0 -9999.0 -9999.0 -9999.0 -9999.0 1.212355 1.755490 0.418856 3.799215 4.031322 1.641624 3.862518 7.901825 6.523516 2.184905 -0.004695 -0.536050 0.022582 -0.072055 0.040898 -2.433718 -2.655438 -0.089084 -0.263014 -0.201363 -3.102427 -0.012765 -0.246559 -0.348529 0.017009 -2.286526 -1.952401 0.675425 -0.242339 -0.073984 -0.176396 -0.214006 -0.083552 -0.502737 -9999.0 -1.108050 -2.250016 -0.426384 -0.034929 0.004795 0.398795 -0.091483 -0.140312 -0.151023 -0.458430 -9999.0 -9999.0 -9999.0 -9999.0 -9999.0 -9999.0 -9999.0
-9999.0 -9999.0 -9999.0 -9999.0 -9999.0 -9999.0 -9999.0 -9999.0 -9999.0 -9999.0 -9999.0 -9999.0 1.593318 -0.006519 2.596102 3.102509 0.584329 2.907579 8.337557 6.367921 2.159362 0.096698 -0.967813 -1.022652 -1.893189 -1.332664 0.148774 -0.006308 -0.128199 -0.318861 -0.093737 -2.895688 0.019395 -0.152214 -0.200105 -0.058756 -1.451746 -1.810019 2.306441 0.072294 0.531163 0.576997 -2.270770 0.165391 -0.267308 -0.520691 -0.712538 -0.310707 -3.803826 -0.702083 -0.062556 -2.784688 -2.859035 -3.418830 -3.999277 -0.122714 -0.238835 -9999.0 -9999.0 -9999.0 -9999.0 -9999.0 -9999.0
-9999.0 -9999.0 -9999.0 -9999.0 -9999.0 -9999.0 -9999.0 -9999.0 -9999.0 -9999.0 -9999.0 -0.879002 0.510919 1.983157 -0.114570 -0.006087 1.054787 2.191418 7.793012 4.151167 2.476677 0.480684 -0.027834 -0.744472 -0.729428 -1.638351 -1.232862 -0.151209 -0.167032 0.157153 -2.508789 -2.085498 0.278215 -0.444878 -0.289286 -0.330140 -0.068827 -0.382924 -0.006584 1.549240 -0.202268 -0.011596 -0.635638 -0.072492 0.489800 -0.145973 -0.284777 0.163706 0.606477 -0.031096 -2.506055 -0.128987 -4.370810 -4.673263 -5.395014 -5.984169 -0.424781 -9999.0 -9999.0 -9999.0 -9999.0 -9999.0 -9999.0
-9999.0 -9999.0 -9999.0 -9999.0 -9999.0 -9999.0 -9999.0 -9999.0 -9999.0 -9999.0 0.521625 -0.068058 0.502713 0.667877 1.656472 -0.004800 -0.004853 -0.015680 3.340179 3.803995 4.243263 2.882980 -0.475599 0.875684 -0.117819 -1.364288 -1.729838 -3.460932 0.065837 0.332695 -1.543781 -1.634403 0.134204 -0.451730 -0.990001 -0.195784 0.058652 -0.900378 -0.454184 0.214702 0.295971 1.378161 5.014188 0.696449 -0.031350 0.135642 -0.013837 -0.481629 -0.682986 -0.018288 -4.479816 -0.632733 -5.794057 -6.377705 -6.601646 -0.148626 -0.668531 -9999.0 -9999.0 -9999.0 -9999.0 -9999.0 -9999.0
-9999.0 -9999.0 -9999.0 -9999.0 -9999.0 -9999.0 -9999.0 -9999.0 -9999.0 -0.047776 0.352501 -0.033626 -0.084670 -0.214867 -1.230641 -0.911150 -0.040450 2.942715 3.266034 3.877453 4.681734 0.638936 -0.004556 0.455582 -0.004370 -1.257798 -1.819933 0.351060 -0.157192 -0.024032 -0.003940 -1.461325 -0.143496 -0.974474 -0.560470 -0.204936 0.091497 -1.538303 -2.360201 -0.713606 -1.074718 -0.364045 -0.390883 1.427175 0.704245 -0.032284 1.325061 -0.334266 -0.313700 -0.003764 -1.790074 -0.452373 -6.624471 -2.591706 -1.654686 -3.968072 -3.757755 -0.355866 -1.145979 -9999.0 -9999.0 -9999.0 -9999.0
-9999.0 -9999.0 -9999.0 -9999.0 -9999.0 -9999.0 -9999.0 -9999.0 -9999.0 -0.057384 -0.055891 0.439046 1.753590 -0.007122 -0.047993 -0.241722 1.344586 0.542904 3.839534 6.146976 5.601066 5.349524 3.151083 1.501058 -0.869503 -0.983149 -0.289196 -0.017062 0.456326 1.629326 0.725759 -1.834387 -0.063001 -0.226304 -0.377772 -0.243656 -0.042283 0.486411 -0.064669 0.350982 -2.608123 -1.242445 -0.098315 0.690268 2.303603 1.991553 1.653866 0.358426 -0.006528 -0.004033 -2.719646 -4.489657 -2.977865 -3.081617 -3.108816 -4.799599 -2.929114 -3.181953 -0.038328 -9999.0 -9999.0 -9999.0 -9999.0
-9999.0 -9999.0 -9999.0 -9999.0 -9999.0 -9999.0 -9999.0 -9999.0 -9999.0 -9999.0 -0.096217 0.260557 -0.176133 -0.581203 -0.005049 -0.038725 -0.011054 1.591216 4.634899 4.750731 5.573020 2.433523 -0.029297 -0.272832 -0.705716 -0.108644 -0.002245 0.934732 0.693475 -1.387812 -1.727680 -2.494353 -2.789903 -0.163368 -0.218039 0.260726 0.196863 0.297275 -0.057709 -0.082600 -0.107632 0.270683 1.215170 -0.029937 -0.016081 -0.008501 1.264128 3.524740 2.471498 -0.004669 -1.675294 -3.634138 -1.945660 -3.047934 -3.113545 -0.578221 -0.045948 -1.330826 -1.095662 -0.027213 -9999.0 -9999.0 -9999.0
-9999.0 -9999.0 -9999.0 -9999.0 -9999.0 -9999.0 -9999.0 -9999.0 -9999.0 -9999.0 -0.383704 -0.023963 0.221217 -0.008877 2.496533 -0.008025 -0.016093 2.360672 5.047620 5.597555 3.160025 1.222912 -0.036344 -0.047109 -0.032332 0.535909 1.622940 -0.008988 -1.082114 -2.511028 -0.088517 -0.116615 -4.010583 -0.231472 -0.077750 0.480856 -1.299095 -1.123927 -1.928554 -0.165570 -0.065554 1.431690 -0.638112 0.226793 0.630461 -0.299394 -0.014015 -0.015043 2.539352 2.078734 -0.004167 -1.790827 -3.212621 -1.271915 -3.862945 -2.989489 -0.601542 -0.423682 0.852669 1.857457 -9999.0 -9999.0 -9999.0
-9999.0 -9999.0 -9999.0 -9999.0 -9999.0 -9999.0 -9999.0 -9999.0 -0.018065 -0.112711 -0.183575 -0.160608 -2.382202 -0.251128 -0.044687 1.380570 2.671496 6.278447 5.753702 6.058754 4.901356 3.782966 2.830001 0.982795 0.262495 1.699138 2.650519 -0.611966 -1.982470 -2.426323 -5.411765 -0.081370 -0.087788 -0.197469 -0.277359 -0.052693 1.374000 -0.765781 -2.333562 -0.244679 0.225378 0.282730 -2.446867 -0.075003 0.816097 0.617067 -2.151095 -0.203601 -0.009266 2.222296 0.165733 -2.205734 -3.910430 -4.940123 -2.571540 -0.200878 -0.252845 0.586811 0.536406 3.898809 -9999.0 -9999.0 -9999.0
-9999.0 -9999.0 -9999.0 -9999.0 -9999.0 -9999.0 -9999.0 -9999.0 -2.680335 -2.813782 -1.972692 -0.160690 -0.047899 -1.800137 -0.718162 -0.009190 1.676293 2.273997 5.314051 6.594368 9.291543 8.172346 7.322371 6.411334 3.129038 3.065564 0.619625 -0.718048 -3.480414 -0.161352 -0.218172 -0.094073 -0.047396 -0.009516 0.000891 0.148469 2.384349 0.056498 -1.018724 0.029217 -0.090705 -4.122871 0.060545 0.083285 0.092471 -2.227563 -2.907034 0.016191 -0.313568 1.279806 1.710530 -0.047628 -4.145821 -0.566678 -0.082546 -2.169491 -0.540238 -0.010709 2.459567 5.070773 6.481408 -9999.0 -9999.0
-9999.0 -9999.0 -9999.0 -9999.0 -9999.0 -9999.0 -9999.0 -9999.0 -0.081422 -0.053752 -0.078476 -2.744371 -0.194035 -2.230241 -0.435767 -0.600599 -0.004618 2.796987 5.236996 9.152150 7.048153 8.704382 8.540589 5.560565 6.248046 2.990640 0.109218 -1.034374 -4.460029 -0.085280 0.087979 0.270101 -1.819581 -2.156736 0.541062 1.805758 -0.004753 1.375376 -0.040041 -0.344214 0.024273 0.196604 0.046597 -0.064200 -2.145322 0.025401 -0.259105 -0.077336 -1.650754 -0.023390 2.374457 0.040818 -2.642394 -3.956724 -1.390861 -0.442549 0.958383 2.321697 4.845430 5.351795 5.881138 -9999.0 -9999.0
-9999.0 -9999.0 -9999.0 -9999.0 -9999.0 -9999.0 -9999.0 -9999.0 -0.522155 0.041869 -2.089278 -4.187127 -0.006263 -1.722583 -1.677212 -0.000104 3.785591 5.029502 6.226330 5.500288 6.482436 6.864590 8.381087 7.614991 3.396930 0.783895 -0.056996 -1.781016 0.159755 -1.149944 -0.410773 -0.103770 -0.005596 -0.189590 -0.031446 1.169649 3.313805 3.851778 0.422279 -0.017777 0.273158 0.406191 0.398511 0.661025 -0.049109 0.177696 0.098703 0.452513 -0.063820 -0.513696 -0.015658 2.011603 0.248505 -1.230489 0.554212 1.501894 3.128301 4.510719 5.498557 5.589493 4.516056 2.412687 -9999.0
-9999.0 -9999.0 -9999.0 -9999.0 -9999.0 -9999.0 -9999.0 -9999.0 -1.224575 -0.024102 -1.894850 -1.372797 -0.400461 -0.081713 1.756854 2.108594 4.029700 2.196033 0.522510 2.666057 4.555015 6.269693 6.483777 6.173522 5.359908 -0.011052 -0.896289 -0.033662 -0.004820 -0.032531 -0.336724 -0.003733 1.948621 1.006199 0.102128 1.038938 2.832367 5.845997 5.245877 1.867116 0.380174 0.101837 0.075617 -0.005306 -0.399416 0.729323 -0.047737 -0.961540 -0.063924 -0.003700 1.309398 1.469745 1.735137 1.642515 2.273698 2.662032 3.326665 4.166766 4.831739 4.764276 3.967572 1.798550 -9999.0
-9999.0 -9999.0 -0.030270 0.023726 -3.125293 -1.639301 -2.791069 -3.871272 -0.164903 -0.084781 -2.565502 -0.818286 -0.059073 -0.004311 2.988395 1.458846 -0.024973 -1.021522 -0.161696 -0.007004 2.537743 5.244542 5.342785 5.958329 4.249153 1.803851 -0.014105 -0.006914 2.168827 2.728607 -0.027370 0.431614 4.921551 3.151996 3.832413 4.399614 6.891237 8.115473 7.020092 4.338774 4.517392 4.137072 3.975760 2.240271 -0.009370 -0.004828 1.384771 1.221443 2.186170 3.191515 4.365882 3.678675 3.016563 2.542440 2.458801 5.484311 3.110909 3.514838 3.171058 3.290979 3.669315 1.029311 -9999.0
-9999.0 -0.352555 -0.539775 -1.761861 -1.134604 -1.910305 -1.336893 -2.129628 -3.104692 -0.171699 -1.798399 -0.658082 -0.002950 2.279517 2.144569 -0.301215 -2.109225 -1.824674 -0.897584 -0.020614 2.213783 4.057938 5.575004 4.652528 6.935006 4.035948 4.982249 5.176539 4.641765 2.862264 3.106214 3.315188 4.917703 7.746808 7.561400 8.700878 10.416576 11.027093 10.493538 8.652499 8.083656 7.959234 7.145348 4.591733 3.301277 3.705030 4.297707 5.746067 6.420416 5.879521 4.521271 3.659404 2.887347 2.111425 2.043111 1.541401 0.629575 0.981599 1.314891 2.388843 0.300875 0.830027 -9999.0
-9999.0 1.160481 -0.018000 -0.120138 0.173613 -0.635557 -2.319974 -2.655783 -0.200390 -0.208503 -1.804092 -1.039576 0.024018 2.240258 -0.090326 -3.297854 -1.970420 -1.812076 -1.081821 -0.010792 2.832426 1.729267 2.821980 2.685035 6.243764 7.583655 5.282402 6.001230 5.815898 6.226826 6.379276 6.144253 6.740649 7.732290 10.695720 10.786680 15.308490 16.378444 13.476138 12.385505 11.650578 10.641692 9.648639 7.886217 7.778146 7.644236 7.584100 7.238515 6.572315 5.653468 3.652163 1.775568 0.753618 1.300968 0.529565 -0.041907 -0.025196 -0.061496 -0.037811 -0.135521 -0.035148 -9999.0 -9999.0
