user2019/resources/simulation/Vinschgau/output-maps/TL0004N0617.asc
ncols         63
nrows         48
xllcorner     598000.000000
yllcorner     5145000.000000
cellsize      1000.000000
NODATA_value  -9999.0
[rows 0 to 27 of 48, columns 0 to 61 of 63]
-9999.0 -9999.0 -9999.0 -9999.0 -9999.0 -9999.0 -9999.0 -9999.0 -9999.0 -9999.0 -9999.0 -9999.0 -9999.0 -9999.0 -9999.0 -9999.0 -9999.0 -9999.0 -9999.0 -9999.0 -9999.0 -9999.0 -9999.0 -9999.0 -9999.0 -9999.0 -9999.0 -9999.0 -9999.0 -9999.0 -9999.0 -9999.0 -9999.0 -9999.0 -9999.0 -9999.0 -9999.0 -9999.0 -9999.0 -9999.0 -9999.0 -9999.0 -9999.0 -9999.0 -9999.0 -9999.0 -9999.0 -9999.0 -9999.0 -9999.0 -9999.0 -9999.0 -9999.0 -9999.0 -9999.0 -9999.0 -9999.0 -9999.0 -9999.0 -9999.0 -9999.0 -9999.0
-9999.0 -9999.0 -9999.0 -9999.0 -9999.0 -9999.0 -9999.0 -9999.0 -9999.0 -9999.0 -9999.0 -9999.0 -9999.0 -9999.0 -9999.0 -9999.0 -9999.0 -9999.0 -9999.0 -9999.0 -9999.0 -9999.0 -9999.0 -9999.0 -9999.0 -9999.0 -9999.0 17.997360 17.991833 18.658865 16.827275 15.808156 16.204067 -9999.0 -9999.0 -9999.0 -9999.0 -9999.0 -9999.0 -9999.0 -9999.0 -9999.0 -9999.0 -9999.0 -9999.0 -9999.0 -9999.0 -9999.0 -9999.0 -9999.0 -9999.0 -9999.0 -9999.0 -9999.0 -9999.0 -9999.0 -9999.0 -9999.0 -9999.0 -9999.0 -9999.0 -9999.0
-9999.0 -9999.0 -9999.0 -9999.0 -9999.0 -9999.0 -9999.0 -9999.0 -9999.0 -9999.0 -9999.0 -9999.0 -9999.0 -9999.0 -9999.0 -9999.0 -9999.0 -9999.0 -9999.0 -9999.0 -9999.0 -9999.0 -9999.0 -9999.0 19.369886 20.501183 19.669800 20.542412 18.912003 18.681365 16.712021 -9999.0 -9999.0 -9999.0 -9999.0 -9999.0 -9999.0 -9999.0 -9999.0 -9999.0 -9999.0 -9999.0 -9999.0 -9999.0 -9999.0 -9999.0 -9999.0 -9999.0 -9999.0 -9999.0 -9999.0 -9999.0 -9999.0 -9999.0 -9999.0 -9999.0 -9999.0 -9999.0 -9999.0 -9999.0 -9999.0 -9999.0
-9999.0 -9999.0 -9999.0 -9999.0 -9999.0 -9999.0 -9999.0 -9999.0 -9999.0 -9999.0 -9999.0 -9999.0 -9999.0 -9999.0 -9999.0 -9999.0 -9999.0 -9999.0 -9999.0 -9999.0 -9999.0 -9999.0 -9999.0 20.436178 20.220917 18.428417 18.736313 18.760706 17.802752 20.422519 18.635335 16.833491 -9999.0 -9999.0 -9999.0 -9999.0 -9999.0 -9999.0 -9999.0 -9999.0 -9999.0 -9999.0 -9999.0 -9999.0 -9999.0 -9999.0 -9999.0 -9999.0 -9999.0 -9999.0 -9999.0 -9999.0 -9999.0 -9999.0 -9999.0 -9999.0 -9999.0 -9999.0 -9999.0 -9999.0 -9999.0 -9999.0
-9999.0 -9999.0 -9999.0 -9999.0 -9999.0 -9999.0 -9999.0 -9999.0 -9999.0 -9999.0 -9999.0 -9999.0 -9999.0 -9999.0 -9999.0 -9999.0 -9999.0 -9999.0 21.926942 20.809323 -9999.0 20.023425 20.515172 18.599541 18.647159 20.431776 20.732147 20.527347 20.486808 18.534000 18.840885 17.734337 17.773571 20.854913 -9999.0 -9999.0 -9999.0 -9999.0 -9999.0 -9999.0 -9999.0 -9999.0 -9999.0 -9999.0 -9999.0 -9999.0 -9999.0 -9999.0 -9999.0 -9999.0 -9999.0 -9999.0 -9999.0 -9999.0 -9999.0 -9999.0 -9999.0 -9999.0 -9999.0 -9999.0 -9999.0 -9999.0
-9999.0 -9999.0 -9999.0 -9999.0 -9999.0 -9999.0 -9999.0 -9999.0 -9999.0 -9999.0 -9999.0 -9999.0 -9999.0 -9999.0 -9999.0 -9999.0 -9999.0 19.666228 16.811919 18.781102 24.644520 16.006965 17.734674 18.496895 24.027641 15.596035 14.267253 14.340288 14.483058 16.107620 19.802048 18.840447 19.384467 18.417475 16.939325 15.283749 -9999.0 -9999.0 -9999.0 -9999.0 -9999.0 -9999.0 -9999.0 -9999.0 -9999.0 -9999.0 -9999.0 -9999.0 -9999.0 -9999.0 -9999.0 -9999.0 -9999.0 -9999.0 -9999.0 -9999.0 -9999.0 -9999.0 -9999.0 -9999.0 -9999.0 -9999.0
-9999.0 -9999.0 -9999.0 -9999.0 -9999.0 -9999.0 -9999.0 -9999.0 -9999.0 -9999.0 -9999.0 -9999.0 -9999.0 19.439491 16.693321 16.649364 18.555667 30.481548 19.162387 18.876547 18.748316 20.039208 21.238293 23.621618 14.766209 18.423831 13.191051 12.966490 15.023837 15.609128 14.364442 17.119144 17.241462 15.758607 16.559759 14.841107 -9999.0 -9999.0 -9999.0 -9999.0 -9999.0 -9999.0 -9999.0 -9999.0 -9999.0 -9999.0 -9999.0 -9999.0 -9999.0 -9999.0 -9999.0 -9999.0 -9999.0 -9999.0 -9999.0 -9999.0 -9999.0 -9999.0 -9999.0 -9999.0 -9999.0 -9999.0
-9999.0 -9999.0 -9999.0 -9999.0 -9999.0 -9999.0 -9999.0 -9999.0 -9999.0 -9999.0 -9999.0 -9999.0 -9999.0 20.269162 17.444568 17.032716 16.596041 23.728046 30.892921 21.646115 19.342250 20.050612 16.073862 15.969891 17.914213 16.045137 19.598221 16.956620 16.178723 12.680889 12.929052 15.376988 15.825033 14.096846 15.233939 -9999.0 -9999.0 -9999.0 -9999.0 -9999.0 -9999.0 -9999.0 -9999.0 -9999.0 -9999.0 -9999.0 -9999.0 -9999.0 -9999.0 -9999.0 -9999.0 -9999.0 -9999.0 -9999.0 -9999.0 -9999.0 -9999.0 -9999.0 -9999.0 -9999.0 -9999.0 -9999.0
-9999.0 -9999.0 -9999.0 -9999.0 -9999.0 -9999.0 -9999.0 -9999.0 -9999.0 -9999.0 -9999.0 -9999.0 -9999.0 17.536758 18.918354 18.261184 16.151098 17.367498 30.317037 18.492258 21.765865 17.912135 13.088179 14.389491 17.198674 13.833857 18.724116 16.010771 18.149537 15.206136 15.390810 1.501480 13.779478 1.434085 14.213514 -9999.0 -9999.0 -9999.0 -9999.0 -9999.0 -9999.0 -9999.0 -9999.0 -9999.0 -9999.0 -9999.0 -9999.0 -9999.0 -9999.0 -9999.0 -9999.0 -9999.0 -9999.0 -9999.0 -9999.0 -9999.0 -9999.0 -9999.0 -9999.0 -9999.0 -9999.0 -9999.0
-9999.0 -9999.0 -9999.0 -9999.0 -9999.0 -9999.0 -9999.0 -9999.0 -9999.0 -9999.0 -9999.0 -9999.0 17.431779 18.515196 17.775914 15.670552 13.638596 16.236165 24.448279 20.278632 17.592502 14.944097 13.475949 13.801082 14.661948 17.036217 12.788772 18.411761 18.248424 15.881105 0.853388 17.373187 16.805348 14.848606 -9999.0 -9999.0 -9999.0 -9999.0 -9999.0 -9999.0 -9999.0 -9999.0 -9999.0 -9999.0 -9999.0 -9999.0 -9999.0 -9999.0 -9999.0 -9999.0 -9999.0 -9999.0 -9999.0 -9999.0 -9999.0 -9999.0 -9999.0 -9999.0 -9999.0 -9999.0 -9999.0 -9999.0
-9999.0 -9999.0 -9999.0 -9999.0 -9999.0 -9999.0 -9999.0 -9999.0 -9999.0 -9999.0 -9999.0 17.123841 13.822978 14.263186 15.226718 17.999939 16.007468 15.264709 24.441764 16.917996 15.714118 17.188573 17.932221 18.221673 14.108991 17.277026 15.960141 17.771719 17.521640 0.924229 16.875958 18.218447 17.732075 16.634286 17.007687 17.836106 22.447683 25.527617 25.524942 -9999.0 -9999.0 -9999.0 21.404276 -9999.0 -9999.0 -9999.0 -9999.0 -9999.0 -9999.0 -9999.0 -9999.0 -9999.0 -9999.0 -9999.0 -9999.0 -9999.0 -9999.0 -9999.0 -9999.0 -9999.0 -9999.0 -9999.0
-9999.0 -9999.0 -9999.0 -9999.0 -9999.0 -9999.0 -9999.0 -9999.0 -9999.0 -9999.0 -9999.0 16.677814 14.038915 14.316913 15.361453 16.877777 16.627784 17.373959 24.156533 21.670516 21.470598 19.474215 18.121270 12.127683 12.553317 17.100282 19.754040 18.504000 18.141866 18.675456 17.858101 18.554506 19.466918 16.507865 18.034751 20.747450 27.902511 29.077502 27.458038 23.107318 23.643141 21.555915 19.815133 22.158127 -9999.0 -9999.0 -9999.0 16.582753 16.462549 17.699024 17.560880 17.521599 17.307496 17.618769 16.866398 2.044950 -9999.0 -9999.0 -9999.0 -9999.0 -9999.0 -9999.0
-9999.0 -9999.0 -9999.0 -9999.0 -9999.0 -9999.0 -9999.0 -9999.0 -9999.0 -9999.0 -9999.0 17.416044 17.389658 12.624223 17.062798 18.667860 13.170899 13.734878 21.823337 22.410205 14.009569 14.639582 13.814764 18.460233 16.583376 23.331251 13.345260 12.984110 17.106384 17.548019 16.862585 13.352422 18.808062 17.980518 22.112081 23.576858 18.296958 18.940259 30.222530 26.756189 27.202953 21.156981 21.864388 20.627505 18.756080 -9999.0 15.970488 16.987211 18.394858 19.351723 19.750191 20.295461 19.363042 18.963928 18.863227 18.205206 -9999.0 -9999.0 -9999.0 -9999.0 -9999.0 -9999.0
-9999.0 -9999.0 -9999.0 -9999.0 -9999.0 -9999.0 -9999.0 -9999.0 -9999.0 -9999.0 -9999.0 -9999.0 16.537922 11.933748 20.145787 19.623172 12.021847 13.824639 23.878190 22.594858 14.186947 15.241318 15.146490 14.140392 12.481524 13.352914 19.978548 16.899476 17.068963 20.390279 18.810956 13.121866 20.595328 19.108400 17.529572 21.377453 16.029463 17.606657 31.702639 26.602519 28.788537 26.258273 16.103229 22.041602 22.709487 17.731656 17.454917 17.010193 13.016980 15.170241 16.465658 13.757910 15.251494 12.766089 12.926399 16.782134 17.825407 -9999.0 -9999.0 -9999.0 -9999.0 -9999.0
-9999.0 -9999.0 -9999.0 -9999.0 -9999.0 -9999.0 -9999.0 -9999.0 -9999.0 -9999.0 -9999.0 11.950082 17.424081 17.179950 13.212157 13.280435 13.905565 13.063723 21.645290 16.776261 14.649062 14.053155 14.574968 13.549624 13.677978 14.990102 13.722274 17.426421 19.786054 18.626792 13.491168 14.629647 19.559828 17.686625 16.339105 19.898957 22.013997 16.686180 18.710840 31.040467 17.816964 18.869898 17.587429 16.257502 21.417978 19.261185 18.771055 19.302698 19.341246 16.423793 13.333715 16.438405 12.227303 11.745921 11.722291 17.165945 18.331631 -9999.0 -9999.0 -9999.0 -9999.0 -9999.0
-9999.0 -9999.0 -9999.0 -9999.0 -9999.0 -9999.0 -9999.0 -9999.0 -9999.0 -9999.0 17.845231 13.087563 20.447903 19.855064 20.550473 14.424162 13.602760 13.182827 16.602699 17.039915 20.925383 19.201622 13.603425 22.325600 15.528427 14.303969 12.394909 12.978336 20.066956 20.236330 15.200529 14.242979 17.766470 16.223463 18.533506 20.885842 23.253537 16.373744 15.895888 20.884739 20.540794 17.860887 25.559793 16.757111 16.020670 24.013811 18.729306 15.297617 16.111958 16.134109 13.426161 16.400422 10.961299 1.739546 15.818801 18.551156 18.522261 -9999.0 -9999.0 -9999.0 -9999.0 -9999.0
-9999.0 -9999.0 -9999.0 -9999.0 -9999.0 -9999.0 -9999.0 -9999.0 -9999.0 16.795387 17.197051 12.466594 14.265364 13.593794 13.187197 12.814891 12.909109 21.803478 16.676537 18.148770 23.215580 15.725201 15.166755 17.612678 15.422966 12.497218 13.638824 21.543679 15.450267 15.913890 16.713914 12.023645 17.440175 18.065863 20.968271 16.885631 17.136563 14.249096 13.669108 15.323050 15.483783 14.013080 13.986874 17.554002 16.739192 16.452967 23.069053 15.739547 15.629732 16.959814 14.126073 17.748278 1.676661 1.761972 17.124038 13.535797 14.271083 19.294317 18.544809 -9999.0 -9999.0 -9999.0
-9999.0 -9999.0 -9999.0 -9999.0 -9999.0 -9999.0 -9999.0 -9999.0 -9999.0 16.851001 16.624557 18.307589 20.107177 15.615819 14.813283 13.955288 21.512998 16.354465 17.624343 25.612684 25.304104 25.765831 20.238291 18.918700 12.750923 14.210311 15.641131 16.316821 17.730043 18.632270 17.960555 11.915391 17.076144 17.672877 17.735535 23.877195 23.862015 24.288526 18.332945 18.065800 13.452464 12.440324 15.842502 16.608666 16.942826 19.620840 19.209521 18.314825 17.247944 16.590784 12.465579 11.970808 16.189771 16.283003 16.782419 12.086126 14.028454 14.807963 20.178512 -9999.0 -9999.0 -9999.0
-9999.0 -9999.0 -9999.0 -9999.0 -9999.0 -9999.0 -9999.0 -9999.0 -9999.0 -9999.0 18.589557 17.647740 13.919678 14.005764 16.371906 15.372312 15.704158 17.362143 18.729283 20.882012 23.439261 16.261234 14.157378 13.152884 14.119045 16.380328 17.447638 18.278263 18.153274 12.062469 11.863924 13.543198 11.118246 15.874286 18.491983 19.497719 21.862778 20.124326 22.892868 16.267893 15.919795 20.538819 18.883273 14.448039 14.307790 14.511751 15.384273 20.913463 19.531728 17.134333 13.521836 14.633907 17.862604 2.043999 0.963615 16.892770 17.587536 17.032025 17.652608 17.870234 -9999.0 -9999.0
-9999.0 -9999.0 -9999.0 -9999.0 -9999.0 -9999.0 -9999.0 -9999.0 -9999.0 -9999.0 16.867093 17.697843 18.990093 14.539447 22.698422 15.482765 14.914009 17.000980 19.706403 21.299854 18.353279 16.339694 14.529127 15.698705 16.256404 18.251736 19.067142 15.061993 13.014891 11.188425 16.316301 17.686743 12.908199 16.808517 16.412563 16.937000 15.248402 14.745723 13.124837 16.355196 17.442638 19.008707 0.406587 17.236250 18.007273 13.497485 14.836645 14.631450 16.699878 19.494902 17.385562 0.502202 13.714667 18.310342 21.474047 22.534652 16.572042 15.544801 17.806235 19.738798 -9999.0 -9999.0
-9999.0 -9999.0 -9999.0 -9999.0 -9999.0 -9999.0 -9999.0 -9999.0 19.506378 20.604228 19.432244 17.268207 13.079397 13.477332 13.639335 16.559796 18.240219 26.477600 21.986495 21.925155 20.191878 18.958254 17.778466 16.324378 18.303651 18.074438 21.106780 13.731174 13.134208 11.962152 0.861680 16.495154 17.152388 17.795799 17.288668 15.934238 19.121434 14.776006 11.161628 21.809348 17.036839 17.146925 12.482682 18.785588 23.601337 18.796290 11.739384 14.214726 15.090752 18.694916 17.774806 14.956485 14.519808 12.452108 23.014485 19.540894 19.853001 22.287361 18.951319 19.260331 -9999.0 -9999.0
-9999.0 -9999.0 -9999.0 -9999.0 -9999.0 -9999.0 -9999.0 -9999.0 13.175453 13.872652 13.049622 17.883678 18.461712 13.518751 13.693731 15.116034 16.444799 17.070601 20.639189 22.535879 30.083691 27.869936 25.707679 25.443017 18.988230 18.217717 15.979199 15.032907 13.263582 19.125822 18.802289 23.344113 17.853536 18.796976 17.909337 18.278182 20.062063 15.481870 13.369734 17.941009 16.061663 13.916001 16.423844 18.252447 19.698593 13.585924 12.773195 17.393195 15.057331 16.670184 19.598462 16.853021 13.113888 19.631231 21.264409 17.171410 17.097318 18.015472 20.164157 22.421884 23.200324 -9999.0
-9999.0 -9999.0 -9999.0 -9999.0 -9999.0 -9999.0 -9999.0 -9999.0 17.402891 18.552952 19.756769 13.168780 19.060489 14.122402 14.983531 14.416614 16.105528 19.944430 21.081414 28.826370 23.100798 28.522156 28.205101 22.218924 26.841506 16.703006 15.074566 13.052486 14.411560 18.600299 23.261572 19.255273 13.101602 13.492414 18.484866 20.181489 0.947987 15.466367 12.546057 13.282765 17.174737 17.211581 17.638573 17.574575 12.715900 17.428950 23.070518 19.332156 13.290257 15.502511 18.550162 18.655581 14.674914 14.339960 18.175557 18.787971 19.837928 20.547538 21.638053 22.441746 22.645889 -9999.0
-9999.0 -9999.0 -9999.0 -9999.0 -9999.0 -9999.0 -9999.0 -9999.0 19.208646 18.238403 15.405276 14.904220 19.744122 15.577125 14.749670 16.335504 19.016132 21.958181 21.979264 20.746063 22.239900 23.014410 29.499407 29.270172 18.631113 15.841043 13.897021 12.772658 21.953910 15.118803 13.942373 14.740121 15.722294 15.434544 13.589650 20.922591 21.445678 15.932391 0.777907 13.853585 17.671755 18.308356 18.572291 19.876893 19.946146 20.550672 19.091174 19.728408 21.113773 16.410408 16.679786 19.284169 19.548386 18.827011 20.114075 20.728304 21.481498 20.123378 21.793401 22.742753 20.922204 18.170211
-9999.0 -9999.0 -9999.0 -9999.0 -9999.0 -9999.0 -9999.0 -9999.0 18.404950 18.127411 0.437241 14.671343 15.230480 15.722568 22.902757 19.962859 21.143720 17.099818 15.761677 17.686244 20.051500 22.699952 22.982572 22.862968 26.078574 15.990276 13.794465 15.999997 16.806389 16.229081 13.359722 15.683418 17.114949 15.868175 0.503610 0.497301 16.161211 16.902008 15.997808 15.742537 14.993069 0.574458 15.785763 15.475684 13.904304 19.682164 15.413892 16.512735 16.627792 18.525507 20.266767 19.661346 19.915978 21.891554 21.602911 21.593253 22.206808 22.260728 21.956030 21.030397 19.170529 17.647638
-9999.0 -9999.0 20.637334 20.425549 13.398818 14.125857 14.315195 13.676387 19.816872 17.994844 0.435232 15.841745 16.136022 18.632840 25.303918 18.158542 15.294080 13.721001 14.677373 15.481688 18.100673 21.725738 22.275806 22.686517 21.396169 18.021639 16.209920 15.746385 16.828110 20.906319 14.568823 14.219126 20.966769 15.255775 17.494741 15.453496 18.451816 18.076606 16.720702 15.018704 17.067939 17.456239 15.737937 16.978583 13.937532 16.134146 17.495271 15.963348 18.967159 21.149649 22.847694 23.413447 22.336926 22.411259 21.919568 28.107523 20.772587 20.477077 19.694481 18.259350 21.206722 16.558371
-9999.0 14.941788 14.410671 14.464991 14.490246 14.635961 13.983938 12.484958 12.278880 17.529741 13.865878 14.992993 17.076253 22.950216 22.988810 15.548007 14.758643 13.592951 15.303692 15.652642 18.729940 19.223172 26.003499 21.685151 30.078620 22.294463 28.034848 28.073951 21.020831 19.277020 20.046603 18.999264 18.002819 22.720625 19.140661 20.575385 20.501266 19.750513 20.399534 19.540748 19.257353 19.375372 19.113823 16.108005 16.449507 17.246706 20.208366 19.629053 22.814559 22.134511 21.912731 21.217287 20.478215 20.536421 20.391831 19.552849 17.826429 17.588584 18.194467 20.140663 16.072535 16.273827
-9999.0 18.592616 15.256958 15.469539 21.426148 15.259248 12.752234 13.400095 20.654229 20.804851 14.965556 15.375771 17.193912 23.306608 16.399898 14.029987 13.490918 13.917649 15.947871 15.188101 19.812481 16.899235 19.228893 21.536981 28.952069 31.282669 22.604114 23.872995 22.240690 22.173033 22.223813 21.435815 19.222178 19.509175 23.952253 22.213644 29.545836 30.078497 22.003642 22.940073 22.437120 20.874444 20.329074 20.141177 21.349102 22.107052 23.457058 23.045409 21.056248 21.372085 19.426754 17.879023 17.569129 18.482093 17.880344 16.436117 16.644441 15.746787 15.563039 14.943616 15.081927 -9999.0
