user2019/resources/simulation/Vinschgau/output-maps/TL0003N0486.asc
ncols         63
nrows         48
xllcorner     598000.000000
yllcorner     5145000.000000
cellsize      1000.000000
NODATA_value  -9999.0
[rows 0 to 27 of 48, columns 0 to 62 of 63]
-9999.0 -9999.0 -9999.0 -9999.0 -9999.0 -9999.0 -9999.0 -9999.0 -9999.0 -9999.0 -9999.0 -9999.0 -9999.0 -9999.0 -9999.0 -9999.0 -9999.0 -9999.0 -9999.0 -9999.0 -9999.0 -9999.0 -9999.0 -9999.0 -9999.0 -9999.0 -9999.0 -9999.0 -9999.0 -9999.0 -9999.0 -9999.0 -9999.0 -9999.0 -9999.0 -9999.0 -9999.0 -9999.0 -9999.0 -9999.0 -9999.0 -9999.0 -9999.0 -9999.0 -9999.0 -9999.0 -9999.0 -9999.0 -9999.0 -9999.0 -9999.0 -9999.0 -9999.0 -9999.0 -9999.0 -9999.0 -9999.0 -9999.0 -9999.0 -9999.0 -9999.0 -9999.0 -9999.0
-9999.0 -9999.0 -9999.0 -9999.0 -9999.0 -9999.0 -9999.0 -9999.0 -9999.0 -9999.0 -9999.0 -9999.0 -9999.0 -9999.0 -9999.0 -9999.0 -9999.0 -9999.0 -9999.0 -9999.0 -9999.0 -9999.0 -9999.0 -9999.0 -9999.0 -9999.0 -9999.0 6.648810 7.354786 7.044102 6.154043 5.814500 6.516599 -9999.0 -9999.0 -9999.0 -9999.0 -9999.0 -9999.0 -9999.0 -9999.0 -9999.0 -9999.0 -9999.0 -9999.0 -9999.0 -9999.0 -9999.0 -9999.0 -9999.0 -9999.0 -9999.0 -9999.0 -9999.0 -9999.0 -9999.0 -9999.0 -9999.0 -9999.0 -9999.0 -9999.0 -9999.0 -9999.0
-9999.0 -9999.0 -9999.0 -9999.0 -9999.0 -9999.0 -9999.0 -9999.0 -9999.0 -9999.0 -9999.0 -9999.0 -9999.0 -9999.0 -9999.0 -9999.0 -9999.0 -9999.0 -9999.0 -9999.0 -9999.0 -9999.0 -9999.0 -9999.0 7.945895 8.143817 8.174927 7.865308 8.216324 7.679609 5.725242 -9999.0 -9999.0 -9999.0 -9999.0 -9999.0 -9999.0 -9999.0 -9999.0 -9999.0 -9999.0 -9999.0 -9999.0 -9999.0 -9999.0 -9999.0 -9999.0 -9999.0 -9999.0 -9999.0 -9999.0 -9999.0 -9999.0 -9999.0 -9999.0 -9999.0 -9999.0 -9999.0 -9999.0 -9999.0 -9999.0 -9999.0 -9999.0
-9999.0 -9999.0 -9999.0 -9999.0 -9999.0 -9999.0 -9999.0 -9999.0 -9999.0 -9999.0 -9999.0 -9999.0 -9999.0 -9999.0 -9999.0 -9999.0 -9999.0 -9999.0 -9999.0 -9999.0 -9999.0 -9999.0 -9999.0 8.429174 8.996249 9.731700 9.939543 9.685168 7.797388 7.555210 5.884636 5.445903 -9999.0 -9999.0 -9999.0 -9999.0 -9999.0 -9999.0 -9999.0 -9999.0 -9999.0 -9999.0 -9999.0 -9999.0 -9999.0 -9999.0 -9999.0 -9999.0 -9999.0 -9999.0 -9999.0 -9999.0 -9999.0 -9999.0 -9999.0 -9999.0 -9999.0 -9999.0 -9999.0 -9999.0 -9999.0 -9999.0 -9999.0
-9999.0 -9999.0 -9999.0 -9999.0 -9999.0 -9999.0 -9999.0 -9999.0 -9999.0 -9999.0 -9999.0 -9999.0 -9999.0 -9999.0 -9999.0 -9999.0 -9999.0 -9999.0 10.506647 7.825896 -9999.0 8.340236 8.872226 10.036736 10.403067 11.377723 12.069154 11.944105 10.881953 9.557867 7.229405 5.983097 5.136243 2.826522 -9999.0 -9999.0 -9999.0 -9999.0 -9999.0 -9999.0 -9999.0 -9999.0 -9999.0 -9999.0 -9999.0 -9999.0 -9999.0 -9999.0 -9999.0 -9999.0 -9999.0 -9999.0 -9999.0 -9999.0 -9999.0 -9999.0 -9999.0 -9999.0 -9999.0 -9999.0 -9999.0 -9999.0 -9999.0
-9999.0 -9999.0 -9999.0 -9999.0 -9999.0 -9999.0 -9999.0 -9999.0 -9999.0 -9999.0 -9999.0 -9999.0 -9999.0 -9999.0 -9999.0 -9999.0 -9999.0 11.139641 9.793815 8.714546 7.903410 7.884222 9.157835 10.260841 12.624942 7.918180 6.736987 6.857053 6.635191 8.940630 8.506464 7.170113 6.695214 5.466148 4.212234 1.893032 -9999.0 -9999.0 -9999.0 -9999.0 -9999.0 -9999.0 -9999.0 -9999.0 -9999.0 -9999.0 -9999.0 -9999.0 -9999.0 -9999.0 -9999.0 -9999.0 -9999.0 -9999.0 -9999.0 -9999.0 -9999.0 -9999.0 -9999.0 -9999.0 -9999.0 -9999.0 -9999.0
-9999.0 -9999.0 -9999.0 -9999.0 -9999.0 -9999.0 -9999.0 -9999.0 -9999.0 -9999.0 -9999.0 -9999.0 -9999.0 8.507825 7.965299 9.216760 10.489269 17.360475 10.815595 10.394767 10.689832 11.167811 12.108689 12.677109 7.734028 8.216561 5.547806 6.080401 5.743080 6.380922 6.838073 7.310336 6.325747 5.547414 4.667500 0.893798 -9999.0 -9999.0 -9999.0 -9999.0 -9999.0 -9999.0 -9999.0 -9999.0 -9999.0 -9999.0 -9999.0 -9999.0 -9999.0 -9999.0 -9999.0 -9999.0 -9999.0 -9999.0 -9999.0 -9999.0 -9999.0 -9999.0 -9999.0 -9999.0 -9999.0 -9999.0 -9999.0
-9999.0 -9999.0 -9999.0 -9999.0 -9999.0 -9999.0 -9999.0 -9999.0 -9999.0 -9999.0 -9999.0 -9999.0 -9999.0 8.946902 10.125428 9.598857 9.427992 14.159549 17.173439 12.472878 10.548937 12.698277 9.311895 8.750915 9.974509 7.369750 7.298806 6.863506 6.020202 4.971049 5.240077 5.594708 4.839974 2.667957 3.668345 -9999.0 -9999.0 -9999.0 -9999.0 -9999.0 -9999.0 -9999.0 -9999.0 -9999.0 -9999.0 -9999.0 -9999.0 -9999.0 -9999.0 -9999.0 -9999.0 -9999.0 -9999.0 -9999.0 -9999.0 -9999.0 -9999.0 -9999.0 -9999.0 -9999.0 -9999.0 -9999.0 -9999.0
-9999.0 -9999.0 -9999.0 -9999.0 -9999.0 -9999.0 -9999.0 -9999.0 -9999.0 -9999.0 -9999.0 -9999.0 -9999.0 9.642132 10.913807 10.498023 8.759063 9.846419 17.577961 10.639722 11.261782 8.302497 7.123793 7.465248 9.695714 7.275351 7.743712 5.458205 6.029425 5.185633 5.208322 -1.160757 -1.622632 -0.063297 1.255076 -9999.0 -9999.0 -9999.0 -9999.0 -9999.0 -9999.0 -9999.0 -9999.0 -9999.0 -9999.0 -9999.0 -9999.0 -9999.0 -9999.0 -9999.0 -9999.0 -9999.0 -9999.0 -9999.0 -9999.0 -9999.0 -9999.0 -9999.0 -9999.0 -9999.0 -9999.0 -9999.0 -9999.0
-9999.0 -9999.0 -9999.0 -9999.0 -9999.0 -9999.0 -9999.0 -9999.0 -9999.0 -9999.0 -9999.0 -9999.0 8.678719 10.337950 9.910139 7.136933 7.121283 9.052501 15.167769 10.175981 10.249670 7.509392 7.088087 7.516113 7.950677 6.790798 6.395561 5.974758 7.257531 5.247581 1.416084 5.648854 4.936124 0.474386 -9999.0 -9999.0 -9999.0 -9999.0 -9999.0 -9999.0 -9999.0 -9999.0 -9999.0 -9999.0 -9999.0 -9999.0 -9999.0 -9999.0 -9999.0 -9999.0 -9999.0 -9999.0 -9999.0 -9999.0 -9999.0 -9999.0 -9999.0 -9999.0 -9999.0 -9999.0 -9999.0 -9999.0 -9999.0
-9999.0 -9999.0 -9999.0 -9999.0 -9999.0 -9999.0 -9999.0 -9999.0 -9999.0 -9999.0 -9999.0 8.304217 7.368824 7.808129 6.519802 8.046633 6.534827 8.501329 15.071912 10.367773 7.844178 8.650536 8.538625 8.118243 7.328342 7.768717 5.356785 7.615602 7.015432 2.935001 5.900059 7.295279 5.116195 3.535941 4.633335 4.665789 7.077947 8.523085 8.708181 -9999.0 -9999.0 -9999.0 4.170804 -9999.0 -9999.0 -9999.0 -9999.0 -9999.0 -9999.0 -9999.0 -9999.0 -9999.0 -9999.0 -9999.0 -9999.0 -9999.0 -9999.0 -9999.0 -9999.0 -9999.0 -9999.0 -9999.0 -9999.0
-9999.0 -9999.0 -9999.0 -9999.0 -9999.0 -9999.0 -9999.0 -9999.0 -9999.0 -9999.0 -9999.0 7.294108 6.956111 7.802349 6.893732 6.890630 7.625239 9.431869 15.108598 12.224841 11.603969 9.839161 8.685195 5.087417 5.593830 7.615073 7.342569 8.448125 7.441890 4.426923 7.238169 7.058637 5.286572 4.676616 5.631183 7.706163 10.341719 11.378934 9.523828 6.220154 6.113606 6.300764 5.522017 4.657217 -9999.0 -9999.0 -9999.0 2.467951 5.134138 6.013742 5.769584 5.314961 5.016004 4.813124 5.258768 3.047550 -9999.0 -9999.0 -9999.0 -9999.0 -9999.0 -9999.0 -9999.0
-9999.0 -9999.0 -9999.0 -9999.0 -9999.0 -9999.0 -9999.0 -9999.0 -9999.0 -9999.0 -9999.0 7.691007 7.633173 5.818685 7.901963 7.852558 5.982897 7.284963 12.367534 13.510452 7.834678 7.940115 5.897235 8.328002 7.643341 7.666911 6.036145 6.075723 6.320042 5.525568 6.319758 4.765926 6.807798 4.260333 5.136393 9.143249 6.762261 7.993779 12.834692 8.974021 8.799630 7.203583 6.960960 6.161326 4.868031 -9999.0 1.823410 5.766253 7.289984 8.027137 8.364627 8.293715 8.161473 8.003474 8.149780 7.000580 -9999.0 -9999.0 -9999.0 -9999.0 -9999.0 -9999.0 -9999.0
-9999.0 -9999.0 -9999.0 -9999.0 -9999.0 -9999.0 -9999.0 -9999.0 -9999.0 -9999.0 -9999.0 -9999.0 8.062964 4.895394 7.581318 8.010741 5.279805 7.250100 13.569305 13.790205 8.663220 8.723186 8.401922 6.794175 5.045815 6.315418 10.243930 7.947700 6.730189 6.438117 7.220197 5.107039 7.092759 5.428319 5.058787 8.231836 6.364757 9.099576 14.587728 10.611264 11.517616 11.448870 6.569368 7.679602 5.250620 5.607452 5.381804 5.994943 4.507759 6.357155 7.747381 6.138281 6.806671 5.732979 5.521231 7.865330 7.178871 -9999.0 -9999.0 -9999.0 -9999.0 -9999.0 -9999.0
-9999.0 -9999.0 -9999.0 -9999.0 -9999.0 -9999.0 -9999.0 -9999.0 -9999.0 -9999.0 -9999.0 4.726416 7.279351 8.378932 5.892755 5.931567 7.326020 7.543258 13.619043 10.600094 9.309086 8.657676 8.693834 6.224927 6.646037 8.486425 6.585230 6.469413 7.097179 8.131807 5.439367 6.274759 8.017634 5.252285 4.753729 7.366954 9.236281 8.197663 8.309877 13.763353 7.695867 9.158241 8.648094 6.602120 8.331015 5.773445 7.418186 7.404110 8.337839 8.188605 4.779144 7.330252 0.202173 0.257033 1.827420 -0.036948 7.149642 -9999.0 -9999.0 -9999.0 -9999.0 -9999.0 -9999.0
-9999.0 -9999.0 -9999.0 -9999.0 -9999.0 -9999.0 -9999.0 -9999.0 -9999.0 -9999.0 9.889688 6.018388 8.096355 8.301183 9.173170 7.738338 7.633222 7.471844 10.377715 11.189941 13.755128 12.119501 7.333478 11.056125 9.134573 8.443379 6.002005 0.258970 9.051294 9.467659 7.562823 6.640646 7.540727 5.250086 2.927776 5.505387 9.233901 5.794253 6.645107 9.050677 9.725463 10.810843 15.505817 7.827479 6.415768 6.461682 7.734377 6.387566 7.248653 7.919783 0.281886 5.849968 1.571457 -0.122500 5.198757 8.712722 8.243268 -9999.0 -9999.0 -9999.0 -9999.0 -9999.0 -9999.0
-9999.0 -9999.0 -9999.0 -9999.0 -9999.0 -9999.0 -9999.0 -9999.0 -9999.0 7.785807 9.057153 6.352498 7.302113 5.773480 6.677133 6.618361 6.466583 11.536731 10.648640 11.670985 14.622239 9.558248 9.268486 10.686969 9.781980 0.438146 5.448527 10.083415 8.479101 8.749005 8.973973 4.968319 5.761948 4.579938 5.503731 5.848346 6.951779 4.933151 5.553147 7.038843 7.665726 6.429889 6.648657 9.349965 8.516296 7.377424 9.789819 6.786680 7.142585 8.899851 5.724494 6.243485 -0.020739 0.198099 6.554021 0.313055 0.309756 8.170904 6.333119 -9999.0 -9999.0 -9999.0 -9999.0
-9999.0 -9999.0 -9999.0 -9999.0 -9999.0 -9999.0 -9999.0 -9999.0 -9999.0 7.401899 8.009503 9.202892 11.974784 8.102502 6.675560 6.526011 10.731737 9.621091 11.561449 15.905118 15.626533 15.089712 13.631370 11.766455 7.451919 7.080758 0.363420 9.455580 10.734831 11.769559 10.050143 5.097991 7.265157 5.511724 6.452600 6.486028 7.285498 7.175913 8.379123 8.393164 5.220688 5.212010 6.962856 8.976135 9.047417 10.339784 10.090711 9.279110 8.899262 9.006818 5.180057 1.620865 0.544262 5.926494 8.001998 0.693018 6.840829 7.737634 8.975288 -9999.0 -9999.0 -9999.0 -9999.0
-9999.0 -9999.0 -9999.0 -9999.0 -9999.0 -9999.0 -9999.0 -9999.0 -9999.0 -9999.0 7.488478 9.598222 8.063629 8.092659 8.908450 0.260549 8.930268 10.812461 12.581706 13.518142 15.416583 11.086384 9.000454 8.323460 7.391615 9.833756 11.063272 11.343447 10.858149 6.375387 5.876315 5.946212 0.756235 6.411114 7.917104 8.476711 9.673223 7.720348 6.218318 6.416966 6.367683 8.582910 10.275420 6.503660 6.561340 6.855978 7.896941 13.052237 11.219823 8.989777 6.391375 6.247482 5.945883 5.631422 5.341126 8.274062 9.958853 10.213321 10.450414 10.699897 -9999.0 -9999.0 -9999.0
-9999.0 -9999.0 -9999.0 -9999.0 -9999.0 -9999.0 -9999.0 -9999.0 -9999.0 -9999.0 7.593219 8.839520 9.624985 8.781341 13.848329 9.061045 9.231701 11.067878 13.363541 13.956549 11.875887 10.381396 9.015142 8.909501 9.785111 11.775685 12.391657 9.799908 0.453090 0.195969 8.023444 9.295932 0.272033 5.513732 6.813362 8.553919 6.589701 5.997626 0.239161 5.392319 6.952748 8.723142 5.031684 7.841714 8.886291 5.883619 7.427486 7.541551 9.837909 11.625782 9.651132 7.446097 0.316531 6.838214 0.696082 6.228536 8.472030 9.379746 11.864901 12.877976 -9999.0 -9999.0 -9999.0
-9999.0 -9999.0 -9999.0 -9999.0 -9999.0 -9999.0 -9999.0 -9999.0 8.895196 8.083686 7.646041 9.444591 6.834390 7.080049 8.378542 10.700723 11.457007 16.224577 14.503059 14.517458 13.384750 12.396929 11.580753 10.139599 11.224346 12.386710 13.361252 8.064818 6.428430 0.267681 6.136681 7.675326 6.999898 6.461911 7.125159 6.586592 9.245728 6.424140 0.257401 5.481478 6.620591 8.104060 0.330091 6.134908 8.339795 10.224939 4.734055 7.102407 8.379368 11.936806 10.376257 8.247208 6.875309 1.785559 6.818848 9.518669 9.654484 12.362711 12.008654 13.586386 -9999.0 -9999.0 -9999.0
-9999.0 -9999.0 -9999.0 -9999.0 -9999.0 -9999.0 -9999.0 -9999.0 6.892934 6.770078 0.317930 8.053346 9.147345 8.757953 7.394757 9.565048 10.512598 11.323028 13.793663 15.135387 19.114748 17.303960 15.974257 14.908715 12.247455 12.682283 10.832260 8.867766 5.849784 7.234784 6.679975 7.165725 7.636955 6.697545 7.299102 7.665543 10.371666 7.346897 5.205610 6.554702 5.894593 4.521939 6.238355 8.142103 9.654830 5.697770 0.265486 8.866937 8.416481 10.460115 12.367282 10.017882 7.294166 9.641408 11.163723 10.187221 10.104555 11.401629 13.703007 15.845252 16.297851 -9999.0 -9999.0
-9999.0 -9999.0 -9999.0 -9999.0 -9999.0 -9999.0 -9999.0 -9999.0 8.719077 10.915518 9.274091 0.384909 10.295931 6.909189 8.537170 8.241630 10.292263 12.591659 13.955376 19.202231 15.574766 18.065548 17.589818 14.387287 16.738806 12.243572 10.231212 7.519447 0.288295 8.434947 8.092510 9.652092 0.306679 0.277082 8.512522 9.904629 6.481627 8.048171 5.402967 0.293276 6.295615 6.509947 7.144670 8.371318 0.275789 7.980704 6.417942 8.684219 6.146579 9.505813 12.837600 11.903898 8.393744 8.583256 11.830997 12.480303 13.413970 14.034154 15.266237 16.008267 16.012742 -9999.0 -9999.0
-9999.0 -9999.0 -9999.0 -9999.0 -9999.0 -9999.0 -9999.0 -9999.0 7.145516 10.179824 8.753569 6.279062 10.263855 0.284578 9.338527 10.566427 12.979754 14.051168 15.941718 14.235875 15.273717 15.690926 18.404404 17.833809 12.847170 10.852827 8.772993 6.582207 10.123734 8.398207 6.817351 0.261656 8.400230 8.040627 5.585578 8.320759 9.713932 8.857414 5.952397 0.254958 6.246173 6.985762 7.286022 7.031481 6.857462 7.288179 8.824526 9.096658 9.643716 8.130986 10.905231 13.748314 13.238076 12.286275 14.280291 14.817171 15.453111 14.870441 15.424989 15.884977 14.649701 12.219416 -9999.0
-9999.0 -9999.0 -9999.0 -9999.0 -9999.0 -9999.0 -9999.0 -9999.0 6.942688 10.032233 9.530492 8.455697 9.717452 10.352924 13.976250 13.102470 15.014473 11.936844 10.669245 12.063280 13.690335 15.556037 15.784469 15.694811 15.920798 10.209503 7.903268 9.668332 10.401048 9.842207 7.008847 9.195372 10.333839 8.748533 6.676437 6.926949 8.392980 9.845858 9.066145 7.686621 6.008685 6.456446 7.804674 6.463214 0.295642 9.375346 7.035909 9.065065 9.077077 11.529479 13.377486 13.558363 14.581118 15.719634 16.091462 16.010656 16.257123 16.053405 15.365909 14.457078 12.761298 11.171569 -9999.0
-9999.0 -9999.0 8.667475 9.155974 6.370914 6.475548 6.707946 6.211251 8.662778 9.564232 9.023841 10.403289 10.793101 12.590262 16.570182 12.796562 10.416610 8.261543 9.170102 10.457294 12.308608 14.578847 15.472985 15.236308 14.144213 11.721019 10.185069 10.194983 11.324849 12.727726 8.475480 8.525723 13.255341 9.027844 10.057257 8.713342 11.183042 10.800387 9.613227 7.617886 9.141725 9.621117 8.836978 9.254209 7.011639 8.530186 10.097061 9.656621 11.923773 13.984971 15.337090 15.882992 16.203120 16.416493 16.463721 19.832121 15.525470 14.983732 13.897172 12.569876 13.701030 10.111987 -9999.0
-9999.0 6.564044 6.564532 6.494234 6.371486 7.951773 6.644770 0.323373 0.343942 8.910708 0.284939 9.625783 12.035740 15.384295 15.382862 10.326977 8.913775 6.944670 8.733088 10.503576 12.593176 13.991369 16.564264 14.789784 17.954771 14.194373 15.989823 16.137602 13.506739 12.268565 11.743955 11.335306 11.451488 14.230038 12.409308 12.701337 13.348168 12.453853 12.655181 11.900621 12.012163 11.848910 11.528601 9.961734 9.611236 10.413454 12.496009 12.278074 14.894117 14.910730 15.317290 15.467077 15.185240 15.181412 15.236479 14.591870 12.954782 12.515915 12.413788 12.947271 9.841543 9.693549 -9999.0
-9999.0 10.928697 8.613072 8.691280 11.947655 8.584444 5.960451 0.316266 8.291340 8.729102 0.283195 9.332855 12.128771 15.720621 11.162032 8.444934 0.296647 7.232554 9.940613 10.583312 14.371470 12.929388 14.459402 15.195665 19.095492 19.400731 14.740900 15.053131 14.636914 13.977199 13.640901 12.869800 12.727551 13.236720 16.420987 14.174445 18.555046 18.995970 15.066020 14.581685 14.441627 13.726582 13.131103 12.746922 13.296146 13.715698 14.656973 14.944315 14.774828 14.906976 13.701592 12.584598 12.674780 13.648197 13.129812 11.493269 11.497787 10.313776 9.796281 8.753069 8.620085 -9999.0 -9999.0
