user2019/resources/simulation/Vinschgau/output-maps/TL0001N0198.asc
ncols         63
nrows         48
xllcorner     598000.000000
yllcorner     5145000.000000
cellsize      1000.000000
NODATA_value  -9999.0
[rows 0 to 27 of 48, columns 0 to 61 of 63]
-9999.0 -9999.0 -9999.0 -9999.0 -9999.0 -9999.0 -9999.0 -9999.0 -9999.0 -9999.0 -9999.0 -9999.0 -9999.0 -9999.0 -9999.0 -9999.0 -9999.0 -9999.0 -9999.0 -9999.0 -9999.0 -9999.0 -9999.0 -9999.0 -9999.0 -9999.0 -9999.0 -9999.0 -9999.0 -9999.0 -9999.0 -9999.0 -9999.0 -9999.0 -9999.0 -9999.0 -9999.0 -9999.0 -9999.0 -9999.0 -9999.0 -9999.0 -9999.0 -9999.0 -9999.0 -9999.0 -9999.0 -9999.0 -9999.0 -9999.0 -9999.0 -9999.0 -9999.0 -9999.0 -9999.0 -9999.0 -9999.0 -9999.0 -9999.0 -9999.0 -9999.0 -9999.0
-9999.0 -9999.0 -9999.0 -9999.0 -9999.0 -9999.0 -9999.0 -9999.0 -9999.0 -9999.0 -9999.0 -9999.0 -9999.0 -9999.0 -9999.0 -9999.0 -9999.0 -9999.0 -9999.0 -9999.0 -9999.0 -9999.0 -9999.0 -9999.0 -9999.0 -9999.0 -9999.0 -5.014299 -5.700735 -6.250709 -5.684769 -6.511324 -6.704919 -9999.0 -9999.0 -9999.0 -9999.0 -9999.0 -9999.0 -9999.0 -9999.0 -9999.0 -9999.0 -9999.0 -9999.0 -9999.0 -9999.0 -9999.0 -9999.0 -9999.0 -9999.0 -9999.0 -9999.0 -9999.0 -9999.0 -9999.0 -9999.0 -9999.0 -9999.0 -9999.0 -9999.0 -9999.0
-9999.0 -9999.0 -9999.0 -9999.0 -9999.0 -9999.0 -9999.0 -9999.0 -9999.0 -9999.0 -9999.0 -9999.0 -9999.0 -9999.0 -9999.0 -9999.0 -9999.0 -9999.0 -9999.0 -9999.0 -9999.0 -9999.0 -9999.0 -9999.0 -2.355682 -5.071109 -6.087464 -6.117723 -5.901932 -6.291693 -5.396676 -9999.0 -9999.0 -9999.0 -9999.0 -9999.0 -9999.0 -9999.0 -9999.0 -9999.0 -9999.0 -9999.0 -9999.0 -9999.0 -9999.0 -9999.0 -9999.0 -9999.0 -9999.0 -9999.0 -9999.0 -9999.0 -9999.0 -9999.0 -9999.0 -9999.0 -9999.0 -9999.0 -9999.0 -9999.0 -9999.0 -9999.0
-9999.0 -9999.0 -9999.0 -9999.0 -9999.0 -9999.0 -9999.0 -9999.0 -9999.0 -9999.0 -9999.0 -9999.0 -9999.0 -9999.0 -9999.0 -9999.0 -9999.0 -9999.0 -9999.0 -9999.0 -9999.0 -9999.0 -9999.0 -4.152708 -4.492734 -1.408432 -3.249194 -4.264354 -5.364884 -7.155853 -6.665646 -4.680227 -9999.0 -9999.0 -9999.0 -9999.0 -9999.0 -9999.0 -9999.0 -9999.0 -9999.0 -9999.0 -9999.0 -9999.0 -9999.0 -9999.0 -9999.0 -9999.0 -9999.0 -9999.0 -9999.0 -9999.0 -9999.0 -9999.0 -9999.0 -9999.0 -9999.0 -9999.0 -9999.0 -9999.0 -9999.0 -9999.0
-9999.0 -9999.0 -9999.0 -9999.0 -9999.0 -9999.0 -9999.0 -9999.0 -9999.0 -9999.0 -9999.0 -9999.0 -9999.0 -9999.0 -9999.0 -9999.0 -9999.0 -9999.0 -1.445397 -2.977304 -9999.0 -2.766390 -3.465930 -2.863358 -3.580530 -11.477827 -3.254197 -3.249295 -6.010109 -4.685076 -7.311215 -6.244527 -7.310553 -7.929050 -9999.0 -9999.0 -9999.0 -9999.0 -9999.0 -9999.0 -9999.0 -9999.0 -9999.0 -9999.0 -9999.0 -9999.0 -9999.0 -9999.0 -9999.0 -9999.0 -9999.0 -9999.0 -9999.0 -9999.0 -9999.0 -9999.0 -9999.0 -9999.0 -9999.0 -9999.0 -9999.0 -9999.0
-9999.0 -9999.0 -9999.0 -9999.0 -9999.0 -9999.0 -9999.0 -9999.0 -9999.0 -9999.0 -9999.0 -9999.0 -9999.0 -9999.0 -9999.0 -9999.0 -9999.0 -4.937062 -10.853577 -6.728724 -4.882711 -2.905463 -3.568351 -7.507958 -5.459299 -5.706437 -4.225516 -2.474638 -4.773510 -3.109067 -5.163145 -7.008989 -7.745336 -7.940475 -6.567278 -7.593979 -9999.0 -9999.0 -9999.0 -9999.0 -9999.0 -9999.0 -9999.0 -9999.0 -9999.0 -9999.0 -9999.0 -9999.0 -9999.0 -9999.0 -9999.0 -9999.0 -9999.0 -9999.0 -9999.0 -9999.0 -9999.0 -9999.0 -9999.0 -9999.0 -9999.0 -9999.0
-9999.0 -9999.0 -9999.0 -9999.0 -9999.0 -9999.0 -9999.0 -9999.0 -9999.0 -9999.0 -9999.0 -9999.0 -9999.0 -3.493072 -3.145286 -7.522537 -6.891623 -8.927537 -5.803865 -5.522883 -7.060850 -4.941296 -9.689353 -7.369833 -6.218292 -4.603039 -5.325038 -4.335267 -4.999254 -3.111715 -3.893078 -5.365714 -6.017678 -7.934369 -8.187778 -8.386302 -9999.0 -9999.0 -9999.0 -9999.0 -9999.0 -9999.0 -9999.0 -9999.0 -9999.0 -9999.0 -9999.0 -9999.0 -9999.0 -9999.0 -9999.0 -9999.0 -9999.0 -9999.0 -9999.0 -9999.0 -9999.0 -9999.0 -9999.0 -9999.0 -9999.0 -9999.0
-9999.0 -9999.0 -9999.0 -9999.0 -9999.0 -9999.0 -9999.0 -9999.0 -9999.0 -9999.0 -9999.0 -9999.0 -9999.0 -2.463561 -1.292793 -3.801705 -3.805220 -4.656057 -9.455152 -10.699350 -10.605009 -6.391087 -3.592579 -4.671461 -3.722506 -4.505545 -5.754603 -6.660166 -6.909416 -5.345935 -4.018279 -7.609338 -8.003508 -8.602051 -8.681914 -9999.0 -9999.0 -9999.0 -9999.0 -9999.0 -9999.0 -9999.0 -9999.0 -9999.0 -9999.0 -9999.0 -9999.0 -9999.0 -9999.0 -9999.0 -9999.0 -9999.0 -9999.0 -9999.0 -9999.0 -9999.0 -9999.0 -9999.0 -9999.0 -9999.0 -9999.0 -9999.0
-9999.0 -9999.0 -9999.0 -9999.0 -9999.0 -9999.0 -9999.0 -9999.0 -9999.0 -9999.0 -9999.0 -9999.0 -9999.0 -3.331146 -3.482095 -0.816735 -3.207761 -6.105542 -9.485507 -8.984878 -3.366530 -5.726760 -3.984515 -3.082194 -2.149137 -1.855348 -5.498916 -6.758002 -5.836759 -7.477514 -7.263003 -8.486786 -8.408852 -8.970504 -8.835162 -9999.0 -9999.0 -9999.0 -9999.0 -9999.0 -9999.0 -9999.0 -9999.0 -9999.0 -9999.0 -9999.0 -9999.0 -9999.0 -9999.0 -9999.0 -9999.0 -9999.0 -9999.0 -9999.0 -9999.0 -9999.0 -9999.0 -9999.0 -9999.0 -9999.0 -9999.0 -9999.0
-9999.0 -9999.0 -9999.0 -9999.0 -9999.0 -9999.0 -9999.0 -9999.0 -9999.0 -9999.0 -9999.0 -9999.0 -2.608893 -1.836259 -0.796596 -4.952637 -1.458096 -5.436419 -6.401489 -9.633554 -3.230078 -3.825480 -3.880482 -2.543410 -2.515563 -6.310977 -2.674650 -4.451488 -6.161627 -6.991249 -7.389602 -6.945208 -7.865971 -8.328058 -9999.0 -9999.0 -9999.0 -9999.0 -9999.0 -9999.0 -9999.0 -9999.0 -9999.0 -9999.0 -9999.0 -9999.0 -9999.0 -9999.0 -9999.0 -9999.0 -9999.0 -9999.0 -9999.0 -9999.0 -9999.0 -9999.0 -9999.0 -9999.0 -9999.0 -9999.0 -9999.0 -9999.0
-9999.0 -9999.0 -9999.0 -9999.0 -9999.0 -9999.0 -9999.0 -9999.0 -9999.0 -9999.0 -9999.0 -1.742291 -2.917481 -0.968707 -4.196719 -3.581777 -5.654533 -4.908264 -6.459179 -8.989511 -7.370297 -2.152186 -3.854610 -5.177827 -4.146534 -4.289511 -6.585355 -4.387078 -5.327428 -7.514205 -5.876465 -7.532977 -7.409730 -9.141074 -10.162793 -12.098704 -14.960031 -17.279240 -16.665713 -9999.0 -9999.0 -9999.0 -10.014250 -9999.0 -9999.0 -9999.0 -9999.0 -9999.0 -9999.0 -9999.0 -9999.0 -9999.0 -9999.0 -9999.0 -9999.0 -9999.0 -9999.0 -9999.0 -9999.0 -9999.0 -9999.0 -9999.0
-9999.0 -9999.0 -9999.0 -9999.0 -9999.0 -9999.0 -9999.0 -9999.0 -9999.0 -9999.0 -9999.0 -3.119582 -2.186952 -2.448840 -2.338107 -4.398884 -3.354443 -7.410257 -6.470611 -4.856838 -3.601882 -2.540084 -2.972845 -3.721197 -3.780626 -4.982105 -5.022608 -5.346985 -4.975219 -6.944204 -7.061869 -7.983568 -8.985687 -7.747998 -10.831554 -13.078397 -16.430950 -12.019905 -13.247775 -18.520702 -17.880329 -13.048987 -11.613875 -8.665600 -9999.0 -9999.0 -9999.0 -0.484899 -1.287319 -1.587674 -1.134056 -0.995174 -0.978303 -0.115222 -0.109903 -0.908110 -9999.0 -9999.0 -9999.0 -9999.0 -9999.0 -9999.0
-9999.0 -9999.0 -9999.0 -9999.0 -9999.0 -9999.0 -9999.0 -9999.0 -9999.0 -9999.0 -9999.0 -2.613171 -2.752407 -5.504258 -2.140468 -4.673888 -3.380659 -5.407509 -8.717584 -6.558952 -4.214686 -3.471422 -3.211263 -3.322301 -5.323884 -5.553614 -5.044021 -5.125308 -6.206064 -5.428517 -6.972865 -7.290961 -8.670444 -9.046089 -11.106469 -16.188022 -10.388032 -10.144633 -11.369514 -14.785804 -16.866022 -15.063929 -11.939732 -9.800738 -6.147085 -9999.0 -4.676355 -1.615107 -1.772261 -1.944308 -1.591992 -1.903803 -0.684960 -0.151822 -0.112250 -0.105805 -9999.0 -9999.0 -9999.0 -9999.0 -9999.0 -9999.0
-9999.0 -9999.0 -9999.0 -9999.0 -9999.0 -9999.0 -9999.0 -9999.0 -9999.0 -9999.0 -9999.0 -9999.0 -2.144937 -2.066818 -2.118380 -2.081841 -4.333360 -5.133502 -6.774921 -7.635570 -6.989708 -3.334830 -3.662614 -3.257405 -4.932181 -4.215485 -2.298976 -5.815941 -5.266095 -5.398358 -5.976503 -7.341970 -7.945047 -8.402313 -10.285644 -13.617167 -11.991626 -10.394224 -10.550738 -12.931527 -15.379995 -14.805349 -13.131566 -8.006402 -8.153542 -4.436628 -3.889776 -1.655762 -2.704686 -4.293724 -2.627251 -1.267130 -0.536783 -0.332250 -1.130144 -1.098030 -0.499272 -9999.0 -9999.0 -9999.0 -9999.0 -9999.0
-9999.0 -9999.0 -9999.0 -9999.0 -9999.0 -9999.0 -9999.0 -9999.0 -9999.0 -9999.0 -9999.0 -1.895665 -3.051652 -3.635791 -2.861452 -2.854586 -3.218537 -5.025688 -6.268505 -5.327795 -8.760210 -4.354085 -2.470784 -4.675004 -3.357839 -3.491557 -2.411444 -5.704701 -5.244614 -5.857386 -6.802635 -7.177586 -7.336207 -8.275742 -10.385426 -12.751062 -15.788842 -10.949552 -8.387082 -9.744346 -12.346675 -9.243994 -10.806976 -11.841829 -7.192030 -4.491110 -2.966067 -4.408068 -2.883340 -6.418816 -3.716083 -3.300090 -1.838461 -4.226357 -3.324502 -4.006051 -0.949975 -9999.0 -9999.0 -9999.0 -9999.0 -9999.0
-9999.0 -9999.0 -9999.0 -9999.0 -9999.0 -9999.0 -9999.0 -9999.0 -9999.0 -9999.0 -1.279487 -2.015775 -1.893861 -3.045355 -1.338514 -3.524422 -4.151021 -3.295976 -6.323620 -8.105690 -5.515119 -2.208189 -3.856638 -1.870899 -4.935596 -2.587776 -4.822018 -6.406812 -4.314234 -3.134495 -6.327251 -5.401330 -6.036926 -7.737042 -10.002499 -11.042276 -15.190092 -11.210497 -9.103984 -7.096218 -6.356387 -11.090294 -10.622121 -6.066917 -8.788212 -7.480209 -2.881139 -6.502990 -6.032492 -5.605953 -3.609923 -4.088451 -3.916397 -4.240246 -3.841029 -0.130769 -0.126456 -9999.0 -9999.0 -9999.0 -9999.0 -9999.0
-9999.0 -9999.0 -9999.0 -9999.0 -9999.0 -9999.0 -9999.0 -9999.0 -9999.0 -3.367739 -1.292022 -1.638266 -2.984496 -2.040637 -1.225896 -3.282403 -3.065914 -2.046900 -9.504734 -4.729451 -7.496353 -8.880263 -8.386497 -9.697724 -2.914385 -5.243456 -6.034020 -3.179076 -7.005740 -7.016166 -10.885385 -6.443600 -7.766348 -8.376840 -8.680682 -9.555202 -9.696534 -11.529913 -11.037066 -11.576822 -7.932538 -8.249666 -8.084209 -5.866244 -10.217288 -10.015357 -5.905970 -6.049084 -4.779995 -5.482738 -4.098463 -1.212968 -4.562534 -2.990800 -1.059901 -0.987626 -0.241014 -0.851604 -0.941275 -9999.0 -9999.0 -9999.0
-9999.0 -9999.0 -9999.0 -9999.0 -9999.0 -9999.0 -9999.0 -9999.0 -9999.0 -3.579072 -3.098373 -3.373335 -3.601897 -3.098198 -2.205561 -1.820196 -0.416856 -5.169741 -9.407222 -7.958814 -8.099600 -6.106959 -3.966489 -3.182436 -4.800191 -4.759477 -4.943372 -7.051052 -11.087959 -3.170157 -5.775251 -7.074919 -6.102961 -5.571141 -7.769661 -9.357226 -10.076421 -9.989709 -9.065918 -7.760577 -3.879029 -7.132394 -8.078486 -8.830065 -5.056590 -4.940316 -5.172228 -10.206570 -6.035308 -5.992855 -3.048075 -1.918935 -2.888705 -2.213825 -3.736664 -0.445542 -0.518168 -0.605972 -0.768215 -9999.0 -9999.0 -9999.0
-9999.0 -9999.0 -9999.0 -9999.0 -9999.0 -9999.0 -9999.0 -9999.0 -9999.0 -9999.0 -3.072299 -3.278469 -2.769231 -6.624180 -4.298215 -2.250946 -2.391258 -6.331981 -3.268069 -4.036962 -5.674580 -6.968766 -2.582519 -2.421693 -4.687428 -7.369418 -11.144862 -7.981921 -5.082122 -4.614299 -5.150882 -2.460078 -5.734170 -6.120925 -6.660820 -6.641175 -6.580006 -7.971931 -8.273616 -7.534935 -7.723869 -5.629179 -5.988913 -4.557389 -6.757658 -8.172949 -6.952497 -3.200150 -4.478538 -8.865741 -3.789793 -2.023619 -1.088066 -2.628875 -1.242916 -2.730765 -1.166955 -1.949054 -1.876040 -0.387218 -9999.0 -9999.0
-9999.0 -9999.0 -9999.0 -9999.0 -9999.0 -9999.0 -9999.0 -9999.0 -9999.0 -9999.0 -3.102075 -3.123323 -1.727301 -2.003757 -4.576288 -5.856643 -5.578166 -8.967473 -2.001545 -1.557766 -8.575303 -10.389627 -7.982458 -4.977023 -5.554892 -9.171980 -6.179427 -5.857473 -4.696705 -6.096579 -5.743134 -2.779630 -6.288508 -5.931093 -6.007240 -5.437438 -8.230039 -7.338265 -7.419943 -5.845218 -4.007975 -4.421735 -3.335076 -5.112425 -1.669945 -3.257199 -1.950243 -5.559559 -5.008652 -9.148829 -7.471020 -1.692898 -1.346314 -1.071300 -1.861637 -1.069689 -2.679543 -0.740749 -7.503434 -5.907244 -9999.0 -9999.0
-9999.0 -9999.0 -9999.0 -9999.0 -9999.0 -9999.0 -9999.0 -9999.0 -1.822347 -1.659307 -3.971416 -1.778748 -2.584650 -2.808379 -1.974684 -8.650152 -9.499032 -4.872932 -1.480257 -1.473672 -1.986660 -4.146399 -8.642627 -10.712119 -10.693360 -5.844087 -6.221239 -4.818069 -3.239917 -4.824728 -6.836505 -5.381647 -4.566531 -4.174875 -3.173326 -6.410126 -2.871813 -6.432797 -6.721833 -4.410354 -5.230804 -4.357090 -5.594293 -5.867373 -3.344859 -1.905535 -4.169193 -1.533509 -5.391299 -6.474899 -4.519989 -2.936067 -1.322122 -1.236268 -1.135074 -0.392455 -1.048490 -0.294835 -5.074225 -4.913135 -9999.0 -9999.0
-9999.0 -9999.0 -9999.0 -9999.0 -9999.0 -9999.0 -9999.0 -9999.0 -3.852347 -2.071108 -4.439420 -4.428887 -3.491258 -2.041615 -1.824906 -2.772487 -3.482680 -3.539843 -1.946340 -0.917482 -3.117238 -2.671984 -6.591669 -8.233193 -5.333723 -4.655685 -9.012376 -4.744594 -5.531650 -3.449724 -3.145630 -5.157567 -2.589896 -3.592088 -1.703541 -2.072037 -4.304765 -5.162516 -5.147119 -2.145427 -4.323088 -6.281027 -5.225202 -1.758519 -2.512267 -1.473896 -4.382460 -3.666577 -2.876575 -4.073002 -8.578496 -2.622216 -1.363568 -0.196948 -1.889882 -2.865768 -1.770113 -4.264392 -5.470701 -0.288750 -0.208318 -9999.0
-9999.0 -9999.0 -9999.0 -9999.0 -9999.0 -9999.0 -9999.0 -9999.0 -3.580718 -2.870199 -1.809244 -4.110551 -2.085625 -4.490485 -1.850910 -5.643781 -10.969823 -9.735912 -2.049943 -2.436431 -0.648409 -2.572965 -2.654411 -1.530066 -1.826251 -9.066856 -5.945095 -4.632695 -6.943984 -4.896878 -4.909536 -2.496751 -4.805039 -5.547925 -1.673367 -2.205719 -2.185882 -6.267010 -4.373904 -2.915098 -2.156731 -2.617233 -1.436537 -1.699365 -2.157535 -2.538035 -1.407778 -0.652196 -1.400008 -4.725245 -3.749258 -7.977239 -3.540540 -3.383418 -7.320166 -6.852012 -6.199957 -5.088478 -1.175536 -1.082301 -0.294951 -9999.0
-9999.0 -9999.0 -9999.0 -9999.0 -9999.0 -9999.0 -9999.0 -9999.0 -5.668916 -2.750992 -1.089876 -5.326887 -1.071928 -0.900499 -4.175216 -10.376213 -4.558569 -2.130674 -6.238952 -1.887104 -0.937487 -0.680623 -1.039627 -1.446659 -5.674787 -4.007094 -2.365542 -5.212797 -2.592226 -3.564589 -4.874024 -4.569186 -5.812770 -3.780476 -3.871926 -2.798830 -3.187046 -4.641736 -4.831180 -3.756009 -1.432889 -1.500829 -1.584336 -4.132772 -1.417483 -1.605472 -1.508655 -2.070441 -1.674965 -4.298106 -2.316360 -3.996177 -6.642346 -6.021566 -6.199027 -5.511735 -4.378509 -2.508835 -0.560360 -0.352244 -0.766093 -1.432744
-9999.0 -9999.0 -9999.0 -9999.0 -9999.0 -9999.0 -9999.0 -9999.0 -2.708324 -1.654944 -0.741193 -2.290425 -4.223225 -9.489193 -8.120178 -7.797512 -8.076097 -6.869151 -3.212414 -4.504471 -2.230552 -0.749754 -0.798804 -3.046423 -9.258750 -4.107722 -4.512505 -3.216947 -7.929652 -5.758119 -3.795775 -2.818106 -9.370320 -3.175967 -4.677225 -3.926057 -3.419508 -4.764775 -6.568733 -3.180129 -4.383093 -4.030527 -3.365727 -4.322320 -4.001329 -1.862347 -4.221367 -4.444052 -3.720449 -7.900485 -8.002302 -5.261870 -4.248861 -5.193007 -4.682674 -4.262231 -0.529052 -0.453014 -1.901924 -2.235218 -7.411922 -0.658630
-9999.0 -9999.0 -3.386154 -1.714950 -1.644926 -2.751676 -1.910134 -3.343328 -1.887921 -1.465966 -1.951293 -5.731650 -4.691734 -6.040281 -9.711353 -4.866499 -5.843676 -2.846749 -2.294492 -2.921571 -4.659854 -2.011302 -0.814899 -4.841259 -6.556588 -9.724024 -9.006640 -9.961110 -8.482873 -6.163764 -3.809946 -2.966560 -5.374186 -8.536749 -8.505990 -7.315425 -7.565384 -6.077876 -5.657790 -3.495025 -4.897838 -7.639258 -8.149003 -5.347879 -3.537037 -3.511014 -8.815020 -7.704096 -6.471608 -5.075382 -4.398450 -3.877661 -0.568314 -1.702982 -2.639043 -5.018873 -4.709517 -4.731169 -8.206639 -6.902456 -0.730323 -0.566023
-9999.0 -2.144730 -2.432087 -2.027942 -2.093011 -2.128101 -1.653284 -1.810866 -2.011012 -2.481660 -1.648118 -1.341032 -4.129220 -2.715492 -2.123904 -2.145686 -2.033778 -1.770999 -1.463588 -4.402158 -7.595995 -2.350330 -6.101401 -2.152835 -5.346902 -6.579196 -6.540400 -5.686032 -6.192361 -7.150630 -7.534684 -9.309352 -7.701600 -5.127309 -5.631975 -4.108170 -3.636854 -0.347442 -3.018690 -4.165974 -5.117374 -4.898092 -5.429528 -8.124613 -9.156382 -5.468753 -5.070975 -3.656558 -3.107924 -3.059717 -0.634092 -1.754644 -3.678940 -5.236267 -5.284949 -6.479934 -1.796363 -1.650053 -0.841171 -0.525216 -0.202109 -0.152406
-9999.0 -1.911633 -2.817901 -2.260110 -1.217644 -2.623744 -2.824485 -3.727626 -2.357721 -3.711146 -2.190852 -2.026280 -4.595828 -1.690704 -4.691096 -2.271756 -2.330968 -3.274736 -2.684197 -4.535422 -2.113752 -5.031346 -2.648578 -5.767928 -5.253669 -1.502462 -1.916603 -0.771081 -0.732531 -1.594907 -1.577868 -1.704825 -4.919766 -3.985836 -3.364747 -0.806924 -0.844178 -0.081970 -0.287090 -0.374923 -0.636395 -0.824681 -2.771483 -0.788499 -0.678346 -0.686123 -0.253525 -0.267764 -0.542979 -0.615660 -3.170396 -7.599670 -1.849433 -7.317466 -3.687435 -1.174723 -1.181945 -0.559029 -0.865405 -0.146822 -0.127549 -9999.0
