user2019/resources/simulation/Vinschgau/output-maps/TL0007N1396.asc
ncols         63
nrows         48
xllcorner     598000.000000
yllcorner     5145000.000000
cellsize      1000.000000
NODATA_value  -9999.0
[rows 0 to 27 of 48, columns 0 to 62 of 63]
-9999.0 -9999.0 -9999.0 -9999.0 -9999.0 -9999.0 -9999.0 -9999.0 -9999.0 -9999.0 -9999.0 -9999.0 -9999.0 -9999.0 -9999.0 -9999.0 -9999.0 -9999.0 -9999.0 -9999.0 -9999.0 -9999.0 -9999.0 -9999.0 -9999.0 -9999.0 -9999.0 -9999.0 -9999.0 -9999.0 -9999.0 -9999.0 -9999.0 -9999.0 -9999.0 -9999.0 -9999.0 -9999.0 -9999.0 -9999.0 -9999.0 -9999.0 -9999.0 -9999.0 -9999.0 -9999.0 -9999.0 -9999.0 -9999.0 -9999.0 -9999.0 -9999.0 -9999.0 -9999.0 -9999.0 -9999.0 -9999.0 -9999.0 -9999.0 -9999.0 -9999.0 -9999.0 -9999.0
-9999.0 -9999.0 -9999.0 -9999.0 -9999.0 -9999.0 -9999.0 -9999.0 -9999.0 -9999.0 -9999.0 -9999.0 -9999.0 -9999.0 -9999.0 -9999.0 -9999.0 -9999.0 -9999.0 -9999.0 -9999.0 -9999.0 -9999.0 -9999.0 -9999.0 -9999.0 -9999.0 -0.004633 0.065195 0.402886 -0.000942 -0.002269 -2.241724 -9999.0 -9999.0 -9999.0 -9999.0 -9999.0 -9999.0 -9999.0 -9999.0 -9999.0 -9999.0 -9999.0 -9999.0 -9999.0 -9999.0 -9999.0 -9999.0 -9999.0 -9999.0 -9999.0 -9999.0 -9999.0 -9999.0 -9999.0 -9999.0 -9999.0 -9999.0 -9999.0 -9999.0 -9999.0 -9999.0
-9999.0 -9999.0 -9999.0 -9999.0 -9999.0 -9999.0 -9999.0 -9999.0 -9999.0 -9999.0 -9999.0 -9999.0 -9999.0 -9999.0 -9999.0 -9999.0 -9999.0 -9999.0 -9999.0 -9999.0 -9999.0 -9999.0 -9999.0 -9999.0 0.363077 0.555625 0.913526 0.374404 0.898942 0.836591 -0.001145 -9999.0 -9999.0 -9999.0 -9999.0 -9999.0 -9999.0 -9999.0 -9999.0 -9999.0 -9999.0 -9999.0 -9999.0 -9999.0 -9999.0 -9999.0 -9999.0 -9999.0 -9999.0 -9999.0 -9999.0 -9999.0 -9999.0 -9999.0 -9999.0 -9999.0 -9999.0 -9999.0 -9999.0 -9999.0 -9999.0 -9999.0 -9999.0
-9999.0 -9999.0 -9999.0 -9999.0 -9999.0 -9999.0 -9999.0 -9999.0 -9999.0 -9999.0 -9999.0 -9999.0 -9999.0 -9999.0 -9999.0 -9999.0 -9999.0 -9999.0 -9999.0 -9999.0 -9999.0 -9999.0 -9999.0 0.655358 1.538979 3.267143 3.675910 3.788802 3.812803 0.929145 -0.001088 -0.001222 -9999.0 -9999.0 -9999.0 -9999.0 -9999.0 -9999.0 -9999.0 -9999.0 -9999.0 -9999.0 -9999.0 -9999.0 -9999.0 -9999.0 -9999.0 -9999.0 -9999.0 -9999.0 -9999.0 -9999.0 -9999.0 -9999.0 -9999.0 -9999.0 -9999.0 -9999.0 -9999.0 -9999.0 -9999.0 -9999.0 -9999.0
-9999.0 -9999.0 -9999.0 -9999.0 -9999.0 -9999.0 -9999.0 -9999.0 -9999.0 -9999.0 -9999.0 -9999.0 -9999.0 -9999.0 -9999.0 -9999.0 -9999.0 -9999.0 4.778978 1.453997 -9999.0 1.028824 1.528414 2.830298 3.082456 3.724579 3.451789 3.766215 2.724050 1.201901 0.587963 -0.000951 -0.670830 -0.861674 -9999.0 -9999.0 -9999.0 -9999.0 -9999.0 -9999.0 -9999.0 -9999.0 -9999.0 -9999.0 -9999.0 -9999.0 -9999.0 -9999.0 -9999.0 -9999.0 -9999.0 -9999.0 -9999.0 -9999.0 -9999.0 -9999.0 -9999.0 -9999.0 -9999.0 -9999.0 -9999.0 -9999.0 -9999.0
-9999.0 -9999.0 -9999.0 -9999.0 -9999.0 -9999.0 -9999.0 -9999.0 -9999.0 -9999.0 -9999.0 -9999.0 -9999.0 -9999.0 -9999.0 -9999.0 -9999.0 5.054177 3.718982 3.801815 2.087604 0.539868 1.279632 2.419872 4.103533 0.329056 -0.045828 1.032863 -0.037929 2.123430 2.028801 0.736305 0.804324 -0.004986 -0.780896 -0.952737 -9999.0 -9999.0 -9999.0 -9999.0 -9999.0 -9999.0 -9999.0 -9999.0 -9999.0 -9999.0 -9999.0 -9999.0 -9999.0 -9999.0 -9999.0 -9999.0 -9999.0 -9999.0 -9999.0 -9999.0 -9999.0 -9999.0 -9999.0 -9999.0 -9999.0 -9999.0 -9999.0
-9999.0 -9999.0 -9999.0 -9999.0 -9999.0 -9999.0 -9999.0 -9999.0 -9999.0 -9999.0 -9999.0 -9999.0 -9999.0 3.242467 2.447558 3.310732 4.603332 8.841839 4.698682 3.127334 3.133983 2.831707 3.403755 4.221541 -0.004143 1.435351 -0.288174 -0.035814 -0.028646 0.004205 -1.072410 1.218490 0.156010 0.003335 -0.010783 -1.008786 -9999.0 -9999.0 -9999.0 -9999.0 -9999.0 -9999.0 -9999.0 -9999.0 -9999.0 -9999.0 -9999.0 -9999.0 -9999.0 -9999.0 -9999.0 -9999.0 -9999.0 -9999.0 -9999.0 -9999.0 -9999.0 -9999.0 -9999.0 -9999.0 -9999.0 -9999.0 -9999.0
-9999.0 -9999.0 -9999.0 -9999.0 -9999.0 -9999.0 -9999.0 -9999.0 -9999.0 -9999.0 -9999.0 -9999.0 -9999.0 4.042747 4.257968 4.136809 3.955635 8.710653 8.928318 4.752902 3.856366 5.363950 2.688916 1.618801 2.376667 1.393652 0.074138 0.142718 -0.047561 -0.187533 -0.040872 0.002764 -0.626330 -0.998758 -0.900819 -9999.0 -9999.0 -9999.0 -9999.0 -9999.0 -9999.0 -9999.0 -9999.0 -9999.0 -9999.0 -9999.0 -9999.0 -9999.0 -9999.0 -9999.0 -9999.0 -9999.0 -9999.0 -9999.0 -9999.0 -9999.0 -9999.0 -9999.0 -9999.0 -9999.0 -9999.0 -9999.0 -9999.0
-9999.0 -9999.0 -9999.0 -9999.0 -9999.0 -9999.0 -9999.0 -9999.0 -9999.0 -9999.0 -9999.0 -9999.0 -9999.0 4.072743 3.592818 5.284030 3.648242 4.380191 9.228215 4.751322 6.441973 2.495066 0.666564 -0.009593 2.155483 1.773436 0.890760 -0.542171 -0.001052 -0.793185 -0.001163 -1.389660 -1.108230 -8.183409 -1.109310 -9999.0 -9999.0 -9999.0 -9999.0 -9999.0 -9999.0 -9999.0 -9999.0 -9999.0 -9999.0 -9999.0 -9999.0 -9999.0 -9999.0 -9999.0 -9999.0 -9999.0 -9999.0 -9999.0 -9999.0 -9999.0 -9999.0 -9999.0 -9999.0 -9999.0 -9999.0 -9999.0 -9999.0
-9999.0 -9999.0 -9999.0 -9999.0 -9999.0 -9999.0 -9999.0 -9999.0 -9999.0 -9999.0 -9999.0 -9999.0 2.776071 3.073977 4.886322 3.270116 2.283108 3.994108 9.465077 5.216856 3.200790 0.554265 1.042855 -0.018597 -1.173671 0.055646 -2.303687 -0.001096 0.131857 -0.703913 -1.909435 -0.723312 -0.002642 -1.047966 -9999.0 -9999.0 -9999.0 -9999.0 -9999.0 -9999.0 -9999.0 -9999.0 -9999.0 -9999.0 -9999.0 -9999.0 -9999.0 -9999.0 -9999.0 -9999.0 -9999.0 -9999.0 -9999.0 -9999.0 -9999.0 -9999.0 -9999.0 -9999.0 -9999.0 -9999.0 -9999.0 -9999.0 -9999.0
-9999.0 -9999.0 -9999.0 -9999.0 -9999.0 -9999.0 -9999.0 -9999.0 -9999.0 -9999.0 -9999.0 3.259546 4.291324 3.696745 4.346698 5.266634 4.251384 4.235700 9.412095 6.551730 2.564443 2.825519 1.644683 0.273101 1.191901 0.377160 -0.001383 0.027625 -0.012890 -0.979122 -0.740939 0.183831 -0.015098 -0.834603 -0.768827 -0.007386 -0.004210 0.021789 0.088824 -9999.0 -9999.0 -9999.0 -0.878700 -9999.0 -9999.0 -9999.0 -9999.0 -9999.0 -9999.0 -9999.0 -9999.0 -9999.0 -9999.0 -9999.0 -9999.0 -9999.0 -9999.0 -9999.0 -9999.0 -9999.0 -9999.0 -9999.0 -9999.0
-9999.0 -9999.0 -9999.0 -9999.0 -9999.0 -9999.0 -9999.0 -9999.0 -9999.0 -9999.0 -9999.0 2.831315 4.375238 5.887792 5.660827 4.266929 6.653905 4.686210 9.455945 7.286651 6.485795 3.505528 1.174527 -1.406243 -0.886998 0.046316 0.005166 0.414337 0.351931 -0.859148 0.011219 0.896904 -0.001244 -0.036659 -0.068288 0.013278 0.910338 1.127374 0.049352 -0.799203 -0.768450 -0.869316 -0.001096 -0.634774 -9999.0 -9999.0 -9999.0 -2.319722 -2.089393 -0.879164 -1.666489 -2.362202 -2.328021 -2.560291 -2.501065 -2.547348 -9999.0 -9999.0 -9999.0 -9999.0 -9999.0 -9999.0 -9999.0
-9999.0 -9999.0 -9999.0 -9999.0 -9999.0 -9999.0 -9999.0 -9999.0 -9999.0 -9999.0 -9999.0 2.576486 2.954740 1.878406 4.837545 5.073378 2.504083 3.904862 8.078644 7.196263 2.465703 0.223058 -0.648146 0.342463 0.041158 0.030870 -0.777570 -2.760008 -0.005709 -0.003360 -0.075542 -1.095993 0.429145 -0.022283 -0.664069 0.619393 -0.590310 -0.393845 1.760009 -0.035785 0.093600 -0.007776 0.412068 0.030520 -1.036057 -9999.0 -1.128431 -1.304763 -0.000857 0.164494 0.580407 0.671865 0.045794 -0.000750 -0.001265 -0.425175 -9999.0 -9999.0 -9999.0 -9999.0 -9999.0 -9999.0 -9999.0
-9999.0 -9999.0 -9999.0 -9999.0 -9999.0 -9999.0 -9999.0 -9999.0 -9999.0 -9999.0 -9999.0 -9999.0 2.966333 -0.015572 4.063305 4.306458 0.897824 2.949529 8.825145 7.110495 2.299056 1.024550 -0.030450 -0.318699 -1.777871 -0.867221 0.612767 0.488310 -0.000963 -0.613961 0.003635 -0.783795 0.765983 -0.001085 -0.001708 0.067863 -0.733496 -0.709201 2.912967 0.756126 1.294128 0.890216 -0.323574 0.954215 -0.359489 -1.344145 -0.915077 -0.679254 -1.758242 -0.402610 -0.010076 -0.751150 -2.947660 -1.245748 -1.880416 -0.000637 -0.013595 -9999.0 -9999.0 -9999.0 -9999.0 -9999.0 -9999.0
-9999.0 -9999.0 -9999.0 -9999.0 -9999.0 -9999.0 -9999.0 -9999.0 -9999.0 -9999.0 -9999.0 -0.365306 1.217658 3.294852 -0.019089 0.717816 1.934934 2.293868 8.189081 4.263941 2.563941 0.987129 -0.006566 -0.818091 -0.768594 -0.390032 -0.355151 -0.001137 -0.001226 0.134666 -0.849081 -0.996183 1.454245 -0.001006 -0.734125 0.011034 0.038640 -0.356677 0.048927 2.557657 -0.361702 -0.006503 -0.026153 -0.140360 1.678951 -0.001132 0.085470 0.177273 0.850920 -0.025243 -2.652263 -0.001141 -2.750988 -4.463957 -5.163755 -2.787007 -0.735719 -9999.0 -9999.0 -9999.0 -9999.0 -9999.0 -9999.0
-9999.0 -9999.0 -9999.0 -9999.0 -9999.0 -9999.0 -9999.0 -9999.0 -9999.0 -9999.0 0.234688 -0.051741 1.381442 1.605541 2.924015 -0.008639 -0.013145 0.155178 3.397524 3.915278 5.283500 3.444933 -0.401604 1.951727 -0.005139 -1.473089 -1.208159 -3.633042 0.720814 1.113029 -0.046546 -0.643368 0.997574 -0.001062 -1.039891 -0.043528 0.638064 -0.540610 -0.097256 0.283034 0.484423 1.302339 5.060472 1.089660 -0.017742 0.206647 0.146550 -0.227772 -0.094030 -0.001545 -3.799872 -0.977130 -5.636437 -3.490068 -3.097081 -0.000851 -0.000854 -9999.0 -9999.0 -9999.0 -9999.0 -9999.0 -9999.0
-9999.0 -9999.0 -9999.0 -9999.0 -9999.0 -9999.0 -9999.0 -9999.0 -9999.0 0.089264 1.130478 -0.036341 -0.028775 -0.371796 -0.044604 -0.032115 -0.019593 3.852049 3.315360 3.943436 5.648879 0.735525 0.481774 1.176766 0.044178 -1.288539 -1.967046 1.051501 -0.063071 -0.015274 0.061316 -1.485696 -0.007664 -0.934524 -0.783219 -0.060349 0.723711 -0.891173 -0.662760 -0.039760 -0.297289 -0.211009 -0.312425 1.791825 1.407736 -0.022821 2.714958 -0.479247 -0.464275 0.123580 -1.176364 -0.789915 -3.754388 -3.612538 -2.725089 -2.936563 -1.989393 -0.587083 -2.109259 -9999.0 -9999.0 -9999.0 -9999.0
-9999.0 -9999.0 -9999.0 -9999.0 -9999.0 -9999.0 -9999.0 -9999.0 -9999.0 0.074069 0.064373 1.240974 2.054462 -0.001728 -0.023796 -0.400354 2.324145 1.206435 3.875809 6.638035 6.247576 5.526713 3.864544 1.724414 -0.901375 -1.018439 -0.317011 -0.002074 0.628042 1.827490 1.478438 -1.862489 0.063720 -0.002822 -0.000831 -0.122001 -0.004960 0.701204 0.034606 1.481573 -0.554933 -1.186551 -0.183476 0.894471 2.681640 2.650820 2.475228 0.968967 -0.005308 0.288164 -2.735338 -4.695890 -3.661400 -3.186624 -0.893506 -3.832243 -1.798074 -1.216571 0.011443 -9999.0 -9999.0 -9999.0 -9999.0
-9999.0 -9999.0 -9999.0 -9999.0 -9999.0 -9999.0 -9999.0 -9999.0 -9999.0 -9999.0 0.002808 1.191728 -0.029104 -0.313745 0.136991 -0.019407 -0.001622 2.478172 4.652673 5.115786 6.360530 2.446573 -0.002611 -0.124553 -0.797327 -0.017418 0.209043 1.166944 1.244419 -1.427689 -1.770055 -2.592823 -3.023309 -0.001091 0.365737 1.434458 1.039931 1.349301 -0.004734 0.014736 -0.000032 1.020348 1.538480 -0.020694 -0.005346 -0.002861 1.570203 4.273929 3.378543 0.468720 -1.691403 -1.950337 -2.870202 -3.686724 -3.318762 -1.513736 -0.000297 -1.449691 -0.035409 -0.003458 -9999.0 -9999.0 -9999.0
-9999.0 -9999.0 -9999.0 -9999.0 -9999.0 -9999.0 -9999.0 -9999.0 -9999.0 -9999.0 -0.000944 0.174980 0.918280 -0.015370 2.819871 0.374199 -0.004737 2.450693 5.114118 5.727764 3.190016 1.324764 -0.003661 -0.045867 -0.016751 0.645399 1.804166 -0.002372 -1.114311 -2.744628 0.007254 0.720815 -3.007091 -0.001840 0.014334 1.523608 -1.397767 -0.041248 -1.267297 -0.001167 0.048721 2.015321 -0.336582 0.795514 1.393734 -0.174330 -0.001342 -0.005079 2.962584 3.015465 0.029064 -1.304879 -3.444165 -2.361608 -4.292102 -3.577257 -1.729935 -0.533545 1.485266 2.070873 -9999.0 -9999.0 -9999.0
-9999.0 -9999.0 -9999.0 -9999.0 -9999.0 -9999.0 -9999.0 -9999.0 0.297591 0.001754 -0.002201 0.386902 -0.775631 -0.181983 -0.038088 1.608079 2.739902 6.355395 6.002550 6.085906 4.910306 3.802607 2.912351 1.203889 0.937397 1.776386 2.760690 -0.636136 -0.991800 -2.651187 -0.923329 0.011330 0.017511 -0.001199 0.078626 0.050613 2.695475 -0.032813 -2.360487 -0.038389 0.204326 1.048714 -2.628997 -0.006819 1.050852 0.916683 -2.185294 -0.260676 -0.003008 2.463973 0.408370 -0.556217 -2.435558 -5.148269 -3.241717 -0.001735 -0.327025 1.307089 0.812314 4.385678 -9999.0 -9999.0 -9999.0
-9999.0 -9999.0 -9999.0 -9999.0 -9999.0 -9999.0 -9999.0 -9999.0 -2.825182 -0.764885 -2.148655 -0.001122 0.063815 -1.923477 -0.755035 -0.002905 1.739543 2.326103 5.277380 6.626320 9.657834 8.638811 7.843097 6.683690 3.164093 3.240347 0.681589 -0.048383 -2.907147 -0.000946 -0.006276 -0.006457 0.125070 -0.004689 0.363195 0.795425 3.942789 0.141555 -0.124738 0.569947 0.010872 -0.004002 0.030209 0.704908 0.054160 -0.506775 -3.099053 0.258870 -0.054959 1.518724 1.853162 -0.032737 -3.361167 -1.498390 0.025267 -1.613616 -0.624397 -0.005969 3.305862 5.868477 6.562642 -9999.0 -9999.0
-9999.0 -9999.0 -9999.0 -9999.0 -9999.0 -9999.0 -9999.0 -9999.0 0.009151 -0.000018 -0.001910 -2.957288 0.260886 -2.420503 -0.503544 -0.616973 0.370472 3.003480 5.225043 9.399803 7.085509 8.972556 8.835079 5.661202 6.772874 3.070355 0.220858 -1.064843 -3.454355 0.018485 0.053258 1.036495 -1.358482 -1.045099 1.240471 3.465541 -0.004400 1.882897 -0.021415 -0.266563 0.472222 0.187900 0.433738 -0.000026 -0.908331 0.344641 -0.178761 -0.000425 -1.586881 -0.003645 2.699598 0.277778 -2.326288 -3.242664 -0.129597 -0.023111 1.036355 2.667525 5.544299 6.164938 6.482464 -9999.0 -9999.0
-9999.0 -9999.0 -9999.0 -9999.0 -9999.0 -9999.0 -9999.0 -9999.0 -0.890293 0.440346 -0.215468 -3.380689 0.142356 -1.001807 -0.185121 0.076200 3.775920 5.031553 6.821548 5.496055 6.543723 6.987474 8.653723 7.787650 3.464558 0.957468 -0.002914 -1.809418 0.883526 -0.208982 -0.452670 -0.082793 -0.002782 -0.021627 -0.045224 2.435075 4.254445 3.930574 0.739482 -0.015697 1.088197 1.315625 1.282334 1.064743 0.080142 0.184914 0.790644 0.695826 0.041388 -0.630374 -0.002210 2.378438 0.298889 -0.044142 0.529707 1.608033 3.665150 4.797620 5.634343 6.230782 5.322066 2.618798 -9999.0
-9999.0 -9999.0 -9999.0 -9999.0 -9999.0 -9999.0 -9999.0 -9999.0 -2.203522 0.115231 -2.046117 -1.403771 -0.273419 -0.113637 1.819004 2.563132 4.426790 2.390133 0.883496 2.719538 4.576590 6.453692 6.595583 6.260331 5.785655 0.240202 -0.921002 -0.016601 0.029088 -0.012588 -0.165770 0.221482 2.838516 1.224179 0.724815 1.852206 3.254077 5.877092 5.254308 2.484925 1.026605 0.938847 0.939077 0.042463 -0.540342 1.707276 -0.079832 -0.031288 -0.117044 0.153048 1.922432 1.600120 1.952029 1.726372 2.443444 2.855888 3.640399 4.752480 5.528857 5.401264 4.060473 2.030174 -9999.0
-9999.0 -9999.0 0.220326 0.321408 -3.273718 -1.143875 -2.281716 -1.882219 -0.001301 -0.000339 -0.733222 -0.225539 -0.081188 0.081083 3.569269 1.509058 -0.006878 -1.057797 -0.305465 0.078925 2.587153 5.320747 6.015151 5.948510 4.392458 1.867007 0.108004 0.332932 2.496183 3.506683 -0.002872 0.784171 5.988440 3.275226 4.586871 4.469862 6.977561 8.117794 7.016400 4.346418 4.615738 4.689646 4.119807 3.156087 -0.002604 0.785297 1.768375 1.553695 3.023487 4.020354 4.644329 4.200447 3.369963 2.693798 2.591333 5.922667 3.341004 4.024031 3.925387 3.419661 4.434616 1.243154 -9999.0
-9999.0 -0.356878 -0.438960 -0.631242 -1.044032 -0.825331 -1.988338 -2.354031 -3.325911 -0.000986 -1.510607 -0.692875 -0.001289 2.648940 2.203220 -0.182218 -0.787770 -1.404714 -0.930829 -0.003020 2.367747 4.123775 6.727652 4.806745 7.043850 4.145545 5.337076 5.686659 4.859231 3.708192 3.416459 3.594947 5.329244 8.581303 7.641595 8.918647 10.520143 11.016216 10.724441 9.071926 8.173026 8.036554 7.334447 4.652285 3.365170 3.758957 4.915250 5.766329 6.512865 5.999970 5.170939 4.160153 3.128677 2.248803 2.166218 1.630269 0.656932 1.017947 1.407833 2.512853 0.413972 1.034552 -9999.0
-9999.0 2.170037 -0.027550 -0.030600 0.975623 -0.039282 -2.349568 -2.862031 -0.003944 -0.003017 -2.032126 -1.077670 0.146221 2.388759 -0.058948 -2.329010 -2.183200 -1.706112 -0.273700 -0.009898 3.025600 1.992156 2.988694 3.298443 6.957138 7.863471 5.270829 6.045341 6.279001 6.229551 6.373097 6.141962 7.235107 8.125251 11.243375 11.173492 15.633580 16.651224 13.571809 12.497729 11.802877 10.843493 9.752162 7.910729 7.771084 7.633378 7.802299 7.633955 6.990806 6.171341 4.361099 2.015718 0.797963 1.435442 0.523744 -0.002204 -0.229145 -0.003684 -0.001825 -0.006551 -0.002570 -9999.0 -9999.0
