user2019/resources/simulation/Vinschgau/output-maps/TL0008N1453.asc
ncols         63
nrows         48
xllcorner     598000.000000
yllcorner     5145000.000000
cellsize      1000.000000
NODATA_value  -9999.0
[rows 0 to 27 of 48, columns 0 to 62 of 63]
-9999.0 -9999.0 -9999.0 -9999.0 -9999.0 -9999.0 -9999.0 -9999.0 -9999.0 -9999.0 -9999.0 -9999.0 -9999.0 -9999.0 -9999.0 -9999.0 -9999.0 -9999.0 -9999.0 -9999.0 -9999.0 -9999.0 -9999.0 -9999.0 -9999.0 -9999.0 -9999.0 -9999.0 -9999.0 -9999.0 -9999.0 -9999.0 -9999.0 -9999.0 -9999.0 -9999.0 -9999.0 -9999.0 -9999.0 -9999.0 -9999.0 -9999.0 -9999.0 -9999.0 -9999.0 -9999.0 -9999.0 -9999.0 -9999.0 -9999.0 -9999.0 -9999.0 -9999.0 -9999.0 -9999.0 -9999.0 -9999.0 -9999.0 -9999.0 -9999.0 -9999.0 -9999.0 -9999.0
-9999.0 -9999.0 -9999.0 -9999.0 -9999.0 -9999.0 -9999.0 -9999.0 -9999.0 -9999.0 -9999.0 -9999.0 -9999.0 -9999.0 -9999.0 -9999.0 -9999.0 -9999.0 -9999.0 -9999.0 -9999.0 -9999.0 -9999.0 -9999.0 -9999.0 -9999.0 -9999.0 -0.010122 -0.002006 -0.003236 -0.002546 -1.080524 -3.896121 -9999.0 -9999.0 -9999.0 -9999.0 -9999.0 -9999.0 -9999.0 -9999.0 -9999.0 -9999.0 -9999.0 -9999.0 -9999.0 -9999.0 -9999.0 -9999.0 -9999.0 -9999.0 -9999.0 -9999.0 -9999.0 -9999.0 -9999.0 -9999.0 -9999.0 -9999.0 -9999.0 -9999.0 -9999.0 -9999.0
-9999.0 -9999.0 -9999.0 -9999.0 -9999.0 -9999.0 -9999.0 -9999.0 -9999.0 -9999.0 -9999.0 -9999.0 -9999.0 -9999.0 -9999.0 -9999.0 -9999.0 -9999.0 -9999.0 -9999.0 -9999.0 -9999.0 -9999.0 -9999.0 -0.000204 0.000730 0.014555 -0.000153 0.016960 0.005136 -0.006428 -9999.0 -9999.0 -9999.0 -9999.0 -9999.0 -9999.0 -9999.0 -9999.0 -9999.0 -9999.0 -9999.0 -9999.0 -9999.0 -9999.0 -9999.0 -9999.0 -9999.0 -9999.0 -9999.0 -9999.0 -9999.0 -9999.0 -9999.0 -9999.0 -9999.0 -9999.0 -9999.0 -9999.0 -9999.0 -9999.0 -9999.0 -9999.0
-9999.0 -9999.0 -9999.0 -9999.0 -9999.0 -9999.0 -9999.0 -9999.0 -9999.0 -9999.0 -9999.0 -9999.0 -9999.0 -9999.0 -9999.0 -9999.0 -9999.0 -9999.0 -9999.0 -9999.0 -9999.0 -9999.0 -9999.0 0.001855 0.137456 2.432719 2.935190 3.047261 2.937032 0.005520 -0.004610 -2.487194 -9999.0 -9999.0 -9999.0 -9999.0 -9999.0 -9999.0 -9999.0 -9999.0 -9999.0 -9999.0 -9999.0 -9999.0 -9999.0 -9999.0 -9999.0 -9999.0 -9999.0 -9999.0 -9999.0 -9999.0 -9999.0 -9999.0 -9999.0 -9999.0 -9999.0 -9999.0 -9999.0 -9999.0 -9999.0 -9999.0 -9999.0
-9999.0 -9999.0 -9999.0 -9999.0 -9999.0 -9999.0 -9999.0 -9999.0 -9999.0 -9999.0 -9999.0 -9999.0 -9999.0 -9999.0 -9999.0 -9999.0 -9999.0 -9999.0 2.881570 0.085649 -9999.0 0.022352 0.124928 1.985598 2.350630 2.939945 2.000586 2.261737 1.958250 0.448136 0.000096 -0.002436 -2.889776 -4.330687 -9999.0 -9999.0 -9999.0 -9999.0 -9999.0 -9999.0 -9999.0 -9999.0 -9999.0 -9999.0 -9999.0 -9999.0 -9999.0 -9999.0 -9999.0 -9999.0 -9999.0 -9999.0 -9999.0 -9999.0 -9999.0 -9999.0 -9999.0 -9999.0 -9999.0 -9999.0 -9999.0 -9999.0 -9999.0
-9999.0 -9999.0 -9999.0 -9999.0 -9999.0 -9999.0 -9999.0 -9999.0 -9999.0 -9999.0 -9999.0 -9999.0 -9999.0 -9999.0 -9999.0 -9999.0 -9999.0 4.750937 3.399530 2.858827 0.110452 0.052507 0.445532 1.347524 2.526681 0.075144 -0.082259 0.340715 -0.036696 1.341084 0.490472 0.001632 -0.002427 -0.009729 -3.567700 -4.476588 -9999.0 -9999.0 -9999.0 -9999.0 -9999.0 -9999.0 -9999.0 -9999.0 -9999.0 -9999.0 -9999.0 -9999.0 -9999.0 -9999.0 -9999.0 -9999.0 -9999.0 -9999.0 -9999.0 -9999.0 -9999.0 -9999.0 -9999.0 -9999.0 -9999.0 -9999.0 -9999.0
-9999.0 -9999.0 -9999.0 -9999.0 -9999.0 -9999.0 -9999.0 -9999.0 -9999.0 -9999.0 -9999.0 -9999.0 -9999.0 1.022095 1.420393 2.933841 4.229875 6.553572 4.354621 2.071495 2.086925 1.820104 2.362163 2.563638 -0.004434 0.098883 -1.211632 -0.067134 -0.123785 -0.002029 -1.583608 0.069421 -0.001080 -0.002103 -0.896447 -4.726401 -9999.0 -9999.0 -9999.0 -9999.0 -9999.0 -9999.0 -9999.0 -9999.0 -9999.0 -9999.0 -9999.0 -9999.0 -9999.0 -9999.0 -9999.0 -9999.0 -9999.0 -9999.0 -9999.0 -9999.0 -9999.0 -9999.0 -9999.0 -9999.0 -9999.0 -9999.0 -9999.0
-9999.0 -9999.0 -9999.0 -9999.0 -9999.0 -9999.0 -9999.0 -9999.0 -9999.0 -9999.0 -9999.0 -9999.0 -9999.0 1.820036 3.395253 3.752355 3.652225 6.597852 6.613794 3.555724 3.411251 3.599801 2.331616 1.252706 1.427894 0.572440 -0.002030 -0.004452 -1.477964 -0.733278 -0.203340 -0.002484 -2.565948 -4.521331 -3.998208 -9999.0 -9999.0 -9999.0 -9999.0 -9999.0 -9999.0 -9999.0 -9999.0 -9999.0 -9999.0 -9999.0 -9999.0 -9999.0 -9999.0 -9999.0 -9999.0 -9999.0 -9999.0 -9999.0 -9999.0 -9999.0 -9999.0 -9999.0 -9999.0 -9999.0 -9999.0 -9999.0 -9999.0
-9999.0 -9999.0 -9999.0 -9999.0 -9999.0 -9999.0 -9999.0 -9999.0 -9999.0 -9999.0 -9999.0 -9999.0 -9999.0 3.049701 2.283371 4.293314 3.253841 3.952398 6.863779 4.351428 4.328124 1.444333 0.352170 -0.010467 1.263870 0.929517 -0.002329 -2.289943 -2.348865 -3.486230 -0.009691 -4.963405 -5.065579 -10.150247 -5.048176 -9999.0 -9999.0 -9999.0 -9999.0 -9999.0 -9999.0 -9999.0 -9999.0 -9999.0 -9999.0 -9999.0 -9999.0 -9999.0 -9999.0 -9999.0 -9999.0 -9999.0 -9999.0 -9999.0 -9999.0 -9999.0 -9999.0 -9999.0 -9999.0 -9999.0 -9999.0 -9999.0 -9999.0
-9999.0 -9999.0 -9999.0 -9999.0 -9999.0 -9999.0 -9999.0 -9999.0 -9999.0 -9999.0 -9999.0 -9999.0 1.687045 1.707470 3.794899 2.094856 1.854837 3.605440 7.283314 4.059762 2.148202 0.049609 0.302958 -0.006927 -1.706577 -0.002037 -2.812974 -0.013049 -0.000967 -2.991871 -4.351688 -3.193370 -2.887854 -5.117589 -9999.0 -9999.0 -9999.0 -9999.0 -9999.0 -9999.0 -9999.0 -9999.0 -9999.0 -9999.0 -9999.0 -9999.0 -9999.0 -9999.0 -9999.0 -9999.0 -9999.0 -9999.0 -9999.0 -9999.0 -9999.0 -9999.0 -9999.0 -9999.0 -9999.0 -9999.0 -9999.0 -9999.0 -9999.0
-9999.0 -9999.0 -9999.0 -9999.0 -9999.0 -9999.0 -9999.0 -9999.0 -9999.0 -9999.0 -9999.0 1.132258 3.175605 3.120814 3.188876 2.704972 3.043357 3.802118 7.383685 5.361448 2.152519 1.954123 0.085605 -0.001332 0.488175 -0.000654 -1.966651 -0.001983 -2.871480 -4.463651 -3.338940 -0.000841 -0.978368 -3.971938 -3.493272 -0.078788 -0.501958 -0.003400 -0.003164 -9999.0 -9999.0 -9999.0 -4.133845 -9999.0 -9999.0 -9999.0 -9999.0 -9999.0 -9999.0 -9999.0 -9999.0 -9999.0 -9999.0 -9999.0 -9999.0 -9999.0 -9999.0 -9999.0 -9999.0 -9999.0 -9999.0 -9999.0 -9999.0
-9999.0 -9999.0 -9999.0 -9999.0 -9999.0 -9999.0 -9999.0 -9999.0 -9999.0 -9999.0 -9999.0 0.765244 3.408604 4.881721 4.665977 1.634715 5.690389 4.278457 7.419099 5.693275 4.396271 1.558942 0.052618 -2.107328 -1.288751 -0.002011 -0.002192 -0.000388 -0.002849 -4.060876 -0.001981 0.009986 -2.670397 -3.430893 -3.816012 -0.002475 0.006394 0.002442 -0.003055 -3.741945 -3.634952 -4.100075 -0.002449 -2.708494 -9999.0 -9999.0 -9999.0 -4.963326 -4.215280 -3.819485 -3.590749 -4.832363 -5.003325 -4.771873 -4.540075 -5.281305 -9999.0 -9999.0 -9999.0 -9999.0 -9999.0 -9999.0 -9999.0
-9999.0 -9999.0 -9999.0 -9999.0 -9999.0 -9999.0 -9999.0 -9999.0 -9999.0 -9999.0 -9999.0 0.587156 0.788885 1.126496 2.486935 2.448883 1.668295 3.709844 6.206934 5.629559 2.338069 -0.001408 -1.069125 -0.000102 -0.002020 -0.007142 -1.225704 -3.259530 -0.025690 -3.625057 -1.447639 -1.493613 -0.000332 -3.285004 -2.823001 0.000431 -0.784951 -1.147140 0.094933 -1.048723 -0.002508 -0.091952 -0.000913 -0.002019 -3.422873 -9999.0 -5.188715 -3.414233 -0.003015 -0.000897 -0.000612 -0.002510 -0.002041 -0.006507 -0.010115 -3.169649 -9999.0 -9999.0 -9999.0 -9999.0 -9999.0 -9999.0 -9999.0
-9999.0 -9999.0 -9999.0 -9999.0 -9999.0 -9999.0 -9999.0 -9999.0 -9999.0 -9999.0 -9999.0 -9999.0 0.934956 -0.002058 1.669613 1.873380 0.705433 2.761203 6.791531 5.602416 2.151666 0.494135 -0.034651 -0.714057 -2.504690 -1.349460 0.012494 -0.001921 -0.003258 -2.587306 -0.002159 -1.236502 -0.000147 -0.032691 -2.803649 -0.002130 -1.181859 -0.982675 1.307138 -0.002232 0.026495 -0.002372 -0.709014 0.022977 -1.702569 -3.561045 -4.060180 -3.281069 -2.459101 -0.795922 -0.000803 -1.122834 -3.425403 -1.884167 -2.581573 -0.012263 -3.079226 -9999.0 -9999.0 -9999.0 -9999.0 -9999.0 -9999.0
-9999.0 -9999.0 -9999.0 -9999.0 -9999.0 -9999.0 -9999.0 -9999.0 -9999.0 -9999.0 -9999.0 -0.818435 0.026662 0.992847 -0.024736 0.270724 1.200470 2.129678 6.110021 4.134850 2.415118 0.870732 -0.002040 -1.282321 -1.211359 -0.612466 -0.749872 -0.007805 -0.648224 -0.004471 -1.325021 -1.373708 0.081920 -0.008121 -3.898099 -0.002405 -0.002856 -0.760579 -0.005013 0.687453 -0.769764 -0.002160 -0.030180 -0.545358 0.152263 -0.004768 -0.001460 -0.004030 -0.002337 -0.011155 -3.522979 -0.004081 -3.589596 -5.654183 -6.188777 -4.907098 -3.129748 -9999.0 -9999.0 -9999.0 -9999.0 -9999.0 -9999.0
-9999.0 -9999.0 -9999.0 -9999.0 -9999.0 -9999.0 -9999.0 -9999.0 -9999.0 -9999.0 -0.000191 -0.268530 0.071596 0.107234 1.017184 -0.004347 -0.009415 0.077602 3.252626 3.790561 3.885510 2.272426 -0.546920 0.381978 -0.002026 -1.910252 -1.854274 -4.565328 -0.000621 0.014284 -0.059221 -1.729069 0.011732 -0.013572 -4.887331 -1.287712 -0.000761 -0.942132 -0.088010 0.006919 0.041810 0.753359 3.210803 1.038003 -0.003100 -0.003881 -0.001253 -0.599646 -0.140415 -0.001620 -4.998575 -4.160151 -6.653250 -5.660955 -5.256480 -0.024009 -0.007305 -9999.0 -9999.0 -9999.0 -9999.0 -9999.0 -9999.0
-9999.0 -9999.0 -9999.0 -9999.0 -9999.0 -9999.0 -9999.0 -9999.0 -9999.0 -0.002005 0.092638 -0.047633 -0.031160 -0.778959 -0.044482 -0.034404 -0.003506 2.012105 3.166368 3.816988 4.243905 0.585560 0.395863 0.648428 -0.000545 -1.448209 -2.755586 0.014752 -0.230818 -0.003806 -0.000800 -1.646042 -0.215757 -4.295600 -3.725062 -1.361152 0.001974 -1.396772 -1.080557 -0.062422 -0.317831 -0.308023 -0.440056 1.796980 1.292046 -0.012107 0.982804 -0.877758 -0.857366 0.002659 -1.792434 -3.368850 -6.164221 -6.138888 -4.880362 -3.773645 -2.806639 -2.376039 -4.533076 -9999.0 -9999.0 -9999.0 -9999.0
-9999.0 -9999.0 -9999.0 -9999.0 -9999.0 -9999.0 -9999.0 -9999.0 -9999.0 -0.002040 -0.002004 0.023313 0.771405 -0.001796 -0.008894 -0.803774 0.716351 0.708735 3.727877 5.222566 4.844550 3.898164 2.414057 0.488639 -1.061887 -1.565901 -0.715309 -0.001996 0.151244 0.630640 0.328646 -2.022941 -0.001978 -3.156000 -0.003035 -1.460576 -0.013309 -0.002646 -0.002121 0.081837 -0.959598 -1.825742 -0.578992 0.405119 2.576567 2.179217 1.935531 0.521316 -0.002563 0.005411 -2.894536 -5.569334 -5.961424 -5.095855 -3.713743 -4.703419 -2.632336 -1.919897 -0.008501 -9999.0 -9999.0 -9999.0 -9999.0
-9999.0 -9999.0 -9999.0 -9999.0 -9999.0 -9999.0 -9999.0 -9999.0 -9999.0 -9999.0 -0.002408 0.024313 -0.031267 -0.005895 -0.002326 -0.003425 -0.001693 1.881796 4.506355 4.597388 4.955292 2.252385 -0.002723 -0.173812 -1.247290 -0.002435 0.001501 0.661223 0.141212 -1.584783 -1.929928 -3.093635 -3.915114 -1.467332 -0.000426 0.075172 0.026160 0.090250 -0.012584 -0.002069 -0.003492 0.030533 0.258146 -0.007107 -0.006417 -0.003007 1.422834 2.938693 2.767699 0.099509 -1.845365 -2.788940 -5.000848 -5.873276 -5.265669 -3.480055 -0.002158 -1.926723 -0.041383 -0.002019 -9999.0 -9999.0 -9999.0
-9999.0 -9999.0 -9999.0 -9999.0 -9999.0 -9999.0 -9999.0 -9999.0 -9999.0 -9999.0 -0.004553 -0.001154 0.015390 -0.004015 1.603152 0.260182 -0.005069 2.314876 4.979926 5.166917 3.036025 1.152880 -0.003877 -0.382133 -0.002305 0.161260 1.324089 -0.002354 -1.272000 -3.619386 -0.002192 0.008754 -4.006344 -3.194814 -0.002059 0.162339 -1.842325 -0.072226 -1.928110 -0.026901 -0.001988 0.158719 -0.728463 0.001886 0.157484 -0.258281 -0.001406 -0.006346 2.826580 2.426696 -0.001531 -2.106285 -4.287972 -4.572936 -6.517121 -5.720048 -3.554974 -0.961917 1.432772 1.627812 -9999.0 -9999.0 -9999.0
-9999.0 -9999.0 -9999.0 -9999.0 -9999.0 -9999.0 -9999.0 -9999.0 -0.000180 -0.002246 -1.426397 0.000188 -1.069216 -0.574445 -0.041237 1.507596 2.583169 4.773055 5.456557 5.516762 4.757021 3.623202 2.716957 0.979287 0.512916 1.665036 1.341687 -0.792158 -1.650355 -3.536819 -4.095826 -0.002039 -0.002004 -2.666380 -0.001788 -0.002045 0.875525 -0.035096 -2.525522 -1.341273 -0.004027 0.036608 -3.552991 -0.073898 -0.002202 0.039095 -2.345101 -0.650068 -0.003565 2.044655 0.027760 -0.701466 -3.576951 -6.005726 -5.322909 -2.681202 -1.678988 0.099041 0.472379 4.269509 -9999.0 -9999.0 -9999.0
-9999.0 -9999.0 -9999.0 -9999.0 -9999.0 -9999.0 -9999.0 -9999.0 -3.305625 -1.187692 -2.987504 -0.961430 -0.002009 -2.360126 -0.913461 -0.003055 1.595741 2.177859 5.130842 6.060147 7.868615 6.983207 5.870976 4.534013 3.000373 3.115590 0.566206 -0.254185 -4.301860 -0.017862 -3.207751 -0.025596 -0.001246 -0.009942 -0.000014 0.007641 2.076069 -0.002596 -0.450995 -0.000016 -0.002147 -0.206143 -0.007297 0.000866 -0.000114 -0.908009 -4.034327 -0.000980 -0.193296 1.447573 1.376435 -0.167283 -3.963737 -3.415272 -0.002043 -1.650054 -1.650730 -0.002691 2.758232 5.399259 6.038949 -9999.0 -9999.0
-9999.0 -9999.0 -9999.0 -9999.0 -9999.0 -9999.0 -9999.0 -9999.0 -0.002099 -0.000994 -0.003910 -3.794373 -0.000066 -3.309698 -0.904896 -0.773128 0.251859 2.387113 5.080563 7.708205 6.522521 7.472364 7.122071 5.014366 5.297454 2.927225 0.095290 -1.222526 -4.677095 -0.001981 -0.005531 0.038174 -2.044556 -1.605327 0.066287 1.640531 -0.003365 1.831976 -0.024160 -0.659346 -0.000443 -0.004238 0.000157 -0.001613 -1.427393 -0.000180 -1.477197 -0.001941 -2.417297 -0.004724 2.627834 0.006694 -2.596416 -3.975149 -0.882317 -0.027193 0.561403 2.303485 4.977989 5.713945 6.011968 -9999.0 -9999.0
-9999.0 -9999.0 -9999.0 -9999.0 -9999.0 -9999.0 -9999.0 -9999.0 -3.778614 -0.000331 -0.654347 -4.686818 -0.000443 -1.542861 -0.261795 -0.000927 3.636809 4.891196 5.479347 5.365341 5.987929 6.440909 7.269945 6.387628 3.328418 0.822866 -0.003192 -1.972216 0.013164 -0.565799 -0.852418 -0.312916 -0.002833 -0.026887 -0.089762 0.602015 2.297232 3.783604 0.669582 -0.004362 0.011033 0.028710 0.026693 -0.002215 -0.000925 -0.004102 -0.000146 -0.002584 -0.002032 -1.040748 -0.002275 2.285694 0.003923 -0.805492 0.027369 1.142306 3.213064 4.698879 5.528673 5.764217 4.821714 2.498844 -9999.0
-9999.0 -9999.0 -9999.0 -9999.0 -9999.0 -9999.0 -9999.0 -9999.0 -4.064687 -0.000436 -2.512129 -1.554369 -0.385491 -0.075607 0.493666 2.110577 3.225079 2.277426 0.740670 2.577091 4.442143 5.925589 6.050947 5.709496 4.198939 0.127667 -1.081277 -0.002316 -0.001490 -0.014542 -0.245829 0.001877 2.424328 0.720457 0.371611 1.193050 2.594919 5.726827 5.103659 2.005093 0.565950 0.415438 0.584635 -0.002361 -0.947077 0.144658 -0.309226 -0.036176 -0.429982 -0.002303 1.388723 1.470621 1.844598 1.210949 1.991763 2.445985 3.242511 4.307185 5.071932 4.824531 3.926186 1.906146 -9999.0
-9999.0 -9999.0 -0.002046 -0.000226 -3.762369 -1.749100 -3.019502 -2.680648 -1.415444 -0.003120 -1.170228 -0.007633 -0.065217 -0.002228 2.193673 1.092508 -0.010514 -1.209025 -0.692415 0.021292 2.443408 5.190822 5.527074 5.814562 3.843089 1.725431 0.026325 0.239686 2.370174 2.175349 -0.002989 0.642322 4.638550 3.127883 3.962909 4.315624 6.361392 7.963570 6.858444 4.183668 3.954428 4.047534 3.970681 2.614223 0.005044 0.377079 1.324676 1.505556 2.375657 3.455534 4.079706 3.718893 2.941890 2.271108 2.172644 4.413801 2.944326 3.574654 3.376131 3.295060 3.048342 1.116046 -9999.0
-9999.0 -0.754819 -0.838071 -1.044688 -1.603436 -0.836527 -3.099444 -3.216774 -4.178029 -1.818168 -2.343920 -0.841106 -0.000334 1.368228 0.965164 -0.270050 -1.252745 -2.082276 -1.437194 -0.003149 2.225637 3.983240 5.428565 4.693740 5.568768 3.561708 3.835045 4.200856 4.260634 3.195489 2.769782 2.971540 4.714820 7.136439 7.037921 8.326955 9.896318 10.864668 10.134479 8.465641 7.545392 7.431850 6.719369 4.502406 3.215991 3.614043 4.422731 5.629351 5.943273 5.894214 4.705070 3.722048 2.726792 1.823030 1.740624 1.182437 0.545495 0.905006 0.942022 1.193662 0.285617 0.906040 -9999.0
-9999.0 0.650967 -0.030127 -0.032963 0.159299 -0.345254 -2.509782 -3.728937 -2.702334 -2.709464 -2.883384 -1.226125 0.039617 1.118502 -0.068031 -2.926162 -3.016425 -2.457859 -0.335870 -0.010660 1.755823 1.876050 2.877805 2.857286 5.308281 6.190496 5.135745 5.496912 5.791541 6.087849 6.232075 5.996391 6.678270 7.592920 9.840532 10.628460 13.945516 14.984246 12.989927 11.905563 11.213712 10.296231 9.141579 7.774777 7.638476 7.494729 7.289974 7.148507 6.513233 5.697493 3.885216 1.908975 0.688838 1.327175 0.417904 -0.001603 -0.424014 -0.001799 -0.001754 -0.002087 -0.001469 -9999.0 -9999.0
