user2019/resources/simulation/Vinschgau/output-maps/TL0001N0980.asc
ncols         63
nrows         48
xllcorner     598000.000000
yllcorner     5145000.000000
cellsize      1000.000000
NODATA_value  -9999.0
[rows 0 to 27 of 48, columns 0 to 62 of 63]
-9999.0 -9999.0 -9999.0 -9999.0 -9999.0 -9999.0 -9999.0 -9999.0 -9999.0 -9999.0 -9999.0 -9999.0 -9999.0 -9999.0 -9999.0 -9999.0 -9999.0 -9999.0 -9999.0 -9999.0 -9999.0 -9999.0 -9999.0 -9999.0 -9999.0 -9999.0 -9999.0 -9999.0 -9999.0 -9999.0 -9999.0 -9999.0 -9999.0 -9999.0 -9999.0 -9999.0 -9999.0 -9999.0 -9999.0 -9999.0 -9999.0 -9999.0 -9999.0 -9999.0 -9999.0 -9999.0 -9999.0 -9999.0 -9999.0 -9999.0 -9999.0 -9999.0 -9999.0 -9999.0 -9999.0 -9999.0 -9999.0 -9999.0 -9999.0 -9999.0 -9999.0 -9999.0 -9999.0
-9999.0 -9999.0 -9999.0 -9999.0 -9999.0 -9999.0 -9999.0 -9999.0 -9999.0 -9999.0 -9999.0 -9999.0 -9999.0 -9999.0 -9999.0 -9999.0 -9999.0 -9999.0 -9999.0 -9999.0 -9999.0 -9999.0 -9999.0 -9999.0 -9999.0 -9999.0 -9999.0 -4.951128 -4.947039 -4.828825 -5.382480 -4.824355 -5.471712 -9999.0 -9999.0 -9999.0 -9999.0 -9999.0 -9999.0 -9999.0 -9999.0 -9999.0 -9999.0 -9999.0 -9999.0 -9999.0 -9999.0 -9999.0 -9999.0 -9999.0 -9999.0 -9999.0 -9999.0 -9999.0 -9999.0 -9999.0 -9999.0 -9999.0 -9999.0 -9999.0 -9999.0 -9999.0 -9999.0
-9999.0 -9999.0 -9999.0 -9999.0 -9999.0 -9999.0 -9999.0 -9999.0 -9999.0 -9999.0 -9999.0 -9999.0 -9999.0 -9999.0 -9999.0 -9999.0 -9999.0 -9999.0 -9999.0 -9999.0 -9999.0 -9999.0 -9999.0 -9999.0 -4.485380 -3.046690 -2.723153 -3.003232 -3.958491 -4.014344 -4.428928 -9999.0 -9999.0 -9999.0 -9999.0 -9999.0 -9999.0 -9999.0 -9999.0 -9999.0 -9999.0 -9999.0 -9999.0 -9999.0 -9999.0 -9999.0 -9999.0 -9999.0 -9999.0 -9999.0 -9999.0 -9999.0 -9999.0 -9999.0 -9999.0 -9999.0 -9999.0 -9999.0 -9999.0 -9999.0 -9999.0 -9999.0 -9999.0
-9999.0 -9999.0 -9999.0 -9999.0 -9999.0 -9999.0 -9999.0 -9999.0 -9999.0 -9999.0 -9999.0 -9999.0 -9999.0 -9999.0 -9999.0 -9999.0 -9999.0 -9999.0 -9999.0 -9999.0 -9999.0 -9999.0 -9999.0 -2.711008 -1.578116 0.112476 0.629123 1.022575 0.225475 -2.443671 -5.301157 -4.891475 -9999.0 -9999.0 -9999.0 -9999.0 -9999.0 -9999.0 -9999.0 -9999.0 -9999.0 -9999.0 -9999.0 -9999.0 -9999.0 -9999.0 -9999.0 -9999.0 -9999.0 -9999.0 -9999.0 -9999.0 -9999.0 -9999.0 -9999.0 -9999.0 -9999.0 -9999.0 -9999.0 -9999.0 -9999.0 -9999.0 -9999.0
-9999.0 -9999.0 -9999.0 -9999.0 -9999.0 -9999.0 -9999.0 -9999.0 -9999.0 -9999.0 -9999.0 -9999.0 -9999.0 -9999.0 -9999.0 -9999.0 -9999.0 -9999.0 -0.010650 -1.966890 -9999.0 -2.292726 -1.660916 -0.007460 0.256951 1.255304 -0.005939 -0.006419 -0.002676 -0.050746 -2.866593 -4.554064 -6.012497 -8.027157 -9999.0 -9999.0 -9999.0 -9999.0 -9999.0 -9999.0 -9999.0 -9999.0 -9999.0 -9999.0 -9999.0 -9999.0 -9999.0 -9999.0 -9999.0 -9999.0 -9999.0 -9999.0 -9999.0 -9999.0 -9999.0 -9999.0 -9999.0 -9999.0 -9999.0 -9999.0 -9999.0 -9999.0 -9999.0
-9999.0 -9999.0 -9999.0 -9999.0 -9999.0 -9999.0 -9999.0 -9999.0 -9999.0 -9999.0 -9999.0 -9999.0 -9999.0 -9999.0 -9999.0 -9999.0 -9999.0 4.159487 2.699778 1.187024 -2.370203 -0.105931 -0.053499 -0.024242 -0.005467 -0.029936 -0.317894 -0.059652 -0.160667 -0.014435 -1.299647 -2.729604 -4.089996 -4.887050 -6.690845 -7.784974 -9999.0 -9999.0 -9999.0 -9999.0 -9999.0 -9999.0 -9999.0 -9999.0 -9999.0 -9999.0 -9999.0 -9999.0 -9999.0 -9999.0 -9999.0 -9999.0 -9999.0 -9999.0 -9999.0 -9999.0 -9999.0 -9999.0 -9999.0 -9999.0 -9999.0 -9999.0 -9999.0
-9999.0 -9999.0 -9999.0 -9999.0 -9999.0 -9999.0 -9999.0 -9999.0 -9999.0 -9999.0 -9999.0 -9999.0 -9999.0 -2.416677 -0.012217 2.132254 3.670882 3.941568 3.767057 0.262876 0.114193 -0.004828 0.331825 -0.005489 -0.033431 -1.659485 -2.158022 -2.314805 -0.918377 -0.095817 -2.109701 -3.422901 -4.587085 -4.546027 -5.325273 -8.064883 -9999.0 -9999.0 -9999.0 -9999.0 -9999.0 -9999.0 -9999.0 -9999.0 -9999.0 -9999.0 -9999.0 -9999.0 -9999.0 -9999.0 -9999.0 -9999.0 -9999.0 -9999.0 -9999.0 -9999.0 -9999.0 -9999.0 -9999.0 -9999.0 -9999.0 -9999.0 -9999.0
-9999.0 -9999.0 -9999.0 -9999.0 -9999.0 -9999.0 -9999.0 -9999.0 -9999.0 -9999.0 -9999.0 -9999.0 -9999.0 -0.100787 1.164901 2.922491 2.958635 2.897133 3.960154 1.537563 2.812324 0.720828 1.049902 -0.004078 -0.013306 -0.784512 -4.566228 -4.423602 -5.490516 -1.622164 -1.033186 -4.416650 -5.818196 -9.261975 -6.955687 -9999.0 -9999.0 -9999.0 -9999.0 -9999.0 -9999.0 -9999.0 -9999.0 -9999.0 -9999.0 -9999.0 -9999.0 -9999.0 -9999.0 -9999.0 -9999.0 -9999.0 -9999.0 -9999.0 -9999.0 -9999.0 -9999.0 -9999.0 -9999.0 -9999.0 -9999.0 -9999.0 -9999.0
-9999.0 -9999.0 -9999.0 -9999.0 -9999.0 -9999.0 -9999.0 -9999.0 -9999.0 -9999.0 -9999.0 -9999.0 -9999.0 0.762880 0.610494 1.923581 2.434511 3.246721 4.185283 3.667817 0.920465 -0.001904 -0.150980 -0.079603 -0.024692 -0.032590 -3.483419 -5.793733 -4.919314 -8.198955 -4.400984 -9.819698 -10.223312 -12.193422 -8.307942 -9999.0 -9999.0 -9999.0 -9999.0 -9999.0 -9999.0 -9999.0 -9999.0 -9999.0 -9999.0 -9999.0 -9999.0 -9999.0 -9999.0 -9999.0 -9999.0 -9999.0 -9999.0 -9999.0 -9999.0 -9999.0 -9999.0 -9999.0 -9999.0 -9999.0 -9999.0 -9999.0 -9999.0
-9999.0 -9999.0 -9999.0 -9999.0 -9999.0 -9999.0 -9999.0 -9999.0 -9999.0 -9999.0 -9999.0 -9999.0 -0.012380 -0.005883 1.386722 -0.004101 0.721609 2.744235 3.430944 2.505709 -0.004949 -0.111134 -0.592767 -0.770587 -1.875956 -4.307079 -3.340294 -4.579386 -4.620493 -6.053150 -9.737617 -6.254995 -4.977421 -8.850690 -9999.0 -9999.0 -9999.0 -9999.0 -9999.0 -9999.0 -9999.0 -9999.0 -9999.0 -9999.0 -9999.0 -9999.0 -9999.0 -9999.0 -9999.0 -9999.0 -9999.0 -9999.0 -9999.0 -9999.0 -9999.0 -9999.0 -9999.0 -9999.0 -9999.0 -9999.0 -9999.0 -9999.0 -9999.0
-9999.0 -9999.0 -9999.0 -9999.0 -9999.0 -9999.0 -9999.0 -9999.0 -9999.0 -9999.0 -9999.0 -2.005779 0.680347 0.611779 0.677348 -0.081846 1.185468 2.773437 3.404604 1.665836 1.427373 -0.004423 -1.804813 -4.024029 -2.142031 -4.530728 -4.828764 -4.952166 -4.559374 -7.603838 -6.435306 -4.494867 -5.401753 -7.288106 -6.574316 -5.168980 -4.708137 -5.193648 -5.207053 -9999.0 -9999.0 -9999.0 -7.404768 -9999.0 -9999.0 -9999.0 -9999.0 -9999.0 -9999.0 -9999.0 -9999.0 -9999.0 -9999.0 -9999.0 -9999.0 -9999.0 -9999.0 -9999.0 -9999.0 -9999.0 -9999.0 -9999.0 -9999.0
-9999.0 -9999.0 -9999.0 -9999.0 -9999.0 -9999.0 -9999.0 -9999.0 -9999.0 -9999.0 -9999.0 -1.379734 0.992103 2.280909 2.118996 -0.489933 3.732613 3.591022 3.546205 2.304846 0.927855 -0.083873 -1.904391 -2.836135 -1.979700 -4.837474 -4.552619 -4.456574 -4.314495 -7.298908 -4.267891 -3.838265 -4.955185 -5.650385 -6.279072 -4.721596 -4.011325 -2.665862 -3.969907 -6.997583 -6.952215 -7.338136 -4.512327 -5.977670 -9999.0 -9999.0 -9999.0 -7.883069 -6.604253 -6.444686 -5.678589 -7.484878 -7.723995 -7.461556 -7.063399 -8.157350 -9999.0 -9999.0 -9999.0 -9999.0 -9999.0 -9999.0 -9999.0
-9999.0 -9999.0 -9999.0 -9999.0 -9999.0 -9999.0 -9999.0 -9999.0 -9999.0 -9999.0 -9999.0 -2.420423 -1.189395 -0.819749 -0.090587 -0.112105 -0.003749 3.072513 2.773541 2.308490 1.447852 -0.044493 -1.720742 -4.475734 -4.230532 -4.757164 -1.909757 -3.685486 -5.072147 -6.070650 -5.453536 -4.189373 -4.347446 -5.409515 -5.981041 -4.210456 -3.317031 -2.946904 -1.969585 -5.461930 -4.950406 -4.768087 -4.312195 -4.812760 -5.512156 -9999.0 -8.580671 -5.439635 -4.419621 -4.489912 -4.351199 -4.485614 -4.302433 -4.851355 -4.326992 -5.213659 -9999.0 -9999.0 -9999.0 -9999.0 -9999.0 -9999.0 -9999.0
-9999.0 -9999.0 -9999.0 -9999.0 -9999.0 -9999.0 -9999.0 -9999.0 -9999.0 -9999.0 -9999.0 -9999.0 -2.368673 -1.308449 -0.166285 -0.123285 -0.007290 2.203711 3.118962 2.339880 1.288114 -0.031444 -0.864900 -1.210623 -3.240019 -2.051374 -2.528466 -4.437198 -5.170148 -5.897518 -4.858017 -3.960845 -4.316539 -4.497604 -5.003542 -4.003921 -1.911049 -2.775030 -0.055029 -3.165657 -3.806099 -3.501434 -3.294142 -2.080073 -5.565317 -5.710423 -6.919572 -5.314400 -3.186530 -1.329713 -0.582811 -3.810719 -3.578397 -4.480209 -3.382132 -4.116496 -5.147468 -9999.0 -9999.0 -9999.0 -9999.0 -9999.0 -9999.0
-9999.0 -9999.0 -9999.0 -9999.0 -9999.0 -9999.0 -9999.0 -9999.0 -9999.0 -9999.0 -9999.0 -1.532503 -2.564024 -2.444637 -1.556545 -0.041820 -0.009201 1.288823 2.564824 3.516836 1.754259 -0.004738 -0.400456 -1.992020 -1.894587 -1.547008 -0.974084 -4.471504 -4.674899 -4.421005 -2.021144 -3.118071 -3.407574 -4.366126 -6.299553 -4.957102 -4.143217 -1.365665 -0.044807 -0.971389 -1.375131 -0.087655 -1.736421 -1.366257 -1.467103 -4.710897 -4.802601 -4.311593 -3.431401 -0.295823 -4.146415 -4.217167 -6.495630 -7.330294 -8.254632 -9.069551 -6.081985 -9999.0 -9999.0 -9999.0 -9999.0 -9999.0 -9999.0
-9999.0 -9999.0 -9999.0 -9999.0 -9999.0 -9999.0 -9999.0 -9999.0 -9999.0 -9999.0 -2.407647 -2.340322 -2.069112 -2.006471 -0.511195 -0.963639 -1.000036 -0.023744 2.823853 3.141613 0.934378 -0.005083 -0.716342 -0.911891 -0.121302 -2.029440 -2.579581 -5.171627 -3.197533 -2.186948 -2.560611 -2.646224 -2.128782 -4.359935 -8.241005 -5.427799 -4.109277 -1.548393 -0.088429 -0.030361 -0.027765 0.105809 0.823090 0.421757 -0.318271 -4.278948 -4.334657 -1.318608 -2.406681 -0.098322 -6.534209 -6.664851 -8.728279 -9.930819 -9.532485 -4.391501 -5.136813 -9999.0 -9999.0 -9999.0 -9999.0 -9999.0 -9999.0
-9999.0 -9999.0 -9999.0 -9999.0 -9999.0 -9999.0 -9999.0 -9999.0 -9999.0 -4.707519 -1.856281 -2.797407 -0.874310 -1.268723 -1.458657 -0.703123 -0.440648 -0.046208 2.485672 3.390505 1.236437 -0.014777 -0.020408 -0.026010 -0.041877 -1.614510 -3.415412 -2.136853 -1.069258 -0.086914 -0.038523 -1.814509 -5.166815 -9.375349 -7.078679 -5.498634 -4.106884 -2.098282 -1.732754 -1.015252 -0.101423 -0.421685 -0.593770 1.170739 0.454429 -0.372825 -0.691005 -1.458974 -1.425120 -0.035960 -2.527620 -6.170890 -10.783943 -9.022732 -7.339026 -6.538429 -5.620744 -5.689724 -6.987503 -9999.0 -9999.0 -9999.0 -9999.0
-9999.0 -9999.0 -9999.0 -9999.0 -9999.0 -9999.0 -9999.0 -9999.0 -9999.0 -5.186135 -4.753973 -2.096981 -0.196792 -0.063933 -0.606752 -1.312551 -1.584578 -0.021468 3.212823 2.156927 1.794814 1.007999 0.119965 -0.041399 -1.227324 -2.281303 -1.084206 -0.113831 -0.021128 -0.035828 -0.207307 -2.192389 -4.744655 -5.330170 -5.342163 -5.554139 -5.022795 -4.038698 -4.365425 -3.086395 -1.176825 -2.540533 -0.917861 -0.011501 1.739966 0.820911 0.478698 -0.026780 -0.063653 -0.033422 -3.062005 -6.190721 -8.645567 -7.446656 -6.058010 -7.567156 -5.439680 -4.673313 -4.696891 -9999.0 -9999.0 -9999.0 -9999.0
-9999.0 -9999.0 -9999.0 -9999.0 -9999.0 -9999.0 -9999.0 -9999.0 -9999.0 -9999.0 -4.870455 -3.721190 -0.300238 -0.689924 -0.053605 -0.428455 -0.074029 0.312596 4.121599 2.867578 1.884420 1.844945 -0.032924 -0.268156 -1.934098 -0.318273 -0.035324 -0.003283 -0.265560 -1.742512 -2.093838 -3.524789 -4.524418 -4.731337 -4.376697 -2.773719 -2.149700 -1.655295 -5.010950 -4.306968 -4.207031 -2.014316 -1.035467 -0.331109 -0.024853 -0.021884 0.638414 0.516962 1.152081 -0.036057 -2.012867 -5.160206 -7.493329 -8.396883 -7.602808 -5.486299 -4.286144 -2.309920 -2.069554 -0.205401 -9999.0 -9999.0 -9999.0
-9999.0 -9999.0 -9999.0 -9999.0 -9999.0 -9999.0 -9999.0 -9999.0 -9999.0 -9999.0 -5.155374 -4.469401 -2.277020 -0.107504 -0.006235 -0.020126 -0.024371 1.712644 4.509373 4.031688 2.709688 0.440688 -0.043465 -0.759331 -0.319566 -0.020312 0.477279 -0.023331 -1.433414 -4.209126 -4.273134 -3.783870 -5.870256 -5.499464 -4.845421 -2.892738 -2.298512 -1.641844 -2.674928 -4.629183 -4.773088 -3.134206 -3.138319 -2.547065 -1.221435 -0.383486 -0.085857 -0.024567 2.038139 0.865646 -0.037217 -2.699415 -4.857764 -6.994044 -9.069653 -8.234792 -5.558000 -1.492505 1.085573 0.816549 -9999.0 -9999.0 -9999.0
-9999.0 -9999.0 -9999.0 -9999.0 -9999.0 -9999.0 -9999.0 -9999.0 -4.397260 -4.802051 -4.820856 -4.211839 -3.414845 -1.016110 -0.061660 0.984267 2.067625 1.933527 3.616361 4.496774 4.482029 3.238381 1.989249 -0.011904 -0.029882 1.366850 -0.005205 -0.950452 -2.269875 -4.183696 -8.624383 -4.844686 -4.751749 -5.176319 -4.847770 -3.922806 -0.492954 -0.812533 -2.700458 -5.592236 -4.310602 -2.169305 -4.184317 -5.148981 -3.301638 -2.150347 -2.510716 -0.915805 -0.022543 1.092984 -0.028167 -0.857892 -5.465625 -6.629394 -7.781939 -4.777157 -5.377203 -1.467656 -0.020951 3.174696 -9999.0 -9999.0 -9999.0
-9999.0 -9999.0 -9999.0 -9999.0 -9999.0 -9999.0 -9999.0 -9999.0 -3.729328 -1.858545 -3.592237 -4.672368 -4.495538 -2.813130 -1.074384 -0.022425 1.007791 1.710508 4.910387 5.044854 4.222113 3.303309 1.953030 0.713063 2.482287 2.436662 0.320885 -1.162174 -5.939950 -4.558478 -5.296953 -5.145642 -4.774333 -4.948526 -4.312827 -2.415719 -0.813247 -0.886891 -1.100021 -3.556354 -4.333401 -7.251691 -4.771189 -2.832975 -2.786267 -1.496726 -4.592252 -4.198416 -1.664134 1.046536 0.640561 -0.821490 -5.555691 -5.391396 -4.498617 -3.754846 -1.671827 -0.094457 1.381105 3.829240 5.033227 -9999.0 -9999.0
-9999.0 -9999.0 -9999.0 -9999.0 -9999.0 -9999.0 -9999.0 -9999.0 -4.244718 -3.362570 -3.706286 -4.402159 -4.320203 -3.910192 -1.470921 -0.937969 -0.019625 0.873060 4.806229 4.336007 5.516093 4.220009 3.638364 3.693871 2.321418 2.355224 -0.006585 -1.384656 -5.585074 -4.955718 -4.590999 -1.957955 -2.777142 -2.367449 -1.802328 -1.711587 -0.043195 1.111206 -0.034232 -1.156171 -4.373756 -4.431491 -4.321955 -3.526015 -2.124453 -4.319255 -5.554589 -4.294536 -2.940910 -0.027918 2.040094 -0.032959 -4.715472 -5.416603 -2.633455 -1.400134 -0.002899 1.265435 3.431219 4.092693 4.449468 -9999.0 -9999.0
-9999.0 -9999.0 -9999.0 -9999.0 -9999.0 -9999.0 -9999.0 -9999.0 -6.420816 -4.118551 -2.487946 -6.180780 -4.280124 -2.216603 -0.390001 -0.009151 3.372973 4.593155 2.624762 5.116642 4.929459 5.334584 4.234890 3.795078 2.918483 0.409499 -0.105415 -2.145076 -2.268781 -2.586959 -1.430281 -1.132020 -0.063397 -1.049845 -0.959068 -1.005256 -0.035109 3.045522 0.083935 -0.155851 -2.320445 -2.087466 -2.177210 -3.375776 -4.425090 -4.347363 -3.509292 -4.318200 -3.889464 -1.642461 -0.025553 1.616586 -0.031923 -2.052653 -0.023865 0.489997 2.048030 3.795148 4.748684 4.221572 3.292427 1.905036 -9999.0
-9999.0 -9999.0 -9999.0 -9999.0 -9999.0 -9999.0 -9999.0 -9999.0 -6.236887 -4.352251 -2.910714 -1.714288 -0.531145 -0.112832 -0.027183 0.899963 1.155365 1.748287 0.190920 2.114026 4.115300 4.683102 4.966545 4.651277 1.468799 -0.022063 -1.250011 -0.340836 -0.048770 -0.716403 -0.367911 -0.033982 0.828866 -0.003326 -0.033834 -0.004994 1.071670 5.242092 4.733718 0.683323 -0.027730 -0.033309 -0.026243 -0.053379 -1.564868 -1.538455 -1.012254 -1.807844 -0.987840 -0.037702 0.185608 1.017412 1.366791 0.580251 1.156547 1.453131 2.215671 3.011455 3.623438 3.264841 3.255811 1.328608 -9999.0
-9999.0 -9999.0 -4.801970 -4.440385 -4.191244 -2.457607 -3.834174 -3.319269 -4.597572 -4.728741 -1.808175 -0.326595 -0.077293 -0.032592 0.170152 0.458676 -0.028997 -1.361533 -0.980391 -0.020329 1.993022 4.685684 3.731947 5.593860 2.701255 1.268099 -0.023536 -0.018519 1.427010 -0.005474 -0.030975 -0.006272 1.807876 2.312159 2.253158 3.759168 4.562377 7.558640 6.546460 3.786783 2.267088 2.268198 2.931929 1.027539 -0.022175 -0.036851 0.243562 0.882280 1.026540 2.001067 2.689352 2.481053 1.918830 1.470776 1.397888 1.887712 2.022174 2.395391 1.995856 2.544587 0.615259 0.584576 -9999.0
-9999.0 -1.220886 -1.388172 -1.679114 -2.309864 -1.324911 -3.761416 -3.777158 -4.765331 -4.688908 -2.873653 -0.991288 -0.014040 -0.043864 -0.006933 -0.395214 -1.898681 -2.777697 -1.589537 -0.026893 1.708071 3.433189 2.391739 3.796219 2.989575 2.365835 1.096336 1.394436 2.572153 1.540022 1.325371 1.359899 2.841653 3.927622 5.138455 6.301276 8.363395 10.569679 7.951444 6.394991 5.657783 5.476883 4.736617 4.004888 2.730785 3.034014 2.783844 5.206231 4.261453 5.118266 3.276770 2.526647 1.785281 1.041055 0.972816 0.533748 0.349715 0.688062 0.237297 -0.006642 -0.004374 0.379488 -9999.0
-9999.0 -0.894000 -1.228820 -0.693693 -0.447756 -1.125762 -2.677887 -4.296956 -4.915269 -5.008007 -3.416947 -1.379397 -0.009302 -0.006514 -0.154503 -4.431440 -3.588586 -3.082266 -1.108840 -0.017905 -0.004731 1.259071 2.145552 1.410247 2.205884 3.023407 4.925907 4.516335 3.935326 5.736898 5.976853 5.705503 4.596588 5.490127 6.364992 8.393000 10.137639 11.236129 11.007214 10.224637 9.275026 8.089435 7.281691 7.433095 7.423437 7.239416 5.489984 5.261317 4.736771 4.056179 2.448620 1.342275 0.448104 1.110865 0.332189 -0.052394 -0.251932 -0.089884 -0.047667 -0.170628 -0.041652 -9999.0 -9999.0
