user2019/resources/simulation/Vinschgau/output-maps/TL0004N0714.asc
ncols         63
nrows         48
xllcorner     598000.000000
yllcorner     5145000.000000
cellsize      1000.000000
NODATA_value  -9999.0
[rows 0 to 28 of 48, columns 0 to 62 of 63]
-9999.0 -9999.0 -9999.0 -9999.0 -9999.0 -9999.0 -9999.0 -9999.0 -9999.0 -9999.0 -9999.0 -9999.0 -9999.0 -9999.0 -9999.0 -9999.0 -9999.0 -9999.0 -9999.0 -9999.0 -9999.0 -9999.0 -9999.0 -9999.0 -9999.0 -9999.0 -9999.0 -9999.0 -9999.0 -9999.0 -9999.0 -9999.0 -9999.0 -9999.0 -9999.0 -9999.0 -9999.0 -9999.0 -9999.0 -9999.0 -9999.0 -9999.0 -9999.0 -9999.0 -9999.0 -9999.0 -9999.0 -9999.0 -9999.0 -9999.0 -9999.0 -9999.0 -9999.0 -9999.0 -9999.0 -9999.0 -9999.0 -9999.0 -9999.0 -9999.0 -9999.0 -9999.0 -9999.0
-9999.0 -9999.0 -9999.0 -9999.0 -9999.0 -9999.0 -9999.0 -9999.0 -9999.0 -9999.0 -9999.0 -9999.0 -9999.0 -9999.0 -9999.0 -9999.0 -9999.0 -9999.0 -9999.0 -9999.0 -9999.0 -9999.0 -9999.0 -9999.0 -9999.0 -9999.0 -9999.0 1.081931 2.030783 1.103452 1.084543 0.733206 0.747890 -9999.0 -9999.0 -9999.0 -9999.0 -9999.0 -9999.0 -9999.0 -9999.0 -9999.0 -9999.0 -9999.0 -9999.0 -9999.0 -9999.0 -9999.0 -9999.0 -9999.0 -9999.0 -9999.0 -9999.0 -9999.0 -9999.0 -9999.0 -9999.0 -9999.0 -9999.0 -9999.0 -9999.0 -9999.0 -9999.0
-9999.0 -9999.0 -9999.0 -9999.0 -9999.0 -9999.0 -9999.0 -9999.0 -9999.0 -9999.0 -9999.0 -9999.0 -9999.0 -9999.0 -9999.0 -9999.0 -9999.0 -9999.0 -9999.0 -9999.0 -9999.0 -9999.0 -9999.0 -9999.0 2.175519 2.600126 2.947397 2.546729 2.302655 2.260213 1.194022 -9999.0 -9999.0 -9999.0 -9999.0 -9999.0 -9999.0 -9999.0 -9999.0 -9999.0 -9999.0 -9999.0 -9999.0 -9999.0 -9999.0 -9999.0 -9999.0 -9999.0 -9999.0 -9999.0 -9999.0 -9999.0 -9999.0 -9999.0 -9999.0 -9999.0 -9999.0 -9999.0 -9999.0 -9999.0 -9999.0 -9999.0 -9999.0
-9999.0 -9999.0 -9999.0 -9999.0 -9999.0 -9999.0 -9999.0 -9999.0 -9999.0 -9999.0 -9999.0 -9999.0 -9999.0 -9999.0 -9999.0 -9999.0 -9999.0 -9999.0 -9999.0 -9999.0 -9999.0 -9999.0 -9999.0 2.589640 3.316006 3.201509 3.628515 3.646972 2.522822 2.069586 1.937095 1.272298 -9999.0 -9999.0 -9999.0 -9999.0 -9999.0 -9999.0 -9999.0 -9999.0 -9999.0 -9999.0 -9999.0 -9999.0 -9999.0 -9999.0 -9999.0 -9999.0 -9999.0 -9999.0 -9999.0 -9999.0 -9999.0 -9999.0 -9999.0 -9999.0 -9999.0 -9999.0 -9999.0 -9999.0 -9999.0 -9999.0 -9999.0
-9999.0 -9999.0 -9999.0 -9999.0 -9999.0 -9999.0 -9999.0 -9999.0 -9999.0 -9999.0 -9999.0 -9999.0 -9999.0 -9999.0 -9999.0 -9999.0 -9999.0 -9999.0 4.082528 3.262303 -9999.0 2.305471 3.007697 3.140757 3.584945 4.098610 3.676689 3.855375 4.649311 3.398168 2.671298 1.739275 1.224431 0.756666 -9999.0 -9999.0 -9999.0 -9999.0 -9999.0 -9999.0 -9999.0 -9999.0 -9999.0 -9999.0 -9999.0 -9999.0 -9999.0 -9999.0 -9999.0 -9999.0 -9999.0 -9999.0 -9999.0 -9999.0 -9999.0 -9999.0 -9999.0 -9999.0 -9999.0 -9999.0 -9999.0 -9999.0 -9999.0
-9999.0 -9999.0 -9999.0 -9999.0 -9999.0 -9999.0 -9999.0 -9999.0 -9999.0 -9999.0 -9999.0 -9999.0 -9999.0 -9999.0 -9999.0 -9999.0 -9999.0 3.292067 2.263870 3.101272 2.399570 1.983962 2.660488 2.821053 5.219556 1.297765 1.005495 1.253276 0.785815 2.699326 2.994988 2.508643 1.806852 1.010278 0.401636 0.202796 -9999.0 -9999.0 -9999.0 -9999.0 -9999.0 -9999.0 -9999.0 -9999.0 -9999.0 -9999.0 -9999.0 -9999.0 -9999.0 -9999.0 -9999.0 -9999.0 -9999.0 -9999.0 -9999.0 -9999.0 -9999.0 -9999.0 -9999.0 -9999.0 -9999.0 -9999.0 -9999.0
-9999.0 -9999.0 -9999.0 -9999.0 -9999.0 -9999.0 -9999.0 -9999.0 -9999.0 -9999.0 -9999.0 -9999.0 -9999.0 1.765874 2.648004 1.738133 2.713218 5.587397 2.933748 3.192368 3.267180 3.659061 4.032631 5.078783 1.142021 1.363303 0.354625 0.861553 1.223057 1.171341 1.718314 1.283590 1.001955 0.479795 0.215842 0.198715 -9999.0 -9999.0 -9999.0 -9999.0 -9999.0 -9999.0 -9999.0 -9999.0 -9999.0 -9999.0 -9999.0 -9999.0 -9999.0 -9999.0 -9999.0 -9999.0 -9999.0 -9999.0 -9999.0 -9999.0 -9999.0 -9999.0 -9999.0 -9999.0 -9999.0 -9999.0 -9999.0
-9999.0 -9999.0 -9999.0 -9999.0 -9999.0 -9999.0 -9999.0 -9999.0 -9999.0 -9999.0 -9999.0 -9999.0 -9999.0 2.632254 3.005951 1.746987 1.697953 4.604094 5.746435 4.329120 2.821852 3.443540 1.863836 1.077240 2.061774 1.194611 2.140675 0.458754 0.282283 0.681464 0.951713 0.457084 0.162154 0.140090 0.182069 -9999.0 -9999.0 -9999.0 -9999.0 -9999.0 -9999.0 -9999.0 -9999.0 -9999.0 -9999.0 -9999.0 -9999.0 -9999.0 -9999.0 -9999.0 -9999.0 -9999.0 -9999.0 -9999.0 -9999.0 -9999.0 -9999.0 -9999.0 -9999.0 -9999.0 -9999.0 -9999.0 -9999.0
-9999.0 -9999.0 -9999.0 -9999.0 -9999.0 -9999.0 -9999.0 -9999.0 -9999.0 -9999.0 -9999.0 -9999.0 -9999.0 2.753434 3.423764 3.144597 1.497486 1.995401 5.614634 2.969514 3.583287 2.868558 1.100618 1.028662 2.750933 1.560143 1.383816 0.170403 1.622879 0.223592 0.420803 -1.946909 0.048860 -0.001225 0.164108 -9999.0 -9999.0 -9999.0 -9999.0 -9999.0 -9999.0 -9999.0 -9999.0 -9999.0 -9999.0 -9999.0 -9999.0 -9999.0 -9999.0 -9999.0 -9999.0 -9999.0 -9999.0 -9999.0 -9999.0 -9999.0 -9999.0 -9999.0 -9999.0 -9999.0 -9999.0 -9999.0 -9999.0
-9999.0 -9999.0 -9999.0 -9999.0 -9999.0 -9999.0 -9999.0 -9999.0 -9999.0 -9999.0 -9999.0 -9999.0 1.681152 3.087170 2.729908 2.015191 0.923207 1.668949 5.285830 3.055536 2.917122 1.547897 1.161897 1.288561 2.029914 0.657004 0.989993 1.135871 1.874400 0.198614 0.127727 0.615331 1.136051 0.182310 -9999.0 -9999.0 -9999.0 -9999.0 -9999.0 -9999.0 -9999.0 -9999.0 -9999.0 -9999.0 -9999.0 -9999.0 -9999.0 -9999.0 -9999.0 -9999.0 -9999.0 -9999.0 -9999.0 -9999.0 -9999.0 -9999.0 -9999.0 -9999.0 -9999.0 -9999.0 -9999.0 -9999.0 -9999.0
-9999.0 -9999.0 -9999.0 -9999.0 -9999.0 -9999.0 -9999.0 -9999.0 -9999.0 -9999.0 -9999.0 0.980733 0.972658 1.792798 1.052669 1.000000 0.657775 1.436258 4.907108 2.936273 1.395913 3.204033 1.909383 0.971895 1.353935 1.037274 0.527531 1.401415 1.424401 0.255760 0.518843 1.991140 0.675663 0.394413 0.663748 0.738283 1.977958 2.273114 2.550683 -9999.0 -9999.0 -9999.0 0.612966 -9999.0 -9999.0 -9999.0 -9999.0 -9999.0 -9999.0 -9999.0 -9999.0 -9999.0 -9999.0 -9999.0 -9999.0 -9999.0 -9999.0 -9999.0 -9999.0 -9999.0 -9999.0 -9999.0 -9999.0
-9999.0 -9999.0 -9999.0 -9999.0 -9999.0 -9999.0 -9999.0 -9999.0 -9999.0 -9999.0 -9999.0 1.084526 0.834804 1.199051 1.893089 0.710812 2.483136 1.671980 4.898187 4.006643 4.235488 3.215065 1.998480 0.643457 0.738936 0.906677 1.656269 1.862689 0.683751 0.293145 1.486854 2.404130 1.766763 0.908546 1.197613 1.396658 3.115150 3.696436 2.476241 1.529400 1.853868 0.810845 1.836677 0.944500 -9999.0 -9999.0 -9999.0 0.704954 1.115533 0.745232 1.623585 0.933186 0.739566 1.109771 1.117189 0.559610 -9999.0 -9999.0 -9999.0 -9999.0 -9999.0 -9999.0 -9999.0
-9999.0 -9999.0 -9999.0 -9999.0 -9999.0 -9999.0 -9999.0 -9999.0 -9999.0 -9999.0 -9999.0 1.334687 0.772093 0.640629 1.150330 1.290124 0.811583 1.031277 3.950166 5.227468 1.539742 1.785233 1.039502 2.034898 0.721261 1.211272 1.150513 0.917836 0.398118 0.775593 0.367809 0.842709 2.429329 1.050676 0.754347 2.361416 1.307588 1.599440 5.122716 1.506112 2.882797 1.899566 2.369099 2.509850 1.322937 -9999.0 0.199533 1.086230 1.726029 2.274911 3.143386 2.217462 2.959954 2.796166 2.206618 2.158430 -9999.0 -9999.0 -9999.0 -9999.0 -9999.0 -9999.0 -9999.0
-9999.0 -9999.0 -9999.0 -9999.0 -9999.0 -9999.0 -9999.0 -9999.0 -9999.0 -9999.0 -9999.0 -9999.0 0.845828 0.494102 2.394474 2.028147 0.686296 1.196631 4.474059 5.515446 1.516221 2.094705 1.989362 1.302636 0.687350 1.038792 3.631264 0.682807 0.824111 0.567366 1.561357 1.009142 2.105669 1.241691 0.679843 0.947769 0.984042 1.666914 4.708096 3.547953 2.890689 3.465256 1.242996 3.591143 1.445623 1.438717 0.831515 1.014421 0.792521 2.060869 3.033975 1.078629 2.118112 0.870471 0.708681 0.626520 1.385813 -9999.0 -9999.0 -9999.0 -9999.0 -9999.0 -9999.0
-9999.0 -9999.0 -9999.0 -9999.0 -9999.0 -9999.0 -9999.0 -9999.0 -9999.0 -9999.0 -9999.0 0.767643 0.728731 1.062683 0.773917 0.792740 1.200385 0.889830 4.371533 2.976649 1.394845 1.140629 2.018784 0.937105 1.116071 2.088601 1.232750 0.766301 1.281785 1.089340 1.328407 1.795548 2.912601 1.211829 0.500146 1.034549 0.869678 1.215439 2.501180 5.396547 1.490667 2.120484 2.411399 1.118235 4.428624 1.632848 1.605625 1.528786 1.805906 2.630247 0.346875 0.528860 0.530964 0.026378 0.029770 0.156618 0.740559 -9999.0 -9999.0 -9999.0 -9999.0 -9999.0 -9999.0
-9999.0 -9999.0 -9999.0 -9999.0 -9999.0 -9999.0 -9999.0 -9999.0 -9999.0 -9999.0 1.870368 0.947505 2.610221 1.999520 2.729040 1.650644 1.140523 1.002983 2.422687 3.115659 4.667326 3.470912 0.942168 4.264054 2.549729 2.024656 0.715075 -0.375377 2.804185 3.170647 2.189644 1.835744 1.524710 0.683577 0.232537 0.566633 1.889161 1.185227 1.148966 3.648632 3.588788 2.824498 3.869637 2.446681 2.357240 2.078140 1.665600 2.026037 2.821184 3.085177 0.373291 0.170514 -0.003378 0.136665 0.177738 1.467910 1.672647 -9999.0 -9999.0 -9999.0 -9999.0 -9999.0 -9999.0
-9999.0 -9999.0 -9999.0 -9999.0 -9999.0 -9999.0 -9999.0 -9999.0 -9999.0 0.793595 1.240663 0.908533 1.481563 0.955435 1.096235 0.961055 0.854474 3.937453 2.736638 3.456632 5.148099 1.508458 1.402564 3.474336 2.557561 0.807452 0.789612 3.338428 2.370962 2.765654 3.163438 0.645185 0.225683 0.281137 0.579844 0.575424 1.080091 0.896790 0.873428 1.214865 1.180876 1.030024 0.972257 2.842760 2.362545 2.647470 4.601094 2.133922 2.073054 3.772775 1.243793 0.543564 -0.000948 0.201937 0.424716 0.724681 0.990838 2.003451 1.416966 -9999.0 -9999.0 -9999.0 -9999.0
-9999.0 -9999.0 -9999.0 -9999.0 -9999.0 -9999.0 -9999.0 -9999.0 -9999.0 0.888045 0.759590 1.260336 4.126060 2.330175 1.497390 1.035239 3.519626 3.000549 3.437803 6.189372 6.127132 6.266207 3.865217 3.336742 0.858747 1.422043 2.514765 3.111524 3.866339 2.843304 2.776103 0.658742 0.788570 0.862341 1.389968 1.938264 1.642890 1.768511 0.804909 1.692818 0.911728 0.700447 1.743644 3.031800 3.379923 4.897633 4.754220 3.913991 3.398640 3.597653 0.599834 0.335398 0.200401 0.564020 0.180159 0.383080 0.627110 1.894270 2.603400 -9999.0 -9999.0 -9999.0 -9999.0
-9999.0 -9999.0 -9999.0 -9999.0 -9999.0 -9999.0 -9999.0 -9999.0 -9999.0 -9999.0 0.934595 1.626587 1.311603 1.232192 2.570627 2.055096 2.324901 3.745213 4.093569 5.716580 4.732114 2.743907 1.168862 0.914132 1.546820 3.133187 3.994080 4.353440 2.696440 0.785906 0.662176 1.222673 0.252811 0.650402 1.801100 2.877717 3.859256 3.050250 1.465915 0.480308 0.441517 2.664011 2.907008 1.589032 1.193501 1.714636 2.181120 4.859627 5.482815 3.617844 0.809744 0.974667 0.711119 0.207334 0.371495 0.728481 1.424307 3.741133 3.879201 4.300234 -9999.0 -9999.0 -9999.0
-9999.0 -9999.0 -9999.0 -9999.0 -9999.0 -9999.0 -9999.0 -9999.0 -9999.0 -9999.0 0.884885 1.232118 1.664633 1.840969 5.378641 1.887551 1.591745 3.006071 4.756402 6.095080 3.390304 1.953445 1.165815 1.484828 2.737511 4.399828 5.317998 2.074780 0.945729 0.412400 0.670603 1.206383 0.234041 0.638497 0.680462 0.670126 2.173901 1.709012 0.769271 0.511148 1.184517 1.737333 1.022910 0.735364 0.872233 0.922194 2.222795 1.775774 3.363391 5.326421 3.675010 1.541075 0.441821 0.684472 0.434154 0.978389 0.504010 2.372832 4.126379 5.620844 -9999.0 -9999.0 -9999.0
-9999.0 -9999.0 -9999.0 -9999.0 -9999.0 -9999.0 -9999.0 -9999.0 2.907313 2.668333 1.722666 1.202988 0.997133 1.244714 0.995222 2.969894 3.353187 6.807934 6.811361 6.470323 4.890071 3.806839 2.945646 1.357519 3.381011 4.521433 5.345137 1.130674 0.936849 0.480756 0.471318 0.672111 0.802733 0.782609 0.949491 0.492510 2.469204 2.013956 0.408942 0.779630 0.457789 0.863770 0.212703 0.180007 2.077964 2.627825 0.592025 1.691717 2.199684 5.458220 3.813519 1.665675 1.133740 0.283551 1.274284 2.635938 2.391944 4.526550 4.892822 5.977305 -9999.0 -9999.0 -9999.0
-9999.0 -9999.0 -9999.0 -9999.0 -9999.0 -9999.0 -9999.0 -9999.0 0.598639 1.387361 0.253163 0.706017 1.089123 1.767492 1.026354 2.033336 2.637082 2.991052 5.243465 6.985870 8.972412 8.589467 7.035870 5.583309 3.565292 4.664332 2.947127 2.415893 0.264106 0.952990 0.939853 1.039243 1.119811 0.614112 1.229133 1.933788 3.912982 2.564971 1.119019 2.050891 0.565356 0.031467 0.219525 2.003160 3.093880 1.010888 0.252290 0.946598 2.226820 3.413255 5.574567 3.368227 0.790017 2.210882 4.530044 2.583324 3.243521 4.110305 6.493613 9.019036 9.052359 -9999.0 -9999.0
-9999.0 -9999.0 -9999.0 -9999.0 -9999.0 -9999.0 -9999.0 -9999.0 0.689222 2.482259 3.164942 0.207724 2.492199 0.430940 2.391856 1.269319 2.221203 4.571048 5.532321 8.741250 7.456630 8.921454 8.722843 6.442835 7.744982 3.809673 1.970614 0.943344 0.311208 1.810175 1.112029 2.527822 0.778278 0.443479 1.799217 3.814428 1.729500 2.546869 0.831711 0.787363 1.048389 0.609206 1.393349 1.214967 0.687758 1.185994 1.145870 2.003319 0.779693 2.101649 5.376679 4.467244 0.592821 0.685727 3.973006 4.186513 5.544930 6.528864 8.117127 8.509274 9.208980 -9999.0 -9999.0
-9999.0 -9999.0 -9999.0 -9999.0 -9999.0 -9999.0 -9999.0 -9999.0 0.333736 2.143767 2.476184 0.124823 2.330618 2.040267 1.692800 2.781274 4.633243 5.807414 6.122761 5.767648 7.059572 7.576778 9.100976 8.499169 4.305745 2.504117 1.074204 0.772962 3.324577 2.041850 1.572953 1.712142 2.329512 2.555882 1.031778 3.098812 4.180153 3.382324 1.085732 0.567714 1.624025 2.397308 2.489839 2.336228 2.391346 1.712438 2.879558 2.309782 2.753792 2.620918 3.209687 5.622281 5.262730 4.516231 4.652290 6.358359 7.741816 7.076815 7.930867 9.065402 7.392226 3.694660 -9999.0
-9999.0 -9999.0 -9999.0 -9999.0 -9999.0 -9999.0 -9999.0 -9999.0 1.119980 1.472794 2.376981 1.556048 2.134950 2.705654 5.907904 5.628629 5.469705 3.673410 2.350472 3.519746 5.150767 7.454046 7.565952 7.474311 6.206267 2.011566 0.950265 2.510953 3.255808 2.838425 0.961569 2.606959 3.765476 2.972797 2.147316 2.552872 3.338971 3.720543 3.700580 3.171042 2.140256 2.215242 2.858455 2.404350 1.168463 3.478180 2.371720 3.238717 3.022898 4.291975 5.662486 4.076401 5.930242 7.146689 7.833102 7.998664 8.613866 8.709025 8.119504 7.324923 5.278904 2.642968 -9999.0
-9999.0 -9999.0 2.583469 2.408915 0.881105 1.172306 1.320801 0.911158 2.377738 1.531367 1.876964 2.901054 2.966668 4.450608 7.317871 5.113664 2.573221 1.156682 1.634541 2.043025 3.605237 4.927897 7.556069 6.634672 6.147971 3.242116 2.018664 2.095103 2.887783 4.788270 1.333222 1.491310 5.430115 2.794101 4.669692 3.578652 6.376661 6.367615 3.621944 2.419634 4.105716 4.509829 3.202829 3.829047 1.626280 3.345042 4.497747 3.277288 5.665751 7.146763 8.109625 8.544776 8.562022 8.470925 8.277028 9.248596 7.624588 7.382697 6.285104 4.946977 5.241417 2.495211 -9999.0
-9999.0 1.823022 1.635001 1.507721 1.427981 1.712803 1.106845 0.728594 0.163213 1.012398 1.283213 2.116700 3.414183 6.161538 6.059024 2.517243 1.712799 0.882663 1.963438 1.986526 3.677876 4.305954 7.209264 5.877103 8.267218 6.045720 6.646502 7.000861 5.679152 4.862966 5.150864 4.802247 5.179452 7.324231 6.958923 8.333598 9.207822 8.542526 8.913388 8.289778 7.809558 7.265495 6.699003 4.162786 3.547865 4.114707 6.577867 6.322849 8.163353 6.752030 8.243734 8.069725 7.328879 6.998772 6.976813 5.935065 3.453060 3.464445 4.801883 4.540925 2.786201 2.905320 -9999.0
-9999.0 2.428164 2.412085 2.513119 4.675801 2.410577 0.776153 0.615837 2.572265 2.750717 1.396262 2.261724 3.385089 6.157660 3.058744 1.020299 0.784844 1.102810 2.674766 1.802984 3.996327 3.473839 4.496618 5.753523 7.792405 8.792657 6.195721 7.269000 7.601332 6.056691 6.437258 5.999814 6.745333 7.240645 9.160131 9.276944 11.519509 13.556817 10.907488 10.715258 9.674244 9.054907 8.187665 7.037177 7.208458 7.265250 9.042969 9.099378 8.336500 8.275384 6.608346 3.692455 3.442492 5.077016 3.481718 2.713959 2.792471 2.634301 2.383603 1.709903 1.679377 -9999.0 -9999.0
-9999.0 1.813363 1.874088 1.196287 2.210329 3.995108 4.356699 0.980256 1.428555 1.644154 2.539677 3.308138 5.205513 4.867173 1.881621 0.782861 0.225266 1.023134 0.824381 1.437703 1.581237 2.112876 3.636591 6.626721 7.227489 6.770511 7.062379 7.209258 7.172558 7.456735 7.319119 7.903388 8.314217 7.585459 9.016202 9.632822 10.437233 12.423221 10.987905 10.785287 10.423439 11.498389 9.548467 9.045827 8.735593 8.808224 7.347249 6.998643 6.138590 4.671159 3.499342 3.781674 1.525366 4.375628 1.320981 1.338715 1.670825 1.205577 1.086628 -9999.0 -9999.0 -9999.0 -9999.0
