user2019/resources/simulation/Vinschgau/output-maps/TL0003N0805.asc
ncols         63
nrows         48
xllcorner     598000.000000
yllcorner     5145000.000000
cellsize      1000.000000
NODATA_value  -9999.0
[rows 0 to 27 of 48, columns 0 to 62 of 63]
-9999.0 -9999.0 -9999.0 -9999.0 -9999.0 -9999.0 -9999.0 -9999.0 -9999.0 -9999.0 -9999.0 -9999.0 -9999.0 -9999.0 -9999.0 -9999.0 -9999.0 -9999.0 -9999.0 -9999.0 -9999.0 -9999.0 -9999.0 -9999.0 -9999.0 -9999.0 -9999.0 -9999.0 -9999.0 -9999.0 -9999.0 -9999.0 -9999.0 -9999.0 -9999.0 -9999.0 -9999.0 -9999.0 -9999.0 -9999.0 -9999.0 -9999.0 -9999.0 -9999.0 -9999.0 -9999.0 -9999.0 -9999.0 -9999.0 -9999.0 -9999.0 -9999.0 -9999.0 -9999.0 -9999.0 -9999.0 -9999.0 -9999.0 -9999.0 -9999.0 -9999.0 -9999.0 -9999.0
-9999.0 -9999.0 -9999.0 -9999.0 -9999.0 -9999.0 -9999.0 -9999.0 -9999.0 -9999.0 -9999.0 -9999.0 -9999.0 -9999.0 -9999.0 -9999.0 -9999.0 -9999.0 -9999.0 -9999.0 -9999.0 -9999.0 -9999.0 -9999.0 -9999.0 -9999.0 -9999.0 -4.159829 -2.160078 -3.538160 -3.541630 -4.318323 -4.939756 -9999.0 -9999.0 -9999.0 -9999.0 -9999.0 -9999.0 -9999.0 -9999.0 -9999.0 -9999.0 -9999.0 -9999.0 -9999.0 -9999.0 -9999.0 -9999.0 -9999.0 -9999.0 -9999.0 -9999.0 -9999.0 -9999.0 -9999.0 -9999.0 -9999.0 -9999.0 -9999.0 -9999.0 -9999.0 -9999.0
-9999.0 -9999.0 -9999.0 -9999.0 -9999.0 -9999.0 -9999.0 -9999.0 -9999.0 -9999.0 -9999.0 -9999.0 -9999.0 -9999.0 -9999.0 -9999.0 -9999.0 -9999.0 -9999.0 -9999.0 -9999.0 -9999.0 -9999.0 -9999.0 -1.242807 -1.134743 -0.912352 -1.222063 -2.735742 -3.040063 -3.468136 -9999.0 -9999.0 -9999.0 -9999.0 -9999.0 -9999.0 -9999.0 -9999.0 -9999.0 -9999.0 -9999.0 -9999.0 -9999.0 -9999.0 -9999.0 -9999.0 -9999.0 -9999.0 -9999.0 -9999.0 -9999.0 -9999.0 -9999.0 -9999.0 -9999.0 -9999.0 -9999.0 -9999.0 -9999.0 -9999.0 -9999.0 -9999.0
-9999.0 -9999.0 -9999.0 -9999.0 -9999.0 -9999.0 -9999.0 -9999.0 -9999.0 -9999.0 -9999.0 -9999.0 -9999.0 -9999.0 -9999.0 -9999.0 -9999.0 -9999.0 -9999.0 -9999.0 -9999.0 -9999.0 -9999.0 -1.090709 -0.344401 0.178982 0.696259 0.931960 -0.012635 -1.365240 -3.075570 -4.085250 -9999.0 -9999.0 -9999.0 -9999.0 -9999.0 -9999.0 -9999.0 -9999.0 -9999.0 -9999.0 -9999.0 -9999.0 -9999.0 -9999.0 -9999.0 -9999.0 -9999.0 -9999.0 -9999.0 -9999.0 -9999.0 -9999.0 -9999.0 -9999.0 -9999.0 -9999.0 -9999.0 -9999.0 -9999.0 -9999.0 -9999.0
-9999.0 -9999.0 -9999.0 -9999.0 -9999.0 -9999.0 -9999.0 -9999.0 -9999.0 -9999.0 -9999.0 -9999.0 -9999.0 -9999.0 -9999.0 -9999.0 -9999.0 -9999.0 0.006174 -0.440746 -9999.0 -0.912048 -0.368528 -0.004189 0.283533 1.255032 -0.000540 -0.001526 0.009477 -0.025919 -1.581552 -2.874510 -5.244888 -6.891363 -9999.0 -9999.0 -9999.0 -9999.0 -9999.0 -9999.0 -9999.0 -9999.0 -9999.0 -9999.0 -9999.0 -9999.0 -9999.0 -9999.0 -9999.0 -9999.0 -9999.0 -9999.0 -9999.0 -9999.0 -9999.0 -9999.0 -9999.0 -9999.0 -9999.0 -9999.0 -9999.0 -9999.0 -9999.0
-9999.0 -9999.0 -9999.0 -9999.0 -9999.0 -9999.0 -9999.0 -9999.0 -9999.0 -9999.0 -9999.0 -9999.0 -9999.0 -9999.0 -9999.0 -9999.0 -9999.0 4.076208 2.180907 1.424322 -1.339198 -0.032664 -0.026193 -0.006555 0.005498 -0.017063 -0.100679 -0.045099 -0.054310 -0.003630 -1.403147 -3.339579 -3.845293 -4.103359 -5.886919 -6.974022 -9999.0 -9999.0 -9999.0 -9999.0 -9999.0 -9999.0 -9999.0 -9999.0 -9999.0 -9999.0 -9999.0 -9999.0 -9999.0 -9999.0 -9999.0 -9999.0 -9999.0 -9999.0 -9999.0 -9999.0 -9999.0 -9999.0 -9999.0 -9999.0 -9999.0 -9999.0 -9999.0
-9999.0 -9999.0 -9999.0 -9999.0 -9999.0 -9999.0 -9999.0 -9999.0 -9999.0 -9999.0 -9999.0 -9999.0 -9999.0 -0.173347 -0.003192 1.842820 3.621314 4.464251 3.650472 0.181627 0.051030 -0.001901 0.425840 0.002995 -0.019911 -0.382067 -1.602840 -0.667903 -0.325390 -0.052952 -1.288779 -2.360713 -4.124738 -4.897130 -5.390042 -7.187287 -9999.0 -9999.0 -9999.0 -9999.0 -9999.0 -9999.0 -9999.0 -9999.0 -9999.0 -9999.0 -9999.0 -9999.0 -9999.0 -9999.0 -9999.0 -9999.0 -9999.0 -9999.0 -9999.0 -9999.0 -9999.0 -9999.0 -9999.0 -9999.0 -9999.0 -9999.0 -9999.0
-9999.0 -9999.0 -9999.0 -9999.0 -9999.0 -9999.0 -9999.0 -9999.0 -9999.0 -9999.0 -9999.0 -9999.0 -9999.0 -0.039604 1.288627 2.579940 2.885830 3.486011 4.523935 1.612790 2.476275 0.961067 0.961338 -0.002713 -0.014242 -0.035999 -2.142302 -3.786911 -4.866490 -1.209822 -0.930810 -3.230033 -5.234937 -9.106829 -6.894946 -9999.0 -9999.0 -9999.0 -9999.0 -9999.0 -9999.0 -9999.0 -9999.0 -9999.0 -9999.0 -9999.0 -9999.0 -9999.0 -9999.0 -9999.0 -9999.0 -9999.0 -9999.0 -9999.0 -9999.0 -9999.0 -9999.0 -9999.0 -9999.0 -9999.0 -9999.0 -9999.0 -9999.0
-9999.0 -9999.0 -9999.0 -9999.0 -9999.0 -9999.0 -9999.0 -9999.0 -9999.0 -9999.0 -9999.0 -9999.0 -9999.0 0.868175 0.962602 2.015316 2.160149 3.088569 4.809949 3.516162 1.371919 -0.011243 -0.015852 -0.039758 -0.006682 -0.025124 -2.488412 -5.129903 -3.998303 -8.027751 -3.902878 -9.492510 -9.888267 -10.389356 -7.665847 -9999.0 -9999.0 -9999.0 -9999.0 -9999.0 -9999.0 -9999.0 -9999.0 -9999.0 -9999.0 -9999.0 -9999.0 -9999.0 -9999.0 -9999.0 -9999.0 -9999.0 -9999.0 -9999.0 -9999.0 -9999.0 -9999.0 -9999.0 -9999.0 -9999.0 -9999.0 -9999.0 -9999.0
-9999.0 -9999.0 -9999.0 -9999.0 -9999.0 -9999.0 -9999.0 -9999.0 -9999.0 -9999.0 -9999.0 -9999.0 -0.004535 0.009726 1.462774 -0.001395 0.547223 2.377453 4.052209 2.322130 0.003477 -0.056924 -0.063234 -0.107411 -1.411406 -2.192270 -2.584771 -3.549559 -3.981093 -5.461366 -9.308796 -5.545606 -5.907718 -7.750343 -9999.0 -9999.0 -9999.0 -9999.0 -9999.0 -9999.0 -9999.0 -9999.0 -9999.0 -9999.0 -9999.0 -9999.0 -9999.0 -9999.0 -9999.0 -9999.0 -9999.0 -9999.0 -9999.0 -9999.0 -9999.0 -9999.0 -9999.0 -9999.0 -9999.0 -9999.0 -9999.0 -9999.0 -9999.0
-9999.0 -9999.0 -9999.0 -9999.0 -9999.0 -9999.0 -9999.0 -9999.0 -9999.0 -9999.0 -9999.0 -0.136966 0.649548 0.820789 0.734294 -0.025816 1.212874 2.369213 4.044098 1.824837 0.907188 0.000161 -0.684346 -1.897455 -1.758877 -1.737722 -4.451763 -2.365757 -3.153849 -6.868972 -5.736861 -3.907020 -5.386027 -6.433635 -5.868348 -5.191595 -3.857460 -2.673722 -2.490780 -9999.0 -9999.0 -9999.0 -6.551658 -9999.0 -9999.0 -9999.0 -9999.0 -9999.0 -9999.0 -9999.0 -9999.0 -9999.0 -9999.0 -9999.0 -9999.0 -9999.0 -9999.0 -9999.0 -9999.0 -9999.0 -9999.0 -9999.0 -9999.0
-9999.0 -9999.0 -9999.0 -9999.0 -9999.0 -9999.0 -9999.0 -9999.0 -9999.0 -9999.0 -9999.0 -0.214068 0.952596 1.969033 2.022165 -0.111303 3.169699 3.021236 4.200112 2.748960 1.433447 -0.039870 -0.730644 -1.884491 -1.488303 -2.299657 -2.528477 -2.171899 -4.065694 -6.481162 -2.940451 -2.661603 -4.008594 -5.088380 -5.640271 -3.066139 -1.424811 -1.378075 -2.268846 -6.095834 -6.054504 -6.564166 -3.284433 -5.244403 -9999.0 -9999.0 -9999.0 -5.072988 -5.993946 -5.793550 -5.043988 -6.729966 -6.967291 -4.826304 -4.617799 -7.397274 -9999.0 -9999.0 -9999.0 -9999.0 -9999.0 -9999.0 -9999.0
-9999.0 -9999.0 -9999.0 -9999.0 -9999.0 -9999.0 -9999.0 -9999.0 -9999.0 -9999.0 -9999.0 -0.458527 -0.236099 -0.333067 -0.026587 -0.039175 -0.001475 2.390133 3.122278 2.844782 1.278737 -0.022879 -0.485462 -1.226774 -2.415921 -3.938463 -0.879476 -2.720482 -4.377985 -5.349473 -4.822552 -3.937829 -1.615800 -4.695156 -5.307740 -3.580390 -2.513844 -2.310308 -0.918323 -4.542007 -2.075390 -4.060796 -2.229735 -2.200760 -4.783411 -9999.0 -7.755849 -4.922286 -3.190642 -2.026802 -1.751129 -2.949734 -2.701614 -3.156061 -3.865913 -4.576740 -9999.0 -9999.0 -9999.0 -9999.0 -9999.0 -9999.0 -9999.0
-9999.0 -9999.0 -9999.0 -9999.0 -9999.0 -9999.0 -9999.0 -9999.0 -9999.0 -9999.0 -9999.0 -9999.0 -0.271589 -0.391332 -0.043750 -0.040191 -0.003158 1.686389 3.592802 2.823415 1.047125 -0.022116 -0.541494 -0.517778 -2.177654 -0.957960 -1.199786 -2.064216 -3.493897 -5.189519 -2.635338 -3.022048 -1.638384 -3.739210 -4.454468 -2.519357 -1.291958 -0.211873 -0.023413 -1.783790 -1.242045 -2.184768 -3.028729 -0.808537 -4.792779 -4.984378 -6.170395 -4.702569 -3.187454 -0.924059 -0.138959 -2.843124 -2.274519 -3.321144 -4.644710 -3.531463 -4.018925 -9999.0 -9999.0 -9999.0 -9999.0 -9999.0 -9999.0
-9999.0 -9999.0 -9999.0 -9999.0 -9999.0 -9999.0 -9999.0 -9999.0 -9999.0 -9999.0 -9999.0 -0.600655 -1.042383 -0.349388 -1.027245 -0.030936 -0.008010 0.975287 3.026035 3.000519 1.284616 -0.007848 -0.147367 -1.349625 -0.566565 -1.921663 -0.567094 -3.609496 -3.636072 -3.625371 -0.937977 -2.305760 -2.335457 -3.568988 -5.758962 -3.157671 -2.657090 -0.763582 -0.029754 -0.280708 -0.799900 -0.047589 -1.003545 -0.838081 -0.527521 -3.148100 -4.222707 -3.520925 -2.576063 -0.099860 -3.959912 -3.464066 -5.368323 -6.555377 -7.855118 -8.171999 -5.453454 -9999.0 -9999.0 -9999.0 -9999.0 -9999.0 -9999.0
-9999.0 -9999.0 -9999.0 -9999.0 -9999.0 -9999.0 -9999.0 -9999.0 -9999.0 -9999.0 -1.192577 -0.190770 -0.780470 -0.709769 -0.127102 -0.430920 -0.454836 -0.011427 2.453356 2.661164 1.357866 0.012263 -0.465465 -0.218105 -0.049404 -1.359964 -1.785502 -4.894508 -1.708349 -0.928876 -1.594681 -1.551761 -1.191125 -3.704752 -7.408284 -4.791341 -1.606269 -1.022218 -0.105222 -0.015205 -0.012439 0.205114 1.214613 0.298442 -0.078970 -3.354769 -1.937434 -0.982097 -1.638830 -0.048702 -4.938227 -6.054768 -8.385696 -9.021127 -9.396937 -3.805075 -4.056274 -9999.0 -9999.0 -9999.0 -9999.0 -9999.0 -9999.0
-9999.0 -9999.0 -9999.0 -9999.0 -9999.0 -9999.0 -9999.0 -9999.0 -9999.0 -2.144927 -1.193116 -1.625116 -1.299649 -0.357686 -0.581463 -0.080144 -0.099144 -0.025549 2.148775 3.078245 1.684193 -0.005340 -0.005222 -0.006107 -0.020929 -1.552861 -2.337605 -0.848173 -0.168335 -0.058101 -0.020000 -1.758313 -4.533932 -7.475927 -6.296126 -4.856743 -3.371751 -3.567959 -1.149629 -0.125018 -0.148797 -0.140847 -0.272808 0.912735 0.296169 -0.077577 -0.052519 -0.956948 -0.941173 -0.010523 -2.654172 -5.522647 -9.814727 -8.353126 -6.728259 -6.272175 -4.464391 -4.976807 -6.283748 -9999.0 -9999.0 -9999.0 -9999.0
-9999.0 -9999.0 -9999.0 -9999.0 -9999.0 -9999.0 -9999.0 -9999.0 -9999.0 -4.629407 -4.517753 -1.204236 -0.050652 -0.028494 -0.115725 -0.373139 -0.076252 -0.004764 2.695611 2.679478 2.307692 1.451004 0.158275 -0.026477 -1.151671 -1.086068 -0.334002 -0.052126 -0.006674 -0.026115 -0.087612 -2.141688 -2.672654 -4.589269 -3.427305 -4.736809 -4.211181 -2.872216 -2.364125 -0.889174 -0.721993 -1.760564 -0.279639 -0.003195 1.575020 0.953176 0.611046 -0.010845 -0.029980 -0.017588 -3.001398 -5.944741 -7.955871 -6.992211 -6.164264 -4.538889 -4.938047 -3.024169 -3.855093 -9999.0 -9999.0 -9999.0 -9999.0
-9999.0 -9999.0 -9999.0 -9999.0 -9999.0 -9999.0 -9999.0 -9999.0 -9999.0 -9999.0 -2.967227 -1.551767 -0.090950 -0.499133 -0.024236 -0.093565 -0.030350 0.433007 3.408962 3.005245 2.286002 1.289550 -0.018907 -0.089758 -0.572944 -0.077818 -0.018664 -0.000849 -0.062469 -1.610764 -2.044191 -2.058103 -4.268931 -4.125067 -3.584899 -2.356541 -0.822128 -0.367859 -4.177762 -3.021841 -3.351351 -0.801270 -0.339978 -0.074064 -0.018726 -0.010338 0.388134 0.829800 1.275833 -0.018962 -1.956000 -3.209766 -6.802305 -7.772975 -7.093600 -5.040112 -3.266548 -1.332660 -1.581751 -0.068290 -9999.0 -9999.0 -9999.0
-9999.0 -9999.0 -9999.0 -9999.0 -9999.0 -9999.0 -9999.0 -9999.0 -9999.0 -9999.0 -3.630275 -1.905650 -0.921629 -0.455290 0.010943 -0.005021 -0.010699 1.444531 3.889254 3.711622 2.547320 0.238499 -0.023958 -0.235141 -0.077992 -0.003997 0.663591 -0.018138 -1.359607 -3.882704 -2.927817 -2.671782 -4.420728 -4.819945 -2.568295 -2.039208 -1.303034 -0.710228 -2.286830 -3.789133 -2.440584 -2.481117 -2.529657 -1.465841 -0.344031 -0.330786 -0.045301 -0.018483 1.579540 1.007487 -0.030066 -2.404128 -4.454093 -6.351428 -8.394029 -7.564945 -5.018309 -1.054819 0.696922 0.762509 -9999.0 -9999.0 -9999.0
-9999.0 -9999.0 -9999.0 -9999.0 -9999.0 -9999.0 -9999.0 -9999.0 -1.202136 -2.511988 -4.113319 -1.557572 -2.543668 -2.395886 -0.081971 0.881197 1.698585 2.315566 3.713112 4.350068 4.348934 2.680348 1.686252 -0.005500 -0.009173 1.395670 -0.000351 -0.611633 -1.630114 -4.033445 -8.223472 -3.119696 -2.680095 -4.421691 -3.074283 -2.218370 -0.123984 -0.062529 -2.640540 -4.800546 -3.621587 -1.538513 -3.972213 -4.511602 -2.116605 -1.019416 -2.455943 -0.308299 -0.017180 1.319053 -0.021645 -0.877217 -3.100269 -6.454377 -7.112889 -4.104006 -4.668251 -0.333944 -0.007288 2.450067 -9999.0 -9999.0 -9999.0
-9999.0 -9999.0 -9999.0 -9999.0 -9999.0 -9999.0 -9999.0 -9999.0 -3.493328 -1.371494 -3.322103 -3.892189 -2.133636 -1.983350 -0.522117 -0.008990 0.695489 1.239312 4.457109 4.844847 4.842579 3.871706 2.580906 1.149109 2.052973 2.199031 0.261708 -0.259669 -4.082391 -3.585518 -4.550631 -4.312152 -4.139069 -4.145068 -1.664816 -0.968925 -0.264623 -0.392245 -0.515001 -1.624430 -2.829428 -6.837291 -4.073125 -1.550332 -1.385801 -0.669811 -4.341544 -1.760903 -0.160433 0.898917 0.816241 -0.194410 -3.618349 -4.614972 -2.144544 -3.210431 -1.161630 -0.045852 1.512486 3.958143 4.892763 -9999.0 -9999.0
-9999.0 -9999.0 -9999.0 -9999.0 -9999.0 -9999.0 -9999.0 -9999.0 -2.710675 -2.312150 -1.717727 -4.144122 -2.986576 -3.633529 -0.421656 -0.834330 -0.004962 0.963066 4.543215 4.918597 5.295762 4.646538 4.046522 3.452437 2.774990 1.885001 -0.001898 -0.914569 -4.653728 -2.405871 -3.735879 -1.202782 -1.850907 -1.860850 -0.678863 -0.719938 -0.061484 1.138687 -0.029482 -0.727615 -1.700847 -3.611104 -1.597325 -2.427789 -1.381428 -1.656015 -4.740539 -2.269021 -1.982905 -0.016020 1.927335 -0.023523 -2.554363 -3.485309 -1.681550 -0.344837 -0.000785 1.410724 3.439934 3.716281 4.547442 -9999.0 -9999.0
-9999.0 -9999.0 -9999.0 -9999.0 -9999.0 -9999.0 -9999.0 -9999.0 -5.801275 -1.579256 -1.826473 -4.528851 -3.183389 -1.122215 -0.338253 -0.002504 2.722386 4.225267 3.045989 4.967452 4.663282 5.099867 4.700877 4.188923 2.599478 0.313576 -0.050305 -2.077987 -0.914939 -0.629400 -0.938134 -0.397121 -0.045046 -0.583532 -0.260515 -0.200470 -0.015042 2.648188 -0.001145 -0.055408 -1.245431 -0.807131 -1.134749 -2.114930 -2.025555 -3.479343 -1.677003 -2.691848 -2.135010 -1.140221 -0.014397 1.556610 -0.018362 -0.305696 -0.042232 0.616776 2.108181 2.985398 4.254075 4.320665 3.372759 1.757196 -9999.0
-9999.0 -9999.0 -9999.0 -9999.0 -9999.0 -9999.0 -9999.0 -9999.0 -5.256319 -1.773214 -1.715377 -1.660195 -2.166983 -0.704241 -0.025837 1.054513 1.586013 1.412462 -0.003320 1.611536 3.893229 4.456507 4.736514 4.461521 1.893205 -0.006014 -0.702567 -0.081047 -0.023401 -0.219747 -0.113707 -0.024034 0.557809 -0.006756 -0.016989 -0.002341 1.186073 4.422491 3.758785 0.852285 -0.009448 -0.018673 -0.027999 -0.026305 -1.032246 -0.564406 -0.188567 -0.661724 -0.223107 -0.019861 0.304181 0.955581 1.327009 0.691107 1.324729 1.699497 2.469342 3.168033 3.678690 3.290556 2.847817 1.184160 -9999.0
-9999.0 -9999.0 -2.090312 -1.244914 -3.115315 -1.183781 -2.876978 -2.886891 -2.927522 -2.278466 -0.871693 -1.093793 -1.467531 -0.223403 0.197255 0.708572 -0.021220 -0.899873 -0.331458 -0.005510 1.532623 4.044122 3.756560 5.517393 2.649581 0.955853 -0.008883 -0.004045 1.258501 0.001032 -0.017694 -0.002633 1.725570 1.881390 2.346512 3.168576 4.556428 6.539077 5.435907 3.059844 2.354370 2.358965 2.538968 1.143926 -0.007759 -0.018912 0.334403 0.747336 1.119504 2.120929 2.787343 2.760624 2.147874 1.730423 1.670857 2.528376 1.956246 2.485925 2.042594 2.292676 0.912013 0.473257 -9999.0
-9999.0 -0.351719 -0.614194 -0.766047 -1.103190 -2.573473 -2.871090 -2.734247 -4.194660 -3.988433 -1.984446 -0.666206 -0.354581 -0.027073 0.002537 -0.325076 -0.894210 -1.716743 -0.646201 -0.014970 1.371681 2.724873 2.389072 3.195734 3.339731 2.347859 1.647011 1.891793 2.586444 1.640911 1.475718 1.419188 2.645266 4.090860 5.001860 6.235258 7.622360 9.531595 7.788785 6.385679 5.541403 5.326975 4.599633 3.216831 2.140554 2.576605 2.904813 4.286438 4.193544 4.341035 3.421416 2.686620 1.720663 1.098250 1.056004 0.724658 0.347581 0.647077 0.377648 -0.003547 -0.004352 0.268706 -9999.0
-9999.0 -0.124796 -1.291506 -0.182785 -0.085101 -1.805873 -2.594824 -3.000272 -3.150851 -4.318335 -2.372899 -1.071585 -0.013561 0.004753 -0.061821 -2.568962 -3.257529 -2.114977 -0.253088 -0.158496 -0.016836 1.031521 1.743924 1.124661 2.790717 3.733551 4.866030 4.594847 4.029729 4.901589 5.738008 5.311212 4.360191 5.247977 6.489927 8.115122 10.383832 11.496026 10.237039 9.421368 8.639896 7.752933 6.622313 7.069774 7.321977 6.875725 5.466636 5.241486 4.748183 4.118867 2.524626 1.232708 0.422641 0.809422 0.345289 -0.037339 -0.337447 -0.043634 -0.033044 -0.073180 -0.030582 -9999.0 -9999.0
