user2019/resources/simulation/Vinschgau/output-maps/TL0005N0890.asc
ncols         63
nrows         48
xllcorner     598000.000000
yllcorner     5145000.000000
cellsize      1000.000000
NODATA_value  -9999.0
[rows 0 to 27 of 48, columns 0 to 62 of 63]
-9999.0 -9999.0 -9999.0 -9999.0 -9999.0 -9999.0 -9999.0 -9999.0 -9999.0 -9999.0 -9999.0 -9999.0 -9999.0 -9999.0 -9999.0 -9999.0 -9999.0 -9999.0 -9999.0 -9999.0 -9999.0 -9999.0 -9999.0 -9999.0 -9999.0 -9999.0 -9999.0 -9999.0 -9999.0 -9999.0 -9999.0 -9999.0 -9999.0 -9999.0 -9999.0 -9999.0 -9999.0 -9999.0 -9999.0 -9999.0 -9999.0 -9999.0 -9999.0 -9999.0 -9999.0 -9999.0 -9999.0 -9999.0 -9999.0 -9999.0 -9999.0 -9999.0 -9999.0 -9999.0 -9999.0 -9999.0 -9999.0 -9999.0 -9999.0 -9999.0 -9999.0 -9999.0 -9999.0
-9999.0 -9999.0 -9999.0 -9999.0 -9999.0 -9999.0 -9999.0 -9999.0 -9999.0 -9999.0 -9999.0 -9999.0 -9999.0 -9999.0 -9999.0 -9999.0 -9999.0 -9999.0 -9999.0 -9999.0 -9999.0 -9999.0 -9999.0 -9999.0 -9999.0 -9999.0 -9999.0 -6.412551 -4.949423 -5.510088 -5.578580 -6.324483 -6.473543 -9999.0 -9999.0 -9999.0 -9999.0 -9999.0 -9999.0 -9999.0 -9999.0 -9999.0 -9999.0 -9999.0 -9999.0 -9999.0 -9999.0 -9999.0 -9999.0 -9999.0 -9999.0 -9999.0 -9999.0 -9999.0 -9999.0 -9999.0 -9999.0 -9999.0 -9999.0 -9999.0 -9999.0 -9999.0 -9999.0
-9999.0 -9999.0 -9999.0 -9999.0 -9999.0 -9999.0 -9999.0 -9999.0 -9999.0 -9999.0 -9999.0 -9999.0 -9999.0 -9999.0 -9999.0 -9999.0 -9999.0 -9999.0 -9999.0 -9999.0 -9999.0 -9999.0 -9999.0 -9999.0 -4.176552 -3.902463 -3.170980 -4.112042 -3.453241 -5.103955 -5.889351 -9999.0 -9999.0 -9999.0 -9999.0 -9999.0 -9999.0 -9999.0 -9999.0 -9999.0 -9999.0 -9999.0 -9999.0 -9999.0 -9999.0 -9999.0 -9999.0 -9999.0 -9999.0 -9999.0 -9999.0 -9999.0 -9999.0 -9999.0 -9999.0 -9999.0 -9999.0 -9999.0 -9999.0 -9999.0 -9999.0 -9999.0 -9999.0
-9999.0 -9999.0 -9999.0 -9999.0 -9999.0 -9999.0 -9999.0 -9999.0 -9999.0 -9999.0 -9999.0 -9999.0 -9999.0 -9999.0 -9999.0 -9999.0 -9999.0 -9999.0 -9999.0 -9999.0 -9999.0 -9999.0 -9999.0 -3.782262 -1.975419 -0.005722 0.234694 0.798838 -0.007188 -3.597315 -5.836323 -6.450910 -9999.0 -9999.0 -9999.0 -9999.0 -9999.0 -9999.0 -9999.0 -9999.0 -9999.0 -9999.0 -9999.0 -9999.0 -9999.0 -9999.0 -9999.0 -9999.0 -9999.0 -9999.0 -9999.0 -9999.0 -9999.0 -9999.0 -9999.0 -9999.0 -9999.0 -9999.0 -9999.0 -9999.0 -9999.0 -9999.0 -9999.0
-9999.0 -9999.0 -9999.0 -9999.0 -9999.0 -9999.0 -9999.0 -9999.0 -9999.0 -9999.0 -9999.0 -9999.0 -9999.0 -9999.0 -9999.0 -9999.0 -9999.0 -9999.0 -0.002749 -2.600286 -9999.0 -3.222507 -2.034579 -0.008367 -0.004272 0.714519 -0.003297 -0.002375 -0.001508 -0.004946 -3.981368 -5.526267 -7.477766 -10.101853 -9999.0 -9999.0 -9999.0 -9999.0 -9999.0 -9999.0 -9999.0 -9999.0 -9999.0 -9999.0 -9999.0 -9999.0 -9999.0 -9999.0 -9999.0 -9999.0 -9999.0 -9999.0 -9999.0 -9999.0 -9999.0 -9999.0 -9999.0 -9999.0 -9999.0 -9999.0 -9999.0 -9999.0 -9999.0
-9999.0 -9999.0 -9999.0 -9999.0 -9999.0 -9999.0 -9999.0 -9999.0 -9999.0 -9999.0 -9999.0 -9999.0 -9999.0 -9999.0 -9999.0 -9999.0 -9999.0 3.923472 2.258266 0.771684 -3.781196 -0.014732 -0.004801 -0.004582 -0.003872 -0.003323 -0.173220 -0.057091 -0.063937 -0.002486 -1.902146 -3.886299 -5.483413 -6.259552 -8.289228 -9.612865 -9999.0 -9999.0 -9999.0 -9999.0 -9999.0 -9999.0 -9999.0 -9999.0 -9999.0 -9999.0 -9999.0 -9999.0 -9999.0 -9999.0 -9999.0 -9999.0 -9999.0 -9999.0 -9999.0 -9999.0 -9999.0 -9999.0 -9999.0 -9999.0 -9999.0 -9999.0 -9999.0
-9999.0 -9999.0 -9999.0 -9999.0 -9999.0 -9999.0 -9999.0 -9999.0 -9999.0 -9999.0 -9999.0 -9999.0 -9999.0 -1.762833 -0.003401 1.766847 3.402094 2.449515 3.494690 -0.008381 -0.004722 -0.004776 -0.004643 -0.003560 -0.003074 -1.991125 -2.588478 -1.136973 -0.988718 -0.123578 -1.739051 -4.335414 -5.745552 -6.467087 -7.015558 -9.940037 -9999.0 -9999.0 -9999.0 -9999.0 -9999.0 -9999.0 -9999.0 -9999.0 -9999.0 -9999.0 -9999.0 -9999.0 -9999.0 -9999.0 -9999.0 -9999.0 -9999.0 -9999.0 -9999.0 -9999.0 -9999.0 -9999.0 -9999.0 -9999.0 -9999.0 -9999.0 -9999.0
-9999.0 -9999.0 -9999.0 -9999.0 -9999.0 -9999.0 -9999.0 -9999.0 -9999.0 -9999.0 -9999.0 -9999.0 -9999.0 -0.844266 0.702676 2.549878 2.710648 1.803379 2.499302 1.045322 2.572895 0.114254 0.835947 -0.003119 -0.009389 -0.077048 -4.917479 -5.827410 -6.958205 -2.042293 -1.478325 -5.284455 -7.306802 -10.212839 -8.610107 -9999.0 -9999.0 -9999.0 -9999.0 -9999.0 -9999.0 -9999.0 -9999.0 -9999.0 -9999.0 -9999.0 -9999.0 -9999.0 -9999.0 -9999.0 -9999.0 -9999.0 -9999.0 -9999.0 -9999.0 -9999.0 -9999.0 -9999.0 -9999.0 -9999.0 -9999.0 -9999.0 -9999.0
-9999.0 -9999.0 -9999.0 -9999.0 -9999.0 -9999.0 -9999.0 -9999.0 -9999.0 -9999.0 -9999.0 -9999.0 -9999.0 0.220058 0.054679 1.366411 2.092697 3.040983 2.672326 3.426708 0.190311 -0.116167 -0.003459 -0.007637 -0.002926 -0.005941 -4.745252 -7.243725 -6.444392 -9.061863 -5.894903 -10.766578 -11.216045 -13.028335 -10.290287 -9999.0 -9999.0 -9999.0 -9999.0 -9999.0 -9999.0 -9999.0 -9999.0 -9999.0 -9999.0 -9999.0 -9999.0 -9999.0 -9999.0 -9999.0 -9999.0 -9999.0 -9999.0 -9999.0 -9999.0 -9999.0 -9999.0 -9999.0 -9999.0 -9999.0 -9999.0 -9999.0 -9999.0
-9999.0 -9999.0 -9999.0 -9999.0 -9999.0 -9999.0 -9999.0 -9999.0 -9999.0 -9999.0 -9999.0 -9999.0 -0.006281 -0.008526 0.823146 -0.003063 0.495272 2.411184 2.294305 1.997960 -0.004581 -0.111316 -0.167283 -0.275610 -1.804619 -4.913764 -3.587669 -6.055332 -5.377486 -7.507784 -10.721980 -7.789383 -6.517660 -10.955192 -9999.0 -9999.0 -9999.0 -9999.0 -9999.0 -9999.0 -9999.0 -9999.0 -9999.0 -9999.0 -9999.0 -9999.0 -9999.0 -9999.0 -9999.0 -9999.0 -9999.0 -9999.0 -9999.0 -9999.0 -9999.0 -9999.0 -9999.0 -9999.0 -9999.0 -9999.0 -9999.0 -9999.0 -9999.0
-9999.0 -9999.0 -9999.0 -9999.0 -9999.0 -9999.0 -9999.0 -9999.0 -9999.0 -9999.0 -9999.0 -1.619012 0.118070 0.222774 0.113551 -0.284766 0.496605 2.272173 2.297161 1.278537 0.920053 -0.002881 -2.857156 -4.491259 -0.425349 -4.208869 -6.294330 -5.120991 -5.478089 -9.390388 -8.032570 -4.714759 -6.918620 -9.095719 -8.177317 -6.634071 -6.211488 -5.388261 -5.054532 -9999.0 -9999.0 -9999.0 -9.242051 -9999.0 -9999.0 -9999.0 -9999.0 -9999.0 -9999.0 -9999.0 -9999.0 -9999.0 -9999.0 -9999.0 -9999.0 -9999.0 -9999.0 -9999.0 -9999.0 -9999.0 -9999.0 -9999.0 -9999.0
-9999.0 -9999.0 -9999.0 -9999.0 -9999.0 -9999.0 -9999.0 -9999.0 -9999.0 -9999.0 -9999.0 -1.887004 0.519365 1.703432 1.596381 -1.683557 2.825909 3.139587 2.427785 1.534436 0.209397 -0.666545 -2.447192 -3.274062 -2.431338 -5.037347 -5.446494 -4.138369 -5.323257 -9.006949 -5.129886 -4.767550 -6.458201 -7.320776 -8.187816 -5.140633 -3.548587 -3.758696 -5.213569 -8.724504 -8.669700 -9.171195 -5.371555 -7.510418 -9999.0 -9999.0 -9999.0 -9.838933 -8.354073 -8.003029 -7.195603 -9.146376 -9.376703 -8.870103 -8.383531 -10.001989 -9999.0 -9999.0 -9999.0 -9999.0 -9999.0 -9999.0 -9999.0
-9999.0 -9999.0 -9999.0 -9999.0 -9999.0 -9999.0 -9999.0 -9999.0 -9999.0 -9999.0 -9999.0 -3.039695 -1.927804 -0.279958 -0.339985 -0.831782 -0.002417 2.552372 1.904799 1.558263 1.280046 -0.004346 -1.460897 -4.156276 -5.050989 -6.225166 -2.068620 -3.964619 -6.489091 -7.774014 -6.917284 -4.473533 -3.971669 -6.929428 -7.477421 -3.791728 -3.618033 -3.200570 -2.894272 -6.871514 -4.856073 -6.282229 -3.973082 -4.975832 -7.022264 -9999.0 -10.709977 -6.958441 -5.408621 -4.334248 -4.071580 -4.933830 -4.902963 -5.619271 -5.766418 -6.770740 -9999.0 -9999.0 -9999.0 -9999.0 -9999.0 -9999.0 -9999.0
-9999.0 -9999.0 -9999.0 -9999.0 -9999.0 -9999.0 -9999.0 -9999.0 -9999.0 -9999.0 -9999.0 -9999.0 -1.675901 -0.533054 -1.142500 -1.021007 -0.003860 1.771490 2.038932 1.608658 1.075016 -0.004481 -0.253608 -1.118937 -3.686499 -2.208279 -2.530837 -4.331077 -5.698162 -7.393051 -5.400645 -4.264641 -4.027603 -5.968703 -6.510621 -4.755946 -2.279581 -2.656529 -0.508730 -4.278828 -3.487708 -4.880099 -1.723397 -2.921798 -7.010261 -7.348881 -8.530495 -6.835217 -3.653445 -1.755653 -0.608651 -4.092623 -2.916589 -4.715765 -5.356556 -5.494593 -6.624008 -9999.0 -9999.0 -9999.0 -9999.0 -9999.0 -9999.0
-9999.0 -9999.0 -9999.0 -9999.0 -9999.0 -9999.0 -9999.0 -9999.0 -9999.0 -9999.0 -9999.0 -0.865230 -3.850722 -2.242656 -0.771363 -0.025083 -0.002522 1.029839 1.531790 3.117493 1.401007 -0.003358 -0.055656 -2.424091 -1.660580 -0.503295 -0.789785 -5.918900 -6.191110 -5.856975 -2.348404 -3.408416 -2.802163 -5.808792 -8.122276 -5.143441 -5.037830 -1.540526 -0.017971 -1.654296 -1.600859 -0.071097 -0.835803 -1.741488 -2.075145 -5.780334 -4.678331 -5.710669 -4.785025 -0.452222 -4.525992 -5.613397 -6.975640 -8.020846 -9.028735 -9.802248 -7.590034 -9999.0 -9999.0 -9999.0 -9999.0 -9999.0 -9999.0
-9999.0 -9999.0 -9999.0 -9999.0 -9999.0 -9999.0 -9999.0 -9999.0 -9999.0 -9999.0 -2.545911 -0.727191 -2.699064 -2.757831 -1.125292 -0.792199 -1.038618 -0.003553 2.573006 2.768911 0.261803 -0.001218 -0.806832 -1.665126 -0.028623 -1.847007 -3.028750 -5.471464 -4.168470 -3.325475 -2.826786 -2.888693 -3.204058 -5.787749 -10.077063 -6.891579 -3.950004 -2.000820 -0.052815 -0.002813 -0.002771 -0.001982 0.081792 0.284947 -0.191399 -5.670705 -4.587425 -1.495791 -0.903442 -0.026523 -7.021616 -8.110691 -9.521883 -10.761702 -10.411959 -5.837634 -5.641386 -9999.0 -9999.0 -9999.0 -9999.0 -9999.0 -9999.0
-9999.0 -9999.0 -9999.0 -9999.0 -9999.0 -9999.0 -9999.0 -9999.0 -9999.0 -4.835935 -2.162778 -1.766218 -0.512770 -1.191913 -0.598592 -0.324575 -0.258362 -0.137589 2.320604 3.179340 0.530838 -0.005881 -0.004600 -0.003307 -0.002790 -1.708324 -3.851880 -3.246819 -0.715327 -0.045534 -0.002705 -1.906919 -6.573186 -10.209130 -8.941154 -7.036079 -3.906848 -2.567662 -2.117741 -0.511333 -0.216664 -0.183775 -0.679803 0.969379 0.327747 -0.533900 -1.125664 -1.790797 -1.735780 -0.002403 -3.034686 -7.601010 -11.685673 -10.819614 -8.837109 -7.256051 -6.089813 -7.132033 -8.466748 -9999.0 -9999.0 -9999.0 -9999.0
-9999.0 -9999.0 -9999.0 -9999.0 -9999.0 -9999.0 -9999.0 -9999.0 -9999.0 -6.184259 -5.024675 -3.313198 -1.044510 -0.005856 -0.530770 -1.218046 -1.024263 -0.002514 2.981738 1.449250 1.098882 0.286577 -0.001983 -0.108849 -1.321160 -2.558119 -1.122559 -0.065392 -0.002360 -0.010706 -0.857269 -2.288088 -4.709594 -6.865244 -5.599875 -7.051388 -6.497123 -5.181179 -5.036014 -2.655033 -1.006468 -2.981950 -1.005955 -0.002271 1.604379 0.532611 0.199368 -0.003609 -0.008070 -0.002439 -3.152932 -6.539007 -10.220231 -8.990360 -7.631736 -8.135183 -6.062863 -5.063086 -6.083540 -9999.0 -9999.0 -9999.0 -9999.0
-9999.0 -9999.0 -9999.0 -9999.0 -9999.0 -9999.0 -9999.0 -9999.0 -9999.0 -9999.0 -5.605471 -3.286829 -0.213016 -0.562715 -0.004538 -0.246829 -0.007494 0.057498 3.788898 2.545348 1.188281 1.479739 -0.002968 -0.268960 -1.754464 -0.194431 -0.002691 -0.001637 -0.925013 -1.833477 -2.189307 -2.624713 -4.893394 -6.238478 -4.086755 -3.764033 -2.989725 -2.006562 -6.457155 -5.195284 -5.643256 -2.703780 -1.754993 -0.479679 -0.003724 -0.003071 0.439773 0.045859 0.875599 -0.003278 -2.103758 -5.169185 -8.954190 -9.910015 -9.117222 -6.947030 -4.412816 -1.790509 -2.343358 -0.156269 -9999.0 -9999.0 -9999.0
-9999.0 -9999.0 -9999.0 -9999.0 -9999.0 -9999.0 -9999.0 -9999.0 -9999.0 -9999.0 -5.825216 -4.576386 -3.309054 -0.103234 -0.001204 -0.004694 -0.003899 1.482667 4.171777 3.544369 2.545398 0.241152 -0.003745 -0.664733 -0.195415 -0.002228 0.227745 -0.006324 -1.525535 -4.567837 -5.266699 -4.052907 -6.226446 -7.068868 -5.181086 -2.434112 -1.813298 -0.531375 -3.141189 -6.105356 -4.927279 -4.114500 -1.781768 -3.693664 -1.439845 -0.469581 -0.042502 -0.003750 1.738859 0.600398 -0.020605 -3.047201 -5.176630 -8.430930 -10.579988 -9.749864 -6.994019 -1.800878 0.619631 0.339385 -9999.0 -9999.0 -9999.0
-9999.0 -9999.0 -9999.0 -9999.0 -9999.0 -9999.0 -9999.0 -9999.0 -4.059386 -5.450151 -6.400766 -3.984577 -3.703301 -1.579709 -0.062869 0.852104 1.854904 1.154751 3.262157 4.046122 4.331620 2.968048 1.789276 -0.006245 -0.003068 1.308815 -0.001949 -1.040136 -2.701314 -4.525539 -9.482844 -5.199263 -5.165460 -6.765405 -4.754993 -4.859247 -1.327794 -0.455228 -2.798979 -7.078729 -5.735517 -2.938017 -4.521636 -6.598619 -4.682350 -2.264889 -2.604940 -1.034127 -0.003906 0.848398 -0.006672 -0.942367 -4.074475 -6.993212 -9.251836 -6.215299 -6.799694 -1.871932 -0.002347 2.914515 -9999.0 -9999.0 -9999.0
-9999.0 -9999.0 -9999.0 -9999.0 -9999.0 -9999.0 -9999.0 -9999.0 -4.017579 -2.307540 -4.021577 -6.202614 -4.883522 -2.908517 -1.166508 -0.002978 0.741725 1.334508 4.716311 4.581503 3.223597 2.444624 0.978994 0.047023 2.222646 2.242442 0.223104 -0.701900 -6.213311 -6.032805 -6.833613 -6.600685 -4.671370 -6.402365 -4.173524 -3.491482 -0.463306 -0.291677 -0.922144 -4.082580 -5.357901 -8.029886 -6.204841 -3.903140 -2.743853 -1.465421 -4.885109 -4.206593 -0.666077 0.942068 0.396628 -0.523060 -5.242090 -6.845638 -4.755478 -4.387890 -1.901302 -0.034765 1.123092 3.522669 4.620077 -9999.0 -9999.0
-9999.0 -9999.0 -9999.0 -9999.0 -9999.0 -9999.0 -9999.0 -9999.0 -5.152085 -4.206783 -3.830010 -4.835447 -5.352143 -4.225523 -1.299444 -1.027747 -0.004913 0.544605 4.630000 3.382843 5.052613 3.357912 2.738202 3.127653 1.604046 1.990938 -0.002707 -1.476525 -5.239032 -5.193822 -6.017783 -2.958755 -3.237563 -2.835505 -2.701996 -2.443268 -0.040533 1.045067 -0.018929 -1.589400 -4.216175 -5.874329 -4.082192 -4.364217 -2.515321 -4.115035 -7.003001 -5.100665 -3.281003 -0.002269 1.921682 -0.004100 -5.102950 -5.382409 -3.135609 -1.445996 -0.001296 1.001507 3.139967 3.658832 4.175832 -9999.0 -9999.0
-9999.0 -9999.0 -9999.0 -9999.0 -9999.0 -9999.0 -9999.0 -9999.0 -7.881871 -3.895360 -1.147365 -5.623651 -4.592218 -1.728712 -0.475166 -0.002700 3.099692 4.394213 1.984738 4.975310 4.465027 4.886545 3.492937 2.912358 2.683734 0.301727 -0.009570 -2.243661 -3.060670 -1.448224 -1.796459 -1.046863 -0.065045 -0.176501 -0.624343 -1.700556 -0.008106 2.771399 -0.001799 -0.276185 -3.511688 -3.216794 -3.241286 -4.766174 -4.877399 -5.776409 -4.097938 -5.021136 -4.827824 -2.002051 -0.002635 1.513270 -0.002985 -1.283948 -0.004301 0.244151 1.768404 3.364210 4.426036 3.947934 3.022436 1.753229 -9999.0
-9999.0 -9999.0 -9999.0 -9999.0 -9999.0 -9999.0 -9999.0 -9999.0 -7.779370 -4.253466 -2.206742 -1.808122 -0.623932 -0.077806 -0.008448 0.624847 0.544023 1.491423 -0.004475 1.727681 3.940555 4.202437 4.513672 4.205442 0.763198 -0.004752 -1.344923 -0.206008 -0.003252 -0.110053 -0.445220 -0.005610 0.560055 -0.001957 -0.002797 -0.002645 0.759458 4.694502 4.116684 0.410104 -0.002513 -0.002714 -0.009277 -0.054834 -1.928023 -2.303882 -0.784587 -0.180116 -0.889457 -0.003295 0.001805 0.897795 1.271023 0.323323 0.955212 1.264316 1.985015 2.745237 3.343510 2.977391 2.964981 1.182367 -9999.0
-9999.0 -9999.0 -4.760623 -4.157344 -4.486707 -2.798787 -4.119799 -3.770216 -6.069470 -5.042403 -2.091919 -0.265052 -0.079341 -0.104858 -0.001137 0.231484 -0.003465 -1.448328 -1.078242 -0.003308 1.627105 4.267955 3.392700 5.468180 2.217251 0.976828 -0.004525 -0.004133 1.286099 -0.001743 -0.003023 -0.003271 1.079164 1.994638 1.957490 3.303617 4.208809 7.122326 6.099281 3.254355 1.946379 1.969808 2.673845 0.743662 -0.002841 -0.003015 0.027680 0.757186 0.735470 1.730119 2.404409 2.239637 1.674009 1.231501 1.180368 1.101404 1.773455 2.138502 1.728784 2.352176 0.101028 0.450025 -9999.0
-9999.0 -1.163178 -1.241400 -1.549205 -2.654859 -3.740964 -4.108771 -4.164783 -5.184047 -6.146192 -3.190644 -1.080711 -0.040327 -0.396745 -0.001377 -0.474856 -1.799037 -3.165902 -1.237161 -0.003119 1.438557 2.946801 1.386179 3.396860 2.100693 1.902532 0.377025 0.665533 2.239813 1.241672 1.015721 1.029570 2.471879 3.185509 4.718972 5.908365 7.412855 10.259472 7.542703 6.041426 5.221164 5.056208 4.354687 3.478970 2.294318 2.683013 2.483300 4.680638 3.888505 4.690099 3.013025 2.271125 1.533363 0.807036 0.748256 0.305684 0.273446 0.608064 0.045303 -0.002214 -0.002694 0.242803 -9999.0
-9999.0 -1.266725 -1.232631 -0.505077 -0.863786 -2.251196 -2.774710 -4.701179 -6.395533 -6.501531 -3.755636 -1.471618 -0.003485 -0.001226 -0.097346 -2.674203 -3.963908 -3.494913 -0.692233 -0.022810 -0.002242 1.113290 1.902359 0.760380 1.319758 2.111918 4.805280 4.129104 3.612062 5.412713 5.811392 5.499007 4.210339 5.094979 5.614906 7.932555 9.103530 10.146438 10.144721 9.265888 8.474978 7.586746 6.489816 7.217840 7.298127 7.050472 5.097671 4.911823 4.421669 3.766751 2.177790 1.227048 0.363151 1.026776 0.266622 -0.014080 -0.040662 -0.034942 -0.010706 -0.079574 -0.007128 -9999.0 -9999.0
