user2019/resources/simulation/Vinschgau/output-maps/TL0005N1063.asc
ncols         63
nrows         48
xllcorner     598000.000000
yllcorner     5145000.000000
cellsize      1000.000000
NODATA_value  -9999.0
[rows 0 to 27 of 48, columns 0 to 62 of 63]
-9999.0 -9999.0 -9999.0 -9999.0 -9999.0 -9999.0 -9999.0 -9999.0 -9999.0 -9999.0 -9999.0 -9999.0 -9999.0 -9999.0 -9999.0 -9999.0 -9999.0 -9999.0 -9999.0 -9999.0 -9999.0 -9999.0 -9999.0 -9999.0 -9999.0 -9999.0 -9999.0 -9999.0 -9999.0 -9999.0 -9999.0 -9999.0 -9999.0 -9999.0 -9999.0 -9999.0 -9999.0 -9999.0 -9999.0 -9999.0 -9999.0 -9999.0 -9999.0 -9999.0 -9999.0 -9999.0 -9999.0 -9999.0 -9999.0 -9999.0 -9999.0 -9999.0 -9999.0 -9999.0 -9999.0 -9999.0 -9999.0 -9999.0 -9999.0 -9999.0 -9999.0 -9999.0 -9999.0
-9999.0 -9999.0 -9999.0 -9999.0 -9999.0 -9999.0 -9999.0 -9999.0 -9999.0 -9999.0 -9999.0 -9999.0 -9999.0 -9999.0 -9999.0 -9999.0 -9999.0 -9999.0 -9999.0 -9999.0 -9999.0 -9999.0 -9999.0 -9999.0 -9999.0 -9999.0 -9999.0 -0.338217 -0.661589 -0.783717 -1.362918 -0.901212 -1.432486 -9999.0 -9999.0 -9999.0 -9999.0 -9999.0 -9999.0 -9999.0 -9999.0 -9999.0 -9999.0 -9999.0 -9999.0 -9999.0 -9999.0 -9999.0 -9999.0 -9999.0 -9999.0 -9999.0 -9999.0 -9999.0 -9999.0 -9999.0 -9999.0 -9999.0 -9999.0 -9999.0 -9999.0 -9999.0 -9999.0
-9999.0 -9999.0 -9999.0 -9999.0 -9999.0 -9999.0 -9999.0 -9999.0 -9999.0 -9999.0 -9999.0 -9999.0 -9999.0 -9999.0 -9999.0 -9999.0 -9999.0 -9999.0 -9999.0 -9999.0 -9999.0 -9999.0 -9999.0 -9999.0 -0.173964 -0.087624 -0.217674 -0.130306 -0.446681 -0.513364 -1.210334 -9999.0 -9999.0 -9999.0 -9999.0 -9999.0 -9999.0 -9999.0 -9999.0 -9999.0 -9999.0 -9999.0 -9999.0 -9999.0 -9999.0 -9999.0 -9999.0 -9999.0 -9999.0 -9999.0 -9999.0 -9999.0 -9999.0 -9999.0 -9999.0 -9999.0 -9999.0 -9999.0 -9999.0 -9999.0 -9999.0 -9999.0 -9999.0
-9999.0 -9999.0 -9999.0 -9999.0 -9999.0 -9999.0 -9999.0 -9999.0 -9999.0 -9999.0 -9999.0 -9999.0 -9999.0 -9999.0 -9999.0 -9999.0 -9999.0 -9999.0 -9999.0 -9999.0 -9999.0 -9999.0 -9999.0 -0.159755 -0.125470 1.774073 2.187151 2.923835 1.915444 -0.320328 -1.340209 -0.893863 -9999.0 -9999.0 -9999.0 -9999.0 -9999.0 -9999.0 -9999.0 -9999.0 -9999.0 -9999.0 -9999.0 -9999.0 -9999.0 -9999.0 -9999.0 -9999.0 -9999.0 -9999.0 -9999.0 -9999.0 -9999.0 -9999.0 -9999.0 -9999.0 -9999.0 -9999.0 -9999.0 -9999.0 -9999.0 -9999.0 -9999.0
-9999.0 -9999.0 -9999.0 -9999.0 -9999.0 -9999.0 -9999.0 -9999.0 -9999.0 -9999.0 -9999.0 -9999.0 -9999.0 -9999.0 -9999.0 -9999.0 -9999.0 -9999.0 4.148702 -0.029378 -9999.0 -0.207777 -0.049096 1.503549 1.784465 3.158625 2.701332 2.592043 1.468220 -0.013905 -0.142986 -1.135735 -0.849067 -0.957028 -9999.0 -9999.0 -9999.0 -9999.0 -9999.0 -9999.0 -9999.0 -9999.0 -9999.0 -9999.0 -9999.0 -9999.0 -9999.0 -9999.0 -9999.0 -9999.0 -9999.0 -9999.0 -9999.0 -9999.0 -9999.0 -9999.0 -9999.0 -9999.0 -9999.0 -9999.0 -9999.0 -9999.0 -9999.0
-9999.0 -9999.0 -9999.0 -9999.0 -9999.0 -9999.0 -9999.0 -9999.0 -9999.0 -9999.0 -9999.0 -9999.0 -9999.0 -9999.0 -9999.0 -9999.0 -9999.0 4.965369 3.554811 3.059732 1.752212 -0.043431 -0.013349 -0.002773 3.032061 -0.004763 -0.554389 -0.016327 -0.086358 0.713922 -0.046254 -0.250157 -0.568264 -0.460689 -0.956478 -1.265507 -9999.0 -9999.0 -9999.0 -9999.0 -9999.0 -9999.0 -9999.0 -9999.0 -9999.0 -9999.0 -9999.0 -9999.0 -9999.0 -9999.0 -9999.0 -9999.0 -9999.0 -9999.0 -9999.0 -9999.0 -9999.0 -9999.0 -9999.0 -9999.0 -9999.0 -9999.0 -9999.0
-9999.0 -9999.0 -9999.0 -9999.0 -9999.0 -9999.0 -9999.0 -9999.0 -9999.0 -9999.0 -9999.0 -9999.0 -9999.0 0.170080 1.217069 3.110460 4.586837 9.981710 4.638695 2.864102 2.016772 1.574757 2.207531 3.093029 -0.006293 -0.030659 -0.664178 -2.021586 -0.190132 -0.026701 -0.884022 -0.325277 -0.818091 -0.929332 -1.653569 -1.272892 -9999.0 -9999.0 -9999.0 -9999.0 -9999.0 -9999.0 -9999.0 -9999.0 -9999.0 -9999.0 -9999.0 -9999.0 -9999.0 -9999.0 -9999.0 -9999.0 -9999.0 -9999.0 -9999.0 -9999.0 -9999.0 -9999.0 -9999.0 -9999.0 -9999.0 -9999.0 -9999.0
-9999.0 -9999.0 -9999.0 -9999.0 -9999.0 -9999.0 -9999.0 -9999.0 -9999.0 -9999.0 -9999.0 -9999.0 -9999.0 1.458709 3.117228 3.853998 3.807001 7.956692 10.090797 4.023686 3.749727 4.330110 1.904399 0.740636 -0.008606 -0.071188 -0.296884 -0.898943 -0.571187 -1.136341 -2.232570 -1.158205 -0.784337 -5.546352 -1.387257 -9999.0 -9999.0 -9999.0 -9999.0 -9999.0 -9999.0 -9999.0 -9999.0 -9999.0 -9999.0 -9999.0 -9999.0 -9999.0 -9999.0 -9999.0 -9999.0 -9999.0 -9999.0 -9999.0 -9999.0 -9999.0 -9999.0 -9999.0 -9999.0 -9999.0 -9999.0 -9999.0 -9999.0
-9999.0 -9999.0 -9999.0 -9999.0 -9999.0 -9999.0 -9999.0 -9999.0 -9999.0 -9999.0 -9999.0 -9999.0 -9999.0 3.156916 3.884101 4.467612 3.366009 4.198533 10.412159 4.607886 5.641232 1.765846 -0.010199 -0.029524 -0.004183 -0.013018 -0.014393 -0.683138 -1.391149 -4.807823 -1.320112 -6.225331 -6.338936 -9.527919 -1.510980 -9999.0 -9999.0 -9999.0 -9999.0 -9999.0 -9999.0 -9999.0 -9999.0 -9999.0 -9999.0 -9999.0 -9999.0 -9999.0 -9999.0 -9999.0 -9999.0 -9999.0 -9999.0 -9999.0 -9999.0 -9999.0 -9999.0 -9999.0 -9999.0 -9999.0 -9999.0 -9999.0 -9999.0
-9999.0 -9999.0 -9999.0 -9999.0 -9999.0 -9999.0 -9999.0 -9999.0 -9999.0 -9999.0 -9999.0 -9999.0 1.444474 3.306567 3.723513 1.909548 1.717540 3.680885 8.628632 5.091165 1.918389 -0.020379 -0.585088 -0.055452 -0.975120 -0.314099 -2.092471 -0.859752 -0.893389 -1.973253 -6.142732 -0.873509 -1.628626 -1.262987 -9999.0 -9999.0 -9999.0 -9999.0 -9999.0 -9999.0 -9999.0 -9999.0 -9999.0 -9999.0 -9999.0 -9999.0 -9999.0 -9999.0 -9999.0 -9999.0 -9999.0 -9999.0 -9999.0 -9999.0 -9999.0 -9999.0 -9999.0 -9999.0 -9999.0 -9999.0 -9999.0 -9999.0 -9999.0
-9999.0 -9999.0 -9999.0 -9999.0 -9999.0 -9999.0 -9999.0 -9999.0 -9999.0 -9999.0 -9999.0 -0.003655 2.663060 2.123928 2.978616 3.687260 4.158698 3.849565 8.365850 5.549092 2.431321 1.393696 -0.061260 -0.191294 -0.986693 -0.703411 -0.807075 -1.029249 -0.782878 -1.229289 -0.899457 -0.859599 -1.604009 -1.005425 -1.177587 -1.484606 -0.960931 -1.043637 -1.012579 -9999.0 -9999.0 -9999.0 -1.074990 -9999.0 -9999.0 -9999.0 -9999.0 -9999.0 -9999.0 -9999.0 -9999.0 -9999.0 -9999.0 -9999.0 -9999.0 -9999.0 -9999.0 -9999.0 -9999.0 -9999.0 -9999.0 -9999.0 -9999.0
-9999.0 -9999.0 -9999.0 -9999.0 -9999.0 -9999.0 -9999.0 -9999.0 -9999.0 -9999.0 -9999.0 -0.006135 2.739374 4.215568 4.827352 2.031527 6.458418 4.601751 8.648786 5.991337 5.525936 1.500787 -0.109158 -1.113095 -2.810202 -1.000620 -0.642538 -0.684947 -0.713086 -1.034904 -0.934012 -0.457420 -0.885711 -2.065676 -1.309426 -0.972436 -0.479056 -0.219867 -0.391348 -0.960279 -0.927609 -1.041624 -0.936826 -0.765267 -9999.0 -9999.0 -9999.0 -2.077240 -1.488109 -1.841467 -1.306342 -1.620241 -1.827966 -1.711214 -2.170349 -1.774433 -9999.0 -9999.0 -9999.0 -9999.0 -9999.0 -9999.0 -9999.0
-9999.0 -9999.0 -9999.0 -9999.0 -9999.0 -9999.0 -9999.0 -9999.0 -9999.0 -9999.0 -9999.0 -0.034283 0.173005 -0.036848 2.754884 2.476836 1.558211 3.757753 6.808338 5.993233 1.899551 -0.009534 -1.093785 -0.141109 -0.580059 -0.286949 -2.572492 -2.490997 -0.448480 -1.230064 -0.586185 -2.941226 -0.654364 -0.940666 -1.024533 -0.586230 -2.109889 -1.647909 -0.005643 -0.529282 -0.922763 -0.912473 -0.658338 -0.870531 -1.063707 -9999.0 -1.410298 -2.649640 -0.786158 -0.814639 -0.716555 -0.650193 -1.032058 -0.968202 -0.937086 -0.937079 -9999.0 -9999.0 -9999.0 -9999.0 -9999.0 -9999.0 -9999.0
-9999.0 -9999.0 -9999.0 -9999.0 -9999.0 -9999.0 -9999.0 -9999.0 -9999.0 -9999.0 -9999.0 -9999.0 -0.034256 -0.239577 1.459546 1.564320 0.347581 2.829359 8.009212 5.888734 1.937280 -0.007822 -0.907979 -2.188577 -1.502462 -1.084367 -0.046639 -0.369800 -1.055386 -0.749976 -1.172453 -2.734764 -0.589765 -0.967869 -1.047762 -0.887196 -2.582918 -1.471741 2.318170 -0.090922 -0.390846 -0.014354 -2.146277 -0.205749 -0.614995 -1.131417 -1.183516 -1.011813 -3.672287 -2.266673 -0.093248 -2.636976 -2.671270 -3.280133 -3.853680 -0.819099 -0.934338 -9999.0 -9999.0 -9999.0 -9999.0 -9999.0 -9999.0
-9999.0 -9999.0 -9999.0 -9999.0 -9999.0 -9999.0 -9999.0 -9999.0 -9999.0 -9999.0 -9999.0 -1.232347 -0.047764 -0.012977 -0.314602 -0.013992 0.855925 1.993217 7.281546 4.055143 2.395337 0.370683 -0.064504 -1.020594 -1.188959 -1.477171 -1.901493 -0.995910 -1.023628 -0.253132 -2.620898 -1.916207 -0.302775 -1.213151 -1.176381 -1.230231 -0.522435 -1.839712 -0.016015 1.164835 -0.474969 -0.039627 -0.607989 -1.387135 -0.075567 -1.175508 -0.971015 -0.235438 -0.013991 -0.043142 -2.332882 -0.748165 -3.883460 -4.303771 -5.166489 -6.458262 -0.980109 -9999.0 -9999.0 -9999.0 -9999.0 -9999.0 -9999.0
-9999.0 -9999.0 -9999.0 -9999.0 -9999.0 -9999.0 -9999.0 -9999.0 -9999.0 -9999.0 -0.039654 -1.756200 -0.046297 -0.033031 0.970131 -0.109221 -0.126693 -0.004859 3.288522 3.693621 4.230319 2.977199 -0.295756 -0.005610 -0.082565 -1.223703 -0.899627 -3.709700 -0.144672 -0.137171 -1.384166 -1.483076 -0.435177 -1.348504 -1.309456 -0.763256 -0.558320 -2.428732 -0.693009 -0.004313 -0.004888 1.548870 5.546198 0.717659 -0.110830 -0.180977 -0.273022 -2.016409 -1.325392 -0.020675 -3.723983 -1.314051 -5.608707 -6.956732 -6.228365 -0.850628 -1.113017 -9999.0 -9999.0 -9999.0 -9999.0 -9999.0 -9999.0
-9999.0 -9999.0 -9999.0 -9999.0 -9999.0 -9999.0 -9999.0 -9999.0 -9999.0 -0.774725 -0.203933 -1.614349 -1.101909 -0.328665 -0.222336 -0.123603 -0.077715 2.807380 3.216866 3.827822 4.557950 0.382975 -0.006926 -0.004354 -0.006269 -1.161498 -1.680789 -0.045684 -0.258208 -0.425610 -0.005877 -1.351214 -0.467262 -5.467656 -0.912076 -0.928896 -0.547409 -2.847652 -1.293084 -1.380992 -1.033811 -0.290941 -0.229999 1.616265 0.724729 -0.049378 -0.005870 -0.360514 -0.388441 -0.004827 -0.849817 -1.045092 -7.723827 -2.448743 -1.815476 -3.602048 -3.089465 -0.709798 -1.497691 -9999.0 -9999.0 -9999.0 -9999.0
-9999.0 -9999.0 -9999.0 -9999.0 -9999.0 -9999.0 -9999.0 -9999.0 -9999.0 -1.023596 -0.399296 -0.058628 1.050544 -0.025289 -0.096481 -0.325685 -0.003721 -0.003298 3.793914 5.572195 5.155120 4.886438 3.146589 -0.003392 -0.776095 -1.020443 -0.314875 -0.065679 -0.003231 -0.003047 -0.025971 -1.731816 -0.965119 -0.871057 -1.395722 -0.544904 -0.357586 -0.068813 -0.405377 -0.292229 -2.227144 -0.880112 -0.178537 0.090616 2.083914 2.050741 1.682124 -0.005592 -0.016342 -0.004877 -2.602498 -4.526438 -2.530521 -4.074203 -2.454128 -4.693617 -2.767463 -2.210895 -0.335249 -9999.0 -9999.0 -9999.0 -9999.0
-9999.0 -9999.0 -9999.0 -9999.0 -9999.0 -9999.0 -9999.0 -9999.0 -9999.0 -9999.0 -1.174430 -0.359479 -0.270254 -0.436668 -0.011047 -0.071599 -0.019143 1.573128 4.588974 4.336931 5.186700 2.324546 -0.006000 -0.322657 -0.967218 -0.099415 -0.005212 0.988055 -0.019989 -1.307431 -1.643902 -2.323253 -2.744030 -0.948028 -0.665025 -0.300594 -0.072726 -0.289656 -0.360253 -0.862239 -0.778721 -0.223226 -0.003617 -0.048969 -0.006824 -0.004219 1.020677 3.536970 2.414814 -0.006588 -1.558677 -2.688518 -1.890802 -2.647206 -4.152743 -1.646078 -0.545168 -1.194854 -0.923451 -0.034850 -9999.0 -9999.0 -9999.0
-9999.0 -9999.0 -9999.0 -9999.0 -9999.0 -9999.0 -9999.0 -9999.0 -9999.0 -9999.0 -1.228795 -0.392628 -0.166932 -0.094218 2.557396 -0.005846 -0.005191 2.273559 4.975350 5.575052 3.168223 1.090018 -0.010156 -0.107524 -0.055490 -0.003015 1.663182 -0.008956 -0.991901 -2.472595 -0.814036 -0.445334 -3.181169 -0.889604 -0.971486 -0.197242 -1.138363 -1.487197 -1.012673 -0.921735 -0.841455 -0.142195 -2.188551 -0.129446 -0.043996 -0.401635 -0.020132 -0.006780 2.331331 2.083379 -0.018135 -0.997325 -3.450033 -2.284599 -3.213910 -2.456448 -1.156832 -0.905655 0.968476 1.962158 -9999.0 -9999.0 -9999.0
-9999.0 -9999.0 -9999.0 -9999.0 -9999.0 -9999.0 -9999.0 -9999.0 -0.628301 -1.186404 -1.325324 -0.577648 -2.231501 -1.114577 -0.052659 1.356168 2.609320 5.830922 5.295988 6.101900 4.928661 3.783187 2.697590 0.916045 -0.004399 1.696858 2.745898 -0.523508 -0.989074 -2.400417 -5.325881 -0.912458 -1.077600 -0.945873 -0.911890 -0.320775 -0.004132 -0.333064 -2.226439 -0.535443 -0.284685 -0.353976 -2.310511 -0.440897 -0.004553 -0.033393 -2.057340 -1.004332 -0.006623 2.214431 -0.009365 -0.439179 -3.102437 -4.871832 -2.184032 -0.753514 -0.605028 -0.031589 -0.003104 3.694025 -9999.0 -9999.0 -9999.0
-9999.0 -9999.0 -9999.0 -9999.0 -9999.0 -9999.0 -9999.0 -9999.0 -2.564915 -2.604543 -1.850581 -1.222480 -0.339274 -1.663471 -0.634552 -0.004218 1.601234 2.221241 5.322761 6.620967 8.943899 7.765091 7.074820 6.330571 3.105676 2.896475 0.656270 -0.217898 -3.088051 -0.886805 -0.904760 -0.420330 -0.892104 -0.336288 -0.636690 -0.089452 0.701631 -0.109880 -1.028513 -0.153982 -1.045432 -4.343909 -0.293625 -0.097665 -0.086082 -2.322774 -3.132661 -0.215765 -0.152356 1.323693 1.791188 -0.097960 -3.399543 -1.036947 -0.553738 -1.380190 -0.873206 -0.025769 2.503323 4.997431 6.458645 -9999.0 -9999.0
-9999.0 -9999.0 -9999.0 -9999.0 -9999.0 -9999.0 -9999.0 -9999.0 -0.854762 -0.308111 -0.267494 -2.660943 -0.580241 -2.115828 -1.109809 -0.493740 -0.006360 2.310340 5.229761 8.802106 7.087707 8.434658 8.216763 5.516143 5.738952 2.921728 -0.003500 -0.941904 -4.281753 -1.018580 -0.255121 -0.342364 -1.055110 -1.150474 -0.098225 -0.006873 -0.092653 1.389641 -0.105987 -2.041239 -0.601004 -0.196583 -0.171736 -0.334237 -1.537928 -0.447431 -0.553016 -0.511328 -1.320644 -0.004871 2.322758 -0.007136 -2.186915 -3.173392 -0.924082 -0.416280 1.063319 2.400086 4.648193 5.273073 5.634590 -9999.0 -9999.0
-9999.0 -9999.0 -9999.0 -9999.0 -9999.0 -9999.0 -9999.0 -9999.0 -1.177865 -0.386551 -1.260171 -3.515461 -0.233174 -0.850745 -1.424500 -0.004364 3.790147 5.016988 5.747001 5.504268 6.460368 6.807334 8.066369 7.572208 3.362212 0.791194 -0.036138 -1.674398 -0.045806 -1.925191 -1.153919 -1.669310 -0.045799 -0.357372 -0.159723 -0.004020 3.265609 3.754383 0.455928 -0.067462 -0.048287 -0.181081 -0.301120 0.149013 -0.281586 -0.188866 -0.150678 -0.134289 -0.298556 -0.855098 -0.004200 1.943676 -0.004994 -0.935650 -0.006157 1.610125 3.217591 4.262459 5.316752 5.400968 4.487139 2.312562 -9999.0
-9999.0 -9999.0 -9999.0 -9999.0 -9999.0 -9999.0 -9999.0 -9999.0 -1.462056 -0.739474 -1.793641 -1.276485 -0.358614 -1.157120 0.800382 2.116160 4.060576 2.247926 0.535975 2.609883 4.521836 6.156462 6.438667 6.167360 4.868172 -0.005934 -0.792279 -0.046569 -0.012965 -0.189343 -0.409012 -0.009079 1.982313 1.053623 -0.005733 1.007699 2.473732 5.769271 5.233899 1.938637 -0.004464 -0.017503 -0.035674 -0.013628 -1.028945 -0.034411 -0.171585 -0.883080 -0.140372 -0.006463 1.370685 1.403974 1.712717 1.753428 2.118919 2.406771 3.353277 4.169581 4.786775 4.496581 3.860334 1.737645 -9999.0
-9999.0 -9999.0 -0.354248 -0.250160 -2.987381 -0.831772 -2.423250 -3.147356 -1.313930 -1.042505 -2.188564 -0.752694 -0.165101 -0.085302 3.119934 1.556282 -0.006573 -0.940824 -0.238536 -0.004593 2.485682 5.158452 4.990645 5.984137 4.240180 1.775920 -0.005812 -0.005045 1.851566 2.862117 -0.005346 0.260823 4.881826 3.010296 3.587734 4.332353 6.284188 8.079579 7.029721 4.321966 3.722200 3.599526 3.381872 2.273565 -0.005322 -0.006427 1.439959 1.198771 2.250313 3.190241 3.960862 3.686803 3.074484 2.610982 2.498380 5.668101 3.143844 3.546750 3.191474 3.061066 3.759397 0.993183 -9999.0
-9999.0 -1.099604 -2.322069 -1.404247 -0.736869 -1.932967 -1.528650 -2.076994 -3.047258 -0.862365 -1.252902 -0.580362 -0.014560 0.836343 2.198920 -0.270921 -1.050079 -1.122417 -0.965877 -0.004478 2.205818 3.978844 5.493898 4.434507 6.844140 3.972480 4.670107 4.810427 3.984410 2.849374 2.733914 2.788824 4.216693 7.181789 7.213839 8.167168 10.406310 11.057176 9.894853 8.055050 7.865720 7.564679 6.427494 4.541579 3.257613 3.560183 4.064256 5.682782 6.072252 5.729291 4.458912 3.672647 2.921017 2.174628 2.089149 1.620532 0.654980 0.999077 1.366518 2.389740 0.271384 0.790934 -9999.0
-9999.0 -0.035436 -0.887820 -0.223257 -0.020790 -0.677031 -2.217907 -2.569847 -1.387260 -0.786335 -1.757098 -0.956499 -0.004474 2.295035 -0.146605 -2.587526 -1.898203 -1.426499 -0.343092 -0.025149 2.832658 1.651846 2.612777 2.656964 6.361076 7.405473 5.309245 6.048961 5.384922 6.190210 6.400242 6.151491 5.972646 6.932860 9.743693 10.275089 14.941349 16.205638 12.898645 12.178147 11.296461 10.130865 9.558352 7.864760 7.807657 7.666132 7.210217 6.738387 6.007630 5.273877 3.639872 1.713059 0.766583 1.349328 0.579609 -0.023038 -0.200635 -0.050558 -0.032593 -0.145569 -0.020952 -9999.0 -9999.0
