user2019/resources/simulation/Vinschgau/output-maps/TL0008N0841.asc
ncols         63
nrows         48
xllcorner     598000.000000
yllcorner     5145000.000000
cellsize      1000.000000
NODATA_value  -9999.0
[rows 0 to 27 of 48, columns 0 to 62 of 63]
-9999.0 -9999.0 -9999.0 -9999.0 -9999.0 -9999.0 -9999.0 -9999.0 -9999.0 -9999.0 -9999.0 -9999.0 -9999.0 -9999.0 -9999.0 -9999.0 -9999.0 -9999.0 -9999.0 -9999.0 -9999.0 -9999.0 -9999.0 -9999.0 -9999.0 -9999.0 -9999.0 -9999.0 -9999.0 -9999.0 -9999.0 -9999.0 -9999.0 -9999.0 -9999.0 -9999.0 -9999.0 -9999.0 -9999.0 -9999.0 -9999.0 -9999.0 -9999.0 -9999.0 -9999.0 -9999.0 -9999.0 -9999.0 -9999.0 -9999.0 -9999.0 -9999.0 -9999.0 -9999.0 -9999.0 -9999.0 -9999.0 -9999.0 -9999.0 -9999.0 -9999.0 -9999.0 -9999.0
-9999.0 -9999.0 -9999.0 -9999.0 -9999.0 -9999.0 -9999.0 -9999.0 -9999.0 -9999.0 -9999.0 -9999.0 -9999.0 -9999.0 -9999.0 -9999.0 -9999.0 -9999.0 -9999.0 -9999.0 -9999.0 -9999.0 -9999.0 -9999.0 -9999.0 -9999.0 -9999.0 -5.489402 -3.816173 -4.683841 -4.797666 -5.541578 -5.883414 -9999.0 -9999.0 -9999.0 -9999.0 -9999.0 -9999.0 -9999.0 -9999.0 -9999.0 -9999.0 -9999.0 -9999.0 -9999.0 -9999.0 -9999.0 -9999.0 -9999.0 -9999.0 -9999.0 -9999.0 -9999.0 -9999.0 -9999.0 -9999.0 -9999.0 -9999.0 -9999.0 -9999.0 -9999.0 -9999.0
-9999.0 -9999.0 -9999.0 -9999.0 -9999.0 -9999.0 -9999.0 -9999.0 -9999.0 -9999.0 -9999.0 -9999.0 -9999.0 -9999.0 -9999.0 -9999.0 -9999.0 -9999.0 -9999.0 -9999.0 -9999.0 -9999.0 -9999.0 -9999.0 -0.014055 -0.005608 -0.002424 -0.006890 -3.630866 -4.398435 -5.019294 -9999.0 -9999.0 -9999.0 -9999.0 -9999.0 -9999.0 -9999.0 -9999.0 -9999.0 -9999.0 -9999.0 -9999.0 -9999.0 -9999.0 -9999.0 -9999.0 -9999.0 -9999.0 -9999.0 -9999.0 -9999.0 -9999.0 -9999.0 -9999.0 -9999.0 -9999.0 -9999.0 -9999.0 -9999.0 -9999.0 -9999.0 -9999.0
-9999.0 -9999.0 -9999.0 -9999.0 -9999.0 -9999.0 -9999.0 -9999.0 -9999.0 -9999.0 -9999.0 -9999.0 -9999.0 -9999.0 -9999.0 -9999.0 -9999.0 -9999.0 -9999.0 -9999.0 -9999.0 -9999.0 -9999.0 -0.004796 -0.001589 0.055106 0.410332 0.672674 -0.002304 -0.277829 -4.878539 -5.575128 -9999.0 -9999.0 -9999.0 -9999.0 -9999.0 -9999.0 -9999.0 -9999.0 -9999.0 -9999.0 -9999.0 -9999.0 -9999.0 -9999.0 -9999.0 -9999.0 -9999.0 -9999.0 -9999.0 -9999.0 -9999.0 -9999.0 -9999.0 -9999.0 -9999.0 -9999.0 -9999.0 -9999.0 -9999.0 -9999.0 -9999.0
-9999.0 -9999.0 -9999.0 -9999.0 -9999.0 -9999.0 -9999.0 -9999.0 -9999.0 -9999.0 -9999.0 -9999.0 -9999.0 -9999.0 -9999.0 -9999.0 -9999.0 -9999.0 0.038568 -0.001952 -9999.0 -0.002652 -0.001613 -0.001865 0.060463 0.936850 0.016166 0.013812 0.030775 -0.002037 -1.855135 -4.603998 -6.561815 -8.773324 -9999.0 -9999.0 -9999.0 -9999.0 -9999.0 -9999.0 -9999.0 -9999.0 -9999.0 -9999.0 -9999.0 -9999.0 -9999.0 -9999.0 -9999.0 -9999.0 -9999.0 -9999.0 -9999.0 -9999.0 -9999.0 -9999.0 -9999.0 -9999.0 -9999.0 -9999.0 -9999.0 -9999.0 -9999.0
-9999.0 -9999.0 -9999.0 -9999.0 -9999.0 -9999.0 -9999.0 -9999.0 -9999.0 -9999.0 -9999.0 -9999.0 -9999.0 -9999.0 -9999.0 -9999.0 -9999.0 3.986684 2.117144 1.054502 -2.236202 -0.000281 -0.002032 -0.002056 0.037006 -0.002155 -0.002422 -0.001593 -0.002310 0.001264 -0.003444 -4.582586 -4.777074 -5.374610 -7.296080 -8.517732 -9999.0 -9999.0 -9999.0 -9999.0 -9999.0 -9999.0 -9999.0 -9999.0 -9999.0 -9999.0 -9999.0 -9999.0 -9999.0 -9999.0 -9999.0 -9999.0 -9999.0 -9999.0 -9999.0 -9999.0 -9999.0 -9999.0 -9999.0 -9999.0 -9999.0 -9999.0 -9999.0
-9999.0 -9999.0 -9999.0 -9999.0 -9999.0 -9999.0 -9999.0 -9999.0 -9999.0 -9999.0 -9999.0 -9999.0 -9999.0 -0.002021 -0.000240 1.758458 3.486932 3.289375 3.559707 0.023108 0.014887 0.003126 0.102823 0.013096 -0.001649 -0.001786 -2.047773 -0.942384 -0.003199 -0.001862 -0.000413 -2.672289 -5.139213 -5.857118 -6.340239 -8.809082 -9999.0 -9999.0 -9999.0 -9999.0 -9999.0 -9999.0 -9999.0 -9999.0 -9999.0 -9999.0 -9999.0 -9999.0 -9999.0 -9999.0 -9999.0 -9999.0 -9999.0 -9999.0 -9999.0 -9999.0 -9999.0 -9999.0 -9999.0 -9999.0 -9999.0 -9999.0 -9999.0
-9999.0 -9999.0 -9999.0 -9999.0 -9999.0 -9999.0 -9999.0 -9999.0 -9999.0 -9999.0 -9999.0 -9999.0 -9999.0 -0.000161 0.940889 2.478696 2.767316 2.571923 3.328455 1.294415 2.485139 0.384236 0.858372 -0.001750 -0.001705 -0.002249 -3.771500 -4.986465 -6.097292 -1.110815 -0.934957 -4.516711 -6.451985 -9.749986 -7.718090 -9999.0 -9999.0 -9999.0 -9999.0 -9999.0 -9999.0 -9999.0 -9999.0 -9999.0 -9999.0 -9999.0 -9999.0 -9999.0 -9999.0 -9999.0 -9999.0 -9999.0 -9999.0 -9999.0 -9999.0 -9999.0 -9999.0 -9999.0 -9999.0 -9999.0 -9999.0 -9999.0 -9999.0
-9999.0 -9999.0 -9999.0 -9999.0 -9999.0 -9999.0 -9999.0 -9999.0 -9999.0 -9999.0 -9999.0 -9999.0 -9999.0 0.493515 0.354370 1.666598 2.068911 3.047500 3.592954 3.441712 0.582688 -0.002334 -0.002097 -0.002261 -0.001060 -0.001463 -3.828322 -6.374396 -5.555704 -8.666197 -5.122666 -10.285019 -10.716383 -11.782705 -9.197597 -9999.0 -9999.0 -9999.0 -9999.0 -9999.0 -9999.0 -9999.0 -9999.0 -9999.0 -9999.0 -9999.0 -9999.0 -9999.0 -9999.0 -9999.0 -9999.0 -9999.0 -9999.0 -9999.0 -9999.0 -9999.0 -9999.0 -9999.0 -9999.0 -9999.0 -9999.0 -9999.0 -9999.0
-9999.0 -9999.0 -9999.0 -9999.0 -9999.0 -9999.0 -9999.0 -9999.0 -9999.0 -9999.0 -9999.0 -9999.0 -0.002271 0.029286 1.083179 0.000797 0.492858 2.352967 3.108344 2.113560 0.008949 -0.002029 -0.002406 -0.001501 -0.000040 -3.921017 -2.525151 -5.161109 -5.086188 -6.663455 -10.237097 -6.862028 -5.932800 -9.638354 -9999.0 -9999.0 -9999.0 -9999.0 -9999.0 -9999.0 -9999.0 -9999.0 -9999.0 -9999.0 -9999.0 -9999.0 -9999.0 -9999.0 -9999.0 -9999.0 -9999.0 -9999.0 -9999.0 -9999.0 -9999.0 -9999.0 -9999.0 -9999.0 -9999.0 -9999.0 -9999.0 -9999.0 -9999.0
-9999.0 -9999.0 -9999.0 -9999.0 -9999.0 -9999.0 -9999.0 -9999.0 -9999.0 -9999.0 -9999.0 -0.000907 0.306211 0.505566 0.337111 -0.000002 0.798891 2.258483 3.185951 1.498491 0.819648 0.011195 -0.005120 -3.236609 -0.958344 -3.311316 -5.560203 -4.168775 -1.200984 -8.354893 -7.082210 -5.007581 -6.376512 -7.997558 -7.220628 -6.134119 -5.298157 -4.286915 -4.026958 -9999.0 -9999.0 -9999.0 -8.117555 -9999.0 -9999.0 -9999.0 -9999.0 -9999.0 -9999.0 -9999.0 -9999.0 -9999.0 -9999.0 -9999.0 -9999.0 -9999.0 -9999.0 -9999.0 -9999.0 -9999.0 -9999.0 -9999.0 -9999.0
-9999.0 -9999.0 -9999.0 -9999.0 -9999.0 -9999.0 -9999.0 -9999.0 -9999.0 -9999.0 -9999.0 -0.001773 0.677176 1.744469 1.737322 -0.002035 2.903430 2.955392 3.347767 2.163227 0.621204 -0.000513 -0.001955 -0.772646 -2.094638 -4.089092 -4.434342 -3.371784 -4.956359 -7.971989 -4.314976 -4.031312 -5.569340 -6.455565 -7.190972 -4.342578 -1.860822 -1.402309 -3.930925 -7.640748 -7.590702 -8.087153 -4.577448 -6.578142 -9999.0 -9999.0 -9999.0 -0.012697 -7.437781 -7.085819 -6.376675 -8.146017 -8.380353 -0.009267 -0.009832 -8.921842 -9999.0 -9999.0 -9999.0 -9999.0 -9999.0 -9999.0 -9999.0
-9999.0 -9999.0 -9999.0 -9999.0 -9999.0 -9999.0 -9999.0 -9999.0 -9999.0 -9999.0 -9999.0 -0.002950 -0.001510 -0.002493 0.001998 -0.000619 -0.000116 2.396497 2.409203 2.256387 1.262133 -0.001701 -0.002037 -0.011891 -4.137732 -5.289978 -0.003490 -3.000715 -5.624575 -6.851086 -6.053663 -4.275675 -3.095732 -6.090561 -6.582229 -3.306627 -3.215283 -2.777429 -0.007669 -5.921050 -3.711696 -5.395039 -3.254349 -3.994036 -6.183936 -9999.0 -9.474147 -6.171828 -4.589853 -3.495199 -3.205295 -4.110590 -4.081327 -4.746234 -5.013885 -5.935561 -9999.0 -9999.0 -9999.0 -9999.0 -9999.0 -9999.0 -9999.0
-9999.0 -9999.0 -9999.0 -9999.0 -9999.0 -9999.0 -9999.0 -9999.0 -9999.0 -9999.0 -9999.0 -9999.0 -0.001662 -0.000881 -0.000255 -0.000213 -0.002107 1.668357 2.730358 2.263061 1.023502 -0.001849 -0.007296 -0.002388 -2.069314 -0.003334 -0.000573 -3.495970 -4.881087 -6.484987 -4.448734 -3.913257 -3.055929 -5.140859 -5.721561 -3.915665 -0.014282 -0.003419 -0.000658 -2.774292 -0.019483 -3.775676 -3.398500 -0.002521 -6.101075 -6.456631 -7.553748 -6.025621 -3.467177 -0.065196 -0.000682 -3.666005 -0.002714 -0.629738 -5.139690 -4.757141 -5.728964 -9999.0 -9999.0 -9999.0 -9999.0 -9999.0 -9999.0
-9999.0 -9999.0 -9999.0 -9999.0 -9999.0 -9999.0 -9999.0 -9999.0 -9999.0 -9999.0 -9999.0 -0.000926 -0.008646 -0.004173 -0.002023 -0.001057 -0.000804 0.959562 2.147236 3.011563 1.283944 -0.001870 -0.000909 -0.592368 -0.002434 -0.003707 -0.000826 -5.081309 -5.275007 -4.942425 -0.005474 -2.334115 -3.440644 -4.984722 -7.201551 -4.376139 -4.122719 -0.008012 0.021472 -0.003048 -0.009523 -0.002129 -0.003168 -0.449657 -0.002448 -4.859267 -4.382655 -4.810152 -3.880310 -0.002587 -4.296660 -4.823274 -5.870970 -7.406839 -8.577712 -9.158741 -6.706442 -9999.0 -9999.0 -9999.0 -9999.0 -9999.0 -9999.0
-9999.0 -9999.0 -9999.0 -9999.0 -9999.0 -9999.0 -9999.0 -9999.0 -9999.0 -9999.0 -0.000041 -0.002012 -0.001848 -0.001976 -0.000287 -0.000303 -0.000444 -0.002293 2.436866 2.673719 0.814007 0.070904 -0.702441 -0.000451 -0.001047 -0.000043 -2.512997 -5.233648 -2.981052 -0.013090 -0.019731 -0.009730 -1.402891 -5.006567 -8.984479 -6.024951 -2.683086 -1.430389 -0.032248 -0.001427 -0.001425 0.042596 0.416845 0.251427 -0.001305 -4.733699 -3.537161 -1.277311 -0.017196 -0.000990 -5.297898 -7.263179 -9.087228 -9.987325 -9.987320 -5.061705 -4.958190 -9999.0 -9999.0 -9999.0 -9999.0 -9999.0 -9999.0
-9999.0 -9999.0 -9999.0 -9999.0 -9999.0 -9999.0 -9999.0 -9999.0 -9999.0 -3.892244 -0.000808 -0.000986 -0.003322 -0.001472 -0.000855 -0.001484 -0.000990 0.000768 2.160230 3.103832 1.153935 -0.003231 -0.001601 -0.001179 0.001398 -1.645682 -2.472946 -0.007015 -0.002743 -0.001075 -0.000924 -1.844062 -5.737097 -8.642009 -7.840334 -6.134141 -4.451825 -2.638698 -0.011440 -0.002028 -0.112883 -0.002112 -0.520859 0.899887 0.269550 -0.002256 -0.000723 -0.007034 -0.006393 0.005754 -2.897259 -6.745517 -11.005399 -9.795906 -7.963274 -6.702009 -5.096901 -6.252993 -7.569132 -9999.0 -9999.0 -9999.0 -9999.0
-9999.0 -9999.0 -9999.0 -9999.0 -9999.0 -9999.0 -9999.0 -9999.0 -9999.0 -5.572370 -4.571305 -0.975152 0.000649 -0.001167 -0.001312 -0.001687 -0.000272 -0.000669 2.724038 2.154078 1.780778 0.743810 0.060706 -0.000103 -1.252853 -0.004157 -0.001257 -0.001071 -0.001030 0.000273 -0.002029 -2.227096 -3.943105 -6.014849 -4.782157 -6.103027 -5.560815 -4.242857 -4.090282 -0.431858 -0.000993 -2.175037 -0.002031 -0.000741 1.560767 0.711974 0.363611 -0.001862 -0.001861 -0.000991 -3.089090 -6.311145 -9.288257 -8.205828 -7.022144 -6.814520 -5.653201 -4.218627 -5.182113 -9999.0 -9999.0 -9999.0 -9999.0
-9999.0 -9999.0 -9999.0 -9999.0 -9999.0 -9999.0 -9999.0 -9999.0 -9999.0 -9999.0 -4.673314 -2.171828 -0.000913 0.000190 -0.001580 -0.001301 -0.001042 0.182445 3.462455 2.833504 1.773037 1.310530 -0.001627 -0.001465 -0.002506 -0.001171 -0.001165 0.000819 -0.002028 -1.759931 -2.129578 -0.000889 -4.660403 -5.437586 -3.742696 -3.472076 -0.002375 -0.001688 -5.530805 -4.392329 -4.808881 -0.002109 -0.000010 -0.001702 -0.001090 -0.001830 0.374956 0.341091 1.027603 -0.001622 -2.040754 -3.491799 -8.068391 -9.030081 -8.341917 -6.204484 -4.731005 -0.000709 -1.411538 -0.001107 -9999.0 -9999.0 -9999.0
-9999.0 -9999.0 -9999.0 -9999.0 -9999.0 -9999.0 -9999.0 -9999.0 -9999.0 -9999.0 -4.996630 -3.517087 -0.003054 -0.002016 0.095420 -0.002839 -0.002574 1.420494 3.917118 3.620358 2.519040 0.196975 -0.002180 -0.001641 -0.001282 0.000136 0.423514 -0.002084 -1.462869 -4.319852 -4.429434 -3.639816 -4.700119 -6.219963 -4.271924 -0.092799 -0.000589 -0.002135 -2.815918 -5.258536 -4.046093 -3.453929 -3.122822 -1.774580 -0.000727 -0.412193 -0.000788 -0.001111 1.599725 0.757557 -0.002313 -2.807667 -4.942751 -7.573634 -9.681114 -8.846553 -6.241338 -0.008203 0.651443 0.554162 -9999.0 -9999.0 -9999.0
-9999.0 -9999.0 -9999.0 -9999.0 -9999.0 -9999.0 -9999.0 -9999.0 -0.013036 -4.421919 -5.526650 -2.041700 -3.026452 -2.809479 -0.092447 0.874301 1.693150 1.650173 3.559965 4.186172 4.316733 2.743009 1.664233 -0.003371 -0.001178 1.344418 0.024843 -0.880185 -1.951930 -4.334610 -8.997636 -4.416828 -4.289772 -5.892524 -4.046943 -3.928721 -0.001658 -0.001484 -2.734236 -6.146219 -4.864628 -1.160875 -4.298378 -5.739501 -3.637103 -0.000519 -2.544106 -0.001089 -0.001173 1.144276 -0.002032 -0.906569 -3.792590 -6.783915 -8.365627 -5.415914 -5.926981 -0.001109 -0.001234 2.404547 -9999.0 -9999.0 -9999.0
-9999.0 -9999.0 -9999.0 -9999.0 -9999.0 -9999.0 -9999.0 -9999.0 -3.840941 -1.783523 -3.757012 -5.352286 -3.820970 -0.002667 -0.280133 -0.001755 0.674169 1.230011 4.550388 4.689355 4.088298 3.249570 1.719630 0.376713 2.065408 2.181360 0.210090 -0.001934 -4.399335 -5.156296 -5.985453 -5.660843 -5.102814 -5.474940 -2.656640 -0.003985 -0.001901 -0.000857 -0.004020 -2.507602 -4.465837 -7.605808 -5.327293 -2.131060 -0.000918 -0.003250 -4.665893 -2.993244 -0.002357 0.886415 0.567829 -0.000910 -3.677459 -6.026319 -3.755770 -3.718877 -0.009821 -0.001810 1.273303 3.797651 4.795046 -9999.0 -9999.0
-9999.0 -9999.0 -9999.0 -9999.0 -9999.0 -9999.0 -9999.0 -9999.0 -4.292751 -0.003608 -2.698739 -4.573606 -4.191384 -3.986529 -0.002014 -0.953178 -0.003123 0.708736 4.552266 4.222511 5.146129 4.124529 3.340182 3.249746 2.157493 1.881863 -0.001072 -1.340270 -4.999389 -4.231404 -5.082066 -0.007036 -2.434414 -2.456505 -0.002803 -0.002465 -0.002953 1.076568 -0.002243 -0.084285 -3.151670 -4.945915 -0.294346 -0.002694 -0.012855 -1.239554 -6.076214 -3.283660 -0.766656 -0.001053 1.904490 -0.002031 -4.085931 -3.543436 -0.234401 -0.001978 0.000494 1.166661 3.244730 3.574067 4.404938 -9999.0 -9999.0
-9999.0 -9999.0 -9999.0 -9999.0 -9999.0 -9999.0 -9999.0 -9999.0 -7.020009 -2.518322 -0.001753 -4.853339 -4.720804 -0.000919 -0.417649 -0.001113 2.773964 4.265296 2.564006 4.955716 4.541472 4.991605 4.218941 3.719986 2.579560 0.277444 -0.001974 -2.175817 -0.002144 -0.904213 -0.009244 -0.017861 -0.003040 -0.001766 -0.003722 -0.002082 0.000498 2.651408 -0.000628 -0.002142 -0.043034 -0.008927 -0.024328 -3.682956 -2.264075 -4.837611 -2.887811 -4.075318 -3.652508 -0.011170 -0.001596 1.516475 -0.001635 -0.000657 -0.000381 0.395452 1.895155 2.979479 4.299082 4.178335 3.179654 1.728987 -9999.0
-9999.0 -9999.0 -9999.0 -9999.0 -9999.0 -9999.0 -9999.0 -9999.0 -6.888096 -1.704710 -0.000338 -1.746847 -1.546689 -0.121701 0.000505 0.824817 1.113028 1.405912 -0.002232 1.609696 3.882454 4.328157 4.630013 4.335440 1.234152 -0.002891 -1.055932 -0.001133 -0.000920 -0.000957 -0.003126 -0.000871 0.463771 -0.000194 -0.001211 -0.000560 0.920062 4.462304 3.825452 0.583548 -0.001062 -0.000938 -0.001502 -0.002086 -0.008428 -0.002640 -0.002652 -0.005128 -0.002797 -0.001581 0.084370 0.908136 1.282519 0.484322 1.109972 1.547809 2.298260 3.004089 3.513127 3.088642 2.855057 1.154195 -9999.0
-9999.0 -9999.0 -3.772803 -0.021820 -3.858646 -0.005808 -3.735934 -3.502513 -4.925960 -3.692145 -0.005275 -0.000290 -0.204038 -0.000617 0.041899 0.532797 -0.001184 -1.190755 -0.001031 -0.001840 1.524387 4.070386 3.594455 5.490227 2.467812 0.925447 -0.002963 -0.002497 1.243759 0.007706 -0.001797 -0.001613 1.218851 1.886141 2.105454 3.170558 4.332162 6.639781 5.553724 3.076295 2.096987 2.113433 2.555637 0.896719 -0.001096 -0.001275 0.117344 0.723921 0.874274 1.885398 2.557056 2.601236 1.977648 1.554088 1.498433 1.871551 1.979278 2.298450 1.842351 2.287871 0.408084 0.436257 -9999.0
-9999.0 -0.001506 -0.002688 -0.002805 -0.006006 -3.212533 -3.727414 -3.748168 -4.872117 -5.345915 -2.060512 -0.971829 0.006285 0.054602 0.077538 -0.417310 -0.002708 -0.043137 -0.000889 -0.001953 1.355483 2.758396 1.943587 3.242029 2.712469 2.100975 0.974058 1.245199 2.362596 1.420582 1.205740 1.174778 2.486257 3.538265 4.801721 6.039770 7.445456 9.832177 7.621396 6.184947 5.324936 5.131844 4.415887 3.253624 2.146500 2.576009 2.736600 4.360342 3.990842 4.396699 3.268841 2.532779 1.739943 1.024396 0.941838 0.509147 0.295554 0.611607 0.172111 0.004776 -0.000121 0.230955 -9999.0
-9999.0 -0.001458 -0.004096 -0.002011 0.014089 -0.049570 -2.706955 -4.158014 -5.269522 -5.667269 -2.677876 -1.360304 -0.001877 0.081839 -0.004372 -2.634971 -3.707983 -1.575709 -0.002004 -0.003113 0.005959 1.043408 1.745099 0.942668 2.096666 3.035863 4.828328 4.422799 3.875500 5.001859 5.739380 5.355150 4.186822 5.092853 6.041317 7.989643 9.716307 10.826492 10.116809 9.276614 8.495679 7.626039 6.474715 7.087743 7.292402 6.918521 5.335007 5.107408 4.612798 3.978972 2.334869 1.205873 0.381189 0.963874 0.290595 -0.000920 -0.002427 -0.001025 -0.001855 -0.001079 -0.000711 -9999.0 -9999.0
