user2019/resources/simulation/Vinschgau/output-maps/TL0003N0672.asc
ncols         63
nrows         48
xllcorner     598000.000000
yllcorner     5145000.000000
cellsize      1000.000000
NODATA_value  -9999.0
[rows 0 to 27 of 48, columns 0 to 62 of 63]
-9999.0 -9999.0 -9999.0 -9999.0 -9999.0 -9999.0 -9999.0 -9999.0 -9999.0 -9999.0 -9999.0 -9999.0 -9999.0 -9999.0 -9999.0 -9999.0 -9999.0 -9999.0 -9999.0 -9999.0 -9999.0 -9999.0 -9999.0 -9999.0 -9999.0 -9999.0 -9999.0 -9999.0 -9999.0 -9999.0 -9999.0 -9999.0 -9999.0 -9999.0 -9999.0 -9999.0 -9999.0 -9999.0 -9999.0 -9999.0 -9999.0 -9999.0 -9999.0 -9999.0 -9999.0 -9999.0 -9999.0 -9999.0 -9999.0 -9999.0 -9999.0 -9999.0 -9999.0 -9999.0 -9999.0 -9999.0 -9999.0 -9999.0 -9999.0 -9999.0 -9999.0 -9999.0 -9999.0
-9999.0 -9999.0 -9999.0 -9999.0 -9999.0 -9999.0 -9999.0 -9999.0 -9999.0 -9999.0 -9999.0 -9999.0 -9999.0 -9999.0 -9999.0 -9999.0 -9999.0 -9999.0 -9999.0 -9999.0 -9999.0 -9999.0 -9999.0 -9999.0 -9999.0 -9999.0 -9999.0 9.818245 9.847654 9.187278 7.825319 7.089220 8.009591 -9999.0 -9999.0 -9999.0 -9999.0 -9999.0 -9999.0 -9999.0 -9999.0 -9999.0 -9999.0 -9999.0 -9999.0 -9999.0 -9999.0 -9999.0 -9999.0 -9999.0 -9999.0 -9999.0 -9999.0 -9999.0 -9999.0 -9999.0 -9999.0 -9999.0 -9999.0 -9999.0 -9999.0 -9999.0 -9999.0
-9999.0 -9999.0 -9999.0 -9999.0 -9999.0 -9999.0 -9999.0 -9999.0 -9999.0 -9999.0 -9999.0 -9999.0 -9999.0 -9999.0 -9999.0 -9999.0 -9999.0 -9999.0 -9999.0 -9999.0 -9999.0 -9999.0 -9999.0 -9999.0 9.937592 10.580309 10.923037 10.776161 10.507360 9.836295 7.850565 -9999.0 -9999.0 -9999.0 -9999.0 -9999.0 -9999.0 -9999.0 -9999.0 -9999.0 -9999.0 -9999.0 -9999.0 -9999.0 -9999.0 -9999.0 -9999.0 -9999.0 -9999.0 -9999.0 -9999.0 -9999.0 -9999.0 -9999.0 -9999.0 -9999.0 -9999.0 -9999.0 -9999.0 -9999.0 -9999.0 -9999.0 -9999.0
-9999.0 -9999.0 -9999.0 -9999.0 -9999.0 -9999.0 -9999.0 -9999.0 -9999.0 -9999.0 -9999.0 -9999.0 -9999.0 -9999.0 -9999.0 -9999.0 -9999.0 -9999.0 -9999.0 -9999.0 -9999.0 -9999.0 -9999.0 10.441713 11.451392 12.128230 12.497099 12.500566 12.300135 10.762272 8.906250 7.813881 -9999.0 -9999.0 -9999.0 -9999.0 -9999.0 -9999.0 -9999.0 -9999.0 -9999.0 -9999.0 -9999.0 -9999.0 -9999.0 -9999.0 -9999.0 -9999.0 -9999.0 -9999.0 -9999.0 -9999.0 -9999.0 -9999.0 -9999.0 -9999.0 -9999.0 -9999.0 -9999.0 -9999.0 -9999.0 -9999.0 -9999.0
-9999.0 -9999.0 -9999.0 -9999.0 -9999.0 -9999.0 -9999.0 -9999.0 -9999.0 -9999.0 -9999.0 -9999.0 -9999.0 -9999.0 -9999.0 -9999.0 -9999.0 -9999.0 11.782249 10.311373 -9999.0 10.149475 10.943598 12.479452 12.637753 13.881056 12.367624 12.420795 14.278551 12.471775 10.477319 8.993612 8.547646 6.673406 -9999.0 -9999.0 -9999.0 -9999.0 -9999.0 -9999.0 -9999.0 -9999.0 -9999.0 -9999.0 -9999.0 -9999.0 -9999.0 -9999.0 -9999.0 -9999.0 -9999.0 -9999.0 -9999.0 -9999.0 -9999.0 -9999.0 -9999.0 -9999.0 -9999.0 -9999.0 -9999.0 -9999.0 -9999.0
-9999.0 -9999.0 -9999.0 -9999.0 -9999.0 -9999.0 -9999.0 -9999.0 -9999.0 -9999.0 -9999.0 -9999.0 -9999.0 -9999.0 -9999.0 -9999.0 -9999.0 13.798020 11.998824 12.200832 10.839063 10.361075 11.494155 11.802953 13.918920 10.390371 9.401390 10.482028 9.587051 11.057953 11.039407 9.936756 10.114463 8.698376 6.622126 5.740682 -9999.0 -9999.0 -9999.0 -9999.0 -9999.0 -9999.0 -9999.0 -9999.0 -9999.0 -9999.0 -9999.0 -9999.0 -9999.0 -9999.0 -9999.0 -9999.0 -9999.0 -9999.0 -9999.0 -9999.0 -9999.0 -9999.0 -9999.0 -9999.0 -9999.0 -9999.0 -9999.0
-9999.0 -9999.0 -9999.0 -9999.0 -9999.0 -9999.0 -9999.0 -9999.0 -9999.0 -9999.0 -9999.0 -9999.0 -9999.0 10.084591 11.376224 11.569245 13.019061 17.453632 13.310627 12.344669 12.611639 13.367314 14.158637 13.557684 9.830923 8.842672 9.106809 8.983263 9.943010 10.428573 10.314794 8.875251 8.428239 7.118681 0.984924 4.967728 -9999.0 -9999.0 -9999.0 -9999.0 -9999.0 -9999.0 -9999.0 -9999.0 -9999.0 -9999.0 -9999.0 -9999.0 -9999.0 -9999.0 -9999.0 -9999.0 -9999.0 -9999.0 -9999.0 -9999.0 -9999.0 -9999.0 -9999.0 -9999.0 -9999.0 -9999.0 -9999.0
-9999.0 -9999.0 -9999.0 -9999.0 -9999.0 -9999.0 -9999.0 -9999.0 -9999.0 -9999.0 -9999.0 -9999.0 -9999.0 10.631416 11.986175 11.783656 11.523878 14.251298 17.306343 13.681421 12.792559 12.425599 11.190025 10.704532 11.712005 10.397246 8.826454 7.382642 7.312859 8.244535 8.742466 6.636908 4.913156 4.384386 5.319696 -9999.0 -9999.0 -9999.0 -9999.0 -9999.0 -9999.0 -9999.0 -9999.0 -9999.0 -9999.0 -9999.0 -9999.0 -9999.0 -9999.0 -9999.0 -9999.0 -9999.0 -9999.0 -9999.0 -9999.0 -9999.0 -9999.0 -9999.0 -9999.0 -9999.0 -9999.0 -9999.0 -9999.0
-9999.0 -9999.0 -9999.0 -9999.0 -9999.0 -9999.0 -9999.0 -9999.0 -9999.0 -9999.0 -9999.0 -9999.0 -9999.0 11.741020 12.406703 12.099594 11.100051 12.033275 17.742564 12.853468 11.888941 11.305165 9.168839 9.330458 11.447761 9.907013 8.985044 6.080341 8.210144 5.845588 4.323321 0.905069 4.412491 0.152191 3.947877 -9999.0 -9999.0 -9999.0 -9999.0 -9999.0 -9999.0 -9999.0 -9999.0 -9999.0 -9999.0 -9999.0 -9999.0 -9999.0 -9999.0 -9999.0 -9999.0 -9999.0 -9999.0 -9999.0 -9999.0 -9999.0 -9999.0 -9999.0 -9999.0 -9999.0 -9999.0 -9999.0 -9999.0
-9999.0 -9999.0 -9999.0 -9999.0 -9999.0 -9999.0 -9999.0 -9999.0 -9999.0 -9999.0 -9999.0 -9999.0 11.245896 11.960599 11.834900 10.468989 9.312811 11.463710 15.534985 11.989726 11.413251 9.739624 9.447566 9.665235 10.231727 6.639272 8.933734 7.484898 8.889183 2.014352 3.283102 7.437099 6.745166 3.168542 -9999.0 -9999.0 -9999.0 -9999.0 -9999.0 -9999.0 -9999.0 -9999.0 -9999.0 -9999.0 -9999.0 -9999.0 -9999.0 -9999.0 -9999.0 -9999.0 -9999.0 -9999.0 -9999.0 -9999.0 -9999.0 -9999.0 -9999.0 -9999.0 -9999.0 -9999.0 -9999.0 -9999.0 -9999.0
-9999.0 -9999.0 -9999.0 -9999.0 -9999.0 -9999.0 -9999.0 -9999.0 -9999.0 -9999.0 -9999.0 9.080684 9.688960 9.971401 9.857597 8.585038 9.886767 10.934487 15.524751 11.910025 10.166564 11.053126 8.994538 8.715322 9.694040 8.105122 5.515893 8.803517 8.185764 4.260040 7.270588 10.082612 7.410250 6.439814 7.212591 8.635710 9.930303 11.566740 11.160032 -9999.0 -9999.0 -9999.0 7.965977 -9999.0 -9999.0 -9999.0 -9999.0 -9999.0 -9999.0 -9999.0 -9999.0 -9999.0 -9999.0 -9999.0 -9999.0 -9999.0 -9999.0 -9999.0 -9999.0 -9999.0 -9999.0 -9999.0 -9999.0
-9999.0 -9999.0 -9999.0 -9999.0 -9999.0 -9999.0 -9999.0 -9999.0 -9999.0 -9999.0 -9999.0 7.842860 9.570104 10.246429 10.227355 8.148967 11.429007 12.357700 15.594553 12.896358 12.050695 10.408342 9.104826 7.371103 7.655220 7.725000 9.285609 9.780330 8.139795 5.003605 9.271853 9.394909 7.957002 6.607672 7.534300 10.098954 13.719146 13.587984 11.839548 8.746907 9.499039 8.911361 10.019741 8.863846 -9999.0 -9999.0 -9999.0 7.025354 7.829789 8.830511 8.673875 7.568417 7.413256 7.791291 7.653218 7.118179 -9999.0 -9999.0 -9999.0 -9999.0 -9999.0 -9999.0 -9999.0
-9999.0 -9999.0 -9999.0 -9999.0 -9999.0 -9999.0 -9999.0 -9999.0 -9999.0 -9999.0 -9999.0 8.623772 8.433774 8.261608 8.615374 9.181031 8.527516 9.587396 13.281338 14.087907 10.191588 9.517053 8.467699 9.093492 7.214683 10.150493 8.747816 8.081038 0.694868 5.235584 7.443942 8.484310 9.524665 6.502163 8.475634 12.151178 10.811053 11.275094 14.863402 10.501593 12.139002 10.438739 11.706352 10.193839 7.532536 -9999.0 6.501532 5.164944 10.343623 11.376841 11.769814 11.660391 11.211608 10.770832 10.641971 9.694365 -9999.0 -9999.0 -9999.0 -9999.0 -9999.0 -9999.0 -9999.0
-9999.0 -9999.0 -9999.0 -9999.0 -9999.0 -9999.0 -9999.0 -9999.0 -9999.0 -9999.0 -9999.0 -9999.0 8.395897 7.478639 9.730970 9.816835 7.933171 9.886305 14.082287 14.203999 10.211494 10.105433 9.903051 8.793813 7.093275 8.676236 10.779710 7.546137 7.259903 7.772098 9.284933 8.693434 9.518817 7.826632 2.808877 10.066439 9.299944 11.122848 16.028270 12.666388 13.874517 14.059412 10.446935 11.742774 9.743338 8.228135 8.773413 8.623117 8.979537 10.675374 11.841014 9.707649 10.795078 9.405842 8.921966 8.974435 9.333416 -9999.0 -9999.0 -9999.0 -9999.0 -9999.0 -9999.0
-9999.0 -9999.0 -9999.0 -9999.0 -9999.0 -9999.0 -9999.0 -9999.0 -9999.0 -9999.0 -9999.0 7.468118 7.785569 8.981403 8.498991 8.566138 9.297209 9.430406 13.813249 12.221667 10.621507 9.912721 9.614275 8.227522 8.712723 9.901141 8.489184 6.223455 8.460497 9.548051 8.772000 9.580591 10.339801 7.156388 6.158348 9.502696 9.249315 10.496160 12.266353 15.815458 10.990978 12.010734 11.762936 10.604782 12.353071 8.836554 10.468514 10.745068 11.659482 11.770536 8.600870 8.503730 8.143098 7.523014 6.834575 7.321593 9.414151 -9999.0 -9999.0 -9999.0 -9999.0 -9999.0 -9999.0
-9999.0 -9999.0 -9999.0 -9999.0 -9999.0 -9999.0 -9999.0 -9999.0 -9999.0 -9999.0 10.305185 8.392960 9.747837 9.786619 10.769324 9.722483 9.078964 9.027896 11.799224 12.296440 13.305883 11.630225 8.602361 12.014430 10.207328 9.283855 7.165111 5.883922 10.434806 11.100614 10.163052 9.314971 8.732040 6.381402 4.651539 8.676769 11.682911 9.757737 10.793093 13.285896 13.338142 12.228161 14.171905 12.345060 10.754497 10.631558 11.055470 10.717491 11.626009 11.664723 8.326588 7.026638 6.332144 5.293632 5.540898 11.027119 10.341722 -9999.0 -9999.0 -9999.0 -9999.0 -9999.0 -9999.0
-9999.0 -9999.0 -9999.0 -9999.0 -9999.0 -9999.0 -9999.0 -9999.0 -9999.0 8.328022 9.388075 8.622244 9.328877 8.250961 9.093527 8.672981 8.401082 12.468577 11.911965 12.602027 13.588114 10.372897 10.162358 11.697147 10.182287 7.573352 7.282802 11.115137 9.990266 10.589658 11.049192 7.719956 4.271076 4.841619 7.521258 7.809729 9.175978 8.780024 8.878766 10.249313 11.042763 9.858315 9.836756 12.975715 12.266540 11.265282 13.857511 10.660316 10.942823 12.550616 9.950262 8.507528 5.015321 7.354839 9.149054 9.545716 10.178656 11.724555 10.736092 -9999.0 -9999.0 -9999.0 -9999.0
-9999.0 -9999.0 -9999.0 -9999.0 -9999.0 -9999.0 -9999.0 -9999.0 -9999.0 7.934578 8.297622 9.604306 13.043680 10.019186 9.310610 8.878388 11.658622 11.154773 12.550102 15.629098 15.377678 15.221453 12.205875 10.930316 7.833952 8.496252 9.545046 10.606165 12.057487 10.785462 10.211940 7.442604 7.585037 6.389412 8.557575 9.824992 10.374150 11.352471 9.150529 10.223592 8.629013 8.183439 10.474222 12.051704 13.148669 14.008320 13.884350 12.914130 12.616157 12.513878 9.304463 7.460962 6.661328 7.513862 9.437616 8.709050 10.728095 11.409720 13.306645 -9999.0 -9999.0 -9999.0 -9999.0
-9999.0 -9999.0 -9999.0 -9999.0 -9999.0 -9999.0 -9999.0 -9999.0 -9999.0 -9999.0 8.503184 10.016129 9.580290 10.381250 10.576350 9.777816 10.355731 11.914472 13.329132 13.999705 13.678870 11.258091 9.457089 8.657658 8.693547 10.251806 11.394277 12.012212 10.017406 7.508272 7.336265 8.314314 5.616860 6.916363 9.865374 11.081379 11.817630 10.606909 9.065404 0.487502 7.185244 11.547452 12.109462 10.011500 10.771077 11.077571 12.098614 14.333101 14.780113 13.071720 10.435764 10.198677 8.064723 7.054019 5.991341 10.069665 11.739148 13.673525 13.881578 14.148719 -9999.0 -9999.0 -9999.0
-9999.0 -9999.0 -9999.0 -9999.0 -9999.0 -9999.0 -9999.0 -9999.0 -9999.0 -9999.0 8.616495 9.253822 9.667400 10.203303 14.874906 10.634543 10.350155 12.088212 14.230197 14.241437 12.321129 10.750157 9.565887 9.587813 10.114240 11.692716 12.462326 9.796988 7.668292 5.255057 7.069478 9.248734 6.732145 3.658614 7.684064 9.495162 10.400163 9.669133 7.746526 2.615258 9.173083 10.820866 8.616752 9.568743 10.526814 9.984968 10.814615 11.591960 13.799754 14.940039 13.278845 10.687297 9.589810 9.692684 8.758631 10.783842 10.077156 12.516903 15.566224 16.363932 -9999.0 -9999.0 -9999.0
-9999.0 -9999.0 -9999.0 -9999.0 -9999.0 -9999.0 -9999.0 -9999.0 10.272413 9.989659 9.555153 9.698693 9.227814 9.506296 9.873577 12.169943 12.489341 16.488233 14.984563 14.764942 13.818936 12.740177 11.802298 10.396918 11.548408 11.612444 11.927927 7.888151 7.481291 5.701076 5.242796 7.443871 7.448545 7.255371 8.490447 6.862778 10.980005 9.825950 6.827410 7.705679 8.506657 9.610735 7.125555 7.912522 12.182788 12.014034 8.663707 10.367225 12.275705 15.147964 13.831507 12.333009 10.717854 8.319781 11.968671 13.159426 13.877284 16.016636 15.605027 17.212810 -9999.0 -9999.0 -9999.0
-9999.0 -9999.0 -9999.0 -9999.0 -9999.0 -9999.0 -9999.0 -9999.0 9.123109 9.585134 8.266110 8.173269 9.306635 10.144852 9.533632 10.841964 11.821508 12.159788 14.473258 15.340845 18.313895 16.980722 15.559496 14.707901 12.317176 12.266276 10.455796 8.847696 6.332453 6.423193 7.472092 9.283924 8.215880 8.625550 8.823005 9.616195 12.275939 10.590161 8.554059 8.820389 6.788080 4.152904 7.615751 10.276474 12.218153 9.272646 7.790927 10.517624 11.554827 14.161292 15.509623 13.120734 11.233504 12.889799 15.337841 13.789014 13.891824 14.999154 17.380754 18.922486 19.312721 -9999.0 -9999.0
-9999.0 -9999.0 -9999.0 -9999.0 -9999.0 -9999.0 -9999.0 -9999.0 9.007117 11.422681 11.001533 8.150112 11.294590 8.868519 10.600365 10.096801 11.635399 13.476609 14.742040 17.946088 15.678984 17.440552 17.162553 14.525562 16.360050 11.636818 10.195796 7.845894 6.614529 8.585961 9.890161 10.626622 7.383627 7.727575 9.728035 11.774843 8.878098 11.189233 8.601203 7.819374 7.842599 8.170483 9.196297 9.863256 8.236250 9.199988 10.132761 11.158189 9.856056 13.145516 16.273463 15.087639 12.776057 12.593361 15.341655 15.670422 16.819972 17.694523 18.816776 18.971866 18.884357 -9999.0 -9999.0
-9999.0 -9999.0 -9999.0 -9999.0 -9999.0 -9999.0 -9999.0 -9999.0 8.102571 11.050904 10.710971 8.819850 11.712218 10.651401 11.191417 12.249189 14.350898 15.232096 14.468724 14.922748 15.279281 15.710678 17.621805 16.940880 12.770861 10.923315 9.275460 7.657959 11.386499 9.736095 9.074072 9.501492 10.529194 10.376800 8.396778 10.889369 12.180191 11.993353 8.954676 8.330471 8.536947 9.745092 9.912361 11.333416 9.807093 11.262215 11.801200 12.336761 13.122940 12.618660 14.339210 17.197127 16.594109 15.871388 17.599328 17.891334 18.775771 18.926751 19.371494 18.736009 17.509740 15.944595 -9999.0
-9999.0 -9999.0 -9999.0 -9999.0 -9999.0 -9999.0 -9999.0 -9999.0 9.104436 11.083469 10.828178 10.764190 11.817612 12.377696 15.314719 14.646995 14.285119 12.984092 11.623886 12.841147 14.391895 15.642525 15.630305 15.425567 14.706983 10.644366 8.772649 10.568138 11.480137 11.025796 9.075444 10.916805 12.483989 10.944138 9.172783 9.662881 11.306333 12.876014 12.099198 10.484844 9.845729 9.895965 11.140815 10.558545 9.161214 12.532381 11.363349 12.499753 12.668154 14.799801 16.468048 17.084307 18.013340 18.641828 18.853873 18.804322 19.004840 18.827672 18.495179 17.548543 16.783586 15.049153 -9999.0
-9999.0 -9999.0 10.645944 10.415640 8.928150 9.396615 9.583836 8.835995 10.112090 10.480118 10.521816 12.644326 12.859604 14.368701 17.818089 14.047512 11.968997 9.934152 10.174585 11.443601 13.167327 15.286163 15.698711 15.856497 14.252278 12.333318 11.041276 11.089317 11.968602 13.182727 10.103236 10.404199 14.587494 11.487627 12.752914 11.664835 13.950443 13.797102 12.608237 10.628830 12.376628 12.895777 12.280273 12.493441 10.590660 12.129092 13.699558 13.200329 15.667524 17.108422 18.357196 18.887923 19.017085 19.132768 18.994933 21.135174 18.344739 17.877594 16.853397 16.446500 15.770311 14.092846 -9999.0
-9999.0 9.842333 9.710883 9.535792 9.592840 10.103958 9.404710 8.140280 7.730433 9.653424 10.143060 11.827143 14.065101 16.447797 15.619872 12.318577 10.362294 9.352229 10.530062 11.725854 13.774771 14.352341 17.702059 16.284403 17.885680 14.914699 16.588870 16.856959 14.062365 13.217383 13.383847 13.250034 13.458495 15.927656 14.602981 15.591661 16.140254 15.519607 15.705137 15.205545 15.208881 15.041773 14.670065 13.084435 12.800351 13.702407 15.597557 16.461531 17.846146 18.700026 17.924220 18.016366 17.791982 17.820365 17.809570 17.189844 16.293146 16.007031 15.263235 14.764158 13.744603 13.781777 -9999.0
-9999.0 11.188490 10.724652 10.843254 13.092711 10.605138 8.716895 8.485557 10.309670 10.814358 10.310795 11.748366 14.127203 15.923371 13.250346 10.845730 9.338830 9.913337 11.622474 12.023710 14.013446 14.290483 15.673795 16.569585 19.148270 19.460481 16.341258 16.141397 15.726464 15.397505 15.797736 15.208507 14.682109 14.999463 17.110929 16.975202 20.074944 20.810643 17.696947 17.528157 17.403539 16.530503 15.955195 15.825182 16.544124 17.005256 17.781005 17.916643 17.199638 17.384388 16.581086 16.203434 16.123743 16.813651 16.359453 14.904755 14.815385 13.832201 13.435025 12.690137 12.685590 -9999.0 -9999.0
