user2019/resources/simulation/Vinschgau/output-maps/TL0007N0353.asc
ncols         63
nrows         48
xllcorner     598000.000000
yllcorner     5145000.000000
cellsize      1000.000000
NODATA_value  -9999.0
[rows 0 to 27 of 48, columns 0 to 62 of 63]
-9999.0 -9999.0 -9999.0 -9999.0 -9999.0 -9999.0 -9999.0 -9999.0 -9999.0 -9999.0 -9999.0 -9999.0 -9999.0 -9999.0 -9999.0 -9999.0 -9999.0 -9999.0 -9999.0 -9999.0 -9999.0 -9999.0 -9999.0 -9999.0 -9999.0 -9999.0 -9999.0 -9999.0 -9999.0 -9999.0 -9999.0 -9999.0 -9999.0 -9999.0 -9999.0 -9999.0 -9999.0 -9999.0 -9999.0 -9999.0 -9999.0 -9999.0 -9999.0 -9999.0 -9999.0 -9999.0 -9999.0 -9999.0 -9999.0 -9999.0 -9999.0 -9999.0 -9999.0 -9999.0 -9999.0 -9999.0 -9999.0 -9999.0 -9999.0 -9999.0 -9999.0 -9999.0 -9999.0
-9999.0 -9999.0 -9999.0 -9999.0 -9999.0 -9999.0 -9999.0 -9999.0 -9999.0 -9999.0 -9999.0 -9999.0 -9999.0 -9999.0 -9999.0 -9999.0 -9999.0 -9999.0 -9999.0 -9999.0 -9999.0 -9999.0 -9999.0 -9999.0 -9999.0 -9999.0 -9999.0 -0.335631 -0.829151 -1.109046 -0.830580 -1.810593 -1.570695 -9999.0 -9999.0 -9999.0 -9999.0 -9999.0 -9999.0 -9999.0 -9999.0 -9999.0 -9999.0 -9999.0 -9999.0 -9999.0 -9999.0 -9999.0 -9999.0 -9999.0 -9999.0 -9999.0 -9999.0 -9999.0 -9999.0 -9999.0 -9999.0 -9999.0 -9999.0 -9999.0 -9999.0 -9999.0 -9999.0
-9999.0 -9999.0 -9999.0 -9999.0 -9999.0 -9999.0 -9999.0 -9999.0 -9999.0 -9999.0 -9999.0 -9999.0 -9999.0 -9999.0 -9999.0 -9999.0 -9999.0 -9999.0 -9999.0 -9999.0 -9999.0 -9999.0 -9999.0 -9999.0 -0.429103 -1.353181 -0.615519 -1.614571 -0.902657 -1.455542 -0.760233 -9999.0 -9999.0 -9999.0 -9999.0 -9999.0 -9999.0 -9999.0 -9999.0 -9999.0 -9999.0 -9999.0 -9999.0 -9999.0 -9999.0 -9999.0 -9999.0 -9999.0 -9999.0 -9999.0 -9999.0 -9999.0 -9999.0 -9999.0 -9999.0 -9999.0 -9999.0 -9999.0 -9999.0 -9999.0 -9999.0 -9999.0 -9999.0
-9999.0 -9999.0 -9999.0 -9999.0 -9999.0 -9999.0 -9999.0 -9999.0 -9999.0 -9999.0 -9999.0 -9999.0 -9999.0 -9999.0 -9999.0 -9999.0 -9999.0 -9999.0 -9999.0 -9999.0 -9999.0 -9999.0 -9999.0 -1.045786 -0.110537 -0.020525 -0.004396 2.598097 2.162128 -1.710905 -1.123134 -0.536674 -9999.0 -9999.0 -9999.0 -9999.0 -9999.0 -9999.0 -9999.0 -9999.0 -9999.0 -9999.0 -9999.0 -9999.0 -9999.0 -9999.0 -9999.0 -9999.0 -9999.0 -9999.0 -9999.0 -9999.0 -9999.0 -9999.0 -9999.0 -9999.0 -9999.0 -9999.0 -9999.0 -9999.0 -9999.0 -9999.0 -9999.0
-9999.0 -9999.0 -9999.0 -9999.0 -9999.0 -9999.0 -9999.0 -9999.0 -9999.0 -9999.0 -9999.0 -9999.0 -9999.0 -9999.0 -9999.0 -9999.0 -9999.0 -9999.0 -0.002635 -0.215689 -9999.0 -0.509052 -1.278627 0.380103 -0.005103 4.704800 -0.306552 -0.367248 -0.003410 -0.047021 -0.732935 -0.986183 -1.434341 -1.216848 -9999.0 -9999.0 -9999.0 -9999.0 -9999.0 -9999.0 -9999.0 -9999.0 -9999.0 -9999.0 -9999.0 -9999.0 -9999.0 -9999.0 -9999.0 -9999.0 -9999.0 -9999.0 -9999.0 -9999.0 -9999.0 -9999.0 -9999.0 -9999.0 -9999.0 -9999.0 -9999.0 -9999.0 -9999.0
-9999.0 -9999.0 -9999.0 -9999.0 -9999.0 -9999.0 -9999.0 -9999.0 -9999.0 -9999.0 -9999.0 -9999.0 -9999.0 -9999.0 -9999.0 -9999.0 -9999.0 -0.010524 0.469645 2.829636 -0.830763 -0.482644 -0.082060 0.234166 4.334859 -0.472088 -0.620301 -0.424858 -0.474509 -0.601641 2.338305 -1.844807 2.817963 -1.912938 -0.980920 -2.795299 -9999.0 -9999.0 -9999.0 -9999.0 -9999.0 -9999.0 -9999.0 -9999.0 -9999.0 -9999.0 -9999.0 -9999.0 -9999.0 -9999.0 -9999.0 -9999.0 -9999.0 -9999.0 -9999.0 -9999.0 -9999.0 -9999.0 -9999.0 -9999.0 -9999.0 -9999.0 -9999.0
-9999.0 -9999.0 -9999.0 -9999.0 -9999.0 -9999.0 -9999.0 -9999.0 -9999.0 -9999.0 -9999.0 -9999.0 -9999.0 -0.299228 -0.490972 -0.025507 -0.007400 13.665137 -0.015883 3.375359 0.052351 1.816416 3.313373 5.458935 -0.411100 -0.803437 -0.886729 -0.505303 -1.223063 -0.667371 -0.524746 -1.153690 -1.005431 -3.374398 -2.378805 -3.678639 -9999.0 -9999.0 -9999.0 -9999.0 -9999.0 -9999.0 -9999.0 -9999.0 -9999.0 -9999.0 -9999.0 -9999.0 -9999.0 -9999.0 -9999.0 -9999.0 -9999.0 -9999.0 -9999.0 -9999.0 -9999.0 -9999.0 -9999.0 -9999.0 -9999.0 -9999.0 -9999.0
-9999.0 -9999.0 -9999.0 -9999.0 -9999.0 -9999.0 -9999.0 -9999.0 -9999.0 -9999.0 -9999.0 -9999.0 -9999.0 -1.019970 -0.077770 -0.040760 -0.061228 2.369643 14.103313 3.409148 3.922377 2.598934 -0.073576 -0.084792 -0.337480 -0.813841 -0.983703 -1.077494 -1.754060 -1.516390 -1.017602 -3.137326 -2.993822 -6.785173 -3.974489 -9999.0 -9999.0 -9999.0 -9999.0 -9999.0 -9999.0 -9999.0 -9999.0 -9999.0 -9999.0 -9999.0 -9999.0 -9999.0 -9999.0 -9999.0 -9999.0 -9999.0 -9999.0 -9999.0 -9999.0 -9999.0 -9999.0 -9999.0 -9999.0 -9999.0 -9999.0 -9999.0 -9999.0
-9999.0 -9999.0 -9999.0 -9999.0 -9999.0 -9999.0 -9999.0 -9999.0 -9999.0 -9999.0 -9999.0 -9999.0 -9999.0 -0.390810 3.393772 -0.109680 -0.250946 -0.016811 13.475921 -0.005275 3.004850 -0.588980 -0.596070 -0.440032 -0.310863 -0.269493 -0.933595 -1.752532 -0.755533 -3.948550 -2.610274 -8.324437 -7.188838 -9.588263 -6.522542 -9999.0 -9999.0 -9999.0 -9999.0 -9999.0 -9999.0 -9999.0 -9999.0 -9999.0 -9999.0 -9999.0 -9999.0 -9999.0 -9999.0 -9999.0 -9999.0 -9999.0 -9999.0 -9999.0 -9999.0 -9999.0 -9999.0 -9999.0 -9999.0 -9999.0 -9999.0 -9999.0 -9999.0
-9999.0 -9999.0 -9999.0 -9999.0 -9999.0 -9999.0 -9999.0 -9999.0 -9999.0 -9999.0 -9999.0 -9999.0 -1.263072 2.652807 -0.411043 -0.781389 -0.739112 -0.030191 5.345090 3.615480 -0.109911 -0.900204 -0.356011 -0.628544 -0.925642 -1.560477 -0.834290 -0.431843 -1.505554 -2.086363 -5.827206 -1.019944 -1.920874 -2.636970 -9999.0 -9999.0 -9999.0 -9999.0 -9999.0 -9999.0 -9999.0 -9999.0 -9999.0 -9999.0 -9999.0 -9999.0 -9999.0 -9999.0 -9999.0 -9999.0 -9999.0 -9999.0 -9999.0 -9999.0 -9999.0 -9999.0 -9999.0 -9999.0 -9999.0 -9999.0 -9999.0 -9999.0 -9999.0
-9999.0 -9999.0 -9999.0 -9999.0 -9999.0 -9999.0 -9999.0 -9999.0 -9999.0 -9999.0 -9999.0 -0.325717 -0.635421 -0.187139 -0.709799 -0.709355 -0.683641 -0.098179 5.578079 3.447132 1.395267 -0.008475 -0.359064 -0.856260 -0.337082 -0.434335 -3.026237 -0.490972 -1.315058 -3.198232 -0.683812 -1.457790 -1.575957 -2.033381 -2.802000 -2.744577 2.795162 3.610574 5.830591 -9999.0 -9999.0 -9999.0 -2.645287 -9999.0 -9999.0 -9999.0 -9999.0 -9999.0 -9999.0 -9999.0 -9999.0 -9999.0 -9999.0 -9999.0 -9999.0 -9999.0 -9999.0 -9999.0 -9999.0 -9999.0 -9999.0 -9999.0 -9999.0
-9999.0 -9999.0 -9999.0 -9999.0 -9999.0 -9999.0 -9999.0 -9999.0 -9999.0 -9999.0 -9999.0 -0.489235 -0.428994 -1.010462 -0.734343 -1.640258 -1.064285 -0.019494 5.418960 -0.002113 4.121774 1.989771 -0.440923 -0.336492 -0.399398 -0.589081 -0.651334 -1.250557 -0.364656 -1.548570 -1.670113 -0.446528 -2.719848 -2.016569 -3.551736 1.729616 5.785083 8.377419 6.150758 5.313613 4.555231 -4.449237 -0.028864 -2.024929 -9999.0 -9999.0 -9999.0 -0.017780 -0.245833 -0.199577 -0.145559 -0.156420 -0.163278 -0.005761 -0.005713 -0.163633 -9999.0 -9999.0 -9999.0 -9999.0 -9999.0 -9999.0 -9999.0
-9999.0 -9999.0 -9999.0 -9999.0 -9999.0 -9999.0 -9999.0 -9999.0 -9999.0 -9999.0 -9999.0 -0.308347 -1.113096 -0.722734 -0.274446 -0.714205 -0.643377 -0.065450 4.465091 4.821948 -0.036261 1.342306 -0.165872 -0.780917 -1.022608 -0.764301 -0.114743 -0.563778 -0.756738 -0.871463 -1.163260 -1.573806 -0.047883 -2.772606 -3.226595 3.349851 0.420422 2.528348 11.294878 8.592834 5.256958 3.104285 2.688120 -0.124964 -1.400066 -9999.0 -1.166287 -0.287791 -0.248561 -0.971386 0.001853 1.925523 -0.289461 -0.004748 -0.021463 -0.027042 -9999.0 -9999.0 -9999.0 -9999.0 -9999.0 -9999.0 -9999.0
-9999.0 -9999.0 -9999.0 -9999.0 -9999.0 -9999.0 -9999.0 -9999.0 -9999.0 -9999.0 -9999.0 -9999.0 -0.642232 -0.224965 -1.106126 -0.596785 -0.610337 -0.066048 4.622936 5.010546 -0.008903 2.294162 2.357516 -0.072524 -0.633626 -0.441719 3.672393 -0.814902 -0.543454 -0.399466 -1.119667 -1.144875 -2.007211 -2.365336 -3.159116 -0.010562 -0.145223 0.223777 11.281934 8.442967 5.916258 10.912674 0.087454 3.401489 -1.935861 -0.643907 -0.320126 -0.328576 -0.201452 -0.026085 -0.004264 -0.219428 -0.013207 -0.055083 -0.428057 -0.558257 -0.037561 -9999.0 -9999.0 -9999.0 -9999.0 -9999.0 -9999.0
-9999.0 -9999.0 -9999.0 -9999.0 -9999.0 -9999.0 -9999.0 -9999.0 -9999.0 -9999.0 -9999.0 -0.793276 -1.082920 -0.496607 -0.591256 -0.578621 -0.316301 -0.156996 5.515561 -0.004663 2.042879 -0.016997 -0.329826 -0.708473 -0.472804 -0.007278 -0.663297 -1.200907 -0.695939 -1.052595 -0.099382 -0.076800 3.188962 -2.230876 -3.784153 -1.262788 -0.016421 -0.006949 -0.068614 12.307978 2.763888 3.243315 2.813306 2.599144 5.253064 -0.868619 -0.802175 -1.053739 -0.612772 2.931915 -0.540132 -1.010503 -0.744150 -1.299396 -1.010563 -2.384261 -0.137834 -9999.0 -9999.0 -9999.0 -9999.0 -9999.0 -9999.0
-9999.0 -9999.0 -9999.0 -9999.0 -9999.0 -9999.0 -9999.0 -9999.0 -9999.0 -9999.0 -0.132952 -0.956787 -0.916409 -0.273084 -0.895536 -0.006407 -0.463728 -0.489087 -0.003817 -0.004145 3.514637 -0.005484 1.883766 4.046708 2.378430 -0.247388 -0.369280 -0.636918 0.530315 2.461260 0.029318 -0.685816 -1.013770 -1.633684 -3.904139 -3.016176 3.822502 -0.258953 0.243370 3.090477 4.101637 3.839732 6.594412 -0.019359 0.100789 -1.539503 -0.690550 2.057058 2.046564 2.698751 -0.175972 -1.004469 -1.267468 -1.601764 -1.086074 -0.027376 -0.027136 -9999.0 -9999.0 -9999.0 -9999.0 -9999.0 -9999.0
-9999.0 -9999.0 -9999.0 -9999.0 -9999.0 -9999.0 -9999.0 -9999.0 -9999.0 -0.675769 -0.171267 -0.137408 -0.008021 -1.113105 -0.278721 -0.260228 -0.472219 3.252246 3.009295 -0.003242 4.461595 2.943769 2.859338 3.471699 -0.151848 -0.300614 -0.698936 3.792595 2.563768 2.395270 3.055707 -0.887009 -2.167097 -3.578671 -1.586579 -1.986552 -2.432633 -0.672337 -1.209905 -0.018606 1.969249 -0.522082 -0.520388 3.071987 2.949944 2.595030 6.962487 2.724425 -0.024578 -0.006405 -0.007320 -0.193702 -2.416028 -0.469491 -0.191474 -0.126793 -0.026448 -0.025971 -0.092735 -9999.0 -9999.0 -9999.0 -9999.0
-9999.0 -9999.0 -9999.0 -9999.0 -9999.0 -9999.0 -9999.0 -9999.0 -9999.0 -0.471109 -0.674783 -0.451860 4.124407 1.709052 -0.114248 -0.868398 -0.051078 2.582391 2.905898 6.184868 6.114592 11.816662 -0.004876 2.211420 -0.259414 -0.088471 2.255187 2.683931 3.507314 -0.184288 -0.206994 -0.438029 -0.684352 -0.813809 -1.783125 -0.111946 -0.477361 2.177017 -1.875681 -1.259858 -0.888390 -1.166185 0.269543 1.949477 -0.006595 -0.001160 4.083557 3.825715 3.357650 3.222908 -0.226881 -0.134060 -0.405807 -0.417726 -0.628543 -0.054275 -0.030530 -0.077183 -0.027697 -9999.0 -9999.0 -9999.0 -9999.0
-9999.0 -9999.0 -9999.0 -9999.0 -9999.0 -9999.0 -9999.0 -9999.0 -9999.0 -9999.0 -0.465344 -0.303630 -0.274681 -0.045022 2.637785 -0.008298 0.744466 2.574668 3.226704 4.711545 3.612677 2.662545 -0.108299 -0.282612 -0.107178 2.918014 3.286672 3.852349 -0.008610 -0.562810 -0.519447 -0.783518 -1.014379 -1.358150 -1.576681 3.368505 3.275214 1.868928 -1.799735 -1.746059 -3.568343 -1.275829 -0.187604 -0.353294 -0.306101 -0.014301 2.559614 -0.007037 7.903292 3.652077 1.969167 -0.212285 -0.143033 -0.274915 -0.749327 -0.374126 -0.191394 4.229734 4.508777 4.189438 -9999.0 -9999.0 -9999.0
-9999.0 -9999.0 -9999.0 -9999.0 -9999.0 -9999.0 -9999.0 -9999.0 -9999.0 -9999.0 -0.440078 -0.399001 -0.369461 -0.228265 5.422852 -0.005927 2.608511 -0.004510 6.431462 5.115217 4.132381 3.119002 1.831344 2.437027 2.856292 3.733900 3.494209 1.944089 -0.483231 -1.321029 -1.038012 -0.338842 -0.647367 -1.423790 -1.157113 -0.863298 1.627788 -0.029356 -1.342088 -1.398644 -0.317147 -0.288842 -0.529959 -0.972819 -0.201059 -0.188125 -0.168734 -0.089135 3.709334 7.378730 4.002740 -0.210020 -0.074515 -0.127194 -0.226944 -0.125072 -0.587730 -0.037116 4.797044 2.451822 -9999.0 -9999.0 -9999.0
-9999.0 -9999.0 -9999.0 -9999.0 -9999.0 -9999.0 -9999.0 -9999.0 -0.389588 -0.909988 -0.229799 -0.341203 -0.241858 -0.206220 -0.232281 -0.004524 3.603787 12.596309 8.357926 8.676439 8.158038 6.179570 3.578677 2.569987 3.265409 4.250246 3.268497 -0.288221 -0.290239 -0.367545 -2.399402 -0.768497 -0.436849 -0.518513 -0.314404 -2.677937 -0.240973 -0.011495 -1.016777 -0.308354 -0.595199 -0.685116 -0.945955 -2.090348 -0.440793 -0.148884 -0.594049 -0.158118 2.590501 -0.003231 3.912805 3.359421 -0.063037 -0.163817 -0.106099 -0.064076 -0.047017 5.347419 5.864505 9.163751 -9999.0 -9999.0 -9999.0
-9999.0 -9999.0 -9999.0 -9999.0 -9999.0 -9999.0 -9999.0 -9999.0 -0.251881 -0.062943 -0.682510 -0.877291 -0.489358 -0.197093 -0.246301 -0.034476 2.337774 3.177643 9.061422 10.150575 16.094729 14.280491 11.923873 11.612039 4.483109 4.801232 -0.006733 -0.025148 -0.301630 -0.255167 -0.290300 -0.749970 -0.230368 -0.220891 -0.229963 -0.450457 4.098078 1.765039 -0.636586 -0.211293 -0.982541 -4.920728 -0.972330 -0.182186 -0.026068 -0.237370 -0.580127 -0.394422 -0.140515 3.774919 5.838890 4.007623 -0.145043 -0.023173 6.359334 5.377475 4.457737 5.140822 9.730454 12.008399 12.398620 -9999.0 -9999.0
-9999.0 -9999.0 -9999.0 -9999.0 -9999.0 -9999.0 -9999.0 -9999.0 -0.555238 -0.156459 1.108675 -0.215542 -0.348069 -0.336246 0.620980 2.586808 3.115972 4.093848 9.928305 13.670326 11.490606 13.866710 15.327915 8.263239 12.854976 3.137411 1.051502 -0.368569 -1.122448 -1.041647 -0.666105 -0.030798 -0.899616 -0.803866 -0.168982 4.679608 -0.161690 3.282302 -0.314294 -0.183064 -0.285859 -0.259608 -0.194004 -0.379779 -0.497054 -0.480654 -0.156372 -0.092900 -0.270778 3.488464 4.529134 4.867491 3.785111 3.623485 5.771027 5.181870 7.227730 9.273075 11.708192 9.972642 11.890487 -9999.0 -9999.0
-9999.0 -9999.0 -9999.0 -9999.0 -9999.0 -9999.0 -9999.0 -9999.0 -0.915922 -0.178594 -0.012758 -0.460746 -0.037008 -0.011033 2.688456 3.273815 7.403845 9.133810 1.737613 7.619300 8.210694 10.605817 13.887544 13.175091 2.826304 0.983206 -0.173759 -0.014779 3.593321 2.520019 0.239899 0.508943 3.021030 2.648263 -0.336827 -0.605611 0.253867 3.373077 2.424272 -0.378735 -0.191525 -0.129807 -0.149726 -0.814713 -0.139759 -0.134274 -0.246147 -0.340522 -0.444095 3.652951 3.201158 9.779874 6.721136 -0.003369 8.229319 9.676221 11.506690 6.924091 11.651719 11.817672 5.706426 -0.002378 -9999.0
-9999.0 -9999.0 -9999.0 -9999.0 -9999.0 -9999.0 -9999.0 -9999.0 -0.324269 -0.166591 -0.059694 2.478411 3.012273 3.053450 7.249715 3.745901 -0.001459 3.145768 -0.048904 3.132487 5.850195 9.703722 10.072218 6.671972 10.294610 2.155250 1.415932 2.824257 3.351000 2.800319 0.058568 0.124651 3.706957 2.529960 2.933659 3.295715 3.753946 4.310558 4.116248 3.316222 3.066065 3.221136 3.325133 3.153080 -0.458799 0.032885 3.116772 3.677221 3.639233 5.218871 8.676656 8.364592 10.661472 11.337663 11.495016 7.066407 11.468026 11.533182 7.677529 9.250817 6.732711 0.257901 -9999.0
-9999.0 -9999.0 -0.309985 -0.190317 -0.214853 -0.630686 -0.311157 -0.650693 -0.172179 -0.189351 -0.161519 -0.005303 3.344196 4.277623 13.540980 -0.002692 2.833520 -0.215012 -0.176885 -0.040757 3.599734 7.661296 9.352576 5.723594 4.833012 3.667954 2.532918 2.627776 3.007308 6.160446 2.382471 0.763081 3.778343 2.651325 3.954969 3.719840 4.809907 6.320154 5.402250 3.902844 4.534430 4.332867 3.718640 3.454171 2.576272 3.462660 3.824082 -0.007421 7.296663 8.362491 11.124226 6.972982 11.495843 10.925059 9.712961 14.211288 6.378194 5.788626 6.473250 5.715374 4.093288 2.505923 -9999.0
-9999.0 -0.080242 -0.049497 -0.109240 -0.390722 -0.081988 -0.158085 -0.243585 -0.263225 -0.283241 -0.140199 0.729491 -0.002459 9.958289 7.257509 2.811256 -0.148697 -0.198484 -0.035969 2.129526 3.794102 5.467131 6.031089 8.034187 12.366042 6.080773 11.915127 11.723924 6.134169 -0.002096 4.212925 4.049832 4.039465 8.026146 6.586370 5.587144 10.402859 11.164035 6.186506 5.455222 6.980018 7.192505 6.299586 3.644696 3.811075 3.645384 2.610414 7.166659 10.425944 5.888663 10.052549 9.163094 6.144434 5.979946 5.727585 1.954560 -0.002159 -0.002728 -0.003879 -0.003593 -0.002343 -0.001905 -9999.0
-9999.0 -0.157341 1.216504 2.497489 -0.002461 1.784143 -0.089342 -0.818869 -0.355512 -0.406052 -0.254610 2.776471 3.924487 7.915515 3.628998 -0.123074 -0.189904 -0.364061 2.753560 2.550086 -0.004466 2.646924 3.968599 4.745187 12.525014 14.802508 10.426385 10.057878 9.342317 8.162741 10.351605 9.123406 4.781770 5.029429 10.224572 8.483133 15.661935 18.147023 12.454498 12.074319 10.259898 8.465453 9.966150 8.205234 10.830799 10.954673 11.404506 11.597402 10.062979 10.112344 4.035217 -0.002544 -0.002954 3.365909 5.280255 -0.005982 4.186032 -0.044241 -0.074100 -0.007036 -0.004949 -9999.0 -9999.0
