user2019/resources/simulation/Vinschgau/output-maps/TL0001N1405.asc
ncols         63
nrows         48
xllcorner     598000.000000
yllcorner     5145000.000000
cellsize      1000.000000
NODATA_value  -9999.0
[rows 0 to 27 of 48, columns 0 to 62 of 63]
-9999.0 -9999.0 -9999.0 -9999.0 -9999.0 -9999.0 -9999.0 -9999.0 -9999.0 -9999.0 -9999.0 -9999.0 -9999.0 -9999.0 -9999.0 -9999.0 -9999.0 -9999.0 -9999.0 -9999.0 -9999.0 -9999.0 -9999.0 -9999.0 -9999.0 -9999.0 -9999.0 -9999.0 -9999.0 -9999.0 -9999.0 -9999.0 -9999.0 -9999.0 -9999.0 -9999.0 -9999.0 -9999.0 -9999.0 -9999.0 -9999.0 -9999.0 -9999.0 -9999.0 -9999.0 -9999.0 -9999.0 -9999.0 -9999.0 -9999.0 -9999.0 -9999.0 -9999.0 -9999.0 -9999.0 -9999.0 -9999.0 -9999.0 -9999.0 -9999.0 -9999.0 -9999.0 -9999.0
-9999.0 -9999.0 -9999.0 -9999.0 -9999.0 -9999.0 -9999.0 -9999.0 -9999.0 -9999.0 -9999.0 -9999.0 -9999.0 -9999.0 -9999.0 -9999.0 -9999.0 -9999.0 -9999.0 -9999.0 -9999.0 -9999.0 -9999.0 -9999.0 -9999.0 -9999.0 -9999.0 0.403638 0.491361 0.765773 0.107265 0.074064 -1.522161 -9999.0 -9999.0 -9999.0 -9999.0 -9999.0 -9999.0 -9999.0 -9999.0 -9999.0 -9999.0 -9999.0 -9999.0 -9999.0 -9999.0 -9999.0 -9999.0 -9999.0 -9999.0 -9999.0 -9999.0 -9999.0 -9999.0 -9999.0 -9999.0 -9999.0 -9999.0 -9999.0 -9999.0 -9999.0 -9999.0
-9999.0 -9999.0 -9999.0 -9999.0 -9999.0 -9999.0 -9999.0 -9999.0 -9999.0 -9999.0 -9999.0 -9999.0 -9999.0 -9999.0 -9999.0 -9999.0 -9999.0 -9999.0 -9999.0 -9999.0 -9999.0 -9999.0 -9999.0 -9999.0 0.267850 0.334526 0.911904 0.274256 0.853924 0.973712 0.084581 -9999.0 -9999.0 -9999.0 -9999.0 -9999.0 -9999.0 -9999.0 -9999.0 -9999.0 -9999.0 -9999.0 -9999.0 -9999.0 -9999.0 -9999.0 -9999.0 -9999.0 -9999.0 -9999.0 -9999.0 -9999.0 -9999.0 -9999.0 -9999.0 -9999.0 -9999.0 -9999.0 -9999.0 -9999.0 -9999.0 -9999.0 -9999.0
-9999.0 -9999.0 -9999.0 -9999.0 -9999.0 -9999.0 -9999.0 -9999.0 -9999.0 -9999.0 -9999.0 -9999.0 -9999.0 -9999.0 -9999.0 -9999.0 -9999.0 -9999.0 -9999.0 -9999.0 -9999.0 -9999.0 -9999.0 0.471297 2.036398 3.457459 3.962280 4.087258 4.051629 1.270041 0.110506 -0.049198 -9999.0 -9999.0 -9999.0 -9999.0 -9999.0 -9999.0 -9999.0 -9999.0 -9999.0 -9999.0 -9999.0 -9999.0 -9999.0 -9999.0 -9999.0 -9999.0 -9999.0 -9999.0 -9999.0 -9999.0 -9999.0 -9999.0 -9999.0 -9999.0 -9999.0 -9999.0 -9999.0 -9999.0 -9999.0 -9999.0 -9999.0
-9999.0 -9999.0 -9999.0 -9999.0 -9999.0 -9999.0 -9999.0 -9999.0 -9999.0 -9999.0 -9999.0 -9999.0 -9999.0 -9999.0 -9999.0 -9999.0 -9999.0 -9999.0 5.395731 1.922061 -9999.0 1.124839 2.008709 3.051383 3.353236 4.005457 3.849325 4.139891 2.952604 1.390554 0.620056 0.116593 -0.300297 -0.158266 -9999.0 -9999.0 -9999.0 -9999.0 -9999.0 -9999.0 -9999.0 -9999.0 -9999.0 -9999.0 -9999.0 -9999.0 -9999.0 -9999.0 -9999.0 -9999.0 -9999.0 -9999.0 -9999.0 -9999.0 -9999.0 -9999.0 -9999.0 -9999.0 -9999.0 -9999.0 -9999.0 -9999.0 -9999.0
-9999.0 -9999.0 -9999.0 -9999.0 -9999.0 -9999.0 -9999.0 -9999.0 -9999.0 -9999.0 -9999.0 -9999.0 -9999.0 -9999.0 -9999.0 -9999.0 -9999.0 5.171062 3.847722 4.079608 2.879163 0.628368 1.449108 2.651559 4.540509 0.421108 -0.027118 1.211830 -0.018297 2.326706 2.709010 0.862433 1.141500 0.425383 -0.404810 -0.582595 -9999.0 -9999.0 -9999.0 -9999.0 -9999.0 -9999.0 -9999.0 -9999.0 -9999.0 -9999.0 -9999.0 -9999.0 -9999.0 -9999.0 -9999.0 -9999.0 -9999.0 -9999.0 -9999.0 -9999.0 -9999.0 -9999.0 -9999.0 -9999.0 -9999.0 -9999.0 -9999.0
-9999.0 -9999.0 -9999.0 -9999.0 -9999.0 -9999.0 -9999.0 -9999.0 -9999.0 -9999.0 -9999.0 -9999.0 -9999.0 3.837479 2.653791 3.402105 4.702398 9.776405 4.786000 3.328548 3.339011 3.045954 3.641447 4.644141 -0.011840 1.845781 -0.295968 0.041426 0.020117 0.001579 -0.890151 1.434799 0.311687 0.111907 -0.010748 -0.608591 -9999.0 -9999.0 -9999.0 -9999.0 -9999.0 -9999.0 -9999.0 -9999.0 -9999.0 -9999.0 -9999.0 -9999.0 -9999.0 -9999.0 -9999.0 -9999.0 -9999.0 -9999.0 -9999.0 -9999.0 -9999.0 -9999.0 -9999.0 -9999.0 -9999.0 -9999.0 -9999.0
-9999.0 -9999.0 -9999.0 -9999.0 -9999.0 -9999.0 -9999.0 -9999.0 -9999.0 -9999.0 -9999.0 -9999.0 -9999.0 4.579823 4.551331 4.231132 4.104416 9.201898 9.906434 5.023438 3.974367 5.834585 2.807992 1.722912 2.583040 1.622695 0.530566 0.578419 -0.056777 -0.085883 -0.012649 0.095141 -0.306637 -0.791251 -0.644988 -9999.0 -9999.0 -9999.0 -9999.0 -9999.0 -9999.0 -9999.0 -9999.0 -9999.0 -9999.0 -9999.0 -9999.0 -9999.0 -9999.0 -9999.0 -9999.0 -9999.0 -9999.0 -9999.0 -9999.0 -9999.0 -9999.0 -9999.0 -9999.0 -9999.0 -9999.0 -9999.0 -9999.0
-9999.0 -9999.0 -9999.0 -9999.0 -9999.0 -9999.0 -9999.0 -9999.0 -9999.0 -9999.0 -9999.0 -9999.0 -9999.0 4.294683 4.027561 5.494022 3.743871 4.479960 10.181490 4.850226 7.062756 2.758090 0.796811 -0.010974 2.351470 1.977997 1.350590 -0.167155 -0.033028 -0.534124 0.060896 -1.201152 -0.888460 -7.498048 -0.893199 -9999.0 -9999.0 -9999.0 -9999.0 -9999.0 -9999.0 -9999.0 -9999.0 -9999.0 -9999.0 -9999.0 -9999.0 -9999.0 -9999.0 -9999.0 -9999.0 -9999.0 -9999.0 -9999.0 -9999.0 -9999.0 -9999.0 -9999.0 -9999.0 -9999.0 -9999.0 -9999.0 -9999.0
-9999.0 -9999.0 -9999.0 -9999.0 -9999.0 -9999.0 -9999.0 -9999.0 -9999.0 -9999.0 -9999.0 -9999.0 3.023404 3.525624 5.124857 3.523989 2.375774 4.121920 9.939280 5.613755 3.426723 0.747563 1.225896 0.053617 -0.969709 0.482067 -2.092196 0.087289 0.219812 -0.387290 -1.062164 -0.368156 -0.113165 -0.416950 -9999.0 -9999.0 -9999.0 -9999.0 -9999.0 -9999.0 -9999.0 -9999.0 -9999.0 -9999.0 -9999.0 -9999.0 -9999.0 -9999.0 -9999.0 -9999.0 -9999.0 -9999.0 -9999.0 -9999.0 -9999.0 -9999.0 -9999.0 -9999.0 -9999.0 -9999.0 -9999.0 -9999.0 -9999.0
-9999.0 -9999.0 -9999.0 -9999.0 -9999.0 -9999.0 -9999.0 -9999.0 -9999.0 -9999.0 -9999.0 3.828994 4.500552 4.136967 4.604657 5.810145 4.546429 4.334411 9.862363 6.864894 2.683828 3.021043 2.333375 0.470246 1.426647 0.395751 -0.046019 0.277112 -0.058560 -0.650188 -0.382975 0.311536 0.015704 -0.384349 -0.409761 0.127666 0.042911 0.503081 0.663237 -9999.0 -9999.0 -9999.0 -0.493955 -9999.0 -9999.0 -9999.0 -9999.0 -9999.0 -9999.0 -9999.0 -9999.0 -9999.0 -9999.0 -9999.0 -9999.0 -9999.0 -9999.0 -9999.0 -9999.0 -9999.0 -9999.0 -9999.0 -9999.0
-9999.0 -9999.0 -9999.0 -9999.0 -9999.0 -9999.0 -9999.0 -9999.0 -9999.0 -9999.0 -9999.0 3.620984 4.565171 6.153520 5.909736 4.785173 6.847319 4.780538 9.859956 7.707965 7.141948 4.116725 1.343747 -1.128806 -0.550939 0.351333 0.222102 0.392142 0.548790 -0.416497 0.188756 1.034911 -0.059775 -0.394613 -0.436799 0.244193 1.181034 1.680059 0.594120 -0.377659 -0.308045 -0.508768 0.099524 -0.250488 -9999.0 -9999.0 -9999.0 -1.175805 -1.161968 -0.670708 -0.891367 -1.542399 -1.561863 -1.582499 -1.586067 -1.661290 -9999.0 -9999.0 -9999.0 -9999.0 -9999.0 -9999.0 -9999.0
-9999.0 -9999.0 -9999.0 -9999.0 -9999.0 -9999.0 -9999.0 -9999.0 -9999.0 -9999.0 -9999.0 3.363263 3.499064 2.153628 5.426406 5.656983 2.720860 3.949136 8.551627 7.627986 2.512497 0.267100 -0.410711 0.230158 0.334538 0.436966 -0.516006 -2.557737 0.185430 -0.159250 -0.064403 -0.691926 0.372326 -0.368945 -0.320746 0.625945 -0.261230 -0.039893 2.392696 0.100099 0.579033 0.079963 0.359673 0.198281 -0.643906 -9999.0 -0.827720 -0.748552 0.096796 0.303795 1.020297 0.913110 0.586998 0.093811 0.288704 -0.365826 -9999.0 -9999.0 -9999.0 -9999.0 -9999.0 -9999.0 -9999.0
-9999.0 -9999.0 -9999.0 -9999.0 -9999.0 -9999.0 -9999.0 -9999.0 -9999.0 -9999.0 -9999.0 -9999.0 3.608255 -0.007096 4.830094 4.903375 0.952842 2.994235 9.308299 7.532225 2.357441 1.249515 -0.008029 -0.158378 -1.504588 -0.588316 0.498589 0.939117 0.090777 -0.232015 0.157004 -0.523706 1.300148 0.072347 -0.124417 0.281112 -0.473960 -0.210047 3.531910 1.366781 1.755450 1.288838 -0.166995 0.976470 -0.056693 -0.728462 -0.645390 -0.510404 -1.504830 -0.227475 -0.037819 -0.461010 -2.730762 -0.970031 -1.635928 0.084717 -0.142441 -9999.0 -9999.0 -9999.0 -9999.0 -9999.0 -9999.0
-9999.0 -9999.0 -9999.0 -9999.0 -9999.0 -9999.0 -9999.0 -9999.0 -9999.0 -9999.0 -9999.0 -0.188194 1.415559 3.823830 -0.006377 0.966232 2.167319 2.342927 8.716534 4.302944 2.617952 1.056212 -0.006218 -0.536296 -0.508343 -0.143676 -0.192982 0.070915 0.034519 0.610382 -0.574073 -0.873174 2.041846 0.075698 -0.649224 0.139145 0.482674 -0.183189 -0.008055 3.203990 -0.180617 0.027415 -0.006141 -0.067268 2.379858 0.085765 0.236241 0.681681 1.220094 -0.012811 -2.438477 0.075600 -2.548725 -4.362789 -5.044279 -1.926666 -0.428360 -9999.0 -9999.0 -9999.0 -9999.0 -9999.0 -9999.0
-9999.0 -9999.0 -9999.0 -9999.0 -9999.0 -9999.0 -9999.0 -9999.0 -9999.0 -9999.0 0.610638 -0.023157 1.761332 2.089327 3.510261 -0.006207 -0.007850 0.212331 3.437028 3.949267 5.661523 3.945824 -0.311211 2.612448 -0.009455 -1.263450 -0.909548 -3.493322 1.252867 1.531441 -0.011975 -0.516442 1.264706 0.064484 -0.634958 -0.042824 0.751347 -0.338459 -0.106084 0.232889 0.645290 1.545797 5.788193 1.160050 -0.013240 0.693335 0.363846 -0.104311 -0.025505 -0.010590 -3.677926 -0.850372 -5.514648 -2.514890 -2.240571 0.066767 0.078365 -9999.0 -9999.0 -9999.0 -9999.0 -9999.0 -9999.0
-9999.0 -9999.0 -9999.0 -9999.0 -9999.0 -9999.0 -9999.0 -9999.0 -9999.0 0.365489 1.278079 -0.016684 0.015664 -0.198160 -0.009029 -0.008578 -0.020333 4.294557 3.358381 3.977430 6.035713 0.791810 0.585268 1.387143 -0.005984 -1.197480 -1.709718 1.361047 -0.022226 -0.008878 -0.004102 -1.393220 0.108950 -0.638558 -0.366290 -0.041756 0.765679 -0.611094 -0.431033 -0.014447 -0.568624 -0.150766 -0.238096 1.886063 1.474030 0.000435 3.326164 -0.279610 -0.273845 -0.003726 -0.860294 -0.514354 -2.693178 -2.602949 -1.884235 -2.803667 -1.769853 -0.217802 -1.434368 -9999.0 -9999.0 -9999.0 -9999.0
-9999.0 -9999.0 -9999.0 -9999.0 -9999.0 -9999.0 -9999.0 -9999.0 -9999.0 0.633507 0.394914 1.745107 2.491194 -0.008743 -0.024717 -0.223444 2.965217 1.435863 3.919021 6.995099 6.621501 6.023960 4.231548 2.135310 -0.811963 -0.718979 -0.164118 -0.010058 0.803214 2.159828 2.002070 -1.768551 0.198873 -0.143592 0.098570 -0.015130 0.350622 1.007484 0.329628 2.029399 -0.348988 -0.900862 -0.088355 1.076956 2.717077 2.878120 2.716512 1.214603 -0.000824 0.234738 -2.642204 -4.526368 -2.674067 -2.333986 -0.749660 -3.676027 -1.621541 -0.940224 0.232663 -9999.0 -9999.0 -9999.0 -9999.0
-9999.0 -9999.0 -9999.0 -9999.0 -9999.0 -9999.0 -9999.0 -9999.0 -9999.0 -9999.0 0.131746 1.588399 0.033941 -0.540978 0.125275 -0.017961 0.011499 2.680821 4.695771 5.288094 6.725129 2.488591 -0.020216 -0.079198 -0.533150 -0.013482 0.083995 1.394920 1.682571 -1.341929 -1.683337 -2.393054 -2.844405 -0.015455 0.293597 1.987585 1.160957 1.699965 0.323313 0.172639 0.078891 1.068750 1.919265 0.007230 0.038446 -0.009398 1.616109 4.637260 3.611941 0.697539 -1.600503 -1.798810 -1.962043 -2.716717 -2.486763 -0.898338 0.113253 -1.293195 -0.009375 -0.000068 -9999.0 -9999.0 -9999.0
-9999.0 -9999.0 -9999.0 -9999.0 -9999.0 -9999.0 -9999.0 -9999.0 -9999.0 -9999.0 0.083164 0.340064 0.908455 0.009677 3.208398 0.447850 0.045833 2.491784 5.154576 5.916465 3.242311 1.391749 -0.023582 -0.020317 -0.013710 0.814350 1.999392 -0.010213 -1.024933 -2.570435 0.115094 0.519141 -2.862891 -0.146776 0.235072 1.967745 -1.187517 -0.014000 -0.958592 0.057015 0.234238 2.560598 -0.182582 0.995112 1.661591 -0.116372 -0.010278 -0.004827 3.003271 3.249179 -0.004457 -1.094075 -3.295444 -1.574249 -3.218864 -2.649915 -1.040810 -0.349514 1.553254 2.256054 -9999.0 -9999.0 -9999.0
-9999.0 -9999.0 -9999.0 -9999.0 -9999.0 -9999.0 -9999.0 -9999.0 0.209275 0.121717 0.067624 0.202793 -0.713486 -0.087797 -0.033399 1.655462 2.786106 6.804743 6.162418 6.267688 4.960875 3.867119 2.988955 1.303972 1.149921 1.819426 3.074956 -0.552337 -0.716013 -2.470419 -0.735752 0.152686 0.190064 -0.073302 0.226521 0.353143 3.203637 -0.008141 -2.262818 0.029417 0.651701 1.117058 -2.449763 0.147438 1.449688 0.953583 -2.094296 -0.138983 -0.009210 2.614719 0.486182 -0.472530 -2.303272 -4.959955 -2.368490 -0.032130 -0.124215 1.607440 1.042186 4.428318 -9999.0 -9999.0 -9999.0
-9999.0 -9999.0 -9999.0 -9999.0 -9999.0 -9999.0 -9999.0 -9999.0 -2.639006 -0.492724 -1.929141 -0.009108 0.301664 -1.721221 -0.672077 -0.010260 1.786119 2.369730 5.320194 6.800499 10.126613 9.136883 8.548589 7.492713 3.215643 3.288351 0.733515 -0.023939 -2.797636 0.075959 -0.305605 0.315883 0.299804 0.421109 0.230478 0.669613 4.451193 0.487448 -0.048605 0.580827 0.204345 0.079363 0.449391 0.833294 0.227317 -0.310103 -2.963884 0.352716 -0.023427 1.580249 2.057866 -0.027626 -3.315965 -0.838404 0.511889 -1.493982 -0.446935 -0.009563 3.524717 6.010385 6.722530 -9999.0 -9999.0
-9999.0 -9999.0 -9999.0 -9999.0 -9999.0 -9999.0 -9999.0 -9999.0 0.179691 0.124388 0.004700 -2.748260 0.212269 -2.260164 -0.305547 -0.529755 0.440679 3.198802 5.265727 9.802982 7.264232 9.371135 9.366696 5.880035 7.210630 3.119862 0.284625 -0.974950 -3.321107 0.208579 0.545763 1.096854 -1.061139 -0.726372 1.440538 4.018694 -0.002113 1.976188 -0.021629 -0.126704 0.447550 0.686465 0.243872 0.113702 -0.625959 0.218212 0.009855 0.125270 -1.413923 -0.016995 2.742467 0.231155 -2.280454 -3.203478 -0.104967 -0.011366 1.227061 2.936931 5.729602 6.316075 6.630671 -9999.0 -9999.0
-9999.0 -9999.0 -9999.0 -9999.0 -9999.0 -9999.0 -9999.0 -9999.0 -0.723746 0.385674 -0.127923 -3.254099 0.174041 -0.712418 -0.119956 0.088285 3.818661 5.075627 7.132025 5.531650 6.710797 7.157806 9.013680 8.169900 3.509408 1.010801 -0.040084 -1.713773 0.858129 -0.087887 -0.261014 -0.028165 -0.007747 -0.004100 -0.014817 3.049918 4.785847 3.973138 0.842852 0.008173 1.524495 1.871755 1.797395 1.527370 0.184687 0.690268 1.328159 1.031474 0.311562 -0.407756 -0.013704 2.431062 0.132665 -0.055164 0.506052 1.796006 3.882762 4.831412 5.664359 6.378908 5.512640 2.663787 -9999.0
-9999.0 -9999.0 -9999.0 -9999.0 -9999.0 -9999.0 -9999.0 -9999.0 -1.394126 0.142380 -1.918983 -1.317092 -0.201248 -0.084384 2.156319 2.761633 4.771109 2.446830 0.929622 2.760572 4.613325 6.613936 6.763319 6.436139 6.274284 0.293492 -0.826890 -0.014306 -0.008193 -0.002213 -0.111342 0.110754 3.170677 1.459740 0.978491 2.089344 3.473590 5.919335 5.308089 2.779389 1.296060 1.111317 1.221795 0.007263 -0.326677 2.388532 -0.029090 -0.008606 -0.048176 0.011341 2.165118 1.643193 2.001872 1.904175 2.624056 3.016486 3.818076 4.905168 5.677679 5.592869 4.105992 2.077015 -9999.0
-9999.0 -9999.0 0.784031 0.232145 -3.108083 -0.837512 -1.973972 -1.645400 0.057296 0.103650 -0.489474 -0.323254 -0.077028 0.213492 4.085387 1.658076 -0.017332 -0.974788 -0.166311 0.136608 2.627797 5.358095 6.167300 5.988203 4.575288 1.920171 0.173362 0.410892 2.546578 4.090973 -0.018481 0.834602 6.361681 3.331481 4.799853 4.517723 7.179231 8.168479 7.071570 4.406751 4.845648 4.915067 4.172191 3.423905 0.116488 1.008164 2.067269 1.655109 3.219656 4.209371 4.825572 4.344294 3.536047 2.851317 2.745380 6.345260 3.511950 4.198176 4.132307 3.466684 4.827634 1.293063 -9999.0
-9999.0 -0.190143 -0.251364 -0.402541 -0.745113 -0.658652 -1.823849 -2.158728 -3.113562 -0.047937 -1.359648 -0.615730 -0.003339 2.966175 2.473748 -0.127869 -0.527420 -1.132812 -0.648595 -0.015698 2.410212 4.164282 7.072139 4.839624 7.473827 4.342386 5.794095 6.119349 5.066757 3.928617 3.620119 3.798060 5.520037 8.972771 7.852809 9.108267 10.729236 11.064786 10.914690 9.269374 8.390473 8.252114 7.549636 4.703107 3.413226 3.804495 5.075020 5.807628 6.704895 6.031372 5.314509 4.312393 3.302235 2.405808 2.322336 1.789679 0.696756 1.057167 1.572453 2.873995 0.458606 1.081185 -9999.0
-9999.0 2.773031 -0.009410 -0.008646 1.051804 -0.020714 -2.254194 -2.654461 0.028790 -0.029064 -1.873262 -0.995801 0.208151 2.676591 -0.041927 -2.287749 -1.994086 -1.472616 -0.160288 -0.010263 3.402996 2.032325 3.020573 3.470637 7.379287 8.284918 5.311580 6.213638 6.462459 6.274179 6.418143 6.189344 7.412896 8.277935 11.602653 11.351246 16.058678 17.091818 13.746383 12.684642 11.986034 11.016099 9.969061 7.956000 7.812535 7.675613 7.956050 7.802164 7.143457 6.316061 4.544173 2.060549 0.836623 1.471560 0.566820 -0.031129 -0.052728 -0.047347 -0.034927 -0.053768 -0.026017 -9999.0 -9999.0
