user2019/resources/simulation/Vinschgau/output-maps/TL0008N0869.asc
ncols         63
nrows         48
xllcorner     598000.000000
yllcorner     5145000.000000
cellsize      1000.000000
NODATA_value  -9999.0
[rows 0 to 27 of 48, columns 0 to 62 of 63]
-9999.0 -9999.0 -9999.0 -9999.0 -9999.0 -9999.0 -9999.0 -9999.0 -9999.0 -9999.0 -9999.0 -9999.0 -9999.0 -9999.0 -9999.0 -9999.0 -9999.0 -9999.0 -9999.0 -9999.0 -9999.0 -9999.0 -9999.0 -9999.0 -9999.0 -9999.0 -9999.0 -9999.0 -9999.0 -9999.0 -9999.0 -9999.0 -9999.0 -9999.0 -9999.0 -9999.0 -9999.0 -9999.0 -9999.0 -9999.0 -9999.0 -9999.0 -9999.0 -9999.0 -9999.0 -9999.0 -9999.0 -9999.0 -9999.0 -9999.0 -9999.0 -9999.0 -9999.0 -9999.0 -9999.0 -9999.0 -9999.0 -9999.0 -9999.0 -9999.0 -9999.0 -9999.0 -9999.0
-9999.0 -9999.0 -9999.0 -9999.0 -9999.0 -9999.0 -9999.0 -9999.0 -9999.0 -9999.0 -9999.0 -9999.0 -9999.0 -9999.0 -9999.0 -9999.0 -9999.0 -9999.0 -9999.0 -9999.0 -9999.0 -9999.0 -9999.0 -9999.0 -9999.0 -9999.0 -9999.0 -5.802559 -4.395081 -4.922918 -5.073874 -5.822525 -6.062489 -9999.0 -9999.0 -9999.0 -9999.0 -9999.0 -9999.0 -9999.0 -9999.0 -9999.0 -9999.0 -9999.0 -9999.0 -9999.0 -9999.0 -9999.0 -9999.0 -9999.0 -9999.0 -9999.0 -9999.0 -9999.0 -9999.0 -9999.0 -9999.0 -9999.0 -9999.0 -9999.0 -9999.0 -9999.0 -9999.0
-9999.0 -9999.0 -9999.0 -9999.0 -9999.0 -9999.0 -9999.0 -9999.0 -9999.0 -9999.0 -9999.0 -9999.0 -9999.0 -9999.0 -9999.0 -9999.0 -9999.0 -9999.0 -9999.0 -9999.0 -9999.0 -9999.0 -9999.0 -9999.0 -3.124557 -2.481909 -0.028433 -2.821800 -3.258561 -4.674465 -5.373182 -9999.0 -9999.0 -9999.0 -9999.0 -9999.0 -9999.0 -9999.0 -9999.0 -9999.0 -9999.0 -9999.0 -9999.0 -9999.0 -9999.0 -9999.0 -9999.0 -9999.0 -9999.0 -9999.0 -9999.0 -9999.0 -9999.0 -9999.0 -9999.0 -9999.0 -9999.0 -9999.0 -9999.0 -9999.0 -9999.0 -9999.0 -9999.0
-9999.0 -9999.0 -9999.0 -9999.0 -9999.0 -9999.0 -9999.0 -9999.0 -9999.0 -9999.0 -9999.0 -9999.0 -9999.0 -9999.0 -9999.0 -9999.0 -9999.0 -9999.0 -9999.0 -9999.0 -9999.0 -9999.0 -9999.0 -2.212188 -0.002240 0.005433 0.325454 0.731869 -0.002307 -2.787696 -5.296047 -5.921391 -9999.0 -9999.0 -9999.0 -9999.0 -9999.0 -9999.0 -9999.0 -9999.0 -9999.0 -9999.0 -9999.0 -9999.0 -9999.0 -9999.0 -9999.0 -9999.0 -9999.0 -9999.0 -9999.0 -9999.0 -9999.0 -9999.0 -9999.0 -9999.0 -9999.0 -9999.0 -9999.0 -9999.0 -9999.0 -9999.0 -9999.0
-9999.0 -9999.0 -9999.0 -9999.0 -9999.0 -9999.0 -9999.0 -9999.0 -9999.0 -9999.0 -9999.0 -9999.0 -9999.0 -9999.0 -9999.0 -9999.0 -9999.0 -9999.0 0.003795 -0.006399 -9999.0 -0.110465 -0.002574 -0.002327 0.005198 0.843471 -0.000249 0.000436 0.004049 -0.002037 -3.312099 -5.000967 -6.866733 -9.195974 -9999.0 -9999.0 -9999.0 -9999.0 -9999.0 -9999.0 -9999.0 -9999.0 -9999.0 -9999.0 -9999.0 -9999.0 -9999.0 -9999.0 -9999.0 -9999.0 -9999.0 -9999.0 -9999.0 -9999.0 -9999.0 -9999.0 -9999.0 -9999.0 -9999.0 -9999.0 -9999.0 -9999.0 -9999.0
-9999.0 -9999.0 -9999.0 -9999.0 -9999.0 -9999.0 -9999.0 -9999.0 -9999.0 -9999.0 -9999.0 -9999.0 -9999.0 -9999.0 -9999.0 -9999.0 -9999.0 3.960820 2.174851 0.949026 -3.070645 -0.000839 -0.002032 -0.002273 0.002872 -0.002339 -0.002433 -0.001600 -0.002224 -0.000221 -0.057371 -3.880904 -4.978273 -5.664134 -7.619168 -8.867417 -9999.0 -9999.0 -9999.0 -9999.0 -9999.0 -9999.0 -9999.0 -9999.0 -9999.0 -9999.0 -9999.0 -9999.0 -9999.0 -9999.0 -9999.0 -9999.0 -9999.0 -9999.0 -9999.0 -9999.0 -9999.0 -9999.0 -9999.0 -9999.0 -9999.0 -9999.0 -9999.0
-9999.0 -9999.0 -9999.0 -9999.0 -9999.0 -9999.0 -9999.0 -9999.0 -9999.0 -9999.0 -9999.0 -9999.0 -9999.0 -0.003829 -0.001765 1.756654 3.452832 3.030372 3.533085 -0.002327 -0.001941 -0.002047 0.010261 -0.000673 -0.001946 -0.003290 -2.376520 -1.030075 -0.005674 -0.001842 -0.000965 -3.852058 -5.338098 -6.046038 -6.533725 -9.177932 -9999.0 -9999.0 -9999.0 -9999.0 -9999.0 -9999.0 -9999.0 -9999.0 -9999.0 -9999.0 -9999.0 -9999.0 -9999.0 -9999.0 -9999.0 -9999.0 -9999.0 -9999.0 -9999.0 -9999.0 -9999.0 -9999.0 -9999.0 -9999.0 -9999.0 -9999.0 -9999.0
-9999.0 -9999.0 -9999.0 -9999.0 -9999.0 -9999.0 -9999.0 -9999.0 -9999.0 -9999.0 -9999.0 -9999.0 -9999.0 -0.000322 0.836174 2.514202 2.750980 2.293667 3.096809 1.167652 2.549067 0.221637 0.847998 -0.002042 -0.001789 -0.002251 -4.361091 -5.255943 -6.382068 -1.816594 -1.339595 -4.807095 -6.736857 -9.908987 -7.984354 -9999.0 -9999.0 -9999.0 -9999.0 -9999.0 -9999.0 -9999.0 -9999.0 -9999.0 -9999.0 -9999.0 -9999.0 -9999.0 -9999.0 -9999.0 -9999.0 -9999.0 -9999.0 -9999.0 -9999.0 -9999.0 -9999.0 -9999.0 -9999.0 -9999.0 -9999.0 -9999.0 -9999.0
-9999.0 -9999.0 -9999.0 -9999.0 -9999.0 -9999.0 -9999.0 -9999.0 -9999.0 -9999.0 -9999.0 -9999.0 -9999.0 0.362902 0.142653 1.526948 2.092544 3.054327 3.302482 3.433442 0.363758 -0.002420 -0.002209 -0.002211 -0.001575 -0.001446 -4.154224 -6.657715 -5.906873 -8.810255 -5.402146 -10.488423 -10.918056 -12.616242 -9.553655 -9999.0 -9999.0 -9999.0 -9999.0 -9999.0 -9999.0 -9999.0 -9999.0 -9999.0 -9999.0 -9999.0 -9999.0 -9999.0 -9999.0 -9999.0 -9999.0 -9999.0 -9999.0 -9999.0 -9999.0 -9999.0 -9999.0 -9999.0 -9999.0 -9999.0 -9999.0 -9999.0 -9999.0
-9999.0 -9999.0 -9999.0 -9999.0 -9999.0 -9999.0 -9999.0 -9999.0 -9999.0 -9999.0 -9999.0 -9999.0 -0.002280 0.002257 0.960990 -0.001387 0.498994 2.381637 2.814500 2.101486 -0.002034 -0.002029 -0.002543 -0.001519 -0.000250 -4.395256 -3.421096 -5.527464 -5.302120 -6.932419 -10.461097 -7.162074 -6.032576 -10.060238 -9999.0 -9999.0 -9999.0 -9999.0 -9999.0 -9999.0 -9999.0 -9999.0 -9999.0 -9999.0 -9999.0 -9999.0 -9999.0 -9999.0 -9999.0 -9999.0 -9999.0 -9999.0 -9999.0 -9999.0 -9999.0 -9999.0 -9999.0 -9999.0 -9999.0 -9999.0 -9999.0 -9999.0 -9999.0
-9999.0 -9999.0 -9999.0 -9999.0 -9999.0 -9999.0 -9999.0 -9999.0 -9999.0 -9999.0 -9999.0 -0.001678 0.204940 0.372005 0.209202 -0.000226 0.690280 2.267361 2.831530 1.415482 0.865744 0.000008 -1.319629 -3.935504 -0.704891 -3.701842 -5.803248 -4.591626 -4.674441 -8.697822 -7.391513 -5.225760 -6.387197 -8.356215 -7.526585 -6.122114 -5.648217 -4.724280 -4.458161 -9999.0 -9999.0 -9999.0 -8.486960 -9999.0 -9999.0 -9999.0 -9999.0 -9999.0 -9999.0 -9999.0 -9999.0 -9999.0 -9999.0 -9999.0 -9999.0 -9999.0 -9999.0 -9999.0 -9999.0 -9999.0 -9999.0 -9999.0 -9999.0
-9999.0 -9999.0 -9999.0 -9999.0 -9999.0 -9999.0 -9999.0 -9999.0 -9999.0 -9999.0 -9999.0 -0.002894 0.614145 1.751297 1.683705 -0.003638 2.876975 3.071035 3.001112 1.904588 0.399267 -0.000894 -0.006209 -2.820663 -2.273183 -4.514772 -4.903690 -3.638214 -5.141880 -8.305136 -4.624719 -4.357404 -5.923508 -6.766305 -7.558212 -4.636642 -2.923532 -2.863716 -4.511813 -8.003488 -7.942311 -8.439707 -4.869736 -6.891835 -9999.0 -9999.0 -9999.0 -6.429253 -7.761633 -7.386410 -6.672743 -8.475064 -8.698814 -4.080597 -4.002579 -9.271281 -9999.0 -9999.0 -9999.0 -9999.0 -9999.0 -9999.0 -9999.0
-9999.0 -9999.0 -9999.0 -9999.0 -9999.0 -9999.0 -9999.0 -9999.0 -9999.0 -9999.0 -9999.0 -0.334612 -0.002430 -0.002721 -0.000643 -0.001324 -0.000833 2.480115 2.218449 1.962615 1.268677 -0.001821 -0.003973 -3.065180 -4.540265 -5.615795 -0.025793 -3.774402 -5.911404 -7.184249 -6.340098 -4.358642 -3.466512 -6.403454 -6.876499 -3.332322 -3.475699 -3.001701 -1.304404 -6.258667 -4.226590 -5.717062 -3.485954 -4.446467 -6.500571 -9999.0 -9.874753 -6.452223 -4.904194 -3.829092 -3.562716 -4.366330 -4.396724 -5.102256 -5.266382 -6.243157 -9999.0 -9999.0 -9999.0 -9999.0 -9999.0 -9999.0 -9999.0
-9999.0 -9999.0 -9999.0 -9999.0 -9999.0 -9999.0 -9999.0 -9999.0 -9999.0 -9999.0 -9999.0 -9999.0 -0.002342 -0.000875 -0.000827 -0.000441 -0.002078 1.726119 2.488699 1.985560 1.058696 -0.001953 -0.009904 -0.004252 -3.349694 -0.027699 -0.001427 -3.837983 -5.190819 -6.784572 -4.873133 -4.133167 -3.504457 -5.455953 -6.009916 -4.250370 -1.455134 -0.021079 -0.002030 -3.566633 -2.169183 -4.247006 -2.049811 -0.021020 -6.403954 -6.795517 -7.869498 -6.323327 -3.510774 -1.384875 -0.000670 -3.958156 -0.004194 -4.190343 -5.247166 -5.022458 -6.103342 -9999.0 -9999.0 -9999.0 -9999.0 -9999.0 -9999.0
-9999.0 -9999.0 -9999.0 -9999.0 -9999.0 -9999.0 -9999.0 -9999.0 -9999.0 -9999.0 -9999.0 -0.000929 -2.664077 -0.053066 -0.002487 -0.001063 -0.000843 1.005330 1.930798 3.046670 1.348098 -0.002204 -0.000926 -2.025765 -0.006575 -0.005041 -0.000829 -5.415759 -5.652359 -5.255831 -1.043889 -3.197287 -3.009768 -5.302357 -7.538352 -4.654045 -4.497834 -0.200692 -0.004825 -0.006302 -0.479986 -0.002139 -0.005968 -1.390666 -0.007304 -5.253178 -4.232463 -5.109292 -4.196547 -0.003011 -4.388261 -5.130132 -6.649990 -7.682720 -8.773856 -9.559089 -6.991378 -9999.0 -9999.0 -9999.0 -9999.0 -9999.0 -9999.0
-9999.0 -9999.0 -9999.0 -9999.0 -9999.0 -9999.0 -9999.0 -9999.0 -9999.0 -9999.0 -0.000502 -0.002024 -0.006266 -0.007359 -0.001153 -0.000675 -0.000723 -0.002246 2.499028 2.704196 0.547273 0.015864 -0.755160 -0.001558 -0.001059 -0.000327 -2.837315 -5.326117 -3.606714 -2.340186 -2.338225 -2.265831 -2.612294 -5.298860 -9.337781 -6.311797 -3.383586 -1.808531 -0.041017 -0.001790 -0.001546 0.003319 0.226482 0.263735 -0.001316 -5.067331 -4.049515 -1.345024 -1.502983 -0.000986 -6.118906 -7.535323 -9.268060 -10.435194 -10.128644 -5.338693 -5.154575 -9999.0 -9999.0 -9999.0 -9999.0 -9999.0 -9999.0
-9999.0 -9999.0 -9999.0 -9999.0 -9999.0 -9999.0 -9999.0 -9999.0 -9999.0 -4.316789 -0.001569 -0.002285 -0.004470 -0.002097 -0.000858 -0.002006 -0.001008 -0.000199 2.243311 3.135186 0.885451 -0.003270 -0.001697 -0.001735 -0.000346 -1.662867 -3.549925 -2.007358 -0.003668 -0.001083 -0.000913 -1.859079 -6.013837 -9.112674 -8.201529 -6.435994 -4.670158 -2.508806 -1.407670 -0.002041 -0.179760 -0.002146 -0.626948 0.943085 0.303918 -0.002444 -0.001984 -0.534219 -0.310983 -0.000105 -2.932893 -7.018182 -11.416631 -10.124580 -8.243979 -6.949802 -5.809931 -6.547089 -7.859864 -9999.0 -9999.0 -9999.0 -9999.0
-9999.0 -9999.0 -9999.0 -9999.0 -9999.0 -9999.0 -9999.0 -9999.0 -9999.0 -5.755283 -4.561474 -2.627521 -0.000006 -0.001172 -0.001337 -0.002220 -0.000835 -0.001025 2.827487 1.848866 1.482464 0.537202 0.009029 -0.000231 -1.275325 -0.739589 -0.002022 -0.001090 -0.001089 -0.000574 -0.002206 -2.241605 -4.225025 -6.333003 -5.082905 -6.426229 -5.880628 -4.578713 -4.520257 -2.027912 -0.000999 -2.747352 -0.002034 -0.001185 1.582291 0.637563 0.299819 -0.002027 -0.001968 -0.000987 -3.104547 -6.407679 -9.587383 -8.475374 -7.193633 -7.657710 -5.731339 -4.519924 -5.499075 -9999.0 -9999.0 -9999.0 -9999.0
-9999.0 -9999.0 -9999.0 -9999.0 -9999.0 -9999.0 -9999.0 -9999.0 -9999.0 -9999.0 -5.076788 -2.753732 -0.000966 -0.000152 -0.001766 -0.001320 -0.001062 0.109239 3.616114 2.695093 1.524218 1.402727 -0.001878 -0.007348 -0.007202 -0.001191 -0.001148 -0.000525 -0.002096 -1.789647 -2.144694 -0.002652 -4.765427 -5.732655 -3.641378 -3.956718 -0.016295 -0.003337 -5.849989 -4.701659 -5.145400 -0.008510 -0.000219 -0.002163 -0.001148 -0.001823 0.415861 0.137568 0.967773 -0.001727 -2.055319 -3.559152 -8.352640 -9.312858 -8.614877 -6.462445 -4.420926 -0.001417 -2.138980 -0.001127 -9999.0 -9999.0 -9999.0
-9999.0 -9999.0 -9999.0 -9999.0 -9999.0 -9999.0 -9999.0 -9999.0 -9999.0 -9999.0 -5.309969 -4.043538 -0.743334 -0.002041 0.020553 -0.002793 -0.002556 1.452002 4.019437 3.593047 2.544073 0.229194 -0.002441 -0.001981 -0.001298 -0.001081 0.342463 -0.002017 -1.481884 -4.439885 -4.772795 -4.337508 -5.267874 -6.533357 -4.672293 -1.703516 -0.001218 -0.002607 -2.971287 -5.591444 -4.413378 -3.678914 -2.498527 -3.076522 -0.000731 -0.426992 -0.000787 -0.001167 1.671817 0.691888 -0.002316 -2.919270 -5.058142 -7.846022 -9.970090 -9.137143 -6.516528 -0.825010 0.642566 0.455277 -9999.0 -9999.0 -9999.0
-9999.0 -9999.0 -9999.0 -9999.0 -9999.0 -9999.0 -9999.0 -9999.0 -3.006655 -4.905597 -5.863742 -3.357887 -3.540046 -2.629081 -0.070387 0.854499 1.757708 1.458379 3.413569 4.134429 4.333989 2.888950 1.726744 -0.003432 -0.001723 1.336592 0.002345 -0.989149 -2.519868 -4.408264 -9.197173 -4.707739 -4.656743 -6.225766 -4.262940 -4.352901 -0.002172 -0.002008 -2.750783 -6.457666 -5.153534 -2.356354 -4.387085 -6.023522 -4.067809 -0.001201 -2.559800 -0.001998 -0.001227 0.995078 -0.002032 -0.899856 -3.956437 -6.866123 -8.650501 -5.710756 -6.220962 -0.001617 -0.001334 2.616367 -9999.0 -9999.0 -9999.0
-9999.0 -9999.0 -9999.0 -9999.0 -9999.0 -9999.0 -9999.0 -9999.0 -3.912050 -2.123155 -3.879840 -5.691293 -4.353003 -0.433930 -1.046341 -0.001883 0.713860 1.286256 4.664375 4.654729 3.747174 2.906201 1.426953 0.123687 2.157040 2.219683 0.223809 -0.001994 -4.983029 -5.510319 -6.307590 -5.979441 -4.316250 -5.788384 -3.582259 -1.656996 -0.002002 -0.001852 -0.007564 -3.478361 -4.841921 -7.804898 -5.618096 -3.282407 -0.002531 -0.009927 -4.754610 -3.676139 -0.003011 0.921382 0.494621 -0.001612 -3.876424 -6.338199 -4.239013 -4.060639 -1.096197 -0.001951 1.214108 3.648406 4.715146 -9999.0 -9999.0
-9999.0 -9999.0 -9999.0 -9999.0 -9999.0 -9999.0 -9999.0 -9999.0 -4.656999 -2.614963 -3.397774 -4.693731 -4.868801 -4.090619 -0.002619 -0.979634 -0.003057 0.651574 4.606482 3.887981 5.119237 3.795820 3.103560 3.209810 1.927065 1.940608 -0.001624 -1.426343 -5.094657 -4.657412 -5.406854 -1.786656 -3.010311 -2.643703 -0.025473 -0.011034 -0.003028 1.064720 -0.002701 -1.209725 -3.676354 -5.263642 -3.228274 -2.253368 -1.846868 -3.382594 -6.386118 -4.477281 -2.862108 -0.001110 1.914268 -0.002031 -4.633020 -4.007918 -2.335536 -0.002535 -0.000244 1.097881 3.209640 3.444327 4.288327 -9999.0 -9999.0
-9999.0 -9999.0 -9999.0 -9999.0 -9999.0 -9999.0 -9999.0 -9999.0 -7.298631 -3.348507 -0.002805 -4.942249 -4.365798 -0.001711 -0.431364 -0.001591 2.949298 4.349375 2.320097 4.968510 4.519457 4.953199 3.904312 3.373776 2.617776 0.297465 -0.001922 -2.194938 -0.012409 -1.243961 -0.867875 -0.501895 -0.003133 -0.001999 -0.005058 -0.004134 -0.000445 2.718005 -0.000784 -0.002153 -2.636940 -2.108960 -2.367017 -4.126413 -4.145998 -5.164604 -3.535661 -4.419229 -4.274544 -1.231422 -0.001766 1.521964 -0.001943 -0.000655 -0.000595 0.339899 1.850630 2.922849 4.340117 4.060274 3.112463 1.746746 -9999.0
-9999.0 -9999.0 -9999.0 -9999.0 -9999.0 -9999.0 -9999.0 -9999.0 -7.248922 -3.568890 -0.001054 -1.762484 -0.674429 -0.083873 -0.000207 0.734929 0.855600 1.453544 -0.002319 1.671749 3.919268 4.250687 4.584540 4.284670 1.048693 -0.002879 -1.278470 -0.001151 -0.001130 -0.001036 -0.230352 -0.000866 0.608977 -0.000647 -0.001418 -0.001393 0.860947 4.577611 3.968477 0.513727 -0.001328 -0.001504 -0.001688 -0.002276 -0.920925 -0.009970 -0.003648 -0.006012 -0.004162 -0.001656 0.014712 0.910943 1.284967 0.418459 1.045381 1.403663 2.137134 2.866984 3.431923 3.050004 2.916538 1.177169 -9999.0
-9999.0 -9999.0 -4.223882 -3.182421 -4.324206 -1.618398 -3.986900 -3.645688 -5.514003 -4.493737 -0.730587 -0.000400 -0.090935 -0.000663 0.004387 0.379825 -0.001234 -1.390051 -0.002012 -0.001956 1.579536 4.165317 3.484662 5.484786 2.326181 0.957248 -0.002931 -0.002581 1.276513 0.000004 -0.002043 -0.001893 1.047900 1.950063 2.051773 3.240500 4.291546 6.850741 5.775351 3.167391 2.044225 2.061695 2.625384 0.838806 -0.001178 -0.001496 0.054963 0.751060 0.822501 1.824488 2.496824 2.419230 1.820852 1.385090 1.334415 1.539815 1.889948 2.228640 1.807074 2.330119 0.227972 0.452346 -9999.0
-9999.0 -0.002089 -0.005777 -0.007893 -1.494665 -3.584535 -3.978184 -4.012186 -5.039959 -5.649009 -2.960291 -1.035071 0.000045 0.005368 0.015525 -0.436744 -0.008992 -2.603694 -0.000893 -0.002147 1.401233 2.854792 1.694608 3.289315 2.466144 2.006040 0.714300 1.005237 2.319322 1.345960 1.132447 1.127251 2.504356 3.417716 4.779555 5.988231 7.442953 10.099119 7.597203 6.128906 5.292241 5.112559 4.405889 3.367102 2.224226 2.637264 2.613498 4.514751 3.955365 4.533590 3.141098 2.397533 1.651406 0.929725 0.862793 0.417624 0.289866 0.616441 0.100471 0.000005 -0.000358 0.246170 -9999.0
-9999.0 -0.001886 -0.015064 -0.002020 0.000068 -2.383356 -2.727754 -4.522884 -5.837568 -5.976604 -3.522209 -1.424088 -0.001928 0.016606 -0.019948 -2.646969 -3.833321 -3.131139 -0.002013 -0.003175 0.000068 1.089308 1.828936 0.870947 1.769774 2.659344 4.823734 4.294217 3.745449 5.242385 5.790261 5.450785 4.223828 5.109261 5.878679 7.967514 9.502974 10.578131 10.135506 9.273208 8.492313 7.612906 6.498857 7.165707 7.305189 7.003686 5.213169 5.007644 4.518350 3.873102 2.267805 1.225324 0.378123 1.033887 0.280632 -0.001090 -0.002640 -0.001295 -0.001794 -0.001603 -0.000830 -9999.0 -9999.0
