user2019/resources/simulation/Vinschgau/output-maps/TL0001N0900.asc
ncols         63
nrows         48
xllcorner     598000.000000
yllcorner     5145000.000000
cellsize      1000.000000
NODATA_value  -9999.0
[rows 0 to 27 of 48, columns 0 to 62 of 63]
-9999.0 -9999.0 -9999.0 -9999.0 -9999.0 -9999.0 -9999.0 -9999.0 -9999.0 -9999.0 -9999.0 -9999.0 -9999.0 -9999.0 -9999.0 -9999.0 -9999.0 -9999.0 -9999.0 -9999.0 -9999.0 -9999.0 -9999.0 -9999.0 -9999.0 -9999.0 -9999.0 -9999.0 -9999.0 -9999.0 -9999.0 -9999.0 -9999.0 -9999.0 -9999.0 -9999.0 -9999.0 -9999.0 -9999.0 -9999.0 -9999.0 -9999.0 -9999.0 -9999.0 -9999.0 -9999.0 -9999.0 -9999.0 -9999.0 -9999.0 -9999.0 -9999.0 -9999.0 -9999.0 -9999.0 -9999.0 -9999.0 -9999.0 -9999.0 -9999.0 -9999.0 -9999.0 -9999.0
-9999.0 -9999.0 -9999.0 -9999.0 -9999.0 -9999.0 -9999.0 -9999.0 -9999.0 -9999.0 -9999.0 -9999.0 -9999.0 -9999.0 -9999.0 -9999.0 -9999.0 -9999.0 -9999.0 -9999.0 -9999.0 -9999.0 -9999.0 -9999.0 -9999.0 -9999.0 -9999.0 -6.434381 -4.974809 -5.534091 -5.604969 -6.344317 -6.471961 -9999.0 -9999.0 -9999.0 -9999.0 -9999.0 -9999.0 -9999.0 -9999.0 -9999.0 -9999.0 -9999.0 -9999.0 -9999.0 -9999.0 -9999.0 -9999.0 -9999.0 -9999.0 -9999.0 -9999.0 -9999.0 -9999.0 -9999.0 -9999.0 -9999.0 -9999.0 -9999.0 -9999.0 -9999.0 -9999.0
-9999.0 -9999.0 -9999.0 -9999.0 -9999.0 -9999.0 -9999.0 -9999.0 -9999.0 -9999.0 -9999.0 -9999.0 -9999.0 -9999.0 -9999.0 -9999.0 -9999.0 -9999.0 -9999.0 -9999.0 -9999.0 -9999.0 -9999.0 -9999.0 -4.234554 -3.984581 -3.402237 -4.185427 -3.455151 -5.104040 -5.918834 -9999.0 -9999.0 -9999.0 -9999.0 -9999.0 -9999.0 -9999.0 -9999.0 -9999.0 -9999.0 -9999.0 -9999.0 -9999.0 -9999.0 -9999.0 -9999.0 -9999.0 -9999.0 -9999.0 -9999.0 -9999.0 -9999.0 -9999.0 -9999.0 -9999.0 -9999.0 -9999.0 -9999.0 -9999.0 -9999.0 -9999.0 -9999.0
-9999.0 -9999.0 -9999.0 -9999.0 -9999.0 -9999.0 -9999.0 -9999.0 -9999.0 -9999.0 -9999.0 -9999.0 -9999.0 -9999.0 -9999.0 -9999.0 -9999.0 -9999.0 -9999.0 -9999.0 -9999.0 -9999.0 -9999.0 -3.872359 -2.223046 -0.011917 0.190319 0.802184 -0.004432 -3.646022 -5.867448 -6.485535 -9999.0 -9999.0 -9999.0 -9999.0 -9999.0 -9999.0 -9999.0 -9999.0 -9999.0 -9999.0 -9999.0 -9999.0 -9999.0 -9999.0 -9999.0 -9999.0 -9999.0 -9999.0 -9999.0 -9999.0 -9999.0 -9999.0 -9999.0 -9999.0 -9999.0 -9999.0 -9999.0 -9999.0 -9999.0 -9999.0 -9999.0
-9999.0 -9999.0 -9999.0 -9999.0 -9999.0 -9999.0 -9999.0 -9999.0 -9999.0 -9999.0 -9999.0 -9999.0 -9999.0 -9999.0 -9999.0 -9999.0 -9999.0 -9999.0 -0.067781 -3.026779 -9999.0 -3.415589 -2.291128 -0.023719 -0.005824 0.649348 -0.050872 -0.057824 -0.016152 -0.087804 -4.020689 -5.557033 -7.512455 -10.172703 -9999.0 -9999.0 -9999.0 -9999.0 -9999.0 -9999.0 -9999.0 -9999.0 -9999.0 -9999.0 -9999.0 -9999.0 -9999.0 -9999.0 -9999.0 -9999.0 -9999.0 -9999.0 -9999.0 -9999.0 -9999.0 -9999.0 -9999.0 -9999.0 -9999.0 -9999.0 -9999.0 -9999.0 -9999.0
-9999.0 -9999.0 -9999.0 -9999.0 -9999.0 -9999.0 -9999.0 -9999.0 -9999.0 -9999.0 -9999.0 -9999.0 -9999.0 -9999.0 -9999.0 -9999.0 -9999.0 3.911148 2.304221 0.733822 -3.821232 -0.166461 -0.078150 -0.034349 -0.043294 -0.031063 -0.319043 -0.139675 -0.156710 -0.034904 -2.013224 -3.883478 -5.480149 -6.314670 -8.348044 -9.675047 -9999.0 -9999.0 -9999.0 -9999.0 -9999.0 -9999.0 -9999.0 -9999.0 -9999.0 -9999.0 -9999.0 -9999.0 -9999.0 -9999.0 -9999.0 -9999.0 -9999.0 -9999.0 -9999.0 -9999.0 -9999.0 -9999.0 -9999.0 -9999.0 -9999.0 -9999.0 -9999.0
-9999.0 -9999.0 -9999.0 -9999.0 -9999.0 -9999.0 -9999.0 -9999.0 -9999.0 -9999.0 -9999.0 -9999.0 -9999.0 -1.987509 -0.031027 1.777372 3.384289 2.431356 3.481815 -0.020639 -0.014059 -0.025715 -0.006430 -0.048979 -0.040434 -2.266405 -2.616794 -1.141575 -1.100949 -0.274641 -1.987874 -4.336143 -5.747979 -6.472306 -7.014810 -10.000969 -9999.0 -9999.0 -9999.0 -9999.0 -9999.0 -9999.0 -9999.0 -9999.0 -9999.0 -9999.0 -9999.0 -9999.0 -9999.0 -9999.0 -9999.0 -9999.0 -9999.0 -9999.0 -9999.0 -9999.0 -9999.0 -9999.0 -9999.0 -9999.0 -9999.0 -9999.0 -9999.0
-9999.0 -9999.0 -9999.0 -9999.0 -9999.0 -9999.0 -9999.0 -9999.0 -9999.0 -9999.0 -9999.0 -9999.0 -9999.0 -1.156104 0.628410 2.557503 2.697520 1.653663 2.460945 0.959159 2.589855 -0.003710 0.829245 -0.006379 -0.248830 -0.160224 -4.952097 -5.848256 -6.973969 -2.061276 -1.483628 -5.308341 -7.333075 -10.256323 -8.641031 -9999.0 -9999.0 -9999.0 -9999.0 -9999.0 -9999.0 -9999.0 -9999.0 -9999.0 -9999.0 -9999.0 -9999.0 -9999.0 -9999.0 -9999.0 -9999.0 -9999.0 -9999.0 -9999.0 -9999.0 -9999.0 -9999.0 -9999.0 -9999.0 -9999.0 -9999.0 -9999.0 -9999.0
-9999.0 -9999.0 -9999.0 -9999.0 -9999.0 -9999.0 -9999.0 -9999.0 -9999.0 -9999.0 -9999.0 -9999.0 -9999.0 0.137668 -0.003727 1.288344 2.089866 3.047078 2.640202 3.438262 -0.002693 -0.168887 -0.028119 -0.097670 -0.038464 -0.045513 -4.781051 -7.270344 -6.472142 -9.090814 -5.924569 -10.836237 -11.280729 -13.143543 -10.313140 -9999.0 -9999.0 -9999.0 -9999.0 -9999.0 -9999.0 -9999.0 -9999.0 -9999.0 -9999.0 -9999.0 -9999.0 -9999.0 -9999.0 -9999.0 -9999.0 -9999.0 -9999.0 -9999.0 -9999.0 -9999.0 -9999.0 -9999.0 -9999.0 -9999.0 -9999.0 -9999.0 -9999.0
-9999.0 -9999.0 -9999.0 -9999.0 -9999.0 -9999.0 -9999.0 -9999.0 -9999.0 -9999.0 -9999.0 -9999.0 -0.036780 -0.310051 0.740173 -0.023427 0.503884 2.439503 2.151280 2.014996 -0.021660 -0.230794 -0.205003 -0.611519 -2.061624 -4.941300 -3.597569 -6.087927 -4.648235 -7.529033 -10.769551 -7.814315 -6.554867 -11.044062 -9999.0 -9999.0 -9999.0 -9999.0 -9999.0 -9999.0 -9999.0 -9999.0 -9999.0 -9999.0 -9999.0 -9999.0 -9999.0 -9999.0 -9999.0 -9999.0 -9999.0 -9999.0 -9999.0 -9999.0 -9999.0 -9999.0 -9999.0 -9999.0 -9999.0 -9999.0 -9999.0 -9999.0 -9999.0
-9999.0 -9999.0 -9999.0 -9999.0 -9999.0 -9999.0 -9999.0 -9999.0 -9999.0 -9999.0 -9999.0 -1.844549 0.026753 0.139640 0.014979 -0.620297 0.450550 2.274269 2.128830 1.248846 0.979332 -0.026383 -2.950846 -4.511730 -0.265057 -4.237574 -6.318832 -5.144035 -5.507323 -9.432226 -8.051993 -4.453027 -6.945870 -9.146302 -8.202624 -6.649654 -6.230534 -5.409713 -5.139848 -9999.0 -9999.0 -9999.0 -9.287739 -9999.0 -9999.0 -9999.0 -9999.0 -9999.0 -9999.0 -9999.0 -9999.0 -9999.0 -9999.0 -9999.0 -9999.0 -9999.0 -9999.0 -9999.0 -9999.0 -9999.0 -9999.0 -9999.0 -9999.0
-9999.0 -9999.0 -9999.0 -9999.0 -9999.0 -9999.0 -9999.0 -9999.0 -9999.0 -9999.0 -9999.0 -2.142381 0.460056 1.653276 1.545531 -1.903852 2.814055 3.165698 2.275400 1.399053 0.004611 -0.923924 -2.878244 -3.307984 -2.445983 -5.065104 -5.468792 -4.159356 -5.220992 -9.052104 -5.147883 -4.769833 -6.491497 -7.354701 -8.206292 -5.157748 -3.571487 -3.858572 -5.289384 -8.774514 -8.705711 -9.185147 -5.389827 -7.543350 -9999.0 -9999.0 -9999.0 -10.069671 -8.377301 -8.025877 -7.224079 -9.180599 -9.406079 -9.228735 -8.704044 -10.031632 -9999.0 -9999.0 -9999.0 -9999.0 -9999.0 -9999.0 -9999.0
-9999.0 -9999.0 -9999.0 -9999.0 -9999.0 -9999.0 -9999.0 -9999.0 -9999.0 -9999.0 -9999.0 -3.287935 -2.167888 -0.372750 -0.726036 -1.159730 -0.018228 2.602332 1.785333 1.419353 1.294211 -0.053321 -1.659943 -4.222082 -5.075611 -6.239979 -2.267743 -3.975125 -6.516524 -7.814113 -6.932143 -4.478243 -4.002875 -6.964388 -7.495833 -3.803219 -3.622141 -3.223513 -3.094982 -6.920686 -4.884600 -6.292757 -3.989844 -5.006993 -7.056040 -9999.0 -10.734588 -6.978228 -5.429899 -4.357911 -4.096344 -4.956021 -4.930763 -5.647490 -5.793342 -6.803580 -9999.0 -9999.0 -9999.0 -9999.0 -9999.0 -9999.0 -9999.0
-9999.0 -9999.0 -9999.0 -9999.0 -9999.0 -9999.0 -9999.0 -9999.0 -9999.0 -9999.0 -9999.0 -9999.0 -1.902531 -0.695092 -1.534529 -1.374593 -0.010482 1.810589 1.893550 1.476146 1.091500 -0.038091 -0.257323 -1.268970 -3.714978 -2.410413 -2.862421 -4.356884 -5.725994 -7.414126 -5.421554 -4.269230 -4.056744 -5.998044 -6.529698 -4.771988 -2.330663 -2.928881 -0.799530 -4.408255 -3.573962 -4.908708 -1.702275 -3.159564 -7.045144 -7.383176 -8.556704 -6.855094 -3.661422 -1.784321 -0.787585 -4.098414 -3.322166 -4.746236 -5.364853 -5.518549 -6.654402 -9999.0 -9999.0 -9999.0 -9999.0 -9999.0 -9999.0
-9999.0 -9999.0 -9999.0 -9999.0 -9999.0 -9999.0 -9999.0 -9999.0 -9999.0 -9999.0 -9999.0 -1.128299 -3.912698 -2.375062 -0.876497 -0.058424 -0.028465 1.051378 1.393796 3.161443 1.435974 -0.005399 -0.191623 -2.455109 -2.087866 -0.583893 -1.031003 -5.946698 -6.213382 -5.876056 -2.444386 -3.417974 -2.797704 -5.841209 -8.142055 -5.162044 -5.053270 -1.699350 -0.056489 -2.027793 -1.729929 -0.186267 -0.890537 -1.777996 -2.443429 -5.815066 -4.696980 -5.743824 -4.810894 -0.515495 -4.540151 -5.637089 -7.082999 -8.105255 -9.076518 -9.864869 -7.619431 -9999.0 -9999.0 -9999.0 -9999.0 -9999.0 -9999.0
-9999.0 -9999.0 -9999.0 -9999.0 -9999.0 -9999.0 -9999.0 -9999.0 -9999.0 -9999.0 -2.856836 -0.828999 -3.131051 -3.125269 -1.692356 -1.202262 -1.238826 -0.025015 2.610493 2.810674 0.124419 -0.031878 -0.808170 -1.880426 -0.186116 -2.103893 -3.043536 -5.495840 -4.192741 -3.376377 -2.849382 -2.920785 -3.239433 -5.818495 -10.126019 -6.908187 -3.969456 -2.015155 -0.072764 -0.037522 -0.035913 -0.004124 -0.011775 0.298933 -0.373680 -5.703516 -4.608734 -1.506926 -0.719478 -0.167259 -7.024736 -8.132695 -9.567726 -10.824421 -10.446950 -5.857178 -5.671977 -9999.0 -9999.0 -9999.0 -9999.0 -9999.0 -9999.0
-9999.0 -9999.0 -9999.0 -9999.0 -9999.0 -9999.0 -9999.0 -9999.0 -9999.0 -4.856179 -2.480982 -2.132141 -0.563157 -1.348609 -0.677793 -0.381266 -0.563509 -0.351567 2.354906 3.207521 0.403479 -0.018304 -0.021634 -0.034986 -0.048557 -1.706522 -3.877792 -3.312685 -0.799660 -0.110240 -0.045081 -1.905749 -6.593284 -10.348511 -8.965380 -7.057346 -3.759220 -2.573477 -2.169312 -0.588224 -0.110037 -0.335663 -0.680836 0.991179 0.344461 -0.608392 -1.386325 -1.878462 -1.833342 -0.041954 -3.031104 -7.629836 -11.751645 -10.830895 -8.851407 -7.321310 -6.181118 -7.154751 -8.490676 -9999.0 -9999.0 -9999.0 -9999.0
-9999.0 -9999.0 -9999.0 -9999.0 -9999.0 -9999.0 -9999.0 -9999.0 -9999.0 -6.186940 -5.046136 -3.345572 -1.357205 -0.093721 -0.695264 -1.374214 -1.339545 -0.032124 2.991418 1.328027 0.973294 0.147025 -0.017783 -0.304399 -1.319259 -2.688075 -1.269896 -0.214008 -0.031853 -0.182967 -0.977080 -2.286455 -4.737263 -6.898861 -5.622273 -7.075561 -6.517316 -5.199725 -5.053846 -2.691924 -1.485374 -3.002008 -1.131552 -0.026558 1.620599 0.494855 0.157866 -0.035310 -0.096558 -0.038805 -3.151957 -6.553758 -10.251441 -9.010984 -7.622281 -8.230003 -6.131896 -5.218254 -6.107736 -9999.0 -9999.0 -9999.0 -9999.0
-9999.0 -9999.0 -9999.0 -9999.0 -9999.0 -9999.0 -9999.0 -9999.0 -9999.0 -9999.0 -5.630018 -3.309827 -0.316688 -0.732228 -0.063419 -0.462147 -0.112248 0.000603 3.851023 2.506747 1.070200 1.525078 -0.033719 -0.332965 -2.155097 -0.374883 -0.042080 -0.019237 -1.052438 -1.831901 -2.187097 -3.353121 -4.905904 -6.256890 -4.101176 -3.077049 -3.241890 -2.300634 -6.486000 -5.217336 -5.665248 -3.035244 -1.971755 -0.550372 -0.025298 -0.022900 0.458690 -0.003287 0.835260 -0.042834 -2.102149 -5.594680 -8.984983 -9.932642 -9.138404 -6.963608 -4.399151 -2.046117 -2.349026 -0.318064 -9999.0 -9999.0 -9999.0
-9999.0 -9999.0 -9999.0 -9999.0 -9999.0 -9999.0 -9999.0 -9999.0 -9999.0 -9999.0 -5.848168 -4.601307 -3.470631 -0.164086 -0.051005 -0.021587 -0.025336 1.503393 4.235420 3.543838 2.559468 0.261290 -0.045353 -1.007020 -0.376431 -0.032363 0.175894 -0.023850 -1.524354 -4.579874 -5.288123 -3.591652 -6.413660 -7.102222 -5.199578 -2.561018 -2.068503 -0.614988 -3.155083 -6.135365 -4.946132 -4.096481 -1.731582 -3.722032 -2.121976 -0.470354 -0.149533 -0.025029 1.778647 0.557262 -0.046747 -3.059444 -5.192729 -8.454916 -10.607359 -9.767412 -7.010780 -1.865539 0.618750 0.298751 -9999.0 -9999.0 -9999.0
-9999.0 -9999.0 -9999.0 -9999.0 -9999.0 -9999.0 -9999.0 -9999.0 -4.125504 -5.480383 -6.422545 -4.016649 -3.709728 -1.506172 -0.070594 0.863452 1.867684 1.057602 3.231404 4.037611 4.345245 3.008030 1.829612 -0.015465 -0.037532 1.305090 -0.047826 -1.039163 -2.715404 -4.538790 -9.526624 -5.217616 -5.192740 -6.785395 -4.772992 -4.879835 -1.505898 -0.592966 -2.797662 -7.110422 -5.755101 -2.970627 -4.536492 -6.613755 -4.700779 -2.540430 -2.602949 -1.173132 -0.023199 0.802656 -0.035501 -0.941152 -4.224125 -7.005856 -9.270398 -6.236582 -6.814918 -2.102517 -0.032481 2.930902 -9999.0 -9999.0 -9999.0
-9999.0 -9999.0 -9999.0 -9999.0 -9999.0 -9999.0 -9999.0 -9999.0 -4.020972 -2.323035 -4.032256 -6.226300 -4.906827 -3.041830 -1.166824 -0.023345 0.767286 1.370718 4.742722 4.578501 3.081188 2.306234 0.814246 -0.008378 2.257486 2.259969 0.228591 -0.802337 -6.265363 -6.062188 -6.856487 -6.629868 -4.689337 -6.429121 -4.201794 -3.598604 -0.815308 -0.400465 -1.036561 -4.118501 -5.384579 -8.073831 -6.226034 -3.928419 -3.303869 -1.765668 -4.903586 -4.226070 -0.745938 0.957902 0.352178 -0.690084 -5.657314 -6.863546 -4.775073 -4.460683 -1.956284 -0.152952 1.082414 3.494723 4.611075 -9999.0 -9999.0
-9999.0 -9999.0 -9999.0 -9999.0 -9999.0 -9999.0 -9999.0 -9999.0 -5.169901 -4.259807 -3.862708 -4.844171 -5.352053 -4.240508 -1.467576 -1.027682 -0.021293 0.506825 4.653169 3.261076 5.050410 3.251433 2.623799 3.121834 1.490133 2.024995 -0.008949 -1.475594 -5.262973 -5.220199 -6.044346 -3.025309 -3.257544 -2.847793 -2.900144 -2.633279 -0.058227 1.043128 -0.036334 -1.617663 -4.245796 -5.901934 -4.125565 -4.448472 -2.565894 -4.155621 -7.035240 -5.127355 -3.312533 -0.028702 1.931632 -0.039885 -5.168865 -5.625601 -3.249595 -1.593422 -0.017523 0.961617 3.110991 3.706203 4.143570 -9999.0 -9999.0
-9999.0 -9999.0 -9999.0 -9999.0 -9999.0 -9999.0 -9999.0 -9999.0 -7.897620 -3.915011 -1.289362 -6.283985 -4.597600 -1.972409 -0.475380 -0.013502 3.154384 4.419190 1.876751 4.991015 4.468478 4.887264 3.390326 2.819201 2.719010 0.312459 -0.094311 -2.241529 -3.346542 -1.463340 -1.862254 -1.087647 -0.096790 -0.530094 -0.700202 -1.912416 -0.195449 2.797983 -0.003059 -0.345762 -3.566413 -3.280633 -3.289995 -4.797031 -4.918558 -5.798974 -4.121263 -5.045562 -4.845737 -2.053111 -0.026326 1.517761 -0.039054 -1.761283 -0.029545 0.201250 1.734791 3.447745 4.469133 3.915513 2.989174 1.764925 -9999.0
-9999.0 -9999.0 -9999.0 -9999.0 -9999.0 -9999.0 -9999.0 -9999.0 -7.795975 -4.282336 -2.529165 -1.805084 -0.618922 -0.079745 -0.171790 0.582572 0.432789 1.519022 -0.006038 1.766388 3.961198 4.208219 4.511370 4.199294 0.647652 -0.022856 -1.344275 -0.392707 -0.059529 -0.038979 -0.456144 -0.040627 0.519931 -0.018039 -0.040757 -0.022737 0.714982 4.761018 4.198664 0.359699 -0.036309 -0.042766 -0.031052 -0.086488 -2.000568 -2.577602 -0.875018 -0.233023 -0.989354 -0.044782 -0.002642 0.903740 1.273480 0.283968 0.919887 1.224076 1.937408 2.708225 3.313709 2.947472 2.995777 1.192664 -9999.0
-9999.0 -9999.0 -4.784301 -4.209618 -4.493248 -2.883428 -4.127108 -3.780363 -6.093408 -5.064613 -2.189065 -0.330803 -0.066393 -0.719209 -0.019670 0.183196 -0.029587 -1.447083 -1.225005 -0.021724 1.662890 4.345511 3.367828 5.478282 2.212897 0.999498 -0.024750 -0.021003 1.297923 -0.038466 -0.031718 -0.007959 1.007804 2.022359 1.915518 3.346615 4.179621 7.211560 6.214691 3.309454 1.904720 1.929249 2.702138 0.698824 -0.023443 -0.043664 -0.002194 0.766331 0.697457 1.691775 2.370638 2.192239 1.628082 1.184389 1.132168 0.960297 1.731491 2.104138 1.693200 2.369422 -0.003098 0.457530 -9999.0
-9999.0 -1.314017 -1.482331 -1.913641 -2.737918 -2.573320 -4.115691 -4.179556 -5.197761 -6.164653 -3.209393 -1.078458 -0.011561 -0.733462 -0.066817 -0.474924 -2.125796 -3.207959 -1.904689 -0.027795 1.461721 2.999589 1.288603 3.450880 2.010600 1.887395 0.250510 0.550421 2.207564 1.198761 0.973498 0.991076 2.450138 3.090696 4.701156 5.888581 7.418966 10.321224 7.529341 6.015340 5.202525 5.039161 4.334544 3.541279 2.339991 2.715881 2.445307 4.807292 3.867970 4.753486 2.976039 2.233072 1.490580 0.761983 0.704585 0.261997 0.273500 0.610646 -0.001616 -0.059160 -0.005906 0.250723 -9999.0
-9999.0 -1.405932 -1.493243 -0.534221 -1.110060 -2.112969 -2.773300 -4.718190 -6.424689 -6.523497 -3.774496 -1.469015 -0.016793 -0.064623 -0.133526 -3.532579 -3.974328 -3.521063 -0.787917 -0.020259 -0.026293 1.127038 1.933558 0.721679 1.175643 1.973279 4.814910 4.102192 3.579789 5.476281 5.831136 5.529363 4.198763 5.086420 5.525870 7.930632 9.010003 10.059824 10.165152 9.286464 8.484728 7.587520 6.495946 7.247141 7.309540 7.076718 5.076369 4.888680 4.397983 3.738025 2.144611 1.235348 0.364668 1.024531 0.266973 -0.058965 -0.068308 -0.070648 -0.048922 -0.166093 -0.044345 -9999.0 -9999.0
