user2019/resources/simulation/Vinschgau/output-maps/TL0002N0466.asc
ncols         63
nrows         48
xllcorner     598000.000000
yllcorner     5145000.000000
cellsize      1000.000000
NODATA_value  -9999.0
[rows 0 to 27 of 48, columns 0 to 62 of 63]
-9999.0 -9999.0 -9999.0 -9999.0 -9999.0 -9999.0 -9999.0 -9999.0 -9999.0 -9999.0 -9999.0 -9999.0 -9999.0 -9999.0 -9999.0 -9999.0 -9999.0 -9999.0 -9999.0 -9999.0 -9999.0 -9999.0 -9999.0 -9999.0 -9999.0 -9999.0 -9999.0 -9999.0 -9999.0 -9999.0 -9999.0 -9999.0 -9999.0 -9999.0 -9999.0 -9999.0 -9999.0 -9999.0 -9999.0 -9999.0 -9999.0 -9999.0 -9999.0 -9999.0 -9999.0 -9999.0 -9999.0 -9999.0 -9999.0 -9999.0 -9999.0 -9999.0 -9999.0 -9999.0 -9999.0 -9999.0 -9999.0 -9999.0 -9999.0 -9999.0 -9999.0 -9999.0 -9999.0
-9999.0 -9999.0 -9999.0 -9999.0 -9999.0 -9999.0 -9999.0 -9999.0 -9999.0 -9999.0 -9999.0 -9999.0 -9999.0 -9999.0 -9999.0 -9999.0 -9999.0 -9999.0 -9999.0 -9999.0 -9999.0 -9999.0 -9999.0 -9999.0 -9999.0 -9999.0 -9999.0 5.347428 5.842571 5.402377 4.328212 4.030766 4.512589 -9999.0 -9999.0 -9999.0 -9999.0 -9999.0 -9999.0 -9999.0 -9999.0 -9999.0 -9999.0 -9999.0 -9999.0 -9999.0 -9999.0 -9999.0 -9999.0 -9999.0 -9999.0 -9999.0 -9999.0 -9999.0 -9999.0 -9999.0 -9999.0 -9999.0 -9999.0 -9999.0 -9999.0 -9999.0 -9999.0
-9999.0 -9999.0 -9999.0 -9999.0 -9999.0 -9999.0 -9999.0 -9999.0 -9999.0 -9999.0 -9999.0 -9999.0 -9999.0 -9999.0 -9999.0 -9999.0 -9999.0 -9999.0 -9999.0 -9999.0 -9999.0 -9999.0 -9999.0 -9999.0 7.160301 7.328969 7.162289 7.131281 6.202276 6.004493 5.133252 -9999.0 -9999.0 -9999.0 -9999.0 -9999.0 -9999.0 -9999.0 -9999.0 -9999.0 -9999.0 -9999.0 -9999.0 -9999.0 -9999.0 -9999.0 -9999.0 -9999.0 -9999.0 -9999.0 -9999.0 -9999.0 -9999.0 -9999.0 -9999.0 -9999.0 -9999.0 -9999.0 -9999.0 -9999.0 -9999.0 -9999.0 -9999.0
-9999.0 -9999.0 -9999.0 -9999.0 -9999.0 -9999.0 -9999.0 -9999.0 -9999.0 -9999.0 -9999.0 -9999.0 -9999.0 -9999.0 -9999.0 -9999.0 -9999.0 -9999.0 -9999.0 -9999.0 -9999.0 -9999.0 -9999.0 7.359052 7.905355 7.195874 8.192718 8.247559 7.633122 6.957617 5.675340 4.445162 -9999.0 -9999.0 -9999.0 -9999.0 -9999.0 -9999.0 -9999.0 -9999.0 -9999.0 -9999.0 -9999.0 -9999.0 -9999.0 -9999.0 -9999.0 -9999.0 -9999.0 -9999.0 -9999.0 -9999.0 -9999.0 -9999.0 -9999.0 -9999.0 -9999.0 -9999.0 -9999.0 -9999.0 -9999.0 -9999.0 -9999.0
-9999.0 -9999.0 -9999.0 -9999.0 -9999.0 -9999.0 -9999.0 -9999.0 -9999.0 -9999.0 -9999.0 -9999.0 -9999.0 -9999.0 -9999.0 -9999.0 -9999.0 -9999.0 10.289285 7.060514 -9999.0 7.132110 7.610302 7.435195 8.404182 9.463182 10.010523 9.991963 9.289932 7.927593 6.996057 4.568291 4.046456 2.058659 -9999.0 -9999.0 -9999.0 -9999.0 -9999.0 -9999.0 -9999.0 -9999.0 -9999.0 -9999.0 -9999.0 -9999.0 -9999.0 -9999.0 -9999.0 -9999.0 -9999.0 -9999.0 -9999.0 -9999.0 -9999.0 -9999.0 -9999.0 -9999.0 -9999.0 -9999.0 -9999.0 -9999.0 -9999.0
-9999.0 -9999.0 -9999.0 -9999.0 -9999.0 -9999.0 -9999.0 -9999.0 -9999.0 -9999.0 -9999.0 -9999.0 -9999.0 -9999.0 -9999.0 -9999.0 -9999.0 8.483077 7.658643 8.435850 6.496318 3.387985 6.761573 8.158078 10.856984 5.710345 4.566416 5.302624 4.565699 7.086477 6.557750 5.873549 5.317881 4.564045 2.504284 0.308654 -9999.0 -9999.0 -9999.0 -9999.0 -9999.0 -9999.0 -9999.0 -9999.0 -9999.0 -9999.0 -9999.0 -9999.0 -9999.0 -9999.0 -9999.0 -9999.0 -9999.0 -9999.0 -9999.0 -9999.0 -9999.0 -9999.0 -9999.0 -9999.0 -9999.0 -9999.0 -9999.0
-9999.0 -9999.0 -9999.0 -9999.0 -9999.0 -9999.0 -9999.0 -9999.0 -9999.0 -9999.0 -9999.0 -9999.0 -9999.0 6.130882 7.212404 6.808935 8.066055 14.746921 8.099561 8.472380 8.512675 8.874172 9.970505 11.006422 5.579974 7.149792 4.292884 3.643242 4.396718 5.186313 4.919338 5.328762 4.577992 3.476235 3.376662 0.215502 -9999.0 -9999.0 -9999.0 -9999.0 -9999.0 -9999.0 -9999.0 -9999.0 -9999.0 -9999.0 -9999.0 -9999.0 -9999.0 -9999.0 -9999.0 -9999.0 -9999.0 -9999.0 -9999.0 -9999.0 -9999.0 -9999.0 -9999.0 -9999.0 -9999.0 -9999.0 -9999.0
-9999.0 -9999.0 -9999.0 -9999.0 -9999.0 -9999.0 -9999.0 -9999.0 -9999.0 -9999.0 -9999.0 -9999.0 -9999.0 6.219621 8.044997 7.025954 6.900730 12.404344 14.759462 10.141377 8.311538 10.697943 7.282121 6.459203 7.924914 6.299389 6.298402 4.756206 4.078377 2.433740 2.900567 3.476354 2.669138 0.226065 0.724715 -9999.0 -9999.0 -9999.0 -9999.0 -9999.0 -9999.0 -9999.0 -9999.0 -9999.0 -9999.0 -9999.0 -9999.0 -9999.0 -9999.0 -9999.0 -9999.0 -9999.0 -9999.0 -9999.0 -9999.0 -9999.0 -9999.0 -9999.0 -9999.0 -9999.0 -9999.0 -9999.0 -9999.0
-9999.0 -9999.0 -9999.0 -9999.0 -9999.0 -9999.0 -9999.0 -9999.0 -9999.0 -9999.0 -9999.0 -9999.0 -9999.0 6.707784 8.563313 8.228885 6.110317 7.380710 14.682386 8.228983 10.821723 8.652888 5.721903 5.211573 7.873060 5.271697 5.982921 3.687496 4.536928 1.858265 3.696372 -1.807503 -2.389818 -0.117612 -0.972943 -9999.0 -9999.0 -9999.0 -9999.0 -9999.0 -9999.0 -9999.0 -9999.0 -9999.0 -9999.0 -9999.0 -9999.0 -9999.0 -9999.0 -9999.0 -9999.0 -9999.0 -9999.0 -9999.0 -9999.0 -9999.0 -9999.0 -9999.0 -9999.0 -9999.0 -9999.0 -9999.0 -9999.0
-9999.0 -9999.0 -9999.0 -9999.0 -9999.0 -9999.0 -9999.0 -9999.0 -9999.0 -9999.0 -9999.0 -9999.0 5.505489 7.984133 7.781734 5.556610 4.434607 6.506222 12.737608 9.074879 8.206437 3.088605 3.048758 3.330265 6.031303 5.091805 3.910370 4.891241 5.739871 3.239724 -2.371125 3.928038 3.721530 0.183441 -9999.0 -9999.0 -9999.0 -9999.0 -9999.0 -9999.0 -9999.0 -9999.0 -9999.0 -9999.0 -9999.0 -9999.0 -9999.0 -9999.0 -9999.0 -9999.0 -9999.0 -9999.0 -9999.0 -9999.0 -9999.0 -9999.0 -9999.0 -9999.0 -9999.0 -9999.0 -9999.0 -9999.0 -9999.0
-9999.0 -9999.0 -9999.0 -9999.0 -9999.0 -9999.0 -9999.0 -9999.0 -9999.0 -9999.0 -9999.0 6.042696 4.995850 5.621824 4.615033 5.706171 2.590526 5.975453 12.513315 8.391472 6.649127 8.048790 6.254893 5.510393 5.206127 5.781167 3.642298 5.449734 5.601283 1.221616 3.757998 5.325115 3.897865 2.190043 3.142857 3.530507 5.295900 6.735325 6.715838 -9999.0 -9999.0 -9999.0 2.534051 -9999.0 -9999.0 -9999.0 -9999.0 -9999.0 -9999.0 -9999.0 -9999.0 -9999.0 -9999.0 -9999.0 -9999.0 -9999.0 -9999.0 -9999.0 -9999.0 -9999.0 -9999.0 -9999.0 -9999.0
-9999.0 -9999.0 -9999.0 -9999.0 -9999.0 -9999.0 -9999.0 -9999.0 -9999.0 -9999.0 -9999.0 5.512311 4.436175 5.531420 5.031788 3.704465 5.878551 7.005556 12.567715 11.361288 10.978549 7.761538 6.328865 1.103619 2.043170 5.401856 5.268885 6.102980 5.828257 2.676047 5.025173 5.420786 4.639046 3.733315 3.970078 5.834735 7.540273 8.785188 6.887096 5.221039 5.225163 5.173413 5.186095 4.015568 -9999.0 -9999.0 -9999.0 0.113966 3.148160 4.273921 4.485577 3.194063 3.503785 2.991147 3.203090 0.455870 -9999.0 -9999.0 -9999.0 -9999.0 -9999.0 -9999.0 -9999.0
-9999.0 -9999.0 -9999.0 -9999.0 -9999.0 -9999.0 -9999.0 -9999.0 -9999.0 -9999.0 -9999.0 5.605760 4.827317 2.000660 5.823592 5.141773 3.451536 4.748213 11.420855 11.610804 6.159523 6.106665 2.473157 6.155564 5.186495 5.486794 2.544281 4.391762 4.838908 4.043037 4.811550 2.527998 6.859395 4.796260 5.731651 6.608487 4.286333 6.275150 10.727407 6.603840 6.992574 5.699601 6.413548 5.606414 4.629887 -9999.0 0.111705 4.037767 5.077399 6.026852 6.332083 6.318484 6.021234 5.580851 5.533573 5.058274 -9999.0 -9999.0 -9999.0 -9999.0 -9999.0 -9999.0 -9999.0
-9999.0 -9999.0 -9999.0 -9999.0 -9999.0 -9999.0 -9999.0 -9999.0 -9999.0 -9999.0 -9999.0 -9999.0 5.734394 2.034816 5.666089 5.728310 2.811980 5.361153 12.843757 11.964204 7.000742 6.906789 6.565101 5.155460 1.121779 2.490608 8.659805 5.551088 5.265903 5.195639 5.172078 2.992283 6.836037 5.135317 4.948196 6.424070 3.898764 6.563073 12.990687 8.668215 8.258638 8.080935 3.987881 7.112165 4.534108 4.003376 3.314860 4.211307 1.305840 4.004593 5.565322 3.572543 4.165157 1.905551 2.007114 4.805813 4.942716 -9999.0 -9999.0 -9999.0 -9999.0 -9999.0 -9999.0
-9999.0 -9999.0 -9999.0 -9999.0 -9999.0 -9999.0 -9999.0 -9999.0 -9999.0 -9999.0 -9999.0 0.547549 4.277345 5.903669 2.430978 2.242425 5.137803 5.109794 12.909155 8.427935 7.672757 6.860417 6.987063 2.923056 2.688833 6.564808 5.374780 5.147728 5.684723 6.155954 3.776308 4.384991 6.217975 4.456588 3.687717 5.412327 6.294887 5.763542 5.645744 11.159758 5.208062 6.377351 6.279987 6.097690 7.528453 4.538255 5.278035 5.599203 6.287054 5.828459 1.653763 4.953136 0.570921 0.954442 0.709363 -0.128986 5.091580 -9999.0 -9999.0 -9999.0 -9999.0 -9999.0 -9999.0
-9999.0 -9999.0 -9999.0 -9999.0 -9999.0 -9999.0 -9999.0 -9999.0 -9999.0 -9999.0 6.912501 2.502023 5.974015 5.924327 6.552043 5.609734 5.534378 5.012907 8.007835 8.824309 12.239302 11.105197 5.269870 10.184952 7.577599 6.682470 2.375253 1.136303 6.434567 7.004541 5.649551 4.847392 5.640086 4.094834 1.798519 5.396005 6.732798 3.158434 3.675843 6.605253 7.154646 8.242804 12.723439 5.334133 5.049076 5.515850 5.782738 4.068577 5.117041 6.103215 1.177130 3.295094 0.459912 -1.134130 1.347972 5.717311 5.793408 -9999.0 -9999.0 -9999.0 -9999.0 -9999.0 -9999.0
-9999.0 -9999.0 -9999.0 -9999.0 -9999.0 -9999.0 -9999.0 -9999.0 -9999.0 5.242823 6.127603 2.357854 5.339682 2.251935 5.066828 4.916023 2.399082 9.878844 8.499279 9.327597 12.764939 7.312227 7.382759 8.810259 8.008100 4.810185 1.259544 7.427171 6.626751 7.388453 7.418109 2.699680 4.316104 1.331286 3.962129 4.624131 5.956786 2.410469 2.864360 4.716884 4.830892 3.837968 3.724406 6.579545 6.121629 5.266998 7.901008 4.323560 4.463933 7.010332 3.664747 4.915680 -0.014100 0.445649 3.858914 1.126523 2.487985 5.790489 4.508145 -9999.0 -9999.0 -9999.0 -9999.0
-9999.0 -9999.0 -9999.0 -9999.0 -9999.0 -9999.0 -9999.0 -9999.0 -9999.0 5.280051 5.348268 6.239566 9.548344 6.576142 3.049926 2.776425 8.110065 7.977820 9.440466 13.724616 13.642083 13.259469 11.884774 10.941651 5.220302 2.929692 6.844930 7.905434 8.902960 10.007009 8.425164 1.591644 5.605126 4.700950 5.252526 5.841893 6.325550 7.231371 5.920291 5.758752 1.666400 1.665284 4.276147 6.740041 6.436419 8.279760 8.122118 7.209092 6.577848 7.187780 1.620660 1.197191 1.824465 3.145434 4.867949 1.174216 2.617761 2.925467 6.726525 -9999.0 -9999.0 -9999.0 -9999.0
-9999.0 -9999.0 -9999.0 -9999.0 -9999.0 -9999.0 -9999.0 -9999.0 -9999.0 -9999.0 5.556664 6.711035 5.701374 5.815691 7.371767 6.047119 7.200316 9.162154 10.415444 11.523980 13.513321 9.051398 6.953647 6.074793 5.803882 7.847229 9.150878 9.781391 9.247241 4.326064 1.936930 4.681982 1.156147 4.988305 6.079630 6.248073 7.614881 7.308635 5.770330 4.298256 4.729216 7.128699 7.719497 4.784633 4.822249 5.249633 6.338861 10.812932 9.275173 6.951684 2.140942 2.547087 4.549144 3.615065 2.805077 5.412056 6.242959 7.534624 7.815509 7.979237 -9999.0 -9999.0 -9999.0
-9999.0 -9999.0 -9999.0 -9999.0 -9999.0 -9999.0 -9999.0 -9999.0 -9999.0 -9999.0 5.675824 6.180164 6.748970 6.417446 11.486113 6.980096 6.919156 8.744682 11.077672 12.066936 9.670561 8.148555 6.733861 6.941708 7.725148 9.852134 10.814028 7.747069 5.083996 0.891364 5.667723 6.647962 1.647966 4.381763 5.195424 6.190982 4.805160 4.276790 1.548161 4.296105 5.195197 6.063664 3.131737 5.821387 6.314260 3.662413 5.711277 5.387677 8.133063 9.611238 7.489742 2.881578 1.300905 5.679762 3.775332 4.545011 5.208318 6.453747 8.920787 10.338110 -9999.0 -9999.0 -9999.0
-9999.0 -9999.0 -9999.0 -9999.0 -9999.0 -9999.0 -9999.0 -9999.0 6.414748 5.958395 5.755144 6.475911 5.406897 5.646899 5.807475 8.265346 9.072226 13.988311 12.403309 12.572945 11.196684 10.224100 9.410871 7.932997 9.215026 10.447648 11.849610 5.923954 4.926535 1.254388 3.993121 5.506609 5.574749 4.935951 5.581459 4.446668 7.055750 5.394048 1.317852 4.706509 4.974709 6.084002 1.102810 4.373949 6.551058 7.515312 1.300715 4.664980 5.821131 9.497379 8.151511 5.789395 2.797094 1.351758 5.620774 6.900997 6.980084 9.080875 9.345541 10.738527 -9999.0 -9999.0 -9999.0
-9999.0 -9999.0 -9999.0 -9999.0 -9999.0 -9999.0 -9999.0 -9999.0 2.819964 2.915486 1.074754 5.487394 6.206232 6.218830 5.427288 7.417906 8.507662 8.965461 11.524193 13.116944 17.281673 15.550845 14.293667 13.262921 10.073824 10.766836 8.834231 7.143460 1.308168 6.001534 5.384458 5.625738 6.031555 5.522361 5.803880 6.254601 8.234134 5.969287 2.328724 5.506565 4.553202 2.309029 4.844104 6.032395 7.141356 3.639218 0.858640 6.404344 6.037182 8.401387 10.293766 7.558007 2.291665 6.908358 7.792411 7.117315 7.256708 8.586420 11.468100 13.306432 13.673215 -9999.0 -9999.0
-9999.0 -9999.0 -9999.0 -9999.0 -9999.0 -9999.0 -9999.0 -9999.0 5.990703 7.868899 6.551348 1.329245 7.302621 1.088253 6.072593 5.569561 7.837124 10.406372 11.645867 17.132903 13.657414 16.231703 15.893545 12.561634 14.998798 10.254415 8.367417 5.340622 1.215229 6.448230 6.346827 7.310196 1.040588 0.942741 6.618670 7.653596 5.178736 6.493257 2.091553 0.730611 5.364011 5.211084 5.625892 6.412773 1.881932 6.162369 5.606242 6.387303 2.722656 7.109557 10.023511 9.477461 5.534126 5.025958 8.816385 9.553307 10.706264 11.808492 13.201524 13.512923 13.514484 -9999.0 -9999.0
-9999.0 -9999.0 -9999.0 -9999.0 -9999.0 -9999.0 -9999.0 -9999.0 4.894285 7.121409 6.519112 2.252077 7.281002 0.384054 6.573622 8.282301 10.745171 11.641052 13.809912 11.954460 13.291498 13.788042 16.647994 16.246973 10.821153 8.804404 6.748667 4.626249 7.618520 6.495590 5.426677 6.060688 6.728485 6.684980 2.625102 7.760774 8.767738 7.503344 4.817376 2.445959 5.445361 5.984268 6.265133 6.030926 5.919785 5.944026 6.609092 6.869794 7.022766 6.833952 8.129357 10.722453 10.488077 9.577296 11.332672 11.945901 12.752578 12.299951 12.608098 13.400188 12.306850 9.423268 -9999.0
-9999.0 -9999.0 -9999.0 -9999.0 -9999.0 -9999.0 -9999.0 -9999.0 5.382423 6.893970 7.049522 5.601323 6.835953 7.486187 11.575143 11.222745 12.933992 9.629670 8.360901 9.771209 11.405621 13.596661 13.975172 14.044016 14.524124 8.063074 5.647551 7.633529 8.490240 8.212955 5.337119 7.476957 8.708053 7.457114 6.117575 6.920710 7.738310 8.846288 7.993549 6.864502 3.072111 5.357185 6.365913 5.740569 2.495139 6.958428 5.698850 6.908411 7.014536 8.961200 10.711600 10.370941 11.384365 12.702001 13.150661 13.109261 13.557002 13.473487 13.274431 12.429812 10.338437 8.484074 -9999.0
-9999.0 -9999.0 6.434768 6.561174 2.506283 2.725753 2.921947 2.366984 6.184043 6.631148 6.471720 7.392929 7.825992 10.002188 14.054455 10.573492 7.758412 5.786425 6.789918 8.094843 9.936357 12.306928 13.580476 13.155881 12.286012 9.511205 7.919891 7.938258 9.320755 12.090559 6.484376 6.884513 11.475340 7.765498 9.424484 7.859632 10.474568 10.251198 8.979919 6.826671 8.668951 8.560670 7.286824 8.349486 5.438131 7.170778 8.703126 7.793684 10.155078 11.589482 12.779123 13.196885 13.495209 13.612465 13.609443 16.773309 12.775313 12.817260 11.820364 10.071449 11.528327 7.380566 -9999.0
-9999.0 5.301391 5.031333 2.694465 3.024183 5.545473 4.937578 1.031153 0.785005 6.321372 2.808212 6.642494 9.017395 12.722931 13.129055 7.344733 6.534822 2.759217 6.110778 7.986307 10.033587 11.620846 14.330893 12.341490 15.943657 12.133612 14.096606 14.127468 11.693440 10.580427 10.019241 9.651708 10.523665 13.994868 11.449804 12.033143 13.002848 12.296190 12.930042 11.759567 11.308842 11.406995 10.513623 8.488869 7.798976 8.498419 10.593912 11.027593 12.791947 12.247024 12.969813 12.977216 12.504263 12.315217 12.335716 11.764522 9.613604 9.571733 9.941790 10.616216 6.844878 6.721658 -9999.0
-9999.0 8.764105 6.678250 6.802788 9.837337 6.675910 1.954946 0.948424 5.848339 6.093273 2.629725 6.357204 9.130466 13.331400 8.035198 5.387497 2.596435 2.831008 7.632732 8.029562 12.041845 10.552130 11.585921 12.575994 16.579088 17.158782 12.344973 13.010823 12.732121 11.941387 11.735334 11.090610 11.940566 12.134861 15.386474 13.625500 18.406908 19.160659 15.092197 14.372336 13.944412 13.450500 12.793246 11.192796 11.508231 11.770058 12.808202 13.090806 12.830603 12.795383 11.945881 10.049679 9.826628 10.447911 9.788181 8.071860 8.166622 7.050431 6.648058 5.883342 5.798674 -9999.0 -9999.0
