user2019/resources/simulation/Vinschgau/output-maps/TL0005N0431.asc
ncols         63
nrows         48
xllcorner     598000.000000
yllcorner     5145000.000000
cellsize      1000.000000
NODATA_value  -9999.0
[rows 0 to 27 of 48, columns 0 to 62 of 63]
-9999.0 -9999.0 -9999.0 -9999.0 -9999.0 -9999.0 -9999.0 -9999.0 -9999.0 -9999.0 -9999.0 -9999.0 -9999.0 -9999.0 -9999.0 -9999.0 -9999.0 -9999.0 -9999.0 -9999.0 -9999.0 -9999.0 -9999.0 -9999.0 -9999.0 -9999.0 -9999.0 -9999.0 -9999.0 -9999.0 -9999.0 -9999.0 -9999.0 -9999.0 -9999.0 -9999.0 -9999.0 -9999.0 -9999.0 -9999.0 -9999.0 -9999.0 -9999.0 -9999.0 -9999.0 -9999.0 -9999.0 -9999.0 -9999.0 -9999.0 -9999.0 -9999.0 -9999.0 -9999.0 -9999.0 -9999.0 -9999.0 -9999.0 -9999.0 -9999.0 -9999.0 -9999.0 -9999.0
-9999.0 -9999.0 -9999.0 -9999.0 -9999.0 -9999.0 -9999.0 -9999.0 -9999.0 -9999.0 -9999.0 -9999.0 -9999.0 -9999.0 -9999.0 -9999.0 -9999.0 -9999.0 -9999.0 -9999.0 -9999.0 -9999.0 -9999.0 -9999.0 -9999.0 -9999.0 -9999.0 17.404045 13.612542 12.412870 8.874295 8.114834 8.322281 -9999.0 -9999.0 -9999.0 -9999.0 -9999.0 -9999.0 -9999.0 -9999.0 -9999.0 -9999.0 -9999.0 -9999.0 -9999.0 -9999.0 -9999.0 -9999.0 -9999.0 -9999.0 -9999.0 -9999.0 -9999.0 -9999.0 -9999.0 -9999.0 -9999.0 -9999.0 -9999.0 -9999.0 -9999.0 -9999.0
-9999.0 -9999.0 -9999.0 -9999.0 -9999.0 -9999.0 -9999.0 -9999.0 -9999.0 -9999.0 -9999.0 -9999.0 -9999.0 -9999.0 -9999.0 -9999.0 -9999.0 -9999.0 -9999.0 -9999.0 -9999.0 -9999.0 -9999.0 -9999.0 14.694159 15.504549 15.388521 14.272164 11.533401 11.467280 11.034527 -9999.0 -9999.0 -9999.0 -9999.0 -9999.0 -9999.0 -9999.0 -9999.0 -9999.0 -9999.0 -9999.0 -9999.0 -9999.0 -9999.0 -9999.0 -9999.0 -9999.0 -9999.0 -9999.0 -9999.0 -9999.0 -9999.0 -9999.0 -9999.0 -9999.0 -9999.0 -9999.0 -9999.0 -9999.0 -9999.0 -9999.0 -9999.0
-9999.0 -9999.0 -9999.0 -9999.0 -9999.0 -9999.0 -9999.0 -9999.0 -9999.0 -9999.0 -9999.0 -9999.0 -9999.0 -9999.0 -9999.0 -9999.0 -9999.0 -9999.0 -9999.0 -9999.0 -9999.0 -9999.0 -9999.0 15.448810 15.255377 10.780410 11.447303 12.869419 7.484533 14.752750 12.940728 11.582887 -9999.0 -9999.0 -9999.0 -9999.0 -9999.0 -9999.0 -9999.0 -9999.0 -9999.0 -9999.0 -9999.0 -9999.0 -9999.0 -9999.0 -9999.0 -9999.0 -9999.0 -9999.0 -9999.0 -9999.0 -9999.0 -9999.0 -9999.0 -9999.0 -9999.0 -9999.0 -9999.0 -9999.0 -9999.0 -9999.0 -9999.0
-9999.0 -9999.0 -9999.0 -9999.0 -9999.0 -9999.0 -9999.0 -9999.0 -9999.0 -9999.0 -9999.0 -9999.0 -9999.0 -9999.0 -9999.0 -9999.0 -9999.0 -9999.0 16.830186 15.536757 -9999.0 14.692744 15.014675 12.092733 10.737038 12.457863 13.093940 12.618662 11.104356 11.098587 14.136132 12.683191 16.680648 13.218270 -9999.0 -9999.0 -9999.0 -9999.0 -9999.0 -9999.0 -9999.0 -9999.0 -9999.0 -9999.0 -9999.0 -9999.0 -9999.0 -9999.0 -9999.0 -9999.0 -9999.0 -9999.0 -9999.0 -9999.0 -9999.0 -9999.0 -9999.0 -9999.0 -9999.0 -9999.0 -9999.0 -9999.0 -9999.0
-9999.0 -9999.0 -9999.0 -9999.0 -9999.0 -9999.0 -9999.0 -9999.0 -9999.0 -9999.0 -9999.0 -9999.0 -9999.0 -9999.0 -9999.0 -9999.0 -9999.0 8.815191 9.343283 13.668269 19.144105 7.310406 9.663039 10.429848 16.232727 5.516373 4.778298 4.897126 4.408355 6.813707 12.254705 11.278922 12.401255 11.645346 9.061584 -1.437405 -9999.0 -9999.0 -9999.0 -9999.0 -9999.0 -9999.0 -9999.0 -9999.0 -9999.0 -9999.0 -9999.0 -9999.0 -9999.0 -9999.0 -9999.0 -9999.0 -9999.0 -9999.0 -9999.0 -9999.0 -9999.0 -9999.0 -9999.0 -9999.0 -9999.0 -9999.0 -9999.0
-9999.0 -9999.0 -9999.0 -9999.0 -9999.0 -9999.0 -9999.0 -9999.0 -9999.0 -9999.0 -9999.0 -9999.0 -9999.0 12.859677 8.347188 6.651506 8.984054 23.896531 8.518420 12.149222 11.206833 11.898154 14.173096 16.174880 5.507953 12.033376 7.712420 4.566298 5.345511 4.460174 4.872240 8.312830 8.631721 6.048563 8.465588 -1.480080 -9999.0 -9999.0 -9999.0 -9999.0 -9999.0 -9999.0 -9999.0 -9999.0 -9999.0 -9999.0 -9999.0 -9999.0 -9999.0 -9999.0 -9999.0 -9999.0 -9999.0 -9999.0 -9999.0 -9999.0 -9999.0 -9999.0 -9999.0 -9999.0 -9999.0 -9999.0 -9999.0
-9999.0 -9999.0 -9999.0 -9999.0 -9999.0 -9999.0 -9999.0 -9999.0 -9999.0 -9999.0 -9999.0 -9999.0 -9999.0 13.729191 9.644179 7.005667 6.985608 17.592132 24.547343 14.074878 10.609196 13.554071 7.751663 6.158522 9.002884 7.801823 14.186094 9.778061 11.041112 3.274821 4.008775 6.385355 6.741769 -0.675436 -1.336509 -9999.0 -9999.0 -9999.0 -9999.0 -9999.0 -9999.0 -9999.0 -9999.0 -9999.0 -9999.0 -9999.0 -9999.0 -9999.0 -9999.0 -9999.0 -9999.0 -9999.0 -9999.0 -9999.0 -9999.0 -9999.0 -9999.0 -9999.0 -9999.0 -9999.0 -9999.0 -9999.0 -9999.0
-9999.0 -9999.0 -9999.0 -9999.0 -9999.0 -9999.0 -9999.0 -9999.0 -9999.0 -9999.0 -9999.0 -9999.0 -9999.0 9.705000 11.915547 8.663535 6.079613 7.793899 23.701077 8.533635 15.869273 10.550655 5.303159 5.244304 9.175159 6.149955 12.942346 9.366114 12.571298 -0.723820 7.031664 -0.285099 -0.461511 -0.318296 -0.782454 -9999.0 -9999.0 -9999.0 -9999.0 -9999.0 -9999.0 -9999.0 -9999.0 -9999.0 -9999.0 -9999.0 -9999.0 -9999.0 -9999.0 -9999.0 -9999.0 -9999.0 -9999.0 -9999.0 -9999.0 -9999.0 -9999.0 -9999.0 -9999.0 -9999.0 -9999.0 -9999.0 -9999.0
-9999.0 -9999.0 -9999.0 -9999.0 -9999.0 -9999.0 -9999.0 -9999.0 -9999.0 -9999.0 -9999.0 -9999.0 8.792664 11.379850 7.772459 6.810960 4.261981 6.178651 18.093915 14.364103 9.618544 6.487602 6.316404 6.338955 5.993695 9.515822 4.723700 12.284072 11.337051 8.613936 -0.422179 11.041438 9.368839 4.307286 -9999.0 -9999.0 -9999.0 -9999.0 -9999.0 -9999.0 -9999.0 -9999.0 -9999.0 -9999.0 -9999.0 -9999.0 -9999.0 -9999.0 -9999.0 -9999.0 -9999.0 -9999.0 -9999.0 -9999.0 -9999.0 -9999.0 -9999.0 -9999.0 -9999.0 -9999.0 -9999.0 -9999.0 -9999.0
-9999.0 -9999.0 -9999.0 -9999.0 -9999.0 -9999.0 -9999.0 -9999.0 -9999.0 -9999.0 -9999.0 12.098406 6.558961 5.655110 6.399730 8.480258 7.570049 5.761825 17.329794 10.109836 7.335129 9.442227 13.022553 10.290779 6.008064 10.465151 -0.871709 10.892461 10.482866 -1.105583 10.055779 10.356745 11.048857 8.589021 9.479029 15.368501 14.926798 16.870278 17.369788 -9999.0 -9999.0 -9999.0 11.696014 -9999.0 -9999.0 -9999.0 -9999.0 -9999.0 -9999.0 -9999.0 -9999.0 -9999.0 -9999.0 -9999.0 -9999.0 -9999.0 -9999.0 -9999.0 -9999.0 -9999.0 -9999.0 -9999.0 -9999.0
-9999.0 -9999.0 -9999.0 -9999.0 -9999.0 -9999.0 -9999.0 -9999.0 -9999.0 -9999.0 -9999.0 11.664441 5.798023 6.290443 6.120141 -0.033596 7.736843 7.874520 17.482366 15.904155 17.468525 15.332963 13.710275 3.433799 0.643271 12.353984 11.311248 11.675592 12.108814 9.255881 10.438657 10.919800 12.489196 9.934673 9.904039 11.656354 13.815087 20.074925 17.200529 15.075378 14.304611 11.337742 11.654516 15.505150 -9999.0 -9999.0 -9999.0 3.912230 8.508474 10.699180 10.202830 10.665279 10.700521 6.384834 2.800056 -0.425516 -9999.0 -9999.0 -9999.0 -9999.0 -9999.0 -9999.0 -9999.0
-9999.0 -9999.0 -9999.0 -9999.0 -9999.0 -9999.0 -9999.0 -9999.0 -9999.0 -9999.0 -9999.0 10.567427 8.119134 3.870062 11.546347 9.673981 4.657040 4.833527 15.557849 16.259281 6.247559 8.050837 4.157227 13.453477 10.238851 16.647176 5.965288 4.277195 11.352998 10.010528 11.325028 3.387875 13.608253 10.876614 15.401219 12.750322 4.700360 10.052866 21.512105 16.938743 17.831484 13.099116 12.523474 13.229310 11.421981 -9999.0 -0.988956 8.658615 10.815404 11.765233 12.507289 13.894316 12.490997 12.068664 12.277535 11.023829 -9999.0 -9999.0 -9999.0 -9999.0 -9999.0 -9999.0 -9999.0
-9999.0 -9999.0 -9999.0 -9999.0 -9999.0 -9999.0 -9999.0 -9999.0 -9999.0 -9999.0 -9999.0 -9999.0 8.532334 2.229546 13.701660 12.826568 3.368816 4.801377 17.793665 16.414608 7.417259 8.908489 8.644013 6.719734 2.283855 0.931134 13.127675 11.757948 12.266561 15.910617 12.270760 3.842949 13.984090 11.959004 8.778981 11.114801 4.083804 9.026605 23.835633 18.156298 19.337962 19.116185 5.882782 14.448403 17.004223 11.715335 10.303542 8.847556 3.812973 5.883330 7.975169 4.534608 6.443324 4.088707 -0.002851 -0.007119 10.471625 -9999.0 -9999.0 -9999.0 -9999.0 -9999.0 -9999.0
-9999.0 -9999.0 -9999.0 -9999.0 -9999.0 -9999.0 -9999.0 -9999.0 -9999.0 -9999.0 -9999.0 3.601373 4.760837 9.664641 3.377708 2.898948 5.993822 4.964336 17.975811 7.777120 8.187311 7.105479 7.528504 1.270333 0.898207 7.750686 5.739703 10.127315 14.248748 16.619212 5.429951 5.166882 11.917337 11.275001 7.896166 10.130237 11.700523 6.916825 6.276633 20.904404 9.836514 11.069176 8.771047 10.439187 15.268426 12.558521 11.139982 12.701158 12.453116 8.349249 4.888971 7.471466 -0.007612 -0.328374 -0.038034 -0.022220 11.300066 -9999.0 -9999.0 -9999.0 -9999.0 -9999.0 -9999.0
-9999.0 -9999.0 -9999.0 -9999.0 -9999.0 -9999.0 -9999.0 -9999.0 -9999.0 -9999.0 10.695851 4.476416 11.744125 13.418725 13.875644 6.494768 5.145668 4.696487 8.525476 8.500827 16.864311 14.939605 6.107015 16.605555 9.172412 5.840760 0.807730 4.817902 15.091240 14.826475 6.652499 4.805556 10.502550 8.736834 5.888671 9.036434 13.167522 4.409477 2.591701 9.020824 9.943369 11.171188 19.959933 6.348737 7.451069 17.485945 13.337280 6.841981 7.273545 8.189985 5.234763 -0.543455 -0.094336 -0.020873 -0.019815 11.927832 12.052643 -9999.0 -9999.0 -9999.0 -9999.0 -9999.0 -9999.0
-9999.0 -9999.0 -9999.0 -9999.0 -9999.0 -9999.0 -9999.0 -9999.0 -9999.0 8.500882 9.230202 0.823815 1.119462 4.500077 1.627469 0.835581 3.098325 15.097971 9.181204 9.255545 17.663750 8.598013 8.187628 10.802603 7.907820 4.477773 0.795570 15.127160 8.654809 9.126867 8.916917 2.614117 9.433487 -1.058733 9.825781 13.833610 10.764098 3.803427 4.324017 5.105183 4.852322 4.476056 4.369101 7.889733 7.820037 8.605680 16.378028 9.033730 8.475735 8.853419 6.384948 11.360856 -0.022198 -0.170081 10.822700 5.219271 6.605368 14.017277 12.879134 -9999.0 -9999.0 -9999.0 -9999.0
-9999.0 -9999.0 -9999.0 -9999.0 -9999.0 -9999.0 -9999.0 -9999.0 -9999.0 9.671215 8.638847 9.992564 13.473517 8.003302 5.637086 5.372634 14.937902 9.321523 10.278399 20.048833 19.817778 20.755335 14.904756 14.805539 4.987618 7.807465 8.570398 9.391554 10.384928 11.911429 11.011429 2.637949 9.996777 9.914420 12.519254 17.546591 17.032732 17.396616 11.144128 10.210999 3.872621 4.124756 7.332793 8.246307 6.775313 11.048726 11.285537 11.743218 10.427085 9.161811 3.719523 0.887186 -0.892654 -0.108017 9.054672 0.166384 6.169769 8.159599 16.804680 -9999.0 -9999.0 -9999.0 -9999.0
-9999.0 -9999.0 -9999.0 -9999.0 -9999.0 -9999.0 -9999.0 -9999.0 -9999.0 -9999.0 10.329136 11.023394 0.680274 5.399376 9.509605 1.894061 8.495281 10.775582 11.429691 13.620024 17.787194 9.453634 6.932765 6.067067 7.768208 9.426968 10.767022 11.131391 12.404451 3.978687 3.127118 4.846250 2.638752 8.257427 11.311935 11.862310 15.865325 14.801416 16.823788 8.438382 0.700736 11.175363 11.283687 5.043122 4.971347 5.781110 7.445496 14.138931 12.414328 10.098362 5.051001 6.520644 12.400577 11.221096 -0.007402 9.356190 9.868987 9.726800 10.522126 11.581681 -9999.0 -9999.0 -9999.0
-9999.0 -9999.0 -9999.0 -9999.0 -9999.0 -9999.0 -9999.0 -9999.0 -9999.0 -9999.0 9.100168 10.481937 12.166476 1.001872 15.704632 7.761768 7.781169 9.609401 12.583758 14.527394 10.910968 9.167902 7.644092 9.784455 9.575892 11.523352 12.037246 7.171889 4.290867 2.624940 8.675156 10.772294 4.703141 9.744380 9.863305 8.859353 6.366533 6.489951 4.279829 9.880567 10.546394 12.214648 4.125858 8.520914 11.989582 4.567812 6.383167 6.457836 9.419294 12.331777 10.007851 7.582669 5.624341 13.122637 14.761614 15.566151 7.921441 8.029649 10.612174 12.871253 -9999.0 -9999.0 -9999.0
-9999.0 -9999.0 -9999.0 -9999.0 -9999.0 -9999.0 -9999.0 -9999.0 15.345435 14.332278 13.136781 10.303861 3.397738 4.304670 0.799094 7.442325 10.280482 20.909507 15.316251 15.097647 12.710815 11.549747 10.424512 9.070003 11.433581 10.422119 16.134263 4.923174 5.325030 1.172489 -0.775595 8.637291 11.702566 10.358400 10.625628 1.729992 11.125900 6.805264 2.428095 16.178580 10.443834 8.856042 3.626982 -0.291976 12.365843 11.265573 3.484367 5.553633 7.621108 9.827751 10.600661 7.728967 6.381352 5.261299 16.394560 13.740093 14.595137 15.402161 12.556028 13.160112 -9999.0 -9999.0 -9999.0
-9999.0 -9999.0 -9999.0 -9999.0 -9999.0 -9999.0 -9999.0 -9999.0 2.591984 1.292719 4.285659 9.596192 10.734764 0.809422 3.323030 7.639899 9.058187 9.609819 12.940982 15.865735 25.181643 22.979522 20.775478 20.597721 11.428694 10.986162 8.515423 7.904783 0.722658 13.570363 11.121344 17.012657 11.414262 16.049246 11.048430 11.244194 12.696137 7.326015 5.184890 11.887086 8.573671 -0.018018 9.483040 11.154115 12.321692 4.871934 4.110932 11.770525 7.341411 9.917691 12.956720 10.131774 5.589002 13.516354 15.471231 11.176525 10.364052 12.078236 14.829705 16.541274 18.204993 -9999.0 -9999.0
-9999.0 -9999.0 -9999.0 -9999.0 -9999.0 -9999.0 -9999.0 -9999.0 8.616993 12.157036 12.400908 3.585713 12.625061 4.062636 1.770481 1.640373 8.983877 12.909698 13.304128 23.780803 16.487144 23.329410 23.356448 15.689049 20.925231 10.487560 8.370412 5.049417 6.156613 14.776477 16.890574 13.761348 0.585743 3.920419 11.812537 12.920675 5.736820 7.013600 3.570991 0.704921 10.022506 10.977393 10.714062 9.985250 4.756062 12.185713 17.828572 14.154071 5.460464 8.678291 11.610530 12.262901 8.211521 8.190956 12.610261 12.484494 13.995094 14.988835 16.832925 16.777075 17.010035 -9999.0 -9999.0
-9999.0 -9999.0 -9999.0 -9999.0 -9999.0 -9999.0 -9999.0 -9999.0 8.965085 11.912811 6.870865 5.819215 13.302604 1.082326 7.741605 9.224719 12.276002 12.744022 15.500580 12.986271 15.506514 16.302094 23.517039 23.413706 11.298370 8.955116 6.879424 5.299648 16.079489 8.428014 7.565385 7.748317 9.002204 8.266976 6.491350 15.424354 15.401256 7.771025 5.231625 4.907276 13.241510 13.344214 11.982089 18.632136 14.450548 18.005209 14.891839 19.357627 15.190245 9.684302 9.892200 13.215191 14.146745 12.513983 15.009878 15.619281 16.243555 13.733363 15.135687 16.765332 15.132239 11.759773 -9999.0
-9999.0 -9999.0 -9999.0 -9999.0 -9999.0 -9999.0 -9999.0 -9999.0 11.533243 13.166699 7.679847 6.882348 7.614087 8.163433 17.230078 13.256225 14.458670 9.918578 8.406866 10.030667 12.120995 15.828454 16.610150 17.022323 21.837744 8.903460 6.852791 9.695393 10.560586 9.971995 5.982997 9.009826 10.543668 9.119710 8.225018 8.725799 9.283990 8.893245 8.387965 8.576218 7.846035 8.267144 8.599737 8.836105 6.118245 15.173483 8.669989 9.830533 9.834735 12.340787 15.031997 13.771794 14.336554 16.984501 16.266456 15.980885 16.553435 16.557794 15.986271 15.268928 12.793554 10.954975 -9999.0
-9999.0 -9999.0 15.071240 15.287751 0.980931 5.020406 1.005405 2.427487 13.882666 13.003799 6.581297 7.087878 8.619036 11.692986 19.096110 10.546075 8.455798 5.644334 7.161127 8.282597 10.379738 12.609773 14.541639 14.589713 14.626202 10.877992 9.057500 8.971507 9.993012 17.327534 7.552274 7.326369 14.269877 8.279339 11.102908 8.216572 12.091688 10.287454 9.218486 7.261182 10.245724 10.704147 8.411874 10.727422 6.799598 9.662709 11.315009 9.079307 13.428030 15.105664 16.915120 16.961843 16.763491 16.856722 16.644209 23.305311 14.982829 15.256032 14.299002 12.365627 16.939616 9.935660 -9999.0
-9999.0 1.622151 1.428787 1.473923 5.276915 1.177166 0.763706 4.498008 4.652433 12.947208 0.902713 7.417721 9.461837 16.567253 16.804372 8.248991 6.502886 0.768522 1.309345 8.778427 11.183419 12.099567 17.393856 12.746253 23.679186 15.956942 21.956114 21.379434 14.000841 12.563118 13.469748 12.258756 11.596688 18.155538 13.361550 13.760247 14.591982 12.416226 13.920299 13.078805 13.246870 13.167405 12.839430 9.734464 9.404297 10.208034 12.688259 12.976579 16.160716 14.059845 15.633160 15.462402 14.636655 14.633253 14.521380 14.069633 11.671162 11.651044 12.440872 15.500857 9.351330 9.473257 -9999.0
-9999.0 13.915696 8.715714 9.134119 15.549442 8.097858 3.485889 5.262729 15.144137 14.803375 1.241847 7.597844 10.245828 17.078570 8.876838 5.293086 0.512866 0.932260 9.465007 8.803335 15.215559 11.154500 12.179956 13.388893 22.687103 25.651410 14.880005 17.007348 14.981123 13.634536 14.496999 13.843138 13.330396 13.181970 19.458536 14.671030 24.142195 25.827349 16.007968 16.151427 15.513186 14.918895 14.605764 13.121197 14.468984 15.055565 15.601960 15.694598 14.757622 14.942813 13.956944 11.975673 11.829440 12.400768 11.921531 10.233187 10.275014 9.007462 8.776846 8.473960 8.402933 -9999.0 -9999.0
