user2019/resources/simulation/Vinschgau/output-maps/TL0004N0461.asc
ncols         63
nrows         48
xllcorner     598000.000000
yllcorner     5145000.000000
cellsize      1000.000000
NODATA_value  -9999.0
[rows 0 to 27 of 48, columns 0 to 62 of 63]
-9999.0 -9999.0 -9999.0 -9999.0 -9999.0 -9999.0 -9999.0 -9999.0 -9999.0 -9999.0 -9999.0 -9999.0 -9999.0 -9999.0 -9999.0 -9999.0 -9999.0 -9999.0 -9999.0 -9999.0 -9999.0 -9999.0 -9999.0 -9999.0 -9999.0 -9999.0 -9999.0 -9999.0 -9999.0 -9999.0 -9999.0 -9999.0 -9999.0 -9999.0 -9999.0 -9999.0 -9999.0 -9999.0 -9999.0 -9999.0 -9999.0 -9999.0 -9999.0 -9999.0 -9999.0 -9999.0 -9999.0 -9999.0 -9999.0 -9999.0 -9999.0 -9999.0 -9999.0 -9999.0 -9999.0 -9999.0 -9999.0 -9999.0 -9999.0 -9999.0 -9999.0 -9999.0 -9999.0
-9999.0 -9999.0 -9999.0 -9999.0 -9999.0 -9999.0 -9999.0 -9999.0 -9999.0 -9999.0 -9999.0 -9999.0 -9999.0 -9999.0 -9999.0 -9999.0 -9999.0 -9999.0 -9999.0 -9999.0 -9999.0 -9999.0 -9999.0 -9999.0 -9999.0 -9999.0 -9999.0 13.838064 11.985639 10.037152 9.020562 8.820807 8.923806 -9999.0 -9999.0 -9999.0 -9999.0 -9999.0 -9999.0 -9999.0 -9999.0 -9999.0 -9999.0 -9999.0 -9999.0 -9999.0 -9999.0 -9999.0 -9999.0 -9999.0 -9999.0 -9999.0 -9999.0 -9999.0 -9999.0 -9999.0 -9999.0 -9999.0 -9999.0 -9999.0 -9999.0 -9999.0 -9999.0
-9999.0 -9999.0 -9999.0 -9999.0 -9999.0 -9999.0 -9999.0 -9999.0 -9999.0 -9999.0 -9999.0 -9999.0 -9999.0 -9999.0 -9999.0 -9999.0 -9999.0 -9999.0 -9999.0 -9999.0 -9999.0 -9999.0 -9999.0 -9999.0 13.039560 13.524541 13.740094 12.784084 11.153857 10.571778 10.662080 -9999.0 -9999.0 -9999.0 -9999.0 -9999.0 -9999.0 -9999.0 -9999.0 -9999.0 -9999.0 -9999.0 -9999.0 -9999.0 -9999.0 -9999.0 -9999.0 -9999.0 -9999.0 -9999.0 -9999.0 -9999.0 -9999.0 -9999.0 -9999.0 -9999.0 -9999.0 -9999.0 -9999.0 -9999.0 -9999.0 -9999.0 -9999.0
-9999.0 -9999.0 -9999.0 -9999.0 -9999.0 -9999.0 -9999.0 -9999.0 -9999.0 -9999.0 -9999.0 -9999.0 -9999.0 -9999.0 -9999.0 -9999.0 -9999.0 -9999.0 -9999.0 -9999.0 -9999.0 -9999.0 -9999.0 13.455262 14.306811 11.405568 11.782144 12.065793 10.051173 13.118203 10.910040 10.450400 -9999.0 -9999.0 -9999.0 -9999.0 -9999.0 -9999.0 -9999.0 -9999.0 -9999.0 -9999.0 -9999.0 -9999.0 -9999.0 -9999.0 -9999.0 -9999.0 -9999.0 -9999.0 -9999.0 -9999.0 -9999.0 -9999.0 -9999.0 -9999.0 -9999.0 -9999.0 -9999.0 -9999.0 -9999.0 -9999.0 -9999.0
-9999.0 -9999.0 -9999.0 -9999.0 -9999.0 -9999.0 -9999.0 -9999.0 -9999.0 -9999.0 -9999.0 -9999.0 -9999.0 -9999.0 -9999.0 -9999.0 -9999.0 -9999.0 15.307811 12.435941 -9999.0 13.074462 13.875505 11.691021 11.650567 13.080793 14.453596 14.226029 12.402946 11.744378 12.372604 10.842220 8.688207 8.688750 -9999.0 -9999.0 -9999.0 -9999.0 -9999.0 -9999.0 -9999.0 -9999.0 -9999.0 -9999.0 -9999.0 -9999.0 -9999.0 -9999.0 -9999.0 -9999.0 -9999.0 -9999.0 -9999.0 -9999.0 -9999.0 -9999.0 -9999.0 -9999.0 -9999.0 -9999.0 -9999.0 -9999.0 -9999.0
-9999.0 -9999.0 -9999.0 -9999.0 -9999.0 -9999.0 -9999.0 -9999.0 -9999.0 -9999.0 -9999.0 -9999.0 -9999.0 -9999.0 -9999.0 -9999.0 -9999.0 10.596828 10.108209 8.813681 11.441515 8.892133 10.254742 11.464027 15.210114 8.287017 7.037784 7.866741 7.002733 9.429368 11.454508 10.221768 9.970702 8.829558 7.818699 5.751949 -9999.0 -9999.0 -9999.0 -9999.0 -9999.0 -9999.0 -9999.0 -9999.0 -9999.0 -9999.0 -9999.0 -9999.0 -9999.0 -9999.0 -9999.0 -9999.0 -9999.0 -9999.0 -9999.0 -9999.0 -9999.0 -9999.0 -9999.0 -9999.0 -9999.0 -9999.0 -9999.0
-9999.0 -9999.0 -9999.0 -9999.0 -9999.0 -9999.0 -9999.0 -9999.0 -9999.0 -9999.0 -9999.0 -9999.0 -9999.0 10.790068 9.673110 8.967207 10.426470 21.158255 10.160278 11.266753 11.479776 12.093876 13.407317 15.184503 7.990475 12.787857 9.276558 6.429728 7.709749 7.825862 7.080379 10.047107 9.101072 7.904554 7.960490 5.143326 -9999.0 -9999.0 -9999.0 -9999.0 -9999.0 -9999.0 -9999.0 -9999.0 -9999.0 -9999.0 -9999.0 -9999.0 -9999.0 -9999.0 -9999.0 -9999.0 -9999.0 -9999.0 -9999.0 -9999.0 -9999.0 -9999.0 -9999.0 -9999.0 -9999.0 -9999.0 -9999.0
-9999.0 -9999.0 -9999.0 -9999.0 -9999.0 -9999.0 -9999.0 -9999.0 -9999.0 -9999.0 -9999.0 -9999.0 -9999.0 11.316691 10.580230 9.284894 9.105621 17.656282 20.997200 13.571264 11.166241 14.594600 9.703235 8.803620 10.817877 9.565100 11.426063 9.511208 12.426634 4.906738 5.387952 7.786025 7.400294 2.545625 6.381007 -9999.0 -9999.0 -9999.0 -9999.0 -9999.0 -9999.0 -9999.0 -9999.0 -9999.0 -9999.0 -9999.0 -9999.0 -9999.0 -9999.0 -9999.0 -9999.0 -9999.0 -9999.0 -9999.0 -9999.0 -9999.0 -9999.0 -9999.0 -9999.0 -9999.0 -9999.0 -9999.0 -9999.0
-9999.0 -9999.0 -9999.0 -9999.0 -9999.0 -9999.0 -9999.0 -9999.0 -9999.0 -9999.0 -9999.0 -9999.0 -9999.0 10.200251 12.088899 10.670401 8.142240 9.575433 21.161693 10.355143 15.423872 11.447927 7.713153 7.504437 10.553168 7.880581 10.659107 8.557576 9.294964 7.431609 7.810014 -0.283145 -0.482417 -0.038791 -1.016459 -9999.0 -9999.0 -9999.0 -9999.0 -9999.0 -9999.0 -9999.0 -9999.0 -9999.0 -9999.0 -9999.0 -9999.0 -9999.0 -9999.0 -9999.0 -9999.0 -9999.0 -9999.0 -9999.0 -9999.0 -9999.0 -9999.0 -9999.0 -9999.0 -9999.0 -9999.0 -9999.0 -9999.0
-9999.0 -9999.0 -9999.0 -9999.0 -9999.0 -9999.0 -9999.0 -9999.0 -9999.0 -9999.0 -9999.0 -9999.0 9.580610 11.551967 10.059774 8.494418 6.157640 8.489268 18.071851 10.353498 10.685355 8.015518 7.432806 8.211395 7.791337 10.324432 6.346707 9.657667 9.862151 8.100402 -0.490833 8.752503 7.947067 3.638925 -9999.0 -9999.0 -9999.0 -9999.0 -9999.0 -9999.0 -9999.0 -9999.0 -9999.0 -9999.0 -9999.0 -9999.0 -9999.0 -9999.0 -9999.0 -9999.0 -9999.0 -9999.0 -9999.0 -9999.0 -9999.0 -9999.0 -9999.0 -9999.0 -9999.0 -9999.0 -9999.0 -9999.0 -9999.0
-9999.0 -9999.0 -9999.0 -9999.0 -9999.0 -9999.0 -9999.0 -9999.0 -9999.0 -9999.0 -9999.0 10.470353 7.334267 7.032087 8.036607 9.882502 6.304078 7.738405 17.591767 10.206819 8.753183 10.278690 11.035619 10.302044 7.849324 10.143381 7.612793 10.193450 9.625656 5.782522 8.856884 10.101408 8.686903 7.284834 8.201994 8.605898 12.771794 14.438779 14.415652 -9999.0 -9999.0 -9999.0 11.577368 -9999.0 -9999.0 -9999.0 -9999.0 -9999.0 -9999.0 -9999.0 -9999.0 -9999.0 -9999.0 -9999.0 -9999.0 -9999.0 -9999.0 -9999.0 -9999.0 -9999.0 -9999.0 -9999.0 -9999.0
-9999.0 -9999.0 -9999.0 -9999.0 -9999.0 -9999.0 -9999.0 -9999.0 -9999.0 -9999.0 -9999.0 9.381311 6.869278 7.336584 8.173291 8.290982 9.350383 9.384650 17.781591 15.367437 14.648163 12.372914 11.255320 1.970610 5.313666 10.076387 10.219852 11.024130 10.187647 7.574871 9.933260 9.996038 10.354222 8.232874 10.266311 12.019869 15.084036 17.651808 15.942311 11.783704 12.049331 11.346330 11.358052 12.041927 -9999.0 -9999.0 -9999.0 5.944307 8.324130 9.341857 9.137899 9.055127 8.810340 9.854817 8.734519 7.715045 -9999.0 -9999.0 -9999.0 -9999.0 -9999.0 -9999.0 -9999.0
-9999.0 -9999.0 -9999.0 -9999.0 -9999.0 -9999.0 -9999.0 -9999.0 -9999.0 -9999.0 -9999.0 9.718125 9.142701 5.545405 10.076279 9.725505 5.642879 5.875249 15.498465 15.497695 7.640944 7.992535 6.321836 10.910799 9.894949 10.845889 6.989249 6.233310 9.570030 8.321850 9.422912 5.211964 12.237793 9.727299 13.387663 13.700138 7.961049 10.554696 18.852325 14.616307 15.486481 12.405545 13.330213 11.612187 10.180065 -9999.0 5.882283 8.986101 9.884224 10.999714 11.371033 11.336721 11.036180 10.645797 10.702275 9.954366 -9999.0 -9999.0 -9999.0 -9999.0 -9999.0 -9999.0 -9999.0
-9999.0 -9999.0 -9999.0 -9999.0 -9999.0 -9999.0 -9999.0 -9999.0 -9999.0 -9999.0 -9999.0 -9999.0 9.824919 4.458916 9.794830 10.119281 4.517899 6.977901 17.883994 15.775022 8.859143 9.435913 8.546824 7.410498 2.600313 6.943752 12.684594 10.417946 9.800542 9.824174 10.155944 5.594715 12.508087 10.763498 10.445607 12.426996 7.836543 11.178359 20.343597 16.374011 17.599903 16.738352 7.639512 13.434048 10.825803 8.825064 8.673529 9.160020 4.988482 6.954570 8.639465 6.208380 7.136312 6.041128 5.244817 9.546233 9.871103 -9999.0 -9999.0 -9999.0 -9999.0 -9999.0 -9999.0
-9999.0 -9999.0 -9999.0 -9999.0 -9999.0 -9999.0 -9999.0 -9999.0 -9999.0 -9999.0 -9999.0 2.346022 8.788067 10.390540 5.576804 5.810516 7.111196 6.337652 17.965704 10.087546 9.572243 8.708331 9.253335 7.293548 7.754737 8.704776 7.129701 9.434676 11.056678 10.922679 6.524070 6.824553 11.040593 9.471694 9.179991 11.316426 13.991281 10.161441 9.683774 19.623787 9.950013 10.565491 9.450734 9.729995 13.815747 10.457262 10.278867 10.568644 11.483535 9.188243 5.242817 9.313103 3.535094 4.176604 1.464960 -0.010414 10.216335 -9999.0 -9999.0 -9999.0 -9999.0 -9999.0 -9999.0
-9999.0 -9999.0 -9999.0 -9999.0 -9999.0 -9999.0 -9999.0 -9999.0 -9999.0 -9999.0 11.952136 5.976009 10.311329 10.536571 11.579469 7.580483 7.346978 6.973134 9.965955 10.676063 16.245241 14.886166 7.354413 15.851121 9.987669 8.271117 6.435119 2.543885 11.784351 12.307871 7.992661 6.978054 10.331838 8.316500 8.703202 13.218648 13.688532 6.393738 6.164196 10.085569 10.630751 12.259360 19.887279 7.731574 8.006299 14.064495 10.786772 7.081236 7.911757 8.708903 4.148329 8.279952 2.347995 -0.051480 6.678330 11.378932 10.959488 -9999.0 -9999.0 -9999.0 -9999.0 -9999.0 -9999.0
-9999.0 -9999.0 -9999.0 -9999.0 -9999.0 -9999.0 -9999.0 -9999.0 -9999.0 10.021819 11.109330 6.106361 7.128508 5.941413 7.532172 6.878015 6.526569 14.938150 10.475382 11.267957 16.753245 9.486412 9.398722 11.312413 10.051972 6.877484 2.196452 12.899763 8.738076 9.802036 9.564208 4.348800 8.686854 6.452385 8.578703 9.280930 12.054556 5.511044 6.235797 7.801655 7.363584 6.639485 6.776971 9.543312 9.035840 8.623358 15.226143 8.311627 8.660871 9.574159 6.631471 9.500932 -0.010438 7.981847 9.651121 6.306815 7.089827 11.296662 10.208557 -9999.0 -9999.0 -9999.0 -9999.0
-9999.0 -9999.0 -9999.0 -9999.0 -9999.0 -9999.0 -9999.0 -9999.0 -9999.0 9.781711 10.092227 11.315487 13.904203 8.676989 7.643008 7.332438 13.202692 10.349567 11.516527 18.279333 17.996004 17.826992 15.621980 14.436498 7.409598 8.481258 9.458543 10.269553 11.213474 13.569368 11.697308 4.302548 9.719096 8.728702 9.896194 13.875911 14.158157 15.534956 11.971895 11.224711 5.698459 5.946226 8.330275 9.907111 8.639154 11.511278 11.418691 10.857102 10.415129 9.705077 4.647061 1.479566 7.976989 8.804218 10.374545 1.070183 7.808783 8.249190 12.304249 -9999.0 -9999.0 -9999.0 -9999.0
-9999.0 -9999.0 -9999.0 -9999.0 -9999.0 -9999.0 -9999.0 -9999.0 -9999.0 -9999.0 10.284938 11.875513 7.478259 6.888033 9.592610 7.990357 9.586997 11.786417 12.512457 14.014815 17.502991 10.980939 8.990407 7.974157 9.046167 10.425471 11.596063 11.617813 12.354458 5.830391 5.235261 6.375193 1.670881 9.185692 10.710131 11.494535 14.335198 13.452241 13.021261 9.097413 9.954736 13.792917 12.660032 7.676422 7.212132 7.837942 8.895839 15.592016 12.337652 9.507145 5.877230 7.109562 9.505709 9.293231 9.536391 10.710061 12.453689 10.280772 10.507116 11.458541 -9999.0 -9999.0 -9999.0
-9999.0 -9999.0 -9999.0 -9999.0 -9999.0 -9999.0 -9999.0 -9999.0 -9999.0 -9999.0 10.374955 11.106101 12.048045 8.240555 15.676677 8.962276 9.037476 10.871648 13.184840 14.525673 11.864115 10.343941 9.096815 9.771202 10.484151 12.275226 12.484195 8.804416 6.643247 0.551209 10.232066 11.837965 4.749665 8.421755 9.659407 11.181180 7.300666 7.428045 4.784456 9.661227 9.912095 11.685828 5.653570 12.410800 13.629499 6.461453 8.676008 8.121147 10.693381 12.349355 9.996996 7.896582 0.455488 10.710457 9.359803 10.338337 10.699852 9.541598 10.881983 12.853725 -9999.0 -9999.0 -9999.0
-9999.0 -9999.0 -9999.0 -9999.0 -9999.0 -9999.0 -9999.0 -9999.0 11.399877 10.595814 10.683940 11.600539 7.362378 7.617345 7.183786 9.898035 11.255875 18.824795 15.174284 15.170273 13.451105 12.488769 11.635675 10.148943 11.900913 11.661170 14.606239 7.365817 7.310836 0.604369 8.780960 10.330093 10.130386 9.611978 10.233558 10.397599 14.149720 7.788968 3.533585 9.940800 9.826522 10.821026 4.108191 10.718735 15.208389 12.719954 4.769444 7.495022 8.815036 12.327474 10.697446 7.991774 7.883494 0.456477 11.202969 12.754133 13.011977 16.411415 12.878443 13.590998 -9999.0 -9999.0 -9999.0
-9999.0 -9999.0 -9999.0 -9999.0 -9999.0 -9999.0 -9999.0 -9999.0 7.326512 7.480558 3.040631 10.290553 11.400017 8.135181 7.539010 9.300147 10.530510 11.121276 13.777443 15.818590 22.558948 19.807383 18.333858 17.513448 12.363007 12.210534 9.697568 9.036162 0.415381 10.417045 10.193085 10.704467 10.519538 10.454315 10.652665 10.943083 13.170455 8.049373 6.239493 9.877985 8.806723 6.725254 9.491648 10.846759 12.522551 6.457456 4.443089 11.707136 8.861933 11.025933 13.016516 10.200384 7.072305 12.982313 14.211164 10.627285 10.876008 12.019055 14.888541 16.560452 17.187825 -9999.0 -9999.0
-9999.0 -9999.0 -9999.0 -9999.0 -9999.0 -9999.0 -9999.0 -9999.0 10.806443 13.077889 10.935593 3.780574 12.657045 0.539031 8.264000 7.283327 10.064539 13.297575 13.951517 22.498715 16.314657 20.596909 20.201156 15.233520 19.212531 12.207392 10.158208 7.197385 0.402088 11.213588 11.253062 12.643796 2.905564 2.130445 11.402786 12.878088 7.675378 8.343978 5.303723 1.316820 9.744090 9.760129 10.384049 11.224431 5.805268 10.828785 11.416365 13.127376 7.049352 9.810002 12.689933 12.036700 8.617006 8.835361 12.139843 12.652844 13.502556 14.987363 16.677953 16.711959 16.690273 -9999.0 -9999.0
-9999.0 -9999.0 -9999.0 -9999.0 -9999.0 -9999.0 -9999.0 -9999.0 10.038079 12.406867 8.242386 3.070683 12.620450 0.301466 8.302305 10.226559 13.076865 13.833426 17.714408 14.180193 15.977287 16.434495 21.050933 20.538150 13.025336 10.904903 8.970819 7.147366 13.764979 8.862828 8.072147 8.367024 8.927242 8.548455 7.050056 13.669553 15.418403 9.289351 6.377865 6.510246 10.757601 10.647025 10.881270 13.079967 12.121622 12.809591 11.968391 12.492145 14.647227 10.270544 11.165574 13.496146 13.559086 13.294315 15.072176 14.851177 15.623405 14.743380 15.653081 16.597471 15.274336 12.316232 -9999.0
-9999.0 -9999.0 -9999.0 -9999.0 -9999.0 -9999.0 -9999.0 -9999.0 10.200549 12.166461 9.237565 7.468828 8.488949 9.039883 15.271549 13.647397 16.196277 11.605553 10.333618 11.927903 13.703559 16.333882 16.691804 16.683669 18.881372 10.508993 8.305265 10.499341 11.129041 10.119110 7.085515 9.636484 10.849848 9.344112 8.284330 9.372206 10.283661 10.397622 9.089505 8.855028 8.340830 8.070273 8.589652 8.046229 7.042272 14.459553 8.383659 9.576269 10.389750 12.694194 14.671165 14.139654 14.794947 16.554172 15.956671 15.844802 16.758226 16.691285 16.355403 15.532091 13.260174 11.406821 -9999.0
-9999.0 -9999.0 11.249877 11.772646 6.737436 7.475319 7.399035 2.431784 11.269046 11.840232 8.795505 8.504650 9.377076 12.027033 18.102678 12.313577 9.240285 8.023376 9.497998 10.264607 12.265181 14.523369 16.001276 15.678044 14.879276 12.013063 10.384043 10.326846 11.563338 16.148039 8.745082 8.881639 15.133371 9.574715 11.641662 9.831550 12.860290 11.782046 10.087214 8.300420 10.919077 10.674667 8.708406 10.961970 7.642097 10.087978 11.743432 10.300446 13.710601 15.168877 16.579472 16.737134 16.776260 16.831108 16.794609 22.941671 16.046323 15.831581 14.827353 12.965311 16.539785 10.345273 -9999.0
-9999.0 8.122204 7.369825 7.061039 7.529621 7.961467 7.347521 3.418197 3.222751 11.231312 7.753651 8.403904 10.346170 16.112321 16.450327 8.981841 8.711391 7.825607 9.171684 10.411754 12.649478 14.109980 17.901239 14.673642 20.773833 15.154615 18.849584 18.996743 14.367029 13.135439 13.034028 12.665581 12.885243 18.176925 13.983819 14.371177 15.232699 14.013894 14.698904 13.736385 13.814691 13.871362 12.671899 10.958251 10.470037 11.234072 13.623483 14.047027 16.156808 15.186260 16.125500 16.058915 15.777399 14.979677 14.967713 14.800263 11.974366 12.386490 13.043932 15.698868 9.888605 9.839553 -9999.0
-9999.0 13.179127 8.780242 8.850665 14.194363 8.556730 5.351507 3.492859 10.944486 11.323092 7.596728 8.209183 10.507762 16.816240 9.604130 7.377292 7.303180 8.257052 10.127256 9.752302 15.944648 13.083406 14.318527 15.087694 22.450471 23.212624 15.062386 16.090360 15.443831 14.692007 14.458558 13.889497 14.408251 14.478407 19.460299 15.729217 23.483844 24.293971 16.834069 16.575522 16.215048 15.745996 15.293842 13.771529 14.423155 14.748661 15.776695 15.941442 15.659214 15.514447 14.807942 12.901137 12.785546 12.635619 12.148117 11.099531 10.670532 9.732128 9.857725 9.179473 9.062776 -9999.0 -9999.0
