user2019/resources/simulation/Vinschgau/output-maps/TL0007N0422.asc
ncols         63
nrows         48
xllcorner     598000.000000
yllcorner     5145000.000000
cellsize      1000.000000
NODATA_value  -9999.0
[rows 0 to 27 of 48, columns 0 to 62 of 63]
-9999.0 -9999.0 -9999.0 -9999.0 -9999.0 -9999.0 -9999.0 -9999.0 -9999.0 -9999.0 -9999.0 -9999.0 -9999.0 -9999.0 -9999.0 -9999.0 -9999.0 -9999.0 -9999.0 -9999.0 -9999.0 -9999.0 -9999.0 -9999.0 -9999.0 -9999.0 -9999.0 -9999.0 -9999.0 -9999.0 -9999.0 -9999.0 -9999.0 -9999.0 -9999.0 -9999.0 -9999.0 -9999.0 -9999.0 -9999.0 -9999.0 -9999.0 -9999.0 -9999.0 -9999.0 -9999.0 -9999.0 -9999.0 -9999.0 -9999.0 -9999.0 -9999.0 -9999.0 -9999.0 -9999.0 -9999.0 -9999.0 -9999.0 -9999.0 -9999.0 -9999.0 -9999.0 -9999.0
-9999.0 -9999.0 -9999.0 -9999.0 -9999.0 -9999.0 -9999.0 -9999.0 -9999.0 -9999.0 -9999.0 -9999.0 -9999.0 -9999.0 -9999.0 -9999.0 -9999.0 -9999.0 -9999.0 -9999.0 -9999.0 -9999.0 -9999.0 -9999.0 -9999.0 -9999.0 -9999.0 10.440600 9.252263 7.677744 3.336033 -0.073221 2.956416 -9999.0 -9999.0 -9999.0 -9999.0 -9999.0 -9999.0 -9999.0 -9999.0 -9999.0 -9999.0 -9999.0 -9999.0 -9999.0 -9999.0 -9999.0 -9999.0 -9999.0 -9999.0 -9999.0 -9999.0 -9999.0 -9999.0 -9999.0 -9999.0 -9999.0 -9999.0 -9999.0 -9999.0 -9999.0 -9999.0
-9999.0 -9999.0 -9999.0 -9999.0 -9999.0 -9999.0 -9999.0 -9999.0 -9999.0 -9999.0 -9999.0 -9999.0 -9999.0 -9999.0 -9999.0 -9999.0 -9999.0 -9999.0 -9999.0 -9999.0 -9999.0 -9999.0 -9999.0 -9999.0 9.354014 10.834807 11.132337 10.376611 8.460915 8.210243 3.907290 -9999.0 -9999.0 -9999.0 -9999.0 -9999.0 -9999.0 -9999.0 -9999.0 -9999.0 -9999.0 -9999.0 -9999.0 -9999.0 -9999.0 -9999.0 -9999.0 -9999.0 -9999.0 -9999.0 -9999.0 -9999.0 -9999.0 -9999.0 -9999.0 -9999.0 -9999.0 -9999.0 -9999.0 -9999.0 -9999.0 -9999.0 -9999.0
-9999.0 -9999.0 -9999.0 -9999.0 -9999.0 -9999.0 -9999.0 -9999.0 -9999.0 -9999.0 -9999.0 -9999.0 -9999.0 -9999.0 -9999.0 -9999.0 -9999.0 -9999.0 -9999.0 -9999.0 -9999.0 -9999.0 -9999.0 10.645028 11.440511 6.138002 8.567778 9.694059 6.289339 10.588291 8.043637 4.118984 -9999.0 -9999.0 -9999.0 -9999.0 -9999.0 -9999.0 -9999.0 -9999.0 -9999.0 -9999.0 -9999.0 -9999.0 -9999.0 -9999.0 -9999.0 -9999.0 -9999.0 -9999.0 -9999.0 -9999.0 -9999.0 -9999.0 -9999.0 -9999.0 -9999.0 -9999.0 -9999.0 -9999.0 -9999.0 -9999.0 -9999.0
-9999.0 -9999.0 -9999.0 -9999.0 -9999.0 -9999.0 -9999.0 -9999.0 -9999.0 -9999.0 -9999.0 -9999.0 -9999.0 -9999.0 -9999.0 -9999.0 -9999.0 -9999.0 12.577479 11.309375 -9999.0 9.738763 11.131240 8.672653 8.268042 10.276826 9.391491 9.244340 9.172901 7.983510 10.209261 7.851500 9.095394 3.730452 -9999.0 -9999.0 -9999.0 -9999.0 -9999.0 -9999.0 -9999.0 -9999.0 -9999.0 -9999.0 -9999.0 -9999.0 -9999.0 -9999.0 -9999.0 -9999.0 -9999.0 -9999.0 -9999.0 -9999.0 -9999.0 -9999.0 -9999.0 -9999.0 -9999.0 -9999.0 -9999.0 -9999.0 -9999.0
-9999.0 -9999.0 -9999.0 -9999.0 -9999.0 -9999.0 -9999.0 -9999.0 -9999.0 -9999.0 -9999.0 -9999.0 -9999.0 -9999.0 -9999.0 -9999.0 -9999.0 4.481721 7.699990 11.090413 13.011584 0.247030 6.595203 7.847869 12.544652 2.943508 2.101881 2.520124 1.929432 3.638305 9.253683 8.168481 8.176485 6.931737 2.911754 -1.224643 -9999.0 -9999.0 -9999.0 -9999.0 -9999.0 -9999.0 -9999.0 -9999.0 -9999.0 -9999.0 -9999.0 -9999.0 -9999.0 -9999.0 -9999.0 -9999.0 -9999.0 -9999.0 -9999.0 -9999.0 -9999.0 -9999.0 -9999.0 -9999.0 -9999.0 -9999.0 -9999.0
-9999.0 -9999.0 -9999.0 -9999.0 -9999.0 -9999.0 -9999.0 -9999.0 -9999.0 -9999.0 -9999.0 -9999.0 -9999.0 8.691631 4.722106 3.282041 6.686675 18.332164 4.319518 9.611289 8.540971 9.241744 11.568868 12.540130 2.696031 4.816595 2.339673 2.187036 2.013451 2.256497 2.600839 3.444382 3.427187 -0.880734 2.439012 -1.343129 -9999.0 -9999.0 -9999.0 -9999.0 -9999.0 -9999.0 -9999.0 -9999.0 -9999.0 -9999.0 -9999.0 -9999.0 -9999.0 -9999.0 -9999.0 -9999.0 -9999.0 -9999.0 -9999.0 -9999.0 -9999.0 -9999.0 -9999.0 -9999.0 -9999.0 -9999.0 -9999.0
-9999.0 -9999.0 -9999.0 -9999.0 -9999.0 -9999.0 -9999.0 -9999.0 -9999.0 -9999.0 -9999.0 -9999.0 -9999.0 9.913666 6.745252 3.339774 3.294589 13.722218 18.627076 11.629491 9.236183 10.957837 6.382942 3.120332 5.963933 4.267467 9.110175 3.414009 -0.006349 -0.006742 1.640060 -1.144994 -1.260868 -0.420894 -1.197635 -9999.0 -9999.0 -9999.0 -9999.0 -9999.0 -9999.0 -9999.0 -9999.0 -9999.0 -9999.0 -9999.0 -9999.0 -9999.0 -9999.0 -9999.0 -9999.0 -9999.0 -9999.0 -9999.0 -9999.0 -9999.0 -9999.0 -9999.0 -9999.0 -9999.0 -9999.0 -9999.0 -9999.0
-9999.0 -9999.0 -9999.0 -9999.0 -9999.0 -9999.0 -9999.0 -9999.0 -9999.0 -9999.0 -9999.0 -9999.0 -9999.0 6.568159 9.607693 3.482184 2.269214 4.232435 18.141974 4.339063 12.223965 5.594639 2.849475 2.472366 5.461408 3.173650 8.104316 -0.025022 8.276572 -0.278056 -0.588171 -0.186996 -0.220146 -1.158512 -0.592379 -9999.0 -9999.0 -9999.0 -9999.0 -9999.0 -9999.0 -9999.0 -9999.0 -9999.0 -9999.0 -9999.0 -9999.0 -9999.0 -9999.0 -9999.0 -9999.0 -9999.0 -9999.0 -9999.0 -9999.0 -9999.0 -9999.0 -9999.0 -9999.0 -9999.0 -9999.0 -9999.0 -9999.0
-9999.0 -9999.0 -9999.0 -9999.0 -9999.0 -9999.0 -9999.0 -9999.0 -9999.0 -9999.0 -9999.0 -9999.0 5.177710 9.117905 3.165075 1.642816 -0.008786 3.060070 14.465063 12.716210 7.297690 2.236449 0.140808 2.128061 3.027943 3.029007 2.051412 5.161231 7.953603 -0.645429 -0.160066 5.708361 5.013429 -2.462905 -9999.0 -9999.0 -9999.0 -9999.0 -9999.0 -9999.0 -9999.0 -9999.0 -9999.0 -9999.0 -9999.0 -9999.0 -9999.0 -9999.0 -9999.0 -9999.0 -9999.0 -9999.0 -9999.0 -9999.0 -9999.0 -9999.0 -9999.0 -9999.0 -9999.0 -9999.0 -9999.0 -9999.0 -9999.0
-9999.0 -9999.0 -9999.0 -9999.0 -9999.0 -9999.0 -9999.0 -9999.0 -9999.0 -9999.0 -9999.0 5.446638 2.815529 2.487487 1.967614 3.851073 1.976092 0.930153 13.673052 8.373873 5.559137 6.289557 8.484564 4.167784 2.910904 5.191913 -0.448408 7.126563 6.521367 -0.666362 3.189872 7.641770 5.383292 2.675712 6.351535 8.410874 11.179579 12.347630 13.181510 -9999.0 -9999.0 -9999.0 4.178295 -9999.0 -9999.0 -9999.0 -9999.0 -9999.0 -9999.0 -9999.0 -9999.0 -9999.0 -9999.0 -9999.0 -9999.0 -9999.0 -9999.0 -9999.0 -9999.0 -9999.0 -9999.0 -9999.0 -9999.0
-9999.0 -9999.0 -9999.0 -9999.0 -9999.0 -9999.0 -9999.0 -9999.0 -9999.0 -9999.0 -9999.0 4.090238 1.577631 3.045981 2.104800 -0.717135 4.063939 5.434182 13.625396 11.377712 13.431010 12.153262 9.523568 1.863565 0.112339 5.548734 8.711764 8.646954 6.979504 -0.008113 7.361175 7.989409 8.682407 4.152486 5.351692 8.268533 10.306891 14.731475 13.216788 11.057773 11.438940 8.455396 8.059019 8.539110 -9999.0 -9999.0 -9999.0 -0.081160 2.286720 3.449629 3.556790 3.416479 1.248643 -0.006761 -0.005700 -0.041399 -9999.0 -9999.0 -9999.0 -9999.0 -9999.0 -9999.0 -9999.0
-9999.0 -9999.0 -9999.0 -9999.0 -9999.0 -9999.0 -9999.0 -9999.0 -9999.0 -9999.0 -9999.0 5.929550 -0.243198 0.960574 4.468378 6.161028 1.037461 2.436029 12.562678 12.293330 2.777884 5.989107 0.235939 8.979972 3.946473 10.445538 3.065020 2.382883 3.620628 3.630382 3.247531 1.911186 9.886707 5.937096 9.341361 9.251449 2.073413 7.527577 15.787042 12.106467 12.738634 9.786622 9.306501 9.592496 5.986803 -9999.0 -0.465156 3.381749 7.300151 8.836343 9.375796 9.532097 9.185807 9.022787 8.828098 5.077604 -9999.0 -9999.0 -9999.0 -9999.0 -9999.0 -9999.0 -9999.0
-9999.0 -9999.0 -9999.0 -9999.0 -9999.0 -9999.0 -9999.0 -9999.0 -9999.0 -9999.0 -9999.0 -9999.0 3.363495 -0.015714 9.147229 8.027990 0.665616 2.452183 14.153454 12.497293 5.889496 7.142081 7.008664 4.120427 1.897620 0.102936 10.467452 4.514187 5.848198 7.478617 8.034202 2.066120 10.107905 7.554113 3.614335 7.834602 1.673885 5.999096 17.295344 13.548782 13.740114 14.628707 2.927154 10.914784 11.201707 6.750951 3.446165 3.457285 1.178354 3.522321 6.078245 2.069439 3.646690 -0.010424 -0.048630 -0.042302 2.152316 -9999.0 -9999.0 -9999.0 -9999.0 -9999.0 -9999.0
-9999.0 -9999.0 -9999.0 -9999.0 -9999.0 -9999.0 -9999.0 -9999.0 -9999.0 -9999.0 -9999.0 -0.006971 -0.546013 3.719429 1.072559 1.119359 2.817476 2.601422 14.683184 4.259583 7.143015 5.411856 4.554711 0.455594 0.097513 5.793244 2.797204 3.626488 9.388744 10.805053 2.722218 2.627977 9.284219 5.720249 1.270937 5.589505 8.031817 2.882836 -0.003945 16.252526 7.533022 8.615416 7.032482 7.471527 11.848097 7.856009 7.812687 10.159694 9.080265 6.981106 0.145779 -0.048207 -0.058862 -0.054775 -0.052886 -0.061850 3.710153 -9999.0 -9999.0 -9999.0 -9999.0 -9999.0 -9999.0
-9999.0 -9999.0 -9999.0 -9999.0 -9999.0 -9999.0 -9999.0 -9999.0 -9999.0 -9999.0 5.614197 1.001827 8.845950 8.170354 10.088345 4.350257 2.555196 2.210567 7.211827 4.683483 12.842456 10.068562 4.689227 13.383178 7.449421 3.207714 0.079747 0.349179 11.782024 11.811944 5.182749 2.552019 6.859746 3.217345 -2.324417 4.894628 10.047027 -0.005578 -0.023107 7.769002 8.762675 9.561277 14.786367 3.070054 5.135774 12.060490 9.742139 4.939999 5.916374 6.855962 1.737589 -0.053507 -0.054912 -0.056983 -0.053507 7.933090 7.832199 -9999.0 -9999.0 -9999.0 -9999.0 -9999.0 -9999.0
-9999.0 -9999.0 -9999.0 -9999.0 -9999.0 -9999.0 -9999.0 -9999.0 -9999.0 3.514313 4.460096 1.361360 3.997434 2.026598 2.845306 2.647713 0.111172 12.327818 8.297917 5.424350 13.492888 7.397128 7.245458 8.935259 4.222458 2.548913 2.051017 12.443783 7.192694 7.579412 7.861945 1.695784 2.757333 -0.791447 4.345779 6.957225 6.517332 -0.010262 1.359139 2.391269 3.012129 2.372379 2.313608 7.095160 6.838560 6.641329 13.178034 7.066394 5.917170 6.650307 3.614857 3.666973 -0.061652 -0.047806 1.165760 1.969613 4.207910 9.120079 4.227204 -9999.0 -9999.0 -9999.0 -9999.0
-9999.0 -9999.0 -9999.0 -9999.0 -9999.0 -9999.0 -9999.0 -9999.0 -9999.0 3.689219 3.536913 4.932602 10.943057 6.315320 1.251957 2.026989 11.903919 7.877063 9.353384 16.426027 15.992710 17.083622 11.678464 11.639083 2.735749 4.724833 6.894392 7.863093 9.373676 8.816067 8.870278 1.032098 4.636118 4.909695 8.758058 12.512905 12.622002 12.971377 5.774938 7.321948 -0.007411 1.022215 5.073218 6.935593 3.835434 9.042878 9.595777 9.678482 8.364369 7.851489 0.778122 1.967524 -0.175599 -0.034609 -0.075841 -0.050782 2.636650 6.343550 11.026817 -9999.0 -9999.0 -9999.0 -9999.0
-9999.0 -9999.0 -9999.0 -9999.0 -9999.0 -9999.0 -9999.0 -9999.0 -9999.0 -9999.0 4.071618 7.180759 2.816590 1.897488 7.872212 5.999109 6.572167 9.223265 10.384300 11.515581 13.735656 8.792413 4.994889 4.045188 4.606651 7.838026 8.994324 10.162610 10.063590 2.330788 2.108560 2.163042 0.569098 2.922667 8.485914 9.251955 12.089614 10.993853 11.366800 3.215535 -0.751218 9.453933 8.832216 2.672270 2.870857 3.283824 6.568895 11.023394 10.818946 8.877592 2.744903 0.723146 4.407809 -0.304561 -0.048318 -0.034199 4.090345 8.141300 8.896729 8.828635 -9999.0 -9999.0 -9999.0
-9999.0 -9999.0 -9999.0 -9999.0 -9999.0 -9999.0 -9999.0 -9999.0 -9999.0 -9999.0 4.004505 5.531309 6.308268 3.636192 12.994785 6.674504 6.827595 8.220981 11.452874 12.636792 9.891224 8.000591 6.147468 7.613803 7.509506 10.343774 10.783193 7.034478 2.755726 0.040774 3.816429 6.632060 1.969752 0.577208 3.323504 3.727623 5.020232 4.166512 1.896243 3.589324 6.013388 8.231766 2.028096 3.708350 5.178636 2.524821 3.240981 4.574276 8.584969 11.067853 8.770039 5.209453 1.983235 6.157852 -0.006794 3.466767 -0.037075 5.246235 9.809993 11.128946 -9999.0 -9999.0 -9999.0
-9999.0 -9999.0 -9999.0 -9999.0 -9999.0 -9999.0 -9999.0 -9999.0 11.434901 10.738036 8.362929 5.081973 2.803820 2.973215 2.949353 4.433365 9.377681 17.875240 13.708371 13.670624 11.892470 10.628503 9.451634 7.396711 9.231232 10.293793 13.448396 3.168220 3.003078 2.045954 -0.266860 3.674233 5.563121 4.065666 5.707468 -0.382623 8.405332 4.651177 1.196402 8.099391 3.550247 3.701330 1.568131 -0.293341 8.903899 8.516307 0.639046 2.949318 6.726538 5.432051 9.237373 6.705502 0.228255 2.074085 7.510058 10.666299 9.820221 13.761678 11.297155 12.133117 -9999.0 -9999.0 -9999.0
-9999.0 -9999.0 -9999.0 -9999.0 -9999.0 -9999.0 -9999.0 -9999.0 2.664966 4.560190 2.249938 2.741410 4.190748 3.118443 2.730947 6.563007 8.261615 8.748466 12.300280 14.285817 21.142149 19.413448 17.782774 16.850536 10.389523 10.415325 7.043274 5.946422 0.095999 9.026092 6.790730 10.590236 7.537999 8.312184 6.994703 8.106492 10.541237 6.350290 2.499100 7.398474 2.144412 -0.085756 2.745388 7.998522 9.788085 2.323437 1.837416 5.749283 4.788052 8.933231 11.552077 8.340692 0.135590 11.026117 13.211752 8.734582 8.861350 10.632972 13.182642 14.485600 15.630176 -9999.0 -9999.0
-9999.0 -9999.0 -9999.0 -9999.0 -9999.0 -9999.0 -9999.0 -9999.0 3.900506 9.673692 10.303541 0.147999 9.606559 0.082236 6.823596 6.122752 8.024606 11.266208 12.535896 20.009356 14.909457 19.719017 20.099130 14.172536 17.605154 9.829508 7.722583 2.752966 4.299370 11.041531 11.260395 11.130993 2.068593 2.253014 8.592647 10.643135 3.045731 6.928821 2.233635 1.924756 3.861418 3.806394 5.524324 4.492023 1.270808 4.541225 10.213293 9.375497 0.069246 7.809573 9.978131 11.066699 7.246421 7.047174 11.068057 10.319397 12.538245 13.331039 14.860152 14.400210 14.648732 -9999.0 -9999.0
-9999.0 -9999.0 -9999.0 -9999.0 -9999.0 -9999.0 -9999.0 -9999.0 0.714375 8.930408 3.727608 1.119796 10.366501 5.019123 6.873597 8.512962 11.536561 11.827919 11.018676 11.974096 13.816859 14.604216 19.705131 19.226735 10.161206 8.095821 4.816767 3.325249 12.816496 6.954410 5.429486 5.806889 7.372394 6.849910 3.348008 11.715991 12.491841 7.682907 4.395094 0.364027 8.618210 9.268312 9.817058 13.256642 9.374455 11.684132 11.188558 12.395418 11.566578 7.943805 8.682979 12.148664 12.473797 9.599872 13.256293 13.784417 14.529279 12.269242 13.416390 14.491713 13.118565 10.420219 -9999.0
-9999.0 -9999.0 -9999.0 -9999.0 -9999.0 -9999.0 -9999.0 -9999.0 3.841570 9.319961 5.364578 6.100904 7.042834 7.639556 14.808563 11.548713 9.567716 9.284758 7.425162 9.366280 11.339395 13.913724 14.519215 14.265431 17.504292 7.830023 5.029339 7.611181 8.726601 8.286652 4.405167 7.526646 9.592906 7.793823 6.911964 7.640158 8.265153 9.036516 8.452212 7.482863 6.843480 7.149002 7.596303 7.361742 2.382828 11.959006 7.301848 8.377849 8.024293 10.553394 13.036897 12.054224 12.969353 14.653946 14.642686 13.850742 14.648861 14.481177 13.697143 13.577000 11.598601 9.630857 -9999.0
-9999.0 -9999.0 11.036863 11.054652 0.127576 0.192175 3.174940 0.154801 9.773056 8.524829 4.567188 4.335592 8.126030 10.686792 16.814416 7.809631 8.013447 2.861409 3.384881 7.286188 9.675448 11.605994 13.043349 12.729406 11.605994 9.754091 7.947920 7.995378 9.219509 14.067440 6.398640 6.496211 12.375918 7.795241 10.064398 8.178968 11.324225 10.566105 9.679413 7.469355 9.615433 9.979276 8.176282 9.291575 6.123191 8.211988 9.850903 6.548008 11.807472 13.172702 14.564727 14.159833 14.648285 14.740389 14.499395 19.592213 12.791814 13.198025 12.705288 11.208403 13.845082 8.515074 -9999.0
-9999.0 5.386590 5.218684 4.619190 1.052470 4.544622 2.864365 2.063046 0.179563 7.720796 3.402277 5.912267 8.167796 14.332204 14.269821 7.551487 3.878526 2.846771 4.573334 7.954684 10.270861 11.278447 14.873146 11.650066 19.559190 13.877370 18.100438 17.808534 12.303433 10.518761 11.359982 10.491331 10.202061 15.369669 12.247494 12.543112 13.817313 12.674064 13.227853 12.215759 12.235192 12.251112 11.723096 9.060511 8.604624 9.304718 9.634926 11.778962 14.165937 11.967088 13.634394 13.596264 12.410138 11.903769 11.585621 12.209305 10.297723 10.160091 10.574904 12.028494 7.821755 7.956722 -9999.0
-9999.0 10.261533 6.808526 7.324507 11.646743 6.352741 0.862596 0.178931 10.661563 11.200380 4.273743 7.019004 9.700544 14.579756 8.587520 3.019082 0.083512 0.111668 7.763076 7.849654 12.115598 10.080313 9.655994 11.402565 18.876203 20.930696 13.615068 14.673405 13.044228 12.436396 13.234551 12.440047 11.763749 11.214340 16.553867 13.601406 20.908440 22.285445 15.425391 15.237213 14.498202 13.470780 13.413031 12.218557 13.445060 13.759189 13.737765 13.941366 13.137522 13.335581 11.964478 10.307965 10.097780 11.022873 11.069861 8.732085 8.998887 7.198470 6.527996 6.559166 6.818884 -9999.0 -9999.0
