user2019/resources/simulation/Vinschgau/output-maps/TL0002N0699.asc
ncols         63
nrows         48
xllcorner     598000.000000
yllcorner     5145000.000000
cellsize      1000.000000
NODATA_value  -9999.0
[rows 0 to 27 of 48, columns 0 to 62 of 63]
-9999.0 -9999.0 -9999.0 -9999.0 -9999.0 -9999.0 -9999.0 -9999.0 -9999.0 -9999.0 -9999.0 -9999.0 -9999.0 -9999.0 -9999.0 -9999.0 -9999.0 -9999.0 -9999.0 -9999.0 -9999.0 -9999.0 -9999.0 -9999.0 -9999.0 -9999.0 -9999.0 -9999.0 -9999.0 -9999.0 -9999.0 -9999.0 -9999.0 -9999.0 -9999.0 -9999.0 -9999.0 -9999.0 -9999.0 -9999.0 -9999.0 -9999.0 -9999.0 -9999.0 -9999.0 -9999.0 -9999.0 -9999.0 -9999.0 -9999.0 -9999.0 -9999.0 -9999.0 -9999.0 -9999.0 -9999.0 -9999.0 -9999.0 -9999.0 -9999.0 -9999.0 -9999.0 -9999.0
-9999.0 -9999.0 -9999.0 -9999.0 -9999.0 -9999.0 -9999.0 -9999.0 -9999.0 -9999.0 -9999.0 -9999.0 -9999.0 -9999.0 -9999.0 -9999.0 -9999.0 -9999.0 -9999.0 -9999.0 -9999.0 -9999.0 -9999.0 -9999.0 -9999.0 -9999.0 -9999.0 13.530936 12.073597 11.073414 8.780898 7.237564 7.730626 -9999.0 -9999.0 -9999.0 -9999.0 -9999.0 -9999.0 -9999.0 -9999.0 -9999.0 -9999.0 -9999.0 -9999.0 -9999.0 -9999.0 -9999.0 -9999.0 -9999.0 -9999.0 -9999.0 -9999.0 -9999.0 -9999.0 -9999.0 -9999.0 -9999.0 -9999.0 -9999.0 -9999.0 -9999.0 -9999.0
-9999.0 -9999.0 -9999.0 -9999.0 -9999.0 -9999.0 -9999.0 -9999.0 -9999.0 -9999.0 -9999.0 -9999.0 -9999.0 -9999.0 -9999.0 -9999.0 -9999.0 -9999.0 -9999.0 -9999.0 -9999.0 -9999.0 -9999.0 -9999.0 12.079359 13.147815 13.479238 13.228733 11.843018 11.483920 9.759740 -9999.0 -9999.0 -9999.0 -9999.0 -9999.0 -9999.0 -9999.0 -9999.0 -9999.0 -9999.0 -9999.0 -9999.0 -9999.0 -9999.0 -9999.0 -9999.0 -9999.0 -9999.0 -9999.0 -9999.0 -9999.0 -9999.0 -9999.0 -9999.0 -9999.0 -9999.0 -9999.0 -9999.0 -9999.0 -9999.0 -9999.0 -9999.0
-9999.0 -9999.0 -9999.0 -9999.0 -9999.0 -9999.0 -9999.0 -9999.0 -9999.0 -9999.0 -9999.0 -9999.0 -9999.0 -9999.0 -9999.0 -9999.0 -9999.0 -9999.0 -9999.0 -9999.0 -9999.0 -9999.0 -9999.0 12.871442 14.006816 11.744544 11.475506 11.768340 10.486291 13.222750 11.986791 10.176119 -9999.0 -9999.0 -9999.0 -9999.0 -9999.0 -9999.0 -9999.0 -9999.0 -9999.0 -9999.0 -9999.0 -9999.0 -9999.0 -9999.0 -9999.0 -9999.0 -9999.0 -9999.0 -9999.0 -9999.0 -9999.0 -9999.0 -9999.0 -9999.0 -9999.0 -9999.0 -9999.0 -9999.0 -9999.0 -9999.0 -9999.0
-9999.0 -9999.0 -9999.0 -9999.0 -9999.0 -9999.0 -9999.0 -9999.0 -9999.0 -9999.0 -9999.0 -9999.0 -9999.0 -9999.0 -9999.0 -9999.0 -9999.0 -9999.0 14.982291 14.114968 -9999.0 12.488149 13.488508 11.835035 11.603047 13.033843 11.511779 11.419483 13.346659 11.404376 12.887617 10.321395 13.648505 12.721494 -9999.0 -9999.0 -9999.0 -9999.0 -9999.0 -9999.0 -9999.0 -9999.0 -9999.0 -9999.0 -9999.0 -9999.0 -9999.0 -9999.0 -9999.0 -9999.0 -9999.0 -9999.0 -9999.0 -9999.0 -9999.0 -9999.0 -9999.0 -9999.0 -9999.0 -9999.0 -9999.0 -9999.0 -9999.0
-9999.0 -9999.0 -9999.0 -9999.0 -9999.0 -9999.0 -9999.0 -9999.0 -9999.0 -9999.0 -9999.0 -9999.0 -9999.0 -9999.0 -9999.0 -9999.0 -9999.0 13.063818 11.417847 13.223583 16.174985 9.663793 11.153333 10.889825 15.876528 9.664967 7.962767 8.769926 7.995835 9.607653 12.903323 11.732431 12.391464 10.987262 9.104012 6.912896 -9999.0 -9999.0 -9999.0 -9999.0 -9999.0 -9999.0 -9999.0 -9999.0 -9999.0 -9999.0 -9999.0 -9999.0 -9999.0 -9999.0 -9999.0 -9999.0 -9999.0 -9999.0 -9999.0 -9999.0 -9999.0 -9999.0 -9999.0 -9999.0 -9999.0 -9999.0 -9999.0
-9999.0 -9999.0 -9999.0 -9999.0 -9999.0 -9999.0 -9999.0 -9999.0 -9999.0 -9999.0 -9999.0 -9999.0 -9999.0 11.949848 10.734978 11.177787 13.224176 20.029183 12.677745 12.097352 11.902512 12.672650 13.038140 15.451967 8.943250 9.597269 8.680526 7.661261 8.556184 8.084823 8.857092 8.758321 9.066352 6.810289 7.533243 6.408663 -9999.0 -9999.0 -9999.0 -9999.0 -9999.0 -9999.0 -9999.0 -9999.0 -9999.0 -9999.0 -9999.0 -9999.0 -9999.0 -9999.0 -9999.0 -9999.0 -9999.0 -9999.0 -9999.0 -9999.0 -9999.0 -9999.0 -9999.0 -9999.0 -9999.0 -9999.0 -9999.0
-9999.0 -9999.0 -9999.0 -9999.0 -9999.0 -9999.0 -9999.0 -9999.0 -9999.0 -9999.0 -9999.0 -9999.0 -9999.0 13.194891 11.562476 11.384602 11.797612 15.769301 20.583327 13.800056 12.825221 11.631650 10.563260 9.175662 9.880603 8.791451 11.828298 8.366177 8.742041 6.532362 7.853990 6.405276 6.428404 4.151900 6.244925 -9999.0 -9999.0 -9999.0 -9999.0 -9999.0 -9999.0 -9999.0 -9999.0 -9999.0 -9999.0 -9999.0 -9999.0 -9999.0 -9999.0 -9999.0 -9999.0 -9999.0 -9999.0 -9999.0 -9999.0 -9999.0 -9999.0 -9999.0 -9999.0 -9999.0 -9999.0 -9999.0 -9999.0
-9999.0 -9999.0 -9999.0 -9999.0 -9999.0 -9999.0 -9999.0 -9999.0 -9999.0 -9999.0 -9999.0 -9999.0 -9999.0 11.425395 13.277678 11.941125 11.054835 12.396444 20.883557 13.351365 13.842813 11.699575 8.752270 8.826700 9.541193 9.072487 11.002747 7.002058 11.577639 5.555664 6.380593 -0.003232 0.376945 0.002754 4.910999 -9999.0 -9999.0 -9999.0 -9999.0 -9999.0 -9999.0 -9999.0 -9999.0 -9999.0 -9999.0 -9999.0 -9999.0 -9999.0 -9999.0 -9999.0 -9999.0 -9999.0 -9999.0 -9999.0 -9999.0 -9999.0 -9999.0 -9999.0 -9999.0 -9999.0 -9999.0 -9999.0 -9999.0
-9999.0 -9999.0 -9999.0 -9999.0 -9999.0 -9999.0 -9999.0 -9999.0 -9999.0 -9999.0 -9999.0 -9999.0 9.745920 13.054267 10.048686 10.185545 9.083701 11.203558 16.842487 12.161348 10.639333 9.012181 8.467516 8.430180 9.395520 7.854488 7.578929 10.437580 11.007987 6.641297 -0.019980 9.704295 9.494138 6.852428 -9999.0 -9999.0 -9999.0 -9999.0 -9999.0 -9999.0 -9999.0 -9999.0 -9999.0 -9999.0 -9999.0 -9999.0 -9999.0 -9999.0 -9999.0 -9999.0 -9999.0 -9999.0 -9999.0 -9999.0 -9999.0 -9999.0 -9999.0 -9999.0 -9999.0 -9999.0 -9999.0 -9999.0 -9999.0
-9999.0 -9999.0 -9999.0 -9999.0 -9999.0 -9999.0 -9999.0 -9999.0 -9999.0 -9999.0 -9999.0 10.126866 8.305358 10.011236 7.909575 9.569735 10.176383 10.626149 16.962167 12.155425 10.292778 10.889926 11.552733 9.414470 8.478102 9.369167 5.940278 10.157182 10.240382 5.119979 9.074530 10.982113 9.713776 8.623576 9.198539 10.021560 12.167120 13.535400 13.799654 -9999.0 -9999.0 -9999.0 11.530765 -9999.0 -9999.0 -9999.0 -9999.0 -9999.0 -9999.0 -9999.0 -9999.0 -9999.0 -9999.0 -9999.0 -9999.0 -9999.0 -9999.0 -9999.0 -9999.0 -9999.0 -9999.0 -9999.0 -9999.0
-9999.0 -9999.0 -9999.0 -9999.0 -9999.0 -9999.0 -9999.0 -9999.0 -9999.0 -9999.0 -9999.0 9.973005 7.603615 8.953421 9.119298 8.802412 10.805821 11.208118 16.658963 14.020297 14.190081 13.961104 10.808342 7.010188 7.104707 9.969344 11.942001 11.127540 9.819916 7.331748 10.544812 11.373058 11.859388 8.679576 9.655618 10.162405 12.360511 17.406186 15.468689 13.338234 14.394797 12.046124 10.813420 12.650285 -9999.0 -9999.0 -9999.0 8.239523 8.886168 9.907798 10.188454 9.706989 9.378582 10.995235 9.517237 9.026665 -9999.0 -9999.0 -9999.0 -9999.0 -9999.0 -9999.0 -9999.0
-9999.0 -9999.0 -9999.0 -9999.0 -9999.0 -9999.0 -9999.0 -9999.0 -9999.0 -9999.0 -9999.0 10.733436 9.171235 7.329499 10.509169 11.496864 7.924937 9.730895 14.176617 15.704098 10.095910 9.615599 9.000321 12.498130 8.518313 14.256970 8.812071 7.396535 8.494509 9.174731 7.924811 7.498674 11.506267 9.501825 9.250681 11.494503 9.327195 11.043382 19.972740 14.530614 14.372511 12.246250 11.840081 12.765976 10.834623 -9999.0 7.177430 9.333796 10.999688 12.171255 12.744388 13.009815 12.290648 11.812924 11.489350 10.586481 -9999.0 -9999.0 -9999.0 -9999.0 -9999.0 -9999.0 -9999.0
-9999.0 -9999.0 -9999.0 -9999.0 -9999.0 -9999.0 -9999.0 -9999.0 -9999.0 -9999.0 -9999.0 -9999.0 9.203073 6.822972 13.525957 12.684475 8.461648 10.037236 15.171284 15.772156 10.061410 10.067161 9.989609 8.961350 7.368074 8.837007 13.196044 8.567864 8.977987 12.543986 11.623082 7.929919 10.980211 9.510361 7.038969 9.192037 7.958223 11.154232 21.038210 17.070039 16.416298 17.256820 9.615702 12.947687 14.380044 11.068260 9.803212 9.219290 7.342792 9.332136 10.754331 7.245145 9.506560 6.827167 6.229552 7.596096 9.691301 -9999.0 -9999.0 -9999.0 -9999.0 -9999.0 -9999.0
-9999.0 -9999.0 -9999.0 -9999.0 -9999.0 -9999.0 -9999.0 -9999.0 -9999.0 -9999.0 -9999.0 7.630720 8.739719 9.799924 7.918029 7.999160 9.336264 9.274508 14.600636 12.186219 10.423123 9.697754 9.151274 8.524829 8.970198 9.597755 8.092756 8.216992 11.875201 13.849133 8.517256 9.041426 12.359591 9.113395 6.907753 8.938985 8.621546 10.131771 12.162555 20.538136 10.867836 12.348385 11.237333 10.644949 15.136203 11.498320 11.371722 11.746595 11.661734 10.145808 6.557444 6.943571 5.437712 4.662945 4.256477 -0.162272 9.791765 -9999.0 -9999.0 -9999.0 -9999.0 -9999.0 -9999.0
-9999.0 -9999.0 -9999.0 -9999.0 -9999.0 -9999.0 -9999.0 -9999.0 -9999.0 -9999.0 10.438116 8.353649 13.407246 12.351620 13.277294 9.845801 8.645034 8.823085 11.833337 12.153011 14.513424 12.287974 8.707767 14.958651 10.580937 8.838996 7.099763 7.925156 13.748945 14.029027 9.740586 8.444787 9.566541 7.985595 7.198662 8.287474 11.289900 8.532846 9.836352 12.453700 12.709417 11.281495 13.579467 11.055135 10.435569 15.112946 11.245307 9.572954 10.491758 10.397387 7.257131 6.632482 3.561358 -0.044566 0.473768 10.571007 10.704836 -9999.0 -9999.0 -9999.0 -9999.0 -9999.0 -9999.0
-9999.0 -9999.0 -9999.0 -9999.0 -9999.0 -9999.0 -9999.0 -9999.0 -9999.0 8.455289 9.413118 7.879887 9.504287 8.595984 8.931356 8.209731 7.683905 14.260116 11.648771 12.465264 14.834280 10.456528 10.323053 12.116560 9.537665 7.760632 8.245671 14.364763 10.416309 10.508932 11.151149 7.102248 6.406424 4.982777 11.666630 8.527426 8.494813 7.540987 7.399848 8.842884 9.816943 8.950032 8.838619 11.590135 10.835197 11.006778 14.592070 10.042589 9.570648 11.257952 8.551625 9.236286 0.011034 6.095247 8.535262 6.913566 7.867493 14.430976 13.335085 -9999.0 -9999.0 -9999.0 -9999.0
-9999.0 -9999.0 -9999.0 -9999.0 -9999.0 -9999.0 -9999.0 -9999.0 -9999.0 9.048766 8.499183 9.295923 13.646902 10.405683 9.612492 8.809656 13.893974 10.973750 12.213152 16.904334 16.740160 17.577977 12.018743 12.037106 8.086696 9.162526 10.141929 11.013178 12.193766 10.008723 10.370408 6.989490 8.713427 9.739773 10.264833 15.161608 14.598822 14.513174 8.857886 9.707758 7.330040 6.729047 9.873246 10.551796 11.866874 13.855903 13.519292 12.249389 11.329792 10.701575 6.830397 6.131077 7.406098 7.380664 6.895114 5.783320 7.766763 9.198287 16.077230 -9999.0 -9999.0 -9999.0 -9999.0
-9999.0 -9999.0 -9999.0 -9999.0 -9999.0 -9999.0 -9999.0 -9999.0 -9999.0 -9999.0 9.907286 9.794614 8.385792 9.708096 10.831244 9.921555 10.170640 11.764460 12.145951 14.215554 14.009757 11.348455 9.421341 8.865400 9.230578 10.852761 11.979044 12.747969 10.558166 7.309483 6.835424 7.868782 5.112297 7.394842 11.002271 12.294039 14.083141 12.036964 13.403115 6.969770 5.816933 12.506188 10.846929 8.328566 9.283617 9.720584 10.306042 12.279654 14.044122 11.398986 7.845542 8.269530 9.430803 7.939076 -0.005982 7.723273 8.426306 10.832498 11.483047 11.730875 -9999.0 -9999.0 -9999.0
-9999.0 -9999.0 -9999.0 -9999.0 -9999.0 -9999.0 -9999.0 -9999.0 -9999.0 -9999.0 8.762329 9.168679 9.684546 8.932059 15.776280 10.224948 9.963307 11.462934 12.546323 14.751017 12.686502 10.840077 9.688130 10.290413 10.600223 12.417455 13.463833 10.018167 7.838078 5.081597 7.422086 9.263307 6.964361 7.218513 7.545568 8.223313 9.717567 8.944655 7.228762 7.977040 9.531346 10.708488 7.249562 8.555723 9.533038 8.424411 8.567765 9.377101 11.473872 13.418155 11.394511 8.513785 7.311963 9.611125 8.104989 12.598701 6.294972 8.759224 12.218933 13.743898 -9999.0 -9999.0 -9999.0
-9999.0 -9999.0 -9999.0 -9999.0 -9999.0 -9999.0 -9999.0 -9999.0 12.304242 12.994068 11.251395 8.858152 7.736802 8.215359 8.661682 11.543260 12.145146 17.782003 14.858691 15.364300 14.117818 12.558472 11.786057 10.624187 11.928237 12.766840 13.780540 8.402754 7.639592 6.128185 6.373921 7.831488 8.842498 9.467602 9.250011 5.982476 11.133735 9.019803 5.994495 12.623053 8.539361 8.456079 5.757524 7.215464 14.685068 10.429867 6.575642 7.741015 9.644550 12.510278 11.622449 9.041330 7.893340 5.672238 13.010574 11.967094 12.873784 15.040390 12.700222 13.678699 -9999.0 -9999.0 -9999.0
-9999.0 -9999.0 -9999.0 -9999.0 -9999.0 -9999.0 -9999.0 -9999.0 7.242047 8.770225 7.732304 7.991604 8.803506 8.336174 8.371837 9.963522 10.952791 11.257607 13.601774 15.601585 19.929772 18.577162 17.394555 17.039438 12.452145 13.122244 10.946145 9.151195 6.828670 10.976071 10.584640 14.654310 9.873740 12.875378 9.986948 10.645311 12.593603 9.720998 7.816501 10.915677 7.269955 -0.067875 7.454264 10.468123 12.286370 7.259065 6.202120 9.309924 8.472581 11.181517 13.352901 10.397243 7.213258 10.895725 14.479132 10.525704 10.958965 12.025217 14.419889 15.566155 16.950438 -9999.0 -9999.0
-9999.0 -9999.0 -9999.0 -9999.0 -9999.0 -9999.0 -9999.0 -9999.0 7.644584 10.538291 12.741484 6.978615 11.187097 7.404514 9.800278 9.014846 10.734093 12.898279 14.169122 19.016050 16.012946 18.900158 18.603725 15.284176 18.471397 11.572237 10.373149 8.112126 8.443603 12.563892 14.465400 11.943472 7.321058 7.606314 10.657868 13.032520 7.971790 9.934155 7.253384 6.998346 9.041211 8.973679 9.586425 9.065525 6.246516 8.749978 13.776196 11.643645 6.677993 8.917517 12.922105 12.292603 8.434757 8.097863 11.472127 12.186850 13.462861 14.287502 15.356543 15.583999 15.982159 -9999.0 -9999.0
-9999.0 -9999.0 -9999.0 -9999.0 -9999.0 -9999.0 -9999.0 -9999.0 6.908161 10.065352 9.645411 8.893149 12.034661 9.117173 9.663782 11.021492 13.109948 14.273183 12.930828 14.360521 15.114872 15.726190 18.757729 18.829349 12.449723 10.636857 9.052339 7.728642 14.471710 9.523007 9.101503 8.938617 10.159281 9.870397 7.887618 13.100747 13.618988 10.376134 7.832710 7.623099 11.467346 12.252425 11.053532 15.961566 12.038560 14.533384 13.086350 14.873421 13.198125 10.004961 10.611631 13.400910 12.985385 12.169956 13.372101 14.014305 14.871516 14.486401 15.546658 15.887704 14.200741 12.365524 -9999.0
-9999.0 -9999.0 -9999.0 -9999.0 -9999.0 -9999.0 -9999.0 -9999.0 10.044798 9.928095 9.040055 8.855539 9.562233 10.130310 15.300089 13.089173 12.605822 11.699453 10.406507 11.643440 13.558523 15.036353 15.396396 15.196002 16.002252 10.236990 8.439719 10.365045 11.470634 10.778860 8.483951 10.042380 11.571527 10.106299 9.450939 9.760215 10.457897 11.180861 10.313351 9.591199 9.386773 9.590475 9.906620 10.032024 8.224604 14.013595 9.804707 10.486069 10.468715 12.319108 13.605588 12.941117 13.633959 14.783046 14.686804 14.829895 15.456716 15.491858 14.881743 14.112349 13.258215 10.799430 -9999.0
-9999.0 -9999.0 12.715239 12.379437 7.529272 8.489708 8.425959 7.715709 11.820335 9.392372 8.349645 10.413872 10.351075 12.201571 17.550316 11.716354 10.173826 8.184278 8.317347 10.114092 11.703663 12.953690 14.908735 15.196857 14.302191 11.493500 10.381248 10.403713 11.054383 14.306518 9.430456 9.213720 14.097408 10.217507 11.876984 10.347097 12.950228 12.238901 10.898291 9.455557 11.475102 11.890987 10.475331 11.246114 8.970161 10.772506 12.178617 10.739598 13.103139 14.381131 14.736764 15.780343 15.610435 15.332708 14.736181 18.522395 13.990887 13.870673 13.143522 12.843172 13.318866 10.332693 -9999.0
-9999.0 9.370512 8.990338 9.046535 8.843278 8.967516 7.920640 6.555448 6.103235 8.700623 7.683439 9.074420 11.375613 15.138166 14.394363 9.453305 7.950118 7.572003 9.347832 10.244697 11.912901 12.416134 16.025428 13.937484 18.852292 14.794885 18.480152 18.104844 13.550662 12.780075 13.186425 12.623399 12.432931 16.282268 13.457027 14.431780 14.378253 13.889832 14.338944 14.168705 14.046476 13.710251 13.497360 11.545882 11.165458 11.811740 14.109444 13.091619 14.994535 14.144338 14.770529 14.502554 13.694236 13.589564 13.406472 12.535448 11.737978 11.769531 11.678941 11.995064 10.935440 11.415225 -9999.0
-9999.0 10.688697 9.857501 10.110487 14.662107 9.764559 7.478871 7.775424 12.508539 12.464223 8.458715 9.300516 11.346937 14.498009 10.095157 7.871490 6.990840 8.122129 10.108959 10.038996 11.736933 11.553563 12.469279 13.442721 18.770219 20.127638 15.361479 15.960410 15.108814 13.117625 14.561948 13.744169 13.856113 13.916490 16.950567 15.002884 18.859837 21.702489 15.850414 16.078667 15.501188 15.205091 14.703294 14.384386 15.306843 14.764361 16.370092 16.347309 14.691298 14.817220 13.034052 11.949608 11.815419 12.443814 11.734704 10.293460 10.582116 9.782704 9.945042 9.618394 9.890167 -9999.0 -9999.0
