user2019/resources/simulation/Vinschgau/output-maps/TL0002N0538.asc
ncols         63
nrows         48
xllcorner     598000.000000
yllcorner     5145000.000000
cellsize      1000.000000
NODATA_value  -9999.0
[rows 0 to 27 of 48, columns 0 to 62 of 63]
-9999.0 -9999.0 -9999.0 -9999.0 -9999.0 -9999.0 -9999.0 -9999.0 -9999.0 -9999.0 -9999.0 -9999.0 -9999.0 -9999.0 -9999.0 -9999.0 -9999.0 -9999.0 -9999.0 -9999.0 -9999.0 -9999.0 -9999.0 -9999.0 -9999.0 -9999.0 -9999.0 -9999.0 -9999.0 -9999.0 -9999.0 -9999.0 -9999.0 -9999.0 -9999.0 -9999.0 -9999.0 -9999.0 -9999.0 -9999.0 -9999.0 -9999.0 -9999.0 -9999.0 -9999.0 -9999.0 -9999.0 -9999.0 -9999.0 -9999.0 -9999.0 -9999.0 -9999.0 -9999.0 -9999.0 -9999.0 -9999.0 -9999.0 -9999.0 -9999.0 -9999.0 -9999.0 -9999.0
-9999.0 -9999.0 -9999.0 -9999.0 -9999.0 -9999.0 -9999.0 -9999.0 -9999.0 -9999.0 -9999.0 -9999.0 -9999.0 -9999.0 -9999.0 -9999.0 -9999.0 -9999.0 -9999.0 -9999.0 -9999.0 -9999.0 -9999.0 -9999.0 -9999.0 -9999.0 -9999.0 13.917124 13.717751 13.315103 11.724806 12.139497 10.681087 -9999.0 -9999.0 -9999.0 -9999.0 -9999.0 -9999.0 -9999.0 -9999.0 -9999.0 -9999.0 -9999.0 -9999.0 -9999.0 -9999.0 -9999.0 -9999.0 -9999.0 -9999.0 -9999.0 -9999.0 -9999.0 -9999.0 -9999.0 -9999.0 -9999.0 -9999.0 -9999.0 -9999.0 -9999.0 -9999.0
-9999.0 -9999.0 -9999.0 -9999.0 -9999.0 -9999.0 -9999.0 -9999.0 -9999.0 -9999.0 -9999.0 -9999.0 -9999.0 -9999.0 -9999.0 -9999.0 -9999.0 -9999.0 -9999.0 -9999.0 -9999.0 -9999.0 -9999.0 -9999.0 14.279132 14.495675 14.226815 14.441234 12.543392 11.496324 11.525661 -9999.0 -9999.0 -9999.0 -9999.0 -9999.0 -9999.0 -9999.0 -9999.0 -9999.0 -9999.0 -9999.0 -9999.0 -9999.0 -9999.0 -9999.0 -9999.0 -9999.0 -9999.0 -9999.0 -9999.0 -9999.0 -9999.0 -9999.0 -9999.0 -9999.0 -9999.0 -9999.0 -9999.0 -9999.0 -9999.0 -9999.0 -9999.0
-9999.0 -9999.0 -9999.0 -9999.0 -9999.0 -9999.0 -9999.0 -9999.0 -9999.0 -9999.0 -9999.0 -9999.0 -9999.0 -9999.0 -9999.0 -9999.0 -9999.0 -9999.0 -9999.0 -9999.0 -9999.0 -9999.0 -9999.0 14.825644 15.599731 14.142227 14.215258 13.965397 12.686836 13.214382 11.928558 11.257548 -9999.0 -9999.0 -9999.0 -9999.0 -9999.0 -9999.0 -9999.0 -9999.0 -9999.0 -9999.0 -9999.0 -9999.0 -9999.0 -9999.0 -9999.0 -9999.0 -9999.0 -9999.0 -9999.0 -9999.0 -9999.0 -9999.0 -9999.0 -9999.0 -9999.0 -9999.0 -9999.0 -9999.0 -9999.0 -9999.0 -9999.0
-9999.0 -9999.0 -9999.0 -9999.0 -9999.0 -9999.0 -9999.0 -9999.0 -9999.0 -9999.0 -9999.0 -9999.0 -9999.0 -9999.0 -9999.0 -9999.0 -9999.0 -9999.0 15.579117 13.493013 -9999.0 14.914533 15.477837 14.338205 14.657658 15.874571 16.173900 16.011139 14.664212 13.342517 13.066364 12.070168 11.480261 9.041802 -9999.0 -9999.0 -9999.0 -9999.0 -9999.0 -9999.0 -9999.0 -9999.0 -9999.0 -9999.0 -9999.0 -9999.0 -9999.0 -9999.0 -9999.0 -9999.0 -9999.0 -9999.0 -9999.0 -9999.0 -9999.0 -9999.0 -9999.0 -9999.0 -9999.0 -9999.0 -9999.0 -9999.0 -9999.0
-9999.0 -9999.0 -9999.0 -9999.0 -9999.0 -9999.0 -9999.0 -9999.0 -9999.0 -9999.0 -9999.0 -9999.0 -9999.0 -9999.0 -9999.0 -9999.0 -9999.0 16.091233 13.727574 15.586836 15.548828 12.611746 13.476500 14.819266 16.921570 11.612404 10.210778 12.108246 10.337604 12.431778 13.640168 11.006834 10.807520 12.441412 11.111664 7.571614 -9999.0 -9999.0 -9999.0 -9999.0 -9999.0 -9999.0 -9999.0 -9999.0 -9999.0 -9999.0 -9999.0 -9999.0 -9999.0 -9999.0 -9999.0 -9999.0 -9999.0 -9999.0 -9999.0 -9999.0 -9999.0 -9999.0 -9999.0 -9999.0 -9999.0 -9999.0 -9999.0
-9999.0 -9999.0 -9999.0 -9999.0 -9999.0 -9999.0 -9999.0 -9999.0 -9999.0 -9999.0 -9999.0 -9999.0 -9999.0 15.778486 13.763362 13.837816 15.532338 24.431276 15.835512 14.226478 15.022929 15.921690 17.194383 16.793883 11.270557 13.071517 11.532166 11.392492 11.240512 11.646371 9.871245 10.490716 9.823312 9.055989 8.218011 8.702734 -9999.0 -9999.0 -9999.0 -9999.0 -9999.0 -9999.0 -9999.0 -9999.0 -9999.0 -9999.0 -9999.0 -9999.0 -9999.0 -9999.0 -9999.0 -9999.0 -9999.0 -9999.0 -9999.0 -9999.0 -9999.0 -9999.0 -9999.0 -9999.0 -9999.0 -9999.0 -9999.0
-9999.0 -9999.0 -9999.0 -9999.0 -9999.0 -9999.0 -9999.0 -9999.0 -9999.0 -9999.0 -9999.0 -9999.0 -9999.0 16.147346 14.712552 14.619651 14.311480 20.160474 23.946572 17.664950 15.378158 16.924510 13.276646 12.445233 13.489066 12.200752 12.073779 10.650714 13.269933 10.407343 10.445469 9.046539 8.490444 6.701383 7.338679 -9999.0 -9999.0 -9999.0 -9999.0 -9999.0 -9999.0 -9999.0 -9999.0 -9999.0 -9999.0 -9999.0 -9999.0 -9999.0 -9999.0 -9999.0 -9999.0 -9999.0 -9999.0 -9999.0 -9999.0 -9999.0 -9999.0 -9999.0 -9999.0 -9999.0 -9999.0 -9999.0 -9999.0
-9999.0 -9999.0 -9999.0 -9999.0 -9999.0 -9999.0 -9999.0 -9999.0 -9999.0 -9999.0 -9999.0 -9999.0 -9999.0 14.657004 15.832499 15.387301 13.925034 14.925662 25.021973 15.625011 16.760559 14.315657 11.564398 10.972943 13.309060 12.606251 13.494642 11.223113 12.305490 12.005251 8.753262 6.776066 6.598546 -1.825267 7.360864 -9999.0 -9999.0 -9999.0 -9999.0 -9999.0 -9999.0 -9999.0 -9999.0 -9999.0 -9999.0 -9999.0 -9999.0 -9999.0 -9999.0 -9999.0 -9999.0 -9999.0 -9999.0 -9999.0 -9999.0 -9999.0 -9999.0 -9999.0 -9999.0 -9999.0 -9999.0 -9999.0 -9999.0
-9999.0 -9999.0 -9999.0 -9999.0 -9999.0 -9999.0 -9999.0 -9999.0 -9999.0 -9999.0 -9999.0 -9999.0 14.287747 15.342434 14.721148 13.216707 11.992901 13.950500 21.344650 16.600043 14.112160 11.477983 11.816489 11.826804 10.823754 11.074790 9.407069 11.315709 10.845418 8.843570 8.510758 12.645919 7.991141 5.883508 -9999.0 -9999.0 -9999.0 -9999.0 -9999.0 -9999.0 -9999.0 -9999.0 -9999.0 -9999.0 -9999.0 -9999.0 -9999.0 -9999.0 -9999.0 -9999.0 -9999.0 -9999.0 -9999.0 -9999.0 -9999.0 -9999.0 -9999.0 -9999.0 -9999.0 -9999.0 -9999.0 -9999.0 -9999.0
-9999.0 -9999.0 -9999.0 -9999.0 -9999.0 -9999.0 -9999.0 -9999.0 -9999.0 -9999.0 -9999.0 15.194056 13.620017 11.836596 12.983533 15.333970 14.546286 13.506329 20.444351 13.814861 12.676068 13.721915 13.980832 14.433047 12.281895 12.806528 10.484818 14.047127 9.937022 8.359719 13.759218 11.902426 8.986104 10.499308 13.941256 15.440584 15.609702 17.735192 17.254002 -9999.0 -9999.0 -9999.0 13.801524 -9999.0 -9999.0 -9999.0 -9999.0 -9999.0 -9999.0 -9999.0 -9999.0 -9999.0 -9999.0 -9999.0 -9999.0 -9999.0 -9999.0 -9999.0 -9999.0 -9999.0 -9999.0 -9999.0 -9999.0
-9999.0 -9999.0 -9999.0 -9999.0 -9999.0 -9999.0 -9999.0 -9999.0 -9999.0 -9999.0 -9999.0 12.708525 13.265563 12.795212 13.363041 14.827121 14.775026 15.180806 21.120906 17.619312 17.093022 15.105834 14.052583 9.539150 9.268717 12.966283 14.103067 14.557816 10.853278 9.259104 13.813055 10.062628 10.837279 10.702182 11.908274 13.696816 19.968386 19.049198 16.429688 14.065461 14.134511 14.212875 13.536586 13.389718 -9999.0 -9999.0 -9999.0 10.130111 11.830509 11.845307 12.026811 11.760032 10.121987 10.094404 10.123551 9.790600 -9999.0 -9999.0 -9999.0 -9999.0 -9999.0 -9999.0 -9999.0
-9999.0 -9999.0 -9999.0 -9999.0 -9999.0 -9999.0 -9999.0 -9999.0 -9999.0 -9999.0 -9999.0 12.412990 14.892067 10.858444 14.604685 15.845518 11.810235 12.492478 18.670023 17.722464 12.302174 11.681236 10.086961 14.141423 13.027810 16.720735 10.565841 8.824421 12.400296 10.317610 15.076968 8.366286 12.733081 9.468522 14.967126 16.812913 12.755300 12.885875 18.676554 15.086873 17.154514 16.504003 14.929146 12.658963 10.574105 -9999.0 11.196914 12.502896 14.104191 14.558530 14.920352 12.841210 13.977284 14.065999 12.592600 12.374560 -9999.0 -9999.0 -9999.0 -9999.0 -9999.0 -9999.0 -9999.0
-9999.0 -9999.0 -9999.0 -9999.0 -9999.0 -9999.0 -9999.0 -9999.0 -9999.0 -9999.0 -9999.0 -9999.0 14.412738 9.950037 14.482930 15.638808 10.416719 12.245894 19.726390 17.596588 12.451590 12.465263 11.993357 10.657832 9.056586 10.709617 13.116039 12.582551 12.406787 14.827997 13.951874 8.729764 13.223472 11.589523 12.053994 14.940752 11.740316 14.299138 19.009431 15.898589 20.265932 19.067969 10.800635 13.897327 13.898114 11.696950 13.141477 13.046312 9.465276 10.936262 11.582779 9.565064 10.379669 9.578613 8.913578 11.770906 12.687096 -9999.0 -9999.0 -9999.0 -9999.0 -9999.0 -9999.0
-9999.0 -9999.0 -9999.0 -9999.0 -9999.0 -9999.0 -9999.0 -9999.0 -9999.0 -9999.0 -9999.0 9.433164 14.047772 15.328271 10.535677 11.131858 12.179378 11.933127 20.021806 14.117444 12.841737 11.873158 11.790847 10.110187 10.975141 12.105421 10.303028 11.570383 13.655571 16.488348 10.077793 9.630797 13.600349 10.756892 11.359587 13.644029 17.342124 13.455155 15.128886 20.275547 13.575011 14.256568 12.640843 12.511855 14.393767 11.198139 13.414760 16.171830 17.748891 12.132498 8.469278 11.787142 0.433159 0.627639 1.421748 12.503708 11.713714 -9999.0 -9999.0 -9999.0 -9999.0 -9999.0 -9999.0
-9999.0 -9999.0 -9999.0 -9999.0 -9999.0 -9999.0 -9999.0 -9999.0 -9999.0 -9999.0 14.421107 10.487668 14.416502 15.237115 16.257328 11.672168 11.232397 11.102895 14.070008 14.480498 17.627711 15.651457 10.275463 17.031185 12.610820 10.838876 9.627089 8.665194 15.246467 15.757681 10.825122 9.562611 12.541844 10.343934 8.912859 15.478717 16.678648 12.277148 11.844187 15.404251 15.502020 14.983935 20.554777 12.290997 10.656924 13.764735 14.649988 11.031389 11.653405 11.120823 8.048461 10.580466 6.857660 9.051839 11.001067 13.489585 11.930634 -9999.0 -9999.0 -9999.0 -9999.0 -9999.0 -9999.0
-9999.0 -9999.0 -9999.0 -9999.0 -9999.0 -9999.0 -9999.0 -9999.0 -9999.0 14.110707 14.033266 10.463437 11.004489 9.905810 11.267006 10.975054 10.962564 18.104753 14.012855 14.926532 17.819281 12.355404 12.193865 13.804849 12.404620 9.608409 9.237133 16.209017 12.077528 12.430160 11.806316 8.268615 11.736317 10.490319 13.502278 15.269665 13.509740 9.083251 10.114207 11.088263 11.485699 10.572958 10.599801 13.736910 11.985170 11.124861 16.112657 10.571903 11.306655 12.113509 9.425054 10.256724 7.597852 10.142029 12.103287 9.738833 0.525352 12.384909 11.359738 -9999.0 -9999.0 -9999.0 -9999.0
-9999.0 -9999.0 -9999.0 -9999.0 -9999.0 -9999.0 -9999.0 -9999.0 -9999.0 11.260011 12.463601 15.487107 16.449676 11.821859 11.066485 11.036399 17.065399 13.619649 14.604369 20.688716 19.836059 19.362377 16.644955 15.460252 10.122887 11.088230 11.906414 12.897828 14.001558 14.745650 13.973073 8.318637 12.027134 10.659402 13.243527 14.974125 15.760651 17.034420 13.843524 15.026800 9.440745 9.614836 11.576057 13.092948 13.216795 14.288016 13.923893 13.034780 12.922326 12.130941 8.418208 7.124035 8.815791 10.847920 12.452622 8.879212 11.262125 11.414754 14.291161 -9999.0 -9999.0 -9999.0 -9999.0
-9999.0 -9999.0 -9999.0 -9999.0 -9999.0 -9999.0 -9999.0 -9999.0 -9999.0 -9999.0 14.022026 15.647398 11.843747 11.283255 12.403165 11.394538 12.704832 14.666629 15.472830 16.791360 18.775316 13.589819 11.637298 10.988232 11.541000 12.973619 13.987272 13.902121 14.395716 9.270836 8.914506 9.128690 0.365224 12.810707 14.468115 14.682283 14.969243 13.138065 13.116766 12.699138 12.533252 15.918526 14.810811 10.974824 10.697343 11.094584 12.179335 17.366581 14.717959 12.952687 9.590310 10.160620 10.296485 10.047654 10.540374 13.003291 14.560226 14.086421 14.070187 14.549928 -9999.0 -9999.0 -9999.0
-9999.0 -9999.0 -9999.0 -9999.0 -9999.0 -9999.0 -9999.0 -9999.0 -9999.0 -9999.0 13.958866 14.831193 15.417012 12.262198 18.091140 12.013688 12.085751 14.071920 16.824271 16.910723 14.775005 13.017943 11.708503 11.970981 12.997095 14.649302 14.783506 12.039060 9.699145 7.940292 13.344632 13.388662 8.117004 9.999564 13.477506 12.664130 10.218987 10.141681 8.379990 10.861951 13.913229 13.479863 8.989756 14.171125 15.057786 9.885977 11.562742 11.472969 13.780432 15.001696 12.843599 10.901224 9.091844 11.358002 9.447218 12.202611 13.514532 13.188593 15.217221 16.552125 -9999.0 -9999.0 -9999.0
-9999.0 -9999.0 -9999.0 -9999.0 -9999.0 -9999.0 -9999.0 -9999.0 14.323514 13.701014 14.320454 15.171407 10.872866 11.161663 11.027591 13.525665 14.342063 21.205786 18.159020 17.779958 16.507406 15.462161 14.528596 13.031489 14.376783 14.390109 16.638738 10.301316 9.941928 0.431623 12.731612 12.356324 12.636482 12.351342 12.320987 12.904538 15.612397 10.210713 6.937429 10.983800 12.120076 12.779680 7.812700 13.530600 16.971303 14.683153 8.024825 11.214268 12.206774 15.707910 13.588729 11.634530 0.515996 8.552354 14.070486 13.973993 14.438506 18.363431 16.283934 16.979680 -9999.0 -9999.0 -9999.0
-9999.0 -9999.0 -9999.0 -9999.0 -9999.0 -9999.0 -9999.0 -9999.0 10.708671 10.987850 9.425475 13.672699 14.914529 11.853812 10.702022 12.341826 13.364275 14.004947 16.936031 18.596860 24.558870 22.374845 19.871946 18.856354 15.332325 14.820078 12.909865 11.471948 8.909789 12.743058 12.826454 14.928486 11.762453 13.758517 12.437539 14.495119 14.855372 10.594968 9.390619 11.243991 10.423610 9.865146 11.660182 13.166039 14.382599 9.593016 0.659367 13.697619 12.135430 14.125790 15.459467 13.083944 0.929151 14.105879 15.515161 13.576923 13.826227 15.450565 17.945902 19.616313 20.314645 -9999.0 -9999.0
-9999.0 -9999.0 -9999.0 -9999.0 -9999.0 -9999.0 -9999.0 -9999.0 14.607536 14.896876 14.165045 9.568079 14.540529 10.610712 12.284732 11.120342 12.829804 15.946386 17.223475 24.189191 18.934679 23.509316 23.026135 17.905399 20.720865 14.378994 12.487627 9.989375 8.902194 14.067057 16.251971 14.236327 0.480204 0.543553 13.300858 14.365583 10.712961 11.294295 8.855890 8.709123 11.028948 11.674869 12.525437 13.077637 0.479633 12.103568 12.800378 14.560277 10.860950 13.009152 15.721219 14.917807 1.067069 11.158850 14.969670 15.643589 16.791528 17.980415 19.362626 18.990683 19.737202 -9999.0 -9999.0
-9999.0 -9999.0 -9999.0 -9999.0 -9999.0 -9999.0 -9999.0 -9999.0 15.205843 16.265211 11.349792 10.251694 14.259229 11.835651 12.047519 13.290473 15.529484 17.102227 18.991458 17.196667 18.481205 18.957481 23.570378 22.042206 15.151729 13.021637 11.249621 9.571261 16.078982 12.011713 11.080839 11.331464 11.589782 11.039759 0.500690 15.023581 16.537201 12.430228 9.733546 9.107170 10.555831 12.374716 12.675481 12.266936 12.797925 12.897060 13.658785 13.966912 15.899256 13.091554 13.942210 16.629396 16.135436 15.635838 17.285111 17.907850 18.628845 17.769394 18.549464 19.568202 18.233982 16.006027 -9999.0
-9999.0 -9999.0 -9999.0 -9999.0 -9999.0 -9999.0 -9999.0 -9999.0 13.424582 16.179480 12.507299 11.209329 12.047045 12.886737 18.870157 16.400589 17.565113 14.190031 12.885520 14.500966 16.660800 18.749708 18.729858 18.292993 18.789177 12.517690 10.407312 12.793206 13.392636 12.831167 10.286334 12.896777 13.650269 11.840129 10.933155 11.855782 12.876027 13.537490 12.568339 11.477026 10.482456 11.033007 11.657389 10.832231 0.478410 14.880898 11.931204 12.736859 13.127494 15.135160 16.777797 16.334212 17.178538 18.674743 19.025423 18.899921 19.356293 19.363606 18.993137 18.358135 16.867679 15.243610 -9999.0
-9999.0 -9999.0 14.672016 15.098234 9.988626 10.194938 10.372329 0.491536 14.608867 15.432105 12.509798 12.671674 12.990038 15.695677 20.320181 14.970856 12.670989 10.773959 12.384450 12.877614 14.838410 17.283403 18.256254 18.095581 16.543385 14.069620 12.588604 12.664302 13.824616 16.817786 11.147193 11.697216 17.344255 12.341160 13.995375 12.543726 15.324196 14.549584 13.296908 11.265309 13.199651 13.523283 12.206864 13.235719 10.255083 12.778635 14.312642 13.275278 15.965917 17.516014 18.854116 19.238705 19.226932 19.371247 19.337439 23.201605 18.425588 18.366548 17.564916 16.467673 18.439135 14.350451 -9999.0
-9999.0 10.950458 10.927458 10.791102 10.766851 10.957344 10.266172 0.501160 0.825452 14.520708 11.635617 12.146907 14.154245 18.685315 17.705323 12.491912 11.730734 10.785978 12.126430 12.910008 15.213775 15.979626 20.095004 17.288479 22.488584 16.920305 20.006480 20.691825 16.116882 15.144181 14.986593 14.783003 14.662529 18.021217 16.150325 16.722413 17.552211 16.324470 16.719911 16.153656 16.045632 16.205879 15.449189 13.323281 13.004111 13.809524 16.271428 16.216355 18.326966 18.011424 18.609180 18.575815 18.010164 18.024922 18.016149 17.296179 15.536238 15.601293 16.110820 17.458941 13.901714 14.182734 -9999.0
-9999.0 16.107432 12.052602 12.063090 15.504093 11.036841 8.854051 0.583051 13.734193 14.612488 11.461548 11.922722 14.521358 18.245850 13.187240 10.578125 10.648661 11.484047 13.385657 13.004471 18.072802 15.092587 16.261493 17.686016 22.858482 24.245409 17.584689 18.214947 17.628678 16.724487 16.877716 16.206847 15.756799 16.028591 19.822281 18.034273 23.687678 23.926441 18.789671 18.760574 18.322940 17.223033 17.335816 16.221703 17.070339 17.517242 18.431222 18.520015 18.133396 18.163392 17.145849 15.646449 15.579765 16.293391 15.622156 13.930958 14.180401 13.252540 13.159991 12.505724 12.770238 -9999.0 -9999.0
