user2019/resources/simulation/Vinschgau/output-maps/TL0003N0127.asc
ncols         63
nrows         48
xllcorner     598000.000000
yllcorner     5145000.000000
cellsize      1000.000000
NODATA_value  -9999.0
[rows 0 to 27 of 48, columns 0 to 61 of 63]
-9999.0 -9999.0 -9999.0 -9999.0 -9999.0 -9999.0 -9999.0 -9999.0 -9999.0 -9999.0 -9999.0 -9999.0 -9999.0 -9999.0 -9999.0 -9999.0 -9999.0 -9999.0 -9999.0 -9999.0 -9999.0 -9999.0 -9999.0 -9999.0 -9999.0 -9999.0 -9999.0 -9999.0 -9999.0 -9999.0 -9999.0 -9999.0 -9999.0 -9999.0 -9999.0 -9999.0 -9999.0 -9999.0 -9999.0 -9999.0 -9999.0 -9999.0 -9999.0 -9999.0 -9999.0 -9999.0 -9999.0 -9999.0 -9999.0 -9999.0 -9999.0 -9999.0 -9999.0 -9999.0 -9999.0 -9999.0 -9999.0 -9999.0 -9999.0 -9999.0 -9999.0 -9999.0
-9999.0 -9999.0 -9999.0 -9999.0 -9999.0 -9999.0 -9999.0 -9999.0 -9999.0 -9999.0 -9999.0 -9999.0 -9999.0 -9999.0 -9999.0 -9999.0 -9999.0 -9999.0 -9999.0 -9999.0 -9999.0 -9999.0 -9999.0 -9999.0 -9999.0 -9999.0 -9999.0 -2.281585 -2.633081 -2.702827 -2.529864 -3.447479 -3.785182 -9999.0 -9999.0 -9999.0 -9999.0 -9999.0 -9999.0 -9999.0 -9999.0 -9999.0 -9999.0 -9999.0 -9999.0 -9999.0 -9999.0 -9999.0 -9999.0 -9999.0 -9999.0 -9999.0 -9999.0 -9999.0 -9999.0 -9999.0 -9999.0 -9999.0 -9999.0 -9999.0 -9999.0 -9999.0
-9999.0 -9999.0 -9999.0 -9999.0 -9999.0 -9999.0 -9999.0 -9999.0 -9999.0 -9999.0 -9999.0 -9999.0 -9999.0 -9999.0 -9999.0 -9999.0 -9999.0 -9999.0 -9999.0 -9999.0 -9999.0 -9999.0 -9999.0 -9999.0 -2.046308 -2.971899 -3.191491 -3.136849 -3.233613 -3.077543 -2.110922 -9999.0 -9999.0 -9999.0 -9999.0 -9999.0 -9999.0 -9999.0 -9999.0 -9999.0 -9999.0 -9999.0 -9999.0 -9999.0 -9999.0 -9999.0 -9999.0 -9999.0 -9999.0 -9999.0 -9999.0 -9999.0 -9999.0 -9999.0 -9999.0 -9999.0 -9999.0 -9999.0 -9999.0 -9999.0 -9999.0 -9999.0
-9999.0 -9999.0 -9999.0 -9999.0 -9999.0 -9999.0 -9999.0 -9999.0 -9999.0 -9999.0 -9999.0 -9999.0 -9999.0 -9999.0 -9999.0 -9999.0 -9999.0 -9999.0 -9999.0 -9999.0 -9999.0 -9999.0 -9999.0 -2.691095 -3.131967 -0.364579 -0.365190 -0.434049 -3.343227 -3.457272 -2.856667 -2.211771 -9999.0 -9999.0 -9999.0 -9999.0 -9999.0 -9999.0 -9999.0 -9999.0 -9999.0 -9999.0 -9999.0 -9999.0 -9999.0 -9999.0 -9999.0 -9999.0 -9999.0 -9999.0 -9999.0 -9999.0 -9999.0 -9999.0 -9999.0 -9999.0 -9999.0 -9999.0 -9999.0 -9999.0 -9999.0 -9999.0
-9999.0 -9999.0 -9999.0 -9999.0 -9999.0 -9999.0 -9999.0 -9999.0 -9999.0 -9999.0 -9999.0 -9999.0 -9999.0 -9999.0 -9999.0 -9999.0 -9999.0 -9999.0 -0.338941 -0.389366 -9999.0 -2.243990 -2.598331 -0.390309 -0.321329 -8.768286 -2.137289 -2.128377 -1.834222 -2.805848 -3.705529 -2.700588 -3.790115 -4.408112 -9999.0 -9999.0 -9999.0 -9999.0 -9999.0 -9999.0 -9999.0 -9999.0 -9999.0 -9999.0 -9999.0 -9999.0 -9999.0 -9999.0 -9999.0 -9999.0 -9999.0 -9999.0 -9999.0 -9999.0 -9999.0 -9999.0 -9999.0 -9999.0 -9999.0 -9999.0 -9999.0 -9999.0
-9999.0 -9999.0 -9999.0 -9999.0 -9999.0 -9999.0 -9999.0 -9999.0 -9999.0 -9999.0 -9999.0 -9999.0 -9999.0 -9999.0 -9999.0 -9999.0 -9999.0 -7.966060 -5.135189 -4.012833 -2.292382 -0.993851 -0.930871 -3.867761 -1.664204 -3.762524 -2.891581 -2.294696 -3.272639 -2.119045 -3.439237 -3.649787 -3.894267 -4.458840 -3.051523 -4.581452 -9999.0 -9999.0 -9999.0 -9999.0 -9999.0 -9999.0 -9999.0 -9999.0 -9999.0 -9999.0 -9999.0 -9999.0 -9999.0 -9999.0 -9999.0 -9999.0 -9999.0 -9999.0 -9999.0 -9999.0 -9999.0 -9999.0 -9999.0 -9999.0 -9999.0 -9999.0
-9999.0 -9999.0 -9999.0 -9999.0 -9999.0 -9999.0 -9999.0 -9999.0 -9999.0 -9999.0 -9999.0 -9999.0 -9999.0 -2.041221 -0.500022 -1.682494 -1.472802 -4.150805 -8.772795 -0.441039 -0.387609 -0.402143 -4.870968 -1.030570 -3.508953 -2.395244 -2.128746 -2.388908 -2.511166 -2.718088 -3.154436 -2.879417 -2.454011 -4.761628 -5.438268 -5.395457 -9999.0 -9999.0 -9999.0 -9999.0 -9999.0 -9999.0 -9999.0 -9999.0 -9999.0 -9999.0 -9999.0 -9999.0 -9999.0 -9999.0 -9999.0 -9999.0 -9999.0 -9999.0 -9999.0 -9999.0 -9999.0 -9999.0 -9999.0 -9999.0 -9999.0 -9999.0
-9999.0 -9999.0 -9999.0 -9999.0 -9999.0 -9999.0 -9999.0 -9999.0 -9999.0 -9999.0 -9999.0 -9999.0 -9999.0 -0.838169 -0.298301 -0.944139 -0.965338 -0.990106 -4.417877 -6.067263 -6.211311 -4.054938 -1.116674 -3.595204 -2.979751 -2.523050 -2.648782 -3.757691 -3.958460 -2.318740 -2.580671 -4.482889 -5.311113 -5.849317 -5.796795 -9999.0 -9999.0 -9999.0 -9999.0 -9999.0 -9999.0 -9999.0 -9999.0 -9999.0 -9999.0 -9999.0 -9999.0 -9999.0 -9999.0 -9999.0 -9999.0 -9999.0 -9999.0 -9999.0 -9999.0 -9999.0 -9999.0 -9999.0 -9999.0 -9999.0 -9999.0 -9999.0
-9999.0 -9999.0 -9999.0 -9999.0 -9999.0 -9999.0 -9999.0 -9999.0 -9999.0 -9999.0 -9999.0 -9999.0 -9999.0 -0.383143 -0.361823 -0.351838 -0.974203 -1.260532 -4.097621 -2.876918 -0.857179 -2.488992 -2.967667 -2.365365 -1.756767 -0.798165 -2.432197 -3.721205 -2.582525 -4.527265 -4.056655 -5.372591 -5.435856 -5.824409 -6.171793 -9999.0 -9999.0 -9999.0 -9999.0 -9999.0 -9999.0 -9999.0 -9999.0 -9999.0 -9999.0 -9999.0 -9999.0 -9999.0 -9999.0 -9999.0 -9999.0 -9999.0 -9999.0 -9999.0 -9999.0 -9999.0 -9999.0 -9999.0 -9999.0 -9999.0 -9999.0 -9999.0
-9999.0 -9999.0 -9999.0 -9999.0 -9999.0 -9999.0 -9999.0 -9999.0 -9999.0 -9999.0 -9999.0 -9999.0 -0.832560 -0.362254 -0.335250 -2.594692 -0.561288 -1.251266 -0.913690 -4.886198 -1.852498 -2.107827 -1.978671 -2.048409 -1.175527 -3.166772 -2.282551 -2.110430 -2.808023 -4.180726 -4.048714 -3.240154 -3.978913 -5.148207 -9999.0 -9999.0 -9999.0 -9999.0 -9999.0 -9999.0 -9999.0 -9999.0 -9999.0 -9999.0 -9999.0 -9999.0 -9999.0 -9999.0 -9999.0 -9999.0 -9999.0 -9999.0 -9999.0 -9999.0 -9999.0 -9999.0 -9999.0 -9999.0 -9999.0 -9999.0 -9999.0 -9999.0
-9999.0 -9999.0 -9999.0 -9999.0 -9999.0 -9999.0 -9999.0 -9999.0 -9999.0 -9999.0 -9999.0 -1.738538 -2.546929 -0.350703 -2.493691 -2.217919 -2.434973 -1.255612 -0.973171 -4.391863 -3.534489 -0.427781 -1.918545 -1.962483 -2.247914 -1.945803 -3.262886 -2.217903 -2.717974 -4.647210 -2.181604 -3.510489 -3.907875 -6.000944 -6.399588 -8.515018 -10.941039 -13.595454 -13.506474 -9999.0 -9999.0 -9999.0 -6.491775 -9999.0 -9999.0 -9999.0 -9999.0 -9999.0 -9999.0 -9999.0 -9999.0 -9999.0 -9999.0 -9999.0 -9999.0 -9999.0 -9999.0 -9999.0 -9999.0 -9999.0 -9999.0 -9999.0
-9999.0 -9999.0 -9999.0 -9999.0 -9999.0 -9999.0 -9999.0 -9999.0 -9999.0 -9999.0 -9999.0 -2.142776 -2.229867 -1.231307 -0.822237 -1.878658 -0.733912 -2.003449 -0.904637 -0.808765 -0.734421 -0.290951 -1.987072 -1.916008 -2.104585 -1.844481 -2.230223 -2.468249 -2.010713 -3.678029 -3.123072 -4.079433 -5.626030 -3.794378 -6.759703 -9.434367 -13.384241 -17.851975 -18.910955 -15.429476 -14.180439 -9.490703 -7.092373 -5.361282 -9999.0 -9999.0 -9999.0 -0.283361 -0.897319 -1.345367 -0.228719 -1.018915 -0.924894 -0.037268 -0.027605 -0.719623 -9999.0 -9999.0 -9999.0 -9999.0 -9999.0 -9999.0
-9999.0 -9999.0 -9999.0 -9999.0 -9999.0 -9999.0 -9999.0 -9999.0 -9999.0 -9999.0 -9999.0 -1.997063 -1.968657 -2.578757 -0.983229 -2.152014 -1.629879 -1.692125 -0.973820 -0.978443 -1.385629 -2.239896 -2.311128 -2.190126 -2.081562 -2.226511 -2.705626 -2.538570 -2.911304 -1.989041 -3.911311 -3.760959 -4.316483 -5.428505 -7.586072 -12.668770 -16.216200 -13.544004 -10.519850 -14.979246 -14.747037 -12.088039 -7.194896 -6.262729 -2.760623 -9999.0 -1.484817 -1.486685 -1.124176 -0.314935 -1.518978 -2.205394 -0.070816 -0.006461 -0.003597 -0.015390 -9999.0 -9999.0 -9999.0 -9999.0 -9999.0 -9999.0
-9999.0 -9999.0 -9999.0 -9999.0 -9999.0 -9999.0 -9999.0 -9999.0 -9999.0 -9999.0 -9999.0 -9999.0 -1.948129 -1.066107 -0.298136 -0.819063 -2.728706 -2.629945 -0.939766 -1.453701 -2.072749 -1.783834 -0.842208 -2.188813 -2.247003 -2.415323 -0.393443 -2.503690 -1.930903 -2.105077 -2.365081 -3.600184 -4.291222 -4.730336 -6.531110 -10.375426 -16.347925 -14.533743 -9.852514 -12.344359 -13.668138 -12.419456 -9.587790 -3.861273 -4.401161 -2.422186 -1.793915 -1.643530 -1.941480 -3.120582 -1.077875 -0.439612 -0.387242 -0.119760 -1.116160 -0.984510 -0.065894 -9999.0 -9999.0 -9999.0 -9999.0 -9999.0
-9999.0 -9999.0 -9999.0 -9999.0 -9999.0 -9999.0 -9999.0 -9999.0 -9999.0 -9999.0 -9999.0 -0.930195 -1.730775 -1.927776 -1.414427 -1.190777 -1.066816 -3.267032 -0.359302 -8.011191 -4.750687 -0.329654 -0.763899 -2.410898 -2.327135 -0.821291 -1.207766 -2.205220 -2.382858 -2.235092 -3.545334 -3.594665 -3.904204 -4.287314 -7.159330 -9.503820 -14.173229 -15.215106 -10.502200 -8.883650 -10.255029 -10.598409 -11.293133 -10.019768 -2.545129 -2.340948 -2.459676 -2.473845 -2.192207 -3.520800 -1.447895 -1.325674 -1.311711 -1.244316 -1.017057 -1.182741 -0.798830 -9999.0 -9999.0 -9999.0 -9999.0 -9999.0
-9999.0 -9999.0 -9999.0 -9999.0 -9999.0 -9999.0 -9999.0 -9999.0 -9999.0 -9999.0 -0.682400 -1.388439 -0.406047 -1.965370 -0.249359 -0.879106 -2.675193 -2.677212 -1.215418 -2.486953 -1.249220 -0.904352 -2.229573 -0.337100 -0.581873 -0.984107 -2.143154 -3.234916 -2.487630 -1.133947 -3.352861 -3.119534 -2.785115 -4.291579 -6.824451 -7.996355 -12.031454 -15.220939 -13.643868 -10.791021 -10.116611 -13.043713 -8.464775 -9.944711 -5.483365 -3.953485 -2.381703 -3.601096 -3.548992 -4.366464 -1.862597 -1.186322 -1.104648 -1.307349 -1.009607 -0.009410 -0.015189 -9999.0 -9999.0 -9999.0 -9999.0 -9999.0
-9999.0 -9999.0 -9999.0 -9999.0 -9999.0 -9999.0 -9999.0 -9999.0 -9999.0 -1.639318 -0.637572 -0.764570 -0.916802 -1.994931 -0.607956 -2.321040 -2.057044 -0.299866 -3.709584 -7.439625 -1.518289 -2.916837 -3.165835 -1.304708 -1.030420 -2.264655 -2.941876 -0.382814 -2.755000 -1.153306 -6.167632 -3.068422 -4.875176 -5.171095 -5.661341 -6.890532 -6.172473 -8.560997 -8.460496 -10.688248 -12.573035 -4.862048 -5.060650 -10.363028 -10.078213 -6.962052 -0.454814 -3.856917 -2.903589 -3.032588 -2.620889 -1.165922 -1.500868 -0.977397 -0.927346 -0.706090 -0.048716 -0.133205 -0.328534 -9999.0 -9999.0 -9999.0
-9999.0 -9999.0 -9999.0 -9999.0 -9999.0 -9999.0 -9999.0 -9999.0 -9999.0 -1.615689 -1.623856 -1.824019 -0.425903 -0.946887 -0.650314 -0.803574 -0.086316 -2.228119 -5.455195 -1.516048 -1.606089 -7.421015 -1.145057 -0.653401 -2.308003 -2.781088 -1.231009 -0.984113 -5.661482 -1.881367 -3.092759 -3.976897 -2.543385 -2.307885 -3.742813 -5.694396 -6.610333 -6.584593 -5.887587 -3.901789 -2.366499 -3.617509 -4.044218 -5.531928 -8.530798 -6.682460 -8.313938 -8.045917 -2.699313 -5.062297 -1.863255 -1.570502 -0.979766 -1.026716 -1.066536 -0.299046 -0.044624 -0.244740 -0.198558 -9999.0 -9999.0 -9999.0
-9999.0 -9999.0 -9999.0 -9999.0 -9999.0 -9999.0 -9999.0 -9999.0 -9999.0 -9999.0 -1.577502 -1.880043 -2.522559 -3.082627 -3.699801 -0.448802 -0.349997 -0.735798 -8.306731 -3.304916 -1.335379 -4.329543 -0.350047 -0.914703 -3.004946 -1.036632 -5.510636 -9.300670 -3.037330 -2.349746 -2.117293 -1.373588 -2.299451 -2.788170 -2.995088 -3.525014 -3.691940 -4.232686 -4.581673 -4.113542 -4.553747 -3.327300 -3.954725 -2.820246 -3.848202 -6.529996 -4.492662 -1.446016 -7.268784 -7.018621 -2.664828 -2.095195 -0.991846 -0.936587 -1.023875 -1.064843 -0.749510 -0.896398 -0.436364 -0.373154 -9999.0 -9999.0
-9999.0 -9999.0 -9999.0 -9999.0 -9999.0 -9999.0 -9999.0 -9999.0 -9999.0 -9999.0 -1.622656 -1.689395 -1.915754 -0.660240 -1.471154 -1.066464 -2.161663 -1.647580 -6.870540 -5.078079 -3.594012 -1.455546 -0.630597 -1.060516 -1.053143 -8.949659 -6.266023 -3.044586 -2.689679 -2.611780 -2.385654 -2.193839 -3.054483 -2.405971 -2.668437 -2.527466 -3.934561 -3.978037 -3.962413 -2.228267 -2.137803 -2.285958 -2.446686 -2.073524 -0.820106 -2.254677 -1.841499 -3.244681 -8.626792 -7.358837 -6.748954 -1.800762 -0.472444 -0.965652 -0.961189 -0.608227 -1.080204 -0.070577 -7.092504 -3.357412 -9999.0 -9999.0
-9999.0 -9999.0 -9999.0 -9999.0 -9999.0 -9999.0 -9999.0 -9999.0 -0.300663 -0.692736 -1.816822 -1.890177 -2.116155 -2.193499 -0.771272 -4.504274 -6.123959 -2.951813 -3.823226 -3.713068 -6.460747 -7.779645 -9.454315 -2.245035 -1.675743 -9.293154 -1.530491 -3.032859 -2.333007 -1.990771 -3.819031 -2.039275 -1.746796 -1.629751 -1.826576 -3.087454 -2.277259 -3.622550 -3.652606 -1.900789 -1.950077 -2.167385 -2.540475 -2.920131 -2.106289 -0.554301 -1.770806 -0.505085 -3.694133 -4.964011 -1.827085 -3.064150 -0.253201 -1.076508 -0.711551 -0.007401 -0.195209 -0.147704 -4.989952 -7.231473 -9999.0 -9999.0
-9999.0 -9999.0 -9999.0 -9999.0 -9999.0 -9999.0 -9999.0 -9999.0 -1.872118 -0.657649 -1.984869 -1.642923 -1.816001 -2.188795 -0.777424 -1.848386 -0.895074 -0.996539 -6.268206 -3.380405 -4.246382 -4.258864 -5.189139 -8.101530 -8.653617 -8.163497 -3.787720 -3.234664 -2.127495 -1.991779 -1.742182 -1.987183 -1.819282 -1.746786 -0.731301 -1.078198 -2.807160 -3.784793 -2.624012 -1.876127 -1.511982 -2.925973 -2.148978 -1.215560 -1.721714 -1.216427 -1.428403 -1.464789 -2.456404 -1.696472 -7.335418 -2.184247 -0.657807 -0.009925 -2.654892 -4.043158 -2.248994 -3.513030 -6.832215 -1.423995 -1.425069 -9999.0
-9999.0 -9999.0 -9999.0 -9999.0 -9999.0 -9999.0 -9999.0 -9999.0 -1.685223 -2.091667 -0.274394 -1.753814 -2.075577 -1.748345 -0.293104 -3.832844 -6.720490 -2.923185 -6.071629 -6.449206 -2.416896 -4.616384 -4.187758 -3.425657 -2.696113 -5.907059 -1.650729 -2.704905 -3.699114 -2.234807 -1.954486 -1.853241 -2.562162 -2.519410 -0.418377 -0.828133 -1.947159 -4.519022 -2.352397 -1.859551 -1.470412 -1.422015 -0.316064 -1.606885 -1.616278 -1.553086 -1.331786 -0.097045 -1.418716 -3.743277 -4.970847 -5.241273 -3.679362 -2.919409 -6.303855 -2.237307 -6.557626 -6.241965 -4.109575 -2.762991 -1.524234 -9999.0
-9999.0 -9999.0 -9999.0 -9999.0 -9999.0 -9999.0 -9999.0 -9999.0 -2.676157 -1.942791 -0.376188 -2.164169 -0.259676 -0.322734 -1.951457 -6.028505 -7.756136 -6.159664 -5.714919 -4.783530 -3.578978 -1.890200 -1.602536 -2.418953 -1.788739 -1.043873 -0.342701 -2.631269 -0.379598 -1.324470 -2.821708 -2.717335 -3.630087 -2.153076 -1.929595 -2.193961 -2.310235 -1.213151 -2.703586 -2.207566 -1.084972 -0.549233 -0.286342 -2.213479 -0.250643 -1.570546 -0.082065 -1.949663 -0.259262 -3.485303 -1.103090 -5.351050 -7.018659 -1.804978 -6.576950 -5.899493 -4.231779 -5.026369 -1.894734 -1.537959 -4.414794 -1.112336
-9999.0 -9999.0 -9999.0 -9999.0 -9999.0 -9999.0 -9999.0 -9999.0 -1.814934 -1.347726 -0.268017 -0.327945 -0.299274 -2.105399 -0.836302 -4.272608 -3.440495 -5.169058 -1.079019 -1.409753 -5.907109 -2.164874 -1.759671 -2.659158 -3.971763 -0.392279 -3.082834 -0.492652 -1.105360 -1.013596 -2.792263 -0.746588 -6.761272 -1.021667 -3.147042 -2.840964 -3.166303 -1.325438 -5.597225 -2.847618 -2.753267 -2.971699 -3.430050 -3.242713 -2.284361 -0.821002 -3.375047 -2.594971 -2.874871 -7.058461 -7.344900 -6.013981 -4.572843 -3.174422 -4.149330 -3.921730 -1.557569 -1.612930 -3.761227 -4.919801 -7.292588 -0.877053
-9999.0 -9999.0 -1.881940 -1.555697 -1.808920 -2.044222 -1.348947 -2.129567 -1.811432 -1.077751 -1.778944 -2.088976 -0.777823 -0.799635 -2.144323 -1.711702 -3.699278 -2.235481 -2.150880 -0.930264 -1.368384 -4.277699 -2.722559 -5.974396 -4.619400 -8.144526 -1.535272 -2.900570 -9.441455 -1.032254 -0.847719 -0.374469 -1.778364 -4.755738 -3.832507 -3.429205 -3.470646 -2.320743 -5.501296 -2.432318 -3.596951 -5.835927 -6.649944 -1.371038 -2.911675 -2.183688 -5.055186 -4.375828 -7.404976 -6.580001 -5.149370 -3.816647 -1.476816 -1.617931 -1.807441 -2.797798 -4.863747 -4.834959 -5.361702 -7.372734 -0.369132 -0.322634
-9999.0 -0.637294 -0.708674 -0.706873 -1.775195 -0.325416 -1.897843 -1.687688 -1.559617 -1.493429 -1.756454 -0.276640 -0.827113 -0.361211 -0.383442 -0.318236 -2.129225 -1.821684 -0.709642 -0.876721 -2.697301 -7.146357 -4.958041 -4.115385 -4.477945 -5.217334 -5.045225 -5.049447 -7.384901 -5.859887 -7.996227 -4.120048 -2.077797 -5.183232 -5.662482 -5.105282 -4.897185 -4.074897 -4.581053 -5.111122 -5.810939 -6.380700 -6.875080 -5.560042 -6.863981 -9.375880 -5.616404 -5.935108 -5.276096 -5.380135 -1.952497 -2.134834 -5.241962 -4.412599 -5.056164 -5.623091 -1.625841 -1.289616 -1.071942 -0.322886 -0.087367 -0.087423
-9999.0 -1.510994 -0.592950 -0.349968 -0.365778 -0.365220 -2.272062 -2.288911 -1.903691 -1.753041 -2.050497 -0.326161 -0.905128 -0.384074 -3.314194 -2.098581 -1.598437 -2.024744 -0.360147 -1.088167 -0.507746 -2.721826 -7.305291 -5.207345 -4.985479 -2.892394 -4.116627 -1.918681 -2.180065 -6.342458 -6.005547 -5.926300 -5.499410 -5.503636 -4.282680 -4.270134 -2.524323 -0.273053 -2.729918 -2.822866 -2.903873 -4.053134 -5.732005 -4.295943 -3.847357 -4.447587 -1.371539 -1.510805 -2.093164 -2.125620 -5.239497 -5.587388 -1.612357 -5.497008 -1.822285 -1.105789 -1.051717 -0.419826 -0.265662 -0.064705 -0.047181 -9999.0
