user2019/resources/simulation/Vinschgau/output-maps/TL0001N0493.asc
ncols         63
nrows         48
xllcorner     598000.000000
yllcorner     5145000.000000
cellsize      1000.000000
NODATA_value  -9999.0
[rows 0 to 27 of 48, columns 0 to 62 of 63]
-9999.0 -9999.0 -9999.0 -9999.0 -9999.0 -9999.0 -9999.0 -9999.0 -9999.0 -9999.0 -9999.0 -9999.0 -9999.0 -9999.0 -9999.0 -9999.0 -9999.0 -9999.0 -9999.0 -9999.0 -9999.0 -9999.0 -9999.0 -9999.0 -9999.0 -9999.0 -9999.0 -9999.0 -9999.0 -9999.0 -9999.0 -9999.0 -9999.0 -9999.0 -9999.0 -9999.0 -9999.0 -9999.0 -9999.0 -9999.0 -9999.0 -9999.0 -9999.0 -9999.0 -9999.0 -9999.0 -9999.0 -9999.0 -9999.0 -9999.0 -9999.0 -9999.0 -9999.0 -9999.0 -9999.0 -9999.0 -9999.0 -9999.0 -9999.0 -9999.0 -9999.0 -9999.0 -9999.0
-9999.0 -9999.0 -9999.0 -9999.0 -9999.0 -9999.0 -9999.0 -9999.0 -9999.0 -9999.0 -9999.0 -9999.0 -9999.0 -9999.0 -9999.0 -9999.0 -9999.0 -9999.0 -9999.0 -9999.0 -9999.0 -9999.0 -9999.0 -9999.0 -9999.0 -9999.0 -9999.0 11.050764 11.317847 12.328238 11.370979 9.308339 9.821931 -9999.0 -9999.0 -9999.0 -9999.0 -9999.0 -9999.0 -9999.0 -9999.0 -9999.0 -9999.0 -9999.0 -9999.0 -9999.0 -9999.0 -9999.0 -9999.0 -9999.0 -9999.0 -9999.0 -9999.0 -9999.0 -9999.0 -9999.0 -9999.0 -9999.0 -9999.0 -9999.0 -9999.0 -9999.0 -9999.0
-9999.0 -9999.0 -9999.0 -9999.0 -9999.0 -9999.0 -9999.0 -9999.0 -9999.0 -9999.0 -9999.0 -9999.0 -9999.0 -9999.0 -9999.0 -9999.0 -9999.0 -9999.0 -9999.0 -9999.0 -9999.0 -9999.0 -9999.0 -9999.0 11.590242 11.909057 12.827159 11.523146 11.918483 12.866624 11.416746 -9999.0 -9999.0 -9999.0 -9999.0 -9999.0 -9999.0 -9999.0 -9999.0 -9999.0 -9999.0 -9999.0 -9999.0 -9999.0 -9999.0 -9999.0 -9999.0 -9999.0 -9999.0 -9999.0 -9999.0 -9999.0 -9999.0 -9999.0 -9999.0 -9999.0 -9999.0 -9999.0 -9999.0 -9999.0 -9999.0 -9999.0 -9999.0
-9999.0 -9999.0 -9999.0 -9999.0 -9999.0 -9999.0 -9999.0 -9999.0 -9999.0 -9999.0 -9999.0 -9999.0 -9999.0 -9999.0 -9999.0 -9999.0 -9999.0 -9999.0 -9999.0 -9999.0 -9999.0 -9999.0 -9999.0 11.494942 12.363516 10.408716 10.702808 10.906475 8.241751 13.090652 11.742374 10.943298 -9999.0 -9999.0 -9999.0 -9999.0 -9999.0 -9999.0 -9999.0 -9999.0 -9999.0 -9999.0 -9999.0 -9999.0 -9999.0 -9999.0 -9999.0 -9999.0 -9999.0 -9999.0 -9999.0 -9999.0 -9999.0 -9999.0 -9999.0 -9999.0 -9999.0 -9999.0 -9999.0 -9999.0 -9999.0 -9999.0 -9999.0
-9999.0 -9999.0 -9999.0 -9999.0 -9999.0 -9999.0 -9999.0 -9999.0 -9999.0 -9999.0 -9999.0 -9999.0 -9999.0 -9999.0 -9999.0 -9999.0 -9999.0 -9999.0 14.966610 12.719759 -9999.0 11.513406 12.099554 10.226738 10.642017 12.383923 15.263910 14.867071 11.986061 10.850966 12.681599 11.882144 10.828369 2.681620 -9999.0 -9999.0 -9999.0 -9999.0 -9999.0 -9999.0 -9999.0 -9999.0 -9999.0 -9999.0 -9999.0 -9999.0 -9999.0 -9999.0 -9999.0 -9999.0 -9999.0 -9999.0 -9999.0 -9999.0 -9999.0 -9999.0 -9999.0 -9999.0 -9999.0 -9999.0 -9999.0 -9999.0 -9999.0
-9999.0 -9999.0 -9999.0 -9999.0 -9999.0 -9999.0 -9999.0 -9999.0 -9999.0 -9999.0 -9999.0 -9999.0 -9999.0 -9999.0 -9999.0 -9999.0 -9999.0 9.334579 7.861311 8.512280 13.171105 8.401035 9.418704 10.642246 17.584980 6.632198 5.353418 6.458086 3.639534 9.443726 13.876466 12.470527 12.345660 11.612620 9.632004 1.224189 -9999.0 -9999.0 -9999.0 -9999.0 -9999.0 -9999.0 -9999.0 -9999.0 -9999.0 -9999.0 -9999.0 -9999.0 -9999.0 -9999.0 -9999.0 -9999.0 -9999.0 -9999.0 -9999.0 -9999.0 -9999.0 -9999.0 -9999.0 -9999.0 -9999.0 -9999.0 -9999.0
-9999.0 -9999.0 -9999.0 -9999.0 -9999.0 -9999.0 -9999.0 -9999.0 -9999.0 -9999.0 -9999.0 -9999.0 -9999.0 10.210284 6.656181 6.828442 8.223772 22.183318 8.949030 11.105332 10.647105 11.390298 12.650466 17.633657 6.431083 12.401211 5.402272 5.623270 5.328998 5.928424 6.550969 11.745170 11.518036 9.729645 10.058574 -0.035502 -9999.0 -9999.0 -9999.0 -9999.0 -9999.0 -9999.0 -9999.0 -9999.0 -9999.0 -9999.0 -9999.0 -9999.0 -9999.0 -9999.0 -9999.0 -9999.0 -9999.0 -9999.0 -9999.0 -9999.0 -9999.0 -9999.0 -9999.0 -9999.0 -9999.0 -9999.0 -9999.0
-9999.0 -9999.0 -9999.0 -9999.0 -9999.0 -9999.0 -9999.0 -9999.0 -9999.0 -9999.0 -9999.0 -9999.0 -9999.0 11.146698 7.756621 6.882104 6.751698 14.367831 23.142769 12.705670 8.595103 14.777897 7.456237 7.133633 10.224644 7.228073 12.550742 11.585088 9.502519 4.566573 5.486984 10.156674 9.490418 2.741293 6.831258 -9999.0 -9999.0 -9999.0 -9999.0 -9999.0 -9999.0 -9999.0 -9999.0 -9999.0 -9999.0 -9999.0 -9999.0 -9999.0 -9999.0 -9999.0 -9999.0 -9999.0 -9999.0 -9999.0 -9999.0 -9999.0 -9999.0 -9999.0 -9999.0 -9999.0 -9999.0 -9999.0 -9999.0
-9999.0 -9999.0 -9999.0 -9999.0 -9999.0 -9999.0 -9999.0 -9999.0 -9999.0 -9999.0 -9999.0 -9999.0 -9999.0 8.691184 11.665192 9.822045 5.976376 7.278073 21.543276 8.534823 14.914213 7.441038 4.549331 5.789845 7.933972 7.164438 13.287564 10.562135 10.844611 8.118302 10.652524 -0.761841 -0.914017 -0.025818 -0.203537 -9999.0 -9999.0 -9999.0 -9999.0 -9999.0 -9999.0 -9999.0 -9999.0 -9999.0 -9999.0 -9999.0 -9999.0 -9999.0 -9999.0 -9999.0 -9999.0 -9999.0 -9999.0 -9999.0 -9999.0 -9999.0 -9999.0 -9999.0 -9999.0 -9999.0 -9999.0 -9999.0 -9999.0
-9999.0 -9999.0 -9999.0 -9999.0 -9999.0 -9999.0 -9999.0 -9999.0 -9999.0 -9999.0 -9999.0 -9999.0 7.773352 11.130668 7.262668 5.999585 4.153002 6.223300 16.953670 9.589574 10.388196 7.689854 6.650123 6.058728 7.794713 11.599286 6.234160 11.927261 12.758140 10.395885 1.176188 9.536696 10.840522 -0.055590 -9999.0 -9999.0 -9999.0 -9999.0 -9999.0 -9999.0 -9999.0 -9999.0 -9999.0 -9999.0 -9999.0 -9999.0 -9999.0 -9999.0 -9999.0 -9999.0 -9999.0 -9999.0 -9999.0 -9999.0 -9999.0 -9999.0 -9999.0 -9999.0 -9999.0 -9999.0 -9999.0 -9999.0 -9999.0
-9999.0 -9999.0 -9999.0 -9999.0 -9999.0 -9999.0 -9999.0 -9999.0 -9999.0 -9999.0 -9999.0 10.572802 5.830562 6.952388 5.266987 10.048517 4.737689 5.479664 17.243550 9.660878 5.130429 8.234876 12.995507 9.897897 6.590311 12.665685 10.049349 11.049852 12.997335 4.704879 8.987358 9.872083 11.268075 7.938956 8.388571 8.734575 12.991538 14.549539 15.890029 -9999.0 -9999.0 -9999.0 6.750126 -9999.0 -9999.0 -9999.0 -9999.0 -9999.0 -9999.0 -9999.0 -9999.0 -9999.0 -9999.0 -9999.0 -9999.0 -9999.0 -9999.0 -9999.0 -9999.0 -9999.0 -9999.0 -9999.0 -9999.0
-9999.0 -9999.0 -9999.0 -9999.0 -9999.0 -9999.0 -9999.0 -9999.0 -9999.0 -9999.0 -9999.0 11.929688 5.635495 6.875740 6.027944 7.006197 6.000716 6.305763 16.435710 14.412672 15.620355 14.285642 13.150103 4.456588 5.479421 12.226444 10.835070 11.713457 13.025029 9.259098 10.027850 12.868670 10.924521 9.563436 7.212001 8.858614 14.534345 18.390863 17.989128 16.175020 8.830253 6.884454 8.498804 10.301166 -9999.0 -9999.0 -9999.0 0.081475 7.678155 10.172235 11.196533 9.169431 6.787381 3.739820 5.736355 0.092490 -9999.0 -9999.0 -9999.0 -9999.0 -9999.0 -9999.0 -9999.0
-9999.0 -9999.0 -9999.0 -9999.0 -9999.0 -9999.0 -9999.0 -9999.0 -9999.0 -9999.0 -9999.0 11.899295 8.543226 3.894996 11.375635 9.046005 4.017431 3.689963 13.443132 17.044620 5.184409 7.624725 5.861720 12.920482 11.413879 10.341165 5.754345 6.148409 12.338198 10.438462 9.265023 4.245772 12.769484 10.154863 8.650661 13.056171 7.217202 10.233422 24.085085 18.676122 16.819396 11.590794 10.084772 11.988801 10.522383 -9999.0 -0.026126 9.221123 11.219923 12.411805 13.039812 14.021451 13.544598 13.176392 13.394856 12.953913 -9999.0 -9999.0 -9999.0 -9999.0 -9999.0 -9999.0 -9999.0
-9999.0 -9999.0 -9999.0 -9999.0 -9999.0 -9999.0 -9999.0 -9999.0 -9999.0 -9999.0 -9999.0 -9999.0 10.619187 4.043196 11.622055 10.367339 1.698726 3.685025 14.696977 17.428994 5.771739 8.133386 7.999600 6.875933 5.367921 5.798661 14.849869 12.684752 12.080936 10.684827 10.536879 4.799220 12.641019 11.081003 7.983209 12.337056 6.164650 9.747038 27.236374 21.191307 16.832142 15.649495 6.988097 13.498904 11.817367 10.344398 9.381919 9.582804 4.764702 6.907530 8.910044 6.689955 7.941559 6.620188 6.347217 12.957146 13.578297 -9999.0 -9999.0 -9999.0 -9999.0 -9999.0 -9999.0
-9999.0 -9999.0 -9999.0 -9999.0 -9999.0 -9999.0 -9999.0 -9999.0 -9999.0 -9999.0 -9999.0 4.432362 9.336048 10.372404 4.836629 4.854085 5.846770 4.104208 14.768822 8.302635 6.355301 5.747887 8.072269 6.404620 6.173029 7.467155 6.818582 11.880166 10.938312 11.460325 5.494178 6.253918 13.646045 11.694503 6.929897 9.508325 13.067480 8.263815 8.826332 22.750523 8.922724 10.355873 9.853679 7.649794 14.075113 12.494774 11.880831 12.099094 11.663054 8.700589 6.017870 12.322320 4.948145 3.725500 3.119347 -0.134908 13.832252 -9999.0 -9999.0 -9999.0 -9999.0 -9999.0 -9999.0
-9999.0 -9999.0 -9999.0 -9999.0 -9999.0 -9999.0 -9999.0 -9999.0 -9999.0 -9999.0 11.118128 5.621806 12.279469 10.872704 11.062112 6.580482 6.387688 4.467782 7.723791 8.583659 15.640482 14.800502 4.513338 13.449579 8.306521 8.051656 6.042099 4.678327 12.496110 12.455066 7.075618 6.750161 13.013409 11.695750 5.083756 8.475800 13.901129 6.627394 5.498226 10.244466 11.051584 11.432198 20.777605 7.276847 7.627359 13.270836 11.500507 6.734071 7.937503 9.749398 5.842893 11.734236 1.850801 -0.716582 7.680051 12.906669 14.722044 -9999.0 -9999.0 -9999.0 -9999.0 -9999.0 -9999.0
-9999.0 -9999.0 -9999.0 -9999.0 -9999.0 -9999.0 -9999.0 -9999.0 -9999.0 10.391284 10.962036 5.452107 6.952949 5.460291 5.953763 6.014155 4.913471 12.418453 6.852211 9.369190 18.506850 7.568806 6.029652 10.549800 9.549136 3.577328 5.996865 12.676464 7.784957 8.349673 10.012760 3.161445 11.298254 8.713614 8.619455 9.071312 9.902393 5.770602 6.123544 6.412930 6.807512 5.642523 5.268407 8.127206 7.770583 7.711046 14.463139 8.216526 7.071787 10.385858 7.592531 13.782318 -0.007376 0.011952 10.887568 6.173495 7.246103 14.685025 12.790321 -9999.0 -9999.0 -9999.0 -9999.0
-9999.0 -9999.0 -9999.0 -9999.0 -9999.0 -9999.0 -9999.0 -9999.0 -9999.0 12.234014 10.698656 10.260027 12.661498 7.604645 6.446948 5.656592 12.455854 8.084927 7.714446 18.833793 19.357317 19.079361 16.446900 14.601897 4.684359 6.574341 6.012128 8.537047 10.486263 14.494196 13.304796 3.283994 12.562269 11.504827 10.818060 10.801465 10.744572 11.212076 9.457601 11.406718 5.618012 5.169069 7.519196 8.957150 8.197563 11.541249 11.394041 11.063152 9.734930 10.623345 4.747632 4.161780 6.477252 9.817975 12.032800 4.422535 8.135337 9.554362 15.550413 -9999.0 -9999.0 -9999.0 -9999.0
-9999.0 -9999.0 -9999.0 -9999.0 -9999.0 -9999.0 -9999.0 -9999.0 -9999.0 -9999.0 10.618665 10.990736 6.593785 5.187698 8.345749 5.974073 7.615599 9.244067 10.069411 13.387071 18.764512 7.363623 5.624460 5.162158 6.579305 8.625288 9.819310 11.787648 13.839112 4.079372 3.490997 6.733775 4.053127 9.677382 11.542447 12.416173 12.611630 13.868789 12.566541 10.591138 8.265185 11.221195 11.786918 6.419761 5.308876 5.686178 6.727981 15.799838 12.871623 10.376966 5.972750 8.183580 13.335440 11.287721 8.577517 11.892359 12.478046 10.780519 11.720965 11.616355 -9999.0 -9999.0 -9999.0
-9999.0 -9999.0 -9999.0 -9999.0 -9999.0 -9999.0 -9999.0 -9999.0 -9999.0 -9999.0 10.534128 11.335947 11.197275 7.256706 15.969065 5.992222 5.695685 8.529046 11.065840 14.154890 9.899248 8.272332 6.722889 9.250851 9.340253 11.291590 12.713770 7.192545 4.235611 4.012828 11.185613 11.761562 5.054470 11.109586 9.851584 10.520708 7.124056 7.207334 5.106397 11.521251 10.717775 12.347321 5.998719 11.058947 12.098090 4.809691 7.700820 6.424696 8.882990 13.473208 11.249223 9.248690 7.170532 14.507143 8.910720 11.284495 11.043384 9.673686 11.473788 14.182601 -9999.0 -9999.0 -9999.0
-9999.0 -9999.0 -9999.0 -9999.0 -9999.0 -9999.0 -9999.0 -9999.0 13.714367 12.783519 10.244500 10.959772 6.244673 6.652852 5.131394 8.424324 9.226927 18.826205 14.001396 14.483572 11.438761 10.335562 9.417164 7.747822 10.679133 10.452745 16.485500 5.890189 7.054875 4.826379 8.886145 10.770217 12.769172 9.972535 11.191271 8.474928 11.905927 7.896353 2.355461 12.108624 10.746554 11.057979 4.897438 9.519053 11.631878 12.314357 4.044358 7.274772 7.375684 12.429322 11.958859 8.354943 9.244637 4.445907 12.032722 14.444218 14.521299 15.552711 12.623104 13.294502 -9999.0 -9999.0 -9999.0
-9999.0 -9999.0 -9999.0 -9999.0 -9999.0 -9999.0 -9999.0 -9999.0 5.824269 6.950548 5.310941 10.522709 10.602501 7.039515 4.603324 6.253947 7.212771 8.884939 11.604535 14.787637 23.502973 21.405155 20.178123 19.295595 9.951329 10.757203 8.276599 8.911433 6.434942 13.220441 11.210208 11.899243 13.364349 11.561466 12.474919 11.990641 13.503522 8.817519 7.010360 13.437506 11.777532 8.203872 10.944747 11.872799 13.048724 6.978421 5.181228 11.747041 8.366444 9.722121 14.356525 11.853612 7.752973 14.089906 15.314043 11.638208 11.416679 12.360203 14.427082 17.272551 18.087495 -9999.0 -9999.0
-9999.0 -9999.0 -9999.0 -9999.0 -9999.0 -9999.0 -9999.0 -9999.0 10.000052 12.054843 12.884325 4.268277 12.398671 6.058529 7.861377 5.345331 7.950083 11.961154 11.901482 22.548802 15.579889 21.745204 21.603784 14.383344 20.729459 10.016389 7.355398 5.312979 5.482179 13.165112 11.798738 12.812373 5.423468 5.362467 12.913674 14.173738 7.472306 8.302753 5.295770 6.307141 13.037425 11.692143 12.092264 12.124555 5.602217 13.365462 13.540441 12.773156 6.737900 8.690482 12.514491 13.716414 9.188152 8.928718 13.148256 13.948415 14.700367 15.195498 16.410445 16.895481 17.937359 -9999.0 -9999.0
-9999.0 -9999.0 -9999.0 -9999.0 -9999.0 -9999.0 -9999.0 -9999.0 8.947351 11.469432 8.628585 6.715529 13.381950 6.169718 6.380558 7.406437 9.317002 12.067334 17.377695 12.155749 14.976918 15.614170 22.182958 22.301548 10.933498 7.487503 6.058691 4.597088 13.200161 8.009155 7.570851 6.330905 8.644662 9.207053 7.613664 12.923461 13.416483 8.994033 6.497688 6.848453 13.920298 13.042467 13.219645 13.493311 13.309865 12.854316 13.484555 14.238788 12.708572 9.274136 10.207877 13.906001 15.057926 13.590357 15.656627 16.283009 16.827607 14.974434 15.800169 17.648940 15.926073 12.242925 -9999.0
-9999.0 -9999.0 -9999.0 -9999.0 -9999.0 -9999.0 -9999.0 -9999.0 9.108725 11.255866 8.013734 5.793895 6.956764 7.574932 15.238760 11.931255 17.200114 8.505157 7.263675 9.691056 11.538870 15.325369 15.812973 16.066306 21.037562 8.608832 6.532820 8.844008 9.570411 10.015442 5.435637 8.958999 10.261106 9.961015 8.825560 9.033299 10.062407 10.547505 9.712580 10.412288 8.845469 8.539232 9.116182 8.683281 6.890580 13.840142 8.307643 9.903174 9.621139 11.901778 14.784782 14.044523 15.091695 17.091256 17.713192 17.688658 18.158002 17.837353 16.733714 15.867410 12.894624 11.444600 -9999.0
-9999.0 -9999.0 12.355743 12.545560 5.885782 5.975317 6.904141 6.250499 11.773875 11.694360 7.668582 7.613933 8.095958 11.452644 18.972932 12.227792 7.478040 5.574683 7.635364 7.037187 10.100788 12.639476 15.475099 13.688293 14.701035 10.182483 8.670121 8.414246 8.301878 16.227364 6.456499 6.657610 14.916378 8.316322 11.591991 9.056313 13.062022 12.639890 11.180461 9.180821 11.287315 11.319156 8.829188 11.015286 6.841820 9.457739 11.034809 9.201071 12.671642 15.359605 17.180318 17.914883 18.146420 18.371163 18.345594 25.266514 16.951877 16.426290 15.256866 12.640267 17.964671 10.532275 -9999.0
-9999.0 6.556313 6.576131 6.503842 5.881327 7.042026 6.619732 5.057993 3.957984 11.544145 5.457821 6.808116 9.192351 16.943226 18.664014 7.729642 8.488088 7.258781 7.857362 8.264746 10.768845 11.995198 18.432047 13.307679 22.302761 14.901462 20.483561 19.836907 14.290459 12.019699 12.918299 12.142688 11.875631 17.513236 13.596954 15.393739 16.666252 14.906592 16.001821 14.732642 13.870231 13.664570 13.437155 9.498291 9.851410 10.454706 13.860616 11.646110 16.406081 15.298391 16.843730 17.060199 16.557432 16.759242 16.835164 16.024098 13.109286 12.522857 13.772625 16.996665 10.162519 10.042427 -9999.0
-9999.0 12.851730 7.941674 8.212610 13.823580 8.294722 3.492168 4.948326 12.555896 11.866967 5.601837 6.606926 9.224207 18.681302 8.592089 6.181688 5.916178 6.623169 9.057680 7.838518 15.145102 10.547902 13.114597 15.001864 23.544690 24.094333 13.698363 15.782408 15.418282 12.957463 13.296599 12.770438 13.431267 13.903098 21.365021 17.078023 25.871314 26.736827 18.031010 18.234469 17.492585 15.767153 14.990241 13.478743 13.939139 14.285816 16.535782 16.586987 16.053682 16.482238 14.916560 12.445352 12.537935 13.684444 13.295045 11.755422 11.675487 10.485577 9.962106 9.125358 8.984690 -9999.0 -9999.0
