user2019/resources/simulation/Vinschgau/output-maps/TL0005N0305.asc
ncols         63
nrows         48
xllcorner     598000.000000
yllcorner     5145000.000000
cellsize      1000.000000
NODATA_value  -9999.0
[rows 0 to 27 of 48, columns 0 to 61 of 63]
-9999.0 -9999.0 -9999.0 -9999.0 -9999.0 -9999.0 -9999.0 -9999.0 -9999.0 -9999.0 -9999.0 -9999.0 -9999.0 -9999.0 -9999.0 -9999.0 -9999.0 -9999.0 -9999.0 -9999.0 -9999.0 -9999.0 -9999.0 -9999.0 -9999.0 -9999.0 -9999.0 -9999.0 -9999.0 -9999.0 -9999.0 -9999.0 -9999.0 -9999.0 -9999.0 -9999.0 -9999.0 -9999.0 -9999.0 -9999.0 -9999.0 -9999.0 -9999.0 -9999.0 -9999.0 -9999.0 -9999.0 -9999.0 -9999.0 -9999.0 -9999.0 -9999.0 -9999.0 -9999.0 -9999.0 -9999.0 -9999.0 -9999.0 -9999.0 -9999.0 -9999.0 -9999.0
-9999.0 -9999.0 -9999.0 -9999.0 -9999.0 -9999.0 -9999.0 -9999.0 -9999.0 -9999.0 -9999.0 -9999.0 -9999.0 -9999.0 -9999.0 -9999.0 -9999.0 -9999.0 -9999.0 -9999.0 -9999.0 -9999.0 -9999.0 -9999.0 -9999.0 -9999.0 -9999.0 -6.087041 -5.666557 -5.229116 -7.137999 -8.158816 -7.924123 -9999.0 -9999.0 -9999.0 -9999.0 -9999.0 -9999.0 -9999.0 -9999.0 -9999.0 -9999.0 -9999.0 -9999.0 -9999.0 -9999.0 -9999.0 -9999.0 -9999.0 -9999.0 -9999.0 -9999.0 -9999.0 -9999.0 -9999.0 -9999.0 -9999.0 -9999.0 -9999.0 -9999.0 -9999.0
-9999.0 -9999.0 -9999.0 -9999.0 -9999.0 -9999.0 -9999.0 -9999.0 -9999.0 -9999.0 -9999.0 -9999.0 -9999.0 -9999.0 -9999.0 -9999.0 -9999.0 -9999.0 -9999.0 -9999.0 -9999.0 -9999.0 -9999.0 -9999.0 -4.858849 -4.014944 -3.509591 -4.068234 -3.544600 -4.389740 -7.197431 -9999.0 -9999.0 -9999.0 -9999.0 -9999.0 -9999.0 -9999.0 -9999.0 -9999.0 -9999.0 -9999.0 -9999.0 -9999.0 -9999.0 -9999.0 -9999.0 -9999.0 -9999.0 -9999.0 -9999.0 -9999.0 -9999.0 -9999.0 -9999.0 -9999.0 -9999.0 -9999.0 -9999.0 -9999.0 -9999.0 -9999.0
-9999.0 -9999.0 -9999.0 -9999.0 -9999.0 -9999.0 -9999.0 -9999.0 -9999.0 -9999.0 -9999.0 -9999.0 -9999.0 -9999.0 -9999.0 -9999.0 -9999.0 -9999.0 -9999.0 -9999.0 -9999.0 -9999.0 -9999.0 -4.450236 -3.086817 -3.549062 -2.973651 -3.257243 -3.291863 -4.217109 -5.919458 -6.730157 -9999.0 -9999.0 -9999.0 -9999.0 -9999.0 -9999.0 -9999.0 -9999.0 -9999.0 -9999.0 -9999.0 -9999.0 -9999.0 -9999.0 -9999.0 -9999.0 -9999.0 -9999.0 -9999.0 -9999.0 -9999.0 -9999.0 -9999.0 -9999.0 -9999.0 -9999.0 -9999.0 -9999.0 -9999.0 -9999.0
-9999.0 -9999.0 -9999.0 -9999.0 -9999.0 -9999.0 -9999.0 -9999.0 -9999.0 -9999.0 -9999.0 -9999.0 -9999.0 -9999.0 -9999.0 -9999.0 -9999.0 -9999.0 -0.120550 -3.469137 -9999.0 -4.564737 -3.446495 -3.323755 -1.239768 -0.034212 -1.218948 -1.529619 -0.018798 -3.537308 -4.011402 -6.084207 -6.275661 -7.972697 -9999.0 -9999.0 -9999.0 -9999.0 -9999.0 -9999.0 -9999.0 -9999.0 -9999.0 -9999.0 -9999.0 -9999.0 -9999.0 -9999.0 -9999.0 -9999.0 -9999.0 -9999.0 -9999.0 -9999.0 -9999.0 -9999.0 -9999.0 -9999.0 -9999.0 -9999.0 -9999.0 -9999.0
-9999.0 -9999.0 -9999.0 -9999.0 -9999.0 -9999.0 -9999.0 -9999.0 -9999.0 -9999.0 -9999.0 -9999.0 -9999.0 -9999.0 -9999.0 -9999.0 -9999.0 -1.348052 -2.446497 -2.952479 -3.497856 -2.730809 -2.763607 -1.596955 -0.000680 -2.387813 -5.600309 -4.930034 -5.207214 -2.423729 -3.083827 -4.417995 -4.196477 -5.469411 -7.765557 -9.328581 -9999.0 -9999.0 -9999.0 -9999.0 -9999.0 -9999.0 -9999.0 -9999.0 -9999.0 -9999.0 -9999.0 -9999.0 -9999.0 -9999.0 -9999.0 -9999.0 -9999.0 -9999.0 -9999.0 -9999.0 -9999.0 -9999.0 -9999.0 -9999.0 -9999.0 -9999.0
-9999.0 -9999.0 -9999.0 -9999.0 -9999.0 -9999.0 -9999.0 -9999.0 -9999.0 -9999.0 -9999.0 -9999.0 -9999.0 -4.875252 -2.626482 -1.456667 -0.617117 1.139923 -1.947284 -2.478748 -1.786559 -0.608171 -0.442409 -0.003350 -2.076537 -6.036743 -6.885853 -5.985376 -6.908742 -5.318172 -4.867573 -6.573017 -7.148603 -8.791515 -8.918003 -9.921591 -9999.0 -9999.0 -9999.0 -9999.0 -9999.0 -9999.0 -9999.0 -9999.0 -9999.0 -9999.0 -9999.0 -9999.0 -9999.0 -9999.0 -9999.0 -9999.0 -9999.0 -9999.0 -9999.0 -9999.0 -9999.0 -9999.0 -9999.0 -9999.0 -9999.0 -9999.0
-9999.0 -9999.0 -9999.0 -9999.0 -9999.0 -9999.0 -9999.0 -9999.0 -9999.0 -9999.0 -9999.0 -9999.0 -9999.0 -3.434631 -2.314409 -0.982256 -1.074374 -0.044531 1.193078 -1.972871 -0.037937 -0.755053 -0.757482 -1.150468 -1.946561 -4.572729 -5.592447 -7.576845 -8.329714 -7.220017 -6.325411 -8.726264 -9.056955 -10.083664 -9.930779 -9999.0 -9999.0 -9999.0 -9999.0 -9999.0 -9999.0 -9999.0 -9999.0 -9999.0 -9999.0 -9999.0 -9999.0 -9999.0 -9999.0 -9999.0 -9999.0 -9999.0 -9999.0 -9999.0 -9999.0 -9999.0 -9999.0 -9999.0 -9999.0 -9999.0 -9999.0 -9999.0
-9999.0 -9999.0 -9999.0 -9999.0 -9999.0 -9999.0 -9999.0 -9999.0 -9999.0 -9999.0 -9999.0 -9999.0 -9999.0 -2.933932 -0.945541 -0.334242 -1.941985 -0.743543 1.279686 -0.025032 -0.783622 -5.641311 -3.924416 -4.964077 -4.225660 -4.011572 -4.848446 -8.250070 -6.087454 -9.018528 -8.607863 -10.442831 -10.097609 -11.203828 -10.227658 -9999.0 -9999.0 -9999.0 -9999.0 -9999.0 -9999.0 -9999.0 -9999.0 -9999.0 -9999.0 -9999.0 -9999.0 -9999.0 -9999.0 -9999.0 -9999.0 -9999.0 -9999.0 -9999.0 -9999.0 -9999.0 -9999.0 -9999.0 -9999.0 -9999.0 -9999.0 -9999.0
-9999.0 -9999.0 -9999.0 -9999.0 -9999.0 -9999.0 -9999.0 -9999.0 -9999.0 -9999.0 -9999.0 -9999.0 -3.332201 -2.465338 -0.819771 -5.228923 -2.077195 -1.001960 0.193548 -1.238955 -2.199510 -6.001799 -5.139682 -5.478426 -3.372748 -7.478811 -5.577513 -6.332920 -4.672353 -8.551328 -9.471355 -7.265680 -7.108551 -9.702579 -9999.0 -9999.0 -9999.0 -9999.0 -9999.0 -9999.0 -9999.0 -9999.0 -9999.0 -9999.0 -9999.0 -9999.0 -9999.0 -9999.0 -9999.0 -9999.0 -9999.0 -9999.0 -9999.0 -9999.0 -9999.0 -9999.0 -9999.0 -9999.0 -9999.0 -9999.0 -9999.0 -9999.0
-9999.0 -9999.0 -9999.0 -9999.0 -9999.0 -9999.0 -9999.0 -9999.0 -9999.0 -9999.0 -9999.0 -4.581525 -4.329311 -0.490354 -5.456140 -5.381018 -5.952673 -1.889298 0.249196 -1.042310 -1.656923 -3.044176 -5.150461 -6.631863 -4.792680 -6.081852 -8.436955 -5.553136 -5.368578 -9.367127 -7.454260 -4.896125 -7.422746 -8.993061 -8.381443 -7.499553 -7.574989 -2.415970 -0.003648 -9999.0 -9999.0 -9999.0 -9.211409 -9999.0 -9999.0 -9999.0 -9999.0 -9999.0 -9999.0 -9999.0 -9999.0 -9999.0 -9999.0 -9999.0 -9999.0 -9999.0 -9999.0 -9999.0 -9999.0 -9999.0 -9999.0 -9999.0
-9999.0 -9999.0 -9999.0 -9999.0 -9999.0 -9999.0 -9999.0 -9999.0 -9999.0 -9999.0 -9999.0 -5.448472 -4.698888 -3.319603 -4.261667 -6.446959 -3.496135 -1.462312 0.289034 -0.011625 -0.073256 -2.292590 -4.612432 -5.354428 -5.368882 -6.518676 -5.532523 -4.340283 -5.966971 -8.458828 -5.416745 -4.677071 -6.564987 -8.241464 -9.568359 -6.743597 -0.010366 -0.501011 -1.453018 -3.709816 -8.304466 -9.564472 -6.475930 -8.082467 -9999.0 -9999.0 -9999.0 -0.413599 -5.097543 -4.861766 -2.972257 -3.826918 -3.582469 -0.126302 -0.107339 -3.225231 -9999.0 -9999.0 -9999.0 -9999.0 -9999.0 -9999.0
-9999.0 -9999.0 -9999.0 -9999.0 -9999.0 -9999.0 -9999.0 -9999.0 -9999.0 -9999.0 -9999.0 -4.712988 -5.417998 -4.831810 -4.008639 -5.505580 -3.321670 -1.357675 -0.000751 0.000160 -2.122504 -2.463709 -3.036202 -3.982299 -6.806965 -5.388772 -2.796671 -5.304097 -7.149283 -7.350910 -7.818115 -5.518015 -4.972503 -8.397870 -8.518234 -1.726970 -2.747392 -1.394075 -0.053654 -2.428062 -0.016685 -7.381254 -5.391624 -5.561192 -7.331473 -9999.0 -7.571705 -5.383657 -3.264466 -1.728555 -1.847126 -1.567529 -0.133576 -0.031283 -0.047165 -0.271603 -9999.0 -9999.0 -9999.0 -9999.0 -9999.0 -9999.0
-9999.0 -9999.0 -9999.0 -9999.0 -9999.0 -9999.0 -9999.0 -9999.0 -9999.0 -9999.0 -9999.0 -9999.0 -4.788567 -3.721411 -2.749653 -3.985013 -3.109996 -1.610439 0.018952 0.085059 -2.415636 -1.737547 -2.354892 -2.708684 -4.959855 -2.734020 -3.104365 -6.703463 -6.644268 -6.488814 -5.881289 -4.548735 -5.441331 -7.427797 -9.323393 -6.967762 -3.732956 -0.647895 -0.014936 -1.847325 -0.011694 -0.240759 -4.570871 -4.516363 -5.622903 -6.251326 -6.206463 -5.445797 -4.383725 -1.728822 -1.185118 -2.559905 -0.141789 -0.572495 -3.574277 -3.610085 -0.726810 -9999.0 -9999.0 -9999.0 -9999.0 -9999.0
-9999.0 -9999.0 -9999.0 -9999.0 -9999.0 -9999.0 -9999.0 -9999.0 -9999.0 -9999.0 -9999.0 -3.008394 -5.567738 -5.330465 -2.670284 -2.860071 -2.496496 -1.699787 -0.007698 -0.025803 -2.137047 -1.745608 -1.878773 -3.335545 -2.845213 -2.267981 -3.375714 -7.156273 -5.643782 -5.081009 -3.216404 -3.078323 -3.836106 -7.643506 -10.179716 -7.556135 -7.631516 -2.925173 -0.204208 -0.017572 -3.550989 -2.129273 -3.029005 -3.207997 -1.596081 -5.973042 -4.276196 -3.511916 -3.215254 -0.962331 -5.738504 -5.813126 -4.818449 -6.515460 -5.787561 -6.480503 -2.780952 -9999.0 -9999.0 -9999.0 -9999.0 -9999.0
-9999.0 -9999.0 -9999.0 -9999.0 -9999.0 -9999.0 -9999.0 -9999.0 -9999.0 -9999.0 -1.932049 -2.349498 -2.364893 -4.658969 -1.519207 -2.496439 -3.770218 -3.328954 -1.297191 -0.021198 -0.003234 -0.108165 -2.918787 -2.682876 -2.093869 -1.748291 -5.820091 -5.468095 -3.222907 -3.131811 -2.819192 -4.203600 -5.922724 -7.973694 -10.699745 -8.525584 -5.605651 -3.806230 -2.019422 -0.027749 -0.014286 -1.011490 -0.926035 -2.730250 -2.856911 -4.570373 -4.126320 -2.708189 -1.632395 -1.042689 -3.306615 -6.360096 -6.327687 -6.706400 -6.106300 -0.454323 -0.417270 -9999.0 -9999.0 -9999.0 -9999.0 -9999.0
-9999.0 -9999.0 -9999.0 -9999.0 -9999.0 -9999.0 -9999.0 -9999.0 -9999.0 -5.793298 -2.401543 -2.022561 -3.128367 -2.440103 -0.798425 -3.876834 -4.858957 -1.502096 -0.487776 -0.007166 -0.000342 -1.131737 -1.568426 -0.038737 -1.133238 -4.998673 -3.818426 -3.007134 -2.849588 -2.297839 -0.768020 -5.577314 -8.503979 -9.588775 -8.502368 -8.418195 -7.574799 -5.680351 -6.250858 -3.689743 -3.218550 -5.201835 -4.854701 -0.070379 -2.855297 -1.352425 -0.006618 -3.199328 -2.118917 -1.500393 -1.896132 -4.252967 -7.134650 -5.676916 -3.990417 -2.409702 -0.050771 -0.063718 -1.645185 -9999.0 -9999.0 -9999.0
-9999.0 -9999.0 -9999.0 -9999.0 -9999.0 -9999.0 -9999.0 -9999.0 -9999.0 -5.658931 -5.633395 -5.256786 -0.065438 -2.650273 -2.042268 -1.996248 -0.630217 -1.402884 -0.096601 0.727894 0.543008 0.253040 -0.284845 -1.076082 -4.951115 -2.904699 -3.041403 -2.283261 -0.039679 -1.627708 -2.906098 -3.516332 -7.002365 -7.020378 -6.111197 -5.818667 -6.200235 -5.587826 -8.018516 -6.132033 -5.889185 -7.230620 -3.687304 -0.750728 -0.035278 -0.005415 -0.007033 -2.189187 -0.808604 -0.611543 -2.424250 -2.801900 -5.548040 -5.086305 -5.962608 -0.789525 -0.301693 -0.192998 -0.038290 -9999.0 -9999.0 -9999.0
-9999.0 -9999.0 -9999.0 -9999.0 -9999.0 -9999.0 -9999.0 -9999.0 -9999.0 -9999.0 -5.521351 -4.832168 -3.302109 -2.935896 -1.839898 -2.003231 -1.560695 -0.710876 -0.035662 0.223746 -0.004039 -0.244547 -1.361345 -2.672412 -2.880020 -2.460825 -0.801251 -0.028288 -2.504016 -5.736714 -6.076265 -3.584840 -7.348680 -7.824895 -4.800863 -3.748471 -4.184167 -4.316836 -6.682745 -8.239301 -8.872525 -4.295360 -2.509752 -5.069767 -3.297491 -1.148893 -0.522161 -0.334090 -0.000334 -1.497387 -1.508634 -1.142512 -3.571470 -5.112327 -4.327648 -5.141685 -3.012936 -1.058922 -0.531685 -0.269850 -9999.0 -9999.0
-9999.0 -9999.0 -9999.0 -9999.0 -9999.0 -9999.0 -9999.0 -9999.0 -9999.0 -9999.0 -5.565310 -5.277380 -4.203077 -1.449550 -0.000323 -2.799849 -1.722798 -0.373020 1.196005 0.931028 -0.011682 -0.084100 -1.982100 -2.982836 -2.491812 -0.442432 -0.003586 -1.192565 -4.243156 -7.521446 -7.015697 -5.017402 -5.315840 -7.868440 -7.327238 -6.267303 -3.002073 -3.069362 -4.774103 -7.757069 -5.776615 -4.927254 -5.357458 -6.610590 -2.990879 -4.270780 -2.869509 -1.410946 -0.016414 -0.006068 -1.797887 -0.866436 -0.206920 -3.342197 -4.852061 -3.269201 -5.368605 -0.071880 -0.054640 -0.006000 -9999.0 -9999.0
-9999.0 -9999.0 -9999.0 -9999.0 -9999.0 -9999.0 -9999.0 -9999.0 -1.821441 -2.080753 -5.022709 -4.292013 -3.792042 -3.575188 -1.574910 -0.031031 -0.029603 1.284227 1.077698 1.135946 0.889520 -0.001850 -0.035596 -0.137973 -0.325530 -0.005063 -0.004357 -4.046986 -4.385602 -6.011485 -8.534679 -6.899907 -6.068832 -6.535807 -5.615531 -7.966104 -4.628138 -2.259946 -4.675428 -6.512373 -6.846340 -6.101673 -7.252775 -7.781560 -3.889321 -2.493931 -5.860128 -2.765712 -0.502132 -0.017614 -1.176219 -0.650434 -0.075175 -3.712370 -2.783812 -0.060988 -0.099322 -0.102043 -0.069809 0.375647 -9999.0 -9999.0
-9999.0 -9999.0 -9999.0 -9999.0 -9999.0 -9999.0 -9999.0 -9999.0 -4.768730 -1.667161 -2.560687 -6.391614 -5.411412 -2.999928 -1.905456 -0.814116 -0.434178 -0.321807 1.814495 1.424165 4.979505 2.856234 0.078624 0.163506 -0.004975 -0.001961 -1.629142 -2.152844 -6.230677 -5.107262 -5.622514 -4.428892 -4.766400 -5.532645 -4.224717 -3.789401 -1.631239 -1.124167 -2.933281 -4.402708 -6.776401 -8.711272 -7.245905 -3.946362 -1.985524 -3.830556 -6.377956 -5.579650 -1.423161 -0.243272 -0.004969 -0.589651 -0.117376 -0.052379 -1.547294 -0.856258 -0.888892 -0.862063 0.017983 3.137024 3.519075 -9999.0
-9999.0 -9999.0 -9999.0 -9999.0 -9999.0 -9999.0 -9999.0 -9999.0 -5.538474 -3.272984 -1.676022 -4.755853 -2.537575 -5.518063 -1.572946 -2.150724 -1.713603 -0.008142 1.891666 3.920937 3.060523 2.963862 3.117367 0.581080 1.735438 -0.061947 -0.805945 -3.239766 -4.464581 -3.619119 -4.466074 -2.480543 -3.311860 -3.004353 -3.019041 -2.525935 -3.598308 -0.535861 -2.334628 -4.001167 -5.094534 -5.437479 -3.373102 -4.948598 -5.146156 -5.338456 -4.077069 -0.978246 -4.254753 -0.442232 0.558098 -0.050807 -0.849140 -0.495362 -0.097665 -0.048137 -0.004223 0.114810 1.881848 1.396069 3.309393 -9999.0
-9999.0 -9999.0 -9999.0 -9999.0 -9999.0 -9999.0 -9999.0 -9999.0 -7.145623 -3.926965 -0.728909 -2.345553 -0.545036 -0.641291 -2.854827 -1.825448 -0.006637 1.867432 -0.004398 1.471243 1.468913 2.934387 4.229111 1.995433 -0.003898 -0.482468 -1.364386 -2.324910 -2.834711 -2.867934 -2.285351 -1.953133 -1.927363 -1.729174 -3.188945 -2.754514 -1.768633 -0.872516 -1.875008 -2.036805 -4.005104 -2.596747 -2.117612 -2.699767 -2.352475 -3.555617 -1.086650 -1.119353 -1.013559 -0.951460 -0.276628 0.674141 -0.008970 -0.042734 -0.001782 0.200096 1.449003 1.418217 3.753285 3.229137 0.397745 -0.055315
-9999.0 -9999.0 -9999.0 -9999.0 -9999.0 -9999.0 -9999.0 -9999.0 -5.289534 -3.316635 -0.094830 -1.597898 -2.686699 -2.197399 -0.000204 -0.005128 -0.007480 -0.271307 -0.523674 -0.226242 0.737943 1.583962 1.543351 0.909284 -0.000140 -0.185666 -2.681064 -2.411322 -1.263527 -1.000269 -2.004464 -1.335667 -1.063878 -0.939033 -2.059475 -1.931096 -0.963441 -0.063106 -1.876850 -1.034692 -2.314211 -2.405786 -1.201368 -2.107918 -1.998695 -1.686761 -1.952890 -0.878970 -1.346009 -0.346666 -0.005873 -0.000238 1.304249 0.702686 1.144535 1.210961 1.579756 1.681358 1.288901 0.430889 -0.005502 -0.061191
-9999.0 -9999.0 -3.582720 -2.898271 -3.801732 -2.118592 -1.238127 -2.094547 -3.225648 -3.444692 -1.235462 -1.715454 -1.985848 -0.035687 1.059564 -0.020173 -0.693541 -3.974339 -3.405910 -0.646158 -0.182956 1.517864 1.514619 1.484782 0.054027 -0.044303 -0.271951 -1.364890 -0.113116 -0.002993 -1.564456 -1.030416 -0.002131 -2.062354 -0.300185 -0.727321 -0.033073 -0.005246 -1.003783 -0.475930 -0.214109 -0.214332 -2.037614 -0.532342 -1.366500 -1.048056 -1.062479 -1.691816 -0.014157 0.195982 1.409556 1.188872 1.518049 1.426959 1.426572 3.156994 0.599611 0.501029 -0.005521 -0.020125 -0.058120 -0.036775
-9999.0 -1.751724 -1.913127 -1.628182 -1.854517 -1.209153 -2.869346 -4.178054 -4.471898 -4.987909 -2.820762 -0.079807 -0.034984 -0.000108 -0.000267 -0.194547 -2.987301 -3.821088 -1.339584 -0.807461 -0.068923 -0.002927 1.343864 1.372848 1.648014 0.268034 0.090280 0.458434 0.032500 -0.036056 -0.034333 -0.070732 -0.047345 0.751371 0.103689 0.309680 0.896086 2.411048 0.858877 0.175258 -0.004185 0.173560 -0.004360 -1.332739 -1.826088 -1.187870 -0.004627 0.075227 1.784050 1.400732 1.613888 1.468779 0.538372 0.396002 0.393213 -0.008118 -0.055160 -0.070176 -0.056354 -0.040312 -0.023723 -0.027382
-9999.0 -2.716621 -1.273700 -1.517830 -0.030427 -1.367285 -2.107802 -2.213378 -2.936102 -2.878103 -1.246374 -1.209275 -0.054475 -0.000277 -0.408695 -1.710355 -4.253090 -2.984955 -1.834161 -1.489151 -0.077408 -0.022029 -0.000267 0.048936 2.535785 4.079800 1.477941 1.036281 1.034799 1.368072 2.040591 1.612846 0.265355 0.378981 1.564576 1.439438 4.953760 7.639596 1.998367 1.715284 1.622794 1.490267 1.608983 1.647362 2.466160 2.925635 3.519209 3.733696 1.876889 1.713662 0.383360 -0.029060 -0.083188 -0.003366 -0.124264 -0.051372 -0.124647 -0.069654 -0.072093 -0.042165 -0.030931 -9999.0
