user2019/resources/simulation/Vinschgau/output-maps/TL0004N0346.asc
ncols         63
nrows         48
xllcorner     598000.000000
yllcorner     5145000.000000
cellsize      1000.000000
NODATA_value  -9999.0
[rows 0 to 27 of 48, columns 0 to 62 of 63]
-9999.0 -9999.0 -9999.0 -9999.0 -9999.0 -9999.0 -9999.0 -9999.0 -9999.0 -9999.0 -9999.0 -9999.0 -9999.0 -9999.0 -9999.0 -9999.0 -9999.0 -9999.0 -9999.0 -9999.0 -9999.0 -9999.0 -9999.0 -9999.0 -9999.0 -9999.0 -9999.0 -9999.0 -9999.0 -9999.0 -9999.0 -9999.0 -9999.0 -9999.0 -9999.0 -9999.0 -9999.0 -9999.0 -9999.0 -9999.0 -9999.0 -9999.0 -9999.0 -9999.0 -9999.0 -9999.0 -9999.0 -9999.0 -9999.0 -9999.0 -9999.0 -9999.0 -9999.0 -9999.0 -9999.0 -9999.0 -9999.0 -9999.0 -9999.0 -9999.0 -9999.0 -9999.0 -9999.0
-9999.0 -9999.0 -9999.0 -9999.0 -9999.0 -9999.0 -9999.0 -9999.0 -9999.0 -9999.0 -9999.0 -9999.0 -9999.0 -9999.0 -9999.0 -9999.0 -9999.0 -9999.0 -9999.0 -9999.0 -9999.0 -9999.0 -9999.0 -9999.0 -9999.0 -9999.0 -9999.0 -0.135853 -0.774407 -1.310188 -0.332248 -1.267727 -0.970188 -9999.0 -9999.0 -9999.0 -9999.0 -9999.0 -9999.0 -9999.0 -9999.0 -9999.0 -9999.0 -9999.0 -9999.0 -9999.0 -9999.0 -9999.0 -9999.0 -9999.0 -9999.0 -9999.0 -9999.0 -9999.0 -9999.0 -9999.0 -9999.0 -9999.0 -9999.0 -9999.0 -9999.0 -9999.0 -9999.0
-9999.0 -9999.0 -9999.0 -9999.0 -9999.0 -9999.0 -9999.0 -9999.0 -9999.0 -9999.0 -9999.0 -9999.0 -9999.0 -9999.0 -9999.0 -9999.0 -9999.0 -9999.0 -9999.0 -9999.0 -9999.0 -9999.0 -9999.0 -9999.0 -0.194343 -1.695552 -2.532576 -2.116825 -2.423079 -1.873185 -0.304740 -9999.0 -9999.0 -9999.0 -9999.0 -9999.0 -9999.0 -9999.0 -9999.0 -9999.0 -9999.0 -9999.0 -9999.0 -9999.0 -9999.0 -9999.0 -9999.0 -9999.0 -9999.0 -9999.0 -9999.0 -9999.0 -9999.0 -9999.0 -9999.0 -9999.0 -9999.0 -9999.0 -9999.0 -9999.0 -9999.0 -9999.0 -9999.0
-9999.0 -9999.0 -9999.0 -9999.0 -9999.0 -9999.0 -9999.0 -9999.0 -9999.0 -9999.0 -9999.0 -9999.0 -9999.0 -9999.0 -9999.0 -9999.0 -9999.0 -9999.0 -9999.0 -9999.0 -9999.0 -9999.0 -9999.0 -1.270576 -2.446347 1.558056 2.043244 2.557499 1.513232 -2.472706 -1.216402 -0.217632 -9999.0 -9999.0 -9999.0 -9999.0 -9999.0 -9999.0 -9999.0 -9999.0 -9999.0 -9999.0 -9999.0 -9999.0 -9999.0 -9999.0 -9999.0 -9999.0 -9999.0 -9999.0 -9999.0 -9999.0 -9999.0 -9999.0 -9999.0 -9999.0 -9999.0 -9999.0 -9999.0 -9999.0 -9999.0 -9999.0 -9999.0
-9999.0 -9999.0 -9999.0 -9999.0 -9999.0 -9999.0 -9999.0 -9999.0 -9999.0 -9999.0 -9999.0 -9999.0 -9999.0 -9999.0 -9999.0 -9999.0 -9999.0 -9999.0 3.255458 -2.824880 -9999.0 -0.327097 -1.727399 1.128528 2.151723 5.507245 -1.078775 -1.063953 4.810116 0.821807 -2.955208 -0.949754 -1.718507 -1.023615 -9999.0 -9999.0 -9999.0 -9999.0 -9999.0 -9999.0 -9999.0 -9999.0 -9999.0 -9999.0 -9999.0 -9999.0 -9999.0 -9999.0 -9999.0 -9999.0 -9999.0 -9999.0 -9999.0 -9999.0 -9999.0 -9999.0 -9999.0 -9999.0 -9999.0 -9999.0 -9999.0 -9999.0 -9999.0
-9999.0 -9999.0 -9999.0 -9999.0 -9999.0 -9999.0 -9999.0 -9999.0 -9999.0 -9999.0 -9999.0 -9999.0 -9999.0 -9999.0 -9999.0 -9999.0 -9999.0 3.584391 2.892666 3.877957 -2.207216 -1.260578 -0.003648 0.660530 4.406275 -1.444981 -0.160113 -0.108357 -0.131041 -1.185302 0.999014 -2.599082 0.652972 -2.343657 -0.577786 -4.134383 -9999.0 -9999.0 -9999.0 -9999.0 -9999.0 -9999.0 -9999.0 -9999.0 -9999.0 -9999.0 -9999.0 -9999.0 -9999.0 -9999.0 -9999.0 -9999.0 -9999.0 -9999.0 -9999.0 -9999.0 -9999.0 -9999.0 -9999.0 -9999.0 -9999.0 -9999.0 -9999.0
-9999.0 -9999.0 -9999.0 -9999.0 -9999.0 -9999.0 -9999.0 -9999.0 -9999.0 -9999.0 -9999.0 -9999.0 -9999.0 -0.109619 -0.527384 2.085314 2.997426 10.597353 3.142134 3.972016 2.051333 2.424918 4.594898 5.305511 -0.150196 -0.260165 -0.426250 -0.148612 -0.575126 -0.187223 -0.238464 -0.489814 -0.512272 -4.985689 -2.762596 -5.637988 -9999.0 -9999.0 -9999.0 -9999.0 -9999.0 -9999.0 -9999.0 -9999.0 -9999.0 -9999.0 -9999.0 -9999.0 -9999.0 -9999.0 -9999.0 -9999.0 -9999.0 -9999.0 -9999.0 -9999.0 -9999.0 -9999.0 -9999.0 -9999.0 -9999.0 -9999.0 -9999.0
-9999.0 -9999.0 -9999.0 -9999.0 -9999.0 -9999.0 -9999.0 -9999.0 -9999.0 -9999.0 -9999.0 -9999.0 -9999.0 -1.137594 1.505925 1.560446 1.532808 4.863059 10.663318 4.570912 5.576930 1.187250 2.649000 -0.008981 -0.127288 -0.853613 -1.027888 -0.591785 -1.307578 -0.889268 -0.383744 -4.363591 -4.453926 -7.924086 -6.034570 -9999.0 -9999.0 -9999.0 -9999.0 -9999.0 -9999.0 -9999.0 -9999.0 -9999.0 -9999.0 -9999.0 -9999.0 -9999.0 -9999.0 -9999.0 -9999.0 -9999.0 -9999.0 -9999.0 -9999.0 -9999.0 -9999.0 -9999.0 -9999.0 -9999.0 -9999.0 -9999.0 -9999.0
-9999.0 -9999.0 -9999.0 -9999.0 -9999.0 -9999.0 -9999.0 -9999.0 -9999.0 -9999.0 -9999.0 -9999.0 -9999.0 -0.137154 4.239434 -1.221432 -0.016628 2.630393 10.577293 5.167381 2.333031 -0.264499 -0.833163 -0.117033 -0.104385 -0.065879 -1.031871 -1.262786 -0.587209 -6.268788 -2.693732 -8.916321 -8.157558 -9.917546 -7.612255 -9999.0 -9999.0 -9999.0 -9999.0 -9999.0 -9999.0 -9999.0 -9999.0 -9999.0 -9999.0 -9999.0 -9999.0 -9999.0 -9999.0 -9999.0 -9999.0 -9999.0 -9999.0 -9999.0 -9999.0 -9999.0 -9999.0 -9999.0 -9999.0 -9999.0 -9999.0 -9999.0 -9999.0
-9999.0 -9999.0 -9999.0 -9999.0 -9999.0 -9999.0 -9999.0 -9999.0 -9999.0 -9999.0 -9999.0 -9999.0 -1.473689 3.315032 -1.206297 -0.435157 -1.271252 1.950776 7.268564 4.697426 -0.099404 -0.297645 -0.119835 -0.170036 -1.460633 -0.841074 -0.256103 -0.166592 -1.925260 -1.730469 -7.282995 -0.965465 -2.109412 -3.384857 -9999.0 -9999.0 -9999.0 -9999.0 -9999.0 -9999.0 -9999.0 -9999.0 -9999.0 -9999.0 -9999.0 -9999.0 -9999.0 -9999.0 -9999.0 -9999.0 -9999.0 -9999.0 -9999.0 -9999.0 -9999.0 -9999.0 -9999.0 -9999.0 -9999.0 -9999.0 -9999.0 -9999.0 -9999.0
-9999.0 -9999.0 -9999.0 -9999.0 -9999.0 -9999.0 -9999.0 -9999.0 -9999.0 -9999.0 -9999.0 -0.092932 -0.483031 -0.005926 -0.257657 -0.266253 -0.319948 1.607283 7.361627 4.672287 1.499074 1.769657 -0.132714 -0.342940 -0.126802 -0.134924 -3.659772 -0.249217 -1.535607 -4.626016 -0.361331 -2.952063 -1.617752 -1.738854 -3.253517 -4.665442 1.542522 3.147565 3.243682 -9999.0 -9999.0 -9999.0 -2.609626 -9999.0 -9999.0 -9999.0 -9999.0 -9999.0 -9999.0 -9999.0 -9999.0 -9999.0 -9999.0 -9999.0 -9999.0 -9999.0 -9999.0 -9999.0 -9999.0 -9999.0 -9999.0 -9999.0 -9999.0
-9999.0 -9999.0 -9999.0 -9999.0 -9999.0 -9999.0 -9999.0 -9999.0 -9999.0 -9999.0 -9999.0 -0.164329 -0.112373 -1.327308 -0.571614 -2.276060 -1.806440 2.588934 7.301984 4.461145 4.899920 0.733566 -0.224348 -0.094791 -0.111187 -0.203267 -0.541419 -1.589240 -0.129813 -1.090962 -2.089949 -3.182453 -3.425585 -1.693367 -3.962972 1.919911 3.947847 5.723463 3.937789 2.898255 3.509346 -5.307655 0.419909 -1.995223 -9999.0 -9999.0 -9999.0 -0.018187 -0.080806 -0.061944 -0.044799 -0.046900 -0.048488 -0.017407 -0.015621 -0.047761 -9999.0 -9999.0 -9999.0 -9999.0 -9999.0 -9999.0 -9999.0
-9999.0 -9999.0 -9999.0 -9999.0 -9999.0 -9999.0 -9999.0 -9999.0 -9999.0 -9999.0 -9999.0 -0.099452 -0.735874 -0.556657 -0.121819 -0.435910 -1.751251 1.522576 5.617835 5.439655 2.708624 0.944002 -0.027482 -0.866922 -0.416413 -0.766122 -0.040743 -0.381836 -0.358631 -0.362011 -0.730842 -2.021440 -3.584688 -2.891372 -3.942583 3.498225 1.380744 3.747754 7.781131 4.723118 3.090554 2.015929 1.863232 -3.950373 -1.159113 -9999.0 -0.706220 -0.099249 -0.148520 -1.523440 -2.126277 -1.885529 -0.644041 -0.015313 -0.016266 -0.020539 -9999.0 -9999.0 -9999.0 -9999.0 -9999.0 -9999.0 -9999.0
-9999.0 -9999.0 -9999.0 -9999.0 -9999.0 -9999.0 -9999.0 -9999.0 -9999.0 -9999.0 -9999.0 -9999.0 -0.191899 -0.084059 -1.227168 -0.462300 -1.265073 1.401853 6.201566 5.913832 2.767229 2.740039 2.603766 -0.000672 -0.488776 -0.857846 3.110846 -0.343148 -0.187775 -0.166177 -1.322679 -2.355948 -2.951805 -2.773739 -3.315389 -0.005048 -0.003383 1.652002 8.187334 4.929848 4.801145 7.279237 0.772933 2.432283 -2.449703 -0.415879 -0.113814 -0.111984 -0.067873 -0.006309 1.876120 -0.059080 0.729240 -0.025460 -0.129367 -0.152769 -0.020042 -9999.0 -9999.0 -9999.0 -9999.0 -9999.0 -9999.0
-9999.0 -9999.0 -9999.0 -9999.0 -9999.0 -9999.0 -9999.0 -9999.0 -9999.0 -9999.0 -9999.0 -0.852403 -0.454392 -0.173920 -1.699495 -0.940282 -0.081271 0.541207 6.226748 5.365970 3.619375 2.607037 -0.703005 -1.949988 -1.734277 1.352592 -0.905116 -0.566086 -0.574329 -1.275832 -0.018006 -0.004901 1.403847 -2.502263 -5.138433 -4.764939 0.479363 0.732521 1.886726 8.642149 3.505150 4.880930 3.559981 3.145685 3.797476 -0.781837 -1.024771 -1.436430 -0.849155 2.733529 -0.193032 -0.365639 -0.209794 -0.669188 -0.424820 -4.237156 -0.039008 -9999.0 -9999.0 -9999.0 -9999.0 -9999.0 -9999.0
-9999.0 -9999.0 -9999.0 -9999.0 -9999.0 -9999.0 -9999.0 -9999.0 -9999.0 -9999.0 -0.040069 -1.233731 -1.052986 -0.081242 -1.040573 1.126818 -0.250272 -1.093371 4.996786 5.509762 5.010855 3.735349 2.184429 4.525628 2.974619 -0.329888 -0.117823 -0.564662 -2.432238 1.247927 1.430049 -1.153072 -0.973877 -1.082103 -5.658689 -3.642189 3.573067 -0.016357 1.922121 4.967334 5.533336 5.303597 6.505961 3.517155 1.181562 -2.471766 -0.836706 1.438671 1.764422 2.428189 -0.134339 -0.426261 -0.631102 -0.923746 -0.491785 -0.020092 -0.020201 -9999.0 -9999.0 -9999.0 -9999.0 -9999.0 -9999.0
-9999.0 -9999.0 -9999.0 -9999.0 -9999.0 -9999.0 -9999.0 -9999.0 -9999.0 -0.228216 -0.061985 -0.041686 0.747056 -1.376297 -0.236026 -0.080894 -0.123161 2.787085 4.519236 5.806942 5.229838 5.047685 4.473599 4.908089 -0.060992 -0.112979 -2.256223 2.435967 2.942070 2.937823 3.893581 -0.966502 -2.048238 -5.543114 -1.391304 -2.089339 -2.871069 -0.070424 -2.588654 0.815095 3.243087 -0.884421 -1.134701 4.935239 4.789633 2.804896 4.830579 2.353210 -1.175674 2.114296 -0.925244 -0.058374 -3.121450 -0.148553 -0.057142 -0.040563 -0.018446 -0.008796 -0.024409 -9999.0 -9999.0 -9999.0 -9999.0
-9999.0 -9999.0 -9999.0 -9999.0 -9999.0 -9999.0 -9999.0 -9999.0 -9999.0 -0.182287 -0.228816 -0.156629 5.524687 1.658457 -0.064565 -1.040592 -1.426607 3.724873 5.394760 8.510183 8.142077 9.617754 2.439270 1.909807 -0.097134 -0.010545 2.640408 3.274042 4.690565 -0.279910 -1.120999 -2.258721 -0.261935 -0.443122 -2.258015 -3.810652 -3.529107 0.342023 -1.548029 -1.438332 -0.669705 -0.581449 1.736494 2.504913 4.988312 4.868629 5.591097 4.622603 3.537546 3.376306 -0.412788 -0.041034 -0.130005 -0.129965 -0.253142 -0.018880 -0.019385 -0.082108 -0.017205 -9999.0 -9999.0 -9999.0 -9999.0
-9999.0 -9999.0 -9999.0 -9999.0 -9999.0 -9999.0 -9999.0 -9999.0 -9999.0 -9999.0 -0.161120 -0.102353 -0.135293 2.749844 3.459156 0.733566 1.201475 3.810233 6.077136 6.952147 5.266783 4.849721 -0.099665 -0.826264 -0.098731 3.520556 4.232093 5.431933 -0.711630 -0.164032 -0.161555 -1.140673 -0.436597 -0.746927 -2.292683 1.546602 1.561920 0.529927 -2.285470 -1.153471 -5.287455 -1.937372 -0.984281 -0.114192 -0.538170 -0.005452 3.151327 3.678983 6.705365 4.184893 1.361618 -1.321527 -0.041648 -0.086240 -0.206193 -0.134436 -0.059944 4.844969 5.148683 4.463122 -9999.0 -9999.0 -9999.0
-9999.0 -9999.0 -9999.0 -9999.0 -9999.0 -9999.0 -9999.0 -9999.0 -9999.0 -9999.0 -0.153525 -0.137358 -0.117243 -0.584341 6.768265 2.694554 4.106972 5.244569 7.978489 7.758908 6.597525 5.055283 3.021791 3.094462 3.484205 4.871256 5.215375 3.243570 -0.652177 -0.630871 -0.426621 -0.105949 -0.641637 -0.728786 -0.556860 -0.298259 1.298482 0.124463 -2.228804 -0.806641 -0.121667 -0.159718 -0.151807 -0.407534 -0.067417 -0.063547 -0.054489 -0.627854 5.356339 6.300044 4.512393 -1.092775 -0.023758 -0.038727 -0.072089 -0.036860 -0.232946 -0.019169 6.813870 6.081618 -9999.0 -9999.0 -9999.0
-9999.0 -9999.0 -9999.0 -9999.0 -9999.0 -9999.0 -9999.0 -9999.0 -1.727568 -1.078559 -0.079081 -0.108897 -0.069994 -0.061169 -0.521152 5.263793 6.174678 10.662732 9.318174 9.107058 9.789488 7.289791 6.234538 4.224141 4.354445 6.749389 5.008546 -0.377841 -0.128163 -0.115723 -2.618870 -0.291176 -0.142296 -0.170118 -0.112647 -3.541202 -0.083999 0.388557 -1.463156 -0.106279 -0.235951 -0.209198 -0.468546 -2.033055 -0.591405 -0.050804 -0.196596 -0.045197 2.392781 5.055690 4.108326 3.723188 -0.032408 -0.054458 -0.030894 -0.836454 -0.010671 4.810524 6.178289 8.763271 -9999.0 -9999.0 -9999.0
-9999.0 -9999.0 -9999.0 -9999.0 -9999.0 -9999.0 -9999.0 -9999.0 -0.089937 -0.005983 -0.775494 -0.316411 -0.174251 -0.093776 -0.449835 2.850225 4.121242 5.288562 8.936958 10.235184 13.888389 12.814082 10.198605 9.339017 6.874922 7.263232 4.817993 -0.016818 -0.103195 -0.095853 -0.106069 -0.902802 -0.081197 -0.069787 -0.064808 -0.566652 2.430486 1.275003 -1.725651 -0.064844 -0.371809 -7.227511 -0.456999 -0.052782 -1.896412 -0.067525 -0.210609 -0.141020 -0.104357 4.968867 6.240310 4.153814 -0.364250 -0.018211 4.857340 4.541931 4.241112 5.602141 8.304061 10.913996 11.378728 -9999.0 -9999.0
-9999.0 -9999.0 -9999.0 -9999.0 -9999.0 -9999.0 -9999.0 -9999.0 -0.179614 -0.061202 -0.068780 -0.062438 -0.274675 -0.124839 1.032211 3.819903 4.853931 6.398594 10.018723 12.380250 11.341711 12.808986 13.334828 9.195136 10.976959 5.735093 3.255846 -1.066836 -1.431006 -1.399194 -0.756017 -2.049225 -1.460735 -1.940466 -0.045473 3.845386 -0.051896 3.685909 -1.216353 -0.056432 -0.097339 -0.080524 -0.050564 -0.108175 -0.135324 -0.137973 -0.046261 -0.027966 -0.085783 3.968467 6.482397 5.594974 3.263406 2.490765 5.349507 5.902559 7.050165 8.143305 10.149521 9.873616 10.910715 -9999.0 -9999.0
-9999.0 -9999.0 -9999.0 -9999.0 -9999.0 -9999.0 -9999.0 -9999.0 -0.409639 -0.055128 1.849282 -1.359912 -1.433618 1.907384 4.377877 4.787580 7.862850 9.082332 5.497593 8.867106 9.158064 10.547397 12.348976 11.513579 6.069705 3.226105 -0.102810 -0.017638 2.453896 2.572965 -0.017595 -0.057743 3.248586 2.417507 -0.551999 -1.324751 -1.805104 3.717445 1.670901 -1.159497 -0.057143 -0.040088 -0.185866 -1.471905 -0.038307 -0.039123 -0.543332 -1.168662 -1.320742 3.603663 3.584793 8.263015 6.537922 4.630655 7.145503 8.121031 9.552976 9.160626 10.807062 10.796739 7.779538 6.711573 -9999.0
-9999.0 -9999.0 -9999.0 -9999.0 -9999.0 -9999.0 -9999.0 -9999.0 -0.096302 -0.046969 0.532093 3.823446 4.874706 4.867645 7.302301 6.014188 5.244397 5.707698 3.039638 5.382789 7.835859 9.980214 10.089587 8.624724 8.592006 3.272298 2.269964 3.321405 3.729299 3.406485 0.622228 1.992168 4.797698 1.903815 2.102685 2.461223 3.339077 4.860447 4.279256 2.371797 1.869406 2.436232 3.081843 2.667696 -1.597530 -1.939809 2.702444 3.881743 3.690735 5.573245 6.975024 7.314801 8.594065 8.956576 9.416505 8.655062 9.944236 10.184529 8.797138 8.602833 8.133901 6.375330 -9999.0
-9999.0 -9999.0 -0.145321 -0.073104 -0.059687 -0.860571 -1.040877 -0.921860 -0.054477 -0.060772 -0.186569 5.045865 5.478832 6.760223 11.469272 5.309792 4.333445 -0.065702 -0.054832 3.106528 6.054926 7.871810 9.442979 9.614859 6.690257 6.049459 3.385027 3.485051 4.895377 5.877555 2.733804 2.428836 5.339772 2.811409 4.145420 3.582602 5.449957 5.865892 4.785046 3.096364 4.206960 4.566358 4.285031 3.352827 2.236412 3.510462 4.115660 4.233152 6.249371 7.460395 9.032121 8.462434 9.826506 9.488191 8.812879 11.477399 7.784914 7.005614 7.357929 7.736986 5.842527 4.467127 -9999.0
-9999.0 -0.010889 0.700540 -0.129456 -1.640300 -0.046171 -0.047396 -0.067031 -0.075232 -0.104672 -0.044636 1.985910 6.159628 9.437535 7.255621 2.893907 -0.048014 -0.059489 0.992500 3.265994 6.362808 7.153606 8.661486 9.013386 11.012164 7.772370 10.103392 10.162427 6.624031 4.922754 5.900991 5.220261 5.544552 7.706810 6.267725 6.414631 8.030899 8.114669 6.989909 5.407565 6.401368 6.423147 6.205111 4.253262 4.398062 4.553901 5.400728 7.165410 9.054699 8.342761 9.136226 8.525870 7.196213 6.625715 6.533132 5.949959 6.081526 6.128373 5.255194 1.483104 -0.013685 1.152409 -9999.0
-9999.0 -0.053305 1.996717 3.125611 4.108648 1.888567 -0.008422 -1.244793 -0.259098 -0.325356 -1.097044 4.196480 6.892500 7.883364 5.895879 -0.036698 -0.062492 -0.265666 3.692563 4.346492 4.950689 6.123860 7.025950 7.115686 11.393551 12.735529 10.634272 9.914937 9.204773 7.889983 9.752392 8.515960 6.629517 6.433807 9.047339 8.042598 11.503692 13.610309 9.933628 9.857542 8.844736 8.183660 8.372267 7.938684 9.799985 9.688379 10.201285 10.375078 9.269253 9.237610 5.892638 5.981917 5.860834 6.634742 6.720300 4.153400 4.899309 -0.043623 -0.018188 -0.014133 -0.014164 -9999.0 -9999.0
