user2019/resources/simulation/Vinschgau/output-maps/TL0003N0714.asc
ncols         63
nrows         48
xllcorner     598000.000000
yllcorner     5145000.000000
cellsize      1000.000000
NODATA_value  -9999.0
[rows 0 to 28 of 48, columns 0 to 62 of 63]
-9999.0 -9999.0 -9999.0 -9999.0 -9999.0 -9999.0 -9999.0 -9999.0 -9999.0 -9999.0 -9999.0 -9999.0 -9999.0 -9999.0 -9999.0 -9999.0 -9999.0 -9999.0 -9999.0 -9999.0 -9999.0 -9999.0 -9999.0 -9999.0 -9999.0 -9999.0 -9999.0 -9999.0 -9999.0 -9999.0 -9999.0 -9999.0 -9999.0 -9999.0 -9999.0 -9999.0 -9999.0 -9999.0 -9999.0 -9999.0 -9999.0 -9999.0 -9999.0 -9999.0 -9999.0 -9999.0 -9999.0 -9999.0 -9999.0 -9999.0 -9999.0 -9999.0 -9999.0 -9999.0 -9999.0 -9999.0 -9999.0 -9999.0 -9999.0 -9999.0 -9999.0 -9999.0 -9999.0
-9999.0 -9999.0 -9999.0 -9999.0 -9999.0 -9999.0 -9999.0 -9999.0 -9999.0 -9999.0 -9999.0 -9999.0 -9999.0 -9999.0 -9999.0 -9999.0 -9999.0 -9999.0 -9999.0 -9999.0 -9999.0 -9999.0 -9999.0 -9999.0 -9999.0 -9999.0 -9999.0 0.583306 1.245328 0.614793 0.532571 0.342801 0.354219 -9999.0 -9999.0 -9999.0 -9999.0 -9999.0 -9999.0 -9999.0 -9999.0 -9999.0 -9999.0 -9999.0 -9999.0 -9999.0 -9999.0 -9999.0 -9999.0 -9999.0 -9999.0 -9999.0 -9999.0 -9999.0 -9999.0 -9999.0 -9999.0 -9999.0 -9999.0 -9999.0 -9999.0 -9999.0 -9999.0
-9999.0 -9999.0 -9999.0 -9999.0 -9999.0 -9999.0 -9999.0 -9999.0 -9999.0 -9999.0 -9999.0 -9999.0 -9999.0 -9999.0 -9999.0 -9999.0 -9999.0 -9999.0 -9999.0 -9999.0 -9999.0 -9999.0 -9999.0 -9999.0 1.414900 1.777802 2.090317 1.706115 1.511117 1.481640 0.589300 -9999.0 -9999.0 -9999.0 -9999.0 -9999.0 -9999.0 -9999.0 -9999.0 -9999.0 -9999.0 -9999.0 -9999.0 -9999.0 -9999.0 -9999.0 -9999.0 -9999.0 -9999.0 -9999.0 -9999.0 -9999.0 -9999.0 -9999.0 -9999.0 -9999.0 -9999.0 -9999.0 -9999.0 -9999.0 -9999.0 -9999.0 -9999.0
-9999.0 -9999.0 -9999.0 -9999.0 -9999.0 -9999.0 -9999.0 -9999.0 -9999.0 -9999.0 -9999.0 -9999.0 -9999.0 -9999.0 -9999.0 -9999.0 -9999.0 -9999.0 -9999.0 -9999.0 -9999.0 -9999.0 -9999.0 1.793540 2.448380 2.518751 2.970543 2.961374 1.913439 1.213775 1.141042 0.631169 -9999.0 -9999.0 -9999.0 -9999.0 -9999.0 -9999.0 -9999.0 -9999.0 -9999.0 -9999.0 -9999.0 -9999.0 -9999.0 -9999.0 -9999.0 -9999.0 -9999.0 -9999.0 -9999.0 -9999.0 -9999.0 -9999.0 -9999.0 -9999.0 -9999.0 -9999.0 -9999.0 -9999.0 -9999.0 -9999.0 -9999.0
-9999.0 -9999.0 -9999.0 -9999.0 -9999.0 -9999.0 -9999.0 -9999.0 -9999.0 -9999.0 -9999.0 -9999.0 -9999.0 -9999.0 -9999.0 -9999.0 -9999.0 -9999.0 3.236401 2.372881 -9999.0 1.571993 2.170416 2.497962 2.923442 3.365786 3.168658 3.351546 3.902334 2.719025 1.823719 0.991445 0.695567 0.325133 -9999.0 -9999.0 -9999.0 -9999.0 -9999.0 -9999.0 -9999.0 -9999.0 -9999.0 -9999.0 -9999.0 -9999.0 -9999.0 -9999.0 -9999.0 -9999.0 -9999.0 -9999.0 -9999.0 -9999.0 -9999.0 -9999.0 -9999.0 -9999.0 -9999.0 -9999.0 -9999.0 -9999.0 -9999.0
-9999.0 -9999.0 -9999.0 -9999.0 -9999.0 -9999.0 -9999.0 -9999.0 -9999.0 -9999.0 -9999.0 -9999.0 -9999.0 -9999.0 -9999.0 -9999.0 -9999.0 2.482752 1.507567 2.655000 1.774011 1.429204 2.004708 2.192973 4.456459 0.643478 0.476460 0.652058 0.294511 2.093485 2.262774 1.712710 1.261150 0.522703 0.075531 0.028418 -9999.0 -9999.0 -9999.0 -9999.0 -9999.0 -9999.0 -9999.0 -9999.0 -9999.0 -9999.0 -9999.0 -9999.0 -9999.0 -9999.0 -9999.0 -9999.0 -9999.0 -9999.0 -9999.0 -9999.0 -9999.0 -9999.0 -9999.0 -9999.0 -9999.0 -9999.0 -9999.0
-9999.0 -9999.0 -9999.0 -9999.0 -9999.0 -9999.0 -9999.0 -9999.0 -9999.0 -9999.0 -9999.0 -9999.0 -9999.0 1.111310 2.038998 0.910888 1.845312 4.946433 2.129066 2.519229 2.616027 2.971262 3.340830 4.385468 0.560095 0.740383 0.027028 0.416428 0.681326 0.603773 1.152581 0.694656 0.492739 0.183781 0.023332 0.024477 -9999.0 -9999.0 -9999.0 -9999.0 -9999.0 -9999.0 -9999.0 -9999.0 -9999.0 -9999.0 -9999.0 -9999.0 -9999.0 -9999.0 -9999.0 -9999.0 -9999.0 -9999.0 -9999.0 -9999.0 -9999.0 -9999.0 -9999.0 -9999.0 -9999.0 -9999.0 -9999.0
-9999.0 -9999.0 -9999.0 -9999.0 -9999.0 -9999.0 -9999.0 -9999.0 -9999.0 -9999.0 -9999.0 -9999.0 -9999.0 1.873654 2.380213 0.911757 0.869521 3.791070 5.074184 3.553344 1.966036 2.894548 1.176761 0.515952 1.479528 0.636296 1.367201 0.176027 0.040302 0.309560 0.461445 0.180997 0.009686 0.054144 0.029089 -9999.0 -9999.0 -9999.0 -9999.0 -9999.0 -9999.0 -9999.0 -9999.0 -9999.0 -9999.0 -9999.0 -9999.0 -9999.0 -9999.0 -9999.0 -9999.0 -9999.0 -9999.0 -9999.0 -9999.0 -9999.0 -9999.0 -9999.0 -9999.0 -9999.0 -9999.0 -9999.0 -9999.0
-9999.0 -9999.0 -9999.0 -9999.0 -9999.0 -9999.0 -9999.0 -9999.0 -9999.0 -9999.0 -9999.0 -9999.0 -9999.0 2.122520 2.721886 2.496285 0.736765 1.084466 4.913108 2.110898 2.835927 2.459282 0.538220 0.493485 2.175386 1.016521 0.878474 -0.024938 0.890920 0.082287 0.148546 -2.043212 0.004791 -0.009274 0.067100 -9999.0 -9999.0 -9999.0 -9999.0 -9999.0 -9999.0 -9999.0 -9999.0 -9999.0 -9999.0 -9999.0 -9999.0 -9999.0 -9999.0 -9999.0 -9999.0 -9999.0 -9999.0 -9999.0 -9999.0 -9999.0 -9999.0 -9999.0 -9999.0 -9999.0 -9999.0 -9999.0 -9999.0
-9999.0 -9999.0 -9999.0 -9999.0 -9999.0 -9999.0 -9999.0 -9999.0 -9999.0 -9999.0 -9999.0 -9999.0 1.167868 2.314935 2.133356 1.430023 0.382732 0.845876 4.402801 2.601231 2.357459 1.034878 0.700094 0.828789 1.485458 0.313757 0.491271 0.556484 1.163443 0.034419 0.057343 0.246953 0.557962 0.000564 -9999.0 -9999.0 -9999.0 -9999.0 -9999.0 -9999.0 -9999.0 -9999.0 -9999.0 -9999.0 -9999.0 -9999.0 -9999.0 -9999.0 -9999.0 -9999.0 -9999.0 -9999.0 -9999.0 -9999.0 -9999.0 -9999.0 -9999.0 -9999.0 -9999.0 -9999.0 -9999.0 -9999.0 -9999.0
-9999.0 -9999.0 -9999.0 -9999.0 -9999.0 -9999.0 -9999.0 -9999.0 -9999.0 -9999.0 -9999.0 0.476866 0.483796 1.195081 0.527651 0.487582 0.288305 0.700417 4.012730 2.559618 0.712604 2.632479 1.263398 0.473215 0.902032 0.510234 0.259513 0.752280 0.779499 0.112658 0.186186 1.257825 0.308911 0.074677 0.269459 0.333386 1.119442 1.296078 1.541243 -9999.0 -9999.0 -9999.0 0.221860 -9999.0 -9999.0 -9999.0 -9999.0 -9999.0 -9999.0 -9999.0 -9999.0 -9999.0 -9999.0 -9999.0 -9999.0 -9999.0 -9999.0 -9999.0 -9999.0 -9999.0 -9999.0 -9999.0 -9999.0
-9999.0 -9999.0 -9999.0 -9999.0 -9999.0 -9999.0 -9999.0 -9999.0 -9999.0 -9999.0 -9999.0 0.534118 0.412134 0.715540 1.328546 0.339334 1.882866 0.858968 4.021194 3.295157 3.452410 2.344833 1.345205 0.283962 0.354682 0.435566 0.969321 1.170825 0.336799 0.065276 0.815964 1.657802 1.006059 0.431978 0.584793 0.709924 2.396000 2.658081 1.388927 0.888935 1.189239 0.350185 1.064609 0.469412 -9999.0 -9999.0 -9999.0 0.332077 0.546931 0.364681 1.009595 0.533047 0.361864 0.545788 0.558044 0.234687 -9999.0 -9999.0 -9999.0 -9999.0 -9999.0 -9999.0 -9999.0
-9999.0 -9999.0 -9999.0 -9999.0 -9999.0 -9999.0 -9999.0 -9999.0 -9999.0 -9999.0 -9999.0 0.738353 0.368125 0.301551 0.568196 0.678739 0.389882 0.485811 3.233950 4.460305 0.816910 1.267046 0.515502 1.351790 0.348781 0.730213 0.644811 0.455924 0.161627 0.375525 0.127147 0.417409 1.657844 0.509069 0.334398 1.649382 0.654149 0.795786 4.001490 0.932667 1.921997 1.076067 1.559779 1.685606 0.657223 -9999.0 0.007914 0.533792 1.084043 1.595558 2.296752 1.651046 2.170096 2.059413 1.597259 1.566154 -9999.0 -9999.0 -9999.0 -9999.0 -9999.0 -9999.0 -9999.0
-9999.0 -9999.0 -9999.0 -9999.0 -9999.0 -9999.0 -9999.0 -9999.0 -9999.0 -9999.0 -9999.0 -9999.0 0.438197 0.197590 1.676106 1.361186 0.249925 0.576250 3.746419 4.800148 0.816968 1.580812 1.483513 0.784245 0.318616 0.522006 2.896483 0.320674 0.394012 0.208981 0.876240 0.545195 1.366867 0.614009 0.286583 0.459359 0.470886 0.925636 3.603036 2.402531 1.903287 2.874041 0.616416 2.736349 0.901927 0.761034 0.406013 0.493922 0.386931 1.535278 2.464557 0.614501 1.567369 0.431958 0.343688 0.299810 0.859935 -9999.0 -9999.0 -9999.0 -9999.0 -9999.0 -9999.0
-9999.0 -9999.0 -9999.0 -9999.0 -9999.0 -9999.0 -9999.0 -9999.0 -9999.0 -9999.0 -9999.0 0.358270 0.355446 0.521870 0.371622 0.381949 0.635510 0.362450 3.692964 2.248499 0.711138 0.556086 1.553641 0.464121 0.604122 1.594471 0.759659 0.380477 0.636914 0.621624 0.846196 1.301935 2.139676 0.599621 0.192452 0.504772 0.413403 0.433230 1.717603 4.208259 0.653892 1.275996 1.717191 0.642070 3.613876 0.928800 0.951973 1.010797 1.277862 2.141864 0.130043 0.245828 0.243859 -0.172896 -0.108575 0.069449 0.404483 -9999.0 -9999.0 -9999.0 -9999.0 -9999.0 -9999.0
-9999.0 -9999.0 -9999.0 -9999.0 -9999.0 -9999.0 -9999.0 -9999.0 -9999.0 -9999.0 1.249784 0.462725 1.874718 1.352026 1.963908 1.076968 0.625911 0.473623 1.653989 2.411261 4.040251 2.865918 0.455302 3.511349 1.995411 1.575285 0.343768 -0.694984 1.989366 2.310522 1.650436 1.394584 0.886274 0.311056 0.056795 0.222600 1.185739 0.588313 0.541498 2.904282 2.868162 2.396057 3.506222 1.726109 1.730276 1.499713 0.999953 1.498922 2.282454 2.555680 0.096224 0.019930 -0.262194 0.065999 0.064225 0.914046 1.106557 -9999.0 -9999.0 -9999.0 -9999.0 -9999.0 -9999.0
-9999.0 -9999.0 -9999.0 -9999.0 -9999.0 -9999.0 -9999.0 -9999.0 -9999.0 0.411100 0.693661 0.446305 0.924395 0.467012 0.551218 0.475154 0.417513 3.165710 2.039220 2.758056 4.538823 0.831485 0.773743 2.777023 2.053900 0.385574 0.380153 2.470848 1.830279 2.190543 2.519024 0.300171 0.049313 0.144558 0.213624 0.227199 0.533559 0.430273 0.420134 0.612546 0.575522 0.490418 0.458403 2.127883 1.686595 2.043850 3.751593 1.581631 1.560460 3.214766 0.779161 0.244179 -0.001411 0.033464 0.149100 0.349376 0.493507 1.483835 0.986398 -9999.0 -9999.0 -9999.0 -9999.0
-9999.0 -9999.0 -9999.0 -9999.0 -9999.0 -9999.0 -9999.0 -9999.0 -9999.0 0.430785 0.361789 0.716022 3.431366 1.755834 0.919337 0.512989 2.634497 2.456975 2.760604 5.485584 5.441664 5.496437 3.349113 2.728882 0.415565 0.920197 1.972454 2.527568 3.203911 2.335620 2.242144 0.305497 0.377189 0.406064 0.715820 1.334675 1.063123 1.196723 0.382171 1.013886 0.445080 0.341868 1.057785 2.435292 2.705732 4.183859 4.065378 3.317416 2.843656 3.074466 0.266384 0.119372 0.019067 0.259947 0.017373 0.152806 0.302698 1.370772 1.961104 -9999.0 -9999.0 -9999.0 -9999.0
-9999.0 -9999.0 -9999.0 -9999.0 -9999.0 -9999.0 -9999.0 -9999.0 -9999.0 -9999.0 0.455188 1.053478 0.828968 0.613522 2.023392 1.485842 1.795921 3.164517 3.479505 5.034452 4.164859 2.120639 0.577458 0.404824 1.064103 2.567373 3.374611 3.666271 2.117181 0.377484 0.306090 0.782954 0.105710 0.309620 1.092367 2.120285 3.052669 2.261677 0.913820 0.229904 0.207975 1.859176 2.313261 1.148172 0.592560 1.129021 1.584224 4.387448 4.835026 3.070084 0.390587 0.506803 0.348293 0.007536 0.180056 0.349501 0.860191 3.199129 3.329960 3.706540 -9999.0 -9999.0 -9999.0
-9999.0 -9999.0 -9999.0 -9999.0 -9999.0 -9999.0 -9999.0 -9999.0 -9999.0 -9999.0 0.429443 0.702061 1.100067 1.369709 4.650262 1.293742 0.981160 2.310293 4.117757 5.410104 2.711195 1.301695 0.570258 0.863346 2.167328 3.751667 4.612207 1.491556 0.462494 0.172066 0.328541 0.640216 0.031155 0.319881 0.329590 0.325135 1.591882 1.175776 0.374878 0.194244 0.586240 1.254336 0.600429 0.353645 0.431070 0.446350 1.792095 1.256660 2.815526 4.722175 3.154409 1.079388 0.188706 0.335789 0.147465 0.555996 0.226652 1.913271 3.587903 5.009178 -9999.0 -9999.0 -9999.0
-9999.0 -9999.0 -9999.0 -9999.0 -9999.0 -9999.0 -9999.0 -9999.0 2.113656 1.925743 1.112726 0.685588 0.530444 0.756792 0.491800 2.301230 2.657278 6.054973 6.133038 5.802974 4.216221 3.152462 2.275981 0.663766 2.711916 3.773946 4.751479 0.581341 0.466282 0.200993 0.330360 0.321825 0.377995 0.377911 0.460650 0.237278 1.813463 1.504562 0.140740 0.376814 0.168301 0.423318 0.035453 0.012764 1.522187 2.006268 0.274802 1.273111 1.700681 4.883057 3.261086 1.226894 0.662268 0.100996 0.808265 1.884974 1.796130 3.878739 4.292644 5.387568 -9999.0 -9999.0 -9999.0
-9999.0 -9999.0 -9999.0 -9999.0 -9999.0 -9999.0 -9999.0 -9999.0 0.298893 0.878686 0.095952 0.335670 0.587241 1.321103 0.516585 1.480021 2.023339 2.367863 4.611713 6.347397 8.207095 7.810214 6.291411 4.772668 2.878459 3.958299 2.300913 1.936703 0.048204 0.456784 0.462227 0.561081 0.553411 0.246682 0.632036 1.220186 3.297464 2.054817 0.677828 1.316419 0.252069 0.011172 0.018922 1.295255 2.363103 0.579745 0.049325 0.467219 1.828777 2.881819 4.989148 2.872117 0.381068 1.518140 3.825389 2.253517 2.724857 3.560402 5.918617 8.398100 8.407587 -9999.0 -9999.0
-9999.0 -9999.0 -9999.0 -9999.0 -9999.0 -9999.0 -9999.0 -9999.0 0.328385 1.789809 2.391106 0.071527 1.797529 0.181595 1.877052 0.750382 1.582534 3.948297 4.875132 8.033581 6.834395 8.170175 7.959277 5.777595 6.931599 3.184151 1.331955 0.460491 0.051714 1.104996 0.627372 1.779391 0.377856 0.206960 1.121015 3.170318 1.325259 2.032439 0.394500 0.390472 0.515516 0.256261 0.764413 0.656930 0.334540 0.629191 0.674565 1.319563 0.385193 1.729509 4.823880 3.901313 0.281767 0.322723 3.460024 3.456570 4.955858 5.927497 7.518572 7.902988 8.599799 -9999.0 -9999.0
-9999.0 -9999.0 -9999.0 -9999.0 -9999.0 -9999.0 -9999.0 -9999.0 0.140293 1.511793 1.975752 -0.005216 1.669517 1.541569 1.230989 2.184330 4.060176 5.138380 5.635261 5.143881 6.473605 6.978089 8.383342 7.764977 3.706808 1.914067 0.527624 0.364808 2.504175 1.535028 1.113890 1.257273 1.810537 2.031116 0.631910 2.342651 3.601043 2.899317 0.583158 0.276394 0.938941 1.640800 1.728123 1.730588 1.639919 1.189402 2.069379 1.716858 1.971521 2.126182 2.692655 5.091301 4.682139 3.935436 3.793122 5.811090 7.178452 6.509150 7.315034 8.463506 6.809870 2.911522 -9999.0
-9999.0 -9999.0 -9999.0 -9999.0 -9999.0 -9999.0 -9999.0 -9999.0 0.553125 0.922327 1.929826 1.069256 1.663780 2.230104 5.311918 4.997253 4.973110 3.102383 1.778697 2.942353 4.539836 6.875241 6.997705 6.916623 5.584173 1.417704 0.455857 1.951916 2.609126 2.239051 0.460660 2.058971 3.223940 2.450462 1.660903 2.067822 2.835959 3.024225 3.279625 2.673453 1.665789 1.760332 2.372135 1.922609 0.723936 2.691704 1.878305 2.750933 2.521555 3.725589 5.106212 3.287283 5.401574 6.573951 7.295070 7.445962 8.037769 8.131722 7.548689 6.766607 4.707124 2.045726 -9999.0
-9999.0 -9999.0 1.850945 1.712545 0.435607 0.657904 0.835636 0.449894 1.690920 0.974659 1.429387 2.406202 2.494266 3.880174 6.590836 4.571327 2.059929 0.703073 1.218476 1.484521 3.032561 4.333873 6.985886 6.054940 5.538950 2.636453 1.414375 1.504246 2.287839 4.186166 0.748766 0.919387 4.889683 2.272864 4.135043 3.107271 5.874121 5.914330 2.914620 1.803684 3.605873 3.996400 2.728570 3.271942 1.098465 2.836859 3.920972 2.703243 5.076287 6.540958 7.529162 7.920480 7.974921 7.896534 7.738297 8.640540 7.102366 6.851470 5.751191 4.402372 4.729841 1.990129 -9999.0
-9999.0 1.305190 1.123724 1.003337 0.909858 1.217952 0.637125 0.351808 0.042284 0.515646 0.819761 1.655645 2.875527 5.554085 5.472826 2.085092 1.285231 0.439324 1.495007 1.429404 3.113029 3.747096 6.576545 5.296971 7.529700 5.399009 5.909826 6.271472 5.054922 4.242255 4.525594 4.243449 4.631381 6.696082 6.407839 7.819631 8.748595 8.137025 8.440439 7.779540 7.285057 6.726570 6.144425 3.666683 2.988051 3.541790 5.960671 5.742555 7.569595 6.176656 7.690487 7.526312 6.810062 6.470406 6.457068 5.451438 2.742723 2.732352 4.269336 4.097595 2.173265 2.239824 -9999.0
-9999.0 1.749112 1.892743 1.987250 3.944139 1.893441 0.371911 0.292036 1.852095 1.999960 0.894560 1.762286 2.867241 5.574214 2.613165 0.551348 0.388415 0.638408 2.178034 1.264579 3.595159 2.968634 3.941147 5.197603 7.148327 8.032175 5.575074 6.636796 6.996021 5.481787 5.809184 5.387668 6.173125 6.698463 8.570141 8.798513 11.021202 13.006954 10.493371 10.261211 9.192528 8.545018 7.661575 6.456712 6.606887 6.660648 8.395153 8.480196 7.799085 7.719927 6.078491 2.953571 2.730455 4.611528 2.784078 2.046652 2.126786 2.150328 1.869039 1.122536 1.063429 -9999.0 -9999.0
-9999.0 1.200542 1.437516 0.593253 1.556707 3.371411 3.627098 0.483055 0.905809 1.133649 2.022828 2.799908 4.623793 4.374668 1.430811 0.379054 0.089803 0.600090 0.404483 0.906593 1.062286 1.606235 3.122131 6.086447 6.619351 6.198961 6.488745 6.634253 6.594080 6.891955 6.762005 7.300934 7.744535 7.049196 8.509083 9.201813 10.047087 11.984381 10.615089 10.372013 9.958258 10.908984 9.023298 8.473940 8.146919 8.226113 6.788466 6.459663 5.609761 4.148354 2.992480 3.376208 1.308724 3.877166 1.050604 0.950552 1.203715 0.704248 0.559740 -9999.0 -9999.0 -9999.0 -9999.0
