user2019/resources/simulation/Vinschgau/output-maps/TL0004N1035.asc
ncols         63
nrows         48
xllcorner     598000.000000
yllcorner     5145000.000000
cellsize      1000.000000
NODATA_value  -9999.0
[rows 0 to 27 of 48, columns 0 to 62 of 63]
-9999.0 -9999.0 -9999.0 -9999.0 -9999.0 -9999.0 -9999.0 -9999.0 -9999.0 -9999.0 -9999.0 -9999.0 -9999.0 -9999.0 -9999.0 -9999.0 -9999.0 -9999.0 -9999.0 -9999.0 -9999.0 -9999.0 -9999.0 -9999.0 -9999.0 -9999.0 -9999.0 -9999.0 -9999.0 -9999.0 -9999.0 -9999.0 -9999.0 -9999.0 -9999.0 -9999.0 -9999.0 -9999.0 -9999.0 -9999.0 -9999.0 -9999.0 -9999.0 -9999.0 -9999.0 -9999.0 -9999.0 -9999.0 -9999.0 -9999.0 -9999.0 -9999.0 -9999.0 -9999.0 -9999.0 -9999.0 -9999.0 -9999.0 -9999.0 -9999.0 -9999.0 -9999.0 -9999.0
-9999.0 -9999.0 -9999.0 -9999.0 -9999.0 -9999.0 -9999.0 -9999.0 -9999.0 -9999.0 -9999.0 -9999.0 -9999.0 -9999.0 -9999.0 -9999.0 -9999.0 -9999.0 -9999.0 -9999.0 -9999.0 -9999.0 -9999.0 -9999.0 -9999.0 -9999.0 -9999.0 -0.663690 -0.581140 -1.306818 -2.128631 -2.686470 -2.053445 -9999.0 -9999.0 -9999.0 -9999.0 -9999.0 -9999.0 -9999.0 -9999.0 -9999.0 -9999.0 -9999.0 -9999.0 -9999.0 -9999.0 -9999.0 -9999.0 -9999.0 -9999.0 -9999.0 -9999.0 -9999.0 -9999.0 -9999.0 -9999.0 -9999.0 -9999.0 -9999.0 -9999.0 -9999.0 -9999.0
-9999.0 -9999.0 -9999.0 -9999.0 -9999.0 -9999.0 -9999.0 -9999.0 -9999.0 -9999.0 -9999.0 -9999.0 -9999.0 -9999.0 -9999.0 -9999.0 -9999.0 -9999.0 -9999.0 -9999.0 -9999.0 -9999.0 -9999.0 -9999.0 -0.923412 -0.815295 -0.538686 -0.895578 -0.516156 -0.802543 -0.992350 -9999.0 -9999.0 -9999.0 -9999.0 -9999.0 -9999.0 -9999.0 -9999.0 -9999.0 -9999.0 -9999.0 -9999.0 -9999.0 -9999.0 -9999.0 -9999.0 -9999.0 -9999.0 -9999.0 -9999.0 -9999.0 -9999.0 -9999.0 -9999.0 -9999.0 -9999.0 -9999.0 -9999.0 -9999.0 -9999.0 -9999.0 -9999.0
-9999.0 -9999.0 -9999.0 -9999.0 -9999.0 -9999.0 -9999.0 -9999.0 -9999.0 -9999.0 -9999.0 -9999.0 -9999.0 -9999.0 -9999.0 -9999.0 -9999.0 -9999.0 -9999.0 -9999.0 -9999.0 -9999.0 -9999.0 -0.431834 -0.211801 1.511672 1.970685 2.427011 1.719764 -0.649351 -0.777521 -2.704118 -9999.0 -9999.0 -9999.0 -9999.0 -9999.0 -9999.0 -9999.0 -9999.0 -9999.0 -9999.0 -9999.0 -9999.0 -9999.0 -9999.0 -9999.0 -9999.0 -9999.0 -9999.0 -9999.0 -9999.0 -9999.0 -9999.0 -9999.0 -9999.0 -9999.0 -9999.0 -9999.0 -9999.0 -9999.0 -9999.0 -9999.0
-9999.0 -9999.0 -9999.0 -9999.0 -9999.0 -9999.0 -9999.0 -9999.0 -9999.0 -9999.0 -9999.0 -9999.0 -9999.0 -9999.0 -9999.0 -9999.0 -9999.0 -9999.0 3.572872 -0.047135 -9999.0 -0.148761 -0.049387 1.222563 1.576783 2.852617 2.190353 2.032941 1.231583 -0.017461 -0.476652 -0.744910 -1.470297 -1.692615 -9999.0 -9999.0 -9999.0 -9999.0 -9999.0 -9999.0 -9999.0 -9999.0 -9999.0 -9999.0 -9999.0 -9999.0 -9999.0 -9999.0 -9999.0 -9999.0 -9999.0 -9999.0 -9999.0 -9999.0 -9999.0 -9999.0 -9999.0 -9999.0 -9999.0 -9999.0 -9999.0 -9999.0 -9999.0
-9999.0 -9999.0 -9999.0 -9999.0 -9999.0 -9999.0 -9999.0 -9999.0 -9999.0 -9999.0 -9999.0 -9999.0 -9999.0 -9999.0 -9999.0 -9999.0 -9999.0 4.852432 3.424869 2.769921 0.245606 -0.042980 -0.017820 -0.009618 2.551298 -0.013616 -0.430473 -0.020819 -0.231309 -0.005849 -0.079547 -0.765971 -1.026039 -1.841931 -1.667743 -2.087440 -9999.0 -9999.0 -9999.0 -9999.0 -9999.0 -9999.0 -9999.0 -9999.0 -9999.0 -9999.0 -9999.0 -9999.0 -9999.0 -9999.0 -9999.0 -9999.0 -9999.0 -9999.0 -9999.0 -9999.0 -9999.0 -9999.0 -9999.0 -9999.0 -9999.0 -9999.0 -9999.0
-9999.0 -9999.0 -9999.0 -9999.0 -9999.0 -9999.0 -9999.0 -9999.0 -9999.0 -9999.0 -9999.0 -9999.0 -9999.0 -0.013329 -0.003038 2.950203 4.450311 8.969608 4.507727 2.430130 1.710580 1.294759 1.914007 2.604653 -0.016602 -0.041491 -0.739514 -2.243019 -1.071895 -0.050845 -1.096131 -0.414156 -0.913903 -1.186639 -2.335096 -2.137387 -9999.0 -9999.0 -9999.0 -9999.0 -9999.0 -9999.0 -9999.0 -9999.0 -9999.0 -9999.0 -9999.0 -9999.0 -9999.0 -9999.0 -9999.0 -9999.0 -9999.0 -9999.0 -9999.0 -9999.0 -9999.0 -9999.0 -9999.0 -9999.0 -9999.0 -9999.0 -9999.0
-9999.0 -9999.0 -9999.0 -9999.0 -9999.0 -9999.0 -9999.0 -9999.0 -9999.0 -9999.0 -9999.0 -9999.0 -9999.0 0.917856 2.761233 3.700677 3.681928 7.273814 9.078061 3.485205 3.614850 3.789779 1.731342 0.609046 -0.012307 -0.054132 -0.303938 -1.544801 -1.541303 -1.024088 -2.455461 -0.606237 -1.413322 -6.249337 -1.970570 -9999.0 -9999.0 -9999.0 -9999.0 -9999.0 -9999.0 -9999.0 -9999.0 -9999.0 -9999.0 -9999.0 -9999.0 -9999.0 -9999.0 -9999.0 -9999.0 -9999.0 -9999.0 -9999.0 -9999.0 -9999.0 -9999.0 -9999.0 -9999.0 -9999.0 -9999.0 -9999.0 -9999.0
-9999.0 -9999.0 -9999.0 -9999.0 -9999.0 -9999.0 -9999.0 -9999.0 -9999.0 -9999.0 -9999.0 -9999.0 -9999.0 2.489948 3.503827 3.908309 3.214634 4.041637 9.362989 4.467254 5.020174 1.307605 -0.014084 -0.045418 -0.009172 -0.014960 -0.111692 -1.307382 -1.234294 -5.377325 -1.269165 -6.873857 -7.016544 -10.283701 -2.475281 -9999.0 -9999.0 -9999.0 -9999.0 -9999.0 -9999.0 -9999.0 -9999.0 -9999.0 -9999.0 -9999.0 -9999.0 -9999.0 -9999.0 -9999.0 -9999.0 -9999.0 -9999.0 -9999.0 -9999.0 -9999.0 -9999.0 -9999.0 -9999.0 -9999.0 -9999.0 -9999.0 -9999.0
-9999.0 -9999.0 -9999.0 -9999.0 -9999.0 -9999.0 -9999.0 -9999.0 -9999.0 -9999.0 -9999.0 -9999.0 0.255344 2.777282 3.214173 1.563019 1.532681 3.516344 7.901331 4.619289 1.621971 -0.028774 -0.129451 -0.074155 -1.196857 -0.339203 -2.322047 -0.883543 -1.378091 -1.618475 -6.808271 -1.560717 -2.880574 -2.139032 -9999.0 -9999.0 -9999.0 -9999.0 -9999.0 -9999.0 -9999.0 -9999.0 -9999.0 -9999.0 -9999.0 -9999.0 -9999.0 -9999.0 -9999.0 -9999.0 -9999.0 -9999.0 -9999.0 -9999.0 -9999.0 -9999.0 -9999.0 -9999.0 -9999.0 -9999.0 -9999.0 -9999.0 -9999.0
-9999.0 -9999.0 -9999.0 -9999.0 -9999.0 -9999.0 -9999.0 -9999.0 -9999.0 -9999.0 -9999.0 -0.016301 2.352966 1.951989 2.560381 2.173890 3.587175 3.667235 7.723940 4.870835 2.249049 1.005631 -0.084186 -0.986101 -1.199328 -0.563027 -1.071441 -0.615208 -1.233267 -2.072366 -1.614538 -1.311040 -2.281503 -2.169939 -1.923467 -1.600453 -0.933476 -0.405728 -1.589345 -9999.0 -9999.0 -9999.0 -2.357810 -9999.0 -9999.0 -9999.0 -9999.0 -9999.0 -9999.0 -9999.0 -9999.0 -9999.0 -9999.0 -9999.0 -9999.0 -9999.0 -9999.0 -9999.0 -9999.0 -9999.0 -9999.0 -9999.0 -9999.0
-9999.0 -9999.0 -9999.0 -9999.0 -9999.0 -9999.0 -9999.0 -9999.0 -9999.0 -9999.0 -9999.0 -0.033618 2.432417 3.969343 4.036527 0.798648 5.892667 4.430711 7.956009 5.512378 4.949609 0.680738 -0.117849 -1.426775 -3.011082 -0.433164 -0.554899 -0.522320 -1.204198 -1.824055 -1.882515 -0.688155 -1.147295 -3.192011 -1.706276 -0.591384 -0.323357 -0.562568 -0.292596 -1.692141 -2.790052 -1.883247 -2.066626 -1.396222 -9999.0 -9999.0 -9999.0 -2.329337 -3.356210 -3.210832 -3.415932 -2.395678 -3.306935 -2.544673 -3.668473 -2.597211 -9999.0 -9999.0 -9999.0 -9999.0 -9999.0 -9999.0 -9999.0
-9999.0 -9999.0 -9999.0 -9999.0 -9999.0 -9999.0 -9999.0 -9999.0 -9999.0 -9999.0 -9999.0 -0.133845 -0.007136 -0.075014 2.074919 1.996691 1.297313 3.627981 6.193340 5.515302 1.820222 -0.016168 -0.981210 -0.877253 -0.404382 -0.516609 -0.969503 -2.694938 -1.377936 -1.702308 -1.644588 -3.173034 -1.089030 -1.721232 -2.764720 -0.969236 -2.314299 -1.828269 -0.029261 -0.976848 -1.472500 -0.982984 -1.077627 -0.437188 -3.247796 -9999.0 -2.395758 -3.368697 -2.114721 -0.349805 -0.799233 -1.102776 -0.383459 -0.797534 -2.508538 -3.043691 -9999.0 -9999.0 -9999.0 -9999.0 -9999.0 -9999.0 -9999.0
-9999.0 -9999.0 -9999.0 -9999.0 -9999.0 -9999.0 -9999.0 -9999.0 -9999.0 -9999.0 -9999.0 -9999.0 -0.086439 -0.438201 0.885789 1.117687 -0.005140 2.714088 7.365421 5.432435 1.741332 -0.011989 -0.964376 -2.255111 -1.815852 -0.719136 -0.129151 -0.847151 -2.170389 -1.392980 -0.567196 -2.946070 -0.591252 -2.443724 -2.882290 -0.733904 -2.820143 -1.664441 1.714898 -0.169278 -0.455550 -0.081678 -2.337860 -0.449201 -1.661326 -2.861188 -1.944463 -3.105463 -3.749163 -2.409583 -0.081689 -2.841523 -2.868139 -3.494906 -4.053420 -2.364374 -2.973424 -9999.0 -9999.0 -9999.0 -9999.0 -9999.0 -9999.0
-9999.0 -9999.0 -9999.0 -9999.0 -9999.0 -9999.0 -9999.0 -9999.0 -9999.0 -9999.0 -9999.0 -1.167370 -0.111842 -0.081087 -0.191133 -0.017159 -0.003242 1.794245 6.634072 3.955476 2.279955 0.132475 -0.060225 -0.654306 -0.618746 -1.672835 -1.755511 -0.898462 -0.952592 -0.457727 -1.405932 -2.118378 -0.343850 -2.331949 -1.997848 -1.891704 -0.384066 -1.293857 -0.019673 -0.004727 -1.282831 -0.066275 -0.810990 -1.477092 -0.083121 -0.736971 -1.488373 -0.513606 -0.088663 -0.056659 -2.660538 -0.772087 -4.334426 -4.837752 -5.700364 -6.996497 -1.602587 -9999.0 -9999.0 -9999.0 -9999.0 -9999.0 -9999.0
-9999.0 -9999.0 -9999.0 -9999.0 -9999.0 -9999.0 -9999.0 -9999.0 -9999.0 -9999.0 -0.104781 -1.929136 -0.074528 -0.042987 -0.001643 -0.103567 -0.116224 -0.013007 3.205124 3.593026 3.816458 2.542168 -0.346115 -0.019568 -0.083909 -1.410168 -1.188482 -4.020318 -0.858130 -0.322176 -1.581985 -1.680350 -0.495736 -2.412645 -2.229697 -1.599916 -0.380347 -2.569458 -1.718361 -0.010603 -0.010304 1.309976 4.765939 0.688019 -0.080287 -0.243015 -1.035772 -2.212898 -1.517786 -0.030947 -4.131129 -2.068713 -6.161743 -7.516218 -6.801846 -2.129479 -2.238759 -9999.0 -9999.0 -9999.0 -9999.0 -9999.0 -9999.0
-9999.0 -9999.0 -9999.0 -9999.0 -9999.0 -9999.0 -9999.0 -9999.0 -9999.0 -0.537590 -0.315999 -1.816443 -1.270628 -1.053582 -0.762249 -0.196667 -0.076563 1.565395 3.115493 3.752294 4.141591 0.019853 -0.009927 -0.009777 -0.014644 -1.242076 -1.995206 -0.104962 -1.727767 -0.106786 -0.013364 -1.433871 -0.922841 -6.158369 -2.174934 -1.711948 -0.912391 -2.991963 -1.002928 -0.213711 -0.415350 -0.173798 -0.265844 1.516466 0.702303 -0.062424 -0.016806 -0.918057 -0.980395 -0.012524 -1.114426 -1.658358 -8.364044 -3.356429 -3.062410 -4.167011 -3.508251 -1.302156 -2.278530 -9999.0 -9999.0 -9999.0 -9999.0
-9999.0 -9999.0 -9999.0 -9999.0 -9999.0 -9999.0 -9999.0 -9999.0 -9999.0 -1.685855 -0.342820 -0.115024 0.638387 -0.029940 -0.083971 -1.018515 -0.020397 -0.008776 3.691051 5.108323 4.719307 4.173091 2.729704 -0.006225 -0.856306 -0.892019 -0.972349 -0.047138 -0.008624 -0.005688 -0.052664 -1.812672 -1.564890 -1.482750 -2.107386 -1.053242 -0.661116 -0.433748 -0.395572 -0.352366 -1.197078 -1.170356 -0.195804 -0.006746 2.016221 1.914106 1.550224 -0.010396 -0.023330 -0.011898 -2.682883 -4.962951 -3.346118 -3.779019 -3.101037 -5.178874 -3.196584 -2.640780 -0.574515 -9999.0 -9999.0 -9999.0 -9999.0
-9999.0 -9999.0 -9999.0 -9999.0 -9999.0 -9999.0 -9999.0 -9999.0 -9999.0 -9999.0 -0.636839 -0.357145 -0.829958 -0.515032 -0.017681 -0.074526 -0.028863 1.416690 4.505527 4.056263 4.754689 2.227683 -0.017588 -0.478547 -0.646127 -0.057989 -0.012053 0.800285 -0.022870 -1.386095 -1.726342 -2.528115 -3.132027 -2.631774 -1.089574 -0.339556 -0.121809 -0.277823 -0.649219 -1.856670 -0.720704 -0.177979 -0.008382 -0.060454 -0.013937 -0.011246 0.961018 3.148867 2.254258 -0.012811 -1.638274 -3.098291 -2.613660 -3.367593 -3.474085 -3.292857 -1.335817 -1.400054 -1.115001 -0.049373 -9999.0 -9999.0 -9999.0
-9999.0 -9999.0 -9999.0 -9999.0 -9999.0 -9999.0 -9999.0 -9999.0 -9999.0 -9999.0 -2.192512 -0.877619 -0.127342 -0.072618 2.120837 -0.010735 -0.013126 2.147420 4.884428 5.348137 3.094045 0.969393 -0.022536 -0.091042 -0.058308 -0.008343 1.524823 -0.013671 -1.069574 -2.853685 -0.553997 -0.679295 -3.596139 -1.475574 -0.481952 -0.213187 -1.333808 -1.669045 -3.098263 -0.975876 -0.727645 -0.151119 -2.390270 -0.310331 -0.070642 -0.336045 -0.030752 -0.013707 2.278376 1.918151 -0.019147 -1.327407 -3.777926 -2.781200 -3.935076 -3.249185 -1.952437 -0.752371 1.328699 1.836834 -9999.0 -9999.0 -9999.0
-9999.0 -9999.0 -9999.0 -9999.0 -9999.0 -9999.0 -9999.0 -9999.0 -0.773636 -0.588525 -1.065575 -0.994289 -2.436579 -1.108045 -0.051255 1.297992 2.482931 5.080448 4.983368 5.859512 4.855725 3.692786 2.575150 0.823690 -0.010598 1.646128 2.293101 -0.596755 -0.899817 -2.907804 -5.907427 -1.859505 -0.850665 -1.327789 -1.513495 -0.341681 -0.013166 -0.470289 -2.308857 -1.030925 -0.709259 -0.201817 -2.724829 -0.876582 -0.047798 -0.086660 -2.138677 -1.094686 -0.012426 2.068912 -0.011746 -0.508763 -3.485564 -5.292669 -2.940373 -1.274296 -1.891429 -0.070236 -0.008709 3.569843 -9999.0 -9999.0 -9999.0
-9999.0 -9999.0 -9999.0 -9999.0 -9999.0 -9999.0 -9999.0 -9999.0 -2.765566 -2.787609 -2.173261 -1.007862 -0.305147 -1.861685 -0.712996 -0.011539 1.495764 2.129783 5.254627 6.387073 8.306666 6.963680 6.200044 5.366136 3.009112 2.807741 0.612857 -0.924817 -3.533727 -1.043461 -1.601564 -0.781023 -1.396840 -0.642677 -0.751392 -0.213634 -0.002967 -0.103349 -1.815266 -0.809885 -0.526202 -4.885094 -0.537837 -0.760422 -0.162523 -2.251427 -3.474082 -0.865769 -0.100907 1.297716 1.651969 -0.086260 -3.717598 -1.617784 -0.366641 -1.562255 -0.620345 -0.031144 2.372138 4.838203 6.243469 -9999.0 -9999.0
-9999.0 -9999.0 -9999.0 -9999.0 -9999.0 -9999.0 -9999.0 -9999.0 -0.500564 -0.374402 -0.503102 -2.990906 -0.960084 -2.563654 -1.029823 -0.568611 -0.009685 2.097564 5.150821 8.163323 6.856205 7.789679 7.457403 5.221898 5.276034 2.817416 -0.003951 -1.019441 -4.601856 -0.541173 -0.405855 -0.344695 -1.356385 -0.902865 -0.177517 -0.021245 -0.528512 1.355723 -0.379397 -2.244132 -0.768357 -0.267997 -0.692328 -0.420880 -0.782379 -0.582767 -1.045659 -0.420663 -1.637948 -0.015012 2.289062 -0.012035 -2.444444 -3.495746 -0.954394 -0.491961 0.919862 2.272332 4.477523 5.108891 5.469409 -9999.0 -9999.0
-9999.0 -9999.0 -9999.0 -9999.0 -9999.0 -9999.0 -9999.0 -9999.0 -1.914373 -0.395758 -1.527058 -3.910773 -0.555630 -0.893033 -0.380531 -0.004953 3.721819 4.943199 5.319794 5.437072 6.221122 6.586981 7.454144 7.020702 3.285807 0.733304 -0.049550 -1.756944 -0.110991 -2.124234 -1.164879 -1.567327 -0.038438 -0.411781 -0.098096 -0.011233 2.467098 3.633692 0.410664 -0.072673 -0.117251 -0.252163 -0.428286 -0.042006 -0.988323 -0.260508 -0.829128 -0.757452 -0.315022 -0.657845 -0.013282 1.889561 -0.011187 -0.867311 -0.009721 1.484525 3.070629 4.162441 5.171531 5.238255 4.329129 2.238910 -9999.0
-9999.0 -9999.0 -9999.0 -9999.0 -9999.0 -9999.0 -9999.0 -9999.0 -3.150250 -0.461896 -1.995365 -1.354235 -0.224880 -0.276040 0.283714 1.956617 3.687095 2.152141 0.458738 2.520254 4.449232 5.923171 6.218432 5.941073 4.414431 -0.011691 -0.870266 -0.060189 -0.019280 -0.264330 -0.326546 -0.013161 1.848345 0.814825 -0.011861 0.710805 2.282697 5.669319 5.147831 1.790105 -0.010099 -0.017859 -0.099311 -0.031730 -1.003421 -0.086597 -0.629357 -1.070764 -0.130402 -0.013200 1.232647 1.337992 1.654258 1.615238 2.013550 2.305152 3.208253 4.021924 4.632096 4.322513 3.743639 1.666714 -9999.0
-9999.0 -9999.0 -1.001174 -0.460570 -3.191557 -1.076602 -2.596311 -1.913151 -1.377771 -1.793382 -2.375277 -0.615525 -0.162504 -0.077590 2.732407 1.437895 -0.016016 -1.016569 -0.818841 -0.010104 2.397108 5.067422 4.808173 5.920669 4.020559 1.688045 -0.013283 -0.009555 1.768812 2.449264 -0.016399 -0.004827 4.464742 2.861895 3.402946 4.228803 5.798594 7.974730 6.956383 4.234734 3.502197 3.412332 3.275127 2.130137 -0.011516 -0.012942 1.301192 1.147082 2.098606 3.044439 3.779220 3.537658 2.936841 2.476398 2.361216 5.205605 3.003161 3.401211 3.035186 2.944060 3.366027 0.926567 -9999.0
-9999.0 -1.120917 -2.497812 -1.347809 -0.934070 -1.042901 -1.873040 -2.400911 -3.371207 -2.594654 -1.656395 -0.653503 -0.019752 0.514322 1.669030 -0.149072 -0.658716 -1.421460 -0.778867 -0.014289 2.173167 3.876895 5.065287 4.259874 6.250763 3.723318 4.151523 4.364550 3.760105 2.682342 2.546544 2.580131 4.001963 6.744214 6.745924 7.771958 10.068533 10.981660 9.462399 7.622832 7.422073 7.062231 5.950805 4.443045 3.164811 3.436366 3.889627 5.594471 5.654827 5.616315 4.300603 3.527152 2.779107 2.036188 1.952968 1.495453 0.613407 0.954814 1.236536 1.852194 0.165326 0.723258 -9999.0
-9999.0 -0.067120 -0.617013 -0.277909 -0.023467 -0.420526 -2.297417 -2.891223 -1.195154 -1.312042 -2.122556 -1.032192 -0.007448 1.808905 -0.187666 -2.887145 -2.224098 -1.735423 -0.754273 -0.027147 2.429452 1.581758 2.516282 2.489318 5.851764 6.834204 5.248044 5.829784 5.076346 6.106649 6.324520 6.066266 5.739586 6.632453 9.230722 9.898367 14.022261 15.443240 12.506245 11.776255 10.861483 9.729778 9.120094 7.784062 7.742977 7.591327 6.903774 6.377286 5.797692 5.094742 3.483679 1.638286 0.719732 1.347180 0.559381 -0.032995 -0.162642 -0.072173 -0.051961 -0.241802 -0.029759 -9999.0 -9999.0
