user2019/resources/simulation/Vinschgau/output-maps/TL0002N1364.asc
ncols         63
nrows         48
xllcorner     598000.000000
yllcorner     5145000.000000
cellsize      1000.000000
NODATA_value  -9999.0
[rows 0 to 27 of 48, columns 0 to 62 of 63]
-9999.0 -9999.0 -9999.0 -9999.0 -9999.0 -9999.0 -9999.0 -9999.0 -9999.0 -9999.0 -9999.0 -9999.0 -9999.0 -9999.0 -9999.0 -9999.0 -9999.0 -9999.0 -9999.0 -9999.0 -9999.0 -9999.0 -9999.0 -9999.0 -9999.0 -9999.0 -9999.0 -9999.0 -9999.0 -9999.0 -9999.0 -9999.0 -9999.0 -9999.0 -9999.0 -9999.0 -9999.0 -9999.0 -9999.0 -9999.0 -9999.0 -9999.0 -9999.0 -9999.0 -9999.0 -9999.0 -9999.0 -9999.0 -9999.0 -9999.0 -9999.0 -9999.0 -9999.0 -9999.0 -9999.0 -9999.0 -9999.0 -9999.0 -9999.0 -9999.0 -9999.0 -9999.0 -9999.0
-9999.0 -9999.0 -9999.0 -9999.0 -9999.0 -9999.0 -9999.0 -9999.0 -9999.0 -9999.0 -9999.0 -9999.0 -9999.0 -9999.0 -9999.0 -9999.0 -9999.0 -9999.0 -9999.0 -9999.0 -9999.0 -9999.0 -9999.0 -9999.0 -9999.0 -9999.0 -9999.0 -0.706171 -0.135668 -0.209253 -0.125231 -0.871347 -2.735957 -9999.0 -9999.0 -9999.0 -9999.0 -9999.0 -9999.0 -9999.0 -9999.0 -9999.0 -9999.0 -9999.0 -9999.0 -9999.0 -9999.0 -9999.0 -9999.0 -9999.0 -9999.0 -9999.0 -9999.0 -9999.0 -9999.0 -9999.0 -9999.0 -9999.0 -9999.0 -9999.0 -9999.0 -9999.0 -9999.0
-9999.0 -9999.0 -9999.0 -9999.0 -9999.0 -9999.0 -9999.0 -9999.0 -9999.0 -9999.0 -9999.0 -9999.0 -9999.0 -9999.0 -9999.0 -9999.0 -9999.0 -9999.0 -9999.0 -9999.0 -9999.0 -9999.0 -9999.0 -9999.0 -0.018732 -0.017674 0.031672 -0.019957 0.045463 -0.013824 -0.187903 -9999.0 -9999.0 -9999.0 -9999.0 -9999.0 -9999.0 -9999.0 -9999.0 -9999.0 -9999.0 -9999.0 -9999.0 -9999.0 -9999.0 -9999.0 -9999.0 -9999.0 -9999.0 -9999.0 -9999.0 -9999.0 -9999.0 -9999.0 -9999.0 -9999.0 -9999.0 -9999.0 -9999.0 -9999.0 -9999.0 -9999.0 -9999.0
-9999.0 -9999.0 -9999.0 -9999.0 -9999.0 -9999.0 -9999.0 -9999.0 -9999.0 -9999.0 -9999.0 -9999.0 -9999.0 -9999.0 -9999.0 -9999.0 -9999.0 -9999.0 -9999.0 -9999.0 -9999.0 -9999.0 -9999.0 -0.020807 0.486999 2.872925 3.229455 3.378055 3.458213 -0.021608 -0.141276 -0.349482 -9999.0 -9999.0 -9999.0 -9999.0 -9999.0 -9999.0 -9999.0 -9999.0 -9999.0 -9999.0 -9999.0 -9999.0 -9999.0 -9999.0 -9999.0 -9999.0 -9999.0 -9999.0 -9999.0 -9999.0 -9999.0 -9999.0 -9999.0 -9999.0 -9999.0 -9999.0 -9999.0 -9999.0 -9999.0 -9999.0 -9999.0
-9999.0 -9999.0 -9999.0 -9999.0 -9999.0 -9999.0 -9999.0 -9999.0 -9999.0 -9999.0 -9999.0 -9999.0 -9999.0 -9999.0 -9999.0 -9999.0 -9999.0 -9999.0 3.518423 0.297107 -9999.0 0.090019 0.472513 2.503278 2.664372 3.338626 2.642566 2.949370 2.310441 0.800916 -0.117740 -0.122291 -1.534349 -2.287224 -9999.0 -9999.0 -9999.0 -9999.0 -9999.0 -9999.0 -9999.0 -9999.0 -9999.0 -9999.0 -9999.0 -9999.0 -9999.0 -9999.0 -9999.0 -9999.0 -9999.0 -9999.0 -9999.0 -9999.0 -9999.0 -9999.0 -9999.0 -9999.0 -9999.0 -9999.0 -9999.0 -9999.0 -9999.0
-9999.0 -9999.0 -9999.0 -9999.0 -9999.0 -9999.0 -9999.0 -9999.0 -9999.0 -9999.0 -9999.0 -9999.0 -9999.0 -9999.0 -9999.0 -9999.0 -9999.0 4.859500 3.527704 3.515080 1.129039 0.232585 0.873686 2.073630 3.224868 0.150918 -0.046892 0.630047 -0.028842 1.739372 0.942044 -0.091028 0.094251 -0.802324 -1.890601 -2.228815 -9999.0 -9999.0 -9999.0 -9999.0 -9999.0 -9999.0 -9999.0 -9999.0 -9999.0 -9999.0 -9999.0 -9999.0 -9999.0 -9999.0 -9999.0 -9999.0 -9999.0 -9999.0 -9999.0 -9999.0 -9999.0 -9999.0 -9999.0 -9999.0 -9999.0 -9999.0 -9999.0
-9999.0 -9999.0 -9999.0 -9999.0 -9999.0 -9999.0 -9999.0 -9999.0 -9999.0 -9999.0 -9999.0 -9999.0 -9999.0 2.235784 2.054781 3.143739 4.431832 7.888127 4.525805 2.779536 2.750659 2.442374 3.054340 3.345512 -0.011680 0.397269 -0.554938 -0.031218 -0.061093 -0.008475 -1.193996 0.285151 -0.051895 -0.082889 -0.782684 -2.375869 -9999.0 -9999.0 -9999.0 -9999.0 -9999.0 -9999.0 -9999.0 -9999.0 -9999.0 -9999.0 -9999.0 -9999.0 -9999.0 -9999.0 -9999.0 -9999.0 -9999.0 -9999.0 -9999.0 -9999.0 -9999.0 -9999.0 -9999.0 -9999.0 -9999.0 -9999.0 -9999.0
-9999.0 -9999.0 -9999.0 -9999.0 -9999.0 -9999.0 -9999.0 -9999.0 -9999.0 -9999.0 -9999.0 -9999.0 -9999.0 2.855861 3.788762 3.965933 3.747732 7.532762 7.925269 4.269643 3.694454 4.626135 2.502739 1.453311 1.995256 1.047078 -0.157038 -0.370545 -0.981265 -0.177382 -0.035475 -0.102363 -1.171636 -2.153762 -1.840512 -9999.0 -9999.0 -9999.0 -9999.0 -9999.0 -9999.0 -9999.0 -9999.0 -9999.0 -9999.0 -9999.0 -9999.0 -9999.0 -9999.0 -9999.0 -9999.0 -9999.0 -9999.0 -9999.0 -9999.0 -9999.0 -9999.0 -9999.0 -9999.0 -9999.0 -9999.0 -9999.0 -9999.0
-9999.0 -9999.0 -9999.0 -9999.0 -9999.0 -9999.0 -9999.0 -9999.0 -9999.0 -9999.0 -9999.0 -9999.0 -9999.0 3.650466 2.903594 4.833563 3.473753 4.198779 8.268180 4.566295 5.223801 2.233398 0.476140 -0.022582 1.784965 1.401615 0.129158 -1.254746 -0.385080 -1.687694 -0.193890 -2.226277 -2.609534 -8.763188 -2.423274 -9999.0 -9999.0 -9999.0 -9999.0 -9999.0 -9999.0 -9999.0 -9999.0 -9999.0 -9999.0 -9999.0 -9999.0 -9999.0 -9999.0 -9999.0 -9999.0 -9999.0 -9999.0 -9999.0 -9999.0 -9999.0 -9999.0 -9999.0 -9999.0 -9999.0 -9999.0 -9999.0 -9999.0
-9999.0 -9999.0 -9999.0 -9999.0 -9999.0 -9999.0 -9999.0 -9999.0 -9999.0 -9999.0 -9999.0 -9999.0 2.401168 2.362143 4.436189 2.796237 2.102684 3.780402 8.286273 4.814047 2.782710 0.196664 0.708021 -0.017061 -1.320838 -0.139162 -2.457608 -0.227230 -0.015727 -1.202751 -1.526407 -1.576224 -0.567026 -2.664631 -9999.0 -9999.0 -9999.0 -9999.0 -9999.0 -9999.0 -9999.0 -9999.0 -9999.0 -9999.0 -9999.0 -9999.0 -9999.0 -9999.0 -9999.0 -9999.0 -9999.0 -9999.0 -9999.0 -9999.0 -9999.0 -9999.0 -9999.0 -9999.0 -9999.0 -9999.0 -9999.0 -9999.0 -9999.0
-9999.0 -9999.0 -9999.0 -9999.0 -9999.0 -9999.0 -9999.0 -9999.0 -9999.0 -9999.0 -9999.0 2.127584 3.871688 3.186594 3.861397 3.910075 3.963860 4.054641 8.177543 6.245629 2.400443 2.400992 0.616965 -0.176428 0.793823 -0.082325 -0.302923 -0.075812 -0.577431 -2.115889 -1.674183 -0.038268 -0.835049 -2.010164 -1.736909 -0.813615 -0.300909 -0.503189 -0.628327 -9999.0 -9999.0 -9999.0 -2.116360 -9999.0 -9999.0 -9999.0 -9999.0 -9999.0 -9999.0 -9999.0 -9999.0 -9999.0 -9999.0 -9999.0 -9999.0 -9999.0 -9999.0 -9999.0 -9999.0 -9999.0 -9999.0 -9999.0 -9999.0
-9999.0 -9999.0 -9999.0 -9999.0 -9999.0 -9999.0 -9999.0 -9999.0 -9999.0 -9999.0 -9999.0 1.518021 3.992422 5.485982 5.197451 3.299285 6.262541 4.519808 8.275608 6.263522 5.235825 2.472133 0.194262 -1.627799 -1.053764 -0.105896 -0.118002 -0.066454 -0.157480 -2.031638 -0.079934 0.038669 -0.554214 -0.755256 -1.097716 -0.080673 0.009322 0.135424 -0.649891 -1.949678 -1.854825 -1.955149 -0.108837 -1.380705 -9999.0 -9999.0 -9999.0 -2.948394 -2.384897 -1.698684 -1.829521 -2.838292 -2.917648 -3.344525 -3.090012 -3.079293 -9999.0 -9999.0 -9999.0 -9999.0 -9999.0 -9999.0 -9999.0
-9999.0 -9999.0 -9999.0 -9999.0 -9999.0 -9999.0 -9999.0 -9999.0 -9999.0 -9999.0 -9999.0 1.284156 1.894296 1.485708 3.352770 3.945158 2.091309 3.815004 7.094180 6.175494 2.362142 0.001724 -0.799816 -0.010145 -0.117578 -0.590971 -0.949280 -2.917708 -0.768460 -0.804912 -1.010262 -1.364580 -0.032320 -0.721271 -1.240393 -0.072393 -0.526598 -0.863449 0.728461 -1.223228 -0.241956 -0.910221 -0.034639 -0.060072 -0.956920 -9999.0 -2.588773 -1.142068 -0.106588 -0.035505 -0.283292 0.020351 -0.492135 -0.140788 -0.394655 -0.700986 -9999.0 -9999.0 -9999.0 -9999.0 -9999.0 -9999.0 -9999.0
-9999.0 -9999.0 -9999.0 -9999.0 -9999.0 -9999.0 -9999.0 -9999.0 -9999.0 -9999.0 -9999.0 -9999.0 1.848939 -0.006819 2.641834 3.039294 0.795842 2.860775 7.664679 6.120238 2.202394 0.659108 -0.010278 -0.379168 -1.981206 -1.057518 0.029556 -0.332928 -0.124388 -1.303426 -0.114394 -0.955455 -0.155985 -0.210064 -0.569777 -0.061324 -0.938950 -1.427471 1.894324 -0.141826 0.230734 0.140715 -0.389780 0.058814 -1.070712 -1.206142 -2.054990 -0.742651 -1.951724 -0.488880 -0.107532 -0.920725 -3.117101 -1.543338 -2.049617 -0.092160 -0.646038 -9999.0 -9999.0 -9999.0 -9999.0 -9999.0 -9999.0
-9999.0 -9999.0 -9999.0 -9999.0 -9999.0 -9999.0 -9999.0 -9999.0 -9999.0 -9999.0 -9999.0 -0.430839 0.158384 2.534043 -0.006518 0.336037 1.526894 2.205039 7.078444 4.171466 2.471986 0.879992 -0.002997 -1.017167 -0.938138 -1.318790 -0.428523 -0.209103 -0.264372 -0.407338 -1.035215 -1.037040 0.404592 -0.166074 -1.176449 -0.075997 -0.185584 -0.444352 -0.001625 1.590355 -0.450701 -0.023615 -0.000930 -0.239714 0.617598 -0.137775 -0.032604 -0.408424 0.165747 -0.036033 -2.882546 -0.117949 -2.899995 -4.613531 -5.334471 -3.398773 -1.395383 -9999.0 -9999.0 -9999.0 -9999.0 -9999.0 -9999.0
-9999.0 -9999.0 -9999.0 -9999.0 -9999.0 -9999.0 -9999.0 -9999.0 -9999.0 -9999.0 0.057748 -0.070650 0.267645 0.465343 1.866685 -0.000252 -0.000729 0.064469 3.316605 3.829442 4.378267 2.519055 -0.484170 0.881768 -0.023765 -1.632488 -1.450841 -3.828103 -0.120615 0.145614 -0.034933 -0.649905 0.066422 -0.193039 -2.418891 -1.009935 -0.102007 -0.659651 -0.078919 0.069347 0.199583 1.055313 4.310316 0.979912 -0.040751 -0.392374 -0.112566 -0.268934 -0.043896 -0.018217 -3.991705 -2.130162 -5.806035 -4.183433 -3.778203 -0.217691 -0.133167 -9999.0 -9999.0 -9999.0 -9999.0 -9999.0 -9999.0
-9999.0 -9999.0 -9999.0 -9999.0 -9999.0 -9999.0 -9999.0 -9999.0 -9999.0 -0.115774 0.214033 -0.048208 -0.016217 -0.445794 -0.029998 -0.020991 -0.056158 2.797728 3.236064 3.858392 4.731267 0.640825 0.357713 0.801060 0.005406 -1.361899 -2.163644 0.112074 -0.065430 -0.007610 0.009901 -1.565652 -0.813489 -2.117153 -1.804994 -1.031997 -0.051262 -1.084887 -0.805042 -0.041049 -0.329270 -0.270024 -0.380338 1.668139 1.314082 -0.036792 1.777955 -0.598795 -0.574887 0.013352 -1.448430 -1.530418 -4.520846 -4.411297 -3.325925 -3.052611 -2.160434 -1.057631 -2.641446 -9999.0 -9999.0 -9999.0 -9999.0
-9999.0 -9999.0 -9999.0 -9999.0 -9999.0 -9999.0 -9999.0 -9999.0 -9999.0 -0.558467 -0.113810 0.311638 1.290945 -0.009217 -0.076553 -0.483433 1.302771 0.833939 3.796466 5.750115 5.344269 4.621551 3.054664 0.959677 -0.973884 -1.236016 -0.373533 -0.024453 0.336865 1.079120 0.732944 -1.937901 -0.031634 -0.671839 -0.120661 -1.118334 -0.747902 0.020381 -0.124106 0.514259 -0.677118 -1.410117 -0.222939 0.584684 2.599398 2.284109 2.102076 0.609195 -0.009689 0.043046 -2.818259 -4.856466 -4.465830 -3.754726 -1.246489 -3.951980 -1.947187 -1.444048 -0.596469 -9999.0 -9999.0 -9999.0 -9999.0
-9999.0 -9999.0 -9999.0 -9999.0 -9999.0 -9999.0 -9999.0 -9999.0 -9999.0 -9999.0 -0.125735 0.240739 -0.025846 -0.630911 -0.005663 -0.055008 -0.011376 2.133526 4.573524 4.762830 5.464024 2.376187 -0.025558 -0.167127 -0.971414 -0.041222 0.025636 0.822260 0.510452 -1.492007 -1.835738 -2.753480 -3.175309 -0.266901 -0.016697 0.427162 0.100309 0.301666 -0.718476 -0.079859 -0.122289 0.136892 0.836669 -0.035479 -0.013240 -0.007920 1.500964 3.496819 3.049035 0.135384 -1.772726 -2.124719 -3.590766 -4.419534 -3.876252 -1.228240 -0.008444 -1.571744 -0.024515 -0.031403 -9999.0 -9999.0 -9999.0
-9999.0 -9999.0 -9999.0 -9999.0 -9999.0 -9999.0 -9999.0 -9999.0 -9999.0 -9999.0 -0.118953 -0.079010 0.069834 -0.011642 2.000831 0.261459 -0.013044 2.368642 5.035300 5.362325 3.092965 1.213702 -0.033217 -0.073146 -0.040197 0.360737 1.457610 -0.008917 -1.183916 -2.890893 -0.092149 0.032930 -3.210177 -0.688758 -0.081480 0.589164 -1.552275 -0.042077 -1.524034 -0.239804 -0.053121 1.306331 -0.394134 -0.039856 0.424503 -0.223229 -0.016453 -0.012529 2.900330 2.684350 0.007211 -1.515880 -3.567456 -2.743275 -5.112710 -4.311892 -1.936936 -0.645760 1.389409 1.754601 -9999.0 -9999.0 -9999.0
-9999.0 -9999.0 -9999.0 -9999.0 -9999.0 -9999.0 -9999.0 -9999.0 -0.008088 -0.127164 -0.902958 -0.003285 -0.872739 -0.214745 -0.046739 1.516069 2.655754 5.509902 5.647295 5.730057 4.816427 3.692247 2.784987 1.044269 0.587530 1.695027 1.986623 -0.705589 -1.198760 -2.807611 -1.811394 -0.083514 -0.077481 -0.586028 -0.034608 -0.109879 1.837545 -0.016454 -2.438939 -1.100200 -0.345432 0.184697 -2.835526 -0.798044 0.314143 0.276385 -2.256612 -0.302624 -0.009271 2.153467 0.145699 -0.634694 -2.549341 -5.313119 -3.976405 -0.734774 -0.859324 0.374989 0.472558 4.312182 -9999.0 -9999.0 -9999.0
-9999.0 -9999.0 -9999.0 -9999.0 -9999.0 -9999.0 -9999.0 -9999.0 -2.965826 -0.975711 -2.339446 -0.262073 -0.084409 -2.066259 -0.819895 -0.008839 1.656851 2.246104 5.212108 6.280531 8.488671 7.527065 6.533594 5.321096 3.072209 3.152221 0.590335 -0.068182 -3.081592 -0.228339 -0.699415 -0.883878 -0.061563 -0.734488 -0.009011 0.007647 2.969323 0.105194 -0.138278 -0.125855 -0.095780 -0.696726 -0.614063 -0.088088 0.003083 -0.617426 -3.279680 -0.092371 -0.062227 1.422088 1.551088 -0.079100 -3.403153 -1.397439 -0.250698 -1.760840 -0.738410 -0.011165 2.999430 5.553483 6.236533 -9999.0 -9999.0
-9999.0 -9999.0 -9999.0 -9999.0 -9999.0 -9999.0 -9999.0 -9999.0 -0.086367 -0.014026 -0.014158 -3.128710 -0.004544 -2.607155 -0.618642 -0.691649 0.253962 2.664668 5.148918 8.334667 6.735381 8.018926 7.798662 5.261496 5.889252 2.984425 0.127812 -1.135668 -3.653484 -0.085304 -0.569368 0.163112 -1.598345 -1.305136 0.276697 2.503448 -0.007433 1.756525 -0.028640 -0.313240 -0.108120 -0.417534 -0.012867 -0.028316 -1.104826 -0.011590 -1.205674 -0.083346 -1.724510 -0.020252 2.609786 0.058583 -2.389678 -3.280200 -0.133510 -0.004206 0.753237 2.274125 5.223953 5.849906 6.165169 -9999.0 -9999.0
-9999.0 -9999.0 -9999.0 -9999.0 -9999.0 -9999.0 -9999.0 -9999.0 -1.795462 -0.066271 -0.309280 -3.575700 -0.015620 -1.214207 -0.299510 0.002520 3.711517 4.952496 6.015832 5.419510 6.204386 6.643718 7.780876 6.899098 3.379058 0.865716 -0.058778 -1.886319 0.031562 -0.239630 -0.560365 -0.082284 -0.004317 -0.001996 -0.047128 1.529786 3.277102 3.852309 0.622195 -0.020432 0.066513 0.291151 0.257914 0.249284 -0.046113 -0.407609 -0.035571 -0.011843 -0.082929 -0.778584 -0.013997 2.294250 0.104609 -0.077407 0.349788 1.319925 3.334726 4.720187 5.559905 5.914202 4.975933 2.533547 -9999.0
-9999.0 -9999.0 -9999.0 -9999.0 -9999.0 -9999.0 -9999.0 -9999.0 -2.709726 -0.009234 -2.148467 -1.472250 -0.342822 -0.095523 1.130408 2.220688 3.635579 2.304536 0.802397 2.643519 4.502097 6.119687 6.253638 5.911072 4.895057 0.150959 -0.997214 -0.041367 -0.000973 -0.000264 -0.212321 0.027265 2.430867 0.873123 0.366540 1.515220 2.936725 5.798520 5.176126 2.064278 0.638529 0.668348 0.537511 -0.008688 -0.674385 0.709579 -0.083828 -0.019761 -0.132803 0.014622 1.582848 1.523834 1.869780 1.424137 2.150240 2.542556 3.307692 4.434900 5.212834 5.070324 3.980646 1.941402 -9999.0
-9999.0 -9999.0 -0.486188 -0.013914 -3.398178 -1.369937 -2.471014 -2.066225 -0.232503 -0.068669 -0.891230 -0.600408 -0.069029 0.015673 2.699715 1.238278 -0.021537 -1.121800 -0.355761 -0.005629 2.511407 5.246815 5.687431 5.868728 4.032189 1.777470 0.012286 0.222057 2.411677 2.552483 -0.023381 0.697989 5.180397 3.181267 4.220936 4.384413 6.629036 8.028608 6.935836 4.259512 4.286445 4.367151 4.043022 2.758102 -0.010714 0.467476 1.367968 1.415865 2.738470 3.696213 4.328182 3.876675 3.041905 2.372229 2.278197 4.913717 3.005915 3.701161 3.587790 3.340161 3.590837 1.149073 -9999.0
-9999.0 -0.427432 -0.539333 -0.775525 -1.263642 -0.948587 -1.822736 -2.503642 -3.484935 -0.270301 -1.643771 -0.753052 -0.000834 1.861893 1.545295 -0.230310 -0.963793 -1.625543 -1.131937 -0.017842 2.290234 4.048576 5.890810 4.726086 6.192584 3.786406 4.450901 4.821069 4.507695 3.333199 3.070883 3.245262 4.985737 7.711183 7.286881 8.548880 10.161649 10.929795 10.343208 8.685032 7.806619 7.677488 6.971786 4.563851 3.280294 3.677645 4.582978 5.691026 6.183937 5.925071 4.857379 3.844897 2.790303 1.930404 1.849964 1.346237 0.581227 0.942383 1.114166 1.732078 0.326099 0.943355 -9999.0
-9999.0 1.153465 -0.012414 -0.020933 0.216147 -0.037447 -2.422797 -3.024284 -0.528569 -0.983089 -2.153381 -1.138666 0.059246 1.650280 -0.071042 -2.367743 -2.341529 -1.881214 -0.615372 -0.010476 2.277150 1.912386 2.907898 2.962350 5.886375 6.787364 5.192738 5.696878 5.931514 6.149321 6.292573 6.058000 6.874432 7.779346 10.363623 10.822075 14.550081 15.569072 13.206478 12.130007 11.430806 10.479727 9.386464 7.827363 7.693207 7.556513 7.467287 7.302786 6.673730 5.856428 4.024752 1.932580 0.722992 1.364913 0.458310 -0.041802 -0.292634 -0.056815 -0.040364 -0.098379 -0.033690 -9999.0 -9999.0
