user2019/resources/simulation/Vinschgau/output-maps/TL0004N0967.asc
ncols         63
nrows         48
xllcorner     598000.000000
yllcorner     5145000.000000
cellsize      1000.000000
NODATA_value  -9999.0
[rows 0 to 27 of 48, columns 0 to 62 of 63]
-9999.0 -9999.0 -9999.0 -9999.0 -9999.0 -9999.0 -9999.0 -9999.0 -9999.0 -9999.0 -9999.0 -9999.0 -9999.0 -9999.0 -9999.0 -9999.0 -9999.0 -9999.0 -9999.0 -9999.0 -9999.0 -9999.0 -9999.0 -9999.0 -9999.0 -9999.0 -9999.0 -9999.0 -9999.0 -9999.0 -9999.0 -9999.0 -9999.0 -9999.0 -9999.0 -9999.0 -9999.0 -9999.0 -9999.0 -9999.0 -9999.0 -9999.0 -9999.0 -9999.0 -9999.0 -9999.0 -9999.0 -9999.0 -9999.0 -9999.0 -9999.0 -9999.0 -9999.0 -9999.0 -9999.0 -9999.0 -9999.0 -9999.0 -9999.0 -9999.0 -9999.0 -9999.0 -9999.0
-9999.0 -9999.0 -9999.0 -9999.0 -9999.0 -9999.0 -9999.0 -9999.0 -9999.0 -9999.0 -9999.0 -9999.0 -9999.0 -9999.0 -9999.0 -9999.0 -9999.0 -9999.0 -9999.0 -9999.0 -9999.0 -9999.0 -9999.0 -9999.0 -9999.0 -9999.0 -9999.0 -2.993134 -2.611465 -2.233448 -2.458200 -3.192781 -4.122791 -9999.0 -9999.0 -9999.0 -9999.0 -9999.0 -9999.0 -9999.0 -9999.0 -9999.0 -9999.0 -9999.0 -9999.0 -9999.0 -9999.0 -9999.0 -9999.0 -9999.0 -9999.0 -9999.0 -9999.0 -9999.0 -9999.0 -9999.0 -9999.0 -9999.0 -9999.0 -9999.0 -9999.0 -9999.0 -9999.0
-9999.0 -9999.0 -9999.0 -9999.0 -9999.0 -9999.0 -9999.0 -9999.0 -9999.0 -9999.0 -9999.0 -9999.0 -9999.0 -9999.0 -9999.0 -9999.0 -9999.0 -9999.0 -9999.0 -9999.0 -9999.0 -9999.0 -9999.0 -9999.0 -2.436226 -2.811974 -2.578271 -2.424740 -2.550438 -2.762366 -2.738050 -9999.0 -9999.0 -9999.0 -9999.0 -9999.0 -9999.0 -9999.0 -9999.0 -9999.0 -9999.0 -9999.0 -9999.0 -9999.0 -9999.0 -9999.0 -9999.0 -9999.0 -9999.0 -9999.0 -9999.0 -9999.0 -9999.0 -9999.0 -9999.0 -9999.0 -9999.0 -9999.0 -9999.0 -9999.0 -9999.0 -9999.0 -9999.0
-9999.0 -9999.0 -9999.0 -9999.0 -9999.0 -9999.0 -9999.0 -9999.0 -9999.0 -9999.0 -9999.0 -9999.0 -9999.0 -9999.0 -9999.0 -9999.0 -9999.0 -9999.0 -9999.0 -9999.0 -9999.0 -9999.0 -9999.0 -1.502740 -0.444431 0.479135 1.098689 1.444318 0.310212 -1.120756 -2.634484 -3.197876 -9999.0 -9999.0 -9999.0 -9999.0 -9999.0 -9999.0 -9999.0 -9999.0 -9999.0 -9999.0 -9999.0 -9999.0 -9999.0 -9999.0 -9999.0 -9999.0 -9999.0 -9999.0 -9999.0 -9999.0 -9999.0 -9999.0 -9999.0 -9999.0 -9999.0 -9999.0 -9999.0 -9999.0 -9999.0 -9999.0 -9999.0
-9999.0 -9999.0 -9999.0 -9999.0 -9999.0 -9999.0 -9999.0 -9999.0 -9999.0 -9999.0 -9999.0 -9999.0 -9999.0 -9999.0 -9999.0 -9999.0 -9999.0 -9999.0 -0.005462 -0.642105 -9999.0 -0.988082 -0.492825 -0.011057 0.706183 1.774956 -0.011285 -0.011970 -0.003183 -0.028391 -2.194057 -2.407414 -4.038839 -5.141899 -9999.0 -9999.0 -9999.0 -9999.0 -9999.0 -9999.0 -9999.0 -9999.0 -9999.0 -9999.0 -9999.0 -9999.0 -9999.0 -9999.0 -9999.0 -9999.0 -9999.0 -9999.0 -9999.0 -9999.0 -9999.0 -9999.0 -9999.0 -9999.0 -9999.0 -9999.0 -9999.0 -9999.0 -9999.0
-9999.0 -9999.0 -9999.0 -9999.0 -9999.0 -9999.0 -9999.0 -9999.0 -9999.0 -9999.0 -9999.0 -9999.0 -9999.0 -9999.0 -9999.0 -9999.0 -9999.0 4.398135 2.912677 1.704058 -0.783896 -0.058671 -0.028039 -0.015195 -0.009124 -0.017071 -0.112322 -0.041228 -0.112537 -0.012455 -0.696641 -2.648143 -1.976145 -2.904557 -4.503379 -5.363002 -9999.0 -9999.0 -9999.0 -9999.0 -9999.0 -9999.0 -9999.0 -9999.0 -9999.0 -9999.0 -9999.0 -9999.0 -9999.0 -9999.0 -9999.0 -9999.0 -9999.0 -9999.0 -9999.0 -9999.0 -9999.0 -9999.0 -9999.0 -9999.0 -9999.0 -9999.0 -9999.0
-9999.0 -9999.0 -9999.0 -9999.0 -9999.0 -9999.0 -9999.0 -9999.0 -9999.0 -9999.0 -9999.0 -9999.0 -9999.0 -0.190103 -0.012271 2.319980 3.922626 5.884398 4.001539 0.728601 0.231044 -0.005124 0.835619 -0.009916 -0.019252 -0.524093 -1.787553 -0.405606 -0.600994 -0.056036 -1.692741 -2.194138 -2.505848 -2.713379 -3.547690 -5.576183 -9999.0 -9999.0 -9999.0 -9999.0 -9999.0 -9999.0 -9999.0 -9999.0 -9999.0 -9999.0 -9999.0 -9999.0 -9999.0 -9999.0 -9999.0 -9999.0 -9999.0 -9999.0 -9999.0 -9999.0 -9999.0 -9999.0 -9999.0 -9999.0 -9999.0 -9999.0 -9999.0
-9999.0 -9999.0 -9999.0 -9999.0 -9999.0 -9999.0 -9999.0 -9999.0 -9999.0 -9999.0 -9999.0 -9999.0 -9999.0 -0.064033 1.711786 3.142121 3.207072 4.629969 5.956654 1.949884 2.982199 1.733122 1.249268 -0.003767 -0.109035 -0.433170 -2.630038 -2.570329 -3.652411 -1.303555 -0.690120 -2.341872 -4.001287 -8.176145 -4.929980 -9999.0 -9999.0 -9999.0 -9999.0 -9999.0 -9999.0 -9999.0 -9999.0 -9999.0 -9999.0 -9999.0 -9999.0 -9999.0 -9999.0 -9999.0 -9999.0 -9999.0 -9999.0 -9999.0 -9999.0 -9999.0 -9999.0 -9999.0 -9999.0 -9999.0 -9999.0 -9999.0 -9999.0
-9999.0 -9999.0 -9999.0 -9999.0 -9999.0 -9999.0 -9999.0 -9999.0 -9999.0 -9999.0 -9999.0 -9999.0 -9999.0 1.319378 1.698754 2.467248 2.664103 3.401090 6.193656 3.908135 2.484312 -0.010187 -0.031751 -0.111582 -0.014825 -0.018784 -2.500612 -3.886888 -3.181230 -7.167320 -2.792193 -8.892079 -9.153230 -12.176452 -6.005920 -9999.0 -9999.0 -9999.0 -9999.0 -9999.0 -9999.0 -9999.0 -9999.0 -9999.0 -9999.0 -9999.0 -9999.0 -9999.0 -9999.0 -9999.0 -9999.0 -9999.0 -9999.0 -9999.0 -9999.0 -9999.0 -9999.0 -9999.0 -9999.0 -9999.0 -9999.0 -9999.0 -9999.0
-9999.0 -9999.0 -9999.0 -9999.0 -9999.0 -9999.0 -9999.0 -9999.0 -9999.0 -9999.0 -9999.0 -9999.0 -0.014385 -0.013803 1.946382 -0.005812 0.870784 2.851219 5.205408 2.859931 -0.005170 -0.058298 -0.642657 -0.586661 -1.453333 -2.440798 -3.064182 -2.849524 -2.950362 -4.185086 -8.822688 -4.245414 -3.307399 -5.919861 -9999.0 -9999.0 -9999.0 -9999.0 -9999.0 -9999.0 -9999.0 -9999.0 -9999.0 -9999.0 -9999.0 -9999.0 -9999.0 -9999.0 -9999.0 -9999.0 -9999.0 -9999.0 -9999.0 -9999.0 -9999.0 -9999.0 -9999.0 -9999.0 -9999.0 -9999.0 -9999.0 -9999.0 -9999.0
-9999.0 -9999.0 -9999.0 -9999.0 -9999.0 -9999.0 -9999.0 -9999.0 -9999.0 -9999.0 -9999.0 -0.142914 1.193098 1.102850 1.253216 -0.021789 1.855261 2.987563 5.079698 2.157750 1.596850 -0.006325 -0.591915 -2.488586 -1.251068 -2.994238 -3.190537 -2.650753 -3.208073 -5.370897 -4.402272 -2.546827 -3.498845 -4.914946 -4.488909 -3.268996 -2.926959 -2.831652 -3.439366 -9999.0 -9999.0 -9999.0 -5.022185 -9999.0 -9999.0 -9999.0 -9999.0 -9999.0 -9999.0 -9999.0 -9999.0 -9999.0 -9999.0 -9999.0 -9999.0 -9999.0 -9999.0 -9999.0 -9999.0 -9999.0 -9999.0 -9999.0 -9999.0
-9999.0 -9999.0 -9999.0 -9999.0 -9999.0 -9999.0 -9999.0 -9999.0 -9999.0 -9999.0 -9999.0 -0.227113 1.461073 2.759179 2.666620 -0.210189 4.205079 3.815080 5.295197 3.518168 2.515676 -0.071866 -0.658007 -2.354034 -1.508775 -2.667821 -2.325276 -2.915112 -2.077847 -4.992955 -2.125156 -2.553660 -3.218550 -3.862198 -4.335962 -2.134771 -2.185093 -0.950960 -2.017188 -4.692571 -4.620683 -5.054897 -2.323379 -4.012652 -9999.0 -9999.0 -9999.0 -5.451239 -4.699015 -4.515238 -3.970808 -5.370458 -5.551064 -5.303717 -5.118983 -5.868124 -9999.0 -9999.0 -9999.0 -9999.0 -9999.0 -9999.0 -9999.0
-9999.0 -9999.0 -9999.0 -9999.0 -9999.0 -9999.0 -9999.0 -9999.0 -9999.0 -9999.0 -9999.0 -0.301253 -0.242942 -0.356165 -0.060260 -0.045395 -0.003820 3.147023 4.038526 3.541595 1.563989 -0.021488 -1.218430 -2.824930 -2.114502 -2.836883 -1.433660 -3.319919 -3.190969 -4.116688 -3.622118 -3.821609 -2.767018 -3.674624 -4.067257 -2.772058 -2.924425 -2.438191 -0.464790 -3.452083 -2.703134 -2.997604 -2.810558 -2.721068 -3.801440 -9999.0 -6.011588 -3.805061 -2.355641 -2.593648 -2.914841 -1.844354 -2.663388 -2.518574 -2.659870 -3.517328 -9999.0 -9999.0 -9999.0 -9999.0 -9999.0 -9999.0 -9999.0
-9999.0 -9999.0 -9999.0 -9999.0 -9999.0 -9999.0 -9999.0 -9999.0 -9999.0 -9999.0 -9999.0 -9999.0 -0.196867 -0.238702 -0.091790 -0.079263 -0.005503 2.303050 4.801267 3.518778 1.395717 -0.016612 -0.371679 -0.725172 -2.746198 -1.567472 -1.207984 -2.485179 -2.572954 -3.957630 -2.317563 -3.581320 -2.352994 -2.802604 -3.383977 -2.571617 -1.372919 -1.912433 -0.041913 -1.394064 -0.762483 -1.711738 -2.728866 -0.793571 -3.601838 -3.948119 -4.810886 -3.664809 -2.705169 -0.866470 -0.201300 -3.444088 -2.575699 -4.132309 -3.078165 -2.531422 -3.455908 -9999.0 -9999.0 -9999.0 -9999.0 -9999.0 -9999.0
-9999.0 -9999.0 -9999.0 -9999.0 -9999.0 -9999.0 -9999.0 -9999.0 -9999.0 -9999.0 -9999.0 -0.493819 -1.123207 -0.197307 -0.445270 -0.026274 -0.009825 1.390753 4.153278 3.583196 1.823280 -0.005527 -0.065464 -1.482308 -1.405933 -0.985626 -0.468212 -2.816555 -2.953236 -2.539635 -1.543088 -2.721386 -2.082533 -2.684853 -4.471725 -2.164029 -2.033282 -0.721838 -0.026811 -0.154419 -0.720675 -0.056032 -1.241377 -0.785465 -0.397904 -2.627512 -3.146843 -2.412856 -1.690983 -0.100384 -3.702257 -2.619489 -5.782413 -6.461558 -7.369410 -8.545258 -4.169801 -9999.0 -9999.0 -9999.0 -9999.0 -9999.0 -9999.0
-9999.0 -9999.0 -9999.0 -9999.0 -9999.0 -9999.0 -9999.0 -9999.0 -9999.0 -9999.0 -0.997658 -0.865286 -0.716967 -0.666306 -0.112430 -0.513633 -0.562279 -0.013920 2.925724 3.191002 2.014429 -0.005187 -0.555087 -0.139910 -0.056777 -1.411699 -2.096977 -4.718487 -2.328279 -0.882717 -2.169368 -2.267141 -0.971735 -2.728983 -5.793157 -3.583374 -2.743800 -1.084742 -0.192220 -0.015482 -0.014937 0.495433 2.311857 0.529364 -0.100848 -2.381664 -3.022487 -0.588009 -1.790390 -0.053575 -5.623717 -4.797355 -7.846300 -9.216848 -8.579191 -2.749683 -2.570373 -9999.0 -9999.0 -9999.0 -9999.0 -9999.0 -9999.0
-9999.0 -9999.0 -9999.0 -9999.0 -9999.0 -9999.0 -9999.0 -9999.0 -9999.0 -3.252385 -0.633651 -2.397925 -0.813212 -0.708812 -0.663715 -0.384882 -0.137688 -0.022146 2.628219 3.491987 2.340775 -0.008064 -0.010166 -0.014372 -0.019843 -1.461501 -2.948974 -0.840422 -0.995862 -0.088855 -0.018394 -1.654748 -3.360271 -8.193669 -4.786967 -3.618201 -2.762456 -1.630625 -1.276273 -0.786681 -0.110439 -0.240470 -0.451558 1.276533 0.568475 -0.126530 -0.099069 -0.951635 -0.934186 -0.017294 -2.010774 -4.269618 -10.139173 -6.842648 -5.454963 -5.755806 -4.885825 -3.811229 -5.033772 -9999.0 -9999.0 -9999.0 -9999.0
-9999.0 -9999.0 -9999.0 -9999.0 -9999.0 -9999.0 -9999.0 -9999.0 -9999.0 -3.763387 -2.619207 -0.846226 -0.103106 -0.034945 -0.333136 -0.782804 -0.112046 -0.012664 3.320243 3.285935 2.914162 2.220288 0.624293 -0.035682 -1.075343 -1.791148 -0.464672 -0.056366 -0.012786 -0.030635 -0.089068 -2.034822 -3.194149 -3.579147 -2.455106 -3.571327 -3.057086 -1.962206 -2.073625 -0.551903 -0.649797 -2.071304 -0.363476 -0.008771 1.842515 1.253429 0.912798 -0.015013 -0.038597 -0.016504 -2.900413 -5.783514 -6.592660 -5.767497 -4.430807 -6.792031 -4.688199 -3.933084 -2.819274 -9999.0 -9999.0 -9999.0 -9999.0
-9999.0 -9999.0 -9999.0 -9999.0 -9999.0 -9999.0 -9999.0 -9999.0 -9999.0 -9999.0 -2.443118 -2.342682 -0.195148 -0.521440 -0.030052 -0.130438 -0.044904 0.734469 4.215651 3.296300 2.960838 1.959460 -0.018628 -0.159687 -1.448680 -0.100472 -0.017089 -0.004423 -0.094984 -1.598824 -1.945160 -3.154031 -4.136388 -3.089857 -2.807763 -2.103987 -0.831627 -0.500395 -3.047800 -2.200416 -2.611210 -0.758089 -0.179555 -0.117264 -0.014879 -0.012140 0.740373 1.448039 1.564268 -0.017737 -1.852399 -4.378499 -5.540200 -6.473348 -5.955046 -3.905377 -2.407849 -1.969771 -1.699730 -0.069945 -9999.0 -9999.0 -9999.0
-9999.0 -9999.0 -9999.0 -9999.0 -9999.0 -9999.0 -9999.0 -9999.0 -9999.0 -9999.0 -2.644328 -2.492000 -0.978388 -0.063752 -0.010083 -0.010077 -0.014267 1.796837 4.589182 4.489076 2.841281 0.595225 -0.023866 -0.284332 -0.100348 -0.012387 0.892654 -0.014895 -1.284766 -3.831227 -2.278732 -2.396703 -4.985899 -3.728365 -2.184414 -0.721204 -1.881151 -0.949635 -2.169316 -2.937828 -3.174976 -1.817179 -0.790506 -1.331179 -0.226125 -0.246264 -0.049974 -0.014709 2.124676 1.251151 -0.025974 -2.322290 -4.480670 -5.097942 -7.099011 -6.289121 -4.016963 -1.093389 1.168437 1.196610 -9999.0 -9999.0 -9999.0
-9999.0 -9999.0 -9999.0 -9999.0 -9999.0 -9999.0 -9999.0 -9999.0 -2.549613 -2.336036 -3.143929 -2.759918 -3.038293 -0.567331 -0.053654 1.090224 2.177068 3.088657 4.017205 4.970051 4.611797 3.379442 2.172841 -0.007976 -0.015394 1.476980 -0.010222 -0.806345 -1.880509 -3.803485 -7.689236 -2.206345 -2.153839 -3.444498 -3.246501 -1.968438 -0.117629 -0.361682 -2.537366 -3.587267 -2.472710 -2.228161 -3.761936 -3.319050 -1.577373 -0.936169 -2.358505 -0.410275 -0.013674 1.453403 -0.016521 -0.708459 -5.309659 -6.227916 -5.868886 -3.142826 -3.541560 -0.396727 -0.013002 3.232882 -9999.0 -9999.0 -9999.0
-9999.0 -9999.0 -9999.0 -9999.0 -9999.0 -9999.0 -9999.0 -9999.0 -3.368581 -1.380909 -3.162885 -3.054286 -2.448732 -2.438490 -0.927621 -0.012361 1.099833 1.798661 5.021094 5.513266 5.853546 4.662371 3.564904 2.303512 2.594908 2.534626 0.439233 -0.726818 -5.059038 -2.849277 -3.599287 -3.144736 -2.655173 -2.968215 -2.801444 -1.094898 -0.134596 -0.315021 -0.437176 -2.713096 -2.278404 -6.497110 -2.871955 -2.633170 -1.475541 -1.037410 -4.169659 -2.273100 -0.662701 1.158578 1.036686 -0.516254 -4.893491 -3.757112 -2.431818 -2.852593 -1.313264 -0.060234 1.764227 4.184421 5.459502 -9999.0 -9999.0
-9999.0 -9999.0 -9999.0 -9999.0 -9999.0 -9999.0 -9999.0 -9999.0 -2.203421 -2.120299 -1.593058 -3.981428 -2.946274 -3.500423 -0.977219 -0.783245 -0.009242 1.336329 4.914173 5.843481 5.982999 5.382548 4.950898 4.180493 3.455793 2.403761 -0.003662 -1.234842 -5.203388 -2.644462 -2.662806 -0.848508 -2.282148 -1.825585 -0.587741 -0.529980 -0.033132 1.227969 -0.026035 -0.666770 -2.861950 -2.512204 -2.752355 -2.246292 -1.659167 -2.372367 -3.556263 -2.453822 -2.573182 -0.016025 2.127212 -0.016973 -3.903186 -4.721884 -1.910775 -0.688492 -0.003762 1.658986 3.815756 4.428548 4.820265 -9999.0 -9999.0
-9999.0 -9999.0 -9999.0 -9999.0 -9999.0 -9999.0 -9999.0 -9999.0 -4.560765 -2.273971 -1.916878 -5.273506 -2.858916 -1.727981 -0.249630 -0.004210 3.474464 4.700383 3.641341 5.220376 5.362750 5.764912 5.334460 4.943761 3.019454 0.531583 -0.067985 -1.983111 -0.930241 -0.549256 -0.930264 -0.869606 -0.044663 -0.628175 -0.682070 -0.209693 -0.017133 3.124787 0.208605 -0.076302 -0.957504 -0.802309 -1.026708 -1.569212 -2.633599 -2.447166 -2.679578 -1.860053 -2.571808 -1.187810 -0.014583 1.713634 -0.016231 -1.208236 -0.014639 0.884404 2.435091 3.850167 4.801927 4.590917 3.679562 2.004969 -9999.0
-9999.0 -9999.0 -9999.0 -9999.0 -9999.0 -9999.0 -9999.0 -9999.0 -4.560414 -2.778090 -2.556505 -1.564276 -0.391110 -0.118381 -0.026402 1.292411 2.077199 1.832138 0.297542 2.194456 4.213168 5.082660 5.400527 5.098565 2.603271 -0.012047 -1.091071 -0.105962 -0.026574 -0.100157 -0.230371 -0.017899 1.222807 -0.005587 -0.016722 -0.005618 1.531979 5.310101 4.816164 1.120530 -0.014769 -0.022393 -0.184189 -0.040248 -1.058528 -0.428704 -0.665006 -1.170212 -0.391587 -0.018349 0.576323 1.127002 1.469283 0.981620 1.507471 1.804805 2.581383 3.388567 3.991552 3.653461 3.327988 1.434827 -9999.0
-9999.0 -9999.0 -2.767745 -2.837299 -3.812037 -1.975786 -3.456903 -2.912222 -2.901992 -2.141162 -1.376016 -0.132840 -0.149271 -0.234834 0.739052 0.824584 -0.016959 -1.221587 -0.444081 -0.010265 2.078294 4.755374 4.106274 5.708461 3.162108 1.360893 -0.013902 -0.008805 1.528914 -0.007324 -0.017578 -0.004759 2.749796 2.393872 2.690367 3.827689 4.989685 7.642782 6.649034 3.886111 2.731004 2.699217 3.023963 1.467628 -0.012241 -0.017886 0.654671 0.997126 1.470141 2.411501 3.098703 2.899006 2.313167 1.860234 1.772220 3.199892 2.384916 2.772274 2.389700 2.630770 1.632720 0.699728 -9999.0
-9999.0 -0.664506 -0.908954 -1.197048 -1.826247 -0.861202 -3.457691 -3.384689 -4.353229 -3.072205 -2.524152 -0.854235 -0.028438 -0.074252 -0.013358 -0.271072 -1.460450 -2.309286 -1.010922 -0.015604 1.790537 3.478042 3.272596 3.845477 4.111916 2.823826 2.300471 2.553042 2.996670 1.968312 1.801897 1.818511 3.243217 4.978994 5.532571 6.690897 8.623724 10.662355 8.313531 6.805004 6.065948 5.867825 5.134524 4.082369 2.819693 3.106826 3.193276 5.277919 4.642922 5.156057 3.657684 2.900385 2.154741 1.415820 1.346165 0.908848 0.451853 0.790614 0.618551 -0.012356 -0.003653 0.495271 -9999.0
-9999.0 -0.139048 -0.765949 -0.114796 -0.094016 -0.867451 -2.519586 -3.881117 -3.195423 -3.318372 -3.046969 -1.236952 -0.009160 -0.012599 -0.106495 -3.756451 -3.202617 -2.647502 -0.694027 -0.087497 -0.008965 1.351712 2.224332 1.766607 3.651248 4.564346 5.043795 4.991838 4.332004 5.825472 6.085560 5.814734 4.975235 5.852600 7.405304 8.715146 11.606121 12.701596 11.197073 10.478897 9.493023 8.406276 7.448868 7.523490 7.537111 7.339696 5.845812 5.621102 5.092476 4.423365 2.834280 1.441897 0.550837 1.201831 0.434110 -0.036954 -0.239413 -0.107357 -0.041911 -0.131341 -0.030879 -9999.0 -9999.0
