user2019/resources/simulation/Vinschgau/output-maps/TL0001N0240.asc
ncols         63
nrows         48
xllcorner     598000.000000
yllcorner     5145000.000000
cellsize      1000.000000
NODATA_value  -9999.0
[rows 0 to 27 of 48, columns 0 to 61 of 63]
-9999.0 -9999.0 -9999.0 -9999.0 -9999.0 -9999.0 -9999.0 -9999.0 -9999.0 -9999.0 -9999.0 -9999.0 -9999.0 -9999.0 -9999.0 -9999.0 -9999.0 -9999.0 -9999.0 -9999.0 -9999.0 -9999.0 -9999.0 -9999.0 -9999.0 -9999.0 -9999.0 -9999.0 -9999.0 -9999.0 -9999.0 -9999.0 -9999.0 -9999.0 -9999.0 -9999.0 -9999.0 -9999.0 -9999.0 -9999.0 -9999.0 -9999.0 -9999.0 -9999.0 -9999.0 -9999.0 -9999.0 -9999.0 -9999.0 -9999.0 -9999.0 -9999.0 -9999.0 -9999.0 -9999.0 -9999.0 -9999.0 -9999.0 -9999.0 -9999.0 -9999.0 -9999.0
-9999.0 -9999.0 -9999.0 -9999.0 -9999.0 -9999.0 -9999.0 -9999.0 -9999.0 -9999.0 -9999.0 -9999.0 -9999.0 -9999.0 -9999.0 -9999.0 -9999.0 -9999.0 -9999.0 -9999.0 -9999.0 -9999.0 -9999.0 -9999.0 -9999.0 -9999.0 -9999.0 -5.803782 -5.822788 -5.699116 -6.915679 -8.021066 -8.028918 -9999.0 -9999.0 -9999.0 -9999.0 -9999.0 -9999.0 -9999.0 -9999.0 -9999.0 -9999.0 -9999.0 -9999.0 -9999.0 -9999.0 -9999.0 -9999.0 -9999.0 -9999.0 -9999.0 -9999.0 -9999.0 -9999.0 -9999.0 -9999.0 -9999.0 -9999.0 -9999.0 -9999.0 -9999.0
-9999.0 -9999.0 -9999.0 -9999.0 -9999.0 -9999.0 -9999.0 -9999.0 -9999.0 -9999.0 -9999.0 -9999.0 -9999.0 -9999.0 -9999.0 -9999.0 -9999.0 -9999.0 -9999.0 -9999.0 -9999.0 -9999.0 -9999.0 -9999.0 -3.783647 -4.140556 -3.546898 -4.515735 -4.189329 -5.109908 -7.006355 -9999.0 -9999.0 -9999.0 -9999.0 -9999.0 -9999.0 -9999.0 -9999.0 -9999.0 -9999.0 -9999.0 -9999.0 -9999.0 -9999.0 -9999.0 -9999.0 -9999.0 -9999.0 -9999.0 -9999.0 -9999.0 -9999.0 -9999.0 -9999.0 -9999.0 -9999.0 -9999.0 -9999.0 -9999.0 -9999.0 -9999.0
-9999.0 -9999.0 -9999.0 -9999.0 -9999.0 -9999.0 -9999.0 -9999.0 -9999.0 -9999.0 -9999.0 -9999.0 -9999.0 -9999.0 -9999.0 -9999.0 -9999.0 -9999.0 -9999.0 -9999.0 -9999.0 -9999.0 -9999.0 -3.870812 -2.542939 -2.398335 -4.138164 -4.707784 -4.596533 -4.908878 -6.206877 -6.247036 -9999.0 -9999.0 -9999.0 -9999.0 -9999.0 -9999.0 -9999.0 -9999.0 -9999.0 -9999.0 -9999.0 -9999.0 -9999.0 -9999.0 -9999.0 -9999.0 -9999.0 -9999.0 -9999.0 -9999.0 -9999.0 -9999.0 -9999.0 -9999.0 -9999.0 -9999.0 -9999.0 -9999.0 -9999.0 -9999.0
-9999.0 -9999.0 -9999.0 -9999.0 -9999.0 -9999.0 -9999.0 -9999.0 -9999.0 -9999.0 -9999.0 -9999.0 -9999.0 -9999.0 -9999.0 -9999.0 -9999.0 -9999.0 -2.680084 -1.097683 -9999.0 -3.736505 -2.820565 -2.065645 -4.930760 -3.326522 -4.464392 -4.501678 -0.650753 -3.800124 -4.413365 -6.312791 -6.544317 -7.941220 -9999.0 -9999.0 -9999.0 -9999.0 -9999.0 -9999.0 -9999.0 -9999.0 -9999.0 -9999.0 -9999.0 -9999.0 -9999.0 -9999.0 -9999.0 -9999.0 -9999.0 -9999.0 -9999.0 -9999.0 -9999.0 -9999.0 -9999.0 -9999.0 -9999.0 -9999.0 -9999.0 -9999.0
-9999.0 -9999.0 -9999.0 -9999.0 -9999.0 -9999.0 -9999.0 -9999.0 -9999.0 -9999.0 -9999.0 -9999.0 -9999.0 -9999.0 -9999.0 -9999.0 -9999.0 -0.586286 -3.142319 -4.407219 -2.664554 -0.455838 -2.622524 -5.184488 -0.228294 -5.702403 -5.816569 -4.656518 -5.845433 -4.789499 -3.799909 -5.048311 -4.328315 -6.396217 -7.683233 -8.908199 -9999.0 -9999.0 -9999.0 -9999.0 -9999.0 -9999.0 -9999.0 -9999.0 -9999.0 -9999.0 -9999.0 -9999.0 -9999.0 -9999.0 -9999.0 -9999.0 -9999.0 -9999.0 -9999.0 -9999.0 -9999.0 -9999.0 -9999.0 -9999.0 -9999.0 -9999.0
-9999.0 -9999.0 -9999.0 -9999.0 -9999.0 -9999.0 -9999.0 -9999.0 -9999.0 -9999.0 -9999.0 -9999.0 -9999.0 -4.231445 -1.080164 -4.634541 -4.050300 -4.092652 -0.926307 -5.170969 -5.371409 -5.123929 -4.999863 -4.711153 -5.383150 -6.026880 -6.919629 -6.015442 -6.805516 -5.079668 -5.508707 -6.755139 -7.281060 -9.056037 -9.215313 -9.657831 -9999.0 -9999.0 -9999.0 -9999.0 -9999.0 -9999.0 -9999.0 -9999.0 -9999.0 -9999.0 -9999.0 -9999.0 -9999.0 -9999.0 -9999.0 -9999.0 -9999.0 -9999.0 -9999.0 -9999.0 -9999.0 -9999.0 -9999.0 -9999.0 -9999.0 -9999.0
-9999.0 -9999.0 -9999.0 -9999.0 -9999.0 -9999.0 -9999.0 -9999.0 -9999.0 -9999.0 -9999.0 -9999.0 -9999.0 -1.122381 -2.136354 -2.139012 -2.074448 -3.268654 -4.209501 -3.163941 -0.015269 -5.658673 -4.272103 -4.815093 -3.884915 -5.039806 -5.666345 -7.921251 -8.403713 -7.089805 -5.897417 -9.001352 -9.124453 -9.934944 -9.984471 -9999.0 -9999.0 -9999.0 -9999.0 -9999.0 -9999.0 -9999.0 -9999.0 -9999.0 -9999.0 -9999.0 -9999.0 -9999.0 -9999.0 -9999.0 -9999.0 -9999.0 -9999.0 -9999.0 -9999.0 -9999.0 -9999.0 -9999.0 -9999.0 -9999.0 -9999.0 -9999.0
-9999.0 -9999.0 -9999.0 -9999.0 -9999.0 -9999.0 -9999.0 -9999.0 -9999.0 -9999.0 -9999.0 -9999.0 -9999.0 -1.190196 -3.925524 -0.851284 -1.626047 -3.838686 -4.092819 -0.011242 -1.961406 -6.493177 -5.094917 -4.833662 -3.710103 -2.414064 -5.375113 -8.229902 -5.701619 -8.932483 -8.677348 -10.272819 -9.929066 -10.683969 -10.139788 -9999.0 -9999.0 -9999.0 -9999.0 -9999.0 -9999.0 -9999.0 -9999.0 -9999.0 -9999.0 -9999.0 -9999.0 -9999.0 -9999.0 -9999.0 -9999.0 -9999.0 -9999.0 -9999.0 -9999.0 -9999.0 -9999.0 -9999.0 -9999.0 -9999.0 -9999.0 -9999.0
-9999.0 -9999.0 -9999.0 -9999.0 -9999.0 -9999.0 -9999.0 -9999.0 -9999.0 -9999.0 -9999.0 -9999.0 -1.307508 -3.316502 -0.964038 -5.414955 -1.324914 -3.570448 -0.044875 -3.835690 -3.476953 -5.517791 -5.259342 -4.677365 -1.620914 -7.599880 -4.880292 -5.690942 -5.138891 -8.442359 -9.049329 -7.344730 -7.633214 -9.513045 -9999.0 -9999.0 -9999.0 -9999.0 -9999.0 -9999.0 -9999.0 -9999.0 -9999.0 -9999.0 -9999.0 -9999.0 -9999.0 -9999.0 -9999.0 -9999.0 -9999.0 -9999.0 -9999.0 -9999.0 -9999.0 -9999.0 -9999.0 -9999.0 -9999.0 -9999.0 -9999.0 -9999.0
-9999.0 -9999.0 -9999.0 -9999.0 -9999.0 -9999.0 -9999.0 -9999.0 -9999.0 -9999.0 -9999.0 -3.156183 -4.022605 -0.330810 -5.127976 -4.970379 -6.225526 -3.477551 -0.050510 -3.993151 -4.937092 -3.034435 -4.755472 -6.572607 -5.021634 -5.799426 -8.293603 -5.247909 -5.451941 -9.026484 -6.960689 -6.018774 -7.845058 -9.405938 -9.779809 -10.455785 -11.696968 -11.199340 -11.217723 -9999.0 -9999.0 -9999.0 -10.002708 -9999.0 -9999.0 -9999.0 -9999.0 -9999.0 -9999.0 -9999.0 -9999.0 -9999.0 -9999.0 -9999.0 -9999.0 -9999.0 -9999.0 -9999.0 -9999.0 -9999.0 -9999.0 -9999.0
-9999.0 -9999.0 -9999.0 -9999.0 -9999.0 -9999.0 -9999.0 -9999.0 -9999.0 -9999.0 -9999.0 -4.471245 -3.904711 -2.698966 -2.152313 -5.866221 -1.997482 -4.622254 -0.028117 -2.805099 -4.138397 -0.108067 -3.957447 -4.992241 -5.240245 -6.378856 -5.140051 -4.230690 -5.989286 -8.303855 -6.012520 -6.385634 -7.290039 -8.519804 -10.624448 -11.057258 -1.919207 -2.931984 -4.227601 -12.976699 -12.824478 -11.916288 -9.340613 -8.636946 -9999.0 -9999.0 -9999.0 -0.398471 -2.654829 -3.211806 -0.416949 -1.994012 -2.113917 -0.090859 -0.093188 -1.990357 -9999.0 -9999.0 -9999.0 -9999.0 -9999.0 -9999.0
-9999.0 -9999.0 -9999.0 -9999.0 -9999.0 -9999.0 -9999.0 -9999.0 -9999.0 -9999.0 -9999.0 -3.488165 -4.682413 -5.492707 -1.229788 -4.892094 -2.352233 -3.993037 -2.484983 -0.067658 -3.514251 -2.448324 -1.810101 -3.323956 -6.723440 -5.214577 -2.469529 -5.902753 -7.436296 -6.776026 -8.194588 -6.829495 -6.376142 -9.178268 -10.280832 -9.951461 -3.620047 -3.280062 -2.567582 -5.932635 -3.250341 -11.034834 -8.538919 -7.094958 -6.998234 -9999.0 -6.536500 -3.504129 -0.907074 -0.023114 -0.117668 -0.182103 -0.017466 -0.013684 -0.017838 -0.057438 -9999.0 -9999.0 -9999.0 -9999.0 -9999.0 -9999.0
-9999.0 -9999.0 -9999.0 -9999.0 -9999.0 -9999.0 -9999.0 -9999.0 -9999.0 -9999.0 -9999.0 -9999.0 -4.042272 -1.597431 -0.053581 -1.151024 -3.002147 -3.813065 -0.312665 -0.059349 -4.717431 -2.534130 -3.534231 -2.061411 -4.928839 -2.072473 -2.356561 -6.977598 -6.597357 -6.029642 -5.890316 -5.993072 -6.656115 -8.371119 -10.534658 -11.247937 -5.263557 -3.872063 -2.161444 -4.027368 -7.036958 -9.008673 -7.258811 -6.749614 -6.107691 -5.150183 -4.972250 -3.837976 -3.850688 -1.692484 -1.300398 -1.370438 -0.015072 -0.517634 -2.432309 -2.350614 -0.952085 -9999.0 -9999.0 -9999.0 -9999.0 -9999.0
-9999.0 -9999.0 -9999.0 -9999.0 -9999.0 -9999.0 -9999.0 -9999.0 -9999.0 -9999.0 -9999.0 -0.036514 -4.975792 -5.040565 -1.111918 -1.127679 -1.591477 -4.499563 -3.535351 -0.005042 -4.543871 -4.209786 -2.414201 -3.103684 -1.469891 -2.568681 -1.983527 -7.244716 -5.156209 -5.206944 -3.718917 -4.490184 -5.151345 -8.215934 -10.945569 -11.037575 -12.298251 -4.503667 -2.223473 -1.483204 -5.716443 -0.162566 -3.349305 -6.202756 -6.410083 -5.118792 -3.160352 -2.868018 -2.676709 -3.834464 -5.420340 -5.223493 -3.943839 -5.977165 -5.004625 -5.650509 -1.721917 -9999.0 -9999.0 -9999.0 -9999.0 -9999.0
-9999.0 -9999.0 -9999.0 -9999.0 -9999.0 -9999.0 -9999.0 -9999.0 -9999.0 -9999.0 -1.214897 -0.528943 -0.024262 -3.723035 -0.028278 -3.003035 -4.958128 -4.154625 -3.708236 -0.006130 -0.250903 -1.026646 -3.162812 -1.486045 -4.185101 -1.277599 -5.996510 -5.874128 -2.359809 -2.674847 -4.965688 -5.765441 -6.699146 -8.395684 -10.991380 -10.432107 -10.147344 -4.523560 -3.203555 -0.198370 -0.119883 -5.018890 -5.699537 -1.568600 -6.416536 -4.783947 -3.209816 -4.495766 -5.528669 -4.319839 -3.124288 -5.700860 -5.618638 -5.889642 -5.418546 -0.131390 -0.098533 -9999.0 -9999.0 -9999.0 -9999.0 -9999.0
-9999.0 -9999.0 -9999.0 -9999.0 -9999.0 -9999.0 -9999.0 -9999.0 -9999.0 -5.209649 -1.347075 -1.212554 -3.053991 -0.625747 -0.022741 -4.499753 -4.786895 -0.269317 -2.289093 -0.004544 -0.181266 -4.510464 -4.784106 -3.136147 -1.526758 -5.856614 -2.710456 -2.493155 -5.082956 -5.120429 -5.236836 -6.523050 -8.785789 -9.828311 -8.959512 -9.457917 -9.367424 -9.280409 -9.543330 -8.004090 -0.380867 -7.331902 -7.154306 -0.124370 -4.239138 -6.497410 -6.017737 -4.212846 -1.845737 -4.997326 -0.977931 -3.096378 -6.297672 -4.689540 -2.829925 -1.247344 -0.087365 -0.021716 -0.551442 -9999.0 -9999.0 -9999.0
-9999.0 -9999.0 -9999.0 -9999.0 -9999.0 -9999.0 -9999.0 -9999.0 -9999.0 -5.205985 -5.017313 -5.030178 -4.188202 -3.048494 -0.107332 -0.278502 -0.015947 -4.294578 -0.160952 -0.009007 -0.008900 -0.012544 -1.467166 -0.590539 -5.600159 -2.740443 -4.459062 -4.857263 -1.978904 -3.858139 -5.369781 -4.589948 -7.241837 -6.608663 -6.702090 -6.829952 -7.790382 -7.575046 -9.336651 -7.832590 -5.920774 -7.852765 -5.810124 -5.419005 -0.069359 -0.043101 -0.052637 -3.595136 -5.435431 -4.503271 -3.005046 -2.005350 -4.594912 -4.073923 -5.511946 -0.913450 -0.622210 -0.018183 -0.007477 -9999.0 -9999.0 -9999.0
-9999.0 -9999.0 -9999.0 -9999.0 -9999.0 -9999.0 -9999.0 -9999.0 -9999.0 -9999.0 -4.933613 -4.839547 -4.124407 -3.180334 -4.177797 -0.104629 -0.144856 -3.533579 0.047127 0.048052 -1.985744 -3.698621 -1.022851 -3.224932 -2.487520 -4.778183 -0.355820 -0.026768 -4.581583 -6.034649 -6.630647 -2.731425 -7.238081 -7.667337 -5.402892 -4.560300 -5.086139 -5.423725 -7.279323 -8.752511 -9.035357 -4.896736 -5.888396 -5.741751 -6.578447 -6.835023 -5.166286 -2.804057 -0.015651 -4.939009 -0.957429 -0.565488 -2.476500 -4.260360 -2.969366 -4.605891 -1.925437 -3.503878 -4.375331 -2.316280 -9999.0 -9999.0
-9999.0 -9999.0 -9999.0 -9999.0 -9999.0 -9999.0 -9999.0 -9999.0 -9999.0 -9999.0 -4.925184 -4.912199 -3.976693 -1.425278 -0.964611 -4.783786 -4.547408 -1.755769 0.296954 0.157159 -0.008816 -2.749694 -5.002228 -4.321219 -4.408665 -0.096084 -0.006885 -3.325586 -4.719162 -7.528130 -7.155611 -4.703875 -5.756252 -7.568532 -7.428236 -6.762642 -5.921945 -4.146120 -5.680116 -7.447082 -5.324292 -5.426831 -5.169471 -6.528026 -1.424565 -4.793958 -3.619357 -5.883889 -0.033369 -0.019630 -5.226534 -0.401263 -0.044366 -2.350134 -3.733807 -1.737897 -4.672209 -0.786218 -0.553874 -0.068417 -9999.0 -9999.0
-9999.0 -9999.0 -9999.0 -9999.0 -9999.0 -9999.0 -9999.0 -9999.0 -0.019778 -0.227159 -4.624796 -4.057438 -4.324082 -4.276436 -2.030124 -0.043477 -0.016682 0.089121 0.386090 0.378654 0.311275 -0.004424 -0.020071 -3.088947 -2.714579 0.022691 -0.165380 -5.079492 -4.301236 -6.133715 -8.468559 -6.933021 -6.090565 -5.992240 -4.943191 -7.866281 -4.536238 -3.647569 -5.491846 -5.594114 -6.727335 -6.073019 -7.247774 -7.704333 -3.566159 -1.768043 -5.900827 -1.493873 -5.363269 -0.011933 -4.767678 -2.389000 -0.116368 -3.075802 -1.722561 -0.022872 -0.062901 -0.017308 -4.167808 -0.004297 -9999.0 -9999.0
-9999.0 -9999.0 -9999.0 -9999.0 -9999.0 -9999.0 -9999.0 -9999.0 -5.278088 -0.027191 -2.856526 -6.326564 -5.436827 -3.874769 -1.854432 -3.384910 -2.154922 -2.132973 1.226773 0.705383 1.548354 0.389134 0.001117 -0.012165 -0.005377 0.112444 -0.250018 -2.581623 -6.532536 -4.408047 -4.742509 -3.908328 -4.036235 -4.911682 -2.252519 -1.544420 -2.168683 -3.506873 -3.532738 -3.361275 -6.155444 -8.225464 -6.960347 -2.329313 -0.612458 -2.691847 -6.106661 -5.488355 -4.504251 -3.550005 -0.014300 -3.101437 -0.204853 -0.134153 -1.747360 -4.080866 -3.938555 -4.460759 -0.012377 0.686573 0.876280 -9999.0
-9999.0 -9999.0 -9999.0 -9999.0 -9999.0 -9999.0 -9999.0 -9999.0 -5.354196 -3.937273 -0.021877 -4.950879 -2.076550 -6.072005 -0.025752 -4.471238 -2.994121 -0.090413 0.623498 0.546295 1.407670 0.552450 0.464162 0.205100 0.088272 -1.548498 -3.987017 -4.009143 -4.757902 -2.867032 -3.998082 -0.865716 -2.739704 -2.601741 -0.486961 -1.856319 -3.604608 -4.840034 -3.015296 -3.497074 -3.936035 -4.364048 -0.922695 -4.018372 -4.435227 -4.679898 -2.781900 -0.805125 -3.523830 -5.200484 -0.005580 -2.274432 -3.349160 -2.347339 -3.882544 -3.178256 -0.097809 -0.009642 0.185233 0.435100 0.809928 -9999.0
-9999.0 -9999.0 -9999.0 -9999.0 -9999.0 -9999.0 -9999.0 -9999.0 -7.321351 -4.003275 -1.631689 -2.289414 -0.018069 -0.023618 -4.218710 -2.272850 -0.029655 0.481106 -0.010052 0.908358 0.570618 0.871701 0.560832 0.213626 -1.508286 -2.574753 -0.745576 -1.939704 -1.329431 -3.798768 -1.485887 -1.368616 -4.902773 -4.612658 -3.202021 -1.650581 -1.183981 -4.577516 -1.547255 -1.993760 -2.105258 -0.294317 -0.071748 -1.820108 -0.183115 -2.423883 -0.024998 -1.001709 -0.027671 -3.198786 -3.026931 -0.005239 -0.937926 -1.992950 -0.623184 -0.026827 -0.003865 0.400418 1.671889 0.734361 -0.003010 -0.222597
-9999.0 -9999.0 -9999.0 -9999.0 -9999.0 -9999.0 -9999.0 -9999.0 -4.224277 -2.611502 -0.016697 -2.181755 -4.267977 -3.378733 -0.324349 -0.024293 -2.087671 -4.122080 -3.440150 -3.029839 0.258843 0.637022 0.631690 0.173869 -0.139072 -4.020067 -3.627106 -2.795981 -3.819548 -4.666385 -1.827149 -2.231681 -1.664863 -2.705949 -2.140868 -1.675999 -3.296277 -3.605734 -4.157889 -1.684895 -1.608010 -2.519341 -4.431440 -3.585402 -1.508416 -0.126701 -3.119897 -4.931525 -4.724546 -2.900352 -0.548928 -0.011987 -0.004906 -0.010788 -0.004555 -0.003979 0.082685 0.168052 0.077408 -0.003004 -0.011514 -0.014372
-9999.0 -9999.0 -3.081667 -1.587432 -3.187789 -1.303559 -0.077148 -1.214645 -2.024628 -2.397914 -2.216294 -2.237125 -4.012012 -0.405895 -0.050300 -1.766743 -4.967197 -4.625314 -4.098646 -1.967378 -3.103155 0.910840 0.507256 0.950081 -0.006629 -1.209215 -3.367175 -3.309391 -0.330127 -4.037200 -4.358806 -3.385919 -0.260633 -3.564194 -1.651453 -3.773281 -0.167868 -0.100831 -3.307084 -4.624592 -5.018758 -3.612758 -3.593922 -4.703516 -4.051240 -4.605287 -2.158528 -3.209868 -0.132159 -0.013076 -0.004215 -0.003605 0.045834 0.007157 -0.003418 -0.031067 -0.004000 -0.003829 -1.279034 -3.188970 -0.013281 -0.012055
-9999.0 -0.042278 -0.220907 -0.027879 -0.093971 -0.018830 -2.993807 -3.751552 -3.875105 -4.447267 -2.934004 -0.018535 -0.366407 -0.174383 -2.385769 -0.478289 -3.841691 -3.692441 -0.031176 -3.838028 -2.010413 -0.005589 -0.021411 0.634633 0.174300 -0.004478 -0.007977 -0.056545 -0.006935 -0.071485 -0.119259 -0.626866 -0.345660 -0.084636 -0.053132 -0.029864 -0.005209 -0.004222 -0.005964 -0.070762 -0.092218 -0.057508 -0.067639 -2.870510 -3.389906 -1.154655 -0.065892 -0.027099 0.008642 0.219130 0.094739 0.018413 -0.003610 -0.017196 -0.147165 -3.264484 -0.888617 -0.828126 -0.075232 -0.045464 -0.016816 -0.011941
-9999.0 -2.712431 -1.118144 -2.549679 -2.337725 -1.039095 -0.608437 -0.794208 -1.434645 -2.160991 -0.120846 -1.343729 -2.774042 -2.133913 -1.487403 -3.386871 -4.200695 -3.310730 -3.060973 -4.184529 -0.419363 -3.083479 -0.044892 -0.005985 0.169618 0.421167 0.816810 0.431607 0.380562 1.000759 0.770219 0.095329 -0.006182 -0.004739 -0.003064 0.099620 0.792058 2.453131 0.490646 0.330311 0.239835 0.147287 0.001147 -0.034959 0.291309 1.119854 1.178066 0.659304 0.196437 0.119531 -0.003923 -4.907580 -1.642172 -1.609606 -4.334255 -0.828356 -1.155896 -0.722095 -1.102067 -0.129704 -0.045585 -9999.0
