user2019/resources/simulation/Vinschgau/output-maps/TL0002N0955.asc
ncols         63
nrows         48
xllcorner     598000.000000
yllcorner     5145000.000000
cellsize      1000.000000
NODATA_value  -9999.0
[rows 0 to 27 of 48, columns 0 to 62 of 63]
-9999.0 -9999.0 -9999.0 -9999.0 -9999.0 -9999.0 -9999.0 -9999.0 -9999.0 -9999.0 -9999.0 -9999.0 -9999.0 -9999.0 -9999.0 -9999.0 -9999.0 -9999.0 -9999.0 -9999.0 -9999.0 -9999.0 -9999.0 -9999.0 -9999.0 -9999.0 -9999.0 -9999.0 -9999.0 -9999.0 -9999.0 -9999.0 -9999.0 -9999.0 -9999.0 -9999.0 -9999.0 -9999.0 -9999.0 -9999.0 -9999.0 -9999.0 -9999.0 -9999.0 -9999.0 -9999.0 -9999.0 -9999.0 -9999.0 -9999.0 -9999.0 -9999.0 -9999.0 -9999.0 -9999.0 -9999.0 -9999.0 -9999.0 -9999.0 -9999.0 -9999.0 -9999.0 -9999.0
-9999.0 -9999.0 -9999.0 -9999.0 -9999.0 -9999.0 -9999.0 -9999.0 -9999.0 -9999.0 -9999.0 -9999.0 -9999.0 -9999.0 -9999.0 -9999.0 -9999.0 -9999.0 -9999.0 -9999.0 -9999.0 -9999.0 -9999.0 -9999.0 -9999.0 -9999.0 -9999.0 -3.419721 -2.229261 -2.577710 -2.823873 -3.594911 -4.415798 -9999.0 -9999.0 -9999.0 -9999.0 -9999.0 -9999.0 -9999.0 -9999.0 -9999.0 -9999.0 -9999.0 -9999.0 -9999.0 -9999.0 -9999.0 -9999.0 -9999.0 -9999.0 -9999.0 -9999.0 -9999.0 -9999.0 -9999.0 -9999.0 -9999.0 -9999.0 -9999.0 -9999.0 -9999.0 -9999.0
-9999.0 -9999.0 -9999.0 -9999.0 -9999.0 -9999.0 -9999.0 -9999.0 -9999.0 -9999.0 -9999.0 -9999.0 -9999.0 -9999.0 -9999.0 -9999.0 -9999.0 -9999.0 -9999.0 -9999.0 -9999.0 -9999.0 -9999.0 -9999.0 -2.634667 -2.584858 -2.798704 -2.373846 -2.780126 -3.046128 -3.130186 -9999.0 -9999.0 -9999.0 -9999.0 -9999.0 -9999.0 -9999.0 -9999.0 -9999.0 -9999.0 -9999.0 -9999.0 -9999.0 -9999.0 -9999.0 -9999.0 -9999.0 -9999.0 -9999.0 -9999.0 -9999.0 -9999.0 -9999.0 -9999.0 -9999.0 -9999.0 -9999.0 -9999.0 -9999.0 -9999.0 -9999.0 -9999.0
-9999.0 -9999.0 -9999.0 -9999.0 -9999.0 -9999.0 -9999.0 -9999.0 -9999.0 -9999.0 -9999.0 -9999.0 -9999.0 -9999.0 -9999.0 -9999.0 -9999.0 -9999.0 -9999.0 -9999.0 -9999.0 -9999.0 -9999.0 -2.398309 -0.592572 0.227792 1.021517 1.412777 0.443748 -2.194737 -3.017675 -3.601986 -9999.0 -9999.0 -9999.0 -9999.0 -9999.0 -9999.0 -9999.0 -9999.0 -9999.0 -9999.0 -9999.0 -9999.0 -9999.0 -9999.0 -9999.0 -9999.0 -9999.0 -9999.0 -9999.0 -9999.0 -9999.0 -9999.0 -9999.0 -9999.0 -9999.0 -9999.0 -9999.0 -9999.0 -9999.0 -9999.0 -9999.0
-9999.0 -9999.0 -9999.0 -9999.0 -9999.0 -9999.0 -9999.0 -9999.0 -9999.0 -9999.0 -9999.0 -9999.0 -9999.0 -9999.0 -9999.0 -9999.0 -9999.0 -9999.0 0.041853 -0.839971 -9999.0 -1.364897 -0.656789 -0.010738 0.616975 1.660015 -0.012963 -0.014944 -0.005451 -0.026924 -2.007372 -2.761598 -4.461242 -5.708189 -9999.0 -9999.0 -9999.0 -9999.0 -9999.0 -9999.0 -9999.0 -9999.0 -9999.0 -9999.0 -9999.0 -9999.0 -9999.0 -9999.0 -9999.0 -9999.0 -9999.0 -9999.0 -9999.0 -9999.0 -9999.0 -9999.0 -9999.0 -9999.0 -9999.0 -9999.0 -9999.0 -9999.0 -9999.0
-9999.0 -9999.0 -9999.0 -9999.0 -9999.0 -9999.0 -9999.0 -9999.0 -9999.0 -9999.0 -9999.0 -9999.0 -9999.0 -9999.0 -9999.0 -9999.0 -9999.0 4.352909 2.852659 1.573435 -1.058748 -0.142524 -0.031239 -0.018801 -0.010054 -0.023331 -0.132231 -0.032272 -0.208873 -0.016846 -0.679566 -2.808463 -3.286620 -3.310712 -4.960370 -5.880691 -9999.0 -9999.0 -9999.0 -9999.0 -9999.0 -9999.0 -9999.0 -9999.0 -9999.0 -9999.0 -9999.0 -9999.0 -9999.0 -9999.0 -9999.0 -9999.0 -9999.0 -9999.0 -9999.0 -9999.0 -9999.0 -9999.0 -9999.0 -9999.0 -9999.0 -9999.0 -9999.0
-9999.0 -9999.0 -9999.0 -9999.0 -9999.0 -9999.0 -9999.0 -9999.0 -9999.0 -9999.0 -9999.0 -9999.0 -9999.0 -0.188833 -0.016369 2.198905 3.868757 5.468419 3.951558 0.539032 -0.000426 -0.008979 0.728125 -0.010680 -0.025714 -0.695964 -1.891619 -0.528795 -0.742021 -0.044501 -1.680623 -2.466195 -1.891358 -4.363704 -3.963023 -6.100631 -9999.0 -9999.0 -9999.0 -9999.0 -9999.0 -9999.0 -9999.0 -9999.0 -9999.0 -9999.0 -9999.0 -9999.0 -9999.0 -9999.0 -9999.0 -9999.0 -9999.0 -9999.0 -9999.0 -9999.0 -9999.0 -9999.0 -9999.0 -9999.0 -9999.0 -9999.0 -9999.0
-9999.0 -9999.0 -9999.0 -9999.0 -9999.0 -9999.0 -9999.0 -9999.0 -9999.0 -9999.0 -9999.0 -9999.0 -9999.0 -0.021217 1.617178 3.081758 3.157574 4.333266 5.540532 1.803558 2.908053 1.513648 1.202608 -0.004407 -0.223346 -0.303803 -2.193713 -2.961545 -4.074156 -1.420999 -0.828415 -2.697521 -4.415840 -8.419107 -5.391566 -9999.0 -9999.0 -9999.0 -9999.0 -9999.0 -9999.0 -9999.0 -9999.0 -9999.0 -9999.0 -9999.0 -9999.0 -9999.0 -9999.0 -9999.0 -9999.0 -9999.0 -9999.0 -9999.0 -9999.0 -9999.0 -9999.0 -9999.0 -9999.0 -9999.0 -9999.0 -9999.0 -9999.0
-9999.0 -9999.0 -9999.0 -9999.0 -9999.0 -9999.0 -9999.0 -9999.0 -9999.0 -9999.0 -9999.0 -9999.0 -9999.0 1.214217 1.483280 2.360391 2.605365 3.348228 5.763399 3.845504 2.199035 -0.010192 -0.030050 -0.086595 -0.019023 -0.021579 -1.948629 -4.308917 -3.589887 -7.394991 -3.182207 -9.118394 -9.399907 -12.359393 -6.553066 -9999.0 -9999.0 -9999.0 -9999.0 -9999.0 -9999.0 -9999.0 -9999.0 -9999.0 -9999.0 -9999.0 -9999.0 -9999.0 -9999.0 -9999.0 -9999.0 -9999.0 -9999.0 -9999.0 -9999.0 -9999.0 -9999.0 -9999.0 -9999.0 -9999.0 -9999.0 -9999.0 -9999.0
-9999.0 -9999.0 -9999.0 -9999.0 -9999.0 -9999.0 -9999.0 -9999.0 -9999.0 -9999.0 -9999.0 -9999.0 -0.016869 -0.006408 1.838267 -0.009747 0.817950 2.782534 4.894517 2.681992 -0.007184 -0.050750 -0.989708 -0.193631 -1.610074 -2.264124 -3.146529 -3.248962 -2.497654 -4.604098 -9.051011 -4.687052 -3.702529 -6.499443 -9999.0 -9999.0 -9999.0 -9999.0 -9999.0 -9999.0 -9999.0 -9999.0 -9999.0 -9999.0 -9999.0 -9999.0 -9999.0 -9999.0 -9999.0 -9999.0 -9999.0 -9999.0 -9999.0 -9999.0 -9999.0 -9999.0 -9999.0 -9999.0 -9999.0 -9999.0 -9999.0 -9999.0 -9999.0
-9999.0 -9999.0 -9999.0 -9999.0 -9999.0 -9999.0 -9999.0 -9999.0 -9999.0 -9999.0 -9999.0 -0.052617 1.088715 1.031351 1.144198 -0.010880 1.710674 2.905455 4.790845 2.057159 1.525382 -0.009944 -0.785351 -1.917098 -0.631407 -2.844508 -3.585220 -2.384894 -3.484789 -5.860048 -4.859049 -3.011214 -3.918884 -5.417185 -4.950061 -3.692144 -3.341057 -2.392706 -2.238574 -9999.0 -9999.0 -9999.0 -5.537759 -9999.0 -9999.0 -9999.0 -9999.0 -9999.0 -9999.0 -9999.0 -9999.0 -9999.0 -9999.0 -9999.0 -9999.0 -9999.0 -9999.0 -9999.0 -9999.0 -9999.0 -9999.0 -9999.0 -9999.0
-9999.0 -9999.0 -9999.0 -9999.0 -9999.0 -9999.0 -9999.0 -9999.0 -9999.0 -9999.0 -9999.0 -0.273515 1.363147 2.649814 2.579402 -0.071072 4.287323 3.744376 4.991600 3.323699 2.242116 -0.033934 -0.862369 -2.473711 -1.623872 -2.325132 -2.661065 -2.427302 -2.401930 -5.481739 -2.427847 -2.823275 -3.620299 -4.292799 -4.824093 -2.443287 -2.768535 -1.208205 -2.245369 -5.178221 -5.114777 -5.575085 -2.670108 -4.442217 -9999.0 -9999.0 -9999.0 -6.024500 -5.160679 -4.947541 -4.374164 -5.829680 -6.022076 -5.789632 -5.573703 -6.370607 -9999.0 -9999.0 -9999.0 -9999.0 -9999.0 -9999.0 -9999.0
-9999.0 -9999.0 -9999.0 -9999.0 -9999.0 -9999.0 -9999.0 -9999.0 -9999.0 -9999.0 -9999.0 -0.422588 -0.314148 -0.038850 -0.012404 -0.014097 -0.006193 3.044980 3.814830 3.348447 1.531292 -0.023753 -1.327679 -2.573127 -2.371875 -3.258220 -1.549478 -3.403812 -3.602657 -4.570020 -4.042857 -3.903949 -2.922123 -4.080151 -4.497867 -2.464943 -3.010820 -2.530698 -0.645110 -3.868656 -2.047660 -3.414473 -2.399355 -2.271206 -4.203207 -9999.0 -6.594259 -4.207432 -2.705268 -2.639989 -2.514327 -2.165352 -2.235552 -2.885101 -3.040786 -3.919579 -9999.0 -9999.0 -9999.0 -9999.0 -9999.0 -9999.0 -9999.0
-9999.0 -9999.0 -9999.0 -9999.0 -9999.0 -9999.0 -9999.0 -9999.0 -9999.0 -9999.0 -9999.0 -9999.0 -0.338711 -0.494090 -0.026134 -0.022548 -0.007382 2.227814 4.513346 3.331992 1.353038 -0.019858 -0.327021 -0.823581 -2.864447 -1.684295 -1.392060 -1.822146 -2.952028 -4.388545 -2.657794 -3.669549 -2.466286 -3.199627 -3.786442 -2.128194 -1.496021 -1.871566 -0.028198 -1.665687 -1.007214 -2.045104 -2.448517 -1.023997 -4.020440 -4.369164 -5.272748 -4.069330 -2.825076 -0.979330 -0.251897 -3.526807 -2.719069 -4.211905 -3.248566 -2.901484 -3.852378 -9999.0 -9999.0 -9999.0 -9999.0 -9999.0 -9999.0
-9999.0 -9999.0 -9999.0 -9999.0 -9999.0 -9999.0 -9999.0 -9999.0 -9999.0 -9999.0 -9999.0 -0.596010 -1.456373 -0.221997 -0.687082 -0.023136 -0.013162 1.339661 3.877623 3.516542 1.767157 -0.004633 -0.295789 -1.601196 -1.520870 -0.975155 -0.567743 -3.208868 -3.361765 -2.918903 -1.659736 -2.805406 -2.338275 -3.070347 -4.940606 -2.482567 -2.338631 -0.829763 -0.025328 -0.143225 -0.830261 -0.039784 -0.943405 -0.892168 -0.537413 -3.005960 -2.038017 -2.761494 -2.018460 -0.104878 -3.820642 -2.998606 -5.950687 -6.651298 -7.563953 -8.708262 -4.591550 -9999.0 -9999.0 -9999.0 -9999.0 -9999.0 -9999.0
-9999.0 -9999.0 -9999.0 -9999.0 -9999.0 -9999.0 -9999.0 -9999.0 -9999.0 -9999.0 -1.057658 -0.707470 -0.930947 -0.879888 -0.048644 -0.620561 -0.668653 -0.018892 2.882876 3.125644 1.835309 -0.005346 -0.584157 -0.139386 -0.043075 -1.556603 -2.213513 -4.805445 -2.566211 -1.139744 -2.252339 -2.347493 -2.113223 -3.113802 -6.319983 -4.004812 -2.475793 -1.200380 -0.103373 -0.019583 -0.018898 0.377655 1.973041 0.501811 -0.112827 -2.732333 -1.976158 -0.681618 -0.972615 -0.043284 -5.802045 -5.215906 -8.042119 -9.408829 -8.800626 -3.140001 -2.938493 -9999.0 -9999.0 -9999.0 -9999.0 -9999.0 -9999.0
-9999.0 -9999.0 -9999.0 -9999.0 -9999.0 -9999.0 -9999.0 -9999.0 -9999.0 -2.172572 -0.816253 -2.462958 -1.013541 -0.704699 -0.707832 -0.499425 -0.166303 -0.017369 2.646499 3.454403 2.165584 -0.010654 -0.015480 -0.018409 -0.023255 -1.492984 -3.074235 -1.084653 -0.635683 -0.084639 -0.021967 -1.687355 -3.765983 -8.451805 -5.301289 -4.047430 -2.951395 -1.747280 -1.390269 -0.745494 -0.080723 -0.238535 -0.480949 1.239913 0.539545 -0.139213 -0.040283 -1.068137 -1.050527 -0.021384 -2.129557 -4.682541 -10.338281 -7.345853 -5.883245 -5.937982 -5.050301 -4.222226 -5.458166 -9999.0 -9999.0 -9999.0 -9999.0
-9999.0 -9999.0 -9999.0 -9999.0 -9999.0 -9999.0 -9999.0 -9999.0 -9999.0 -4.058578 -2.282924 -1.112725 -0.042614 -0.030282 -0.261485 -0.816340 -0.051915 -0.017149 3.273683 3.100936 2.734880 2.014901 0.061121 -0.025599 -1.106799 -1.909334 -0.538325 -0.046131 -0.017288 -0.024199 -0.044941 -2.066808 -2.105089 -3.989089 -2.818816 -4.002372 -3.485962 -2.308293 -2.375092 -0.797110 -0.775951 -2.188007 -0.429677 -0.013475 1.820305 1.183332 0.845327 -0.018690 -0.030653 -0.020757 -2.932661 -5.875141 -7.041211 -6.178312 -4.825736 -6.976315 -4.868439 -4.078679 -3.220313 -9999.0 -9999.0 -9999.0 -9999.0
-9999.0 -9999.0 -9999.0 -9999.0 -9999.0 -9999.0 -9999.0 -9999.0 -9999.0 -9999.0 -2.815619 -2.558658 -0.321946 -0.597755 -0.025504 -0.155623 -0.034167 0.659274 4.170483 3.218389 2.784591 1.913092 -0.025426 -0.172092 -1.564057 -0.111230 -0.020874 -0.007533 -0.054404 -1.629065 -1.976850 -3.233243 -4.236409 -3.494296 -2.549632 -2.395303 -1.064137 -0.665123 -3.467892 -2.524949 -2.995779 -0.978403 -0.289433 -0.126153 -0.019925 -0.017250 0.703605 1.253367 1.495193 -0.021181 -1.884807 -4.518662 -5.960212 -6.902641 -6.360350 -4.297059 -1.934505 -2.014350 -1.782771 -0.071966 -9999.0 -9999.0 -9999.0
-9999.0 -9999.0 -9999.0 -9999.0 -9999.0 -9999.0 -9999.0 -9999.0 -9999.0 -9999.0 -3.037154 -1.953134 -1.254211 -0.069280 -0.011793 -0.015666 -0.019191 1.750041 4.542204 4.389626 2.804221 0.557895 -0.030759 -0.336381 -0.113353 -0.017042 0.832452 -0.018710 -1.315301 -3.928713 -2.623178 -2.635635 -5.148838 -4.148121 -2.507057 -0.620428 -1.914715 -1.037039 -2.289027 -3.336564 -2.244688 -2.116773 -0.900270 -2.166172 -0.340673 -0.270710 -0.039362 -0.019678 2.080330 1.186099 -0.023129 -2.419708 -4.563064 -5.511803 -7.528847 -6.720794 -4.401349 -1.208502 1.137585 1.122131 -9999.0 -9999.0 -9999.0
-9999.0 -9999.0 -9999.0 -9999.0 -9999.0 -9999.0 -9999.0 -9999.0 -2.495782 -2.668685 -3.554884 -2.408536 -3.122228 -0.660657 -0.047403 1.061612 2.132583 2.882347 3.932664 4.868253 4.575656 3.330788 2.152011 0.017293 -0.019333 1.456361 -0.011175 -0.836132 -2.005886 -3.894059 -7.908112 -2.533360 -2.463653 -3.868548 -2.103732 -2.250898 -0.052383 -0.428923 -2.570160 -4.017174 -2.847312 -2.189184 -3.863097 -3.737802 -1.905739 -1.142714 -2.390091 -0.493444 -0.018117 1.390473 -0.019275 -0.738614 -5.433007 -6.325607 -6.291706 -3.528371 -3.950435 -0.511276 -0.017290 3.184729 -9999.0 -9999.0 -9999.0
-9999.0 -9999.0 -9999.0 -9999.0 -9999.0 -9999.0 -9999.0 -9999.0 -3.451385 -1.496230 -3.285345 -3.454256 -2.223186 -2.518855 -0.959196 -0.017623 1.051503 1.741584 4.984416 5.410148 5.583114 4.440366 3.316348 2.017355 2.543764 2.497528 0.417211 -0.602080 -5.234886 -3.247994 -4.009378 -3.572148 -2.010932 -3.394134 -2.602775 -1.570938 -0.186201 -0.196693 -0.495527 -2.491092 -2.612868 -6.677665 -3.292446 -2.389610 -1.759482 -1.147147 -4.254417 -2.278036 -0.217148 1.148324 0.980032 -0.271938 -5.024790 -4.148393 -2.202289 -3.023804 -1.395334 -0.042656 1.699244 4.115546 5.368108 -9999.0 -9999.0
-9999.0 -9999.0 -9999.0 -9999.0 -9999.0 -9999.0 -9999.0 -9999.0 -2.533215 -2.406842 -1.873703 -4.103785 -3.240028 -3.595253 -1.060722 -0.815405 -0.014869 1.254161 4.878327 5.582876 5.880729 5.159498 4.717081 4.061850 3.270209 2.336713 -0.006520 -1.265473 -5.240441 -2.429625 -3.049527 -2.371137 -2.400735 -1.950287 -0.781627 -0.733483 -0.025673 1.208932 -0.028078 -0.774849 -2.581759 -2.882723 -2.555621 -2.537618 -1.774030 -2.232707 -3.980213 -2.417928 -2.677250 -0.022269 2.103648 -0.020498 -4.082657 -4.858118 -2.072205 -0.790813 -0.006301 1.594670 3.744617 4.353975 4.754116 -9999.0 -9999.0
-9999.0 -9999.0 -9999.0 -9999.0 -9999.0 -9999.0 -9999.0 -9999.0 -4.984126 -2.358200 -0.491219 -5.416571 -2.455284 -1.802045 -0.274417 -0.008809 3.435864 4.661484 3.475534 5.188278 5.262591 5.671108 5.137889 4.718843 2.980085 0.506146 -0.081982 -2.016166 -1.177610 -0.641080 -1.046912 -0.372629 -0.030108 -0.689308 -0.737786 -0.261653 -0.012965 3.080725 0.180048 -0.061002 -1.225700 -1.081379 -2.463366 -1.896657 -2.167633 -2.809904 -2.526188 -2.196264 -2.187485 -1.306348 -0.020250 1.688673 -0.020486 -1.365738 -0.018945 0.822670 2.368214 3.804569 4.754585 4.524650 3.613172 1.973039 -9999.0
-9999.0 -9999.0 -9999.0 -9999.0 -9999.0 -9999.0 -9999.0 -9999.0 -4.971547 -1.829927 -2.594999 -1.595799 -0.419226 -0.136447 -0.022942 1.227062 1.922272 1.787510 0.260231 2.138116 4.177633 4.986988 5.305039 5.002596 2.420070 -0.017199 -1.123006 -0.122286 -0.025994 -0.546956 -0.252672 -0.020619 1.158384 -0.007087 -0.020372 -0.009562 1.455176 5.246756 4.760565 1.057211 -0.018812 -0.021218 -0.162978 -0.029210 -1.176205 -0.582244 -0.270583 -1.044883 -0.421084 -0.021747 0.497176 1.096736 1.443650 0.914632 1.453134 1.752580 2.518578 3.323818 3.925931 3.583113 3.278451 1.403266 -9999.0
-9999.0 -9999.0 -2.094486 -2.708891 -3.896677 -2.092348 -3.540626 -3.040565 -3.301659 -2.451014 -1.489507 -0.166655 -0.168385 -0.345076 0.122234 0.765442 -0.022993 -1.250951 -0.533517 -0.015941 2.023555 4.707333 4.032557 5.676807 3.064229 1.299105 -0.018649 -0.014697 1.496549 -0.007669 -0.024024 -0.006097 2.586322 2.332340 2.619009 3.747097 4.904637 7.587909 6.602430 3.823943 2.652593 2.627813 2.979923 1.400120 -0.017441 -0.021278 0.584753 0.968096 1.397370 2.342579 3.025594 2.832981 2.250681 1.799229 1.715265 2.992661 2.322686 2.707426 2.323639 2.593163 1.446928 0.668853 -9999.0
-9999.0 -0.645749 -1.017854 -1.309316 -1.942917 -0.980808 -3.540278 -3.493344 -4.470157 -3.466039 -2.613048 -0.883832 -0.025363 -0.034908 -0.017363 -0.293777 -1.569324 -2.423783 -1.161597 -0.021320 1.730242 3.390986 2.681805 3.789761 3.862844 2.721090 2.105152 2.363401 2.917579 1.896585 1.722970 1.737784 3.162811 4.796293 5.438331 6.601715 8.413078 10.617604 8.223584 6.722037 5.966015 5.773118 5.048762 4.021770 2.761089 3.044817 3.120930 5.222334 4.555657 5.099001 3.591562 2.836950 2.092078 1.353258 1.289317 0.850325 0.430189 0.768637 0.553299 -0.015788 -0.004613 0.463582 -9999.0
-9999.0 -0.128816 -0.855864 -0.278024 -0.076659 -0.984540 -2.551715 -3.994905 -3.595490 -3.720415 -3.142320 -1.267543 -0.010812 -0.016324 -0.068357 -3.761050 -3.308206 -2.769080 -0.765119 -0.107302 -0.005029 1.321935 2.184602 1.704011 3.415373 4.308970 5.012182 4.895669 4.255042 5.779001 6.050485 5.777256 4.894807 5.771933 7.216123 8.620404 11.335914 12.417580 11.010988 10.319097 9.278312 8.305121 7.295628 7.486473 7.505747 7.303490 5.758092 5.542911 5.019371 4.354488 2.768072 1.415282 0.527683 1.177423 0.414736 -0.038087 -0.207818 -0.105631 -0.055007 -0.078919 -0.041816 -9999.0 -9999.0
