user2019/resources/simulation/Vinschgau/output-maps/TL0002N0164.asc
ncols         63
nrows         48
xllcorner     598000.000000
yllcorner     5145000.000000
cellsize      1000.000000
NODATA_value  -9999.0
[rows 0 to 27 of 48, columns 0 to 61 of 63]
-9999.0 -9999.0 -9999.0 -9999.0 -9999.0 -9999.0 -9999.0 -9999.0 -9999.0 -9999.0 -9999.0 -9999.0 -9999.0 -9999.0 -9999.0 -9999.0 -9999.0 -9999.0 -9999.0 -9999.0 -9999.0 -9999.0 -9999.0 -9999.0 -9999.0 -9999.0 -9999.0 -9999.0 -9999.0 -9999.0 -9999.0 -9999.0 -9999.0 -9999.0 -9999.0 -9999.0 -9999.0 -9999.0 -9999.0 -9999.0 -9999.0 -9999.0 -9999.0 -9999.0 -9999.0 -9999.0 -9999.0 -9999.0 -9999.0 -9999.0 -9999.0 -9999.0 -9999.0 -9999.0 -9999.0 -9999.0 -9999.0 -9999.0 -9999.0 -9999.0 -9999.0 -9999.0
-9999.0 -9999.0 -9999.0 -9999.0 -9999.0 -9999.0 -9999.0 -9999.0 -9999.0 -9999.0 -9999.0 -9999.0 -9999.0 -9999.0 -9999.0 -9999.0 -9999.0 -9999.0 -9999.0 -9999.0 -9999.0 -9999.0 -9999.0 -9999.0 -9999.0 -9999.0 -9999.0 -3.223750 -3.687238 -4.510203 -4.382076 -5.237650 -5.536488 -9999.0 -9999.0 -9999.0 -9999.0 -9999.0 -9999.0 -9999.0 -9999.0 -9999.0 -9999.0 -9999.0 -9999.0 -9999.0 -9999.0 -9999.0 -9999.0 -9999.0 -9999.0 -9999.0 -9999.0 -9999.0 -9999.0 -9999.0 -9999.0 -9999.0 -9999.0 -9999.0 -9999.0 -9999.0
-9999.0 -9999.0 -9999.0 -9999.0 -9999.0 -9999.0 -9999.0 -9999.0 -9999.0 -9999.0 -9999.0 -9999.0 -9999.0 -9999.0 -9999.0 -9999.0 -9999.0 -9999.0 -9999.0 -9999.0 -9999.0 -9999.0 -9999.0 -9999.0 -1.960031 -2.677859 -3.942839 -3.957639 -3.646590 -4.318571 -3.694677 -9999.0 -9999.0 -9999.0 -9999.0 -9999.0 -9999.0 -9999.0 -9999.0 -9999.0 -9999.0 -9999.0 -9999.0 -9999.0 -9999.0 -9999.0 -9999.0 -9999.0 -9999.0 -9999.0 -9999.0 -9999.0 -9999.0 -9999.0 -9999.0 -9999.0 -9999.0 -9999.0 -9999.0 -9999.0 -9999.0 -9999.0
-9999.0 -9999.0 -9999.0 -9999.0 -9999.0 -9999.0 -9999.0 -9999.0 -9999.0 -9999.0 -9999.0 -9999.0 -9999.0 -9999.0 -9999.0 -9999.0 -9999.0 -9999.0 -9999.0 -9999.0 -9999.0 -9999.0 -9999.0 -2.211448 -2.394149 -0.777730 -0.815059 -1.750649 -2.511621 -5.337273 -4.710593 -2.665267 -9999.0 -9999.0 -9999.0 -9999.0 -9999.0 -9999.0 -9999.0 -9999.0 -9999.0 -9999.0 -9999.0 -9999.0 -9999.0 -9999.0 -9999.0 -9999.0 -9999.0 -9999.0 -9999.0 -9999.0 -9999.0 -9999.0 -9999.0 -9999.0 -9999.0 -9999.0 -9999.0 -9999.0 -9999.0 -9999.0
-9999.0 -9999.0 -9999.0 -9999.0 -9999.0 -9999.0 -9999.0 -9999.0 -9999.0 -9999.0 -9999.0 -9999.0 -9999.0 -9999.0 -9999.0 -9999.0 -9999.0 -9999.0 -0.809047 -1.451721 -9999.0 -1.862683 -2.047812 -0.711295 -1.059015 -8.759364 -2.801302 -2.754729 -2.574406 -2.608649 -5.479705 -4.286293 -5.579906 -6.235218 -9999.0 -9999.0 -9999.0 -9999.0 -9999.0 -9999.0 -9999.0 -9999.0 -9999.0 -9999.0 -9999.0 -9999.0 -9999.0 -9999.0 -9999.0 -9999.0 -9999.0 -9999.0 -9999.0 -9999.0 -9999.0 -9999.0 -9999.0 -9999.0 -9999.0 -9999.0 -9999.0 -9999.0
-9999.0 -9999.0 -9999.0 -9999.0 -9999.0 -9999.0 -9999.0 -9999.0 -9999.0 -9999.0 -9999.0 -9999.0 -9999.0 -9999.0 -9999.0 -9999.0 -9999.0 -4.184036 -7.330312 -4.406083 -3.107403 -1.434645 -2.477205 -3.922114 -2.541399 -3.846456 -2.312989 -2.091470 -2.923212 -2.712217 -2.558489 -5.256771 -5.872495 -6.230083 -4.981858 -6.333178 -9999.0 -9999.0 -9999.0 -9999.0 -9999.0 -9999.0 -9999.0 -9999.0 -9999.0 -9999.0 -9999.0 -9999.0 -9999.0 -9999.0 -9999.0 -9999.0 -9999.0 -9999.0 -9999.0 -9999.0 -9999.0 -9999.0 -9999.0 -9999.0 -9999.0 -9999.0
-9999.0 -9999.0 -9999.0 -9999.0 -9999.0 -9999.0 -9999.0 -9999.0 -9999.0 -9999.0 -9999.0 -9999.0 -9999.0 -1.983244 -1.820138 -2.541752 -3.551966 -5.746362 -4.786769 -3.369680 -1.379406 -1.287714 -5.604635 -3.206431 -4.256187 -3.039045 -3.798304 -2.521333 -3.216447 -2.021507 -2.379746 -3.588835 -4.418980 -6.657542 -7.072334 -7.073494 -9999.0 -9999.0 -9999.0 -9999.0 -9999.0 -9999.0 -9999.0 -9999.0 -9999.0 -9999.0 -9999.0 -9999.0 -9999.0 -9999.0 -9999.0 -9999.0 -9999.0 -9999.0 -9999.0 -9999.0 -9999.0 -9999.0 -9999.0 -9999.0 -9999.0 -9999.0
-9999.0 -9999.0 -9999.0 -9999.0 -9999.0 -9999.0 -9999.0 -9999.0 -9999.0 -9999.0 -9999.0 -9999.0 -9999.0 -2.006880 -0.723878 -1.691448 -1.661093 -1.893149 -6.303896 -8.758082 -9.535296 -4.544528 -3.076135 -2.873534 -2.591867 -2.679916 -4.016562 -5.517529 -5.764421 -3.733970 -2.199504 -6.340301 -7.056543 -7.558634 -7.529463 -9999.0 -9999.0 -9999.0 -9999.0 -9999.0 -9999.0 -9999.0 -9999.0 -9999.0 -9999.0 -9999.0 -9999.0 -9999.0 -9999.0 -9999.0 -9999.0 -9999.0 -9999.0 -9999.0 -9999.0 -9999.0 -9999.0 -9999.0 -9999.0 -9999.0 -9999.0 -9999.0
-9999.0 -9999.0 -9999.0 -9999.0 -9999.0 -9999.0 -9999.0 -9999.0 -9999.0 -9999.0 -9999.0 -9999.0 -9999.0 -1.623726 -0.884131 -0.639900 -1.477970 -2.441320 -6.166393 -4.534944 -2.569246 -4.503204 -2.675138 -2.103347 -2.081236 -1.786253 -4.004463 -5.584987 -4.051286 -6.374244 -5.998588 -7.237936 -7.277300 -7.749729 -7.834499 -9999.0 -9999.0 -9999.0 -9999.0 -9999.0 -9999.0 -9999.0 -9999.0 -9999.0 -9999.0 -9999.0 -9999.0 -9999.0 -9999.0 -9999.0 -9999.0 -9999.0 -9999.0 -9999.0 -9999.0 -9999.0 -9999.0 -9999.0 -9999.0 -9999.0 -9999.0 -9999.0
-9999.0 -9999.0 -9999.0 -9999.0 -9999.0 -9999.0 -9999.0 -9999.0 -9999.0 -9999.0 -9999.0 -9999.0 -2.026508 -0.835920 -0.611492 -3.181828 -0.609234 -1.902892 -3.286519 -7.260525 -2.835674 -2.281694 -2.365199 -1.917705 -1.650045 -5.176762 -2.021524 -2.670615 -4.505694 -5.868499 -6.113947 -5.239889 -6.159460 -7.075025 -9999.0 -9999.0 -9999.0 -9999.0 -9999.0 -9999.0 -9999.0 -9999.0 -9999.0 -9999.0 -9999.0 -9999.0 -9999.0 -9999.0 -9999.0 -9999.0 -9999.0 -9999.0 -9999.0 -9999.0 -9999.0 -9999.0 -9999.0 -9999.0 -9999.0 -9999.0 -9999.0 -9999.0
-9999.0 -9999.0 -9999.0 -9999.0 -9999.0 -9999.0 -9999.0 -9999.0 -9999.0 -9999.0 -9999.0 -1.740524 -1.980944 -0.582182 -2.322436 -1.990340 -4.354120 -1.853774 -3.339287 -6.917415 -5.054950 -0.983242 -2.312615 -3.940484 -2.627646 -2.666988 -5.324003 -2.595450 -3.164735 -6.400366 -4.244378 -5.527304 -5.822729 -7.877537 -8.440186 -10.268660 -12.008532 -13.297585 -13.522799 -9999.0 -9999.0 -9999.0 -8.293555 -9999.0 -9999.0 -9999.0 -9999.0 -9999.0 -9999.0 -9999.0 -9999.0 -9999.0 -9999.0 -9999.0 -9999.0 -9999.0 -9999.0 -9999.0 -9999.0 -9999.0 -9999.0 -9999.0
-9999.0 -9999.0 -9999.0 -9999.0 -9999.0 -9999.0 -9999.0 -9999.0 -9999.0 -9999.0 -9999.0 -1.920930 -1.955177 -2.172894 -1.842440 -2.993793 -2.426411 -3.790887 -3.294459 -2.199725 -1.087483 -0.662410 -2.037143 -2.194193 -2.212267 -3.599527 -3.421787 -3.603626 -3.479559 -5.648295 -5.214634 -6.363718 -7.486811 -6.203717 -9.043688 -10.869484 -13.419078 -11.333878 -12.895984 -15.147725 -14.033869 -11.085989 -9.169681 -7.055915 -9999.0 -9999.0 -9999.0 -0.360703 -1.293989 -1.248827 -1.088186 -1.149688 -1.092099 -0.122192 -0.117624 -1.014318 -9999.0 -9999.0 -9999.0 -9999.0 -9999.0 -9999.0
-9999.0 -9999.0 -9999.0 -9999.0 -9999.0 -9999.0 -9999.0 -9999.0 -9999.0 -9999.0 -9999.0 -1.845341 -1.788296 -3.978094 -1.398586 -3.093174 -2.479936 -3.357618 -4.281048 -3.623035 -2.501188 -2.504701 -2.458024 -2.172069 -4.189394 -4.155162 -2.861274 -3.622774 -4.921036 -3.901552 -5.795856 -5.921477 -6.730683 -7.396263 -9.553878 -13.859356 -10.505421 -7.546788 -8.286165 -12.002485 -14.404213 -13.020908 -9.387360 -8.152123 -4.282212 -9999.0 -3.258522 -1.473930 -1.465589 -1.041238 -1.556901 -1.417077 -0.157148 -0.063669 -0.050881 -0.103863 -9999.0 -9999.0 -9999.0 -9999.0 -9999.0 -9999.0
-9999.0 -9999.0 -9999.0 -9999.0 -9999.0 -9999.0 -9999.0 -9999.0 -9999.0 -9999.0 -9999.0 -9999.0 -1.786237 -1.601004 -0.713610 -1.906599 -2.399995 -3.073842 -3.651308 -3.964974 -4.214645 -2.598911 -2.926315 -2.662362 -3.468329 -2.427088 -0.874595 -4.669711 -3.835410 -3.917587 -3.982754 -5.749415 -6.563260 -6.859764 -8.827246 -12.126310 -11.133693 -8.854657 -8.156353 -11.903284 -14.467605 -14.020665 -11.797190 -3.921124 -6.443693 -2.167428 -1.872626 -1.333234 -1.430224 -2.336502 -1.389673 -1.096603 -0.473203 -0.315415 -1.220942 -1.163618 -0.194496 -9999.0 -9999.0 -9999.0 -9999.0 -9999.0
-9999.0 -9999.0 -9999.0 -9999.0 -9999.0 -9999.0 -9999.0 -9999.0 -9999.0 -9999.0 -9999.0 -1.407848 -1.730988 -2.175227 -2.308759 -2.246696 -2.447272 -3.084751 -1.509919 -5.253204 -5.463229 -1.144250 -2.383621 -2.959751 -2.353371 -2.601912 -2.093569 -4.426525 -3.605635 -4.229831 -4.813872 -5.273559 -4.658653 -6.367929 -9.030241 -11.377583 -15.242975 -10.764665 -7.082767 -11.278047 -13.752340 -12.993224 -12.348575 -10.845460 -3.839557 -2.222829 -1.996507 -2.510594 -1.616605 -5.271888 -2.371398 -1.938367 -1.305084 -3.025435 -2.059858 -2.840457 -1.022474 -9999.0 -9999.0 -9999.0 -9999.0 -9999.0
-9999.0 -9999.0 -9999.0 -9999.0 -9999.0 -9999.0 -9999.0 -9999.0 -9999.0 -9999.0 -0.977256 -2.074753 -1.211058 -1.901302 -0.517933 -3.019543 -2.622894 -2.669113 -2.609646 -3.963686 -3.468794 -1.225359 -2.883595 -0.867621 -3.507439 -1.606019 -3.353201 -5.330775 -2.406685 -2.514532 -3.512615 -3.605974 -4.396416 -6.472555 -8.765547 -9.760135 -13.096407 -11.909153 -9.809934 -9.135985 -9.542923 -13.171030 -11.132810 -7.668685 -5.485232 -5.924764 -1.987524 -4.849966 -3.370086 -3.152926 -2.226803 -2.874750 -2.654941 -3.057902 -2.597613 -0.060229 -0.114225 -9999.0 -9999.0 -9999.0 -9999.0 -9999.0
-9999.0 -9999.0 -9999.0 -9999.0 -9999.0 -9999.0 -9999.0 -9999.0 -9999.0 -1.993057 -0.968595 -1.110943 -2.892890 -1.975297 -0.739192 -2.077549 -1.972366 -0.717158 -6.381778 -6.251810 -4.467323 -5.364336 -4.793895 -7.152641 -1.805014 -3.932585 -4.514107 -2.733796 -3.838958 -4.216200 -8.140126 -5.264035 -6.809080 -7.195631 -7.422695 -8.675489 -8.641989 -10.324980 -10.417425 -11.448955 -10.366588 -7.308242 -7.004063 -8.130254 -11.167846 -6.961638 -2.728378 -4.354450 -3.088118 -2.207879 -2.430722 -1.145952 -3.280666 -1.695952 -1.059054 -1.100132 -0.132802 -0.851409 -0.952486 -9999.0 -9999.0 -9999.0
-9999.0 -9999.0 -9999.0 -9999.0 -9999.0 -9999.0 -9999.0 -9999.0 -9999.0 -2.224112 -1.751487 -1.969475 -1.316262 -3.208417 -2.285612 -1.862007 -0.274342 -3.817015 -8.505135 -5.835771 -5.681994 -10.099094 -2.063194 -2.023373 -3.487609 -2.876801 -3.539773 -4.815703 -8.954409 -3.177938 -4.376628 -6.092539 -4.747566 -3.865569 -6.000939 -7.807388 -8.613478 -8.503485 -7.780409 -6.354541 -3.058325 -5.799817 -5.430966 -7.745506 -6.774159 -9.633263 -10.053031 -8.683726 -3.372029 -3.759692 -1.586854 -1.370675 -1.532429 -1.187803 -2.493563 -0.342682 -0.137478 -0.324376 -0.959018 -9999.0 -9999.0 -9999.0
-9999.0 -9999.0 -9999.0 -9999.0 -9999.0 -9999.0 -9999.0 -9999.0 -9999.0 -9999.0 -1.720225 -1.951276 -2.190309 -3.699800 -3.458577 -2.163618 -1.694865 -2.870234 -6.576643 -7.599083 -3.529173 -4.743555 -1.757072 -2.335324 -2.873154 -4.974954 -10.506837 -11.083693 -3.431296 -3.126430 -3.841976 -2.362900 -4.393873 -4.800050 -4.622856 -4.002196 -3.604484 -5.740953 -6.868561 -6.265760 -6.527001 -2.933307 -4.309401 -3.006722 -5.780224 -7.734428 -5.729277 -2.789877 -9.452587 -6.696696 -2.463300 -1.481261 -1.187927 -1.292229 -1.252283 -1.354089 -1.224947 -2.278604 -1.429181 -0.620378 -9999.0 -9999.0
-9999.0 -9999.0 -9999.0 -9999.0 -9999.0 -9999.0 -9999.0 -9999.0 -9999.0 -9999.0 -1.769372 -1.844179 -1.844904 -2.080372 -3.270301 -4.709986 -4.159466 -4.916165 -6.132093 -5.349807 -9.096161 -7.829766 -4.799810 -3.970339 -4.009372 -11.061453 -9.214574 -3.971199 -3.047487 -4.862071 -4.585771 -1.999873 -5.192117 -4.583131 -4.730252 -3.920420 -5.986003 -5.767267 -6.012903 -4.326013 -2.095922 -2.579537 -2.029932 -3.880277 -1.013579 -1.805558 -2.045503 -4.370513 -8.062836 -9.498551 -5.684435 -1.553427 -1.094785 -1.142451 -1.150517 -1.134863 -1.291873 -0.186383 -8.093395 -3.945188 -9999.0 -9999.0
-9999.0 -9999.0 -9999.0 -9999.0 -9999.0 -9999.0 -9999.0 -9999.0 -1.251851 -1.788554 -2.660568 -1.903968 -1.998175 -2.001196 -2.360979 -5.338129 -9.169089 -8.949382 -4.318870 -4.390954 -6.853351 -8.217373 -10.490410 -8.047607 -8.695584 -8.824178 -3.315824 -3.126895 -2.187294 -3.354430 -5.790196 -4.104691 -3.162907 -2.566506 -1.674857 -5.196827 -1.906126 -4.667901 -5.450560 -2.644404 -3.923443 -2.746828 -4.397348 -4.774435 -1.563296 -1.599568 -2.758942 -1.304650 -4.028237 -7.086767 -3.122016 -2.062004 -0.881929 -1.207579 -1.186651 -0.138200 -1.028723 -0.225120 -3.290143 -8.356480 -9999.0 -9999.0
-9999.0 -9999.0 -9999.0 -9999.0 -9999.0 -9999.0 -9999.0 -9999.0 -2.643612 -2.003008 -3.225641 -3.285908 -2.156973 -2.326871 -2.210878 -3.011499 -2.003601 -3.192856 -6.285478 -4.062964 -5.855526 -6.733183 -9.044427 -10.800716 -8.590673 -7.963972 -4.079494 -2.912446 -4.289176 -1.818003 -1.659750 -3.713206 -1.629512 -1.927419 -1.657679 -1.968740 -2.389791 -2.915680 -3.684483 -1.528005 -2.852442 -4.943572 -4.011127 -1.437450 -2.070714 -1.501904 -3.015750 -2.246501 -1.907224 -3.492627 -8.938606 -2.464356 -1.387853 -0.133654 -2.030582 -3.007870 -2.327427 -2.903339 -10.214394 -3.969865 -3.838567 -9999.0
-9999.0 -9999.0 -9999.0 -9999.0 -9999.0 -9999.0 -9999.0 -9999.0 -2.227974 -1.945126 -1.753150 -2.811514 -2.055794 -3.372092 -0.807867 -3.899728 -10.309633 -7.807265 -6.336020 -6.088511 -3.969993 -6.397035 -7.217218 -6.003262 -6.193172 -6.978395 -4.276623 -2.932812 -5.973240 -3.278566 -3.370205 -2.307655 -3.267001 -4.364650 -1.200620 -2.070927 -1.661249 -4.345549 -2.704095 -1.605077 -1.372742 -1.299018 -0.913245 -1.444996 -1.564531 -1.507895 -1.292946 -0.200977 -1.541304 -2.947644 -7.302168 -5.826836 -2.715821 -2.284782 -5.138678 -4.230139 -9.819656 -8.922806 -6.936745 -5.140487 -3.844781 -9999.0
-9999.0 -9999.0 -9999.0 -9999.0 -9999.0 -9999.0 -9999.0 -9999.0 -4.567412 -1.819386 -0.808677 -4.294012 -0.523163 -0.687210 -3.426879 -9.412384 -7.412946 -6.289822 -8.121656 -5.648679 -6.231925 -4.082165 -4.598339 -5.096014 -2.734661 -1.765271 -1.546393 -3.879528 -1.086301 -2.961853 -3.502195 -3.089592 -3.104482 -2.972312 -2.230413 -1.656849 -1.896012 -2.504218 -3.607072 -2.270174 -1.459595 -1.420119 -1.331429 -2.516596 -0.793262 -1.385365 -0.750490 -1.410310 -0.831801 -2.997507 -1.478045 -8.382612 -9.908134 -2.294087 -10.541924 -10.034814 -8.289980 -7.255876 -4.650350 -3.927378 -6.055662 -0.753362
-9999.0 -9999.0 -9999.0 -9999.0 -9999.0 -9999.0 -9999.0 -9999.0 -1.798981 -1.853555 -0.674967 -2.090562 -2.187649 -5.974508 -4.665888 -8.845411 -4.260674 -5.403265 -2.975713 -3.904727 -7.121330 -4.350149 -4.505851 -7.367880 -6.384089 -1.231356 -3.093345 -2.248491 -4.846221 -2.642431 -2.334680 -0.812145 -8.204717 -2.052516 -3.320761 -2.524508 -2.282975 -1.812999 -5.744648 -2.149141 -3.190965 -3.067559 -2.478113 -3.183436 -2.432714 -1.594627 -2.969293 -2.830060 -2.624744 -6.987328 -9.464802 -10.874858 -8.861464 -9.398545 -8.924547 -7.650975 -5.219154 -4.742599 -5.512786 -7.643332 -8.175371 -0.629221
-9999.0 -9999.0 -1.961032 -1.728123 -1.695626 -2.023777 -1.949202 -2.056854 -1.733663 -1.604080 -2.117907 -2.805942 -3.179500 -2.395660 -8.965803 -3.330253 -4.572918 -2.180742 -2.043883 -1.714724 -3.723007 -6.449724 -4.602680 -7.877469 -7.983515 -9.499532 -5.898870 -5.697508 -10.332286 -2.455595 -2.952674 -0.830011 -2.831027 -5.398011 -5.467566 -4.416074 -5.474005 -4.110086 -4.386317 -2.539876 -3.049219 -5.749589 -7.197456 -3.203780 -2.418719 -2.507342 -6.377807 -3.970371 -9.962829 -7.245152 -8.004378 -6.324742 -5.405225 -5.765619 -5.918033 -7.181810 -7.781793 -7.527377 -8.587532 -7.537478 -0.716794 -0.240552
-9999.0 -1.980709 -2.128420 -1.985953 -2.010073 -1.209023 -1.820797 -1.620386 -1.564696 -1.548539 -1.770128 -0.647814 -2.124126 -1.406732 -1.237985 -1.429662 -2.069510 -1.731748 -0.907576 -2.901517 -4.436340 -8.697376 -7.828522 -5.863827 -7.510247 -8.933045 -8.991933 -8.719456 -8.715850 -8.501562 -9.578448 -6.706749 -4.370336 -7.196807 -7.690708 -7.183351 -7.884179 -7.838246 -5.971844 -5.656373 -7.625284 -8.982629 -8.902667 -5.993809 -7.462594 -10.336633 -7.455089 -6.352960 -6.980355 -6.846677 -4.582147 -5.086377 -8.257590 -8.804191 -8.895539 -6.296106 -1.934031 -1.848785 -0.784897 -0.584390 -0.199335 -0.196944
-9999.0 -2.091211 -1.281156 -0.761820 -0.734330 -1.128179 -2.174018 -2.244448 -1.767456 -2.128127 -1.922048 -0.764197 -3.063538 -0.998834 -3.088987 -1.943397 -1.550357 -2.072663 -0.887783 -3.277887 -0.974197 -2.594541 -9.409663 -8.664780 -8.188595 -5.123974 -5.298739 -4.240051 -4.107050 -6.795033 -5.805650 -6.406989 -7.524553 -6.883047 -6.393738 -6.018373 -5.583114 -5.406294 -5.415236 -5.539512 -5.592632 -5.386508 -7.252052 -5.745989 -5.218458 -4.971368 -3.265105 -3.206390 -3.785583 -4.127526 -6.573155 -6.100131 -1.996708 -6.519848 -3.818913 -0.712630 -0.705822 -0.615930 -0.370794 -0.147993 -0.107373 -9999.0
