user2019/resources/simulation/Vinschgau/output-maps/TL0001N0731.asc
ncols         63
nrows         48
xllcorner     598000.000000
yllcorner     5145000.000000
cellsize      1000.000000
NODATA_value  -9999.0
[rows 0 to 27 of 48, columns 0 to 62 of 63]
-9999.0 -9999.0 -9999.0 -9999.0 -9999.0 -9999.0 -9999.0 -9999.0 -9999.0 -9999.0 -9999.0 -9999.0 -9999.0 -9999.0 -9999.0 -9999.0 -9999.0 -9999.0 -9999.0 -9999.0 -9999.0 -9999.0 -9999.0 -9999.0 -9999.0 -9999.0 -9999.0 -9999.0 -9999.0 -9999.0 -9999.0 -9999.0 -9999.0 -9999.0 -9999.0 -9999.0 -9999.0 -9999.0 -9999.0 -9999.0 -9999.0 -9999.0 -9999.0 -9999.0 -9999.0 -9999.0 -9999.0 -9999.0 -9999.0 -9999.0 -9999.0 -9999.0 -9999.0 -9999.0 -9999.0 -9999.0 -9999.0 -9999.0 -9999.0 -9999.0 -9999.0 -9999.0 -9999.0
-9999.0 -9999.0 -9999.0 -9999.0 -9999.0 -9999.0 -9999.0 -9999.0 -9999.0 -9999.0 -9999.0 -9999.0 -9999.0 -9999.0 -9999.0 -9999.0 -9999.0 -9999.0 -9999.0 -9999.0 -9999.0 -9999.0 -9999.0 -9999.0 -9999.0 -9999.0 -9999.0 -1.574708 -0.376841 -0.925680 -0.724076 -1.184180 -0.689222 -9999.0 -9999.0 -9999.0 -9999.0 -9999.0 -9999.0 -9999.0 -9999.0 -9999.0 -9999.0 -9999.0 -9999.0 -9999.0 -9999.0 -9999.0 -9999.0 -9999.0 -9999.0 -9999.0 -9999.0 -9999.0 -9999.0 -9999.0 -9999.0 -9999.0 -9999.0 -9999.0 -9999.0 -9999.0 -9999.0
-9999.0 -9999.0 -9999.0 -9999.0 -9999.0 -9999.0 -9999.0 -9999.0 -9999.0 -9999.0 -9999.0 -9999.0 -9999.0 -9999.0 -9999.0 -9999.0 -9999.0 -9999.0 -9999.0 -9999.0 -9999.0 -9999.0 -9999.0 -9999.0 -0.079431 0.193451 0.002641 0.183374 -0.084183 -0.113273 -0.787381 -9999.0 -9999.0 -9999.0 -9999.0 -9999.0 -9999.0 -9999.0 -9999.0 -9999.0 -9999.0 -9999.0 -9999.0 -9999.0 -9999.0 -9999.0 -9999.0 -9999.0 -9999.0 -9999.0 -9999.0 -9999.0 -9999.0 -9999.0 -9999.0 -9999.0 -9999.0 -9999.0 -9999.0 -9999.0 -9999.0 -9999.0 -9999.0
-9999.0 -9999.0 -9999.0 -9999.0 -9999.0 -9999.0 -9999.0 -9999.0 -9999.0 -9999.0 -9999.0 -9999.0 -9999.0 -9999.0 -9999.0 -9999.0 -9999.0 -9999.0 -9999.0 -9999.0 -9999.0 -9999.0 -9999.0 0.185580 0.112837 2.181052 2.312003 2.373238 0.842804 0.493436 -0.185051 -0.876095 -9999.0 -9999.0 -9999.0 -9999.0 -9999.0 -9999.0 -9999.0 -9999.0 -9999.0 -9999.0 -9999.0 -9999.0 -9999.0 -9999.0 -9999.0 -9999.0 -9999.0 -9999.0 -9999.0 -9999.0 -9999.0 -9999.0 -9999.0 -9999.0 -9999.0 -9999.0 -9999.0 -9999.0 -9999.0 -9999.0 -9999.0
-9999.0 -9999.0 -9999.0 -9999.0 -9999.0 -9999.0 -9999.0 -9999.0 -9999.0 -9999.0 -9999.0 -9999.0 -9999.0 -9999.0 -9999.0 -9999.0 -9999.0 -9999.0 3.463588 1.062920 -9999.0 -0.049059 0.034504 1.992428 1.697127 2.996058 2.787764 2.741506 2.852166 1.195571 -0.154114 -0.721208 -2.264641 -1.177760 -9999.0 -9999.0 -9999.0 -9999.0 -9999.0 -9999.0 -9999.0 -9999.0 -9999.0 -9999.0 -9999.0 -9999.0 -9999.0 -9999.0 -9999.0 -9999.0 -9999.0 -9999.0 -9999.0 -9999.0 -9999.0 -9999.0 -9999.0 -9999.0 -9999.0 -9999.0 -9999.0 -9999.0 -9999.0
-9999.0 -9999.0 -9999.0 -9999.0 -9999.0 -9999.0 -9999.0 -9999.0 -9999.0 -9999.0 -9999.0 -9999.0 -9999.0 -9999.0 -9999.0 -9999.0 -9999.0 4.482975 2.694190 3.104091 1.816046 0.050560 1.183102 1.135943 3.811118 0.135970 -0.023986 -0.008056 -0.027577 0.976286 0.760757 -0.141678 -0.452692 -1.703899 -2.896822 -3.645412 -9999.0 -9999.0 -9999.0 -9999.0 -9999.0 -9999.0 -9999.0 -9999.0 -9999.0 -9999.0 -9999.0 -9999.0 -9999.0 -9999.0 -9999.0 -9999.0 -9999.0 -9999.0 -9999.0 -9999.0 -9999.0 -9999.0 -9999.0 -9999.0 -9999.0 -9999.0 -9999.0
-9999.0 -9999.0 -9999.0 -9999.0 -9999.0 -9999.0 -9999.0 -9999.0 -9999.0 -9999.0 -9999.0 -9999.0 -9999.0 0.110964 1.960103 2.433698 4.243512 7.781232 4.145102 2.569586 1.885639 1.907843 1.705742 3.741378 -0.003781 0.039426 -0.101826 -0.324925 -0.004558 -0.141733 -0.003128 -0.100623 -0.514929 -0.667012 -1.958083 -3.697196 -9999.0 -9999.0 -9999.0 -9999.0 -9999.0 -9999.0 -9999.0 -9999.0 -9999.0 -9999.0 -9999.0 -9999.0 -9999.0 -9999.0 -9999.0 -9999.0 -9999.0 -9999.0 -9999.0 -9999.0 -9999.0 -9999.0 -9999.0 -9999.0 -9999.0 -9999.0 -9999.0
-9999.0 -9999.0 -9999.0 -9999.0 -9999.0 -9999.0 -9999.0 -9999.0 -9999.0 -9999.0 -9999.0 -9999.0 -9999.0 1.287368 2.960340 3.134979 3.268025 6.101197 7.943789 4.236452 3.001987 3.323620 1.500243 0.632744 0.434619 -0.121003 -0.068399 -1.431639 -2.370746 -0.751016 -0.349531 -1.074966 -2.680372 -3.792292 -3.315937 -9999.0 -9999.0 -9999.0 -9999.0 -9999.0 -9999.0 -9999.0 -9999.0 -9999.0 -9999.0 -9999.0 -9999.0 -9999.0 -9999.0 -9999.0 -9999.0 -9999.0 -9999.0 -9999.0 -9999.0 -9999.0 -9999.0 -9999.0 -9999.0 -9999.0 -9999.0 -9999.0 -9999.0
-9999.0 -9999.0 -9999.0 -9999.0 -9999.0 -9999.0 -9999.0 -9999.0 -9999.0 -9999.0 -9999.0 -9999.0 -9999.0 2.776846 3.653342 3.792946 2.771390 3.506753 8.161247 3.795424 4.078383 1.673613 -0.273472 -0.022308 1.370826 -0.003705 -0.588246 -2.653379 -0.892691 -4.122250 -1.069265 -3.907431 -3.740956 -1.259988 -4.992361 -9999.0 -9999.0 -9999.0 -9999.0 -9999.0 -9999.0 -9999.0 -9999.0 -9999.0 -9999.0 -9999.0 -9999.0 -9999.0 -9999.0 -9999.0 -9999.0 -9999.0 -9999.0 -9999.0 -9999.0 -9999.0 -9999.0 -9999.0 -9999.0 -9999.0 -9999.0 -9999.0 -9999.0
-9999.0 -9999.0 -9999.0 -9999.0 -9999.0 -9999.0 -9999.0 -9999.0 -9999.0 -9999.0 -9999.0 -9999.0 1.673906 3.098804 3.283501 1.527561 1.024283 3.056036 6.833355 4.725353 2.171405 0.198748 -0.111593 -0.005862 -0.002172 -0.179302 -0.325299 -0.421604 -0.282130 -2.789697 -1.045285 -2.403793 -0.911148 -3.826399 -9999.0 -9999.0 -9999.0 -9999.0 -9999.0 -9999.0 -9999.0 -9999.0 -9999.0 -9999.0 -9999.0 -9999.0 -9999.0 -9999.0 -9999.0 -9999.0 -9999.0 -9999.0 -9999.0 -9999.0 -9999.0 -9999.0 -9999.0 -9999.0 -9999.0 -9999.0 -9999.0 -9999.0 -9999.0
-9999.0 -9999.0 -9999.0 -9999.0 -9999.0 -9999.0 -9999.0 -9999.0 -9999.0 -9999.0 -9999.0 0.107867 1.095788 2.239077 1.184203 1.092385 1.085119 2.854276 6.952387 3.429021 1.474877 1.859009 -0.055078 -0.099951 -0.057606 -0.347774 -1.651534 -0.584520 -0.254880 -3.561986 -2.589300 -0.278083 -1.843768 -2.999719 -2.684711 -1.804534 -0.187856 -0.104438 -0.081517 -9999.0 -9999.0 -9999.0 -3.230069 -9999.0 -9999.0 -9999.0 -9999.0 -9999.0 -9999.0 -9999.0 -9999.0 -9999.0 -9999.0 -9999.0 -9999.0 -9999.0 -9999.0 -9999.0 -9999.0 -9999.0 -9999.0 -9999.0 -9999.0
-9999.0 -9999.0 -9999.0 -9999.0 -9999.0 -9999.0 -9999.0 -9999.0 -9999.0 -9999.0 -9999.0 0.044740 0.913758 2.129492 1.859158 0.143342 3.808640 3.440436 6.926394 4.526299 3.542402 1.360892 -0.060473 -0.857148 -0.622880 -0.607770 -0.310163 -0.247214 -0.784235 -3.180727 -0.556121 -0.084377 -0.509378 -1.083324 -0.565402 -0.617892 0.711218 1.676584 0.532135 -0.820540 -0.674843 -1.252617 -0.697409 -2.187808 -9999.0 -9999.0 -9999.0 -2.208638 -1.691714 -2.522049 -1.071077 -3.102753 -3.350500 -2.093491 -2.005199 -3.710026 -9999.0 -9999.0 -9999.0 -9999.0 -9999.0 -9999.0 -9999.0
-9999.0 -9999.0 -9999.0 -9999.0 -9999.0 -9999.0 -9999.0 -9999.0 -9999.0 -9999.0 -9999.0 0.036088 0.033213 -0.004113 1.455548 1.101202 0.573223 1.712870 4.734169 5.616706 1.686344 -0.002678 -0.168972 -0.247273 -0.613765 -0.199294 -0.392574 -0.354382 -1.732500 -1.426151 -2.160187 -0.544416 -0.217234 -0.982075 -2.278181 -0.187750 -0.325488 -0.027022 2.763325 -0.146167 0.021617 -0.237146 -0.230300 -0.426844 -1.017866 -9999.0 -4.009447 -1.032300 -0.663847 -0.280695 -0.148743 -0.591452 -0.351218 -0.624031 -0.795339 -0.980733 -9999.0 -9999.0 -9999.0 -9999.0 -9999.0 -9999.0 -9999.0
-9999.0 -9999.0 -9999.0 -9999.0 -9999.0 -9999.0 -9999.0 -9999.0 -9999.0 -9999.0 -9999.0 -9999.0 0.055616 -0.125182 2.042399 1.033149 -0.003667 1.840376 5.299775 5.634905 1.417602 0.140573 -0.004385 -0.272534 -0.871291 -0.419206 1.158490 -0.480475 -0.738976 -2.202669 -0.649797 -0.392533 -0.236100 -0.802749 -1.276082 -0.571351 -0.106915 0.580934 4.212929 1.703667 1.633472 1.656766 -0.274794 -0.071015 -2.001019 -1.049695 -2.811871 -1.000154 -0.889542 -0.351499 0.010201 -0.506555 -0.315235 -0.795448 -0.900756 -1.274665 -0.960509 -9999.0 -9999.0 -9999.0 -9999.0 -9999.0 -9999.0
-9999.0 -9999.0 -9999.0 -9999.0 -9999.0 -9999.0 -9999.0 -9999.0 -9999.0 -9999.0 -9999.0 -0.353191 -0.259369 0.048672 -0.012510 -0.006217 0.660436 0.639278 4.709406 3.305367 1.628690 -0.003748 -0.002670 -0.089363 -0.390598 -0.057980 -0.337156 -0.788137 -0.228191 -1.049824 -0.402730 -0.161977 0.033400 -0.771471 -1.891487 -0.649149 -0.139850 -0.038497 1.545823 3.414864 -0.118915 0.151963 -0.003543 -0.356389 0.754889 -0.373272 -0.340536 -1.247859 -0.769830 -0.003794 -2.951771 -0.755654 -1.146172 -3.851679 -3.324655 -0.350499 -2.267450 -9999.0 -9999.0 -9999.0 -9999.0 -9999.0 -9999.0
-9999.0 -9999.0 -9999.0 -9999.0 -9999.0 -9999.0 -9999.0 -9999.0 -9999.0 -9999.0 0.376581 -0.286433 -0.050338 0.062572 0.741946 0.569656 0.163967 -0.003176 2.729525 3.032115 3.625262 2.353260 -0.087592 1.625886 -0.003836 -0.006749 -0.797834 -3.604007 -0.181357 -0.080120 -0.007961 -0.199045 -0.160570 -0.778336 -2.446539 -2.059715 -0.219717 -0.360626 -0.051209 0.547528 0.606733 1.424394 3.572965 0.260468 -0.132730 -0.095550 -0.314670 -0.224384 -0.006593 -0.004935 -3.539451 -3.313172 -3.932700 -1.312915 -3.724225 -0.802147 -0.757752 -9999.0 -9999.0 -9999.0 -9999.0 -9999.0 -9999.0
-9999.0 -9999.0 -9999.0 -9999.0 -9999.0 -9999.0 -9999.0 -9999.0 -9999.0 -0.562791 -0.088964 -0.252038 -0.007423 -0.066457 -0.061066 -0.110868 -0.034759 2.619162 2.490226 3.321650 3.900460 0.466532 0.164752 1.434880 0.720981 -0.363322 -0.230801 -0.072520 -0.058388 0.138707 0.191500 -1.445098 -2.143725 -4.913847 -2.824492 -1.981310 -0.353435 -0.644719 -0.524318 -0.129656 -0.302444 -0.071376 -0.080938 1.286234 0.242637 0.017095 1.627229 -0.012969 -0.023993 1.428962 -0.451012 -2.409801 -3.001144 -4.606064 -3.561624 -1.038048 -0.902938 -1.490932 -2.777504 -9999.0 -9999.0 -9999.0 -9999.0
-9999.0 -9999.0 -9999.0 -9999.0 -9999.0 -9999.0 -9999.0 -9999.0 -9999.0 -0.596367 -0.569699 -0.127602 2.383825 0.076035 -0.005353 -0.055622 1.494088 1.246107 2.996671 5.733030 5.439953 4.917611 3.191443 1.272140 -0.267829 -0.100217 -0.006845 0.342774 0.645435 0.997657 0.560685 -1.768440 -0.556994 -0.961165 -0.707796 -0.287397 -0.242445 -0.732862 -0.198669 -0.086485 -0.386025 -0.175403 -0.007967 0.422255 1.775423 1.884718 1.524291 0.721176 -0.002868 0.379334 -2.214352 -2.362727 -4.393762 -2.471892 -2.298772 -1.976804 -0.863966 -0.429303 -0.855559 -9999.0 -9999.0 -9999.0 -9999.0
-9999.0 -9999.0 -9999.0 -9999.0 -9999.0 -9999.0 -9999.0 -9999.0 -9999.0 -9999.0 -0.690635 -0.121761 -0.116739 -0.003428 0.606463 -0.003657 0.303653 2.043956 3.614245 4.787750 4.166556 1.528697 -0.005839 -0.232966 -0.090132 0.267822 -0.002567 1.012759 0.628461 -1.157549 -1.636415 -0.339208 -1.560778 -0.868117 -0.235353 -0.006872 1.043436 0.083855 -0.234862 -0.638315 -0.298975 -0.112102 1.052057 -0.138986 -0.157989 -0.114768 0.137637 3.673584 3.250493 0.058325 -1.481088 -0.813440 -3.439386 -4.266859 -2.472660 -1.617315 -0.493761 0.056574 0.231221 0.451509 -9999.0 -9999.0 -9999.0
-9999.0 -9999.0 -9999.0 -9999.0 -9999.0 -9999.0 -9999.0 -9999.0 -9999.0 -9999.0 -0.741667 -0.460142 -0.147085 -0.065913 3.662873 0.216151 0.080574 2.043471 4.160402 5.240452 2.895902 0.833815 -0.008388 -0.004503 0.050863 1.658227 1.634797 -0.009111 -1.015643 -1.593306 -0.657570 -0.158644 -3.101143 -1.482501 -0.644121 -0.039546 -0.110134 -0.048400 -0.808032 -0.814276 -0.583261 -0.099373 -0.326000 -0.352127 -0.064771 -0.828162 -0.036789 -0.196617 1.112856 2.943583 -0.003523 -0.429887 -1.124040 -3.045587 -3.158378 -2.399240 -1.833289 -0.207725 0.882749 2.763821 -9999.0 -9999.0 -9999.0
-9999.0 -9999.0 -9999.0 -9999.0 -9999.0 -9999.0 -9999.0 -9999.0 -0.184988 -0.202771 -0.243437 -0.305372 -0.335011 -0.320122 -0.522840 1.645213 1.891393 5.623083 5.512669 5.572478 4.517033 3.024673 2.126286 0.435304 1.281635 1.594731 2.959185 -0.845296 -0.590677 -1.010685 -3.036319 -0.643302 -0.630603 -0.932189 -0.502349 -0.395171 0.047948 -0.003166 -1.371599 -0.547623 -1.328164 -0.120826 -2.950584 -1.862448 0.425288 0.202904 -0.938144 -0.260384 -0.136143 3.364265 0.144175 -0.815865 -0.949718 -2.523954 -2.456592 -0.891081 -1.419309 1.320720 0.518927 3.131480 -9999.0 -9999.0 -9999.0
-9999.0 -9999.0 -9999.0 -9999.0 -9999.0 -9999.0 -9999.0 -9999.0 -1.083207 -0.378297 -0.934426 -1.015587 -0.550295 -0.219963 -0.129350 -0.002737 1.160850 1.646959 4.337383 5.984741 7.999690 7.252906 6.205282 5.062057 2.510411 2.200270 0.258050 -0.041914 -2.989855 -0.815225 -0.983753 -1.620829 -0.298284 -1.615352 -0.233251 -0.154369 1.480772 0.091788 -0.153277 -0.216459 -0.651247 -0.760375 -1.711595 -0.211147 0.141990 -0.355533 -3.247463 -0.455215 -0.100902 0.615456 2.952220 -0.005821 -2.435628 -1.040993 -0.251532 -1.047252 -0.008171 -0.009531 2.876686 6.079788 6.545374 -9999.0 -9999.0
-9999.0 -9999.0 -9999.0 -9999.0 -9999.0 -9999.0 -9999.0 -9999.0 -0.644692 -0.059439 -0.194117 -1.347228 -0.195567 -2.714525 -0.074445 -0.104052 0.158934 2.042703 4.678069 7.909231 6.388590 7.751055 7.348447 5.203396 6.192533 2.241576 0.063464 -1.018233 -2.382154 -0.346115 -1.267555 -0.054409 -0.819679 -0.603193 -0.047813 1.789744 -0.002105 1.796318 -0.347851 -0.275462 -0.226336 -1.324320 -0.223517 -0.102837 -0.712892 -0.343427 -0.418042 -0.611670 -0.825414 -0.156775 2.097594 0.134448 -1.465533 -0.893583 -0.004910 -0.005649 0.805606 2.915151 4.819311 5.529578 6.490958 -9999.0 -9999.0
-9999.0 -9999.0 -9999.0 -9999.0 -9999.0 -9999.0 -9999.0 -9999.0 -3.173412 -0.224684 -0.303187 -3.340251 -0.256226 -0.408839 -0.749946 0.175074 3.109952 4.505814 5.364116 5.062624 5.923983 6.380988 7.710743 7.161080 3.178862 0.879457 -0.030862 -0.323055 0.770066 -0.170089 -0.311332 -0.158838 0.105420 0.469761 -0.143140 1.585666 3.004378 2.497794 0.185653 -0.009874 0.019943 -0.057925 -0.060738 0.868012 -0.062478 -0.240151 -0.193357 -0.442641 -0.067923 -0.016265 -0.004840 1.679646 0.322554 0.310813 1.473119 2.320775 3.792388 3.736244 5.038783 6.308300 4.659255 1.815836 -9999.0
-9999.0 -9999.0 -9999.0 -9999.0 -9999.0 -9999.0 -9999.0 -9999.0 -0.635082 -0.322545 -0.201877 -1.066148 -0.763117 -0.358466 2.441783 2.615622 4.337235 1.982671 0.632297 1.973437 4.186547 5.993294 6.173557 5.980048 5.039346 0.327808 -0.133571 0.094961 0.897958 0.667709 -0.065313 0.467328 1.281230 1.187693 0.532567 1.592927 2.731290 3.903020 2.855683 2.062231 1.132283 0.520293 0.874500 0.124773 -0.059890 0.674765 -0.102492 0.114835 -0.002959 0.301232 2.535870 1.617164 1.422184 2.808864 3.370353 3.706573 4.728666 5.316445 5.043971 4.510148 2.159157 0.827024 -9999.0
-9999.0 -9999.0 -0.172679 -0.250629 -0.688754 -0.131473 -0.384008 -0.904214 -0.832260 -0.631824 -0.363844 -0.276430 -0.332614 1.306131 4.481506 2.846846 -0.277909 -0.216129 -0.063233 0.158336 1.944496 4.285160 5.686111 5.786573 4.472793 1.499725 0.209551 0.332275 1.223411 2.852157 -0.003465 0.466598 4.359207 1.311493 3.238771 3.368161 5.729216 5.605853 4.128788 3.242334 3.719586 3.195360 1.876843 2.178514 0.139814 0.903760 0.882735 0.463741 3.129638 3.957413 4.843590 4.965153 4.473077 4.100145 3.962411 5.869598 3.826003 3.998409 1.948863 1.747568 2.038417 0.254537 -9999.0
-9999.0 -0.063431 -0.353344 -0.374211 -0.641308 -0.344961 -0.453030 -0.966456 -1.765124 -0.858473 -0.799552 -0.859547 0.345544 3.119226 3.448175 -0.689541 -0.365039 -0.314026 -0.072516 -0.001998 1.999319 3.096940 5.168400 4.017497 6.529907 4.268954 5.222367 5.429293 4.367498 3.630782 3.448393 2.061154 2.627635 6.201065 6.162748 7.597637 8.780680 8.876129 8.188416 7.747802 6.962170 6.016124 5.367448 2.791936 1.979274 2.978200 4.851143 4.534350 5.964288 4.171118 5.351228 4.774341 3.563906 3.028829 2.975177 2.237322 0.772497 0.993543 0.954577 1.225750 -0.004740 0.095625 -9999.0
-9999.0 0.237218 -0.057877 -0.004001 1.918001 -0.131506 -0.661545 -0.483530 -0.250480 -0.263615 -0.687623 -0.950720 0.280595 3.510185 -0.192936 -1.412174 -0.931197 -0.222733 -0.140535 -0.105217 1.664212 1.249588 1.345840 1.668516 6.237027 7.156438 5.169954 5.848709 5.843886 4.954504 5.723266 5.283355 5.316982 6.065841 8.185104 8.431345 11.322494 13.828263 10.203188 10.447833 8.787694 8.106977 7.062760 6.746338 7.156311 6.612051 7.241499 7.018732 6.364855 5.920198 3.775536 0.937882 0.774257 0.989355 0.727453 -0.282506 -0.116784 -0.331881 -0.320141 -0.545716 -0.325303 -9999.0 -9999.0
