user2019/resources/simulation/Vinschgau/output-maps/TL0003N0551.asc
ncols         63
nrows         48
xllcorner     598000.000000
yllcorner     5145000.000000
cellsize      1000.000000
NODATA_value  -9999.0
[rows 0 to 27 of 48, columns 0 to 62 of 63]
-9999.0 -9999.0 -9999.0 -9999.0 -9999.0 -9999.0 -9999.0 -9999.0 -9999.0 -9999.0 -9999.0 -9999.0 -9999.0 -9999.0 -9999.0 -9999.0 -9999.0 -9999.0 -9999.0 -9999.0 -9999.0 -9999.0 -9999.0 -9999.0 -9999.0 -9999.0 -9999.0 -9999.0 -9999.0 -9999.0 -9999.0 -9999.0 -9999.0 -9999.0 -9999.0 -9999.0 -9999.0 -9999.0 -9999.0 -9999.0 -9999.0 -9999.0 -9999.0 -9999.0 -9999.0 -9999.0 -9999.0 -9999.0 -9999.0 -9999.0 -9999.0 -9999.0 -9999.0 -9999.0 -9999.0 -9999.0 -9999.0 -9999.0 -9999.0 -9999.0 -9999.0 -9999.0 -9999.0
-9999.0 -9999.0 -9999.0 -9999.0 -9999.0 -9999.0 -9999.0 -9999.0 -9999.0 -9999.0 -9999.0 -9999.0 -9999.0 -9999.0 -9999.0 -9999.0 -9999.0 -9999.0 -9999.0 -9999.0 -9999.0 -9999.0 -9999.0 -9999.0 -9999.0 -9999.0 -9999.0 10.782067 11.048504 10.873550 10.121594 9.546434 9.712908 -9999.0 -9999.0 -9999.0 -9999.0 -9999.0 -9999.0 -9999.0 -9999.0 -9999.0 -9999.0 -9999.0 -9999.0 -9999.0 -9999.0 -9999.0 -9999.0 -9999.0 -9999.0 -9999.0 -9999.0 -9999.0 -9999.0 -9999.0 -9999.0 -9999.0 -9999.0 -9999.0 -9999.0 -9999.0 -9999.0
-9999.0 -9999.0 -9999.0 -9999.0 -9999.0 -9999.0 -9999.0 -9999.0 -9999.0 -9999.0 -9999.0 -9999.0 -9999.0 -9999.0 -9999.0 -9999.0 -9999.0 -9999.0 -9999.0 -9999.0 -9999.0 -9999.0 -9999.0 -9999.0 11.506814 11.938377 12.086623 11.738955 11.741002 11.353305 9.754447 -9999.0 -9999.0 -9999.0 -9999.0 -9999.0 -9999.0 -9999.0 -9999.0 -9999.0 -9999.0 -9999.0 -9999.0 -9999.0 -9999.0 -9999.0 -9999.0 -9999.0 -9999.0 -9999.0 -9999.0 -9999.0 -9999.0 -9999.0 -9999.0 -9999.0 -9999.0 -9999.0 -9999.0 -9999.0 -9999.0 -9999.0 -9999.0
-9999.0 -9999.0 -9999.0 -9999.0 -9999.0 -9999.0 -9999.0 -9999.0 -9999.0 -9999.0 -9999.0 -9999.0 -9999.0 -9999.0 -9999.0 -9999.0 -9999.0 -9999.0 -9999.0 -9999.0 -9999.0 -9999.0 -9999.0 11.768809 12.625170 11.569338 11.823619 11.887963 10.965786 13.651829 10.184260 9.332217 -9999.0 -9999.0 -9999.0 -9999.0 -9999.0 -9999.0 -9999.0 -9999.0 -9999.0 -9999.0 -9999.0 -9999.0 -9999.0 -9999.0 -9999.0 -9999.0 -9999.0 -9999.0 -9999.0 -9999.0 -9999.0 -9999.0 -9999.0 -9999.0 -9999.0 -9999.0 -9999.0 -9999.0 -9999.0 -9999.0 -9999.0
-9999.0 -9999.0 -9999.0 -9999.0 -9999.0 -9999.0 -9999.0 -9999.0 -9999.0 -9999.0 -9999.0 -9999.0 -9999.0 -9999.0 -9999.0 -9999.0 -9999.0 -9999.0 13.625349 11.426478 -9999.0 11.678113 12.346627 11.478662 11.842197 13.174204 15.106607 15.069902 12.928487 11.486141 11.387997 10.267363 9.301141 6.693581 -9999.0 -9999.0 -9999.0 -9999.0 -9999.0 -9999.0 -9999.0 -9999.0 -9999.0 -9999.0 -9999.0 -9999.0 -9999.0 -9999.0 -9999.0 -9999.0 -9999.0 -9999.0 -9999.0 -9999.0 -9999.0 -9999.0 -9999.0 -9999.0 -9999.0 -9999.0 -9999.0 -9999.0 -9999.0
-9999.0 -9999.0 -9999.0 -9999.0 -9999.0 -9999.0 -9999.0 -9999.0 -9999.0 -9999.0 -9999.0 -9999.0 -9999.0 -9999.0 -9999.0 -9999.0 -9999.0 10.822664 9.301178 9.169717 11.649155 9.386017 10.493278 11.835828 16.296956 8.185481 7.014403 9.872139 7.273967 10.368841 12.372238 11.007284 10.731432 10.018006 7.578189 6.583023 -9999.0 -9999.0 -9999.0 -9999.0 -9999.0 -9999.0 -9999.0 -9999.0 -9999.0 -9999.0 -9999.0 -9999.0 -9999.0 -9999.0 -9999.0 -9999.0 -9999.0 -9999.0 -9999.0 -9999.0 -9999.0 -9999.0 -9999.0 -9999.0 -9999.0 -9999.0 -9999.0
-9999.0 -9999.0 -9999.0 -9999.0 -9999.0 -9999.0 -9999.0 -9999.0 -9999.0 -9999.0 -9999.0 -9999.0 -9999.0 11.410828 9.953539 8.703857 10.018659 21.695947 10.595754 11.349257 11.707253 12.477758 13.580195 16.371541 7.964108 11.277741 6.424231 9.138904 9.003247 9.501559 7.641518 10.474017 9.925968 8.849844 8.649075 6.117961 -9999.0 -9999.0 -9999.0 -9999.0 -9999.0 -9999.0 -9999.0 -9999.0 -9999.0 -9999.0 -9999.0 -9999.0 -9999.0 -9999.0 -9999.0 -9999.0 -9999.0 -9999.0 -9999.0 -9999.0 -9999.0 -9999.0 -9999.0 -9999.0 -9999.0 -9999.0 -9999.0
-9999.0 -9999.0 -9999.0 -9999.0 -9999.0 -9999.0 -9999.0 -9999.0 -9999.0 -9999.0 -9999.0 -9999.0 -9999.0 11.934675 10.765541 8.840891 8.633552 17.714249 21.668948 13.726997 10.427358 14.989541 9.303732 8.624551 11.071329 9.930926 10.860771 10.151287 9.584963 7.528427 6.685956 8.901246 8.503316 5.675240 6.014282 -9999.0 -9999.0 -9999.0 -9999.0 -9999.0 -9999.0 -9999.0 -9999.0 -9999.0 -9999.0 -9999.0 -9999.0 -9999.0 -9999.0 -9999.0 -9999.0 -9999.0 -9999.0 -9999.0 -9999.0 -9999.0 -9999.0 -9999.0 -9999.0 -9999.0 -9999.0 -9999.0 -9999.0
-9999.0 -9999.0 -9999.0 -9999.0 -9999.0 -9999.0 -9999.0 -9999.0 -9999.0 -9999.0 -9999.0 -9999.0 -9999.0 10.007760 12.917004 10.974420 7.931747 9.137350 21.645809 10.305711 14.117530 8.600391 7.756232 7.184427 10.681225 9.834875 11.392404 8.960023 9.859104 8.949347 8.924825 5.460940 5.493460 -0.767069 5.323418 -9999.0 -9999.0 -9999.0 -9999.0 -9999.0 -9999.0 -9999.0 -9999.0 -9999.0 -9999.0 -9999.0 -9999.0 -9999.0 -9999.0 -9999.0 -9999.0 -9999.0 -9999.0 -9999.0 -9999.0 -9999.0 -9999.0 -9999.0 -9999.0 -9999.0 -9999.0 -9999.0 -9999.0
-9999.0 -9999.0 -9999.0 -9999.0 -9999.0 -9999.0 -9999.0 -9999.0 -9999.0 -9999.0 -9999.0 -9999.0 9.516655 12.255322 10.468494 8.830950 6.365365 8.282590 18.163242 10.719034 10.961875 8.361966 7.856339 8.534187 8.457224 9.787463 6.807857 10.124981 10.870332 8.707491 6.234653 8.997167 8.502352 5.178089 -9999.0 -9999.0 -9999.0 -9999.0 -9999.0 -9999.0 -9999.0 -9999.0 -9999.0 -9999.0 -9999.0 -9999.0 -9999.0 -9999.0 -9999.0 -9999.0 -9999.0 -9999.0 -9999.0 -9999.0 -9999.0 -9999.0 -9999.0 -9999.0 -9999.0 -9999.0 -9999.0 -9999.0 -9999.0
-9999.0 -9999.0 -9999.0 -9999.0 -9999.0 -9999.0 -9999.0 -9999.0 -9999.0 -9999.0 -9999.0 11.147507 7.972550 8.038461 8.167389 10.554247 6.547050 7.671516 17.958090 10.515626 8.262998 10.890174 11.696349 10.990292 8.162457 10.961185 8.877794 11.227409 10.506521 6.468313 8.723122 10.786416 9.565691 6.569738 6.958676 9.547458 12.835061 14.425591 14.510062 -9999.0 -9999.0 -9999.0 7.030582 -9999.0 -9999.0 -9999.0 -9999.0 -9999.0 -9999.0 -9999.0 -9999.0 -9999.0 -9999.0 -9999.0 -9999.0 -9999.0 -9999.0 -9999.0 -9999.0 -9999.0 -9999.0 -9999.0 -9999.0
-9999.0 -9999.0 -9999.0 -9999.0 -9999.0 -9999.0 -9999.0 -9999.0 -9999.0 -9999.0 -9999.0 10.251153 7.726194 7.786379 8.796706 9.382107 9.741315 8.634331 17.877214 14.363966 14.592495 12.996851 11.837119 1.396983 1.236627 10.953232 10.977361 11.863798 10.869377 6.550548 10.910689 10.814291 9.440624 7.590068 8.124885 12.918339 15.975533 17.668151 16.100682 10.357257 10.299028 7.267445 12.191384 9.304274 -9999.0 -9999.0 -9999.0 6.356615 7.473031 10.427942 10.479453 8.845060 7.894522 7.372303 7.581027 7.487759 -9999.0 -9999.0 -9999.0 -9999.0 -9999.0 -9999.0 -9999.0
-9999.0 -9999.0 -9999.0 -9999.0 -9999.0 -9999.0 -9999.0 -9999.0 -9999.0 -9999.0 -9999.0 10.759191 10.349759 4.912969 10.630193 10.507830 3.108763 5.995472 14.569838 16.056665 8.082661 8.402536 1.196151 11.799167 10.764560 11.339821 1.316939 6.700071 10.381267 7.860964 10.070351 5.822939 13.385742 9.734370 9.301039 14.785265 9.161989 10.846509 20.682868 15.075222 15.293118 12.403470 13.842374 12.804864 8.316893 -9999.0 6.804379 9.455634 11.114985 11.926822 12.352095 12.304628 11.975691 11.623059 11.593883 11.244084 -9999.0 -9999.0 -9999.0 -9999.0 -9999.0 -9999.0 -9999.0
-9999.0 -9999.0 -9999.0 -9999.0 -9999.0 -9999.0 -9999.0 -9999.0 -9999.0 -9999.0 -9999.0 -9999.0 10.716046 2.749083 10.917766 10.988852 3.916999 6.001620 15.652326 16.271922 8.370628 9.156909 8.874167 7.647276 2.044748 2.443595 13.304099 10.872079 10.562163 10.351070 11.172385 6.299956 13.439762 11.626785 10.424715 13.582076 8.346972 11.496873 22.156896 17.127155 16.858108 17.450113 8.181114 14.245572 10.065015 8.693545 7.819516 10.269489 6.110846 7.746037 9.385592 7.123862 8.014663 7.061524 6.516707 10.860427 11.374751 -9999.0 -9999.0 -9999.0 -9999.0 -9999.0 -9999.0
-9999.0 -9999.0 -9999.0 -9999.0 -9999.0 -9999.0 -9999.0 -9999.0 -9999.0 -9999.0 -9999.0 3.034350 9.957036 11.051982 3.988057 3.421897 7.638433 6.324388 15.964269 9.885518 8.973609 7.596776 8.945765 6.966645 3.349678 9.005130 7.709609 10.216040 11.097761 11.556327 7.076050 7.361060 13.673485 11.586211 7.855866 12.742751 13.907958 10.206045 11.913869 20.294185 9.597385 10.709068 10.022762 7.949870 14.899170 10.091701 11.258326 11.440872 12.138341 9.624298 6.110505 10.553123 2.242873 3.242207 3.541968 9.770585 11.465154 -9999.0 -9999.0 -9999.0 -9999.0 -9999.0 -9999.0
-9999.0 -9999.0 -9999.0 -9999.0 -9999.0 -9999.0 -9999.0 -9999.0 -9999.0 -9999.0 12.140300 1.544490 11.577592 11.468750 12.172326 8.156013 7.841517 6.521747 9.447119 10.236525 15.297799 13.892893 6.319255 14.159041 9.671361 8.661453 0.889953 4.248194 12.465383 12.835451 8.406054 7.468138 11.147625 9.416503 6.523054 9.619247 14.913821 8.503422 7.736749 11.460570 11.719981 11.969637 19.480882 8.553676 8.514655 10.842729 11.595659 7.712989 8.598232 9.301383 5.758817 10.540299 3.313398 8.870690 9.979990 12.144319 11.813837 -9999.0 -9999.0 -9999.0 -9999.0 -9999.0 -9999.0
-9999.0 -9999.0 -9999.0 -9999.0 -9999.0 -9999.0 -9999.0 -9999.0 -9999.0 11.011099 11.630673 1.175680 7.792505 6.334455 1.009156 7.365992 1.997481 14.226908 9.874198 10.735322 17.065478 8.743426 8.282879 11.417636 10.214326 0.775160 2.028221 13.193903 9.102253 10.246637 9.986676 4.511503 9.335010 6.933137 7.359097 9.660303 12.828362 6.935716 7.487717 8.469899 7.690386 6.597941 6.437971 9.428048 8.517840 8.922372 16.041069 8.467165 8.846273 10.296478 7.359790 10.711277 7.255782 7.478037 10.969185 0.458325 1.642574 12.007795 11.640018 -9999.0 -9999.0 -9999.0 -9999.0
-9999.0 -9999.0 -9999.0 -9999.0 -9999.0 -9999.0 -9999.0 -9999.0 -9999.0 10.852007 11.000231 11.707716 14.292159 8.734299 7.689389 5.559141 13.608291 10.062493 10.748068 18.556072 18.295323 18.070664 15.722800 13.899331 6.388793 0.949909 8.953719 10.557579 11.586269 13.994279 12.416407 4.558594 10.688319 9.520403 10.884743 10.725919 10.800845 11.555969 12.267148 14.147042 7.083357 3.417375 8.739140 10.302197 9.551005 12.079509 11.851407 11.067046 10.561664 10.313521 5.006745 3.759933 9.510444 10.474956 11.170600 0.633274 8.639042 9.138767 13.095651 -9999.0 -9999.0 -9999.0 -9999.0
-9999.0 -9999.0 -9999.0 -9999.0 -9999.0 -9999.0 -9999.0 -9999.0 -9999.0 -9999.0 11.207962 12.174509 8.487631 7.462104 10.019547 8.562324 9.402099 11.855153 11.649642 13.935327 17.698844 10.129761 8.300946 7.282102 8.633565 10.505376 11.599539 11.897596 12.747216 5.589592 5.070269 7.233372 2.329539 10.152843 11.742353 12.366034 14.692980 14.323191 10.341385 10.083320 9.384282 14.678904 12.932212 8.350998 7.321805 7.770449 8.739156 16.114088 12.848861 10.216291 6.173327 8.013833 11.028676 10.666187 10.118655 11.692966 13.037931 11.108517 11.290705 11.418626 -9999.0 -9999.0 -9999.0
-9999.0 -9999.0 -9999.0 -9999.0 -9999.0 -9999.0 -9999.0 -9999.0 -9999.0 -9999.0 11.305057 11.747761 12.187608 9.138205 16.636348 8.631636 8.500142 10.215521 12.390629 14.267820 10.931070 9.492667 8.293145 9.571246 10.457208 12.141195 12.724798 8.307898 6.228558 3.004015 10.855271 12.037668 5.765429 9.286044 10.466036 11.559418 8.079594 8.381299 5.666621 9.684390 10.949978 12.196367 6.641328 11.266422 12.302516 5.673037 8.576993 7.294854 10.639715 13.073418 10.731880 8.768903 7.539652 11.898292 10.688637 11.582721 11.460877 10.244900 11.234806 13.679003 -9999.0 -9999.0 -9999.0
-9999.0 -9999.0 -9999.0 -9999.0 -9999.0 -9999.0 -9999.0 -9999.0 12.503342 11.855951 11.385157 12.028167 8.151896 8.514202 7.220443 10.102398 10.697952 19.050041 14.962013 14.908858 12.400615 11.489773 10.680899 9.343529 11.803804 11.043356 15.052764 6.876112 7.517743 2.337093 9.468770 10.939175 11.122552 10.410767 11.161180 9.895268 12.874044 7.906615 3.427730 9.564259 10.708895 11.538687 5.345997 9.922822 12.118776 13.196792 4.643357 8.257431 8.036226 13.379225 11.488063 8.303185 1.389090 0.954199 12.138533 13.520546 13.702495 15.606531 12.768200 12.880924 -9999.0 -9999.0 -9999.0
-9999.0 -9999.0 -9999.0 -9999.0 -9999.0 -9999.0 -9999.0 -9999.0 0.631783 0.839134 4.291240 11.319978 11.896481 9.097867 6.871298 9.011359 10.037170 10.427896 12.897724 15.563455 22.409458 20.150926 18.691188 17.901792 11.322239 11.568858 9.219519 9.093858 1.296524 11.234785 10.548616 11.259558 11.488749 10.789448 11.651743 12.106645 13.953339 8.870888 7.245873 11.169326 10.185418 9.173047 10.365066 11.980633 13.379386 7.434145 2.635832 12.270043 9.353713 10.133712 13.785826 11.090104 0.461259 13.720241 15.039885 11.354117 11.372192 12.348660 14.474705 16.945948 17.370802 -9999.0 -9999.0
-9999.0 -9999.0 -9999.0 -9999.0 -9999.0 -9999.0 -9999.0 -9999.0 11.557538 13.299281 11.975280 4.643609 13.125039 5.067018 9.263007 7.349949 9.544708 13.280615 13.099331 22.163857 15.980664 20.797690 20.500412 14.901579 19.511083 11.142868 8.870690 6.554501 2.193601 11.979582 11.786728 13.095583 4.185713 3.884489 12.621919 13.971591 8.591127 8.857739 5.904241 7.047504 10.991174 11.115076 11.541224 12.228771 5.325569 11.877764 11.230501 12.545131 8.057783 9.054008 12.715291 12.908486 0.494730 8.820310 12.990083 13.580282 14.308229 14.890768 16.925126 16.058298 17.022817 -9999.0 -9999.0
-9999.0 -9999.0 -9999.0 -9999.0 -9999.0 -9999.0 -9999.0 -9999.0 10.722638 12.898611 9.292388 4.286861 13.326818 1.655130 8.183107 10.068981 12.253224 13.345776 17.787938 13.212419 15.632061 16.074069 20.991988 20.305487 11.678530 9.908706 7.761267 0.800477 13.435004 9.173430 8.452857 8.859561 9.519565 9.328439 0.237464 13.142301 14.246177 9.973603 6.994798 7.862278 11.351184 12.120333 12.364176 12.057398 11.504821 11.888521 12.965740 13.225036 13.319579 10.270755 11.033825 13.770588 14.221269 13.958198 15.220613 15.677507 16.234096 14.202088 15.136870 16.976764 15.567288 12.015475 -9999.0
-9999.0 -9999.0 -9999.0 -9999.0 -9999.0 -9999.0 -9999.0 -9999.0 11.059968 12.836827 9.838895 7.478626 8.503342 9.092971 16.293356 14.137202 16.948283 11.109847 9.821448 11.188396 12.813763 15.994273 15.971113 15.729927 18.378682 9.478733 7.389018 10.215047 11.332531 10.445019 6.885960 10.171124 11.400972 10.116120 9.287430 9.875084 10.743525 11.325534 9.796178 10.192381 9.113880 9.215502 9.639040 9.014468 0.367770 13.635638 9.235026 10.367268 10.438064 13.067106 14.801289 13.767173 14.594356 17.069928 16.905292 16.787807 17.504383 17.238888 16.638256 15.738638 12.841697 10.526419 -9999.0
-9999.0 -9999.0 12.413128 12.682130 1.424372 1.250540 8.264259 4.332727 12.315482 12.643918 9.470173 9.211723 9.426446 12.625596 19.166505 12.964926 9.106852 7.345027 9.482630 9.740651 11.480566 13.778528 15.846166 14.146586 14.451453 10.921121 9.590288 9.662272 10.858494 15.436428 8.380775 8.881754 15.924734 9.068700 11.889986 9.555917 13.323579 12.737693 10.940063 9.171405 11.529445 11.678763 9.227592 11.002525 7.200192 10.052351 11.632027 9.551878 14.009027 15.572016 16.916264 17.478953 17.535382 17.692568 17.650120 23.291287 16.161067 15.641839 14.560333 12.645313 15.759958 9.533536 -9999.0
-9999.0 8.457485 8.446461 8.283503 1.434471 8.810769 8.148790 3.598655 3.850546 12.078975 0.856837 8.442146 10.433004 16.946643 17.308159 8.941590 9.356452 8.187858 0.949372 9.870087 11.874819 13.188657 18.443710 14.069065 20.888426 14.907449 19.217566 19.453219 14.337508 13.426668 13.305925 13.002088 12.676888 17.323341 14.884675 15.739877 16.596362 14.769427 15.556196 14.489661 14.613143 13.984748 13.454940 10.852392 10.392770 11.074223 14.437986 13.492818 16.487693 15.187799 16.757122 16.730777 15.877006 15.907105 15.912416 15.222205 12.352272 11.830326 12.991858 15.083406 9.304671 9.148951 -9999.0
-9999.0 13.736049 9.536048 9.683686 15.276612 9.313158 0.764317 3.650450 12.199483 12.427146 3.367486 8.282927 10.592274 17.668096 9.615653 7.456532 7.881685 5.254855 10.640708 9.555398 15.984341 12.474959 13.710740 15.974531 22.500322 23.002715 14.288285 16.074095 15.686772 13.783208 13.822913 13.379634 13.943856 14.288971 19.686131 17.047640 24.826045 25.276838 17.376716 18.088434 17.393135 15.692258 15.138892 13.789777 14.359918 14.456586 16.620999 16.760913 16.279511 16.280170 15.442986 12.898877 12.678285 13.032796 12.517515 11.137221 11.036337 9.953957 9.400602 8.486099 8.290491 -9999.0 -9999.0
