user2019/resources/simulation/Vinschgau/output-maps/TL0001N0366.asc
ncols         63
nrows         48
xllcorner     598000.000000
yllcorner     5145000.000000
cellsize      1000.000000
NODATA_value  -9999.0
[rows 0 to 27 of 48, columns 0 to 62 of 63]
-9999.0 -9999.0 -9999.0 -9999.0 -9999.0 -9999.0 -9999.0 -9999.0 -9999.0 -9999.0 -9999.0 -9999.0 -9999.0 -9999.0 -9999.0 -9999.0 -9999.0 -9999.0 -9999.0 -9999.0 -9999.0 -9999.0 -9999.0 -9999.0 -9999.0 -9999.0 -9999.0 -9999.0 -9999.0 -9999.0 -9999.0 -9999.0 -9999.0 -9999.0 -9999.0 -9999.0 -9999.0 -9999.0 -9999.0 -9999.0 -9999.0 -9999.0 -9999.0 -9999.0 -9999.0 -9999.0 -9999.0 -9999.0 -9999.0 -9999.0 -9999.0 -9999.0 -9999.0 -9999.0 -9999.0 -9999.0 -9999.0 -9999.0 -9999.0 -9999.0 -9999.0 -9999.0 -9999.0
-9999.0 -9999.0 -9999.0 -9999.0 -9999.0 -9999.0 -9999.0 -9999.0 -9999.0 -9999.0 -9999.0 -9999.0 -9999.0 -9999.0 -9999.0 -9999.0 -9999.0 -9999.0 -9999.0 -9999.0 -9999.0 -9999.0 -9999.0 -9999.0 -9999.0 -9999.0 -9999.0 -3.893442 -5.206680 -5.669657 -0.514764 -0.561393 -0.188927 -9999.0 -9999.0 -9999.0 -9999.0 -9999.0 -9999.0 -9999.0 -9999.0 -9999.0 -9999.0 -9999.0 -9999.0 -9999.0 -9999.0 -9999.0 -9999.0 -9999.0 -9999.0 -9999.0 -9999.0 -9999.0 -9999.0 -9999.0 -9999.0 -9999.0 -9999.0 -9999.0 -9999.0 -9999.0 -9999.0
-9999.0 -9999.0 -9999.0 -9999.0 -9999.0 -9999.0 -9999.0 -9999.0 -9999.0 -9999.0 -9999.0 -9999.0 -9999.0 -9999.0 -9999.0 -9999.0 -9999.0 -9999.0 -9999.0 -9999.0 -9999.0 -9999.0 -9999.0 -9999.0 -4.573404 0.418731 0.803359 1.756758 1.050796 0.169505 -0.906993 -9999.0 -9999.0 -9999.0 -9999.0 -9999.0 -9999.0 -9999.0 -9999.0 -9999.0 -9999.0 -9999.0 -9999.0 -9999.0 -9999.0 -9999.0 -9999.0 -9999.0 -9999.0 -9999.0 -9999.0 -9999.0 -9999.0 -9999.0 -9999.0 -9999.0 -9999.0 -9999.0 -9999.0 -9999.0 -9999.0 -9999.0 -9999.0
-9999.0 -9999.0 -9999.0 -9999.0 -9999.0 -9999.0 -9999.0 -9999.0 -9999.0 -9999.0 -9999.0 -9999.0 -9999.0 -9999.0 -9999.0 -9999.0 -9999.0 -9999.0 -9999.0 -9999.0 -9999.0 -9999.0 -9999.0 -0.702188 1.666624 -0.025079 0.064858 0.417695 -0.081298 0.127243 -5.892484 -2.314898 -9999.0 -9999.0 -9999.0 -9999.0 -9999.0 -9999.0 -9999.0 -9999.0 -9999.0 -9999.0 -9999.0 -9999.0 -9999.0 -9999.0 -9999.0 -9999.0 -9999.0 -9999.0 -9999.0 -9999.0 -9999.0 -9999.0 -9999.0 -9999.0 -9999.0 -9999.0 -9999.0 -9999.0 -9999.0 -9999.0 -9999.0
-9999.0 -9999.0 -9999.0 -9999.0 -9999.0 -9999.0 -9999.0 -9999.0 -9999.0 -9999.0 -9999.0 -9999.0 -9999.0 -9999.0 -9999.0 -9999.0 -9999.0 -9999.0 2.483316 1.782443 -9999.0 -4.769832 2.120424 0.052923 0.263321 2.875110 1.247527 1.226516 2.389591 -0.065944 0.248256 -5.602378 -6.339315 -4.140081 -9999.0 -9999.0 -9999.0 -9999.0 -9999.0 -9999.0 -9999.0 -9999.0 -9999.0 -9999.0 -9999.0 -9999.0 -9999.0 -9999.0 -9999.0 -9999.0 -9999.0 -9999.0 -9999.0 -9999.0 -9999.0 -9999.0 -9999.0 -9999.0 -9999.0 -9999.0 -9999.0 -9999.0 -9999.0
-9999.0 -9999.0 -9999.0 -9999.0 -9999.0 -9999.0 -9999.0 -9999.0 -9999.0 -9999.0 -9999.0 -9999.0 -9999.0 -9999.0 -9999.0 -9999.0 -9999.0 0.880326 0.369708 1.948779 2.185294 -0.922954 -0.093535 0.011246 3.435729 -2.350193 -2.599772 -2.492274 -3.481789 -0.010125 0.837596 0.284068 -0.389565 -2.438177 -2.810725 -2.039937 -9999.0 -9999.0 -9999.0 -9999.0 -9999.0 -9999.0 -9999.0 -9999.0 -9999.0 -9999.0 -9999.0 -9999.0 -9999.0 -9999.0 -9999.0 -9999.0 -9999.0 -9999.0 -9999.0 -9999.0 -9999.0 -9999.0 -9999.0 -9999.0 -9999.0 -9999.0 -9999.0
-9999.0 -9999.0 -9999.0 -9999.0 -9999.0 -9999.0 -9999.0 -9999.0 -9999.0 -9999.0 -9999.0 -9999.0 -9999.0 -3.557714 -0.082973 -0.600709 -0.031948 8.131950 1.071279 1.133603 1.354094 0.681927 1.812777 3.691930 -2.790727 -1.396743 -0.409380 -1.659623 -0.276389 -1.773944 -3.946191 -2.221139 -2.402919 -2.772128 -1.470188 -3.744728 -9999.0 -9999.0 -9999.0 -9999.0 -9999.0 -9999.0 -9999.0 -9999.0 -9999.0 -9999.0 -9999.0 -9999.0 -9999.0 -9999.0 -9999.0 -9999.0 -9999.0 -9999.0 -9999.0 -9999.0 -9999.0 -9999.0 -9999.0 -9999.0 -9999.0 -9999.0 -9999.0
-9999.0 -9999.0 -9999.0 -9999.0 -9999.0 -9999.0 -9999.0 -9999.0 -9999.0 -9999.0 -9999.0 -9999.0 -9999.0 -0.930243 0.114305 -0.612718 0.093831 4.246227 8.428071 2.355943 1.364413 1.874293 0.031940 -1.135423 -0.102955 -2.863954 -5.673714 -0.166223 -0.508100 -0.440300 -1.388393 -2.260995 -2.058235 -5.534128 -3.692896 -9999.0 -9999.0 -9999.0 -9999.0 -9999.0 -9999.0 -9999.0 -9999.0 -9999.0 -9999.0 -9999.0 -9999.0 -9999.0 -9999.0 -9999.0 -9999.0 -9999.0 -9999.0 -9999.0 -9999.0 -9999.0 -9999.0 -9999.0 -9999.0 -9999.0 -9999.0 -9999.0 -9999.0
-9999.0 -9999.0 -9999.0 -9999.0 -9999.0 -9999.0 -9999.0 -9999.0 -9999.0 -9999.0 -9999.0 -9999.0 -9999.0 0.661661 2.778627 -0.072422 -2.098415 -0.281233 8.692145 1.349992 1.340981 -3.552302 -2.418845 -2.420959 -4.055397 -3.138653 -5.428129 -0.173976 -5.050533 -2.685138 -1.219672 -6.449992 -5.357066 -8.423258 -5.732015 -9999.0 -9999.0 -9999.0 -9999.0 -9999.0 -9999.0 -9999.0 -9999.0 -9999.0 -9999.0 -9999.0 -9999.0 -9999.0 -9999.0 -9999.0 -9999.0 -9999.0 -9999.0 -9999.0 -9999.0 -9999.0 -9999.0 -9999.0 -9999.0 -9999.0 -9999.0 -9999.0 -9999.0
-9999.0 -9999.0 -9999.0 -9999.0 -9999.0 -9999.0 -9999.0 -9999.0 -9999.0 -9999.0 -9999.0 -9999.0 -0.803303 2.417773 -0.157487 -4.507607 -3.376469 -0.655078 5.971271 3.260483 0.277552 -1.393157 -2.851783 -0.963148 -0.129749 -0.102767 -0.632394 -2.767744 -0.228208 -0.345445 -3.420581 -4.459711 -6.550441 -2.824770 -9999.0 -9999.0 -9999.0 -9999.0 -9999.0 -9999.0 -9999.0 -9999.0 -9999.0 -9999.0 -9999.0 -9999.0 -9999.0 -9999.0 -9999.0 -9999.0 -9999.0 -9999.0 -9999.0 -9999.0 -9999.0 -9999.0 -9999.0 -9999.0 -9999.0 -9999.0 -9999.0 -9999.0 -9999.0
-9999.0 -9999.0 -9999.0 -9999.0 -9999.0 -9999.0 -9999.0 -9999.0 -9999.0 -9999.0 -9999.0 -1.777879 -4.096415 -0.141137 -3.726507 -1.724369 -2.970127 -0.156010 5.724260 1.323900 -0.734685 -0.053864 -4.430237 -0.317823 -4.269703 -2.267659 -1.473662 -4.540980 -6.126165 -2.047781 -2.828533 0.879160 -5.369527 -4.609763 -6.647752 -2.261531 1.291934 2.003300 3.053968 -9999.0 -9999.0 -9999.0 -5.746249 -9999.0 -9999.0 -9999.0 -9999.0 -9999.0 -9999.0 -9999.0 -9999.0 -9999.0 -9999.0 -9999.0 -9999.0 -9999.0 -9999.0 -9999.0 -9999.0 -9999.0 -9999.0 -9999.0 -9999.0
-9999.0 -9999.0 -9999.0 -9999.0 -9999.0 -9999.0 -9999.0 -9999.0 -9999.0 -9999.0 -9999.0 -2.564002 -2.373016 -0.220384 -4.476618 -1.768678 -0.474371 -0.719828 5.773482 3.440365 2.452279 1.010231 -4.699518 -2.705154 -3.062028 -1.135487 -5.182848 0.865525 -3.838535 -0.515332 0.447406 -0.249112 0.192335 -5.024315 -7.175674 -0.194984 3.226324 4.615820 2.313175 1.158369 1.220349 -8.504760 0.068896 -5.528044 -9999.0 -9999.0 -9999.0 -0.006929 -0.016995 -0.174315 -0.078750 -0.008794 -0.008700 -0.007313 -0.006849 -0.008651 -9999.0 -9999.0 -9999.0 -9999.0 -9999.0 -9999.0 -9999.0
-9999.0 -9999.0 -9999.0 -9999.0 -9999.0 -9999.0 -9999.0 -9999.0 -9999.0 -9999.0 -9999.0 -3.270620 -0.998569 -4.372016 -3.516780 -3.723656 -2.698852 -1.527075 3.688150 3.607006 -0.200704 -0.158916 -0.400854 -5.247654 -0.036920 -5.098659 -0.270682 -4.718220 -1.255651 -1.034037 -0.891322 -3.916065 0.037688 -6.891401 -7.363135 0.471353 -3.008108 -0.818610 4.728975 1.371187 1.659888 1.720605 0.731771 -0.018648 -4.852888 -9999.0 -0.278598 -1.077222 -4.606563 1.242127 2.002638 1.673928 0.813556 -3.606476 -0.889199 -0.007939 -9999.0 -9999.0 -9999.0 -9999.0 -9999.0 -9999.0 -9999.0
-9999.0 -9999.0 -9999.0 -9999.0 -9999.0 -9999.0 -9999.0 -9999.0 -9999.0 -9999.0 -9999.0 -9999.0 -0.179942 -3.483425 -5.478610 -4.333961 -4.069572 -0.117643 4.569930 3.724494 -0.175123 -0.066258 -0.084772 -0.258130 -5.199630 -0.275200 1.339670 -1.058341 -1.570054 -3.550154 -5.836696 -2.900687 0.025061 -7.006763 -6.277232 1.177637 -1.115724 -0.028898 4.701845 2.247065 4.574449 6.121121 -0.357846 0.547615 -2.081171 -4.180528 -2.563284 -0.420664 -3.678141 -0.077944 0.792781 -0.014082 -0.045287 -0.008312 -0.013051 -0.016096 -0.007296 -9999.0 -9999.0 -9999.0 -9999.0 -9999.0 -9999.0
-9999.0 -9999.0 -9999.0 -9999.0 -9999.0 -9999.0 -9999.0 -9999.0 -9999.0 -9999.0 -9999.0 -4.835749 -0.495266 -1.025312 -1.586615 -1.370758 -0.151779 -1.405698 4.778428 1.007655 -0.065496 -0.220243 -0.108925 -0.149625 -0.233732 0.002393 -0.847184 -0.048824 -5.255224 -0.865663 -0.411664 -0.290638 0.486054 -6.747840 -5.951288 -0.391913 0.215788 -0.351047 0.002175 6.790340 0.429359 1.324852 -0.001218 -1.479340 1.530423 -5.195888 -5.593995 0.279097 0.911298 0.798200 -0.015090 -0.025907 -0.020522 -0.029594 -0.024122 -0.064190 -0.007542 -9999.0 -9999.0 -9999.0 -9999.0 -9999.0 -9999.0
-9999.0 -9999.0 -9999.0 -9999.0 -9999.0 -9999.0 -9999.0 -9999.0 -9999.0 -9999.0 -3.413929 -1.609284 -3.699821 -3.283409 0.768654 -0.065906 -2.679737 -0.932520 0.720136 1.323574 3.438206 1.230899 -0.282187 4.210490 0.202131 -0.117639 -3.555290 -5.212207 1.780062 2.128647 -0.040104 -1.505196 -5.270013 -4.228892 -4.367985 -6.747656 0.998747 -2.788957 -2.961505 0.991127 1.759257 1.170313 4.238593 -0.112865 -0.191935 -1.642202 -5.367909 -0.069993 0.059717 0.126150 -4.478669 -0.024718 -0.029634 -0.036097 -0.025879 -0.007876 -0.007960 -9999.0 -9999.0 -9999.0 -9999.0 -9999.0 -9999.0
-9999.0 -9999.0 -9999.0 -9999.0 -9999.0 -9999.0 -9999.0 -9999.0 -9999.0 -0.031414 -0.460792 -3.376905 -0.197065 -1.924274 -0.179352 -4.020081 -0.954618 4.411279 1.190982 2.096299 4.544571 0.374852 0.083805 1.540931 -0.007083 -3.917430 -0.223202 2.544813 0.003406 0.041887 0.329155 -4.533464 -0.890106 -2.656012 -4.381721 -5.343349 -6.030725 -2.683244 -3.909528 -0.575727 -0.998924 -2.267058 -0.496380 0.352563 -0.158840 -0.112955 3.406349 0.199371 0.390684 0.608113 -0.162603 -0.009765 -0.054262 -0.015001 -0.009362 -0.011159 -0.987204 -0.394190 -0.005706 -9999.0 -9999.0 -9999.0 -9999.0
-9999.0 -9999.0 -9999.0 -9999.0 -9999.0 -9999.0 -9999.0 -9999.0 -9999.0 -0.248074 -0.027950 -0.860947 4.417593 -0.101820 -0.066734 -1.361109 2.310088 1.217347 1.853377 8.004686 6.605967 7.453408 2.191378 1.179598 -3.522345 -0.013760 0.438537 0.985714 1.760111 0.366283 0.264337 -4.015082 -2.666081 -3.550855 0.119011 2.489293 2.503673 -0.063737 -4.855217 0.117505 -4.546678 -2.334969 0.080866 0.068599 0.813417 2.341954 2.620581 1.596686 1.541444 0.663111 -2.781937 -3.562006 -0.013330 -0.016030 -0.017746 -0.005598 -0.061846 0.053585 2.107777 -9999.0 -9999.0 -9999.0 -9999.0
-9999.0 -9999.0 -9999.0 -9999.0 -9999.0 -9999.0 -9999.0 -9999.0 -9999.0 -9999.0 -0.048988 -1.934844 -2.323353 -0.093950 0.551219 0.071820 0.677737 1.948244 2.770721 3.951469 4.608248 0.811356 -0.067983 -0.115577 0.023536 0.905007 1.676880 1.891962 0.470762 -1.777728 -1.420040 -1.331495 -0.266468 -0.178709 1.033180 1.751718 3.264419 0.199049 -6.184302 -1.346651 -3.360124 3.124135 1.778866 -3.301706 -1.837830 -0.750718 0.011314 2.982381 4.256537 1.191762 -0.815646 -0.068144 -0.008195 -0.011456 -0.019614 -0.014520 -0.007518 2.844970 2.898224 2.834083 -9999.0 -9999.0 -9999.0
-9999.0 -9999.0 -9999.0 -9999.0 -9999.0 -9999.0 -9999.0 -9999.0 -9999.0 -9999.0 -0.085157 -0.338655 -0.400245 0.006228 5.448160 0.054036 0.111171 1.529688 4.290282 4.951160 2.340162 0.533450 -0.077863 0.323455 0.822538 2.089374 2.362939 -0.086663 -2.813736 -0.065855 -0.036162 -2.385277 -4.826619 -0.042940 -0.123867 -1.691560 -0.109921 -0.290923 -3.251952 -0.274567 -3.486928 -4.014510 -2.180724 -0.045249 -0.922351 -3.300472 -2.390695 -0.037736 2.090940 4.613673 2.183840 0.014775 -2.049460 -0.007573 -0.010924 -0.007570 -0.018794 0.652173 4.476493 4.910036 -9999.0 -9999.0 -9999.0
-9999.0 -9999.0 -9999.0 -9999.0 -9999.0 -9999.0 -9999.0 -9999.0 1.209442 0.816575 -2.983124 -0.508292 -2.677872 -3.190213 -0.546508 1.226057 2.019649 9.095497 7.316324 6.678687 5.017656 3.102413 1.620657 0.134412 1.737877 2.221546 2.704371 -1.887781 -3.275465 -2.531613 -0.843949 -0.083656 -0.768792 -0.057694 -2.057416 -1.663123 -3.946341 -0.220151 -5.240553 -2.820295 -0.214128 -0.443311 -0.024594 -0.354819 -1.195977 -2.805816 -0.022643 -1.403613 0.407415 4.004164 2.755809 0.970748 0.076355 -0.013507 -0.486358 4.139566 2.801416 6.397597 4.930326 6.364366 -9999.0 -9999.0 -9999.0
-9999.0 -9999.0 -9999.0 -9999.0 -9999.0 -9999.0 -9999.0 -9999.0 -1.354924 -0.141578 -1.172761 -0.028360 -0.028482 -0.074232 -0.099763 0.130268 0.969535 1.397311 4.741260 7.698433 12.680656 11.101763 8.719918 7.004731 2.590811 2.618861 0.195137 -0.120514 -3.405136 -4.158101 -1.630950 -2.290658 -3.385773 -2.378067 -3.148235 -5.205576 2.997086 -0.135996 -0.457131 -4.526451 -0.027075 -2.035765 -0.024501 -3.867005 2.964412 -1.133920 -0.016369 -0.014899 0.262004 3.113909 5.286149 2.634315 0.453437 2.133265 6.652516 4.223446 3.544095 4.760654 7.122692 9.114274 9.554369 -9999.0 -9999.0
-9999.0 -9999.0 -9999.0 -9999.0 -9999.0 -9999.0 -9999.0 -9999.0 -0.019087 1.342000 1.304792 -3.100933 1.433997 -0.353441 0.588211 -0.058121 0.889946 3.780233 5.753889 11.521863 8.268296 11.533200 11.522244 6.933250 8.489456 0.991401 -0.035193 -1.919284 -3.531942 0.877696 -0.219272 2.472644 -1.888729 -1.288010 -4.449093 3.073166 -2.880830 -0.006294 -2.784881 -4.650562 -0.047075 -0.028664 -0.622032 -0.059760 -0.016588 -0.016438 -1.694230 -1.226918 -0.020052 1.507420 5.980442 5.079453 1.952633 2.099657 6.226535 6.471922 7.417228 7.895155 8.844470 8.385419 8.733864 -9999.0 -9999.0
-9999.0 -9999.0 -9999.0 -9999.0 -9999.0 -9999.0 -9999.0 -9999.0 -0.024806 -3.964882 -0.079625 -2.561142 2.519733 0.554323 0.220638 1.279102 4.060800 4.440113 4.134787 4.905560 6.725868 7.763001 10.999688 9.694821 2.402471 0.496440 -0.097552 -0.418897 3.923723 -0.000287 -0.182887 -0.070061 0.186814 -0.038059 -0.655970 3.157224 4.221023 0.682611 -1.040010 -0.814720 -2.571247 -4.813440 -3.748330 0.785664 -2.629797 -3.565603 1.452947 3.000424 4.809118 2.408839 4.228257 8.195421 7.381228 6.264678 9.032302 9.440370 9.873561 8.779593 9.013907 8.906835 6.276195 3.988037 -9999.0
-9999.0 -9999.0 -9999.0 -9999.0 -9999.0 -9999.0 -9999.0 -9999.0 -1.464966 -4.042277 0.187535 -0.257738 0.075039 0.393031 6.905354 4.120548 3.450525 1.157555 0.020152 1.792624 4.064028 6.686080 7.127419 6.051252 6.505448 0.282645 -0.354808 0.902006 1.447360 0.503173 -0.875476 0.522179 2.002296 0.209158 -0.086410 0.088835 1.063461 1.583456 0.767489 0.041980 -0.133668 -0.001095 0.410820 -0.009929 -0.259723 3.085452 0.288391 1.767407 2.280886 5.008554 7.476603 8.177423 9.529156 10.756665 11.095907 10.074159 10.509644 9.900323 8.187349 7.052785 5.210899 3.232040 -9999.0
-9999.0 -9999.0 -4.724418 -3.747467 -3.397138 -0.182203 -0.141335 -0.360149 -5.039722 -1.812166 0.035468 0.597680 0.725368 3.431432 8.946012 2.262114 0.093040 -3.008751 -2.330677 0.072442 2.007428 3.759221 6.238118 5.621702 4.034431 1.727394 0.449634 0.668329 0.949996 4.042775 -0.062301 -0.099073 4.880011 0.077801 1.684411 0.660811 3.608720 2.782939 1.509352 -0.146881 1.869286 2.111454 0.767678 1.270762 -0.018822 1.076251 2.622450 2.041412 5.429904 7.173604 9.425006 9.316125 10.704680 11.002360 10.741065 14.119039 8.605988 7.633216 6.541523 5.293650 4.970439 2.219780 -9999.0
-9999.0 0.269125 -0.076349 -0.109182 0.090406 0.002007 -2.633741 -1.530637 -0.667208 -0.109259 -2.643070 0.007024 2.084287 6.842796 5.130307 0.026013 -0.115434 -3.741484 0.533063 0.775642 2.590351 3.305288 6.820511 4.716666 9.589284 5.762465 8.574263 8.879596 3.975133 2.467545 3.264199 2.830022 2.938862 6.900561 4.281385 4.899720 6.370932 4.878431 5.070987 4.188263 4.908757 4.658835 4.170893 1.293201 1.679188 2.562487 4.370485 5.223530 7.750459 7.172942 8.854587 9.074589 8.279007 8.562300 8.572897 7.564854 6.876576 5.843285 4.063496 3.770639 1.264699 1.770305 -9999.0
-9999.0 1.018114 0.324951 0.431305 3.670330 0.060171 -0.317521 -0.776821 -1.513972 0.967010 -0.075935 0.135509 2.291739 5.623586 0.661953 -0.564163 -1.743084 0.082175 1.038803 0.427197 3.149904 2.440048 3.503839 4.420674 9.667263 11.427982 6.481211 7.639159 6.175336 4.685732 6.139616 4.967487 4.261527 4.158443 7.940207 6.644108 11.729331 12.883606 7.657181 7.749777 7.037270 6.251401 5.976622 5.115711 7.257026 7.184330 8.089228 8.495447 7.799299 8.174371 5.998825 6.080512 6.477914 7.826496 7.378183 5.434109 5.137841 2.950845 1.617392 0.177697 -0.903438 -9999.0 -9999.0
