user2019/resources/simulation/Vinschgau/output-maps/TL0005N1021.asc
ncols         63
nrows         48
xllcorner     598000.000000
yllcorner     5145000.000000
cellsize      1000.000000
NODATA_value  -9999.0
[rows 0 to 27 of 48, columns 0 to 62 of 63]
-9999.0 -9999.0 -9999.0 -9999.0 -9999.0 -9999.0 -9999.0 -9999.0 -9999.0 -9999.0 -9999.0 -9999.0 -9999.0 -9999.0 -9999.0 -9999.0 -9999.0 -9999.0 -9999.0 -9999.0 -9999.0 -9999.0 -9999.0 -9999.0 -9999.0 -9999.0 -9999.0 -9999.0 -9999.0 -9999.0 -9999.0 -9999.0 -9999.0 -9999.0 -9999.0 -9999.0 -9999.0 -9999.0 -9999.0 -9999.0 -9999.0 -9999.0 -9999.0 -9999.0 -9999.0 -9999.0 -9999.0 -9999.0 -9999.0 -9999.0 -9999.0 -9999.0 -9999.0 -9999.0 -9999.0 -9999.0 -9999.0 -9999.0 -9999.0 -9999.0 -9999.0 -9999.0 -9999.0
-9999.0 -9999.0 -9999.0 -9999.0 -9999.0 -9999.0 -9999.0 -9999.0 -9999.0 -9999.0 -9999.0 -9999.0 -9999.0 -9999.0 -9999.0 -9999.0 -9999.0 -9999.0 -9999.0 -9999.0 -9999.0 -9999.0 -9999.0 -9999.0 -9999.0 -9999.0 -9999.0 -1.610153 -0.949438 -1.867655 -2.702549 -3.198530 -2.635427 -9999.0 -9999.0 -9999.0 -9999.0 -9999.0 -9999.0 -9999.0 -9999.0 -9999.0 -9999.0 -9999.0 -9999.0 -9999.0 -9999.0 -9999.0 -9999.0 -9999.0 -9999.0 -9999.0 -9999.0 -9999.0 -9999.0 -9999.0 -9999.0 -9999.0 -9999.0 -9999.0 -9999.0 -9999.0 -9999.0
-9999.0 -9999.0 -9999.0 -9999.0 -9999.0 -9999.0 -9999.0 -9999.0 -9999.0 -9999.0 -9999.0 -9999.0 -9999.0 -9999.0 -9999.0 -9999.0 -9999.0 -9999.0 -9999.0 -9999.0 -9999.0 -9999.0 -9999.0 -9999.0 -0.507250 -0.907400 -0.932527 -0.481152 -0.750656 -1.350793 -2.875435 -9999.0 -9999.0 -9999.0 -9999.0 -9999.0 -9999.0 -9999.0 -9999.0 -9999.0 -9999.0 -9999.0 -9999.0 -9999.0 -9999.0 -9999.0 -9999.0 -9999.0 -9999.0 -9999.0 -9999.0 -9999.0 -9999.0 -9999.0 -9999.0 -9999.0 -9999.0 -9999.0 -9999.0 -9999.0 -9999.0 -9999.0 -9999.0
-9999.0 -9999.0 -9999.0 -9999.0 -9999.0 -9999.0 -9999.0 -9999.0 -9999.0 -9999.0 -9999.0 -9999.0 -9999.0 -9999.0 -9999.0 -9999.0 -9999.0 -9999.0 -9999.0 -9999.0 -9999.0 -9999.0 -9999.0 -0.796321 -0.654346 1.175530 1.628135 2.429366 1.374505 -0.509507 -1.565277 -3.220873 -9999.0 -9999.0 -9999.0 -9999.0 -9999.0 -9999.0 -9999.0 -9999.0 -9999.0 -9999.0 -9999.0 -9999.0 -9999.0 -9999.0 -9999.0 -9999.0 -9999.0 -9999.0 -9999.0 -9999.0 -9999.0 -9999.0 -9999.0 -9999.0 -9999.0 -9999.0 -9999.0 -9999.0 -9999.0 -9999.0 -9999.0
-9999.0 -9999.0 -9999.0 -9999.0 -9999.0 -9999.0 -9999.0 -9999.0 -9999.0 -9999.0 -9999.0 -9999.0 -9999.0 -9999.0 -9999.0 -9999.0 -9999.0 -9999.0 2.525070 -0.226474 -9999.0 -0.479675 -0.411573 0.821001 1.235957 2.426779 1.331366 1.073664 0.855893 -0.013312 -0.823184 -2.691788 -2.327469 -2.663460 -9999.0 -9999.0 -9999.0 -9999.0 -9999.0 -9999.0 -9999.0 -9999.0 -9999.0 -9999.0 -9999.0 -9999.0 -9999.0 -9999.0 -9999.0 -9999.0 -9999.0 -9999.0 -9999.0 -9999.0 -9999.0 -9999.0 -9999.0 -9999.0 -9999.0 -9999.0 -9999.0 -9999.0 -9999.0
-9999.0 -9999.0 -9999.0 -9999.0 -9999.0 -9999.0 -9999.0 -9999.0 -9999.0 -9999.0 -9999.0 -9999.0 -9999.0 -9999.0 -9999.0 -9999.0 -9999.0 4.682523 3.246153 2.358758 -0.088909 -0.053968 -0.012801 -0.006823 1.702534 -0.004409 -0.387040 -0.020857 -0.107820 -0.003392 -0.423520 -0.570540 -1.446028 -1.770172 -2.505495 -3.328622 -9999.0 -9999.0 -9999.0 -9999.0 -9999.0 -9999.0 -9999.0 -9999.0 -9999.0 -9999.0 -9999.0 -9999.0 -9999.0 -9999.0 -9999.0 -9999.0 -9999.0 -9999.0 -9999.0 -9999.0 -9999.0 -9999.0 -9999.0 -9999.0 -9999.0 -9999.0 -9999.0
-9999.0 -9999.0 -9999.0 -9999.0 -9999.0 -9999.0 -9999.0 -9999.0 -9999.0 -9999.0 -9999.0 -9999.0 -9999.0 -0.053078 -0.004008 2.740134 4.259427 8.051987 4.320479 1.880309 1.293898 0.825031 1.504849 1.765716 -0.005459 -0.211965 -1.010158 -2.412361 -0.988064 -0.029681 -1.292196 -0.918058 -0.611425 -1.694236 -2.813979 -3.111319 -9999.0 -9999.0 -9999.0 -9999.0 -9999.0 -9999.0 -9999.0 -9999.0 -9999.0 -9999.0 -9999.0 -9999.0 -9999.0 -9999.0 -9999.0 -9999.0 -9999.0 -9999.0 -9999.0 -9999.0 -9999.0 -9999.0 -9999.0 -9999.0 -9999.0 -9999.0 -9999.0
-9999.0 -9999.0 -9999.0 -9999.0 -9999.0 -9999.0 -9999.0 -9999.0 -9999.0 -9999.0 -9999.0 -9999.0 -9999.0 -0.008681 2.346810 3.504493 3.507668 6.244798 8.138285 2.888753 3.408080 3.011837 1.547554 0.424599 -0.018296 -0.312481 -0.778563 -1.954839 -1.864324 -0.590462 -2.602354 -1.296096 -2.150180 -6.858649 -3.609232 -9999.0 -9999.0 -9999.0 -9999.0 -9999.0 -9999.0 -9999.0 -9999.0 -9999.0 -9999.0 -9999.0 -9999.0 -9999.0 -9999.0 -9999.0 -9999.0 -9999.0 -9999.0 -9999.0 -9999.0 -9999.0 -9999.0 -9999.0 -9999.0 -9999.0 -9999.0 -9999.0 -9999.0
-9999.0 -9999.0 -9999.0 -9999.0 -9999.0 -9999.0 -9999.0 -9999.0 -9999.0 -9999.0 -9999.0 -9999.0 -9999.0 2.035785 2.819532 3.357923 3.018643 3.828583 8.423712 4.266333 4.032790 0.860025 -0.010126 -0.036228 -0.004183 -0.015494 -0.641422 -2.070128 -3.228711 -5.910248 -2.916977 -7.496871 -7.678973 -10.843196 -3.675664 -9999.0 -9999.0 -9999.0 -9999.0 -9999.0 -9999.0 -9999.0 -9999.0 -9999.0 -9999.0 -9999.0 -9999.0 -9999.0 -9999.0 -9999.0 -9999.0 -9999.0 -9999.0 -9999.0 -9999.0 -9999.0 -9999.0 -9999.0 -9999.0 -9999.0 -9999.0 -9999.0 -9999.0
-9999.0 -9999.0 -9999.0 -9999.0 -9999.0 -9999.0 -9999.0 -9999.0 -9999.0 -9999.0 -9999.0 -9999.0 -0.008725 1.618085 2.729865 1.009448 1.312916 3.303560 6.864161 4.142870 1.164370 -0.027780 -0.561644 -0.107111 -1.398430 -0.808117 -2.542504 -1.651891 -1.925414 -3.231324 -7.420736 -2.355289 -3.432827 -3.183025 -9999.0 -9999.0 -9999.0 -9999.0 -9999.0 -9999.0 -9999.0 -9999.0 -9999.0 -9999.0 -9999.0 -9999.0 -9999.0 -9999.0 -9999.0 -9999.0 -9999.0 -9999.0 -9999.0 -9999.0 -9999.0 -9999.0 -9999.0 -9999.0 -9999.0 -9999.0 -9999.0 -9999.0 -9999.0
-9999.0 -9999.0 -9999.0 -9999.0 -9999.0 -9999.0 -9999.0 -9999.0 -9999.0 -9999.0 -9999.0 -0.197385 1.913448 1.613145 2.055188 0.986830 3.016141 3.437361 6.684711 4.373553 2.042591 -0.002394 -0.682627 -0.602913 -1.380690 -1.751989 -1.802539 -2.333377 -1.786082 -2.915725 -2.378633 -1.721310 -2.777731 -2.654663 -3.609319 -2.673523 -1.657636 -0.988819 -2.205616 -9999.0 -9999.0 -9999.0 -2.790266 -9999.0 -9999.0 -9999.0 -9999.0 -9999.0 -9999.0 -9999.0 -9999.0 -9999.0 -9999.0 -9999.0 -9999.0 -9999.0 -9999.0 -9999.0 -9999.0 -9999.0 -9999.0 -9999.0 -9999.0
-9999.0 -9999.0 -9999.0 -9999.0 -9999.0 -9999.0 -9999.0 -9999.0 -9999.0 -9999.0 -9999.0 -0.128851 2.058561 3.522151 3.367003 -0.025244 5.241531 4.228202 6.922066 4.710395 3.983783 -0.017003 -0.700793 -1.692196 -3.161141 -1.242087 -1.150032 -1.684258 -1.706995 -2.663044 -2.433611 -1.214390 -2.033031 -3.775429 -2.859444 -2.423528 -1.286271 -0.778522 -0.807739 -2.540990 -2.486767 -2.708022 -2.592381 -2.157676 -9999.0 -9999.0 -9999.0 -3.562581 -3.730986 -3.516478 -3.776662 -3.106331 -3.215571 -4.180642 -4.154084 -3.385334 -9999.0 -9999.0 -9999.0 -9999.0 -9999.0 -9999.0 -9999.0
-9999.0 -9999.0 -9999.0 -9999.0 -9999.0 -9999.0 -9999.0 -9999.0 -9999.0 -9999.0 -9999.0 -0.279274 -0.052990 -0.145040 -0.003622 -0.002760 0.899063 3.499775 5.358675 4.719044 1.729171 -0.008013 -0.671077 -0.497096 -0.986492 -1.184563 -1.962069 -2.870034 -1.525994 -3.449719 -1.900736 -3.358678 -1.633591 -3.074832 -3.278946 -1.497686 -2.483562 -2.014364 -0.246717 -1.702780 -2.020342 -1.701258 -1.610400 -1.289534 -3.643640 -9999.0 -3.327990 -3.835318 -2.651738 -0.796453 -0.493314 -1.585635 -0.917100 -1.858012 -3.006212 -3.055650 -9999.0 -9999.0 -9999.0 -9999.0 -9999.0 -9999.0 -9999.0
-9999.0 -9999.0 -9999.0 -9999.0 -9999.0 -9999.0 -9999.0 -9999.0 -9999.0 -9999.0 -9999.0 -9999.0 -0.349254 -0.243499 -0.009630 -0.007938 -0.005031 2.598062 6.365781 4.661035 1.622993 -0.007763 -0.308502 -1.272571 -2.085855 -0.928992 -0.380998 -0.597690 -2.736010 -2.242383 -1.194154 -3.119147 -0.539458 -2.973285 -3.018794 -2.112830 -2.905278 -1.843741 0.782854 -0.572693 -0.965508 -0.436877 -2.502170 -0.818596 -1.859685 -3.740626 -3.284392 -3.458346 -3.442477 -2.390559 -0.124656 -3.011472 -3.028042 -3.677528 -4.184021 -2.881007 -3.483358 -9999.0 -9999.0 -9999.0 -9999.0 -9999.0 -9999.0
-9999.0 -9999.0 -9999.0 -9999.0 -9999.0 -9999.0 -9999.0 -9999.0 -9999.0 -9999.0 -9999.0 -1.765868 -0.544528 -0.218254 -0.896543 -0.016461 -0.003069 1.669922 5.673646 3.846894 2.163161 -0.003676 -0.065335 -0.847751 -0.796236 -1.814438 -1.707425 -1.878370 -1.696891 -1.649206 -0.909241 -2.286640 -0.846317 -2.869867 -3.490229 -2.427110 -0.877059 -1.269432 -0.017033 -0.040089 -1.199340 -0.125738 -0.971299 -1.488797 -0.565592 -1.387638 -2.037254 -1.841503 -0.429529 -0.075166 -2.947606 -1.517374 -4.760691 -5.340060 -6.221497 -7.477958 -3.282323 -9999.0 -9999.0 -9999.0 -9999.0 -9999.0 -9999.0
-9999.0 -9999.0 -9999.0 -9999.0 -9999.0 -9999.0 -9999.0 -9999.0 -9999.0 -9999.0 -0.331685 -2.030887 -0.445244 -0.251315 -0.030493 -0.195256 -0.217715 -0.004508 3.118512 3.482829 3.093756 1.789004 -0.404053 -0.101616 -0.082334 -1.560630 -1.448863 -4.245324 -0.479810 -0.857520 -1.745741 -1.847417 -0.462474 -2.901049 -3.170790 -1.821249 -0.512203 -2.528307 -0.134099 -0.004058 -0.005065 1.075116 4.020109 0.631809 -0.241537 -0.855240 -0.655044 -2.350651 -1.677327 -0.027040 -4.602391 -2.706977 -6.683924 -8.031951 -7.330280 -2.902994 -2.785067 -9999.0 -9999.0 -9999.0 -9999.0 -9999.0 -9999.0
-9999.0 -9999.0 -9999.0 -9999.0 -9999.0 -9999.0 -9999.0 -9999.0 -9999.0 -0.954073 -0.456614 -1.984030 -1.360118 -0.949193 -1.032807 -0.231369 -0.125248 -0.002924 2.996883 3.667021 3.416009 -0.007153 -0.008776 -0.004322 -0.005650 -1.302824 -2.265668 -0.479309 -1.757770 -0.495360 -0.005388 -1.493295 -1.591183 -6.765029 -2.514818 -1.974884 -1.445571 -2.954084 -0.698167 -0.237932 -0.444011 -0.216006 -0.316111 1.425176 0.653175 -0.096860 -0.082986 -0.814740 -0.853468 -0.004391 -1.369231 -2.829985 -8.931739 -4.230826 -3.274008 -4.644031 -3.911287 -1.985384 -2.920659 -9999.0 -9999.0 -9999.0 -9999.0
-9999.0 -9999.0 -9999.0 -9999.0 -9999.0 -9999.0 -9999.0 -9999.0 -9999.0 -2.249520 -0.914756 -0.465990 -0.021872 -0.022229 -0.141964 -0.929862 -0.048329 -0.003507 3.521741 4.383831 3.995620 3.419337 2.034478 -0.015763 -0.916980 -1.142114 -0.920950 -0.050413 -0.003332 -0.015092 -0.056421 -1.873899 -2.103254 -3.361225 -2.658237 -1.749426 -1.353036 -0.723875 -0.900228 -0.834669 -2.424501 -1.425497 -0.313533 -0.002800 1.946245 1.653264 1.294611 -0.005948 -0.018886 -0.004489 -2.741341 -5.222453 -4.216315 -3.569087 -2.732098 -5.655663 -3.623937 -3.024585 -1.228024 -9999.0 -9999.0 -9999.0 -9999.0
-9999.0 -9999.0 -9999.0 -9999.0 -9999.0 -9999.0 -9999.0 -9999.0 -9999.0 -9999.0 -1.377780 -0.625330 -0.246197 -0.500723 -0.009394 -0.120644 -0.023878 1.150150 4.419810 3.760315 4.035650 2.133395 -0.005086 -0.234185 -0.828636 -0.080538 -0.004815 0.415705 -0.038870 -1.445521 -1.785929 -2.705302 -3.453995 -3.181879 -1.633498 -0.833968 -0.663631 -0.602182 -1.346088 -2.414033 -1.319587 -0.649188 -0.038887 -0.089729 -0.005992 -0.003999 0.890964 2.494620 1.986507 -0.006032 -1.695027 -3.476559 -3.372384 -4.207043 -3.758280 -3.572461 -1.816986 -1.589637 -1.271481 -0.053133 -9999.0 -9999.0 -9999.0
-9999.0 -9999.0 -9999.0 -9999.0 -9999.0 -9999.0 -9999.0 -9999.0 -9999.0 -9999.0 -2.755693 -0.638431 -0.613853 -0.198912 1.359165 -0.005521 -0.004860 2.036128 4.796479 5.033497 3.009738 0.841414 -0.007992 -0.160153 -0.081318 -0.003150 1.268670 -0.008546 -1.130122 -3.167943 -1.236563 -1.207498 -4.031336 -3.071473 -1.071577 -0.639566 -1.499398 -1.810976 -1.506624 -2.104648 -2.180280 -0.589470 -2.552650 -0.407242 -0.157813 -0.277119 -0.025264 -0.005980 2.221431 1.654847 -0.021111 -1.635868 -3.996439 -2.994833 -4.829709 -4.044848 -2.968703 -0.560090 1.275749 1.590149 -9999.0 -9999.0 -9999.0
-9999.0 -9999.0 -9999.0 -9999.0 -9999.0 -9999.0 -9999.0 -9999.0 -0.629167 -1.265347 -1.806243 -1.539041 -2.604886 -1.049262 -0.056102 1.223462 2.373345 4.274892 4.622215 5.533285 4.774680 3.593633 2.437777 0.640490 -0.004281 1.580510 1.505810 -0.656309 -1.158590 -3.209761 -6.438117 -2.401743 -2.373651 -3.394407 -2.064396 -0.798952 -0.064698 -0.417244 -2.372182 -1.743787 -1.904854 -0.357950 -3.074582 -1.548353 -0.383636 -0.277152 -2.199336 -0.903094 -0.006057 1.823392 -0.009581 -0.562807 -3.858744 -5.594515 -3.690518 -3.176717 -1.802325 -0.168720 -0.003952 3.463380 -9999.0 -9999.0 -9999.0
-9999.0 -9999.0 -9999.0 -9999.0 -9999.0 -9999.0 -9999.0 -9999.0 -2.930844 -2.886383 -2.440127 -1.805606 -0.774163 -2.022727 -0.771640 -0.003948 1.388544 2.034373 5.177155 6.074185 7.339362 6.006680 5.091956 4.110820 2.868772 2.716769 0.545737 -0.852413 -4.010569 -2.957700 -2.945898 -1.454313 -1.958077 -2.057043 -1.622170 -0.555460 -0.030258 -0.191109 -0.963762 -0.748820 -1.176456 -5.375061 -1.465546 -0.855871 -0.473076 -0.965696 -3.695543 -0.549014 -0.262873 1.239641 1.399222 -0.145326 -4.066172 -3.028098 -0.817626 -1.896794 -0.821007 -0.035765 2.138211 4.584648 5.956821 -9999.0 -9999.0
-9999.0 -9999.0 -9999.0 -9999.0 -9999.0 -9999.0 -9999.0 -9999.0 -1.083691 -0.869452 -2.104808 -3.255640 -1.512611 -2.884409 -0.908142 -0.626839 -0.006056 1.806582 5.075916 7.257694 6.543610 6.903714 6.474583 4.851369 4.560434 2.709835 -0.003517 -1.080012 -4.924273 -2.279847 -1.489095 -0.575133 -1.624151 -1.156351 -0.674471 -0.095608 -0.143183 1.297422 -0.025410 -2.391281 -0.678773 -0.978874 -0.553691 -0.938988 -1.021922 -0.550264 -1.753728 -0.948219 -1.900581 -0.004199 2.229945 -0.006813 -2.883876 -3.845409 -1.121350 -0.523460 0.632373 2.031388 4.223644 4.850739 5.213428 -9999.0 -9999.0
-9999.0 -9999.0 -9999.0 -9999.0 -9999.0 -9999.0 -9999.0 -9999.0 -2.976875 -0.447977 -1.523295 -4.355476 -0.619659 -1.137217 -0.170412 -0.004273 3.643240 4.866980 4.646782 5.366686 5.914523 6.287094 6.634190 6.233624 3.201170 0.659652 -0.043150 -1.818632 -0.542370 -2.268711 -0.927577 -0.960501 -0.035361 -0.388890 -0.442112 -0.045566 0.782962 3.508522 0.339692 -0.125400 -0.658462 -0.672149 -0.793458 -0.389260 -0.751287 -0.901392 -0.536021 -1.365992 -0.768275 -0.637949 -0.003671 1.825837 -0.004647 -0.727331 -0.006150 1.247313 2.822340 4.065835 5.042500 4.983207 4.072784 2.158626 -9999.0
-9999.0 -9999.0 -9999.0 -9999.0 -9999.0 -9999.0 -9999.0 -9999.0 -3.338353 -1.116573 -2.169155 -1.410286 -0.270915 -0.181132 -0.014049 1.692607 3.041008 2.054312 0.396616 2.427669 4.374770 5.617661 5.919789 5.634040 3.700457 -0.005608 -0.931920 -0.085592 -0.012081 -0.367877 -0.262425 -0.008949 1.602869 0.252649 -0.005401 -0.002491 1.989771 5.571524 5.050870 1.519632 -0.004683 -0.021029 -0.156771 -0.072609 -0.811508 -0.235509 -0.886727 -1.214652 -0.238720 -0.005901 0.984031 1.265522 1.588241 1.365857 1.811347 2.101508 2.958642 3.770169 4.379080 4.063757 3.622942 1.586061 -9999.0
-9999.0 -9999.0 -0.761913 -0.545753 -3.363934 -1.333272 -2.716326 -2.179120 -2.967378 -2.343179 -0.780739 -0.473366 -0.143272 -0.124115 2.081231 1.191708 -0.005765 -1.073721 -0.783555 -0.004272 2.305725 4.977417 4.536584 5.851016 3.705337 1.591728 -0.005445 -0.004749 1.692856 1.705673 -0.004567 -0.004543 3.795885 2.699236 3.121187 4.120582 5.492673 7.878761 6.863101 4.132346 3.203512 3.136001 3.215211 1.863732 -0.004773 -0.005790 1.049080 1.082859 1.838317 2.792282 3.517894 3.281859 2.685505 2.227476 2.119662 4.399920 2.756597 3.151721 2.779631 2.842793 2.679282 0.846111 -9999.0
-9999.0 -1.053703 -2.586279 -0.971742 -1.185483 -1.041810 -2.170714 -2.677896 -3.643083 -3.102711 -1.941697 -0.708461 -0.018172 -0.019261 -0.001988 -0.188428 -0.861335 -1.678338 -0.960898 -0.004145 2.070641 3.773143 4.375094 4.126519 5.469163 3.396921 3.427045 3.653745 3.467411 2.401334 2.259843 2.287141 3.713675 6.050134 6.269276 7.355292 9.637728 10.893539 9.018857 7.299595 6.955625 6.572303 5.645263 4.342722 3.068016 3.335976 3.616429 5.505245 5.240857 5.494158 4.046168 3.277253 2.529742 1.787196 1.707684 1.259310 0.552398 0.892414 0.991488 0.600849 -0.003202 0.643123 -9999.0
-9999.0 -0.331944 -0.959131 -0.245781 -0.042257 -0.542360 -2.359093 -3.166820 -3.145078 -3.239928 -2.416040 -1.087320 -0.004338 0.541938 -0.221064 -3.180273 -2.499577 -1.989255 -0.885487 -0.028214 1.718649 1.503669 2.421062 2.216040 4.974492 5.940733 5.181291 5.520083 4.789430 6.023157 6.246273 5.986363 5.449024 6.335137 8.514466 9.477024 13.081158 14.395481 12.096732 11.351805 10.424605 9.293592 8.640356 7.701898 7.674194 7.513669 6.534238 6.090752 5.527042 4.832890 3.227173 1.563508 0.657173 1.302821 0.512570 -0.024690 -0.283679 -0.051763 -0.034483 -0.172097 -0.021255 -9999.0 -9999.0
