user2019/resources/simulation/Vinschgau/output-maps/TL0002N1054.asc
ncols         63
nrows         48
xllcorner     598000.000000
yllcorner     5145000.000000
cellsize      1000.000000
NODATA_value  -9999.0
[rows 0 to 27 of 48, columns 0 to 62 of 63]
-9999.0 -9999.0 -9999.0 -9999.0 -9999.0 -9999.0 -9999.0 -9999.0 -9999.0 -9999.0 -9999.0 -9999.0 -9999.0 -9999.0 -9999.0 -9999.0 -9999.0 -9999.0 -9999.0 -9999.0 -9999.0 -9999.0 -9999.0 -9999.0 -9999.0 -9999.0 -9999.0 -9999.0 -9999.0 -9999.0 -9999.0 -9999.0 -9999.0 -9999.0 -9999.0 -9999.0 -9999.0 -9999.0 -9999.0 -9999.0 -9999.0 -9999.0 -9999.0 -9999.0 -9999.0 -9999.0 -9999.0 -9999.0 -9999.0 -9999.0 -9999.0 -9999.0 -9999.0 -9999.0 -9999.0 -9999.0 -9999.0 -9999.0 -9999.0 -9999.0 -9999.0 -9999.0 -9999.0
-9999.0 -9999.0 -9999.0 -9999.0 -9999.0 -9999.0 -9999.0 -9999.0 -9999.0 -9999.0 -9999.0 -9999.0 -9999.0 -9999.0 -9999.0 -9999.0 -9999.0 -9999.0 -9999.0 -9999.0 -9999.0 -9999.0 -9999.0 -9999.0 -9999.0 -9999.0 -9999.0 -2.408219 -3.341681 -3.315569 -3.991271 -2.967981 -3.815925 -9999.0 -9999.0 -9999.0 -9999.0 -9999.0 -9999.0 -9999.0 -9999.0 -9999.0 -9999.0 -9999.0 -9999.0 -9999.0 -9999.0 -9999.0 -9999.0 -9999.0 -9999.0 -9999.0 -9999.0 -9999.0 -9999.0 -9999.0 -9999.0 -9999.0 -9999.0 -9999.0 -9999.0 -9999.0 -9999.0
-9999.0 -9999.0 -9999.0 -9999.0 -9999.0 -9999.0 -9999.0 -9999.0 -9999.0 -9999.0 -9999.0 -9999.0 -9999.0 -9999.0 -9999.0 -9999.0 -9999.0 -9999.0 -9999.0 -9999.0 -9999.0 -9999.0 -9999.0 -9999.0 -0.876868 -0.335689 -2.216798 -0.570643 -2.184552 -2.418430 -2.708218 -9999.0 -9999.0 -9999.0 -9999.0 -9999.0 -9999.0 -9999.0 -9999.0 -9999.0 -9999.0 -9999.0 -9999.0 -9999.0 -9999.0 -9999.0 -9999.0 -9999.0 -9999.0 -9999.0 -9999.0 -9999.0 -9999.0 -9999.0 -9999.0 -9999.0 -9999.0 -9999.0 -9999.0 -9999.0 -9999.0 -9999.0 -9999.0
-9999.0 -9999.0 -9999.0 -9999.0 -9999.0 -9999.0 -9999.0 -9999.0 -9999.0 -9999.0 -9999.0 -9999.0 -9999.0 -9999.0 -9999.0 -9999.0 -9999.0 -9999.0 -9999.0 -9999.0 -9999.0 -9999.0 -9999.0 -0.099521 -0.148277 0.924159 1.325270 1.928067 1.143504 -0.031529 -3.766863 -2.960653 -9999.0 -9999.0 -9999.0 -9999.0 -9999.0 -9999.0 -9999.0 -9999.0 -9999.0 -9999.0 -9999.0 -9999.0 -9999.0 -9999.0 -9999.0 -9999.0 -9999.0 -9999.0 -9999.0 -9999.0 -9999.0 -9999.0 -9999.0 -9999.0 -9999.0 -9999.0 -9999.0 -9999.0 -9999.0 -9999.0 -9999.0
-9999.0 -9999.0 -9999.0 -9999.0 -9999.0 -9999.0 -9999.0 -9999.0 -9999.0 -9999.0 -9999.0 -9999.0 -9999.0 -9999.0 -9999.0 -9999.0 -9999.0 -9999.0 1.440204 -0.007677 -9999.0 -1.148101 -0.033122 0.655859 0.975562 2.182134 0.923849 0.849564 0.713101 -0.013280 -0.567573 -3.371549 -3.764464 -4.845624 -9999.0 -9999.0 -9999.0 -9999.0 -9999.0 -9999.0 -9999.0 -9999.0 -9999.0 -9999.0 -9999.0 -9999.0 -9999.0 -9999.0 -9999.0 -9999.0 -9999.0 -9999.0 -9999.0 -9999.0 -9999.0 -9999.0 -9999.0 -9999.0 -9999.0 -9999.0 -9999.0 -9999.0 -9999.0
-9999.0 -9999.0 -9999.0 -9999.0 -9999.0 -9999.0 -9999.0 -9999.0 -9999.0 -9999.0 -9999.0 -9999.0 -9999.0 -9999.0 -9999.0 -9999.0 -9999.0 4.528562 3.121792 2.035993 -0.047164 -0.217660 -0.013352 -0.002168 1.142667 -0.015067 -0.398086 -0.015622 -0.099198 0.011146 -0.039619 -0.366622 -2.900933 -2.999297 -4.172808 -5.053620 -9999.0 -9999.0 -9999.0 -9999.0 -9999.0 -9999.0 -9999.0 -9999.0 -9999.0 -9999.0 -9999.0 -9999.0 -9999.0 -9999.0 -9999.0 -9999.0 -9999.0 -9999.0 -9999.0 -9999.0 -9999.0 -9999.0 -9999.0 -9999.0 -9999.0 -9999.0 -9999.0
-9999.0 -9999.0 -9999.0 -9999.0 -9999.0 -9999.0 -9999.0 -9999.0 -9999.0 -9999.0 -9999.0 -9999.0 -9999.0 -0.003790 0.319140 2.656755 4.110717 6.369925 4.190859 1.746279 1.095842 0.708977 1.276161 1.270154 -0.023324 -0.005260 -1.327841 -2.720382 -1.029691 -0.048650 -1.557395 -1.579882 -3.034892 -2.235504 -4.291671 -5.076877 -9999.0 -9999.0 -9999.0 -9999.0 -9999.0 -9999.0 -9999.0 -9999.0 -9999.0 -9999.0 -9999.0 -9999.0 -9999.0 -9999.0 -9999.0 -9999.0 -9999.0 -9999.0 -9999.0 -9999.0 -9999.0 -9999.0 -9999.0 -9999.0 -9999.0 -9999.0 -9999.0
-9999.0 -9999.0 -9999.0 -9999.0 -9999.0 -9999.0 -9999.0 -9999.0 -9999.0 -9999.0 -9999.0 -9999.0 -9999.0 0.136446 2.107118 3.405239 3.349737 4.997629 6.401323 2.791263 3.265426 2.324076 1.493710 0.363943 -0.000612 -0.062498 -1.510392 -3.528185 -3.154030 -1.312396 -2.941508 -3.422517 -3.531891 -7.648953 -5.319004 -9999.0 -9999.0 -9999.0 -9999.0 -9999.0 -9999.0 -9999.0 -9999.0 -9999.0 -9999.0 -9999.0 -9999.0 -9999.0 -9999.0 -9999.0 -9999.0 -9999.0 -9999.0 -9999.0 -9999.0 -9999.0 -9999.0 -9999.0 -9999.0 -9999.0 -9999.0 -9999.0 -9999.0
-9999.0 -9999.0 -9999.0 -9999.0 -9999.0 -9999.0 -9999.0 -9999.0 -9999.0 -9999.0 -9999.0 -9999.0 -9999.0 2.004964 2.023508 3.370038 2.908562 3.706352 6.680171 4.124034 2.804804 0.679089 -0.010312 -0.046881 -0.003811 -0.008011 -0.437220 -3.437895 -2.920029 -6.784626 -2.501545 -8.141200 -8.478078 -10.184835 -5.419065 -9999.0 -9999.0 -9999.0 -9999.0 -9999.0 -9999.0 -9999.0 -9999.0 -9999.0 -9999.0 -9999.0 -9999.0 -9999.0 -9999.0 -9999.0 -9999.0 -9999.0 -9999.0 -9999.0 -9999.0 -9999.0 -9999.0 -9999.0 -9999.0 -9999.0 -9999.0 -9999.0 -9999.0
-9999.0 -9999.0 -9999.0 -9999.0 -9999.0 -9999.0 -9999.0 -9999.0 -9999.0 -9999.0 -9999.0 -9999.0 0.436487 1.384327 2.567224 0.867693 1.238986 3.203479 5.607287 3.745608 0.965839 -0.027093 -0.078476 -0.088434 -1.683611 -1.631352 -2.791596 -2.570126 -3.121057 -4.841453 -8.033177 -3.861163 -4.792798 -5.498397 -9999.0 -9999.0 -9999.0 -9999.0 -9999.0 -9999.0 -9999.0 -9999.0 -9999.0 -9999.0 -9999.0 -9999.0 -9999.0 -9999.0 -9999.0 -9999.0 -9999.0 -9999.0 -9999.0 -9999.0 -9999.0 -9999.0 -9999.0 -9999.0 -9999.0 -9999.0 -9999.0 -9999.0 -9999.0
-9999.0 -9999.0 -9999.0 -9999.0 -9999.0 -9999.0 -9999.0 -9999.0 -9999.0 -9999.0 -9999.0 -0.003485 1.699938 1.312003 1.838670 0.849832 2.801024 3.369589 5.470328 4.235138 1.948132 0.559972 -0.755394 -0.914608 -1.711345 -2.820847 -2.797904 -3.428194 -2.937683 -4.745992 -3.957102 -3.030392 -4.338106 -4.477687 -5.028592 -4.152561 -2.698218 -3.640523 -3.617507 -9999.0 -9999.0 -9999.0 -4.623814 -9999.0 -9999.0 -9999.0 -9999.0 -9999.0 -9999.0 -9999.0 -9999.0 -9999.0 -9999.0 -9999.0 -9999.0 -9999.0 -9999.0 -9999.0 -9999.0 -9999.0 -9999.0 -9999.0 -9999.0
-9999.0 -9999.0 -9999.0 -9999.0 -9999.0 -9999.0 -9999.0 -9999.0 -9999.0 -9999.0 -9999.0 -0.004869 1.832563 3.268192 3.702547 0.102247 5.331432 4.111118 5.688099 3.848760 2.752522 0.039063 -0.008678 -2.056745 -3.557600 -3.366136 -3.267652 -2.806327 -3.072267 -4.502631 -2.317461 -2.175684 -2.932250 -5.233144 -3.826192 -3.412916 -2.320645 -2.539159 -2.475622 -4.299310 -4.300604 -4.508676 -3.846829 -3.614947 -9999.0 -9999.0 -9999.0 -5.014621 -4.437395 -4.867664 -4.048463 -4.967757 -5.188085 -4.893486 -6.403046 -6.115469 -9999.0 -9999.0 -9999.0 -9999.0 -9999.0 -9999.0 -9999.0
-9999.0 -9999.0 -9999.0 -9999.0 -9999.0 -9999.0 -9999.0 -9999.0 -9999.0 -9999.0 -9999.0 -0.087052 -0.004288 -0.024659 0.278136 0.507805 0.601968 3.463442 4.496777 3.841164 1.657858 -0.015867 -1.659002 -0.639262 -2.932992 -2.158168 -3.238877 -3.206389 -2.758756 -3.728344 -3.180982 -3.674055 -2.707543 -3.348825 -4.817391 -2.586638 -2.837880 -2.498400 -0.006186 -3.001498 -3.131315 -2.765080 -2.722455 -3.322977 -3.549626 -9999.0 -5.395524 -5.227469 -2.950374 -2.963990 -2.837800 -2.977634 -3.381030 -2.503751 -4.330605 -3.301469 -9999.0 -9999.0 -9999.0 -9999.0 -9999.0 -9999.0 -9999.0
-9999.0 -9999.0 -9999.0 -9999.0 -9999.0 -9999.0 -9999.0 -9999.0 -9999.0 -9999.0 -9999.0 -9999.0 -0.042437 -1.167948 0.051575 0.139911 0.059289 2.540505 5.141044 3.817702 1.637370 -0.007838 -1.624844 -2.938870 -2.467145 -1.678500 -0.028200 -2.869532 -2.591920 -3.593523 -3.281243 -3.462337 -2.665996 -3.404168 -4.744560 -3.145237 -3.400879 -2.357386 0.287105 -0.407338 -2.184343 -0.385578 -2.891984 -1.988588 -3.293494 -3.702471 -4.480700 -3.415774 -4.409873 -2.998576 -0.262232 -3.340457 -3.403042 -3.984103 -4.573027 -4.114143 -3.333330 -9999.0 -9999.0 -9999.0 -9999.0 -9999.0 -9999.0
-9999.0 -9999.0 -9999.0 -9999.0 -9999.0 -9999.0 -9999.0 -9999.0 -9999.0 -9999.0 -9999.0 -1.811988 -0.027550 -0.050787 -1.198468 -0.011549 0.103306 1.711980 4.512795 3.821466 2.139179 0.122005 -0.043484 -1.572073 -1.548876 -2.186518 -1.311075 -2.498502 -2.675400 -2.090663 -3.275795 -2.640099 -1.452815 -2.788552 -3.879378 -3.645904 -3.311863 -2.864215 -0.017597 -0.005779 -1.885254 -0.075002 -1.307584 -2.170253 -0.752478 -2.688737 -3.253275 -1.765734 -0.363244 -0.065015 -3.364474 -2.298197 -5.260997 -6.014084 -6.901718 -7.690508 -4.643767 -9999.0 -9999.0 -9999.0 -9999.0 -9999.0 -9999.0
-9999.0 -9999.0 -9999.0 -9999.0 -9999.0 -9999.0 -9999.0 -9999.0 -9999.0 -9999.0 -0.009073 -2.507272 -0.022854 -0.008446 -0.003098 -0.327468 -0.430903 -0.016349 3.052489 3.468578 2.325880 1.165455 -0.561655 -0.003626 -0.613600 -1.914188 -1.828834 -4.594652 -0.726722 -0.543747 -2.091507 -2.183177 -2.096358 -2.549314 -5.182576 -3.217191 -2.598839 -3.160276 -1.114174 -0.006974 -0.004641 0.678087 2.759916 0.511825 -0.247000 -1.424913 -1.565422 -2.777313 -2.030274 -0.035259 -5.331782 -4.350180 -7.353052 -8.472474 -8.094156 -2.585639 -2.589093 -9999.0 -9999.0 -9999.0 -9999.0 -9999.0 -9999.0
-9999.0 -9999.0 -9999.0 -9999.0 -9999.0 -9999.0 -9999.0 -9999.0 -9999.0 -3.192223 -1.464963 -2.326228 -1.820515 -1.085290 -1.169394 -0.736236 -0.155929 0.626630 2.977938 3.603164 2.626847 0.101555 -0.010922 -0.003682 -0.014566 -1.457709 -2.648526 -0.014347 -1.220353 -1.126398 -0.011584 -1.659195 -2.809263 -7.761388 -4.265747 -3.310243 -2.464399 -3.580551 -2.934257 -2.031108 -1.205103 -0.373211 -0.449720 1.397706 0.513758 -0.080970 -0.002736 -1.164441 -1.311895 -0.010580 -1.805160 -4.551694 -9.164106 -6.229673 -5.008313 -5.192354 -4.449578 -3.418435 -4.669118 -9999.0 -9999.0 -9999.0 -9999.0
-9999.0 -9999.0 -9999.0 -9999.0 -9999.0 -9999.0 -9999.0 -9999.0 -9999.0 -3.253385 -2.550510 -0.444373 0.103370 -0.217108 -0.216174 -0.991742 -0.002797 -0.001044 3.558086 3.605080 3.205714 2.684148 1.392252 -0.000913 -1.070118 -1.543452 -1.252182 -0.042320 -0.000866 -0.000863 -0.012578 -2.033601 -2.908214 -3.245610 -3.955601 -3.148898 -2.491314 -0.768270 -3.189298 -1.411159 -2.633184 -1.784468 -0.555354 -0.001386 1.887054 1.320088 0.970433 -0.004003 -0.025834 -0.009266 -2.910200 -5.466520 -6.159627 -6.248206 -4.998192 -6.188744 -4.189682 -3.564960 -2.268716 -9999.0 -9999.0 -9999.0 -9999.0
-9999.0 -9999.0 -9999.0 -9999.0 -9999.0 -9999.0 -9999.0 -9999.0 -9999.0 -9999.0 -3.275621 -1.795850 -1.622493 -0.672609 -0.019287 -0.137008 -0.029651 0.844420 4.354509 3.519565 3.276103 2.066185 -0.027144 -0.365068 -1.500892 -0.118563 -0.009035 0.295977 -0.001366 -1.587895 -1.933864 -3.043476 -3.687961 -3.110880 -2.759258 -1.453788 -0.577225 -1.375000 -2.470415 -3.461258 -2.260472 -0.117083 -0.002420 -0.074536 -0.017948 -0.012854 0.803452 1.824761 1.677334 -0.009945 -1.863022 -4.117772 -5.164716 -6.780434 -6.656159 -5.179286 -2.274785 -1.843951 -1.622716 -0.056188 -9999.0 -9999.0 -9999.0
-9999.0 -9999.0 -9999.0 -9999.0 -9999.0 -9999.0 -9999.0 -9999.0 -9999.0 -9999.0 -2.618383 -2.869435 -0.975379 -0.492646 0.850766 -0.011083 -0.016487 2.033226 4.756464 4.718932 2.903972 0.786657 -0.035788 -0.280682 -0.114569 -0.000722 0.971235 -0.015017 -1.278565 -3.394678 -2.454980 -2.147221 -4.732414 -3.321888 -3.350105 -0.877022 -1.841424 -2.213085 -2.018605 -2.627785 -3.283046 -1.110060 -2.915103 -0.098138 -0.076994 -0.360334 -0.032417 -0.017354 2.131010 1.388909 -0.013453 -1.906642 -4.248937 -4.729096 -6.639658 -5.855507 -3.539148 -1.434572 0.822301 1.299746 -9999.0 -9999.0 -9999.0
-9999.0 -9999.0 -9999.0 -9999.0 -9999.0 -9999.0 -9999.0 -9999.0 -1.803506 -2.522655 -2.798649 -2.540228 -2.940963 -1.463845 -0.056669 1.147145 2.356275 3.696519 4.522757 5.204927 4.665766 3.479737 2.359371 0.528282 -0.007061 1.496716 1.004103 -0.798680 -1.511055 -3.364459 -7.167420 -3.351584 -2.391580 -3.083228 -3.260920 -1.725958 -0.002598 -1.299213 -2.537125 -3.140283 -2.460507 -1.748109 -3.347650 -2.749629 -0.299060 -0.005963 -2.353145 -1.515408 -0.014122 1.576035 -0.004733 -0.717538 -4.426090 -5.824506 -5.449021 -2.897164 -3.180983 -0.004830 -0.000733 3.488504 -9999.0 -9999.0 -9999.0
-9999.0 -9999.0 -9999.0 -9999.0 -9999.0 -9999.0 -9999.0 -9999.0 -3.253545 -3.343981 -2.816157 -2.658814 -2.723458 -2.349981 -0.916100 -0.013582 1.354450 1.979913 5.090520 5.736518 6.178134 5.317376 4.201942 3.190779 2.837404 2.670030 0.443761 -1.639566 -4.707177 -2.608047 -3.259394 -2.670203 -3.172054 -2.382784 -2.731034 -0.016697 -0.002461 -0.316796 -1.312397 -0.930416 -3.266222 -5.884074 -2.161716 -0.448394 -0.326703 -3.031417 -4.011145 -1.220139 -0.348102 1.136646 1.122160 -0.229647 -4.578725 -3.397439 -3.098991 -2.652330 -1.281494 -0.038096 1.850263 4.338893 5.663005 -9999.0 -9999.0
-9999.0 -9999.0 -9999.0 -9999.0 -9999.0 -9999.0 -9999.0 -9999.0 -3.071372 -1.487023 -1.145036 -3.613841 -2.584947 -3.118390 -1.431788 -0.782307 -0.010005 1.490397 4.994160 6.197629 6.201958 6.240500 5.799083 4.547963 3.757441 2.681441 -0.004316 -1.229980 -5.260593 -3.398854 -1.877077 -1.685329 -2.006349 -1.625589 -0.729410 -0.004051 -1.071387 1.194747 -0.038643 -2.813118 -2.413674 -1.536748 -1.051554 -1.634425 -3.347224 -2.696112 -3.162940 -2.918367 -2.180704 -0.021990 2.156733 -0.007832 -3.462642 -4.386735 -1.804835 -1.036146 0.389847 1.736036 3.946912 4.619678 4.957478 -9999.0 -9999.0
-9999.0 -9999.0 -9999.0 -9999.0 -9999.0 -9999.0 -9999.0 -9999.0 -4.260677 -2.498397 -2.133715 -5.091664 -1.184032 -1.520044 -0.385214 -0.005660 3.570159 4.785830 3.943949 5.283151 5.616328 5.995884 6.059169 5.471426 3.132028 0.561614 -0.071595 -1.983227 -0.278690 -2.683178 -1.524497 -2.417456 -0.140817 -1.010856 -0.526691 -0.003603 0.930161 3.517675 0.229190 -0.182406 -0.636954 -1.292067 -0.443405 -0.318105 -1.414443 -1.499563 -0.855599 -2.195982 -1.516607 -1.400430 -0.018142 1.756846 -0.007081 -1.719720 -0.000682 0.952726 2.533725 4.071510 5.119764 4.726255 3.790745 2.096548 -9999.0
-9999.0 -9999.0 -9999.0 -9999.0 -9999.0 -9999.0 -9999.0 -9999.0 -4.114432 -2.783709 -2.441677 -1.562559 -2.054054 -0.116700 -0.000841 1.424069 2.393568 2.021591 0.302671 2.379687 4.304693 5.380693 5.624547 5.323247 2.856730 -0.011776 -1.091857 -0.086438 -0.018079 -0.768698 -0.341237 -0.009174 1.318860 0.325773 -0.008405 0.276194 1.664614 5.534666 4.993711 1.208781 -0.003172 -0.010601 -0.013968 -0.027608 -1.501101 -0.005446 -0.459323 -1.578956 -0.385175 -0.010651 0.681957 1.184913 1.512532 1.055281 1.535675 1.827482 2.698825 3.497937 4.117886 3.783667 3.634615 1.515168 -9999.0
-9999.0 -9999.0 -3.149380 -2.683708 -3.700324 -1.708229 -3.240489 -2.537847 -2.721287 -3.265813 -1.775097 -0.799614 -0.097787 -0.149040 1.408932 0.921935 -0.023138 -1.213521 -0.744048 -0.011006 2.253247 4.947745 4.292610 5.751641 3.394161 1.526864 -0.016145 -0.009590 1.630602 1.068166 -0.024949 0.039253 3.156250 2.754314 2.815753 4.082653 5.405738 7.824444 6.779936 4.060272 2.891136 2.831613 3.158050 1.539473 -0.013304 -0.010377 0.750211 0.989809 1.524806 2.486277 3.223138 2.972623 2.394426 1.940077 1.857678 3.435006 2.493411 2.872435 2.491255 2.834761 1.937626 0.762371 -9999.0
-9999.0 -2.248440 -3.072334 -1.714532 -1.575766 -1.415419 -2.519458 -2.990275 -3.978387 -2.827107 -2.109500 -0.843064 -0.008874 0.114112 0.620214 -0.339364 -1.420995 -2.044100 -1.421785 -0.020322 1.984469 3.753929 3.768683 4.220958 4.730141 3.106985 2.557272 2.815239 3.193388 2.093973 1.906412 1.972906 3.456620 5.305839 6.347718 7.364274 9.491107 10.799624 9.095002 7.244177 6.950496 6.691013 5.592427 4.295484 3.010281 3.311176 3.337775 5.462539 5.262332 5.535828 3.777048 3.006514 2.262453 1.514994 1.441258 0.984652 0.465360 0.808030 0.713318 0.719138 0.064669 0.559832 -9999.0
-9999.0 -0.010714 -1.612842 -0.163010 -0.002071 -0.541258 -2.518113 -3.506555 -2.933327 -3.031255 -2.635605 -1.228818 -0.005002 0.685222 -0.157065 -3.643344 -2.812609 -2.341053 -0.699862 -0.108256 1.175406 1.449195 2.404897 1.974325 3.892072 4.809816 5.077720 5.179403 4.609545 5.960148 6.161039 5.905761 5.241701 6.168358 7.838473 9.546953 12.283513 13.539149 12.137836 11.314668 10.472112 9.365870 8.649109 7.640710 7.577515 7.431384 6.482107 6.004003 5.325272 4.591504 2.947272 1.510851 0.573609 1.175695 0.401816 -0.044353 -0.287383 -0.075298 -0.048843 -0.214943 -0.037417 -9999.0 -9999.0
