user2019/resources/simulation/Vinschgau/output-maps/TL0007N1296.asc
ncols         63
nrows         48
xllcorner     598000.000000
yllcorner     5145000.000000
cellsize      1000.000000
NODATA_value  -9999.0
[rows 0 to 27 of 48, columns 0 to 62 of 63]
-9999.0 -9999.0 -9999.0 -9999.0 -9999.0 -9999.0 -9999.0 -9999.0 -9999.0 -9999.0 -9999.0 -9999.0 -9999.0 -9999.0 -9999.0 -9999.0 -9999.0 -9999.0 -9999.0 -9999.0 -9999.0 -9999.0 -9999.0 -9999.0 -9999.0 -9999.0 -9999.0 -9999.0 -9999.0 -9999.0 -9999.0 -9999.0 -9999.0 -9999.0 -9999.0 -9999.0 -9999.0 -9999.0 -9999.0 -9999.0 -9999.0 -9999.0 -9999.0 -9999.0 -9999.0 -9999.0 -9999.0 -9999.0 -9999.0 -9999.0 -9999.0 -9999.0 -9999.0 -9999.0 -9999.0 -9999.0 -9999.0 -9999.0 -9999.0 -9999.0 -9999.0 -9999.0 -9999.0
-9999.0 -9999.0 -9999.0 -9999.0 -9999.0 -9999.0 -9999.0 -9999.0 -9999.0 -9999.0 -9999.0 -9999.0 -9999.0 -9999.0 -9999.0 -9999.0 -9999.0 -9999.0 -9999.0 -9999.0 -9999.0 -9999.0 -9999.0 -9999.0 -9999.0 -9999.0 -9999.0 2.200008 1.524856 2.838020 0.458484 0.286286 -0.025262 -9999.0 -9999.0 -9999.0 -9999.0 -9999.0 -9999.0 -9999.0 -9999.0 -9999.0 -9999.0 -9999.0 -9999.0 -9999.0 -9999.0 -9999.0 -9999.0 -9999.0 -9999.0 -9999.0 -9999.0 -9999.0 -9999.0 -9999.0 -9999.0 -9999.0 -9999.0 -9999.0 -9999.0 -9999.0 -9999.0
-9999.0 -9999.0 -9999.0 -9999.0 -9999.0 -9999.0 -9999.0 -9999.0 -9999.0 -9999.0 -9999.0 -9999.0 -9999.0 -9999.0 -9999.0 -9999.0 -9999.0 -9999.0 -9999.0 -9999.0 -9999.0 -9999.0 -9999.0 -9999.0 1.815972 2.158881 2.512690 1.776889 2.216403 2.400898 0.376453 -9999.0 -9999.0 -9999.0 -9999.0 -9999.0 -9999.0 -9999.0 -9999.0 -9999.0 -9999.0 -9999.0 -9999.0 -9999.0 -9999.0 -9999.0 -9999.0 -9999.0 -9999.0 -9999.0 -9999.0 -9999.0 -9999.0 -9999.0 -9999.0 -9999.0 -9999.0 -9999.0 -9999.0 -9999.0 -9999.0 -9999.0 -9999.0
-9999.0 -9999.0 -9999.0 -9999.0 -9999.0 -9999.0 -9999.0 -9999.0 -9999.0 -9999.0 -9999.0 -9999.0 -9999.0 -9999.0 -9999.0 -9999.0 -9999.0 -9999.0 -9999.0 -9999.0 -9999.0 -9999.0 -9999.0 2.321323 3.154895 4.153391 4.257588 4.369477 4.762205 2.627576 0.388053 -0.001241 -9999.0 -9999.0 -9999.0 -9999.0 -9999.0 -9999.0 -9999.0 -9999.0 -9999.0 -9999.0 -9999.0 -9999.0 -9999.0 -9999.0 -9999.0 -9999.0 -9999.0 -9999.0 -9999.0 -9999.0 -9999.0 -9999.0 -9999.0 -9999.0 -9999.0 -9999.0 -9999.0 -9999.0 -9999.0 -9999.0 -9999.0
-9999.0 -9999.0 -9999.0 -9999.0 -9999.0 -9999.0 -9999.0 -9999.0 -9999.0 -9999.0 -9999.0 -9999.0 -9999.0 -9999.0 -9999.0 -9999.0 -9999.0 -9999.0 6.858997 3.198127 -9999.0 2.740947 3.199559 3.796638 3.803973 4.530975 4.595370 5.260834 2.988515 1.759494 2.272365 0.435236 1.043826 1.265264 -9999.0 -9999.0 -9999.0 -9999.0 -9999.0 -9999.0 -9999.0 -9999.0 -9999.0 -9999.0 -9999.0 -9999.0 -9999.0 -9999.0 -9999.0 -9999.0 -9999.0 -9999.0 -9999.0 -9999.0 -9999.0 -9999.0 -9999.0 -9999.0 -9999.0 -9999.0 -9999.0 -9999.0 -9999.0
-9999.0 -9999.0 -9999.0 -9999.0 -9999.0 -9999.0 -9999.0 -9999.0 -9999.0 -9999.0 -9999.0 -9999.0 -9999.0 -9999.0 -9999.0 -9999.0 -9999.0 5.368626 4.029463 4.722405 4.794031 1.018730 2.056004 3.599662 5.697450 0.414494 -0.050121 1.334159 -0.044496 2.532684 3.646615 2.417853 3.212225 2.080222 0.971117 1.113515 -9999.0 -9999.0 -9999.0 -9999.0 -9999.0 -9999.0 -9999.0 -9999.0 -9999.0 -9999.0 -9999.0 -9999.0 -9999.0 -9999.0 -9999.0 -9999.0 -9999.0 -9999.0 -9999.0 -9999.0 -9999.0 -9999.0 -9999.0 -9999.0 -9999.0 -9999.0 -9999.0
-9999.0 -9999.0 -9999.0 -9999.0 -9999.0 -9999.0 -9999.0 -9999.0 -9999.0 -9999.0 -9999.0 -9999.0 -9999.0 5.769581 3.506072 3.735141 5.037914 11.618098 5.110813 4.210661 4.062758 3.753627 4.455263 5.937798 -0.003167 3.149739 0.054652 -0.042058 -0.039984 -0.003752 -0.351309 2.706560 1.742133 0.488080 1.522141 1.046922 -9999.0 -9999.0 -9999.0 -9999.0 -9999.0 -9999.0 -9999.0 -9999.0 -9999.0 -9999.0 -9999.0 -9999.0 -9999.0 -9999.0 -9999.0 -9999.0 -9999.0 -9999.0 -9999.0 -9999.0 -9999.0 -9999.0 -9999.0 -9999.0 -9999.0 -9999.0 -9999.0
-9999.0 -9999.0 -9999.0 -9999.0 -9999.0 -9999.0 -9999.0 -9999.0 -9999.0 -9999.0 -9999.0 -9999.0 -9999.0 6.368966 5.102441 4.481906 4.265425 11.181915 11.718699 6.021050 4.338219 7.475572 3.035231 1.881084 3.076789 1.700397 1.635192 2.637525 1.617722 -0.052448 -0.061046 0.462279 1.163315 0.303027 0.840916 -9999.0 -9999.0 -9999.0 -9999.0 -9999.0 -9999.0 -9999.0 -9999.0 -9999.0 -9999.0 -9999.0 -9999.0 -9999.0 -9999.0 -9999.0 -9999.0 -9999.0 -9999.0 -9999.0 -9999.0 -9999.0 -9999.0 -9999.0 -9999.0 -9999.0 -9999.0 -9999.0 -9999.0
-9999.0 -9999.0 -9999.0 -9999.0 -9999.0 -9999.0 -9999.0 -9999.0 -9999.0 -9999.0 -9999.0 -9999.0 -9999.0 5.202421 5.060857 6.439262 4.105472 4.861506 12.098327 5.205987 8.863837 3.669638 0.708481 -0.006413 3.074034 2.500277 3.473323 1.428964 0.221499 0.645739 0.320822 0.243898 0.331011 -5.618166 1.052318 -9999.0 -9999.0 -9999.0 -9999.0 -9999.0 -9999.0 -9999.0 -9999.0 -9999.0 -9999.0 -9999.0 -9999.0 -9999.0 -9999.0 -9999.0 -9999.0 -9999.0 -9999.0 -9999.0 -9999.0 -9999.0 -9999.0 -9999.0 -9999.0 -9999.0 -9999.0 -9999.0 -9999.0
-9999.0 -9999.0 -9999.0 -9999.0 -9999.0 -9999.0 -9999.0 -9999.0 -9999.0 -9999.0 -9999.0 -9999.0 4.002685 4.577967 6.090487 4.563697 2.755894 4.404814 12.089607 6.445348 4.342176 0.642103 0.625763 -0.025221 -0.454350 1.582787 -1.701837 0.348010 0.713196 1.098805 -0.021032 1.042829 -0.002745 1.207024 -9999.0 -9999.0 -9999.0 -9999.0 -9999.0 -9999.0 -9999.0 -9999.0 -9999.0 -9999.0 -9999.0 -9999.0 -9999.0 -9999.0 -9999.0 -9999.0 -9999.0 -9999.0 -9999.0 -9999.0 -9999.0 -9999.0 -9999.0 -9999.0 -9999.0 -9999.0 -9999.0 -9999.0 -9999.0
-9999.0 -9999.0 -9999.0 -9999.0 -9999.0 -9999.0 -9999.0 -9999.0 -9999.0 -9999.0 -9999.0 5.409347 5.528548 2.769660 5.627887 8.193817 5.668369 4.725447 11.805748 7.892839 3.033009 3.617512 3.410406 2.074934 0.766358 2.089050 0.267105 0.992427 -0.017581 0.979397 1.136152 1.703347 1.504092 1.186823 1.096669 1.803272 0.304355 1.566911 1.810914 -9999.0 -9999.0 -9999.0 1.082928 -9999.0 -9999.0 -9999.0 -9999.0 -9999.0 -9999.0 -9999.0 -9999.0 -9999.0 -9999.0 -9999.0 -9999.0 -9999.0 -9999.0 -9999.0 -9999.0 -9999.0 -9999.0 -9999.0 -9999.0
-9999.0 -9999.0 -9999.0 -9999.0 -9999.0 -9999.0 -9999.0 -9999.0 -9999.0 -9999.0 -9999.0 4.879838 5.441872 7.051712 6.783761 7.463035 7.768076 5.155417 11.928845 9.147592 8.786911 5.626066 2.865466 -0.865675 -0.583529 1.444019 0.489223 2.045767 2.759551 1.247283 0.510910 2.260396 -0.001337 -0.003675 0.100548 1.100190 2.562249 3.015032 1.809967 1.108445 1.251539 1.242060 0.425070 1.164083 -9999.0 -9999.0 -9999.0 -0.036925 -0.022416 0.218790 -0.022279 -0.002834 0.020794 -0.088856 -0.184706 0.001788 -9999.0 -9999.0 -9999.0 -9999.0 -9999.0 -9999.0 -9999.0
-9999.0 -9999.0 -9999.0 -9999.0 -9999.0 -9999.0 -9999.0 -9999.0 -9999.0 -9999.0 -9999.0 4.585987 5.232240 1.896101 7.546419 8.150018 3.382118 4.142995 10.268012 9.030516 2.590178 0.562350 -0.214660 1.647377 1.468288 2.289640 -0.319256 -2.194607 1.928050 -0.001630 1.569753 -0.742178 2.057184 -0.003728 1.146923 2.267552 -0.486952 -0.627316 3.933123 1.644932 1.723125 0.301742 2.040057 1.080947 -0.014908 -9999.0 0.907704 -0.016546 0.401902 1.587724 2.124800 3.007748 1.362331 0.330483 0.335401 -0.006848 -9999.0 -9999.0 -9999.0 -9999.0 -9999.0 -9999.0 -9999.0
-9999.0 -9999.0 -9999.0 -9999.0 -9999.0 -9999.0 -9999.0 -9999.0 -9999.0 -9999.0 -9999.0 -9999.0 5.039871 -0.020447 6.555411 6.890549 1.085767 3.173110 11.166781 8.871715 2.452884 1.073417 -0.041536 -0.180652 -1.113147 -0.391954 0.813300 2.267701 0.416459 1.254858 0.468787 -0.421710 2.442186 0.324467 0.183542 1.627416 -0.291781 -0.822403 4.686231 3.142152 3.416142 3.356171 -0.110082 2.493267 1.403879 -0.015953 0.478463 -0.009130 -1.095002 -0.123641 -0.009804 -0.624943 -2.407683 -1.365377 -1.150777 -0.001070 -0.017746 -9999.0 -9999.0 -9999.0 -9999.0 -9999.0 -9999.0
-9999.0 -9999.0 -9999.0 -9999.0 -9999.0 -9999.0 -9999.0 -9999.0 -9999.0 -9999.0 -9999.0 -0.080129 3.243430 6.185465 -0.027180 0.998314 2.517754 2.479879 10.535385 4.411122 2.720616 0.940467 -0.006117 -0.346547 -0.305650 -0.603572 -0.235888 0.360955 0.303271 2.537565 -0.377388 -0.594056 2.963577 0.348086 -0.002669 0.605241 1.593446 -0.068774 0.554309 4.842797 -0.068163 0.132390 -0.040250 0.049802 3.221985 0.373372 1.131372 2.541699 3.168212 -0.014753 -1.764740 0.382138 -1.865213 -3.640032 -4.431107 -2.614713 0.801912 -9999.0 -9999.0 -9999.0 -9999.0 -9999.0 -9999.0
-9999.0 -9999.0 -9999.0 -9999.0 -9999.0 -9999.0 -9999.0 -9999.0 -9999.0 -9999.0 0.956184 -0.048472 3.143956 3.489024 4.822407 -0.015299 -0.016967 -0.003247 3.564955 4.057105 6.829094 4.707352 -0.275762 3.631557 -0.003848 -0.879206 -0.700146 -2.690665 2.458808 2.789042 -0.107597 -1.187887 2.604610 0.322333 1.246737 1.610078 2.380690 -0.157477 -0.119466 0.828809 0.998645 2.013317 7.021563 1.089827 -0.019402 2.611838 1.789870 -0.072388 -0.193026 -0.001390 -2.895865 0.180933 -4.921502 -0.904626 -0.307387 0.299677 0.339614 -9999.0 -9999.0 -9999.0 -9999.0 -9999.0 -9999.0
-9999.0 -9999.0 -9999.0 -9999.0 -9999.0 -9999.0 -9999.0 -9999.0 -9999.0 1.697036 1.126384 -0.041383 -0.035570 -0.072087 -0.067446 -0.042845 -0.020549 5.712426 3.489779 4.093964 7.232789 0.901697 0.469029 1.531786 0.519164 -1.074387 -1.241483 2.674082 -0.040477 -0.020241 0.561817 -1.270183 1.820511 1.104726 1.313007 1.547575 2.418951 -0.415954 -0.225894 -0.057293 -0.498998 -0.287372 -0.208138 1.695180 1.386010 -0.021876 4.215154 -0.127132 -0.118261 0.612290 -0.696513 0.603829 -1.353437 -0.265583 -0.004666 -2.099738 -1.389028 1.156842 0.016534 -9999.0 -9999.0 -9999.0 -9999.0
-9999.0 -9999.0 -9999.0 -9999.0 -9999.0 -9999.0 -9999.0 -9999.0 -9999.0 1.778032 1.563105 2.959831 3.567862 -0.001572 -0.022355 -0.080834 4.017932 1.383711 4.052437 8.309679 7.886457 7.395135 5.305610 3.240463 -0.686622 -0.531114 -0.067296 -0.001796 1.125991 3.327578 2.711570 -1.650923 1.440914 -0.002016 0.419769 1.551626 2.089874 3.203461 1.514308 3.080705 -0.249749 -0.680760 -0.046546 1.416521 2.769739 2.899025 2.681866 1.153034 -0.003888 0.803827 -2.531391 -3.805294 -0.789248 -1.034037 0.218100 -2.958677 -1.381257 -0.726983 1.959174 -9999.0 -9999.0 -9999.0 -9999.0
-9999.0 -9999.0 -9999.0 -9999.0 -9999.0 -9999.0 -9999.0 -9999.0 -9999.0 -9999.0 0.462837 2.817505 -0.034811 -0.256450 0.422291 -0.020459 -0.001464 2.903468 4.829252 5.705977 7.997755 2.689079 -0.002323 -0.127077 -0.326856 -0.019199 0.713645 1.668125 2.618321 -1.214839 -1.553048 -2.031610 -2.098770 0.286291 1.802657 2.944435 2.700101 2.914363 2.111016 0.957584 0.412615 2.654009 3.040897 -0.019918 -0.003697 -0.002512 1.721481 5.583437 4.059950 0.833477 -1.492571 -1.201449 -0.019735 -1.006039 -1.132100 -0.018585 0.576562 -0.886365 -0.054348 -0.002828 -9999.0 -9999.0 -9999.0
-9999.0 -9999.0 -9999.0 -9999.0 -9999.0 -9999.0 -9999.0 -9999.0 -9999.0 -9999.0 0.384012 1.849703 2.588195 -0.019477 4.194201 0.330482 -0.003928 2.598430 5.272313 6.403976 3.376820 1.510278 -0.003115 -0.037619 -0.017077 1.181648 2.324939 -0.002400 -0.903806 -1.829588 0.841069 1.697776 -2.076508 -0.001377 1.070157 3.153630 -0.792630 -0.058652 -0.784011 0.337195 1.228774 4.544007 -0.078555 2.578274 1.711102 -0.124027 -0.001202 -0.003468 3.115634 3.323100 0.494550 -0.778929 -2.569950 -0.004529 -1.624877 -0.935331 -0.022305 -0.142910 1.426894 2.521141 -9999.0 -9999.0 -9999.0
-9999.0 -9999.0 -9999.0 -9999.0 -9999.0 -9999.0 -9999.0 -9999.0 0.728438 0.451240 0.256243 0.929374 -0.351349 -0.050485 -0.039509 1.627774 2.914665 8.184680 6.654092 6.789180 5.098691 4.015006 3.139641 1.446848 1.113280 1.893208 4.258731 -0.446609 -0.517580 -1.740690 0.296256 0.808830 0.909316 0.222538 1.256204 1.585109 4.539642 -0.048442 -2.144191 1.671698 2.710605 2.642739 -1.713909 1.944771 3.576254 1.260771 -1.969254 -0.051843 -0.002309 2.920437 0.939977 -0.425168 -1.579697 -4.261691 -0.650182 -0.001549 1.275163 2.883761 1.216991 4.487683 -9999.0 -9999.0 -9999.0
-9999.0 -9999.0 -9999.0 -9999.0 -9999.0 -9999.0 -9999.0 -9999.0 -2.271478 -0.730208 -1.374073 0.294562 1.570272 -1.382277 -0.551061 -0.002546 1.903403 2.492074 5.464044 7.328485 11.810183 10.609843 10.121050 9.067132 3.357585 3.363633 0.797361 -0.047664 -1.975108 0.333993 -0.002845 1.913737 1.702263 2.180437 1.413418 2.430476 5.744752 -0.001170 -0.046416 2.308212 0.993656 0.416656 2.357550 2.440363 0.734780 -0.138515 -2.157180 1.988442 -0.043136 1.497672 2.356077 -0.025021 -3.223660 -0.018412 1.187484 -1.737829 -0.195584 -0.006626 3.360608 6.299179 7.201944 -9999.0 -9999.0
-9999.0 -9999.0 -9999.0 -9999.0 -9999.0 -9999.0 -9999.0 -9999.0 0.858623 0.542753 0.273149 -2.079012 0.733780 -1.554106 -0.124778 -0.439607 0.271583 3.712402 5.402591 11.470926 7.783497 10.809625 10.859032 6.420413 8.458229 3.224551 0.345225 -0.855263 -2.526149 0.844077 2.367731 2.548451 -0.836302 -0.560393 2.927354 5.045456 0.179165 1.792011 -0.020586 -0.073606 2.241480 2.726341 1.904650 0.509268 -0.427300 1.784792 1.568483 0.499554 -0.958536 -0.002556 2.660732 0.791425 -3.322979 -3.206802 -0.043881 -0.032558 1.524612 3.018519 6.154225 6.567844 6.977400 -9999.0 -9999.0
-9999.0 -9999.0 -9999.0 -9999.0 -9999.0 -9999.0 -9999.0 -9999.0 0.250389 2.122586 -0.067773 -2.481029 0.638694 -0.524153 -0.306901 0.179374 3.946801 5.199378 8.416687 5.663933 7.231221 7.647729 10.344466 9.516232 3.620852 1.052798 -0.002539 -1.596338 2.508446 -0.207624 -0.113428 -0.050425 0.081110 -0.035316 -0.031779 4.432147 6.523702 4.091292 0.753208 -0.017265 2.853106 3.049718 2.985283 3.582797 0.597374 2.645199 2.569111 3.109024 1.402257 -0.211163 -0.002053 2.351848 0.859460 -0.044000 1.106905 2.093660 3.848447 4.882380 5.748504 6.716498 5.744522 2.737236 -9999.0
-9999.0 -9999.0 -9999.0 -9999.0 -9999.0 -9999.0 -9999.0 -9999.0 -0.033341 0.632185 -1.517924 -1.206917 -0.416986 -0.127442 3.294445 2.863022 5.730109 2.497136 0.955678 2.880045 4.743638 7.070304 7.256706 6.934088 7.614504 0.292096 -0.713975 -0.016967 0.444701 -0.018078 -0.111781 0.732360 2.793330 1.699962 0.945574 2.451854 4.023891 6.057359 5.434603 2.684432 1.188524 1.042590 1.221807 0.338364 -0.152813 3.349046 -0.040308 -0.046703 -0.042281 0.639214 2.072640 1.734413 1.998852 2.255638 2.921328 3.322209 4.013635 5.149746 5.970857 6.048928 4.202182 2.147041 -9999.0
-9999.0 -9999.0 2.033697 1.550481 -2.712496 -0.651067 -1.605739 -1.541335 -0.001705 0.457865 -0.377761 -0.373484 -0.084257 -0.003122 4.675697 2.024007 -0.003692 -0.852615 -0.056980 -0.002759 2.749034 5.473819 6.526246 6.121565 5.047421 2.022138 0.019141 0.290129 2.607819 4.555912 -0.002575 0.892190 7.298060 3.420294 5.265245 4.647121 7.703000 8.305154 7.212788 4.537215 5.392290 5.437145 4.282894 3.395595 -0.002923 0.899494 2.126114 1.448035 3.626086 4.551886 5.288615 4.711567 3.714326 3.179211 3.082265 7.579238 3.778902 4.380818 4.326774 3.555615 5.888843 1.360287 -9999.0
-9999.0 -0.076652 -0.197607 -0.218696 -0.559552 -0.573348 -1.108265 -1.496807 -2.438029 0.254212 -1.397905 -0.503612 -0.001188 4.033757 3.627629 -0.233350 -0.334431 -0.863303 -0.454761 -0.002699 2.523018 4.286467 8.099568 4.927896 8.814693 4.828864 7.069064 7.350143 5.546929 4.133291 4.129944 4.303412 6.031027 10.171233 8.311141 9.600058 11.225115 11.201470 11.409295 9.779388 8.859932 8.715375 8.040824 4.828589 3.534056 3.926792 5.414568 5.929295 7.153348 6.116362 5.652960 4.539128 3.564268 2.748968 2.670948 2.148405 0.787737 1.147522 1.946751 4.021978 0.541138 1.151495 -9999.0
-9999.0 3.950536 -0.034631 -0.038491 2.202255 -0.050849 -2.140952 -1.994428 -0.004867 0.172571 -1.264263 -0.882255 0.256517 3.818737 -0.066648 -2.142615 -1.371954 -1.069540 -0.608360 -0.008612 4.450419 2.049620 3.104342 3.622317 8.872441 9.892870 5.441683 6.722552 6.752047 6.401098 6.544688 6.318208 7.851564 8.749760 12.912403 11.765888 17.683174 18.670762 14.282381 13.209738 12.501753 11.494485 10.418765 8.077621 7.935741 7.802159 8.411423 8.141594 7.524355 6.688727 4.783657 2.099554 0.929750 1.524978 0.657195 -0.002087 -0.261904 -0.003310 -0.002110 -0.005823 -0.002374 -9999.0 -9999.0
