user2019/resources/simulation/Vinschgau/output-maps/TL0001N0714.asc
ncols         63
nrows         48
xllcorner     598000.000000
yllcorner     5145000.000000
cellsize      1000.000000
NODATA_value  -9999.0
[rows 0 to 27 of 48, columns 0 to 62 of 63]
-9999.0 -9999.0 -9999.0 -9999.0 -9999.0 -9999.0 -9999.0 -9999.0 -9999.0 -9999.0 -9999.0 -9999.0 -9999.0 -9999.0 -9999.0 -9999.0 -9999.0 -9999.0 -9999.0 -9999.0 -9999.0 -9999.0 -9999.0 -9999.0 -9999.0 -9999.0 -9999.0 -9999.0 -9999.0 -9999.0 -9999.0 -9999.0 -9999.0 -9999.0 -9999.0 -9999.0 -9999.0 -9999.0 -9999.0 -9999.0 -9999.0 -9999.0 -9999.0 -9999.0 -9999.0 -9999.0 -9999.0 -9999.0 -9999.0 -9999.0 -9999.0 -9999.0 -9999.0 -9999.0 -9999.0 -9999.0 -9999.0 -9999.0 -9999.0 -9999.0 -9999.0 -9999.0 -9999.0
-9999.0 -9999.0 -9999.0 -9999.0 -9999.0 -9999.0 -9999.0 -9999.0 -9999.0 -9999.0 -9999.0 -9999.0 -9999.0 -9999.0 -9999.0 -9999.0 -9999.0 -9999.0 -9999.0 -9999.0 -9999.0 -9999.0 -9999.0 -9999.0 -9999.0 -9999.0 -9999.0 0.089856 0.436940 0.129416 -0.003657 -0.012683 -0.008304 -9999.0 -9999.0 -9999.0 -9999.0 -9999.0 -9999.0 -9999.0 -9999.0 -9999.0 -9999.0 -9999.0 -9999.0 -9999.0 -9999.0 -9999.0 -9999.0 -9999.0 -9999.0 -9999.0 -9999.0 -9999.0 -9999.0 -9999.0 -9999.0 -9999.0 -9999.0 -9999.0 -9999.0 -9999.0 -9999.0
-9999.0 -9999.0 -9999.0 -9999.0 -9999.0 -9999.0 -9999.0 -9999.0 -9999.0 -9999.0 -9999.0 -9999.0 -9999.0 -9999.0 -9999.0 -9999.0 -9999.0 -9999.0 -9999.0 -9999.0 -9999.0 -9999.0 -9999.0 -9999.0 0.634536 0.925118 1.193450 0.833225 0.690812 0.672722 -0.003240 -9999.0 -9999.0 -9999.0 -9999.0 -9999.0 -9999.0 -9999.0 -9999.0 -9999.0 -9999.0 -9999.0 -9999.0 -9999.0 -9999.0 -9999.0 -9999.0 -9999.0 -9999.0 -9999.0 -9999.0 -9999.0 -9999.0 -9999.0 -9999.0 -9999.0 -9999.0 -9999.0 -9999.0 -9999.0 -9999.0 -9999.0 -9999.0
-9999.0 -9999.0 -9999.0 -9999.0 -9999.0 -9999.0 -9999.0 -9999.0 -9999.0 -9999.0 -9999.0 -9999.0 -9999.0 -9999.0 -9999.0 -9999.0 -9999.0 -9999.0 -9999.0 -9999.0 -9999.0 -9999.0 -9999.0 0.972491 1.552702 1.821165 2.294356 2.254275 1.295783 0.360334 0.320264 -0.002857 -9999.0 -9999.0 -9999.0 -9999.0 -9999.0 -9999.0 -9999.0 -9999.0 -9999.0 -9999.0 -9999.0 -9999.0 -9999.0 -9999.0 -9999.0 -9999.0 -9999.0 -9999.0 -9999.0 -9999.0 -9999.0 -9999.0 -9999.0 -9999.0 -9999.0 -9999.0 -9999.0 -9999.0 -9999.0 -9999.0 -9999.0
-9999.0 -9999.0 -9999.0 -9999.0 -9999.0 -9999.0 -9999.0 -9999.0 -9999.0 -9999.0 -9999.0 -9999.0 -9999.0 -9999.0 -9999.0 -9999.0 -9999.0 -9999.0 2.400731 1.448554 -9999.0 0.827712 1.300774 1.836148 2.245190 2.618802 2.724888 2.912789 3.128184 2.022467 0.941813 0.227299 0.170652 -0.084812 -9999.0 -9999.0 -9999.0 -9999.0 -9999.0 -9999.0 -9999.0 -9999.0 -9999.0 -9999.0 -9999.0 -9999.0 -9999.0 -9999.0 -9999.0 -9999.0 -9999.0 -9999.0 -9999.0 -9999.0 -9999.0 -9999.0 -9999.0 -9999.0 -9999.0 -9999.0 -9999.0 -9999.0 -9999.0
-9999.0 -9999.0 -9999.0 -9999.0 -9999.0 -9999.0 -9999.0 -9999.0 -9999.0 -9999.0 -9999.0 -9999.0 -9999.0 -9999.0 -9999.0 -9999.0 -9999.0 1.655708 0.728950 2.237076 1.144420 0.871900 1.330939 1.553608 3.745164 -0.002906 -0.011840 0.056187 -0.215711 1.480921 1.561640 0.883512 0.715496 0.057224 -0.252660 -0.219062 -9999.0 -9999.0 -9999.0 -9999.0 -9999.0 -9999.0 -9999.0 -9999.0 -9999.0 -9999.0 -9999.0 -9999.0 -9999.0 -9999.0 -9999.0 -9999.0 -9999.0 -9999.0 -9999.0 -9999.0 -9999.0 -9999.0 -9999.0 -9999.0 -9999.0 -9999.0 -9999.0
-9999.0 -9999.0 -9999.0 -9999.0 -9999.0 -9999.0 -9999.0 -9999.0 -9999.0 -9999.0 -9999.0 -9999.0 -9999.0 0.464128 1.416681 0.063897 0.956420 4.432827 1.306519 1.828625 1.953379 2.267662 2.623236 3.746193 -0.003828 0.108242 -0.365777 -0.005544 0.136466 0.041761 0.586074 0.095716 -0.003450 -0.103929 -0.290268 -0.244261 -9999.0 -9999.0 -9999.0 -9999.0 -9999.0 -9999.0 -9999.0 -9999.0 -9999.0 -9999.0 -9999.0 -9999.0 -9999.0 -9999.0 -9999.0 -9999.0 -9999.0 -9999.0 -9999.0 -9999.0 -9999.0 -9999.0 -9999.0 -9999.0 -9999.0 -9999.0 -9999.0
-9999.0 -9999.0 -9999.0 -9999.0 -9999.0 -9999.0 -9999.0 -9999.0 -9999.0 -9999.0 -9999.0 -9999.0 -9999.0 1.103843 1.738170 0.054952 0.029518 3.046874 4.527171 2.756980 1.089599 2.393870 0.481735 -0.008088 0.894422 0.082690 0.570981 -0.109780 -0.287254 -0.032518 -0.005133 -0.083179 -0.278163 -0.057172 -0.206434 -9999.0 -9999.0 -9999.0 -9999.0 -9999.0 -9999.0 -9999.0 -9999.0 -9999.0 -9999.0 -9999.0 -9999.0 -9999.0 -9999.0 -9999.0 -9999.0 -9999.0 -9999.0 -9999.0 -9999.0 -9999.0 -9999.0 -9999.0 -9999.0 -9999.0 -9999.0 -9999.0 -9999.0
-9999.0 -9999.0 -9999.0 -9999.0 -9999.0 -9999.0 -9999.0 -9999.0 -9999.0 -9999.0 -9999.0 -9999.0 -9999.0 1.475240 2.034467 1.829341 -0.005646 0.150452 4.348030 1.237414 2.118222 2.078167 -0.004215 -0.007470 1.587462 0.472705 0.383609 -0.359544 0.159381 -0.083329 -0.144397 -2.127930 -0.112631 -0.009334 -0.040859 -9999.0 -9999.0 -9999.0 -9999.0 -9999.0 -9999.0 -9999.0 -9999.0 -9999.0 -9999.0 -9999.0 -9999.0 -9999.0 -9999.0 -9999.0 -9999.0 -9999.0 -9999.0 -9999.0 -9999.0 -9999.0 -9999.0 -9999.0 -9999.0 -9999.0 -9999.0 -9999.0 -9999.0
-9999.0 -9999.0 -9999.0 -9999.0 -9999.0 -9999.0 -9999.0 -9999.0 -9999.0 -9999.0 -9999.0 -9999.0 0.643047 1.534561 1.522122 0.832195 -0.133621 0.021035 3.599350 2.178360 1.789898 0.517833 0.242537 0.373397 0.938260 -0.005872 -0.002722 -0.003682 0.438668 -0.190961 -0.007304 -0.095514 -0.003584 -0.329801 -9999.0 -9999.0 -9999.0 -9999.0 -9999.0 -9999.0 -9999.0 -9999.0 -9999.0 -9999.0 -9999.0 -9999.0 -9999.0 -9999.0 -9999.0 -9999.0 -9999.0 -9999.0 -9999.0 -9999.0 -9999.0 -9999.0 -9999.0 -9999.0 -9999.0 -9999.0 -9999.0 -9999.0 -9999.0
-9999.0 -9999.0 -9999.0 -9999.0 -9999.0 -9999.0 -9999.0 -9999.0 -9999.0 -9999.0 -9999.0 -0.004151 -0.002315 0.594734 -0.001062 -0.003903 -0.051581 -0.004612 3.198525 2.193360 0.023526 2.054780 0.618202 -0.004109 0.455808 -0.003226 -0.002959 0.114570 0.132105 -0.026026 -0.135057 0.506590 -0.040824 -0.268835 -0.097960 -0.052494 0.235952 0.297001 0.496635 -9999.0 -9999.0 -9999.0 -0.145328 -9999.0 -9999.0 -9999.0 -9999.0 -9999.0 -9999.0 -9999.0 -9999.0 -9999.0 -9999.0 -9999.0 -9999.0 -9999.0 -9999.0 -9999.0 -9999.0 -9999.0 -9999.0 -9999.0 -9999.0
-9999.0 -9999.0 -9999.0 -9999.0 -9999.0 -9999.0 -9999.0 -9999.0 -9999.0 -9999.0 -9999.0 -0.003059 -0.002922 0.224200 0.748571 -0.005967 1.261850 0.037830 3.224168 2.624751 2.706860 1.440307 0.691312 -0.040274 -0.005666 -0.005559 0.287534 0.471171 -0.001560 -0.184079 0.147809 0.884814 0.236893 -0.007991 -0.004324 0.015684 1.713058 1.734319 0.358346 0.252339 0.520170 -0.087688 0.275206 0.004614 -9999.0 -9999.0 -9999.0 -0.008214 -0.003536 -0.001579 0.409526 0.149782 -0.001849 -0.003161 0.015234 -0.074586 -9999.0 -9999.0 -9999.0 -9999.0 -9999.0 -9999.0 -9999.0
-9999.0 -9999.0 -9999.0 -9999.0 -9999.0 -9999.0 -9999.0 -9999.0 -9999.0 -9999.0 -9999.0 0.157347 -0.006209 -0.010324 -0.002700 0.086560 -0.005976 -0.015584 2.557907 3.737019 0.083519 0.754013 -0.002421 0.668742 -0.004473 0.259191 0.151134 -0.002132 -0.058829 -0.004469 -0.110430 -0.002461 0.858222 -0.005083 -0.065750 0.957444 0.001294 0.030975 3.063818 0.437683 0.960812 0.227051 0.720147 0.832912 -0.002480 -9999.0 -0.268191 -0.003356 0.441693 0.901695 1.416017 1.074208 1.358576 1.309960 0.990222 0.986021 -9999.0 -9999.0 -9999.0 -9999.0 -9999.0 -9999.0 -9999.0
-9999.0 -9999.0 -9999.0 -9999.0 -9999.0 -9999.0 -9999.0 -9999.0 -9999.0 -9999.0 -9999.0 -9999.0 0.041246 -0.113453 0.960798 0.704239 -0.211347 -0.007152 3.109352 4.139285 0.109194 1.071462 0.983905 0.278454 -0.015455 0.013563 2.192278 -0.009373 -0.005922 -0.119440 0.194658 0.092588 0.607347 -0.002980 -0.068047 -0.005292 -0.009883 0.220613 2.684872 1.411288 1.011015 2.346555 -0.001568 1.872796 0.363746 0.095552 -0.001827 -0.004185 -0.003946 1.013792 1.897871 0.152929 1.019158 -0.002395 -0.004515 -0.005682 0.351347 -9999.0 -9999.0 -9999.0 -9999.0 -9999.0 -9999.0
-9999.0 -9999.0 -9999.0 -9999.0 -9999.0 -9999.0 -9999.0 -9999.0 -9999.0 -9999.0 -9999.0 -0.014253 -0.003638 -0.003235 -0.005978 -0.005494 0.078246 -0.180781 3.108072 1.509395 0.027742 -0.004529 1.098935 -0.002551 0.102927 1.109829 0.298308 -0.002146 0.007614 0.165316 0.377278 0.819747 1.358952 -0.002976 -0.112399 -0.004499 -0.008446 -0.294992 0.959634 3.205235 -0.133605 0.451563 1.011930 0.198493 2.814043 0.221014 0.292878 0.513650 0.764691 1.659883 -0.100537 -0.010854 -0.017048 -0.508259 -0.420349 -0.013446 0.079757 -9999.0 -9999.0 -9999.0 -9999.0 -9999.0 -9999.0
-9999.0 -9999.0 -9999.0 -9999.0 -9999.0 -9999.0 -9999.0 -9999.0 -9999.0 -9999.0 0.625718 -0.003876 1.134809 0.714201 1.187553 0.511981 0.119499 -0.012416 0.874560 1.700641 3.471406 2.314351 -0.004952 2.805578 1.446907 1.138480 -0.005446 -1.095290 1.149480 1.415925 1.118838 0.966564 0.235016 -0.024971 -0.163407 -0.116739 0.495311 -0.002814 -0.023658 2.147239 2.132243 1.995294 3.230296 0.994667 1.101365 0.915335 0.327907 0.974525 1.749402 2.036608 -0.186368 -0.180671 -0.502454 -0.002622 -0.064213 0.371079 0.544669 -9999.0 -9999.0 -9999.0 -9999.0 -9999.0 -9999.0
-9999.0 -9999.0 -9999.0 -9999.0 -9999.0 -9999.0 -9999.0 -9999.0 -9999.0 0.038813 0.159083 -0.003266 0.375259 -0.003830 0.011055 -0.002682 -0.003751 2.426374 1.332164 2.059781 3.998920 0.153599 0.146498 2.078536 1.561692 -0.006279 -0.005236 1.590066 1.293600 1.623759 1.873764 -0.011912 -0.160220 0.008090 -0.140411 -0.108214 -0.003185 -0.007646 -0.006830 0.008118 -0.004831 -0.011233 -0.016585 1.397682 1.002662 1.439459 2.943081 1.030194 1.051006 2.668443 0.321091 -0.039827 -0.106367 -0.159094 -0.112363 -0.005391 -0.002105 0.959081 0.563721 -9999.0 -9999.0 -9999.0 -9999.0
-9999.0 -9999.0 -9999.0 -9999.0 -9999.0 -9999.0 -9999.0 -9999.0 -9999.0 -0.004410 -0.006456 0.183892 2.797971 1.179977 0.342641 -0.002503 1.714406 1.918949 2.076286 4.835303 4.803470 4.805859 2.900325 2.171222 -0.004560 0.432871 1.434810 1.949030 2.542179 1.885287 1.735809 -0.013498 -0.006288 -0.009897 0.049497 0.724879 0.479054 0.618523 -0.008632 0.313681 -0.004067 -0.003773 0.362880 1.835967 2.020354 3.458921 3.366337 2.725774 2.298994 2.559123 -0.034278 -0.157904 -0.206436 -0.013294 -0.204831 -0.086902 -0.004721 0.854777 1.298545 -9999.0 -9999.0 -9999.0 -9999.0
-9999.0 -9999.0 -9999.0 -9999.0 -9999.0 -9999.0 -9999.0 -9999.0 -9999.0 -9999.0 -0.003976 0.485413 0.354529 -0.001068 1.474960 0.915077 1.271377 2.591359 2.864269 4.367403 3.645898 1.500299 -0.002905 -0.059627 0.597738 2.006600 2.766067 2.967837 1.577995 -0.005437 -0.015330 0.357323 -0.028951 -0.006417 0.370387 1.367955 2.275330 1.476207 0.355209 -0.005301 -0.007491 1.023695 1.770363 0.716446 -0.002569 0.549584 0.989734 3.983503 4.185023 2.534241 -0.005333 0.042335 -0.001593 -0.261487 -0.003927 -0.005706 0.289957 2.674230 2.794619 3.125048 -9999.0 -9999.0 -9999.0
-9999.0 -9999.0 -9999.0 -9999.0 -9999.0 -9999.0 -9999.0 -9999.0 -9999.0 -9999.0 -0.004330 0.185370 0.539452 0.906859 3.980724 0.701516 0.372486 1.609580 3.487623 4.752077 2.043919 0.650853 -0.003800 0.248127 1.601905 3.104409 3.891848 0.919245 -0.003641 -0.063805 -0.003254 0.078143 -0.243839 -0.001332 -0.004272 -0.004603 1.012582 0.649204 -0.004026 -0.115295 -0.002791 0.754981 0.187365 -0.005538 -0.002925 -0.005349 1.375107 0.753471 2.269884 4.121818 2.643756 0.628420 -0.040117 -0.001422 -0.134467 0.145101 -0.022077 1.471909 3.058844 4.416220 -9999.0 -9999.0 -9999.0
-9999.0 -9999.0 -9999.0 -9999.0 -9999.0 -9999.0 -9999.0 -9999.0 1.296500 1.173507 0.514599 0.178000 0.067167 0.274901 -0.002662 1.629711 1.959836 5.366927 5.472874 5.171341 3.565194 2.502069 1.612994 -0.003575 2.045730 3.002311 4.203272 0.044202 -0.001406 -0.071800 0.190018 -0.005580 -0.009095 -0.004719 -0.004578 -0.004670 1.189432 1.005391 -0.165830 -0.007772 -0.111839 -0.003639 -0.240280 -0.247492 0.962624 1.421535 -0.013131 0.868332 1.222765 4.325982 2.714779 0.810466 0.202063 -0.144395 0.348710 1.105791 1.185490 3.330701 3.691454 4.829179 -9999.0 -9999.0 -9999.0
-9999.0 -9999.0 -9999.0 -9999.0 -9999.0 -9999.0 -9999.0 -9999.0 0.001033 0.376336 -0.101609 -0.006704 0.094081 0.884782 0.015428 0.932557 1.410815 1.744940 3.992330 5.740791 7.535763 7.078076 5.598222 4.022367 2.193294 3.245410 1.661954 1.465972 -0.207878 -0.005849 -0.002990 0.106631 -0.002823 -0.088971 0.042803 0.491823 2.770246 1.560242 0.249602 0.564969 -0.028452 -0.039723 -0.266898 0.574078 1.656394 0.158445 -0.216224 -0.002941 1.446968 2.357016 4.421820 2.400612 -0.005136 0.804598 3.198780 1.965194 2.229571 3.027208 5.373401 7.795662 7.795911 -9999.0 -9999.0
-9999.0 -9999.0 -9999.0 -9999.0 -9999.0 -9999.0 -9999.0 -9999.0 -0.006371 1.074807 1.567890 -0.133759 1.085129 -0.048316 1.366556 0.243750 0.940468 3.326307 4.238608 7.430391 6.240265 7.477893 7.245850 5.136956 6.178266 2.559325 0.697720 -0.003779 -0.218805 0.393554 0.163806 1.005663 -0.004329 -0.009265 0.429205 2.603005 0.938800 1.530773 -0.012829 -0.002456 -0.003349 -0.067519 0.139196 0.095690 -0.004153 0.074881 0.217147 0.626001 -0.002747 1.384959 4.300582 3.341441 -0.006574 -0.009829 2.971211 2.752783 4.390971 5.360490 6.943148 7.320356 8.009238 -9999.0 -9999.0
-9999.0 -9999.0 -9999.0 -9999.0 -9999.0 -9999.0 -9999.0 -9999.0 -0.039709 0.865832 1.484328 -0.249654 0.992114 1.049571 0.782750 1.591138 3.496766 4.487239 5.211101 4.543645 5.916423 6.405748 7.728775 7.105960 3.127947 1.335131 -0.003414 -0.008331 1.687385 1.035724 0.668037 0.814054 1.301892 1.519341 0.247287 1.615195 3.108101 2.430917 0.103506 -0.003647 0.246146 0.862239 0.943848 1.122138 0.872477 0.671294 1.231639 1.122594 1.160297 1.648034 2.195825 4.597147 4.119768 3.373485 3.060625 5.307970 6.643669 5.977399 6.729777 7.879986 6.248143 2.239946 -9999.0
-9999.0 -9999.0 -9999.0 -9999.0 -9999.0 -9999.0 -9999.0 -9999.0 -0.001129 0.367569 1.492844 0.596621 1.211753 1.775164 4.780717 4.375575 4.537838 2.533041 1.215738 2.367642 3.951341 6.319136 6.458490 6.389654 5.032332 0.833440 -0.006740 1.401400 1.965264 1.646137 -0.008266 1.527144 2.685236 1.947646 1.189641 1.606475 2.353452 2.472819 2.875867 2.199652 1.210849 1.323601 1.907722 1.451792 0.291249 1.940522 1.397276 2.284309 2.036314 3.159626 4.570468 2.657732 4.916519 6.047388 6.790888 6.926299 7.486003 7.577266 7.002753 6.229734 4.156120 1.519074 -9999.0
-9999.0 -9999.0 1.104327 1.003648 -0.002688 0.147288 0.357788 -0.002875 0.995103 0.416461 0.991114 1.931754 2.039704 3.306361 5.916985 4.046901 1.557103 0.264198 0.817444 0.935133 2.464515 3.760375 6.437395 5.505693 4.956209 2.041287 0.816184 0.921490 1.695935 3.651250 0.178204 0.363017 4.408274 1.766899 3.611685 2.658649 5.408050 5.504889 2.421750 1.286494 3.117283 3.492080 2.264237 2.716935 0.585194 2.344902 3.345702 2.134104 4.501137 5.957769 6.969358 7.321267 7.413042 7.349324 7.228369 8.153742 6.611028 6.347156 5.250786 3.875777 4.276448 1.492480 -9999.0
-9999.0 0.793536 0.620947 0.507227 0.396930 0.732511 0.173212 -0.005078 -0.188859 0.029281 0.360887 1.215498 2.334567 4.998395 4.938831 1.673217 0.867207 -0.002010 1.038324 0.880964 2.552182 3.208182 6.004577 4.737806 6.868584 4.781296 5.242351 5.609836 4.447127 3.629177 3.902898 3.691108 4.104075 6.141253 5.883446 7.332528 8.318091 7.779578 8.000576 7.295627 6.783847 6.213796 5.613216 3.185511 2.438490 2.980288 5.367325 5.187741 6.988764 5.631905 7.160722 7.006716 6.322763 5.980697 5.975649 5.013642 2.180402 2.131505 3.751617 3.721451 1.572943 1.579900 -9999.0
-9999.0 1.044285 1.380690 1.469123 3.234973 1.383620 -0.006048 -0.007899 1.119405 1.230558 0.397546 1.280364 2.347621 5.044371 2.184605 0.105469 -0.002705 0.182814 1.696187 0.737016 3.268551 2.466452 3.405443 4.665432 6.613836 7.380198 4.987822 6.042397 6.407760 4.924834 5.199778 4.794733 5.624203 6.183037 8.047420 8.352925 10.637970 12.584952 10.114457 9.838116 8.742676 8.064453 7.162223 5.909066 6.043883 6.082379 7.765459 7.879409 7.283780 7.185894 5.573914 2.374667 2.160407 4.184762 2.242808 1.487554 1.564436 1.699238 1.385212 0.559730 0.463609 -9999.0 -9999.0
