user2019/resources/simulation/Vinschgau/output-maps/TL0008N0642.asc
ncols         63
nrows         48
xllcorner     598000.000000
yllcorner     5145000.000000
cellsize      1000.000000
NODATA_value  -9999.0
[rows 0 to 27 of 48, columns 0 to 62 of 63]
-9999.0 -9999.0 -9999.0 -9999.0 -9999.0 -9999.0 -9999.0 -9999.0 -9999.0 -9999.0 -9999.0 -9999.0 -9999.0 -9999.0 -9999.0 -9999.0 -9999.0 -9999.0 -9999.0 -9999.0 -9999.0 -9999.0 -9999.0 -9999.0 -9999.0 -9999.0 -9999.0 -9999.0 -9999.0 -9999.0 -9999.0 -9999.0 -9999.0 -9999.0 -9999.0 -9999.0 -9999.0 -9999.0 -9999.0 -9999.0 -9999.0 -9999.0 -9999.0 -9999.0 -9999.0 -9999.0 -9999.0 -9999.0 -9999.0 -9999.0 -9999.0 -9999.0 -9999.0 -9999.0 -9999.0 -9999.0 -9999.0 -9999.0 -9999.0 -9999.0 -9999.0 -9999.0 -9999.0
-9999.0 -9999.0 -9999.0 -9999.0 -9999.0 -9999.0 -9999.0 -9999.0 -9999.0 -9999.0 -9999.0 -9999.0 -9999.0 -9999.0 -9999.0 -9999.0 -9999.0 -9999.0 -9999.0 -9999.0 -9999.0 -9999.0 -9999.0 -9999.0 -9999.0 -9999.0 -9999.0 14.121051 13.722722 12.932800 11.501731 10.619046 10.858679 -9999.0 -9999.0 -9999.0 -9999.0 -9999.0 -9999.0 -9999.0 -9999.0 -9999.0 -9999.0 -9999.0 -9999.0 -9999.0 -9999.0 -9999.0 -9999.0 -9999.0 -9999.0 -9999.0 -9999.0 -9999.0 -9999.0 -9999.0 -9999.0 -9999.0 -9999.0 -9999.0 -9999.0 -9999.0 -9999.0
-9999.0 -9999.0 -9999.0 -9999.0 -9999.0 -9999.0 -9999.0 -9999.0 -9999.0 -9999.0 -9999.0 -9999.0 -9999.0 -9999.0 -9999.0 -9999.0 -9999.0 -9999.0 -9999.0 -9999.0 -9999.0 -9999.0 -9999.0 -9999.0 14.240397 14.814210 15.236010 14.938538 13.779715 13.195533 12.242319 -9999.0 -9999.0 -9999.0 -9999.0 -9999.0 -9999.0 -9999.0 -9999.0 -9999.0 -9999.0 -9999.0 -9999.0 -9999.0 -9999.0 -9999.0 -9999.0 -9999.0 -9999.0 -9999.0 -9999.0 -9999.0 -9999.0 -9999.0 -9999.0 -9999.0 -9999.0 -9999.0 -9999.0 -9999.0 -9999.0 -9999.0 -9999.0
-9999.0 -9999.0 -9999.0 -9999.0 -9999.0 -9999.0 -9999.0 -9999.0 -9999.0 -9999.0 -9999.0 -9999.0 -9999.0 -9999.0 -9999.0 -9999.0 -9999.0 -9999.0 -9999.0 -9999.0 -9999.0 -9999.0 -9999.0 14.557885 15.704203 14.733609 15.181573 15.510953 14.343738 15.008335 12.970805 12.071256 -9999.0 -9999.0 -9999.0 -9999.0 -9999.0 -9999.0 -9999.0 -9999.0 -9999.0 -9999.0 -9999.0 -9999.0 -9999.0 -9999.0 -9999.0 -9999.0 -9999.0 -9999.0 -9999.0 -9999.0 -9999.0 -9999.0 -9999.0 -9999.0 -9999.0 -9999.0 -9999.0 -9999.0 -9999.0 -9999.0 -9999.0
-9999.0 -9999.0 -9999.0 -9999.0 -9999.0 -9999.0 -9999.0 -9999.0 -9999.0 -9999.0 -9999.0 -9999.0 -9999.0 -9999.0 -9999.0 -9999.0 -9999.0 -9999.0 16.567349 14.828583 -9999.0 13.834709 15.025951 14.779411 14.927804 16.701724 16.363671 16.368543 17.139573 15.104180 14.901201 13.353958 12.950507 10.985443 -9999.0 -9999.0 -9999.0 -9999.0 -9999.0 -9999.0 -9999.0 -9999.0 -9999.0 -9999.0 -9999.0 -9999.0 -9999.0 -9999.0 -9999.0 -9999.0 -9999.0 -9999.0 -9999.0 -9999.0 -9999.0 -9999.0 -9999.0 -9999.0 -9999.0 -9999.0 -9999.0 -9999.0 -9999.0
-9999.0 -9999.0 -9999.0 -9999.0 -9999.0 -9999.0 -9999.0 -9999.0 -9999.0 -9999.0 -9999.0 -9999.0 -9999.0 -9999.0 -9999.0 -9999.0 -9999.0 15.244417 13.276036 13.771760 15.529144 12.430360 13.758473 14.701067 18.885118 12.064255 10.895447 12.297280 11.163415 13.155751 15.158192 13.367028 13.284377 12.767891 10.652429 8.502189 -9999.0 -9999.0 -9999.0 -9999.0 -9999.0 -9999.0 -9999.0 -9999.0 -9999.0 -9999.0 -9999.0 -9999.0 -9999.0 -9999.0 -9999.0 -9999.0 -9999.0 -9999.0 -9999.0 -9999.0 -9999.0 -9999.0 -9999.0 -9999.0 -9999.0 -9999.0 -9999.0
-9999.0 -9999.0 -9999.0 -9999.0 -9999.0 -9999.0 -9999.0 -9999.0 -9999.0 -9999.0 -9999.0 -9999.0 -9999.0 13.129333 12.955118 12.896056 14.447461 22.746468 14.886110 14.884359 14.724027 15.762648 16.823576 18.560155 11.431717 13.540464 11.408512 9.808976 11.774058 12.421788 11.322841 12.491268 12.063537 10.670617 10.295853 8.965583 -9999.0 -9999.0 -9999.0 -9999.0 -9999.0 -9999.0 -9999.0 -9999.0 -9999.0 -9999.0 -9999.0 -9999.0 -9999.0 -9999.0 -9999.0 -9999.0 -9999.0 -9999.0 -9999.0 -9999.0 -9999.0 -9999.0 -9999.0 -9999.0 -9999.0 -9999.0 -9999.0
-9999.0 -9999.0 -9999.0 -9999.0 -9999.0 -9999.0 -9999.0 -9999.0 -9999.0 -9999.0 -9999.0 -9999.0 -9999.0 13.819416 13.590040 13.085701 12.773521 18.675488 23.050990 16.947834 14.938610 15.828000 12.725088 12.331014 14.119600 12.645261 13.451940 11.080274 11.606244 9.948326 9.450151 10.309186 9.779002 8.261727 8.694434 -9999.0 -9999.0 -9999.0 -9999.0 -9999.0 -9999.0 -9999.0 -9999.0 -9999.0 -9999.0 -9999.0 -9999.0 -9999.0 -9999.0 -9999.0 -9999.0 -9999.0 -9999.0 -9999.0 -9999.0 -9999.0 -9999.0 -9999.0 -9999.0 -9999.0 -9999.0 -9999.0 -9999.0
-9999.0 -9999.0 -9999.0 -9999.0 -9999.0 -9999.0 -9999.0 -9999.0 -9999.0 -9999.0 -9999.0 -9999.0 -9999.0 13.339410 14.424286 14.159103 12.188717 13.518085 22.745401 14.681578 16.427235 13.188582 10.642258 10.764872 13.613072 11.671305 13.504660 10.719037 12.255347 9.783451 10.052776 1.039679 7.979349 1.092292 7.730619 -9999.0 -9999.0 -9999.0 -9999.0 -9999.0 -9999.0 -9999.0 -9999.0 -9999.0 -9999.0 -9999.0 -9999.0 -9999.0 -9999.0 -9999.0 -9999.0 -9999.0 -9999.0 -9999.0 -9999.0 -9999.0 -9999.0 -9999.0 -9999.0 -9999.0 -9999.0 -9999.0 -9999.0
-9999.0 -9999.0 -9999.0 -9999.0 -9999.0 -9999.0 -9999.0 -9999.0 -9999.0 -9999.0 -9999.0 -9999.0 12.875294 13.865441 13.707837 11.846050 10.008214 12.532630 19.224742 14.970220 13.790703 11.212553 10.229919 10.376326 11.420811 11.353550 9.358170 11.555099 12.716860 9.319607 5.203365 10.801202 10.561397 8.852288 -9999.0 -9999.0 -9999.0 -9999.0 -9999.0 -9999.0 -9999.0 -9999.0 -9999.0 -9999.0 -9999.0 -9999.0 -9999.0 -9999.0 -9999.0 -9999.0 -9999.0 -9999.0 -9999.0 -9999.0 -9999.0 -9999.0 -9999.0 -9999.0 -9999.0 -9999.0 -9999.0 -9999.0 -9999.0
-9999.0 -9999.0 -9999.0 -9999.0 -9999.0 -9999.0 -9999.0 -9999.0 -9999.0 -9999.0 -9999.0 12.523187 10.846157 10.832058 11.217971 12.126492 10.497990 11.723877 19.173044 13.040414 12.057628 13.713596 13.434019 11.909284 10.740132 12.245626 9.593682 12.881811 12.406968 4.797171 10.948641 12.921494 11.027559 10.664630 11.171505 13.197118 14.657830 16.678907 16.900191 -9999.0 -9999.0 -9999.0 11.549766 -9999.0 -9999.0 -9999.0 -9999.0 -9999.0 -9999.0 -9999.0 -9999.0 -9999.0 -9999.0 -9999.0 -9999.0 -9999.0 -9999.0 -9999.0 -9999.0 -9999.0 -9999.0 -9999.0 -9999.0
-9999.0 -9999.0 -9999.0 -9999.0 -9999.0 -9999.0 -9999.0 -9999.0 -9999.0 -9999.0 -9999.0 12.013297 10.775779 10.510327 11.507000 10.894068 12.607784 13.320450 19.021314 17.037987 16.806865 14.854603 13.628308 8.262939 8.971635 12.246366 12.667028 13.060941 12.164766 9.769445 12.725350 13.205252 12.351910 10.762140 11.148972 14.282845 19.237254 20.001264 17.953784 14.113619 14.110757 12.622253 13.701335 12.589624 -9999.0 -9999.0 -9999.0 10.215753 10.408159 11.158632 11.489198 11.155415 10.810421 10.981494 10.960582 4.971439 -9999.0 -9999.0 -9999.0 -9999.0 -9999.0 -9999.0 -9999.0
-9999.0 -9999.0 -9999.0 -9999.0 -9999.0 -9999.0 -9999.0 -9999.0 -9999.0 -9999.0 -9999.0 12.000448 11.404899 8.773713 12.716484 12.190032 9.412472 10.383510 17.253518 17.847033 11.357252 11.277907 9.927500 13.705515 11.723305 13.607043 9.887909 9.790720 11.925684 10.382771 11.540218 9.628707 14.333352 11.200053 12.682977 16.951990 13.231946 14.159450 21.088916 16.543777 17.956567 14.375868 15.651279 14.374720 11.679635 -9999.0 9.609889 10.871141 12.850129 14.036129 14.461390 14.147720 14.154726 13.599076 12.960092 12.034440 -9999.0 -9999.0 -9999.0 -9999.0 -9999.0 -9999.0 -9999.0
-9999.0 -9999.0 -9999.0 -9999.0 -9999.0 -9999.0 -9999.0 -9999.0 -9999.0 -9999.0 -9999.0 -9999.0 11.770906 8.263352 13.487290 13.074576 8.167427 10.328409 18.681082 18.051118 11.491900 11.787146 11.467597 10.699889 8.430035 9.686553 14.947456 12.130577 11.766593 12.310437 12.827245 9.509802 14.455440 12.519780 11.266219 14.985296 11.533795 13.645684 23.353210 18.440383 19.642236 18.734950 12.059975 16.122982 13.769696 11.311151 11.372007 11.216163 9.222964 11.603059 13.085512 10.595531 11.775299 9.534623 9.761666 11.868248 12.428337 -9999.0 -9999.0 -9999.0 -9999.0 -9999.0 -9999.0
-9999.0 -9999.0 -9999.0 -9999.0 -9999.0 -9999.0 -9999.0 -9999.0 -9999.0 -9999.0 -9999.0 8.283485 11.199651 12.326979 9.311797 9.661409 10.531370 10.266792 17.816627 13.374761 11.710121 10.767481 11.289954 9.489494 9.786155 11.532488 10.597294 11.116499 12.459058 14.025184 9.961789 11.158658 14.538762 12.157123 9.999094 13.673428 14.367417 12.763386 14.441790 22.423519 13.011433 14.146174 13.577640 13.137474 16.655304 12.812122 13.145572 14.360140 14.603295 12.799779 9.409774 11.674182 8.710217 7.718774 7.490289 10.106701 11.939381 -9999.0 -9999.0 -9999.0 -9999.0 -9999.0 -9999.0
-9999.0 -9999.0 -9999.0 -9999.0 -9999.0 -9999.0 -9999.0 -9999.0 -9999.0 -9999.0 13.109794 9.431373 13.781579 13.323590 14.138937 10.858242 10.275771 9.708753 12.992918 13.577278 16.908590 15.196743 9.722465 16.154411 12.328240 11.236896 8.781387 8.785957 14.331387 14.866679 11.734046 11.000723 12.961626 11.086071 9.669857 12.555390 16.603885 11.952940 11.773786 15.678368 15.602409 14.089742 19.261026 12.961983 12.407986 15.376279 14.130281 11.536436 12.531311 12.965598 9.322368 10.445190 6.776052 1.226190 9.844254 13.195770 13.074117 -9999.0 -9999.0 -9999.0 -9999.0 -9999.0 -9999.0
-9999.0 -9999.0 -9999.0 -9999.0 -9999.0 -9999.0 -9999.0 -9999.0 -9999.0 11.475305 12.693531 8.939105 10.616645 9.698047 9.495397 9.346475 9.370722 16.032931 13.132532 14.338808 18.462170 11.954963 11.348614 13.907340 12.346490 9.004112 9.440561 15.163916 12.091813 12.703826 13.225800 8.369511 10.926570 9.233428 10.876758 11.766131 12.815466 10.441513 9.716873 11.715290 11.753450 10.364484 10.170286 13.679747 12.947725 12.678294 17.873784 12.003556 11.979007 13.829791 10.446140 11.040602 1.903118 4.507267 11.066993 9.742495 10.844842 14.122050 12.758664 -9999.0 -9999.0 -9999.0 -9999.0
-9999.0 -9999.0 -9999.0 -9999.0 -9999.0 -9999.0 -9999.0 -9999.0 -9999.0 11.053726 11.260092 12.770500 15.331987 11.936828 11.054714 10.259475 15.385524 12.834019 14.040397 20.249881 19.978458 20.137080 16.285401 15.156815 9.362489 10.096323 11.709725 12.802165 14.169679 14.812527 13.748891 8.176874 11.770668 11.001817 12.251977 14.073677 14.755314 16.217233 12.553912 13.576952 10.275726 8.829597 11.938236 13.286112 13.603248 15.739979 15.512690 14.564944 13.720173 13.590260 8.891651 8.157090 9.871590 10.353162 11.154228 8.462229 10.574280 11.342581 15.835189 -9999.0 -9999.0 -9999.0 -9999.0
-9999.0 -9999.0 -9999.0 -9999.0 -9999.0 -9999.0 -9999.0 -9999.0 -9999.0 -9999.0 11.672208 12.990539 10.678897 10.739085 12.578590 11.703414 12.128466 13.878328 15.099668 16.610610 18.804136 12.556079 10.793430 10.107652 10.249619 12.701647 14.031777 14.702690 14.072137 8.552996 8.225936 10.199262 7.421555 10.627380 13.147392 14.050072 15.872210 15.511347 14.114033 11.154432 10.453104 15.174618 14.468779 11.197227 10.942146 11.577811 12.372298 17.072408 16.086344 14.197374 9.920166 10.821590 11.645142 4.112964 5.505219 11.563209 13.094072 13.818449 14.132853 14.601670 -9999.0 -9999.0 -9999.0
-9999.0 -9999.0 -9999.0 -9999.0 -9999.0 -9999.0 -9999.0 -9999.0 -9999.0 -9999.0 11.559016 12.446942 13.270395 11.324951 18.001960 11.845204 11.446057 13.481224 16.195227 17.054466 14.356503 12.502667 10.946311 11.976292 12.568060 14.674713 15.612008 11.564390 9.307848 7.486901 11.512245 12.785162 8.317152 9.940755 11.310671 12.349766 11.790848 11.224809 9.165931 10.726793 12.233294 13.437783 2.955822 12.640567 14.009665 10.038511 11.748079 11.488264 13.394574 16.044862 13.931652 3.958826 9.948978 11.576216 11.656811 12.642471 11.654033 12.475122 14.711781 16.624586 -9999.0 -9999.0 -9999.0
-9999.0 -9999.0 -9999.0 -9999.0 -9999.0 -9999.0 -9999.0 -9999.0 14.128467 13.363830 12.197589 12.520141 9.738539 10.074296 10.314143 13.200802 14.246152 20.963301 17.711117 17.580822 15.968625 14.792571 13.801521 12.557762 14.184178 14.648125 16.946868 9.959055 9.406464 7.988216 1.853673 11.199634 11.993264 10.802955 11.771643 10.506097 14.371515 11.401976 7.348989 12.014803 11.508930 12.280285 8.197612 11.145080 15.427297 14.356109 8.297059 11.095810 11.987396 15.748303 14.445279 11.490978 11.027613 8.659437 13.504580 14.738936 15.803230 17.920168 15.742448 16.215489 -9999.0 -9999.0 -9999.0
-9999.0 -9999.0 -9999.0 -9999.0 -9999.0 -9999.0 -9999.0 -9999.0 9.461742 10.156945 8.837525 11.359798 12.439448 10.281535 10.132981 11.667109 12.919920 13.417357 16.342314 18.153421 23.998777 22.271045 20.096011 19.886421 14.846827 14.834882 12.572699 11.445599 8.825615 12.455816 11.593472 13.484309 12.350849 12.427694 12.471097 13.750052 15.161820 12.161891 9.693188 12.679837 10.726265 8.677008 11.114542 13.529885 14.756682 10.278040 8.794248 13.033935 11.903099 13.843021 16.401945 13.522000 9.757159 14.806201 17.057489 13.302011 13.986866 15.119237 17.479287 19.379127 20.007747 -9999.0 -9999.0
-9999.0 -9999.0 -9999.0 -9999.0 -9999.0 -9999.0 -9999.0 -9999.0 11.684592 13.749667 13.899900 8.517859 13.671633 9.349067 11.236107 10.583902 12.472125 15.613653 16.526783 23.104347 18.633084 22.661525 22.446393 17.664427 21.454505 13.789045 11.989430 9.517798 9.000749 13.484211 13.949599 14.025084 9.266607 9.456675 13.515739 14.934474 0.626773 12.046666 9.020774 9.449048 11.502203 11.947754 12.453888 12.715999 9.212081 12.695179 13.885766 14.048548 10.169829 12.706298 15.764628 15.391684 11.430524 11.206749 15.118462 15.510959 16.842283 17.843771 19.138312 19.505346 19.556795 -9999.0 -9999.0
-9999.0 -9999.0 -9999.0 -9999.0 -9999.0 -9999.0 -9999.0 -9999.0 10.659222 13.603308 11.844655 9.451200 14.579130 11.708423 11.184024 12.753135 15.319264 17.005000 17.988651 16.610514 17.936069 18.561495 22.817533 22.294830 14.783340 12.450122 10.706406 8.730889 15.520680 11.452668 10.359885 11.023483 12.018546 12.102123 9.780249 15.253731 16.131274 12.810907 0.472486 10.147004 12.741838 13.211264 13.357836 15.541350 13.450405 14.442174 14.522438 15.286405 15.415288 12.967210 13.587161 16.316147 16.709384 15.742275 17.355639 17.634663 18.345647 17.292920 18.662547 19.457562 18.126339 15.316526 -9999.0
-9999.0 -9999.0 -9999.0 -9999.0 -9999.0 -9999.0 -9999.0 -9999.0 11.344676 13.480016 2.777783 10.510334 11.484836 12.261162 18.556351 16.376104 17.370707 13.715061 12.351347 13.991313 15.929136 18.273281 18.470547 18.423358 19.895986 12.266472 10.057683 12.425455 13.391784 12.803773 10.039318 12.503066 13.708299 12.614492 0.455936 0.479117 12.809840 13.850861 12.859102 12.580170 11.735172 4.442827 12.296244 11.990546 10.477194 15.784188 12.278881 13.013700 13.207578 15.217949 16.913675 16.426939 16.920869 18.738190 18.447332 18.606349 19.321167 19.301442 19.021854 18.091382 16.079577 14.554601 -9999.0
-9999.0 -9999.0 13.696434 13.955765 9.783332 10.224423 10.653887 9.584239 13.376009 13.119891 3.498395 12.381976 12.378791 14.903697 20.416774 14.943604 11.922294 10.085056 11.266429 12.101602 14.227051 17.003453 18.003905 17.614781 16.965749 13.905651 12.420896 12.272452 13.438268 16.635114 11.147490 11.526459 17.020144 12.349420 14.288218 12.402584 15.660656 15.059566 13.640481 12.072957 14.196053 14.128867 12.586275 13.962739 11.060968 13.239586 14.750173 13.397279 16.276851 17.963354 19.275353 19.596374 19.321782 19.324687 19.076392 23.528793 17.975404 17.814438 16.958572 15.657832 18.057661 13.689082 -9999.0
-9999.0 11.355057 11.003212 10.870853 10.685882 10.989255 10.403100 8.455773 8.130704 12.484238 10.142534 11.382098 13.626900 18.454051 18.585041 11.808626 11.352679 9.650714 11.503727 12.179671 14.602081 15.595220 21.084557 17.035850 22.465278 17.403936 21.200296 21.405556 16.966834 15.826791 15.858475 15.283008 14.823096 18.706285 16.166246 17.509527 18.066888 16.939119 17.583194 17.117739 16.810506 16.339440 15.968885 13.692691 13.386541 14.194675 16.881170 16.644687 19.191462 18.708343 18.682448 18.391801 17.687973 17.652127 17.582253 16.852922 15.015260 14.951928 15.439111 16.954121 13.206317 13.393798 -9999.0
-9999.0 14.161194 11.659686 12.013998 16.536540 11.629437 8.776854 8.954357 13.569048 13.655785 10.724609 11.531715 13.800320 18.840844 12.463274 10.137614 9.376442 9.809064 12.397937 11.778465 16.033685 13.738022 15.822447 17.446134 22.989192 24.067200 17.507745 18.704460 18.021242 17.587847 17.680411 17.142830 16.173234 16.586054 21.204458 18.922165 24.911277 25.470778 19.354047 19.786571 19.305804 17.981035 17.292274 17.080771 17.958181 18.375567 19.507121 19.371998 18.170069 18.271313 17.019973 15.421546 15.159964 15.660239 15.028612 13.781961 13.561093 12.919249 12.553439 12.057896 12.118474 -9999.0 -9999.0
