user2019/resources/simulation/Vinschgau/output-maps/TL0004N1207.asc
ncols         63
nrows         48
xllcorner     598000.000000
yllcorner     5145000.000000
cellsize      1000.000000
NODATA_value  -9999.0
[rows 0 to 27 of 48, columns 0 to 62 of 63]
-9999.0 -9999.0 -9999.0 -9999.0 -9999.0 -9999.0 -9999.0 -9999.0 -9999.0 -9999.0 -9999.0 -9999.0 -9999.0 -9999.0 -9999.0 -9999.0 -9999.0 -9999.0 -9999.0 -9999.0 -9999.0 -9999.0 -9999.0 -9999.0 -9999.0 -9999.0 -9999.0 -9999.0 -9999.0 -9999.0 -9999.0 -9999.0 -9999.0 -9999.0 -9999.0 -9999.0 -9999.0 -9999.0 -9999.0 -9999.0 -9999.0 -9999.0 -9999.0 -9999.0 -9999.0 -9999.0 -9999.0 -9999.0 -9999.0 -9999.0 -9999.0 -9999.0 -9999.0 -9999.0 -9999.0 -9999.0 -9999.0 -9999.0 -9999.0 -9999.0 -9999.0 -9999.0 -9999.0
-9999.0 -9999.0 -9999.0 -9999.0 -9999.0 -9999.0 -9999.0 -9999.0 -9999.0 -9999.0 -9999.0 -9999.0 -9999.0 -9999.0 -9999.0 -9999.0 -9999.0 -9999.0 -9999.0 -9999.0 -9999.0 -9999.0 -9999.0 -9999.0 -9999.0 -9999.0 -9999.0 4.254156 2.718710 4.859569 1.832867 1.258076 -0.024104 -9999.0 -9999.0 -9999.0 -9999.0 -9999.0 -9999.0 -9999.0 -9999.0 -9999.0 -9999.0 -9999.0 -9999.0 -9999.0 -9999.0 -9999.0 -9999.0 -9999.0 -9999.0 -9999.0 -9999.0 -9999.0 -9999.0 -9999.0 -9999.0 -9999.0 -9999.0 -9999.0 -9999.0 -9999.0 -9999.0
-9999.0 -9999.0 -9999.0 -9999.0 -9999.0 -9999.0 -9999.0 -9999.0 -9999.0 -9999.0 -9999.0 -9999.0 -9999.0 -9999.0 -9999.0 -9999.0 -9999.0 -9999.0 -9999.0 -9999.0 -9999.0 -9999.0 -9999.0 -9999.0 3.284644 3.427076 3.935586 3.260712 3.601459 3.351273 1.573307 -9999.0 -9999.0 -9999.0 -9999.0 -9999.0 -9999.0 -9999.0 -9999.0 -9999.0 -9999.0 -9999.0 -9999.0 -9999.0 -9999.0 -9999.0 -9999.0 -9999.0 -9999.0 -9999.0 -9999.0 -9999.0 -9999.0 -9999.0 -9999.0 -9999.0 -9999.0 -9999.0 -9999.0 -9999.0 -9999.0 -9999.0 -9999.0
-9999.0 -9999.0 -9999.0 -9999.0 -9999.0 -9999.0 -9999.0 -9999.0 -9999.0 -9999.0 -9999.0 -9999.0 -9999.0 -9999.0 -9999.0 -9999.0 -9999.0 -9999.0 -9999.0 -9999.0 -9999.0 -9999.0 -9999.0 3.784110 4.484546 4.553398 4.793952 4.907383 5.124663 3.856342 1.597120 0.705959 -9999.0 -9999.0 -9999.0 -9999.0 -9999.0 -9999.0 -9999.0 -9999.0 -9999.0 -9999.0 -9999.0 -9999.0 -9999.0 -9999.0 -9999.0 -9999.0 -9999.0 -9999.0 -9999.0 -9999.0 -9999.0 -9999.0 -9999.0 -9999.0 -9999.0 -9999.0 -9999.0 -9999.0 -9999.0 -9999.0 -9999.0
-9999.0 -9999.0 -9999.0 -9999.0 -9999.0 -9999.0 -9999.0 -9999.0 -9999.0 -9999.0 -9999.0 -9999.0 -9999.0 -9999.0 -9999.0 -9999.0 -9999.0 -9999.0 8.783935 4.568186 -9999.0 4.180462 4.525053 4.403076 4.362134 5.205034 5.967942 6.202633 3.246895 1.707528 3.587971 2.057107 2.700791 3.578341 -9999.0 -9999.0 -9999.0 -9999.0 -9999.0 -9999.0 -9999.0 -9999.0 -9999.0 -9999.0 -9999.0 -9999.0 -9999.0 -9999.0 -9999.0 -9999.0 -9999.0 -9999.0 -9999.0 -9999.0 -9999.0 -9999.0 -9999.0 -9999.0 -9999.0 -9999.0 -9999.0 -9999.0 -9999.0
-9999.0 -9999.0 -9999.0 -9999.0 -9999.0 -9999.0 -9999.0 -9999.0 -9999.0 -9999.0 -9999.0 -9999.0 -9999.0 -9999.0 -9999.0 -9999.0 -9999.0 5.710982 4.367601 5.537640 7.743639 1.052270 2.165202 4.255905 6.820305 0.263116 -0.038748 1.199878 -0.029238 2.987918 4.828925 3.704173 5.156814 3.871126 2.735305 3.127827 -9999.0 -9999.0 -9999.0 -9999.0 -9999.0 -9999.0 -9999.0 -9999.0 -9999.0 -9999.0 -9999.0 -9999.0 -9999.0 -9999.0 -9999.0 -9999.0 -9999.0 -9999.0 -9999.0 -9999.0 -9999.0 -9999.0 -9999.0 -9999.0 -9999.0 -9999.0 -9999.0
-9999.0 -9999.0 -9999.0 -9999.0 -9999.0 -9999.0 -9999.0 -9999.0 -9999.0 -9999.0 -9999.0 -9999.0 -9999.0 7.328980 3.969306 4.085431 5.436806 14.676440 5.487147 5.045361 4.732448 4.203438 5.156969 7.018050 -0.007536 4.465095 -0.003298 -0.034273 -0.020730 0.319301 -0.092259 3.759837 2.848905 1.894195 3.110503 3.086814 -9999.0 -9999.0 -9999.0 -9999.0 -9999.0 -9999.0 -9999.0 -9999.0 -9999.0 -9999.0 -9999.0 -9999.0 -9999.0 -9999.0 -9999.0 -9999.0 -9999.0 -9999.0 -9999.0 -9999.0 -9999.0 -9999.0 -9999.0 -9999.0 -9999.0 -9999.0 -9999.0
-9999.0 -9999.0 -9999.0 -9999.0 -9999.0 -9999.0 -9999.0 -9999.0 -9999.0 -9999.0 -9999.0 -9999.0 -9999.0 8.331012 5.956968 4.800275 4.601360 13.596135 14.812598 7.041612 4.743192 9.341524 3.304865 1.820008 2.970509 1.487310 3.075450 4.820678 3.275855 -0.051409 -0.678173 2.240332 2.757088 1.590973 2.506945 -9999.0 -9999.0 -9999.0 -9999.0 -9999.0 -9999.0 -9999.0 -9999.0 -9999.0 -9999.0 -9999.0 -9999.0 -9999.0 -9999.0 -9999.0 -9999.0 -9999.0 -9999.0 -9999.0 -9999.0 -9999.0 -9999.0 -9999.0 -9999.0 -9999.0 -9999.0 -9999.0 -9999.0
-9999.0 -9999.0 -9999.0 -9999.0 -9999.0 -9999.0 -9999.0 -9999.0 -9999.0 -9999.0 -9999.0 -9999.0 -9999.0 6.144782 6.643778 7.379852 4.498767 5.164193 15.247628 5.509290 11.227199 4.410184 0.311025 -0.017709 3.235471 2.339547 6.059432 3.180076 1.202565 2.416801 1.465582 -2.309205 1.626333 -4.228161 3.249020 -9999.0 -9999.0 -9999.0 -9999.0 -9999.0 -9999.0 -9999.0 -9999.0 -9999.0 -9999.0 -9999.0 -9999.0 -9999.0 -9999.0 -9999.0 -9999.0 -9999.0 -9999.0 -9999.0 -9999.0 -9999.0 -9999.0 -9999.0 -9999.0 -9999.0 -9999.0 -9999.0 -9999.0
-9999.0 -9999.0 -9999.0 -9999.0 -9999.0 -9999.0 -9999.0 -9999.0 -9999.0 -9999.0 -9999.0 -9999.0 4.991811 6.201559 7.101448 5.462764 3.112042 4.774932 14.564759 7.531699 5.187757 0.545549 1.188447 -0.012743 -0.106571 3.012136 -1.110237 1.483683 2.370694 2.736623 -0.099278 2.760171 0.553738 3.634355 -9999.0 -9999.0 -9999.0 -9999.0 -9999.0 -9999.0 -9999.0 -9999.0 -9999.0 -9999.0 -9999.0 -9999.0 -9999.0 -9999.0 -9999.0 -9999.0 -9999.0 -9999.0 -9999.0 -9999.0 -9999.0 -9999.0 -9999.0 -9999.0 -9999.0 -9999.0 -9999.0 -9999.0 -9999.0
-9999.0 -9999.0 -9999.0 -9999.0 -9999.0 -9999.0 -9999.0 -9999.0 -9999.0 -9999.0 -9999.0 7.465800 6.480344 3.468477 6.707066 10.437175 6.827149 5.120111 14.075176 8.988998 3.445823 3.912456 4.858023 3.485857 1.178662 3.433893 1.298736 2.569117 0.541981 2.819197 2.973188 2.818167 3.144876 3.155873 2.798595 3.464542 1.413400 2.979976 3.011682 -9999.0 -9999.0 -9999.0 3.155912 -9999.0 -9999.0 -9999.0 -9999.0 -9999.0 -9999.0 -9999.0 -9999.0 -9999.0 -9999.0 -9999.0 -9999.0 -9999.0 -9999.0 -9999.0 -9999.0 -9999.0 -9999.0 -9999.0 -9999.0
-9999.0 -9999.0 -9999.0 -9999.0 -9999.0 -9999.0 -9999.0 -9999.0 -9999.0 -9999.0 -9999.0 6.980866 6.038767 7.661866 7.494431 9.793619 8.748501 5.583001 14.355124 10.810374 10.956067 7.114508 4.289964 -1.133984 -0.445092 2.690372 2.348118 3.090277 4.711154 3.201021 2.379059 3.241898 0.666856 0.540930 0.627915 2.433723 3.785341 4.574099 3.237043 3.019696 3.219150 3.408461 1.834628 2.892210 -9999.0 -9999.0 -9999.0 -0.002538 -0.005572 1.934791 -0.005783 0.858628 1.106322 -0.033322 -0.034066 0.885737 -9999.0 -9999.0 -9999.0 -9999.0 -9999.0 -9999.0 -9999.0
-9999.0 -9999.0 -9999.0 -9999.0 -9999.0 -9999.0 -9999.0 -9999.0 -9999.0 -9999.0 -9999.0 6.500247 7.286333 2.080102 9.885584 10.711182 3.791663 4.372834 12.449269 10.735905 2.713478 0.593078 -0.073503 3.250846 2.691596 4.431257 -0.118542 -1.579080 3.537633 0.641745 3.266185 -0.442651 3.321966 0.514016 2.824680 3.532128 -0.143433 -0.507222 5.452333 3.458473 3.115730 1.660767 3.314239 2.499606 0.381709 -9999.0 3.406165 -0.002321 1.687056 2.778578 3.243844 4.868268 2.351813 1.469112 1.294606 0.472621 -9999.0 -9999.0 -9999.0 -9999.0 -9999.0 -9999.0 -9999.0
-9999.0 -9999.0 -9999.0 -9999.0 -9999.0 -9999.0 -9999.0 -9999.0 -9999.0 -9999.0 -9999.0 -9999.0 6.997391 0.389880 8.636267 8.929103 1.248509 3.387048 13.470885 10.471531 2.628687 1.586767 -0.049592 -0.110273 -1.221118 -0.118563 3.520215 3.380148 1.720463 2.921095 2.289694 -0.277006 3.516233 1.461706 0.688137 3.047458 -0.231981 -0.527354 6.711168 4.275054 4.926700 5.803043 -0.117815 3.905590 3.040405 0.129862 2.349439 0.468318 -1.322303 -0.199652 -0.026120 -1.729051 -1.794026 -1.284699 -0.807397 1.600759 0.564653 -9999.0 -9999.0 -9999.0 -9999.0 -9999.0 -9999.0
-9999.0 -9999.0 -9999.0 -9999.0 -9999.0 -9999.0 -9999.0 -9999.0 -9999.0 -9999.0 -9999.0 -0.132933 4.761224 7.977224 -0.011340 1.443870 2.725518 2.676015 12.837389 4.571798 2.904635 0.920305 -0.003919 -0.088407 -0.173636 -0.580135 -0.122331 1.540546 1.410176 4.721444 -0.100118 -1.039795 4.119146 1.518812 0.600788 2.194544 3.022722 -0.037374 1.088722 6.513195 -0.037307 -0.009624 -0.037273 0.390182 4.563063 1.586907 2.715945 4.572288 5.376535 -0.017252 -0.941159 1.701353 -2.367654 -3.517202 -3.969719 -2.855645 2.418309 -9999.0 -9999.0 -9999.0 -9999.0 -9999.0 -9999.0
-9999.0 -9999.0 -9999.0 -9999.0 -9999.0 -9999.0 -9999.0 -9999.0 -9999.0 -9999.0 3.411027 -0.086799 4.565024 4.877341 6.837572 0.385954 0.353496 -0.006449 3.739708 4.207795 8.166851 6.151872 -0.175813 5.170537 -0.021214 -0.304756 -0.264169 -1.741398 3.534200 3.985629 -0.481246 -0.572462 3.793674 1.449138 3.426303 3.430181 3.690514 -0.187242 -0.295525 1.419598 1.550181 2.763488 9.304325 1.137932 -0.018971 4.808715 3.196419 -0.298114 -0.227845 -0.011398 -3.510583 1.632945 -4.377688 -3.541891 0.015299 1.420567 1.489229 -9999.0 -9999.0 -9999.0 -9999.0 -9999.0 -9999.0
-9999.0 -9999.0 -9999.0 -9999.0 -9999.0 -9999.0 -9999.0 -9999.0 -9999.0 2.981845 3.900980 -0.023933 -0.018425 -0.049772 -0.069502 -0.067327 -0.021404 7.450516 3.668761 4.260187 8.641127 1.088576 0.446525 1.876277 0.864069 -0.811449 -1.032233 3.934265 -0.029327 -0.017579 1.025187 -1.003524 3.598639 2.904222 3.413042 3.337260 3.671880 -0.263804 -0.128049 -0.080518 -0.582041 -0.281410 -0.153041 1.750528 1.217191 -0.019547 5.966367 -0.060460 -0.057987 1.098236 -1.192171 2.258791 -3.292288 0.473501 0.397502 -3.233804 -2.826495 2.747486 0.784626 -9999.0 -9999.0 -9999.0 -9999.0
-9999.0 -9999.0 -9999.0 -9999.0 -9999.0 -9999.0 -9999.0 -9999.0 -9999.0 3.020481 2.829475 4.215887 5.309015 -0.005974 -0.023848 -0.051681 5.910404 1.903861 4.243933 9.879832 9.384955 9.325850 6.493968 4.759280 -0.433863 -0.125596 -0.059636 -0.011838 1.670738 4.781749 3.967487 -1.385870 2.677439 0.596807 1.749461 3.400773 4.037987 5.664236 2.987554 4.203663 -0.139696 -0.194272 -0.035315 1.952541 2.839658 3.331175 3.004691 1.681226 -0.005595 1.331301 -2.268830 -2.947782 0.098501 -0.102818 1.297273 -4.285402 -2.603001 -1.187762 3.672317 -9999.0 -9999.0 -9999.0 -9999.0
-9999.0 -9999.0 -9999.0 -9999.0 -9999.0 -9999.0 -9999.0 -9999.0 -9999.0 -9999.0 2.269351 4.008213 -0.017805 -0.317487 0.285456 -0.021042 -0.008359 3.002186 5.028486 6.258141 9.445425 2.920078 -0.015612 -0.162392 -0.085416 -0.018908 1.243190 2.210432 3.968660 -0.960270 -1.289841 -1.417335 -1.246005 1.396233 3.042952 4.118357 4.100765 4.299179 4.052193 2.516026 2.147833 4.072165 4.247428 -0.018863 -0.010439 -0.006966 1.847157 6.734311 4.483153 1.356636 -1.234228 -0.872328 0.351883 -0.007768 -0.112397 -0.004289 2.215824 -0.325066 -0.130894 -0.014960 -9999.0 -9999.0 -9999.0
-9999.0 -9999.0 -9999.0 -9999.0 -9999.0 -9999.0 -9999.0 -9999.0 -9999.0 -9999.0 1.666098 3.235588 3.998645 -0.011294 5.606708 0.137748 -0.008453 2.760830 5.433562 7.098221 3.589676 1.731390 -0.020555 -0.024062 -0.017692 1.737878 2.897686 -0.008606 -0.649752 -1.002597 2.425904 3.417520 -1.275851 0.666164 2.506566 4.418299 -0.237529 -0.056274 -1.192218 1.462540 2.657049 6.397699 -0.153570 3.852118 4.132056 -0.162485 -0.010289 -0.009672 3.182103 3.413136 0.649009 -1.113890 -1.745858 0.558613 -0.027248 -0.006793 -0.006796 -0.064089 1.081782 2.968186 -9999.0 -9999.0 -9999.0
-9999.0 -9999.0 -9999.0 -9999.0 -9999.0 -9999.0 -9999.0 -9999.0 3.092928 2.204059 1.196891 3.153640 -1.333526 -0.043861 -0.036645 1.742974 3.094255 10.068253 7.264301 7.531093 5.315099 4.271446 3.411761 1.730269 1.620373 2.042607 5.812218 -0.346648 -1.126083 -0.926761 1.624257 2.468342 2.501814 1.199725 2.753044 3.039203 6.101115 -0.038768 -1.872761 3.543729 4.967357 4.028093 -0.887801 3.828884 6.269989 3.741393 -1.703999 -0.040411 -0.007655 3.421333 1.515210 -1.939144 -3.035450 -3.414796 0.090152 0.682291 2.897066 4.222933 1.781745 4.532925 -9999.0 -9999.0 -9999.0
-9999.0 -9999.0 -9999.0 -9999.0 -9999.0 -9999.0 -9999.0 -9999.0 -1.666853 -0.525839 -1.087414 1.395511 2.932776 -0.797446 -0.325442 -0.006809 2.088696 2.671653 5.669693 8.062030 14.041447 12.590801 12.542584 11.751302 3.574048 3.496037 0.971948 -0.050580 -2.675567 1.461315 0.559966 3.672042 2.874428 4.151319 3.260428 3.914955 7.188891 0.953302 -0.032163 3.666062 2.493700 0.662086 4.426353 3.766902 3.078298 -0.119961 -1.236879 3.368512 -0.027656 1.576859 2.892963 -0.023650 -4.065238 -0.004104 2.432539 -1.196837 -0.070044 -0.010741 3.699775 6.577655 7.855209 -9999.0 -9999.0
-9999.0 -9999.0 -9999.0 -9999.0 -9999.0 -9999.0 -9999.0 -9999.0 2.442966 2.482130 1.109189 -1.233464 2.586968 -0.774907 -0.060932 -0.311478 0.408326 4.410525 5.606362 13.580432 8.517530 12.647902 12.949239 7.219744 10.010393 3.395435 0.498075 -0.601828 -1.599122 2.485360 4.459324 3.997042 -0.358743 -0.141098 4.355492 6.656059 0.316714 1.809655 -0.036101 -0.582039 3.631649 4.988663 3.357371 2.575023 -1.038558 3.277717 3.420692 2.282835 -1.069427 -0.012211 2.688473 1.327654 -2.838241 -3.893011 -0.034976 -0.020406 2.067613 3.522758 6.511457 6.812808 7.374962 -9999.0 -9999.0
-9999.0 -9999.0 -9999.0 -9999.0 -9999.0 -9999.0 -9999.0 -9999.0 2.164260 3.447841 -0.058755 -2.914176 2.904679 -0.128421 -0.263444 0.349521 4.132760 5.397304 9.813331 5.854519 7.932355 8.313035 12.000522 11.270649 3.790857 1.170464 -0.032757 -1.326521 3.963170 -0.147789 -0.062256 -0.089384 -0.000837 -0.020830 -0.020745 5.988478 8.245079 4.247892 0.854066 -0.014510 4.147656 4.278476 4.175734 6.215070 2.851361 4.977458 3.629947 5.408301 2.776178 -0.072222 -0.008960 2.393788 1.437030 -0.027417 1.674105 2.608299 4.347697 4.955965 5.863678 7.100215 6.085699 2.856274 -9999.0
-9999.0 -9999.0 -9999.0 -9999.0 -9999.0 -9999.0 -9999.0 -9999.0 -0.023872 2.829684 -0.957237 -0.955983 -0.356539 -0.165081 4.781298 3.380176 7.115993 2.560794 0.982960 3.048599 4.922248 7.663171 7.923975 7.628869 9.395277 0.296672 -0.462299 -0.018032 0.329765 -0.002913 -0.086243 1.249486 3.215828 2.248821 1.454888 2.516400 4.738539 6.254582 5.622565 3.217861 1.749207 1.477408 1.618903 0.232699 -0.065200 4.916343 -0.026716 -0.087342 -0.029547 1.127738 2.577906 1.877584 2.097497 2.833325 3.427613 3.829559 4.523717 5.424206 6.290591 6.463727 4.355270 2.267129 -9999.0
-9999.0 -9999.0 3.204093 3.219862 -2.108429 -0.199782 -1.257300 -1.347623 1.388723 1.983801 -1.024259 -0.663811 -0.128381 0.855266 6.049241 2.559163 -0.013671 -0.607788 -0.043238 -0.005323 2.919995 5.624149 6.922699 6.319932 5.719337 2.207763 -0.006725 0.148672 2.702638 5.973408 -0.014004 0.933550 8.189659 3.591822 5.784912 4.826567 8.455606 8.523405 7.430068 4.751495 6.172167 6.140797 4.447113 3.627892 -0.007430 1.352763 2.630809 1.586265 3.535320 4.739420 5.910728 5.156016 4.231437 3.729544 3.623738 9.391334 4.299699 4.753788 4.496815 3.701570 7.023999 1.460335 -9999.0
-9999.0 -0.071784 -0.248468 -0.174180 -0.138370 -0.144531 -0.789760 -1.366827 -1.606774 1.315686 -1.332476 -0.428696 -0.003602 5.375907 5.008878 -0.207192 -0.272305 -1.142597 -0.104764 -0.010603 2.693772 4.442059 9.139798 5.049385 10.619361 5.536299 8.735160 8.892839 6.246761 4.463184 4.839031 4.995957 6.689535 11.526751 9.062234 10.270261 11.924909 11.419940 12.085069 10.431113 9.610633 9.471829 8.783363 5.022640 3.710495 4.107271 5.833171 6.116783 7.839352 6.239762 6.038706 4.894926 4.089224 3.297373 3.221807 2.677874 0.947688 1.304583 2.498317 5.524228 0.686927 1.249687 -9999.0
-9999.0 5.318467 -0.015993 -0.030342 2.869206 -0.061142 -1.878099 -1.171173 0.694594 1.020442 -1.271812 -0.640845 0.401190 5.228466 -0.081706 -3.185681 -1.133475 -1.222720 -0.342652 -0.011658 5.860094 2.125698 3.224257 3.980209 10.717858 12.003544 5.640316 7.436292 7.268165 6.601590 6.748388 6.527197 8.413863 9.303223 14.448131 12.271485 19.782272 20.781827 15.023080 13.937143 13.213731 12.165028 11.144320 8.266404 8.129694 8.002039 9.006421 8.650022 8.000177 7.121325 5.098043 2.163170 1.081496 1.609514 0.818253 -0.025290 -0.438147 -0.049022 -0.030641 -0.075393 -0.021472 -9999.0 -9999.0
