user2019/resources/simulation/Vinschgau/output-maps/TL0004N0060.asc
ncols         63
nrows         48
xllcorner     598000.000000
yllcorner     5145000.000000
cellsize      1000.000000
NODATA_value  -9999.0
[rows 0 to 27 of 48, columns 0 to 62 of 63]
-9999.0 -9999.0 -9999.0 -9999.0 -9999.0 -9999.0 -9999.0 -9999.0 -9999.0 -9999.0 -9999.0 -9999.0 -9999.0 -9999.0 -9999.0 -9999.0 -9999.0 -9999.0 -9999.0 -9999.0 -9999.0 -9999.0 -9999.0 -9999.0 -9999.0 -9999.0 -9999.0 -9999.0 -9999.0 -9999.0 -9999.0 -9999.0 -9999.0 -9999.0 -9999.0 -9999.0 -9999.0 -9999.0 -9999.0 -9999.0 -9999.0 -9999.0 -9999.0 -9999.0 -9999.0 -9999.0 -9999.0 -9999.0 -9999.0 -9999.0 -9999.0 -9999.0 -9999.0 -9999.0 -9999.0 -9999.0 -9999.0 -9999.0 -9999.0 -9999.0 -9999.0 -9999.0 -9999.0
-9999.0 -9999.0 -9999.0 -9999.0 -9999.0 -9999.0 -9999.0 -9999.0 -9999.0 -9999.0 -9999.0 -9999.0 -9999.0 -9999.0 -9999.0 -9999.0 -9999.0 -9999.0 -9999.0 -9999.0 -9999.0 -9999.0 -9999.0 -9999.0 -9999.0 -9999.0 -9999.0 -0.825706 -1.825516 -2.142843 -1.185479 -1.201837 -1.178463 -9999.0 -9999.0 -9999.0 -9999.0 -9999.0 -9999.0 -9999.0 -9999.0 -9999.0 -9999.0 -9999.0 -9999.0 -9999.0 -9999.0 -9999.0 -9999.0 -9999.0 -9999.0 -9999.0 -9999.0 -9999.0 -9999.0 -9999.0 -9999.0 -9999.0 -9999.0 -9999.0 -9999.0 -9999.0 -9999.0
-9999.0 -9999.0 -9999.0 -9999.0 -9999.0 -9999.0 -9999.0 -9999.0 -9999.0 -9999.0 -9999.0 -9999.0 -9999.0 -9999.0 -9999.0 -9999.0 -9999.0 -9999.0 -9999.0 -9999.0 -9999.0 -9999.0 -9999.0 -9999.0 -0.077834 -1.482685 -2.435213 -2.940707 -2.045322 -2.215773 -1.164434 -9999.0 -9999.0 -9999.0 -9999.0 -9999.0 -9999.0 -9999.0 -9999.0 -9999.0 -9999.0 -9999.0 -9999.0 -9999.0 -9999.0 -9999.0 -9999.0 -9999.0 -9999.0 -9999.0 -9999.0 -9999.0 -9999.0 -9999.0 -9999.0 -9999.0 -9999.0 -9999.0 -9999.0 -9999.0 -9999.0 -9999.0 -9999.0
-9999.0 -9999.0 -9999.0 -9999.0 -9999.0 -9999.0 -9999.0 -9999.0 -9999.0 -9999.0 -9999.0 -9999.0 -9999.0 -9999.0 -9999.0 -9999.0 -9999.0 -9999.0 -9999.0 -9999.0 -9999.0 -9999.0 -9999.0 -0.912478 -0.414866 -0.005051 -0.005092 0.007911 -0.022463 -2.964283 -2.708232 -0.572875 -9999.0 -9999.0 -9999.0 -9999.0 -9999.0 -9999.0 -9999.0 -9999.0 -9999.0 -9999.0 -9999.0 -9999.0 -9999.0 -9999.0 -9999.0 -9999.0 -9999.0 -9999.0 -9999.0 -9999.0 -9999.0 -9999.0 -9999.0 -9999.0 -9999.0 -9999.0 -9999.0 -9999.0 -9999.0 -9999.0 -9999.0
-9999.0 -9999.0 -9999.0 -9999.0 -9999.0 -9999.0 -9999.0 -9999.0 -9999.0 -9999.0 -9999.0 -9999.0 -9999.0 -9999.0 -9999.0 -9999.0 -9999.0 -9999.0 0.041697 -0.007169 -9999.0 -0.114289 -0.424512 0.012010 0.414992 2.069889 -0.156151 -0.169025 2.042859 -0.028430 -2.968311 -2.066638 -2.980667 -2.996825 -9999.0 -9999.0 -9999.0 -9999.0 -9999.0 -9999.0 -9999.0 -9999.0 -9999.0 -9999.0 -9999.0 -9999.0 -9999.0 -9999.0 -9999.0 -9999.0 -9999.0 -9999.0 -9999.0 -9999.0 -9999.0 -9999.0 -9999.0 -9999.0 -9999.0 -9999.0 -9999.0 -9999.0 -9999.0
-9999.0 -9999.0 -9999.0 -9999.0 -9999.0 -9999.0 -9999.0 -9999.0 -9999.0 -9999.0 -9999.0 -9999.0 -9999.0 -9999.0 -9999.0 -9999.0 -9999.0 4.216006 2.883967 0.299636 -0.780981 -0.182582 -0.033352 -0.007881 0.882004 -0.012211 -0.551732 -0.178808 -0.677351 -0.217335 -0.017937 -2.654103 -2.692654 -2.893843 -0.915808 -1.205487 -9999.0 -9999.0 -9999.0 -9999.0 -9999.0 -9999.0 -9999.0 -9999.0 -9999.0 -9999.0 -9999.0 -9999.0 -9999.0 -9999.0 -9999.0 -9999.0 -9999.0 -9999.0 -9999.0 -9999.0 -9999.0 -9999.0 -9999.0 -9999.0 -9999.0 -9999.0 -9999.0
-9999.0 -9999.0 -9999.0 -9999.0 -9999.0 -9999.0 -9999.0 -9999.0 -9999.0 -9999.0 -9999.0 -9999.0 -9999.0 -0.105042 -0.011416 2.121217 3.558325 3.726794 3.667616 0.771572 0.612010 0.884872 2.052266 0.640775 -0.035677 -1.022253 -1.178200 -0.730849 -1.197154 -0.278160 -0.216277 -1.185617 -1.013953 -1.418720 -1.399241 -1.564223 -9999.0 -9999.0 -9999.0 -9999.0 -9999.0 -9999.0 -9999.0 -9999.0 -9999.0 -9999.0 -9999.0 -9999.0 -9999.0 -9999.0 -9999.0 -9999.0 -9999.0 -9999.0 -9999.0 -9999.0 -9999.0 -9999.0 -9999.0 -9999.0 -9999.0 -9999.0 -9999.0
-9999.0 -9999.0 -9999.0 -9999.0 -9999.0 -9999.0 -9999.0 -9999.0 -9999.0 -9999.0 -9999.0 -9999.0 -9999.0 -0.011973 1.500381 2.608798 2.595110 2.753911 3.951688 1.996568 2.983635 -0.012817 1.433532 -0.014707 -0.027374 -0.512827 -1.816668 -1.081879 -1.221719 -1.213469 -0.391664 -1.272872 -1.396667 -2.057435 -1.905922 -9999.0 -9999.0 -9999.0 -9999.0 -9999.0 -9999.0 -9999.0 -9999.0 -9999.0 -9999.0 -9999.0 -9999.0 -9999.0 -9999.0 -9999.0 -9999.0 -9999.0 -9999.0 -9999.0 -9999.0 -9999.0 -9999.0 -9999.0 -9999.0 -9999.0 -9999.0 -9999.0 -9999.0
-9999.0 -9999.0 -9999.0 -9999.0 -9999.0 -9999.0 -9999.0 -9999.0 -9999.0 -9999.0 -9999.0 -9999.0 -9999.0 -0.006999 1.692882 2.144894 1.821003 2.939285 3.827215 3.378875 -0.005759 -0.193580 -0.019298 -0.231077 -0.057805 -0.015160 -1.253642 -1.064982 -2.154542 -1.178222 -1.164463 -1.801938 -1.760316 -2.118401 -2.283937 -9999.0 -9999.0 -9999.0 -9999.0 -9999.0 -9999.0 -9999.0 -9999.0 -9999.0 -9999.0 -9999.0 -9999.0 -9999.0 -9999.0 -9999.0 -9999.0 -9999.0 -9999.0 -9999.0 -9999.0 -9999.0 -9999.0 -9999.0 -9999.0 -9999.0 -9999.0 -9999.0 -9999.0
-9999.0 -9999.0 -9999.0 -9999.0 -9999.0 -9999.0 -9999.0 -9999.0 -9999.0 -9999.0 -9999.0 -9999.0 -0.006053 0.035043 0.948840 -0.250332 -0.008271 2.571955 3.396502 2.477502 -0.010289 -0.398436 -0.250486 -0.205341 -0.342766 -0.998289 -0.177735 -0.193463 -1.793256 -1.091683 -1.215585 -1.742891 -2.176839 -1.158715 -9999.0 -9999.0 -9999.0 -9999.0 -9999.0 -9999.0 -9999.0 -9999.0 -9999.0 -9999.0 -9999.0 -9999.0 -9999.0 -9999.0 -9999.0 -9999.0 -9999.0 -9999.0 -9999.0 -9999.0 -9999.0 -9999.0 -9999.0 -9999.0 -9999.0 -9999.0 -9999.0 -9999.0 -9999.0
-9999.0 -9999.0 -9999.0 -9999.0 -9999.0 -9999.0 -9999.0 -9999.0 -9999.0 -9999.0 -9999.0 -0.056536 -0.044218 -0.003941 -0.172241 -0.105344 -0.136842 2.166360 3.563782 2.704502 1.293619 -0.008063 -0.088863 -0.680373 -0.480324 -0.511249 -1.004523 -0.280640 -0.978626 -1.253193 -0.848838 -2.673329 -1.429537 -1.459302 -2.321194 -3.490796 -4.209061 -0.035771 -0.006648 -9999.0 -9999.0 -9999.0 -2.222877 -9999.0 -9999.0 -9999.0 -9999.0 -9999.0 -9999.0 -9999.0 -9999.0 -9999.0 -9999.0 -9999.0 -9999.0 -9999.0 -9999.0 -9999.0 -9999.0 -9999.0 -9999.0 -9999.0 -9999.0
-9999.0 -9999.0 -9999.0 -9999.0 -9999.0 -9999.0 -9999.0 -9999.0 -9999.0 -9999.0 -9999.0 -0.080336 -0.057814 -0.006500 -0.010289 -0.283189 -0.009982 3.103271 3.487061 2.740397 1.675981 0.008127 -0.075979 -0.114195 -0.140454 -0.503428 -0.660065 -1.425520 -0.574037 -0.812190 -1.935777 -1.924175 -2.888643 -1.796342 -2.730267 -3.008024 -0.006268 -0.005683 -0.005957 -2.995274 -3.419960 -4.020437 -3.217481 -1.593928 -9999.0 -9999.0 -9999.0 -0.012446 -0.011290 -0.031951 -0.009063 -0.010546 -0.010007 -0.004065 -0.004155 -0.011197 -9999.0 -9999.0 -9999.0 -9999.0 -9999.0 -9999.0 -9999.0
-9999.0 -9999.0 -9999.0 -9999.0 -9999.0 -9999.0 -9999.0 -9999.0 -9999.0 -9999.0 -9999.0 -0.069502 -0.256228 -0.175588 -0.067407 -0.286931 -0.023280 2.358414 2.937217 2.944054 2.180267 -0.006861 -0.095338 -0.242444 -0.870582 -0.467678 -0.771853 -0.270033 -0.604149 -0.561782 -1.082110 -1.577434 -2.618143 -1.964415 -2.580915 -0.027314 -0.018570 -0.005915 0.084083 -1.005978 -0.009181 -4.289913 -0.097300 -2.899189 -0.637357 -9999.0 -0.371848 -0.018265 -0.008411 -0.002026 -0.005049 -0.179575 0.002725 0.014457 0.010249 -0.003137 -9999.0 -9999.0 -9999.0 -9999.0 -9999.0 -9999.0 -9999.0
-9999.0 -9999.0 -9999.0 -9999.0 -9999.0 -9999.0 -9999.0 -9999.0 -9999.0 -9999.0 -9999.0 -9999.0 -0.181742 -0.063963 -0.006251 -0.009312 -0.035892 0.493940 3.413788 3.029832 2.045482 -0.007017 -0.004534 -0.049425 -0.214841 -0.548215 -0.003026 -0.783440 -0.689031 -0.343796 -1.270031 -1.578285 -2.190757 -1.806559 -1.875677 -3.453029 -0.079559 -0.023701 1.019905 -0.006693 -0.018719 -0.395147 -0.949211 -0.025592 -1.859770 -0.086656 -0.045865 -0.023199 -0.096120 -0.252249 -0.045667 -0.017024 -0.104109 -0.013714 -0.170830 -0.184703 -0.007897 -9999.0 -9999.0 -9999.0 -9999.0 -9999.0 -9999.0
-9999.0 -9999.0 -9999.0 -9999.0 -9999.0 -9999.0 -9999.0 -9999.0 -9999.0 -9999.0 -9999.0 -0.019369 -0.406928 -0.120316 -0.013360 -0.011858 -0.011711 -0.002792 2.797897 3.873112 2.493232 1.034299 -0.011117 -0.204088 -0.258671 -0.010390 -0.424655 -0.800851 -0.723805 -1.280643 -1.341155 -0.492785 -0.267351 -1.657124 -2.155916 -3.516980 -3.466950 -0.053663 -0.018464 0.267474 -0.034593 -0.013647 -0.007526 -0.238656 -0.012658 -0.084832 -0.040177 -0.977770 -0.081877 -0.070159 -0.656022 -0.690093 -0.440025 -0.674145 -0.623882 -0.702290 -0.009140 -9999.0 -9999.0 -9999.0 -9999.0 -9999.0 -9999.0
-9999.0 -9999.0 -9999.0 -9999.0 -9999.0 -9999.0 -9999.0 -9999.0 -9999.0 -9999.0 -0.055493 -0.012457 -0.006163 -0.082611 -0.005522 -0.012066 -0.079797 -0.026730 3.098547 3.743238 2.392489 -0.005723 -0.008638 0.000756 -0.007169 -0.080554 -0.658912 -0.574447 -0.008025 -0.009690 -0.033697 -0.369924 -0.977429 -1.422575 -2.472510 -3.511443 -0.298717 -0.260627 -0.009053 -0.006245 0.714853 0.727652 0.159834 2.007832 -0.021995 -2.548900 -0.030324 -0.684072 -0.022232 -0.021431 -0.028152 -0.715239 -0.687699 -0.723874 -0.664000 0.000548 -0.003599 -9999.0 -9999.0 -9999.0 -9999.0 -9999.0 -9999.0
-9999.0 -9999.0 -9999.0 -9999.0 -9999.0 -9999.0 -9999.0 -9999.0 -9999.0 -0.542941 -0.094593 -0.058001 -0.011116 -0.011800 -0.009082 -0.079334 -0.285712 0.007084 3.196969 3.874608 2.811741 -0.006385 -0.005314 0.017273 -0.038648 -0.502209 -1.804555 -0.004066 -0.012481 -0.018614 -0.006573 -0.812702 -1.171385 -1.300353 -1.427658 -2.202406 -2.159166 -2.699844 -2.347545 -0.101653 -0.009243 -1.074268 -1.166487 2.453220 1.815679 -0.020217 0.192399 -0.467965 -1.011298 -0.004433 -1.083280 -0.010459 -0.784403 -0.040228 -0.011997 -0.019014 -0.006538 0.005878 -0.001589 -9999.0 -9999.0 -9999.0 -9999.0
-9999.0 -9999.0 -9999.0 -9999.0 -9999.0 -9999.0 -9999.0 -9999.0 -9999.0 -0.530845 -0.438617 -0.567741 0.090645 -0.009865 -0.013951 -0.009641 0.016875 -0.009012 3.802504 3.440190 3.330191 3.049965 -0.007626 -0.005831 -0.666176 -0.476213 -0.029160 -0.009173 0.020879 -0.111761 -0.468131 -1.771822 -0.940087 -0.643832 -2.626746 -2.979899 -2.770590 -2.512091 -1.787689 -1.643105 -0.419600 -1.465992 -0.037014 -0.009914 2.986334 2.166892 2.017435 0.020082 -0.005466 -0.007126 -0.059830 -0.044925 -0.014119 -0.084564 -0.670865 -0.023306 -0.009569 -0.009012 0.008655 -9999.0 -9999.0 -9999.0 -9999.0
-9999.0 -9999.0 -9999.0 -9999.0 -9999.0 -9999.0 -9999.0 -9999.0 -9999.0 -9999.0 -0.555226 -0.492168 -0.041052 -0.002708 -0.007659 -0.010894 -0.007838 0.138037 4.565440 4.015219 2.894503 2.774885 -0.006868 -0.005409 -0.423776 -0.011491 0.030684 1.431870 -0.387135 -0.958142 -1.013686 -0.347582 -1.057399 -1.089638 -1.939392 -0.323977 -0.275772 -1.163081 -1.966628 -1.255498 -1.275437 -0.927993 -0.197044 -0.660474 -0.550275 -0.027904 1.719190 -0.002487 2.768055 -0.004633 -0.627494 -0.062622 -0.009393 -0.012954 -0.193552 -0.659346 -0.107220 -0.013937 -0.003880 -0.004281 -9999.0 -9999.0 -9999.0
-9999.0 -9999.0 -9999.0 -9999.0 -9999.0 -9999.0 -9999.0 -9999.0 -9999.0 -9999.0 -0.578331 -0.598818 -0.144150 -0.009101 0.894192 -0.001894 -0.010231 2.912927 5.069312 4.483743 3.401939 0.889920 -0.007013 -0.013643 -0.010515 0.939446 2.713827 -0.010553 -0.572208 -1.123083 -1.017671 -0.251474 -0.729751 -1.044899 -1.120106 -1.176894 -0.379074 -1.301292 -2.110645 -0.919191 -0.592994 -0.838387 -0.434025 -0.995280 -0.196510 -0.293040 -0.088114 -0.352864 3.339973 2.695862 -0.006228 -0.044612 -0.015997 -0.008756 -0.011419 -0.007130 -0.709087 -0.006892 3.636435 3.315326 -9999.0 -9999.0 -9999.0
-9999.0 -9999.0 -9999.0 -9999.0 -9999.0 -9999.0 -9999.0 -9999.0 -0.006985 -0.008172 -0.228929 -0.141615 -0.106950 -0.109385 -0.012336 0.614803 3.175217 3.735042 4.731720 4.818456 4.807319 3.785431 3.018597 1.476019 0.022541 3.567828 0.388474 -0.340363 -0.076489 -0.805127 -1.067119 -1.038482 -0.636644 -0.692561 -0.342766 -1.141246 -0.233114 -0.739180 -1.333062 -0.087224 -0.786109 -1.059524 -0.967190 -0.960870 -0.100377 -0.011362 -0.864468 -0.011772 -0.004378 2.729132 -0.001850 -0.039044 -0.014667 -0.020738 -0.000664 0.014166 0.007773 0.000617 1.859415 5.634899 -9999.0 -9999.0 -9999.0
-9999.0 -9999.0 -9999.0 -9999.0 -9999.0 -9999.0 -9999.0 -9999.0 -0.474640 -0.009496 -0.115478 -0.782514 -0.513160 -0.013466 -0.013233 -0.004284 1.635416 0.267109 5.231611 5.217508 5.594437 5.021892 3.827969 2.624838 3.529310 4.202721 1.430938 -0.190294 -0.786713 -0.078968 -0.227296 -1.370246 -0.098964 -0.223211 -0.030299 -0.052161 -0.384950 -0.044962 -1.868846 -0.039757 -1.010292 -1.080443 -0.973222 -0.011600 -0.176272 -0.032001 -0.739136 -0.825775 -0.197771 3.230812 3.032946 -0.022767 -0.016992 0.003577 -0.965509 -0.019375 -0.021516 -0.001951 4.016931 6.022920 6.301319 -9999.0 -9999.0
-9999.0 -9999.0 -9999.0 -9999.0 -9999.0 -9999.0 -9999.0 -9999.0 -0.729234 -0.088050 -0.006266 -0.251937 -0.069340 -0.651588 -0.007743 -0.014213 1.315031 0.202012 5.354012 5.111055 5.600321 5.308464 5.108874 4.453542 4.360691 3.592885 0.951785 -1.062438 -1.900977 -1.742576 -1.150563 -0.340307 -1.784068 -1.970022 -0.011601 -0.030918 -0.214779 -0.013985 -1.040520 -0.077709 -0.175511 -0.355366 -0.009078 -0.247521 -0.320425 -0.506790 -0.029715 -0.005230 -0.157025 1.341306 4.716922 2.252724 -0.055226 -0.859404 -0.001265 2.091347 3.325750 4.388808 5.778443 6.296472 6.294323 -9999.0 -9999.0
-9999.0 -9999.0 -9999.0 -9999.0 -9999.0 -9999.0 -9999.0 -9999.0 -0.797924 -0.159933 -0.004817 -0.319112 -0.005725 -0.006592 -0.004084 1.688612 4.684107 5.498744 3.256810 5.592998 5.170917 5.506004 5.244028 4.717317 3.714244 1.109698 -0.007270 -0.403607 -0.009021 -0.011168 -1.499621 -1.305586 -0.021383 -0.032721 -0.554612 -0.333779 -1.136694 -0.003401 -0.528879 -1.281878 -0.014297 -0.005071 -0.003067 -1.684003 -0.008228 -0.014622 0.001950 -0.148141 -0.000038 -0.065022 2.400289 5.058591 3.057457 0.979530 3.524502 4.558438 5.517165 6.490885 7.055520 6.202199 5.186780 4.130794 -9999.0
-9999.0 -9999.0 -9999.0 -9999.0 -9999.0 -9999.0 -9999.0 -9999.0 -0.188988 -0.071699 -0.004207 -0.003707 -0.003613 0.303494 1.993977 3.598577 2.548355 3.594807 1.385270 3.387654 4.845336 5.215840 5.259217 5.060320 2.528923 0.004488 -0.041987 -0.009267 -0.005422 -0.005147 -0.032839 -0.014548 0.017345 -0.031120 -0.904637 -0.255504 -0.037608 0.761182 -0.020258 -0.063038 -1.295044 -0.274375 -0.030306 -0.070784 -1.196919 -0.010999 -0.076840 -0.020549 -0.020148 0.003561 3.172117 4.614435 5.088261 4.934895 4.954441 5.061651 5.797547 5.903170 6.029076 5.260706 5.129134 3.518985 -9999.0
-9999.0 -9999.0 -0.083945 -0.048866 -0.067109 -0.124448 -0.009515 -0.199394 -0.054216 -0.059806 -0.050036 1.475527 0.879496 1.065081 3.547578 3.085376 -0.004050 -0.334215 -0.133980 -0.005290 3.391702 5.679978 5.122223 5.504498 3.865724 2.702654 -0.003335 -0.003497 2.999963 1.069823 -0.021526 -0.006199 1.883320 0.643609 0.755993 -0.003873 0.651909 0.325473 -0.001478 -0.028853 -0.022034 -0.004127 -0.012264 0.001914 -0.021220 -0.021797 1.338598 2.465037 3.138146 4.450981 5.457641 5.755216 5.785044 5.051990 4.869770 5.309942 5.446916 5.212113 4.355251 4.853517 1.933558 0.001860 -9999.0
-9999.0 -0.010104 -0.010440 -0.009297 -0.013640 -0.006980 -0.065183 -0.141693 -0.245667 -0.363654 -0.119800 -0.004845 1.205620 3.028012 2.471145 0.015533 -0.110514 -0.119425 -0.107453 -0.004500 3.534589 5.062912 4.287632 5.544788 4.793557 4.006558 3.634046 3.677448 4.091368 3.011900 2.482770 1.977032 2.732968 3.447877 3.344879 3.365998 3.752974 4.489353 3.589141 0.300676 0.287121 3.475411 3.455954 2.657224 2.152067 2.973012 3.702532 5.771523 5.790014 6.058395 5.462688 5.332535 5.170736 4.370020 4.354200 3.744459 4.090161 3.941965 2.130193 -0.003240 0.006164 0.005315 -9999.0
-9999.0 -0.047070 -0.006175 -0.005811 0.020742 -0.005611 -0.025258 -0.236753 -0.077053 -0.082479 -0.070736 -0.005420 0.739872 2.454509 0.019091 -0.108369 -0.290609 -0.260681 -0.004111 1.408545 0.886206 4.074653 5.172778 4.330485 4.637148 5.130583 5.728000 5.145723 5.072879 5.849768 5.643286 4.989323 4.371379 4.392839 4.523267 5.090057 5.253531 5.414118 5.825402 5.495854 5.568151 5.521700 5.195491 5.375522 5.879263 6.275427 5.933106 6.130104 5.540860 5.490690 4.580956 4.452472 3.912774 4.608910 4.115090 1.638802 2.491034 -0.007109 -0.004735 -0.004937 -0.001722 -9999.0 -9999.0
