user2019/resources/simulation/Vinschgau/output-maps/TL0006N0864.asc
ncols         63
nrows         48
xllcorner     598000.000000
yllcorner     5145000.000000
cellsize      1000.000000
NODATA_value  -9999.0
[rows 0 to 27 of 48, columns 0 to 62 of 63]
-9999.0 -9999.0 -9999.0 -9999.0 -9999.0 -9999.0 -9999.0 -9999.0 -9999.0 -9999.0 -9999.0 -9999.0 -9999.0 -9999.0 -9999.0 -9999.0 -9999.0 -9999.0 -9999.0 -9999.0 -9999.0 -9999.0 -9999.0 -9999.0 -9999.0 -9999.0 -9999.0 -9999.0 -9999.0 -9999.0 -9999.0 -9999.0 -9999.0 -9999.0 -9999.0 -9999.0 -9999.0 -9999.0 -9999.0 -9999.0 -9999.0 -9999.0 -9999.0 -9999.0 -9999.0 -9999.0 -9999.0 -9999.0 -9999.0 -9999.0 -9999.0 -9999.0 -9999.0 -9999.0 -9999.0 -9999.0 -9999.0 -9999.0 -9999.0 -9999.0 -9999.0 -9999.0 -9999.0
-9999.0 -9999.0 -9999.0 -9999.0 -9999.0 -9999.0 -9999.0 -9999.0 -9999.0 -9999.0 -9999.0 -9999.0 -9999.0 -9999.0 -9999.0 -9999.0 -9999.0 -9999.0 -9999.0 -9999.0 -9999.0 -9999.0 -9999.0 -9999.0 -9999.0 -9999.0 -9999.0 -6.147234 -4.718992 -5.255928 -5.379613 -6.132414 -6.320023 -9999.0 -9999.0 -9999.0 -9999.0 -9999.0 -9999.0 -9999.0 -9999.0 -9999.0 -9999.0 -9999.0 -9999.0 -9999.0 -9999.0 -9999.0 -9999.0 -9999.0 -9999.0 -9999.0 -9999.0 -9999.0 -9999.0 -9999.0 -9999.0 -9999.0 -9999.0 -9999.0 -9999.0 -9999.0 -9999.0
-9999.0 -9999.0 -9999.0 -9999.0 -9999.0 -9999.0 -9999.0 -9999.0 -9999.0 -9999.0 -9999.0 -9999.0 -9999.0 -9999.0 -9999.0 -9999.0 -9999.0 -9999.0 -9999.0 -9999.0 -9999.0 -9999.0 -9999.0 -9999.0 -3.565829 -3.020930 -1.997313 -3.323371 -3.482432 -4.940660 -5.682698 -9999.0 -9999.0 -9999.0 -9999.0 -9999.0 -9999.0 -9999.0 -9999.0 -9999.0 -9999.0 -9999.0 -9999.0 -9999.0 -9999.0 -9999.0 -9999.0 -9999.0 -9999.0 -9999.0 -9999.0 -9999.0 -9999.0 -9999.0 -9999.0 -9999.0 -9999.0 -9999.0 -9999.0 -9999.0 -9999.0 -9999.0 -9999.0
-9999.0 -9999.0 -9999.0 -9999.0 -9999.0 -9999.0 -9999.0 -9999.0 -9999.0 -9999.0 -9999.0 -9999.0 -9999.0 -9999.0 -9999.0 -9999.0 -9999.0 -9999.0 -9999.0 -9999.0 -9999.0 -9999.0 -9999.0 -2.791788 -1.590116 -0.001248 0.290469 0.709776 -0.003178 -3.184041 -5.617287 -6.237073 -9999.0 -9999.0 -9999.0 -9999.0 -9999.0 -9999.0 -9999.0 -9999.0 -9999.0 -9999.0 -9999.0 -9999.0 -9999.0 -9999.0 -9999.0 -9999.0 -9999.0 -9999.0 -9999.0 -9999.0 -9999.0 -9999.0 -9999.0 -9999.0 -9999.0 -9999.0 -9999.0 -9999.0 -9999.0 -9999.0 -9999.0
-9999.0 -9999.0 -9999.0 -9999.0 -9999.0 -9999.0 -9999.0 -9999.0 -9999.0 -9999.0 -9999.0 -9999.0 -9999.0 -9999.0 -9999.0 -9999.0 -9999.0 -9999.0 -0.000825 -1.854501 -9999.0 -2.000796 -1.642404 -0.004927 0.000482 0.789308 -0.002446 -0.001379 0.000760 -0.003392 -3.665566 -5.312885 -7.207577 -9.699120 -9999.0 -9999.0 -9999.0 -9999.0 -9999.0 -9999.0 -9999.0 -9999.0 -9999.0 -9999.0 -9999.0 -9999.0 -9999.0 -9999.0 -9999.0 -9999.0 -9999.0 -9999.0 -9999.0 -9999.0 -9999.0 -9999.0 -9999.0 -9999.0 -9999.0 -9999.0 -9999.0 -9999.0 -9999.0
-9999.0 -9999.0 -9999.0 -9999.0 -9999.0 -9999.0 -9999.0 -9999.0 -9999.0 -9999.0 -9999.0 -9999.0 -9999.0 -9999.0 -9999.0 -9999.0 -9999.0 3.937216 2.168258 0.866702 -3.450224 -0.002224 -0.003313 -0.002287 -0.001362 -0.002394 -0.004964 -0.003540 -0.002676 -0.001534 -1.414540 -4.046516 -5.267105 -5.989174 -7.983746 -9.274383 -9999.0 -9999.0 -9999.0 -9999.0 -9999.0 -9999.0 -9999.0 -9999.0 -9999.0 -9999.0 -9999.0 -9999.0 -9999.0 -9999.0 -9999.0 -9999.0 -9999.0 -9999.0 -9999.0 -9999.0 -9999.0 -9999.0 -9999.0 -9999.0 -9999.0 -9999.0 -9999.0
-9999.0 -9999.0 -9999.0 -9999.0 -9999.0 -9999.0 -9999.0 -9999.0 -9999.0 -9999.0 -9999.0 -9999.0 -9999.0 -1.420767 -0.002542 1.746714 3.426922 2.705474 3.509584 -0.005542 -0.003533 -0.003697 0.003109 -0.002383 -0.001985 -1.608865 -2.456533 -1.089923 -0.842864 -0.002668 -1.472746 -4.119829 -5.593295 -6.309024 -6.821866 -9.598750 -9999.0 -9999.0 -9999.0 -9999.0 -9999.0 -9999.0 -9999.0 -9999.0 -9999.0 -9999.0 -9999.0 -9999.0 -9999.0 -9999.0 -9999.0 -9999.0 -9999.0 -9999.0 -9999.0 -9999.0 -9999.0 -9999.0 -9999.0 -9999.0 -9999.0 -9999.0 -9999.0
-9999.0 -9999.0 -9999.0 -9999.0 -9999.0 -9999.0 -9999.0 -9999.0 -9999.0 -9999.0 -9999.0 -9999.0 -9999.0 -0.009220 0.792746 2.509659 2.728381 2.114986 2.766024 1.125752 2.542466 0.177263 0.838327 -0.002191 -0.002793 -0.003127 -4.685081 -5.581414 -6.712620 -1.914600 -1.407803 -5.095698 -7.058927 -10.078357 -8.340246 -9999.0 -9999.0 -9999.0 -9999.0 -9999.0 -9999.0 -9999.0 -9999.0 -9999.0 -9999.0 -9999.0 -9999.0 -9999.0 -9999.0 -9999.0 -9999.0 -9999.0 -9999.0 -9999.0 -9999.0 -9999.0 -9999.0 -9999.0 -9999.0 -9999.0 -9999.0 -9999.0 -9999.0
-9999.0 -9999.0 -9999.0 -9999.0 -9999.0 -9999.0 -9999.0 -9999.0 -9999.0 -9999.0 -9999.0 -9999.0 -9999.0 0.316436 0.104820 1.467501 2.080977 3.044309 2.955903 3.420370 0.302350 -0.089084 -0.002456 -0.002647 -0.001954 -0.002373 -4.481704 -6.987785 -6.229629 -8.972341 -5.698908 -10.633120 -11.083052 -12.693128 -9.971589 -9999.0 -9999.0 -9999.0 -9999.0 -9999.0 -9999.0 -9999.0 -9999.0 -9999.0 -9999.0 -9999.0 -9999.0 -9999.0 -9999.0 -9999.0 -9999.0 -9999.0 -9999.0 -9999.0 -9999.0 -9999.0 -9999.0 -9999.0 -9999.0 -9999.0 -9999.0 -9999.0 -9999.0
-9999.0 -9999.0 -9999.0 -9999.0 -9999.0 -9999.0 -9999.0 -9999.0 -9999.0 -9999.0 -9999.0 -9999.0 -0.003012 -0.000166 0.917271 -0.001998 0.491422 2.377806 2.621967 2.044801 -0.003578 -0.003036 -0.128469 -0.007302 -1.055636 -4.701851 -3.493230 -5.842917 -5.564125 -7.262749 -10.617567 -7.516566 -6.330407 -10.551937 -9999.0 -9999.0 -9999.0 -9999.0 -9999.0 -9999.0 -9999.0 -9999.0 -9999.0 -9999.0 -9999.0 -9999.0 -9999.0 -9999.0 -9999.0 -9999.0 -9999.0 -9999.0 -9999.0 -9999.0 -9999.0 -9999.0 -9999.0 -9999.0 -9999.0 -9999.0 -9999.0 -9999.0 -9999.0
-9999.0 -9999.0 -9999.0 -9999.0 -9999.0 -9999.0 -9999.0 -9999.0 -9999.0 -9999.0 -9999.0 -0.763841 0.178075 0.321414 0.177962 -0.002798 0.592883 2.255081 2.621817 1.344239 0.852471 -0.001764 -1.937949 -4.256316 -0.698133 -4.002978 -6.103803 -4.906262 -5.045844 -9.094091 -7.755752 -5.488436 -6.700059 -8.767562 -7.893953 -6.428227 -5.988355 -5.056004 -4.793798 -9999.0 -9999.0 -9999.0 -8.901203 -9999.0 -9999.0 -9999.0 -9999.0 -9999.0 -9999.0 -9999.0 -9999.0 -9999.0 -9999.0 -9999.0 -9999.0 -9999.0 -9999.0 -9999.0 -9999.0 -9999.0 -9999.0 -9999.0 -9999.0
-9999.0 -9999.0 -9999.0 -9999.0 -9999.0 -9999.0 -9999.0 -9999.0 -9999.0 -9999.0 -9999.0 -1.511916 0.582788 1.721057 1.648837 -1.351525 2.841085 3.069695 2.771845 1.758665 0.333402 -0.406301 -1.767701 -2.990158 -2.360973 -4.824968 -5.225525 -3.941583 -5.417952 -8.701922 -4.929827 -4.608305 -6.243579 -7.099296 -7.943784 -4.946317 -3.278789 -3.240198 -4.834981 -8.397680 -8.348246 -8.856474 -5.174618 -7.236965 -9999.0 -9999.0 -9999.0 -7.557412 -8.122380 -7.734476 -6.988363 -8.851231 -9.082814 -5.591197 -5.370920 -9.694584 -9999.0 -9999.0 -9999.0 -9999.0 -9999.0 -9999.0 -9999.0
-9999.0 -9999.0 -9999.0 -9999.0 -9999.0 -9999.0 -9999.0 -9999.0 -9999.0 -9999.0 -9999.0 -2.093813 -1.541256 -0.165939 -0.003574 -0.513834 -0.001440 2.478402 2.115050 1.800222 1.264553 -0.001831 -1.231083 -3.514992 -4.844954 -5.962383 -1.329410 -3.861240 -6.237163 -7.539408 -6.668220 -4.429841 -3.766299 -6.720136 -7.217894 -3.627369 -3.557967 -3.085058 -1.862734 -6.592970 -4.560994 -6.065662 -3.786909 -4.759029 -6.814566 -9999.0 -10.346557 -6.759661 -5.208027 -4.131684 -3.870200 -4.688962 -4.703935 -5.409888 -5.572162 -6.558590 -9999.0 -9999.0 -9999.0 -9999.0 -9999.0 -9999.0 -9999.0
-9999.0 -9999.0 -9999.0 -9999.0 -9999.0 -9999.0 -9999.0 -9999.0 -9999.0 -9999.0 -9999.0 -9999.0 -1.338625 -0.303375 -0.714077 -0.528253 -0.002759 1.720596 2.325248 1.834846 1.052766 -0.001964 -0.209082 -0.934934 -3.487666 -1.414151 -2.085009 -4.137814 -5.496285 -7.128809 -5.186724 -4.208311 -3.817974 -5.764645 -6.316117 -4.560994 -1.817497 -1.750585 -0.193146 -3.915618 -2.773183 -4.592899 -1.973265 -1.857166 -6.741105 -7.125961 -8.241830 -6.633962 -3.599223 -1.530754 -0.010407 -4.031186 -2.491328 -4.370785 -5.310884 -5.304729 -6.409502 -9999.0 -9999.0 -9999.0 -9999.0 -9999.0 -9999.0
-9999.0 -9999.0 -9999.0 -9999.0 -9999.0 -9999.0 -9999.0 -9999.0 -9999.0 -9999.0 -9999.0 -0.570540 -3.152953 -1.478186 -0.526601 -0.002612 -0.001557 1.000062 1.797859 3.055410 1.346037 -0.002280 -0.005432 -2.207915 -1.331081 -0.400354 -0.521050 -5.718330 -5.977039 -5.595155 -1.498218 -3.298232 -3.112958 -5.605824 -7.893707 -4.954156 -4.822254 -0.914492 -0.010812 -1.149239 -0.961542 -0.015549 -0.834374 -1.547767 -1.536923 -5.566602 -4.521321 -5.444462 -4.525061 -0.355367 -4.461807 -5.422236 -6.765480 -7.823534 -8.911149 -9.652066 -7.330800 -9999.0 -9999.0 -9999.0 -9999.0 -9999.0 -9999.0
-9999.0 -9999.0 -9999.0 -9999.0 -9999.0 -9999.0 -9999.0 -9999.0 -9999.0 -9999.0 -2.095532 -0.322477 -1.910570 -1.903119 -0.712168 -0.516915 -0.521263 -0.002715 2.504869 2.711348 0.426871 0.004425 -0.787603 -0.794602 -0.002127 -1.457808 -2.943141 -5.397864 -3.936251 -2.779437 -2.526058 -2.476802 -2.926797 -5.592902 -9.755494 -6.640948 -3.716917 -1.909947 -0.047238 -0.001833 -0.001556 0.000494 0.147826 0.263541 -0.005206 -5.404329 -4.366016 -1.437674 -1.699522 -0.001920 -6.319731 -7.863169 -9.405206 -10.578731 -10.286423 -5.641328 -5.451152 -9999.0 -9999.0 -9999.0 -9999.0 -9999.0 -9999.0
-9999.0 -9999.0 -9999.0 -9999.0 -9999.0 -9999.0 -9999.0 -9999.0 -9999.0 -4.626554 -1.750296 -1.832173 -0.362665 -0.554239 -0.532719 -0.172274 -0.007102 -0.001359 2.243539 3.140849 0.744831 -0.004490 -0.001704 -0.002439 -0.001675 -1.692720 -3.676857 -2.519048 -0.592178 -0.002859 -0.001649 -1.890499 -6.334978 -9.352343 -8.619105 -6.774498 -4.921953 -2.577085 -1.666829 -0.218662 -0.155716 -0.006819 -0.658906 0.938954 0.296229 -0.419990 -0.565447 -1.167642 -1.134066 -0.001449 -3.008195 -7.349100 -11.531103 -10.534380 -8.585352 -7.088051 -5.915691 -6.889406 -8.208766 -9999.0 -9999.0 -9999.0 -9999.0
-9999.0 -9999.0 -9999.0 -9999.0 -9999.0 -9999.0 -9999.0 -9999.0 -9999.0 -6.027323 -4.854889 -2.978942 -0.658646 -0.002116 -0.009967 -0.806199 -0.650021 -0.001620 2.829571 1.683871 1.326208 0.451808 0.002264 -0.001502 -1.305262 -1.568903 -0.512661 -0.002040 -0.001456 -0.001849 -0.637280 -2.272201 -4.516976 -6.653127 -5.395185 -6.779063 -6.229707 -4.919295 -4.830859 -2.349964 -0.594416 -2.866813 -0.465246 -0.001349 1.583787 0.598507 0.267213 -0.002039 -0.001981 -0.001522 -3.136253 -6.485027 -9.949998 -8.789653 -7.474632 -7.771069 -5.839854 -4.580022 -5.837011 -9999.0 -9999.0 -9999.0 -9999.0
-9999.0 -9999.0 -9999.0 -9999.0 -9999.0 -9999.0 -9999.0 -9999.0 -9999.0 -9999.0 -5.390999 -3.061408 -0.025790 -0.382290 -0.001778 -0.006044 -0.002067 0.090698 3.631451 2.626632 1.389511 1.399101 -0.001933 -0.007291 -1.361616 -0.003904 -0.001629 -0.000640 -0.452894 -1.817688 -2.174114 -2.213726 -4.840243 -6.040375 -3.928716 -4.224325 -1.929385 -1.617818 -6.194534 -5.000168 -5.446543 -1.832880 -1.057290 -0.224307 -0.001154 -0.002143 0.408925 0.092927 0.928587 -0.001736 -2.087070 -3.628797 -8.693266 -9.661997 -8.916984 -6.758560 -4.582319 -1.510305 -2.247463 -0.002815 -9999.0 -9999.0 -9999.0
-9999.0 -9999.0 -9999.0 -9999.0 -9999.0 -9999.0 -9999.0 -9999.0 -9999.0 -9999.0 -5.620014 -4.353865 -1.997684 -0.066205 0.004789 -0.003483 -0.003030 1.448420 4.033671 3.552616 2.535300 0.219463 -0.002666 -0.404791 -0.004085 -0.001311 0.302650 -0.002463 -1.510019 -4.513869 -5.069813 -4.599862 -5.351706 -6.856618 -4.976948 -1.994163 -1.526021 -0.423710 -3.071595 -5.900520 -4.721883 -3.957050 -2.378531 -3.406813 -0.930148 -0.453040 -0.001918 -0.001172 1.669392 0.656474 -0.004455 -2.991540 -5.124155 -8.180791 -10.321983 -9.491038 -6.807929 -1.243143 0.634317 0.412581 -9999.0 -9999.0 -9999.0
-9999.0 -9999.0 -9999.0 -9999.0 -9999.0 -9999.0 -9999.0 -9999.0 -3.442721 -5.225787 -6.192187 -3.679613 -3.622935 -2.503531 -0.067855 0.844293 1.753928 1.352653 3.341018 4.080844 4.323952 2.891691 1.718852 -0.004618 -0.002140 1.326301 -0.000596 -1.019737 -2.604863 -4.478379 -9.354916 -5.006006 -4.960371 -6.552887 -4.564679 -4.655680 -0.804557 -0.272903 -2.782361 -6.806075 -5.481298 -2.659335 -4.458378 -6.352061 -4.410101 -1.865644 -2.589556 -0.467283 -0.001233 0.933530 -0.002636 -0.927816 -4.021248 -6.941985 -8.991933 -6.019122 -6.556894 -1.444985 -0.001343 2.720143 -9999.0 -9999.0 -9999.0
-9999.0 -9999.0 -9999.0 -9999.0 -9999.0 -9999.0 -9999.0 -9999.0 -3.978536 -2.219054 -3.963719 -5.998332 -4.662851 -1.825482 -1.105648 -0.002049 0.708494 1.282868 4.661179 4.606697 3.531985 2.713133 1.263082 0.086525 2.155477 2.217851 0.218246 -0.304732 -5.077173 -5.822774 -6.625359 -6.325229 -4.579358 -6.131003 -3.905858 -2.316745 -0.613812 -0.257153 -0.772536 -3.812042 -5.150573 -7.937277 -5.948507 -3.620910 -2.262082 -1.079558 -4.823327 -3.981127 -0.553737 0.917443 0.463678 -0.330918 -3.717251 -6.645178 -4.547813 -4.204593 -1.430102 -0.001972 1.177533 3.587989 4.657869 -9999.0 -9999.0
-9999.0 -9999.0 -9999.0 -9999.0 -9999.0 -9999.0 -9999.0 -9999.0 -4.954848 -3.227925 -3.630362 -4.777970 -5.151479 -4.161532 -1.081551 -1.010988 -0.003756 0.612871 4.600629 3.677228 5.074362 3.604156 2.965679 3.161185 1.808291 1.938516 -0.001681 -1.457154 -5.165803 -4.975760 -5.745953 -2.254468 -3.119273 -2.752382 -1.718503 -1.689590 -0.039969 1.053330 -0.002749 -1.383440 -3.991752 -5.603880 -3.617624 -3.044695 -2.069237 -3.735104 -6.729856 -4.809581 -3.011104 -0.001115 1.911973 -0.002501 -4.790985 -4.186475 -2.589919 -1.148213 -0.000317 1.066720 3.183177 3.389671 4.236311 -9999.0 -9999.0
-9999.0 -9999.0 -9999.0 -9999.0 -9999.0 -9999.0 -9999.0 -9999.0 -7.628186 -3.656084 -0.995629 -5.013462 -4.600726 -1.452754 -0.457934 -0.001645 2.960748 4.348908 2.183797 4.962511 4.478233 4.907559 3.725132 3.160467 2.618757 0.290270 -0.002419 -2.227011 -1.987675 -1.354330 -1.263121 -0.752780 -0.057816 -0.171378 -0.501697 -1.377392 -0.000484 2.716585 -0.000792 -0.026646 -3.049629 -2.586752 -2.776400 -4.479127 -4.509770 -5.507345 -3.864526 -4.755034 -4.599266 -1.552504 -0.001803 1.514744 -0.001988 -0.853910 -0.001212 0.309864 1.822645 2.902459 4.354602 4.008322 3.077112 1.741710 -9999.0
-9999.0 -9999.0 -9999.0 -9999.0 -9999.0 -9999.0 -9999.0 -9999.0 -7.565253 -3.905086 -1.868594 -1.792789 -0.660238 -0.080398 -0.001403 0.695280 0.730472 1.450551 -0.003316 1.669825 3.916109 4.205872 4.537600 4.234999 0.954881 -0.003613 -1.316815 -0.004332 -0.001840 -0.053458 -0.320807 -0.001748 0.588937 -0.000999 -0.001430 -0.001427 0.817386 4.583035 3.972283 0.480749 -0.001342 -0.001575 -0.001706 -0.013722 -1.343633 -1.602677 -0.651230 -0.175965 -0.743266 -0.001663 0.007382 0.901454 1.276852 0.387708 1.016075 1.344189 2.072546 2.811261 3.391201 3.022646 2.915525 1.172338 -9999.0
-9999.0 -9999.0 -4.547541 -3.602090 -4.406658 -2.001844 -4.060988 -3.717847 -5.832920 -4.798122 -1.281022 -0.205688 -0.083464 -0.006279 0.001485 0.317634 -0.001239 -1.423571 -0.492638 -0.002382 1.576297 4.176781 3.437148 5.471423 2.245747 0.950181 -0.003636 -0.003028 1.270953 -0.000759 -0.002068 -0.002210 0.928356 1.948158 2.019570 3.238995 4.259131 6.872272 5.783761 3.164065 2.000762 2.021584 2.621064 0.806960 -0.001184 -0.001508 0.043844 0.746925 0.783534 1.792338 2.463635 2.339851 1.757170 1.317733 1.268955 1.364511 1.843823 2.193807 1.779961 2.326630 0.173286 0.445871 -9999.0
-9999.0 -0.541013 -1.039781 -1.202102 -1.880058 -3.669862 -4.050779 -4.090489 -5.117927 -5.950535 -3.055869 -1.063621 -0.003652 -0.003042 0.003234 -0.459980 -1.293603 -2.801834 -0.767792 -0.002225 1.396508 2.858134 1.569762 3.306979 2.320307 1.950213 0.586978 0.881228 2.288548 1.306949 1.090643 1.092058 2.484462 3.332113 4.750736 5.951308 7.416281 10.122169 7.568453 6.090699 5.259612 5.084886 4.380670 3.371924 2.223431 2.634257 2.555431 4.526493 3.925690 4.575365 3.084031 2.341324 1.604871 0.880858 0.818316 0.377316 0.281655 0.609855 0.077823 -0.001134 -0.001715 0.239350 -9999.0
-9999.0 -1.248624 -0.913513 -0.259328 -0.012572 -2.547947 -2.758168 -4.611282 -6.158365 -6.299895 -3.622320 -1.454093 -0.002183 0.003546 -0.038825 -2.664441 -3.909664 -3.274266 -0.305419 -0.007209 -0.001084 1.089623 1.848772 0.827922 1.589027 2.431031 4.809493 4.211971 3.682646 5.265694 5.784699 5.450548 4.210801 5.095780 5.771057 7.941730 9.336814 10.393385 10.120666 9.250353 8.469945 7.589815 6.478768 7.171591 7.294980 7.003316 5.153293 4.958808 4.471131 3.823418 2.232444 1.220531 0.369872 1.033405 0.272168 -0.002345 -0.026023 -0.002646 -0.002149 -0.003154 -0.002191 -9999.0 -9999.0
