user2019/resources/simulation/Vinschgau/output-maps/TL0002N0280.asc
ncols         63
nrows         48
xllcorner     598000.000000
yllcorner     5145000.000000
cellsize      1000.000000
NODATA_value  -9999.0
[rows 0 to 27 of 48, columns 0 to 61 of 63]
-9999.0 -9999.0 -9999.0 -9999.0 -9999.0 -9999.0 -9999.0 -9999.0 -9999.0 -9999.0 -9999.0 -9999.0 -9999.0 -9999.0 -9999.0 -9999.0 -9999.0 -9999.0 -9999.0 -9999.0 -9999.0 -9999.0 -9999.0 -9999.0 -9999.0 -9999.0 -9999.0 -9999.0 -9999.0 -9999.0 -9999.0 -9999.0 -9999.0 -9999.0 -9999.0 -9999.0 -9999.0 -9999.0 -9999.0 -9999.0 -9999.0 -9999.0 -9999.0 -9999.0 -9999.0 -9999.0 -9999.0 -9999.0 -9999.0 -9999.0 -9999.0 -9999.0 -9999.0 -9999.0 -9999.0 -9999.0 -9999.0 -9999.0 -9999.0 -9999.0 -9999.0 -9999.0
-9999.0 -9999.0 -9999.0 -9999.0 -9999.0 -9999.0 -9999.0 -9999.0 -9999.0 -9999.0 -9999.0 -9999.0 -9999.0 -9999.0 -9999.0 -9999.0 -9999.0 -9999.0 -9999.0 -9999.0 -9999.0 -9999.0 -9999.0 -9999.0 -9999.0 -9999.0 -9999.0 -6.475808 -6.481294 -6.256111 -7.315868 -8.377783 -8.304522 -9999.0 -9999.0 -9999.0 -9999.0 -9999.0 -9999.0 -9999.0 -9999.0 -9999.0 -9999.0 -9999.0 -9999.0 -9999.0 -9999.0 -9999.0 -9999.0 -9999.0 -9999.0 -9999.0 -9999.0 -9999.0 -9999.0 -9999.0 -9999.0 -9999.0 -9999.0 -9999.0 -9999.0 -9999.0
-9999.0 -9999.0 -9999.0 -9999.0 -9999.0 -9999.0 -9999.0 -9999.0 -9999.0 -9999.0 -9999.0 -9999.0 -9999.0 -9999.0 -9999.0 -9999.0 -9999.0 -9999.0 -9999.0 -9999.0 -9999.0 -9999.0 -9999.0 -9999.0 -5.171792 -5.322128 -4.990385 -5.556748 -4.978968 -5.686416 -7.577958 -9999.0 -9999.0 -9999.0 -9999.0 -9999.0 -9999.0 -9999.0 -9999.0 -9999.0 -9999.0 -9999.0 -9999.0 -9999.0 -9999.0 -9999.0 -9999.0 -9999.0 -9999.0 -9999.0 -9999.0 -9999.0 -9999.0 -9999.0 -9999.0 -9999.0 -9999.0 -9999.0 -9999.0 -9999.0 -9999.0 -9999.0
-9999.0 -9999.0 -9999.0 -9999.0 -9999.0 -9999.0 -9999.0 -9999.0 -9999.0 -9999.0 -9999.0 -9999.0 -9999.0 -9999.0 -9999.0 -9999.0 -9999.0 -9999.0 -9999.0 -9999.0 -9999.0 -9999.0 -9999.0 -5.362802 -4.906948 -5.179055 -6.126953 -6.290568 -6.240402 -5.426934 -6.819770 -6.873646 -9999.0 -9999.0 -9999.0 -9999.0 -9999.0 -9999.0 -9999.0 -9999.0 -9999.0 -9999.0 -9999.0 -9999.0 -9999.0 -9999.0 -9999.0 -9999.0 -9999.0 -9999.0 -9999.0 -9999.0 -9999.0 -9999.0 -9999.0 -9999.0 -9999.0 -9999.0 -9999.0 -9999.0 -9999.0 -9999.0
-9999.0 -9999.0 -9999.0 -9999.0 -9999.0 -9999.0 -9999.0 -9999.0 -9999.0 -9999.0 -9999.0 -9999.0 -9999.0 -9999.0 -9999.0 -9999.0 -9999.0 -9999.0 -4.917109 -4.626857 -9999.0 -5.256714 -4.961571 -5.217779 -6.234410 -0.598445 -5.162071 -5.274577 -0.471606 -5.762649 -5.522198 -6.999595 -7.307856 -8.570921 -9999.0 -9999.0 -9999.0 -9999.0 -9999.0 -9999.0 -9999.0 -9999.0 -9999.0 -9999.0 -9999.0 -9999.0 -9999.0 -9999.0 -9999.0 -9999.0 -9999.0 -9999.0 -9999.0 -9999.0 -9999.0 -9999.0 -9999.0 -9999.0 -9999.0 -9999.0 -9999.0 -9999.0
-9999.0 -9999.0 -9999.0 -9999.0 -9999.0 -9999.0 -9999.0 -9999.0 -9999.0 -9999.0 -9999.0 -9999.0 -9999.0 -9999.0 -9999.0 -9999.0 -9999.0 -1.052218 -3.871728 -6.132941 -4.744816 -4.329026 -4.968304 -5.977465 -0.094787 -5.506855 -6.483061 -5.620763 -6.389041 -5.495293 -5.615313 -5.910213 -5.747022 -7.017836 -8.414548 -9.307547 -9999.0 -9999.0 -9999.0 -9999.0 -9999.0 -9999.0 -9999.0 -9999.0 -9999.0 -9999.0 -9999.0 -9999.0 -9999.0 -9999.0 -9999.0 -9999.0 -9999.0 -9999.0 -9999.0 -9999.0 -9999.0 -9999.0 -9999.0 -9999.0 -9999.0 -9999.0
-9999.0 -9999.0 -9999.0 -9999.0 -9999.0 -9999.0 -9999.0 -9999.0 -9999.0 -9999.0 -9999.0 -9999.0 -9999.0 -5.513375 -4.871475 -5.225082 -5.029521 -4.977736 -3.165184 -6.420198 -4.615179 -4.859083 -3.439685 -0.080271 -5.069033 -6.647075 -7.385497 -6.471847 -7.461544 -5.931116 -6.131700 -7.386148 -7.682755 -9.506513 -9.482923 -10.003962 -9999.0 -9999.0 -9999.0 -9999.0 -9999.0 -9999.0 -9999.0 -9999.0 -9999.0 -9999.0 -9999.0 -9999.0 -9999.0 -9999.0 -9999.0 -9999.0 -9999.0 -9999.0 -9999.0 -9999.0 -9999.0 -9999.0 -9999.0 -9999.0 -9999.0 -9999.0
-9999.0 -9999.0 -9999.0 -9999.0 -9999.0 -9999.0 -9999.0 -9999.0 -9999.0 -9999.0 -9999.0 -9999.0 -9999.0 -4.554004 -4.821861 -5.367322 -5.164028 -4.790206 -2.189865 -4.097533 -0.782449 -5.456204 -4.848142 -4.942578 -4.909657 -5.724977 -6.068054 -8.112999 -8.708646 -7.694714 -6.755709 -9.321435 -9.488822 -10.476885 -10.286066 -9999.0 -9999.0 -9999.0 -9999.0 -9999.0 -9999.0 -9999.0 -9999.0 -9999.0 -9999.0 -9999.0 -9999.0 -9999.0 -9999.0 -9999.0 -9999.0 -9999.0 -9999.0 -9999.0 -9999.0 -9999.0 -9999.0 -9999.0 -9999.0 -9999.0 -9999.0 -9999.0
-9999.0 -9999.0 -9999.0 -9999.0 -9999.0 -9999.0 -9999.0 -9999.0 -9999.0 -9999.0 -9999.0 -9999.0 -9999.0 -5.164458 -5.682670 -0.878022 -5.111749 -5.228287 -4.974978 -0.248094 -4.470013 -6.788782 -5.411411 -5.592631 -4.933932 -4.108112 -5.915873 -8.531545 -6.824476 -9.356242 -9.040194 -10.656358 -10.413045 -11.301229 -10.441863 -9999.0 -9999.0 -9999.0 -9999.0 -9999.0 -9999.0 -9999.0 -9999.0 -9999.0 -9999.0 -9999.0 -9999.0 -9999.0 -9999.0 -9999.0 -9999.0 -9999.0 -9999.0 -9999.0 -9999.0 -9999.0 -9999.0 -9999.0 -9999.0 -9999.0 -9999.0 -9999.0
-9999.0 -9999.0 -9999.0 -9999.0 -9999.0 -9999.0 -9999.0 -9999.0 -9999.0 -9999.0 -9999.0 -9999.0 -4.646114 -5.652736 -1.689566 -6.209092 -2.455115 -5.552060 0.095372 -2.923933 -4.374099 -6.504983 -5.700779 -5.833424 -4.233482 -7.935651 -5.868406 -6.459241 -6.000522 -8.792638 -9.606769 -8.103483 -8.033577 -10.250784 -9999.0 -9999.0 -9999.0 -9999.0 -9999.0 -9999.0 -9999.0 -9999.0 -9999.0 -9999.0 -9999.0 -9999.0 -9999.0 -9999.0 -9999.0 -9999.0 -9999.0 -9999.0 -9999.0 -9999.0 -9999.0 -9999.0 -9999.0 -9999.0 -9999.0 -9999.0 -9999.0 -9999.0
-9999.0 -9999.0 -9999.0 -9999.0 -9999.0 -9999.0 -9999.0 -9999.0 -9999.0 -9999.0 -9999.0 -4.801439 -5.231875 -2.906604 -6.185361 -5.872085 -6.930476 -6.127222 0.068619 -3.355544 -5.958703 -5.727972 -5.819654 -6.943282 -5.641754 -6.333849 -8.690028 -6.189526 -6.272353 -9.460995 -7.917655 -7.237534 -8.281802 -9.569072 -9.888128 -10.696948 -11.713135 -10.631761 -3.447110 -9999.0 -9999.0 -9999.0 -10.361065 -9999.0 -9999.0 -9999.0 -9999.0 -9999.0 -9999.0 -9999.0 -9999.0 -9999.0 -9999.0 -9999.0 -9999.0 -9999.0 -9999.0 -9999.0 -9999.0 -9999.0 -9999.0 -9999.0
-9999.0 -9999.0 -9999.0 -9999.0 -9999.0 -9999.0 -9999.0 -9999.0 -9999.0 -9999.0 -9999.0 -5.829306 -5.331636 -4.474373 -4.558420 -6.795689 -5.497921 -5.639073 0.139915 -0.624283 -5.903105 -3.863735 -5.468776 -5.593855 -5.828893 -6.712787 -6.448956 -5.640597 -6.400004 -8.642526 -7.039734 -6.637936 -7.884841 -8.862779 -11.181951 -11.006979 -2.894219 -3.267951 -4.376995 -11.942550 -12.214393 -12.078569 -9.948495 -8.985174 -9999.0 -9999.0 -9999.0 -1.029663 -4.739440 -4.855334 -2.637102 -3.431490 -3.110278 -0.299261 -0.239458 -2.558369 -9999.0 -9999.0 -9999.0 -9999.0 -9999.0 -9999.0
-9999.0 -9999.0 -9999.0 -9999.0 -9999.0 -9999.0 -9999.0 -9999.0 -9999.0 -9999.0 -9999.0 -5.096220 -5.660105 -6.017864 -4.106781 -6.323553 -5.419514 -5.732142 -0.008420 -0.006796 -3.663775 -4.835220 -4.646195 -4.687493 -7.166986 -6.351871 -4.951127 -6.250458 -7.597448 -7.241225 -8.242020 -7.257995 -7.394425 -9.267601 -10.414516 -9.826035 -4.686045 -4.457996 -2.696898 -5.843949 -2.843310 -11.067801 -8.647161 -7.687233 -8.033491 -9999.0 -7.281752 -5.475300 -3.764910 -2.338718 -2.193302 -1.558192 -0.386504 -0.128668 -0.273517 -0.177340 -9999.0 -9999.0 -9999.0 -9999.0 -9999.0 -9999.0
-9999.0 -9999.0 -9999.0 -9999.0 -9999.0 -9999.0 -9999.0 -9999.0 -9999.0 -9999.0 -9999.0 -9999.0 -5.029606 -3.838741 -3.310013 -4.721586 -5.763223 -5.988018 -0.150183 -0.005637 -5.226020 -4.941368 -5.555070 -4.492130 -5.942290 -4.983957 -5.599757 -7.148739 -6.925060 -7.000647 -6.991204 -6.785587 -7.309182 -8.641194 -10.364332 -11.363599 -6.367741 -4.801674 -2.172120 -4.668384 -2.616616 -3.547565 -6.908164 -5.929319 -6.802934 -6.731676 -6.498324 -5.418007 -5.228730 -3.641403 -4.494388 -2.486372 -0.534722 -0.704700 -3.402984 -3.298546 -0.868703 -9999.0 -9999.0 -9999.0 -9999.0 -9999.0
-9999.0 -9999.0 -9999.0 -9999.0 -9999.0 -9999.0 -9999.0 -9999.0 -9999.0 -9999.0 -9999.0 -3.542396 -5.780598 -6.042210 -4.559043 -4.687218 -5.167564 -5.468195 -4.671850 -0.150183 -4.169683 -5.114876 -3.700582 -5.043803 -4.778068 -4.988565 -4.380072 -7.468548 -6.389220 -6.328697 -5.429621 -5.800675 -6.447699 -8.429971 -10.887908 -10.697931 -11.805389 -5.460558 -3.462657 -1.780523 -4.017325 -2.136284 -4.066398 -5.424629 -7.016823 -6.586800 -5.165560 -4.713078 -4.446000 -4.983616 -5.907601 -5.875471 -4.753802 -6.467467 -5.621715 -6.254149 -2.504413 -9999.0 -9999.0 -9999.0 -9999.0 -9999.0
-9999.0 -9999.0 -9999.0 -9999.0 -9999.0 -9999.0 -9999.0 -9999.0 -9999.0 -9999.0 -1.593482 -3.729204 -3.006576 -5.555700 -2.276496 -5.153283 -5.201392 -5.380391 -4.866285 -0.167673 -0.139646 -3.741287 -5.232087 -4.559243 -5.719545 -3.354646 -6.472753 -6.420792 -5.103953 -5.346519 -5.864379 -5.730837 -6.722971 -8.593226 -11.143876 -10.115674 -9.540290 -5.495832 -3.780967 -1.347318 -0.593588 -4.580219 -5.058529 -3.665817 -6.203752 -5.992817 -5.187365 -5.575158 -5.396295 -5.473864 -4.378627 -6.317275 -6.225629 -6.541355 -5.970108 -0.830839 -0.892155 -9999.0 -9999.0 -9999.0 -9999.0 -9999.0
-9999.0 -9999.0 -9999.0 -9999.0 -9999.0 -9999.0 -9999.0 -9999.0 -9999.0 -5.806211 -1.806894 -1.799357 -5.454436 -3.796731 -2.178998 -4.906617 -5.476367 -3.814377 -1.127427 -0.024571 -0.113930 -4.604215 -4.699235 -1.622297 -3.315671 -6.248577 -5.548229 -5.200227 -6.147938 -5.267145 -4.837415 -6.467329 -9.077314 -10.024468 -9.211496 -9.424096 -9.033469 -8.873790 -8.767938 -7.758873 -2.788821 -6.903286 -6.931779 -1.170482 -4.013179 -5.362082 -3.110813 -5.641309 -3.932285 -4.558976 -2.775383 -4.269400 -6.966757 -5.260207 -3.687479 -2.397015 -0.454323 -0.434678 -1.279889 -9999.0 -9999.0 -9999.0
-9999.0 -9999.0 -9999.0 -9999.0 -9999.0 -9999.0 -9999.0 -9999.0 -9999.0 -5.882612 -5.615713 -5.681531 -5.738896 -5.538040 -3.329102 -3.473392 -1.969496 -5.391078 -2.184775 0.205294 0.079364 0.269324 -3.794828 -4.159592 -5.951675 -5.508505 -5.935505 -4.872164 -1.743762 -4.639248 -5.148636 -5.074073 -7.523162 -7.477518 -7.353385 -7.985534 -8.280222 -8.250077 -9.034223 -7.572544 -6.761572 -8.054407 -5.814677 -5.473108 -0.435376 -0.004493 -0.007112 -3.739512 -5.223362 -5.091178 -3.816292 -3.492551 -5.277671 -4.589563 -5.947655 -0.982678 -0.907384 -0.067330 -0.144492 -9999.0 -9999.0 -9999.0
-9999.0 -9999.0 -9999.0 -9999.0 -9999.0 -9999.0 -9999.0 -9999.0 -9999.0 -9999.0 -5.653427 -5.551812 -4.706037 -3.820024 -5.593718 -3.728039 -4.051327 -3.240105 -1.254445 -0.000928 -0.058338 -4.818880 -3.148193 -4.135338 -5.831137 -5.232966 -3.651691 -0.440540 -4.813071 -6.408682 -6.722449 -4.209929 -7.588290 -7.984189 -6.506461 -6.049315 -6.240039 -6.575663 -7.789753 -8.901571 -9.341661 -6.024443 -6.100911 -6.140199 -6.217455 -6.119676 -5.051137 -4.563470 -0.002721 -2.170895 -3.026667 -1.203114 -3.588070 -4.912290 -3.986734 -5.046629 -2.802459 -5.070630 -3.673504 -4.342544 -9999.0 -9999.0
-9999.0 -9999.0 -9999.0 -9999.0 -9999.0 -9999.0 -9999.0 -9999.0 -9999.0 -9999.0 -5.532555 -5.461365 -4.616612 -3.493680 0.002387 -4.459312 -5.666445 -3.100955 0.039016 0.017990 -0.092423 -1.948079 -5.356606 -5.990270 -5.871503 -3.164171 -0.014341 -5.313505 -5.640453 -7.867772 -7.312394 -5.422345 -6.358495 -7.864423 -7.590218 -7.051461 -6.236195 -5.413399 -5.943008 -7.957332 -6.074861 -5.852675 -5.891748 -7.029627 -2.801645 -5.333757 -4.372329 -5.616491 -0.358364 -0.005598 -3.769387 -1.036842 -0.927365 -3.336629 -4.584515 -2.983510 -5.292353 -0.903931 -1.788423 -0.006253 -9999.0 -9999.0
-9999.0 -9999.0 -9999.0 -9999.0 -9999.0 -9999.0 -9999.0 -9999.0 -1.852435 -2.900786 -5.693263 -4.635445 -4.660543 -4.853266 -3.832267 -0.733870 -0.428840 0.873255 0.370468 0.245781 0.050384 -0.005078 -1.073912 -2.142546 -3.662747 -0.554693 -0.317190 -5.732236 -5.061106 -6.398140 -8.601486 -7.107770 -6.384394 -6.591455 -5.539987 -8.209182 -5.274838 -5.119592 -5.619730 -6.722456 -7.077787 -6.505314 -7.536593 -7.926422 -4.954870 -3.398743 -6.253833 -2.905593 -4.838195 -0.112526 -3.699359 -4.190709 -0.571111 -3.932600 -3.107165 -0.070733 -0.657683 -1.419025 -2.612979 0.025829 -9999.0 -9999.0
-9999.0 -9999.0 -9999.0 -9999.0 -9999.0 -9999.0 -9999.0 -9999.0 -5.425145 -2.365568 -4.003928 -6.584565 -5.796079 -4.636562 -3.434876 -4.407691 -4.239396 -4.252939 0.181970 0.695404 1.888871 1.032148 0.429003 0.162439 -0.021547 -0.021051 -1.905084 -4.870248 -6.684665 -5.275005 -5.704120 -5.400312 -4.620238 -5.613682 -4.241986 -4.135303 -4.002153 -4.754714 -3.978089 -4.635638 -6.700186 -8.724719 -7.307890 -4.366986 -3.352990 -4.116929 -6.491930 -5.791000 -4.454519 -4.009350 -0.004481 -4.944386 -0.879850 -0.777866 -3.817083 -5.985920 -6.021209 -3.497474 -0.003243 1.078633 1.478098 -9999.0
-9999.0 -9999.0 -9999.0 -9999.0 -9999.0 -9999.0 -9999.0 -9999.0 -5.759769 -4.286609 -2.063852 -5.442985 -3.974963 -6.165182 -2.934372 -5.537669 -2.120211 -0.014946 0.291756 1.296293 0.947939 1.130387 1.205013 0.174409 0.798241 -2.447259 -4.657819 -5.169605 -5.880984 -4.662205 -5.424310 -3.552486 -4.117935 -4.072392 -3.110005 -4.076717 -4.421544 -5.227111 -3.608314 -4.589759 -4.806674 -5.092303 -2.864098 -4.929890 -5.158690 -5.382049 -4.292577 -1.354742 -4.462248 -4.478568 -0.002684 -2.106491 -5.310059 -3.040216 -3.668783 -2.604235 -0.025398 -0.002911 0.470491 0.811870 1.029357 -9999.0
-9999.0 -9999.0 -9999.0 -9999.0 -9999.0 -9999.0 -9999.0 -9999.0 -7.303467 -4.961323 -4.020479 -3.671368 -1.216352 -2.822742 -5.323117 -3.114744 -0.167572 0.458485 -0.009117 0.407779 0.302062 0.792697 1.055049 0.619402 -0.081719 -4.928491 -3.221001 -4.094830 -4.694557 -5.438727 -3.355596 -3.224376 -5.576337 -5.512953 -4.071316 -3.581347 -2.738102 -3.564462 -3.454276 -2.816567 -4.120797 -2.741681 -2.426673 -3.335017 -2.152840 -4.187507 -1.437780 -1.959292 -1.371135 -4.675121 -3.316884 -0.003594 -0.355810 -1.113096 -0.061901 -0.004878 0.137616 0.375438 1.343209 0.914821 0.000776 -2.404172
-9999.0 -9999.0 -9999.0 -9999.0 -9999.0 -9999.0 -9999.0 -9999.0 -5.405616 -4.099469 -0.681463 -5.043649 -3.683452 -3.173971 -0.015262 -0.009428 -2.357430 -3.824495 -3.972431 -4.023550 0.008200 0.562488 0.458529 0.004519 -0.083587 -4.468457 -5.454759 -5.256496 -4.120160 -4.171139 -3.794083 -4.682554 -2.853408 -4.541631 -3.887948 -3.520492 -3.805363 -1.258430 -1.682114 -3.533543 -3.520668 -4.016345 -5.119009 -4.840675 -2.592939 -1.646131 -4.488298 -4.337614 -5.844741 -3.048618 -0.029629 -0.015638 -0.002739 -0.002038 0.013148 0.029380 0.143400 0.242691 0.207808 -0.000755 -0.004520 -1.500157
-9999.0 -9999.0 -4.423890 -3.488213 -4.370320 -3.397985 -2.278549 -3.131316 -3.746717 -3.448406 -3.570380 -2.561498 -2.816953 -0.896763 0.897758 -0.670044 -4.219841 -4.859271 -4.643468 -4.099581 -3.954920 0.366112 0.380717 0.243193 -0.001143 -1.259079 -2.730278 -4.230144 -2.820575 -0.191538 -5.710940 -5.137115 -0.057453 -2.984806 -1.906283 -2.043606 -0.041416 0.033007 -0.386757 -4.036577 -2.395156 -2.124067 -2.461998 -3.060782 -4.946350 -5.418724 -2.798618 -3.178600 -0.471843 -0.002822 0.293279 0.144696 0.123380 0.042701 0.005071 0.631688 -0.001409 -0.001063 -0.003668 -2.453912 -1.178474 -0.060832
-9999.0 -2.734981 -3.301893 -2.165278 -2.702093 -1.853053 -3.629315 -4.177340 -4.434951 -4.859622 -3.541781 -1.091121 -0.811315 0.081658 -0.000911 -1.682284 -4.313352 -4.420150 -2.450889 -4.821391 -2.477562 -0.067586 0.128125 0.267062 0.764785 0.001101 0.619032 0.872238 -0.003063 -0.870550 -1.112193 -2.033247 -1.167386 0.565288 0.088665 0.547894 1.437155 2.396372 1.488295 0.337090 0.101924 0.175885 -0.001825 -2.049343 -2.490317 -2.303894 -0.004523 -0.002861 0.443160 0.374507 0.158672 0.030076 -0.001920 -0.001774 -0.003514 -0.487424 -3.145363 -1.808485 -1.500664 -0.115125 -0.054523 -0.025901
-9999.0 -3.871369 -4.494663 -4.886015 -4.296899 -4.495238 -3.200800 -2.956409 -3.466899 -3.944369 -2.366197 -4.066545 -1.081729 0.010474 -3.239374 -3.389793 -4.618949 -4.354397 -5.284038 -4.488192 -2.365445 -1.738935 -0.064175 -0.002611 0.912660 1.351870 0.558169 0.582305 0.331423 0.452036 0.787280 0.230724 0.044944 0.181076 1.615056 2.015181 3.824372 6.341772 3.490113 2.902175 2.427536 1.894072 0.865159 0.909567 1.511308 1.639564 2.080885 2.008261 0.365104 0.237097 -0.000903 -3.727352 -2.896304 -0.150681 -3.776347 -0.200648 -1.162044 -0.782970 -0.621305 -0.156533 -0.118173 -9999.0
