user2019/resources/simulation/Vinschgau/output-maps/TL0006N1157.asc
ncols         63
nrows         48
xllcorner     598000.000000
yllcorner     5145000.000000
cellsize      1000.000000
NODATA_value  -9999.0
[rows 0 to 27 of 48, columns 0 to 62 of 63]
-9999.0 -9999.0 -9999.0 -9999.0 -9999.0 -9999.0 -9999.0 -9999.0 -9999.0 -9999.0 -9999.0 -9999.0 -9999.0 -9999.0 -9999.0 -9999.0 -9999.0 -9999.0 -9999.0 -9999.0 -9999.0 -9999.0 -9999.0 -9999.0 -9999.0 -9999.0 -9999.0 -9999.0 -9999.0 -9999.0 -9999.0 -9999.0 -9999.0 -9999.0 -9999.0 -9999.0 -9999.0 -9999.0 -9999.0 -9999.0 -9999.0 -9999.0 -9999.0 -9999.0 -9999.0 -9999.0 -9999.0 -9999.0 -9999.0 -9999.0 -9999.0 -9999.0 -9999.0 -9999.0 -9999.0 -9999.0 -9999.0 -9999.0 -9999.0 -9999.0 -9999.0 -9999.0 -9999.0
-9999.0 -9999.0 -9999.0 -9999.0 -9999.0 -9999.0 -9999.0 -9999.0 -9999.0 -9999.0 -9999.0 -9999.0 -9999.0 -9999.0 -9999.0 -9999.0 -9999.0 -9999.0 -9999.0 -9999.0 -9999.0 -9999.0 -9999.0 -9999.0 -9999.0 -9999.0 -9999.0 1.437101 -0.015461 1.960835 -0.097162 -0.048152 -0.442899 -9999.0 -9999.0 -9999.0 -9999.0 -9999.0 -9999.0 -9999.0 -9999.0 -9999.0 -9999.0 -9999.0 -9999.0 -9999.0 -9999.0 -9999.0 -9999.0 -9999.0 -9999.0 -9999.0 -9999.0 -9999.0 -9999.0 -9999.0 -9999.0 -9999.0 -9999.0 -9999.0 -9999.0 -9999.0 -9999.0
-9999.0 -9999.0 -9999.0 -9999.0 -9999.0 -9999.0 -9999.0 -9999.0 -9999.0 -9999.0 -9999.0 -9999.0 -9999.0 -9999.0 -9999.0 -9999.0 -9999.0 -9999.0 -9999.0 -9999.0 -9999.0 -9999.0 -9999.0 -9999.0 -0.005580 -0.003747 -0.002642 -0.004602 -0.010062 -0.028634 -0.040649 -9999.0 -9999.0 -9999.0 -9999.0 -9999.0 -9999.0 -9999.0 -9999.0 -9999.0 -9999.0 -9999.0 -9999.0 -9999.0 -9999.0 -9999.0 -9999.0 -9999.0 -9999.0 -9999.0 -9999.0 -9999.0 -9999.0 -9999.0 -9999.0 -9999.0 -9999.0 -9999.0 -9999.0 -9999.0 -9999.0 -9999.0 -9999.0
-9999.0 -9999.0 -9999.0 -9999.0 -9999.0 -9999.0 -9999.0 -9999.0 -9999.0 -9999.0 -9999.0 -9999.0 -9999.0 -9999.0 -9999.0 -9999.0 -9999.0 -9999.0 -9999.0 -9999.0 -9999.0 -9999.0 -9999.0 -0.002402 1.125517 3.315394 3.734994 4.023669 3.143688 0.891939 -0.035597 -0.061324 -9999.0 -9999.0 -9999.0 -9999.0 -9999.0 -9999.0 -9999.0 -9999.0 -9999.0 -9999.0 -9999.0 -9999.0 -9999.0 -9999.0 -9999.0 -9999.0 -9999.0 -9999.0 -9999.0 -9999.0 -9999.0 -9999.0 -9999.0 -9999.0 -9999.0 -9999.0 -9999.0 -9999.0 -9999.0 -9999.0 -9999.0
-9999.0 -9999.0 -9999.0 -9999.0 -9999.0 -9999.0 -9999.0 -9999.0 -9999.0 -9999.0 -9999.0 -9999.0 -9999.0 -9999.0 -9999.0 -9999.0 -9999.0 -9999.0 6.023333 1.137545 -9999.0 0.980195 1.139630 3.276365 3.122129 4.317971 4.129264 4.188333 2.315324 -0.005693 0.720194 -0.036097 0.350348 0.342750 -9999.0 -9999.0 -9999.0 -9999.0 -9999.0 -9999.0 -9999.0 -9999.0 -9999.0 -9999.0 -9999.0 -9999.0 -9999.0 -9999.0 -9999.0 -9999.0 -9999.0 -9999.0 -9999.0 -9999.0 -9999.0 -9999.0 -9999.0 -9999.0 -9999.0 -9999.0 -9999.0 -9999.0 -9999.0
-9999.0 -9999.0 -9999.0 -9999.0 -9999.0 -9999.0 -9999.0 -9999.0 -9999.0 -9999.0 -9999.0 -9999.0 -9999.0 -9999.0 -9999.0 -9999.0 -9999.0 5.311381 3.953360 4.678939 5.117445 -0.007506 -0.004250 2.394053 4.620499 -0.004173 -0.090614 -0.007467 -0.036727 1.949060 1.302753 0.817274 2.200289 1.338906 0.300947 0.245597 -9999.0 -9999.0 -9999.0 -9999.0 -9999.0 -9999.0 -9999.0 -9999.0 -9999.0 -9999.0 -9999.0 -9999.0 -9999.0 -9999.0 -9999.0 -9999.0 -9999.0 -9999.0 -9999.0 -9999.0 -9999.0 -9999.0 -9999.0 -9999.0 -9999.0 -9999.0 -9999.0
-9999.0 -9999.0 -9999.0 -9999.0 -9999.0 -9999.0 -9999.0 -9999.0 -9999.0 -9999.0 -9999.0 -9999.0 -9999.0 3.702080 2.403277 3.603998 4.991968 12.356256 5.046073 4.004564 3.546102 2.687377 4.008632 4.640316 -0.003506 1.108796 -0.105586 -0.308167 -0.055529 -0.010346 -0.393957 -0.006530 -0.024292 -0.065601 0.615373 -0.011524 -9999.0 -9999.0 -9999.0 -9999.0 -9999.0 -9999.0 -9999.0 -9999.0 -9999.0 -9999.0 -9999.0 -9999.0 -9999.0 -9999.0 -9999.0 -9999.0 -9999.0 -9999.0 -9999.0 -9999.0 -9999.0 -9999.0 -9999.0 -9999.0 -9999.0 -9999.0 -9999.0
-9999.0 -9999.0 -9999.0 -9999.0 -9999.0 -9999.0 -9999.0 -9999.0 -9999.0 -9999.0 -9999.0 -9999.0 -9999.0 5.153341 4.824698 4.329340 4.185626 10.560532 12.464318 5.654030 4.186617 7.095298 2.750473 1.196488 1.784551 -0.016562 -0.001964 1.768663 0.887334 -0.186492 -0.727690 -0.024273 0.450182 -4.146707 -0.027613 -9999.0 -9999.0 -9999.0 -9999.0 -9999.0 -9999.0 -9999.0 -9999.0 -9999.0 -9999.0 -9999.0 -9999.0 -9999.0 -9999.0 -9999.0 -9999.0 -9999.0 -9999.0 -9999.0 -9999.0 -9999.0 -9999.0 -9999.0 -9999.0 -9999.0 -9999.0 -9999.0 -9999.0
-9999.0 -9999.0 -9999.0 -9999.0 -9999.0 -9999.0 -9999.0 -9999.0 -9999.0 -9999.0 -9999.0 -9999.0 -9999.0 4.947254 4.993445 6.120330 3.975231 4.678246 12.875049 5.037360 8.126845 3.427702 -0.003989 -0.006434 1.689529 0.710423 2.644981 0.568514 -0.046197 -3.729401 -0.036383 -4.271431 -4.319597 -6.502446 -0.032857 -9999.0 -9999.0 -9999.0 -9999.0 -9999.0 -9999.0 -9999.0 -9999.0 -9999.0 -9999.0 -9999.0 -9999.0 -9999.0 -9999.0 -9999.0 -9999.0 -9999.0 -9999.0 -9999.0 -9999.0 -9999.0 -9999.0 -9999.0 -9999.0 -9999.0 -9999.0 -9999.0 -9999.0
-9999.0 -9999.0 -9999.0 -9999.0 -9999.0 -9999.0 -9999.0 -9999.0 -9999.0 -9999.0 -9999.0 -9999.0 3.654873 4.505909 5.781305 3.557251 2.509498 4.222439 11.512096 6.388632 3.630952 -0.009129 -0.030220 -0.026450 -0.461802 -0.002856 -1.558415 -0.035917 -0.076045 0.335289 -4.091095 0.344051 -0.078879 -0.008509 -9999.0 -9999.0 -9999.0 -9999.0 -9999.0 -9999.0 -9999.0 -9999.0 -9999.0 -9999.0 -9999.0 -9999.0 -9999.0 -9999.0 -9999.0 -9999.0 -9999.0 -9999.0 -9999.0 -9999.0 -9999.0 -9999.0 -9999.0 -9999.0 -9999.0 -9999.0 -9999.0 -9999.0 -9999.0
-9999.0 -9999.0 -9999.0 -9999.0 -9999.0 -9999.0 -9999.0 -9999.0 -9999.0 -9999.0 -9999.0 2.894294 4.740824 2.684137 5.261220 6.689379 5.715325 4.539711 10.718810 7.895724 2.970771 2.523128 1.749948 0.128685 -0.112392 -0.012193 -0.038110 -0.027452 -0.064783 -0.030922 0.358655 -0.024168 0.725066 0.346209 0.343506 1.179332 -0.036491 -0.003492 -0.038436 -9999.0 -9999.0 -9999.0 0.287132 -9999.0 -9999.0 -9999.0 -9999.0 -9999.0 -9999.0 -9999.0 -9999.0 -9999.0 -9999.0 -9999.0 -9999.0 -9999.0 -9999.0 -9999.0 -9999.0 -9999.0 -9999.0 -9999.0 -9999.0
-9999.0 -9999.0 -9999.0 -9999.0 -9999.0 -9999.0 -9999.0 -9999.0 -9999.0 -9999.0 -9999.0 2.621397 4.690060 6.474877 6.208523 5.653183 7.621181 5.116531 11.305156 8.179485 7.604498 4.379801 1.070324 -1.396373 -2.322002 -0.021174 -0.021955 -0.024396 1.998967 0.313736 -0.028074 -0.024787 -0.046187 -0.149246 -0.063449 -0.028806 -0.001602 1.540055 0.536635 0.354484 0.426386 0.330856 -0.040044 0.438069 -9999.0 -9999.0 -9999.0 -0.277267 -0.299351 -0.043960 -0.436644 -0.309363 -0.281746 -0.530945 -0.549274 -0.316337 -9999.0 -9999.0 -9999.0 -9999.0 -9999.0 -9999.0 -9999.0
-9999.0 -9999.0 -9999.0 -9999.0 -9999.0 -9999.0 -9999.0 -9999.0 -9999.0 -9999.0 -9999.0 2.468156 2.774516 0.968943 6.393772 6.544187 2.383170 4.077399 9.852403 8.217911 2.353376 -0.008303 -0.250035 -0.004779 -0.019523 1.510874 -1.537552 -2.010114 1.256479 -0.057543 0.816975 -2.443928 -0.019472 -0.069676 0.432022 -0.025651 -1.642762 -1.250170 1.904707 0.959345 -0.009236 -0.035776 -0.035425 -0.026185 -0.128425 -9999.0 -0.045470 -0.234378 -0.058613 -0.026839 -0.001020 2.045828 -0.022262 -0.040007 -0.078384 -0.101062 -9999.0 -9999.0 -9999.0 -9999.0 -9999.0 -9999.0 -9999.0
-9999.0 -9999.0 -9999.0 -9999.0 -9999.0 -9999.0 -9999.0 -9999.0 -9999.0 -9999.0 -9999.0 -9999.0 2.725555 -0.043312 4.952017 5.432040 0.812265 3.117864 10.459172 7.994492 2.353387 0.604228 -0.355584 -0.478484 -1.292131 -0.558047 0.872716 0.753066 -0.045343 0.481744 -0.024285 -2.250084 0.697566 -0.266713 -0.090379 -0.030578 -1.242934 -1.092594 4.277408 1.414009 1.745486 2.367392 -0.477340 -0.002431 0.595619 -0.135647 -0.039350 -0.088078 -3.126171 -0.615089 -0.029396 -2.151632 -2.211835 -2.781418 -3.347853 -0.086549 -0.088911 -9999.0 -9999.0 -9999.0 -9999.0 -9999.0 -9999.0
-9999.0 -9999.0 -9999.0 -9999.0 -9999.0 -9999.0 -9999.0 -9999.0 -9999.0 -9999.0 -9999.0 -0.353303 1.146217 4.123370 -0.061246 -0.004245 1.741223 2.388144 9.909721 4.321374 2.667445 0.657218 -0.023724 -0.329053 -0.335214 -1.024459 -0.393287 -0.032296 -0.036589 1.721523 -1.582444 -1.450951 0.807250 -0.062334 -0.072374 -0.067682 -0.010588 -0.280012 -0.007541 3.520288 -0.110898 -0.026501 -0.279036 -0.061625 1.641987 -0.029889 -0.048004 1.751961 2.361663 -0.019953 -1.579765 -0.029945 -3.701248 -3.391153 -3.968979 -4.736373 -0.010145 -9999.0 -9999.0 -9999.0 -9999.0 -9999.0 -9999.0
-9999.0 -9999.0 -9999.0 -9999.0 -9999.0 -9999.0 -9999.0 -9999.0 -9999.0 -9999.0 0.979685 -0.328736 1.128093 1.248470 2.623385 -0.026011 -0.027286 -0.004883 3.514144 3.963052 5.717818 4.301921 -0.351404 2.020484 -0.030034 -0.753733 -1.284697 -2.521653 0.833809 0.945895 -0.927544 -1.020801 0.901366 -0.046512 -0.010861 0.901237 0.684004 -0.407524 -0.332595 0.671899 0.823904 2.142229 7.414421 0.853275 -0.031099 1.761520 -0.001376 -0.333626 -0.615576 -0.005724 -3.706189 -0.064757 -4.310155 -4.847722 -5.024252 -0.038361 -0.058179 -9999.0 -9999.0 -9999.0 -9999.0 -9999.0 -9999.0
-9999.0 -9999.0 -9999.0 -9999.0 -9999.0 -9999.0 -9999.0 -9999.0 -9999.0 -0.009289 0.989990 -0.101047 -0.076533 -0.120177 -0.246356 -0.125517 -0.032026 4.860103 3.444052 4.040372 6.218170 0.834479 0.151234 1.010131 -0.002959 -0.976741 -1.150289 0.967664 -0.117100 -0.045571 -0.001180 -1.167924 1.149766 -0.150085 0.460548 0.848124 -0.000824 -1.182696 -1.247751 -0.351683 -0.724243 -0.268212 -0.338921 1.588505 0.881700 -0.032319 2.447076 -0.169821 -0.162243 -0.001630 -1.271363 -0.029345 -5.149928 -0.761974 -0.459368 -2.784412 -3.150237 0.427288 -0.261301 -9999.0 -9999.0 -9999.0 -9999.0
-9999.0 -9999.0 -9999.0 -9999.0 -9999.0 -9999.0 -9999.0 -9999.0 -9999.0 -0.001487 -0.003401 1.354769 2.885520 -0.004460 -0.035348 -0.132525 2.265464 1.087793 4.020240 7.657491 7.102513 7.136873 4.562783 2.882694 -0.596247 -0.462466 -0.202584 -0.010649 0.964743 2.958250 1.510309 -1.549183 -0.024503 -0.054746 -0.081216 0.766460 1.366389 2.212290 -0.007720 1.047194 -1.956077 -0.627976 -0.069299 1.214604 2.439823 2.557844 2.225450 0.923559 -0.027601 0.235693 -2.427628 -3.609525 -0.956107 -1.177492 -1.157103 -4.092780 -2.342761 -2.585624 1.310400 -9999.0 -9999.0 -9999.0 -9999.0
-9999.0 -9999.0 -9999.0 -9999.0 -9999.0 -9999.0 -9999.0 -9999.0 -9999.0 -9999.0 -0.024490 0.944622 -0.056984 -0.311908 -0.013047 -0.031219 -0.004677 2.164063 4.816838 5.337480 7.067835 2.637630 -0.003343 -0.327851 -0.319420 -0.035722 0.359801 1.481605 1.489988 -1.122335 -1.452974 -1.847339 -1.912711 -0.049227 -0.043624 -0.000629 0.972683 0.938786 1.377803 -0.028118 -0.025283 0.996335 1.972293 -0.034115 -0.002203 -0.003574 1.444230 4.871763 3.115764 -0.003612 -1.389026 -3.001815 -0.574549 -1.008479 -1.202088 -0.502282 -0.065963 -0.745687 -0.515369 -0.015839 -9999.0 -9999.0 -9999.0
-9999.0 -9999.0 -9999.0 -9999.0 -9999.0 -9999.0 -9999.0 -9999.0 -9999.0 -9999.0 -0.075651 -0.001881 0.953178 -0.029271 3.791747 -0.005252 -0.004979 2.530220 5.212931 6.278302 3.365224 1.443944 -0.003561 -0.042191 -0.021742 1.054504 2.172468 -0.003555 -0.812709 -1.651087 -0.021022 -0.032132 -3.353754 -0.052274 -0.021622 -0.002873 -0.673398 -0.392600 -1.374850 -0.037318 -0.030451 3.101668 -0.352106 0.864913 1.137707 -0.261780 -0.005466 -0.002210 2.716029 2.675755 -0.014822 -1.263795 -2.396311 -0.321866 -1.447027 -0.994125 -0.201133 -0.209011 0.960520 2.354978 -9999.0 -9999.0 -9999.0
-9999.0 -9999.0 -9999.0 -9999.0 -9999.0 -9999.0 -9999.0 -9999.0 -0.016688 -0.026323 -0.037381 -0.034569 -1.750992 -0.229108 -0.045708 1.530767 2.858664 7.993856 6.355530 6.759176 5.105977 4.023744 3.086595 1.297555 0.753598 1.845126 4.045163 -0.384165 -1.312193 -1.551373 -3.666259 -0.024409 -0.024823 -0.045980 -0.049198 -0.003235 2.342348 -0.256441 -2.040298 0.957514 1.834721 -0.001467 -1.516954 1.249008 3.016805 1.018758 -1.868902 -0.125415 -0.002237 2.713527 0.613285 -2.013010 -3.264421 -4.063978 -0.827236 -0.068469 0.539733 1.076794 1.087332 4.050149 -9999.0 -9999.0 -9999.0
-9999.0 -9999.0 -9999.0 -9999.0 -9999.0 -9999.0 -9999.0 -9999.0 -2.077252 -2.141427 -1.128997 -0.037861 -0.002749 -1.200087 -0.471542 -0.004119 1.857342 2.452733 5.493223 7.282089 11.345299 10.076844 9.658173 9.012197 3.333302 3.233517 0.780247 -0.201598 -2.651684 -0.037366 -0.062898 1.249093 -0.024568 1.455205 -0.009772 0.550496 4.074648 -0.024401 -0.175941 0.765916 -0.022530 -2.473371 1.571571 0.825582 -0.002356 -1.144916 -1.990780 -0.000670 -0.129261 1.418362 2.235385 -0.035760 -3.762786 -0.149469 -0.006220 -1.378094 -0.255998 -0.021083 3.002112 5.577146 7.105129 -9999.0 -9999.0
-9999.0 -9999.0 -9999.0 -9999.0 -9999.0 -9999.0 -9999.0 -9999.0 -0.021800 -0.003206 -0.040706 -1.871996 -0.044046 -1.349867 -0.199245 -0.368509 0.097491 3.455344 5.419177 11.064212 7.740413 10.413944 10.510648 6.331641 7.815776 3.172129 0.276003 -0.764467 -3.844211 -0.022740 1.602056 -0.002484 -1.337450 -1.358608 1.099172 2.706334 -0.024270 1.539664 -0.041644 -0.302209 -0.000742 1.857772 -0.004693 -0.017393 -1.341009 -0.006040 0.840365 -0.029200 -1.156134 -0.001753 2.494821 0.432909 -1.955917 -3.564548 -0.666219 -0.208585 1.462292 2.831086 5.420034 5.860206 6.404185 -9999.0 -9999.0
-9999.0 -9999.0 -9999.0 -9999.0 -9999.0 -9999.0 -9999.0 -9999.0 -0.039506 -0.000501 -1.469562 -3.429267 -0.008506 -1.118030 -1.015197 0.108438 3.954444 5.210427 7.619601 5.670762 7.145412 7.509884 9.936625 9.256978 3.572957 0.959682 -0.007630 -1.490669 0.919046 -0.524019 -0.228946 -0.437489 -0.014704 -0.105340 -0.029986 2.248686 5.359492 4.023519 0.606702 -0.030569 0.981683 1.032386 1.015266 2.915834 -0.009899 1.783704 0.860093 2.159540 -0.004340 -0.235852 -0.003164 2.150665 0.689927 -0.209808 1.024662 1.995667 3.656141 4.641949 5.632151 6.123100 5.068982 2.577908 -9999.0
-9999.0 -9999.0 -9999.0 -9999.0 -9999.0 -9999.0 -9999.0 -9999.0 -0.411726 -0.034644 -1.351829 -1.106289 -0.418619 -0.317005 3.068397 2.646849 5.344120 2.369299 0.701052 2.836725 4.721651 6.869623 7.129036 6.842273 7.033625 -0.005363 -0.622445 -0.021302 -0.003584 -0.043066 -0.369185 -0.001797 2.491354 1.573238 0.582622 1.691662 3.529480 6.026613 5.435135 2.442467 0.961325 0.595728 -0.002956 -0.011308 -0.193634 1.827415 -0.057746 -0.288618 -0.056461 -0.002722 1.883452 1.632657 1.884164 2.179127 2.744381 3.140239 3.835106 4.686215 5.352371 5.361060 4.136283 1.967098 -9999.0
-9999.0 -9999.0 -0.000633 -0.006757 -2.517203 -1.339489 -2.136356 -3.202524 -0.057543 -0.048805 -1.404381 -0.416066 -0.115405 -0.024022 4.302717 1.946021 -0.002047 -0.764918 -0.096509 -0.004385 2.708701 5.402773 5.876326 6.138615 4.908208 1.990772 -0.005631 -0.004669 2.334311 4.124056 -0.003580 0.605239 6.266184 3.341284 4.482222 4.584653 7.584883 8.318496 7.223054 4.545459 5.247672 4.833206 4.141805 2.825824 -0.001995 -0.004530 1.916154 1.377230 2.787358 3.746832 4.963961 4.243892 3.539001 3.057983 2.957627 7.172871 3.617298 4.044949 3.732763 3.455200 5.109315 1.202562 -9999.0
-9999.0 -0.231486 -0.342371 -1.523197 -0.563729 -1.020580 -0.759184 -1.299178 -2.251771 -0.044532 -1.256270 -0.431191 -0.006074 3.461978 3.401695 -0.334519 -0.615106 -1.343251 -0.419954 -0.004196 2.389957 4.224873 6.930068 4.795284 8.622607 4.722760 6.613249 6.727883 5.306308 3.452214 3.786203 3.975305 5.539437 9.205123 8.257649 9.362364 11.129048 11.228892 11.159631 9.314897 8.802936 8.659298 7.853005 4.782597 3.484593 3.882125 4.844674 5.917520 7.068279 6.015394 5.059147 4.176138 3.399494 2.619528 2.549910 2.030856 0.772129 1.124928 1.820652 3.744344 0.463783 0.999617 -9999.0
-9999.0 1.971036 -0.062814 -0.091266 0.775457 -0.182437 -2.039180 -1.802907 -0.056167 -0.047562 -1.054043 -0.789046 -0.002858 3.512199 -0.086178 -2.975210 -1.148882 -1.223265 -0.513202 -0.011372 4.107407 1.878063 2.963573 3.215713 8.067916 9.498623 5.462332 6.671166 6.376836 6.411038 6.566065 6.336889 7.322230 8.290228 12.185310 11.368274 17.243372 18.323944 14.163619 13.087065 12.337815 11.271190 10.364776 8.066469 7.956368 7.825743 8.156046 7.772815 7.094464 6.173713 4.197580 1.926423 0.896307 1.424477 0.664912 -0.003914 -0.210330 -0.011852 -0.005249 -0.072927 -0.003328 -9999.0 -9999.0
