user2019/resources/simulation/Vinschgau/output-maps/TL0002N0531.asc
ncols         63
nrows         48
xllcorner     598000.000000
yllcorner     5145000.000000
cellsize      1000.000000
NODATA_value  -9999.0
[rows 0 to 27 of 48, columns 0 to 61 of 63]
-9999.0 -9999.0 -9999.0 -9999.0 -9999.0 -9999.0 -9999.0 -9999.0 -9999.0 -9999.0 -9999.0 -9999.0 -9999.0 -9999.0 -9999.0 -9999.0 -9999.0 -9999.0 -9999.0 -9999.0 -9999.0 -9999.0 -9999.0 -9999.0 -9999.0 -9999.0 -9999.0 -9999.0 -9999.0 -9999.0 -9999.0 -9999.0 -9999.0 -9999.0 -9999.0 -9999.0 -9999.0 -9999.0 -9999.0 -9999.0 -9999.0 -9999.0 -9999.0 -9999.0 -9999.0 -9999.0 -9999.0 -9999.0 -9999.0 -9999.0 -9999.0 -9999.0 -9999.0 -9999.0 -9999.0 -9999.0 -9999.0 -9999.0 -9999.0 -9999.0 -9999.0 -9999.0
-9999.0 -9999.0 -9999.0 -9999.0 -9999.0 -9999.0 -9999.0 -9999.0 -9999.0 -9999.0 -9999.0 -9999.0 -9999.0 -9999.0 -9999.0 -9999.0 -9999.0 -9999.0 -9999.0 -9999.0 -9999.0 -9999.0 -9999.0 -9999.0 -9999.0 -9999.0 -9999.0 13.443101 16.011114 14.041800 13.076514 13.667908 12.054759 -9999.0 -9999.0 -9999.0 -9999.0 -9999.0 -9999.0 -9999.0 -9999.0 -9999.0 -9999.0 -9999.0 -9999.0 -9999.0 -9999.0 -9999.0 -9999.0 -9999.0 -9999.0 -9999.0 -9999.0 -9999.0 -9999.0 -9999.0 -9999.0 -9999.0 -9999.0 -9999.0 -9999.0 -9999.0
-9999.0 -9999.0 -9999.0 -9999.0 -9999.0 -9999.0 -9999.0 -9999.0 -9999.0 -9999.0 -9999.0 -9999.0 -9999.0 -9999.0 -9999.0 -9999.0 -9999.0 -9999.0 -9999.0 -9999.0 -9999.0 -9999.0 -9999.0 -9999.0 16.346428 16.677932 17.195083 16.454723 14.122843 14.243680 15.047886 -9999.0 -9999.0 -9999.0 -9999.0 -9999.0 -9999.0 -9999.0 -9999.0 -9999.0 -9999.0 -9999.0 -9999.0 -9999.0 -9999.0 -9999.0 -9999.0 -9999.0 -9999.0 -9999.0 -9999.0 -9999.0 -9999.0 -9999.0 -9999.0 -9999.0 -9999.0 -9999.0 -9999.0 -9999.0 -9999.0 -9999.0
-9999.0 -9999.0 -9999.0 -9999.0 -9999.0 -9999.0 -9999.0 -9999.0 -9999.0 -9999.0 -9999.0 -9999.0 -9999.0 -9999.0 -9999.0 -9999.0 -9999.0 -9999.0 -9999.0 -9999.0 -9999.0 -9999.0 -9999.0 16.505433 17.314177 14.364282 14.424123 14.573472 13.328056 17.166272 15.400620 14.689698 -9999.0 -9999.0 -9999.0 -9999.0 -9999.0 -9999.0 -9999.0 -9999.0 -9999.0 -9999.0 -9999.0 -9999.0 -9999.0 -9999.0 -9999.0 -9999.0 -9999.0 -9999.0 -9999.0 -9999.0 -9999.0 -9999.0 -9999.0 -9999.0 -9999.0 -9999.0 -9999.0 -9999.0 -9999.0 -9999.0
-9999.0 -9999.0 -9999.0 -9999.0 -9999.0 -9999.0 -9999.0 -9999.0 -9999.0 -9999.0 -9999.0 -9999.0 -9999.0 -9999.0 -9999.0 -9999.0 -9999.0 -9999.0 19.018113 16.998457 -9999.0 16.535016 17.099309 14.062229 14.442205 16.071483 17.761181 17.568342 15.298706 14.281616 16.801884 15.651347 12.635957 11.250989 -9999.0 -9999.0 -9999.0 -9999.0 -9999.0 -9999.0 -9999.0 -9999.0 -9999.0 -9999.0 -9999.0 -9999.0 -9999.0 -9999.0 -9999.0 -9999.0 -9999.0 -9999.0 -9999.0 -9999.0 -9999.0 -9999.0 -9999.0 -9999.0 -9999.0 -9999.0 -9999.0 -9999.0
-9999.0 -9999.0 -9999.0 -9999.0 -9999.0 -9999.0 -9999.0 -9999.0 -9999.0 -9999.0 -9999.0 -9999.0 -9999.0 -9999.0 -9999.0 -9999.0 -9999.0 14.413234 12.566852 12.939980 15.394914 12.418203 13.183349 14.645662 19.465842 11.294636 9.983944 12.180041 9.937560 12.895332 15.163944 13.809334 13.481027 13.234308 11.817370 10.820032 -9999.0 -9999.0 -9999.0 -9999.0 -9999.0 -9999.0 -9999.0 -9999.0 -9999.0 -9999.0 -9999.0 -9999.0 -9999.0 -9999.0 -9999.0 -9999.0 -9999.0 -9999.0 -9999.0 -9999.0 -9999.0 -9999.0 -9999.0 -9999.0 -9999.0 -9999.0
-9999.0 -9999.0 -9999.0 -9999.0 -9999.0 -9999.0 -9999.0 -9999.0 -9999.0 -9999.0 -9999.0 -9999.0 -9999.0 15.919103 12.626119 12.065278 13.526742 24.513545 14.050583 14.755632 14.468219 15.359550 16.556659 19.325760 10.869031 16.604036 9.870372 11.068837 11.405437 11.839139 9.950960 13.324734 12.735766 11.614301 11.585325 10.663876 -9999.0 -9999.0 -9999.0 -9999.0 -9999.0 -9999.0 -9999.0 -9999.0 -9999.0 -9999.0 -9999.0 -9999.0 -9999.0 -9999.0 -9999.0 -9999.0 -9999.0 -9999.0 -9999.0 -9999.0 -9999.0 -9999.0 -9999.0 -9999.0 -9999.0 -9999.0
-9999.0 -9999.0 -9999.0 -9999.0 -9999.0 -9999.0 -9999.0 -9999.0 -9999.0 -9999.0 -9999.0 -9999.0 -9999.0 16.599515 13.197408 12.222343 12.060252 20.226420 24.965957 16.719409 13.773647 17.979695 12.440738 11.852717 13.558330 12.587798 16.391935 13.549002 12.266281 10.460157 10.864762 12.122634 11.461737 9.990227 10.370188 -9999.0 -9999.0 -9999.0 -9999.0 -9999.0 -9999.0 -9999.0 -9999.0 -9999.0 -9999.0 -9999.0 -9999.0 -9999.0 -9999.0 -9999.0 -9999.0 -9999.0 -9999.0 -9999.0 -9999.0 -9999.0 -9999.0 -9999.0 -9999.0 -9999.0 -9999.0 -9999.0
-9999.0 -9999.0 -9999.0 -9999.0 -9999.0 -9999.0 -9999.0 -9999.0 -9999.0 -9999.0 -9999.0 -9999.0 -9999.0 13.041028 14.777243 14.101824 11.312028 12.610397 24.303631 13.748865 19.497238 14.981095 10.749191 10.455296 13.393644 12.921284 15.023468 12.714946 14.913187 11.420203 12.111319 9.952946 9.581309 -0.350856 8.987216 -9999.0 -9999.0 -9999.0 -9999.0 -9999.0 -9999.0 -9999.0 -9999.0 -9999.0 -9999.0 -9999.0 -9999.0 -9999.0 -9999.0 -9999.0 -9999.0 -9999.0 -9999.0 -9999.0 -9999.0 -9999.0 -9999.0 -9999.0 -9999.0 -9999.0 -9999.0 -9999.0
-9999.0 -9999.0 -9999.0 -9999.0 -9999.0 -9999.0 -9999.0 -9999.0 -9999.0 -9999.0 -9999.0 -9999.0 12.435235 14.245433 13.099710 12.058332 9.415004 11.481849 20.560028 14.120525 14.119083 11.718253 11.987313 11.567110 11.236920 15.435311 9.960666 15.218038 14.058652 12.240784 11.777228 12.095574 11.817012 10.165010 -9999.0 -9999.0 -9999.0 -9999.0 -9999.0 -9999.0 -9999.0 -9999.0 -9999.0 -9999.0 -9999.0 -9999.0 -9999.0 -9999.0 -9999.0 -9999.0 -9999.0 -9999.0 -9999.0 -9999.0 -9999.0 -9999.0 -9999.0 -9999.0 -9999.0 -9999.0 -9999.0 -9999.0
-9999.0 -9999.0 -9999.0 -9999.0 -9999.0 -9999.0 -9999.0 -9999.0 -9999.0 -9999.0 -9999.0 13.817765 11.772370 10.694411 11.350871 13.435959 9.704799 10.785442 20.261781 13.301364 11.455030 13.695601 16.067556 15.255036 10.670509 14.562428 13.678680 15.871330 14.030993 11.624694 11.970110 12.587718 12.387349 11.485776 10.961075 16.709646 15.794611 17.066028 18.082907 -9999.0 -9999.0 -9999.0 15.808026 -9999.0 -9999.0 -9999.0 -9999.0 -9999.0 -9999.0 -9999.0 -9999.0 -9999.0 -9999.0 -9999.0 -9999.0 -9999.0 -9999.0 -9999.0 -9999.0 -9999.0 -9999.0 -9999.0
-9999.0 -9999.0 -9999.0 -9999.0 -9999.0 -9999.0 -9999.0 -9999.0 -9999.0 -9999.0 -9999.0 13.956124 11.804493 10.681958 12.072861 11.846289 12.487454 11.831671 20.099160 18.548456 19.977357 18.485770 15.479589 9.167801 9.484221 14.319118 15.478229 14.382788 14.167734 12.265518 13.085016 14.022374 14.646734 13.736052 12.468522 14.392824 18.453205 22.147765 21.104209 17.138910 16.985726 15.279473 14.190496 16.080550 -9999.0 -9999.0 -9999.0 10.472332 11.762479 12.865783 13.205456 13.099388 13.091552 12.389225 12.688575 13.068669 -9999.0 -9999.0 -9999.0 -9999.0 -9999.0 -9999.0
-9999.0 -9999.0 -9999.0 -9999.0 -9999.0 -9999.0 -9999.0 -9999.0 -9999.0 -9999.0 -9999.0 14.042053 13.962888 8.645987 13.911587 13.014840 9.375398 9.734702 18.178207 19.219509 11.138427 11.918972 10.482434 16.643269 14.031979 13.871520 10.458273 9.626870 13.809017 13.087463 12.343190 7.917635 16.553182 14.091024 16.930700 16.413933 12.166629 14.210862 24.782866 20.374310 20.114297 15.126167 15.648134 16.244819 14.517053 -9999.0 10.878609 12.048527 13.743840 14.682221 15.257648 15.594687 15.321099 15.074127 15.064636 14.728371 -9999.0 -9999.0 -9999.0 -9999.0 -9999.0 -9999.0
-9999.0 -9999.0 -9999.0 -9999.0 -9999.0 -9999.0 -9999.0 -9999.0 -9999.0 -9999.0 -9999.0 -9999.0 13.617438 8.553124 16.313082 14.477817 7.769823 9.709893 17.936222 19.434333 11.499969 12.542051 11.754270 11.278878 9.750904 10.598296 16.457228 14.970688 13.698511 13.206396 15.441279 8.451287 16.668081 14.958375 13.146414 15.480035 11.168376 14.114638 26.874475 22.517088 20.817559 20.302487 10.468724 17.717157 14.475589 14.626842 12.314338 12.398833 8.698843 10.995435 11.846950 9.946412 10.851194 9.987459 9.212364 14.609163 14.979973 -9999.0 -9999.0 -9999.0 -9999.0 -9999.0
-9999.0 -9999.0 -9999.0 -9999.0 -9999.0 -9999.0 -9999.0 -9999.0 -9999.0 -9999.0 -9999.0 8.841171 12.708405 13.851528 9.230890 9.346185 10.425563 10.047015 20.356082 13.042184 12.053026 11.373769 11.891227 10.943514 10.964002 11.433751 11.119875 14.679959 15.226745 14.484843 10.052224 9.651158 17.534178 14.992136 12.094585 14.947813 17.273795 12.951260 14.264247 24.906219 12.854431 14.212374 13.028480 13.483009 18.213178 15.894642 14.023965 14.517374 14.761625 11.955709 9.506315 14.140488 0.452609 0.741448 2.194207 12.713312 15.245011 -9999.0 -9999.0 -9999.0 -9999.0 -9999.0
-9999.0 -9999.0 -9999.0 -9999.0 -9999.0 -9999.0 -9999.0 -9999.0 -9999.0 -9999.0 14.594785 10.157460 16.820821 16.123110 16.722653 10.658411 10.515828 9.567713 12.666757 13.424601 19.289753 17.092588 10.142594 18.692796 12.741638 11.633695 10.078664 9.374421 17.300702 17.483588 10.668364 10.067204 16.708094 14.746020 11.962258 16.730066 17.076215 11.298093 10.903097 14.694120 15.283238 15.171268 23.113664 11.943757 11.556040 16.726288 16.355476 10.887132 11.125470 12.390340 9.355828 13.468672 7.243203 12.761109 12.937277 15.296428 15.847126 -9999.0 -9999.0 -9999.0 -9999.0 -9999.0
-9999.0 -9999.0 -9999.0 -9999.0 -9999.0 -9999.0 -9999.0 -9999.0 -9999.0 13.426739 14.392986 9.923006 10.757670 10.069317 10.297401 10.365446 10.182153 18.276809 12.952367 14.122784 20.050600 12.195953 11.911577 14.139475 13.053722 9.645914 10.223257 17.844278 12.115073 12.594068 12.857530 8.403261 13.048202 11.575515 11.647796 12.221269 14.968355 9.363167 10.142489 10.843117 11.087462 10.111162 9.755738 12.855616 11.704426 11.772927 18.971251 11.352830 11.313140 13.334110 10.581759 14.424974 11.121529 12.503024 13.679325 9.769830 0.597094 16.204263 15.164640 -9999.0 -9999.0 -9999.0
-9999.0 -9999.0 -9999.0 -9999.0 -9999.0 -9999.0 -9999.0 -9999.0 -9999.0 13.888856 13.545824 14.261891 16.250097 12.165690 11.363813 10.705062 18.042516 12.990096 13.824193 21.522836 21.528875 21.281723 18.895502 18.273930 10.148123 11.284884 11.957027 12.917254 13.921921 16.939651 16.765200 8.386240 14.192900 14.917061 15.153393 18.030401 18.642013 19.576906 14.747459 16.354983 9.867792 9.311807 11.278554 12.599605 12.687039 14.785144 14.501043 14.031704 13.038375 13.500399 8.618146 4.283376 13.461183 13.180116 14.354901 9.289743 11.644350 12.521684 17.149473 -9999.0 -9999.0 -9999.0
-9999.0 -9999.0 -9999.0 -9999.0 -9999.0 -9999.0 -9999.0 -9999.0 -9999.0 -9999.0 13.595181 14.813290 11.514301 10.624526 12.943852 11.975731 12.432882 14.149939 14.764308 17.045708 20.969215 13.564584 11.633133 10.995701 11.497085 12.938806 14.031632 14.866103 17.247161 9.285789 8.360077 10.165646 0.477974 12.283060 14.156675 14.540736 17.382903 17.627274 17.097871 14.989856 13.486285 16.638808 15.015646 10.819387 10.358567 10.743731 11.749354 18.453535 15.797165 14.068964 9.772497 11.264695 14.614871 14.159638 13.169347 14.625001 15.620186 13.940175 14.667171 15.209714 -9999.0 -9999.0
-9999.0 -9999.0 -9999.0 -9999.0 -9999.0 -9999.0 -9999.0 -9999.0 -9999.0 -9999.0 13.595429 14.713984 16.732624 11.732627 18.807848 12.011479 11.696039 13.490315 15.899134 17.680059 14.676171 13.066257 11.747281 12.741806 12.973360 14.527029 15.617920 12.060325 9.594719 8.778278 13.853182 14.503567 9.098604 13.047694 14.476328 13.609719 10.351152 10.970154 9.358076 14.883101 13.796164 14.645230 9.418643 15.876264 16.878243 9.688475 11.777663 11.282618 13.627008 16.021911 13.974065 12.118211 10.257513 15.674377 14.302115 14.368450 14.381750 13.169758 15.159734 17.054140 -9999.0 -9999.0
-9999.0 -9999.0 -9999.0 -9999.0 -9999.0 -9999.0 -9999.0 -9999.0 18.011245 16.944240 15.250214 14.844153 11.010438 11.335029 10.607878 13.419478 14.121726 21.747279 17.919884 18.126757 16.228031 15.266784 14.377516 12.923262 14.476284 13.910684 19.488244 10.204066 10.829211 0.520204 12.374078 13.627169 14.258293 12.702412 13.568685 13.543244 17.082043 11.423460 6.833762 13.555532 13.378230 13.711981 8.501751 12.514769 14.890951 15.255072 8.026116 10.840665 12.119048 15.617987 14.672066 12.082478 0.667107 10.244955 14.982762 16.690260 16.975600 18.374734 16.382905 16.898171 -9999.0 -9999.0
-9999.0 -9999.0 -9999.0 -9999.0 -9999.0 -9999.0 -9999.0 -9999.0 10.678772 11.349420 9.765323 15.217633 16.336693 11.716181 10.671455 12.285647 13.345591 13.809256 16.324505 18.590956 25.986691 23.725244 22.371192 21.501871 14.866768 14.768895 12.952883 12.245933 10.243187 14.499189 13.564001 14.328315 14.798419 13.899857 14.513900 14.669739 15.993398 11.672847 10.338958 14.535419 13.140000 11.710851 13.159971 14.575495 15.484016 10.282004 0.897638 14.790638 11.889167 14.269053 16.970165 14.517109 1.082763 16.549437 17.889095 14.628976 14.489829 15.501791 18.088686 19.985744 21.072380 -9999.0
-9999.0 -9999.0 -9999.0 -9999.0 -9999.0 -9999.0 -9999.0 -9999.0 14.539821 15.769839 16.558039 9.387359 15.932494 10.469206 12.749437 11.271056 12.925993 16.072944 16.706233 25.507148 19.303694 24.216507 24.047091 18.316403 22.736914 14.440651 12.656604 10.249207 10.104608 15.208462 14.857142 15.654137 0.547574 0.550781 15.210871 16.218203 10.922641 11.860570 9.011173 9.593003 14.038940 13.647413 14.245512 14.480382 0.493441 15.047087 14.763430 15.242648 10.619817 13.107935 16.129489 16.329679 1.239904 12.501136 16.070592 16.755941 17.577589 18.216158 19.233864 19.438057 20.526914 -9999.0
-9999.0 -9999.0 -9999.0 -9999.0 -9999.0 -9999.0 -9999.0 -9999.0 13.074359 17.370950 12.623244 11.186346 16.438578 11.960053 12.344255 13.472223 15.542163 16.998962 20.845804 16.980816 18.858977 19.277580 24.468715 24.172453 15.599802 13.421375 11.572565 9.964226 18.220874 12.004588 11.886737 11.399905 12.122527 12.141961 0.583341 17.479905 18.315145 12.675040 10.076039 10.308652 14.548511 14.847397 15.090079 15.299374 14.727794 15.032228 15.753645 16.391177 16.752355 13.388952 14.446708 17.293436 17.671575 16.536722 18.418348 19.002302 19.509155 18.211862 18.995868 20.272236 19.086586 16.196885
-9999.0 -9999.0 -9999.0 -9999.0 -9999.0 -9999.0 -9999.0 -9999.0 14.599672 17.181674 12.612733 11.670778 12.354404 13.453801 20.209741 16.818459 20.367445 14.547043 13.267863 14.559312 16.469031 19.122270 19.422013 19.410421 22.595930 13.187878 11.005657 13.233988 13.897718 13.401202 10.666284 13.134426 13.661564 12.908653 12.268435 12.871959 13.635593 13.985781 12.831899 12.917041 11.791688 11.694999 12.058048 11.814484 0.569213 16.210530 11.832827 12.978953 13.398554 15.558486 17.499491 17.318833 18.349555 19.596496 20.244422 20.193418 20.568537 20.313533 19.279262 19.125666 16.979715 15.327697
-9999.0 -9999.0 17.349845 17.599566 10.476076 10.066224 11.357785 0.558855 16.931017 17.286748 12.759376 13.036437 13.421310 15.886390 22.192523 16.386080 13.329611 11.316443 12.539928 13.054999 14.921088 17.334281 18.950680 18.225875 18.010043 14.718551 13.134841 12.885558 13.810507 19.654530 11.578084 11.745509 17.675809 12.890815 15.053676 13.145909 16.246943 15.580593 13.972612 12.228319 14.302960 14.534480 12.234201 14.395196 11.216289 13.240526 14.773845 13.592190 16.463317 17.954344 19.599652 20.392562 20.560914 20.793134 20.765151 26.669263 19.521172 19.028774 18.509220 16.643022 20.856342 14.355149
-9999.0 11.679730 11.691725 11.623765 11.229593 11.402459 11.199016 0.576818 0.887000 15.130817 12.026351 12.693049 14.476592 20.204393 21.332602 13.418377 13.090478 12.141196 12.575629 13.166498 15.449007 16.341571 21.098250 17.866397 24.424909 18.241487 22.639549 22.370819 16.972339 16.020557 16.089486 15.347623 15.051532 19.503722 17.039186 17.865625 18.721006 17.680904 17.959291 17.580593 16.996199 16.910337 15.953985 13.859318 13.362863 14.000166 16.592455 16.343395 18.764046 18.473400 19.494503 19.606273 19.179601 19.295901 19.381704 18.695543 16.422557 15.921880 16.540133 19.999076 14.006926 13.918770
-9999.0 16.195746 12.071440 12.852503 18.022987 12.280465 9.492698 0.653411 17.064533 16.953107 11.966174 12.489417 15.104522 21.519931 14.315562 11.790483 11.981923 11.862083 13.735298 12.980786 18.425582 15.392509 17.043605 18.763503 25.671973 26.430449 18.016087 19.256546 18.300895 17.097388 17.374273 16.863211 16.330941 16.632619 20.875458 18.646534 27.185717 27.633203 19.642196 20.330508 18.891928 18.006512 17.401141 16.896180 17.628875 18.014825 18.976729 19.194537 18.761840 18.955972 18.232626 16.455161 16.078433 16.995600 16.609756 15.093511 15.059933 13.962829 13.502486 12.778399 12.837987 -9999.0
