user2019/resources/simulation/Vinschgau/output-maps/TL0002N1021.asc
ncols         63
nrows         48
xllcorner     598000.000000
yllcorner     5145000.000000
cellsize      1000.000000
NODATA_value  -9999.0
[rows 0 to 27 of 48, columns 0 to 62 of 63]
-9999.0 -9999.0 -9999.0 -9999.0 -9999.0 -9999.0 -9999.0 -9999.0 -9999.0 -9999.0 -9999.0 -9999.0 -9999.0 -9999.0 -9999.0 -9999.0 -9999.0 -9999.0 -9999.0 -9999.0 -9999.0 -9999.0 -9999.0 -9999.0 -9999.0 -9999.0 -9999.0 -9999.0 -9999.0 -9999.0 -9999.0 -9999.0 -9999.0 -9999.0 -9999.0 -9999.0 -9999.0 -9999.0 -9999.0 -9999.0 -9999.0 -9999.0 -9999.0 -9999.0 -9999.0 -9999.0 -9999.0 -9999.0 -9999.0 -9999.0 -9999.0 -9999.0 -9999.0 -9999.0 -9999.0 -9999.0 -9999.0 -9999.0 -9999.0 -9999.0 -9999.0 -9999.0 -9999.0
-9999.0 -9999.0 -9999.0 -9999.0 -9999.0 -9999.0 -9999.0 -9999.0 -9999.0 -9999.0 -9999.0 -9999.0 -9999.0 -9999.0 -9999.0 -9999.0 -9999.0 -9999.0 -9999.0 -9999.0 -9999.0 -9999.0 -9999.0 -9999.0 -9999.0 -9999.0 -9999.0 -1.552641 -0.572037 -1.737271 -2.551291 -3.114794 -2.498835 -9999.0 -9999.0 -9999.0 -9999.0 -9999.0 -9999.0 -9999.0 -9999.0 -9999.0 -9999.0 -9999.0 -9999.0 -9999.0 -9999.0 -9999.0 -9999.0 -9999.0 -9999.0 -9999.0 -9999.0 -9999.0 -9999.0 -9999.0 -9999.0 -9999.0 -9999.0 -9999.0 -9999.0 -9999.0 -9999.0
-9999.0 -9999.0 -9999.0 -9999.0 -9999.0 -9999.0 -9999.0 -9999.0 -9999.0 -9999.0 -9999.0 -9999.0 -9999.0 -9999.0 -9999.0 -9999.0 -9999.0 -9999.0 -9999.0 -9999.0 -9999.0 -9999.0 -9999.0 -9999.0 -0.138296 -0.877917 -0.774517 -0.117601 -0.255592 -1.123914 -2.758509 -9999.0 -9999.0 -9999.0 -9999.0 -9999.0 -9999.0 -9999.0 -9999.0 -9999.0 -9999.0 -9999.0 -9999.0 -9999.0 -9999.0 -9999.0 -9999.0 -9999.0 -9999.0 -9999.0 -9999.0 -9999.0 -9999.0 -9999.0 -9999.0 -9999.0 -9999.0 -9999.0 -9999.0 -9999.0 -9999.0 -9999.0 -9999.0
-9999.0 -9999.0 -9999.0 -9999.0 -9999.0 -9999.0 -9999.0 -9999.0 -9999.0 -9999.0 -9999.0 -9999.0 -9999.0 -9999.0 -9999.0 -9999.0 -9999.0 -9999.0 -9999.0 -9999.0 -9999.0 -9999.0 -9999.0 -0.446331 -0.375085 1.397625 1.830019 2.674303 1.597742 -0.275826 -1.190091 -3.104537 -9999.0 -9999.0 -9999.0 -9999.0 -9999.0 -9999.0 -9999.0 -9999.0 -9999.0 -9999.0 -9999.0 -9999.0 -9999.0 -9999.0 -9999.0 -9999.0 -9999.0 -9999.0 -9999.0 -9999.0 -9999.0 -9999.0 -9999.0 -9999.0 -9999.0 -9999.0 -9999.0 -9999.0 -9999.0 -9999.0 -9999.0
-9999.0 -9999.0 -9999.0 -9999.0 -9999.0 -9999.0 -9999.0 -9999.0 -9999.0 -9999.0 -9999.0 -9999.0 -9999.0 -9999.0 -9999.0 -9999.0 -9999.0 -9999.0 3.142350 -0.012223 -9999.0 -0.202194 -0.022159 1.071554 1.441672 2.663937 1.830637 1.606916 1.099170 -0.018583 -0.591121 -2.548763 -2.017043 -2.283343 -9999.0 -9999.0 -9999.0 -9999.0 -9999.0 -9999.0 -9999.0 -9999.0 -9999.0 -9999.0 -9999.0 -9999.0 -9999.0 -9999.0 -9999.0 -9999.0 -9999.0 -9999.0 -9999.0 -9999.0 -9999.0 -9999.0 -9999.0 -9999.0 -9999.0 -9999.0 -9999.0 -9999.0 -9999.0
-9999.0 -9999.0 -9999.0 -9999.0 -9999.0 -9999.0 -9999.0 -9999.0 -9999.0 -9999.0 -9999.0 -9999.0 -9999.0 -9999.0 -9999.0 -9999.0 -9999.0 4.783002 3.346157 2.504716 0.320427 -0.321705 -0.019273 -0.007551 2.209199 -0.017596 -0.448971 -0.020055 -0.221849 0.008093 -0.042437 -0.369610 -1.277671 -1.610266 -2.180168 -2.874352 -9999.0 -9999.0 -9999.0 -9999.0 -9999.0 -9999.0 -9999.0 -9999.0 -9999.0 -9999.0 -9999.0 -9999.0 -9999.0 -9999.0 -9999.0 -9999.0 -9999.0 -9999.0 -9999.0 -9999.0 -9999.0 -9999.0 -9999.0 -9999.0 -9999.0 -9999.0 -9999.0
-9999.0 -9999.0 -9999.0 -9999.0 -9999.0 -9999.0 -9999.0 -9999.0 -9999.0 -9999.0 -9999.0 -9999.0 -9999.0 0.094242 0.076874 2.857772 4.368502 8.351981 4.430913 2.205656 1.544105 1.116797 1.762782 2.258370 -0.021310 -0.014032 -0.881892 -2.364784 -1.215607 -0.026707 -1.215163 -0.652490 -0.272549 -1.568247 -2.718892 -2.736826 -9999.0 -9999.0 -9999.0 -9999.0 -9999.0 -9999.0 -9999.0 -9999.0 -9999.0 -9999.0 -9999.0 -9999.0 -9999.0 -9999.0 -9999.0 -9999.0 -9999.0 -9999.0 -9999.0 -9999.0 -9999.0 -9999.0 -9999.0 -9999.0 -9999.0 -9999.0 -9999.0
-9999.0 -9999.0 -9999.0 -9999.0 -9999.0 -9999.0 -9999.0 -9999.0 -9999.0 -9999.0 -9999.0 -9999.0 -9999.0 1.121096 2.589768 3.613164 3.604791 6.779994 8.459179 3.213426 3.532350 3.457001 1.648754 0.533510 -0.005116 -0.147024 -0.441201 -1.906084 -1.624173 -0.483161 -2.558719 -0.953661 -1.895106 -6.605025 -3.609131 -9999.0 -9999.0 -9999.0 -9999.0 -9999.0 -9999.0 -9999.0 -9999.0 -9999.0 -9999.0 -9999.0 -9999.0 -9999.0 -9999.0 -9999.0 -9999.0 -9999.0 -9999.0 -9999.0 -9999.0 -9999.0 -9999.0 -9999.0 -9999.0 -9999.0 -9999.0 -9999.0 -9999.0
-9999.0 -9999.0 -9999.0 -9999.0 -9999.0 -9999.0 -9999.0 -9999.0 -9999.0 -9999.0 -9999.0 -9999.0 -9999.0 2.293759 3.219635 3.665541 3.126550 3.947661 8.724636 4.384294 4.582080 1.065231 -0.015111 -0.045434 -0.008197 -0.014377 -0.328634 -1.800159 -3.117895 -5.704403 -2.784192 -7.216379 -7.384426 -10.634948 -3.648021 -9999.0 -9999.0 -9999.0 -9999.0 -9999.0 -9999.0 -9999.0 -9999.0 -9999.0 -9999.0 -9999.0 -9999.0 -9999.0 -9999.0 -9999.0 -9999.0 -9999.0 -9999.0 -9999.0 -9999.0 -9999.0 -9999.0 -9999.0 -9999.0 -9999.0 -9999.0 -9999.0 -9999.0
-9999.0 -9999.0 -9999.0 -9999.0 -9999.0 -9999.0 -9999.0 -9999.0 -9999.0 -9999.0 -9999.0 -9999.0 0.220827 2.271075 3.019865 1.357668 1.431114 3.415981 7.379968 4.355820 1.459253 -0.023843 -0.452662 -0.037529 -1.323925 -0.490769 -2.464445 -1.299948 -1.746237 -3.191305 -7.154073 -2.082956 -3.292192 -2.755990 -9999.0 -9999.0 -9999.0 -9999.0 -9999.0 -9999.0 -9999.0 -9999.0 -9999.0 -9999.0 -9999.0 -9999.0 -9999.0 -9999.0 -9999.0 -9999.0 -9999.0 -9999.0 -9999.0 -9999.0 -9999.0 -9999.0 -9999.0 -9999.0 -9999.0 -9999.0 -9999.0 -9999.0 -9999.0
-9999.0 -9999.0 -9999.0 -9999.0 -9999.0 -9999.0 -9999.0 -9999.0 -9999.0 -9999.0 -9999.0 -0.009096 2.182284 1.845667 2.358891 2.195488 3.228349 3.562706 7.252697 4.596536 2.165894 0.450192 -0.443986 -0.264489 -1.318722 -1.563060 -1.498113 -2.186042 -1.590191 -2.599583 -2.130850 -1.612795 -2.663620 -2.330281 -3.538060 -2.579315 -1.350685 -0.650990 -1.989527 -9999.0 -9999.0 -9999.0 -2.477580 -9999.0 -9999.0 -9999.0 -9999.0 -9999.0 -9999.0 -9999.0 -9999.0 -9999.0 -9999.0 -9999.0 -9999.0 -9999.0 -9999.0 -9999.0 -9999.0 -9999.0 -9999.0 -9999.0 -9999.0
-9999.0 -9999.0 -9999.0 -9999.0 -9999.0 -9999.0 -9999.0 -9999.0 -9999.0 -9999.0 -9999.0 -0.006869 2.285617 3.786513 3.626168 0.557577 5.533083 4.331916 7.450616 5.192290 4.544776 0.648560 -0.483170 -1.604679 -3.117363 -0.797892 -0.821805 -1.501494 -1.590951 -2.348205 -2.305900 -0.981561 -1.664334 -3.641360 -2.461592 -2.298422 -1.074063 -0.335777 -0.442480 -2.230959 -2.186821 -2.463936 -2.469279 -1.886357 -9999.0 -9999.0 -9999.0 -3.118111 -3.345448 -3.505835 -3.728300 -2.850538 -2.952251 -4.077325 -4.056343 -3.113646 -9999.0 -9999.0 -9999.0 -9999.0 -9999.0 -9999.0 -9999.0
-9999.0 -9999.0 -9999.0 -9999.0 -9999.0 -9999.0 -9999.0 -9999.0 -9999.0 -9999.0 -9999.0 -0.007465 0.074003 -0.036532 1.622763 1.541290 1.115726 3.537466 5.805571 5.197677 1.768706 -0.018366 -0.588279 -0.122823 -0.635293 -0.904745 -2.237809 -2.814319 -1.249678 -3.294812 -1.652642 -3.314117 -1.437301 -2.982607 -3.212756 -1.316825 -2.435881 -1.955563 -0.013063 -1.406342 -1.870446 -1.414390 -1.434427 -0.979422 -3.575513 -9999.0 -3.050140 -3.746690 -2.525149 -0.503637 -0.135345 -1.468739 -0.576589 -1.395631 -2.874806 -2.970889 -9999.0 -9999.0 -9999.0 -9999.0 -9999.0 -9999.0 -9999.0
-9999.0 -9999.0 -9999.0 -9999.0 -9999.0 -9999.0 -9999.0 -9999.0 -9999.0 -9999.0 -9999.0 -9999.0 -0.016848 -0.061769 1.053509 1.177658 -0.001748 2.632316 6.894516 5.126578 1.661605 -0.013379 -0.241242 -1.426955 -1.990674 -0.841930 -0.028159 -0.244263 -2.590102 -1.955305 -0.860557 -3.071527 -0.373600 -2.829182 -2.944340 -1.971646 -2.909586 -1.796395 1.404585 -0.084595 -0.731955 0.017192 -2.460382 -0.632788 -1.582684 -3.591135 -3.203189 -3.439496 -3.578646 -2.419004 -0.081111 -2.960901 -2.979819 -3.624190 -4.147928 -2.741245 -3.382671 -9999.0 -9999.0 -9999.0 -9999.0 -9999.0 -9999.0
-9999.0 -9999.0 -9999.0 -9999.0 -9999.0 -9999.0 -9999.0 -9999.0 -9999.0 -9999.0 -9999.0 -1.987212 -0.041722 -0.011977 -0.844455 -0.017213 0.054964 1.706931 6.173081 3.891683 2.204991 0.114476 -0.027086 -0.760532 -0.712957 -1.773727 -1.921100 -1.468591 -1.373012 -1.397087 -0.822016 -2.238230 -0.549839 -2.721062 -3.445378 -2.298313 -0.580911 -1.388718 -0.019032 0.008702 -1.358294 -0.032288 -0.922571 -1.517931 -0.299544 -1.062542 -1.876748 -1.751642 0.018906 -0.033083 -2.857920 -1.177583 -4.588421 -5.126077 -5.991647 -7.263071 -3.219151 -9999.0 -9999.0 -9999.0 -9999.0 -9999.0 -9999.0
-9999.0 -9999.0 -9999.0 -9999.0 -9999.0 -9999.0 -9999.0 -9999.0 -9999.0 -9999.0 -0.023336 -2.007501 -0.022857 -0.011286 0.019139 -0.103138 -0.150367 -0.016671 3.146711 3.526947 3.534140 2.243038 -0.386830 -0.008816 -0.081296 -1.513984 -1.360903 -4.164065 -0.117974 -0.696565 -1.699821 -1.796481 -0.092528 -2.767640 -2.813628 -1.580735 -0.172193 -2.568165 -0.106165 -0.012370 -0.010941 1.166797 4.293403 0.661817 -0.150060 -0.507747 -0.312858 -2.319704 -1.631794 -0.024432 -4.386070 -2.478751 -6.458415 -7.806490 -7.122258 -2.788544 -2.636718 -9999.0 -9999.0 -9999.0 -9999.0 -9999.0 -9999.0
-9999.0 -9999.0 -9999.0 -9999.0 -9999.0 -9999.0 -9999.0 -9999.0 -9999.0 -0.563395 -0.114176 -1.935966 -1.340485 -1.022766 -1.163359 -0.193813 -0.053530 1.215322 3.045560 3.699105 3.858019 0.088872 -0.000865 -0.010087 -0.017992 -1.290117 -2.172310 -0.178136 -1.771227 -0.671718 -0.016805 -1.483194 -1.347599 -6.539429 -2.256457 -1.688414 -1.256411 -2.989679 -0.619964 -0.082939 -0.415430 -0.189924 -0.299726 1.450039 0.678930 -0.035564 -0.007683 -0.821742 -0.889117 -0.016079 -1.283600 -2.720095 -8.687175 -3.977466 -3.058986 -4.454273 -3.742160 -1.745157 -2.683727 -9999.0 -9999.0 -9999.0 -9999.0
-9999.0 -9999.0 -9999.0 -9999.0 -9999.0 -9999.0 -9999.0 -9999.0 -9999.0 -2.077706 -0.555617 -0.164223 0.477559 -0.024454 -0.067529 -1.017397 0.061367 -0.008084 3.554865 4.799467 4.424688 3.829938 2.454483 0.034892 -0.904383 -1.055156 -1.001404 -0.247946 -0.007651 0.046827 -0.019555 -1.861078 -1.934147 -3.302951 -2.520993 -1.502832 -1.078522 -0.283315 -0.589469 -0.566942 -2.490712 -1.345410 -0.239098 -0.002425 1.972680 1.816524 1.456165 -0.010534 -0.021433 -0.015040 -2.731153 -5.146130 -3.934862 -3.316223 -2.729731 -5.457481 -3.450171 -2.866764 -0.951432 -9999.0 -9999.0 -9999.0 -9999.0
-9999.0 -9999.0 -9999.0 -9999.0 -9999.0 -9999.0 -9999.0 -9999.0 -9999.0 -9999.0 -1.014116 -0.147629 -0.108312 -0.570518 -0.019340 -0.047189 -0.023219 1.306527 4.446423 3.922399 4.465611 2.168117 -0.022433 -0.201025 -0.745523 -0.034087 -0.015100 0.631366 -0.016830 -1.432832 -1.775339 -2.649251 -3.369841 -3.072207 -1.451036 -0.547854 -0.225466 -0.354815 -1.060737 -2.276358 -1.041537 -0.178504 0.002787 -0.034894 -0.017524 -0.014596 0.918047 2.886351 2.145965 -0.015718 -1.686512 -3.324836 -3.118071 -3.954199 -3.501803 -3.576603 -1.691167 -1.547657 -1.230052 -0.029577 -9999.0 -9999.0 -9999.0
-9999.0 -9999.0 -9999.0 -9999.0 -9999.0 -9999.0 -9999.0 -9999.0 -9999.0 -9999.0 -2.623424 -0.289813 -0.321764 -0.048393 1.807903 -0.013105 -0.016772 2.069169 4.825033 5.200196 3.040377 0.886228 -0.026254 -0.076345 -0.034217 -0.007013 1.433246 -0.016209 -1.116108 -3.085071 -0.886475 -0.988140 -3.840314 -2.965467 -0.742642 -0.326791 -1.451272 -1.769809 -1.416709 -1.645206 -2.031773 -0.296376 -2.504331 -0.238168 -0.011865 -0.330696 -0.023588 -0.017253 2.241381 1.810191 -0.017704 -1.553307 -3.921738 -2.757599 -4.564572 -3.809064 -3.036480 -0.496780 1.298663 1.744923 -9999.0 -9999.0 -9999.0
-9999.0 -9999.0 -9999.0 -9999.0 -9999.0 -9999.0 -9999.0 -9999.0 -0.204681 -0.902880 -1.506952 -1.352180 -2.557161 -1.227317 -0.043927 1.254100 2.401734 4.649660 4.798700 5.695768 4.801688 3.628588 2.487053 0.725300 -0.012181 1.607582 1.966221 -0.641809 -1.068747 -3.132919 -6.228814 -2.277317 -2.228075 -3.330426 -1.912469 -0.498629 -0.005690 -0.374957 -2.358204 -1.480794 -1.814030 -0.146553 -2.992024 -1.317784 0.054162 -0.020873 -2.187028 -0.958043 -0.015508 1.970193 -0.011559 -0.553065 -3.689098 -5.515202 -3.460190 -3.124753 -1.579597 -0.011040 -0.007414 3.493837 -9999.0 -9999.0 -9999.0
-9999.0 -9999.0 -9999.0 -9999.0 -9999.0 -9999.0 -9999.0 -9999.0 -2.883352 -2.863816 -2.355940 -1.481213 -0.457568 -1.978951 -0.760975 -0.015087 1.425001 2.064880 5.202149 6.229739 7.853730 6.505267 5.672667 4.739592 2.913172 2.750268 0.577140 -0.975791 -3.805936 -2.827469 -2.915012 -1.165783 -1.782331 -2.065228 -1.428580 -0.287160 0.101157 -0.105445 -0.953687 -0.465592 -0.818721 -5.164788 -1.382651 -0.818145 -0.082442 -0.983796 -3.623472 -0.212687 -0.130588 1.261662 1.551618 -0.075017 -3.922289 -3.001058 -0.521266 -1.699629 -0.760471 -0.023815 2.276698 4.730444 6.101378 -9999.0 -9999.0
-9999.0 -9999.0 -9999.0 -9999.0 -9999.0 -9999.0 -9999.0 -9999.0 -0.766996 -0.599594 -2.026850 -3.177937 -1.314897 -2.810825 -0.966978 -0.616054 -0.010586 1.959926 5.096903 7.723574 6.701001 7.369337 6.970917 5.034725 4.969975 2.747114 -0.005032 -1.065993 -4.797692 -2.124442 -1.191640 -0.238149 -1.529995 -1.073755 -0.411186 -0.007170 -0.050974 1.325625 -0.040485 -2.353246 -0.232750 -0.609237 -0.392862 -0.667854 -0.933190 -0.164189 -1.490974 -0.626196 -1.824003 -0.019782 2.253652 -0.014035 -2.695208 -3.709557 -0.996342 -0.527526 0.803440 2.177750 4.362828 4.999702 5.360753 -9999.0 -9999.0
-9999.0 -9999.0 -9999.0 -9999.0 -9999.0 -9999.0 -9999.0 -9999.0 -2.970110 -0.103592 -1.713573 -4.152012 -0.265121 -1.051790 -0.146453 -0.006442 3.669797 4.890342 5.035685 5.389034 6.067913 6.440288 7.057293 6.654919 3.231991 0.689327 -0.052045 -1.806679 -0.060700 -2.234577 -0.908775 -1.152077 -0.024286 -0.385669 -0.597766 0.006282 1.717566 3.550969 0.373445 -0.034117 -0.227885 -0.471412 -0.577827 0.063113 -0.410158 -0.553835 -0.375706 -1.194467 -0.457349 -0.572974 -0.017745 1.849026 -0.013406 -0.772661 -0.008234 1.393321 2.966594 4.101854 5.080381 5.130411 4.222666 2.189015 -9999.0
-9999.0 -9999.0 -9999.0 -9999.0 -9999.0 -9999.0 -9999.0 -9999.0 -3.414182 -0.983827 -2.124243 -1.401525 -0.251501 -0.235403 0.235254 1.850774 3.436638 2.088108 0.420380 2.457112 4.397738 5.772778 6.072589 5.792089 4.113314 -0.014898 -0.917895 -0.035661 -0.029154 -0.374713 -0.313300 -0.014983 1.751769 0.492663 -0.014333 0.200087 2.153847 5.602169 5.088418 1.689806 -0.010648 -0.015988 -0.069382 -0.029298 -0.805054 -0.012440 -0.998992 -1.179711 -0.155620 -0.016351 1.131926 1.289789 1.612846 1.514615 1.931240 2.225366 3.108139 3.919321 4.527493 4.208008 3.664389 1.617494 -9999.0
-9999.0 -9999.0 -0.412411 -0.165001 -3.311765 -1.247468 -2.623930 -2.089390 -2.855144 -2.224345 -0.701942 -0.527420 -0.153043 -0.035729 2.475804 1.347328 -0.020416 -1.061836 -0.832203 -0.012400 2.334099 5.006682 4.690105 5.872904 3.874571 1.625753 -0.016563 -0.011709 1.720195 2.146259 -0.021149 0.002241 4.183723 2.748258 3.284789 4.156206 5.644173 7.910315 6.899954 4.173854 3.368415 3.293669 3.241486 2.028417 -0.014165 -0.015976 1.204180 1.107848 1.987977 2.937053 3.658717 3.431646 2.838162 2.379751 2.265834 4.865118 2.905516 3.300404 2.927963 2.875732 3.098039 0.878374 -9999.0
-9999.0 -1.138877 -2.568889 -1.109979 -1.099362 -1.075187 -2.063785 -2.589974 -3.554729 -3.005509 -1.870723 -0.698536 -0.013624 0.384424 0.807182 -0.161176 -0.774627 -1.589711 -0.891764 -0.018733 2.104835 3.805867 4.778159 4.170441 5.869322 3.562616 3.834782 4.057995 3.624501 2.568557 2.420057 2.445551 3.868391 6.448495 6.457521 7.539418 9.830910 10.922617 9.211313 7.455101 7.154064 6.760264 5.796524 4.376977 3.100160 3.361825 3.772532 5.532472 5.406181 5.542634 4.193251 3.426248 2.680364 1.939632 1.858516 1.406486 0.579354 0.918992 1.145149 1.093108 0.070606 0.673682 -9999.0
-9999.0 -0.025249 -0.833975 -0.196978 -0.017695 -0.441425 -2.345553 -3.077476 -3.051820 -3.179288 -2.340634 -1.078423 -0.006949 1.057314 -0.287711 -3.067340 -2.419140 -1.910092 -1.033245 -0.020238 2.139902 1.532170 2.455627 2.376041 5.470446 6.415805 5.201089 5.678470 4.942993 6.049087 6.269347 6.011074 5.602724 6.489970 8.910340 9.665706 13.529771 14.891878 12.277836 11.535966 10.614549 9.498735 8.847268 7.728482 7.693852 7.535827 6.710712 6.238932 5.671173 4.980358 3.377684 1.590809 0.682644 1.326413 0.536304 -0.032325 -0.500240 -0.097208 -0.062848 -0.353721 -0.034051 -9999.0 -9999.0
