user2019/resources/simulation/Vinschgau/output-maps/TL0006N0562.asc
ncols         63
nrows         48
xllcorner     598000.000000
yllcorner     5145000.000000
cellsize      1000.000000
NODATA_value  -9999.0
[rows 0 to 27 of 48, columns 0 to 62 of 63]
-9999.0 -9999.0 -9999.0 -9999.0 -9999.0 -9999.0 -9999.0 -9999.0 -9999.0 -9999.0 -9999.0 -9999.0 -9999.0 -9999.0 -9999.0 -9999.0 -9999.0 -9999.0 -9999.0 -9999.0 -9999.0 -9999.0 -9999.0 -9999.0 -9999.0 -9999.0 -9999.0 -9999.0 -9999.0 -9999.0 -9999.0 -9999.0 -9999.0 -9999.0 -9999.0 -9999.0 -9999.0 -9999.0 -9999.0 -9999.0 -9999.0 -9999.0 -9999.0 -9999.0 -9999.0 -9999.0 -9999.0 -9999.0 -9999.0 -9999.0 -9999.0 -9999.0 -9999.0 -9999.0 -9999.0 -9999.0 -9999.0 -9999.0 -9999.0 -9999.0 -9999.0 -9999.0 -9999.0
-9999.0 -9999.0 -9999.0 -9999.0 -9999.0 -9999.0 -9999.0 -9999.0 -9999.0 -9999.0 -9999.0 -9999.0 -9999.0 -9999.0 -9999.0 -9999.0 -9999.0 -9999.0 -9999.0 -9999.0 -9999.0 -9999.0 -9999.0 -9999.0 -9999.0 -9999.0 -9999.0 8.136914 9.173329 7.265344 7.911564 7.255632 7.312995 -9999.0 -9999.0 -9999.0 -9999.0 -9999.0 -9999.0 -9999.0 -9999.0 -9999.0 -9999.0 -9999.0 -9999.0 -9999.0 -9999.0 -9999.0 -9999.0 -9999.0 -9999.0 -9999.0 -9999.0 -9999.0 -9999.0 -9999.0 -9999.0 -9999.0 -9999.0 -9999.0 -9999.0 -9999.0 -9999.0
-9999.0 -9999.0 -9999.0 -9999.0 -9999.0 -9999.0 -9999.0 -9999.0 -9999.0 -9999.0 -9999.0 -9999.0 -9999.0 -9999.0 -9999.0 -9999.0 -9999.0 -9999.0 -9999.0 -9999.0 -9999.0 -9999.0 -9999.0 -9999.0 9.681971 10.328638 10.788943 10.214791 9.574493 8.787428 8.198522 -9999.0 -9999.0 -9999.0 -9999.0 -9999.0 -9999.0 -9999.0 -9999.0 -9999.0 -9999.0 -9999.0 -9999.0 -9999.0 -9999.0 -9999.0 -9999.0 -9999.0 -9999.0 -9999.0 -9999.0 -9999.0 -9999.0 -9999.0 -9999.0 -9999.0 -9999.0 -9999.0 -9999.0 -9999.0 -9999.0 -9999.0 -9999.0
-9999.0 -9999.0 -9999.0 -9999.0 -9999.0 -9999.0 -9999.0 -9999.0 -9999.0 -9999.0 -9999.0 -9999.0 -9999.0 -9999.0 -9999.0 -9999.0 -9999.0 -9999.0 -9999.0 -9999.0 -9999.0 -9999.0 -9999.0 10.370295 11.103206 10.649086 10.996523 11.015403 10.411244 10.509524 9.017410 7.877965 -9999.0 -9999.0 -9999.0 -9999.0 -9999.0 -9999.0 -9999.0 -9999.0 -9999.0 -9999.0 -9999.0 -9999.0 -9999.0 -9999.0 -9999.0 -9999.0 -9999.0 -9999.0 -9999.0 -9999.0 -9999.0 -9999.0 -9999.0 -9999.0 -9999.0 -9999.0 -9999.0 -9999.0 -9999.0 -9999.0 -9999.0
-9999.0 -9999.0 -9999.0 -9999.0 -9999.0 -9999.0 -9999.0 -9999.0 -9999.0 -9999.0 -9999.0 -9999.0 -9999.0 -9999.0 -9999.0 -9999.0 -9999.0 -9999.0 12.142251 9.992117 -9999.0 9.261731 9.955437 10.520747 11.079518 12.432486 13.572718 13.635860 12.497639 11.007859 10.095433 8.077832 6.956712 5.926759 -9999.0 -9999.0 -9999.0 -9999.0 -9999.0 -9999.0 -9999.0 -9999.0 -9999.0 -9999.0 -9999.0 -9999.0 -9999.0 -9999.0 -9999.0 -9999.0 -9999.0 -9999.0 -9999.0 -9999.0 -9999.0 -9999.0 -9999.0 -9999.0 -9999.0 -9999.0 -9999.0 -9999.0 -9999.0
-9999.0 -9999.0 -9999.0 -9999.0 -9999.0 -9999.0 -9999.0 -9999.0 -9999.0 -9999.0 -9999.0 -9999.0 -9999.0 -9999.0 -9999.0 -9999.0 -9999.0 10.469116 8.674763 7.665303 9.484789 5.472373 9.694277 10.895441 14.792395 7.807163 6.717352 9.192623 7.015332 9.943367 10.319033 8.747009 7.746958 7.470443 6.487570 5.950938 -9999.0 -9999.0 -9999.0 -9999.0 -9999.0 -9999.0 -9999.0 -9999.0 -9999.0 -9999.0 -9999.0 -9999.0 -9999.0 -9999.0 -9999.0 -9999.0 -9999.0 -9999.0 -9999.0 -9999.0 -9999.0 -9999.0 -9999.0 -9999.0 -9999.0 -9999.0 -9999.0
-9999.0 -9999.0 -9999.0 -9999.0 -9999.0 -9999.0 -9999.0 -9999.0 -9999.0 -9999.0 -9999.0 -9999.0 -9999.0 8.772036 8.959494 8.069878 9.545930 17.492037 10.195919 10.498168 10.856983 11.727135 12.843213 14.737379 7.469097 9.769708 6.802245 4.433027 6.250536 3.591862 7.743827 8.585799 7.927646 7.111415 6.565633 5.550232 -9999.0 -9999.0 -9999.0 -9999.0 -9999.0 -9999.0 -9999.0 -9999.0 -9999.0 -9999.0 -9999.0 -9999.0 -9999.0 -9999.0 -9999.0 -9999.0 -9999.0 -9999.0 -9999.0 -9999.0 -9999.0 -9999.0 -9999.0 -9999.0 -9999.0 -9999.0 -9999.0
-9999.0 -9999.0 -9999.0 -9999.0 -9999.0 -9999.0 -9999.0 -9999.0 -9999.0 -9999.0 -9999.0 -9999.0 -9999.0 8.818632 9.664451 8.211161 7.981019 15.061466 17.501995 12.882365 10.026306 13.145863 8.895816 8.252622 10.426826 9.047335 9.098963 6.810003 7.162700 5.074632 2.396493 7.012711 6.171500 5.265308 5.748284 -9999.0 -9999.0 -9999.0 -9999.0 -9999.0 -9999.0 -9999.0 -9999.0 -9999.0 -9999.0 -9999.0 -9999.0 -9999.0 -9999.0 -9999.0 -9999.0 -9999.0 -9999.0 -9999.0 -9999.0 -9999.0 -9999.0 -9999.0 -9999.0 -9999.0 -9999.0 -9999.0 -9999.0
-9999.0 -9999.0 -9999.0 -9999.0 -9999.0 -9999.0 -9999.0 -9999.0 -9999.0 -9999.0 -9999.0 -9999.0 -9999.0 8.982004 10.464374 10.051661 7.232105 8.533378 17.411382 9.848595 13.237739 9.542612 7.176300 6.775028 10.074862 9.151160 7.692714 6.577778 8.201806 6.548675 7.129107 4.867858 4.872858 1.756496 5.186298 -9999.0 -9999.0 -9999.0 -9999.0 -9999.0 -9999.0 -9999.0 -9999.0 -9999.0 -9999.0 -9999.0 -9999.0 -9999.0 -9999.0 -9999.0 -9999.0 -9999.0 -9999.0 -9999.0 -9999.0 -9999.0 -9999.0 -9999.0 -9999.0 -9999.0 -9999.0 -9999.0 -9999.0
-9999.0 -9999.0 -9999.0 -9999.0 -9999.0 -9999.0 -9999.0 -9999.0 -9999.0 -9999.0 -9999.0 -9999.0 8.021361 9.622846 9.347240 7.479165 5.335561 7.491151 15.578683 8.877355 10.123914 7.384441 6.129904 5.785792 7.783848 8.029792 6.258798 7.993525 8.250614 6.351197 6.325131 7.289390 7.135640 4.998107 -9999.0 -9999.0 -9999.0 -9999.0 -9999.0 -9999.0 -9999.0 -9999.0 -9999.0 -9999.0 -9999.0 -9999.0 -9999.0 -9999.0 -9999.0 -9999.0 -9999.0 -9999.0 -9999.0 -9999.0 -9999.0 -9999.0 -9999.0 -9999.0 -9999.0 -9999.0 -9999.0 -9999.0 -9999.0
-9999.0 -9999.0 -9999.0 -9999.0 -9999.0 -9999.0 -9999.0 -9999.0 -9999.0 -9999.0 -9999.0 8.477531 6.393695 6.604199 6.571668 7.831197 4.385553 6.755044 15.343287 8.583441 7.346379 9.970764 8.807213 8.445986 6.052861 8.097859 7.390992 8.618379 8.173350 5.224130 7.186495 8.614572 7.347200 6.290097 6.793411 8.664846 10.448549 11.951562 12.579366 -9999.0 -9999.0 -9999.0 7.650349 -9999.0 -9999.0 -9999.0 -9999.0 -9999.0 -9999.0 -9999.0 -9999.0 -9999.0 -9999.0 -9999.0 -9999.0 -9999.0 -9999.0 -9999.0 -9999.0 -9999.0 -9999.0 -9999.0 -9999.0
-9999.0 -9999.0 -9999.0 -9999.0 -9999.0 -9999.0 -9999.0 -9999.0 -9999.0 -9999.0 -9999.0 7.437584 6.376931 6.166426 7.001168 7.060027 8.180601 7.950339 15.333069 12.999085 12.403568 9.925450 9.018906 3.913617 3.100490 8.144875 8.995186 8.849438 7.348032 5.869045 8.372838 8.709125 8.874044 7.935324 8.858733 10.052410 13.728259 13.071441 13.115353 9.941711 9.331250 8.974776 10.175633 8.415570 -9999.0 -9999.0 -9999.0 6.807155 7.938428 8.061549 8.609547 7.067239 6.900995 7.647865 7.875910 6.583143 -9999.0 -9999.0 -9999.0 -9999.0 -9999.0 -9999.0 -9999.0
-9999.0 -9999.0 -9999.0 -9999.0 -9999.0 -9999.0 -9999.0 -9999.0 -9999.0 -9999.0 -9999.0 8.068099 8.167194 3.090192 8.005341 7.514006 3.425146 4.723306 13.040769 14.325863 7.002327 7.262221 3.526226 8.886384 7.880738 9.503670 5.464642 6.080993 7.161465 7.321181 7.222723 0.888303 10.376333 8.725111 9.554553 11.671138 9.369813 10.330046 13.378628 10.539825 13.127081 10.251859 10.714519 9.911917 8.504318 -9999.0 5.898822 8.591650 9.144178 9.502501 9.478818 8.641202 8.790579 9.043721 8.756895 9.326240 -9999.0 -9999.0 -9999.0 -9999.0 -9999.0 -9999.0 -9999.0
-9999.0 -9999.0 -9999.0 -9999.0 -9999.0 -9999.0 -9999.0 -9999.0 -9999.0 -9999.0 -9999.0 -9999.0 8.114681 2.746102 8.620955 8.169790 2.774412 5.485012 13.315032 14.599002 7.609811 8.009144 7.824969 5.974056 1.393435 1.448150 11.132782 7.904554 8.085587 7.537487 8.685728 5.241952 10.100807 9.330333 8.725533 10.659272 8.210120 10.541604 18.780143 11.735669 14.083430 11.789970 7.730079 11.333259 7.766633 8.000524 7.250335 8.684819 3.844768 7.695155 9.054305 6.815614 7.621483 1.979200 4.039363 8.322859 9.475596 -9999.0 -9999.0 -9999.0 -9999.0 -9999.0 -9999.0
-9999.0 -9999.0 -9999.0 -9999.0 -9999.0 -9999.0 -9999.0 -9999.0 -9999.0 -9999.0 -9999.0 3.374144 8.000607 7.915645 3.341443 3.360608 6.282929 5.269447 13.783759 9.420459 8.274778 6.960651 8.085558 1.364168 5.992432 8.258677 7.038954 8.020403 9.669896 7.737433 5.807583 7.394876 11.171470 8.811523 8.188349 9.865225 11.518169 9.580289 10.959512 14.466983 8.990666 9.684473 9.552604 8.689107 11.598710 8.503672 9.483556 8.765060 8.646433 8.880912 3.188202 8.019499 0.895265 1.666386 1.803637 6.939658 8.181676 -9999.0 -9999.0 -9999.0 -9999.0 -9999.0 -9999.0
-9999.0 -9999.0 -9999.0 -9999.0 -9999.0 -9999.0 -9999.0 -9999.0 -9999.0 -9999.0 8.945161 3.221306 8.726494 9.094236 9.660662 6.881882 6.601876 5.606999 8.924987 9.882150 14.595209 12.444954 5.907071 12.580965 9.080921 8.023874 1.236133 2.084009 8.981170 10.103503 8.152204 7.455767 8.986102 7.417453 7.071323 8.974929 11.594677 8.454353 7.716366 11.452430 11.297946 10.390751 15.947730 8.570897 8.369346 9.278615 9.595913 7.510540 8.542530 9.088840 3.281222 7.526900 2.088364 6.313146 7.358300 9.233782 8.870549 -9999.0 -9999.0 -9999.0 -9999.0 -9999.0 -9999.0
-9999.0 -9999.0 -9999.0 -9999.0 -9999.0 -9999.0 -9999.0 -9999.0 -9999.0 8.366892 8.760451 4.713829 6.650530 3.561427 5.038713 6.167784 1.565105 12.925035 9.294378 10.426732 15.501929 8.368012 7.907885 10.659145 9.461951 4.383794 1.241488 10.156145 8.330456 9.333386 9.663673 1.734547 6.496967 6.010809 7.397902 7.189213 9.860571 5.398034 6.961706 8.113169 7.572806 6.354723 6.097215 9.331066 8.525748 8.517208 13.899635 7.828515 8.099358 10.054095 2.604636 8.136847 5.269674 6.575111 8.106646 1.325707 4.077745 8.464258 7.817288 -9999.0 -9999.0 -9999.0 -9999.0
-9999.0 -9999.0 -9999.0 -9999.0 -9999.0 -9999.0 -9999.0 -9999.0 -9999.0 7.579272 7.950663 8.613954 11.985147 8.085815 5.919095 1.662301 11.185008 9.433319 10.275707 17.095454 16.899775 16.544486 14.207600 12.346490 0.599370 6.483637 6.556747 9.685880 10.904425 12.637941 11.060255 0.814780 8.114308 7.713512 8.811346 9.648065 10.028816 10.758522 9.433537 10.980827 6.738550 3.002204 8.057882 9.869988 9.636172 11.647039 11.463995 10.460240 9.896204 9.999581 3.189068 2.473200 6.620290 8.406381 7.772092 1.932872 5.128739 1.942356 9.189868 -9999.0 -9999.0 -9999.0 -9999.0
-9999.0 -9999.0 -9999.0 -9999.0 -9999.0 -9999.0 -9999.0 -9999.0 -9999.0 -9999.0 8.564435 8.906167 7.374988 6.672517 8.841219 7.990851 8.706159 10.852596 11.274605 13.315824 16.340318 9.480315 7.654861 0.721502 6.696548 9.680207 10.861684 11.290726 11.189062 0.617629 4.163087 5.424342 1.212442 8.005479 9.025938 9.899521 11.462926 11.349935 9.179925 8.099082 7.877657 11.334091 11.514320 7.782326 7.051263 7.791045 8.679647 14.774100 12.268802 9.850276 5.867606 6.984163 7.947833 7.631189 8.187206 9.022893 10.746428 10.327600 10.397728 10.621582 -9999.0 -9999.0 -9999.0
-9999.0 -9999.0 -9999.0 -9999.0 -9999.0 -9999.0 -9999.0 -9999.0 -9999.0 -9999.0 8.602290 8.878621 9.145245 8.054225 14.867235 7.997818 7.802756 9.821939 12.205831 13.715076 10.718042 9.136141 7.737304 7.965909 9.484369 11.463990 12.168514 8.060343 0.791312 1.380346 7.960861 9.531421 1.113909 7.417096 8.385903 9.318128 7.967547 7.787920 3.039687 7.622276 8.811602 8.585181 6.403332 9.056502 10.033077 5.699344 8.329229 7.460925 9.731365 12.480075 10.275474 2.791851 1.426499 8.241081 7.256780 8.044034 8.864479 9.170068 10.892970 13.005571 -9999.0 -9999.0 -9999.0
-9999.0 -9999.0 -9999.0 -9999.0 -9999.0 -9999.0 -9999.0 -9999.0 9.636795 8.807835 9.315599 9.076998 6.124360 6.409859 6.478984 9.651304 10.343827 17.496463 14.327497 14.330000 12.357051 11.355961 10.413954 8.756602 10.888857 10.961072 13.930804 6.494249 5.902639 0.945359 7.077800 8.041749 8.182354 8.760238 8.343865 8.144718 11.478677 7.787733 2.505462 8.440324 7.879088 8.991226 3.011703 7.962940 9.715062 11.514849 1.990335 7.773635 8.079318 12.769947 11.067728 7.949912 4.626986 2.913603 8.506285 10.462761 9.988612 13.496436 11.820615 12.491175 -9999.0 -9999.0 -9999.0
-9999.0 -9999.0 -9999.0 -9999.0 -9999.0 -9999.0 -9999.0 -9999.0 4.506854 5.214828 2.441077 8.803722 9.683341 8.071365 6.549179 8.329531 9.492061 10.050531 12.719822 14.962187 20.949739 18.972433 17.416312 16.300929 11.071338 11.313589 9.071812 8.435774 3.268617 8.624406 8.654990 7.871142 8.631981 7.678402 8.850835 9.256313 11.739121 8.596800 0.944361 8.890763 8.265480 6.853768 8.009526 9.151630 11.116793 1.776075 0.614764 9.674609 8.703444 10.167049 13.197840 10.497377 0.736813 10.930842 12.527399 10.024818 10.302763 11.389723 13.550943 16.190003 16.553254 -9999.0 -9999.0
-9999.0 -9999.0 -9999.0 -9999.0 -9999.0 -9999.0 -9999.0 -9999.0 8.476145 10.240593 9.412647 3.089762 10.143392 0.571034 7.209259 6.942836 9.038996 12.420701 13.002238 20.577503 15.531635 19.737894 19.384982 14.392808 18.173996 10.849241 8.482501 0.733351 3.460538 9.009311 7.850623 10.349184 3.413585 3.677982 9.677464 11.363991 0.686718 8.433248 2.324911 3.611442 8.605804 8.076806 8.917177 9.568502 3.357048 9.071549 8.501678 9.602471 4.696771 8.890524 12.566341 12.317183 3.796905 0.992428 12.030131 12.787987 13.568771 14.182605 15.559343 15.400410 16.280485 -9999.0 -9999.0
-9999.0 -9999.0 -9999.0 -9999.0 -9999.0 -9999.0 -9999.0 -9999.0 7.073937 9.744058 8.445514 3.601313 10.354658 5.872441 7.099478 9.418199 11.635231 13.233648 16.285568 13.266061 15.121595 15.646873 20.120815 19.454922 11.793942 9.618430 7.408416 4.361135 11.658621 8.162361 6.008882 6.101151 8.405602 8.735899 0.646979 10.946850 12.778506 9.463447 6.634352 1.366032 8.809492 9.064407 9.029603 8.181169 9.812271 8.017551 9.597264 9.569591 11.910015 9.751363 10.639112 13.375043 13.495077 12.901063 14.423537 14.930824 15.507921 13.993788 14.830418 16.220734 14.759293 11.446178 -9999.0
-9999.0 -9999.0 -9999.0 -9999.0 -9999.0 -9999.0 -9999.0 -9999.0 9.113741 9.902260 8.888109 6.563642 7.646173 8.461519 14.630262 13.298221 15.442514 10.611465 9.314679 10.865855 12.780070 15.522765 15.762209 15.684238 17.286953 9.307058 6.966956 9.710018 10.532735 9.745960 6.339131 9.403016 10.467685 9.433149 8.285434 8.795016 9.920176 10.687248 9.531897 9.401577 7.963464 0.692977 8.830743 8.056485 3.767669 10.899507 8.358044 9.594886 9.962360 12.081418 13.843280 13.387674 14.136647 16.171822 16.159031 16.116136 16.735521 16.481255 15.891678 14.858364 12.189526 10.086831 -9999.0
-9999.0 -9999.0 9.263569 9.700536 1.317676 3.073697 7.203871 3.463332 9.414591 9.769619 8.416560 8.665570 8.777873 11.740936 17.497199 12.207782 8.280299 6.872314 8.941222 9.210472 11.188687 13.732330 15.494242 14.617899 14.105615 10.820438 9.335120 9.271165 10.441409 13.938417 7.859625 8.306862 14.389293 8.783623 11.155709 9.626894 12.946403 12.070869 10.560809 8.632087 10.568978 10.811435 8.972550 10.423363 6.919255 9.237084 11.011166 9.495184 13.054944 14.778089 16.146041 16.723742 16.775427 16.914844 16.847007 21.490008 15.463933 14.940350 13.735468 11.484709 14.373938 8.944191 -9999.0
-9999.0 7.750262 7.321633 7.025075 3.350294 7.646804 7.084156 3.177065 2.977648 9.014434 6.156220 7.749057 9.969581 15.498060 15.922337 8.117099 8.374344 5.727789 6.328864 9.295535 11.563400 12.841982 18.241379 14.119946 19.590222 14.353701 17.715426 17.880967 13.658245 12.695022 12.393880 12.077277 11.842771 15.771913 13.829292 14.626351 15.457805 14.058972 14.752159 14.167358 13.835196 13.246113 12.762914 10.355539 9.875479 10.609037 13.608277 12.991892 15.729693 14.972222 16.030667 15.966766 15.207525 15.217476 15.214163 14.467372 12.026780 11.498971 12.244204 13.657814 8.736634 8.507963 -9999.0
-9999.0 11.221369 8.401063 8.569505 13.119625 8.253310 2.302846 3.193452 9.815736 9.947378 0.995778 7.814587 10.008018 16.237141 8.800855 0.623839 0.972550 0.768130 9.682905 8.919525 15.027345 12.035768 13.439672 15.338067 20.707828 21.344724 14.224273 15.381745 15.013854 13.494547 13.585977 13.119957 13.431663 14.019084 18.474402 15.944197 22.293798 22.744437 17.034107 16.893185 16.326061 15.415727 14.367589 13.262670 13.780667 14.078830 15.840779 16.053650 15.483823 15.547026 14.065086 12.529309 12.041295 12.781297 12.134109 10.763598 10.577425 9.518519 8.821013 7.928765 7.659101 -9999.0 -9999.0
