user2019/resources/simulation/Vinschgau/output-maps/TL0007N0358.asc
ncols         63
nrows         48
xllcorner     598000.000000
yllcorner     5145000.000000
cellsize      1000.000000
NODATA_value  -9999.0
[rows 0 to 27 of 48, columns 0 to 62 of 63]
-9999.0 -9999.0 -9999.0 -9999.0 -9999.0 -9999.0 -9999.0 -9999.0 -9999.0 -9999.0 -9999.0 -9999.0 -9999.0 -9999.0 -9999.0 -9999.0 -9999.0 -9999.0 -9999.0 -9999.0 -9999.0 -9999.0 -9999.0 -9999.0 -9999.0 -9999.0 -9999.0 -9999.0 -9999.0 -9999.0 -9999.0 -9999.0 -9999.0 -9999.0 -9999.0 -9999.0 -9999.0 -9999.0 -9999.0 -9999.0 -9999.0 -9999.0 -9999.0 -9999.0 -9999.0 -9999.0 -9999.0 -9999.0 -9999.0 -9999.0 -9999.0 -9999.0 -9999.0 -9999.0 -9999.0 -9999.0 -9999.0 -9999.0 -9999.0 -9999.0 -9999.0 -9999.0 -9999.0
-9999.0 -9999.0 -9999.0 -9999.0 -9999.0 -9999.0 -9999.0 -9999.0 -9999.0 -9999.0 -9999.0 -9999.0 -9999.0 -9999.0 -9999.0 -9999.0 -9999.0 -9999.0 -9999.0 -9999.0 -9999.0 -9999.0 -9999.0 -9999.0 -9999.0 -9999.0 -9999.0 -0.665549 -1.383271 -1.768316 -0.574158 -1.255991 -1.069004 -9999.0 -9999.0 -9999.0 -9999.0 -9999.0 -9999.0 -9999.0 -9999.0 -9999.0 -9999.0 -9999.0 -9999.0 -9999.0 -9999.0 -9999.0 -9999.0 -9999.0 -9999.0 -9999.0 -9999.0 -9999.0 -9999.0 -9999.0 -9999.0 -9999.0 -9999.0 -9999.0 -9999.0 -9999.0 -9999.0
-9999.0 -9999.0 -9999.0 -9999.0 -9999.0 -9999.0 -9999.0 -9999.0 -9999.0 -9999.0 -9999.0 -9999.0 -9999.0 -9999.0 -9999.0 -9999.0 -9999.0 -9999.0 -9999.0 -9999.0 -9999.0 -9999.0 -9999.0 -9999.0 -0.868874 -2.132029 -0.011158 -0.660363 -0.110821 -1.682402 -0.529345 -9999.0 -9999.0 -9999.0 -9999.0 -9999.0 -9999.0 -9999.0 -9999.0 -9999.0 -9999.0 -9999.0 -9999.0 -9999.0 -9999.0 -9999.0 -9999.0 -9999.0 -9999.0 -9999.0 -9999.0 -9999.0 -9999.0 -9999.0 -9999.0 -9999.0 -9999.0 -9999.0 -9999.0 -9999.0 -9999.0 -9999.0 -9999.0
-9999.0 -9999.0 -9999.0 -9999.0 -9999.0 -9999.0 -9999.0 -9999.0 -9999.0 -9999.0 -9999.0 -9999.0 -9999.0 -9999.0 -9999.0 -9999.0 -9999.0 -9999.0 -9999.0 -9999.0 -9999.0 -9999.0 -9999.0 -1.709999 0.476341 -0.012006 1.201962 1.491589 1.350464 -0.147600 -1.707477 -0.505517 -9999.0 -9999.0 -9999.0 -9999.0 -9999.0 -9999.0 -9999.0 -9999.0 -9999.0 -9999.0 -9999.0 -9999.0 -9999.0 -9999.0 -9999.0 -9999.0 -9999.0 -9999.0 -9999.0 -9999.0 -9999.0 -9999.0 -9999.0 -9999.0 -9999.0 -9999.0 -9999.0 -9999.0 -9999.0 -9999.0 -9999.0
-9999.0 -9999.0 -9999.0 -9999.0 -9999.0 -9999.0 -9999.0 -9999.0 -9999.0 -9999.0 -9999.0 -9999.0 -9999.0 -9999.0 -9999.0 -9999.0 -9999.0 -9999.0 1.627459 -0.004369 -9999.0 -1.036403 -0.420376 1.135707 0.806611 4.496544 -0.104416 -0.198632 -0.001889 0.012187 -0.005930 -1.540515 -2.112669 -1.683822 -9999.0 -9999.0 -9999.0 -9999.0 -9999.0 -9999.0 -9999.0 -9999.0 -9999.0 -9999.0 -9999.0 -9999.0 -9999.0 -9999.0 -9999.0 -9999.0 -9999.0 -9999.0 -9999.0 -9999.0 -9999.0 -9999.0 -9999.0 -9999.0 -9999.0 -9999.0 -9999.0 -9999.0 -9999.0
-9999.0 -9999.0 -9999.0 -9999.0 -9999.0 -9999.0 -9999.0 -9999.0 -9999.0 -9999.0 -9999.0 -9999.0 -9999.0 -9999.0 -9999.0 -9999.0 -9999.0 -0.008048 0.834659 1.004010 0.326540 -0.277486 -0.031675 0.864899 3.643468 -0.148395 -0.512252 -0.345715 -0.600863 -0.327203 2.099484 -0.437068 1.320359 -2.810468 -1.079061 -1.973986 -9999.0 -9999.0 -9999.0 -9999.0 -9999.0 -9999.0 -9999.0 -9999.0 -9999.0 -9999.0 -9999.0 -9999.0 -9999.0 -9999.0 -9999.0 -9999.0 -9999.0 -9999.0 -9999.0 -9999.0 -9999.0 -9999.0 -9999.0 -9999.0 -9999.0 -9999.0 -9999.0
-9999.0 -9999.0 -9999.0 -9999.0 -9999.0 -9999.0 -9999.0 -9999.0 -9999.0 -9999.0 -9999.0 -9999.0 -9999.0 -0.623937 -0.143838 -0.013767 -0.004420 11.259346 -0.009645 2.010072 1.115306 1.526675 1.873292 5.521228 -0.073656 -0.568405 -0.590077 -0.361293 -0.833540 -0.485434 -0.837752 -0.889099 -0.836489 -2.419387 -1.753742 -2.720358 -9999.0 -9999.0 -9999.0 -9999.0 -9999.0 -9999.0 -9999.0 -9999.0 -9999.0 -9999.0 -9999.0 -9999.0 -9999.0 -9999.0 -9999.0 -9999.0 -9999.0 -9999.0 -9999.0 -9999.0 -9999.0 -9999.0 -9999.0 -9999.0 -9999.0 -9999.0 -9999.0
-9999.0 -9999.0 -9999.0 -9999.0 -9999.0 -9999.0 -9999.0 -9999.0 -9999.0 -9999.0 -9999.0 -9999.0 -9999.0 -1.869142 -0.053872 -0.016784 -0.022590 2.780104 11.568871 2.485745 3.526948 2.455915 -0.006165 -0.028028 -0.057819 -1.443713 -1.498359 -0.712613 -1.169694 -1.032458 -0.722392 -2.241873 -2.120891 -5.334210 -2.840233 -9999.0 -9999.0 -9999.0 -9999.0 -9999.0 -9999.0 -9999.0 -9999.0 -9999.0 -9999.0 -9999.0 -9999.0 -9999.0 -9999.0 -9999.0 -9999.0 -9999.0 -9999.0 -9999.0 -9999.0 -9999.0 -9999.0 -9999.0 -9999.0 -9999.0 -9999.0 -9999.0 -9999.0
-9999.0 -9999.0 -9999.0 -9999.0 -9999.0 -9999.0 -9999.0 -9999.0 -9999.0 -9999.0 -9999.0 -9999.0 -9999.0 -0.071458 2.085090 -0.079972 -0.152141 -0.009715 10.974414 -0.003927 2.259560 -0.762005 -0.743930 -0.366533 -0.595464 -0.281440 -1.594420 -1.165449 -1.206573 -2.729858 -1.871697 -7.093760 -5.559510 -8.797378 -5.018642 -9999.0 -9999.0 -9999.0 -9999.0 -9999.0 -9999.0 -9999.0 -9999.0 -9999.0 -9999.0 -9999.0 -9999.0 -9999.0 -9999.0 -9999.0 -9999.0 -9999.0 -9999.0 -9999.0 -9999.0 -9999.0 -9999.0 -9999.0 -9999.0 -9999.0 -9999.0 -9999.0 -9999.0
-9999.0 -9999.0 -9999.0 -9999.0 -9999.0 -9999.0 -9999.0 -9999.0 -9999.0 -9999.0 -9999.0 -9999.0 -1.423749 1.759974 -0.248321 -1.329149 -2.388675 -0.013785 5.080326 2.837779 -0.008856 -0.647526 -0.361001 -0.447517 -0.419484 -1.064104 -0.585655 -0.420322 -2.341176 -1.437827 -3.940916 -1.356502 -2.391100 -2.209981 -9999.0 -9999.0 -9999.0 -9999.0 -9999.0 -9999.0 -9999.0 -9999.0 -9999.0 -9999.0 -9999.0 -9999.0 -9999.0 -9999.0 -9999.0 -9999.0 -9999.0 -9999.0 -9999.0 -9999.0 -9999.0 -9999.0 -9999.0 -9999.0 -9999.0 -9999.0 -9999.0 -9999.0 -9999.0
-9999.0 -9999.0 -9999.0 -9999.0 -9999.0 -9999.0 -9999.0 -9999.0 -9999.0 -9999.0 -9999.0 -0.266361 -1.345130 -0.111930 -1.051211 -0.651601 -0.882734 -0.041273 4.792615 2.746496 0.499435 -0.004286 -0.746161 -0.591701 -0.762166 -0.342094 -2.088310 -0.875999 -1.866898 -2.256231 -0.797185 -0.133576 -1.920591 -2.236446 -3.260828 -1.210470 1.645563 2.913633 4.827280 -9999.0 -9999.0 -9999.0 -3.084827 -9999.0 -9999.0 -9999.0 -9999.0 -9999.0 -9999.0 -9999.0 -9999.0 -9999.0 -9999.0 -9999.0 -9999.0 -9999.0 -9999.0 -9999.0 -9999.0 -9999.0 -9999.0 -9999.0 -9999.0
-9999.0 -9999.0 -9999.0 -9999.0 -9999.0 -9999.0 -9999.0 -9999.0 -9999.0 -9999.0 -9999.0 -0.520198 -0.430862 -1.190321 -1.428094 -1.171437 -0.948429 -0.006361 4.329156 1.569237 3.898223 2.064250 -0.934226 -0.323898 -0.401458 -0.416892 -1.135857 -1.891418 -0.618415 -1.086773 -2.426948 -0.004938 -3.632369 -2.169230 -3.956229 0.933495 4.915638 7.004346 5.007229 4.073117 3.319783 -5.177768 0.146837 -2.437821 -9999.0 -9999.0 -9999.0 -0.017290 -0.186021 -0.152075 -0.121080 -0.124446 -0.128819 -0.005759 -0.005710 -0.129077 -9999.0 -9999.0 -9999.0 -9999.0 -9999.0 -9999.0 -9999.0
-9999.0 -9999.0 -9999.0 -9999.0 -9999.0 -9999.0 -9999.0 -9999.0 -9999.0 -9999.0 -9999.0 -0.472932 -0.787797 -1.420012 -0.722400 -1.169416 -0.481827 -0.040271 4.348839 3.828068 -0.017593 0.990188 -0.061900 -1.396625 -0.700444 -1.317683 -0.055804 -0.929351 -0.521848 -0.628593 -0.770765 -1.744654 0.900937 -3.070822 -3.790510 2.568516 0.487480 1.235193 9.314260 6.156672 4.529946 1.642152 1.451078 0.363831 -1.777137 -9999.0 -0.805851 -0.214048 -0.807699 -0.357849 1.832279 1.922776 -1.260663 -0.004776 -0.020620 -0.025556 -9999.0 -9999.0 -9999.0 -9999.0 -9999.0 -9999.0 -9999.0
-9999.0 -9999.0 -9999.0 -9999.0 -9999.0 -9999.0 -9999.0 -9999.0 -9999.0 -9999.0 -9999.0 -9999.0 -0.457052 -0.572466 -1.795032 -1.218664 -1.596886 -0.039153 3.545374 4.130005 0.585659 1.324788 1.324760 -0.009034 -1.117994 -0.071996 2.531864 -0.561316 -0.387362 -0.648146 -1.693103 -0.551632 -0.034588 -2.776618 -3.105662 1.168582 -0.047938 0.785170 10.508168 6.853473 5.706775 8.519635 0.395284 1.984021 -3.118623 -1.051746 -0.488583 -0.239736 -0.425435 -0.004704 1.085260 -0.174102 -0.010703 -0.051890 -0.313218 -0.399936 -0.035669 -9999.0 -9999.0 -9999.0 -9999.0 -9999.0 -9999.0
-9999.0 -9999.0 -9999.0 -9999.0 -9999.0 -9999.0 -9999.0 -9999.0 -9999.0 -9999.0 -9999.0 -1.673279 -0.759942 -0.353289 -0.332502 -0.286422 -0.058567 -0.046565 5.604376 -0.003036 1.254240 -0.004054 -0.116823 -0.299586 -0.084261 0.885570 -0.617689 -0.818784 -1.152909 -1.742694 -0.051094 -0.010633 1.985047 -2.661161 -3.387889 -0.530489 0.668057 0.307962 -0.062129 10.501978 1.280965 1.773388 1.459468 0.448418 4.449784 -1.391358 -1.618534 -2.183830 -1.527664 1.405264 -0.365387 -0.691135 -0.524400 -0.853908 -0.666599 -1.563514 -0.112117 -9999.0 -9999.0 -9999.0 -9999.0 -9999.0 -9999.0
-9999.0 -9999.0 -9999.0 -9999.0 -9999.0 -9999.0 -9999.0 -9999.0 -9999.0 -9999.0 -0.131408 -1.352743 -1.759410 -0.453029 -1.812104 0.437433 -1.138395 -0.445603 0.730723 -0.002506 3.558984 -0.003499 1.211617 3.106051 1.694717 -0.146368 -0.383718 -1.112646 1.971955 2.235741 1.091113 -0.404984 -1.446680 -1.563208 -3.150099 -3.450416 2.845236 -0.059285 0.220536 1.661832 3.443467 2.672907 6.013798 -0.012303 0.766555 -0.010892 -1.466600 0.875772 1.273846 1.681439 -0.816356 -0.663570 -0.834945 -1.052903 -0.715612 -0.025927 -0.025710 -9999.0 -9999.0 -9999.0 -9999.0 -9999.0 -9999.0
-9999.0 -9999.0 -9999.0 -9999.0 -9999.0 -9999.0 -9999.0 -9999.0 -9999.0 -0.468839 -0.144951 -0.158423 0.443477 -1.526302 -0.180206 -0.637324 -0.341922 2.884282 2.133644 -0.001966 4.210135 2.053453 1.863914 2.607410 -0.046478 -0.606971 -0.340898 2.542229 1.552876 1.736311 2.186401 -1.386843 -1.446358 -2.519336 -1.702285 -2.203500 -2.917706 -0.112121 -0.710582 -0.005161 0.658081 -0.274228 -0.212506 1.667095 0.919284 1.056194 5.864086 1.341574 0.577257 -0.003867 0.422790 -0.148210 -1.606473 -0.321234 -0.146737 -0.108677 -0.025504 -0.025033 -0.080985 -9999.0 -9999.0 -9999.0 -9999.0
-9999.0 -9999.0 -9999.0 -9999.0 -9999.0 -9999.0 -9999.0 -9999.0 -9999.0 -0.331546 -0.468338 -0.323055 3.952199 1.198951 -0.053121 -1.212523 -0.010304 1.694728 2.432545 6.297916 6.204832 11.333544 1.929745 2.517851 -0.499801 -0.010415 1.938130 2.136388 2.724569 -0.044272 0.888376 -0.236732 -0.561975 -0.891940 -2.575339 0.583648 -0.005813 1.227334 -1.932529 -1.997886 -1.507672 -0.924080 0.966054 1.647369 -0.004818 2.070068 3.655567 2.169357 1.903146 2.032094 -1.118332 -0.197248 -0.280798 -0.300225 -0.421829 -0.051268 -0.029209 -0.030076 -0.557106 -9999.0 -9999.0 -9999.0 -9999.0
-9999.0 -9999.0 -9999.0 -9999.0 -9999.0 -9999.0 -9999.0 -9999.0 -9999.0 -9999.0 -0.330670 -0.227154 -0.762106 -0.017713 1.780387 1.101494 1.585093 2.267540 2.870261 4.064200 4.308836 1.855867 -0.014935 -0.149467 -0.038275 2.351587 2.786725 3.424406 1.930772 -0.395184 -0.364823 -0.955136 -0.695244 -0.927712 -0.415995 2.177298 2.743178 1.916205 -2.608084 -1.221222 -2.545202 -0.120260 -0.006111 -0.480499 -0.153986 0.114707 1.075787 -0.004288 7.017864 1.854824 0.380222 -0.009856 -0.115619 -0.199136 -0.527894 -0.271292 -0.154819 2.375308 3.171558 2.530258 -9999.0 -9999.0 -9999.0
-9999.0 -9999.0 -9999.0 -9999.0 -9999.0 -9999.0 -9999.0 -9999.0 -9999.0 -9999.0 -0.315026 -0.288936 -0.275670 -0.167455 4.928628 1.350446 1.778533 0.046336 6.746191 5.239589 3.435210 2.290828 1.727766 1.792696 2.211242 3.129252 3.645665 1.782943 -0.283337 -0.895766 -0.710625 -0.255912 -1.240762 -0.970132 -0.790512 -0.619224 1.185077 -0.004741 -1.445071 -0.961784 -0.516105 -0.834291 -0.393038 -0.666585 -0.163798 -0.266179 -0.344819 -0.006178 2.760011 6.650372 2.533093 -0.012577 -0.370796 -0.104894 -0.169178 -0.103569 -0.409850 -0.046713 3.794911 3.189889 -9999.0 -9999.0 -9999.0
-9999.0 -9999.0 -9999.0 -9999.0 -9999.0 -9999.0 -9999.0 -9999.0 -0.010037 -1.825279 -0.212102 -0.257088 -0.191864 -0.408710 -0.109583 -0.002840 3.459027 12.194638 8.561666 8.785799 8.278440 6.332894 2.719358 2.008232 2.583468 3.824972 3.894711 -0.175640 -0.659433 -0.268945 -1.581417 -0.530304 -0.312552 -0.363334 -0.233355 -1.823469 -0.425608 0.534004 -1.832458 -0.346695 -0.401231 -0.484691 -0.626051 -1.380245 -1.211732 -0.453696 -0.414133 -0.132317 1.168678 -0.001687 2.367215 1.128558 -0.097302 -0.134328 -0.090454 0.494072 -0.221445 4.268033 5.012176 7.847059 -9999.0 -9999.0 -9999.0
-9999.0 -9999.0 -9999.0 -9999.0 -9999.0 -9999.0 -9999.0 -9999.0 -0.185667 -0.005442 -1.172379 -0.602343 -0.346428 -0.486546 -0.174567 0.288018 2.123597 2.484234 8.570755 10.097264 15.942940 14.140139 12.151817 11.192580 4.931290 5.352852 -0.004463 0.822382 -0.294221 -0.330830 -0.217558 -1.420199 -0.195555 -0.183367 -0.191683 -1.052505 2.741119 1.527735 -0.257258 -0.401357 -0.673559 -3.185171 -0.643946 -0.270301 1.794354 -0.187318 -0.390930 -0.284760 -0.140088 2.084718 5.654770 2.161792 -0.103320 -0.022315 5.097700 3.840910 2.541595 4.203387 8.347173 11.165651 11.615677 -9999.0 -9999.0
-9999.0 -9999.0 -9999.0 -9999.0 -9999.0 -9999.0 -9999.0 -9999.0 -0.390211 -0.710264 1.865112 -0.172207 -0.890508 -0.237954 1.699850 1.604576 2.253129 4.475152 9.759392 13.826801 11.309678 13.892405 15.318976 8.770574 12.716252 2.438556 1.708840 -0.122418 -1.308428 -0.733314 -1.337605 1.873455 -0.914600 -0.359293 -0.287801 2.999336 -0.307727 1.965958 -0.152784 -0.316589 -0.213385 -0.189695 -0.157721 -0.280379 -0.358795 -0.348070 -0.125171 -0.084824 -0.207775 1.529398 3.635582 3.412157 1.295862 1.113418 4.706938 3.997042 6.605689 8.371650 10.487375 9.255850 11.138918 -9999.0 -9999.0
-9999.0 -9999.0 -9999.0 -9999.0 -9999.0 -9999.0 -9999.0 -9999.0 -0.606373 -0.245708 -0.008500 -0.011727 1.825443 -0.005289 1.600992 2.413024 7.120950 8.597277 3.618489 7.701719 8.411186 10.610641 13.964089 13.154475 3.250032 1.946196 -0.052770 0.804211 2.650194 1.594066 1.151672 1.267778 1.713250 1.835799 -0.801921 -0.310441 2.618603 2.485862 1.198469 -0.270805 -0.152850 -0.345550 -0.819723 -0.116301 -0.120480 -0.218620 -1.272643 1.400739 -0.057771 1.658528 2.304288 8.475689 6.036491 -0.001940 7.387567 8.651445 10.198651 6.049838 10.429627 11.030900 5.219383 1.621501 -9999.0
-9999.0 -9999.0 -9999.0 -9999.0 -9999.0 -9999.0 -9999.0 -9999.0 -0.246491 -0.215325 -0.014069 1.271387 1.689428 1.962398 7.325108 3.822599 2.892802 2.262684 -0.003670 2.707308 6.365380 9.723521 10.088564 7.159880 10.527076 2.200497 1.534478 2.246016 2.597767 2.144629 1.191886 1.646350 3.046461 2.050348 1.776454 2.014709 2.404478 3.298390 3.281299 2.307645 1.758686 1.634154 1.842335 1.508775 -0.194878 2.248944 1.472472 1.873791 1.739260 4.582714 7.737661 7.439606 9.166676 10.213591 10.262962 5.597329 10.468093 10.624396 7.249582 8.536744 6.011246 2.947405 -9999.0
-9999.0 -9999.0 -0.957707 -0.753479 -0.183952 -0.576375 -0.139845 -0.416768 -0.591250 -0.155436 -0.078135 -0.003589 2.157658 4.352888 13.059933 0.322963 1.782774 -0.169729 -0.268914 -0.003543 2.859335 7.638721 9.370649 5.214418 4.324052 3.057691 2.260100 2.256079 2.189826 6.372611 1.830619 1.339388 3.971972 1.992555 2.948361 2.804161 5.011964 6.710361 5.227431 2.357195 4.071982 3.989928 2.420021 2.430374 1.097364 1.848276 2.498031 -0.005520 6.407819 7.711324 10.309503 6.329701 10.437973 9.895070 8.739221 13.276330 4.645363 4.328844 6.197704 5.106742 5.031277 3.436741 -9999.0
-9999.0 -0.007539 -0.004697 -0.048476 -0.064914 -0.019367 -0.500859 -0.191950 -0.205103 -0.213612 -0.272781 1.526852 0.793101 9.667462 7.620029 1.828051 -0.319367 -0.165033 -0.009335 2.147576 3.517838 5.628441 6.106022 8.017847 12.720268 6.856085 12.045856 11.872121 6.370095 1.906020 3.883459 3.204178 3.364307 8.577798 7.052524 5.252305 10.663631 10.963997 6.720104 5.012421 7.543471 7.336446 6.446209 2.324912 2.520294 2.234132 3.245982 6.452502 9.599196 4.251637 9.392741 8.560749 4.480403 4.350799 4.251130 3.177099 1.516609 0.069865 -0.002248 -0.001102 -0.002038 1.744161 -9999.0
-9999.0 -0.605346 1.537031 1.764649 1.468857 1.626992 -0.040565 -0.555538 -1.014076 -1.154836 -0.056550 1.687330 3.464468 8.192108 2.397232 -0.126435 -0.150696 -0.659161 2.072441 1.927912 -0.002464 2.962080 3.719173 4.317194 12.790083 14.824973 10.594785 10.127169 9.294849 8.261621 10.205925 8.971098 4.372214 4.385086 10.367010 9.077483 15.990533 18.161307 12.503927 12.378666 10.435158 8.575387 9.641981 8.227981 10.660695 10.318496 10.852710 10.986568 9.563354 9.535568 3.616667 0.613999 -0.001304 3.229010 4.242298 -0.003869 2.333208 -0.020195 -0.045306 -0.007069 -0.004965 -9999.0 -9999.0
