user2019/resources/simulation/Vinschgau/output-maps/TL0004N0647.asc
ncols         63
nrows         48
xllcorner     598000.000000
yllcorner     5145000.000000
cellsize      1000.000000
NODATA_value  -9999.0
[rows 0 to 27 of 48, columns 0 to 62 of 63]
-9999.0 -9999.0 -9999.0 -9999.0 -9999.0 -9999.0 -9999.0 -9999.0 -9999.0 -9999.0 -9999.0 -9999.0 -9999.0 -9999.0 -9999.0 -9999.0 -9999.0 -9999.0 -9999.0 -9999.0 -9999.0 -9999.0 -9999.0 -9999.0 -9999.0 -9999.0 -9999.0 -9999.0 -9999.0 -9999.0 -9999.0 -9999.0 -9999.0 -9999.0 -9999.0 -9999.0 -9999.0 -9999.0 -9999.0 -9999.0 -9999.0 -9999.0 -9999.0 -9999.0 -9999.0 -9999.0 -9999.0 -9999.0 -9999.0 -9999.0 -9999.0 -9999.0 -9999.0 -9999.0 -9999.0 -9999.0 -9999.0 -9999.0 -9999.0 -9999.0 -9999.0 -9999.0 -9999.0
-9999.0 -9999.0 -9999.0 -9999.0 -9999.0 -9999.0 -9999.0 -9999.0 -9999.0 -9999.0 -9999.0 -9999.0 -9999.0 -9999.0 -9999.0 -9999.0 -9999.0 -9999.0 -9999.0 -9999.0 -9999.0 -9999.0 -9999.0 -9999.0 -9999.0 -9999.0 -9999.0 10.102568 10.634666 10.748415 9.660668 8.953599 9.423206 -9999.0 -9999.0 -9999.0 -9999.0 -9999.0 -9999.0 -9999.0 -9999.0 -9999.0 -9999.0 -9999.0 -9999.0 -9999.0 -9999.0 -9999.0 -9999.0 -9999.0 -9999.0 -9999.0 -9999.0 -9999.0 -9999.0 -9999.0 -9999.0 -9999.0 -9999.0 -9999.0 -9999.0 -9999.0 -9999.0
-9999.0 -9999.0 -9999.0 -9999.0 -9999.0 -9999.0 -9999.0 -9999.0 -9999.0 -9999.0 -9999.0 -9999.0 -9999.0 -9999.0 -9999.0 -9999.0 -9999.0 -9999.0 -9999.0 -9999.0 -9999.0 -9999.0 -9999.0 -9999.0 10.950067 11.440100 12.168299 11.753741 11.628243 11.107054 9.635381 -9999.0 -9999.0 -9999.0 -9999.0 -9999.0 -9999.0 -9999.0 -9999.0 -9999.0 -9999.0 -9999.0 -9999.0 -9999.0 -9999.0 -9999.0 -9999.0 -9999.0 -9999.0 -9999.0 -9999.0 -9999.0 -9999.0 -9999.0 -9999.0 -9999.0 -9999.0 -9999.0 -9999.0 -9999.0 -9999.0 -9999.0 -9999.0
-9999.0 -9999.0 -9999.0 -9999.0 -9999.0 -9999.0 -9999.0 -9999.0 -9999.0 -9999.0 -9999.0 -9999.0 -9999.0 -9999.0 -9999.0 -9999.0 -9999.0 -9999.0 -9999.0 -9999.0 -9999.0 -9999.0 -9999.0 11.133422 12.181712 12.929870 13.264553 13.404165 13.257740 12.323093 10.070344 9.441719 -9999.0 -9999.0 -9999.0 -9999.0 -9999.0 -9999.0 -9999.0 -9999.0 -9999.0 -9999.0 -9999.0 -9999.0 -9999.0 -9999.0 -9999.0 -9999.0 -9999.0 -9999.0 -9999.0 -9999.0 -9999.0 -9999.0 -9999.0 -9999.0 -9999.0 -9999.0 -9999.0 -9999.0 -9999.0 -9999.0 -9999.0
-9999.0 -9999.0 -9999.0 -9999.0 -9999.0 -9999.0 -9999.0 -9999.0 -9999.0 -9999.0 -9999.0 -9999.0 -9999.0 -9999.0 -9999.0 -9999.0 -9999.0 -9999.0 13.243661 11.093105 -9999.0 10.906750 11.676261 13.109645 13.269974 14.441622 14.322635 14.422246 14.904044 13.337111 11.998081 10.194388 9.455820 7.198815 -9999.0 -9999.0 -9999.0 -9999.0 -9999.0 -9999.0 -9999.0 -9999.0 -9999.0 -9999.0 -9999.0 -9999.0 -9999.0 -9999.0 -9999.0 -9999.0 -9999.0 -9999.0 -9999.0 -9999.0 -9999.0 -9999.0 -9999.0 -9999.0 -9999.0 -9999.0 -9999.0 -9999.0 -9999.0
-9999.0 -9999.0 -9999.0 -9999.0 -9999.0 -9999.0 -9999.0 -9999.0 -9999.0 -9999.0 -9999.0 -9999.0 -9999.0 -9999.0 -9999.0 -9999.0 -9999.0 13.554686 12.472327 12.628506 11.209421 11.389240 12.257902 12.969707 15.077231 11.357795 10.492071 11.830808 10.755616 12.553800 12.825642 11.134268 10.694031 9.767777 8.276068 6.958194 -9999.0 -9999.0 -9999.0 -9999.0 -9999.0 -9999.0 -9999.0 -9999.0 -9999.0 -9999.0 -9999.0 -9999.0 -9999.0 -9999.0 -9999.0 -9999.0 -9999.0 -9999.0 -9999.0 -9999.0 -9999.0 -9999.0 -9999.0 -9999.0 -9999.0 -9999.0 -9999.0
-9999.0 -9999.0 -9999.0 -9999.0 -9999.0 -9999.0 -9999.0 -9999.0 -9999.0 -9999.0 -9999.0 -9999.0 -9999.0 10.245592 12.015382 11.535176 12.772585 18.537021 13.185745 13.242319 13.256686 13.669400 14.540371 14.848597 10.779699 11.423373 10.131212 10.355118 11.167924 11.816480 11.420921 11.304762 10.405306 9.536100 9.003398 6.767094 -9999.0 -9999.0 -9999.0 -9999.0 -9999.0 -9999.0 -9999.0 -9999.0 -9999.0 -9999.0 -9999.0 -9999.0 -9999.0 -9999.0 -9999.0 -9999.0 -9999.0 -9999.0 -9999.0 -9999.0 -9999.0 -9999.0 -9999.0 -9999.0 -9999.0 -9999.0 -9999.0
-9999.0 -9999.0 -9999.0 -9999.0 -9999.0 -9999.0 -9999.0 -9999.0 -9999.0 -9999.0 -9999.0 -9999.0 -9999.0 10.665025 12.645070 11.677228 11.510015 15.087944 18.662408 14.519058 13.102571 14.495801 12.246936 11.733378 13.084553 12.092521 10.531450 9.553037 9.209018 9.965274 10.052615 9.236335 8.509510 7.199479 7.694606 -9999.0 -9999.0 -9999.0 -9999.0 -9999.0 -9999.0 -9999.0 -9999.0 -9999.0 -9999.0 -9999.0 -9999.0 -9999.0 -9999.0 -9999.0 -9999.0 -9999.0 -9999.0 -9999.0 -9999.0 -9999.0 -9999.0 -9999.0 -9999.0 -9999.0 -9999.0 -9999.0 -9999.0
-9999.0 -9999.0 -9999.0 -9999.0 -9999.0 -9999.0 -9999.0 -9999.0 -9999.0 -9999.0 -9999.0 -9999.0 -9999.0 12.221513 12.369645 12.919263 10.909640 11.896139 18.516039 13.068690 13.732013 12.110785 10.297089 10.453655 12.810114 11.868617 10.661211 8.597072 9.432971 8.189102 8.931631 0.658801 6.407232 0.769508 6.325925 -9999.0 -9999.0 -9999.0 -9999.0 -9999.0 -9999.0 -9999.0 -9999.0 -9999.0 -9999.0 -9999.0 -9999.0 -9999.0 -9999.0 -9999.0 -9999.0 -9999.0 -9999.0 -9999.0 -9999.0 -9999.0 -9999.0 -9999.0 -9999.0 -9999.0 -9999.0 -9999.0 -9999.0
-9999.0 -9999.0 -9999.0 -9999.0 -9999.0 -9999.0 -9999.0 -9999.0 -9999.0 -9999.0 -9999.0 -9999.0 11.637170 11.754956 12.598888 10.997585 9.075209 11.073415 16.428722 13.324621 12.952567 11.057573 10.760877 10.717395 11.522288 9.782489 10.433277 9.398416 10.620975 8.201444 6.456616 8.448472 8.889803 5.557923 -9999.0 -9999.0 -9999.0 -9999.0 -9999.0 -9999.0 -9999.0 -9999.0 -9999.0 -9999.0 -9999.0 -9999.0 -9999.0 -9999.0 -9999.0 -9999.0 -9999.0 -9999.0 -9999.0 -9999.0 -9999.0 -9999.0 -9999.0 -9999.0 -9999.0 -9999.0 -9999.0 -9999.0 -9999.0
-9999.0 -9999.0 -9999.0 -9999.0 -9999.0 -9999.0 -9999.0 -9999.0 -9999.0 -9999.0 -9999.0 9.851742 10.392655 10.479168 10.602251 9.472733 9.643369 10.640287 16.390854 12.680397 11.321085 12.480442 10.941978 9.946296 10.878759 10.440423 8.426564 10.106040 10.661952 6.484473 8.306710 10.759073 9.188316 7.804887 8.425819 10.077480 10.817016 12.080330 10.118267 -9999.0 -9999.0 -9999.0 8.412106 -9999.0 -9999.0 -9999.0 -9999.0 -9999.0 -9999.0 -9999.0 -9999.0 -9999.0 -9999.0 -9999.0 -9999.0 -9999.0 -9999.0 -9999.0 -9999.0 -9999.0 -9999.0 -9999.0 -9999.0
-9999.0 -9999.0 -9999.0 -9999.0 -9999.0 -9999.0 -9999.0 -9999.0 -9999.0 -9999.0 -9999.0 9.544206 10.622615 10.774903 10.833279 8.399095 11.688773 11.557912 16.318840 14.149194 13.993888 12.166416 11.041317 8.143180 8.940232 9.984541 9.994846 10.927416 10.416214 7.521279 10.110212 11.457227 9.603408 8.597070 8.432672 11.371939 13.971667 14.267820 12.744771 10.501269 9.825075 8.422227 10.819698 9.780888 -9999.0 -9999.0 -9999.0 6.798976 8.269171 8.904638 9.109077 8.234406 7.803246 7.791658 7.992243 6.529718 -9999.0 -9999.0 -9999.0 -9999.0 -9999.0 -9999.0 -9999.0
-9999.0 -9999.0 -9999.0 -9999.0 -9999.0 -9999.0 -9999.0 -9999.0 -9999.0 -9999.0 -9999.0 9.622201 9.113569 8.051926 9.597907 9.258086 8.163296 9.309873 14.153772 15.150333 10.831020 10.477360 9.190964 10.775601 9.781197 10.013433 9.590114 9.652576 9.384289 8.141695 9.040743 9.325864 11.645105 8.970232 9.489639 12.946337 10.915332 11.974941 15.626228 12.597689 12.873946 11.170479 12.710608 11.256171 9.329959 -9999.0 6.495717 8.908547 10.311421 11.423917 11.754466 11.435066 11.258725 10.608106 10.493157 9.806582 -9999.0 -9999.0 -9999.0 -9999.0 -9999.0 -9999.0 -9999.0
-9999.0 -9999.0 -9999.0 -9999.0 -9999.0 -9999.0 -9999.0 -9999.0 -9999.0 -9999.0 -9999.0 -9999.0 9.618732 7.621991 9.822529 9.684296 7.306175 9.350943 15.412601 15.485619 11.060607 11.063550 10.867818 9.995117 8.361806 9.483952 12.883888 10.587369 9.557713 9.005417 9.981965 9.495414 11.666906 9.870027 9.095668 11.742149 10.006916 12.097563 18.275437 14.177478 14.195746 14.391571 10.465911 13.097696 10.270037 9.293711 8.641757 9.290647 8.960382 10.567007 11.560314 10.158990 10.622596 9.690600 9.362282 10.334565 9.904508 -9999.0 -9999.0 -9999.0 -9999.0 -9999.0 -9999.0
-9999.0 -9999.0 -9999.0 -9999.0 -9999.0 -9999.0 -9999.0 -9999.0 -9999.0 -9999.0 -9999.0 7.694891 8.919693 9.858760 8.359689 8.469378 9.377844 9.667853 15.322265 12.896742 11.648643 11.058301 11.131785 9.485678 9.635665 11.007233 10.188176 9.234270 9.814645 10.441634 9.658149 10.493151 12.121047 9.768671 7.986521 11.108024 11.418794 11.142244 12.943299 16.329153 10.886636 11.853281 11.957859 11.028181 13.266179 10.381000 10.899305 11.215154 11.931034 11.706279 9.057159 10.008535 8.522294 7.805137 0.448997 8.761720 9.774535 -9999.0 -9999.0 -9999.0 -9999.0 -9999.0 -9999.0
-9999.0 -9999.0 -9999.0 -9999.0 -9999.0 -9999.0 -9999.0 -9999.0 -9999.0 -9999.0 11.333488 8.740052 10.374228 10.124240 10.947826 9.817721 9.733786 9.301366 12.342521 13.162141 14.633602 13.730786 10.054323 13.170637 11.512184 11.154293 9.113000 8.065299 11.429486 11.961699 11.092198 10.720126 11.352528 9.229359 7.021841 9.632256 12.787355 10.248806 11.369999 13.276026 13.240038 13.141068 17.545865 12.615093 11.173040 11.382197 11.460426 10.623853 11.402864 11.953467 8.535192 8.821572 0.446533 0.775913 8.130245 10.676729 10.854848 -9999.0 -9999.0 -9999.0 -9999.0 -9999.0 -9999.0
-9999.0 -9999.0 -9999.0 -9999.0 -9999.0 -9999.0 -9999.0 -9999.0 -9999.0 9.483437 10.754391 9.044666 9.746472 8.700712 9.303049 9.351353 9.086636 13.199780 12.794651 13.675653 15.642768 11.877310 11.697483 12.889607 12.064329 9.753842 8.900038 12.216088 11.186074 11.765411 12.339023 9.237416 9.122863 7.393888 8.107554 9.334882 11.143903 9.512340 9.511924 10.808639 11.578156 10.375465 10.239155 13.093889 12.557637 11.301749 14.335484 10.627561 10.678121 12.691826 10.007552 9.352004 1.131270 6.167045 8.847604 9.182706 10.055435 11.186549 10.171420 -9999.0 -9999.0 -9999.0 -9999.0
-9999.0 -9999.0 -9999.0 -9999.0 -9999.0 -9999.0 -9999.0 -9999.0 -9999.0 9.634126 9.678426 10.844451 13.252560 10.666772 9.883847 9.380183 12.436410 11.838904 13.647113 16.987048 16.905001 16.640145 14.916127 13.496474 10.135184 9.875660 10.918667 11.880719 13.126398 13.567947 12.567298 9.008358 10.227841 8.801534 9.683821 10.014113 10.445514 11.636559 10.397610 11.885035 9.556079 8.772221 10.550048 12.383266 13.452009 13.830790 13.738263 12.840415 12.294675 12.746782 9.096370 0.607472 7.502090 8.223636 9.701571 8.326901 10.256137 10.918851 12.367792 -9999.0 -9999.0 -9999.0 -9999.0
-9999.0 -9999.0 -9999.0 -9999.0 -9999.0 -9999.0 -9999.0 -9999.0 -9999.0 -9999.0 9.598050 11.280932 10.301675 10.951799 11.435389 10.606124 11.192823 12.976156 14.531163 15.319726 16.698773 13.106920 11.478673 10.868150 10.132511 11.769677 12.927071 13.667152 12.770722 9.585518 9.198262 9.980039 7.306409 8.780818 10.870055 11.804676 12.433252 12.390919 10.252259 9.681156 9.257581 12.106167 13.058597 10.531484 10.913664 11.203364 12.124311 15.339541 14.606054 12.858357 10.000968 9.971054 9.024544 7.308722 7.525498 9.942706 11.860264 12.810949 13.128555 13.246969 -9999.0 -9999.0 -9999.0
-9999.0 -9999.0 -9999.0 -9999.0 -9999.0 -9999.0 -9999.0 -9999.0 -9999.0 -9999.0 9.724639 10.766083 11.542877 10.981669 15.187571 11.720430 11.385981 13.164942 15.181805 15.797078 13.971739 12.656027 11.397938 11.101526 11.729526 13.437408 14.361416 12.083414 10.068891 7.855714 9.832054 11.335624 8.259768 8.330508 9.445389 11.350170 10.803489 10.427073 8.622056 9.079045 10.193389 11.539343 8.311322 11.065436 12.024537 10.057209 11.185748 11.453963 13.503150 14.699826 12.966477 9.351049 9.207470 9.650169 8.599876 9.578633 10.155506 11.908068 14.452281 15.404490 -9999.0 -9999.0 -9999.0
-9999.0 -9999.0 -9999.0 -9999.0 -9999.0 -9999.0 -9999.0 -9999.0 11.510245 10.639203 9.912970 11.306945 10.086111 10.357934 10.779754 13.203857 13.629697 17.372551 16.111030 16.200360 15.316930 14.463636 13.752953 12.524261 13.145803 14.393488 14.978741 10.608820 9.697751 8.110708 0.871141 9.640489 9.788585 8.668242 9.784623 9.216965 12.307897 10.654298 7.783156 9.208649 9.445215 10.917121 8.045408 9.296941 11.772141 12.716259 8.739784 10.536536 11.928159 14.716735 13.433642 11.556896 10.273211 0.655328 10.210050 11.927403 12.222093 14.630928 14.508536 15.999704 -9999.0 -9999.0 -9999.0
-9999.0 -9999.0 -9999.0 -9999.0 -9999.0 -9999.0 -9999.0 -9999.0 9.809169 10.115591 8.991687 10.049091 11.182444 10.885419 10.410793 11.906114 13.056384 13.438450 15.677371 16.661952 20.214781 18.616597 17.250786 16.594163 14.338319 14.798380 12.875660 11.205346 8.886439 9.814670 8.955537 9.715554 10.178734 9.319795 10.159453 10.867443 12.970577 11.335147 9.389705 10.310727 8.878943 8.047243 9.124457 11.093153 12.354853 9.740040 8.400305 11.348633 11.405525 13.624770 15.118644 12.593150 10.165281 11.714025 13.737058 12.272139 12.645779 13.822260 16.231354 17.947534 18.304004 -9999.0 -9999.0
-9999.0 -9999.0 -9999.0 -9999.0 -9999.0 -9999.0 -9999.0 -9999.0 10.531120 12.458415 11.951675 8.800581 12.307572 9.813021 11.084877 10.873011 12.561601 14.433505 15.873538 20.150910 17.112744 19.146732 18.853939 16.152328 18.064359 14.154724 12.492002 10.252346 8.506319 10.585881 10.234884 11.822266 8.670597 8.763165 11.127883 12.558468 0.261505 11.915958 9.525018 8.755257 9.382483 9.216533 10.031822 10.993526 8.842986 10.676612 10.194890 11.075443 9.678304 12.453256 15.537703 14.409343 11.466799 11.111982 13.857132 14.461913 15.619280 16.481249 17.758800 18.097290 18.152719 -9999.0 -9999.0
-9999.0 -9999.0 -9999.0 -9999.0 -9999.0 -9999.0 -9999.0 -9999.0 9.247420 12.023690 11.391679 9.613998 12.672071 11.124160 11.697667 12.851517 15.287823 16.192824 17.082547 16.178104 16.795685 17.225785 19.385836 18.973245 14.939326 13.073608 11.366765 9.619279 12.558733 10.858343 10.159385 10.514143 11.258742 11.289517 9.527085 11.608146 12.914393 12.602150 0.536657 9.330144 9.966272 10.567863 10.852752 11.174988 10.341364 10.781610 11.724378 12.133165 11.918612 11.662234 13.519809 16.022208 15.394088 14.322293 16.067302 16.603685 17.391281 16.913296 18.006960 17.987320 16.998366 15.001320 -9999.0
-9999.0 -9999.0 -9999.0 -9999.0 -9999.0 -9999.0 -9999.0 -9999.0 9.439315 11.971812 10.061746 11.023136 12.016657 12.585221 15.927198 15.291958 16.551800 14.138508 12.816393 14.172047 15.673134 17.081880 17.331305 17.419569 17.297301 12.647005 10.525022 11.731661 12.501959 12.320610 10.432653 11.786945 13.003272 11.858900 0.267223 0.276662 11.691374 13.557727 12.848803 11.422267 10.408634 9.215847 11.154679 10.836858 9.412982 12.515218 10.975832 12.003083 11.854481 13.852603 15.408446 15.723089 16.530280 17.123957 17.372591 17.431097 17.848306 17.866001 17.766061 17.026636 15.842262 14.178058 -9999.0
-9999.0 -9999.0 11.164812 11.509031 9.588991 9.802292 10.283796 9.494502 10.908151 11.667586 9.883636 12.721632 12.906161 14.435288 18.066067 14.920639 12.624336 10.895801 11.267254 12.559465 14.339854 16.586037 17.085074 17.136557 15.966870 13.903223 12.605583 12.467296 13.549778 14.790693 11.170006 11.488812 15.076592 12.383468 13.209865 12.403707 14.262296 14.680054 13.597309 11.886847 12.676440 13.031349 12.511746 12.752505 10.658134 11.782508 13.281779 13.015820 14.853155 16.169973 17.226525 17.642726 17.768799 17.802429 17.747461 20.789102 17.098164 17.093390 16.238258 15.517189 16.220697 13.253498 -9999.0
-9999.0 10.318690 10.207846 10.125304 9.903035 10.505864 10.207978 8.981646 8.515202 10.938161 10.618282 11.966952 13.939076 16.727234 17.162061 12.568866 11.421355 10.339468 11.060695 12.514005 14.520702 15.907762 18.837373 16.752025 18.996930 15.899870 17.452797 17.499907 15.586487 14.553792 14.160297 13.804018 14.049013 16.307103 15.107575 15.738588 16.441184 16.453458 16.252595 15.419298 15.200981 15.191603 14.777854 13.409147 12.896840 13.641332 15.162256 16.104426 17.134300 17.675224 17.295400 17.254494 16.821503 16.689264 16.706054 16.223018 14.865078 14.900574 14.632113 15.166629 12.776740 12.899769 -9999.0
-9999.0 12.646229 11.134291 11.358635 13.455357 11.236362 9.215167 8.911212 11.001642 11.220578 10.582347 11.818964 14.064880 17.355032 13.241644 11.103852 10.242483 10.324365 12.074754 12.604143 15.300106 14.498330 16.192740 16.686409 20.334226 20.584648 16.675361 16.713453 16.470774 16.379630 16.194514 15.613988 15.197411 15.566661 18.099307 17.225577 21.397220 21.888380 18.106809 17.867945 17.527042 16.708524 16.234586 16.142269 16.545227 16.840871 17.131816 17.345512 17.002308 17.047529 16.206896 15.262597 15.013490 15.447026 15.042657 13.617630 13.585612 12.713586 12.348703 11.593615 11.569152 -9999.0 -9999.0
