user2019/resources/simulation/Vinschgau/output-maps/TL0004N0093.asc
ncols         63
nrows         48
xllcorner     598000.000000
yllcorner     5145000.000000
cellsize      1000.000000
NODATA_value  -9999.0
[rows 0 to 27 of 48, columns 0 to 61 of 63]
-9999.0 -9999.0 -9999.0 -9999.0 -9999.0 -9999.0 -9999.0 -9999.0 -9999.0 -9999.0 -9999.0 -9999.0 -9999.0 -9999.0 -9999.0 -9999.0 -9999.0 -9999.0 -9999.0 -9999.0 -9999.0 -9999.0 -9999.0 -9999.0 -9999.0 -9999.0 -9999.0 -9999.0 -9999.0 -9999.0 -9999.0 -9999.0 -9999.0 -9999.0 -9999.0 -9999.0 -9999.0 -9999.0 -9999.0 -9999.0 -9999.0 -9999.0 -9999.0 -9999.0 -9999.0 -9999.0 -9999.0 -9999.0 -9999.0 -9999.0 -9999.0 -9999.0 -9999.0 -9999.0 -9999.0 -9999.0 -9999.0 -9999.0 -9999.0 -9999.0 -9999.0 -9999.0
-9999.0 -9999.0 -9999.0 -9999.0 -9999.0 -9999.0 -9999.0 -9999.0 -9999.0 -9999.0 -9999.0 -9999.0 -9999.0 -9999.0 -9999.0 -9999.0 -9999.0 -9999.0 -9999.0 -9999.0 -9999.0 -9999.0 -9999.0 -9999.0 -9999.0 -9999.0 -9999.0 -1.144844 -1.295436 -1.231629 -1.166212 -1.170065 -1.260573 -9999.0 -9999.0 -9999.0 -9999.0 -9999.0 -9999.0 -9999.0 -9999.0 -9999.0 -9999.0 -9999.0 -9999.0 -9999.0 -9999.0 -9999.0 -9999.0 -9999.0 -9999.0 -9999.0 -9999.0 -9999.0 -9999.0 -9999.0 -9999.0 -9999.0 -9999.0 -9999.0 -9999.0 -9999.0
-9999.0 -9999.0 -9999.0 -9999.0 -9999.0 -9999.0 -9999.0 -9999.0 -9999.0 -9999.0 -9999.0 -9999.0 -9999.0 -9999.0 -9999.0 -9999.0 -9999.0 -9999.0 -9999.0 -9999.0 -9999.0 -9999.0 -9999.0 -9999.0 -0.314969 -1.303320 -1.479339 -1.451979 -1.472382 -1.369853 -1.174673 -9999.0 -9999.0 -9999.0 -9999.0 -9999.0 -9999.0 -9999.0 -9999.0 -9999.0 -9999.0 -9999.0 -9999.0 -9999.0 -9999.0 -9999.0 -9999.0 -9999.0 -9999.0 -9999.0 -9999.0 -9999.0 -9999.0 -9999.0 -9999.0 -9999.0 -9999.0 -9999.0 -9999.0 -9999.0 -9999.0 -9999.0
-9999.0 -9999.0 -9999.0 -9999.0 -9999.0 -9999.0 -9999.0 -9999.0 -9999.0 -9999.0 -9999.0 -9999.0 -9999.0 -9999.0 -9999.0 -9999.0 -9999.0 -9999.0 -9999.0 -9999.0 -9999.0 -9999.0 -9999.0 -0.910733 -0.352740 -0.004509 -0.007543 -0.001505 -0.092798 -1.419386 -1.356627 -1.196621 -9999.0 -9999.0 -9999.0 -9999.0 -9999.0 -9999.0 -9999.0 -9999.0 -9999.0 -9999.0 -9999.0 -9999.0 -9999.0 -9999.0 -9999.0 -9999.0 -9999.0 -9999.0 -9999.0 -9999.0 -9999.0 -9999.0 -9999.0 -9999.0 -9999.0 -9999.0 -9999.0 -9999.0 -9999.0 -9999.0
-9999.0 -9999.0 -9999.0 -9999.0 -9999.0 -9999.0 -9999.0 -9999.0 -9999.0 -9999.0 -9999.0 -9999.0 -9999.0 -9999.0 -9999.0 -9999.0 -9999.0 -9999.0 -0.004012 -0.019474 -9999.0 -0.769966 -0.357404 -0.000775 -0.001713 -0.131760 -0.340611 -0.325997 -0.031775 -0.184582 -1.457456 -1.346109 -1.288002 -1.351416 -9999.0 -9999.0 -9999.0 -9999.0 -9999.0 -9999.0 -9999.0 -9999.0 -9999.0 -9999.0 -9999.0 -9999.0 -9999.0 -9999.0 -9999.0 -9999.0 -9999.0 -9999.0 -9999.0 -9999.0 -9999.0 -9999.0 -9999.0 -9999.0 -9999.0 -9999.0 -9999.0 -9999.0
-9999.0 -9999.0 -9999.0 -9999.0 -9999.0 -9999.0 -9999.0 -9999.0 -9999.0 -9999.0 -9999.0 -9999.0 -9999.0 -9999.0 -9999.0 -9999.0 -9999.0 -2.226523 -0.115860 -1.234547 -1.232120 -0.362430 -0.092962 -0.159711 -0.119734 -0.277391 -0.729821 -0.229157 -1.244225 -0.367230 -0.086286 -1.366775 -1.419520 -1.362484 -1.297349 -2.290152 -9999.0 -9999.0 -9999.0 -9999.0 -9999.0 -9999.0 -9999.0 -9999.0 -9999.0 -9999.0 -9999.0 -9999.0 -9999.0 -9999.0 -9999.0 -9999.0 -9999.0 -9999.0 -9999.0 -9999.0 -9999.0 -9999.0 -9999.0 -9999.0 -9999.0 -9999.0
-9999.0 -9999.0 -9999.0 -9999.0 -9999.0 -9999.0 -9999.0 -9999.0 -9999.0 -9999.0 -9999.0 -9999.0 -9999.0 -1.127772 -0.092299 -0.263095 -0.220579 -0.829629 -2.318259 -0.003601 -0.003252 -0.002137 -0.110002 -0.107998 -1.637350 -1.273845 -1.158343 -1.191944 -1.198770 -0.404645 -0.440439 -1.374630 -1.290405 -1.834773 -2.752516 -3.049349 -9999.0 -9999.0 -9999.0 -9999.0 -9999.0 -9999.0 -9999.0 -9999.0 -9999.0 -9999.0 -9999.0 -9999.0 -9999.0 -9999.0 -9999.0 -9999.0 -9999.0 -9999.0 -9999.0 -9999.0 -9999.0 -9999.0 -9999.0 -9999.0 -9999.0 -9999.0
-9999.0 -9999.0 -9999.0 -9999.0 -9999.0 -9999.0 -9999.0 -9999.0 -9999.0 -9999.0 -9999.0 -9999.0 -9999.0 -0.082499 -0.001842 -0.176869 -0.194565 -0.039933 -1.374390 -0.261004 -1.583209 -0.720536 -0.098208 -0.249234 -0.299204 -1.290289 -1.339912 -1.311868 -1.549650 -1.213497 -0.986078 -1.668120 -2.825177 -3.417168 -3.347227 -9999.0 -9999.0 -9999.0 -9999.0 -9999.0 -9999.0 -9999.0 -9999.0 -9999.0 -9999.0 -9999.0 -9999.0 -9999.0 -9999.0 -9999.0 -9999.0 -9999.0 -9999.0 -9999.0 -9999.0 -9999.0 -9999.0 -9999.0 -9999.0 -9999.0 -9999.0 -9999.0
-9999.0 -9999.0 -9999.0 -9999.0 -9999.0 -9999.0 -9999.0 -9999.0 -9999.0 -9999.0 -9999.0 -9999.0 -9999.0 -0.028549 -0.005863 -0.005143 -0.232624 -0.229701 -1.613731 -0.248116 -0.106450 -1.388612 -0.124671 -0.730234 -0.253289 -0.093346 -1.236302 -1.535402 -1.328153 -2.194488 -1.383088 -3.122120 -3.132998 -3.529726 -3.706206 -9999.0 -9999.0 -9999.0 -9999.0 -9999.0 -9999.0 -9999.0 -9999.0 -9999.0 -9999.0 -9999.0 -9999.0 -9999.0 -9999.0 -9999.0 -9999.0 -9999.0 -9999.0 -9999.0 -9999.0 -9999.0 -9999.0 -9999.0 -9999.0 -9999.0 -9999.0 -9999.0
-9999.0 -9999.0 -9999.0 -9999.0 -9999.0 -9999.0 -9999.0 -9999.0 -9999.0 -9999.0 -9999.0 -9999.0 -0.012500 -0.002756 -0.003748 -1.505862 -0.103254 -0.239673 -0.073402 -2.234455 -0.121279 -1.348598 -1.177648 -0.758994 -0.355516 -1.231133 -0.609741 -1.199226 -1.338539 -1.997811 -1.570526 -1.324569 -1.570957 -2.582593 -9999.0 -9999.0 -9999.0 -9999.0 -9999.0 -9999.0 -9999.0 -9999.0 -9999.0 -9999.0 -9999.0 -9999.0 -9999.0 -9999.0 -9999.0 -9999.0 -9999.0 -9999.0 -9999.0 -9999.0 -9999.0 -9999.0 -9999.0 -9999.0 -9999.0 -9999.0 -9999.0 -9999.0
-9999.0 -9999.0 -9999.0 -9999.0 -9999.0 -9999.0 -9999.0 -9999.0 -9999.0 -9999.0 -9999.0 -0.335008 -0.348449 -0.008583 -1.413317 -1.274634 -1.282070 -0.251929 -0.082283 -2.208428 -0.609713 -0.011172 -1.211274 -1.184799 -1.267286 -1.201132 -1.232653 -1.260085 -1.474352 -2.546862 -1.231657 -1.598797 -1.501748 -2.881357 -2.473864 -3.669627 -4.931377 -4.289357 -4.055523 -9999.0 -9999.0 -9999.0 -2.770623 -9999.0 -9999.0 -9999.0 -9999.0 -9999.0 -9999.0 -9999.0 -9999.0 -9999.0 -9999.0 -9999.0 -9999.0 -9999.0 -9999.0 -9999.0 -9999.0 -9999.0 -9999.0 -9999.0
-9999.0 -9999.0 -9999.0 -9999.0 -9999.0 -9999.0 -9999.0 -9999.0 -9999.0 -9999.0 -9999.0 -0.959028 -0.429830 -0.081683 -0.099088 -1.107353 -0.087180 -0.185368 -0.084035 -0.087996 -0.101258 -0.004395 -0.853593 -1.245905 -1.253036 -1.178589 -1.276402 -1.367844 -1.203075 -1.335867 -1.499306 -1.688941 -1.737240 -1.654564 -2.284238 -4.491802 -4.532294 -7.677179 -8.700253 -8.476645 -6.774158 -4.865799 -2.317491 -1.786837 -9999.0 -9999.0 -9999.0 -0.082922 -0.047272 -0.478975 -0.010988 -0.339847 -0.309022 -0.005172 -0.005054 -0.022298 -9999.0 -9999.0 -9999.0 -9999.0 -9999.0 -9999.0
-9999.0 -9999.0 -9999.0 -9999.0 -9999.0 -9999.0 -9999.0 -9999.0 -9999.0 -9999.0 -9999.0 -0.802919 -1.027490 -1.363082 -0.321813 -1.394069 -0.158954 -0.237159 -0.074822 -0.089540 -0.270667 -0.121285 -0.328792 -0.851232 -1.169850 -1.218446 -1.256386 -1.319929 -1.161948 -1.225607 -1.448846 -1.592694 -1.815073 -1.830353 -3.351712 -3.801318 -9.244086 -6.472940 -6.017136 -12.566071 -5.159175 -5.021793 -2.435467 -1.865359 -1.482140 -9999.0 -0.973229 -0.292423 -0.017590 -0.005924 -0.011432 -0.517679 -0.000930 -0.000094 -0.000061 -0.003088 -9999.0 -9999.0 -9999.0 -9999.0 -9999.0 -9999.0
-9999.0 -9999.0 -9999.0 -9999.0 -9999.0 -9999.0 -9999.0 -9999.0 -9999.0 -9999.0 -9999.0 -9999.0 -0.638649 -0.313535 -0.009291 -0.047417 -0.311373 -0.274022 -0.080247 -0.098588 -0.328195 -0.100298 -0.012871 -0.187808 -1.337105 -0.836884 -0.004645 -1.208775 -1.179860 -1.218697 -1.430147 -1.709755 -1.663553 -1.788010 -2.184969 -4.840660 -9.860460 -5.847592 -5.096730 -8.506066 -4.684602 -3.588280 -3.041422 -0.342728 -1.514001 -1.147833 -1.038877 -0.479758 -0.844235 -1.131390 -0.272776 -0.009025 -0.099833 -0.007775 -0.300895 -0.469968 -0.008280 -9999.0 -9999.0 -9999.0 -9999.0 -9999.0
-9999.0 -9999.0 -9999.0 -9999.0 -9999.0 -9999.0 -9999.0 -9999.0 -9999.0 -9999.0 -9999.0 -0.236275 -1.087220 -0.874076 -0.084141 -0.102253 -0.086454 -0.277861 -0.010123 -2.509190 -0.308205 -0.011898 -0.106630 -0.984652 -0.441598 -0.115455 -0.347208 -1.203072 -1.293950 -1.265321 -1.645076 -1.794633 -0.894090 -1.732271 -3.714177 -4.156830 -7.329760 -8.732451 -3.211896 -5.609503 -3.887063 -4.246057 -3.028305 -2.413343 -0.048984 -1.202388 -0.608212 -1.113661 -0.623464 -1.567708 -0.886250 -0.894476 -0.830231 -0.800899 -0.741198 -0.748924 -0.203624 -9999.0 -9999.0 -9999.0 -9999.0 -9999.0
-9999.0 -9999.0 -9999.0 -9999.0 -9999.0 -9999.0 -9999.0 -9999.0 -9999.0 -9999.0 -0.174730 -0.038204 -0.011197 -1.067407 -0.006287 -0.060387 -1.359256 -0.287325 -0.221220 -0.255724 -0.017139 -0.105120 -0.039828 -0.005368 -0.010048 -0.297873 -1.230574 -1.217070 -0.329158 -0.114126 -0.367649 -1.569556 -1.460773 -1.527711 -4.107418 -3.539585 -4.758819 -9.303479 -6.401173 -5.118251 -4.892545 -3.805040 -2.354637 -4.039614 -0.389379 -1.358479 -0.393358 -1.547025 -0.347202 -0.314795 -0.858188 -0.824057 -0.809316 -0.806071 -0.748925 -0.003632 -0.003502 -9999.0 -9999.0 -9999.0 -9999.0 -9999.0
-9999.0 -9999.0 -9999.0 -9999.0 -9999.0 -9999.0 -9999.0 -9999.0 -9999.0 -1.001643 -0.223630 -0.218450 -0.055019 -0.102486 -0.019969 -1.034115 -0.943598 -0.006817 -0.299280 -2.256954 -0.032895 -0.136615 -0.022462 -0.014557 -0.236343 -1.315579 -1.499218 -0.040153 -0.159017 -0.152683 -0.160323 -1.399562 -2.369623 -2.740472 -2.516887 -3.602558 -2.173003 -2.912461 -2.655812 -3.782319 -5.406318 -2.071082 -1.694413 -4.134538 -2.360253 -0.149130 0.000688 -1.137647 -1.186667 -0.271333 -1.046521 -0.444590 -0.825675 -0.699763 -0.362790 -0.070748 -0.004719 -0.000048 -0.001499 -9999.0 -9999.0 -9999.0
-9999.0 -9999.0 -9999.0 -9999.0 -9999.0 -9999.0 -9999.0 -9999.0 -9999.0 -1.034289 -1.036414 -1.122029 -0.002443 -0.090382 -0.015635 -0.024984 -0.002472 -0.109113 -0.255461 -0.090759 -0.095859 -0.114573 -0.114892 -0.124132 -1.328009 -0.766611 -0.153159 -0.110034 -0.130116 -0.396960 -1.589122 -1.402248 -1.274282 -1.358006 -1.644777 -1.796469 -2.002275 -2.008981 -2.167520 -1.737927 -0.503576 -1.525122 -1.384184 -1.958553 -2.610934 -0.440991 -0.322147 -0.116722 -0.125330 -0.316065 -0.829112 -0.540091 -0.540301 -0.688956 -0.726077 -0.089687 -0.005270 -0.006184 -0.000027 -9999.0 -9999.0 -9999.0
-9999.0 -9999.0 -9999.0 -9999.0 -9999.0 -9999.0 -9999.0 -9999.0 -9999.0 -9999.0 -1.024075 -1.054730 -0.482452 -0.087599 -0.077645 -0.013606 -0.016129 -0.108420 -3.898661 -0.335687 -0.094066 -0.104640 -0.015596 -0.016264 -0.487114 -0.165381 -0.139250 -0.562970 -1.364536 -1.351425 -1.227883 -0.378709 -1.184642 -1.170660 -1.496853 -0.871395 -0.433126 -1.755010 -1.569361 -1.421955 -1.551355 -1.026626 -1.225719 -1.293983 -1.542367 -2.172721 -1.615285 -0.086768 -3.651520 -0.106182 -0.840046 -0.475149 -0.222517 -0.381476 -0.472139 -0.729745 -0.175148 -0.096551 -0.003854 -0.004590 -9999.0 -9999.0
-9999.0 -9999.0 -9999.0 -9999.0 -9999.0 -9999.0 -9999.0 -9999.0 -9999.0 -9999.0 -1.029680 -1.050417 -0.620719 -0.067872 -0.010608 -0.056625 -0.058259 -0.115171 -1.208877 -0.966891 -0.320104 -0.064820 -0.004589 -0.153878 -0.097020 -0.158353 -0.423001 -0.305818 -1.333497 -1.238665 -1.197743 -0.702087 -1.236034 -1.147008 -1.175296 -1.367908 -1.977184 -1.698903 -1.431826 -1.198580 -1.142904 -1.172516 -0.796919 -1.141550 -0.258911 -0.812814 -0.244260 -1.509947 -4.566994 -0.623366 -0.099597 -0.105498 -0.016161 -0.341529 -0.407660 -0.061048 -0.743900 -0.004522 -2.477467 -0.183270 -9999.0 -9999.0
-9999.0 -9999.0 -9999.0 -9999.0 -9999.0 -9999.0 -9999.0 -9999.0 -0.011611 -0.010942 -0.898280 -0.482298 -0.584860 -0.685934 -0.089700 -0.102142 -0.169153 -0.082849 -0.711203 -0.664000 -1.477413 -4.142277 -0.515567 -0.006262 -0.011445 -3.258157 -0.125781 -0.951510 -0.788818 -1.184070 -1.698074 -1.102753 -1.083741 -1.072570 -0.920733 -1.204947 -0.679532 -1.610523 -1.263557 -1.089766 -1.044242 -1.172461 -1.036582 -1.051277 -0.813128 -0.022504 -1.018787 -0.009849 -1.143546 -0.545318 -0.104033 -0.008859 -0.008999 -0.226375 -0.009233 -0.000111 0.000007 -0.003493 -0.102807 -0.854379 -9999.0 -9999.0
-9999.0 -9999.0 -9999.0 -9999.0 -9999.0 -9999.0 -9999.0 -9999.0 -0.663332 -0.009996 -1.112852 -1.050557 -1.098559 -0.117648 -0.030437 -0.248154 -0.079665 -0.087593 -2.350629 -0.358466 -0.139567 -0.289295 -0.719853 -0.142091 -4.518603 -2.323086 -0.483860 -0.851470 -1.145370 -0.959957 -0.938439 -1.149382 -0.640789 -0.982994 -0.112652 -0.133961 -0.641157 -0.381288 -1.154139 -0.380329 -0.992650 -1.043807 -0.952430 -0.038756 -0.120475 -0.127820 -0.916062 -0.919435 -0.650801 -0.244710 -0.256886 -0.096052 -0.012557 -0.001587 -0.033634 -0.361859 -0.009743 -0.107779 -1.434219 -0.005387 -0.003075 -9999.0
-9999.0 -9999.0 -9999.0 -9999.0 -9999.0 -9999.0 -9999.0 -9999.0 -1.050536 -0.755482 -0.006512 -0.976827 -0.542511 -0.977862 -0.006566 -0.038968 -0.292995 -0.094000 -1.226388 -0.115617 -0.348850 -0.227711 -0.285035 -1.127316 -0.503311 -0.329064 -0.373935 -1.210066 -1.266962 -1.274874 -1.152744 -0.161578 -1.192927 -1.118739 -0.026786 -0.057595 -0.590252 -0.301175 -1.054055 -0.862260 -0.616330 -0.865252 -0.030432 -0.608922 -0.672623 -0.937342 -0.447017 -0.006699 -0.297399 -0.272956 -1.092517 -0.101885 -0.023094 -0.706167 -0.098584 -0.090368 -0.231306 -0.631052 -0.084513 -0.061651 -0.003736 -9999.0
-9999.0 -9999.0 -9999.0 -9999.0 -9999.0 -9999.0 -9999.0 -9999.0 -0.971597 -0.845059 -0.008049 -1.122446 -0.006160 -0.005878 -0.002600 -0.345226 -4.011975 -1.185288 -0.510978 -1.155573 -0.373554 -0.369475 -0.256581 -0.322571 -0.114579 -0.114143 -0.018591 -1.255880 -0.077258 -0.115547 -1.166259 -1.174245 -0.021754 -0.107794 -1.049568 -0.515805 -0.573492 -0.108929 -0.797670 -0.956343 -0.091195 -0.011297 -0.008139 -0.908630 -0.011974 -0.452911 -0.001409 -0.486193 -0.004550 -0.919176 -0.094891 -1.083050 -0.094128 -0.008738 -0.278551 -0.652175 -0.175455 -0.569361 -0.206269 -0.004967 -0.080962 -0.078081
-9999.0 -9999.0 -9999.0 -9999.0 -9999.0 -9999.0 -9999.0 -9999.0 -0.754170 -0.263085 -0.006706 -0.004178 -0.002332 -0.140271 -0.009119 -0.116440 -0.151617 -0.264623 -0.093123 -0.097338 -1.424965 -0.366274 -0.401463 -0.461345 -0.013291 -0.002331 -0.253797 -0.013590 -0.005507 -0.125569 -0.090405 -0.101139 -0.108653 -0.084777 -1.035998 -0.583840 -0.197223 -0.009631 -0.663089 -0.436976 -0.798612 -0.530492 -0.096536 -0.529639 -1.006982 -0.012115 -0.787614 -0.114564 -0.017742 -0.079421 -0.135245 -1.596870 -0.949945 -0.349844 -0.181035 -0.171285 -0.022016 -0.010354 -0.064771 -0.076594 -0.466985 -0.068015
-9999.0 -9999.0 -0.970144 -0.317284 -0.346537 -0.731734 -0.018409 -1.042139 -0.620943 -0.163506 -0.288575 -0.188665 -0.250153 -0.039672 -0.008982 -0.089727 -0.637625 -0.692284 -0.619896 -0.098409 -0.095907 -1.091647 -0.381482 -1.057012 -0.256212 -0.131067 -0.006205 -0.123309 -0.430375 -0.048104 -0.014564 -0.004848 -0.012920 -0.324182 -0.099693 -0.268922 -0.089267 -0.005398 -0.078225 -0.071598 -0.096534 -0.052760 -0.850382 -0.099217 -0.057856 -0.098045 -0.106818 -0.354191 -1.810292 -0.827102 -0.276215 -0.186846 -0.212107 -0.203581 -0.186812 -0.086382 -0.138511 -0.115454 -0.139596 -0.502621 -0.007283 -0.003620
-9999.0 -0.020957 -0.020050 -0.012550 -0.125049 -0.007994 -0.359436 -0.662861 -0.644515 -0.899628 -0.279849 -0.005816 -0.040765 0.026824 -0.004116 -0.003829 -0.431031 -0.548006 -0.092679 -0.108804 -0.093495 -1.285355 -0.188465 -0.908331 -0.222252 -0.600739 -0.111953 -0.099753 -1.160600 -0.128638 -0.115628 -0.107771 -0.092697 -0.082064 -0.079309 -0.076656 -0.072625 -0.066953 -0.077091 -0.081330 -0.080951 -0.075561 -0.077831 -0.099362 -0.097459 -0.131087 -0.952764 -1.192352 -0.265997 -0.764748 -0.250398 -0.186438 -0.184158 -0.418129 -0.400734 -0.554995 -0.092048 -0.090670 -0.082919 -0.073492 -0.001219 -0.001323
-9999.0 -0.146858 -0.092887 -0.009197 -0.000219 -0.012250 -0.084308 -1.110476 -0.662803 -0.903385 -0.429553 -0.006251 -0.093806 -0.002814 -0.264399 -0.561468 -0.852692 -1.031859 -0.006476 -0.305904 -0.007021 -0.094583 -1.121110 -0.738890 -0.075502 -0.156713 -0.616929 -0.373591 -0.367662 -1.188393 -0.842120 -1.060547 -0.982300 -0.372711 -0.064252 -0.011347 0.085372 0.182472 -0.003674 -0.004210 -0.113272 -0.195071 -0.240192 -0.665187 -0.426225 -0.293662 -0.047488 -0.010735 -0.243355 -0.251912 -0.643712 -1.925798 -0.178362 -0.796545 -0.234488 -0.091407 -0.088174 -0.023077 -0.007820 -0.004211 -0.004074 -9999.0
