user2019/resources/simulation/Vinschgau/output-maps/TL0004N0694.asc
ncols         63
nrows         48
xllcorner     598000.000000
yllcorner     5145000.000000
cellsize      1000.000000
NODATA_value  -9999.0
[rows 0 to 28 of 48, columns 0 to 62 of 63]
-9999.0 -9999.0 -9999.0 -9999.0 -9999.0 -9999.0 -9999.0 -9999.0 -9999.0 -9999.0 -9999.0 -9999.0 -9999.0 -9999.0 -9999.0 -9999.0 -9999.0 -9999.0 -9999.0 -9999.0 -9999.0 -9999.0 -9999.0 -9999.0 -9999.0 -9999.0 -9999.0 -9999.0 -9999.0 -9999.0 -9999.0 -9999.0 -9999.0 -9999.0 -9999.0 -9999.0 -9999.0 -9999.0 -9999.0 -9999.0 -9999.0 -9999.0 -9999.0 -9999.0 -9999.0 -9999.0 -9999.0 -9999.0 -9999.0 -9999.0 -9999.0 -9999.0 -9999.0 -9999.0 -9999.0 -9999.0 -9999.0 -9999.0 -9999.0 -9999.0 -9999.0 -9999.0 -9999.0
-9999.0 -9999.0 -9999.0 -9999.0 -9999.0 -9999.0 -9999.0 -9999.0 -9999.0 -9999.0 -9999.0 -9999.0 -9999.0 -9999.0 -9999.0 -9999.0 -9999.0 -9999.0 -9999.0 -9999.0 -9999.0 -9999.0 -9999.0 -9999.0 -9999.0 -9999.0 -9999.0 4.543294 5.649618 5.147029 3.813705 2.979489 3.798342 -9999.0 -9999.0 -9999.0 -9999.0 -9999.0 -9999.0 -9999.0 -9999.0 -9999.0 -9999.0 -9999.0 -9999.0 -9999.0 -9999.0 -9999.0 -9999.0 -9999.0 -9999.0 -9999.0 -9999.0 -9999.0 -9999.0 -9999.0 -9999.0 -9999.0 -9999.0 -9999.0 -9999.0 -9999.0 -9999.0
-9999.0 -9999.0 -9999.0 -9999.0 -9999.0 -9999.0 -9999.0 -9999.0 -9999.0 -9999.0 -9999.0 -9999.0 -9999.0 -9999.0 -9999.0 -9999.0 -9999.0 -9999.0 -9999.0 -9999.0 -9999.0 -9999.0 -9999.0 -9999.0 5.921661 6.897546 7.055543 7.214675 7.159397 6.619632 3.527114 -9999.0 -9999.0 -9999.0 -9999.0 -9999.0 -9999.0 -9999.0 -9999.0 -9999.0 -9999.0 -9999.0 -9999.0 -9999.0 -9999.0 -9999.0 -9999.0 -9999.0 -9999.0 -9999.0 -9999.0 -9999.0 -9999.0 -9999.0 -9999.0 -9999.0 -9999.0 -9999.0 -9999.0 -9999.0 -9999.0 -9999.0 -9999.0
-9999.0 -9999.0 -9999.0 -9999.0 -9999.0 -9999.0 -9999.0 -9999.0 -9999.0 -9999.0 -9999.0 -9999.0 -9999.0 -9999.0 -9999.0 -9999.0 -9999.0 -9999.0 -9999.0 -9999.0 -9999.0 -9999.0 -9999.0 7.025191 7.662113 8.918359 8.426305 9.066748 8.154485 6.678892 4.589189 3.769732 -9999.0 -9999.0 -9999.0 -9999.0 -9999.0 -9999.0 -9999.0 -9999.0 -9999.0 -9999.0 -9999.0 -9999.0 -9999.0 -9999.0 -9999.0 -9999.0 -9999.0 -9999.0 -9999.0 -9999.0 -9999.0 -9999.0 -9999.0 -9999.0 -9999.0 -9999.0 -9999.0 -9999.0 -9999.0 -9999.0 -9999.0
-9999.0 -9999.0 -9999.0 -9999.0 -9999.0 -9999.0 -9999.0 -9999.0 -9999.0 -9999.0 -9999.0 -9999.0 -9999.0 -9999.0 -9999.0 -9999.0 -9999.0 -9999.0 8.496478 7.576153 -9999.0 6.527237 7.179082 8.726365 8.519483 10.402431 8.869817 8.858707 10.702474 7.883409 6.694394 4.801432 4.216739 3.050898 -9999.0 -9999.0 -9999.0 -9999.0 -9999.0 -9999.0 -9999.0 -9999.0 -9999.0 -9999.0 -9999.0 -9999.0 -9999.0 -9999.0 -9999.0 -9999.0 -9999.0 -9999.0 -9999.0 -9999.0 -9999.0 -9999.0 -9999.0 -9999.0 -9999.0 -9999.0 -9999.0 -9999.0 -9999.0
-9999.0 -9999.0 -9999.0 -9999.0 -9999.0 -9999.0 -9999.0 -9999.0 -9999.0 -9999.0 -9999.0 -9999.0 -9999.0 -9999.0 -9999.0 -9999.0 -9999.0 10.189172 8.174563 7.870122 8.282929 6.581739 8.009250 7.994073 11.249947 6.747453 5.876712 6.821991 6.068764 7.948433 8.055671 6.729001 6.564711 4.903842 3.435166 2.053442 -9999.0 -9999.0 -9999.0 -9999.0 -9999.0 -9999.0 -9999.0 -9999.0 -9999.0 -9999.0 -9999.0 -9999.0 -9999.0 -9999.0 -9999.0 -9999.0 -9999.0 -9999.0 -9999.0 -9999.0 -9999.0 -9999.0 -9999.0 -9999.0 -9999.0 -9999.0 -9999.0
-9999.0 -9999.0 -9999.0 -9999.0 -9999.0 -9999.0 -9999.0 -9999.0 -9999.0 -9999.0 -9999.0 -9999.0 -9999.0 6.096415 7.302985 8.499151 10.191541 13.633963 9.863345 9.067356 9.066199 9.494570 9.396477 10.957937 6.326225 5.295610 5.152697 5.600599 5.689775 6.397017 7.110527 5.372833 4.232350 3.099417 2.561434 1.501381 -9999.0 -9999.0 -9999.0 -9999.0 -9999.0 -9999.0 -9999.0 -9999.0 -9999.0 -9999.0 -9999.0 -9999.0 -9999.0 -9999.0 -9999.0 -9999.0 -9999.0 -9999.0 -9999.0 -9999.0 -9999.0 -9999.0 -9999.0 -9999.0 -9999.0 -9999.0 -9999.0
-9999.0 -9999.0 -9999.0 -9999.0 -9999.0 -9999.0 -9999.0 -9999.0 -9999.0 -9999.0 -9999.0 -9999.0 -9999.0 6.861582 8.082632 8.595588 8.932007 10.300195 13.693315 10.753252 9.832980 9.081823 8.491407 7.182793 7.812461 6.783657 5.621398 3.655409 2.930692 4.688401 5.669545 2.789730 1.859122 0.018536 1.789397 -9999.0 -9999.0 -9999.0 -9999.0 -9999.0 -9999.0 -9999.0 -9999.0 -9999.0 -9999.0 -9999.0 -9999.0 -9999.0 -9999.0 -9999.0 -9999.0 -9999.0 -9999.0 -9999.0 -9999.0 -9999.0 -9999.0 -9999.0 -9999.0 -9999.0 -9999.0 -9999.0 -9999.0
-9999.0 -9999.0 -9999.0 -9999.0 -9999.0 -9999.0 -9999.0 -9999.0 -9999.0 -9999.0 -9999.0 -9999.0 -9999.0 8.389763 9.406249 9.109604 8.150491 9.470702 14.583792 10.365469 8.705302 8.705626 6.609992 6.012001 7.469823 6.983703 4.709629 2.195812 4.591861 1.764359 1.993846 0.062785 0.063625 0.029375 -0.228321 -9999.0 -9999.0 -9999.0 -9999.0 -9999.0 -9999.0 -9999.0 -9999.0 -9999.0 -9999.0 -9999.0 -9999.0 -9999.0 -9999.0 -9999.0 -9999.0 -9999.0 -9999.0 -9999.0 -9999.0 -9999.0 -9999.0 -9999.0 -9999.0 -9999.0 -9999.0 -9999.0 -9999.0
-9999.0 -9999.0 -9999.0 -9999.0 -9999.0 -9999.0 -9999.0 -9999.0 -9999.0 -9999.0 -9999.0 -9999.0 1.370012 9.015072 7.558233 6.274090 5.844571 8.394121 12.280523 9.216585 8.288086 6.519240 6.289695 6.213173 7.202030 3.318702 5.711967 3.962072 5.677293 1.740816 0.137747 4.329129 4.020562 1.396191 -9999.0 -9999.0 -9999.0 -9999.0 -9999.0 -9999.0 -9999.0 -9999.0 -9999.0 -9999.0 -9999.0 -9999.0 -9999.0 -9999.0 -9999.0 -9999.0 -9999.0 -9999.0 -9999.0 -9999.0 -9999.0 -9999.0 -9999.0 -9999.0 -9999.0 -9999.0 -9999.0 -9999.0 -9999.0
-9999.0 -9999.0 -9999.0 -9999.0 -9999.0 -9999.0 -9999.0 -9999.0 -9999.0 -9999.0 -9999.0 5.583223 1.421692 7.277090 1.110884 5.077087 5.787907 7.671290 12.345010 9.374769 7.177435 7.897219 5.964017 4.791338 6.649623 4.321514 1.700120 5.376139 4.375374 0.526866 4.180261 6.516485 4.045051 3.312193 4.116515 4.910991 6.279085 7.247424 7.226113 -9999.0 -9999.0 -9999.0 3.863910 -9999.0 -9999.0 -9999.0 -9999.0 -9999.0 -9999.0 -9999.0 -9999.0 -9999.0 -9999.0 -9999.0 -9999.0 -9999.0 -9999.0 -9999.0 -9999.0 -9999.0 -9999.0 -9999.0 -9999.0
-9999.0 -9999.0 -9999.0 -9999.0 -9999.0 -9999.0 -9999.0 -9999.0 -9999.0 -9999.0 -9999.0 4.828186 1.278677 1.355847 6.447015 3.695968 7.105147 7.568581 12.326233 10.264978 9.395564 7.696967 6.150184 4.279144 5.002175 4.413456 5.727761 6.095510 4.155967 1.897986 5.770851 6.384514 4.741194 3.901908 4.696549 5.693242 7.935295 9.873865 7.761420 5.802208 6.208265 5.559888 6.057110 3.953836 -9999.0 -9999.0 -9999.0 3.215896 3.838314 4.329189 4.500536 3.571399 3.236498 3.606941 3.763235 2.786318 -9999.0 -9999.0 -9999.0 -9999.0 -9999.0 -9999.0 -9999.0
-9999.0 -9999.0 -9999.0 -9999.0 -9999.0 -9999.0 -9999.0 -9999.0 -9999.0 -9999.0 -9999.0 5.484631 4.383838 1.203690 5.510277 5.645368 1.543307 7.241071 10.421301 11.559149 7.879309 7.085152 6.021826 5.905884 3.828529 7.197082 6.152964 5.534052 3.205346 3.037043 3.781304 5.485653 6.333128 3.468922 4.171989 7.300635 7.081915 7.714454 11.238640 6.920963 8.204979 6.362753 7.487031 6.111798 3.897267 -9999.0 1.557549 4.303590 5.806506 6.925825 7.494617 7.107413 6.634789 6.014923 5.830252 4.705560 -9999.0 -9999.0 -9999.0 -9999.0 -9999.0 -9999.0 -9999.0
-9999.0 -9999.0 -9999.0 -9999.0 -9999.0 -9999.0 -9999.0 -9999.0 -9999.0 -9999.0 -9999.0 -9999.0 4.925726 1.115284 6.936676 6.059766 5.315429 6.984210 11.065449 11.747083 7.849992 7.642661 7.492610 6.415255 4.706445 6.032857 8.388560 4.531371 4.268543 4.569525 5.540109 5.780054 5.546255 4.529652 3.152208 4.992267 5.860357 7.919187 12.252952 9.241624 9.519231 10.128041 7.240525 7.821775 4.801676 4.458776 4.229011 4.246954 4.904396 6.887376 8.169343 5.574099 6.883845 5.042072 4.346009 3.331942 3.814491 -9999.0 -9999.0 -9999.0 -9999.0 -9999.0 -9999.0
-9999.0 -9999.0 -9999.0 -9999.0 -9999.0 -9999.0 -9999.0 -9999.0 -9999.0 -9999.0 -9999.0 4.742959 3.317269 5.497688 1.268098 1.369728 6.660419 7.010620 10.703806 10.047183 8.298081 7.617232 7.183329 6.034169 6.392389 7.467277 6.119121 3.278629 5.951009 5.754965 6.098726 6.866164 7.470677 4.078183 2.691085 4.662709 4.711583 6.931475 9.186075 12.219348 7.594871 8.989887 8.692269 7.591090 8.426003 4.518246 6.248720 5.813281 6.862368 7.843403 3.992070 1.792504 3.264489 2.126126 0.436665 0.128763 3.566537 -9999.0 -9999.0 -9999.0 -9999.0 -9999.0 -9999.0
-9999.0 -9999.0 -9999.0 -9999.0 -9999.0 -9999.0 -9999.0 -9999.0 -9999.0 -9999.0 6.694639 5.598913 6.624161 6.685646 7.711044 7.104396 6.432420 6.665598 9.553203 10.146199 10.858368 9.199109 6.492849 9.665902 7.920870 7.115280 5.014633 4.116814 7.237751 7.863922 7.602617 6.656010 4.240122 3.028492 1.296767 3.971937 6.865127 6.464277 7.320427 9.875738 10.057541 9.257169 10.028369 8.827272 7.589007 6.567170 5.928909 7.100676 7.957506 8.081763 3.749253 1.527870 0.057794 0.123006 0.113713 5.014000 4.546799 -9999.0 -9999.0 -9999.0 -9999.0 -9999.0 -9999.0
-9999.0 -9999.0 -9999.0 -9999.0 -9999.0 -9999.0 -9999.0 -9999.0 -9999.0 4.162342 5.643536 5.657688 6.644588 5.678594 6.307934 5.902219 5.641548 9.555851 9.424496 10.404941 11.204355 8.262504 8.208899 9.574015 7.981957 5.821418 5.468828 8.829933 7.753621 8.249320 8.759480 5.109676 2.100950 1.041575 3.992404 4.020125 4.591267 5.458703 5.610282 7.023943 7.677699 6.806713 6.802605 9.546932 8.568488 8.006529 9.553715 7.078326 6.970716 8.878984 5.670022 2.920572 0.140564 0.118695 3.358271 4.206086 5.016090 4.770854 3.704689 -9999.0 -9999.0 -9999.0 -9999.0
-9999.0 -9999.0 -9999.0 -9999.0 -9999.0 -9999.0 -9999.0 -9999.0 -9999.0 4.055157 4.077123 5.774639 9.666079 7.435087 6.734360 6.172687 8.761711 8.514317 9.578601 13.159409 12.988167 13.043468 9.612441 8.659581 6.242283 6.661875 7.678424 8.401704 9.939174 8.010060 7.592747 4.919138 3.986999 3.758219 5.271938 7.076001 6.993273 5.737466 4.754791 6.463716 5.615740 4.917237 7.417512 8.613895 9.877882 10.970484 10.703588 9.425024 8.725543 8.688075 4.183011 2.763287 0.869181 1.605300 2.444082 3.022254 5.147287 6.143296 6.155921 -9999.0 -9999.0 -9999.0 -9999.0
-9999.0 -9999.0 -9999.0 -9999.0 -9999.0 -9999.0 -9999.0 -9999.0 -9999.0 -9999.0 4.188266 6.136377 6.410742 7.585457 7.974998 7.173215 7.680413 9.189969 10.292225 12.014372 11.163911 8.958021 7.522643 6.814435 6.903645 8.595800 9.450007 10.365765 7.833249 5.412403 5.016280 5.916383 2.852149 3.517487 6.212205 7.602671 8.009026 7.023153 5.668069 2.033183 2.449935 7.208507 8.253963 6.530722 7.288174 7.427279 8.270582 10.057864 11.171548 8.783482 5.178400 5.162686 2.945167 1.169995 0.223292 3.251234 4.608438 8.498323 8.708591 8.875031 -9999.0 -9999.0 -9999.0
-9999.0 -9999.0 -9999.0 -9999.0 -9999.0 -9999.0 -9999.0 -9999.0 -9999.0 -9999.0 4.164089 4.848194 5.675015 6.992133 11.738111 7.927411 7.809381 9.385598 10.761666 12.400523 10.482551 8.792550 7.696362 7.712388 8.359008 10.094221 11.268164 8.417265 6.018105 3.389751 3.981291 5.325434 3.958503 1.960820 3.842857 5.586837 7.407278 6.608888 4.598966 2.286346 4.933138 6.750434 5.382911 4.067026 6.165932 6.067655 6.884641 7.362057 9.421583 10.849769 8.823255 5.582259 4.106245 3.326650 1.837441 3.646392 2.622688 6.719253 9.994311 11.288626 -9999.0 -9999.0 -9999.0
-9999.0 -9999.0 -9999.0 -9999.0 -9999.0 -9999.0 -9999.0 -9999.0 6.477812 6.264507 5.716742 5.436935 5.830846 6.189692 6.698438 9.494546 9.898795 13.674631 12.745319 12.956829 11.955583 10.573465 9.838219 8.590027 9.601552 11.171935 10.832238 6.700752 5.626069 3.926647 2.141661 4.112672 4.252198 3.997309 4.893030 2.992171 6.805973 6.773251 3.364967 4.899907 3.950582 4.739302 3.193239 2.436252 6.913035 7.397956 4.039206 5.922003 7.622706 10.759847 9.111740 6.332328 4.862071 2.295109 4.300109 6.261339 5.592618 8.837248 10.187088 11.553078 -9999.0 -9999.0 -9999.0
-9999.0 -9999.0 -9999.0 -9999.0 -9999.0 -9999.0 -9999.0 -9999.0 5.345621 6.107385 4.595504 3.568004 4.856314 6.642354 6.278692 7.642304 8.555962 9.351343 11.678421 13.350841 14.239864 14.308271 13.210902 12.550244 10.498440 11.369878 9.358933 7.283519 4.337771 4.503128 4.638002 6.208587 4.893677 4.616827 5.253435 5.857309 8.657967 7.503024 5.364268 4.946695 2.925742 0.086092 2.964872 5.759111 7.971137 5.187634 3.055420 4.766497 6.744242 9.075026 10.720059 7.585199 4.178720 5.619293 7.631750 7.058501 7.488159 8.958460 11.680565 13.463442 14.255242 -9999.0 -9999.0
-9999.0 -9999.0 -9999.0 -9999.0 -9999.0 -9999.0 -9999.0 -9999.0 3.744068 7.069584 7.234245 4.315071 6.917112 4.969155 7.166114 6.752530 8.510470 10.603149 12.097976 15.025720 13.735251 15.106970 14.604201 12.752388 14.284926 9.913086 8.490203 6.060782 4.953831 5.975342 6.253037 6.824479 4.660599 4.811305 6.025538 8.420088 5.981894 7.895731 5.107819 4.523001 4.168893 3.968832 4.811971 4.918539 4.145640 3.972052 5.604920 5.508222 4.421525 0.375219 10.741657 9.540545 5.300234 4.694449 8.511946 9.343232 10.792016 11.801921 13.105694 13.529071 13.988938 -9999.0 -9999.0
-9999.0 -9999.0 -9999.0 -9999.0 -9999.0 -9999.0 -9999.0 -9999.0 2.984966 6.373520 7.178410 4.937677 7.098340 6.538870 7.186208 8.484902 10.416048 12.015078 11.171193 12.288804 13.073875 13.562367 15.013156 14.498793 10.516027 8.527386 7.018616 5.579328 8.739880 7.175474 6.262193 6.671016 7.643654 7.499875 5.365127 7.405433 8.693761 8.577579 5.650965 5.130138 5.280648 5.600599 5.867185 7.482157 5.789608 6.595362 6.243192 6.217754 7.263892 7.206923 8.245617 10.844711 10.074658 9.091641 10.634158 11.357633 12.410521 12.186560 13.185415 13.842856 12.369358 10.320762 -9999.0
-9999.0 -9999.0 -9999.0 -9999.0 -9999.0 -9999.0 -9999.0 -9999.0 4.554672 6.134970 7.083965 6.273170 7.362393 7.975735 11.158395 10.907254 10.577999 9.377892 8.496594 9.740924 11.534843 13.071351 13.225279 12.976777 12.102485 8.207951 6.300542 7.894925 8.591364 8.423449 6.112047 7.967743 9.502952 7.928215 6.561280 7.041079 8.111840 9.458275 8.380244 7.267739 6.624507 6.543895 7.512112 6.861888 5.318785 7.694820 6.810252 8.009296 7.706557 9.651141 10.609224 10.190748 10.812991 11.871886 12.136454 12.347375 13.000045 13.234089 12.923513 12.265224 11.186772 0.515817 -9999.0
-9999.0 -9999.0 6.399210 5.705272 5.104659 5.757857 5.878154 4.904585 5.272414 4.909472 6.270103 8.314958 8.173887 10.019243 13.397806 10.276010 7.959076 6.049180 6.545742 8.172461 9.793586 11.228443 12.963708 12.980700 11.806215 9.355160 8.193439 8.254885 9.163223 10.378140 7.198712 7.342626 11.270408 8.309361 9.647093 8.349647 10.483665 10.446433 9.134263 7.145549 8.763802 9.409018 8.575336 8.956718 6.579004 7.877786 9.389399 8.501560 10.590888 11.610558 12.326168 13.079137 12.954888 12.766401 12.395809 13.869577 11.985300 11.930652 11.307055 10.747225 10.653886 0.619433 -9999.0
-9999.0 6.251017 6.278231 6.017529 6.028919 6.486281 5.610582 4.015603 3.395781 4.047283 5.521726 6.950174 9.384950 11.817360 11.241650 7.233150 5.961467 5.190326 6.725872 7.959252 9.342950 10.523416 12.940574 11.910919 14.263584 11.874736 13.421960 13.598744 11.224879 10.390644 10.517861 9.781449 10.397888 12.772661 11.439962 12.059464 12.656412 12.183426 12.503552 11.654356 11.693109 11.681817 11.315054 9.003620 8.903498 9.461091 11.215790 10.963707 12.663580 11.969580 12.714034 12.436308 11.650864 11.405960 11.296223 10.572332 9.296007 9.506854 9.915191 9.312268 8.416640 8.953074 -9999.0
-9999.0 7.120510 7.333952 7.474898 9.839762 7.181408 4.834512 4.514960 5.802681 6.097510 5.566138 6.760961 9.339329 11.372052 7.809999 5.484878 4.570683 5.540929 7.760740 7.997538 9.513325 9.542395 10.392387 11.330296 14.077916 15.038283 12.584007 13.183989 12.923373 11.199327 12.182254 11.455437 11.728859 11.983564 13.824038 13.376388 15.587375 17.482571 14.376731 13.956260 13.729412 13.321314 12.647451 11.956532 12.608684 12.336307 13.903593 13.938298 12.882169 12.815457 11.144463 9.685381 9.240723 10.095152 9.262420 7.697260 8.079001 7.225192 7.303199 6.953130 7.299811 -9999.0 -9999.0
-9999.0 6.069351 6.653591 7.136131 8.276106 9.371160 9.266585 5.489236 5.680871 5.888595 6.965926 8.294908 10.727659 9.715569 6.470170 4.763259 4.185798 5.409478 5.616218 7.498332 7.251162 7.784053 9.676199 13.149891 13.560282 12.102214 12.357465 12.456542 12.589525 12.548347 12.708443 13.332165 13.101998 12.307184 13.320404 13.507360 13.975230 15.955158 14.338158 14.372199 14.329938 16.016707 13.904178 14.020402 13.875281 13.513900 12.148618 11.694978 10.787290 9.979147 8.797875 8.140115 7.648198 9.080807 7.109811 6.029680 5.957550 5.543533 5.573017 -9999.0 -9999.0 -9999.0 -9999.0
