user2019/resources/simulation/Vinschgau/output-maps/TL0007N0092.asc
ncols         63
nrows         48
xllcorner     598000.000000
yllcorner     5145000.000000
cellsize      1000.000000
NODATA_value  -9999.0
[rows 0 to 27 of 48, columns 0 to 62 of 63]
-9999.0 -9999.0 -9999.0 -9999.0 -9999.0 -9999.0 -9999.0 -9999.0 -9999.0 -9999.0 -9999.0 -9999.0 -9999.0 -9999.0 -9999.0 -9999.0 -9999.0 -9999.0 -9999.0 -9999.0 -9999.0 -9999.0 -9999.0 -9999.0 -9999.0 -9999.0 -9999.0 -9999.0 -9999.0 -9999.0 -9999.0 -9999.0 -9999.0 -9999.0 -9999.0 -9999.0 -9999.0 -9999.0 -9999.0 -9999.0 -9999.0 -9999.0 -9999.0 -9999.0 -9999.0 -9999.0 -9999.0 -9999.0 -9999.0 -9999.0 -9999.0 -9999.0 -9999.0 -9999.0 -9999.0 -9999.0 -9999.0 -9999.0 -9999.0 -9999.0 -9999.0 -9999.0 -9999.0
-9999.0 -9999.0 -9999.0 -9999.0 -9999.0 -9999.0 -9999.0 -9999.0 -9999.0 -9999.0 -9999.0 -9999.0 -9999.0 -9999.0 -9999.0 -9999.0 -9999.0 -9999.0 -9999.0 -9999.0 -9999.0 -9999.0 -9999.0 -9999.0 -9999.0 -9999.0 -9999.0 -0.562958 -0.625351 -0.654620 -0.550511 -0.576831 -0.663041 -9999.0 -9999.0 -9999.0 -9999.0 -9999.0 -9999.0 -9999.0 -9999.0 -9999.0 -9999.0 -9999.0 -9999.0 -9999.0 -9999.0 -9999.0 -9999.0 -9999.0 -9999.0 -9999.0 -9999.0 -9999.0 -9999.0 -9999.0 -9999.0 -9999.0 -9999.0 -9999.0 -9999.0 -9999.0 -9999.0
-9999.0 -9999.0 -9999.0 -9999.0 -9999.0 -9999.0 -9999.0 -9999.0 -9999.0 -9999.0 -9999.0 -9999.0 -9999.0 -9999.0 -9999.0 -9999.0 -9999.0 -9999.0 -9999.0 -9999.0 -9999.0 -9999.0 -9999.0 -9999.0 -0.005057 -0.540660 -0.658910 -0.641132 -0.654958 -0.678947 -0.560004 -9999.0 -9999.0 -9999.0 -9999.0 -9999.0 -9999.0 -9999.0 -9999.0 -9999.0 -9999.0 -9999.0 -9999.0 -9999.0 -9999.0 -9999.0 -9999.0 -9999.0 -9999.0 -9999.0 -9999.0 -9999.0 -9999.0 -9999.0 -9999.0 -9999.0 -9999.0 -9999.0 -9999.0 -9999.0 -9999.0 -9999.0 -9999.0
-9999.0 -9999.0 -9999.0 -9999.0 -9999.0 -9999.0 -9999.0 -9999.0 -9999.0 -9999.0 -9999.0 -9999.0 -9999.0 -9999.0 -9999.0 -9999.0 -9999.0 -9999.0 -9999.0 -9999.0 -9999.0 -9999.0 -9999.0 -0.131534 -0.005183 0.011984 0.010343 0.010204 -0.002375 -0.692043 -0.658869 -0.573539 -9999.0 -9999.0 -9999.0 -9999.0 -9999.0 -9999.0 -9999.0 -9999.0 -9999.0 -9999.0 -9999.0 -9999.0 -9999.0 -9999.0 -9999.0 -9999.0 -9999.0 -9999.0 -9999.0 -9999.0 -9999.0 -9999.0 -9999.0 -9999.0 -9999.0 -9999.0 -9999.0 -9999.0 -9999.0 -9999.0 -9999.0
-9999.0 -9999.0 -9999.0 -9999.0 -9999.0 -9999.0 -9999.0 -9999.0 -9999.0 -9999.0 -9999.0 -9999.0 -9999.0 -9999.0 -9999.0 -9999.0 -9999.0 -9999.0 0.065558 0.000095 -9999.0 -0.008146 -0.005194 0.012439 0.034648 0.062806 -0.007129 -0.006940 0.119112 -0.005710 -0.694531 -0.660242 -0.678336 -0.709982 -9999.0 -9999.0 -9999.0 -9999.0 -9999.0 -9999.0 -9999.0 -9999.0 -9999.0 -9999.0 -9999.0 -9999.0 -9999.0 -9999.0 -9999.0 -9999.0 -9999.0 -9999.0 -9999.0 -9999.0 -9999.0 -9999.0 -9999.0 -9999.0 -9999.0 -9999.0 -9999.0 -9999.0 -9999.0
-9999.0 -9999.0 -9999.0 -9999.0 -9999.0 -9999.0 -9999.0 -9999.0 -9999.0 -9999.0 -9999.0 -9999.0 -9999.0 -9999.0 -9999.0 -9999.0 -9999.0 -0.008618 0.088515 -0.623260 -0.632603 -0.007235 -0.004621 -0.004139 0.079888 -0.029086 -0.069333 -0.005216 -0.529538 -0.007780 -0.005491 -0.705620 -0.754754 -0.729496 -0.646316 -1.825590 -9999.0 -9999.0 -9999.0 -9999.0 -9999.0 -9999.0 -9999.0 -9999.0 -9999.0 -9999.0 -9999.0 -9999.0 -9999.0 -9999.0 -9999.0 -9999.0 -9999.0 -9999.0 -9999.0 -9999.0 -9999.0 -9999.0 -9999.0 -9999.0 -9999.0 -9999.0 -9999.0
-9999.0 -9999.0 -9999.0 -9999.0 -9999.0 -9999.0 -9999.0 -9999.0 -9999.0 -9999.0 -9999.0 -9999.0 -9999.0 -0.523049 -0.000604 0.050602 0.154528 -0.050904 -0.008043 0.039524 0.046150 0.075314 0.050537 0.043499 -0.835333 -0.588200 -0.589662 -0.566082 -0.567483 -0.005330 -0.005318 -0.644757 -0.624142 -1.192003 -2.255564 -2.575079 -9999.0 -9999.0 -9999.0 -9999.0 -9999.0 -9999.0 -9999.0 -9999.0 -9999.0 -9999.0 -9999.0 -9999.0 -9999.0 -9999.0 -9999.0 -9999.0 -9999.0 -9999.0 -9999.0 -9999.0 -9999.0 -9999.0 -9999.0 -9999.0 -9999.0 -9999.0 -9999.0
-9999.0 -9999.0 -9999.0 -9999.0 -9999.0 -9999.0 -9999.0 -9999.0 -9999.0 -9999.0 -9999.0 -9999.0 -9999.0 -0.005024 0.069528 0.084725 0.082816 0.266226 -0.719256 0.085422 -0.935534 -0.006215 0.028157 -0.003569 -0.005434 -0.618579 -0.654593 -0.804100 -1.069171 -0.577489 -0.246959 -1.043096 -2.329489 -2.938640 -2.863950 -9999.0 -9999.0 -9999.0 -9999.0 -9999.0 -9999.0 -9999.0 -9999.0 -9999.0 -9999.0 -9999.0 -9999.0 -9999.0 -9999.0 -9999.0 -9999.0 -9999.0 -9999.0 -9999.0 -9999.0 -9999.0 -9999.0 -9999.0 -9999.0 -9999.0 -9999.0 -9999.0 -9999.0
-9999.0 -9999.0 -9999.0 -9999.0 -9999.0 -9999.0 -9999.0 -9999.0 -9999.0 -9999.0 -9999.0 -9999.0 -9999.0 0.014663 0.093415 0.138815 0.038540 0.087414 -0.938343 0.171747 0.009532 -0.730324 -0.008598 -0.011193 -0.005309 -0.005255 -0.647033 -1.046078 -0.627121 -1.726483 -0.757968 -2.651386 -2.664715 -3.055182 -3.205573 -9999.0 -9999.0 -9999.0 -9999.0 -9999.0 -9999.0 -9999.0 -9999.0 -9999.0 -9999.0 -9999.0 -9999.0 -9999.0 -9999.0 -9999.0 -9999.0 -9999.0 -9999.0 -9999.0 -9999.0 -9999.0 -9999.0 -9999.0 -9999.0 -9999.0 -9999.0 -9999.0 -9999.0
-9999.0 -9999.0 -9999.0 -9999.0 -9999.0 -9999.0 -9999.0 -9999.0 -9999.0 -9999.0 -9999.0 -9999.0 -0.001446 0.044992 0.038966 -0.760655 -0.004517 0.063458 0.330938 -1.573128 0.004934 -0.608320 -0.562474 -0.008565 -0.007119 -0.597513 -0.005618 -0.583297 -0.676699 -1.528852 -0.970980 -0.689737 -0.784091 -2.013322 -9999.0 -9999.0 -9999.0 -9999.0 -9999.0 -9999.0 -9999.0 -9999.0 -9999.0 -9999.0 -9999.0 -9999.0 -9999.0 -9999.0 -9999.0 -9999.0 -9999.0 -9999.0 -9999.0 -9999.0 -9999.0 -9999.0 -9999.0 -9999.0 -9999.0 -9999.0 -9999.0 -9999.0 -9999.0
-9999.0 -9999.0 -9999.0 -9999.0 -9999.0 -9999.0 -9999.0 -9999.0 -9999.0 -9999.0 -9999.0 -0.005252 -0.005588 0.039641 -0.664323 -0.566168 -0.706448 0.043178 0.525510 -1.565541 -0.012566 0.033314 -0.594595 -0.552645 -0.610523 -0.573099 -0.591906 -0.593686 -0.687774 -2.075300 -0.607098 -0.812772 -0.782283 -2.275162 -1.694161 -2.883000 -3.929553 -2.855183 -2.470292 -9999.0 -9999.0 -9999.0 -2.101733 -9999.0 -9999.0 -9999.0 -9999.0 -9999.0 -9999.0 -9999.0 -9999.0 -9999.0 -9999.0 -9999.0 -9999.0 -9999.0 -9999.0 -9999.0 -9999.0 -9999.0 -9999.0 -9999.0 -9999.0
-9999.0 -9999.0 -9999.0 -9999.0 -9999.0 -9999.0 -9999.0 -9999.0 -9999.0 -9999.0 -9999.0 -0.335140 -0.005478 -0.001967 -0.005419 -0.482868 0.004081 0.073824 0.521629 0.345777 0.083131 0.009971 -0.139341 -0.555279 -0.574689 -0.552930 -0.590923 -0.622708 -0.614648 -0.787425 -0.728228 -0.838953 -0.881397 -0.835019 -1.423580 -3.474417 -2.806890 -5.502223 -6.636227 -7.576287 -5.800528 -4.088703 -1.284572 -1.130310 -9999.0 -9999.0 -9999.0 0.005556 -0.004995 -0.017898 -0.004978 -0.005929 -0.008447 0.018700 0.019257 -0.019038 -9999.0 -9999.0 -9999.0 -9999.0 -9999.0 -9999.0 -9999.0
-9999.0 -9999.0 -9999.0 -9999.0 -9999.0 -9999.0 -9999.0 -9999.0 -9999.0 -9999.0 -9999.0 -0.058835 -0.400306 -0.749534 -0.007994 -0.671953 -0.005523 0.022673 0.179440 0.375811 0.111837 -0.006109 -0.006302 -0.027925 -0.550702 -0.573600 -0.538957 -0.639708 -0.584063 -0.572386 -0.932857 -0.797408 -0.932859 -0.932776 -2.638580 -2.256639 -6.876729 -4.358895 -3.215385 -11.738713 -3.285911 -3.983781 -1.391468 -1.010017 -0.737070 -9999.0 -0.479015 -0.005004 -0.004974 -0.001074 -0.000860 -0.034524 0.002066 0.005051 0.003500 -0.001312 -9999.0 -9999.0 -9999.0 -9999.0 -9999.0 -9999.0 -9999.0
-9999.0 -9999.0 -9999.0 -9999.0 -9999.0 -9999.0 -9999.0 -9999.0 -9999.0 -9999.0 -9999.0 -9999.0 -0.016486 -0.008192 -0.004636 -0.005905 -0.009903 0.007054 0.366166 0.394426 0.039352 -0.002773 -0.000603 -0.005712 -0.599335 -0.020655 0.017107 -0.589420 -0.558546 -0.587313 -0.676406 -0.796059 -0.858861 -0.906671 -1.292342 -3.827559 -9.417565 -4.078297 -2.831451 -6.798818 -2.747640 -2.137382 -1.892527 -0.004757 -0.814789 -0.531420 -0.503714 -0.005328 -0.290590 -0.459448 -0.006549 -0.005085 0.013802 -0.006281 -0.005747 -0.007054 -0.004902 -9999.0 -9999.0 -9999.0 -9999.0 -9999.0 -9999.0
-9999.0 -9999.0 -9999.0 -9999.0 -9999.0 -9999.0 -9999.0 -9999.0 -9999.0 -9999.0 -9999.0 -0.008866 -0.481289 -0.345657 -0.005621 -0.005573 -0.005271 -0.005155 0.211649 -0.006869 0.060762 0.049224 -0.005181 -0.436165 -0.006834 -0.003873 -0.007756 -0.561007 -0.572707 -0.654543 -0.778138 -0.881707 -0.019091 -0.878647 -2.988999 -3.155977 -6.382972 -8.192552 -0.031287 -3.900840 -2.470638 -2.812664 -1.764453 -1.394629 0.004258 -0.532257 -0.005348 -0.566994 -0.014097 -0.895805 -0.435437 -0.412338 -0.342345 -0.392029 -0.362310 -0.371991 -0.007969 -9999.0 -9999.0 -9999.0 -9999.0 -9999.0 -9999.0
-9999.0 -9999.0 -9999.0 -9999.0 -9999.0 -9999.0 -9999.0 -9999.0 -9999.0 -9999.0 -0.006566 -0.006705 -0.005037 -0.463602 -0.004121 -0.004087 -0.631259 -0.005803 0.130093 0.253430 0.345389 0.036197 -0.013148 0.032815 0.006276 -0.006365 -0.602101 -0.625295 -0.009781 -0.001689 -0.005519 -0.717004 -0.744271 -0.746453 -3.544339 -2.742459 -3.585104 -8.325096 -4.279794 -3.164865 -3.112404 -2.530323 -1.667782 -0.015813 -0.005414 -0.739935 -0.004999 -0.800755 -0.004731 -0.005621 -0.419721 -0.406711 -0.400327 -0.403363 -0.375214 -0.000772 -0.002019 -9999.0 -9999.0 -9999.0 -9999.0 -9999.0 -9999.0
-9999.0 -9999.0 -9999.0 -9999.0 -9999.0 -9999.0 -9999.0 -9999.0 -9999.0 -0.464643 -0.006999 -0.007153 -0.004435 -0.014452 -0.005579 -0.433823 -0.330706 0.014421 0.106142 -0.006595 0.429928 0.007884 0.002870 0.016251 -0.005658 -0.639850 -0.702936 0.003500 -0.003073 0.001124 0.002576 -0.692701 -1.860328 -2.219489 -1.930872 -2.984671 -1.130772 -1.692301 -1.398058 -2.742018 -3.631759 -1.083254 -0.943566 -3.002089 -1.578341 -0.004127 0.036785 -0.581181 -0.584180 0.004537 -0.524536 -0.017451 -0.413717 -0.341934 -0.047507 -0.006792 -0.003770 0.002475 -0.001147 -9999.0 -9999.0 -9999.0 -9999.0
-9999.0 -9999.0 -9999.0 -9999.0 -9999.0 -9999.0 -9999.0 -9999.0 -9999.0 -0.495607 -0.473916 -0.525274 0.050699 -0.004143 -0.005684 -0.007678 0.013972 0.002263 0.121346 0.554000 0.528971 0.213064 -0.004676 -0.003604 -0.630379 -0.006272 -0.004723 0.006701 0.012234 -0.007157 -0.797582 -0.712162 -0.605541 -0.663293 -0.790230 -0.935220 -1.157711 -1.122845 -1.421901 -0.924818 -0.010311 -0.774070 -0.539169 -1.095592 -0.004640 0.069358 0.046107 0.008480 0.001111 -0.004926 -0.343979 -0.110461 -0.215933 -0.313775 -0.355601 -0.006397 -0.005067 -0.003013 0.003690 -9999.0 -9999.0 -9999.0 -9999.0
-9999.0 -9999.0 -9999.0 -9999.0 -9999.0 -9999.0 -9999.0 -9999.0 -9999.0 -9999.0 -0.475798 -0.482123 -0.010623 0.025134 -0.001612 -0.004991 -0.004383 0.024185 -2.481482 0.348381 0.419424 0.080104 0.004394 -0.012320 -0.005661 0.003956 0.023498 0.033074 -0.615579 -0.614846 -0.591670 -0.008051 -0.562420 -0.546986 -0.730401 -0.014107 -0.005104 -0.861280 -0.840269 -0.692478 -0.849206 -0.244266 -0.443191 -0.630752 -0.849914 -1.242745 -0.946685 0.011913 -1.879047 0.002348 -0.356682 -0.024400 -0.005397 -0.055203 -0.008535 -0.338107 -0.005181 -0.002633 0.000007 -0.002176 -9999.0 -9999.0 -9999.0
-9999.0 -9999.0 -9999.0 -9999.0 -9999.0 -9999.0 -9999.0 -9999.0 -9999.0 -9999.0 -0.474907 -0.485727 -0.006894 -0.004713 0.210873 0.007810 -0.000600 0.156771 0.339128 0.491072 0.177808 0.060783 0.008863 0.000153 0.000746 0.046396 0.121883 -0.003210 -0.569870 -0.589976 -0.554084 -0.007640 -0.610881 -0.531953 -0.551107 -0.627714 -0.968912 -0.845768 -0.719413 -0.567154 -0.529676 -0.592781 -0.028284 -0.545815 -0.007555 -0.288509 -0.005095 -0.808466 -3.526073 -0.006980 -0.000129 -0.005231 -0.005155 -0.005979 -0.080005 -0.005134 -0.342667 -0.003191 -0.758788 0.127752 -9999.0 -9999.0 -9999.0
-9999.0 -9999.0 -9999.0 -9999.0 -9999.0 -9999.0 -9999.0 -9999.0 -0.004934 -0.016226 -0.367239 -0.005577 -0.052238 -0.107313 -0.004977 0.117488 0.090682 0.288398 0.666532 0.682580 0.300239 -2.051927 0.099918 0.078348 0.027619 -0.006069 0.041017 -0.030991 -0.008627 -0.556797 -1.227006 -0.515000 -0.504318 -0.501876 -0.373309 -0.572471 -0.008522 -0.788427 -0.634888 -0.536516 -0.515040 -0.528328 -0.525089 -0.541675 -0.341414 -0.004608 -0.478603 -0.005052 -0.579189 0.206135 0.015888 -0.023833 -0.005097 -0.022749 -0.002561 0.004519 0.003377 0.004850 0.039452 0.186546 -9999.0 -9999.0 -9999.0
-9999.0 -9999.0 -9999.0 -9999.0 -9999.0 -9999.0 -9999.0 -9999.0 -0.180631 -0.005581 -0.505662 -0.487365 -0.513573 -0.006181 -0.006443 0.000308 0.076312 0.050589 -0.162811 0.796057 1.145660 0.858022 0.205876 0.139147 -2.587997 0.001308 0.082828 -0.006267 -0.580067 -0.360576 -0.392901 -0.563828 -0.017868 -0.461418 -0.004993 -0.004983 -0.016613 -0.005774 -0.557033 -0.005039 -0.465011 -0.536280 -0.471074 -0.004978 -0.004919 -0.005142 -0.454852 -0.424376 -0.026713 0.072885 0.109808 -0.005374 -0.005318 0.001562 -0.005999 -0.025314 -0.005656 -0.000885 -0.007627 1.181281 1.325305 -9999.0 -9999.0
-9999.0 -9999.0 -9999.0 -9999.0 -9999.0 -9999.0 -9999.0 -9999.0 -0.486398 -0.179517 -0.004134 -0.402230 -0.005996 -0.484958 -0.004083 -0.012195 0.029037 0.046453 0.309688 1.000388 0.966107 0.945330 0.687284 0.400494 0.431579 0.142803 0.032720 -0.470724 -0.652731 -0.588580 -0.567561 -0.004992 -0.543521 -0.542426 -0.003525 -0.000984 -0.008704 -0.004165 -0.496628 -0.353794 -0.126759 -0.414747 -0.004982 -0.011349 -0.061759 -0.405204 -0.006695 -0.002397 -0.005334 -0.000989 0.417362 0.068219 -0.029435 -0.079328 -0.001102 0.059746 0.068030 0.216109 0.555174 1.050016 1.257369 -9999.0 -9999.0
-9999.0 -9999.0 -9999.0 -9999.0 -9999.0 -9999.0 -9999.0 -9999.0 -0.491257 -0.291969 0.007639 -0.544338 -0.003547 -0.003153 -0.001344 0.033110 -2.931460 0.307383 0.268941 0.616297 0.791386 0.950359 0.927750 0.831983 0.290213 0.062801 -0.003915 -0.598226 0.005393 -0.007526 -0.568210 -0.528781 -0.002028 -0.005400 -0.491880 -0.005608 -0.015404 0.003031 -0.356476 -0.428976 -0.004981 -0.004438 -0.002923 -0.453970 -0.003381 -0.005886 0.001337 -0.010010 -0.000087 -0.187004 0.042201 0.277720 0.098564 0.052589 0.111541 0.202688 0.489535 0.668534 1.271307 1.222135 0.466640 0.182061 -9999.0
-9999.0 -9999.0 -9999.0 -9999.0 -9999.0 -9999.0 -9999.0 -9999.0 -0.154565 -0.005054 -0.003259 -0.010420 -0.001324 0.008888 0.116118 0.269284 0.276201 0.107251 0.057728 0.170773 0.316219 0.840748 0.860284 0.835915 0.154242 0.012159 -0.006482 -0.003211 0.010478 0.003512 -0.016419 -0.001985 0.004404 -0.003576 -0.507032 -0.081269 -0.006040 0.087239 -0.010436 -0.015211 -0.359827 -0.061179 -0.008083 -0.053264 -0.487821 -0.002788 -0.156683 -0.002835 -0.006417 0.002492 0.082640 0.066446 0.264382 0.287000 0.356692 0.520770 1.073755 1.108215 0.923290 0.375174 0.112819 0.119623 -9999.0
-9999.0 -9999.0 -0.444205 -0.005087 -0.005663 -0.054837 -0.005878 -0.440617 -0.006636 -0.005027 -0.005221 0.070819 0.015986 0.058617 0.301661 0.289101 -0.026319 -0.025055 -0.007648 0.002503 0.173115 0.506668 0.812686 0.430565 0.461540 0.085285 0.005216 0.002679 0.072851 0.065464 -0.004259 0.001937 0.229197 0.016958 0.043501 -0.000902 0.056546 0.081259 0.037530 -0.011595 -0.003311 -0.000868 -0.060537 0.002494 -0.016551 -0.003803 0.047836 0.072362 -0.864259 0.215628 0.456477 0.938736 1.055420 0.630704 0.580409 0.956458 0.746196 0.511468 0.240841 0.092701 0.078641 0.006921 -9999.0
-9999.0 -0.005516 -0.005544 -0.005585 -0.006012 -0.005265 -0.006094 -0.011259 -0.051838 -0.398934 -0.005598 -0.003432 0.180108 0.464769 0.300318 0.009735 -0.006051 -0.006139 -0.006050 0.002021 0.164500 0.271277 0.558307 0.744717 0.645671 0.247161 0.417091 0.414233 0.174729 0.239045 0.132570 0.101997 0.134268 0.447515 0.226850 0.300987 0.231356 0.314250 0.336029 0.063284 0.045167 0.217772 0.204643 0.083187 0.081470 0.123190 0.288042 0.212849 0.575868 0.558913 0.963502 0.901358 0.730904 0.366694 0.334443 0.157669 0.152950 0.120121 0.070343 0.000514 0.005730 0.005924 -9999.0
-9999.0 -0.005021 -0.003398 -0.001963 0.103766 -0.003159 -0.019056 -0.449208 -0.014640 -0.372828 -0.006635 -0.003370 0.042036 0.293497 -0.004377 -0.010337 -0.351852 -0.409027 -0.000388 0.035604 0.121117 0.294127 0.471053 0.357569 0.660482 0.903766 0.619273 0.834178 0.814626 0.416249 0.416346 0.291240 0.332155 0.636073 0.829993 1.029948 1.514865 2.005377 1.087985 0.966146 0.884624 0.958339 0.436695 0.530686 0.698557 0.661063 1.209779 1.310543 1.049562 0.980750 0.360091 0.030956 0.130331 0.124019 0.077660 0.057018 0.056040 -0.001439 -0.002631 0.002680 0.003562 -9999.0 -9999.0
