user2019/resources/simulation/Vinschgau/output-maps/TL0007N0168.asc
ncols         63
nrows         48
xllcorner     598000.000000
yllcorner     5145000.000000
cellsize      1000.000000
NODATA_value  -9999.0
[rows 0 to 27 of 48, columns 0 to 61 of 63]
-9999.0 -9999.0 -9999.0 -9999.0 -9999.0 -9999.0 -9999.0 -9999.0 -9999.0 -9999.0 -9999.0 -9999.0 -9999.0 -9999.0 -9999.0 -9999.0 -9999.0 -9999.0 -9999.0 -9999.0 -9999.0 -9999.0 -9999.0 -9999.0 -9999.0 -9999.0 -9999.0 -9999.0 -9999.0 -9999.0 -9999.0 -9999.0 -9999.0 -9999.0 -9999.0 -9999.0 -9999.0 -9999.0 -9999.0 -9999.0 -9999.0 -9999.0 -9999.0 -9999.0 -9999.0 -9999.0 -9999.0 -9999.0 -9999.0 -9999.0 -9999.0 -9999.0 -9999.0 -9999.0 -9999.0 -9999.0 -9999.0 -9999.0 -9999.0 -9999.0 -9999.0 -9999.0
-9999.0 -9999.0 -9999.0 -9999.0 -9999.0 -9999.0 -9999.0 -9999.0 -9999.0 -9999.0 -9999.0 -9999.0 -9999.0 -9999.0 -9999.0 -9999.0 -9999.0 -9999.0 -9999.0 -9999.0 -9999.0 -9999.0 -9999.0 -9999.0 -9999.0 -9999.0 -9999.0 -2.932799 -3.257362 -4.212370 -4.110900 -5.000203 -5.275309 -9999.0 -9999.0 -9999.0 -9999.0 -9999.0 -9999.0 -9999.0 -9999.0 -9999.0 -9999.0 -9999.0 -9999.0 -9999.0 -9999.0 -9999.0 -9999.0 -9999.0 -9999.0 -9999.0 -9999.0 -9999.0 -9999.0 -9999.0 -9999.0 -9999.0 -9999.0 -9999.0 -9999.0 -9999.0
-9999.0 -9999.0 -9999.0 -9999.0 -9999.0 -9999.0 -9999.0 -9999.0 -9999.0 -9999.0 -9999.0 -9999.0 -9999.0 -9999.0 -9999.0 -9999.0 -9999.0 -9999.0 -9999.0 -9999.0 -9999.0 -9999.0 -9999.0 -9999.0 -0.934352 -2.103877 -3.334541 -3.455336 -3.052029 -3.881265 -3.407451 -9999.0 -9999.0 -9999.0 -9999.0 -9999.0 -9999.0 -9999.0 -9999.0 -9999.0 -9999.0 -9999.0 -9999.0 -9999.0 -9999.0 -9999.0 -9999.0 -9999.0 -9999.0 -9999.0 -9999.0 -9999.0 -9999.0 -9999.0 -9999.0 -9999.0 -9999.0 -9999.0 -9999.0 -9999.0 -9999.0 -9999.0
-9999.0 -9999.0 -9999.0 -9999.0 -9999.0 -9999.0 -9999.0 -9999.0 -9999.0 -9999.0 -9999.0 -9999.0 -9999.0 -9999.0 -9999.0 -9999.0 -9999.0 -9999.0 -9999.0 -9999.0 -9999.0 -9999.0 -9999.0 -1.364556 -1.133930 -0.004703 -0.003362 -1.037449 -1.427647 -4.823114 -4.319558 -2.329039 -9999.0 -9999.0 -9999.0 -9999.0 -9999.0 -9999.0 -9999.0 -9999.0 -9999.0 -9999.0 -9999.0 -9999.0 -9999.0 -9999.0 -9999.0 -9999.0 -9999.0 -9999.0 -9999.0 -9999.0 -9999.0 -9999.0 -9999.0 -9999.0 -9999.0 -9999.0 -9999.0 -9999.0 -9999.0 -9999.0
-9999.0 -9999.0 -9999.0 -9999.0 -9999.0 -9999.0 -9999.0 -9999.0 -9999.0 -9999.0 -9999.0 -9999.0 -9999.0 -9999.0 -9999.0 -9999.0 -9999.0 -9999.0 -0.002891 -0.022752 -9999.0 -0.873634 -0.965099 -0.004439 -0.002424 -6.821989 -1.492598 -1.472976 -0.005470 -1.270773 -4.968201 -3.889164 -5.319265 -5.996557 -9999.0 -9999.0 -9999.0 -9999.0 -9999.0 -9999.0 -9999.0 -9999.0 -9999.0 -9999.0 -9999.0 -9999.0 -9999.0 -9999.0 -9999.0 -9999.0 -9999.0 -9999.0 -9999.0 -9999.0 -9999.0 -9999.0 -9999.0 -9999.0 -9999.0 -9999.0 -9999.0 -9999.0
-9999.0 -9999.0 -9999.0 -9999.0 -9999.0 -9999.0 -9999.0 -9999.0 -9999.0 -9999.0 -9999.0 -9999.0 -9999.0 -9999.0 -9999.0 -9999.0 -9999.0 -0.608486 -4.737924 -3.461649 -2.610141 -0.900446 -1.199026 -2.763479 -0.006612 -3.094664 -1.628844 -0.974933 -2.331303 -1.481808 -1.249347 -4.825642 -5.427028 -5.868383 -4.752679 -6.164555 -9999.0 -9999.0 -9999.0 -9999.0 -9999.0 -9999.0 -9999.0 -9999.0 -9999.0 -9999.0 -9999.0 -9999.0 -9999.0 -9999.0 -9999.0 -9999.0 -9999.0 -9999.0 -9999.0 -9999.0 -9999.0 -9999.0 -9999.0 -9999.0 -9999.0 -9999.0
-9999.0 -9999.0 -9999.0 -9999.0 -9999.0 -9999.0 -9999.0 -9999.0 -9999.0 -9999.0 -9999.0 -9999.0 -9999.0 -1.254214 -0.866783 -0.870503 -1.432079 -3.935747 -0.478085 -1.544186 -0.003955 -0.002862 -3.929836 -1.434038 -3.599170 -2.570274 -3.547137 -2.122684 -2.808144 -0.938206 -1.087065 -3.032629 -4.060092 -6.308233 -6.853289 -6.892662 -9999.0 -9999.0 -9999.0 -9999.0 -9999.0 -9999.0 -9999.0 -9999.0 -9999.0 -9999.0 -9999.0 -9999.0 -9999.0 -9999.0 -9999.0 -9999.0 -9999.0 -9999.0 -9999.0 -9999.0 -9999.0 -9999.0 -9999.0 -9999.0 -9999.0 -9999.0
-9999.0 -9999.0 -9999.0 -9999.0 -9999.0 -9999.0 -9999.0 -9999.0 -9999.0 -9999.0 -9999.0 -9999.0 -9999.0 -0.942444 -0.002390 -0.019542 -0.020862 -0.003675 -4.353680 -5.323620 -6.635603 -3.366398 -1.268365 -1.288520 -1.165563 -2.148318 -3.584762 -5.325409 -5.573700 -3.368434 -1.493286 -6.018842 -6.847154 -7.365840 -7.322554 -9999.0 -9999.0 -9999.0 -9999.0 -9999.0 -9999.0 -9999.0 -9999.0 -9999.0 -9999.0 -9999.0 -9999.0 -9999.0 -9999.0 -9999.0 -9999.0 -9999.0 -9999.0 -9999.0 -9999.0 -9999.0 -9999.0 -9999.0 -9999.0 -9999.0 -9999.0 -9999.0
-9999.0 -9999.0 -9999.0 -9999.0 -9999.0 -9999.0 -9999.0 -9999.0 -9999.0 -9999.0 -9999.0 -9999.0 -9999.0 -0.691333 -0.002514 -0.004007 -0.018322 -0.957447 -4.250553 -0.721810 -1.057806 -4.057373 -1.201508 -0.985460 -0.947117 -0.849842 -3.644678 -5.395350 -3.632350 -6.187378 -5.690822 -7.043767 -7.091012 -7.563356 -7.648031 -9999.0 -9999.0 -9999.0 -9999.0 -9999.0 -9999.0 -9999.0 -9999.0 -9999.0 -9999.0 -9999.0 -9999.0 -9999.0 -9999.0 -9999.0 -9999.0 -9999.0 -9999.0 -9999.0 -9999.0 -9999.0 -9999.0 -9999.0 -9999.0 -9999.0 -9999.0 -9999.0
-9999.0 -9999.0 -9999.0 -9999.0 -9999.0 -9999.0 -9999.0 -9999.0 -9999.0 -9999.0 -9999.0 -9999.0 -0.978810 -0.002414 -0.002469 -2.499758 -0.008195 -0.031225 -0.003610 -5.409773 -1.152741 -1.611826 -1.915564 -0.906541 -1.005570 -4.853576 -0.951849 -2.304777 -3.983115 -5.702183 -5.836305 -4.974915 -5.681344 -6.839973 -9999.0 -9999.0 -9999.0 -9999.0 -9999.0 -9999.0 -9999.0 -9999.0 -9999.0 -9999.0 -9999.0 -9999.0 -9999.0 -9999.0 -9999.0 -9999.0 -9999.0 -9999.0 -9999.0 -9999.0 -9999.0 -9999.0 -9999.0 -9999.0 -9999.0 -9999.0 -9999.0 -9999.0
-9999.0 -9999.0 -9999.0 -9999.0 -9999.0 -9999.0 -9999.0 -9999.0 -9999.0 -9999.0 -9999.0 -0.810466 -0.865898 -0.004923 -1.643783 -1.305981 -3.937212 -0.039305 -0.005739 -5.109745 -3.915775 -0.007717 -1.824893 -3.638721 -2.125118 -2.315597 -5.031252 -2.213313 -2.615536 -6.231649 -3.950314 -5.029377 -5.530189 -7.572715 -8.001348 -9.598623 -11.125282 -11.882146 -11.730035 -9999.0 -9999.0 -9999.0 -7.939463 -9999.0 -9999.0 -9999.0 -9999.0 -9999.0 -9999.0 -9999.0 -9999.0 -9999.0 -9999.0 -9999.0 -9999.0 -9999.0 -9999.0 -9999.0 -9999.0 -9999.0 -9999.0 -9999.0
-9999.0 -9999.0 -9999.0 -9999.0 -9999.0 -9999.0 -9999.0 -9999.0 -9999.0 -9999.0 -9999.0 -0.907879 -0.869247 -1.008006 -0.840611 -2.586658 -1.005585 -1.312290 -0.006053 -0.005330 -0.002631 -0.006452 -0.967864 -1.713596 -1.685997 -3.299712 -2.969671 -3.100827 -3.198659 -5.453647 -4.695758 -5.698475 -6.960649 -5.711551 -8.408736 -9.999539 -10.979104 -9.559580 -10.776945 -13.640899 -12.826540 -10.485520 -8.395117 -6.746407 -9999.0 -9999.0 -9999.0 -0.006227 -0.681614 -0.672329 -0.567977 -0.599484 -0.562859 -0.004412 -0.004283 -0.506658 -9999.0 -9999.0 -9999.0 -9999.0 -9999.0 -9999.0
-9999.0 -9999.0 -9999.0 -9999.0 -9999.0 -9999.0 -9999.0 -9999.0 -9999.0 -9999.0 -9999.0 -0.856155 -0.844792 -3.421425 -0.836388 -2.567459 -1.067553 -1.271034 -1.298340 -0.007353 -0.010218 -1.208148 -1.208839 -1.062065 -3.892987 -3.841344 -2.164862 -3.116859 -4.699331 -3.630258 -5.583973 -5.405715 -6.033343 -6.925611 -9.055625 -11.582836 -8.390739 -5.420167 -5.081585 -9.431917 -11.828164 -12.015942 -8.422758 -7.423181 -3.838665 -9999.0 -3.091969 -0.759774 -0.737961 -0.624359 -0.886229 -0.793045 -0.003945 -0.001000 -0.000734 -0.002029 -9999.0 -9999.0 -9999.0 -9999.0 -9999.0 -9999.0
-9999.0 -9999.0 -9999.0 -9999.0 -9999.0 -9999.0 -9999.0 -9999.0 -9999.0 -9999.0 -9999.0 -9999.0 -0.826438 -0.944228 -0.007742 -0.896833 -1.068729 -1.210077 -0.005921 -0.009175 -1.670802 -1.234733 -1.433904 -1.293490 -2.951688 -1.373972 -0.002846 -4.327888 -3.510075 -3.612148 -3.547107 -5.111007 -5.941068 -6.330425 -8.234532 -10.940119 -8.597930 -6.439473 -4.873166 -8.074619 -11.350958 -11.333181 -9.789027 -2.590998 -5.991742 -1.762779 -1.618479 -0.683452 -0.735928 -1.631593 -0.630253 -0.576517 -0.006265 -0.006979 -0.574326 -0.536721 -0.005079 -9999.0 -9999.0 -9999.0 -9999.0 -9999.0
-9999.0 -9999.0 -9999.0 -9999.0 -9999.0 -9999.0 -9999.0 -9999.0 -9999.0 -9999.0 -9999.0 -0.928783 -1.212064 -1.778547 -1.065167 -1.031636 -1.066872 -2.008645 -0.002652 -0.514465 -3.501917 -0.003890 -1.123963 -2.439703 -1.167141 -1.298553 -1.247623 -4.118278 -3.164368 -3.910351 -4.076980 -4.442096 -3.981676 -5.914551 -8.570661 -10.420561 -13.636387 -7.903193 -2.967968 -7.002668 -10.352657 -8.621121 -8.870665 -8.901465 -1.855051 -1.696413 -0.986035 -2.205467 -0.865368 -4.627751 -2.170539 -1.669837 -0.613144 -2.872917 -1.894829 -2.699663 -0.521242 -9999.0 -9999.0 -9999.0 -9999.0 -9999.0
-9999.0 -9999.0 -9999.0 -9999.0 -9999.0 -9999.0 -9999.0 -9999.0 -9999.0 -9999.0 -0.016481 -1.016815 -0.638055 -1.015736 -0.004533 -1.313371 -1.891818 -1.129962 -0.068962 -0.134707 -0.004907 -0.006689 -1.438712 -0.003317 -1.600540 -0.814778 -2.942469 -5.071181 -1.473648 -1.371424 -1.696738 -2.849625 -3.873468 -6.043094 -8.490208 -9.253641 -11.400111 -8.851525 -5.998739 -5.332795 -5.399167 -9.022838 -8.141145 -0.961825 -4.110078 -5.467502 -0.981938 -4.147535 -1.589233 -2.151344 -2.002407 -2.732302 -2.497019 -2.911163 -2.444885 -0.002633 -0.002540 -9999.0 -9999.0 -9999.0 -9999.0 -9999.0
-9999.0 -9999.0 -9999.0 -9999.0 -9999.0 -9999.0 -9999.0 -9999.0 -9999.0 -1.662476 -0.021256 -0.027182 -1.346694 -0.964704 -0.008940 -1.121624 -1.061200 -0.003697 -3.482990 -0.673440 -0.009609 -2.112804 -2.473001 -2.689563 -0.477171 -3.456740 -3.940324 -1.516245 -1.848857 -1.851050 -5.530978 -4.806725 -6.563057 -6.964542 -7.161092 -8.292606 -7.791104 -9.215998 -9.238101 -9.823179 -5.784774 -6.261728 -6.206520 -3.639393 -8.220104 -5.541774 -1.476475 -3.744882 -2.578789 -0.041483 -2.050306 -0.598982 -3.130299 -1.500762 -0.540899 -0.547775 -0.004802 -0.465648 -0.490114 -9999.0 -9999.0 -9999.0
-9999.0 -9999.0 -9999.0 -9999.0 -9999.0 -9999.0 -9999.0 -9999.0 -9999.0 -1.905097 -1.318809 -1.528861 -0.002472 -1.416758 -1.109516 -0.934743 -0.002907 -1.514940 -5.098582 -0.019353 -0.020543 -6.094366 -0.025675 -0.918068 -2.995998 -1.688942 -1.698663 -2.105343 -5.946918 -1.650873 -3.623697 -5.552238 -4.384179 -3.481840 -5.494197 -7.380946 -8.115496 -7.959769 -7.246438 -5.588175 -1.644597 -5.274519 -4.321405 -6.007711 -0.683706 -5.998829 -6.678956 -6.680822 -1.631015 -2.624003 -1.082539 -0.704174 -1.330873 -0.602505 -2.337892 -0.009091 -0.004815 -0.005260 -0.532121 -9999.0 -9999.0 -9999.0
-9999.0 -9999.0 -9999.0 -9999.0 -9999.0 -9999.0 -9999.0 -9999.0 -9999.0 -9999.0 -1.319399 -1.479928 -1.022667 -0.422490 -1.817580 -1.067618 -0.661638 -0.804247 -2.742945 -1.452245 -0.007018 -3.265722 -0.580494 -1.213062 -1.599179 -2.167728 -6.727823 -7.429760 -2.644821 -2.568434 -3.455016 -1.382876 -4.103125 -4.522475 -4.096755 -3.384033 -2.732473 -4.908325 -6.394579 -5.857297 -6.139881 -2.175786 -3.282877 -2.427515 -5.100250 -6.917398 -4.836631 -0.007469 -6.289644 -5.258018 -2.069630 -0.764947 -0.615544 -1.045522 -0.565970 -1.047508 -0.590670 -1.177974 -0.686766 -0.003022 -9999.0 -9999.0
-9999.0 -9999.0 -9999.0 -9999.0 -9999.0 -9999.0 -9999.0 -9999.0 -9999.0 -9999.0 -1.371167 -1.383769 -0.868381 -1.010664 -0.005016 -1.966921 -1.678040 -1.783653 -1.790615 -0.527064 -4.349610 -2.963775 -2.095367 -1.790107 -1.799262 -7.520965 -5.272914 -1.794262 -2.378599 -4.535805 -4.270008 -0.958409 -4.900685 -4.310257 -4.427523 -3.378377 -4.909088 -5.138035 -5.539848 -4.019354 -1.595232 -2.215345 -0.994588 -3.564085 -0.048705 -1.154741 -0.946606 -3.727993 -4.215796 -6.509028 -4.676751 -0.790778 -0.549680 -0.593361 -0.586159 -0.582324 -0.913275 -0.003855 -5.754921 -0.014572 -9999.0 -9999.0
-9999.0 -9999.0 -9999.0 -9999.0 -9999.0 -9999.0 -9999.0 -9999.0 -0.386982 -0.956617 -2.332995 -0.897943 -0.946362 -0.980825 -1.093927 -0.912554 -5.569880 -4.465536 -0.145424 -0.126421 -2.055260 -3.367405 -6.142402 -3.650312 -3.675471 -4.450346 -0.007704 -2.227479 -1.057234 -3.015462 -5.617744 -3.822981 -2.869879 -2.281100 -0.916146 -4.881416 -0.956297 -4.032846 -5.111597 -2.378113 -3.722745 -2.302707 -4.212717 -4.602592 -0.948412 -0.793852 -2.452874 -0.675896 -3.407706 -2.063813 -1.467136 -1.081426 -0.028112 -0.594927 -0.622408 -0.001232 -0.567511 -0.002877 -2.102526 -4.330331 -9999.0 -9999.0
-9999.0 -9999.0 -9999.0 -9999.0 -9999.0 -9999.0 -9999.0 -9999.0 -2.329329 -0.985802 -2.808665 -2.998884 -1.728885 -1.089621 -1.065954 -1.328907 -0.873682 -1.290300 -2.004638 -0.016737 -0.239404 -0.817703 -4.081223 -6.539089 -3.720235 -3.242354 -1.693232 -1.840640 -4.041098 -1.237153 -1.042580 -3.407557 -0.834820 -1.642728 -0.814952 -0.949680 -1.562958 -2.071889 -3.264891 -0.778204 -2.594647 -4.731354 -3.857221 -0.729124 -1.001312 -0.724950 -2.825667 -1.967051 -0.922918 -1.460809 -5.904940 -1.154191 -0.696266 -0.001638 -1.101641 -2.445835 -1.203747 -1.432256 -6.117509 -0.002748 -0.002725 -9999.0
-9999.0 -9999.0 -9999.0 -9999.0 -9999.0 -9999.0 -9999.0 -9999.0 -1.851942 -0.964840 -0.968071 -2.514890 -0.974030 -3.104700 -0.006740 -2.406198 -6.719503 -3.617464 -2.053989 -0.294605 -0.007656 -0.617296 -1.289353 -0.826007 -1.173226 -4.840976 -1.868518 -2.254973 -5.644348 -2.824807 -3.059221 -1.125939 -2.830407 -4.056243 -0.619317 -1.161442 -0.839812 -3.694644 -2.357948 -0.871022 -0.699875 -0.794317 -0.468619 -0.699812 -0.746084 -0.733740 -0.686846 -0.004670 -0.736275 -2.262996 -0.815796 -3.533442 -2.043473 -1.778114 -3.974843 -1.831741 -5.827706 -5.153551 -2.365612 -0.013273 -0.002431 -9999.0
-9999.0 -9999.0 -9999.0 -9999.0 -9999.0 -9999.0 -9999.0 -9999.0 -4.390793 -0.919199 -0.005111 -3.960864 -0.004485 -0.005797 -1.603037 -6.225389 -2.899596 -1.937843 -1.896254 -0.277722 -0.266841 -0.004034 -0.005123 -0.048958 -0.013006 -0.008328 -0.114472 -3.391659 -0.007131 -1.582513 -3.000108 -2.522424 -2.218684 -1.470052 -1.869191 -0.885282 -1.008751 -1.316288 -3.198508 -1.908572 -0.738754 -0.736902 -0.712584 -2.258080 -0.010030 -0.741096 -0.030190 -0.774199 -0.010922 -2.321810 -0.630100 -3.380244 -6.090045 -0.005314 -6.421444 -6.144080 -3.706828 -0.826091 -0.002915 -0.002469 -1.008360 -0.001733
-9999.0 -9999.0 -9999.0 -9999.0 -9999.0 -9999.0 -9999.0 -9999.0 -0.863619 -0.885063 -0.005449 -1.157801 -1.166699 -3.081269 -1.851804 -2.326687 -0.048215 -3.669137 -1.313365 -1.485236 -2.000261 -0.005139 -0.005199 -0.919452 -3.435377 -0.002781 -1.515069 -1.167797 -2.132649 -1.320242 -1.348070 -0.004245 -5.859197 -1.128960 -2.821906 -2.052256 -1.423323 -0.060726 -5.147232 -1.070100 -2.784890 -2.602229 -1.541216 -2.676645 -2.091690 -0.856304 -2.337519 -1.430475 -1.353670 -5.313350 -6.205385 -7.091720 -3.470080 -5.120520 -4.015404 -1.469161 -0.005172 -0.004103 -0.078223 -3.220650 -5.790544 -0.001548
-9999.0 -9999.0 -1.558353 -0.820666 -0.811402 -0.974800 -0.959616 -1.174489 -0.828905 -0.776495 -0.986891 -0.009438 -1.494123 -0.024101 -3.645418 -0.008731 -3.671233 -1.034297 -0.959217 -0.394380 -1.482182 -0.791479 -0.006039 -1.312153 -2.050991 -6.531126 -2.514667 -2.961656 -6.983075 -0.018029 -1.429272 -0.003608 -0.004214 -4.074961 -3.217763 -3.008814 -3.111787 -2.026416 -3.761679 -1.442064 -1.874050 -4.430733 -6.236175 -1.609336 -1.341605 -1.337770 -4.082525 -1.117535 -6.455234 -3.789687 -3.833343 -1.138669 -0.005453 -0.007803 -0.009133 -0.397994 -1.478843 -1.348132 -5.149792 -5.639610 -0.001264 -0.000738
-9999.0 -0.983738 -1.049020 -0.982950 -0.971199 -0.104027 -0.864381 -0.777327 -0.753076 -0.794240 -0.849372 -0.004014 -0.004721 -0.001312 -0.001906 -0.554589 -0.974266 -0.833918 -0.012031 -1.379944 -1.737149 -4.092320 -1.539798 -0.018175 -1.527059 -4.520645 -3.271941 -2.918096 -5.048378 -3.567635 -6.185887 -3.686470 -1.839430 -2.363116 -4.865365 -2.729279 -4.948184 -4.933935 -1.476999 -2.289398 -5.017579 -5.824943 -5.911101 -4.418841 -5.287098 -7.088516 -1.434837 -2.587632 -3.116938 -0.856043 -0.004918 -0.006868 -1.661029 -1.881064 -1.897165 -1.908578 -0.003767 -0.003088 -0.001555 -0.002229 -0.000618 -0.000614
-9999.0 -0.958140 -0.009334 -0.004743 -0.003967 -0.007419 -1.075324 -1.777420 -0.844364 -1.765536 -0.926464 -0.004085 -1.378199 -0.000417 -2.218544 -0.920655 -0.794177 -1.100017 -0.003394 -1.498219 -0.002134 -0.015606 -1.448731 -1.714193 -1.991067 -0.040571 -0.013875 -0.005084 -0.005263 -2.953273 -2.248675 -2.427165 -3.671231 -1.887188 -2.154370 -1.598860 -0.007941 -0.003245 -0.012145 -0.018460 -1.143684 -0.694586 -4.172428 -0.848061 -0.609988 -1.327657 -0.005212 -0.003411 -0.003222 -0.004026 -0.871034 -3.694746 -0.004297 -2.113070 -1.549636 -0.002639 -0.002581 -0.006866 -0.005016 -0.004180 -0.003352 -9999.0
