user2019/resources/simulation/Vinschgau/output-maps/TL0001N0406.asc
ncols         63
nrows         48
xllcorner     598000.000000
yllcorner     5145000.000000
cellsize      1000.000000
NODATA_value  -9999.0
[rows 0 to 27 of 48, columns 0 to 62 of 63]
-9999.0 -9999.0 -9999.0 -9999.0 -9999.0 -9999.0 -9999.0 -9999.0 -9999.0 -9999.0 -9999.0 -9999.0 -9999.0 -9999.0 -9999.0 -9999.0 -9999.0 -9999.0 -9999.0 -9999.0 -9999.0 -9999.0 -9999.0 -9999.0 -9999.0 -9999.0 -9999.0 -9999.0 -9999.0 -9999.0 -9999.0 -9999.0 -9999.0 -9999.0 -9999.0 -9999.0 -9999.0 -9999.0 -9999.0 -9999.0 -9999.0 -9999.0 -9999.0 -9999.0 -9999.0 -9999.0 -9999.0 -9999.0 -9999.0 -9999.0 -9999.0 -9999.0 -9999.0 -9999.0 -9999.0 -9999.0 -9999.0 -9999.0 -9999.0 -9999.0 -9999.0 -9999.0 -9999.0
-9999.0 -9999.0 -9999.0 -9999.0 -9999.0 -9999.0 -9999.0 -9999.0 -9999.0 -9999.0 -9999.0 -9999.0 -9999.0 -9999.0 -9999.0 -9999.0 -9999.0 -9999.0 -9999.0 -9999.0 -9999.0 -9999.0 -9999.0 -9999.0 -9999.0 -9999.0 -9999.0 6.515088 5.460952 3.279025 0.875289 -2.499408 -3.577862 -9999.0 -9999.0 -9999.0 -9999.0 -9999.0 -9999.0 -9999.0 -9999.0 -9999.0 -9999.0 -9999.0 -9999.0 -9999.0 -9999.0 -9999.0 -9999.0 -9999.0 -9999.0 -9999.0 -9999.0 -9999.0 -9999.0 -9999.0 -9999.0 -9999.0 -9999.0 -9999.0 -9999.0 -9999.0 -9999.0
-9999.0 -9999.0 -9999.0 -9999.0 -9999.0 -9999.0 -9999.0 -9999.0 -9999.0 -9999.0 -9999.0 -9999.0 -9999.0 -9999.0 -9999.0 -9999.0 -9999.0 -9999.0 -9999.0 -9999.0 -9999.0 -9999.0 -9999.0 -9999.0 6.619367 7.407551 6.879721 6.573157 4.899781 3.800329 1.736012 -9999.0 -9999.0 -9999.0 -9999.0 -9999.0 -9999.0 -9999.0 -9999.0 -9999.0 -9999.0 -9999.0 -9999.0 -9999.0 -9999.0 -9999.0 -9999.0 -9999.0 -9999.0 -9999.0 -9999.0 -9999.0 -9999.0 -9999.0 -9999.0 -9999.0 -9999.0 -9999.0 -9999.0 -9999.0 -9999.0 -9999.0 -9999.0
-9999.0 -9999.0 -9999.0 -9999.0 -9999.0 -9999.0 -9999.0 -9999.0 -9999.0 -9999.0 -9999.0 -9999.0 -9999.0 -9999.0 -9999.0 -9999.0 -9999.0 -9999.0 -9999.0 -9999.0 -9999.0 -9999.0 -9999.0 8.084307 7.790206 6.105347 6.048776 6.610455 2.929993 5.431625 3.920446 2.709346 -9999.0 -9999.0 -9999.0 -9999.0 -9999.0 -9999.0 -9999.0 -9999.0 -9999.0 -9999.0 -9999.0 -9999.0 -9999.0 -9999.0 -9999.0 -9999.0 -9999.0 -9999.0 -9999.0 -9999.0 -9999.0 -9999.0 -9999.0 -9999.0 -9999.0 -9999.0 -9999.0 -9999.0 -9999.0 -9999.0 -9999.0
-9999.0 -9999.0 -9999.0 -9999.0 -9999.0 -9999.0 -9999.0 -9999.0 -9999.0 -9999.0 -9999.0 -9999.0 -9999.0 -9999.0 -9999.0 -9999.0 -9999.0 -9999.0 7.853850 6.647204 -9999.0 7.238359 7.742448 6.801058 5.846905 6.858048 6.259746 6.197863 6.220376 4.851400 5.168163 2.641677 4.678626 2.203363 -9999.0 -9999.0 -9999.0 -9999.0 -9999.0 -9999.0 -9999.0 -9999.0 -9999.0 -9999.0 -9999.0 -9999.0 -9999.0 -9999.0 -9999.0 -9999.0 -9999.0 -9999.0 -9999.0 -9999.0 -9999.0 -9999.0 -9999.0 -9999.0 -9999.0 -9999.0 -9999.0 -9999.0 -9999.0
-9999.0 -9999.0 -9999.0 -9999.0 -9999.0 -9999.0 -9999.0 -9999.0 -9999.0 -9999.0 -9999.0 -9999.0 -9999.0 -9999.0 -9999.0 -9999.0 -9999.0 6.945594 5.602425 9.096429 8.716206 3.397893 4.889346 5.289308 8.439915 1.543036 0.005999 1.295610 0.026261 3.120985 4.650106 3.823631 4.033938 2.346818 0.370901 -2.029960 -9999.0 -9999.0 -9999.0 -9999.0 -9999.0 -9999.0 -9999.0 -9999.0 -9999.0 -9999.0 -9999.0 -9999.0 -9999.0 -9999.0 -9999.0 -9999.0 -9999.0 -9999.0 -9999.0 -9999.0 -9999.0 -9999.0 -9999.0 -9999.0 -9999.0 -9999.0 -9999.0
-9999.0 -9999.0 -9999.0 -9999.0 -9999.0 -9999.0 -9999.0 -9999.0 -9999.0 -9999.0 -9999.0 -9999.0 -9999.0 6.690074 4.777203 4.556110 6.118744 15.463197 6.670408 7.502148 6.512718 7.052141 9.457056 8.142072 1.551901 3.277428 0.022360 0.627426 -1.461512 0.650660 1.700789 1.840530 1.807452 -2.778832 -4.057129 -2.351807 -9999.0 -9999.0 -9999.0 -9999.0 -9999.0 -9999.0 -9999.0 -9999.0 -9999.0 -9999.0 -9999.0 -9999.0 -9999.0 -9999.0 -9999.0 -9999.0 -9999.0 -9999.0 -9999.0 -9999.0 -9999.0 -9999.0 -9999.0 -9999.0 -9999.0 -9999.0 -9999.0
-9999.0 -9999.0 -9999.0 -9999.0 -9999.0 -9999.0 -9999.0 -9999.0 -9999.0 -9999.0 -9999.0 -9999.0 -9999.0 7.443351 5.771377 5.125710 5.073905 11.369126 15.289199 10.090491 7.097375 7.289454 3.638538 2.619778 3.904532 3.004114 4.005546 -4.082343 -2.321067 -3.395929 0.106919 -2.540487 -2.416668 -0.792474 -2.083710 -9999.0 -9999.0 -9999.0 -9999.0 -9999.0 -9999.0 -9999.0 -9999.0 -9999.0 -9999.0 -9999.0 -9999.0 -9999.0 -9999.0 -9999.0 -9999.0 -9999.0 -9999.0 -9999.0 -9999.0 -9999.0 -9999.0 -9999.0 -9999.0 -9999.0 -9999.0 -9999.0 -9999.0
-9999.0 -9999.0 -9999.0 -9999.0 -9999.0 -9999.0 -9999.0 -9999.0 -9999.0 -9999.0 -9999.0 -9999.0 -9999.0 5.998443 7.433746 5.333456 3.396999 5.733188 15.903484 6.826086 7.599665 4.610789 0.909448 1.376941 4.677112 3.741135 3.287702 -2.480828 4.572813 -0.446440 -3.100447 -0.064557 -0.197501 -3.815536 -1.012361 -9999.0 -9999.0 -9999.0 -9999.0 -9999.0 -9999.0 -9999.0 -9999.0 -9999.0 -9999.0 -9999.0 -9999.0 -9999.0 -9999.0 -9999.0 -9999.0 -9999.0 -9999.0 -9999.0 -9999.0 -9999.0 -9999.0 -9999.0 -9999.0 -9999.0 -9999.0 -9999.0 -9999.0
-9999.0 -9999.0 -9999.0 -9999.0 -9999.0 -9999.0 -9999.0 -9999.0 -9999.0 -9999.0 -9999.0 -9999.0 5.798753 6.938864 4.447853 3.993800 1.389124 4.278268 12.584362 10.228869 4.638830 0.996300 1.690575 1.147007 1.941629 -3.746569 0.185200 3.051718 3.095250 -2.660284 -0.103146 6.112235 1.149180 -4.298900 -9999.0 -9999.0 -9999.0 -9999.0 -9999.0 -9999.0 -9999.0 -9999.0 -9999.0 -9999.0 -9999.0 -9999.0 -9999.0 -9999.0 -9999.0 -9999.0 -9999.0 -9999.0 -9999.0 -9999.0 -9999.0 -9999.0 -9999.0 -9999.0 -9999.0 -9999.0 -9999.0 -9999.0 -9999.0
-9999.0 -9999.0 -9999.0 -9999.0 -9999.0 -9999.0 -9999.0 -9999.0 -9999.0 -9999.0 -9999.0 5.968814 2.515454 2.548780 2.792335 3.308775 2.983249 3.307144 11.579741 5.292465 3.433883 4.115506 3.309702 -3.647604 2.215782 2.520396 -1.357576 3.900507 1.708634 -1.598404 2.099252 4.785002 1.451073 -0.220554 1.760669 2.517101 9.852026 10.936758 11.196781 -9999.0 -9999.0 -9999.0 4.041711 -9999.0 -9999.0 -9999.0 -9999.0 -9999.0 -9999.0 -9999.0 -9999.0 -9999.0 -9999.0 -9999.0 -9999.0 -9999.0 -9999.0 -9999.0 -9999.0 -9999.0 -9999.0 -9999.0 -9999.0
-9999.0 -9999.0 -9999.0 -9999.0 -9999.0 -9999.0 -9999.0 -9999.0 -9999.0 -9999.0 -9999.0 3.160629 2.711833 2.935816 3.871590 -1.408240 5.793263 5.399353 12.341864 9.277300 8.751615 6.926133 5.032010 0.748366 0.040375 3.819749 5.773723 4.927125 2.388947 -3.974402 4.278929 2.775586 3.870807 3.438429 5.165508 5.702547 7.338890 11.960512 9.913711 8.824606 9.168927 6.380819 3.843602 4.990168 -9999.0 -9999.0 -9999.0 -2.997376 -3.831444 2.335030 2.484946 -4.495710 -2.618157 -1.937342 -0.289029 -0.004924 -9999.0 -9999.0 -9999.0 -9999.0 -9999.0 -9999.0 -9999.0
-9999.0 -9999.0 -9999.0 -9999.0 -9999.0 -9999.0 -9999.0 -9999.0 -9999.0 -9999.0 -9999.0 4.445755 -1.829317 1.233746 4.683847 6.277988 2.304151 2.978290 9.926272 9.261996 3.525674 2.861505 1.614058 3.967581 -3.730662 7.896814 2.231084 0.210962 0.574710 -5.405178 -4.003598 0.462622 4.898227 2.349071 6.421595 6.225817 2.295093 6.095274 11.587890 8.401211 9.625367 7.261036 4.907675 5.060126 3.264470 -9999.0 -0.783953 2.288349 4.195813 5.060452 5.295752 4.972114 4.631727 4.485899 4.294440 1.256177 -9999.0 -9999.0 -9999.0 -9999.0 -9999.0 -9999.0 -9999.0
-9999.0 -9999.0 -9999.0 -9999.0 -9999.0 -9999.0 -9999.0 -9999.0 -9999.0 -9999.0 -9999.0 -9999.0 -3.222486 0.226621 6.093504 7.026810 0.963362 3.046852 11.401363 9.142688 3.733772 3.985649 3.614798 1.971227 0.625240 2.262720 5.089298 1.886208 3.789984 2.932913 4.013790 0.752890 5.129574 3.621891 2.838411 4.698913 1.273276 5.453217 11.429527 8.477590 11.802621 12.285163 1.669245 6.140203 6.001329 4.234869 2.289428 1.999094 0.541373 1.896725 3.387110 0.190529 1.568277 0.083639 -0.243382 -0.005153 -1.200424 -9999.0 -9999.0 -9999.0 -9999.0 -9999.0 -9999.0
-9999.0 -9999.0 -9999.0 -9999.0 -9999.0 -9999.0 -9999.0 -9999.0 -9999.0 -9999.0 -9999.0 0.130619 -1.325913 3.668005 1.411731 1.469031 3.250176 2.635902 11.553654 5.650407 4.322670 3.168658 2.788680 1.347180 2.422890 2.630450 0.800812 -4.125325 6.036842 7.786576 1.919203 1.624824 4.140040 1.578771 -4.853700 2.853740 5.244746 2.700646 3.674294 12.180240 5.708018 6.888479 3.325891 4.480916 6.827309 3.137285 4.340095 4.547941 5.375053 3.972393 -2.104067 -0.036196 -0.078891 -0.007016 -0.006631 -0.008524 -2.468764 -9999.0 -9999.0 -9999.0 -9999.0 -9999.0 -9999.0
-9999.0 -9999.0 -9999.0 -9999.0 -9999.0 -9999.0 -9999.0 -9999.0 -9999.0 -9999.0 5.134582 1.748426 5.709854 6.921757 7.324335 2.674993 1.918543 2.705605 5.635918 6.049579 9.544567 6.748672 1.791493 9.453284 4.247530 1.336328 0.698692 0.158866 7.442833 7.817047 2.364239 1.117413 2.261412 0.914364 -4.488398 2.362025 6.780273 0.298281 0.947284 4.903319 5.502580 6.362697 10.036260 3.502455 2.480656 5.881609 6.114651 2.005608 2.823721 3.071898 -0.510825 -0.006854 -0.007107 -0.007622 -0.006889 4.585811 2.894828 -9999.0 -9999.0 -9999.0 -9999.0 -9999.0 -9999.0
-9999.0 -9999.0 -9999.0 -9999.0 -9999.0 -9999.0 -9999.0 -9999.0 -9999.0 -3.294866 3.194551 1.037946 1.757766 1.350700 2.650052 2.056835 1.263850 9.033968 5.748835 6.799461 9.794388 4.906507 4.186438 5.715362 3.162333 0.778195 1.188682 8.302354 3.722090 4.280915 3.900272 -0.173510 -3.765397 -1.782443 5.539045 5.905824 3.096468 0.057771 0.474781 1.571822 1.528541 1.629177 2.035402 4.716542 4.021565 3.546088 8.580624 4.818411 3.673508 3.513735 0.808516 0.705079 -0.008447 -0.006006 -1.483113 0.880712 0.898239 3.430455 0.617981 -9999.0 -9999.0 -9999.0 -9999.0
-9999.0 -9999.0 -9999.0 -9999.0 -9999.0 -9999.0 -9999.0 -9999.0 -9999.0 1.608463 -3.380896 4.575783 8.158754 3.321509 2.579243 2.582864 8.247812 5.200445 6.649605 14.737985 13.415929 13.517459 7.330326 6.616326 1.125852 2.835013 3.463814 4.471037 5.725828 4.733160 3.998555 -0.172693 2.081649 2.861665 3.756982 9.103542 9.465802 8.716280 5.186832 4.129214 0.070536 0.555819 3.148625 4.310909 4.611840 6.406771 6.389404 6.719169 5.505797 3.970509 0.258086 -0.065589 -0.181373 -0.006062 -0.013072 -2.289914 1.695920 1.964192 4.680742 -9999.0 -9999.0 -9999.0 -9999.0
-9999.0 -9999.0 -9999.0 -9999.0 -9999.0 -9999.0 -9999.0 -9999.0 -9999.0 -9999.0 1.677343 4.827237 2.095736 2.319863 4.383611 2.912622 4.034828 6.509922 7.598508 9.476000 10.270969 5.149502 2.728112 1.877813 2.987342 4.355170 5.492863 5.589405 4.295363 -0.041658 -0.082458 0.176686 -2.999803 -3.708576 4.858372 5.595529 8.591643 5.768110 5.238060 -4.291590 -1.796185 7.323781 5.992901 1.412928 2.210536 2.523062 3.598379 7.773343 6.921444 4.840713 0.399035 1.085867 1.716963 -0.989615 -0.005539 -0.189376 3.187068 4.252599 4.240577 5.215537 -9999.0 -9999.0 -9999.0
-9999.0 -9999.0 -9999.0 -9999.0 -9999.0 -9999.0 -9999.0 -9999.0 -9999.0 -9999.0 2.268965 4.109134 5.617960 2.680735 9.789074 3.665026 4.009028 6.091068 9.098132 10.220530 7.230466 5.098498 3.270309 4.746525 4.421277 6.291247 6.220140 2.230312 0.102600 -3.752978 -3.829502 4.357584 -0.314112 -3.660494 -4.007114 3.529701 2.079412 2.009107 0.047025 -4.452272 3.905709 4.796562 0.113461 1.590130 5.236188 1.354902 1.967917 1.874339 4.281207 6.982161 4.312977 1.506091 0.828586 2.556718 -2.604384 2.456495 -0.005683 3.029622 5.336478 6.942246 -9999.0 -9999.0 -9999.0
-9999.0 -9999.0 -9999.0 -9999.0 -9999.0 -9999.0 -9999.0 -9999.0 6.513381 5.758986 5.626404 4.390208 1.453999 1.894652 1.577589 4.540623 6.414161 15.453876 12.181599 11.518016 9.283011 7.857755 6.576315 4.513414 6.147522 5.536970 7.680343 1.156829 0.976235 -0.060045 -0.637001 1.964286 2.710948 -2.975783 3.864075 -1.172697 5.507610 1.923634 -0.061965 4.182627 2.387455 3.473496 -2.835677 -0.612126 6.144664 5.615709 -0.221534 1.516574 2.477765 6.291070 4.843406 2.104049 1.321600 0.027694 3.901385 5.854774 5.748240 9.741263 7.128743 7.002597 -9999.0 -9999.0 -9999.0
-9999.0 -9999.0 -9999.0 -9999.0 -9999.0 -9999.0 -9999.0 -9999.0 1.460161 1.759407 0.805503 -2.580609 4.107014 2.377290 2.055785 3.449420 4.904416 5.664750 9.705331 12.384849 17.786875 16.210027 13.988212 12.774867 7.346197 5.989011 3.535446 2.161833 1.096149 4.249660 4.788621 7.368223 3.182740 3.315746 3.945457 4.679449 6.849132 2.181409 0.990515 2.927990 -3.029618 -0.014576 -2.432681 4.613630 6.333384 0.417270 -2.222938 5.302399 2.669430 4.377844 7.075510 3.621902 0.674359 7.215719 8.823749 4.108948 4.608567 6.309923 9.116775 10.688808 12.225023 -9999.0 -9999.0
-9999.0 -9999.0 -9999.0 -9999.0 -9999.0 -9999.0 -9999.0 -9999.0 -1.485771 5.998545 6.027315 1.452770 5.900562 1.749578 3.334237 2.719319 4.809229 8.707629 10.062162 16.994094 12.702635 16.850248 16.527085 11.554581 13.023234 5.750318 3.509821 1.055927 1.188164 6.115541 8.050180 5.986770 0.438635 1.311710 4.688343 6.507065 1.752291 2.884662 -0.015558 0.484177 2.519180 2.710049 4.018399 4.003061 0.043777 3.205388 5.351371 6.535694 1.271926 3.849489 6.712843 5.824506 1.985022 2.164127 6.273197 5.925736 7.491236 9.012338 10.674405 10.649712 10.655769 -9999.0 -9999.0
-9999.0 -9999.0 -9999.0 -9999.0 -9999.0 -9999.0 -9999.0 -9999.0 -2.038878 5.557228 1.920169 1.784890 6.106698 2.652268 3.007569 4.851070 8.391379 8.267096 8.575820 9.465871 11.648079 12.262235 16.312557 14.887368 6.491518 4.129098 2.252671 0.886239 8.639080 3.260973 2.174619 2.065936 3.043960 2.419047 1.364165 8.505973 9.360287 3.919253 0.586878 0.843474 3.833082 4.402762 5.858635 8.039183 5.673408 7.726769 7.005939 9.203402 8.394583 4.242116 4.682954 7.517496 7.468899 6.047506 8.526881 8.614350 9.406549 8.074115 9.372731 10.558167 8.819943 6.162811 -9999.0
-9999.0 -9999.0 -9999.0 -9999.0 -9999.0 -9999.0 -9999.0 -9999.0 5.411358 5.996380 2.999927 2.226662 2.787755 3.294279 10.483202 8.289309 7.085696 5.327880 3.726738 5.656690 8.150397 11.420184 11.644699 10.855399 11.824424 3.807910 1.676724 4.316640 5.234953 4.199996 1.391430 4.084890 5.271735 3.082666 2.799432 3.663678 4.514444 4.952348 3.375008 3.119234 2.571987 2.948189 3.125440 3.208716 1.384756 8.213911 3.565004 4.630178 4.452358 6.829930 9.119430 7.728176 7.951044 9.903820 9.653522 9.411058 10.341626 10.336052 9.782368 9.041351 7.038773 5.446944 -9999.0
-9999.0 -9999.0 6.793653 7.502093 1.328165 2.589974 1.649598 1.104223 5.911156 5.652775 2.640073 3.381897 3.721119 6.349364 11.952954 5.137728 3.605798 1.678860 3.010746 3.663509 5.862480 7.835675 9.409952 9.925763 8.730618 5.854482 3.988705 4.315252 5.397569 8.951784 2.802865 2.926270 8.941999 3.703781 5.992007 4.190387 7.365746 5.984126 4.744868 2.895885 5.415523 5.900961 3.351893 5.423897 2.197072 4.617135 6.317111 4.345520 7.928589 9.440421 10.652406 10.492248 10.311805 10.265701 10.017813 14.009172 8.672853 8.403288 8.077334 6.599113 8.441134 4.514510 -9999.0
-9999.0 2.963745 2.681216 2.490914 2.758715 2.347774 1.486446 0.571793 0.319735 5.410687 2.396659 2.561983 4.681736 9.799674 8.783501 2.895419 2.175119 1.663069 3.254748 4.105877 6.371777 6.804647 10.564490 7.531089 14.983998 10.374877 13.712876 14.204702 8.180953 6.938335 7.934592 7.116359 6.262007 10.104614 8.401858 8.949597 9.657659 8.229953 8.869659 8.047911 8.408815 8.402330 6.978343 5.363705 5.216510 5.889242 7.751033 8.011200 10.495165 8.493010 9.843522 9.603629 8.350671 8.017555 7.800581 7.441176 5.562895 5.331970 6.231548 7.013926 3.898012 4.186274 -9999.0
-9999.0 5.632776 3.126803 3.957296 8.557641 2.599473 0.700866 1.414923 6.311291 6.576696 2.688485 2.951707 4.900875 9.260866 3.647257 1.071023 1.384210 2.735408 3.744605 3.337142 7.556779 5.029902 6.092024 7.240553 13.279791 16.502641 10.124482 12.073867 9.636540 8.846786 10.372035 9.515554 7.495968 7.431668 12.507218 10.010840 16.466782 17.908965 11.068987 11.369403 10.703851 9.993934 9.428804 9.290872 10.969531 11.342155 10.506936 10.462841 9.634139 9.646158 7.438551 6.188158 5.961929 6.462524 5.746262 4.074121 4.243340 3.163197 3.159394 2.838849 3.116711 -9999.0 -9999.0
