user2019/resources/simulation/Vinschgau/output-maps/TL0003N0065.asc
ncols         63
nrows         48
xllcorner     598000.000000
yllcorner     5145000.000000
cellsize      1000.000000
NODATA_value  -9999.0
[rows 0 to 27 of 48, columns 0 to 62 of 63]
-9999.0 -9999.0 -9999.0 -9999.0 -9999.0 -9999.0 -9999.0 -9999.0 -9999.0 -9999.0 -9999.0 -9999.0 -9999.0 -9999.0 -9999.0 -9999.0 -9999.0 -9999.0 -9999.0 -9999.0 -9999.0 -9999.0 -9999.0 -9999.0 -9999.0 -9999.0 -9999.0 -9999.0 -9999.0 -9999.0 -9999.0 -9999.0 -9999.0 -9999.0 -9999.0 -9999.0 -9999.0 -9999.0 -9999.0 -9999.0 -9999.0 -9999.0 -9999.0 -9999.0 -9999.0 -9999.0 -9999.0 -9999.0 -9999.0 -9999.0 -9999.0 -9999.0 -9999.0 -9999.0 -9999.0 -9999.0 -9999.0 -9999.0 -9999.0 -9999.0 -9999.0 -9999.0 -9999.0
-9999.0 -9999.0 -9999.0 -9999.0 -9999.0 -9999.0 -9999.0 -9999.0 -9999.0 -9999.0 -9999.0 -9999.0 -9999.0 -9999.0 -9999.0 -9999.0 -9999.0 -9999.0 -9999.0 -9999.0 -9999.0 -9999.0 -9999.0 -9999.0 -9999.0 -9999.0 -9999.0 -0.632449 -0.912919 -1.031432 -0.850901 -0.909068 -0.833473 -9999.0 -9999.0 -9999.0 -9999.0 -9999.0 -9999.0 -9999.0 -9999.0 -9999.0 -9999.0 -9999.0 -9999.0 -9999.0 -9999.0 -9999.0 -9999.0 -9999.0 -9999.0 -9999.0 -9999.0 -9999.0 -9999.0 -9999.0 -9999.0 -9999.0 -9999.0 -9999.0 -9999.0 -9999.0 -9999.0
-9999.0 -9999.0 -9999.0 -9999.0 -9999.0 -9999.0 -9999.0 -9999.0 -9999.0 -9999.0 -9999.0 -9999.0 -9999.0 -9999.0 -9999.0 -9999.0 -9999.0 -9999.0 -9999.0 -9999.0 -9999.0 -9999.0 -9999.0 -9999.0 -0.082599 -0.398705 -0.732039 -1.103309 -0.249857 -0.570299 -0.850472 -9999.0 -9999.0 -9999.0 -9999.0 -9999.0 -9999.0 -9999.0 -9999.0 -9999.0 -9999.0 -9999.0 -9999.0 -9999.0 -9999.0 -9999.0 -9999.0 -9999.0 -9999.0 -9999.0 -9999.0 -9999.0 -9999.0 -9999.0 -9999.0 -9999.0 -9999.0 -9999.0 -9999.0 -9999.0 -9999.0 -9999.0 -9999.0
-9999.0 -9999.0 -9999.0 -9999.0 -9999.0 -9999.0 -9999.0 -9999.0 -9999.0 -9999.0 -9999.0 -9999.0 -9999.0 -9999.0 -9999.0 -9999.0 -9999.0 -9999.0 -9999.0 -9999.0 -9999.0 -9999.0 -9999.0 -0.213786 -0.034258 -0.007003 -0.008146 -0.003582 -0.012481 -0.887849 -1.244324 -0.578855 -9999.0 -9999.0 -9999.0 -9999.0 -9999.0 -9999.0 -9999.0 -9999.0 -9999.0 -9999.0 -9999.0 -9999.0 -9999.0 -9999.0 -9999.0 -9999.0 -9999.0 -9999.0 -9999.0 -9999.0 -9999.0 -9999.0 -9999.0 -9999.0 -9999.0 -9999.0 -9999.0 -9999.0 -9999.0 -9999.0 -9999.0
-9999.0 -9999.0 -9999.0 -9999.0 -9999.0 -9999.0 -9999.0 -9999.0 -9999.0 -9999.0 -9999.0 -9999.0 -9999.0 -9999.0 -9999.0 -9999.0 -9999.0 -9999.0 0.048697 -0.023152 -9999.0 -0.131105 -0.058666 0.006783 0.064128 0.496166 -0.030534 -0.030694 0.502631 -0.014082 -1.049255 -1.063525 -1.406085 -1.529234 -9999.0 -9999.0 -9999.0 -9999.0 -9999.0 -9999.0 -9999.0 -9999.0 -9999.0 -9999.0 -9999.0 -9999.0 -9999.0 -9999.0 -9999.0 -9999.0 -9999.0 -9999.0 -9999.0 -9999.0 -9999.0 -9999.0 -9999.0 -9999.0 -9999.0 -9999.0 -9999.0 -9999.0 -9999.0
-9999.0 -9999.0 -9999.0 -9999.0 -9999.0 -9999.0 -9999.0 -9999.0 -9999.0 -9999.0 -9999.0 -9999.0 -9999.0 -9999.0 -9999.0 -9999.0 -9999.0 2.221273 0.945945 0.001306 -0.132393 -0.032426 -0.022359 -0.010937 0.048532 -0.004343 -0.019109 -0.018644 -0.031750 -0.031971 -0.002867 -0.768255 -0.955307 -1.335350 -0.813352 -1.064784 -9999.0 -9999.0 -9999.0 -9999.0 -9999.0 -9999.0 -9999.0 -9999.0 -9999.0 -9999.0 -9999.0 -9999.0 -9999.0 -9999.0 -9999.0 -9999.0 -9999.0 -9999.0 -9999.0 -9999.0 -9999.0 -9999.0 -9999.0 -9999.0 -9999.0 -9999.0 -9999.0
-9999.0 -9999.0 -9999.0 -9999.0 -9999.0 -9999.0 -9999.0 -9999.0 -9999.0 -9999.0 -9999.0 -9999.0 -9999.0 -0.054409 -0.013862 0.058116 1.477045 3.361066 1.799882 0.032160 0.083193 0.127234 0.431657 0.036424 -0.015585 -0.298119 -0.754220 -0.278644 -0.549999 -0.047498 -0.032496 -0.075150 -0.460982 -0.912783 -1.250324 -1.673905 -9999.0 -9999.0 -9999.0 -9999.0 -9999.0 -9999.0 -9999.0 -9999.0 -9999.0 -9999.0 -9999.0 -9999.0 -9999.0 -9999.0 -9999.0 -9999.0 -9999.0 -9999.0 -9999.0 -9999.0 -9999.0 -9999.0 -9999.0 -9999.0 -9999.0 -9999.0 -9999.0
-9999.0 -9999.0 -9999.0 -9999.0 -9999.0 -9999.0 -9999.0 -9999.0 -9999.0 -9999.0 -9999.0 -9999.0 -9999.0 -0.016015 0.124286 0.309744 0.284249 2.419360 3.454097 0.937057 1.059176 -0.003993 0.054463 -0.001624 -0.018891 -0.046365 -0.896968 -0.757520 -0.891658 -0.735857 -0.111159 -0.858753 -1.330479 -2.044298 -1.894107 -9999.0 -9999.0 -9999.0 -9999.0 -9999.0 -9999.0 -9999.0 -9999.0 -9999.0 -9999.0 -9999.0 -9999.0 -9999.0 -9999.0 -9999.0 -9999.0 -9999.0 -9999.0 -9999.0 -9999.0 -9999.0 -9999.0 -9999.0 -9999.0 -9999.0 -9999.0 -9999.0 -9999.0
-9999.0 -9999.0 -9999.0 -9999.0 -9999.0 -9999.0 -9999.0 -9999.0 -9999.0 -9999.0 -9999.0 -9999.0 -9999.0 -0.011256 0.106517 0.060442 0.035501 0.487700 3.358543 1.369066 -0.009052 -0.026191 -0.004965 -0.032723 -0.028556 -0.019950 -0.620526 -0.809536 -1.088083 -0.963380 -0.841719 -1.783689 -1.778013 -2.196921 -2.268859 -9999.0 -9999.0 -9999.0 -9999.0 -9999.0 -9999.0 -9999.0 -9999.0 -9999.0 -9999.0 -9999.0 -9999.0 -9999.0 -9999.0 -9999.0 -9999.0 -9999.0 -9999.0 -9999.0 -9999.0 -9999.0 -9999.0 -9999.0 -9999.0 -9999.0 -9999.0 -9999.0 -9999.0
-9999.0 -9999.0 -9999.0 -9999.0 -9999.0 -9999.0 -9999.0 -9999.0 -9999.0 -9999.0 -9999.0 -9999.0 -0.013276 0.019588 0.025412 -0.044458 -0.001691 0.075572 2.801892 0.782866 -0.008546 -0.141317 -0.102531 -0.123269 -0.033728 -0.705751 -0.098928 -0.408598 -0.860871 -0.855550 -0.970679 -1.043367 -1.188453 -1.059185 -9999.0 -9999.0 -9999.0 -9999.0 -9999.0 -9999.0 -9999.0 -9999.0 -9999.0 -9999.0 -9999.0 -9999.0 -9999.0 -9999.0 -9999.0 -9999.0 -9999.0 -9999.0 -9999.0 -9999.0 -9999.0 -9999.0 -9999.0 -9999.0 -9999.0 -9999.0 -9999.0 -9999.0 -9999.0
-9999.0 -9999.0 -9999.0 -9999.0 -9999.0 -9999.0 -9999.0 -9999.0 -9999.0 -9999.0 -9999.0 -0.028236 -0.023711 -0.001568 -0.041116 -0.040113 -0.023087 0.051766 2.884483 1.261163 0.029726 -0.009461 -0.076524 -0.557821 -0.146912 -0.451584 -0.776149 -0.440606 -0.392832 -1.225852 -0.738440 -1.119646 -0.943966 -1.121637 -1.346378 -1.674136 -1.890329 -0.719554 -0.165502 -9999.0 -9999.0 -9999.0 -1.382744 -9999.0 -9999.0 -9999.0 -9999.0 -9999.0 -9999.0 -9999.0 -9999.0 -9999.0 -9999.0 -9999.0 -9999.0 -9999.0 -9999.0 -9999.0 -9999.0 -9999.0 -9999.0 -9999.0 -9999.0
-9999.0 -9999.0 -9999.0 -9999.0 -9999.0 -9999.0 -9999.0 -9999.0 -9999.0 -9999.0 -9999.0 -0.046333 -0.027506 -0.012860 -0.015219 -0.044141 -0.013137 0.671474 2.859473 1.738332 0.075174 -0.005930 -0.055953 -0.251531 -0.116177 -0.481967 -0.581247 -0.707385 -0.495478 -0.725217 -0.972385 -0.644331 -1.369745 -1.167172 -1.491565 -1.425535 -0.211985 -0.724293 -1.029625 -3.432834 -2.109533 -2.213050 -1.438556 -1.070414 -9999.0 -9999.0 -9999.0 -0.023099 -0.009253 -0.026552 -0.008261 -0.008356 -0.007309 -0.004544 -0.004485 -0.007600 -9999.0 -9999.0 -9999.0 -9999.0 -9999.0 -9999.0 -9999.0
-9999.0 -9999.0 -9999.0 -9999.0 -9999.0 -9999.0 -9999.0 -9999.0 -9999.0 -9999.0 -9999.0 -0.043137 -0.102894 -0.039749 -0.030599 -0.045217 -0.019631 0.056662 1.824664 1.924384 0.072193 -0.016454 -0.035458 -0.161986 -0.648368 -0.489928 -0.057345 -0.073759 -0.544407 -0.631812 -0.766054 -0.439149 -1.010445 -1.218581 -1.430203 -0.734391 -1.521309 -0.132825 -0.015736 -3.567165 -0.610838 -1.904473 -0.505069 -1.261733 -0.738530 -9999.0 -0.524804 -0.033084 -0.009576 -0.007096 -0.018463 -0.064455 -0.001386 0.007283 0.005051 -0.003201 -9999.0 -9999.0 -9999.0 -9999.0 -9999.0 -9999.0 -9999.0
-9999.0 -9999.0 -9999.0 -9999.0 -9999.0 -9999.0 -9999.0 -9999.0 -9999.0 -9999.0 -9999.0 -9999.0 -0.042100 -0.027957 -0.006867 -0.011092 -0.068694 0.014253 2.903931 2.111851 0.094601 -0.010807 -0.010777 -0.022675 -0.390506 -0.073749 -0.010116 -0.554207 -0.602399 -0.515372 -0.763306 -0.365915 -0.964942 -1.107967 -1.109988 -1.722789 -2.653081 -0.114001 0.535687 -2.657447 -0.415684 -0.191766 -0.576168 -0.009143 -1.023738 -0.275648 -0.258304 -0.059503 -0.080192 -0.041957 -0.033956 -0.017940 -0.024069 -0.011569 -0.109197 -0.170043 -0.006484 -9999.0 -9999.0 -9999.0 -9999.0 -9999.0 -9999.0
-9999.0 -9999.0 -9999.0 -9999.0 -9999.0 -9999.0 -9999.0 -9999.0 -9999.0 -9999.0 -9999.0 -0.020077 -0.222194 -0.043801 -0.016369 -0.015709 -0.021778 -0.002522 2.574916 2.018020 0.377625 0.034565 -0.015127 -0.050494 -0.042126 -0.016166 -0.034369 -0.667546 -0.613057 -0.736930 -0.374630 -0.064535 -0.034527 -1.049539 -1.660221 -1.690349 -2.366344 -0.922563 -0.014981 -0.133427 -1.001380 -0.008491 -0.005888 -0.200962 -0.001985 -0.227854 -0.051418 -0.443372 -0.047304 -0.067172 -0.364000 -0.604742 -0.329618 -0.600097 -0.618175 -0.706444 -0.006353 -9999.0 -9999.0 -9999.0 -9999.0 -9999.0 -9999.0
-9999.0 -9999.0 -9999.0 -9999.0 -9999.0 -9999.0 -9999.0 -9999.0 -9999.0 -9999.0 -0.025546 -0.014791 -0.006830 -0.046813 -0.006006 -0.012716 -0.034356 -0.011291 1.099904 1.987192 1.613424 -0.008390 -0.012118 -0.014231 -0.010345 -0.027962 -0.430510 -0.554674 -0.022844 -0.019744 -0.022187 -0.035446 -0.386245 -0.962725 -2.422775 -1.757517 -0.925216 -2.893649 -0.028410 -0.004818 0.470912 0.743128 1.902175 0.941046 -0.035645 -1.116515 -0.038470 -0.241093 -0.015487 -0.012270 -0.029042 -0.666851 -0.646017 -0.723095 -0.684354 -0.002817 -0.003715 -9999.0 -9999.0 -9999.0 -9999.0 -9999.0 -9999.0
-9999.0 -9999.0 -9999.0 -9999.0 -9999.0 -9999.0 -9999.0 -9999.0 -9999.0 -0.329103 -0.051233 -0.025486 -0.014160 -0.014365 -0.014100 -0.030734 -0.054948 -0.006403 1.388299 2.211790 2.026647 -0.001814 -0.001411 -0.002144 -0.022034 -0.161492 -0.727699 -0.015998 -0.013008 -0.011036 -0.007645 -0.201847 -0.900727 -1.289442 -1.041023 -1.586903 -1.097325 -1.138441 -1.075433 -1.671050 -0.002233 -0.057101 -0.092295 1.363984 0.562736 -0.011129 0.058977 -0.216659 -0.074926 -0.005243 -0.068035 -0.007817 -0.788014 -0.147401 -0.008064 -0.013978 -0.007339 0.002770 -0.001935 -9999.0 -9999.0 -9999.0 -9999.0
-9999.0 -9999.0 -9999.0 -9999.0 -9999.0 -9999.0 -9999.0 -9999.0 -9999.0 -0.214233 -0.186637 -0.201918 0.030900 -0.011732 -0.015065 -0.011680 0.002264 -0.008485 2.154227 2.837897 2.639136 1.912669 -0.006999 -0.014497 -0.165051 -0.086298 -0.015496 -0.009017 0.007950 -0.030997 -0.040253 -0.517954 -0.685398 -0.706518 -1.213762 -1.356258 -1.339020 -1.106895 -1.013256 -0.305654 -0.061970 -0.678311 -0.070250 -0.008674 1.791189 1.169335 0.870557 0.008822 -0.007958 -0.006442 -0.034000 -0.027614 -0.011464 -0.225755 -0.626187 -0.029230 -0.006647 -0.010556 0.004019 -9999.0 -9999.0 -9999.0 -9999.0
-9999.0 -9999.0 -9999.0 -9999.0 -9999.0 -9999.0 -9999.0 -9999.0 -9999.0 -9999.0 -0.263033 -0.174077 -0.023571 0.007575 -0.010466 -0.014197 -0.012879 0.128377 3.167662 2.976162 2.571254 0.875735 -0.012653 -0.015588 -0.069862 -0.010267 0.020602 0.222641 -0.037326 -0.291801 -0.378745 -0.047705 -0.772915 -0.825013 -0.918394 -0.039491 -0.089556 -0.209934 -1.048586 -0.846049 -0.860747 -0.060258 -0.029073 -0.040827 -0.039145 -0.004839 0.050869 0.967280 2.042511 -0.002809 -0.060233 -0.046057 -0.007460 -0.009915 -0.228728 -0.643505 -0.077975 -0.009653 -0.004832 -0.008386 -9999.0 -9999.0 -9999.0
-9999.0 -9999.0 -9999.0 -9999.0 -9999.0 -9999.0 -9999.0 -9999.0 -9999.0 -9999.0 -0.300673 -0.230782 -0.070326 -0.013230 0.387046 0.008489 -0.003648 1.090716 3.727288 3.492678 1.642550 0.046037 -0.004933 -0.019270 -0.010855 0.056781 1.076949 -0.000908 -0.047362 -0.754813 -0.729582 -0.086022 -0.544882 -0.850160 -0.796928 -0.347694 -0.056651 -0.320543 -1.005357 -0.791036 -0.348597 -0.109128 -0.090341 -0.510949 -0.063380 -0.033691 -0.026841 -0.038922 1.746712 2.007578 -0.000852 -0.025434 -0.012197 -0.006155 -0.007749 -0.004934 -0.670049 -0.006548 1.382640 1.109869 -9999.0 -9999.0 -9999.0
-9999.0 -9999.0 -9999.0 -9999.0 -9999.0 -9999.0 -9999.0 -9999.0 -0.007924 -0.009384 -0.113394 -0.069134 -0.035487 -0.036618 -0.014512 0.955628 1.535939 3.109018 3.802357 3.823783 3.399565 0.831240 1.072498 0.049160 0.017561 1.720384 0.186085 -0.035075 -0.064898 -0.645617 -0.883517 -0.751411 -0.586938 -0.713083 -0.296538 -0.803238 -0.061783 -0.082036 -0.740083 -0.342014 -0.681130 -0.472110 -0.702991 -0.769663 -0.071052 -0.016359 -0.407306 -0.015018 -0.000560 2.255685 0.317342 -0.008041 -0.012844 -0.016733 -0.001386 0.007060 0.003602 -0.007141 0.629580 4.234134 -9999.0 -9999.0 -9999.0
-9999.0 -9999.0 -9999.0 -9999.0 -9999.0 -9999.0 -9999.0 -9999.0 -0.030864 -0.011481 -0.147519 -0.525568 -0.206977 -0.015660 -0.014882 -0.000746 0.818137 0.936323 3.983018 4.304841 5.721764 4.477324 2.490877 1.179632 0.741513 2.552565 0.595642 -0.033431 -0.576756 -0.169285 -0.327133 -0.783894 -0.106130 -0.395526 -0.037514 -0.053865 -0.037322 -0.023791 -0.469080 -0.052813 -0.826353 -0.880530 -0.789563 -0.012661 -0.027186 -0.028914 -0.585477 -0.462843 -0.034142 1.816948 2.509657 -0.010267 -0.015965 -0.000244 -0.038144 -0.001618 -0.010196 -0.002618 3.302047 5.308366 5.560776 -9999.0 -9999.0
-9999.0 -9999.0 -9999.0 -9999.0 -9999.0 -9999.0 -9999.0 -9999.0 -0.523761 -0.033590 -0.006733 -0.123616 -0.036399 -0.249130 -0.009303 -0.011454 0.231424 0.718704 4.123194 5.581124 4.671497 4.985465 4.635703 3.349837 3.681895 1.998793 0.088052 -0.045184 -0.896231 -0.816619 -0.669126 -0.042443 -0.847508 -0.881646 -0.013065 -0.014270 -0.052877 -0.004536 -0.126696 -0.127021 -0.242495 -0.319936 -0.013419 -0.114648 -0.234655 -0.317865 -0.015910 -0.005340 -0.082691 0.420024 3.985408 1.034211 -0.014741 -0.042919 -0.002201 0.850719 0.296202 3.792298 5.093386 5.402992 5.524619 -9999.0 -9999.0
-9999.0 -9999.0 -9999.0 -9999.0 -9999.0 -9999.0 -9999.0 -9999.0 -0.612716 -0.068543 -0.013817 -0.330254 -0.006173 -0.007029 -0.005750 0.805534 3.475243 4.325137 3.562315 4.401310 4.373810 4.729422 5.195446 4.722604 2.566950 0.502078 -0.014509 -0.069079 -0.018702 -0.013494 -0.211349 -0.054681 -0.013442 -0.015490 -0.250363 -0.071202 -0.074706 0.142335 -0.044303 -0.531260 -0.016712 -0.009026 -0.007041 -0.805436 -0.010947 -0.009457 -0.001566 -0.042398 -0.004800 -0.023871 1.109559 4.446293 1.201931 0.322887 3.459702 4.310313 5.149572 5.627758 6.162515 5.495897 4.275728 2.111902 -9999.0
-9999.0 -9999.0 -9999.0 -9999.0 -9999.0 -9999.0 -9999.0 -9999.0 -0.106989 -0.042761 -0.004921 -0.010578 -0.003967 0.239009 1.166143 2.732183 2.753476 2.268084 0.622662 2.018737 3.764351 4.579577 4.728085 4.599817 2.178189 0.025199 -0.026502 -0.011556 -0.006109 -0.006962 -0.018281 -0.013175 -0.000795 -0.014313 -0.048203 -0.042442 -0.016073 1.160593 0.072136 -0.023411 -0.083275 -0.040746 -0.015717 -0.028475 -0.394647 -0.019939 -0.036724 -0.011438 -0.011053 0.249425 0.377713 3.758123 4.764773 4.799505 5.119546 5.145257 5.562602 5.525448 5.306823 4.435863 3.451081 1.277814 -9999.0
-9999.0 -9999.0 -0.092733 -0.030394 -0.039086 -0.095174 -0.011088 -0.138420 -0.041124 -0.040009 -0.026658 0.610234 0.560467 0.889826 3.127181 2.493822 0.262897 -0.038455 -0.034481 0.006566 2.137932 4.735503 4.621161 4.582563 3.192924 0.494467 -0.000611 -0.001474 1.623780 0.055403 -0.010079 -0.004258 1.858575 0.396536 0.407145 0.050943 0.885507 1.777102 1.161933 -0.012461 -0.012510 -0.004964 0.124719 -0.004146 -0.013288 -0.013098 0.523220 0.976386 2.237860 3.714953 4.836229 5.387634 5.548354 5.146553 5.119545 6.553564 5.241716 4.809923 3.787748 3.273392 0.356410 0.007270 -9999.0
-9999.0 -0.014534 -0.014650 -0.012135 -0.020961 -0.007878 -0.028041 -0.074521 -0.100269 -0.254461 -0.033218 -0.005204 1.142917 2.657143 2.238096 -0.002947 -0.030997 -0.060416 -0.025005 -0.000442 1.214696 4.283393 4.488675 4.922846 4.902392 3.289733 3.076929 3.225593 3.271414 1.894912 1.306517 0.909401 0.541288 3.473522 3.017117 3.323433 3.961469 4.704602 3.995918 0.425923 0.498746 3.046242 2.845492 1.349901 0.896541 1.912465 2.822666 4.644957 5.175305 5.200364 5.165898 5.107355 5.027959 4.467382 4.504340 3.896620 0.562439 2.040852 1.078535 -0.012868 -0.000142 -0.000707 -9999.0
-9999.0 -0.023686 -0.012711 -0.010287 -0.005065 -0.013683 -0.020642 -0.321305 -0.127165 -0.083944 -0.036328 -0.009040 0.601391 2.075294 0.642165 -0.035065 -0.113599 -0.127461 -0.011582 0.709640 1.746185 3.445158 4.728697 4.168071 5.530773 5.847413 4.929828 4.551843 4.469670 4.807441 4.609933 4.024901 3.854563 4.051243 5.020855 5.131035 7.144718 7.772029 6.192869 5.670355 5.547236 5.372875 4.883961 4.557942 4.923682 5.234930 5.318028 5.581399 5.259982 5.170658 4.197719 3.475044 0.684868 4.047726 0.405312 1.236926 1.289983 -0.014151 -0.008133 -0.006649 -0.005087 -9999.0 -9999.0
