user2019/resources/simulation/Vinschgau/output-maps/TL0002N0100.asc
ncols         63
nrows         48
xllcorner     598000.000000
yllcorner     5145000.000000
cellsize      1000.000000
NODATA_value  -9999.0
[rows 0 to 27 of 48, columns 0 to 61 of 63]
-9999.0 -9999.0 -9999.0 -9999.0 -9999.0 -9999.0 -9999.0 -9999.0 -9999.0 -9999.0 -9999.0 -9999.0 -9999.0 -9999.0 -9999.0 -9999.0 -9999.0 -9999.0 -9999.0 -9999.0 -9999.0 -9999.0 -9999.0 -9999.0 -9999.0 -9999.0 -9999.0 -9999.0 -9999.0 -9999.0 -9999.0 -9999.0 -9999.0 -9999.0 -9999.0 -9999.0 -9999.0 -9999.0 -9999.0 -9999.0 -9999.0 -9999.0 -9999.0 -9999.0 -9999.0 -9999.0 -9999.0 -9999.0 -9999.0 -9999.0 -9999.0 -9999.0 -9999.0 -9999.0 -9999.0 -9999.0 -9999.0 -9999.0 -9999.0 -9999.0 -9999.0 -9999.0
-9999.0 -9999.0 -9999.0 -9999.0 -9999.0 -9999.0 -9999.0 -9999.0 -9999.0 -9999.0 -9999.0 -9999.0 -9999.0 -9999.0 -9999.0 -9999.0 -9999.0 -9999.0 -9999.0 -9999.0 -9999.0 -9999.0 -9999.0 -9999.0 -9999.0 -9999.0 -9999.0 -1.094167 -1.349541 -1.176780 -1.257233 -1.377290 -1.556651 -9999.0 -9999.0 -9999.0 -9999.0 -9999.0 -9999.0 -9999.0 -9999.0 -9999.0 -9999.0 -9999.0 -9999.0 -9999.0 -9999.0 -9999.0 -9999.0 -9999.0 -9999.0 -9999.0 -9999.0 -9999.0 -9999.0 -9999.0 -9999.0 -9999.0 -9999.0 -9999.0 -9999.0 -9999.0
-9999.0 -9999.0 -9999.0 -9999.0 -9999.0 -9999.0 -9999.0 -9999.0 -9999.0 -9999.0 -9999.0 -9999.0 -9999.0 -9999.0 -9999.0 -9999.0 -9999.0 -9999.0 -9999.0 -9999.0 -9999.0 -9999.0 -9999.0 -9999.0 -0.411089 -1.385846 -1.526750 -1.487845 -1.537276 -1.385422 -1.259416 -9999.0 -9999.0 -9999.0 -9999.0 -9999.0 -9999.0 -9999.0 -9999.0 -9999.0 -9999.0 -9999.0 -9999.0 -9999.0 -9999.0 -9999.0 -9999.0 -9999.0 -9999.0 -9999.0 -9999.0 -9999.0 -9999.0 -9999.0 -9999.0 -9999.0 -9999.0 -9999.0 -9999.0 -9999.0 -9999.0 -9999.0
-9999.0 -9999.0 -9999.0 -9999.0 -9999.0 -9999.0 -9999.0 -9999.0 -9999.0 -9999.0 -9999.0 -9999.0 -9999.0 -9999.0 -9999.0 -9999.0 -9999.0 -9999.0 -9999.0 -9999.0 -9999.0 -9999.0 -9999.0 -1.148105 -0.718312 -0.066520 -0.100011 -0.070289 -0.230587 -1.469122 -1.391921 -1.288207 -9999.0 -9999.0 -9999.0 -9999.0 -9999.0 -9999.0 -9999.0 -9999.0 -9999.0 -9999.0 -9999.0 -9999.0 -9999.0 -9999.0 -9999.0 -9999.0 -9999.0 -9999.0 -9999.0 -9999.0 -9999.0 -9999.0 -9999.0 -9999.0 -9999.0 -9999.0 -9999.0 -9999.0 -9999.0 -9999.0
-9999.0 -9999.0 -9999.0 -9999.0 -9999.0 -9999.0 -9999.0 -9999.0 -9999.0 -9999.0 -9999.0 -9999.0 -9999.0 -9999.0 -9999.0 -9999.0 -9999.0 -9999.0 -0.112840 -0.134083 -9999.0 -0.689371 -0.725168 -0.018151 -0.136450 -1.181128 -0.658974 -0.651097 -0.585450 -0.418253 -1.422507 -1.382027 -1.266224 -1.510266 -9999.0 -9999.0 -9999.0 -9999.0 -9999.0 -9999.0 -9999.0 -9999.0 -9999.0 -9999.0 -9999.0 -9999.0 -9999.0 -9999.0 -9999.0 -9999.0 -9999.0 -9999.0 -9999.0 -9999.0 -9999.0 -9999.0 -9999.0 -9999.0 -9999.0 -9999.0 -9999.0 -9999.0
-9999.0 -9999.0 -9999.0 -9999.0 -9999.0 -9999.0 -9999.0 -9999.0 -9999.0 -9999.0 -9999.0 -9999.0 -9999.0 -9999.0 -9999.0 -9999.0 -9999.0 -4.384531 -1.527010 -1.292864 -1.205500 -0.383511 -0.177117 -0.808327 -0.466166 -1.086988 -1.185765 -0.419360 -1.509203 -0.652778 -0.319598 -1.179284 -1.277741 -1.111885 -1.228631 -2.644811 -9999.0 -9999.0 -9999.0 -9999.0 -9999.0 -9999.0 -9999.0 -9999.0 -9999.0 -9999.0 -9999.0 -9999.0 -9999.0 -9999.0 -9999.0 -9999.0 -9999.0 -9999.0 -9999.0 -9999.0 -9999.0 -9999.0 -9999.0 -9999.0 -9999.0 -9999.0
-9999.0 -9999.0 -9999.0 -9999.0 -9999.0 -9999.0 -9999.0 -9999.0 -9999.0 -9999.0 -9999.0 -9999.0 -9999.0 -1.191315 -0.172468 -1.107786 -1.008409 -2.063196 -4.923353 -0.146872 -0.147698 -0.106080 -0.670551 -0.466766 -1.819910 -1.343690 -1.213893 -1.257568 -1.262399 -0.805124 -0.962833 -1.440171 -1.350611 -2.253896 -3.091185 -3.406133 -9999.0 -9999.0 -9999.0 -9999.0 -9999.0 -9999.0 -9999.0 -9999.0 -9999.0 -9999.0 -9999.0 -9999.0 -9999.0 -9999.0 -9999.0 -9999.0 -9999.0 -9999.0 -9999.0 -9999.0 -9999.0 -9999.0 -9999.0 -9999.0 -9999.0 -9999.0
-9999.0 -9999.0 -9999.0 -9999.0 -9999.0 -9999.0 -9999.0 -9999.0 -9999.0 -9999.0 -9999.0 -9999.0 -9999.0 -0.179975 -0.095587 -0.696195 -0.695381 -0.397103 -2.324048 -1.719315 -3.930959 -1.467241 -0.829659 -0.656338 -0.497496 -1.387142 -1.377426 -1.622077 -1.914451 -1.265586 -1.274006 -2.082904 -3.189386 -3.806772 -3.734910 -9999.0 -9999.0 -9999.0 -9999.0 -9999.0 -9999.0 -9999.0 -9999.0 -9999.0 -9999.0 -9999.0 -9999.0 -9999.0 -9999.0 -9999.0 -9999.0 -9999.0 -9999.0 -9999.0 -9999.0 -9999.0 -9999.0 -9999.0 -9999.0 -9999.0 -9999.0 -9999.0
-9999.0 -9999.0 -9999.0 -9999.0 -9999.0 -9999.0 -9999.0 -9999.0 -9999.0 -9999.0 -9999.0 -9999.0 -9999.0 -0.169183 -0.116905 -0.095910 -0.624401 -0.793249 -2.396891 -1.103885 -0.284338 -1.424574 -0.561263 -0.855537 -0.415795 -0.172834 -1.135845 -1.882502 -1.327527 -2.581569 -1.730705 -3.492953 -3.527712 -3.907094 -4.081455 -9999.0 -9999.0 -9999.0 -9999.0 -9999.0 -9999.0 -9999.0 -9999.0 -9999.0 -9999.0 -9999.0 -9999.0 -9999.0 -9999.0 -9999.0 -9999.0 -9999.0 -9999.0 -9999.0 -9999.0 -9999.0 -9999.0 -9999.0 -9999.0 -9999.0 -9999.0 -9999.0
-9999.0 -9999.0 -9999.0 -9999.0 -9999.0 -9999.0 -9999.0 -9999.0 -9999.0 -9999.0 -9999.0 -9999.0 -0.075396 -0.082411 -0.088782 -1.531201 -0.206510 -0.782182 -0.374756 -2.587282 -0.290629 -1.337117 -1.219172 -0.744768 -0.497959 -1.304648 -0.782328 -1.235629 -1.341469 -2.365689 -1.987765 -1.337195 -1.571629 -3.004718 -9999.0 -9999.0 -9999.0 -9999.0 -9999.0 -9999.0 -9999.0 -9999.0 -9999.0 -9999.0 -9999.0 -9999.0 -9999.0 -9999.0 -9999.0 -9999.0 -9999.0 -9999.0 -9999.0 -9999.0 -9999.0 -9999.0 -9999.0 -9999.0 -9999.0 -9999.0 -9999.0 -9999.0
-9999.0 -9999.0 -9999.0 -9999.0 -9999.0 -9999.0 -9999.0 -9999.0 -9999.0 -9999.0 -9999.0 -0.434848 -0.785247 -0.092969 -1.372212 -1.311102 -1.246709 -0.784082 -0.433232 -2.553109 -1.784408 -0.047000 -1.237871 -1.199979 -1.210230 -1.198550 -1.406857 -1.222701 -1.500025 -2.907195 -1.246357 -1.460461 -1.506016 -3.289606 -2.921759 -4.482842 -6.028931 -6.824039 -6.781706 -9999.0 -9999.0 -9999.0 -3.205372 -9999.0 -9999.0 -9999.0 -9999.0 -9999.0 -9999.0 -9999.0 -9999.0 -9999.0 -9999.0 -9999.0 -9999.0 -9999.0 -9999.0 -9999.0 -9999.0 -9999.0 -9999.0 -9999.0
-9999.0 -9999.0 -9999.0 -9999.0 -9999.0 -9999.0 -9999.0 -9999.0 -9999.0 -9999.0 -9999.0 -1.086439 -0.747744 -0.170284 -0.164818 -1.164233 -0.195114 -0.798666 -0.502713 -0.484809 -0.359595 -0.069027 -1.117687 -1.230572 -1.274657 -1.210535 -1.257303 -1.336446 -1.170035 -1.715352 -1.451187 -1.654550 -1.507269 -1.691062 -2.811415 -5.424997 -6.586918 -10.649172 -11.310878 -10.810364 -8.507318 -5.545896 -2.796648 -2.083880 -9999.0 -9999.0 -9999.0 -0.147652 -0.144529 -0.631377 -0.050955 -0.457419 -0.443158 -0.012803 -0.008116 -0.203251 -9999.0 -9999.0 -9999.0 -9999.0 -9999.0 -9999.0
-9999.0 -9999.0 -9999.0 -9999.0 -9999.0 -9999.0 -9999.0 -9999.0 -9999.0 -9999.0 -9999.0 -0.994736 -1.099809 -1.379389 -0.365372 -1.255157 -0.263967 -0.775501 -0.416872 -0.621087 -1.127212 -0.239095 -0.348257 -0.965975 -1.225709 -1.180612 -1.000694 -1.404378 -1.207131 -1.298095 -1.818699 -1.658392 -1.496582 -2.072155 -4.001574 -6.349878 -12.120499 -8.680072 -8.725133 -16.062941 -8.056417 -6.391783 -2.516333 -1.805366 -1.455968 -9999.0 -1.060957 -0.548256 -0.075405 -0.044071 -0.052756 -0.590766 -0.010840 -0.002830 -0.001980 -0.006192 -9999.0 -9999.0 -9999.0 -9999.0 -9999.0 -9999.0
-9999.0 -9999.0 -9999.0 -9999.0 -9999.0 -9999.0 -9999.0 -9999.0 -9999.0 -9999.0 -9999.0 -9999.0 -0.734091 -0.364403 -0.053287 -0.147160 -0.777507 -0.823926 -0.541221 -0.694373 -1.286945 -0.225739 -0.120803 -0.178788 -1.257287 -1.057256 -0.082105 -1.214414 -1.233333 -1.193608 -1.448411 -1.733152 -1.750999 -1.910243 -2.840983 -6.227723 -11.938407 -9.099842 -8.178293 -12.030176 -7.183357 -5.783423 -4.176585 -0.615115 -1.185973 -1.184147 -1.049839 -0.590798 -0.987170 -1.143873 -0.381807 -0.030318 -0.150611 -0.017249 -0.537276 -0.563770 -0.018042 -9999.0 -9999.0 -9999.0 -9999.0 -9999.0
-9999.0 -9999.0 -9999.0 -9999.0 -9999.0 -9999.0 -9999.0 -9999.0 -9999.0 -9999.0 -9999.0 -0.286749 -1.136431 -0.985412 -0.120869 -0.138160 -0.195137 -0.897249 -0.439248 -4.833928 -1.417670 -0.270231 -0.201421 -1.194666 -0.719443 -0.167228 -0.436043 -1.252115 -1.279893 -1.289287 -1.424752 -1.791094 -1.378273 -1.877319 -4.254750 -5.373843 -9.418437 -11.043124 -5.956434 -9.377719 -7.256535 -4.886207 -5.994693 -3.438339 -0.274918 -1.239768 -0.690451 -1.086567 -0.651363 -1.394150 -0.935516 -1.011692 -0.991086 -0.918617 -0.872468 -0.869278 -0.387196 -9999.0 -9999.0 -9999.0 -9999.0 -9999.0
-9999.0 -9999.0 -9999.0 -9999.0 -9999.0 -9999.0 -9999.0 -9999.0 -9999.0 -9999.0 -0.274680 -0.098341 -0.065558 -1.087421 -0.053658 -0.203770 -1.435530 -0.548776 -1.117016 -1.229776 -0.641424 -0.352467 -0.142348 -0.041956 -0.120467 -0.490758 -1.277276 -1.244077 -0.398750 -0.128509 -0.632852 -1.751369 -1.530228 -1.652845 -4.539912 -4.372004 -7.264229 -11.707968 -9.344306 -7.178879 -7.071114 -7.174427 -3.558176 -7.854797 -0.791295 -1.123518 -0.651766 -1.240464 -0.503357 -0.689181 -0.842467 -0.940260 -0.918635 -0.927314 -0.858688 -0.005844 -0.005223 -9999.0 -9999.0 -9999.0 -9999.0 -9999.0
-9999.0 -9999.0 -9999.0 -9999.0 -9999.0 -9999.0 -9999.0 -9999.0 -9999.0 -1.043460 -0.295750 -0.287865 -0.067489 -0.146275 -0.085637 -1.166540 -1.086893 -0.078785 -1.453848 -5.083984 -0.820586 -0.570634 -0.579067 -0.583165 -0.541132 -1.315379 -1.177807 -0.130638 -0.305690 -0.417583 -0.937458 -1.461815 -2.730444 -3.125857 -2.757062 -4.101561 -2.530557 -4.101055 -3.743160 -5.761600 -8.630428 -2.531899 -2.032425 -6.693187 -4.466168 -0.557609 -0.014543 -0.610663 -1.193177 -1.197301 -1.064564 -0.525433 -0.947871 -0.823321 -0.591323 -0.160181 -0.008699 -0.001523 -0.001822 -9999.0 -9999.0 -9999.0
-9999.0 -9999.0 -9999.0 -9999.0 -9999.0 -9999.0 -9999.0 -9999.0 -9999.0 -1.114998 -1.107937 -1.152189 -0.152416 -0.200123 -0.068967 -0.093450 -0.018099 -0.361344 -1.768090 -0.808871 -0.843772 -1.540237 -0.644625 -0.276481 -1.381011 -0.716826 -0.232651 -0.356914 -1.206511 -0.739969 -1.782383 -1.212718 -1.340117 -1.372857 -1.654107 -1.769494 -2.355594 -2.491214 -2.753430 -1.994867 -0.874904 -1.572003 -1.852505 -2.902991 -5.314375 -4.186173 -3.249408 -1.778472 -0.364021 -1.045034 -0.886876 -0.733735 -0.748787 -0.838486 -0.847426 -0.158494 -0.011084 -0.012554 -0.001662 -9999.0 -9999.0 -9999.0
-9999.0 -9999.0 -9999.0 -9999.0 -9999.0 -9999.0 -9999.0 -9999.0 -9999.0 -9999.0 -1.101306 -1.102160 -0.767055 -1.257581 -0.304163 -0.058389 -0.082490 -0.609208 -5.608126 -1.907921 -0.603154 -0.619996 -0.197533 -0.196506 -0.612699 -0.332805 -1.217786 -3.398332 -1.574131 -1.394306 -1.282044 -0.487065 -1.256311 -1.266105 -1.239767 -1.068272 -0.947917 -1.887388 -1.338055 -1.518782 -1.964375 -1.279934 -1.919560 -1.392783 -1.747610 -2.571520 -2.298126 -0.794462 -5.850745 -0.653243 -0.925106 -0.541439 -0.429331 -0.624787 -0.589627 -0.853334 -0.254776 -0.184983 -0.011373 -0.015443 -9999.0 -9999.0
-9999.0 -9999.0 -9999.0 -9999.0 -9999.0 -9999.0 -9999.0 -9999.0 -9999.0 -9999.0 -1.108359 -1.082873 -0.698336 -0.165830 -0.199646 -0.422608 -0.360332 -1.376498 -3.960642 -2.725977 -2.048827 -0.771456 -0.183384 -0.287345 -0.355964 -3.063424 -2.777167 -0.924628 -1.484366 -1.311560 -1.283587 -0.777103 -1.240751 -1.237052 -1.224642 -1.469345 -2.011513 -1.684985 -1.447202 -1.276732 -1.242628 -1.214642 -1.049386 -1.177775 -0.329677 -1.012553 -0.417453 -1.649597 -7.532254 -2.096131 -0.679057 -0.189651 -0.071482 -0.470393 -0.642228 -0.215505 -0.881675 -0.016889 -3.802104 -1.387714 -9999.0 -9999.0
-9999.0 -9999.0 -9999.0 -9999.0 -9999.0 -9999.0 -9999.0 -9999.0 -0.056005 -0.062074 -0.969051 -0.635005 -0.889305 -0.919464 -0.185997 -1.601351 -1.528122 -1.926928 -2.662412 -2.775331 -4.365123 -6.207176 -3.565831 -0.435025 -0.976113 -5.543299 -0.559874 -1.349677 -0.782626 -1.265793 -2.095372 -1.189157 -1.180136 -1.161118 -1.049494 -1.252828 -0.723579 -1.592241 -1.285888 -1.130163 -1.101062 -1.241420 -1.073439 -1.225032 -0.953027 -0.090239 -1.078846 -0.059497 -1.807287 -1.644754 -0.590465 -0.072386 -0.035599 -0.512016 -0.158620 -0.002411 -0.003426 -0.020820 -0.546155 -2.653794 -9999.0 -9999.0
-9999.0 -9999.0 -9999.0 -9999.0 -9999.0 -9999.0 -9999.0 -9999.0 -0.906094 -0.054260 -1.117935 -1.126819 -1.130314 -0.396130 -0.117563 -0.689307 -0.437528 -0.406820 -5.059266 -2.961749 -1.409811 -3.023262 -2.419289 -3.527381 -6.469926 -5.062362 -1.479151 -1.070289 -1.211782 -1.108206 -1.148678 -1.179069 -0.816378 -1.034188 -0.175594 -0.199187 -0.827352 -0.879557 -1.157893 -0.562438 -1.103217 -1.279249 -1.038589 -0.125127 -0.203423 -0.266537 -0.964698 -1.017872 -0.963226 -0.862462 -1.832875 -0.105050 -0.050045 -0.003877 -0.075737 -0.098745 -0.017515 -0.234622 -3.436198 -1.187903 -0.476497 -9999.0
-9999.0 -9999.0 -9999.0 -9999.0 -9999.0 -9999.0 -9999.0 -9999.0 -1.096334 -0.984443 -0.040489 -1.091137 -0.648556 -1.017356 -0.045710 -0.071267 -1.843889 -0.871943 -4.604878 -1.076462 -0.793099 -2.008717 -3.007892 -3.605707 -3.525404 -1.841687 -1.337032 -1.450625 -1.452434 -1.322951 -1.207211 -0.240070 -1.197894 -1.151112 -0.093406 -0.065214 -0.600775 -0.991982 -1.066028 -1.005471 -0.891209 -0.974283 -0.087510 -0.655468 -0.925796 -1.014796 -0.511200 -0.049099 -0.493311 -1.151140 -4.178251 -1.012886 -0.056950 -0.429838 -0.843192 -0.809939 -2.517492 -2.994444 -1.427545 -1.152253 -0.588520 -9999.0
-9999.0 -9999.0 -9999.0 -9999.0 -9999.0 -9999.0 -9999.0 -9999.0 -1.174724 -0.994518 -0.078718 -1.001065 -0.038376 -0.040704 -0.106717 -1.898524 -6.981181 -3.675143 -1.617213 -3.530246 -2.574659 -0.999730 -1.402780 -2.720525 -0.727863 -0.517391 -0.185198 -1.029326 -0.102973 -0.145931 -1.245614 -1.217977 -0.190159 -0.232338 -1.074577 -0.564791 -0.693306 -0.552501 -1.043430 -0.924706 -0.167366 -0.055189 -0.048833 -0.906711 -0.059775 -0.519542 -0.020026 -0.441348 -0.043880 -0.577397 -0.498799 -4.412372 -3.388108 -0.478579 -2.824513 -3.197695 -2.460344 -4.234754 -1.970587 -1.074024 -0.695771 -0.276332
-9999.0 -9999.0 -9999.0 -9999.0 -9999.0 -9999.0 -9999.0 -9999.0 -0.978571 -0.331083 -0.070041 -0.050221 -0.082522 -1.033677 -0.286783 -1.857521 -1.159536 -1.188877 -0.418545 -0.501835 -4.582785 -1.954277 -1.964307 -3.487841 -1.274114 -0.182153 -0.370017 -0.117344 -0.169489 -0.426098 -0.195819 -0.148282 -0.813442 -0.148271 -0.685420 -0.784796 -0.244108 -0.477000 -1.347648 -0.730508 -0.874270 -0.358976 -0.099272 -0.508838 -0.983450 -0.058628 -0.507736 -0.158220 -0.090625 -0.987743 -2.622799 -4.453251 -3.281203 -3.272190 -3.146275 -2.452020 -1.584240 -1.233168 -0.925625 -0.684529 -1.252315 -0.167832
-9999.0 -9999.0 -1.034642 -0.353261 -0.582152 -0.957136 -0.106063 -0.960817 -0.675563 -0.244107 -0.376658 -0.888913 -0.705298 -0.436374 -0.697892 -0.696779 -1.770792 -0.937433 -0.722253 -0.404995 -0.554314 -3.725261 -2.839786 -5.470144 -2.658867 -3.205998 -0.263885 -0.738777 -3.197328 -0.535259 -0.217646 -0.095073 -0.709288 -1.307655 -0.772011 -0.918039 -0.894103 -0.274554 -0.537992 -0.106298 -0.148082 -0.512956 -2.183341 -0.477285 -0.098467 -0.111481 -0.951489 -1.863557 -4.453938 -3.172356 -3.259606 -1.898801 -1.780139 -1.692513 -1.321866 -1.008158 -1.204272 -1.601453 -1.267396 -1.845884 -0.071257 -0.046246
-9999.0 -0.067659 -0.077300 -0.059080 -0.255963 -0.061263 -0.590162 -0.675964 -0.887654 -0.979972 -0.383230 -0.063871 -0.427333 -0.048223 -0.133758 -0.075727 -0.652277 -0.669340 -0.144514 -0.558253 -0.794230 -6.232372 -2.275926 -3.908550 -1.503129 -2.640037 -1.957776 -2.478319 -4.345643 -3.417640 -1.695954 -0.845261 -0.773031 -1.307912 -0.965396 -1.181104 -1.085129 -2.003643 -1.220399 -1.187691 -1.151993 -1.660817 -2.574788 -1.454822 -1.011360 -3.087278 -3.165936 -5.740270 -3.308140 -4.111901 -1.630423 -1.397571 -2.252890 -1.991897 -1.828815 -1.593647 -0.723054 -0.708437 -0.277667 -0.146797 -0.015906 -0.015766
-9999.0 -0.302912 -0.186483 -0.086959 -0.033261 -0.105907 -0.151618 -1.138000 -0.680718 -1.009920 -0.614579 -0.038447 -0.557498 -0.118069 -0.838425 -0.619710 -0.926856 -1.140879 -0.038828 -1.087530 -0.174941 -0.634926 -4.604080 -2.536060 -1.062662 -1.371632 -3.769136 -1.685163 -1.762752 -5.842053 -3.433054 -4.402792 -2.885963 -2.614739 -1.122879 -1.378466 -0.460585 -0.670672 -1.221284 -1.330640 -1.407280 -1.523513 -2.744274 -3.199211 -3.025022 -4.093065 -1.371155 -1.404580 -1.472220 -0.952102 -2.464711 -4.560575 -0.865833 -3.392426 -0.986783 -0.278443 -0.256306 -0.081991 -0.048402 -0.006589 -0.005055 -9999.0
