user2019/resources/simulation/Vinschgau/output-maps/TL0005N0192.asc
ncols         63
nrows         48
xllcorner     598000.000000
yllcorner     5145000.000000
cellsize      1000.000000
NODATA_value  -9999.0
[rows 0 to 27 of 48, columns 0 to 61 of 63]
-9999.0 -9999.0 -9999.0 -9999.0 -9999.0 -9999.0 -9999.0 -9999.0 -9999.0 -9999.0 -9999.0 -9999.0 -9999.0 -9999.0 -9999.0 -9999.0 -9999.0 -9999.0 -9999.0 -9999.0 -9999.0 -9999.0 -9999.0 -9999.0 -9999.0 -9999.0 -9999.0 -9999.0 -9999.0 -9999.0 -9999.0 -9999.0 -9999.0 -9999.0 -9999.0 -9999.0 -9999.0 -9999.0 -9999.0 -9999.0 -9999.0 -9999.0 -9999.0 -9999.0 -9999.0 -9999.0 -9999.0 -9999.0 -9999.0 -9999.0 -9999.0 -9999.0 -9999.0 -9999.0 -9999.0 -9999.0 -9999.0 -9999.0 -9999.0 -9999.0 -9999.0 -9999.0
-9999.0 -9999.0 -9999.0 -9999.0 -9999.0 -9999.0 -9999.0 -9999.0 -9999.0 -9999.0 -9999.0 -9999.0 -9999.0 -9999.0 -9999.0 -9999.0 -9999.0 -9999.0 -9999.0 -9999.0 -9999.0 -9999.0 -9999.0 -9999.0 -9999.0 -9999.0 -9999.0 -3.857817 -4.055513 -4.825318 -5.025198 -5.913834 -6.071598 -9999.0 -9999.0 -9999.0 -9999.0 -9999.0 -9999.0 -9999.0 -9999.0 -9999.0 -9999.0 -9999.0 -9999.0 -9999.0 -9999.0 -9999.0 -9999.0 -9999.0 -9999.0 -9999.0 -9999.0 -9999.0 -9999.0 -9999.0 -9999.0 -9999.0 -9999.0 -9999.0 -9999.0 -9999.0
-9999.0 -9999.0 -9999.0 -9999.0 -9999.0 -9999.0 -9999.0 -9999.0 -9999.0 -9999.0 -9999.0 -9999.0 -9999.0 -9999.0 -9999.0 -9999.0 -9999.0 -9999.0 -9999.0 -9999.0 -9999.0 -9999.0 -9999.0 -9999.0 -1.027836 -3.063987 -3.870886 -4.300829 -3.659777 -4.546334 -4.475392 -9999.0 -9999.0 -9999.0 -9999.0 -9999.0 -9999.0 -9999.0 -9999.0 -9999.0 -9999.0 -9999.0 -9999.0 -9999.0 -9999.0 -9999.0 -9999.0 -9999.0 -9999.0 -9999.0 -9999.0 -9999.0 -9999.0 -9999.0 -9999.0 -9999.0 -9999.0 -9999.0 -9999.0 -9999.0 -9999.0 -9999.0
-9999.0 -9999.0 -9999.0 -9999.0 -9999.0 -9999.0 -9999.0 -9999.0 -9999.0 -9999.0 -9999.0 -9999.0 -9999.0 -9999.0 -9999.0 -9999.0 -9999.0 -9999.0 -9999.0 -9999.0 -9999.0 -9999.0 -9999.0 -2.490301 -2.045392 -0.034678 -0.150092 -0.510433 -2.280901 -5.305293 -5.077573 -3.585604 -9999.0 -9999.0 -9999.0 -9999.0 -9999.0 -9999.0 -9999.0 -9999.0 -9999.0 -9999.0 -9999.0 -9999.0 -9999.0 -9999.0 -9999.0 -9999.0 -9999.0 -9999.0 -9999.0 -9999.0 -9999.0 -9999.0 -9999.0 -9999.0 -9999.0 -9999.0 -9999.0 -9999.0 -9999.0 -9999.0
-9999.0 -9999.0 -9999.0 -9999.0 -9999.0 -9999.0 -9999.0 -9999.0 -9999.0 -9999.0 -9999.0 -9999.0 -9999.0 -9999.0 -9999.0 -9999.0 -9999.0 -9999.0 -0.044892 -0.089088 -9999.0 -1.371999 -1.163283 -0.045589 -0.790868 -7.248900 -1.448252 -1.470169 -3.044849 -1.850187 -5.412140 -4.697831 -5.812302 -6.555133 -9999.0 -9999.0 -9999.0 -9999.0 -9999.0 -9999.0 -9999.0 -9999.0 -9999.0 -9999.0 -9999.0 -9999.0 -9999.0 -9999.0 -9999.0 -9999.0 -9999.0 -9999.0 -9999.0 -9999.0 -9999.0 -9999.0 -9999.0 -9999.0 -9999.0 -9999.0 -9999.0 -9999.0
-9999.0 -9999.0 -9999.0 -9999.0 -9999.0 -9999.0 -9999.0 -9999.0 -9999.0 -9999.0 -9999.0 -9999.0 -9999.0 -9999.0 -9999.0 -9999.0 -9999.0 -0.015426 -6.766491 -3.719736 -3.154327 -0.513848 -0.497158 -3.491091 -2.633338 -3.990430 -2.991591 -1.267974 -3.492400 -1.453032 -2.468745 -5.312283 -5.515767 -6.185249 -5.514655 -7.033105 -9999.0 -9999.0 -9999.0 -9999.0 -9999.0 -9999.0 -9999.0 -9999.0 -9999.0 -9999.0 -9999.0 -9999.0 -9999.0 -9999.0 -9999.0 -9999.0 -9999.0 -9999.0 -9999.0 -9999.0 -9999.0 -9999.0 -9999.0 -9999.0 -9999.0 -9999.0
-9999.0 -9999.0 -9999.0 -9999.0 -9999.0 -9999.0 -9999.0 -9999.0 -9999.0 -9999.0 -9999.0 -9999.0 -9999.0 -2.286096 -0.931785 -3.401968 -2.874598 -4.667470 -0.249898 -1.608216 -3.026105 -1.624003 -5.197392 -3.248656 -4.352214 -3.625007 -4.570442 -3.380976 -4.053753 -1.899104 -2.337269 -4.165316 -5.012269 -7.103743 -7.477198 -7.691861 -9999.0 -9999.0 -9999.0 -9999.0 -9999.0 -9999.0 -9999.0 -9999.0 -9999.0 -9999.0 -9999.0 -9999.0 -9999.0 -9999.0 -9999.0 -9999.0 -9999.0 -9999.0 -9999.0 -9999.0 -9999.0 -9999.0 -9999.0 -9999.0 -9999.0 -9999.0
-9999.0 -9999.0 -9999.0 -9999.0 -9999.0 -9999.0 -9999.0 -9999.0 -9999.0 -9999.0 -9999.0 -9999.0 -9999.0 -0.758270 -0.040365 -1.145857 -1.232086 -2.355325 -5.124306 -7.031872 -7.224626 -4.059091 -1.446938 -2.576364 -1.858770 -3.169185 -4.421198 -6.083366 -6.394508 -4.510251 -2.934524 -6.851571 -7.450092 -8.064626 -8.062260 -9999.0 -9999.0 -9999.0 -9999.0 -9999.0 -9999.0 -9999.0 -9999.0 -9999.0 -9999.0 -9999.0 -9999.0 -9999.0 -9999.0 -9999.0 -9999.0 -9999.0 -9999.0 -9999.0 -9999.0 -9999.0 -9999.0 -9999.0 -9999.0 -9999.0 -9999.0 -9999.0
-9999.0 -9999.0 -9999.0 -9999.0 -9999.0 -9999.0 -9999.0 -9999.0 -9999.0 -9999.0 -9999.0 -9999.0 -9999.0 -0.791622 -0.721597 -0.235304 -0.939602 -2.586682 -5.163015 -4.964392 -1.314694 -4.610359 -2.292505 -1.970983 -1.055227 -1.037668 -4.308662 -6.279905 -4.549547 -7.020027 -6.570331 -7.982258 -7.938221 -8.508029 -8.267867 -9999.0 -9999.0 -9999.0 -9999.0 -9999.0 -9999.0 -9999.0 -9999.0 -9999.0 -9999.0 -9999.0 -9999.0 -9999.0 -9999.0 -9999.0 -9999.0 -9999.0 -9999.0 -9999.0 -9999.0 -9999.0 -9999.0 -9999.0 -9999.0 -9999.0 -9999.0 -9999.0
-9999.0 -9999.0 -9999.0 -9999.0 -9999.0 -9999.0 -9999.0 -9999.0 -9999.0 -9999.0 -9999.0 -9999.0 -0.788788 -0.270897 -0.230214 -3.354298 -0.400272 -2.223260 -3.896837 -5.369831 -1.345404 -2.802379 -2.945651 -1.566267 -1.146633 -5.671592 -1.669313 -3.502178 -4.544825 -6.476880 -6.873326 -5.523882 -6.279518 -7.606998 -9999.0 -9999.0 -9999.0 -9999.0 -9999.0 -9999.0 -9999.0 -9999.0 -9999.0 -9999.0 -9999.0 -9999.0 -9999.0 -9999.0 -9999.0 -9999.0 -9999.0 -9999.0 -9999.0 -9999.0 -9999.0 -9999.0 -9999.0 -9999.0 -9999.0 -9999.0 -9999.0 -9999.0
-9999.0 -9999.0 -9999.0 -9999.0 -9999.0 -9999.0 -9999.0 -9999.0 -9999.0 -9999.0 -9999.0 -0.921498 -1.246149 -0.309031 -2.692883 -2.377551 -4.500229 -1.949660 -3.944561 -4.991305 -4.196022 -0.035253 -2.816667 -4.496230 -3.056430 -3.384103 -6.006157 -3.221163 -3.664446 -7.034007 -4.789691 -5.575171 -6.178726 -8.024448 -8.229588 -9.591253 -11.494967 -13.530198 -13.204486 -9999.0 -9999.0 -9999.0 -8.314926 -9999.0 -9999.0 -9999.0 -9999.0 -9999.0 -9999.0 -9999.0 -9999.0 -9999.0 -9999.0 -9999.0 -9999.0 -9999.0 -9999.0 -9999.0 -9999.0 -9999.0 -9999.0 -9999.0
-9999.0 -9999.0 -9999.0 -9999.0 -9999.0 -9999.0 -9999.0 -9999.0 -9999.0 -9999.0 -9999.0 -1.965770 -1.006156 -1.026023 -0.916887 -3.520944 -1.054215 -3.272940 -3.968611 -2.375225 -0.752549 -0.492736 -1.825680 -2.843645 -2.861749 -4.245198 -3.683936 -3.783033 -4.116538 -6.289752 -5.125111 -5.816003 -7.204887 -6.542489 -8.665053 -10.148361 -13.067184 -9.482576 -10.725781 -14.722095 -13.884617 -10.608004 -8.776773 -7.187371 -9999.0 -9999.0 -9999.0 -0.124311 -0.838257 -0.943161 -0.717026 -0.726190 -0.846487 -0.014615 -0.012541 -0.829753 -9999.0 -9999.0 -9999.0 -9999.0 -9999.0 -9999.0
-9999.0 -9999.0 -9999.0 -9999.0 -9999.0 -9999.0 -9999.0 -9999.0 -9999.0 -9999.0 -9999.0 -1.484391 -1.895472 -3.999206 -0.951799 -3.325602 -1.088892 -2.453132 -4.823270 -3.639241 -1.590704 -0.855350 -0.256865 -1.912153 -4.785436 -4.267094 -2.487342 -3.872393 -5.517145 -4.665669 -6.296651 -5.744931 -6.289521 -7.588440 -9.094211 -12.474242 -7.755316 -6.955030 -7.911892 -11.340135 -13.529472 -11.700176 -8.600224 -7.482555 -4.765213 -9999.0 -4.170001 -0.850146 -0.609100 -0.444285 -0.130940 -0.516395 -0.068907 -0.004027 -0.002799 -0.006669 -9999.0 -9999.0 -9999.0 -9999.0 -9999.0 -9999.0
-9999.0 -9999.0 -9999.0 -9999.0 -9999.0 -9999.0 -9999.0 -9999.0 -9999.0 -9999.0 -9999.0 -9999.0 -1.293913 -0.986839 -0.528788 -0.762142 -1.967426 -2.510736 -3.834296 -3.599877 -2.619095 -0.485684 -0.051342 -0.382541 -3.756378 -1.581466 -0.035746 -5.098926 -4.485718 -4.342570 -4.245520 -5.507213 -6.171589 -6.929793 -8.772205 -10.867826 -8.746176 -7.135936 -6.254686 -9.818837 -12.037607 -11.046383 -9.301957 -4.337565 -6.247140 -2.893702 -2.697495 -0.910786 -1.528579 -2.187979 -0.884008 -0.886175 -0.142276 -0.149912 -0.927204 -0.953042 -0.309943 -9999.0 -9999.0 -9999.0 -9999.0 -9999.0
-9999.0 -9999.0 -9999.0 -9999.0 -9999.0 -9999.0 -9999.0 -9999.0 -9999.0 -9999.0 -9999.0 -0.767997 -2.438695 -2.722517 -0.326337 -0.215790 -0.933452 -3.020598 -2.136630 -0.004336 -4.102054 -0.400556 -1.017371 -2.988861 -1.180275 -0.099746 -1.089210 -5.109495 -3.868204 -4.510776 -4.150539 -4.666111 -4.832467 -6.689273 -9.178951 -10.355946 -12.871657 -7.835144 -5.007868 -6.020701 -9.663900 -7.474689 -8.082393 -7.846402 -3.037434 -2.969972 -1.428068 -2.909028 -1.391653 -4.443337 -3.275385 -2.932069 -1.409265 -3.965816 -3.054176 -3.772768 -0.838391 -9999.0 -9999.0 -9999.0 -9999.0 -9999.0
-9999.0 -9999.0 -9999.0 -9999.0 -9999.0 -9999.0 -9999.0 -9999.0 -9999.0 -9999.0 -0.450930 -0.706490 -0.576006 -2.003076 -0.215176 -0.095916 -2.834683 -1.505441 -1.922826 -3.712493 -2.475337 -0.603706 -0.106219 -0.033062 -0.466153 -1.052577 -3.867214 -5.431257 -1.791432 -0.100597 -2.302445 -3.756079 -4.788192 -6.754334 -9.161586 -9.453320 -11.288205 -8.162542 -7.258269 -4.001739 -1.429690 -7.016661 -6.721054 -0.039756 -4.649050 -5.645706 -1.062990 -3.812712 -2.255387 -3.059011 -2.693118 -3.805331 -3.637229 -4.000878 -3.582452 -0.011721 -0.010281 -9999.0 -9999.0 -9999.0 -9999.0 -9999.0
-9999.0 -9999.0 -9999.0 -9999.0 -9999.0 -9999.0 -9999.0 -9999.0 -9999.0 -2.789004 -0.530088 -0.724654 -0.054088 -0.646961 -0.127032 -2.128116 -2.176702 -0.057166 -4.763408 -0.003275 -3.336317 -3.963216 -3.563273 -4.736975 -1.088494 -4.119319 -3.850958 -0.068185 -2.473529 -2.378544 -6.023808 -5.314526 -7.159601 -7.816879 -7.556242 -8.517984 -7.893837 -8.984819 -8.823093 -8.699705 -6.147978 -6.284252 -6.230400 -0.043269 -7.265497 -6.016145 -2.312822 -3.331027 -2.996634 -1.863671 -2.595485 -0.893449 -4.290841 -2.719411 -0.864455 -0.786785 -0.069114 -0.644799 -0.834866 -9999.0 -9999.0 -9999.0
-9999.0 -9999.0 -9999.0 -9999.0 -9999.0 -9999.0 -9999.0 -9999.0 -9999.0 -2.987798 -2.552081 -2.569244 -0.663180 -0.053654 -0.308716 -0.557405 -0.014067 -0.607350 -5.402387 -3.878653 -3.920423 -3.281428 -0.902958 -0.904362 -3.675191 -1.621332 -0.292936 -2.295517 -5.851984 -1.240166 -4.072374 -5.497947 -5.285801 -4.607238 -5.934668 -7.318475 -8.136097 -7.925900 -7.734018 -6.162126 -1.939480 -5.962173 -4.667579 -5.841489 -0.010835 -1.259535 -2.118309 -6.690011 -2.194744 -3.533856 -1.992238 -1.151158 -2.589294 -1.877173 -3.451892 -0.250601 -0.325055 -0.084457 -0.349486 -9999.0 -9999.0 -9999.0
-9999.0 -9999.0 -9999.0 -9999.0 -9999.0 -9999.0 -9999.0 -9999.0 -9999.0 -9999.0 -2.501134 -2.495790 -1.647216 -2.439695 -0.867933 -0.186328 -0.084393 -2.118946 -0.002637 -0.050401 -2.252523 -3.248798 -0.987957 -0.872189 -1.724610 -2.156988 -5.850545 -4.550413 -3.283215 -3.636758 -4.300627 -1.234227 -5.093805 -5.498773 -4.759040 -4.236769 -3.780052 -5.564080 -6.742539 -6.664378 -6.886632 -3.430390 -4.078236 -3.345714 -5.337195 -6.631194 -4.941893 -1.282222 -0.135099 -5.021850 -2.157986 -0.801959 -0.861772 -2.329153 -1.084211 -2.385750 -0.976085 -0.047212 -0.048866 -0.027894 -9999.0 -9999.0
-9999.0 -9999.0 -9999.0 -9999.0 -9999.0 -9999.0 -9999.0 -9999.0 -9999.0 -9999.0 -2.554427 -2.504906 -1.029205 -0.893608 -1.642578 -1.445402 -1.122706 -4.314769 -0.000444 -0.004100 -4.888811 -5.485422 -3.420769 -0.403232 -0.703140 -4.128451 -0.091889 -2.587183 -3.275113 -5.420607 -5.200319 -1.791398 -5.343280 -5.386972 -5.378158 -4.442339 -4.726515 -5.243324 -5.708087 -5.163153 -2.933290 -3.264447 -2.318725 -4.484538 -0.998837 -2.317694 -1.107206 -4.331729 -0.080784 -5.561128 -3.932196 -0.693790 -0.700095 -0.877840 -1.519793 -0.872335 -2.316944 -0.383763 -4.580546 -3.048913 -9999.0 -9999.0
-9999.0 -9999.0 -9999.0 -9999.0 -9999.0 -9999.0 -9999.0 -9999.0 -0.194332 -0.643867 -3.175200 -1.065222 -1.773073 -1.907338 -0.916730 -4.192043 -5.618172 -0.137723 -0.003069 -0.002145 0.000683 -0.004799 -5.404604 -5.947261 -5.516415 -0.000747 -1.771270 -3.171352 -1.989053 -3.998050 -6.505280 -4.810222 -3.970659 -3.506540 -2.185182 -5.848907 -1.851332 -4.464999 -5.469454 -3.571773 -4.722026 -3.601461 -5.089879 -5.504742 -2.033306 -1.036868 -3.618467 -1.017083 -4.050345 -3.051504 -1.294137 -1.240407 -0.742663 -0.958901 -0.847200 -0.032073 -0.576922 -0.023074 -2.004340 -0.090762 -9999.0 -9999.0
-9999.0 -9999.0 -9999.0 -9999.0 -9999.0 -9999.0 -9999.0 -9999.0 -3.213511 -0.275559 -3.438452 -4.005729 -2.882927 -0.932063 -0.870283 -1.050366 -0.930416 -1.242956 0.005933 0.006184 0.005763 -0.001947 -0.014686 -4.962915 -0.006308 -0.001951 -3.041083 -2.489582 -4.781908 -2.445687 -2.294096 -4.023757 -1.715107 -2.756623 -0.982627 -0.995577 -2.316697 -2.886717 -3.796223 -1.028875 -3.868441 -5.870158 -4.850896 -0.861610 -0.846971 -0.989865 -3.971461 -3.172259 -1.865851 -1.670045 -5.045175 -0.798141 -0.885506 -0.006456 -0.273837 -1.050225 -0.047166 -1.517000 -2.486605 -0.005481 -0.004898 -9999.0
-9999.0 -9999.0 -9999.0 -9999.0 -9999.0 -9999.0 -9999.0 -9999.0 -3.022596 -1.837234 -0.234947 -3.434214 -1.015931 -3.971845 -0.100412 -1.821929 -6.631172 -5.241425 0.005016 -0.001654 0.012180 -0.001640 -0.001083 -0.004093 -0.003314 -3.697063 -1.978477 -3.102216 -5.693280 -3.489229 -3.709136 -0.229410 -3.596878 -4.095668 -0.910341 -0.060338 -1.299842 -3.748239 -3.266824 -2.092680 -1.608088 -2.114426 -0.960886 -1.098214 -1.584152 -2.011659 -0.869676 -0.189943 -1.037563 -3.318621 -0.029618 -4.542395 -2.014109 -2.217102 -4.155043 -3.014429 -2.810104 -1.462403 -0.064849 -0.009890 -0.004881 -9999.0
-9999.0 -9999.0 -9999.0 -9999.0 -9999.0 -9999.0 -9999.0 -9999.0 -5.266419 -1.849334 -0.031962 -4.182415 -0.053546 -0.036296 -0.209588 -5.990992 -0.004521 0.003847 -0.992872 0.006763 -0.003370 0.011533 0.008646 -0.003611 -1.631203 -0.965843 -0.934347 -3.042601 -0.053313 -0.054495 -2.873115 -2.566237 -2.138329 -0.153092 -2.876232 -1.497787 -1.694662 -1.068757 -3.360552 -2.755632 -0.923296 -0.682167 -0.658819 -2.877375 -0.856113 -0.881411 -0.575066 -0.962448 -0.559865 -2.384719 -1.256595 -0.057844 -3.362969 -1.920890 -2.351097 -1.699945 -0.233020 -0.008374 0.048451 -0.004845 -0.033174 -0.317444
-9999.0 -9999.0 -9999.0 -9999.0 -9999.0 -9999.0 -9999.0 -9999.0 -1.926862 -0.935770 -0.166106 -0.046693 -0.145961 -4.272257 -3.346035 -3.377211 -2.985253 -3.749881 -1.261009 -1.535105 0.000098 0.003732 0.010042 -0.003863 -4.082705 -0.872338 -1.162940 -0.050182 -3.263505 -1.606379 -1.732095 -0.146208 -5.444158 -0.622436 -2.702191 -2.072309 -0.917055 -1.026292 -3.284303 -1.297679 -2.750201 -1.911081 -0.792751 -1.976921 -2.769778 -0.579285 -1.934310 -1.225481 -0.615371 -5.049277 -4.845917 -2.121649 -0.058886 -1.044256 -0.560404 -0.127599 -0.023794 -0.023027 -0.032579 -0.086330 -3.586469 -0.042069
-9999.0 -9999.0 -2.253302 -0.723035 -0.852587 -1.519592 -0.741414 -2.131487 -0.764840 -0.956571 -0.961859 -1.832886 -0.476820 -1.193571 -4.606401 -1.467651 -4.034959 -1.901653 -1.248682 -1.111019 -1.533410 0.009567 -0.002064 0.003185 -0.178907 -5.391227 -3.953328 -5.005138 -4.782560 -2.040731 -0.107350 -0.156573 -1.998007 -4.382429 -4.852460 -3.812370 -3.914583 -1.912565 -2.399413 -0.989788 -1.783150 -4.398179 -4.747244 -1.777523 -0.662927 -0.214067 -5.456832 -4.282051 -3.629575 -0.384657 -0.103426 -0.036299 -0.024083 -0.027211 -0.046848 -0.158082 -0.267723 -0.274325 -3.929091 -3.993498 -0.099771 -0.038089
-9999.0 -0.471979 -0.284903 -0.388202 -0.532059 -0.618673 -0.923118 -1.161772 -1.408232 -1.913025 -0.959581 -0.186584 -0.439201 -0.083650 -0.262907 -0.885116 -1.082189 -1.023398 -0.057498 -1.003743 -2.798954 -0.004068 -0.033254 0.010171 -0.030828 -0.130176 -0.441800 -0.070646 -0.085947 -3.316668 -4.252011 -5.260361 -3.143062 -0.109985 -2.769772 -0.056350 -0.248115 -0.128115 -0.065955 -0.567715 -2.301980 -1.762236 -2.453100 -4.608899 -5.824436 -4.298639 -0.031187 -0.005156 -0.073214 -0.006186 -0.023307 -0.026417 -0.599975 -0.762384 -0.726717 -2.248607 -0.565264 -0.545842 -0.161466 -0.130242 -0.006968 -0.006362
-9999.0 -0.959203 -0.212484 -0.043402 -0.027188 -0.422571 -0.811841 -2.319303 -1.098202 -2.520736 -0.871979 -0.043517 -0.402107 -0.206096 -2.785853 -1.320837 -1.713558 -2.037320 -0.040957 -0.920736 -0.269192 -1.137820 -0.005556 -0.033399 -0.054670 -0.002941 0.010506 -0.003449 -0.004054 0.013581 0.011648 -0.001940 -0.079973 -0.032147 -0.034498 -0.015458 -0.013307 0.259103 -0.016610 -0.009817 -0.008442 -0.009112 -0.089870 -0.002155 0.006863 0.014496 -0.002300 -0.003473 -0.008306 -0.017624 -0.038829 -4.632290 -0.623297 -3.593492 -1.723621 -0.554949 -0.519073 -0.223093 -0.453414 -0.011642 -0.007959 -9999.0
