user2019/resources/simulation/Vinschgau/output-maps/TL0006N1002.asc
ncols         63
nrows         48
xllcorner     598000.000000
yllcorner     5145000.000000
cellsize      1000.000000
NODATA_value  -9999.0
[rows 0 to 27 of 48, columns 0 to 62 of 63]
-9999.0 -9999.0 -9999.0 -9999.0 -9999.0 -9999.0 -9999.0 -9999.0 -9999.0 -9999.0 -9999.0 -9999.0 -9999.0 -9999.0 -9999.0 -9999.0 -9999.0 -9999.0 -9999.0 -9999.0 -9999.0 -9999.0 -9999.0 -9999.0 -9999.0 -9999.0 -9999.0 -9999.0 -9999.0 -9999.0 -9999.0 -9999.0 -9999.0 -9999.0 -9999.0 -9999.0 -9999.0 -9999.0 -9999.0 -9999.0 -9999.0 -9999.0 -9999.0 -9999.0 -9999.0 -9999.0 -9999.0 -9999.0 -9999.0 -9999.0 -9999.0 -9999.0 -9999.0 -9999.0 -9999.0 -9999.0 -9999.0 -9999.0 -9999.0 -9999.0 -9999.0 -9999.0 -9999.0
-9999.0 -9999.0 -9999.0 -9999.0 -9999.0 -9999.0 -9999.0 -9999.0 -9999.0 -9999.0 -9999.0 -9999.0 -9999.0 -9999.0 -9999.0 -9999.0 -9999.0 -9999.0 -9999.0 -9999.0 -9999.0 -9999.0 -9999.0 -9999.0 -9999.0 -9999.0 -9999.0 -3.966422 -4.188600 -4.065508 -4.767177 -4.740565 -4.684354 -9999.0 -9999.0 -9999.0 -9999.0 -9999.0 -9999.0 -9999.0 -9999.0 -9999.0 -9999.0 -9999.0 -9999.0 -9999.0 -9999.0 -9999.0 -9999.0 -9999.0 -9999.0 -9999.0 -9999.0 -9999.0 -9999.0 -9999.0 -9999.0 -9999.0 -9999.0 -9999.0 -9999.0 -9999.0 -9999.0
-9999.0 -9999.0 -9999.0 -9999.0 -9999.0 -9999.0 -9999.0 -9999.0 -9999.0 -9999.0 -9999.0 -9999.0 -9999.0 -9999.0 -9999.0 -9999.0 -9999.0 -9999.0 -9999.0 -9999.0 -9999.0 -9999.0 -9999.0 -9999.0 -2.080405 -1.738425 -1.335189 -1.864880 -3.116767 -3.261566 -4.799480 -9999.0 -9999.0 -9999.0 -9999.0 -9999.0 -9999.0 -9999.0 -9999.0 -9999.0 -9999.0 -9999.0 -9999.0 -9999.0 -9999.0 -9999.0 -9999.0 -9999.0 -9999.0 -9999.0 -9999.0 -9999.0 -9999.0 -9999.0 -9999.0 -9999.0 -9999.0 -9999.0 -9999.0 -9999.0 -9999.0 -9999.0 -9999.0
-9999.0 -9999.0 -9999.0 -9999.0 -9999.0 -9999.0 -9999.0 -9999.0 -9999.0 -9999.0 -9999.0 -9999.0 -9999.0 -9999.0 -9999.0 -9999.0 -9999.0 -9999.0 -9999.0 -9999.0 -9999.0 -9999.0 -9999.0 -1.578063 -1.672806 0.567122 1.066814 1.632812 0.759715 -1.353210 -4.745390 -4.983189 -9999.0 -9999.0 -9999.0 -9999.0 -9999.0 -9999.0 -9999.0 -9999.0 -9999.0 -9999.0 -9999.0 -9999.0 -9999.0 -9999.0 -9999.0 -9999.0 -9999.0 -9999.0 -9999.0 -9999.0 -9999.0 -9999.0 -9999.0 -9999.0 -9999.0 -9999.0 -9999.0 -9999.0 -9999.0 -9999.0 -9999.0
-9999.0 -9999.0 -9999.0 -9999.0 -9999.0 -9999.0 -9999.0 -9999.0 -9999.0 -9999.0 -9999.0 -9999.0 -9999.0 -9999.0 -9999.0 -9999.0 -9999.0 -9999.0 0.899337 -1.393120 -9999.0 -1.200601 -1.678700 0.087655 0.695537 1.754162 -0.002767 -0.002256 0.292477 -0.004408 -1.784334 -4.526908 -4.748599 -6.235134 -9999.0 -9999.0 -9999.0 -9999.0 -9999.0 -9999.0 -9999.0 -9999.0 -9999.0 -9999.0 -9999.0 -9999.0 -9999.0 -9999.0 -9999.0 -9999.0 -9999.0 -9999.0 -9999.0 -9999.0 -9999.0 -9999.0 -9999.0 -9999.0 -9999.0 -9999.0 -9999.0 -9999.0 -9999.0
-9999.0 -9999.0 -9999.0 -9999.0 -9999.0 -9999.0 -9999.0 -9999.0 -9999.0 -9999.0 -9999.0 -9999.0 -9999.0 -9999.0 -9999.0 -9999.0 -9999.0 4.360258 2.918497 1.714788 -0.862550 -0.004354 -0.004155 -0.002972 0.234393 -0.003409 -0.421419 -0.006675 -0.011689 -0.002655 -1.366127 -1.562329 -3.132888 -3.731565 -5.280160 -6.188221 -9999.0 -9999.0 -9999.0 -9999.0 -9999.0 -9999.0 -9999.0 -9999.0 -9999.0 -9999.0 -9999.0 -9999.0 -9999.0 -9999.0 -9999.0 -9999.0 -9999.0 -9999.0 -9999.0 -9999.0 -9999.0 -9999.0 -9999.0 -9999.0 -9999.0 -9999.0 -9999.0
-9999.0 -9999.0 -9999.0 -9999.0 -9999.0 -9999.0 -9999.0 -9999.0 -9999.0 -9999.0 -9999.0 -9999.0 -9999.0 -0.157904 -0.003344 2.371927 3.902822 5.204963 3.982455 0.969513 0.618803 -0.003615 0.856075 0.246977 -0.002550 -0.678753 -1.789942 -2.728329 -1.189779 -0.008246 -1.836242 -2.618239 -2.293527 -4.470995 -4.140016 -6.404958 -9999.0 -9999.0 -9999.0 -9999.0 -9999.0 -9999.0 -9999.0 -9999.0 -9999.0 -9999.0 -9999.0 -9999.0 -9999.0 -9999.0 -9999.0 -9999.0 -9999.0 -9999.0 -9999.0 -9999.0 -9999.0 -9999.0 -9999.0 -9999.0 -9999.0 -9999.0 -9999.0
-9999.0 -9999.0 -9999.0 -9999.0 -9999.0 -9999.0 -9999.0 -9999.0 -9999.0 -9999.0 -9999.0 -9999.0 -9999.0 -0.029402 1.664967 3.154515 3.170514 4.160361 5.255460 2.011815 3.043591 1.634613 1.264811 0.139136 -0.006959 -0.155190 -2.650754 -4.184752 -4.310690 -1.274576 -2.642534 -4.279809 -4.599193 -8.400173 -5.575745 -9999.0 -9999.0 -9999.0 -9999.0 -9999.0 -9999.0 -9999.0 -9999.0 -9999.0 -9999.0 -9999.0 -9999.0 -9999.0 -9999.0 -9999.0 -9999.0 -9999.0 -9999.0 -9999.0 -9999.0 -9999.0 -9999.0 -9999.0 -9999.0 -9999.0 -9999.0 -9999.0 -9999.0
-9999.0 -9999.0 -9999.0 -9999.0 -9999.0 -9999.0 -9999.0 -9999.0 -9999.0 -9999.0 -9999.0 -9999.0 -9999.0 1.292186 1.547315 2.476226 2.665610 3.448920 5.477198 3.901488 2.157545 0.186720 -0.003316 -0.004471 -0.003247 -0.003002 -3.166081 -4.559708 -4.512242 -7.416295 -4.611224 -8.922038 -9.266711 -11.515691 -6.733298 -9999.0 -9999.0 -9999.0 -9999.0 -9999.0 -9999.0 -9999.0 -9999.0 -9999.0 -9999.0 -9999.0 -9999.0 -9999.0 -9999.0 -9999.0 -9999.0 -9999.0 -9999.0 -9999.0 -9999.0 -9999.0 -9999.0 -9999.0 -9999.0 -9999.0 -9999.0 -9999.0 -9999.0
-9999.0 -9999.0 -9999.0 -9999.0 -9999.0 -9999.0 -9999.0 -9999.0 -9999.0 -9999.0 -9999.0 -9999.0 -0.005654 -0.002803 1.969298 -0.002597 0.949188 2.939839 4.697880 3.079353 0.409747 -0.008380 -0.618823 -0.591221 -1.873976 -2.643616 -3.107280 -4.468471 -3.897958 -4.824157 -8.866238 -4.974481 -5.037735 -6.939041 -9999.0 -9999.0 -9999.0 -9999.0 -9999.0 -9999.0 -9999.0 -9999.0 -9999.0 -9999.0 -9999.0 -9999.0 -9999.0 -9999.0 -9999.0 -9999.0 -9999.0 -9999.0 -9999.0 -9999.0 -9999.0 -9999.0 -9999.0 -9999.0 -9999.0 -9999.0 -9999.0 -9999.0 -9999.0
-9999.0 -9999.0 -9999.0 -9999.0 -9999.0 -9999.0 -9999.0 -9999.0 -9999.0 -9999.0 -9999.0 -0.239560 1.242589 1.074695 1.283575 -0.017163 1.815538 3.039950 4.680104 2.954202 1.682808 -0.002224 -1.283969 -2.222300 -1.933022 -3.744333 -4.625913 -4.373048 -3.752541 -6.076394 -5.132808 -2.286044 -4.492918 -5.746645 -5.239982 -4.690918 -4.948930 -4.485769 -4.359155 -9999.0 -9999.0 -9999.0 -5.882464 -9999.0 -9999.0 -9999.0 -9999.0 -9999.0 -9999.0 -9999.0 -9999.0 -9999.0 -9999.0 -9999.0 -9999.0 -9999.0 -9999.0 -9999.0 -9999.0 -9999.0 -9999.0 -9999.0 -9999.0
-9999.0 -9999.0 -9999.0 -9999.0 -9999.0 -9999.0 -9999.0 -9999.0 -9999.0 -9999.0 -9999.0 -0.665410 1.446458 2.800400 2.624589 -0.065645 4.240377 3.838659 4.785742 3.263207 2.188269 -0.030118 -0.859510 -2.462368 -3.562009 -4.277857 -4.346358 -3.684881 -3.520922 -5.786725 -4.369383 -3.029097 -4.872701 -5.538311 -5.718302 -4.375477 -3.211111 -1.418331 -2.693665 -5.514893 -5.488263 -5.883645 -4.514475 -4.704219 -9999.0 -9999.0 -9999.0 -7.034711 -5.285174 -5.182157 -4.804465 -6.093677 -6.307460 -5.983928 -5.706204 -6.660888 -9999.0 -9999.0 -9999.0 -9999.0 -9999.0 -9999.0 -9999.0
-9999.0 -9999.0 -9999.0 -9999.0 -9999.0 -9999.0 -9999.0 -9999.0 -9999.0 -9999.0 -9999.0 -1.775821 -0.224549 -0.346727 -0.026520 -0.025439 0.224501 3.211710 3.784875 3.259261 1.539637 -0.002506 -1.341559 -2.016458 -4.256326 -3.560239 -1.541041 -3.437988 -4.380566 -5.245439 -4.276870 -3.952352 -3.584924 -4.838897 -4.754405 -3.441957 -3.073208 -2.653009 -0.799534 -4.189971 -4.171113 -4.759148 -3.565766 -4.225865 -5.038666 -9999.0 -6.915677 -4.896069 -4.527869 -2.584990 -2.036863 -3.131179 -4.253215 -4.384192 -4.774064 -4.930745 -9999.0 -9999.0 -9999.0 -9999.0 -9999.0 -9999.0 -9999.0
-9999.0 -9999.0 -9999.0 -9999.0 -9999.0 -9999.0 -9999.0 -9999.0 -9999.0 -9999.0 -9999.0 -9999.0 -1.357214 -0.642487 -0.039706 -0.038777 -0.004267 2.330349 4.357194 3.262315 1.402482 -0.002763 -0.503411 -2.747366 -2.857366 -1.680544 -1.525016 -2.425131 -4.654703 -4.662927 -4.398459 -3.712203 -2.021032 -4.884449 -4.860035 -4.117976 -3.063931 -2.496616 -0.031999 -1.924316 -2.697378 -2.243559 -3.097865 -1.030416 -4.320933 -5.333022 -5.565338 -4.824715 -2.825962 -1.219864 -0.177602 -3.572094 -3.526537 -4.240958 -4.441509 -4.727509 -4.966641 -9999.0 -9999.0 -9999.0 -9999.0 -9999.0 -9999.0
-9999.0 -9999.0 -9999.0 -9999.0 -9999.0 -9999.0 -9999.0 -9999.0 -9999.0 -9999.0 -9999.0 -1.180607 -1.394942 -1.312893 -1.480163 -0.003714 -0.002447 1.420943 3.771990 3.618915 1.909006 -0.003095 -0.039073 -1.613439 -1.523130 -2.288971 -1.913001 -4.648043 -4.471220 -3.305346 -1.651731 -2.872534 -2.551440 -4.710607 -5.002196 -4.364970 -3.244449 -1.492627 -0.011521 -0.178097 -1.384063 -0.211439 -1.524215 -1.026612 -1.533439 -4.618780 -4.069299 -3.118709 -2.327310 -0.098195 -3.765007 -4.285490 -5.879086 -6.602677 -7.498562 -8.405837 -4.835773 -9999.0 -9999.0 -9999.0 -9999.0 -9999.0 -9999.0
-9999.0 -9999.0 -9999.0 -9999.0 -9999.0 -9999.0 -9999.0 -9999.0 -9999.0 -9999.0 -1.383026 -2.064447 -1.466736 -1.887342 -0.055148 -0.503243 -0.555964 -0.003599 2.916421 3.249488 1.812469 0.622680 -0.629934 -0.231631 -0.005813 -2.010947 -2.213247 -4.862439 -1.907729 -1.134597 -2.322232 -2.407540 -1.086597 -4.443824 -6.585815 -4.247546 -2.177725 -1.189940 -0.196273 -0.003112 -0.001973 0.412743 1.873642 0.499433 -0.076228 -3.060576 -2.420749 -2.791547 -2.226226 -0.004592 -5.836021 -5.421932 -7.970296 -9.189273 -8.756895 -4.719910 -4.658752 -9999.0 -9999.0 -9999.0 -9999.0 -9999.0 -9999.0
-9999.0 -9999.0 -9999.0 -9999.0 -9999.0 -9999.0 -9999.0 -9999.0 -9999.0 -4.127535 -1.382829 -2.560131 -1.199258 -0.963009 -1.116172 -0.435472 -0.206098 -0.004095 2.662543 3.473113 2.115708 -0.006071 -0.002177 -0.003432 -0.002470 -1.534706 -3.037396 -1.087328 -1.435446 -0.206628 -0.002189 -1.733951 -3.997115 -8.496977 -5.614158 -4.285053 -3.329759 -1.732640 -1.374106 -0.745815 -0.438610 -0.347984 -0.513501 1.249365 0.524479 -0.127049 -0.068092 -1.106223 -1.082990 -0.002416 -2.155321 -4.933998 -10.023895 -7.595245 -6.103947 -5.863311 -5.005532 -4.500430 -5.719988 -9999.0 -9999.0 -9999.0 -9999.0
-9999.0 -9999.0 -9999.0 -9999.0 -9999.0 -9999.0 -9999.0 -9999.0 -9999.0 -4.361604 -4.121597 -1.033639 -0.042924 -0.002936 -0.272014 -0.999084 -0.062790 -0.002695 3.294739 3.009188 2.657798 1.946275 0.883156 -0.004248 -1.147590 -1.909914 -1.148461 -0.005529 -0.002550 -0.002952 -0.060776 -2.110868 -4.069120 -4.869202 -4.674244 -4.498292 -3.842074 -3.062497 -3.089450 -2.438979 -1.830744 -2.183663 -0.858163 -0.002215 1.806020 1.169721 0.833598 -0.002641 -0.007744 -0.002260 -2.981728 -5.884326 -7.285660 -6.245490 -4.943426 -6.879178 -4.798664 -4.092564 -3.530177 -9999.0 -9999.0 -9999.0 -9999.0
-9999.0 -9999.0 -9999.0 -9999.0 -9999.0 -9999.0 -9999.0 -9999.0 -9999.0 -9999.0 -4.445853 -2.872531 -0.435190 -0.358323 -0.002543 -0.190156 -0.003363 0.667436 4.216602 3.200034 2.739119 1.941115 -0.002684 -0.259147 -1.566300 -0.074727 -0.002439 -0.000536 -0.054862 -1.665079 -2.016278 -3.278764 -4.195005 -4.902698 -3.612822 -2.455952 -1.090313 -1.253132 -3.795010 -4.409521 -4.424218 -0.984643 -0.127201 -0.113272 -0.001459 -0.003092 0.726809 1.343178 1.492072 -0.002205 -1.934635 -4.587299 -6.212671 -7.128195 -6.413085 -4.383100 -3.674104 -2.106979 -1.841437 -0.026395 -9999.0 -9999.0 -9999.0
-9999.0 -9999.0 -9999.0 -9999.0 -9999.0 -9999.0 -9999.0 -9999.0 -9999.0 -9999.0 -4.699537 -2.517561 -1.203353 -0.057977 -0.000437 -0.004527 -0.003902 1.818929 4.600750 4.384686 2.803612 0.570538 -0.003047 -0.357592 -0.075867 -0.002373 0.822083 -0.003085 -1.353375 -3.888097 -4.322680 -3.024838 -5.211784 -5.029383 -4.085845 -2.141995 -2.069770 -2.194182 -2.297272 -4.804838 -4.215013 -2.303256 -3.061346 -1.489479 -0.930911 -0.295784 -0.004400 -0.001478 2.093870 1.198593 -0.018975 -2.378963 -4.573189 -5.750344 -7.777321 -6.975723 -4.463955 -1.166401 1.154270 1.144306 -9999.0 -9999.0 -9999.0
-9999.0 -9999.0 -9999.0 -9999.0 -9999.0 -9999.0 -9999.0 -9999.0 -3.614738 -4.448677 -4.722086 -3.468915 -3.176086 -1.145756 -0.056916 1.063865 2.164033 2.817908 3.947204 4.856792 4.570213 3.351979 2.141391 0.171443 -0.003326 1.443340 -0.000394 -0.871602 -1.895362 -3.881026 -7.848836 -4.332677 -4.339719 -4.839386 -4.107877 -2.621227 -0.223893 -0.523390 -2.615569 -4.526647 -4.057939 -1.401404 -3.847624 -4.199679 -2.049868 -1.148919 -2.431372 -1.058136 -0.001550 1.396773 -0.003305 -0.782414 -4.862262 -6.309829 -6.545557 -4.676446 -4.234278 -0.920731 -0.001652 3.283063 -9999.0 -9999.0 -9999.0
-9999.0 -9999.0 -9999.0 -9999.0 -9999.0 -9999.0 -9999.0 -9999.0 -3.495105 -2.951249 -3.223725 -4.573939 -2.673988 -2.583193 -0.997056 -0.003040 1.148514 1.816326 4.990389 5.398234 5.370154 4.319299 3.178769 1.997589 2.602010 2.530909 0.402513 -1.040623 -5.255502 -4.641805 -4.841532 -3.991318 -4.001283 -3.844310 -3.607335 -1.331099 -0.080094 -0.474675 -1.241790 -1.840906 -4.376586 -6.552528 -3.652413 -1.649314 -1.851946 -1.140969 -4.299202 -2.133540 -1.101925 1.113000 0.972993 -0.285786 -5.051222 -4.826676 -2.643671 -3.058444 -1.407187 -0.042682 1.697267 4.128088 5.352639 -9999.0 -9999.0
-9999.0 -9999.0 -9999.0 -9999.0 -9999.0 -9999.0 -9999.0 -9999.0 -4.091321 -2.561910 -3.376702 -4.040606 -3.481596 -3.598864 -1.127851 -0.859389 -0.005043 1.235845 4.886651 5.389381 5.871118 5.200449 4.649364 4.112560 3.200050 2.481815 -0.002679 -1.304373 -5.648296 -4.159276 -3.398478 -1.937379 -2.395422 -1.982873 -1.202638 -0.560138 -0.034336 1.173390 -0.007350 -2.822230 -3.600103 -3.242232 -2.047358 -2.704024 -1.760069 -2.675586 -4.512396 -3.275839 -2.612958 -0.001317 2.100696 -0.002886 -4.064673 -4.894131 -2.062057 -1.002282 -0.000189 1.595201 3.750438 4.394614 4.745072 -9999.0 -9999.0
-9999.0 -9999.0 -9999.0 -9999.0 -9999.0 -9999.0 -9999.0 -9999.0 -5.203440 -1.819140 -1.733166 -5.530530 -2.372038 -1.871382 -0.302478 -0.003315 3.458242 4.677262 3.409490 5.188997 5.269205 5.661996 5.065702 4.659524 3.009676 0.496793 -0.004478 -2.062815 -1.209673 -2.739575 -1.084022 -1.508601 -0.031042 -0.622974 -0.445470 -0.243630 -0.001265 3.210797 0.183887 -0.073312 -1.223318 -1.007718 -1.041997 -2.053536 -2.571056 -3.172676 -1.880154 -3.235091 -2.526503 -1.301063 -0.002774 1.689969 -0.002867 -1.204022 -0.001719 0.817368 2.373400 3.882456 4.839666 4.517065 3.603959 1.990396 -9999.0
-9999.0 -9999.0 -9999.0 -9999.0 -9999.0 -9999.0 -9999.0 -9999.0 -5.057689 -2.754228 -2.700622 -1.639919 -0.450335 -0.224137 -0.002580 1.232844 1.938562 1.843695 0.259275 2.216973 4.194131 5.005735 5.295774 4.994119 2.374500 -0.004607 -1.166821 -0.080599 -0.002231 -0.702405 -0.279975 -0.002387 1.160004 -0.000525 -0.001834 -0.001834 1.435306 5.350092 4.843958 1.051270 -0.001702 -0.018649 -0.100333 -0.032480 -1.193450 -1.059573 -1.176546 -1.714004 -0.807221 -0.002068 0.516428 1.099771 1.444888 0.911801 1.432146 1.720453 2.522646 3.314235 3.921910 3.587617 3.370346 1.416024 -9999.0
-9999.0 -9999.0 -2.972221 -2.481073 -3.946690 -2.092011 -3.348245 -2.937484 -4.613680 -4.235243 -1.468004 -0.289758 -0.133087 -0.185834 0.948250 0.768814 -0.001370 -1.287228 -1.002361 -0.003358 2.094733 4.779553 4.044276 5.669097 3.059085 1.377340 -0.004455 -0.003908 1.520242 0.507660 -0.003002 -0.003700 2.636735 2.439334 2.613975 3.879201 4.915381 7.663062 6.651880 3.906519 2.632665 2.616226 3.033823 1.388850 -0.001432 -0.001938 0.599053 0.949794 1.353330 2.327598 3.015213 2.789413 2.230715 1.782532 1.698954 2.908495 2.323263 2.701929 2.323532 2.642873 1.472400 0.673940 -9999.0
-9999.0 -1.511329 -2.595535 -1.311815 -1.943581 -0.994977 -3.039220 -3.424169 -4.398639 -4.834580 -2.585936 -0.918998 -0.005428 -0.029122 -0.000806 -0.313112 -1.554952 -2.417388 -1.437423 -0.003221 1.830479 3.546895 3.185029 3.899662 3.892199 2.742000 1.997359 2.281747 2.925222 1.891503 1.693481 1.727244 3.192238 4.769728 5.494667 6.640400 8.812775 10.668338 8.284505 6.732812 6.121955 5.832739 5.086096 4.119838 2.843452 3.150026 3.105648 5.301304 4.593339 5.247068 3.575364 2.827168 2.090773 1.352009 1.281514 0.843841 0.422805 0.760698 0.562830 -0.001867 -0.002580 0.468337 -9999.0
-9999.0 -1.191765 -1.728243 -0.451892 -0.062182 -1.005144 -2.594990 -3.931232 -4.818666 -4.688365 -3.109066 -1.306464 -0.002718 -0.000769 -0.152164 -4.011240 -3.252257 -2.731697 -1.178643 -0.010000 0.433776 1.345836 2.232009 1.740504 3.286491 4.088324 5.000015 4.864311 4.250057 5.827234 6.056733 5.791538 4.922486 5.804384 7.179759 8.735654 11.176235 12.270536 11.385369 10.615425 9.682859 8.530378 7.773225 7.514134 7.495836 7.318941 5.870117 5.564602 5.029894 4.352755 2.760216 1.415611 0.521222 1.182436 0.401493 -0.003277 -0.310140 -0.004631 -0.003250 -0.011802 -0.002828 -9999.0 -9999.0
