user2019/resources/simulation/Vinschgau/output-maps/TL0006N0438.asc
ncols         63
nrows         48
xllcorner     598000.000000
yllcorner     5145000.000000
cellsize      1000.000000
NODATA_value  -9999.0
[rows 0 to 27 of 48, columns 0 to 62 of 63]
-9999.0 -9999.0 -9999.0 -9999.0 -9999.0 -9999.0 -9999.0 -9999.0 -9999.0 -9999.0 -9999.0 -9999.0 -9999.0 -9999.0 -9999.0 -9999.0 -9999.0 -9999.0 -9999.0 -9999.0 -9999.0 -9999.0 -9999.0 -9999.0 -9999.0 -9999.0 -9999.0 -9999.0 -9999.0 -9999.0 -9999.0 -9999.0 -9999.0 -9999.0 -9999.0 -9999.0 -9999.0 -9999.0 -9999.0 -9999.0 -9999.0 -9999.0 -9999.0 -9999.0 -9999.0 -9999.0 -9999.0 -9999.0 -9999.0 -9999.0 -9999.0 -9999.0 -9999.0 -9999.0 -9999.0 -9999.0 -9999.0 -9999.0 -9999.0 -9999.0 -9999.0 -9999.0 -9999.0
-9999.0 -9999.0 -9999.0 -9999.0 -9999.0 -9999.0 -9999.0 -9999.0 -9999.0 -9999.0 -9999.0 -9999.0 -9999.0 -9999.0 -9999.0 -9999.0 -9999.0 -9999.0 -9999.0 -9999.0 -9999.0 -9999.0 -9999.0 -9999.0 -9999.0 -9999.0 -9999.0 9.582470 8.935822 6.428887 4.972197 4.533083 3.939804 -9999.0 -9999.0 -9999.0 -9999.0 -9999.0 -9999.0 -9999.0 -9999.0 -9999.0 -9999.0 -9999.0 -9999.0 -9999.0 -9999.0 -9999.0 -9999.0 -9999.0 -9999.0 -9999.0 -9999.0 -9999.0 -9999.0 -9999.0 -9999.0 -9999.0 -9999.0 -9999.0 -9999.0 -9999.0 -9999.0
-9999.0 -9999.0 -9999.0 -9999.0 -9999.0 -9999.0 -9999.0 -9999.0 -9999.0 -9999.0 -9999.0 -9999.0 -9999.0 -9999.0 -9999.0 -9999.0 -9999.0 -9999.0 -9999.0 -9999.0 -9999.0 -9999.0 -9999.0 -9999.0 9.407951 9.942832 10.490619 9.640261 8.121661 7.586098 6.608510 -9999.0 -9999.0 -9999.0 -9999.0 -9999.0 -9999.0 -9999.0 -9999.0 -9999.0 -9999.0 -9999.0 -9999.0 -9999.0 -9999.0 -9999.0 -9999.0 -9999.0 -9999.0 -9999.0 -9999.0 -9999.0 -9999.0 -9999.0 -9999.0 -9999.0 -9999.0 -9999.0 -9999.0 -9999.0 -9999.0 -9999.0 -9999.0
-9999.0 -9999.0 -9999.0 -9999.0 -9999.0 -9999.0 -9999.0 -9999.0 -9999.0 -9999.0 -9999.0 -9999.0 -9999.0 -9999.0 -9999.0 -9999.0 -9999.0 -9999.0 -9999.0 -9999.0 -9999.0 -9999.0 -9999.0 9.818743 11.126404 9.401634 10.432025 11.441839 7.739844 10.141830 8.275338 7.071341 -9999.0 -9999.0 -9999.0 -9999.0 -9999.0 -9999.0 -9999.0 -9999.0 -9999.0 -9999.0 -9999.0 -9999.0 -9999.0 -9999.0 -9999.0 -9999.0 -9999.0 -9999.0 -9999.0 -9999.0 -9999.0 -9999.0 -9999.0 -9999.0 -9999.0 -9999.0 -9999.0 -9999.0 -9999.0 -9999.0 -9999.0
-9999.0 -9999.0 -9999.0 -9999.0 -9999.0 -9999.0 -9999.0 -9999.0 -9999.0 -9999.0 -9999.0 -9999.0 -9999.0 -9999.0 -9999.0 -9999.0 -9999.0 -9999.0 12.563434 9.423879 -9999.0 9.532586 10.576438 10.102848 9.646962 11.377876 11.230286 11.074877 10.337993 10.136892 9.545267 8.072327 8.610656 7.231573 -9999.0 -9999.0 -9999.0 -9999.0 -9999.0 -9999.0 -9999.0 -9999.0 -9999.0 -9999.0 -9999.0 -9999.0 -9999.0 -9999.0 -9999.0 -9999.0 -9999.0 -9999.0 -9999.0 -9999.0 -9999.0 -9999.0 -9999.0 -9999.0 -9999.0 -9999.0 -9999.0 -9999.0 -9999.0
-9999.0 -9999.0 -9999.0 -9999.0 -9999.0 -9999.0 -9999.0 -9999.0 -9999.0 -9999.0 -9999.0 -9999.0 -9999.0 -9999.0 -9999.0 -9999.0 -9999.0 6.822666 8.435962 11.246227 9.473096 5.220228 8.282430 9.141115 13.039430 4.901555 3.974152 4.280393 3.898225 6.415042 8.969559 7.446997 6.614650 5.694312 3.830417 -0.655803 -9999.0 -9999.0 -9999.0 -9999.0 -9999.0 -9999.0 -9999.0 -9999.0 -9999.0 -9999.0 -9999.0 -9999.0 -9999.0 -9999.0 -9999.0 -9999.0 -9999.0 -9999.0 -9999.0 -9999.0 -9999.0 -9999.0 -9999.0 -9999.0 -9999.0 -9999.0 -9999.0
-9999.0 -9999.0 -9999.0 -9999.0 -9999.0 -9999.0 -9999.0 -9999.0 -9999.0 -9999.0 -9999.0 -9999.0 -9999.0 8.926874 7.497905 5.796411 8.334730 17.377428 6.622412 9.868260 9.652648 10.342920 11.940902 12.866535 4.348859 8.270943 5.290304 3.432766 4.351420 4.528039 4.275085 5.725653 5.315204 3.510227 2.985218 -2.592482 -9999.0 -9999.0 -9999.0 -9999.0 -9999.0 -9999.0 -9999.0 -9999.0 -9999.0 -9999.0 -9999.0 -9999.0 -9999.0 -9999.0 -9999.0 -9999.0 -9999.0 -9999.0 -9999.0 -9999.0 -9999.0 -9999.0 -9999.0 -9999.0 -9999.0 -9999.0 -9999.0
-9999.0 -9999.0 -9999.0 -9999.0 -9999.0 -9999.0 -9999.0 -9999.0 -9999.0 -9999.0 -9999.0 -9999.0 -9999.0 9.920467 8.581569 6.291585 6.248128 14.500601 17.305387 11.783703 9.410064 11.788718 7.572916 6.021736 8.361013 7.089465 8.505231 4.474360 5.365484 2.670737 3.076182 3.343490 2.770299 -0.928781 -0.947260 -9999.0 -9999.0 -9999.0 -9999.0 -9999.0 -9999.0 -9999.0 -9999.0 -9999.0 -9999.0 -9999.0 -9999.0 -9999.0 -9999.0 -9999.0 -9999.0 -9999.0 -9999.0 -9999.0 -9999.0 -9999.0 -9999.0 -9999.0 -9999.0 -9999.0 -9999.0 -9999.0 -9999.0
-9999.0 -9999.0 -9999.0 -9999.0 -9999.0 -9999.0 -9999.0 -9999.0 -9999.0 -9999.0 -9999.0 -9999.0 -9999.0 8.341963 10.097608 7.360577 4.884150 7.053669 17.328736 6.603937 12.675200 8.935457 4.946300 4.139854 8.207775 6.030306 6.836854 4.345883 7.184543 -1.352841 3.407358 -0.257090 -0.487731 -0.219287 -1.210158 -9999.0 -9999.0 -9999.0 -9999.0 -9999.0 -9999.0 -9999.0 -9999.0 -9999.0 -9999.0 -9999.0 -9999.0 -9999.0 -9999.0 -9999.0 -9999.0 -9999.0 -9999.0 -9999.0 -9999.0 -9999.0 -9999.0 -9999.0 -9999.0 -9999.0 -9999.0 -9999.0 -9999.0
-9999.0 -9999.0 -9999.0 -9999.0 -9999.0 -9999.0 -9999.0 -9999.0 -9999.0 -9999.0 -9999.0 -9999.0 7.390550 9.519155 7.094970 6.017474 3.482178 5.170359 15.007207 12.223418 8.592650 1.817261 4.519832 2.225451 4.927633 4.347531 3.305406 7.268535 7.088397 3.409677 -0.498060 5.940545 5.576611 1.397670 -9999.0 -9999.0 -9999.0 -9999.0 -9999.0 -9999.0 -9999.0 -9999.0 -9999.0 -9999.0 -9999.0 -9999.0 -9999.0 -9999.0 -9999.0 -9999.0 -9999.0 -9999.0 -9999.0 -9999.0 -9999.0 -9999.0 -9999.0 -9999.0 -9999.0 -9999.0 -9999.0 -9999.0 -9999.0
-9999.0 -9999.0 -9999.0 -9999.0 -9999.0 -9999.0 -9999.0 -9999.0 -9999.0 -9999.0 -9999.0 8.100188 6.176800 4.204950 4.395502 5.479867 4.215766 4.695066 14.535107 8.416302 6.840123 8.404893 7.986274 6.794621 5.491013 6.649966 1.060216 7.104644 6.639702 -1.600962 5.516185 7.315237 5.338913 3.573616 7.195738 8.793066 10.127067 11.162530 11.355594 -9999.0 -9999.0 -9999.0 7.693257 -9999.0 -9999.0 -9999.0 -9999.0 -9999.0 -9999.0 -9999.0 -9999.0 -9999.0 -9999.0 -9999.0 -9999.0 -9999.0 -9999.0 -9999.0 -9999.0 -9999.0 -9999.0 -9999.0 -9999.0
-9999.0 -9999.0 -9999.0 -9999.0 -9999.0 -9999.0 -9999.0 -9999.0 -9999.0 -9999.0 -9999.0 6.843250 4.802903 5.423132 5.547183 3.967349 7.469517 7.197292 14.653676 12.636140 13.643166 11.453660 9.594284 2.412166 0.597806 7.849888 7.462592 7.864290 6.365129 2.958710 7.007188 7.207636 7.997328 6.704563 7.301134 8.366235 10.453133 13.839470 11.518987 8.650518 8.815164 8.241284 8.135284 8.159737 -9999.0 -9999.0 -9999.0 0.794048 4.342837 5.634969 6.231457 5.104080 3.945997 3.927433 2.379678 -0.948461 -9999.0 -9999.0 -9999.0 -9999.0 -9999.0 -9999.0 -9999.0
-9999.0 -9999.0 -9999.0 -9999.0 -9999.0 -9999.0 -9999.0 -9999.0 -9999.0 -9999.0 -9999.0 6.655012 4.968066 2.944522 6.942173 6.336368 3.595903 4.066370 13.322142 13.031267 5.009121 6.840926 1.166639 8.175867 5.028057 8.902815 5.247646 3.158815 5.245779 4.671110 4.444605 2.736869 9.022689 6.673784 8.872261 9.665013 3.735709 8.108511 14.959079 9.585700 11.626366 9.475279 9.629990 8.759936 7.324229 -9999.0 -1.702117 5.406648 7.186459 8.032910 8.078807 7.683551 7.723172 7.636519 7.500056 6.783462 -9999.0 -9999.0 -9999.0 -9999.0 -9999.0 -9999.0 -9999.0
-9999.0 -9999.0 -9999.0 -9999.0 -9999.0 -9999.0 -9999.0 -9999.0 -9999.0 -9999.0 -9999.0 -9999.0 4.516136 1.404129 8.555002 8.490659 2.713953 4.355838 14.992878 13.266638 7.002489 7.769312 7.522942 5.881287 2.072118 2.439697 9.988893 6.394173 7.232526 6.832834 8.099159 3.109798 9.053816 7.749403 5.949670 7.991717 3.278365 7.825069 16.391695 12.245478 13.717524 13.019291 5.399963 10.502762 9.144718 7.746336 5.768998 5.563067 1.982088 5.255892 7.126634 3.474989 5.361370 2.687223 -0.001433 3.194241 4.782621 -9999.0 -9999.0 -9999.0 -9999.0 -9999.0 -9999.0
-9999.0 -9999.0 -9999.0 -9999.0 -9999.0 -9999.0 -9999.0 -9999.0 -9999.0 -9999.0 -9999.0 1.277862 4.734387 5.928132 1.995726 3.180564 5.009390 4.424486 15.211760 6.344827 7.787813 6.788545 6.793733 2.665019 2.488025 7.280314 4.250002 4.882852 9.074634 8.108023 4.883905 4.672498 8.208478 6.954601 4.443064 7.153888 8.589887 6.181679 5.468623 15.657677 8.317904 9.348324 8.030757 8.281658 11.328860 7.784358 7.587103 7.452375 8.059271 7.481530 2.557338 4.053049 -0.002044 -0.119240 -0.160473 -0.032619 4.839126 -9999.0 -9999.0 -9999.0 -9999.0 -9999.0 -9999.0
-9999.0 -9999.0 -9999.0 -9999.0 -9999.0 -9999.0 -9999.0 -9999.0 -9999.0 -9999.0 8.096194 0.770468 7.609164 8.846650 10.054472 5.733484 4.501071 4.082379 8.112734 7.822776 13.797315 11.719871 5.505386 12.784517 8.177321 4.892929 1.395901 2.261240 10.238485 11.102218 6.204095 4.149965 7.065871 5.037221 3.370611 7.405465 9.810354 3.403715 3.400288 8.402587 9.207623 10.272822 15.577622 5.376453 6.459087 9.761323 9.506205 6.307195 6.907720 7.287131 1.375710 0.221003 -0.282000 -0.030843 -0.029456 7.826914 7.527331 -9999.0 -9999.0 -9999.0 -9999.0 -9999.0 -9999.0
-9999.0 -9999.0 -9999.0 -9999.0 -9999.0 -9999.0 -9999.0 -9999.0 -9999.0 4.795339 6.282672 3.147186 4.777409 0.877291 4.233086 0.709568 1.180849 12.898364 8.777250 8.504718 14.234791 7.678506 7.638804 9.435308 7.031766 4.203639 2.613055 11.643502 7.735783 8.248843 8.065728 2.337631 3.131587 -1.369464 7.200115 8.199243 8.126037 3.142877 3.308316 4.988331 5.400712 3.970007 4.400622 8.075318 7.601810 7.142086 12.958716 7.013324 6.882000 7.892103 4.901803 5.851651 -0.032582 -0.428496 4.653775 0.291726 3.233864 7.919586 7.034425 -9999.0 -9999.0 -9999.0 -9999.0
-9999.0 -9999.0 -9999.0 -9999.0 -9999.0 -9999.0 -9999.0 -9999.0 -9999.0 5.599393 4.875008 7.293897 11.295931 7.135005 3.325919 1.168223 11.974903 8.606182 9.727670 15.980443 15.695983 15.774229 12.606926 12.153945 4.859886 2.778079 7.606791 8.552581 9.711000 10.380547 9.157530 2.416415 6.108589 6.096651 7.839275 9.730431 9.908645 10.912008 7.886743 9.035620 2.898884 3.119523 6.462857 8.101468 5.952186 9.944337 10.023223 9.561236 8.780960 8.271414 2.586293 1.540604 1.496944 2.232988 4.182535 -0.001862 5.322925 7.016677 9.744830 -9999.0 -9999.0 -9999.0 -9999.0
-9999.0 -9999.0 -9999.0 -9999.0 -9999.0 -9999.0 -9999.0 -9999.0 -9999.0 -9999.0 5.955237 8.069640 0.324652 4.537070 8.086657 0.773998 7.700038 9.828994 10.682961 12.038597 14.558146 9.058731 6.653055 5.909889 6.374764 8.522136 9.658647 10.198012 9.913602 3.529037 2.817182 3.638844 1.325480 4.631203 7.741285 8.656421 10.982559 10.447092 8.938622 4.664091 3.847152 9.899443 9.803100 4.853165 5.147802 5.828319 7.475255 12.607449 10.947038 9.030793 4.265307 4.978773 6.735042 4.465700 -0.012016 4.917626 7.391572 8.893627 9.717244 9.807909 -9999.0 -9999.0 -9999.0
-9999.0 -9999.0 -9999.0 -9999.0 -9999.0 -9999.0 -9999.0 -9999.0 -9999.0 -9999.0 6.003764 7.174085 9.151207 0.400792 13.641724 7.394519 7.316362 8.977725 11.504660 12.649796 10.015298 8.379266 6.957548 7.769020 8.352337 10.484447 11.036287 7.158100 3.774703 1.642760 5.194728 8.007310 1.696221 4.854024 5.745825 7.043114 5.814789 5.820249 2.916025 5.059085 6.882581 8.106113 3.216681 5.830722 9.161512 4.274551 6.155823 6.377677 9.258079 11.126363 8.787309 6.343299 1.076290 7.206087 4.633378 7.849790 5.421541 7.466550 9.991997 11.719608 -9999.0 -9999.0 -9999.0
-9999.0 -9999.0 -9999.0 -9999.0 -9999.0 -9999.0 -9999.0 -9999.0 10.134187 9.159822 8.098578 7.634732 0.129616 0.444318 0.409351 6.541496 9.634856 16.724702 13.458117 13.421064 11.692997 10.610132 9.637349 7.989486 9.736147 10.349191 13.806106 4.937824 0.934114 1.861072 1.654847 5.608279 6.826897 6.799299 6.886187 4.133551 9.602917 6.124519 2.099263 8.329267 5.537460 6.549337 1.543382 3.422134 7.820695 9.707735 2.810620 5.085944 7.410559 9.215240 9.547815 6.723451 5.341824 1.121461 9.144133 8.865939 9.191650 14.046371 11.567833 12.533831 -9999.0 -9999.0 -9999.0
-9999.0 -9999.0 -9999.0 -9999.0 -9999.0 -9999.0 -9999.0 -9999.0 0.770503 3.339778 1.564475 4.509588 6.920208 0.333642 5.043361 7.554908 8.764905 9.211374 12.063671 14.050309 20.031603 18.011991 16.539307 15.458956 10.419384 10.664388 8.396043 7.021186 2.427606 7.807680 7.291230 7.755287 7.293225 8.477017 7.378728 8.323542 10.529588 6.672389 4.607006 7.896707 4.240366 -0.033386 4.110684 7.641840 9.748462 3.956403 1.607919 8.577266 7.131723 9.647575 11.787150 8.931613 4.330545 9.273424 11.715644 8.812740 9.535065 10.984267 13.456544 15.135647 15.801982 -9999.0 -9999.0
-9999.0 -9999.0 -9999.0 -9999.0 -9999.0 -9999.0 -9999.0 -9999.0 6.002679 9.824851 8.633786 1.566521 9.426836 1.772724 1.034866 0.638848 8.388711 11.388603 12.284521 19.533432 14.561683 18.563716 18.391913 13.546673 17.135796 10.170845 8.237788 4.672659 2.615885 9.787520 7.966926 9.574289 0.772471 1.202107 8.348730 10.136172 5.465743 7.077390 3.080488 0.527898 6.279722 6.049555 7.092264 7.169385 0.978063 8.052254 9.236516 9.749124 0.245701 8.300502 11.010828 10.999113 7.158706 7.226385 11.320418 11.273251 13.003379 13.843277 15.319466 15.193598 15.207816 -9999.0 -9999.0
-9999.0 -9999.0 -9999.0 -9999.0 -9999.0 -9999.0 -9999.0 -9999.0 4.265105 8.877380 5.407916 2.806107 9.774849 0.725803 6.911529 8.884425 11.543748 12.091973 13.534665 12.290778 13.927654 14.509179 18.857995 18.681514 10.799819 8.722812 6.582428 4.955354 12.004948 7.638641 6.690411 7.075412 7.938766 7.596760 3.281182 10.470448 12.064614 8.192543 5.475690 2.765603 8.255919 9.030524 8.974544 10.385019 9.079929 10.262171 9.887749 11.737605 10.609643 8.606866 9.427455 12.391673 12.864088 11.317963 13.791063 14.348193 15.148578 12.749225 14.040411 15.104923 13.772259 10.986056 -9999.0
-9999.0 -9999.0 -9999.0 -9999.0 -9999.0 -9999.0 -9999.0 -9999.0 8.164905 9.045642 7.235987 6.277396 7.271096 7.877858 15.088740 12.170494 12.505990 9.767931 8.282724 9.890719 11.676302 14.191361 14.619208 15.189895 16.955552 8.335237 6.050023 8.418944 9.264390 8.994713 5.714925 8.550294 10.062439 8.497907 7.476440 8.033366 8.817602 9.471416 8.695021 8.211959 7.216246 7.407357 8.054476 7.502070 3.361258 11.064361 7.791484 8.965328 8.668391 10.876025 13.013694 12.251861 13.144456 14.949686 14.909044 14.545208 15.244128 15.117520 14.641867 14.074102 12.028918 10.229482 -9999.0
-9999.0 -9999.0 9.574720 10.458000 0.960639 0.696071 1.474852 0.209994 8.947643 8.764427 6.442286 5.870463 8.318406 10.975469 16.740110 9.892115 8.289997 5.404061 6.597382 8.186772 10.163413 12.366762 13.750049 13.648746 12.492948 9.963569 8.367749 8.410892 9.705221 14.145009 6.997234 7.292139 13.286189 8.315690 10.424263 8.606564 11.659757 10.850872 9.735713 7.719075 9.822752 10.197231 8.550859 9.723862 6.500118 8.677111 10.398840 8.566056 12.045674 13.619675 14.875845 14.973665 15.267238 15.349972 15.225862 19.975066 13.814566 14.106660 13.309925 11.697410 14.564481 9.255588 -9999.0
-9999.0 2.362895 1.726932 0.701356 0.833050 5.499746 1.536787 1.647098 2.230440 8.182232 0.509967 7.038078 9.061955 14.551835 14.558422 7.786763 6.143015 0.819473 3.892558 8.471383 10.605573 11.889885 15.417096 12.380938 18.938319 13.443232 17.003799 17.104835 12.574965 11.300892 11.385952 10.903043 11.206527 16.170077 12.638578 13.106048 14.107259 13.052381 13.744044 12.700412 12.579868 12.725704 12.281226 9.589436 9.121833 9.840210 11.548832 12.465542 14.683054 13.255278 14.355968 14.324646 13.415245 13.278699 13.159700 13.227824 10.777445 10.925433 11.495595 13.351777 8.763658 8.882328 -9999.0
-9999.0 10.549877 7.900362 8.137434 11.880310 7.118862 2.139395 2.238507 10.093337 9.686456 0.890011 7.463339 10.082438 14.910758 8.569342 5.147439 0.558926 0.708696 8.877233 8.584315 13.797032 10.846312 11.535654 12.463846 19.123264 20.639495 13.607321 14.511333 13.620128 12.931626 13.533933 12.883584 12.697981 12.605942 17.433959 14.387045 21.712047 23.180774 15.892970 15.937750 15.135256 14.380677 14.023829 12.820454 13.950296 14.089250 14.385353 14.576027 13.893808 13.997816 12.992285 11.218817 11.043039 11.495606 11.066258 9.343594 9.501007 8.389065 8.237344 7.652810 7.748514 -9999.0 -9999.0
