user2019/resources/simulation/Vinschgau/output-maps/TL0005N0528.asc
ncols         63
nrows         48
xllcorner     598000.000000
yllcorner     5145000.000000
cellsize      1000.000000
NODATA_value  -9999.0
[rows 0 to 27 of 48, columns 0 to 62 of 63]
-9999.0 -9999.0 -9999.0 -9999.0 -9999.0 -9999.0 -9999.0 -9999.0 -9999.0 -9999.0 -9999.0 -9999.0 -9999.0 -9999.0 -9999.0 -9999.0 -9999.0 -9999.0 -9999.0 -9999.0 -9999.0 -9999.0 -9999.0 -9999.0 -9999.0 -9999.0 -9999.0 -9999.0 -9999.0 -9999.0 -9999.0 -9999.0 -9999.0 -9999.0 -9999.0 -9999.0 -9999.0 -9999.0 -9999.0 -9999.0 -9999.0 -9999.0 -9999.0 -9999.0 -9999.0 -9999.0 -9999.0 -9999.0 -9999.0 -9999.0 -9999.0 -9999.0 -9999.0 -9999.0 -9999.0 -9999.0 -9999.0 -9999.0 -9999.0 -9999.0 -9999.0 -9999.0 -9999.0
-9999.0 -9999.0 -9999.0 -9999.0 -9999.0 -9999.0 -9999.0 -9999.0 -9999.0 -9999.0 -9999.0 -9999.0 -9999.0 -9999.0 -9999.0 -9999.0 -9999.0 -9999.0 -9999.0 -9999.0 -9999.0 -9999.0 -9999.0 -9999.0 -9999.0 -9999.0 -9999.0 11.221110 12.196493 10.322267 10.884297 9.295900 8.895909 -9999.0 -9999.0 -9999.0 -9999.0 -9999.0 -9999.0 -9999.0 -9999.0 -9999.0 -9999.0 -9999.0 -9999.0 -9999.0 -9999.0 -9999.0 -9999.0 -9999.0 -9999.0 -9999.0 -9999.0 -9999.0 -9999.0 -9999.0 -9999.0 -9999.0 -9999.0 -9999.0 -9999.0 -9999.0 -9999.0
-9999.0 -9999.0 -9999.0 -9999.0 -9999.0 -9999.0 -9999.0 -9999.0 -9999.0 -9999.0 -9999.0 -9999.0 -9999.0 -9999.0 -9999.0 -9999.0 -9999.0 -9999.0 -9999.0 -9999.0 -9999.0 -9999.0 -9999.0 -9999.0 12.598166 12.887254 13.183236 12.732915 10.867565 10.760880 10.419789 -9999.0 -9999.0 -9999.0 -9999.0 -9999.0 -9999.0 -9999.0 -9999.0 -9999.0 -9999.0 -9999.0 -9999.0 -9999.0 -9999.0 -9999.0 -9999.0 -9999.0 -9999.0 -9999.0 -9999.0 -9999.0 -9999.0 -9999.0 -9999.0 -9999.0 -9999.0 -9999.0 -9999.0 -9999.0 -9999.0 -9999.0 -9999.0
-9999.0 -9999.0 -9999.0 -9999.0 -9999.0 -9999.0 -9999.0 -9999.0 -9999.0 -9999.0 -9999.0 -9999.0 -9999.0 -9999.0 -9999.0 -9999.0 -9999.0 -9999.0 -9999.0 -9999.0 -9999.0 -9999.0 -9999.0 12.871678 13.685339 12.406868 12.437567 12.352146 11.426185 12.989556 10.735094 9.702153 -9999.0 -9999.0 -9999.0 -9999.0 -9999.0 -9999.0 -9999.0 -9999.0 -9999.0 -9999.0 -9999.0 -9999.0 -9999.0 -9999.0 -9999.0 -9999.0 -9999.0 -9999.0 -9999.0 -9999.0 -9999.0 -9999.0 -9999.0 -9999.0 -9999.0 -9999.0 -9999.0 -9999.0 -9999.0 -9999.0 -9999.0
-9999.0 -9999.0 -9999.0 -9999.0 -9999.0 -9999.0 -9999.0 -9999.0 -9999.0 -9999.0 -9999.0 -9999.0 -9999.0 -9999.0 -9999.0 -9999.0 -9999.0 -9999.0 14.989357 12.873161 -9999.0 12.965247 13.496728 12.437876 12.787920 14.298594 14.921875 14.831907 13.405974 12.258903 12.667524 11.236134 9.851999 8.691124 -9999.0 -9999.0 -9999.0 -9999.0 -9999.0 -9999.0 -9999.0 -9999.0 -9999.0 -9999.0 -9999.0 -9999.0 -9999.0 -9999.0 -9999.0 -9999.0 -9999.0 -9999.0 -9999.0 -9999.0 -9999.0 -9999.0 -9999.0 -9999.0 -9999.0 -9999.0 -9999.0 -9999.0 -9999.0
-9999.0 -9999.0 -9999.0 -9999.0 -9999.0 -9999.0 -9999.0 -9999.0 -9999.0 -9999.0 -9999.0 -9999.0 -9999.0 -9999.0 -9999.0 -9999.0 -9999.0 13.374168 11.411845 13.956666 14.576568 11.006805 11.868531 12.979151 16.279774 9.906361 8.578012 10.628688 8.460048 11.386464 12.603170 10.300478 8.960401 11.922014 8.894782 7.582609 -9999.0 -9999.0 -9999.0 -9999.0 -9999.0 -9999.0 -9999.0 -9999.0 -9999.0 -9999.0 -9999.0 -9999.0 -9999.0 -9999.0 -9999.0 -9999.0 -9999.0 -9999.0 -9999.0 -9999.0 -9999.0 -9999.0 -9999.0 -9999.0 -9999.0 -9999.0 -9999.0
-9999.0 -9999.0 -9999.0 -9999.0 -9999.0 -9999.0 -9999.0 -9999.0 -9999.0 -9999.0 -9999.0 -9999.0 -9999.0 12.904087 11.496146 11.164814 12.707163 20.644879 13.101104 13.068697 13.175344 13.875072 15.185487 16.315245 9.630702 12.753533 10.561193 9.794443 9.851230 10.239841 8.723117 10.007984 9.322428 8.336954 7.030395 8.123065 -9999.0 -9999.0 -9999.0 -9999.0 -9999.0 -9999.0 -9999.0 -9999.0 -9999.0 -9999.0 -9999.0 -9999.0 -9999.0 -9999.0 -9999.0 -9999.0 -9999.0 -9999.0 -9999.0 -9999.0 -9999.0 -9999.0 -9999.0 -9999.0 -9999.0 -9999.0 -9999.0
-9999.0 -9999.0 -9999.0 -9999.0 -9999.0 -9999.0 -9999.0 -9999.0 -9999.0 -9999.0 -9999.0 -9999.0 -9999.0 13.374005 12.212983 11.525530 11.336135 17.190242 20.841605 15.482079 12.803953 15.654845 11.336860 10.660764 12.186530 10.983407 12.046231 10.015929 9.865835 9.062813 9.382644 10.263115 7.205234 5.368289 5.919550 -9999.0 -9999.0 -9999.0 -9999.0 -9999.0 -9999.0 -9999.0 -9999.0 -9999.0 -9999.0 -9999.0 -9999.0 -9999.0 -9999.0 -9999.0 -9999.0 -9999.0 -9999.0 -9999.0 -9999.0 -9999.0 -9999.0 -9999.0 -9999.0 -9999.0 -9999.0 -9999.0 -9999.0
-9999.0 -9999.0 -9999.0 -9999.0 -9999.0 -9999.0 -9999.0 -9999.0 -9999.0 -9999.0 -9999.0 -9999.0 -9999.0 12.156022 13.108937 13.085861 10.736203 12.013532 20.769497 13.015984 15.915399 13.074868 9.567070 9.285117 11.959825 11.289170 13.559363 9.486440 10.050752 8.809319 9.575745 5.749219 4.632091 -0.983022 4.876784 -9999.0 -9999.0 -9999.0 -9999.0 -9999.0 -9999.0 -9999.0 -9999.0 -9999.0 -9999.0 -9999.0 -9999.0 -9999.0 -9999.0 -9999.0 -9999.0 -9999.0 -9999.0 -9999.0 -9999.0 -9999.0 -9999.0 -9999.0 -9999.0 -9999.0 -9999.0 -9999.0 -9999.0
-9999.0 -9999.0 -9999.0 -9999.0 -9999.0 -9999.0 -9999.0 -9999.0 -9999.0 -9999.0 -9999.0 -9999.0 11.552531 12.560358 12.274198 11.079770 8.797883 10.899837 17.861273 14.752334 12.879776 10.343975 10.494193 10.231689 9.903374 11.212887 8.576062 9.781381 10.440764 8.118029 7.593022 9.733983 7.519533 6.170369 -9999.0 -9999.0 -9999.0 -9999.0 -9999.0 -9999.0 -9999.0 -9999.0 -9999.0 -9999.0 -9999.0 -9999.0 -9999.0 -9999.0 -9999.0 -9999.0 -9999.0 -9999.0 -9999.0 -9999.0 -9999.0 -9999.0 -9999.0 -9999.0 -9999.0 -9999.0 -9999.0 -9999.0 -9999.0
-9999.0 -9999.0 -9999.0 -9999.0 -9999.0 -9999.0 -9999.0 -9999.0 -9999.0 -9999.0 -9999.0 12.532893 10.886880 10.002965 10.488526 12.442110 11.450869 10.265939 17.556301 12.023206 10.474576 12.178272 13.334723 12.076553 10.125597 12.470179 8.777237 12.220706 10.146071 8.270791 9.835098 9.716858 8.291450 9.150636 10.018791 11.792699 11.748024 13.610941 14.727250 -9999.0 -9999.0 -9999.0 9.244001 -9999.0 -9999.0 -9999.0 -9999.0 -9999.0 -9999.0 -9999.0 -9999.0 -9999.0 -9999.0 -9999.0 -9999.0 -9999.0 -9999.0 -9999.0 -9999.0 -9999.0 -9999.0 -9999.0 -9999.0
-9999.0 -9999.0 -9999.0 -9999.0 -9999.0 -9999.0 -9999.0 -9999.0 -9999.0 -9999.0 -9999.0 11.969327 10.707055 10.063611 10.946175 11.026936 11.651237 11.460723 17.515164 16.018741 16.198797 14.569578 13.239591 7.722212 8.399658 12.212953 11.846652 12.789624 9.718551 8.902288 11.602126 10.293270 9.539240 9.048778 8.567736 10.700071 15.197878 16.571873 14.877648 11.328183 10.309761 9.447746 10.562898 10.826242 -9999.0 -9999.0 -9999.0 8.092430 9.358464 8.646433 10.163571 8.360627 8.411437 8.919128 8.963977 8.412757 -9999.0 -9999.0 -9999.0 -9999.0 -9999.0 -9999.0 -9999.0
-9999.0 -9999.0 -9999.0 -9999.0 -9999.0 -9999.0 -9999.0 -9999.0 -9999.0 -9999.0 -9999.0 11.828489 11.612430 8.143874 12.471382 12.249203 8.767352 9.264614 16.013192 16.598278 9.830289 10.597512 8.995557 13.121891 11.975715 13.269342 9.120458 8.122215 11.899120 9.110798 10.902499 6.763126 12.349056 8.928929 10.760334 12.733220 10.032463 11.326238 18.149095 14.358698 14.893054 10.944961 11.992748 11.774915 9.259400 -9999.0 7.680682 9.643042 12.100429 13.021988 13.385509 11.753357 13.309321 13.015233 12.528235 11.577157 -9999.0 -9999.0 -9999.0 -9999.0 -9999.0 -9999.0 -9999.0
-9999.0 -9999.0 -9999.0 -9999.0 -9999.0 -9999.0 -9999.0 -9999.0 -9999.0 -9999.0 -9999.0 -9999.0 12.175365 7.885491 12.667230 12.667192 7.280627 9.200535 15.520775 16.796838 10.454468 11.215619 10.887569 9.711726 7.965178 9.256903 12.865867 12.397753 11.495469 10.495667 11.864358 7.184833 12.636783 10.412164 9.065220 11.681827 9.100830 11.651063 19.712786 16.399921 16.060495 15.264099 8.914129 13.172847 11.493952 9.454074 9.123266 9.834168 7.721456 9.333873 10.236719 8.441870 9.191190 8.409202 6.935014 11.288607 11.962896 -9999.0 -9999.0 -9999.0 -9999.0 -9999.0 -9999.0
-9999.0 -9999.0 -9999.0 -9999.0 -9999.0 -9999.0 -9999.0 -9999.0 -9999.0 -9999.0 -9999.0 7.642285 10.958553 12.563355 8.327358 8.860936 9.826042 9.264009 17.249781 11.994791 10.945837 10.145227 10.805117 9.343914 9.540292 10.596480 9.511335 11.148285 10.609954 13.827208 8.658737 8.319463 13.266565 10.280968 8.063015 11.086024 13.432230 10.699455 11.667891 18.346957 10.896139 11.907287 11.310662 10.629405 13.857959 10.647408 11.907341 12.479829 13.126132 10.352540 7.666751 11.857121 0.263138 0.487083 0.874896 7.804307 10.425794 -9999.0 -9999.0 -9999.0 -9999.0 -9999.0 -9999.0
-9999.0 -9999.0 -9999.0 -9999.0 -9999.0 -9999.0 -9999.0 -9999.0 -9999.0 -9999.0 11.858309 9.017267 12.931037 12.718469 13.490696 9.629441 9.422466 8.722253 11.752752 12.338809 16.611217 15.330123 8.962686 15.150881 11.414086 10.137234 8.956378 8.229292 13.640433 13.969915 9.411852 8.644946 12.623904 9.922267 9.041276 10.991705 13.095744 9.475320 9.135272 12.391274 13.087427 13.413632 18.643531 9.945232 9.708709 13.534245 12.593428 9.360302 9.822995 10.570871 7.246332 8.045613 1.236956 7.408235 8.096483 12.499578 11.984575 -9999.0 -9999.0 -9999.0 -9999.0 -9999.0 -9999.0
-9999.0 -9999.0 -9999.0 -9999.0 -9999.0 -9999.0 -9999.0 -9999.0 -9999.0 11.496370 12.555874 8.676910 9.434701 8.454065 9.087509 9.368389 9.048695 15.194200 11.888747 13.020162 17.195028 10.973284 10.778129 12.712463 11.633583 8.372055 8.331185 14.385758 10.923102 11.248187 11.358730 7.062322 11.354924 8.764803 9.531423 10.811699 11.392332 7.554854 8.028149 9.306852 9.610536 8.631309 8.408423 11.261230 10.201296 9.952102 14.935826 9.438944 9.651896 11.418173 8.637573 8.197168 0.826587 7.901673 8.884669 7.019111 0.320705 11.698501 8.892935 -9999.0 -9999.0 -9999.0 -9999.0
-9999.0 -9999.0 -9999.0 -9999.0 -9999.0 -9999.0 -9999.0 -9999.0 -9999.0 10.045889 10.330179 12.829726 13.711512 10.699059 9.842344 9.357777 14.673926 11.790352 12.679623 18.995552 18.810754 18.578287 16.220254 15.428384 8.942860 9.849556 10.481402 11.743747 12.764408 14.387288 13.947494 7.139121 12.014431 9.547475 10.595801 11.014802 12.004746 13.913507 11.135941 12.834079 8.148470 7.897197 9.407551 11.135119 11.069986 12.718581 12.616100 11.733714 11.207664 11.571973 7.287530 1.080847 8.015936 9.008360 9.547226 6.160503 9.757135 10.418826 12.791283 -9999.0 -9999.0 -9999.0 -9999.0
-9999.0 -9999.0 -9999.0 -9999.0 -9999.0 -9999.0 -9999.0 -9999.0 -9999.0 -9999.0 10.956533 13.069220 10.211250 9.106327 11.436479 10.218837 11.132197 12.890453 13.624690 15.535824 18.190628 12.231379 10.305168 9.687714 10.095486 11.786840 13.004010 13.555434 14.544455 8.152044 7.688157 8.510386 4.390446 9.253855 12.439088 11.686110 13.274890 13.104120 11.320054 10.810199 9.245272 13.107050 12.313768 9.345008 8.991894 9.296845 10.385206 15.773753 13.755993 12.165312 8.301821 9.238342 8.895946 8.639414 8.810331 10.648816 12.241132 12.341522 12.827578 13.193758 -9999.0 -9999.0 -9999.0
-9999.0 -9999.0 -9999.0 -9999.0 -9999.0 -9999.0 -9999.0 -9999.0 -9999.0 -9999.0 11.047329 12.835063 13.254469 10.548511 16.393746 10.523910 10.403693 12.300670 15.117446 16.048788 13.532671 11.780717 10.311919 11.008180 11.686889 13.761757 14.562119 11.290834 8.722486 7.315204 12.025200 11.560450 6.863324 9.075570 10.313493 10.702467 8.861555 9.195829 7.548698 9.586312 10.923346 10.640084 7.866928 12.360600 13.153343 8.154833 10.176952 9.813876 12.115466 14.241326 12.307690 10.250149 6.853968 9.481335 8.591117 8.796397 11.157603 11.744497 13.535842 15.150173 -9999.0 -9999.0 -9999.0
-9999.0 -9999.0 -9999.0 -9999.0 -9999.0 -9999.0 -9999.0 -9999.0 13.618600 12.450100 10.457136 12.728402 9.489448 9.772852 9.442050 11.923673 12.712449 19.279880 16.503315 16.616485 15.295530 14.297339 13.374712 11.916273 13.138225 13.947132 17.076101 9.689156 9.692548 0.539371 9.500058 11.726439 11.842811 9.821375 10.899599 9.571730 13.647593 9.551871 5.648440 9.582283 9.241276 10.655752 6.453383 8.790933 13.377398 12.347653 6.953577 9.785079 10.552204 13.969533 12.972432 10.306837 0.755524 6.647402 9.235304 13.291672 12.851641 16.249717 14.669429 15.224932 -9999.0 -9999.0 -9999.0
-9999.0 -9999.0 -9999.0 -9999.0 -9999.0 -9999.0 -9999.0 -9999.0 9.148534 9.860768 7.441163 11.593378 12.817421 10.316692 9.246003 10.871763 11.867607 12.445527 15.290231 17.202159 23.216273 21.769687 20.129765 19.180966 14.105602 14.058261 12.275449 11.242470 8.782248 11.684319 10.387162 11.511314 11.699498 10.461805 11.813513 12.568204 12.933917 9.943892 8.864517 10.859335 9.796893 8.030835 8.429982 12.843569 12.233189 8.853443 0.547901 12.797793 10.916739 12.557331 14.951665 12.555167 0.842617 13.021803 14.926057 11.795168 12.679664 14.055273 16.363149 18.069665 18.551413 -9999.0 -9999.0
-9999.0 -9999.0 -9999.0 -9999.0 -9999.0 -9999.0 -9999.0 -9999.0 12.247272 12.827192 13.638630 7.086918 12.545368 7.797307 11.105251 9.836468 11.436533 14.332134 15.562116 22.499327 17.852438 22.400671 22.294263 17.192359 20.132421 13.235379 11.611077 9.078987 8.685237 13.055424 13.561800 13.704870 0.594792 0.581902 13.024526 12.866366 9.447996 10.240531 7.784039 7.314635 9.946851 8.825333 10.940598 11.165998 0.519961 12.488944 9.114245 12.964928 9.261759 11.466815 14.308888 14.418556 0.928729 10.097378 14.049517 14.661773 15.797757 16.671682 17.732757 17.572387 18.316084 -9999.0 -9999.0
-9999.0 -9999.0 -9999.0 -9999.0 -9999.0 -9999.0 -9999.0 -9999.0 9.559481 13.882700 10.802613 9.205593 12.752808 10.102082 10.789093 11.961353 14.071502 15.523359 17.975392 15.810625 17.333369 17.867569 22.476065 21.817833 14.134162 11.927185 10.129982 8.485408 14.410295 10.822677 10.226075 10.209844 10.967443 10.445317 0.548247 13.180389 14.466018 11.106649 8.729764 7.638809 10.426978 11.040911 11.969158 10.739111 10.895024 10.498785 13.506419 12.467356 13.852442 11.600088 12.605895 15.331263 15.578552 14.539495 16.393556 16.975316 17.540259 16.312364 16.978370 18.170126 17.040479 14.241601 -9999.0
-9999.0 -9999.0 -9999.0 -9999.0 -9999.0 -9999.0 -9999.0 -9999.0 10.143508 13.578667 11.188137 10.088170 11.011274 11.858502 17.427816 15.182479 17.392742 13.006053 11.700095 13.066983 15.224987 17.586077 17.916368 17.964461 19.682390 11.497436 9.261192 11.604395 12.356209 12.170783 9.219080 11.635933 12.346821 11.524303 10.660513 10.923397 11.796435 12.358564 11.539737 11.322057 10.164528 10.190030 10.744599 10.376397 0.564802 14.329052 10.693809 11.619949 11.790181 13.837613 15.659768 15.092304 16.194342 17.814473 18.043195 17.923085 18.380449 18.220237 17.339451 17.177057 15.082163 13.419341 -9999.0
-9999.0 -9999.0 13.338904 13.668764 8.935069 7.945273 9.647548 0.274354 12.618242 13.367182 11.244139 11.579220 12.016149 14.388104 19.348107 14.572392 11.811083 9.681196 10.946312 11.510776 13.403927 15.848682 17.113258 16.933992 16.122278 13.167091 11.574626 11.474361 12.348729 16.520048 10.096573 10.353770 15.518121 11.242950 13.220384 11.406042 14.370055 13.698625 12.431327 10.630274 12.699778 13.006138 10.940221 12.516436 9.475917 11.579686 13.015705 11.773740 14.646849 16.129187 17.546908 17.987871 18.324161 18.507066 18.473582 22.442286 17.391657 17.141345 16.519732 14.787138 17.692345 12.448776 -9999.0
-9999.0 10.041707 10.005328 9.929003 9.631946 9.931250 9.536915 0.342088 0.676132 12.611953 10.244213 11.089930 13.108869 17.593090 18.198780 11.790329 11.238457 10.160922 10.799350 11.589236 13.814490 14.599847 18.279694 16.115896 21.785845 16.399686 19.610692 19.547156 15.285055 14.261035 14.024766 13.631485 13.544278 16.890310 15.200796 15.809977 16.805624 15.541304 16.468593 15.482120 15.176843 15.126774 14.264613 12.072600 11.607208 12.263269 14.725562 14.546449 16.892984 16.333714 17.392062 17.525172 17.032439 17.079267 17.112120 16.548858 14.392252 14.226466 14.980453 16.770804 12.073801 12.070278 -9999.0
-9999.0 14.460932 10.852437 11.219241 14.841111 10.618465 7.916608 0.480825 12.143430 12.482953 10.118366 10.874399 13.565081 18.454994 12.590777 9.928495 9.955248 10.131975 12.115632 11.532354 15.957367 13.908286 15.147889 16.873218 21.731724 22.888631 16.482707 17.304641 16.514909 15.452348 15.870532 15.158117 14.754076 15.018241 18.231237 17.088570 22.459252 22.880983 18.090919 18.019462 17.312111 16.315071 15.742192 14.834253 15.423143 15.689307 16.903657 17.215076 16.818449 17.012326 16.149382 14.405216 14.371074 15.029286 14.605063 12.943335 12.985905 11.991480 11.668129 10.882235 10.875779 -9999.0 -9999.0
