user2019/resources/simulation/Vinschgau/output-maps/TL0005N1456.asc
ncols         63
nrows         48
xllcorner     598000.000000
yllcorner     5145000.000000
cellsize      1000.000000
NODATA_value  -9999.0
[rows 0 to 27 of 48, columns 0 to 62 of 63]
-9999.0 -9999.0 -9999.0 -9999.0 -9999.0 -9999.0 -9999.0 -9999.0 -9999.0 -9999.0 -9999.0 -9999.0 -9999.0 -9999.0 -9999.0 -9999.0 -9999.0 -9999.0 -9999.0 -9999.0 -9999.0 -9999.0 -9999.0 -9999.0 -9999.0 -9999.0 -9999.0 -9999.0 -9999.0 -9999.0 -9999.0 -9999.0 -9999.0 -9999.0 -9999.0 -9999.0 -9999.0 -9999.0 -9999.0 -9999.0 -9999.0 -9999.0 -9999.0 -9999.0 -9999.0 -9999.0 -9999.0 -9999.0 -9999.0 -9999.0 -9999.0 -9999.0 -9999.0 -9999.0 -9999.0 -9999.0 -9999.0 -9999.0 -9999.0 -9999.0 -9999.0 -9999.0 -9999.0
-9999.0 -9999.0 -9999.0 -9999.0 -9999.0 -9999.0 -9999.0 -9999.0 -9999.0 -9999.0 -9999.0 -9999.0 -9999.0 -9999.0 -9999.0 -9999.0 -9999.0 -9999.0 -9999.0 -9999.0 -9999.0 -9999.0 -9999.0 -9999.0 -9999.0 -9999.0 -9999.0 -3.210346 -1.767298 -2.543677 -2.756833 -3.419831 -4.921951 -9999.0 -9999.0 -9999.0 -9999.0 -9999.0 -9999.0 -9999.0 -9999.0 -9999.0 -9999.0 -9999.0 -9999.0 -9999.0 -9999.0 -9999.0 -9999.0 -9999.0 -9999.0 -9999.0 -9999.0 -9999.0 -9999.0 -9999.0 -9999.0 -9999.0 -9999.0 -9999.0 -9999.0 -9999.0 -9999.0
-9999.0 -9999.0 -9999.0 -9999.0 -9999.0 -9999.0 -9999.0 -9999.0 -9999.0 -9999.0 -9999.0 -9999.0 -9999.0 -9999.0 -9999.0 -9999.0 -9999.0 -9999.0 -9999.0 -9999.0 -9999.0 -9999.0 -9999.0 -9999.0 -1.146451 -0.780630 -0.076768 -1.099325 -0.038408 -0.525689 -2.967747 -9999.0 -9999.0 -9999.0 -9999.0 -9999.0 -9999.0 -9999.0 -9999.0 -9999.0 -9999.0 -9999.0 -9999.0 -9999.0 -9999.0 -9999.0 -9999.0 -9999.0 -9999.0 -9999.0 -9999.0 -9999.0 -9999.0 -9999.0 -9999.0 -9999.0 -9999.0 -9999.0 -9999.0 -9999.0 -9999.0 -9999.0 -9999.0
-9999.0 -9999.0 -9999.0 -9999.0 -9999.0 -9999.0 -9999.0 -9999.0 -9999.0 -9999.0 -9999.0 -9999.0 -9999.0 -9999.0 -9999.0 -9999.0 -9999.0 -9999.0 -9999.0 -9999.0 -9999.0 -9999.0 -9999.0 -0.673175 -0.007962 1.839248 2.386299 2.563543 2.439231 -0.523404 -2.933341 -4.028052 -9999.0 -9999.0 -9999.0 -9999.0 -9999.0 -9999.0 -9999.0 -9999.0 -9999.0 -9999.0 -9999.0 -9999.0 -9999.0 -9999.0 -9999.0 -9999.0 -9999.0 -9999.0 -9999.0 -9999.0 -9999.0 -9999.0 -9999.0 -9999.0 -9999.0 -9999.0 -9999.0 -9999.0 -9999.0 -9999.0 -9999.0
-9999.0 -9999.0 -9999.0 -9999.0 -9999.0 -9999.0 -9999.0 -9999.0 -9999.0 -9999.0 -9999.0 -9999.0 -9999.0 -9999.0 -9999.0 -9999.0 -9999.0 -9999.0 1.366338 -0.014925 -9999.0 -0.042608 -0.009796 1.501720 1.815439 2.445582 0.941423 1.113556 1.315380 0.122938 -1.054245 -2.728479 -4.872687 -6.663618 -9999.0 -9999.0 -9999.0 -9999.0 -9999.0 -9999.0 -9999.0 -9999.0 -9999.0 -9999.0 -9999.0 -9999.0 -9999.0 -9999.0 -9999.0 -9999.0 -9999.0 -9999.0 -9999.0 -9999.0 -9999.0 -9999.0 -9999.0 -9999.0 -9999.0 -9999.0 -9999.0 -9999.0 -9999.0
-9999.0 -9999.0 -9999.0 -9999.0 -9999.0 -9999.0 -9999.0 -9999.0 -9999.0 -9999.0 -9999.0 -9999.0 -9999.0 -9999.0 -9999.0 -9999.0 -9999.0 4.495065 3.167634 2.320626 -0.502345 -0.006877 0.122676 0.768168 1.298421 0.003453 -0.132950 0.083766 -0.040498 0.760687 0.077919 -0.621384 -2.110181 -3.128403 -5.503813 -6.502856 -9999.0 -9999.0 -9999.0 -9999.0 -9999.0 -9999.0 -9999.0 -9999.0 -9999.0 -9999.0 -9999.0 -9999.0 -9999.0 -9999.0 -9999.0 -9999.0 -9999.0 -9999.0 -9999.0 -9999.0 -9999.0 -9999.0 -9999.0 -9999.0 -9999.0 -9999.0 -9999.0
-9999.0 -9999.0 -9999.0 -9999.0 -9999.0 -9999.0 -9999.0 -9999.0 -9999.0 -9999.0 -9999.0 -9999.0 -9999.0 0.178948 0.782609 2.679650 3.974478 4.936047 4.095931 1.516509 1.483439 1.202111 1.779951 1.418036 -0.008827 -0.010548 -1.665326 -0.286789 -0.460266 -0.009170 -1.871352 -0.009660 -1.492277 -2.485529 -3.772984 -6.772058 -9999.0 -9999.0 -9999.0 -9999.0 -9999.0 -9999.0 -9999.0 -9999.0 -9999.0 -9999.0 -9999.0 -9999.0 -9999.0 -9999.0 -9999.0 -9999.0 -9999.0 -9999.0 -9999.0 -9999.0 -9999.0 -9999.0 -9999.0 -9999.0 -9999.0 -9999.0 -9999.0
-9999.0 -9999.0 -9999.0 -9999.0 -9999.0 -9999.0 -9999.0 -9999.0 -9999.0 -9999.0 -9999.0 -9999.0 -9999.0 0.554950 2.773260 3.488965 3.392290 4.795528 4.970346 2.822302 3.156533 2.515915 2.098630 1.026184 0.837045 0.216373 -1.762304 -2.814757 -4.100827 -1.152764 -0.555466 -2.603798 -4.615482 -6.255254 -5.813344 -9999.0 -9999.0 -9999.0 -9999.0 -9999.0 -9999.0 -9999.0 -9999.0 -9999.0 -9999.0 -9999.0 -9999.0 -9999.0 -9999.0 -9999.0 -9999.0 -9999.0 -9999.0 -9999.0 -9999.0 -9999.0 -9999.0 -9999.0 -9999.0 -9999.0 -9999.0 -9999.0 -9999.0
-9999.0 -9999.0 -9999.0 -9999.0 -9999.0 -9999.0 -9999.0 -9999.0 -9999.0 -9999.0 -9999.0 -9999.0 -9999.0 2.389906 1.379140 3.593420 2.983582 3.646335 5.192248 4.062264 2.738906 0.867786 0.159812 -0.017410 0.710115 0.429910 -1.954637 -4.542886 -4.031144 -5.295818 -2.895045 -6.698140 -6.953525 -11.259541 -7.034915 -9999.0 -9999.0 -9999.0 -9999.0 -9999.0 -9999.0 -9999.0 -9999.0 -9999.0 -9999.0 -9999.0 -9999.0 -9999.0 -9999.0 -9999.0 -9999.0 -9999.0 -9999.0 -9999.0 -9999.0 -9999.0 -9999.0 -9999.0 -9999.0 -9999.0 -9999.0 -9999.0 -9999.0
-9999.0 -9999.0 -9999.0 -9999.0 -9999.0 -9999.0 -9999.0 -9999.0 -9999.0 -9999.0 -9999.0 -9999.0 1.069966 0.815645 3.103851 1.366685 1.566779 3.329631 5.427696 3.388782 1.496026 -0.012542 0.081260 -0.033568 -2.025246 -1.780411 -3.091144 -3.069185 -1.559642 -4.927580 -5.895669 -5.135819 -4.172517 -7.426478 -9999.0 -9999.0 -9999.0 -9999.0 -9999.0 -9999.0 -9999.0 -9999.0 -9999.0 -9999.0 -9999.0 -9999.0 -9999.0 -9999.0 -9999.0 -9999.0 -9999.0 -9999.0 -9999.0 -9999.0 -9999.0 -9999.0 -9999.0 -9999.0 -9999.0 -9999.0 -9999.0 -9999.0 -9999.0
-9999.0 -9999.0 -9999.0 -9999.0 -9999.0 -9999.0 -9999.0 -9999.0 -9999.0 -9999.0 -9999.0 0.280602 2.484519 2.563251 2.459898 1.057847 2.376365 3.508907 5.442643 4.700893 1.922362 1.305372 -0.078121 -1.468799 0.180592 -1.319434 -3.858422 -1.924883 -3.969969 -6.387363 -5.300752 -1.420411 -3.857408 -6.042498 -5.436923 -3.441063 -3.434259 -2.506045 -2.205975 -9999.0 -9999.0 -9999.0 -6.165331 -9999.0 -9999.0 -9999.0 -9999.0 -9999.0 -9999.0 -9999.0 -9999.0 -9999.0 -9999.0 -9999.0 -9999.0 -9999.0 -9999.0 -9999.0 -9999.0 -9999.0 -9999.0 -9999.0 -9999.0
-9999.0 -9999.0 -9999.0 -9999.0 -9999.0 -9999.0 -9999.0 -9999.0 -9999.0 -9999.0 -9999.0 0.139792 2.803012 4.312962 4.023692 0.397365 5.064655 4.017659 5.491247 4.231701 2.786430 0.535362 -0.012589 -2.513241 -1.667885 -1.853172 -2.614068 -1.258105 -2.327876 -6.086638 -2.012804 -0.322187 -4.146156 -4.798570 -5.384082 -2.454212 -0.502395 -0.895450 -2.359765 -5.774409 -5.740311 -6.144509 -2.631793 -4.782953 -9999.0 -9999.0 -9999.0 -6.740056 -5.656681 -5.433810 -4.841985 -6.436782 -6.661794 -6.274506 -5.959900 -7.034695 -9999.0 -9999.0 -9999.0 -9999.0 -9999.0 -9999.0 -9999.0
-9999.0 -9999.0 -9999.0 -9999.0 -9999.0 -9999.0 -9999.0 -9999.0 -9999.0 -9999.0 -9999.0 0.073026 0.137733 0.618296 0.892735 0.928584 1.048577 3.559577 4.826237 4.192906 2.202897 -0.010828 -1.429717 -0.865420 -1.863164 -3.075415 -1.603502 -3.540517 -3.310269 -5.179795 -4.061680 -1.898133 -1.123699 -4.609744 -4.837353 -0.636170 -1.004212 -1.684211 -0.223305 -3.910648 -2.179686 -3.114425 -1.151067 -1.892250 -4.704147 -9999.0 -7.293322 -4.643019 -2.633787 -1.468053 -1.078682 -2.156488 -1.612124 -2.788863 -2.686784 -4.436831 -9999.0 -9999.0 -9999.0 -9999.0 -9999.0 -9999.0 -9999.0
-9999.0 -9999.0 -9999.0 -9999.0 -9999.0 -9999.0 -9999.0 -9999.0 -9999.0 -9999.0 -9999.0 -9999.0 0.215472 -0.007446 0.450275 0.532676 0.553658 2.615536 5.027288 4.214386 2.029412 0.193540 -0.031489 -1.007417 -2.913920 -1.740502 -0.015500 -1.237032 -2.837526 -4.713577 -2.607132 -1.612647 -1.018981 -3.003309 -4.210198 -2.148232 -1.628224 -1.444924 0.465130 -1.640277 -0.453597 -2.053204 -1.021232 -0.022683 -4.207178 -4.875074 -5.849207 -4.536471 -2.882281 -1.099607 -0.382801 -1.471212 -3.723096 -2.256896 -2.960129 -2.228778 -4.355691 -9999.0 -9999.0 -9999.0 -9999.0 -9999.0 -9999.0
-9999.0 -9999.0 -9999.0 -9999.0 -9999.0 -9999.0 -9999.0 -9999.0 -9999.0 -9999.0 -9999.0 -1.143310 -0.206643 0.137376 -0.006893 0.071074 0.651420 1.998418 4.503714 4.005890 2.293980 0.761114 -0.004632 -1.697643 -1.591807 -1.032830 -1.043845 -2.994409 -3.385979 -2.812004 -1.711422 -1.231283 -0.015470 -2.894146 -5.387829 -2.501957 -2.378362 -1.128925 -0.009817 0.079945 -1.142778 -0.014833 -0.006970 -1.046712 -0.014842 -2.906423 -1.673734 -2.712529 -2.011196 -0.163634 -3.943952 -2.831857 -3.949409 -6.387225 -7.090328 -6.437164 -4.987048 -9999.0 -9999.0 -9999.0 -9999.0 -9999.0 -9999.0
-9999.0 -9999.0 -9999.0 -9999.0 -9999.0 -9999.0 -9999.0 -9999.0 -9999.0 -9999.0 -0.006871 -0.511812 -0.016183 -0.014624 0.255345 -0.005411 -0.008924 0.019382 3.129653 3.664508 2.583196 1.120631 -0.666517 0.043386 -0.027629 -2.195329 -2.273007 -5.800754 -1.104096 -0.400807 -0.162226 -2.184955 -0.364601 -2.886865 -6.953322 -3.993485 -1.087929 -1.277116 -0.070326 -0.002101 -0.000147 0.373887 1.934745 0.943330 -0.127885 -2.690530 -1.556193 -0.891649 -0.254024 -0.018596 -5.689072 -5.698835 -7.555404 -7.220702 -6.771096 -2.927870 -2.810471 -9999.0 -9999.0 -9999.0 -9999.0 -9999.0 -9999.0
-9999.0 -9999.0 -9999.0 -9999.0 -9999.0 -9999.0 -9999.0 -9999.0 -9999.0 -1.708338 -0.008145 -0.256556 -0.027803 -1.088311 -0.074618 -0.037080 -0.348890 0.811377 3.048093 3.690661 2.938387 0.463626 0.289804 0.286261 -0.004544 -1.566174 -3.155520 -0.362474 -0.469239 -0.014979 -0.003150 -1.769480 -3.506341 -6.199375 -5.841136 -4.041911 -0.581759 -1.787821 -1.439351 -0.228020 -0.483536 -0.400024 -0.546710 1.707626 1.194555 -0.197588 0.295469 -1.226236 -1.197892 -0.003389 -2.231078 -5.133578 -7.871056 -7.901077 -6.376437 -4.110364 -3.170780 -4.523609 -6.034740 -9999.0 -9999.0 -9999.0 -9999.0
-9999.0 -9999.0 -9999.0 -9999.0 -9999.0 -9999.0 -9999.0 -9999.0 -9999.0 -1.635130 -1.767340 -0.333320 0.256483 -0.009003 -0.441790 -1.115580 0.174641 0.335524 3.610023 3.918423 3.543715 2.698854 1.266706 0.133607 -1.179159 -1.969463 -1.009120 -0.024301 0.026259 0.169584 0.057364 -2.143438 -1.740388 -4.532734 -2.742535 -4.134862 -3.272865 -2.286952 -2.304990 -0.016860 -1.288346 -2.237404 -0.853974 0.157820 2.464975 1.737988 1.494534 0.235802 -0.012108 -0.006927 -3.017738 -5.944074 -7.588840 -6.448681 -5.168256 -5.039656 -2.997048 -2.291749 -3.061775 -9999.0 -9999.0 -9999.0 -9999.0
-9999.0 -9999.0 -9999.0 -9999.0 -9999.0 -9999.0 -9999.0 -9999.0 -9999.0 -9999.0 -2.721702 -0.294354 -0.039407 -0.654611 -0.010760 -0.324932 -0.010245 1.424469 4.389793 4.107720 3.668003 2.137594 -0.014912 -0.225055 -1.631777 -0.157013 -0.003794 0.309116 0.012390 -1.694128 -2.046076 -3.379001 -4.293586 -3.633652 -1.279566 -0.016317 -0.026472 -0.009948 -3.261387 -2.442147 -2.842930 -0.017997 0.030514 -0.167662 -0.009646 -0.007320 1.283243 1.833834 2.352476 0.008941 -1.967936 -3.646511 -6.512827 -7.446624 -6.599379 -4.670793 -0.912144 -2.124173 -0.063356 -0.050604 -9999.0 -9999.0 -9999.0
-9999.0 -9999.0 -9999.0 -9999.0 -9999.0 -9999.0 -9999.0 -9999.0 -9999.0 -9999.0 -2.843544 -1.510039 -0.080148 -0.015356 0.639736 0.148626 -0.008358 2.195534 4.864015 4.665152 2.903730 1.011374 -0.020194 -0.674886 -0.144895 0.033208 0.906080 -0.007124 -1.384013 -3.986111 -2.561173 -0.016221 -4.948883 -4.660641 -2.385200 0.007455 -2.137243 -0.248416 -2.362891 -3.110006 -1.819826 -0.004607 -1.017402 -0.593700 -0.005181 -0.341223 -0.014290 -0.010523 2.731748 2.020401 -0.002475 -2.477742 -4.607290 -6.053054 -8.114347 -7.270451 -4.731781 -1.299512 1.364996 1.248009 -9999.0 -9999.0 -9999.0
-9999.0 -9999.0 -9999.0 -9999.0 -9999.0 -9999.0 -9999.0 -9999.0 -0.805234 -2.682299 -3.535119 -0.658049 -1.251731 -0.837954 -0.045747 1.389614 2.458248 3.612623 4.945152 5.016117 4.625182 3.476798 2.556387 0.792860 0.206755 1.563619 0.520197 -0.901601 -2.016828 -3.915870 -5.740340 -2.436016 -2.189526 -4.304228 -1.718820 -1.775886 0.231579 -0.031024 -2.649437 -4.112454 -2.718790 -0.013659 -3.962160 -3.439127 -1.919087 -0.003575 -2.462478 -0.921405 -0.009066 1.634451 -0.000598 -0.815260 -4.586572 -6.388822 -6.817913 -3.954348 -4.113240 -0.008261 0.209668 4.170027 -9999.0 -9999.0 -9999.0
-9999.0 -9999.0 -9999.0 -9999.0 -9999.0 -9999.0 -9999.0 -9999.0 -3.583138 -1.558415 -3.392138 -3.441419 -1.749787 -2.645042 -1.026676 -0.007684 1.480746 2.060699 5.028561 5.561775 6.140899 5.443763 4.194113 2.888742 2.868199 3.003262 0.464180 -0.493067 -5.068190 -3.044214 -4.521421 -3.358992 -1.633923 -3.198246 -0.821928 -0.224101 0.966635 -0.003268 -0.725803 -1.161221 -2.563130 -3.101060 -3.073870 -0.773748 -0.808975 -1.229030 -5.194465 -1.372121 -0.424753 1.366036 1.035344 -0.505944 -4.725723 -4.619317 -1.792778 -2.315484 -2.428337 -0.014496 2.365987 4.947105 5.571335 -9999.0 -9999.0
-9999.0 -9999.0 -9999.0 -9999.0 -9999.0 -9999.0 -9999.0 -9999.0 -2.458552 -1.764456 -1.534565 -4.196229 -0.759462 -3.699158 -1.230830 -0.892030 0.139824 1.921063 4.965800 6.095933 6.026989 6.100264 5.706594 4.474966 4.074001 2.812935 0.035721 -1.335358 -5.574405 -2.046815 -2.929323 -0.010342 -2.452782 -2.061235 -0.009862 0.632417 -0.009421 1.748258 -0.026382 -0.965715 -1.276241 -2.794465 -0.830414 -1.860725 -1.812374 -0.944140 -4.136987 -1.971150 -2.756445 -0.011763 2.535002 -0.002980 -3.314342 -4.676089 -1.473975 -0.008287 0.262871 1.931445 4.544775 5.276665 5.572480 -9999.0 -9999.0
-9999.0 -9999.0 -9999.0 -9999.0 -9999.0 -9999.0 -9999.0 -9999.0 -5.427448 -1.134454 -0.935185 -5.465542 -1.343060 -1.927199 -0.346256 -0.005009 3.537815 4.776885 4.284851 5.248394 5.499397 5.951861 6.004311 5.119260 3.211853 0.718166 -0.040243 -2.096201 -0.106806 -0.851819 -1.195619 -0.561508 -0.006515 -0.003237 -0.296401 0.094705 1.117419 3.666386 0.571250 -0.039498 -0.457362 -0.308559 -0.312525 -1.928572 -1.807076 -2.749608 -1.064192 -2.209261 -1.812865 -1.403696 -0.006916 2.194276 -0.004471 -1.457390 0.001780 0.798237 2.824042 4.592003 5.420894 5.325050 4.371098 2.391671 -9999.0
-9999.0 -9999.0 -9999.0 -9999.0 -9999.0 -9999.0 -9999.0 -9999.0 -5.303520 -0.973680 -2.754394 -1.670286 -0.485673 -0.066648 0.125855 1.683697 2.125772 2.175833 0.634637 2.465112 4.328535 5.446461 5.564915 5.222128 3.044535 0.046972 -1.200183 -0.177941 -0.007786 -0.000893 -0.323880 -0.004390 2.030344 0.353114 0.139822 0.742809 2.151896 5.607581 4.996742 1.566956 0.251770 0.161870 0.284400 -0.017575 -1.308339 -0.016180 -0.561979 -0.039663 -0.696668 -0.005666 0.992499 1.366039 1.748681 0.849757 1.633297 2.047136 2.824786 3.870169 4.635132 4.390393 3.819099 1.795249 -9999.0
-9999.0 -9999.0 -1.471901 -1.072372 -4.027479 -2.148954 -3.441934 -3.060321 -3.491897 -1.874227 -1.525329 -0.505143 -0.058522 -0.000372 1.139163 0.753504 -0.015324 -1.315729 -0.973643 -0.001422 2.329844 5.079103 5.066325 5.696003 3.347756 1.609399 -0.003771 0.134896 2.261080 1.116721 -0.013416 0.527073 3.471977 3.006285 3.490117 4.191368 5.888274 7.840249 6.747162 4.067290 3.507450 3.612711 3.862507 2.153863 0.002225 0.136873 0.919194 1.381374 1.950940 3.024544 3.654851 3.258911 2.505205 1.852352 1.767255 2.950615 2.535272 3.162612 2.948472 3.192173 1.884306 1.000068 -9999.0
-9999.0 -1.056166 -1.152227 -1.395042 -2.002387 -1.111843 -3.498293 -3.574129 -4.549703 -3.705667 -2.664510 -0.946737 -0.003522 0.499580 0.316490 -0.349376 -1.613367 -2.472988 -1.820725 -0.009067 2.111584 3.871611 4.204664 4.577996 4.378816 3.078757 2.611981 2.978908 3.809199 2.714621 2.289869 2.499801 4.252530 5.891822 6.570925 7.814342 9.418064 10.743047 9.615272 7.937217 7.058665 6.960700 6.247304 4.381411 3.094772 3.496369 3.952398 5.518356 5.505543 5.786149 4.263831 3.292625 2.311526 1.412737 1.334794 0.838560 0.453818 0.811656 0.585365 0.442955 0.175128 0.788076 -9999.0
-9999.0 0.167197 -0.027643 -0.036203 0.007000 -0.736478 -2.627839 -4.099840 -4.109784 -4.099574 -3.218014 -1.335094 0.008086 0.384515 -0.074949 -3.770763 -3.388994 -2.837493 -0.512898 -0.011854 0.805886 1.774449 2.761890 2.408408 3.719710 4.583847 5.019846 5.002452 5.313250 5.973817 6.118510 5.878859 6.182866 7.099501 8.550460 10.131117 12.323245 13.378301 12.484622 11.401558 10.699885 9.790436 8.668903 7.656500 7.523181 7.382784 6.817017 6.690730 6.069495 5.257248 3.448338 1.809257 0.594027 1.238664 0.343461 -0.025035 -0.545996 -0.045262 -0.023891 -0.086842 -0.019623 -9999.0 -9999.0
