user2019/resources/simulation/Vinschgau/output-maps/TL0008N0693.asc
ncols         63
nrows         48
xllcorner     598000.000000
yllcorner     5145000.000000
cellsize      1000.000000
NODATA_value  -9999.0
[rows 0 to 28 of 48, columns 0 to 62 of 63]
-9999.0 -9999.0 -9999.0 -9999.0 -9999.0 -9999.0 -9999.0 -9999.0 -9999.0 -9999.0 -9999.0 -9999.0 -9999.0 -9999.0 -9999.0 -9999.0 -9999.0 -9999.0 -9999.0 -9999.0 -9999.0 -9999.0 -9999.0 -9999.0 -9999.0 -9999.0 -9999.0 -9999.0 -9999.0 -9999.0 -9999.0 -9999.0 -9999.0 -9999.0 -9999.0 -9999.0 -9999.0 -9999.0 -9999.0 -9999.0 -9999.0 -9999.0 -9999.0 -9999.0 -9999.0 -9999.0 -9999.0 -9999.0 -9999.0 -9999.0 -9999.0 -9999.0 -9999.0 -9999.0 -9999.0 -9999.0 -9999.0 -9999.0 -9999.0 -9999.0 -9999.0 -9999.0 -9999.0
-9999.0 -9999.0 -9999.0 -9999.0 -9999.0 -9999.0 -9999.0 -9999.0 -9999.0 -9999.0 -9999.0 -9999.0 -9999.0 -9999.0 -9999.0 -9999.0 -9999.0 -9999.0 -9999.0 -9999.0 -9999.0 -9999.0 -9999.0 -9999.0 -9999.0 -9999.0 -9999.0 6.878859 7.455393 7.559780 5.557396 3.851522 4.966520 -9999.0 -9999.0 -9999.0 -9999.0 -9999.0 -9999.0 -9999.0 -9999.0 -9999.0 -9999.0 -9999.0 -9999.0 -9999.0 -9999.0 -9999.0 -9999.0 -9999.0 -9999.0 -9999.0 -9999.0 -9999.0 -9999.0 -9999.0 -9999.0 -9999.0 -9999.0 -9999.0 -9999.0 -9999.0 -9999.0
-9999.0 -9999.0 -9999.0 -9999.0 -9999.0 -9999.0 -9999.0 -9999.0 -9999.0 -9999.0 -9999.0 -9999.0 -9999.0 -9999.0 -9999.0 -9999.0 -9999.0 -9999.0 -9999.0 -9999.0 -9999.0 -9999.0 -9999.0 -9999.0 7.611436 8.573959 9.405790 8.797054 9.109231 8.647227 5.555033 -9999.0 -9999.0 -9999.0 -9999.0 -9999.0 -9999.0 -9999.0 -9999.0 -9999.0 -9999.0 -9999.0 -9999.0 -9999.0 -9999.0 -9999.0 -9999.0 -9999.0 -9999.0 -9999.0 -9999.0 -9999.0 -9999.0 -9999.0 -9999.0 -9999.0 -9999.0 -9999.0 -9999.0 -9999.0 -9999.0 -9999.0 -9999.0
-9999.0 -9999.0 -9999.0 -9999.0 -9999.0 -9999.0 -9999.0 -9999.0 -9999.0 -9999.0 -9999.0 -9999.0 -9999.0 -9999.0 -9999.0 -9999.0 -9999.0 -9999.0 -9999.0 -9999.0 -9999.0 -9999.0 -9999.0 8.133301 9.727458 9.325950 9.450850 9.479595 9.180271 9.150512 7.034368 5.739642 -9999.0 -9999.0 -9999.0 -9999.0 -9999.0 -9999.0 -9999.0 -9999.0 -9999.0 -9999.0 -9999.0 -9999.0 -9999.0 -9999.0 -9999.0 -9999.0 -9999.0 -9999.0 -9999.0 -9999.0 -9999.0 -9999.0 -9999.0 -9999.0 -9999.0 -9999.0 -9999.0 -9999.0 -9999.0 -9999.0 -9999.0
-9999.0 -9999.0 -9999.0 -9999.0 -9999.0 -9999.0 -9999.0 -9999.0 -9999.0 -9999.0 -9999.0 -9999.0 -9999.0 -9999.0 -9999.0 -9999.0 -9999.0 -9999.0 11.006004 8.934708 -9999.0 7.787210 8.891616 8.765420 9.473323 11.441410 10.614176 10.637288 12.481326 9.254706 9.057740 7.028093 6.467240 4.538899 -9999.0 -9999.0 -9999.0 -9999.0 -9999.0 -9999.0 -9999.0 -9999.0 -9999.0 -9999.0 -9999.0 -9999.0 -9999.0 -9999.0 -9999.0 -9999.0 -9999.0 -9999.0 -9999.0 -9999.0 -9999.0 -9999.0 -9999.0 -9999.0 -9999.0 -9999.0 -9999.0 -9999.0 -9999.0
-9999.0 -9999.0 -9999.0 -9999.0 -9999.0 -9999.0 -9999.0 -9999.0 -9999.0 -9999.0 -9999.0 -9999.0 -9999.0 -9999.0 -9999.0 -9999.0 -9999.0 10.215176 8.697104 8.557485 9.499409 7.375329 8.354022 8.916791 13.431887 7.340793 6.348863 7.541051 6.626233 8.886884 10.377648 8.743481 8.950543 7.141898 4.682165 2.443593 -9999.0 -9999.0 -9999.0 -9999.0 -9999.0 -9999.0 -9999.0 -9999.0 -9999.0 -9999.0 -9999.0 -9999.0 -9999.0 -9999.0 -9999.0 -9999.0 -9999.0 -9999.0 -9999.0 -9999.0 -9999.0 -9999.0 -9999.0 -9999.0 -9999.0 -9999.0 -9999.0
-9999.0 -9999.0 -9999.0 -9999.0 -9999.0 -9999.0 -9999.0 -9999.0 -9999.0 -9999.0 -9999.0 -9999.0 -9999.0 6.910274 7.461524 8.104652 10.132949 16.036075 9.855080 9.058422 9.110617 9.557404 10.690223 13.033476 6.838834 7.127810 4.935341 5.745518 6.238083 7.197042 7.736213 7.083549 6.468194 4.516058 3.081029 2.142434 -9999.0 -9999.0 -9999.0 -9999.0 -9999.0 -9999.0 -9999.0 -9999.0 -9999.0 -9999.0 -9999.0 -9999.0 -9999.0 -9999.0 -9999.0 -9999.0 -9999.0 -9999.0 -9999.0 -9999.0 -9999.0 -9999.0 -9999.0 -9999.0 -9999.0 -9999.0 -9999.0
-9999.0 -9999.0 -9999.0 -9999.0 -9999.0 -9999.0 -9999.0 -9999.0 -9999.0 -9999.0 -9999.0 -9999.0 -9999.0 8.153177 8.253723 8.089294 8.489957 12.271688 16.380959 11.336366 10.132968 10.299904 8.683286 7.607374 8.570900 7.344706 7.391840 5.435974 3.914709 4.652785 5.796940 4.208070 1.987502 1.471659 2.066378 -9999.0 -9999.0 -9999.0 -9999.0 -9999.0 -9999.0 -9999.0 -9999.0 -9999.0 -9999.0 -9999.0 -9999.0 -9999.0 -9999.0 -9999.0 -9999.0 -9999.0 -9999.0 -9999.0 -9999.0 -9999.0 -9999.0 -9999.0 -9999.0 -9999.0 -9999.0 -9999.0 -9999.0
-9999.0 -9999.0 -9999.0 -9999.0 -9999.0 -9999.0 -9999.0 -9999.0 -9999.0 -9999.0 -9999.0 -9999.0 -9999.0 7.879619 10.249031 8.629585 7.486915 9.152103 16.443564 10.434431 10.627782 7.955220 6.688272 6.352446 8.193010 7.498828 7.840819 3.056472 6.125914 1.757434 1.785465 0.643924 1.557435 0.300155 1.228025 -9999.0 -9999.0 -9999.0 -9999.0 -9999.0 -9999.0 -9999.0 -9999.0 -9999.0 -9999.0 -9999.0 -9999.0 -9999.0 -9999.0 -9999.0 -9999.0 -9999.0 -9999.0 -9999.0 -9999.0 -9999.0 -9999.0 -9999.0 -9999.0 -9999.0 -9999.0 -9999.0 -9999.0
-9999.0 -9999.0 -9999.0 -9999.0 -9999.0 -9999.0 -9999.0 -9999.0 -9999.0 -9999.0 -9999.0 -9999.0 2.177893 9.989487 7.800124 5.558621 5.829076 7.998967 14.098709 10.009619 8.348263 5.879969 6.348104 5.458464 7.861469 4.582610 6.065032 5.695935 7.823304 1.511579 1.543431 5.290106 5.601468 1.685576 -9999.0 -9999.0 -9999.0 -9999.0 -9999.0 -9999.0 -9999.0 -9999.0 -9999.0 -9999.0 -9999.0 -9999.0 -9999.0 -9999.0 -9999.0 -9999.0 -9999.0 -9999.0 -9999.0 -9999.0 -9999.0 -9999.0 -9999.0 -9999.0 -9999.0 -9999.0 -9999.0 -9999.0 -9999.0
-9999.0 -9999.0 -9999.0 -9999.0 -9999.0 -9999.0 -9999.0 -9999.0 -9999.0 -9999.0 -9999.0 6.377603 2.139150 7.323804 1.977381 5.461078 4.790008 7.209974 14.523565 9.991043 7.268725 8.574268 7.339574 5.543763 6.938410 6.545170 2.408387 6.903339 7.666053 1.441770 4.902783 8.222237 5.895759 4.564220 5.404654 6.953432 8.571861 10.138312 10.065460 -9999.0 -9999.0 -9999.0 5.413255 -9999.0 -9999.0 -9999.0 -9999.0 -9999.0 -9999.0 -9999.0 -9999.0 -9999.0 -9999.0 -9999.0 -9999.0 -9999.0 -9999.0 -9999.0 -9999.0 -9999.0 -9999.0 -9999.0 -9999.0
-9999.0 -9999.0 -9999.0 -9999.0 -9999.0 -9999.0 -9999.0 -9999.0 -9999.0 -9999.0 -9999.0 6.113026 2.031143 2.101692 5.874671 3.478027 6.134280 7.700028 14.346359 12.223964 11.476781 9.600454 7.674053 4.036325 5.423469 6.002083 6.943301 8.126240 6.829537 2.506308 7.200978 8.519010 6.685380 5.066585 5.293186 7.814769 11.091666 13.033002 11.419954 7.730236 7.710088 6.209487 7.779990 6.256090 -9999.0 -9999.0 -9999.0 4.389888 4.032090 4.907680 5.381627 3.671217 3.142020 5.031198 4.788211 2.035035 -9999.0 -9999.0 -9999.0 -9999.0 -9999.0 -9999.0 -9999.0
-9999.0 -9999.0 -9999.0 -9999.0 -9999.0 -9999.0 -9999.0 -9999.0 -9999.0 -9999.0 -9999.0 6.609702 4.844630 1.750654 6.546679 5.942421 2.203992 7.043667 11.651493 13.664832 8.317029 7.634768 6.313742 7.760512 5.071866 7.712881 6.569720 6.070895 3.860486 2.967061 4.656229 5.740521 8.687555 5.145647 6.148991 9.701182 8.318386 9.328794 14.794421 10.599451 11.271242 8.116247 9.241384 8.212552 5.541653 -9999.0 1.777213 4.534687 7.224133 8.725271 9.384064 9.351630 8.562031 7.650460 7.273145 5.897135 -9999.0 -9999.0 -9999.0 -9999.0 -9999.0 -9999.0 -9999.0
-9999.0 -9999.0 -9999.0 -9999.0 -9999.0 -9999.0 -9999.0 -9999.0 -9999.0 -9999.0 -9999.0 -9999.0 5.757373 2.069174 7.491742 6.921060 5.150665 6.918539 12.902798 13.893897 7.869990 8.101403 8.015332 6.908440 4.905465 6.462543 10.683637 6.277018 5.855991 5.677298 7.109967 6.081380 8.315335 6.472087 4.195643 7.765194 6.787233 9.306834 16.190072 12.579891 12.608656 11.867831 7.753770 10.040301 7.304739 5.523366 5.035061 4.934654 5.054887 7.691701 9.205925 6.387404 8.236631 5.664140 4.749530 4.427857 5.151571 -9999.0 -9999.0 -9999.0 -9999.0 -9999.0 -9999.0
-9999.0 -9999.0 -9999.0 -9999.0 -9999.0 -9999.0 -9999.0 -9999.0 -9999.0 -9999.0 -9999.0 4.996940 4.322451 6.278820 2.018633 2.136000 6.795313 6.891443 12.294583 10.500352 8.341068 7.698993 7.645666 6.357640 6.619801 7.837528 6.565121 4.728099 6.893826 7.235902 6.498174 7.429025 9.598024 6.062174 3.508022 7.090670 7.324302 7.801264 10.593479 15.276940 8.361381 9.588919 9.351892 8.337873 10.597475 6.529350 8.019020 8.174172 8.370312 8.631328 4.579584 2.730236 3.387656 1.916830 1.181064 1.775931 4.696918 -9999.0 -9999.0 -9999.0 -9999.0 -9999.0 -9999.0
-9999.0 -9999.0 -9999.0 -9999.0 -9999.0 -9999.0 -9999.0 -9999.0 -9999.0 -9999.0 8.181317 6.003316 8.030127 7.434008 8.385738 7.513714 6.766096 6.383576 9.356364 10.614031 12.833119 11.106177 6.420301 10.958356 8.362924 7.810490 5.502948 4.550495 9.215576 9.811243 8.123867 7.253966 7.595352 5.135911 2.702154 5.921594 9.389391 7.254889 7.948939 10.994772 10.938061 9.719784 12.146877 9.735040 8.256947 8.304837 8.132249 7.769609 8.803767 9.170275 4.837299 1.422999 1.213652 1.471615 1.737583 6.452572 6.827193 -9999.0 -9999.0 -9999.0 -9999.0 -9999.0 -9999.0
-9999.0 -9999.0 -9999.0 -9999.0 -9999.0 -9999.0 -9999.0 -9999.0 -9999.0 5.147383 7.007670 6.061904 7.239372 5.949242 6.584202 6.160436 5.765859 10.533102 9.126083 10.673847 13.372215 8.149744 7.869495 10.066662 8.553053 5.777517 6.058147 9.973695 8.186601 8.831164 9.468866 5.357335 2.303226 1.471163 5.058142 5.527503 6.931819 6.201689 6.153123 7.375072 7.988196 6.705947 6.623614 9.829229 9.175259 8.551207 11.907696 7.735037 7.534363 10.317198 6.686343 4.612326 1.455167 2.033458 2.919826 4.594421 5.735595 6.783333 4.621672 -9999.0 -9999.0 -9999.0 -9999.0
-9999.0 -9999.0 -9999.0 -9999.0 -9999.0 -9999.0 -9999.0 -9999.0 -9999.0 5.672935 5.415702 7.035063 11.236268 7.798263 7.107041 6.413311 9.777222 8.665141 9.782058 15.414180 15.239385 14.804515 11.237539 10.085316 6.055764 6.903426 7.838815 8.864248 10.474962 9.682482 8.971514 5.344934 6.104867 5.032121 6.915560 8.204340 8.280002 8.593076 5.999166 7.868255 6.154657 4.927990 7.637266 9.276965 10.760247 12.092435 11.859476 10.378378 9.445035 9.926465 5.006508 3.272383 1.969473 2.334036 2.530830 3.403597 5.625752 7.101915 8.820237 -9999.0 -9999.0 -9999.0 -9999.0
-9999.0 -9999.0 -9999.0 -9999.0 -9999.0 -9999.0 -9999.0 -9999.0 -9999.0 -9999.0 5.644579 7.457424 6.812896 8.208299 8.311533 7.605801 7.974113 9.669799 10.715029 13.058219 13.351011 8.932552 7.227594 6.760152 7.028572 8.728614 9.840688 11.029828 9.112684 5.386560 5.253615 6.854487 3.185749 4.211284 8.178689 9.526172 9.922293 9.466516 7.544249 1.213777 3.281988 8.734651 9.758179 6.912041 7.684504 7.960307 8.912153 12.158629 12.632698 10.200050 5.915066 6.307881 3.333923 1.841415 2.128244 3.809903 6.325218 9.995640 10.243993 10.212742 -9999.0 -9999.0 -9999.0
-9999.0 -9999.0 -9999.0 -9999.0 -9999.0 -9999.0 -9999.0 -9999.0 -9999.0 -9999.0 5.635215 6.840037 7.366422 7.445143 13.801062 7.973703 7.629237 9.430461 11.466898 13.477713 10.384691 8.534343 7.552845 7.888589 8.283552 10.383096 12.002419 8.327258 6.102711 3.450491 5.368261 7.704538 4.721197 1.853824 4.949036 7.133574 8.335981 7.474511 5.301216 2.318374 6.329496 8.276193 5.765632 5.574400 8.059840 6.566913 7.637554 8.106158 10.429109 12.416618 10.328329 6.523163 5.374733 4.818408 2.533193 4.204203 2.976298 8.001243 11.542397 13.406707 -9999.0 -9999.0 -9999.0
-9999.0 -9999.0 -9999.0 -9999.0 -9999.0 -9999.0 -9999.0 -9999.0 8.657070 7.739915 6.578679 6.909164 6.303768 6.677207 6.936754 10.280423 10.177585 15.461847 13.836579 13.994594 12.043882 10.256548 9.373474 8.338890 9.725666 11.167390 12.366872 6.758786 6.004525 4.494850 1.865611 4.963846 5.856861 4.613863 6.392563 3.670349 8.673485 7.763021 4.033962 5.373740 5.180555 6.879317 3.645866 2.714839 8.512928 9.425895 4.602277 6.888047 8.556573 12.642492 10.779371 7.246924 6.271523 2.766426 5.643511 8.633973 8.152576 11.607182 11.567170 13.126465 -9999.0 -9999.0 -9999.0
-9999.0 -9999.0 -9999.0 -9999.0 -9999.0 -9999.0 -9999.0 -9999.0 5.435358 6.551437 5.029803 4.807044 6.306879 7.061380 6.311862 7.908324 8.911525 9.254547 11.614395 14.353769 17.994961 16.774746 14.459775 13.856915 10.198123 11.486702 9.398658 7.791121 4.835989 5.101712 5.601094 7.152908 6.581779 6.028910 7.190552 7.854715 10.673147 8.532004 6.347125 7.083397 3.868967 1.006363 3.578091 7.542084 10.078803 6.168529 3.843690 6.509689 7.745116 10.415889 12.613805 9.421320 5.682225 7.717290 10.260250 9.087782 9.275892 10.712272 13.561186 16.013425 16.610270 -9999.0 -9999.0
-9999.0 -9999.0 -9999.0 -9999.0 -9999.0 -9999.0 -9999.0 -9999.0 5.204994 8.535706 8.787373 4.595569 8.724748 5.043860 7.580760 6.829534 8.646880 11.070229 12.409289 18.021789 14.801819 17.478330 16.309530 13.545128 16.464497 9.949465 8.505301 6.168188 5.343426 8.040583 7.862616 9.541164 5.608554 5.727686 8.390421 10.777388 6.326961 8.602815 6.044627 5.576263 5.986410 5.114527 6.497577 7.404711 4.939931 6.420902 6.505055 7.231516 5.227879 0.640649 12.879230 11.731563 6.837999 6.278661 10.729397 11.676806 13.016992 13.986799 15.173546 16.108172 16.284108 -9999.0 -9999.0
-9999.0 -9999.0 -9999.0 -9999.0 -9999.0 -9999.0 -9999.0 -9999.0 3.241986 7.651080 8.400219 5.255917 8.964476 7.184447 7.492779 8.902473 11.055733 12.595610 13.429717 12.591157 14.059652 14.496818 17.495940 17.512593 10.633706 8.645069 7.033200 5.748019 10.474299 7.732383 6.884965 7.405743 8.509431 8.521367 6.458539 9.766586 10.782699 9.401077 6.396532 6.514507 6.983959 7.837098 8.206186 9.073735 7.183005 7.452429 8.607628 8.975222 9.362619 8.481605 9.718436 12.756671 12.661450 11.550621 13.294431 13.815706 14.766973 14.781529 15.378082 16.022601 14.401598 11.850887 -9999.0
-9999.0 -9999.0 -9999.0 -9999.0 -9999.0 -9999.0 -9999.0 -9999.0 5.132767 7.375317 7.246311 6.309424 7.798303 8.456110 12.833829 12.103811 12.938357 9.722892 8.543195 9.761294 11.802613 14.173897 14.410162 14.477356 13.786599 8.347428 6.645854 8.233230 9.319596 9.201834 6.483749 8.669406 10.308640 8.915700 7.115484 7.406551 9.104815 10.460142 8.478754 8.744827 7.790956 7.705114 8.648544 8.222100 6.083490 9.776493 8.095927 9.333176 8.852560 11.077406 12.703601 12.093722 13.085776 14.302465 14.713275 15.390497 15.746735 15.753620 15.556407 14.074863 12.572333 1.068674 -9999.0
-9999.0 -9999.0 7.812570 7.858302 5.153490 6.011736 6.258161 5.353739 6.891997 6.550035 6.210331 9.263860 8.692016 10.807616 15.414649 11.636956 8.317749 6.311480 6.847534 8.235778 9.935305 12.228856 14.369796 13.719889 13.213105 9.566264 8.446539 8.343831 9.551969 12.303660 7.440138 7.821439 13.005167 9.059208 10.840509 9.208285 11.913315 11.742314 10.438789 8.492939 10.185294 10.676135 9.498885 10.270662 7.371545 9.048519 10.828870 9.872606 12.392253 13.678856 14.624490 15.942790 15.942100 15.875851 15.412617 18.257925 14.834937 14.363302 13.189354 12.193069 13.096054 1.059080 -9999.0
-9999.0 6.790411 6.786257 6.468075 6.273394 7.048201 5.938481 4.253969 3.518650 5.250676 5.903845 7.251757 10.374111 13.945080 13.753336 6.303669 6.341598 5.248686 7.238859 8.278369 10.130583 11.354437 16.189105 13.244368 16.926958 13.266904 15.715606 15.633880 12.426349 11.639811 11.346661 10.960393 11.443428 14.972374 12.753287 13.671745 14.168941 13.565453 14.301784 13.555478 13.049522 13.070530 12.733860 10.129697 9.686953 10.319347 13.458453 12.513532 14.655943 14.667762 15.110911 15.038103 14.460068 14.374771 14.295147 13.267859 11.585148 11.526423 11.901551 11.741176 8.283440 9.417430 -9999.0
-9999.0 8.992567 8.079446 8.274629 11.648354 7.971070 5.138213 4.607891 6.983429 6.823958 5.722742 7.094148 9.832744 13.843249 6.808940 5.618345 4.566282 5.525328 8.532378 8.593218 11.435369 10.663921 12.360020 13.756285 17.855234 18.745878 13.378487 14.840335 14.507333 12.240182 13.035308 12.344623 13.068165 13.605718 16.549266 15.454923 19.618438 21.243583 16.088052 15.847325 15.578579 15.100668 14.039307 12.921753 13.814913 13.571722 16.025857 16.043201 14.750237 14.878503 13.414735 11.803147 11.499196 12.308643 11.411061 10.015993 9.967254 8.051818 7.917027 7.798717 7.336174 -9999.0 -9999.0
-9999.0 7.379161 7.230969 7.464163 8.648514 11.565414 11.667996 5.811401 6.339324 6.408615 7.482764 8.725518 11.556255 11.973235 6.875377 4.940454 4.381201 5.748615 6.057193 8.095243 7.824068 8.634946 11.159562 17.150039 17.401307 14.028113 14.051607 14.039357 14.142681 14.117537 14.271855 15.055080 14.723718 14.205433 15.073217 15.274141 15.761322 19.549742 16.086385 16.162267 16.125901 19.510550 15.648723 15.838899 15.714648 15.342394 14.437600 13.829709 12.797004 11.524919 10.361169 11.021714 9.593692 11.442295 9.151264 7.395861 7.339239 6.729575 6.406677 -9999.0 -9999.0 -9999.0 -9999.0
