user2019/resources/simulation/Vinschgau/output-maps/TL0005N0581.asc
ncols         63
nrows         48
xllcorner     598000.000000
yllcorner     5145000.000000
cellsize      1000.000000
NODATA_value  -9999.0
[rows 0 to 27 of 48, columns 0 to 61 of 63]
-9999.0 -9999.0 -9999.0 -9999.0 -9999.0 -9999.0 -9999.0 -9999.0 -9999.0 -9999.0 -9999.0 -9999.0 -9999.0 -9999.0 -9999.0 -9999.0 -9999.0 -9999.0 -9999.0 -9999.0 -9999.0 -9999.0 -9999.0 -9999.0 -9999.0 -9999.0 -9999.0 -9999.0 -9999.0 -9999.0 -9999.0 -9999.0 -9999.0 -9999.0 -9999.0 -9999.0 -9999.0 -9999.0 -9999.0 -9999.0 -9999.0 -9999.0 -9999.0 -9999.0 -9999.0 -9999.0 -9999.0 -9999.0 -9999.0 -9999.0 -9999.0 -9999.0 -9999.0 -9999.0 -9999.0 -9999.0 -9999.0 -9999.0 -9999.0 -9999.0 -9999.0 -9999.0
-9999.0 -9999.0 -9999.0 -9999.0 -9999.0 -9999.0 -9999.0 -9999.0 -9999.0 -9999.0 -9999.0 -9999.0 -9999.0 -9999.0 -9999.0 -9999.0 -9999.0 -9999.0 -9999.0 -9999.0 -9999.0 -9999.0 -9999.0 -9999.0 -9999.0 -9999.0 -9999.0 22.188284 18.168596 23.119199 16.717073 15.815990 14.268060 -9999.0 -9999.0 -9999.0 -9999.0 -9999.0 -9999.0 -9999.0 -9999.0 -9999.0 -9999.0 -9999.0 -9999.0 -9999.0 -9999.0 -9999.0 -9999.0 -9999.0 -9999.0 -9999.0 -9999.0 -9999.0 -9999.0 -9999.0 -9999.0 -9999.0 -9999.0 -9999.0 -9999.0 -9999.0
-9999.0 -9999.0 -9999.0 -9999.0 -9999.0 -9999.0 -9999.0 -9999.0 -9999.0 -9999.0 -9999.0 -9999.0 -9999.0 -9999.0 -9999.0 -9999.0 -9999.0 -9999.0 -9999.0 -9999.0 -9999.0 -9999.0 -9999.0 -9999.0 18.313124 18.958671 19.627042 18.967578 19.230932 18.062816 16.700938 -9999.0 -9999.0 -9999.0 -9999.0 -9999.0 -9999.0 -9999.0 -9999.0 -9999.0 -9999.0 -9999.0 -9999.0 -9999.0 -9999.0 -9999.0 -9999.0 -9999.0 -9999.0 -9999.0 -9999.0 -9999.0 -9999.0 -9999.0 -9999.0 -9999.0 -9999.0 -9999.0 -9999.0 -9999.0 -9999.0 -9999.0
-9999.0 -9999.0 -9999.0 -9999.0 -9999.0 -9999.0 -9999.0 -9999.0 -9999.0 -9999.0 -9999.0 -9999.0 -9999.0 -9999.0 -9999.0 -9999.0 -9999.0 -9999.0 -9999.0 -9999.0 -9999.0 -9999.0 -9999.0 18.638106 19.874168 16.971333 17.515655 17.469908 16.267757 19.368044 17.619962 16.489486 -9999.0 -9999.0 -9999.0 -9999.0 -9999.0 -9999.0 -9999.0 -9999.0 -9999.0 -9999.0 -9999.0 -9999.0 -9999.0 -9999.0 -9999.0 -9999.0 -9999.0 -9999.0 -9999.0 -9999.0 -9999.0 -9999.0 -9999.0 -9999.0 -9999.0 -9999.0 -9999.0 -9999.0 -9999.0 -9999.0
-9999.0 -9999.0 -9999.0 -9999.0 -9999.0 -9999.0 -9999.0 -9999.0 -9999.0 -9999.0 -9999.0 -9999.0 -9999.0 -9999.0 -9999.0 -9999.0 -9999.0 -9999.0 20.737739 18.758104 -9999.0 18.450887 19.307430 16.528537 17.126774 18.966891 19.676197 19.519110 18.287955 17.325107 19.172083 17.549455 21.957415 19.813266 -9999.0 -9999.0 -9999.0 -9999.0 -9999.0 -9999.0 -9999.0 -9999.0 -9999.0 -9999.0 -9999.0 -9999.0 -9999.0 -9999.0 -9999.0 -9999.0 -9999.0 -9999.0 -9999.0 -9999.0 -9999.0 -9999.0 -9999.0 -9999.0 -9999.0 -9999.0 -9999.0 -9999.0
-9999.0 -9999.0 -9999.0 -9999.0 -9999.0 -9999.0 -9999.0 -9999.0 -9999.0 -9999.0 -9999.0 -9999.0 -9999.0 -9999.0 -9999.0 -9999.0 -9999.0 16.569787 14.141036 17.973055 24.053085 13.382098 15.488010 16.573710 22.767666 13.034673 11.566801 14.080758 11.763835 14.330266 20.204166 16.733969 17.997719 22.694666 20.495397 14.413664 -9999.0 -9999.0 -9999.0 -9999.0 -9999.0 -9999.0 -9999.0 -9999.0 -9999.0 -9999.0 -9999.0 -9999.0 -9999.0 -9999.0 -9999.0 -9999.0 -9999.0 -9999.0 -9999.0 -9999.0 -9999.0 -9999.0 -9999.0 -9999.0 -9999.0 -9999.0
-9999.0 -9999.0 -9999.0 -9999.0 -9999.0 -9999.0 -9999.0 -9999.0 -9999.0 -9999.0 -9999.0 -9999.0 -9999.0 17.668400 14.266147 13.611919 15.446339 29.176261 16.152728 16.616395 16.589418 18.175135 19.472072 22.172512 12.223860 17.432850 13.489517 1.164485 11.912415 12.933202 12.012012 15.515121 15.279673 13.781778 15.301755 18.253805 -9999.0 -9999.0 -9999.0 -9999.0 -9999.0 -9999.0 -9999.0 -9999.0 -9999.0 -9999.0 -9999.0 -9999.0 -9999.0 -9999.0 -9999.0 -9999.0 -9999.0 -9999.0 -9999.0 -9999.0 -9999.0 -9999.0 -9999.0 -9999.0 -9999.0 -9999.0
-9999.0 -9999.0 -9999.0 -9999.0 -9999.0 -9999.0 -9999.0 -9999.0 -9999.0 -9999.0 -9999.0 -9999.0 -9999.0 18.535844 15.024841 14.041208 13.688639 22.454942 29.871000 19.824319 16.214749 19.032543 13.900644 13.210924 15.623450 14.357285 17.728476 16.654186 19.250215 11.055954 1.084942 14.838457 15.690304 16.640646 14.378208 -9999.0 -9999.0 -9999.0 -9999.0 -9999.0 -9999.0 -9999.0 -9999.0 -9999.0 -9999.0 -9999.0 -9999.0 -9999.0 -9999.0 -9999.0 -9999.0 -9999.0 -9999.0 -9999.0 -9999.0 -9999.0 -9999.0 -9999.0 -9999.0 -9999.0 -9999.0 -9999.0
-9999.0 -9999.0 -9999.0 -9999.0 -9999.0 -9999.0 -9999.0 -9999.0 -9999.0 -9999.0 -9999.0 -9999.0 -9999.0 14.933183 16.883523 15.942814 13.118448 14.397540 29.251880 15.958380 20.662871 16.249242 11.922423 11.685284 15.242303 0.777050 23.048100 19.254990 16.978650 17.757079 13.318506 15.981252 16.415514 13.446108 13.138913 -9999.0 -9999.0 -9999.0 -9999.0 -9999.0 -9999.0 -9999.0 -9999.0 -9999.0 -9999.0 -9999.0 -9999.0 -9999.0 -9999.0 -9999.0 -9999.0 -9999.0 -9999.0 -9999.0 -9999.0 -9999.0 -9999.0 -9999.0 -9999.0 -9999.0 -9999.0 -9999.0
-9999.0 -9999.0 -9999.0 -9999.0 -9999.0 -9999.0 -9999.0 -9999.0 -9999.0 -9999.0 -9999.0 -9999.0 14.378936 16.433863 14.925545 13.282157 10.608079 13.049508 23.009238 18.648842 15.484492 12.050146 0.618385 1.070246 12.289185 15.475171 0.772859 16.484792 16.040086 14.772290 13.390469 20.956843 14.266939 18.689598 -9999.0 -9999.0 -9999.0 -9999.0 -9999.0 -9999.0 -9999.0 -9999.0 -9999.0 -9999.0 -9999.0 -9999.0 -9999.0 -9999.0 -9999.0 -9999.0 -9999.0 -9999.0 -9999.0 -9999.0 -9999.0 -9999.0 -9999.0 -9999.0 -9999.0 -9999.0 -9999.0 -9999.0
-9999.0 -9999.0 -9999.0 -9999.0 -9999.0 -9999.0 -9999.0 -9999.0 -9999.0 -9999.0 -9999.0 16.336057 12.874906 11.748166 12.618075 16.721437 14.444781 12.227105 22.783042 15.030104 12.899265 15.272605 18.228262 16.463292 11.601452 15.553367 14.259053 17.732700 15.441452 17.301452 20.392189 15.843049 16.283560 20.233747 20.720187 21.811902 20.356237 23.806559 23.804183 -9999.0 -9999.0 -9999.0 20.029561 -9999.0 -9999.0 -9999.0 -9999.0 -9999.0 -9999.0 -9999.0 -9999.0 -9999.0 -9999.0 -9999.0 -9999.0 -9999.0 -9999.0 -9999.0 -9999.0 -9999.0 -9999.0 -9999.0
-9999.0 -9999.0 -9999.0 -9999.0 -9999.0 -9999.0 -9999.0 -9999.0 -9999.0 -9999.0 -9999.0 14.973403 12.398085 11.820797 13.122472 15.147406 14.135958 14.177255 22.677591 20.414741 21.579737 19.905914 18.244876 0.813794 9.602330 17.039023 17.520341 17.122395 17.108463 18.947762 17.237160 16.450148 17.094302 16.166263 15.772234 18.753405 24.986653 25.950395 24.288539 22.902185 21.533058 19.513046 17.895681 21.415399 -9999.0 -9999.0 -9999.0 14.866804 15.995879 20.496369 17.156851 21.156412 20.637526 16.221526 14.537531 20.218551 -9999.0 -9999.0 -9999.0 -9999.0 -9999.0 -9999.0
-9999.0 -9999.0 -9999.0 -9999.0 -9999.0 -9999.0 -9999.0 -9999.0 -9999.0 -9999.0 -9999.0 15.518880 15.709318 9.814328 16.980133 16.918458 10.466179 10.789471 20.371315 21.201949 12.117156 12.881442 10.756597 18.549319 16.237583 21.813451 0.527174 10.509402 20.205140 15.895619 19.503895 10.051534 19.116152 15.970678 20.990770 22.502096 15.539301 16.027922 27.316924 24.721464 24.323726 19.760265 19.769673 18.649063 16.488247 -9999.0 18.594710 15.863942 17.733096 18.038229 19.407846 19.021839 19.129021 18.634775 16.901746 17.557357 -9999.0 -9999.0 -9999.0 -9999.0 -9999.0 -9999.0
-9999.0 -9999.0 -9999.0 -9999.0 -9999.0 -9999.0 -9999.0 -9999.0 -9999.0 -9999.0 -9999.0 -9999.0 14.757865 9.262236 18.162075 17.748923 8.830339 10.754100 22.525321 21.380967 12.296222 13.500204 12.867524 11.482125 0.588497 0.926755 18.162854 16.898103 16.472190 21.131078 17.506743 0.653772 19.327971 17.249061 15.558572 20.058288 13.513585 15.523695 30.125505 23.163691 26.587393 26.117871 12.932299 20.245488 22.440415 16.621688 20.921438 16.574474 0.830527 12.522396 13.956271 11.375829 12.822494 0.817383 9.975509 15.283812 17.768244 -9999.0 -9999.0 -9999.0 -9999.0 -9999.0
-9999.0 -9999.0 -9999.0 -9999.0 -9999.0 -9999.0 -9999.0 -9999.0 -9999.0 -9999.0 -9999.0 1.834070 15.603985 16.593974 10.294483 10.355796 11.755477 10.831196 22.402607 14.177955 12.890138 11.916695 12.368208 1.218072 1.039928 12.552585 11.372488 15.783985 17.313039 22.574208 0.805567 12.048301 20.095275 16.715089 14.272761 18.181619 20.034229 14.299100 15.979503 27.958958 14.795868 16.241198 14.501336 15.733564 20.491020 17.241590 16.450541 23.557752 23.064234 14.142912 10.952003 16.305720 9.083474 0.422681 9.244571 18.117948 17.508951 -9999.0 -9999.0 -9999.0 -9999.0 -9999.0
-9999.0 -9999.0 -9999.0 -9999.0 -9999.0 -9999.0 -9999.0 -9999.0 -9999.0 -9999.0 16.086660 9.559173 18.246168 17.749371 18.705801 11.839683 11.167258 10.164423 13.598379 14.549045 21.446841 19.207265 10.740231 20.792258 13.784407 12.108017 0.527921 9.861624 19.353032 19.781246 12.626331 11.811836 17.893726 15.686743 18.013551 19.943668 22.177427 14.114659 12.374210 17.653181 17.390608 15.617102 24.979680 13.264767 13.269694 23.265452 18.636368 12.983904 13.450015 13.836209 12.119457 18.801283 8.895695 17.912722 18.573738 16.753872 16.811405 -9999.0 -9999.0 -9999.0 -9999.0 -9999.0
-9999.0 -9999.0 -9999.0 -9999.0 -9999.0 -9999.0 -9999.0 -9999.0 -9999.0 14.991008 15.343491 0.671645 11.687972 10.544556 0.691126 0.696856 9.349660 20.319637 13.804040 15.163882 22.083908 12.899152 12.532820 15.353720 13.250938 9.832230 10.058929 19.926905 13.564696 14.072585 14.196857 1.380121 18.810520 17.899292 19.953529 19.983089 17.112668 10.891580 0.626805 12.410389 11.852757 10.455255 10.339193 13.959603 13.361218 13.796020 21.837607 13.195215 13.161752 14.776622 1.236744 16.950548 15.743123 19.608244 20.195474 10.477006 11.189855 23.948946 23.150926 -9999.0 -9999.0 -9999.0
-9999.0 -9999.0 -9999.0 -9999.0 -9999.0 -9999.0 -9999.0 -9999.0 -9999.0 15.021983 14.614601 15.134617 18.233881 13.025583 11.781580 10.696427 20.013623 13.926765 14.728722 24.607392 24.334922 25.070390 19.423563 18.890528 9.866343 0.896240 12.646789 14.025056 15.155243 17.273500 16.381669 1.601333 15.143403 16.150643 17.227123 22.252765 22.412742 23.373531 16.330612 18.071898 10.725792 0.659687 13.123535 14.015132 13.959019 16.985324 16.770841 16.051445 15.046178 14.502478 9.544167 8.517033 20.246244 14.813038 16.064913 0.533265 1.203118 0.795031 25.097541 -9999.0 -9999.0 -9999.0
-9999.0 -9999.0 -9999.0 -9999.0 -9999.0 -9999.0 -9999.0 -9999.0 -9999.0 -9999.0 15.803836 15.701162 11.506510 11.328177 13.822139 12.773140 13.260993 15.082922 15.777238 18.619432 22.527596 13.979174 11.787143 10.684931 0.801595 13.886388 15.155728 15.650377 16.460727 1.014839 1.224551 10.804094 0.671800 15.283184 17.819156 18.645078 20.021810 19.613774 21.907883 15.908730 13.820177 18.887736 16.837169 11.988114 11.682038 12.096444 13.242660 19.856463 17.609665 15.537230 11.150269 12.603021 21.765830 20.841231 15.419206 15.452268 16.336650 14.984219 15.695837 16.003612 -9999.0 -9999.0
-9999.0 -9999.0 -9999.0 -9999.0 -9999.0 -9999.0 -9999.0 -9999.0 -9999.0 -9999.0 14.602548 15.337671 17.044040 12.117606 20.725620 12.367891 12.104530 14.171281 17.303040 19.197824 15.568990 13.682815 12.140872 13.372355 13.861017 15.650778 16.378809 12.051459 9.574697 0.645596 15.814282 15.878007 0.574140 15.213527 15.734998 15.149792 12.524188 12.608634 9.627041 15.559987 17.118826 17.530509 0.461785 16.798680 18.071587 11.023024 12.606384 12.444847 14.914174 17.498798 15.418899 0.432228 10.666186 17.875199 21.414085 22.142204 16.181173 14.033041 15.852309 17.973908 -9999.0 -9999.0
-9999.0 -9999.0 -9999.0 -9999.0 -9999.0 -9999.0 -9999.0 -9999.0 18.785733 18.121875 16.965744 15.347583 0.697750 0.787230 10.727187 13.751167 14.800989 24.844332 19.739694 19.697045 17.420511 16.335303 15.415182 13.895022 15.821189 14.659983 20.202908 10.502258 0.882219 0.734224 17.420358 14.297155 16.654166 15.993331 14.949031 14.004009 18.663134 12.605819 7.852141 21.160678 19.414093 15.176751 9.886458 18.055964 22.976009 17.077768 2.318313 11.920222 13.060833 16.810611 15.913526 13.027156 11.610535 1.406677 22.860862 20.078781 24.635774 21.913614 17.302902 17.373553 -9999.0 -9999.0
-9999.0 -9999.0 -9999.0 -9999.0 -9999.0 -9999.0 -9999.0 -9999.0 0.529286 0.761190 0.983278 15.466937 16.311719 0.939832 10.667760 12.289594 13.559820 14.153782 17.267114 20.358806 30.483665 28.985200 25.930936 25.428043 16.161298 15.323296 12.928345 12.445183 10.657237 17.422523 16.766210 22.218490 15.795132 21.227787 15.824262 18.269194 18.168622 13.023936 0.953112 17.574975 15.633292 13.956772 19.298415 18.203154 17.723724 10.358757 10.390685 17.432308 13.248140 15.023777 17.945488 15.125226 0.817266 19.704443 21.539207 15.908154 15.735931 16.816902 19.128522 20.895595 22.285720 -9999.0
-9999.0 -9999.0 -9999.0 -9999.0 -9999.0 -9999.0 -9999.0 -9999.0 15.745913 16.689923 17.297581 8.449177 16.949722 0.720324 0.630474 11.410231 13.167069 17.333253 17.716512 28.481512 21.234344 29.395957 29.366923 20.865698 26.643952 14.945929 12.830745 9.727866 0.560137 18.503194 22.219550 17.265390 9.727369 10.334429 17.763805 18.189470 1.978375 12.626343 2.282946 10.102734 15.361489 20.620529 17.271256 15.770003 9.454010 17.295079 22.782679 18.638815 10.526326 13.768883 16.644004 17.065070 12.549801 12.320804 17.182674 17.337223 18.783042 19.499925 20.880398 20.875866 21.339689 -9999.0
-9999.0 -9999.0 -9999.0 -9999.0 -9999.0 -9999.0 -9999.0 -9999.0 17.471466 17.939278 12.851625 2.723753 17.454771 12.233145 11.953283 13.434385 16.090693 18.065716 21.088933 17.845204 20.309023 21.228225 29.055658 28.068309 16.303331 13.555088 11.641235 0.793522 20.183961 12.728126 0.460389 12.045160 13.424807 13.075793 0.695873 18.982087 19.938775 13.200432 0.761787 10.452736 17.304481 18.064638 18.221777 23.630935 18.197541 23.100626 19.505704 24.418993 19.423546 14.503617 14.750360 17.709600 18.163492 17.497414 19.406241 19.883397 20.304620 18.540749 19.560092 21.219125 19.434508 16.124837
-9999.0 -9999.0 -9999.0 -9999.0 -9999.0 -9999.0 -9999.0 -9999.0 15.808659 17.677964 0.574176 11.088496 12.114455 12.972742 21.496418 17.481800 20.052552 14.528768 13.185867 14.874644 17.289475 20.718422 21.014295 21.021835 24.803923 13.471353 11.077356 13.915673 14.845036 14.023142 11.055494 13.806766 14.897897 13.633109 0.641919 0.701210 14.310876 14.283142 13.547897 13.373475 12.953710 1.269839 13.377485 13.586303 10.867247 20.047987 13.653611 14.408995 14.628535 16.872470 18.816265 17.978473 18.514990 20.852485 20.585550 20.613632 21.232186 21.087425 20.672500 19.536093 17.025778 15.220712
-9999.0 -9999.0 18.886063 18.807973 9.887633 10.666039 11.661746 10.073032 17.767897 17.374352 0.738933 12.846647 12.974707 16.210163 23.450575 15.631986 12.931926 10.919525 12.493699 13.083776 15.364759 18.403429 20.203721 19.394496 19.516762 15.434035 13.619271 13.378869 14.567115 21.111360 11.910736 12.233498 19.303078 13.176506 15.780946 13.371806 16.855199 15.625774 14.366261 12.761118 15.329003 15.204166 13.331629 15.298448 11.788321 14.500546 15.979060 14.251354 17.858276 19.518864 21.222400 21.920359 21.369196 21.414760 21.280401 27.798328 19.788149 19.622938 18.617080 16.654570 21.001373 14.235716
-9999.0 12.394170 12.327914 12.161493 10.819624 11.946204 11.354020 3.053026 8.392387 16.708583 1.092453 11.771616 14.036435 21.730269 21.086192 12.341338 12.165066 0.655640 12.424180 13.262434 16.059738 16.984487 24.527111 18.561895 28.496093 19.912799 26.562962 26.541968 18.455475 17.239321 17.729678 16.546385 15.868655 21.924112 17.947521 18.735290 19.367503 17.517183 18.981844 18.085230 17.835787 17.822559 17.003477 14.396081 14.013545 14.846788 18.167623 17.441917 20.672918 19.746485 20.546108 20.198119 19.502412 19.594367 19.541473 18.619951 16.332611 16.198622 16.918020 19.991355 13.878431 13.836067
-9999.0 18.888227 13.142791 13.511966 19.695062 12.660545 9.210101 8.816496 18.156833 18.328078 11.296278 12.003395 14.514946 21.364048 13.068530 10.146119 1.351796 0.493734 13.651018 12.923834 20.137143 16.002918 17.518996 19.804700 28.039114 30.221775 19.218297 21.315531 19.861343 18.451525 18.865514 17.990772 17.696840 18.370804 24.619348 19.961047 28.924961 29.403682 21.016274 21.144058 20.515553 19.809366 18.494563 18.016033 18.980564 19.440384 21.136671 20.992622 19.574119 19.709529 18.499095 16.596037 16.498016 17.083698 16.507336 14.975811 15.041307 14.070687 13.763653 12.889495 12.766084 -9999.0
