user2019/resources/simulation/Vinschgau/output-maps/TL0006N0836.asc
ncols         63
nrows         48
xllcorner     598000.000000
yllcorner     5145000.000000
cellsize      1000.000000
NODATA_value  -9999.0
[rows 0 to 27 of 48, columns 0 to 62 of 63]
-9999.0 -9999.0 -9999.0 -9999.0 -9999.0 -9999.0 -9999.0 -9999.0 -9999.0 -9999.0 -9999.0 -9999.0 -9999.0 -9999.0 -9999.0 -9999.0 -9999.0 -9999.0 -9999.0 -9999.0 -9999.0 -9999.0 -9999.0 -9999.0 -9999.0 -9999.0 -9999.0 -9999.0 -9999.0 -9999.0 -9999.0 -9999.0 -9999.0 -9999.0 -9999.0 -9999.0 -9999.0 -9999.0 -9999.0 -9999.0 -9999.0 -9999.0 -9999.0 -9999.0 -9999.0 -9999.0 -9999.0 -9999.0 -9999.0 -9999.0 -9999.0 -9999.0 -9999.0 -9999.0 -9999.0 -9999.0 -9999.0 -9999.0 -9999.0 -9999.0 -9999.0 -9999.0 -9999.0
-9999.0 -9999.0 -9999.0 -9999.0 -9999.0 -9999.0 -9999.0 -9999.0 -9999.0 -9999.0 -9999.0 -9999.0 -9999.0 -9999.0 -9999.0 -9999.0 -9999.0 -9999.0 -9999.0 -9999.0 -9999.0 -9999.0 -9999.0 -9999.0 -9999.0 -9999.0 -9999.0 -5.899554 -4.263769 -5.059015 -5.147170 -5.901376 -6.172983 -9999.0 -9999.0 -9999.0 -9999.0 -9999.0 -9999.0 -9999.0 -9999.0 -9999.0 -9999.0 -9999.0 -9999.0 -9999.0 -9999.0 -9999.0 -9999.0 -9999.0 -9999.0 -9999.0 -9999.0 -9999.0 -9999.0 -9999.0 -9999.0 -9999.0 -9999.0 -9999.0 -9999.0 -9999.0 -9999.0
-9999.0 -9999.0 -9999.0 -9999.0 -9999.0 -9999.0 -9999.0 -9999.0 -9999.0 -9999.0 -9999.0 -9999.0 -9999.0 -9999.0 -9999.0 -9999.0 -9999.0 -9999.0 -9999.0 -9999.0 -9999.0 -9999.0 -9999.0 -9999.0 -2.335522 -2.213045 -1.920646 -2.310005 -4.127320 -4.726701 -5.393878 -9999.0 -9999.0 -9999.0 -9999.0 -9999.0 -9999.0 -9999.0 -9999.0 -9999.0 -9999.0 -9999.0 -9999.0 -9999.0 -9999.0 -9999.0 -9999.0 -9999.0 -9999.0 -9999.0 -9999.0 -9999.0 -9999.0 -9999.0 -9999.0 -9999.0 -9999.0 -9999.0 -9999.0 -9999.0 -9999.0 -9999.0 -9999.0
-9999.0 -9999.0 -9999.0 -9999.0 -9999.0 -9999.0 -9999.0 -9999.0 -9999.0 -9999.0 -9999.0 -9999.0 -9999.0 -9999.0 -9999.0 -9999.0 -9999.0 -9999.0 -9999.0 -9999.0 -9999.0 -9999.0 -9999.0 -2.157889 -0.927582 0.023723 0.358945 0.617360 -0.002726 -2.077801 -5.280756 -5.949260 -9999.0 -9999.0 -9999.0 -9999.0 -9999.0 -9999.0 -9999.0 -9999.0 -9999.0 -9999.0 -9999.0 -9999.0 -9999.0 -9999.0 -9999.0 -9999.0 -9999.0 -9999.0 -9999.0 -9999.0 -9999.0 -9999.0 -9999.0 -9999.0 -9999.0 -9999.0 -9999.0 -9999.0 -9999.0 -9999.0 -9999.0
-9999.0 -9999.0 -9999.0 -9999.0 -9999.0 -9999.0 -9999.0 -9999.0 -9999.0 -9999.0 -9999.0 -9999.0 -9999.0 -9999.0 -9999.0 -9999.0 -9999.0 -9999.0 0.013481 -1.075031 -9999.0 -1.937669 -0.955054 -0.004528 0.036284 0.868886 0.004568 0.004046 0.012604 -0.002863 -2.578065 -4.990166 -6.963823 -9.355159 -9999.0 -9999.0 -9999.0 -9999.0 -9999.0 -9999.0 -9999.0 -9999.0 -9999.0 -9999.0 -9999.0 -9999.0 -9999.0 -9999.0 -9999.0 -9999.0 -9999.0 -9999.0 -9999.0 -9999.0 -9999.0 -9999.0 -9999.0 -9999.0 -9999.0 -9999.0 -9999.0 -9999.0 -9999.0
-9999.0 -9999.0 -9999.0 -9999.0 -9999.0 -9999.0 -9999.0 -9999.0 -9999.0 -9999.0 -9999.0 -9999.0 -9999.0 -9999.0 -9999.0 -9999.0 -9999.0 3.945172 2.105459 0.956101 -2.860441 -0.002068 -0.002820 -0.002224 0.014017 -0.002263 -0.002905 -0.002860 -0.002477 -0.000979 -1.556849 -4.901361 -5.103583 -5.755843 -7.720214 -8.987345 -9999.0 -9999.0 -9999.0 -9999.0 -9999.0 -9999.0 -9999.0 -9999.0 -9999.0 -9999.0 -9999.0 -9999.0 -9999.0 -9999.0 -9999.0 -9999.0 -9999.0 -9999.0 -9999.0 -9999.0 -9999.0 -9999.0 -9999.0 -9999.0 -9999.0 -9999.0 -9999.0
-9999.0 -9999.0 -9999.0 -9999.0 -9999.0 -9999.0 -9999.0 -9999.0 -9999.0 -9999.0 -9999.0 -9999.0 -9999.0 -0.811327 -0.001951 1.738070 3.447799 2.901157 3.518064 0.008870 0.005549 -0.000902 0.072139 0.004613 -0.001725 -0.934258 -2.222193 -1.020019 -0.814255 -0.002493 -1.450865 -3.251758 -5.434827 -6.155215 -6.671501 -9.297463 -9999.0 -9999.0 -9999.0 -9999.0 -9999.0 -9999.0 -9999.0 -9999.0 -9999.0 -9999.0 -9999.0 -9999.0 -9999.0 -9999.0 -9999.0 -9999.0 -9999.0 -9999.0 -9999.0 -9999.0 -9999.0 -9999.0 -9999.0 -9999.0 -9999.0 -9999.0 -9999.0
-9999.0 -9999.0 -9999.0 -9999.0 -9999.0 -9999.0 -9999.0 -9999.0 -9999.0 -9999.0 -9999.0 -9999.0 -9999.0 -0.003086 0.880007 2.455924 2.736087 2.330170 2.935267 1.227084 2.479832 0.300976 0.843866 -0.001959 -0.001925 -0.002364 -4.226534 -5.364779 -6.484729 -1.447893 -1.102481 -4.855445 -6.827224 -9.948644 -8.116927 -9999.0 -9999.0 -9999.0 -9999.0 -9999.0 -9999.0 -9999.0 -9999.0 -9999.0 -9999.0 -9999.0 -9999.0 -9999.0 -9999.0 -9999.0 -9999.0 -9999.0 -9999.0 -9999.0 -9999.0 -9999.0 -9999.0 -9999.0 -9999.0 -9999.0 -9999.0 -9999.0 -9999.0
-9999.0 -9999.0 -9999.0 -9999.0 -9999.0 -9999.0 -9999.0 -9999.0 -9999.0 -9999.0 -9999.0 -9999.0 -9999.0 0.424995 0.269101 1.576934 2.049350 3.031331 3.187646 3.417638 0.472727 -0.066375 -0.002152 -0.002468 -0.001761 -0.002266 -4.226100 -6.760280 -5.940524 -8.857493 -5.462059 -10.472791 -10.925628 -11.943183 -9.679597 -9999.0 -9999.0 -9999.0 -9999.0 -9999.0 -9999.0 -9999.0 -9999.0 -9999.0 -9999.0 -9999.0 -9999.0 -9999.0 -9999.0 -9999.0 -9999.0 -9999.0 -9999.0 -9999.0 -9999.0 -9999.0 -9999.0 -9999.0 -9999.0 -9999.0 -9999.0 -9999.0 -9999.0
-9999.0 -9999.0 -9999.0 -9999.0 -9999.0 -9999.0 -9999.0 -9999.0 -9999.0 -9999.0 -9999.0 -9999.0 -0.002891 0.011730 1.020665 -0.001242 0.479560 2.341640 2.848149 2.043970 0.002168 -0.002916 -0.105858 -0.003576 -0.864396 -4.327268 -2.832210 -5.544120 -5.392673 -7.045253 -10.436673 -7.275334 -6.226806 -10.206820 -9999.0 -9999.0 -9999.0 -9999.0 -9999.0 -9999.0 -9999.0 -9999.0 -9999.0 -9999.0 -9999.0 -9999.0 -9999.0 -9999.0 -9999.0 -9999.0 -9999.0 -9999.0 -9999.0 -9999.0 -9999.0 -9999.0 -9999.0 -9999.0 -9999.0 -9999.0 -9999.0 -9999.0 -9999.0
-9999.0 -9999.0 -9999.0 -9999.0 -9999.0 -9999.0 -9999.0 -9999.0 -9999.0 -9999.0 -9999.0 -0.729998 0.264508 0.428424 0.283330 -0.001205 0.685179 2.236652 2.874419 1.410455 0.801335 0.002887 -1.697137 -3.714991 -1.017089 -3.686217 -5.897439 -4.564126 -3.227711 -8.814705 -7.507001 -5.315705 -6.721195 -8.475946 -7.646938 -6.472078 -5.713028 -4.718815 -4.462134 -9999.0 -9999.0 -9999.0 -8.598446 -9999.0 -9999.0 -9999.0 -9999.0 -9999.0 -9999.0 -9999.0 -9999.0 -9999.0 -9999.0 -9999.0 -9999.0 -9999.0 -9999.0 -9999.0 -9999.0 -9999.0 -9999.0 -9999.0 -9999.0
-9999.0 -9999.0 -9999.0 -9999.0 -9999.0 -9999.0 -9999.0 -9999.0 -9999.0 -9999.0 -9999.0 -0.860770 0.636297 1.716376 1.691571 -0.764408 2.855821 2.940652 3.019169 1.942737 0.505617 -0.000674 -1.675565 -1.825689 -2.215836 -4.482702 -4.849440 -3.715756 -5.276368 -8.433194 -4.670952 -4.358459 -5.953250 -6.835121 -7.638436 -4.705217 -2.518313 -2.174479 -4.386917 -8.104797 -8.066522 -8.572745 -4.930572 -6.984401 -9999.0 -9999.0 -9999.0 -5.459367 -7.849734 -7.490589 -6.739852 -8.584283 -8.825825 -5.064478 -4.777801 -9.410289 -9999.0 -9999.0 -9999.0 -9999.0 -9999.0 -9999.0 -9999.0
-9999.0 -9999.0 -9999.0 -9999.0 -9999.0 -9999.0 -9999.0 -9999.0 -9999.0 -9999.0 -9999.0 -1.978347 -0.895474 -0.241331 -0.001596 -0.000884 -0.001148 2.393334 2.274563 2.007291 1.242984 -0.001777 -0.654180 -2.317845 -4.520706 -5.706465 -1.303599 -3.281454 -6.007946 -7.260439 -6.439029 -4.369667 -3.463745 -6.460506 -6.982228 -3.576222 -3.376730 -2.928008 -1.475296 -6.326330 -4.172827 -5.812174 -3.590250 -4.397739 -6.552416 -9999.0 -10.019420 -6.522960 -4.946218 -3.855147 -3.582693 -4.481653 -4.446093 -5.115382 -5.358707 -6.298301 -9999.0 -9999.0 -9999.0 -9999.0 -9999.0 -9999.0 -9999.0
-9999.0 -9999.0 -9999.0 -9999.0 -9999.0 -9999.0 -9999.0 -9999.0 -9999.0 -9999.0 -9999.0 -9999.0 -0.755122 -0.225859 -0.006536 -0.004635 -0.002329 1.660230 2.512582 2.028751 1.016073 -0.001893 -0.406772 -0.887880 -2.512251 -1.387127 -2.050448 -3.863666 -5.238867 -6.889417 -4.843014 -4.045999 -3.469467 -5.503489 -6.077006 -4.294912 -1.373591 -1.716698 -0.027990 -3.301128 -1.959091 -4.238678 -3.541631 -1.801774 -6.499335 -6.840805 -7.987709 -6.384837 -3.566753 -0.981152 -0.004066 -3.811928 -2.496285 -2.756081 -5.227545 -5.077799 -6.096381 -9999.0 -9999.0 -9999.0 -9999.0 -9999.0 -9999.0
-9999.0 -9999.0 -9999.0 -9999.0 -9999.0 -9999.0 -9999.0 -9999.0 -9999.0 -9999.0 -9999.0 -0.571914 -2.172402 -1.395163 -0.234373 -0.002333 -0.001323 0.953385 1.977676 2.998422 1.280278 -0.001895 -0.004375 -1.446708 -1.222512 -0.377355 -0.521626 -5.444113 -5.670937 -5.347918 -1.369630 -2.676397 -3.828721 -5.342439 -7.609978 -4.724205 -4.534518 -0.874494 -0.006408 -1.052451 -0.893091 -0.012285 -0.848520 -1.016723 -1.417321 -5.248245 -4.608278 -5.206400 -4.276863 -0.332380 -4.391313 -5.169683 -5.915094 -7.595368 -8.761691 -9.316669 -7.099379 -9999.0 -9999.0 -9999.0 -9999.0 -9999.0 -9999.0
-9999.0 -9999.0 -9999.0 -9999.0 -9999.0 -9999.0 -9999.0 -9999.0 -9999.0 -9999.0 -1.262964 -0.304766 -1.606608 -1.367097 -0.009399 -0.017568 -0.508463 -0.002553 2.429739 2.658688 0.603677 0.025189 -0.754112 -0.721845 -0.001998 -0.884177 -2.709645 -5.326903 -3.459666 -1.916876 -1.719122 -1.721638 -2.025792 -5.348804 -9.469454 -6.411154 -3.198145 -1.627493 -0.047450 -0.001599 -0.001505 0.024414 0.267734 0.231942 -0.003103 -5.143807 -3.957733 -1.379898 -1.687843 -0.001784 -5.349776 -7.643939 -9.265501 -10.176702 -10.149474 -5.407976 -5.278211 -9999.0 -9999.0 -9999.0 -9999.0 -9999.0 -9999.0
-9999.0 -9999.0 -9999.0 -9999.0 -9999.0 -9999.0 -9999.0 -9999.0 -9999.0 -4.285461 -1.067238 -1.362578 -0.673470 -0.530588 -0.396155 -0.151468 -0.003759 -0.001199 2.157611 3.085294 0.932186 -0.004003 -0.001647 -0.002224 -0.001094 -1.680049 -2.867500 -1.888594 -0.564042 -0.002276 -0.001341 -1.879298 -6.113522 -8.961522 -8.326131 -6.530559 -4.751086 -2.693959 -1.232930 -0.198287 -0.107293 -0.004030 -0.594075 0.894138 0.259430 -0.002791 -0.015785 -1.119712 -1.100111 0.000221 -2.981013 -7.129370 -11.191955 -10.268852 -8.359255 -6.861272 -5.171612 -6.656101 -7.976169 -9999.0 -9999.0 -9999.0 -9999.0
-9999.0 -9999.0 -9999.0 -9999.0 -9999.0 -9999.0 -9999.0 -9999.0 -9999.0 -5.881456 -4.833938 -1.899345 -0.004379 -0.001933 -0.004455 -0.548122 -0.007398 -0.001424 2.724441 1.893611 1.531761 0.612675 0.026059 -0.001359 -1.289506 -1.533065 -0.019123 -0.001885 -0.001230 -0.001666 -0.359284 -2.260995 -4.280708 -6.388618 -5.142863 -6.523395 -5.977293 -4.657695 -4.492699 -1.539211 -0.598191 -2.462022 -0.010048 -0.000996 1.553549 0.656308 0.320614 -0.001976 -0.001902 -0.001306 -3.124842 -6.410358 -9.708475 -8.561324 -7.341940 -7.002416 -5.783697 -4.341030 -5.589616 -9999.0 -9999.0 -9999.0 -9999.0
-9999.0 -9999.0 -9999.0 -9999.0 -9999.0 -9999.0 -9999.0 -9999.0 -9999.0 -9999.0 -5.060574 -2.598961 -0.011302 -0.369622 -0.001724 -0.003233 -0.001974 0.147052 3.467685 2.710053 1.562305 1.305364 -0.001703 -0.001486 -1.280248 -0.002009 -0.001374 -0.000055 -0.046104 -1.796621 -2.162629 -2.216119 -4.759086 -5.794175 -3.979116 -3.863788 -1.761205 -0.933083 -5.943180 -4.744680 -5.173431 -1.733697 -0.867241 -0.001818 -0.001102 -0.001949 0.366811 0.239296 0.976405 -0.001689 -2.076215 -3.576537 -8.464544 -9.434265 -8.683027 -6.540752 -5.044463 -1.504821 -1.798625 -0.001873 -9999.0 -9999.0 -9999.0
-9999.0 -9999.0 -9999.0 -9999.0 -9999.0 -9999.0 -9999.0 -9999.0 -9999.0 -9999.0 -5.356484 -3.931501 -1.935011 -0.087531 0.032235 -0.003137 -0.002775 1.409803 3.924039 3.533608 2.506207 0.184311 -0.002275 -0.006847 -0.002134 -0.001080 0.365061 -0.002293 -1.495786 -4.422365 -4.789183 -4.075822 -4.739756 -6.595607 -4.653993 -1.781333 -1.518309 -0.362504 -2.951111 -5.627006 -4.421310 -3.794842 -3.310874 -2.434561 -0.927086 -0.441572 -0.001742 -0.001120 1.596430 0.709870 -0.003260 -2.908699 -5.030739 -7.961555 -10.089621 -9.257828 -6.578881 -1.122303 0.641410 0.481567 -9999.0 -9999.0 -9999.0
-9999.0 -9999.0 -9999.0 -9999.0 -9999.0 -9999.0 -9999.0 -9999.0 -2.260942 -4.838769 -5.916949 -2.634643 -3.242285 -3.045287 -0.081352 0.838750 1.687178 1.509901 3.427209 4.093854 4.301026 2.751786 1.654282 -0.004103 -0.001973 1.331685 0.008449 -0.949664 -2.168430 -4.419834 -9.200498 -4.763253 -4.660578 -6.276657 -4.376697 -4.318889 -0.601530 -0.229096 -2.769853 -6.558318 -5.250680 -1.760562 -4.389879 -6.125471 -4.085156 -1.821016 -2.577723 -0.464048 -0.001180 1.029338 -0.002469 -0.928980 -3.892189 -6.877043 -8.763140 -5.776445 -6.324761 -0.884393 -0.001297 2.393964 -9999.0 -9999.0 -9999.0
-9999.0 -9999.0 -9999.0 -9999.0 -9999.0 -9999.0 -9999.0 -9999.0 -3.928199 -1.952504 -3.871166 -5.717607 -4.239255 -1.816845 -0.508226 -0.001840 0.666321 1.223858 4.555573 4.606652 3.767550 2.948458 1.488678 0.285375 2.061751 2.178969 0.200594 -0.292772 -4.486284 -5.531843 -6.357584 -6.072802 -5.521334 -5.882374 -3.167476 -2.006994 -0.617740 -0.021682 -0.745480 -3.062157 -4.844833 -7.780398 -5.716450 -2.740024 -2.227641 -1.055379 -4.755529 -3.450638 -0.518726 0.881598 0.522667 -0.018325 -3.698160 -6.386299 -4.172965 -3.924025 -1.182118 -0.001839 1.225475 3.681715 4.681602 -9999.0 -9999.0
-9999.0 -9999.0 -9999.0 -9999.0 -9999.0 -9999.0 -9999.0 -9999.0 -4.659607 -2.548581 -3.098552 -4.686863 -4.637102 -4.083228 -0.585213 -0.992976 -0.003415 0.658278 4.548219 3.905517 5.067808 3.823200 3.145443 3.174116 1.982511 1.877773 -0.001279 -1.401206 -5.093548 -4.630937 -5.490026 -1.691211 -2.671908 -2.614828 -1.669780 -1.597557 -0.048582 1.062716 -0.002289 -0.935982 -3.574437 -5.352441 -2.263545 -2.665389 -1.410722 -2.301557 -6.484107 -3.866365 -1.850118 -0.001077 1.895429 -0.002305 -4.268541 -3.565659 -1.713445 -0.580318 0.000009 1.123029 3.208170 3.469048 4.301688 -9999.0 -9999.0
-9999.0 -9999.0 -9999.0 -9999.0 -9999.0 -9999.0 -9999.0 -9999.0 -7.404229 -3.013071 -2.016459 -4.943271 -5.102265 -1.043921 -0.447141 -0.001224 2.773275 4.267701 2.352896 4.938833 4.466965 4.904562 3.934589 3.385499 2.568506 0.267829 -0.002271 -2.213136 -1.892813 -1.114942 -1.101166 -0.629522 -0.053718 -0.271333 -0.476288 -0.791476 -0.000379 2.648768 -0.000732 -0.002309 -2.014615 -1.867113 -1.866835 -4.144022 -3.058488 -5.250882 -3.372609 -4.488590 -4.119335 -1.225105 -0.001630 1.507537 -0.001742 -0.013126 -0.001121 0.357358 1.861750 2.931005 4.284783 4.074504 3.122153 1.720290 -9999.0
-9999.0 -9999.0 -9999.0 -9999.0 -9999.0 -9999.0 -9999.0 -9999.0 -7.262908 -2.503445 -1.685188 -1.781169 -1.564154 -0.102095 -0.001304 0.762219 0.906320 1.400748 -0.002882 1.605208 3.875916 4.196767 4.535849 4.240870 1.108287 -0.003261 -1.179336 -0.002218 -0.001344 -0.011838 -0.003320 -0.001627 0.486921 -0.000683 -0.001382 -0.001373 0.864958 4.466549 3.828118 0.537594 -0.001293 -0.001137 -0.001604 -0.002421 -1.179923 -1.522803 -0.622453 -0.234816 -0.715747 -0.001621 0.060667 0.895868 1.272711 0.442068 1.067051 1.432525 2.173832 2.887614 3.432248 3.051083 2.853947 1.148491 -9999.0
-9999.0 -9999.0 -4.197016 -2.322792 -4.055888 -1.622795 -3.875422 -3.604217 -5.355387 -4.156379 -1.231518 -0.624347 -0.139244 -0.003591 0.020611 0.415636 -0.001192 -1.297119 -0.027222 -0.001993 1.518412 4.077154 3.491444 5.466499 2.327395 0.915318 -0.003284 -0.002710 1.237856 0.002881 -0.001894 -0.001817 1.071920 1.884164 2.062457 3.167025 4.289460 6.656122 5.563158 3.070980 2.042787 2.063252 2.551418 0.853153 -0.001136 -0.001460 0.092639 0.719457 0.823710 1.840326 2.509925 2.453486 1.852422 1.424112 1.372003 1.589767 1.905099 2.239978 1.808646 2.284716 0.306400 0.428093 -9999.0
-9999.0 -0.503765 -1.010147 -1.171887 -1.546816 -3.399419 -3.864836 -3.883328 -4.982779 -5.699201 -2.371368 -1.022497 -0.002867 0.006930 0.024572 -0.445903 -1.263788 -1.784084 -0.783013 -0.002067 1.347532 2.760532 1.736454 3.227260 2.503678 2.007604 0.778251 1.064598 2.319957 1.358112 1.148098 1.129900 2.471295 3.417428 4.763330 5.981929 7.408466 9.877754 7.576796 6.125669 5.280817 5.094711 4.383052 3.257291 2.144007 2.571102 2.628412 4.369829 3.948947 4.442742 3.160309 2.421449 1.666047 0.946489 0.870761 0.443845 0.280708 0.600567 0.129850 0.000168 -0.001372 0.222161 -9999.0
-9999.0 -0.565254 -0.992725 -0.220875 -0.003492 -1.702925 -2.742817 -4.330124 -5.696678 -6.048926 -2.984861 -1.412748 -0.001955 0.026335 -0.004630 -2.655499 -3.815887 -2.152801 -0.289493 -0.006592 0.000523 1.044137 1.772602 0.878350 1.807434 2.685946 4.806628 4.286831 3.758491 5.015051 5.734051 5.360189 4.169965 5.065581 5.877833 7.938431 9.482482 10.557167 10.088541 9.234733 8.456236 7.579548 6.448373 7.096957 7.278215 6.922838 5.218493 5.010065 4.521335 3.882100 2.276701 1.200448 0.368226 0.996117 0.279264 -0.002171 -0.018139 -0.002352 -0.002024 -0.002513 -0.002075 -9999.0 -9999.0
