user2019/resources/simulation/Vinschgau/output-maps/TL0006N0486.asc
ncols         63
nrows         48
xllcorner     598000.000000
yllcorner     5145000.000000
cellsize      1000.000000
NODATA_value  -9999.0
[rows 0 to 27 of 48, columns 0 to 62 of 63]
-9999.0 -9999.0 -9999.0 -9999.0 -9999.0 -9999.0 -9999.0 -9999.0 -9999.0 -9999.0 -9999.0 -9999.0 -9999.0 -9999.0 -9999.0 -9999.0 -9999.0 -9999.0 -9999.0 -9999.0 -9999.0 -9999.0 -9999.0 -9999.0 -9999.0 -9999.0 -9999.0 -9999.0 -9999.0 -9999.0 -9999.0 -9999.0 -9999.0 -9999.0 -9999.0 -9999.0 -9999.0 -9999.0 -9999.0 -9999.0 -9999.0 -9999.0 -9999.0 -9999.0 -9999.0 -9999.0 -9999.0 -9999.0 -9999.0 -9999.0 -9999.0 -9999.0 -9999.0 -9999.0 -9999.0 -9999.0 -9999.0 -9999.0 -9999.0 -9999.0 -9999.0 -9999.0 -9999.0
-9999.0 -9999.0 -9999.0 -9999.0 -9999.0 -9999.0 -9999.0 -9999.0 -9999.0 -9999.0 -9999.0 -9999.0 -9999.0 -9999.0 -9999.0 -9999.0 -9999.0 -9999.0 -9999.0 -9999.0 -9999.0 -9999.0 -9999.0 -9999.0 -9999.0 -9999.0 -9999.0 7.464068 8.705675 8.072799 7.328288 6.490580 7.482586 -9999.0 -9999.0 -9999.0 -9999.0 -9999.0 -9999.0 -9999.0 -9999.0 -9999.0 -9999.0 -9999.0 -9999.0 -9999.0 -9999.0 -9999.0 -9999.0 -9999.0 -9999.0 -9999.0 -9999.0 -9999.0 -9999.0 -9999.0 -9999.0 -9999.0 -9999.0 -9999.0 -9999.0 -9999.0 -9999.0
-9999.0 -9999.0 -9999.0 -9999.0 -9999.0 -9999.0 -9999.0 -9999.0 -9999.0 -9999.0 -9999.0 -9999.0 -9999.0 -9999.0 -9999.0 -9999.0 -9999.0 -9999.0 -9999.0 -9999.0 -9999.0 -9999.0 -9999.0 -9999.0 9.234413 9.574085 9.638228 9.233335 9.459952 8.974269 7.029099 -9999.0 -9999.0 -9999.0 -9999.0 -9999.0 -9999.0 -9999.0 -9999.0 -9999.0 -9999.0 -9999.0 -9999.0 -9999.0 -9999.0 -9999.0 -9999.0 -9999.0 -9999.0 -9999.0 -9999.0 -9999.0 -9999.0 -9999.0 -9999.0 -9999.0 -9999.0 -9999.0 -9999.0 -9999.0 -9999.0 -9999.0 -9999.0
-9999.0 -9999.0 -9999.0 -9999.0 -9999.0 -9999.0 -9999.0 -9999.0 -9999.0 -9999.0 -9999.0 -9999.0 -9999.0 -9999.0 -9999.0 -9999.0 -9999.0 -9999.0 -9999.0 -9999.0 -9999.0 -9999.0 -9999.0 9.733924 10.290483 10.187034 10.574596 10.377958 8.200970 9.012078 7.370451 6.650345 -9999.0 -9999.0 -9999.0 -9999.0 -9999.0 -9999.0 -9999.0 -9999.0 -9999.0 -9999.0 -9999.0 -9999.0 -9999.0 -9999.0 -9999.0 -9999.0 -9999.0 -9999.0 -9999.0 -9999.0 -9999.0 -9999.0 -9999.0 -9999.0 -9999.0 -9999.0 -9999.0 -9999.0 -9999.0 -9999.0 -9999.0
-9999.0 -9999.0 -9999.0 -9999.0 -9999.0 -9999.0 -9999.0 -9999.0 -9999.0 -9999.0 -9999.0 -9999.0 -9999.0 -9999.0 -9999.0 -9999.0 -9999.0 -9999.0 12.246936 9.107012 -9999.0 9.427151 10.031957 10.336134 10.861473 11.960079 13.191180 12.998508 11.452528 10.188045 8.727853 7.438864 6.071277 4.146677 -9999.0 -9999.0 -9999.0 -9999.0 -9999.0 -9999.0 -9999.0 -9999.0 -9999.0 -9999.0 -9999.0 -9999.0 -9999.0 -9999.0 -9999.0 -9999.0 -9999.0 -9999.0 -9999.0 -9999.0 -9999.0 -9999.0 -9999.0 -9999.0 -9999.0 -9999.0 -9999.0 -9999.0 -9999.0
-9999.0 -9999.0 -9999.0 -9999.0 -9999.0 -9999.0 -9999.0 -9999.0 -9999.0 -9999.0 -9999.0 -9999.0 -9999.0 -9999.0 -9999.0 -9999.0 -9999.0 10.478662 9.566892 8.873515 8.694259 7.288399 9.457362 10.708978 14.333867 7.720002 6.466831 6.823093 6.374060 9.082860 10.070886 8.589557 7.858463 6.606155 4.991794 2.061875 -9999.0 -9999.0 -9999.0 -9999.0 -9999.0 -9999.0 -9999.0 -9999.0 -9999.0 -9999.0 -9999.0 -9999.0 -9999.0 -9999.0 -9999.0 -9999.0 -9999.0 -9999.0 -9999.0 -9999.0 -9999.0 -9999.0 -9999.0 -9999.0 -9999.0 -9999.0 -9999.0
-9999.0 -9999.0 -9999.0 -9999.0 -9999.0 -9999.0 -9999.0 -9999.0 -9999.0 -9999.0 -9999.0 -9999.0 -9999.0 9.137820 8.175165 8.809429 10.177731 18.905106 10.026758 10.789212 11.031391 11.618111 12.627768 14.354259 7.505747 9.237982 5.231441 5.704802 5.392151 6.325567 6.811816 8.443502 7.698336 6.610451 5.558002 1.003803 -9999.0 -9999.0 -9999.0 -9999.0 -9999.0 -9999.0 -9999.0 -9999.0 -9999.0 -9999.0 -9999.0 -9999.0 -9999.0 -9999.0 -9999.0 -9999.0 -9999.0 -9999.0 -9999.0 -9999.0 -9999.0 -9999.0 -9999.0 -9999.0 -9999.0 -9999.0 -9999.0
-9999.0 -9999.0 -9999.0 -9999.0 -9999.0 -9999.0 -9999.0 -9999.0 -9999.0 -9999.0 -9999.0 -9999.0 -9999.0 9.875875 10.273034 9.164161 8.986358 14.918365 18.838293 13.033223 10.421299 13.463891 9.034514 8.442507 10.295322 7.536414 8.640764 7.583981 6.458878 4.485371 4.966817 6.603191 5.273540 2.741031 3.881392 -9999.0 -9999.0 -9999.0 -9999.0 -9999.0 -9999.0 -9999.0 -9999.0 -9999.0 -9999.0 -9999.0 -9999.0 -9999.0 -9999.0 -9999.0 -9999.0 -9999.0 -9999.0 -9999.0 -9999.0 -9999.0 -9999.0 -9999.0 -9999.0 -9999.0 -9999.0 -9999.0 -9999.0
-9999.0 -9999.0 -9999.0 -9999.0 -9999.0 -9999.0 -9999.0 -9999.0 -9999.0 -9999.0 -9999.0 -9999.0 -9999.0 9.608301 11.673235 10.534944 8.178315 9.464633 19.021231 10.109732 12.511391 8.329171 6.641298 7.049767 9.843784 6.512448 8.496262 5.904191 7.217959 4.916918 6.131618 -1.024057 -1.449421 -0.048432 0.884728 -9999.0 -9999.0 -9999.0 -9999.0 -9999.0 -9999.0 -9999.0 -9999.0 -9999.0 -9999.0 -9999.0 -9999.0 -9999.0 -9999.0 -9999.0 -9999.0 -9999.0 -9999.0 -9999.0 -9999.0 -9999.0 -9999.0 -9999.0 -9999.0 -9999.0 -9999.0 -9999.0 -9999.0
-9999.0 -9999.0 -9999.0 -9999.0 -9999.0 -9999.0 -9999.0 -9999.0 -9999.0 -9999.0 -9999.0 -9999.0 8.155622 11.125350 9.949546 7.007727 6.259799 8.493480 16.428314 10.312448 10.409714 6.750844 6.372450 6.706547 7.730993 7.585205 5.697199 7.166218 8.452716 5.620222 0.386446 6.245188 6.215196 1.657678 -9999.0 -9999.0 -9999.0 -9999.0 -9999.0 -9999.0 -9999.0 -9999.0 -9999.0 -9999.0 -9999.0 -9999.0 -9999.0 -9999.0 -9999.0 -9999.0 -9999.0 -9999.0 -9999.0 -9999.0 -9999.0 -9999.0 -9999.0 -9999.0 -9999.0 -9999.0 -9999.0 -9999.0 -9999.0
-9999.0 -9999.0 -9999.0 -9999.0 -9999.0 -9999.0 -9999.0 -9999.0 -9999.0 -9999.0 -9999.0 9.037294 6.872752 7.549328 6.090748 8.703792 5.990271 7.818149 16.351243 10.392419 7.594107 8.842927 9.369848 8.753527 6.509317 8.547000 5.858940 8.601119 8.095985 2.820324 6.268201 8.470244 6.067803 4.512531 5.368365 5.914187 8.849483 10.696886 10.694081 -9999.0 -9999.0 -9999.0 4.995278 -9999.0 -9999.0 -9999.0 -9999.0 -9999.0 -9999.0 -9999.0 -9999.0 -9999.0 -9999.0 -9999.0 -9999.0 -9999.0 -9999.0 -9999.0 -9999.0 -9999.0 -9999.0 -9999.0 -9999.0
-9999.0 -9999.0 -9999.0 -9999.0 -9999.0 -9999.0 -9999.0 -9999.0 -9999.0 -9999.0 -9999.0 8.173208 6.175710 7.652224 6.630623 6.941827 7.469519 8.998674 16.285538 13.482610 12.969888 10.966550 9.584501 4.484737 4.915681 8.521319 8.247392 9.271461 8.171407 4.827883 8.402090 8.411406 6.756619 6.002533 7.144971 9.393428 12.244264 13.995139 12.063928 8.235213 7.926510 7.479000 7.289216 5.708782 -9999.0 -9999.0 -9999.0 3.195670 5.805751 6.520138 6.956069 5.673895 5.354708 5.354620 5.762745 2.868406 -9999.0 -9999.0 -9999.0 -9999.0 -9999.0 -9999.0 -9999.0
-9999.0 -9999.0 -9999.0 -9999.0 -9999.0 -9999.0 -9999.0 -9999.0 -9999.0 -9999.0 -9999.0 8.584501 7.970348 5.061853 8.792765 8.369262 5.446342 6.554667 13.432072 14.761836 5.752038 7.981924 5.332573 9.290970 8.347627 8.119224 5.278371 5.952192 6.976794 6.290336 6.781885 4.814629 8.436770 5.775904 6.082898 10.768734 7.208824 9.049169 15.924541 10.655276 11.181127 8.529315 8.673017 8.073666 6.298248 -9999.0 2.351042 6.717681 8.666061 9.261409 9.474301 9.223892 9.280005 9.233771 9.277549 8.138567 -9999.0 -9999.0 -9999.0 -9999.0 -9999.0 -9999.0 -9999.0
-9999.0 -9999.0 -9999.0 -9999.0 -9999.0 -9999.0 -9999.0 -9999.0 -9999.0 -9999.0 -9999.0 -9999.0 8.677242 3.894184 8.566448 8.823831 4.439829 6.626413 14.768477 15.014732 8.153170 8.791634 8.484623 6.255575 4.525064 5.626266 11.501573 8.548650 7.689970 7.024301 8.296677 5.097577 8.479306 7.027406 6.309399 9.720890 6.577761 9.694349 17.804578 12.566756 13.609872 12.805872 6.970435 9.515041 6.308679 6.635760 5.875952 6.902139 4.389810 6.644527 8.182533 6.053452 7.010844 5.017159 4.879457 8.509465 8.364987 -9999.0 -9999.0 -9999.0 -9999.0 -9999.0 -9999.0
-9999.0 -9999.0 -9999.0 -9999.0 -9999.0 -9999.0 -9999.0 -9999.0 -9999.0 -9999.0 -9999.0 3.781706 7.656146 8.858669 5.317268 5.304094 7.214063 6.796245 14.753546 9.906772 8.826356 8.073432 8.592057 5.672763 6.048387 8.462234 5.538702 7.324613 8.173691 8.708713 4.927130 6.489664 9.477706 6.717236 5.834784 8.462707 10.522492 8.697035 6.672922 16.521842 8.200557 9.736842 9.108868 7.109055 10.018120 7.267335 8.709139 8.418171 9.048051 8.524460 4.557839 8.171620 0.205009 0.183767 1.480618 -0.146363 7.894819 -9999.0 -9999.0 -9999.0 -9999.0 -9999.0 -9999.0
-9999.0 -9999.0 -9999.0 -9999.0 -9999.0 -9999.0 -9999.0 -9999.0 -9999.0 -9999.0 10.488734 5.458899 9.041256 9.065921 9.897661 7.663952 7.380854 6.854774 9.816709 10.593679 15.411321 13.213667 6.815994 12.279623 9.218071 8.152859 5.426512 0.645433 9.782687 10.323732 7.689756 6.701801 8.631023 6.527317 4.134384 6.290093 10.778745 5.910409 6.186412 9.550368 10.165370 11.082010 16.802935 6.127563 6.921668 7.653478 8.951026 6.688352 7.609584 8.308354 0.711202 6.208277 1.853396 -0.223657 4.196744 9.745926 9.414474 -9999.0 -9999.0 -9999.0 -9999.0 -9999.0 -9999.0
-9999.0 -9999.0 -9999.0 -9999.0 -9999.0 -9999.0 -9999.0 -9999.0 -9999.0 8.522712 9.511599 5.276462 7.270159 5.285233 5.770588 5.634796 5.516956 12.539857 10.172818 11.141611 15.958479 9.159352 8.719258 10.878196 9.612720 0.450048 4.972581 10.911417 8.545504 8.940971 9.291857 4.191306 6.347651 4.514992 6.134467 6.514732 8.064645 5.097655 5.605792 7.228069 7.372134 5.403311 6.355087 9.105610 8.476534 7.878313 11.482037 7.281674 7.407875 9.264581 5.466479 7.032150 -0.024693 0.364432 6.959108 0.917737 0.916236 9.233665 6.900166 -9999.0 -9999.0 -9999.0 -9999.0
-9999.0 -9999.0 -9999.0 -9999.0 -9999.0 -9999.0 -9999.0 -9999.0 -9999.0 8.263997 8.782912 9.557940 12.816627 8.201344 5.855455 5.964416 11.603416 9.588765 11.102692 17.303240 17.082154 16.652654 14.480748 12.706273 6.932368 6.539096 0.457648 9.514950 10.913226 12.563379 10.885865 4.282712 8.250970 6.705896 7.707305 7.458497 8.186966 8.217139 9.435276 9.379609 4.653634 4.936949 7.175595 9.174502 8.084518 10.886189 10.658408 9.920539 9.399219 9.313185 4.663897 2.094701 1.277320 6.095872 8.527061 0.636281 6.052151 7.652567 9.886337 -9999.0 -9999.0 -9999.0 -9999.0
-9999.0 -9999.0 -9999.0 -9999.0 -9999.0 -9999.0 -9999.0 -9999.0 -9999.0 -9999.0 8.303919 10.053151 7.690789 5.847323 9.033842 0.325176 8.918104 10.832405 12.174166 13.699052 16.514602 10.562980 8.331937 7.772330 6.680609 10.015697 11.198128 11.496963 11.589697 5.206243 4.934523 5.116564 0.665257 7.256075 8.994591 9.665068 11.405442 9.447080 7.427710 7.382178 7.002500 9.640363 11.133519 6.589410 6.313449 6.688413 7.732347 14.082749 11.689277 9.311868 6.018126 5.797733 6.717278 5.742019 4.640975 9.042208 10.334363 10.178127 10.618181 11.017666 -9999.0 -9999.0 -9999.0
-9999.0 -9999.0 -9999.0 -9999.0 -9999.0 -9999.0 -9999.0 -9999.0 -9999.0 -9999.0 8.392507 9.452889 10.131164 8.414456 15.040709 8.622329 8.761887 10.610310 12.987499 14.172855 11.527576 9.953468 8.657840 9.250482 9.995414 11.863885 12.442997 9.042894 0.424387 0.378516 8.718796 9.899085 0.699017 6.287755 7.629438 9.279843 6.905163 6.414626 0.829597 6.507759 8.006601 9.456680 4.582875 8.574696 9.897398 5.660528 7.552760 7.248235 9.608065 12.070645 9.929200 7.368604 1.040456 7.403531 1.617020 6.377633 9.113817 9.315154 11.413937 12.980379 -9999.0 -9999.0 -9999.0
-9999.0 -9999.0 -9999.0 -9999.0 -9999.0 -9999.0 -9999.0 -9999.0 9.922164 9.199609 8.404942 9.873990 5.279288 5.528222 7.518688 9.965513 11.053874 17.606466 14.719654 14.775465 13.107402 12.033331 11.177604 9.708455 11.369472 11.728757 14.125194 7.460556 5.365443 0.808906 5.973746 8.394966 8.097213 7.278099 8.082403 7.120035 10.235428 6.822312 0.535963 6.189284 7.166738 8.893766 0.680398 6.392725 8.976282 11.169848 4.208711 7.095449 8.038829 11.920309 10.636103 6.971282 6.290028 2.028021 7.049448 10.522014 10.417433 13.547293 12.102581 13.190512 -9999.0 -9999.0 -9999.0
-9999.0 -9999.0 -9999.0 -9999.0 -9999.0 -9999.0 -9999.0 -9999.0 5.947930 5.676652 1.002310 8.733525 9.574373 8.290318 5.744992 8.831998 9.938809 10.806595 13.382841 15.374217 20.924667 18.916274 17.464668 16.424876 11.864937 12.086512 10.021490 8.862014 5.477970 8.389511 7.845442 7.944939 8.782447 7.378656 8.441014 8.784963 11.642672 7.745040 5.072550 7.962758 6.787577 3.851099 6.716542 9.197847 10.836456 5.315605 0.615135 9.407342 8.396195 10.126325 12.749652 10.158385 6.774508 10.652805 12.029279 10.401332 10.309723 11.532190 13.870737 16.117045 16.737128 -9999.0 -9999.0
-9999.0 -9999.0 -9999.0 -9999.0 -9999.0 -9999.0 -9999.0 -9999.0 9.177809 11.520181 9.999073 1.059084 11.009297 6.245681 8.456111 7.668960 9.849956 12.755885 13.552789 20.734768 15.865656 19.607205 19.174250 14.738085 18.271863 11.758633 9.570281 7.042975 0.763146 9.550235 8.638111 10.563666 0.824819 0.754337 9.571210 11.077068 5.960235 8.031973 4.822811 0.765538 7.529659 6.933119 8.406673 9.174628 0.883194 9.044777 7.381187 9.910366 5.133879 9.143060 12.430712 12.065990 6.905486 8.367836 11.996145 12.583973 13.506125 14.209722 15.564816 16.308453 16.319512 -9999.0 -9999.0
-9999.0 -9999.0 -9999.0 -9999.0 -9999.0 -9999.0 -9999.0 -9999.0 7.270890 10.674186 8.532221 5.929426 11.098286 0.331439 8.833900 9.869861 12.622189 13.678405 16.421776 13.874594 15.475827 15.975974 20.001518 19.570911 12.530846 10.449212 8.306906 5.688215 11.198701 8.576012 6.162376 0.328541 8.635049 8.348636 5.195190 9.649163 10.842290 8.852211 5.203837 0.761566 7.499379 8.403112 8.500675 7.884330 8.486941 8.054527 9.752086 9.780424 10.597542 7.083548 10.513397 13.470326 13.362813 12.418584 14.346968 14.856549 15.583690 14.391724 15.238777 16.201859 14.845933 12.047658 -9999.0
-9999.0 -9999.0 -9999.0 -9999.0 -9999.0 -9999.0 -9999.0 -9999.0 7.870741 10.515315 9.269238 7.946932 9.130935 9.671290 14.823075 13.075698 15.533348 11.377528 10.102391 11.569152 13.321600 15.815718 16.156480 16.179769 17.571444 10.034400 7.810468 10.022947 10.690592 9.948314 5.701803 9.323775 10.524225 9.065556 6.244012 6.576901 8.999598 9.939896 9.020562 8.356597 5.807891 6.198819 8.216311 5.961887 0.994537 10.386779 6.328546 9.338713 9.306308 11.899106 13.802554 13.445597 14.307301 15.950612 16.054823 15.962229 16.468326 16.277537 15.586187 14.699307 12.482588 10.865151 -9999.0
-9999.0 -9999.0 9.475945 10.045158 5.514565 5.771353 5.530929 5.716262 9.640616 10.176674 8.860788 9.208174 10.105794 12.428382 17.722829 12.444899 9.696018 7.702533 9.098970 9.915469 11.879138 14.208728 15.628055 15.097494 14.492572 11.529086 9.997357 9.947142 11.020644 14.083659 8.265276 8.123480 14.181326 8.789922 10.589939 8.783073 11.982798 11.103519 9.768466 7.818171 9.772414 10.099780 8.709852 9.834337 6.883379 8.934737 10.542386 9.404687 12.322798 14.481707 15.853986 16.278869 16.429808 16.577859 16.532581 21.258294 15.422273 15.015857 13.977234 12.234201 14.672906 9.884670 -9999.0
-9999.0 5.435323 5.404394 5.432222 5.559509 7.864844 5.372278 1.062044 1.031216 9.612990 0.346187 8.947642 11.171566 16.063509 16.253834 9.679921 8.808826 5.968790 8.864282 10.139153 12.309333 13.682481 17.327991 14.427250 19.662761 14.706238 17.758700 17.825149 13.930326 12.629775 12.330209 11.856976 11.785017 15.771890 13.135147 13.519882 14.281473 12.907537 13.478267 12.788620 12.807847 12.496509 12.097763 10.050362 9.657199 10.419063 12.927098 12.488061 15.469841 14.707740 15.548057 15.622233 15.098033 15.044822 15.048315 14.407744 12.357054 11.996249 12.389309 13.832505 9.557747 9.492107 -9999.0
-9999.0 11.839096 8.628006 8.731310 13.439690 8.541097 4.837998 1.035288 9.486004 9.552089 0.394088 8.719869 11.356478 16.596711 10.498856 7.871450 0.399713 6.479338 10.001048 9.947719 14.925719 12.391652 14.136378 15.186508 20.833307 21.394603 14.702944 15.580576 15.027847 13.871274 13.638217 12.912876 13.255755 13.813321 18.195378 14.962546 20.982960 21.605480 15.940350 15.586448 15.345470 14.500807 13.777937 12.917089 13.483899 13.813310 15.239528 15.478688 15.003476 15.146317 13.809160 12.133743 12.161805 13.053517 12.548151 10.977813 11.002538 9.862040 9.449618 8.513512 8.431128 -9999.0 -9999.0
