user2019/resources/simulation/Vinschgau/output-maps/TL0006N1178.asc
ncols         63
nrows         48
xllcorner     598000.000000
yllcorner     5145000.000000
cellsize      1000.000000
NODATA_value  -9999.0
[rows 0 to 27 of 48, columns 0 to 62 of 63]
-9999.0 -9999.0 -9999.0 -9999.0 -9999.0 -9999.0 -9999.0 -9999.0 -9999.0 -9999.0 -9999.0 -9999.0 -9999.0 -9999.0 -9999.0 -9999.0 -9999.0 -9999.0 -9999.0 -9999.0 -9999.0 -9999.0 -9999.0 -9999.0 -9999.0 -9999.0 -9999.0 -9999.0 -9999.0 -9999.0 -9999.0 -9999.0 -9999.0 -9999.0 -9999.0 -9999.0 -9999.0 -9999.0 -9999.0 -9999.0 -9999.0 -9999.0 -9999.0 -9999.0 -9999.0 -9999.0 -9999.0 -9999.0 -9999.0 -9999.0 -9999.0 -9999.0 -9999.0 -9999.0 -9999.0 -9999.0 -9999.0 -9999.0 -9999.0 -9999.0 -9999.0 -9999.0 -9999.0
-9999.0 -9999.0 -9999.0 -9999.0 -9999.0 -9999.0 -9999.0 -9999.0 -9999.0 -9999.0 -9999.0 -9999.0 -9999.0 -9999.0 -9999.0 -9999.0 -9999.0 -9999.0 -9999.0 -9999.0 -9999.0 -9999.0 -9999.0 -9999.0 -9999.0 -9999.0 -9999.0 0.742563 0.087254 0.974809 -0.029618 -0.026615 -0.323819 -9999.0 -9999.0 -9999.0 -9999.0 -9999.0 -9999.0 -9999.0 -9999.0 -9999.0 -9999.0 -9999.0 -9999.0 -9999.0 -9999.0 -9999.0 -9999.0 -9999.0 -9999.0 -9999.0 -9999.0 -9999.0 -9999.0 -9999.0 -9999.0 -9999.0 -9999.0 -9999.0 -9999.0 -9999.0 -9999.0
-9999.0 -9999.0 -9999.0 -9999.0 -9999.0 -9999.0 -9999.0 -9999.0 -9999.0 -9999.0 -9999.0 -9999.0 -9999.0 -9999.0 -9999.0 -9999.0 -9999.0 -9999.0 -9999.0 -9999.0 -9999.0 -9999.0 -9999.0 -9999.0 0.393641 0.543547 0.613357 0.490044 -0.001738 -0.000911 -0.022327 -9999.0 -9999.0 -9999.0 -9999.0 -9999.0 -9999.0 -9999.0 -9999.0 -9999.0 -9999.0 -9999.0 -9999.0 -9999.0 -9999.0 -9999.0 -9999.0 -9999.0 -9999.0 -9999.0 -9999.0 -9999.0 -9999.0 -9999.0 -9999.0 -9999.0 -9999.0 -9999.0 -9999.0 -9999.0 -9999.0 -9999.0 -9999.0
-9999.0 -9999.0 -9999.0 -9999.0 -9999.0 -9999.0 -9999.0 -9999.0 -9999.0 -9999.0 -9999.0 -9999.0 -9999.0 -9999.0 -9999.0 -9999.0 -9999.0 -9999.0 -9999.0 -9999.0 -9999.0 -9999.0 -9999.0 0.566570 0.737661 3.296827 3.641576 3.819153 3.560057 1.107481 -0.020070 -0.038178 -9999.0 -9999.0 -9999.0 -9999.0 -9999.0 -9999.0 -9999.0 -9999.0 -9999.0 -9999.0 -9999.0 -9999.0 -9999.0 -9999.0 -9999.0 -9999.0 -9999.0 -9999.0 -9999.0 -9999.0 -9999.0 -9999.0 -9999.0 -9999.0 -9999.0 -9999.0 -9999.0 -9999.0 -9999.0 -9999.0 -9999.0
-9999.0 -9999.0 -9999.0 -9999.0 -9999.0 -9999.0 -9999.0 -9999.0 -9999.0 -9999.0 -9999.0 -9999.0 -9999.0 -9999.0 -9999.0 -9999.0 -9999.0 -9999.0 5.440863 1.390838 -9999.0 0.651075 1.273865 3.128516 3.118827 4.100893 3.817372 3.899461 2.286522 -0.003909 0.437743 -0.020110 0.287840 0.359575 -9999.0 -9999.0 -9999.0 -9999.0 -9999.0 -9999.0 -9999.0 -9999.0 -9999.0 -9999.0 -9999.0 -9999.0 -9999.0 -9999.0 -9999.0 -9999.0 -9999.0 -9999.0 -9999.0 -9999.0 -9999.0 -9999.0 -9999.0 -9999.0 -9999.0 -9999.0 -9999.0 -9999.0 -9999.0
-9999.0 -9999.0 -9999.0 -9999.0 -9999.0 -9999.0 -9999.0 -9999.0 -9999.0 -9999.0 -9999.0 -9999.0 -9999.0 -9999.0 -9999.0 -9999.0 -9999.0 5.203495 3.850952 4.290479 3.573492 -0.007421 0.765445 2.526230 4.332846 -0.004165 -0.103858 -0.005592 -0.033573 1.979077 1.622999 0.456832 1.099630 0.687833 0.135956 0.131419 -9999.0 -9999.0 -9999.0 -9999.0 -9999.0 -9999.0 -9999.0 -9999.0 -9999.0 -9999.0 -9999.0 -9999.0 -9999.0 -9999.0 -9999.0 -9999.0 -9999.0 -9999.0 -9999.0 -9999.0 -9999.0 -9999.0 -9999.0 -9999.0 -9999.0 -9999.0 -9999.0
-9999.0 -9999.0 -9999.0 -9999.0 -9999.0 -9999.0 -9999.0 -9999.0 -9999.0 -9999.0 -9999.0 -9999.0 -9999.0 3.564278 2.388300 3.529760 4.884026 10.498924 4.951515 3.793858 3.462643 2.788727 3.893699 4.311724 -0.003691 1.366128 -0.051031 -0.117453 -0.047558 -0.010397 -0.430801 0.643840 -0.000447 -0.028328 0.536571 0.128352 -9999.0 -9999.0 -9999.0 -9999.0 -9999.0 -9999.0 -9999.0 -9999.0 -9999.0 -9999.0 -9999.0 -9999.0 -9999.0 -9999.0 -9999.0 -9999.0 -9999.0 -9999.0 -9999.0 -9999.0 -9999.0 -9999.0 -9999.0 -9999.0 -9999.0 -9999.0 -9999.0
-9999.0 -9999.0 -9999.0 -9999.0 -9999.0 -9999.0 -9999.0 -9999.0 -9999.0 -9999.0 -9999.0 -9999.0 -9999.0 4.608033 4.636831 4.240362 4.066334 9.805952 10.590275 5.499643 4.118992 6.580706 2.742284 1.210974 1.842294 -0.010125 0.339114 0.895177 0.553458 -0.142003 -1.085879 -0.004187 0.400125 -5.179304 0.115352 -9999.0 -9999.0 -9999.0 -9999.0 -9999.0 -9999.0 -9999.0 -9999.0 -9999.0 -9999.0 -9999.0 -9999.0 -9999.0 -9999.0 -9999.0 -9999.0 -9999.0 -9999.0 -9999.0 -9999.0 -9999.0 -9999.0 -9999.0 -9999.0 -9999.0 -9999.0 -9999.0 -9999.0
-9999.0 -9999.0 -9999.0 -9999.0 -9999.0 -9999.0 -9999.0 -9999.0 -9999.0 -9999.0 -9999.0 -9999.0 -9999.0 4.748623 4.666463 5.949033 3.894274 4.576254 10.939955 4.933060 7.491532 3.100830 -0.004116 -0.006141 1.700951 1.013694 2.005754 0.486665 -0.028383 -0.272122 -0.020771 -4.862297 -4.594471 -6.263142 0.117710 -9999.0 -9999.0 -9999.0 -9999.0 -9999.0 -9999.0 -9999.0 -9999.0 -9999.0 -9999.0 -9999.0 -9999.0 -9999.0 -9999.0 -9999.0 -9999.0 -9999.0 -9999.0 -9999.0 -9999.0 -9999.0 -9999.0 -9999.0 -9999.0 -9999.0 -9999.0 -9999.0 -9999.0
-9999.0 -9999.0 -9999.0 -9999.0 -9999.0 -9999.0 -9999.0 -9999.0 -9999.0 -9999.0 -9999.0 -9999.0 3.505788 4.172919 5.618906 3.665576 2.459717 4.127543 10.658748 5.919757 3.674370 -0.009201 -0.022230 -0.023760 -0.563180 0.328599 -1.888901 -0.020382 -0.032684 0.313729 -4.213814 0.278031 -0.040920 0.150382 -9999.0 -9999.0 -9999.0 -9999.0 -9999.0 -9999.0 -9999.0 -9999.0 -9999.0 -9999.0 -9999.0 -9999.0 -9999.0 -9999.0 -9999.0 -9999.0 -9999.0 -9999.0 -9999.0 -9999.0 -9999.0 -9999.0 -9999.0 -9999.0 -9999.0 -9999.0 -9999.0 -9999.0 -9999.0
-9999.0 -9999.0 -9999.0 -9999.0 -9999.0 -9999.0 -9999.0 -9999.0 -9999.0 -9999.0 -9999.0 3.038777 4.819553 2.601614 5.115436 6.007584 5.238960 4.474308 10.128883 7.491549 2.868741 2.521040 1.348101 0.396320 -0.050760 0.402801 -0.023840 -0.002051 -0.043383 0.129150 0.302319 -0.000330 0.545474 0.303596 0.274808 0.620462 -0.020268 0.520502 0.558036 -9999.0 -9999.0 -9999.0 0.136088 -9999.0 -9999.0 -9999.0 -9999.0 -9999.0 -9999.0 -9999.0 -9999.0 -9999.0 -9999.0 -9999.0 -9999.0 -9999.0 -9999.0 -9999.0 -9999.0 -9999.0 -9999.0 -9999.0 -9999.0
-9999.0 -9999.0 -9999.0 -9999.0 -9999.0 -9999.0 -9999.0 -9999.0 -9999.0 -9999.0 -9999.0 2.320061 4.637956 6.288482 5.968182 4.982914 7.338641 4.977093 10.517487 7.806514 7.126391 3.832819 0.709860 -1.942839 -1.192707 -0.000617 -0.001909 0.178896 1.015476 0.314389 -0.003852 -0.004149 -0.031696 -0.051318 -0.037685 -0.004258 1.049113 1.126621 0.706568 0.293932 0.374852 0.299356 -0.021120 0.386836 -9999.0 -9999.0 -9999.0 -0.103453 -0.083777 0.041521 -0.073209 -0.081118 -0.063673 -0.393958 -0.495733 -0.084096 -9999.0 -9999.0 -9999.0 -9999.0 -9999.0 -9999.0 -9999.0
-9999.0 -9999.0 -9999.0 -9999.0 -9999.0 -9999.0 -9999.0 -9999.0 -9999.0 -9999.0 -9999.0 1.967122 2.935974 0.743217 5.725170 5.799014 2.177368 3.968012 9.209535 7.802257 2.337225 -0.007020 -0.246213 0.496456 -0.000411 0.785022 -1.894403 -2.400354 0.668398 -0.035600 0.532573 -2.881347 0.394717 -0.039951 0.377603 0.386618 -2.058874 -1.639242 2.111359 0.545012 0.475623 -0.019743 -0.001786 -0.001871 -0.050047 -9999.0 0.097698 -0.058588 -0.025829 -0.000987 0.369945 1.015847 -0.000733 -0.022275 -0.047363 -0.046078 -9999.0 -9999.0 -9999.0 -9999.0 -9999.0 -9999.0 -9999.0
-9999.0 -9999.0 -9999.0 -9999.0 -9999.0 -9999.0 -9999.0 -9999.0 -9999.0 -9999.0 -9999.0 -9999.0 2.165973 -0.035016 4.567088 4.874978 0.784836 3.009885 9.754759 7.624522 2.288289 0.649905 -0.142991 -0.614569 -1.807807 -0.528901 0.578883 0.864434 -0.022506 0.419039 -0.003397 -1.793558 0.941359 -0.040492 -0.042878 -0.001949 -0.680196 -1.478289 3.800109 0.954709 1.325948 1.820004 -0.656315 0.619071 0.492521 -0.050955 0.080446 -0.044354 -2.041315 -0.418166 -0.026647 -2.544459 -2.620300 -3.172930 -3.747297 -0.054384 -0.049271 -9999.0 -9999.0 -9999.0 -9999.0 -9999.0 -9999.0
-9999.0 -9999.0 -9999.0 -9999.0 -9999.0 -9999.0 -9999.0 -9999.0 -9999.0 -9999.0 -9999.0 -0.287721 1.224596 3.708732 -0.047212 -0.003114 1.586063 2.311619 9.193969 4.256911 2.587554 0.611554 -0.020127 -0.423697 -0.415339 -1.400882 -0.431175 -0.019318 -0.021712 0.855210 -1.417268 -1.855375 0.548640 -0.028068 -0.040272 -0.026250 0.409540 -0.247378 0.292603 3.108874 -0.074296 -0.024406 -0.150794 -0.031664 1.313768 -0.018904 -0.022729 0.865900 1.816989 -0.020135 -2.065312 -0.018911 -4.247467 -4.085078 -4.681005 -4.772400 0.121553 -9999.0 -9999.0 -9999.0 -9999.0 -9999.0 -9999.0
-9999.0 -9999.0 -9999.0 -9999.0 -9999.0 -9999.0 -9999.0 -9999.0 -9999.0 -9999.0 0.630056 -0.140918 1.213855 1.512503 2.994582 -0.022408 -0.023870 -0.005136 3.430361 3.900449 5.458475 3.996065 -0.454016 1.626852 -0.025782 -1.058175 -1.910588 -3.005171 0.928397 1.142300 -1.284363 -1.385114 0.574311 -0.026115 0.155619 0.540481 1.015635 -0.456513 -0.216862 0.666260 0.720810 1.748153 6.123093 0.828286 -0.027390 0.887608 0.356546 -0.736229 -0.834823 -0.005997 -4.278433 -0.012875 -4.752965 -5.566677 -5.936432 -0.021913 -0.027140 -9999.0 -9999.0 -9999.0 -9999.0 -9999.0 -9999.0
-9999.0 -9999.0 -9999.0 -9999.0 -9999.0 -9999.0 -9999.0 -9999.0 -9999.0 0.308778 0.684190 -0.062654 -0.055560 -0.091985 -0.369566 -0.088165 -0.028898 4.340717 3.356248 3.965079 5.943206 0.757775 0.166761 0.929732 -0.002593 -1.170228 -1.705621 1.155637 -0.072762 -0.037526 -0.000776 -1.374260 0.632118 0.132680 0.396017 0.525875 0.453473 -0.672043 -0.470777 -0.253232 -0.513226 -0.375401 -0.397352 1.501876 0.848484 -0.030047 2.760070 -0.139481 -0.130095 0.326225 -1.850777 0.108389 -5.791802 -0.837380 -0.284087 -3.763324 -3.644942 0.384597 -0.054996 -9999.0 -9999.0 -9999.0 -9999.0
-9999.0 -9999.0 -9999.0 -9999.0 -9999.0 -9999.0 -9999.0 -9999.0 -9999.0 0.316324 0.319888 1.202160 2.898815 -0.004697 -0.031911 -0.100946 2.142806 0.994151 3.932125 7.225343 6.732125 6.531063 4.264097 2.690556 -0.778527 -0.657518 -0.225716 -0.010488 0.892041 2.745812 1.154937 -1.748735 -0.000914 -0.035177 -0.029298 0.515133 0.712399 1.640684 0.208548 0.979119 -0.450898 -0.868623 -0.058383 1.136659 2.466648 2.432161 2.111605 0.798155 -0.026492 0.510579 -2.634868 -4.101359 -1.180697 -1.411994 -1.039621 -4.786419 -3.129323 -2.950382 0.680837 -9999.0 -9999.0 -9999.0 -9999.0
-9999.0 -9999.0 -9999.0 -9999.0 -9999.0 -9999.0 -9999.0 -9999.0 -9999.0 -9999.0 -0.003658 0.522797 -0.043924 -0.416613 -0.009646 -0.028193 -0.004958 2.037558 4.722601 5.197437 6.764349 2.558294 -0.003471 -0.245089 -0.390430 -0.030398 0.503095 1.399262 1.132277 -1.303042 -1.648247 -2.240010 -2.389034 -0.028995 -0.022846 0.537898 0.646000 0.695763 0.730943 -0.002906 -0.016263 0.648524 1.531871 -0.031567 -0.002364 -0.003727 1.488525 4.565937 3.102681 0.475932 -1.595767 -3.519000 -0.476226 -1.367131 -1.526847 -0.123693 -0.040723 -1.063087 -0.745116 -0.014408 -9999.0 -9999.0 -9999.0
-9999.0 -9999.0 -9999.0 -9999.0 -9999.0 -9999.0 -9999.0 -9999.0 -9999.0 -9999.0 -0.028881 0.368804 0.629916 -0.024819 3.559620 -0.005220 -0.005146 2.456179 5.138118 6.035947 3.264010 1.362856 -0.003706 -0.038608 -0.019438 0.958528 2.067994 -0.003538 -0.992404 -2.110635 -0.001393 -0.005492 -3.775996 -0.033975 -0.001277 0.728985 -0.968642 -0.232540 -1.828363 -0.021068 -0.002259 2.186651 -0.298650 1.064122 0.751994 -0.337053 -0.005741 -0.002363 2.798860 2.512106 -0.011008 -1.767540 -2.831260 -0.086041 -2.177501 -1.352121 -0.068805 -0.240946 0.914613 2.255452 -9999.0 -9999.0 -9999.0
-9999.0 -9999.0 -9999.0 -9999.0 -9999.0 -9999.0 -9999.0 -9999.0 -0.003977 -0.006935 -0.021313 -0.005821 -2.150304 -0.179807 -0.043877 1.475755 2.774140 7.365339 6.181517 6.474953 4.994259 3.898230 2.987329 1.204072 0.742966 1.792199 3.756034 -0.514969 -1.648911 -2.028957 -4.657483 -0.002035 -0.001887 -0.029117 -0.022963 0.316810 2.707686 -0.096354 -2.243982 0.558539 0.908791 0.636936 -2.012895 0.653262 2.211079 0.650866 -2.065429 -0.077551 -0.002351 2.612551 0.703701 -2.182085 -3.760243 -4.554714 -1.001412 -0.034981 0.451956 1.240618 0.932694 4.100023 -9999.0 -9999.0 -9999.0
-9999.0 -9999.0 -9999.0 -9999.0 -9999.0 -9999.0 -9999.0 -9999.0 -2.470202 -1.680899 -1.777225 -0.022267 0.324218 -1.580737 -0.633042 -0.004262 1.778453 2.366072 5.389724 7.003541 10.607022 9.458697 8.929593 8.056837 3.231069 3.184750 0.724487 -0.130819 -3.338521 -0.021118 -0.038023 0.643672 -0.000431 0.734253 -0.002716 0.599084 3.976669 -0.020180 -0.075426 0.444076 -0.001471 -3.519320 0.817587 0.454456 0.515002 -0.408573 -2.464595 0.385971 -0.070217 1.363148 2.145555 -0.032183 -4.167343 -0.054535 -0.000361 -1.898425 -0.239549 -0.020771 2.844095 5.484188 6.864785 -9999.0 -9999.0
-9999.0 -9999.0 -9999.0 -9999.0 -9999.0 -9999.0 -9999.0 -9999.0 -0.001492 0.278110 -0.027007 -2.377160 -0.031077 -1.848948 -0.150463 -0.514971 0.155211 3.276234 5.311494 10.352965 7.462978 9.816121 9.855445 6.044828 7.375180 3.094769 0.245629 -0.944259 -3.072373 -0.001398 0.796001 0.637339 -1.823918 -1.664406 0.714218 3.008705 -0.022580 1.515179 -0.039263 -0.342722 0.434041 0.944161 0.517068 -0.005185 -1.691968 0.197277 0.521848 -0.007308 -1.655979 -0.001843 2.455143 0.571041 -2.960173 -4.004393 -1.098036 -0.081203 1.360638 2.732982 5.382059 5.745075 6.348562 -9999.0 -9999.0
-9999.0 -9999.0 -9999.0 -9999.0 -9999.0 -9999.0 -9999.0 -9999.0 0.076151 0.405741 -0.351438 -3.950412 -0.003040 -0.761119 -0.365330 0.139332 3.859705 5.108278 7.296502 5.575985 6.889584 7.272994 9.402018 8.670733 3.495407 0.892558 -0.008018 -1.697311 0.609756 -0.361546 -0.220608 -0.209518 -0.012699 -0.065367 -0.024650 2.585971 4.692984 3.943893 0.547370 -0.027124 1.190304 1.238573 1.219183 2.177757 -0.003721 0.907368 0.963334 1.528069 0.270459 -0.247424 -0.003176 2.117824 0.682414 -0.079798 0.953666 1.894778 3.530128 4.638452 5.586964 6.071307 5.021295 2.543681 -9999.0
-9999.0 -9999.0 -9999.0 -9999.0 -9999.0 -9999.0 -9999.0 -9999.0 -0.274665 -0.006907 -1.699487 -1.301677 -0.397464 -0.158060 2.837144 2.520026 5.053222 2.292859 0.658978 2.754406 4.636030 6.657918 6.891263 6.593380 6.591532 -0.005246 -0.804900 -0.019236 -0.003736 -0.034475 -0.336383 0.267393 2.369812 1.466746 0.594004 1.491005 3.468747 5.939031 5.338301 2.343258 0.837374 0.541724 0.486426 -0.009287 -0.171070 1.360469 -0.049385 -0.295039 -0.049941 0.330960 1.707470 1.579647 1.831247 2.038258 2.682647 3.060629 3.710948 4.549114 5.233315 5.313023 4.069532 1.935223 -9999.0
-9999.0 -9999.0 0.431653 -0.001539 -2.909250 -1.802916 -2.547810 -1.842082 -0.037280 -0.030503 -1.505101 -0.532887 -0.108669 -0.021151 4.044907 1.864355 -0.002203 -0.938366 -0.075770 -0.004463 2.623850 5.334716 5.834461 6.037364 4.681766 1.907143 -0.005780 -0.004687 2.338155 3.875732 -0.003695 0.565471 5.927856 3.271447 4.485018 4.498320 7.348733 8.207681 7.122406 4.443129 5.022979 4.866930 4.107664 2.708371 -0.002111 0.419218 1.817698 1.326600 2.591333 3.611146 4.834907 4.149702 3.399906 2.926737 2.844689 6.668145 3.494011 3.907992 3.594924 3.402770 4.751370 1.143145 -9999.0
-9999.0 -0.454125 -0.547593 -0.604550 -0.715143 -0.822216 -0.948270 -1.747836 -2.710896 -0.025992 -1.711779 -0.576514 -0.006100 3.338818 3.194390 -0.279468 -0.458979 -1.783075 -0.563805 -0.004282 2.375387 4.146378 6.597781 4.749642 8.016125 4.479049 6.103351 6.289148 5.143329 3.322872 3.644319 3.826414 5.472078 8.878141 7.997410 9.150536 10.842212 11.111319 10.954373 9.192756 8.523441 8.396300 7.640822 4.699889 3.396632 3.797032 4.770985 5.827854 6.829168 5.966437 5.010032 4.041376 3.274605 2.508024 2.438591 1.949864 0.721983 1.073922 1.739265 3.482928 0.413060 0.937464 -9999.0
-9999.0 1.802811 -0.048454 -0.067085 0.534891 -0.189587 -2.234706 -2.267261 -0.039356 -0.029264 -1.662989 -0.969062 -0.002667 3.307488 -0.081741 -3.289770 -1.623137 -1.815950 -0.770499 -0.011439 3.873456 1.836836 2.920953 3.092836 7.468072 8.799753 5.357935 6.406493 6.239301 6.307903 6.457886 6.227230 7.241718 8.189126 11.769560 11.201348 16.512813 17.561028 13.919140 12.834939 12.098049 11.078526 10.082911 7.975079 7.851466 7.716873 7.987140 7.647600 6.995077 6.095677 4.061028 1.880007 0.842469 1.380750 0.618502 -0.004068 -0.282787 -0.013600 -0.005484 -0.059997 -0.003369 -9999.0 -9999.0
