user2019/resources/simulation/Vinschgau/output-maps/TL0007N1223.asc
ncols         63
nrows         48
xllcorner     598000.000000
yllcorner     5145000.000000
cellsize      1000.000000
NODATA_value  -9999.0
[rows 0 to 27 of 48, columns 0 to 62 of 63]
-9999.0 -9999.0 -9999.0 -9999.0 -9999.0 -9999.0 -9999.0 -9999.0 -9999.0 -9999.0 -9999.0 -9999.0 -9999.0 -9999.0 -9999.0 -9999.0 -9999.0 -9999.0 -9999.0 -9999.0 -9999.0 -9999.0 -9999.0 -9999.0 -9999.0 -9999.0 -9999.0 -9999.0 -9999.0 -9999.0 -9999.0 -9999.0 -9999.0 -9999.0 -9999.0 -9999.0 -9999.0 -9999.0 -9999.0 -9999.0 -9999.0 -9999.0 -9999.0 -9999.0 -9999.0 -9999.0 -9999.0 -9999.0 -9999.0 -9999.0 -9999.0 -9999.0 -9999.0 -9999.0 -9999.0 -9999.0 -9999.0 -9999.0 -9999.0 -9999.0 -9999.0 -9999.0 -9999.0
-9999.0 -9999.0 -9999.0 -9999.0 -9999.0 -9999.0 -9999.0 -9999.0 -9999.0 -9999.0 -9999.0 -9999.0 -9999.0 -9999.0 -9999.0 -9999.0 -9999.0 -9999.0 -9999.0 -9999.0 -9999.0 -9999.0 -9999.0 -9999.0 -9999.0 -9999.0 -9999.0 2.526011 0.823230 3.028258 -0.003124 -0.004961 -0.056008 -9999.0 -9999.0 -9999.0 -9999.0 -9999.0 -9999.0 -9999.0 -9999.0 -9999.0 -9999.0 -9999.0 -9999.0 -9999.0 -9999.0 -9999.0 -9999.0 -9999.0 -9999.0 -9999.0 -9999.0 -9999.0 -9999.0 -9999.0 -9999.0 -9999.0 -9999.0 -9999.0 -9999.0 -9999.0 -9999.0
-9999.0 -9999.0 -9999.0 -9999.0 -9999.0 -9999.0 -9999.0 -9999.0 -9999.0 -9999.0 -9999.0 -9999.0 -9999.0 -9999.0 -9999.0 -9999.0 -9999.0 -9999.0 -9999.0 -9999.0 -9999.0 -9999.0 -9999.0 -9999.0 0.875745 0.983991 1.062904 0.888514 1.031261 1.083612 -0.003887 -9999.0 -9999.0 -9999.0 -9999.0 -9999.0 -9999.0 -9999.0 -9999.0 -9999.0 -9999.0 -9999.0 -9999.0 -9999.0 -9999.0 -9999.0 -9999.0 -9999.0 -9999.0 -9999.0 -9999.0 -9999.0 -9999.0 -9999.0 -9999.0 -9999.0 -9999.0 -9999.0 -9999.0 -9999.0 -9999.0 -9999.0 -9999.0
-9999.0 -9999.0 -9999.0 -9999.0 -9999.0 -9999.0 -9999.0 -9999.0 -9999.0 -9999.0 -9999.0 -9999.0 -9999.0 -9999.0 -9999.0 -9999.0 -9999.0 -9999.0 -9999.0 -9999.0 -9999.0 -9999.0 -9999.0 1.023339 1.266223 3.879484 4.155751 4.300758 4.491832 1.865552 -0.002853 -0.025831 -9999.0 -9999.0 -9999.0 -9999.0 -9999.0 -9999.0 -9999.0 -9999.0 -9999.0 -9999.0 -9999.0 -9999.0 -9999.0 -9999.0 -9999.0 -9999.0 -9999.0 -9999.0 -9999.0 -9999.0 -9999.0 -9999.0 -9999.0 -9999.0 -9999.0 -9999.0 -9999.0 -9999.0 -9999.0 -9999.0 -9999.0
-9999.0 -9999.0 -9999.0 -9999.0 -9999.0 -9999.0 -9999.0 -9999.0 -9999.0 -9999.0 -9999.0 -9999.0 -9999.0 -9999.0 -9999.0 -9999.0 -9999.0 -9999.0 6.722788 2.186112 -9999.0 1.136388 1.509681 3.827904 3.730019 4.581290 4.633727 4.899100 2.670933 1.142151 1.028238 -0.002079 0.721396 0.852610 -9999.0 -9999.0 -9999.0 -9999.0 -9999.0 -9999.0 -9999.0 -9999.0 -9999.0 -9999.0 -9999.0 -9999.0 -9999.0 -9999.0 -9999.0 -9999.0 -9999.0 -9999.0 -9999.0 -9999.0 -9999.0 -9999.0 -9999.0 -9999.0 -9999.0 -9999.0 -9999.0 -9999.0 -9999.0
-9999.0 -9999.0 -9999.0 -9999.0 -9999.0 -9999.0 -9999.0 -9999.0 -9999.0 -9999.0 -9999.0 -9999.0 -9999.0 -9999.0 -9999.0 -9999.0 -9999.0 5.401579 4.065049 4.860932 5.561899 -0.002925 1.563254 3.626008 5.451700 -0.003839 -0.063659 0.576919 -0.047985 2.420274 2.584626 1.073638 3.458675 2.208244 0.712953 0.817888 -9999.0 -9999.0 -9999.0 -9999.0 -9999.0 -9999.0 -9999.0 -9999.0 -9999.0 -9999.0 -9999.0 -9999.0 -9999.0 -9999.0 -9999.0 -9999.0 -9999.0 -9999.0 -9999.0 -9999.0 -9999.0 -9999.0 -9999.0 -9999.0 -9999.0 -9999.0 -9999.0
-9999.0 -9999.0 -9999.0 -9999.0 -9999.0 -9999.0 -9999.0 -9999.0 -9999.0 -9999.0 -9999.0 -9999.0 -9999.0 5.453372 3.320170 3.773876 5.110786 12.568459 5.167204 4.320580 4.040566 3.564536 4.490716 5.621899 -0.002507 1.994350 0.059622 -0.064382 -0.046834 -0.003276 -0.211693 1.166119 0.887569 -0.002634 0.868298 0.775685 -9999.0 -9999.0 -9999.0 -9999.0 -9999.0 -9999.0 -9999.0 -9999.0 -9999.0 -9999.0 -9999.0 -9999.0 -9999.0 -9999.0 -9999.0 -9999.0 -9999.0 -9999.0 -9999.0 -9999.0 -9999.0 -9999.0 -9999.0 -9999.0 -9999.0 -9999.0 -9999.0
-9999.0 -9999.0 -9999.0 -9999.0 -9999.0 -9999.0 -9999.0 -9999.0 -9999.0 -9999.0 -9999.0 -9999.0 -9999.0 6.170857 5.212163 4.483994 4.287798 11.426253 12.636443 6.181030 4.426207 7.894576 3.024781 1.600723 2.402021 0.491748 0.822926 3.029908 0.996871 -0.079344 -0.321998 -0.001394 0.745679 0.195553 0.648329 -9999.0 -9999.0 -9999.0 -9999.0 -9999.0 -9999.0 -9999.0 -9999.0 -9999.0 -9999.0 -9999.0 -9999.0 -9999.0 -9999.0 -9999.0 -9999.0 -9999.0 -9999.0 -9999.0 -9999.0 -9999.0 -9999.0 -9999.0 -9999.0 -9999.0 -9999.0 -9999.0 -9999.0
-9999.0 -9999.0 -9999.0 -9999.0 -9999.0 -9999.0 -9999.0 -9999.0 -9999.0 -9999.0 -9999.0 -9999.0 -9999.0 5.356171 5.376391 6.548104 4.163235 4.852482 13.097646 5.198910 9.083651 3.794130 -0.003872 -0.004016 2.687417 1.816609 4.118166 0.896222 -0.022480 0.684437 -0.004588 -1.764373 -0.006425 -5.311707 0.880134 -9999.0 -9999.0 -9999.0 -9999.0 -9999.0 -9999.0 -9999.0 -9999.0 -9999.0 -9999.0 -9999.0 -9999.0 -9999.0 -9999.0 -9999.0 -9999.0 -9999.0 -9999.0 -9999.0 -9999.0 -9999.0 -9999.0 -9999.0 -9999.0 -9999.0 -9999.0 -9999.0 -9999.0
-9999.0 -9999.0 -9999.0 -9999.0 -9999.0 -9999.0 -9999.0 -9999.0 -9999.0 -9999.0 -9999.0 -9999.0 4.236843 4.900394 6.258806 4.606726 2.775035 4.421169 12.375271 6.685567 4.428076 -0.003821 0.379927 -0.027400 -0.309578 0.814611 -1.486650 -0.003970 -0.001778 0.711053 -0.181187 0.726605 -0.030279 0.824312 -9999.0 -9999.0 -9999.0 -9999.0 -9999.0 -9999.0 -9999.0 -9999.0 -9999.0 -9999.0 -9999.0 -9999.0 -9999.0 -9999.0 -9999.0 -9999.0 -9999.0 -9999.0 -9999.0 -9999.0 -9999.0 -9999.0 -9999.0 -9999.0 -9999.0 -9999.0 -9999.0 -9999.0 -9999.0
-9999.0 -9999.0 -9999.0 -9999.0 -9999.0 -9999.0 -9999.0 -9999.0 -9999.0 -9999.0 -9999.0 5.321919 5.661309 2.881015 5.798779 8.101033 6.016552 4.775290 11.860663 8.199426 3.126128 3.278862 3.131396 0.992567 0.558408 0.988851 -0.019770 0.410295 -0.035078 0.720573 0.808349 0.889704 0.867124 0.815201 0.761967 1.513669 0.385041 0.764151 0.844099 -9999.0 -9999.0 -9999.0 0.838219 -9999.0 -9999.0 -9999.0 -9999.0 -9999.0 -9999.0 -9999.0 -9999.0 -9999.0 -9999.0 -9999.0 -9999.0 -9999.0 -9999.0 -9999.0 -9999.0 -9999.0 -9999.0 -9999.0 -9999.0
-9999.0 -9999.0 -9999.0 -9999.0 -9999.0 -9999.0 -9999.0 -9999.0 -9999.0 -9999.0 -9999.0 4.730295 5.296726 6.997919 6.727343 7.726765 7.964292 5.247307 12.163344 9.101104 8.836143 5.274433 1.188581 -0.882855 -0.578849 0.805466 -0.001065 0.994859 3.104790 0.821616 -0.001198 1.007217 -0.024004 -0.034230 -0.029107 0.738491 1.424169 2.857886 0.830185 0.781810 0.851702 0.937692 -0.002330 0.777152 -9999.0 -9999.0 -9999.0 -0.063390 -0.042653 0.499400 -0.041937 -0.006058 0.014443 -0.088216 -0.092826 -0.005719 -9999.0 -9999.0 -9999.0 -9999.0 -9999.0 -9999.0 -9999.0
-9999.0 -9999.0 -9999.0 -9999.0 -9999.0 -9999.0 -9999.0 -9999.0 -9999.0 -9999.0 -9999.0 4.309873 5.181913 1.160985 7.380047 8.492911 3.132925 4.177076 10.634657 9.034501 2.527274 0.367174 -0.147924 0.887527 0.811801 2.706237 -0.394993 -1.960512 1.856910 -0.026537 0.981425 -0.664914 0.968634 -0.031365 0.748809 1.062970 -0.679320 -0.657058 3.739087 1.018407 0.828199 0.500418 1.002712 0.690258 -0.035416 -9999.0 0.856615 -0.037865 -0.003810 0.835752 0.985944 3.225603 0.747440 -0.005379 -0.010122 -0.033121 -9999.0 -9999.0 -9999.0 -9999.0 -9999.0 -9999.0 -9999.0
-9999.0 -9999.0 -9999.0 -9999.0 -9999.0 -9999.0 -9999.0 -9999.0 -9999.0 -9999.0 -9999.0 -9999.0 4.872562 -0.028791 6.208420 6.621787 1.049759 3.199590 11.362607 8.831574 2.453928 1.080678 -0.070826 -0.496535 -1.316538 -0.378707 0.935961 1.045461 -0.002709 0.830161 -0.001304 -0.507194 1.293532 -0.022595 -0.028303 0.867318 -0.436486 -1.050611 4.875261 2.686945 3.037946 3.949601 -0.327311 1.059849 0.812735 -0.035984 0.627789 -0.033142 -1.377075 -0.436750 -0.009754 -1.867995 -2.171740 -1.741908 -1.168919 -0.028562 -0.036792 -9999.0 -9999.0 -9999.0 -9999.0 -9999.0 -9999.0
-9999.0 -9999.0 -9999.0 -9999.0 -9999.0 -9999.0 -9999.0 -9999.0 -9999.0 -9999.0 -9999.0 -0.238887 2.044583 6.367352 -0.046104 0.863513 2.106683 2.497326 10.821166 4.399218 2.733479 0.760358 -0.004712 -0.250422 -0.367081 -0.947008 -0.640979 -0.003232 -0.007129 2.969165 -0.379457 -0.944969 1.308063 -0.007383 -0.030721 0.160035 0.823829 -0.064505 0.604425 4.841335 -0.051720 -0.012345 -0.068515 0.097507 2.932371 -0.002690 -0.000972 2.818405 3.653951 -0.014051 -1.536468 -0.002497 -2.030795 -4.226181 -4.765917 -3.931009 0.614261 -9999.0 -9999.0 -9999.0 -9999.0 -9999.0 -9999.0
-9999.0 -9999.0 -9999.0 -9999.0 -9999.0 -9999.0 -9999.0 -9999.0 -9999.0 -9999.0 -0.001234 -0.090535 1.290246 2.650230 4.837120 -0.021886 -0.024383 -0.003027 3.577313 4.044082 6.677135 4.760698 -0.263374 3.321950 -0.003001 -0.688932 -0.597502 -2.380288 1.564351 2.027263 -0.647193 -0.943570 1.187431 -0.009973 0.866894 1.013901 1.460543 -0.404207 -0.441735 0.935636 1.066233 2.235579 7.625899 0.985256 -0.022598 2.975894 0.895859 -0.414527 -0.392708 -0.001274 -3.052802 0.491207 -5.185557 -4.944573 -0.294557 -0.006617 -0.007799 -9999.0 -9999.0 -9999.0 -9999.0 -9999.0 -9999.0
-9999.0 -9999.0 -9999.0 -9999.0 -9999.0 -9999.0 -9999.0 -9999.0 -9999.0 0.883132 -0.001673 -0.055564 -0.047955 -0.069750 -0.152781 -0.069877 -0.024187 5.627941 3.509495 4.096417 7.129524 0.912082 0.291998 1.336411 0.437519 -0.981368 -1.138970 2.305548 -0.054697 -0.026701 0.599153 -1.182919 1.603849 0.790672 0.934348 0.973410 1.090513 -0.514909 -0.319670 -0.099805 -0.722831 -0.266474 -0.204040 1.602877 1.097699 -0.021054 4.240176 -0.096146 -0.090228 0.646536 -1.138137 0.571068 -4.365374 -0.071876 -0.022898 -3.817193 -3.203151 0.765577 -0.005509 -9999.0 -9999.0 -9999.0 -9999.0
-9999.0 -9999.0 -9999.0 -9999.0 -9999.0 -9999.0 -9999.0 -9999.0 -9999.0 0.861900 0.832786 2.651581 3.884062 -0.001444 -0.026422 -0.073652 4.098978 1.379687 4.082033 8.361411 7.867260 7.710789 5.148271 3.452775 -0.602783 -0.386989 -0.103905 -0.001587 1.192153 3.498595 2.760588 -1.556668 0.801465 -0.027302 -0.003839 0.956443 2.350955 3.822352 0.822133 2.048887 -0.535894 -0.508397 -0.053383 1.472323 2.683818 2.802553 2.484318 1.174328 -0.016811 0.848994 -2.446738 -3.497323 -0.263103 -0.461183 0.465873 -4.730783 -2.976833 -1.038895 2.029259 -9999.0 -9999.0 -9999.0 -9999.0
-9999.0 -9999.0 -9999.0 -9999.0 -9999.0 -9999.0 -9999.0 -9999.0 -9999.0 -9999.0 -0.001339 1.369384 -0.042985 -0.231592 -0.005460 -0.023877 -0.001339 2.490483 4.865261 5.677535 7.936137 2.755627 -0.002106 -0.217402 -0.226013 -0.023290 0.790897 1.706557 2.739552 -1.116801 -1.449965 -1.801353 -1.784254 -0.021430 0.471769 1.283840 1.113464 1.185848 2.326841 0.574152 -0.001791 1.134819 1.328392 -0.019413 -0.002768 -0.002257 1.711977 5.443555 3.990995 0.873532 -1.408356 -1.516221 -0.056632 -0.366639 -0.533449 -0.044411 -0.025255 -0.675378 -0.300026 -0.002409 -9999.0 -9999.0 -9999.0
-9999.0 -9999.0 -9999.0 -9999.0 -9999.0 -9999.0 -9999.0 -9999.0 -9999.0 -9999.0 -0.004774 0.922146 1.096722 -0.022483 4.315184 -0.004184 -0.003388 2.601860 5.279998 6.473828 3.402382 1.527709 -0.002732 -0.042403 -0.016491 1.260064 2.369778 -0.002301 -0.812886 -1.529695 0.624039 -0.000414 -1.890287 -0.025120 0.721020 1.306505 -0.605399 -0.102526 -1.548372 -0.004658 0.649093 4.860045 -0.232905 1.731789 1.349378 -0.252232 -0.001093 -0.002711 3.050101 2.921639 0.216121 -1.075003 -2.243838 -0.008080 -0.963768 -0.354584 -0.041588 -0.105677 0.974595 2.514421 -9999.0 -9999.0 -9999.0
-9999.0 -9999.0 -9999.0 -9999.0 -9999.0 -9999.0 -9999.0 -9999.0 -0.000607 -0.001549 -0.005026 -0.000756 -1.695191 -0.074960 -0.043854 1.587122 2.927507 8.523869 6.664293 6.902174 5.130230 4.057148 3.173522 1.450864 1.106498 1.897563 4.472701 -0.454861 -1.262936 -1.460394 0.493827 0.422998 0.467856 -0.022483 -0.000980 0.846586 4.408312 -0.080192 -2.048616 1.100730 3.191235 1.138121 -1.478931 2.052112 4.334245 1.075471 -1.871476 -0.059794 -0.002343 2.931239 1.020095 -2.047794 -2.156342 -3.954991 -0.156877 -0.024228 0.790118 1.198333 1.306953 4.404031 -9999.0 -9999.0 -9999.0
-9999.0 -9999.0 -9999.0 -9999.0 -9999.0 -9999.0 -9999.0 -9999.0 -2.013774 -0.922561 -1.564629 -0.008374 0.840068 -1.139211 -0.477366 -0.002286 1.925095 2.511220 5.522157 7.442654 11.983819 10.716515 10.353074 9.454549 3.390950 3.337717 0.814347 -0.082073 -2.432258 -0.004749 -0.030053 1.938377 0.881785 2.470353 0.185439 1.053522 5.513123 -0.017432 -0.060430 1.046441 0.673785 -0.064615 2.726379 1.106647 0.880570 -0.411641 -1.855446 0.965761 -0.054193 1.442103 2.414155 -0.027534 -4.238717 -0.037978 0.715144 -1.696875 -0.129073 -0.014413 3.250740 6.072428 7.280471 -9999.0 -9999.0
-9999.0 -9999.0 -9999.0 -9999.0 -9999.0 -9999.0 -9999.0 -9999.0 0.626515 -0.000171 -0.022189 -1.758948 -0.003532 -1.316768 -0.094589 -0.449744 0.248136 3.811696 5.445061 11.662926 7.895501 10.974731 11.126074 6.530899 8.520301 3.232992 0.339732 -0.766329 -2.236899 0.417864 2.753143 1.125387 -0.701404 -0.451458 1.230505 4.942253 -0.010722 1.683560 -0.041768 -0.219189 1.037943 3.193423 0.946289 -0.001323 -0.644266 0.847813 0.946638 -0.002063 -0.940349 -0.002063 2.561415 0.862281 -3.100906 -4.084039 -0.073942 -0.052477 1.606161 3.048530 6.012125 6.312986 6.853013 -9999.0 -9999.0
-9999.0 -9999.0 -9999.0 -9999.0 -9999.0 -9999.0 -9999.0 -9999.0 0.556197 1.005611 -0.100776 -2.526059 -0.000604 -0.386784 -0.337879 0.203788 3.992798 5.236640 8.405798 5.696446 7.327639 7.714993 10.472862 9.707782 3.628035 1.009598 -0.002304 -1.499751 1.062951 -0.575645 -0.102409 -0.108029 -0.002502 -0.051047 -0.033264 4.222924 6.531897 4.093589 0.704537 -0.017725 2.449459 2.604167 2.343844 4.263835 -0.000855 3.163175 1.789102 3.602486 0.782963 -0.143257 -0.001941 2.269267 0.964462 -0.061324 1.228470 2.156658 3.866670 4.811800 5.721597 6.580268 5.570134 2.701391 -9999.0
-9999.0 -9999.0 -9999.0 -9999.0 -9999.0 -9999.0 -9999.0 -9999.0 -0.063114 -0.001296 -1.271544 -1.112986 -0.368655 -0.127322 3.552899 2.865244 5.812745 2.414470 0.819330 2.895444 4.768249 7.094693 7.327495 7.019164 7.831628 0.141800 -0.631716 -0.016869 -0.001325 -0.028795 -0.128925 0.788866 2.761762 1.737262 0.962771 2.005002 4.160509 6.091587 5.466675 2.687524 1.224955 1.001092 1.146063 0.164293 -0.110795 3.250696 -0.045600 -0.112583 -0.045017 0.711252 2.099325 1.730277 1.960083 2.338287 2.974792 3.349071 4.021620 4.934546 5.779942 5.941016 4.203940 2.107501 -9999.0
-9999.0 -9999.0 0.943800 0.670127 -2.456962 -0.504164 -1.704753 -1.651195 -0.026422 -0.009868 -0.860562 -0.426174 -0.108987 -0.017712 4.800939 2.094778 -0.002615 -0.762291 -0.061030 -0.002534 2.766379 5.476516 6.382337 6.155943 5.108723 2.040208 -0.004067 0.036046 2.556319 4.654986 -0.002351 0.793871 6.962347 3.422210 5.200449 4.660867 7.833087 8.344401 7.263180 4.579085 5.570859 5.562774 4.300050 3.101115 -0.002383 0.884285 2.141526 1.436520 3.054567 4.271171 5.357439 4.620796 3.718604 3.221675 3.129610 7.692286 3.800355 4.251519 4.045923 3.553542 5.684061 1.301696 -9999.0
-9999.0 -0.123514 -0.374934 -0.477238 -0.411695 -0.714917 -1.342663 -1.579428 -2.116250 -0.021676 -1.497931 -0.523168 -0.001167 4.123918 3.805671 -0.233832 -0.506964 -0.845730 -0.327697 -0.002460 2.538408 4.293777 7.784684 4.896569 9.083021 4.919021 7.214365 7.431440 5.638649 3.919995 4.229091 4.386521 6.087644 10.093325 8.448660 9.646145 11.315479 11.243816 11.446356 9.782843 8.981468 8.853043 8.150313 4.851840 3.547634 3.947315 5.291754 5.962327 7.265504 6.097459 5.517683 4.389913 3.584492 2.795971 2.721952 2.213598 0.805926 1.162545 2.015664 4.214655 0.529169 1.090463 -9999.0
-9999.0 3.531087 -0.045085 -0.055543 1.011140 -0.077941 -2.043616 -1.685126 -0.029060 -0.020707 -1.442846 -0.787614 0.258185 3.978628 -0.080223 -3.294284 -1.565086 -1.341894 -0.809427 -0.006935 4.620157 1.984834 3.070633 3.458677 8.857207 10.084540 5.478894 6.823786 6.708319 6.438077 6.584243 6.357634 7.819274 8.711459 12.922836 11.698467 17.847949 18.857963 14.380075 13.297202 12.573953 11.540354 10.519746 8.102719 7.970646 7.842677 8.431875 8.108551 7.471495 6.593136 4.589752 2.019617 0.940297 1.488459 0.687093 -0.002167 -0.265822 -0.003048 -0.001977 -0.005237 -0.002129 -9999.0 -9999.0
