user2019/resources/simulation/Vinschgau/output-maps/TL0001N0288.asc
ncols         63
nrows         48
xllcorner     598000.000000
yllcorner     5145000.000000
cellsize      1000.000000
NODATA_value  -9999.0
[rows 0 to 27 of 48, columns 0 to 61 of 63]
-9999.0 -9999.0 -9999.0 -9999.0 -9999.0 -9999.0 -9999.0 -9999.0 -9999.0 -9999.0 -9999.0 -9999.0 -9999.0 -9999.0 -9999.0 -9999.0 -9999.0 -9999.0 -9999.0 -9999.0 -9999.0 -9999.0 -9999.0 -9999.0 -9999.0 -9999.0 -9999.0 -9999.0 -9999.0 -9999.0 -9999.0 -9999.0 -9999.0 -9999.0 -9999.0 -9999.0 -9999.0 -9999.0 -9999.0 -9999.0 -9999.0 -9999.0 -9999.0 -9999.0 -9999.0 -9999.0 -9999.0 -9999.0 -9999.0 -9999.0 -9999.0 -9999.0 -9999.0 -9999.0 -9999.0 -9999.0 -9999.0 -9999.0 -9999.0 -9999.0 -9999.0 -9999.0
-9999.0 -9999.0 -9999.0 -9999.0 -9999.0 -9999.0 -9999.0 -9999.0 -9999.0 -9999.0 -9999.0 -9999.0 -9999.0 -9999.0 -9999.0 -9999.0 -9999.0 -9999.0 -9999.0 -9999.0 -9999.0 -9999.0 -9999.0 -9999.0 -9999.0 -9999.0 -9999.0 -6.662011 -6.463315 -6.072413 -7.704096 -8.362042 -8.279083 -9999.0 -9999.0 -9999.0 -9999.0 -9999.0 -9999.0 -9999.0 -9999.0 -9999.0 -9999.0 -9999.0 -9999.0 -9999.0 -9999.0 -9999.0 -9999.0 -9999.0 -9999.0 -9999.0 -9999.0 -9999.0 -9999.0 -9999.0 -9999.0 -9999.0 -9999.0 -9999.0 -9999.0 -9999.0
-9999.0 -9999.0 -9999.0 -9999.0 -9999.0 -9999.0 -9999.0 -9999.0 -9999.0 -9999.0 -9999.0 -9999.0 -9999.0 -9999.0 -9999.0 -9999.0 -9999.0 -9999.0 -9999.0 -9999.0 -9999.0 -9999.0 -9999.0 -9999.0 -5.593748 -5.292157 -4.910027 -5.406420 -5.159166 -5.554764 -7.712427 -9999.0 -9999.0 -9999.0 -9999.0 -9999.0 -9999.0 -9999.0 -9999.0 -9999.0 -9999.0 -9999.0 -9999.0 -9999.0 -9999.0 -9999.0 -9999.0 -9999.0 -9999.0 -9999.0 -9999.0 -9999.0 -9999.0 -9999.0 -9999.0 -9999.0 -9999.0 -9999.0 -9999.0 -9999.0 -9999.0 -9999.0
-9999.0 -9999.0 -9999.0 -9999.0 -9999.0 -9999.0 -9999.0 -9999.0 -9999.0 -9999.0 -9999.0 -9999.0 -9999.0 -9999.0 -9999.0 -9999.0 -9999.0 -9999.0 -9999.0 -9999.0 -9999.0 -9999.0 -9999.0 -5.437673 -4.724379 -6.726736 -7.052236 -7.130970 -6.800641 -5.454340 -6.826274 -7.170378 -9999.0 -9999.0 -9999.0 -9999.0 -9999.0 -9999.0 -9999.0 -9999.0 -9999.0 -9999.0 -9999.0 -9999.0 -9999.0 -9999.0 -9999.0 -9999.0 -9999.0 -9999.0 -9999.0 -9999.0 -9999.0 -9999.0 -9999.0 -9999.0 -9999.0 -9999.0 -9999.0 -9999.0 -9999.0 -9999.0
-9999.0 -9999.0 -9999.0 -9999.0 -9999.0 -9999.0 -9999.0 -9999.0 -9999.0 -9999.0 -9999.0 -9999.0 -9999.0 -9999.0 -9999.0 -9999.0 -9999.0 -9999.0 -6.408799 -4.776716 -9999.0 -5.326801 -4.587472 -5.883712 -5.189989 -0.114447 -5.622151 -5.981396 -0.110632 -6.420272 -5.457717 -6.987249 -7.153400 -8.623727 -9999.0 -9999.0 -9999.0 -9999.0 -9999.0 -9999.0 -9999.0 -9999.0 -9999.0 -9999.0 -9999.0 -9999.0 -9999.0 -9999.0 -9999.0 -9999.0 -9999.0 -9999.0 -9999.0 -9999.0 -9999.0 -9999.0 -9999.0 -9999.0 -9999.0 -9999.0 -9999.0 -9999.0
-9999.0 -9999.0 -9999.0 -9999.0 -9999.0 -9999.0 -9999.0 -9999.0 -9999.0 -9999.0 -9999.0 -9999.0 -9999.0 -9999.0 -9999.0 -9999.0 -9999.0 -1.052295 -4.564902 -6.824273 -4.099545 -4.354800 -5.313040 -6.384922 -0.265548 -6.211584 -6.624145 -5.985217 -6.780228 -6.197401 -6.070859 -5.525140 -6.020568 -6.581634 -8.511668 -9.587021 -9999.0 -9999.0 -9999.0 -9999.0 -9999.0 -9999.0 -9999.0 -9999.0 -9999.0 -9999.0 -9999.0 -9999.0 -9999.0 -9999.0 -9999.0 -9999.0 -9999.0 -9999.0 -9999.0 -9999.0 -9999.0 -9999.0 -9999.0 -9999.0 -9999.0 -9999.0
-9999.0 -9999.0 -9999.0 -9999.0 -9999.0 -9999.0 -9999.0 -9999.0 -9999.0 -9999.0 -9999.0 -9999.0 -9999.0 -5.548745 -4.627910 -5.265126 -5.576163 0.164507 -3.804189 -7.222995 -4.282239 -3.972387 -3.218068 -0.315851 -5.575159 -6.638082 -7.408343 -6.745271 -7.432024 -6.153738 -6.584718 -7.424370 -7.866756 -9.460635 -9.517234 -10.296307 -9999.0 -9999.0 -9999.0 -9999.0 -9999.0 -9999.0 -9999.0 -9999.0 -9999.0 -9999.0 -9999.0 -9999.0 -9999.0 -9999.0 -9999.0 -9999.0 -9999.0 -9999.0 -9999.0 -9999.0 -9999.0 -9999.0 -9999.0 -9999.0 -9999.0 -9999.0
-9999.0 -9999.0 -9999.0 -9999.0 -9999.0 -9999.0 -9999.0 -9999.0 -9999.0 -9999.0 -9999.0 -9999.0 -9999.0 -3.963466 -5.539505 -5.594607 -5.798518 -3.546321 0.405940 -3.718530 -0.170041 -6.060393 -5.778540 -5.702160 -5.254072 -5.834502 -6.434025 -8.044266 -8.640137 -7.707579 -6.899912 -9.312889 -9.348900 -10.466934 -10.208933 -9999.0 -9999.0 -9999.0 -9999.0 -9999.0 -9999.0 -9999.0 -9999.0 -9999.0 -9999.0 -9999.0 -9999.0 -9999.0 -9999.0 -9999.0 -9999.0 -9999.0 -9999.0 -9999.0 -9999.0 -9999.0 -9999.0 -9999.0 -9999.0 -9999.0 -9999.0 -9999.0
-9999.0 -9999.0 -9999.0 -9999.0 -9999.0 -9999.0 -9999.0 -9999.0 -9999.0 -9999.0 -9999.0 -9999.0 -9999.0 -4.843343 -5.844910 -1.688876 -5.712855 -5.485302 0.394949 -0.130030 -5.211369 -6.795071 -5.970345 -5.680895 -5.252939 -4.681683 -5.835150 -8.405193 -6.788521 -9.342960 -8.959012 -10.664173 -10.394840 -11.298193 -10.384378 -9999.0 -9999.0 -9999.0 -9999.0 -9999.0 -9999.0 -9999.0 -9999.0 -9999.0 -9999.0 -9999.0 -9999.0 -9999.0 -9999.0 -9999.0 -9999.0 -9999.0 -9999.0 -9999.0 -9999.0 -9999.0 -9999.0 -9999.0 -9999.0 -9999.0 -9999.0 -9999.0
-9999.0 -9999.0 -9999.0 -9999.0 -9999.0 -9999.0 -9999.0 -9999.0 -9999.0 -9999.0 -9999.0 -9999.0 -4.042636 -6.096598 -1.884975 -6.232112 -3.055148 -5.717513 0.249599 -2.598056 -5.037280 -6.537634 -5.803586 -6.081556 -4.728993 -7.868901 -5.969488 -6.815328 -5.858814 -8.729867 -9.623459 -7.983738 -7.988494 -10.165376 -9999.0 -9999.0 -9999.0 -9999.0 -9999.0 -9999.0 -9999.0 -9999.0 -9999.0 -9999.0 -9999.0 -9999.0 -9999.0 -9999.0 -9999.0 -9999.0 -9999.0 -9999.0 -9999.0 -9999.0 -9999.0 -9999.0 -9999.0 -9999.0 -9999.0 -9999.0 -9999.0 -9999.0
-9999.0 -9999.0 -9999.0 -9999.0 -9999.0 -9999.0 -9999.0 -9999.0 -9999.0 -9999.0 -9999.0 -5.047572 -5.386714 -3.784218 -6.262860 -5.695508 -6.695961 -5.984560 0.286336 -2.885029 -6.699328 -6.731092 -5.958405 -6.986309 -6.085643 -6.770589 -8.715791 -6.448085 -6.496029 -9.431217 -8.057631 -6.850818 -8.265010 -9.688912 -9.616029 -10.294421 -11.128614 -8.746376 -0.763564 -9999.0 -9999.0 -9999.0 -10.048757 -9999.0 -9999.0 -9999.0 -9999.0 -9999.0 -9999.0 -9999.0 -9999.0 -9999.0 -9999.0 -9999.0 -9999.0 -9999.0 -9999.0 -9999.0 -9999.0 -9999.0 -9999.0 -9999.0
-9999.0 -9999.0 -9999.0 -9999.0 -9999.0 -9999.0 -9999.0 -9999.0 -9999.0 -9999.0 -9999.0 -5.971791 -5.397640 -4.462792 -4.621600 -6.832529 -4.496435 -5.849907 0.342763 -0.448893 -2.662040 -4.459901 -5.343369 -5.995005 -6.268275 -7.138470 -6.387470 -5.540498 -6.748286 -8.881194 -6.921229 -6.702706 -7.818187 -9.036338 -10.810511 -10.790360 -0.445718 -0.953832 -1.456832 -5.861301 -11.800078 -11.886434 -9.658419 -9.036570 -9999.0 -9999.0 -9999.0 -1.036924 -5.025941 -5.004991 -2.858712 -3.640886 -3.286047 -0.328060 -0.242053 -2.749014 -9999.0 -9999.0 -9999.0 -9999.0 -9999.0 -9999.0
-9999.0 -9999.0 -9999.0 -9999.0 -9999.0 -9999.0 -9999.0 -9999.0 -9999.0 -9999.0 -9999.0 -5.076401 -5.781298 -5.773671 -4.237911 -6.034921 -4.634981 -5.702629 -0.008069 -0.134580 -4.476811 -5.380657 -4.642052 -4.969252 -7.239216 -6.372075 -4.755031 -6.571159 -7.692007 -7.783207 -8.346409 -7.252372 -7.206234 -9.440609 -10.298388 -6.503422 -3.028454 -2.069649 -1.215326 -3.374060 -0.987511 -10.826416 -8.687453 -8.152846 -8.136962 -9999.0 -7.502412 -5.706648 -3.815371 -2.023549 -2.607710 -1.998637 -0.048695 -0.027995 -0.069297 -0.346388 -9999.0 -9999.0 -9999.0 -9999.0 -9999.0 -9999.0
-9999.0 -9999.0 -9999.0 -9999.0 -9999.0 -9999.0 -9999.0 -9999.0 -9999.0 -9999.0 -9999.0 -9999.0 -5.048214 -4.269127 -2.461505 -4.204900 -4.886432 -5.809498 -0.180315 -0.138755 -5.163444 -5.639149 -6.499211 -4.888093 -5.895833 -4.588281 -6.626020 -7.216845 -7.193453 -7.177382 -6.952736 -6.657667 -7.188353 -8.749420 -10.569940 -11.317387 -5.218904 -3.557395 -1.530632 -3.299234 -0.600918 -2.381938 -6.731664 -7.842412 -6.982712 -6.818835 -6.598261 -5.641148 -5.207731 -4.214788 -6.085267 -2.676672 -1.540109 -0.767963 -3.470647 -3.399132 -0.731101 -9999.0 -9999.0 -9999.0 -9999.0 -9999.0
-9999.0 -9999.0 -9999.0 -9999.0 -9999.0 -9999.0 -9999.0 -9999.0 -9999.0 -9999.0 -9999.0 -3.359766 -5.829000 -5.967703 -3.808041 -4.102711 -4.661116 -5.838425 -0.977133 -0.135471 -4.589539 -5.508444 -4.634798 -4.883164 -4.514076 -5.885305 -4.844840 -7.490911 -6.516169 -6.287025 -5.670910 -5.761256 -6.755203 -8.711239 -10.997845 -10.992585 -11.637327 -4.594285 -2.750816 -0.868227 -4.176304 -2.406021 -4.698737 -5.655660 -7.965427 -6.789055 -5.165914 -4.444416 -4.271968 -5.422738 -5.925018 -5.879544 -4.792444 -6.477677 -5.670149 -6.325564 -2.495386 -9999.0 -9999.0 -9999.0 -9999.0 -9999.0
-9999.0 -9999.0 -9999.0 -9999.0 -9999.0 -9999.0 -9999.0 -9999.0 -9999.0 -9999.0 -2.450913 -3.098511 -2.762785 -5.271623 -1.773158 -5.844213 -5.254659 -5.732489 -4.549103 -0.187291 -0.414743 -4.980719 -6.114179 -5.580866 -6.768196 -4.476487 -6.741379 -6.383498 -4.780849 -5.257244 -6.580715 -6.389707 -7.093532 -8.921850 -11.216616 -10.470366 -9.895906 -4.850344 -3.805304 -0.752611 -0.204948 -5.829508 -6.749781 -4.516006 -5.859173 -6.055017 -5.290695 -6.475582 -5.154074 -6.531455 -3.991471 -6.316274 -6.250693 -6.588133 -6.011642 -0.680852 -0.678809 -9999.0 -9999.0 -9999.0 -9999.0 -9999.0
-9999.0 -9999.0 -9999.0 -9999.0 -9999.0 -9999.0 -9999.0 -9999.0 -9999.0 -5.883945 -2.237978 -2.558274 -6.316230 -3.150955 -2.142516 -4.964858 -5.526917 -4.486653 -1.335469 -0.159343 -0.392891 -5.435724 -5.405816 -0.246259 -4.661681 -6.305191 -5.281960 -5.464725 -5.569326 -4.960341 -2.407660 -6.966288 -9.115657 -9.994624 -9.176454 -9.483123 -9.450162 -9.695763 -9.403699 -8.672340 -3.403705 -7.630900 -7.785935 -1.563349 -4.753093 -3.619080 -0.961387 -6.686116 -3.849737 -2.389849 -3.148968 -4.167067 -7.002182 -5.388789 -3.790606 -2.368494 -0.133304 -0.130391 -1.363428 -9999.0 -9999.0 -9999.0
-9999.0 -9999.0 -9999.0 -9999.0 -9999.0 -9999.0 -9999.0 -9999.0 -9999.0 -6.100902 -5.727749 -5.839287 -1.971591 -6.315655 -3.642689 -3.151918 -1.588967 -6.003236 -3.157638 0.327462 0.126593 0.485511 -5.423831 -5.108831 -6.286524 -5.364724 -6.941651 -4.961794 -0.191014 -5.387048 -5.864041 -5.139128 -7.705772 -7.512165 -7.365650 -7.753270 -8.394446 -8.444913 -9.356983 -7.997860 -7.140559 -8.190475 -6.968982 -6.606347 -0.798096 -0.071904 -0.104795 -3.730990 -4.737629 -6.060499 -3.284714 -3.036093 -5.325314 -4.751820 -5.966691 -0.838632 -0.626160 -0.232269 -0.007720 -9999.0 -9999.0 -9999.0
-9999.0 -9999.0 -9999.0 -9999.0 -9999.0 -9999.0 -9999.0 -9999.0 -9999.0 -9999.0 -5.669439 -5.547318 -5.179610 -4.963496 -6.810592 -4.360498 -4.564540 -3.543811 -2.495514 -0.017201 -0.376351 -5.900496 -4.232089 -4.915792 -5.645557 -5.113402 -3.737284 -0.156539 -5.436288 -6.598056 -6.857244 -4.917560 -7.714207 -8.106122 -6.376490 -6.125934 -6.583751 -6.982606 -8.011735 -8.857510 -9.464503 -6.395100 -6.520355 -6.436130 -6.746945 -6.814583 -5.942687 -5.606519 -0.076853 -1.364215 -3.765374 -1.134986 -3.566886 -4.973145 -4.102290 -5.055727 -2.953209 -4.811096 -3.972029 -4.144049 -9999.0 -9999.0
-9999.0 -9999.0 -9999.0 -9999.0 -9999.0 -9999.0 -9999.0 -9999.0 -9999.0 -9999.0 -5.849987 -5.724397 -4.741590 -3.834319 0.054958 -5.375353 -5.720492 -3.979511 -0.035173 -0.014641 -0.357281 -2.667483 -6.128041 -7.028706 -6.808004 -3.195669 -0.119690 -6.308992 -5.915512 -8.003467 -7.448420 -5.862060 -6.198513 -7.879213 -7.614567 -7.183005 -7.024820 -5.912331 -5.951687 -8.150031 -6.403579 -6.004131 -6.038096 -7.074661 -3.210282 -5.348706 -4.864703 -5.940063 -0.235259 -0.105799 -3.902093 -0.930128 -0.138198 -3.382404 -4.655132 -3.125894 -5.349786 -0.655837 -3.161703 -0.355495 -9999.0 -9999.0
-9999.0 -9999.0 -9999.0 -9999.0 -9999.0 -9999.0 -9999.0 -9999.0 -2.231971 -2.617353 -5.665601 -4.758120 -4.743095 -5.042539 -4.224026 -1.323260 -0.449730 1.246774 0.235388 0.121893 -0.060306 -0.202476 -1.460262 -2.712145 -3.823498 -0.302954 -0.263845 -6.057664 -5.409197 -6.342241 -8.669899 -7.152438 -6.415513 -6.705415 -6.131886 -8.300938 -5.526249 -5.744161 -5.584847 -6.918582 -7.190038 -6.517533 -7.438927 -7.917249 -4.823620 -3.909071 -6.195520 -3.427426 -5.343446 -0.098013 -3.645987 -5.488924 -0.027546 -3.818361 -2.957094 -0.018638 -0.051205 -2.853832 -2.726280 -0.561655 -9999.0 -9999.0
-9999.0 -9999.0 -9999.0 -9999.0 -9999.0 -9999.0 -9999.0 -9999.0 -5.454311 -3.166124 -3.729502 -6.624570 -5.837774 -5.004967 -4.019166 -5.244364 -5.244451 -5.439013 0.004705 0.377973 2.284308 0.992534 0.333870 0.250108 -0.258234 -0.120338 -2.369590 -5.277670 -7.055704 -5.678919 -5.833394 -5.322784 -5.202261 -5.917165 -4.553522 -4.226110 -4.296390 -5.776209 -3.494203 -4.628003 -6.639460 -8.764234 -7.263577 -4.395511 -3.458105 -4.147166 -6.544256 -5.905733 -4.774406 -4.808444 -0.127213 -6.280874 -0.035409 -0.075204 -4.849820 -5.673446 -5.555710 -3.596565 -0.214205 0.802184 0.907864 -9999.0
-9999.0 -9999.0 -9999.0 -9999.0 -9999.0 -9999.0 -9999.0 -9999.0 -5.806266 -4.745396 -2.739059 -5.515073 -3.925759 -6.146553 -3.997830 -6.927306 -4.474644 -0.101433 0.004832 1.121810 0.671020 0.998431 1.303872 0.116894 0.822489 -3.340140 -6.240269 -5.461633 -5.779695 -4.701886 -5.409530 -3.864862 -3.958174 -3.410920 -3.388716 -4.819693 -4.274680 -5.359578 -2.769213 -4.277286 -5.128889 -5.441411 -3.333646 -5.160786 -5.168642 -5.485891 -4.168394 -1.304341 -4.526679 -4.914948 -0.156377 -1.635562 -6.971018 -3.890876 -3.460686 -1.584584 -0.394760 -0.145569 0.120008 0.125687 0.462886 -9999.0
-9999.0 -9999.0 -9999.0 -9999.0 -9999.0 -9999.0 -9999.0 -9999.0 -7.311113 -4.956582 -5.577262 -3.355002 -1.467403 -4.050060 -5.467835 -4.147115 -1.119282 0.072803 -0.439919 -0.010494 0.083944 0.328988 1.110593 0.358328 -0.347549 -6.017836 -4.105380 -4.222593 -5.431829 -6.619832 -3.871679 -3.613246 -4.977966 -5.677135 -3.690716 -2.824916 -2.745605 -3.109056 -4.038699 -1.307848 -3.945920 -2.353486 -1.917496 -2.364921 -2.180841 -3.847919 -0.660885 -0.904822 -0.885779 -6.005031 -4.172452 -0.194251 -0.498403 -0.787083 -0.431021 -0.291711 -0.074180 -0.150417 0.442673 0.496345 -0.118921 -3.895875
-9999.0 -9999.0 -9999.0 -9999.0 -9999.0 -9999.0 -9999.0 -9999.0 -5.732809 -4.214167 -1.753357 -6.315279 -4.913536 -4.338336 -0.128497 -0.178656 -0.870827 -5.508673 -5.311373 -5.195863 -0.106243 0.127538 0.023034 -0.010411 -0.196057 -5.748368 -6.581980 -6.285789 -4.302320 -4.425439 -4.463834 -5.716448 -2.620264 -5.645103 -4.735877 -4.373625 -4.955548 -0.010884 -2.063257 -4.452649 -4.217055 -5.020147 -4.864323 -6.038942 -1.878937 -2.209426 -5.670483 -4.335564 -5.616562 -2.769088 -0.373641 -0.394538 -0.288728 -0.075228 -0.131493 -0.119562 0.042616 0.099683 -0.034824 -0.111906 -1.017144 -2.979632
-9999.0 -9999.0 -4.431456 -3.677842 -4.481511 -3.305929 -2.381063 -2.903446 -3.889250 -3.827305 -3.726991 -3.824151 -3.991946 -0.620097 1.092797 -0.172130 -5.282489 -5.199195 -5.013375 -5.621997 -5.113237 -0.041055 0.015531 -0.020603 -0.080541 -2.180010 -4.206403 -5.222241 -3.697030 -0.479611 -6.234898 -5.699799 -0.088486 -3.539699 -0.682268 -2.482433 -0.026728 0.542827 -0.668669 -2.777127 -1.409723 -0.843587 -2.901385 -2.607084 -6.295473 -4.868904 -2.160726 -3.871841 -0.295055 -0.117313 0.100174 -0.063395 0.045298 -0.014048 -0.057433 0.361720 -0.126134 -0.133148 -0.291767 -2.733344 -2.602780 -0.666259
-9999.0 -3.467495 -3.911317 -2.840866 -2.851220 -2.815496 -3.892607 -4.460687 -4.464573 -5.232937 -3.916819 -2.266420 -2.727113 -0.114970 -0.189959 -2.720774 -4.533350 -4.568016 -3.458583 -5.878144 -3.697471 -1.959061 -0.005288 -0.075746 0.526308 -0.063994 0.514001 0.912503 -0.178539 -0.302997 -0.392237 -1.535656 -0.393795 0.896434 0.334541 1.023474 1.743488 3.317758 1.483701 0.413259 0.188635 0.162122 -0.038491 -2.532767 -3.220851 -2.887119 -0.116740 -0.290139 0.137250 -0.101198 -0.006498 -0.013128 -0.146220 -0.206220 -0.236346 -0.478253 -4.491937 -3.414549 -2.936022 -0.600040 -0.032302 -0.207604
-9999.0 -4.244688 -5.479411 -6.398265 -4.991357 -5.769963 -3.574752 -2.814767 -3.463457 -3.734562 -2.484702 -5.617868 -2.840635 -0.190253 -4.700371 -3.639377 -4.794846 -4.424828 -5.874702 -4.927893 -4.024235 -3.488255 -1.267626 -0.287991 0.591105 1.189895 0.072118 0.291751 0.248070 0.205893 0.493891 0.146569 -0.025907 0.153095 1.703568 2.231953 4.453759 7.848421 3.573629 3.555140 2.529967 1.876998 0.700152 1.052420 1.697994 1.599177 2.286225 2.074926 0.193426 0.024206 -0.040511 -3.278535 -4.191278 -1.265399 -4.992788 -1.593404 -2.358587 -0.639355 -0.364565 -0.057446 -0.044787 -9999.0
