user2019/resources/simulation/Vinschgau/output-maps/TL0008N0738.asc
ncols         63
nrows         48
xllcorner     598000.000000
yllcorner     5145000.000000
cellsize      1000.000000
NODATA_value  -9999.0
[rows 0 to 28 of 48, columns 0 to 62 of 63]
-9999.0 -9999.0 -9999.0 -9999.0 -9999.0 -9999.0 -9999.0 -9999.0 -9999.0 -9999.0 -9999.0 -9999.0 -9999.0 -9999.0 -9999.0 -9999.0 -9999.0 -9999.0 -9999.0 -9999.0 -9999.0 -9999.0 -9999.0 -9999.0 -9999.0 -9999.0 -9999.0 -9999.0 -9999.0 -9999.0 -9999.0 -9999.0 -9999.0 -9999.0 -9999.0 -9999.0 -9999.0 -9999.0 -9999.0 -9999.0 -9999.0 -9999.0 -9999.0 -9999.0 -9999.0 -9999.0 -9999.0 -9999.0 -9999.0 -9999.0 -9999.0 -9999.0 -9999.0 -9999.0 -9999.0 -9999.0 -9999.0 -9999.0 -9999.0 -9999.0 -9999.0 -9999.0 -9999.0
-9999.0 -9999.0 -9999.0 -9999.0 -9999.0 -9999.0 -9999.0 -9999.0 -9999.0 -9999.0 -9999.0 -9999.0 -9999.0 -9999.0 -9999.0 -9999.0 -9999.0 -9999.0 -9999.0 -9999.0 -9999.0 -9999.0 -9999.0 -9999.0 -9999.0 -9999.0 -9999.0 1.167827 2.382509 1.375833 1.326500 0.650096 0.766483 -9999.0 -9999.0 -9999.0 -9999.0 -9999.0 -9999.0 -9999.0 -9999.0 -9999.0 -9999.0 -9999.0 -9999.0 -9999.0 -9999.0 -9999.0 -9999.0 -9999.0 -9999.0 -9999.0 -9999.0 -9999.0 -9999.0 -9999.0 -9999.0 -9999.0 -9999.0 -9999.0 -9999.0 -9999.0 -9999.0
-9999.0 -9999.0 -9999.0 -9999.0 -9999.0 -9999.0 -9999.0 -9999.0 -9999.0 -9999.0 -9999.0 -9999.0 -9999.0 -9999.0 -9999.0 -9999.0 -9999.0 -9999.0 -9999.0 -9999.0 -9999.0 -9999.0 -9999.0 -9999.0 2.614550 3.183932 3.514094 3.403067 3.206411 2.609456 1.426514 -9999.0 -9999.0 -9999.0 -9999.0 -9999.0 -9999.0 -9999.0 -9999.0 -9999.0 -9999.0 -9999.0 -9999.0 -9999.0 -9999.0 -9999.0 -9999.0 -9999.0 -9999.0 -9999.0 -9999.0 -9999.0 -9999.0 -9999.0 -9999.0 -9999.0 -9999.0 -9999.0 -9999.0 -9999.0 -9999.0 -9999.0 -9999.0
-9999.0 -9999.0 -9999.0 -9999.0 -9999.0 -9999.0 -9999.0 -9999.0 -9999.0 -9999.0 -9999.0 -9999.0 -9999.0 -9999.0 -9999.0 -9999.0 -9999.0 -9999.0 -9999.0 -9999.0 -9999.0 -9999.0 -9999.0 2.990805 3.794270 4.810442 4.198718 4.168761 2.764663 3.142577 2.144064 1.546433 -9999.0 -9999.0 -9999.0 -9999.0 -9999.0 -9999.0 -9999.0 -9999.0 -9999.0 -9999.0 -9999.0 -9999.0 -9999.0 -9999.0 -9999.0 -9999.0 -9999.0 -9999.0 -9999.0 -9999.0 -9999.0 -9999.0 -9999.0 -9999.0 -9999.0 -9999.0 -9999.0 -9999.0 -9999.0 -9999.0 -9999.0
-9999.0 -9999.0 -9999.0 -9999.0 -9999.0 -9999.0 -9999.0 -9999.0 -9999.0 -9999.0 -9999.0 -9999.0 -9999.0 -9999.0 -9999.0 -9999.0 -9999.0 -9999.0 6.044752 3.794540 -9999.0 2.709291 3.391011 4.027245 2.404797 4.773212 4.990447 5.006143 6.170638 3.694446 3.001966 1.932556 1.115370 0.906009 -9999.0 -9999.0 -9999.0 -9999.0 -9999.0 -9999.0 -9999.0 -9999.0 -9999.0 -9999.0 -9999.0 -9999.0 -9999.0 -9999.0 -9999.0 -9999.0 -9999.0 -9999.0 -9999.0 -9999.0 -9999.0 -9999.0 -9999.0 -9999.0 -9999.0 -9999.0 -9999.0 -9999.0 -9999.0
-9999.0 -9999.0 -9999.0 -9999.0 -9999.0 -9999.0 -9999.0 -9999.0 -9999.0 -9999.0 -9999.0 -9999.0 -9999.0 -9999.0 -9999.0 -9999.0 -9999.0 7.043581 4.452750 3.957108 3.569643 2.641965 3.486172 1.832021 7.326461 2.400652 1.818045 2.148861 1.237821 1.912372 3.997933 2.749219 2.289089 1.105662 0.189395 -0.002428 -9999.0 -9999.0 -9999.0 -9999.0 -9999.0 -9999.0 -9999.0 -9999.0 -9999.0 -9999.0 -9999.0 -9999.0 -9999.0 -9999.0 -9999.0 -9999.0 -9999.0 -9999.0 -9999.0 -9999.0 -9999.0 -9999.0 -9999.0 -9999.0 -9999.0 -9999.0 -9999.0
-9999.0 -9999.0 -9999.0 -9999.0 -9999.0 -9999.0 -9999.0 -9999.0 -9999.0 -9999.0 -9999.0 -9999.0 -9999.0 2.183078 3.609655 4.117659 6.301696 8.992034 6.682136 4.181508 3.862678 4.070594 2.169617 6.511044 2.125095 1.885875 1.032197 1.352642 2.039201 2.102110 2.467166 1.780307 1.417905 0.550900 0.085028 -0.002498 -9999.0 -9999.0 -9999.0 -9999.0 -9999.0 -9999.0 -9999.0 -9999.0 -9999.0 -9999.0 -9999.0 -9999.0 -9999.0 -9999.0 -9999.0 -9999.0 -9999.0 -9999.0 -9999.0 -9999.0 -9999.0 -9999.0 -9999.0 -9999.0 -9999.0 -9999.0 -9999.0
-9999.0 -9999.0 -9999.0 -9999.0 -9999.0 -9999.0 -9999.0 -9999.0 -9999.0 -9999.0 -9999.0 -9999.0 -9999.0 3.216620 4.228445 4.479493 4.904316 7.581399 9.208652 6.225515 4.801829 4.197108 2.926597 2.257380 2.228046 1.691746 2.283635 0.456305 0.042855 0.686884 1.604200 0.469191 -0.002221 -0.002769 -0.002425 -9999.0 -9999.0 -9999.0 -9999.0 -9999.0 -9999.0 -9999.0 -9999.0 -9999.0 -9999.0 -9999.0 -9999.0 -9999.0 -9999.0 -9999.0 -9999.0 -9999.0 -9999.0 -9999.0 -9999.0 -9999.0 -9999.0 -9999.0 -9999.0 -9999.0 -9999.0 -9999.0 -9999.0
-9999.0 -9999.0 -9999.0 -9999.0 -9999.0 -9999.0 -9999.0 -9999.0 -9999.0 -9999.0 -9999.0 -9999.0 -9999.0 4.224935 5.374878 5.085852 4.320224 5.254337 9.233692 6.241971 5.201573 2.644251 1.581367 1.524134 3.257271 2.372767 1.652009 -0.002157 1.915764 -0.002752 0.469216 -0.003816 -0.002927 -0.002100 -0.003469 -9999.0 -9999.0 -9999.0 -9999.0 -9999.0 -9999.0 -9999.0 -9999.0 -9999.0 -9999.0 -9999.0 -9999.0 -9999.0 -9999.0 -9999.0 -9999.0 -9999.0 -9999.0 -9999.0 -9999.0 -9999.0 -9999.0 -9999.0 -9999.0 -9999.0 -9999.0 -9999.0 -9999.0
-9999.0 -9999.0 -9999.0 -9999.0 -9999.0 -9999.0 -9999.0 -9999.0 -9999.0 -9999.0 -9999.0 -9999.0 2.744707 4.938247 4.159058 2.235817 2.179731 4.374388 8.737033 5.575076 3.400373 2.033302 1.336618 1.504572 3.287102 0.866267 1.181979 1.584469 2.236819 -0.002244 0.141033 0.671912 1.569956 -0.002419 -9999.0 -9999.0 -9999.0 -9999.0 -9999.0 -9999.0 -9999.0 -9999.0 -9999.0 -9999.0 -9999.0 -9999.0 -9999.0 -9999.0 -9999.0 -9999.0 -9999.0 -9999.0 -9999.0 -9999.0 -9999.0 -9999.0 -9999.0 -9999.0 -9999.0 -9999.0 -9999.0 -9999.0 -9999.0
-9999.0 -9999.0 -9999.0 -9999.0 -9999.0 -9999.0 -9999.0 -9999.0 -9999.0 -9999.0 -9999.0 1.947625 1.609061 3.596032 1.893601 1.883453 2.124922 4.009889 9.350128 4.632444 2.759131 4.067323 2.205422 1.396176 1.715828 1.569510 0.440867 1.919210 2.563390 -0.002613 0.446993 2.316695 0.857646 0.075776 0.471845 0.864769 2.706104 3.615962 3.634561 -9999.0 -9999.0 -9999.0 0.194329 -9999.0 -9999.0 -9999.0 -9999.0 -9999.0 -9999.0 -9999.0 -9999.0 -9999.0 -9999.0 -9999.0 -9999.0 -9999.0 -9999.0 -9999.0 -9999.0 -9999.0 -9999.0 -9999.0 -9999.0
-9999.0 -9999.0 -9999.0 -9999.0 -9999.0 -9999.0 -9999.0 -9999.0 -9999.0 -9999.0 -9999.0 1.845735 1.419630 2.614209 2.714394 0.788983 4.298333 4.380820 9.258726 7.274343 5.830439 3.464140 2.579212 0.920541 1.111424 1.481156 2.123909 2.345722 1.139575 -0.002123 1.958568 2.328508 2.090434 1.235907 1.538629 1.874105 3.716679 5.703975 4.443418 1.805435 1.907209 0.928631 1.636401 0.802733 -9999.0 -9999.0 -9999.0 2.161587 1.437169 0.706834 1.875263 0.553548 0.223558 2.681753 2.468681 -0.002229 -9999.0 -9999.0 -9999.0 -9999.0 -9999.0 -9999.0 -9999.0
-9999.0 -9999.0 -9999.0 -9999.0 -9999.0 -9999.0 -9999.0 -9999.0 -9999.0 -9999.0 -9999.0 2.153151 1.156803 0.771493 2.891057 2.031659 1.174323 2.812272 6.257523 8.570670 4.199608 2.090263 1.745073 2.700948 0.939146 1.975138 1.840461 1.070578 0.561461 1.186512 0.348087 1.275417 2.422524 1.341765 0.761253 2.472075 1.098603 1.449673 7.420778 3.209705 4.086593 1.908354 1.665143 1.813199 1.510890 -9999.0 -0.002373 1.472106 1.977450 1.902415 3.068973 1.549102 2.007918 2.431325 2.052793 1.871269 -9999.0 -9999.0 -9999.0 -9999.0 -9999.0 -9999.0 -9999.0
-9999.0 -9999.0 -9999.0 -9999.0 -9999.0 -9999.0 -9999.0 -9999.0 -9999.0 -9999.0 -9999.0 -9999.0 1.533665 0.934822 3.278901 2.765631 1.106121 2.994445 7.508883 8.781481 3.136115 1.798546 2.202800 2.033405 1.150841 1.566992 4.485738 1.042432 1.442648 0.895577 2.036596 1.630779 2.153901 1.658786 0.760689 1.621588 1.184772 4.130273 9.076639 5.689639 5.968251 5.126764 1.695754 2.613225 0.965776 1.825367 0.578501 1.459115 0.869893 1.630105 3.714090 0.980893 3.450935 1.262786 0.796579 0.665710 1.639863 -9999.0 -9999.0 -9999.0 -9999.0 -9999.0 -9999.0
-9999.0 -9999.0 -9999.0 -9999.0 -9999.0 -9999.0 -9999.0 -9999.0 -9999.0 -9999.0 -9999.0 1.579465 1.013151 1.585873 1.264357 1.286149 2.225973 2.053372 6.496556 6.482555 3.419102 2.264424 2.224376 1.613585 1.656894 2.297307 1.751344 0.967142 2.186461 1.415950 1.868993 2.198000 3.171335 1.550708 0.508652 1.088685 1.006969 2.991827 5.818750 8.343071 2.086616 2.429864 1.579461 2.013884 4.546195 1.838979 1.674001 1.065795 1.004156 1.811290 -0.002512 0.602301 0.584298 -0.003147 -0.002973 0.174704 0.534988 -9999.0 -9999.0 -9999.0 -9999.0 -9999.0 -9999.0
-9999.0 -9999.0 -9999.0 -9999.0 -9999.0 -9999.0 -9999.0 -9999.0 -9999.0 -9999.0 3.245193 1.261938 2.983763 2.520057 3.277403 2.577926 1.704290 1.786044 4.659463 6.449550 7.530050 5.284613 1.600481 4.282279 2.812845 2.851485 1.066490 -0.002530 2.749758 3.049420 2.543857 0.973654 1.812829 0.997283 -0.002393 0.468836 1.697600 1.133255 1.275497 1.438093 1.415267 1.789442 2.947126 2.494609 1.325712 1.649460 1.655014 1.738788 2.461364 1.009177 -0.002489 -0.002399 -0.003456 -0.002087 -0.002497 1.818862 1.816885 -9999.0 -9999.0 -9999.0 -9999.0 -9999.0 -9999.0
-9999.0 -9999.0 -9999.0 -9999.0 -9999.0 -9999.0 -9999.0 -9999.0 -9999.0 1.175480 2.446461 1.601907 2.141243 1.636725 2.431257 1.448151 1.315853 4.895322 4.687080 6.949610 7.948991 3.029957 2.508103 3.930708 3.212786 1.089851 1.517342 3.225629 2.485492 2.961890 1.026800 0.179452 -0.002087 -0.003139 0.521117 0.571012 0.934562 0.893256 0.853407 1.409963 1.028490 1.579559 1.338631 2.859094 2.142760 2.509628 5.214957 2.457326 2.283821 4.976982 1.675561 0.334606 -0.002531 -0.002718 -0.002124 0.954798 1.077390 1.456001 0.874063 -9999.0 -9999.0 -9999.0 -9999.0
-9999.0 -9999.0 -9999.0 -9999.0 -9999.0 -9999.0 -9999.0 -9999.0 -9999.0 1.229262 1.053292 1.717054 5.565176 1.734980 2.273618 1.831719 3.682831 3.294245 5.303244 9.806890 9.560442 8.237488 5.500055 3.461992 1.308424 1.650126 2.542845 3.030447 1.309718 1.858831 2.394330 0.714132 1.214859 1.336695 1.956799 2.564999 1.681771 1.058701 1.032552 1.169308 1.218328 0.749193 2.178241 1.344704 3.104026 2.329571 1.780791 1.757810 1.149031 1.201120 -0.132717 0.492301 -0.002494 0.696122 -0.002127 0.672405 1.212362 2.139055 2.551534 -9999.0 -9999.0 -9999.0 -9999.0
-9999.0 -9999.0 -9999.0 -9999.0 -9999.0 -9999.0 -9999.0 -9999.0 -9999.0 -9999.0 1.374956 1.960215 1.298144 3.367122 2.819532 2.465433 2.468346 3.795321 5.978679 8.576441 7.731527 3.434256 2.134668 1.418036 1.951294 3.098772 1.048135 1.456308 2.539272 1.048185 0.777228 1.428602 0.349619 0.925289 2.391195 2.879203 4.243088 3.598546 1.925056 0.653690 0.471526 1.899106 2.195729 1.221780 1.999518 2.357816 1.069685 6.281125 5.780033 1.463536 -0.006081 1.364858 0.057749 -0.002379 0.317965 0.834454 1.161964 3.376047 3.248153 3.384713 -9999.0 -9999.0 -9999.0
-9999.0 -9999.0 -9999.0 -9999.0 -9999.0 -9999.0 -9999.0 -9999.0 -9999.0 -9999.0 1.293380 1.621761 1.971554 1.482973 8.262562 2.489444 2.531645 5.090676 7.003394 9.021867 6.204982 3.440877 2.379414 2.630582 2.784035 4.177446 2.253133 1.848161 1.253312 0.450979 0.888784 1.670172 -0.002492 0.749109 1.010615 0.904763 1.147238 2.351082 0.812654 0.806635 1.486461 1.132324 0.928291 0.865681 1.555572 1.110356 1.635247 1.159247 1.316207 5.320263 1.032872 1.765598 0.979003 0.106987 -0.002122 0.556993 0.471481 2.076862 1.226022 6.966394 -9999.0 -9999.0 -9999.0
-9999.0 -9999.0 -9999.0 -9999.0 -9999.0 -9999.0 -9999.0 -9999.0 3.148796 2.446206 1.910896 1.519803 1.206094 1.288560 1.699539 5.784564 3.001804 8.904371 9.511936 9.463144 7.842449 5.753233 4.846380 2.939557 3.812293 1.982166 6.660648 1.238321 0.976850 0.719326 -0.002238 1.025055 1.362221 1.319177 1.520687 0.450127 1.466698 2.379101 0.445405 1.144029 0.619858 1.159099 -0.002598 0.141653 2.605968 1.868451 0.592437 1.831286 0.852908 7.326278 1.136469 1.704386 1.572339 -0.002148 0.350455 2.287513 1.691753 4.715748 1.011460 6.302928 -9999.0 -9999.0 -9999.0
-9999.0 -9999.0 -9999.0 -9999.0 -9999.0 -9999.0 -9999.0 -9999.0 0.643594 1.314675 0.549893 0.833395 1.136604 1.378792 1.389225 1.430918 3.347876 3.685381 6.763721 9.787920 12.529526 11.667943 9.527311 7.676200 5.280840 2.263431 1.239151 2.403422 -0.002519 1.724952 1.642478 1.452598 1.820303 1.026850 2.159322 2.113423 2.441424 0.944869 1.764168 1.623788 0.866690 0.042882 0.222077 2.101625 2.565303 1.584411 -0.002624 1.045549 2.046704 1.080777 5.958635 2.938970 0.964910 1.977360 3.541638 1.734527 2.805963 0.953508 5.596794 10.718482 11.319376 -9999.0 -9999.0
-9999.0 -9999.0 -9999.0 -9999.0 -9999.0 -9999.0 -9999.0 -9999.0 0.957535 1.890798 1.767313 0.441260 2.783718 -0.002270 1.300963 1.429960 1.768738 2.770436 7.530998 12.187246 10.230516 12.293882 10.904183 8.801177 10.240858 4.217651 2.781917 1.435007 -0.002276 2.382479 1.464155 3.163459 1.091883 1.010452 1.828988 4.397514 2.007961 3.672637 1.469057 1.467452 1.477506 0.817996 1.853928 1.625088 0.763128 1.424131 1.571374 1.723923 1.240366 1.984012 2.765393 1.015207 1.161910 1.047857 2.703461 0.912964 1.383574 5.838676 8.315174 10.323154 10.946680 -9999.0 -9999.0
-9999.0 -9999.0 -9999.0 -9999.0 -9999.0 -9999.0 -9999.0 -9999.0 -0.002178 1.668539 1.653208 -0.002507 2.159061 1.662089 1.066804 1.518659 5.814525 7.521980 8.126833 8.685999 9.617638 10.316465 12.325339 12.198456 6.460847 3.176053 2.025666 1.242083 3.779153 2.258183 1.864096 2.035661 2.647390 2.742948 1.686040 3.522869 5.016484 2.285843 1.982967 1.637428 1.664382 2.552562 2.561033 2.934027 2.636135 1.272738 2.456913 2.274982 2.904321 2.569117 0.709369 1.644798 1.119664 3.900204 4.339287 5.296447 7.453703 8.910656 10.034227 10.810643 8.516891 4.734702 -9999.0
-9999.0 -9999.0 -9999.0 -9999.0 -9999.0 -9999.0 -9999.0 -9999.0 1.723185 1.716295 1.710826 0.683869 0.822186 0.914734 6.403464 6.282328 7.629779 4.738397 3.212968 3.914926 7.482328 9.869761 10.111197 9.928438 7.783048 3.019040 1.806105 2.858357 3.517909 3.348958 1.641991 2.687854 1.412668 3.131004 2.697102 3.257612 4.217988 2.732473 2.275817 3.963002 2.879903 2.601155 3.069844 2.513232 1.782947 3.957353 2.301376 2.858492 2.878348 1.013451 5.595862 4.092212 1.429052 5.715357 7.258928 9.079234 9.819402 10.117000 9.762674 7.683842 1.847569 1.118583 -9999.0
-9999.0 -9999.0 2.392589 2.677318 1.180547 1.348867 1.287584 1.157578 2.289043 1.583669 1.513816 2.149377 0.899886 4.859367 8.584297 6.956090 0.795805 1.366736 1.363379 2.415599 3.984526 7.176564 9.618717 9.514828 8.671048 3.716933 2.768273 2.889752 3.365291 6.004830 2.516049 2.736404 7.541935 1.545998 4.977097 4.682927 6.732492 3.657171 2.883475 4.203075 4.981732 4.785972 1.784998 4.056825 2.329016 2.980566 1.348251 1.363620 5.878187 6.461918 8.169801 10.165456 9.730779 9.479761 9.146631 11.181928 8.730168 8.083387 1.450725 1.628564 2.185150 0.958405 -9999.0
-9999.0 1.483535 1.366201 1.333952 1.266647 1.286869 1.130859 0.892973 0.341593 1.224846 0.924145 0.803984 5.264980 8.442799 8.187021 0.459319 1.412313 0.990675 2.940064 2.499542 4.945381 5.519118 9.737650 8.453085 10.873077 8.205465 9.651684 9.577498 6.909859 6.741041 6.269814 2.027029 2.169595 9.530344 7.424976 9.846377 10.377273 10.122565 10.425876 9.801134 8.815198 8.270026 7.699404 2.270957 1.957216 5.402689 8.786676 7.197304 8.868116 8.877518 9.719169 9.339522 8.357459 8.033795 7.946705 5.535660 3.838977 4.064323 1.649445 1.926182 1.054975 1.083324 -9999.0
-9999.0 2.393663 1.475492 2.627126 6.758059 1.467571 0.998900 0.918104 2.534792 2.110911 0.944125 0.748991 3.497563 8.305484 2.723833 1.568829 0.698063 0.982293 1.357179 2.314195 2.481977 4.889421 2.351516 2.225144 11.294780 12.567437 8.839758 10.215222 9.849542 7.451877 8.416704 7.751812 8.399805 9.405075 11.686650 11.249822 14.244332 16.597607 12.286462 12.267015 11.345962 11.122247 9.301645 9.277235 9.916078 9.060407 11.354121 11.167609 10.074407 9.938535 7.405770 1.325979 3.836932 1.432688 3.208619 0.891676 0.604798 1.335373 1.115429 1.053760 0.898145 -9999.0 -9999.0
-9999.0 1.783283 1.641883 0.945583 1.389321 6.355346 6.545203 1.116303 1.324802 1.040521 0.808526 0.992598 5.401610 2.457891 2.229684 0.881780 0.409562 0.853447 1.032090 2.185354 0.597717 0.944374 1.386181 10.190238 10.755812 8.866419 9.122693 9.272559 9.520694 9.667515 9.888918 10.683456 10.508707 9.755977 11.111585 11.555527 12.214416 15.030030 12.713077 12.679402 12.479682 14.554572 11.685496 11.757942 11.511302 10.946421 9.660174 8.901090 7.858345 5.773738 0.960173 4.606355 1.019329 1.336289 1.109052 2.037042 2.148416 2.034773 2.146309 -9999.0 -9999.0 -9999.0 -9999.0
