user2019/resources/simulation/Vinschgau/output-maps/TL0007N0834.asc
ncols         63
nrows         48
xllcorner     598000.000000
yllcorner     5145000.000000
cellsize      1000.000000
NODATA_value  -9999.0
[rows 0 to 27 of 48, columns 0 to 62 of 63]
-9999.0 -9999.0 -9999.0 -9999.0 -9999.0 -9999.0 -9999.0 -9999.0 -9999.0 -9999.0 -9999.0 -9999.0 -9999.0 -9999.0 -9999.0 -9999.0 -9999.0 -9999.0 -9999.0 -9999.0 -9999.0 -9999.0 -9999.0 -9999.0 -9999.0 -9999.0 -9999.0 -9999.0 -9999.0 -9999.0 -9999.0 -9999.0 -9999.0 -9999.0 -9999.0 -9999.0 -9999.0 -9999.0 -9999.0 -9999.0 -9999.0 -9999.0 -9999.0 -9999.0 -9999.0 -9999.0 -9999.0 -9999.0 -9999.0 -9999.0 -9999.0 -9999.0 -9999.0 -9999.0 -9999.0 -9999.0 -9999.0 -9999.0 -9999.0 -9999.0 -9999.0 -9999.0 -9999.0
-9999.0 -9999.0 -9999.0 -9999.0 -9999.0 -9999.0 -9999.0 -9999.0 -9999.0 -9999.0 -9999.0 -9999.0 -9999.0 -9999.0 -9999.0 -9999.0 -9999.0 -9999.0 -9999.0 -9999.0 -9999.0 -9999.0 -9999.0 -9999.0 -9999.0 -9999.0 -9999.0 -5.463761 -3.742381 -4.665732 -4.775200 -5.526910 -5.874065 -9999.0 -9999.0 -9999.0 -9999.0 -9999.0 -9999.0 -9999.0 -9999.0 -9999.0 -9999.0 -9999.0 -9999.0 -9999.0 -9999.0 -9999.0 -9999.0 -9999.0 -9999.0 -9999.0 -9999.0 -9999.0 -9999.0 -9999.0 -9999.0 -9999.0 -9999.0 -9999.0 -9999.0 -9999.0 -9999.0
-9999.0 -9999.0 -9999.0 -9999.0 -9999.0 -9999.0 -9999.0 -9999.0 -9999.0 -9999.0 -9999.0 -9999.0 -9999.0 -9999.0 -9999.0 -9999.0 -9999.0 -9999.0 -9999.0 -9999.0 -9999.0 -9999.0 -9999.0 -9999.0 -1.411395 -1.329112 -1.088086 -1.393784 -3.470459 -4.371222 -4.985172 -9999.0 -9999.0 -9999.0 -9999.0 -9999.0 -9999.0 -9999.0 -9999.0 -9999.0 -9999.0 -9999.0 -9999.0 -9999.0 -9999.0 -9999.0 -9999.0 -9999.0 -9999.0 -9999.0 -9999.0 -9999.0 -9999.0 -9999.0 -9999.0 -9999.0 -9999.0 -9999.0 -9999.0 -9999.0 -9999.0 -9999.0 -9999.0
-9999.0 -9999.0 -9999.0 -9999.0 -9999.0 -9999.0 -9999.0 -9999.0 -9999.0 -9999.0 -9999.0 -9999.0 -9999.0 -9999.0 -9999.0 -9999.0 -9999.0 -9999.0 -9999.0 -9999.0 -9999.0 -9999.0 -9999.0 -1.292829 -0.001282 0.052722 0.422361 0.676873 -0.002561 -1.256124 -4.833524 -5.542386 -9999.0 -9999.0 -9999.0 -9999.0 -9999.0 -9999.0 -9999.0 -9999.0 -9999.0 -9999.0 -9999.0 -9999.0 -9999.0 -9999.0 -9999.0 -9999.0 -9999.0 -9999.0 -9999.0 -9999.0 -9999.0 -9999.0 -9999.0 -9999.0 -9999.0 -9999.0 -9999.0 -9999.0 -9999.0 -9999.0 -9999.0
-9999.0 -9999.0 -9999.0 -9999.0 -9999.0 -9999.0 -9999.0 -9999.0 -9999.0 -9999.0 -9999.0 -9999.0 -9999.0 -9999.0 -9999.0 -9999.0 -9999.0 -9999.0 0.034922 -0.006656 -9999.0 -1.129749 -0.001658 -0.002023 0.067289 0.947567 0.014900 0.012584 0.028624 -0.002246 -1.668846 -4.559790 -6.535510 -8.735218 -9999.0 -9999.0 -9999.0 -9999.0 -9999.0 -9999.0 -9999.0 -9999.0 -9999.0 -9999.0 -9999.0 -9999.0 -9999.0 -9999.0 -9999.0 -9999.0 -9999.0 -9999.0 -9999.0 -9999.0 -9999.0 -9999.0 -9999.0 -9999.0 -9999.0 -9999.0 -9999.0 -9999.0 -9999.0
-9999.0 -9999.0 -9999.0 -9999.0 -9999.0 -9999.0 -9999.0 -9999.0 -9999.0 -9999.0 -9999.0 -9999.0 -9999.0 -9999.0 -9999.0 -9999.0 -9999.0 3.982705 2.115350 1.064757 -2.156569 -0.000679 -0.002275 -0.002080 0.034736 -0.002146 -0.002436 -0.001594 -0.002326 0.000984 -0.963871 -4.562337 -4.769556 -5.348924 -7.266456 -8.486084 -9999.0 -9999.0 -9999.0 -9999.0 -9999.0 -9999.0 -9999.0 -9999.0 -9999.0 -9999.0 -9999.0 -9999.0 -9999.0 -9999.0 -9999.0 -9999.0 -9999.0 -9999.0 -9999.0 -9999.0 -9999.0 -9999.0 -9999.0 -9999.0 -9999.0 -9999.0 -9999.0
-9999.0 -9999.0 -9999.0 -9999.0 -9999.0 -9999.0 -9999.0 -9999.0 -9999.0 -9999.0 -9999.0 -9999.0 -9999.0 -0.004600 -0.000148 1.759306 3.488610 3.304462 3.555551 0.024015 0.015636 0.003437 0.112944 0.014185 -0.001635 -0.002302 -2.011617 -0.936451 -0.521192 -0.001890 -0.949443 -2.432306 -5.127959 -5.849085 -6.330450 -8.774891 -9999.0 -9999.0 -9999.0 -9999.0 -9999.0 -9999.0 -9999.0 -9999.0 -9999.0 -9999.0 -9999.0 -9999.0 -9999.0 -9999.0 -9999.0 -9999.0 -9999.0 -9999.0 -9999.0 -9999.0 -9999.0 -9999.0 -9999.0 -9999.0 -9999.0 -9999.0 -9999.0
-9999.0 -9999.0 -9999.0 -9999.0 -9999.0 -9999.0 -9999.0 -9999.0 -9999.0 -9999.0 -9999.0 -9999.0 -9999.0 -0.000198 0.955025 2.479895 2.769225 2.584141 3.341428 1.308615 2.479294 0.401474 0.861700 -0.001731 -0.001698 -0.002298 -3.701279 -4.964936 -6.074702 -1.065369 -0.882662 -4.492540 -6.427374 -9.728538 -7.696031 -9999.0 -9999.0 -9999.0 -9999.0 -9999.0 -9999.0 -9999.0 -9999.0 -9999.0 -9999.0 -9999.0 -9999.0 -9999.0 -9999.0 -9999.0 -9999.0 -9999.0 -9999.0 -9999.0 -9999.0 -9999.0 -9999.0 -9999.0 -9999.0 -9999.0 -9999.0 -9999.0 -9999.0
-9999.0 -9999.0 -9999.0 -9999.0 -9999.0 -9999.0 -9999.0 -9999.0 -9999.0 -9999.0 -9999.0 -9999.0 -9999.0 0.509733 0.372975 1.673460 2.069213 3.048659 3.608074 3.440427 0.610422 -0.041477 -0.002071 -0.002300 -0.001109 -0.001469 -3.799605 -6.350886 -5.521609 -8.651367 -5.100114 -10.257172 -10.690617 -11.685775 -9.168073 -9999.0 -9999.0 -9999.0 -9999.0 -9999.0 -9999.0 -9999.0 -9999.0 -9999.0 -9999.0 -9999.0 -9999.0 -9999.0 -9999.0 -9999.0 -9999.0 -9999.0 -9999.0 -9999.0 -9999.0 -9999.0 -9999.0 -9999.0 -9999.0 -9999.0 -9999.0 -9999.0 -9999.0
-9999.0 -9999.0 -9999.0 -9999.0 -9999.0 -9999.0 -9999.0 -9999.0 -9999.0 -9999.0 -9999.0 -9999.0 -0.002380 0.029162 1.099308 0.000981 0.493179 2.352130 3.121232 2.108060 0.009483 -0.002108 -0.068586 -0.001503 -0.006397 -3.867791 -2.328532 -5.124214 -5.070570 -6.641971 -10.210582 -6.837849 -5.940129 -9.597664 -9999.0 -9999.0 -9999.0 -9999.0 -9999.0 -9999.0 -9999.0 -9999.0 -9999.0 -9999.0 -9999.0 -9999.0 -9999.0 -9999.0 -9999.0 -9999.0 -9999.0 -9999.0 -9999.0 -9999.0 -9999.0 -9999.0 -9999.0 -9999.0 -9999.0 -9999.0 -9999.0 -9999.0 -9999.0
-9999.0 -9999.0 -9999.0 -9999.0 -9999.0 -9999.0 -9999.0 -9999.0 -9999.0 -9999.0 -9999.0 -0.000779 0.320751 0.509102 0.353362 -0.000157 0.810101 2.260172 3.155661 1.506735 0.819255 0.010227 -0.998308 -3.143538 -0.969447 -3.266525 -5.545840 -4.119462 -2.020532 -8.324603 -7.057739 -4.992859 -6.365799 -7.965323 -7.196150 -6.126612 -5.274260 -4.246272 -3.985884 -9999.0 -9999.0 -9999.0 -8.085894 -9999.0 -9999.0 -9999.0 -9999.0 -9999.0 -9999.0 -9999.0 -9999.0 -9999.0 -9999.0 -9999.0 -9999.0 -9999.0 -9999.0 -9999.0 -9999.0 -9999.0 -9999.0 -9999.0 -9999.0
-9999.0 -9999.0 -9999.0 -9999.0 -9999.0 -9999.0 -9999.0 -9999.0 -9999.0 -9999.0 -9999.0 -0.002221 0.688083 1.751017 1.747451 -0.005310 2.911366 2.949748 3.316994 2.139199 0.649446 -0.000376 -0.884907 -1.215279 -2.068562 -4.040583 -4.378797 -3.349577 -4.948209 -7.943161 -4.286034 -3.989612 -5.535523 -6.429371 -7.169207 -4.325323 -1.769876 -1.318413 -3.865282 -7.607750 -7.561334 -8.060046 -4.554269 -6.550523 -9999.0 -9999.0 -9999.0 -3.432757 -7.414442 -7.060832 -6.351792 -8.117570 -8.354450 -3.218729 -3.042004 -8.893507 -9999.0 -9999.0 -9999.0 -9999.0 -9999.0 -9999.0 -9999.0
-9999.0 -9999.0 -9999.0 -9999.0 -9999.0 -9999.0 -9999.0 -9999.0 -9999.0 -9999.0 -9999.0 -0.989356 -0.001227 -0.129946 0.001160 -0.000468 -0.000121 2.390797 2.436868 2.226404 1.259185 -0.001710 -0.006156 -1.398060 -4.094022 -5.263646 -0.850966 -2.834340 -5.600313 -6.823538 -6.030713 -4.271711 -3.054344 -6.064284 -6.558752 -3.322395 -3.188765 -2.758609 -0.845089 -5.888243 -3.664151 -5.372931 -3.243969 -3.942931 -6.157346 -9999.0 -9.441601 -6.149879 -4.559655 -3.459470 -3.175570 -4.090419 -4.057536 -4.705841 -4.998685 -5.907035 -9999.0 -9999.0 -9999.0 -9999.0 -9999.0 -9999.0 -9999.0
-9999.0 -9999.0 -9999.0 -9999.0 -9999.0 -9999.0 -9999.0 -9999.0 -9999.0 -9999.0 -9999.0 -9999.0 -0.002082 -0.002167 -0.000261 -0.000226 -0.002137 1.664973 2.741280 2.234535 1.021722 -0.001851 -0.235482 -0.528461 -1.871572 -0.905750 -1.249629 -3.471374 -4.852487 -6.460754 -4.399659 -3.879047 -3.019612 -5.112743 -5.702243 -3.894492 -0.776165 -0.953914 -0.002870 -2.698712 -0.987350 -3.732079 -3.422073 -1.052239 -6.074885 -6.425075 -7.528170 -6.001250 -3.465889 -0.629785 -0.001448 -3.610053 -1.707392 -1.844237 -5.123854 -4.728217 -5.677220 -9999.0 -9999.0 -9999.0 -9999.0 -9999.0 -9999.0
-9999.0 -9999.0 -9999.0 -9999.0 -9999.0 -9999.0 -9999.0 -9999.0 -9999.0 -9999.0 -9999.0 -0.003850 -1.293143 -0.791612 -0.010841 -0.001057 -0.000863 0.956839 2.179504 3.008654 1.279739 -0.001837 -0.000908 -0.930754 -0.653606 -0.224325 -0.003829 -5.049887 -5.239766 -4.916845 -0.899960 -2.176873 -3.369314 -4.954414 -7.177374 -4.359032 -4.093739 -0.529570 0.012086 -0.580699 -0.539674 -0.008081 -0.565285 -0.622395 -0.692405 -4.817870 -4.440964 -4.785205 -3.853898 -0.186020 -4.288520 -4.796200 -5.784820 -7.376238 -8.555304 -9.107850 -6.682477 -9999.0 -9999.0 -9999.0 -9999.0 -9999.0 -9999.0
-9999.0 -9999.0 -9999.0 -9999.0 -9999.0 -9999.0 -9999.0 -9999.0 -9999.0 -9999.0 -0.007160 -0.002163 -0.367748 -0.039547 -0.000288 -0.000308 -0.000344 -0.002326 2.435537 2.670273 0.785157 0.056052 -0.699278 -0.000327 -0.001069 -0.007066 -2.486454 -5.224699 -2.918102 -1.142914 -1.148976 -1.144826 -1.267072 -4.980552 -8.953513 -6.002017 -2.619694 -1.390282 -0.031406 -0.001425 -0.001435 0.046455 0.432829 0.247166 -0.001305 -4.704360 -3.471280 -1.273152 -1.129939 -0.000993 -5.252142 -7.241325 -9.066393 -9.941937 -10.012159 -5.038251 -4.948326 -9999.0 -9999.0 -9999.0 -9999.0 -9999.0 -9999.0
-9999.0 -9999.0 -9999.0 -9999.0 -9999.0 -9999.0 -9999.0 -9999.0 -9999.0 -3.845052 -0.041737 -0.089435 -0.457905 -0.001282 -0.004334 -0.001439 -0.000990 0.000657 2.154518 3.098322 1.125902 -0.003305 -0.001600 -0.001242 0.000995 -1.646236 -2.312462 -1.122995 -0.329173 -0.001078 -0.000933 -1.844380 -5.714618 -8.607338 -7.810689 -6.108867 -4.437916 -2.652668 -0.813666 -0.003164 -0.091822 -0.002111 -0.512350 0.897356 0.267952 -0.002188 -0.000727 -0.704276 -0.693487 0.004796 -2.894078 -6.723093 -10.953129 -9.771998 -7.941873 -6.674180 -5.001953 -6.229938 -7.546034 -9999.0 -9999.0 -9999.0 -9999.0
-9999.0 -9999.0 -9999.0 -9999.0 -9999.0 -9999.0 -9999.0 -9999.0 -9999.0 -5.569723 -4.599216 -1.133196 -0.000017 -0.001188 -0.001315 -0.001459 -0.000273 -0.000714 2.716556 2.118665 1.747273 0.770316 0.056570 -0.000177 -1.252792 -1.010717 -0.001250 -0.001104 -0.001040 -0.000283 -0.003063 -2.227915 -3.917615 -5.986741 -4.754952 -6.076261 -5.534773 -4.214962 -4.051943 -0.907643 -0.005508 -2.127149 -0.002202 -0.000716 1.560537 0.717155 0.372806 -0.001876 -0.001862 -0.001012 -3.089368 -6.303692 -9.263687 -8.187350 -7.017914 -6.652055 -5.635739 -4.164653 -5.156251 -9999.0 -9999.0 -9999.0 -9999.0
-9999.0 -9999.0 -9999.0 -9999.0 -9999.0 -9999.0 -9999.0 -9999.0 -9999.0 -9999.0 -4.629729 -2.093960 -0.000909 -0.000579 -0.001602 -0.001308 -0.001074 0.191498 3.452488 2.812370 1.747414 1.303867 -0.001612 -0.001377 -0.741582 -0.001189 -0.001190 0.000816 -0.002493 -1.758140 -2.130418 -1.475287 -4.652731 -5.413889 -3.791306 -3.401165 -0.785340 -0.003022 -5.503755 -4.364883 -4.780361 -0.913549 -0.000698 -0.001506 -0.001087 -0.001824 0.372505 0.343790 1.035518 -0.001630 -2.041143 -3.485668 -8.044860 -9.008196 -8.314865 -6.185969 -4.689596 -0.993737 -1.369235 -0.001135 -9999.0 -9999.0 -9999.0
-9999.0 -9999.0 -9999.0 -9999.0 -9999.0 -9999.0 -9999.0 -9999.0 -9999.0 -9999.0 -4.968060 -3.449124 -1.149333 -0.008871 0.075036 -0.002914 -0.002573 1.419519 3.913183 3.608737 2.518533 0.195720 -0.002152 -0.001644 -0.001297 0.000111 0.426866 -0.002093 -1.462812 -4.310909 -4.395676 -3.508661 -4.660209 -6.194091 -4.229609 -0.870444 -0.994709 -0.171491 -2.804501 -5.228004 -4.007319 -3.444808 -3.053256 -1.607597 -0.003812 -0.411235 -0.000790 -0.001108 1.594792 0.766136 -0.002903 -2.799263 -4.926502 -7.551910 -9.657879 -8.824361 -6.220749 -0.728137 0.653196 0.553932 -9999.0 -9999.0 -9999.0
-9999.0 -9999.0 -9999.0 -9999.0 -9999.0 -9999.0 -9999.0 -9999.0 -1.362616 -4.361566 -5.505282 -1.797166 -2.922778 -2.717441 -0.095065 0.866317 1.688895 1.675852 3.535480 4.175890 4.316245 2.729340 1.660269 -0.003436 -0.001240 1.345611 0.022120 -0.869001 -1.851773 -4.329208 -8.973893 -4.391901 -4.250307 -5.863744 -4.035310 -3.886400 -0.001458 -0.001412 -2.734911 -6.119706 -4.841182 -1.037770 -4.290376 -5.716973 -3.598870 -1.083666 -2.544876 -0.000973 -0.001169 1.123455 -0.002298 -0.908459 -3.766474 -6.778057 -8.343390 -5.395359 -5.904448 -0.000923 -0.001241 2.406447 -9999.0 -9999.0 -9999.0
-9999.0 -9999.0 -9999.0 -9999.0 -9999.0 -9999.0 -9999.0 -9999.0 -3.836515 -1.730706 -3.747693 -5.320437 -3.754709 -1.202882 -0.029553 -0.001736 0.672084 1.226555 4.539776 4.681374 4.053426 3.209365 1.733304 0.403427 2.059039 2.180310 0.209885 -0.001791 -4.391484 -5.119636 -5.956275 -5.634119 -5.197522 -5.448885 -2.484376 -1.193094 -0.001709 -0.000849 -0.452743 -2.358380 -4.427131 -7.583334 -5.303636 -1.955062 -1.365478 -0.678534 -4.657545 -2.898436 -0.296171 0.884390 0.577772 -0.000906 -3.677808 -5.996390 -3.708650 -3.681192 -0.768569 -0.001808 1.281333 3.775813 4.775184 -9999.0 -9999.0
-9999.0 -9999.0 -9999.0 -9999.0 -9999.0 -9999.0 -9999.0 -9999.0 -4.255780 -1.580943 -2.624120 -4.565110 -4.067838 -3.977305 -0.002014 -0.952743 -0.003170 0.717491 4.547882 4.185755 5.138645 4.079711 3.352517 3.250964 2.166762 1.878091 -0.001034 -1.331361 -4.990050 -4.181191 -5.054717 -0.985761 -2.341226 -2.440933 -0.972613 -0.848143 -0.042463 1.078594 -0.002209 -0.586263 -3.084031 -4.919267 -1.362367 -1.656646 -0.928448 -1.390017 -6.049913 -3.051590 -1.242141 -0.001052 1.904032 -0.002183 -4.017230 -3.543933 -1.120571 -0.001694 0.000532 1.176942 3.251414 3.554563 4.386167 -9999.0 -9999.0
-9999.0 -9999.0 -9999.0 -9999.0 -9999.0 -9999.0 -9999.0 -9999.0 -6.998022 -2.393006 -1.358458 -4.844904 -4.649089 -0.106505 -0.416771 -0.001075 2.764353 4.258473 2.537886 4.953882 4.533440 4.978840 4.175890 3.664287 2.578491 0.277047 -0.001987 -2.176330 -1.030504 -0.882190 -0.692951 -0.375671 -0.036790 -0.001651 -0.265514 -0.008467 0.000387 2.646887 -0.000633 -0.002100 -1.207458 -1.106738 -1.107556 -3.642488 -1.947163 -4.810405 -2.820591 -4.045999 -3.579028 -0.783781 -0.001581 1.517143 -0.001629 -0.001333 -0.000535 0.404653 1.903012 2.967817 4.293388 4.159285 3.181429 1.728743 -9999.0
-9999.0 -9999.0 -9999.0 -9999.0 -9999.0 -9999.0 -9999.0 -9999.0 -6.843224 -1.503473 -0.684117 -1.747680 -1.657503 -0.124368 0.000389 0.827416 1.084617 1.402998 -0.002344 1.605686 3.881499 4.302442 4.615465 4.322321 1.259995 -0.002980 -1.033989 -0.001145 -0.000934 -0.000955 -0.002487 -0.000877 0.435184 -0.000196 -0.001238 -0.000702 0.928453 4.453731 3.815051 0.594536 -0.001099 -0.000936 -0.001513 -0.001897 -0.748141 -0.841946 -0.367341 -0.150839 -0.430668 -0.001585 0.090721 0.909121 1.283459 0.493544 1.118909 1.526118 2.274700 2.981256 3.499434 3.095576 2.850713 1.153980 -9999.0
-9999.0 -9999.0 -3.735555 -1.404824 -3.761124 -1.074272 -3.692883 -3.481551 -4.828257 -3.544722 -0.804564 -0.005246 -0.211793 -0.000635 0.044041 0.511278 -0.001180 -1.166000 -0.001015 -0.001802 1.520977 4.066475 3.575177 5.488126 2.443849 0.924081 -0.003039 -0.002475 1.241889 0.008160 -0.001785 -0.001579 1.221905 1.881687 2.114582 3.165923 4.339841 6.624303 5.537464 3.070055 2.104867 2.121223 2.550682 0.905877 -0.001096 -0.001304 0.125018 0.723425 0.881982 1.894216 2.565509 2.573038 1.953743 1.529383 1.474404 1.836065 1.969886 2.298837 1.849310 2.285018 0.411026 0.436408 -9999.0
-9999.0 -0.001322 -0.641492 -0.752329 -1.023654 -3.149579 -3.683493 -3.706906 -4.848590 -5.318976 -1.904049 -0.966556 0.002553 0.038197 0.059994 -0.415834 -0.811298 -1.188337 -0.004007 -0.001941 1.352899 2.751255 1.914848 3.236160 2.719172 2.102521 0.984500 1.256742 2.370338 1.423155 1.215458 1.183141 2.490420 3.544740 4.807792 6.041740 7.449706 9.808137 7.622734 6.186623 5.331777 5.137734 4.420987 3.245285 2.141229 2.571900 2.718375 4.348556 3.997334 4.407372 3.249526 2.511846 1.730969 1.014415 0.927035 0.510168 0.295959 0.611791 0.173485 0.003952 -0.000146 0.231154 -9999.0
-9999.0 -0.001920 -0.655378 -0.002488 0.007027 -1.137657 -2.707027 -4.104221 -5.176079 -5.649671 -2.539525 -1.355059 -0.001855 0.063394 -0.003974 -2.634916 -3.698947 -1.442195 -0.002161 -0.003108 0.004910 1.041843 1.753592 0.936492 2.061293 2.991167 4.827994 4.400868 3.854870 4.986604 5.735665 5.346861 4.188981 5.093304 6.025861 7.984411 9.698727 10.800798 10.117616 9.277311 8.496449 7.622105 6.477109 7.085669 7.292181 6.911535 5.313173 5.090265 4.597357 3.962055 2.335809 1.205721 0.381879 0.964746 0.292850 -0.000914 -0.002413 -0.001016 -0.001862 -0.001045 -0.000707 -9999.0 -9999.0
