user2019/resources/simulation/Vinschgau/output-maps/TL0003N1150.asc
ncols         63
nrows         48
xllcorner     598000.000000
yllcorner     5145000.000000
cellsize      1000.000000
NODATA_value  -9999.0
[rows 0 to 27 of 48, columns 0 to 62 of 63]
-9999.0 -9999.0 -9999.0 -9999.0 -9999.0 -9999.0 -9999.0 -9999.0 -9999.0 -9999.0 -9999.0 -9999.0 -9999.0 -9999.0 -9999.0 -9999.0 -9999.0 -9999.0 -9999.0 -9999.0 -9999.0 -9999.0 -9999.0 -9999.0 -9999.0 -9999.0 -9999.0 -9999.0 -9999.0 -9999.0 -9999.0 -9999.0 -9999.0 -9999.0 -9999.0 -9999.0 -9999.0 -9999.0 -9999.0 -9999.0 -9999.0 -9999.0 -9999.0 -9999.0 -9999.0 -9999.0 -9999.0 -9999.0 -9999.0 -9999.0 -9999.0 -9999.0 -9999.0 -9999.0 -9999.0 -9999.0 -9999.0 -9999.0 -9999.0 -9999.0 -9999.0 -9999.0 -9999.0
-9999.0 -9999.0 -9999.0 -9999.0 -9999.0 -9999.0 -9999.0 -9999.0 -9999.0 -9999.0 -9999.0 -9999.0 -9999.0 -9999.0 -9999.0 -9999.0 -9999.0 -9999.0 -9999.0 -9999.0 -9999.0 -9999.0 -9999.0 -9999.0 -9999.0 -9999.0 -9999.0 -0.019421 -0.000680 0.240584 -0.144372 -0.003757 -1.112951 -9999.0 -9999.0 -9999.0 -9999.0 -9999.0 -9999.0 -9999.0 -9999.0 -9999.0 -9999.0 -9999.0 -9999.0 -9999.0 -9999.0 -9999.0 -9999.0 -9999.0 -9999.0 -9999.0 -9999.0 -9999.0 -9999.0 -9999.0 -9999.0 -9999.0 -9999.0 -9999.0 -9999.0 -9999.0 -9999.0
-9999.0 -9999.0 -9999.0 -9999.0 -9999.0 -9999.0 -9999.0 -9999.0 -9999.0 -9999.0 -9999.0 -9999.0 -9999.0 -9999.0 -9999.0 -9999.0 -9999.0 -9999.0 -9999.0 -9999.0 -9999.0 -9999.0 -9999.0 -9999.0 0.006262 0.015940 0.063851 0.006679 0.008201 -0.001787 -0.001779 -9999.0 -9999.0 -9999.0 -9999.0 -9999.0 -9999.0 -9999.0 -9999.0 -9999.0 -9999.0 -9999.0 -9999.0 -9999.0 -9999.0 -9999.0 -9999.0 -9999.0 -9999.0 -9999.0 -9999.0 -9999.0 -9999.0 -9999.0 -9999.0 -9999.0 -9999.0 -9999.0 -9999.0 -9999.0 -9999.0 -9999.0 -9999.0
-9999.0 -9999.0 -9999.0 -9999.0 -9999.0 -9999.0 -9999.0 -9999.0 -9999.0 -9999.0 -9999.0 -9999.0 -9999.0 -9999.0 -9999.0 -9999.0 -9999.0 -9999.0 -9999.0 -9999.0 -9999.0 -9999.0 -9999.0 0.027838 0.472922 2.618982 3.026696 3.248214 2.339161 0.176200 -0.001575 -0.006027 -9999.0 -9999.0 -9999.0 -9999.0 -9999.0 -9999.0 -9999.0 -9999.0 -9999.0 -9999.0 -9999.0 -9999.0 -9999.0 -9999.0 -9999.0 -9999.0 -9999.0 -9999.0 -9999.0 -9999.0 -9999.0 -9999.0 -9999.0 -9999.0 -9999.0 -9999.0 -9999.0 -9999.0 -9999.0 -9999.0 -9999.0
-9999.0 -9999.0 -9999.0 -9999.0 -9999.0 -9999.0 -9999.0 -9999.0 -9999.0 -9999.0 -9999.0 -9999.0 -9999.0 -9999.0 -9999.0 -9999.0 -9999.0 -9999.0 3.725852 0.389324 -9999.0 0.120738 0.474153 2.509576 2.426201 3.517406 2.654220 2.701471 1.702599 -0.003338 0.008195 -0.001253 -0.273359 -0.892759 -9999.0 -9999.0 -9999.0 -9999.0 -9999.0 -9999.0 -9999.0 -9999.0 -9999.0 -9999.0 -9999.0 -9999.0 -9999.0 -9999.0 -9999.0 -9999.0 -9999.0 -9999.0 -9999.0 -9999.0 -9999.0 -9999.0 -9999.0 -9999.0 -9999.0 -9999.0 -9999.0 -9999.0 -9999.0
-9999.0 -9999.0 -9999.0 -9999.0 -9999.0 -9999.0 -9999.0 -9999.0 -9999.0 -9999.0 -9999.0 -9999.0 -9999.0 -9999.0 -9999.0 -9999.0 -9999.0 4.950688 3.587613 3.723994 1.981899 -0.002400 0.030091 1.611102 3.056948 -0.005353 -0.060437 -0.003557 -0.042450 1.358358 0.677028 0.018461 0.417671 -0.035642 -0.469191 -0.772098 -9999.0 -9999.0 -9999.0 -9999.0 -9999.0 -9999.0 -9999.0 -9999.0 -9999.0 -9999.0 -9999.0 -9999.0 -9999.0 -9999.0 -9999.0 -9999.0 -9999.0 -9999.0 -9999.0 -9999.0 -9999.0 -9999.0 -9999.0 -9999.0 -9999.0 -9999.0 -9999.0
-9999.0 -9999.0 -9999.0 -9999.0 -9999.0 -9999.0 -9999.0 -9999.0 -9999.0 -9999.0 -9999.0 -9999.0 -9999.0 1.635608 1.645795 3.239226 4.602350 9.117484 4.679590 3.091462 2.761913 1.926379 3.178730 3.036096 -0.012811 0.430006 -0.177702 -1.250952 -0.022587 -0.007186 -0.846512 0.155711 -0.000569 -0.006956 -0.181783 -0.911983 -9999.0 -9999.0 -9999.0 -9999.0 -9999.0 -9999.0 -9999.0 -9999.0 -9999.0 -9999.0 -9999.0 -9999.0 -9999.0 -9999.0 -9999.0 -9999.0 -9999.0 -9999.0 -9999.0 -9999.0 -9999.0 -9999.0 -9999.0 -9999.0 -9999.0 -9999.0 -9999.0
-9999.0 -9999.0 -9999.0 -9999.0 -9999.0 -9999.0 -9999.0 -9999.0 -9999.0 -9999.0 -9999.0 -9999.0 -9999.0 2.744623 3.956032 3.957805 3.804445 8.087140 9.157577 4.655555 3.784761 5.254899 2.415206 0.886857 1.171883 -0.001180 0.002684 0.139654 -0.146625 -0.974459 -1.296693 -0.000716 -0.215107 -5.938991 -0.490934 -9999.0 -9999.0 -9999.0 -9999.0 -9999.0 -9999.0 -9999.0 -9999.0 -9999.0 -9999.0 -9999.0 -9999.0 -9999.0 -9999.0 -9999.0 -9999.0 -9999.0 -9999.0 -9999.0 -9999.0 -9999.0 -9999.0 -9999.0 -9999.0 -9999.0 -9999.0 -9999.0 -9999.0
-9999.0 -9999.0 -9999.0 -9999.0 -9999.0 -9999.0 -9999.0 -9999.0 -9999.0 -9999.0 -9999.0 -9999.0 -9999.0 4.021039 3.558806 5.191564 3.587768 4.273800 9.543641 4.641603 5.658912 2.460355 -0.004342 -0.021383 1.026600 0.166604 0.549618 -0.195474 -0.003696 -5.364951 -0.001400 -6.107930 -6.386798 -7.434592 -0.865542 -9999.0 -9999.0 -9999.0 -9999.0 -9999.0 -9999.0 -9999.0 -9999.0 -9999.0 -9999.0 -9999.0 -9999.0 -9999.0 -9999.0 -9999.0 -9999.0 -9999.0 -9999.0 -9999.0 -9999.0 -9999.0 -9999.0 -9999.0 -9999.0 -9999.0 -9999.0 -9999.0 -9999.0
-9999.0 -9999.0 -9999.0 -9999.0 -9999.0 -9999.0 -9999.0 -9999.0 -9999.0 -9999.0 -9999.0 -9999.0 2.713044 3.032691 4.806637 2.630095 2.119696 3.809339 8.991371 5.186863 2.807837 -0.005221 -0.009901 -0.016336 -0.990043 -0.000631 -2.175587 -0.001724 -0.121389 -0.276113 -5.971552 -0.315673 -0.024880 -1.144556 -9999.0 -9999.0 -9999.0 -9999.0 -9999.0 -9999.0 -9999.0 -9999.0 -9999.0 -9999.0 -9999.0 -9999.0 -9999.0 -9999.0 -9999.0 -9999.0 -9999.0 -9999.0 -9999.0 -9999.0 -9999.0 -9999.0 -9999.0 -9999.0 -9999.0 -9999.0 -9999.0 -9999.0 -9999.0
-9999.0 -9999.0 -9999.0 -9999.0 -9999.0 -9999.0 -9999.0 -9999.0 -9999.0 -9999.0 -9999.0 1.620022 3.874800 2.039943 4.232502 3.958301 4.539765 4.142996 8.282915 6.768856 2.564003 1.833613 0.439087 0.005493 -0.047839 -0.000537 -0.002015 -0.000726 -0.017179 -0.573038 -0.335142 -0.000559 -0.138576 -0.603761 -0.398018 -0.081797 -0.001990 -0.004036 -0.000980 -9999.0 -9999.0 -9999.0 -0.692035 -9999.0 -9999.0 -9999.0 -9999.0 -9999.0 -9999.0 -9999.0 -9999.0 -9999.0 -9999.0 -9999.0 -9999.0 -9999.0 -9999.0 -9999.0 -9999.0 -9999.0 -9999.0 -9999.0 -9999.0
-9999.0 -9999.0 -9999.0 -9999.0 -9999.0 -9999.0 -9999.0 -9999.0 -9999.0 -9999.0 -9999.0 1.232181 3.871632 5.535366 5.237160 3.035560 6.675834 4.700212 8.872182 6.368255 5.218143 2.169960 0.389711 -1.910431 -2.999820 -0.000694 -0.000893 -0.000563 0.316332 -0.560726 -0.000716 -0.000897 -0.006005 -0.305256 -0.030288 -0.000739 0.000582 0.304044 0.012656 -0.544296 -0.503220 -0.608446 -0.001155 -0.244750 -9999.0 -9999.0 -9999.0 -0.665595 -0.742280 -0.369893 -0.717339 -1.134611 -1.116060 -1.385472 -1.392938 -1.234676 -9999.0 -9999.0 -9999.0 -9999.0 -9999.0 -9999.0 -9999.0
-9999.0 -9999.0 -9999.0 -9999.0 -9999.0 -9999.0 -9999.0 -9999.0 -9999.0 -9999.0 -9999.0 1.081151 1.498163 0.458558 3.606397 3.746678 1.574232 3.825285 7.735622 6.400191 2.160083 -0.003330 -0.505896 0.006983 -0.000685 0.023179 -1.315057 -2.665061 -0.053826 -0.013046 -0.147297 -3.119164 -0.000514 -0.031645 -0.266543 -0.001549 -2.301414 -1.969494 0.606858 -0.161045 -0.002786 -0.002107 -0.002219 -0.000669 -0.246957 -9999.0 -1.052776 -0.754510 -0.010547 -0.000559 0.002103 0.351087 -0.000683 -0.001510 -0.007087 -0.154569 -9999.0 -9999.0 -9999.0 -9999.0 -9999.0 -9999.0 -9999.0
-9999.0 -9999.0 -9999.0 -9999.0 -9999.0 -9999.0 -9999.0 -9999.0 -9999.0 -9999.0 -9999.0 -9999.0 1.405475 -0.020416 2.412163 2.875254 0.546746 2.871473 8.077387 6.251099 2.134649 0.127040 -0.060529 -0.687757 -1.890153 -1.145289 0.071069 0.002704 -0.001574 -0.227630 -0.000829 -2.911925 0.003083 -0.005287 -0.021036 -0.000721 -2.528656 -1.828683 2.194872 0.125885 0.477907 0.497138 -1.047240 0.077132 -0.176625 -0.274646 -0.612308 -0.096896 -3.824098 -1.261393 -0.040361 -2.796862 -2.872446 -3.430304 -4.010206 -0.003643 -0.032404 -9999.0 -9999.0 -9999.0 -9999.0 -9999.0 -9999.0
-9999.0 -9999.0 -9999.0 -9999.0 -9999.0 -9999.0 -9999.0 -9999.0 -9999.0 -9999.0 -9999.0 -0.368488 0.391194 1.837405 -0.083022 -0.005023 1.010314 2.159811 7.548211 4.126725 2.451737 0.459406 -0.020481 -0.725561 -0.707084 -1.652454 -0.777131 -0.001508 -0.001986 0.128771 -1.530215 -2.100335 0.146898 -0.322008 -0.059771 -0.103631 -0.000702 -0.968569 -0.005471 1.437351 -0.163398 -0.012206 -0.581969 -0.031858 0.383127 -0.001380 -0.010655 0.136734 0.523034 -0.019164 -2.509046 -0.001175 -4.375501 -4.671256 -5.387539 -5.929681 -0.308347 -9999.0 -9999.0 -9999.0 -9999.0 -9999.0 -9999.0
-9999.0 -9999.0 -9999.0 -9999.0 -9999.0 -9999.0 -9999.0 -9999.0 -9999.0 -9999.0 0.406419 -0.939947 0.395305 0.518394 1.420524 -0.000536 -0.000694 -0.008628 3.312914 3.777985 4.134924 2.817195 -0.532063 0.750054 -0.030677 -1.367581 -1.799383 -3.464074 0.074149 0.253547 -1.557105 -1.644839 0.097657 -0.016541 -0.863946 -0.144371 0.016331 -0.795031 -0.363166 0.212789 0.288393 1.365805 4.947253 0.679584 -0.021912 0.125626 0.004056 -0.523304 -0.201399 -0.014225 -4.485380 -0.447405 -5.784140 -6.349661 -6.611307 -0.001661 -0.014132 -9999.0 -9999.0 -9999.0 -9999.0 -9999.0 -9999.0
-9999.0 -9999.0 -9999.0 -9999.0 -9999.0 -9999.0 -9999.0 -9999.0 -9999.0 -0.000641 0.195309 -0.036367 -0.034726 -0.179036 -0.182427 -0.059436 -0.026425 2.777215 3.238959 3.851372 4.584333 0.612977 0.004525 0.432971 -0.001298 -1.266283 -1.823501 0.267042 -0.052242 -0.069829 -0.000228 -1.469979 -0.079561 -0.818612 -0.485760 -0.151666 0.033794 -1.854718 -1.224065 -0.651693 -1.015328 -0.365920 -0.394283 1.401657 0.687546 -0.021796 1.142182 -0.297375 -0.277462 -0.002459 -1.815941 -0.314189 -6.613754 -2.448603 -1.488447 -3.967492 -3.764407 -0.242117 -0.955844 -9999.0 -9999.0 -9999.0 -9999.0
-9999.0 -9999.0 -9999.0 -9999.0 -9999.0 -9999.0 -9999.0 -9999.0 -9999.0 0.001095 -0.000640 0.332519 1.565378 -0.010013 -0.031204 -0.205374 1.155255 0.513534 3.812985 6.016741 5.480684 5.222961 3.080739 1.461414 -0.877919 -0.976131 -0.755662 -0.014444 0.438825 1.579326 0.650594 -1.843166 -0.000598 -0.012080 -0.157752 -0.176182 -0.037488 0.419093 -0.000679 0.195401 -2.619862 -1.237396 -0.073036 0.668638 2.280870 1.961440 1.627950 0.346992 -0.010391 -0.003559 -2.728165 -4.490061 -2.854853 -2.962855 -3.086315 -4.896237 -2.960411 -3.185381 -0.022203 -9999.0 -9999.0 -9999.0 -9999.0
-9999.0 -9999.0 -9999.0 -9999.0 -9999.0 -9999.0 -9999.0 -9999.0 -9999.0 -9999.0 -0.000879 0.130523 -0.036836 -0.575846 -0.003571 -0.025304 -0.011368 1.554216 4.607994 4.704783 5.461978 2.410561 -0.019057 -0.256909 -0.687138 -0.027896 0.011520 0.920013 0.621573 -1.396241 -1.737595 -2.504161 -2.789618 -0.002050 -0.004349 0.162587 0.242076 0.163408 -0.037671 -0.000727 -0.000955 0.141240 1.064848 -0.021097 -0.012015 -0.008045 1.244449 3.442856 2.439531 -0.003966 -1.684840 -3.643108 -1.772439 -2.950209 -3.015152 -1.624911 -0.002713 -1.339892 -1.087956 -0.018394 -9999.0 -9999.0 -9999.0
-9999.0 -9999.0 -9999.0 -9999.0 -9999.0 -9999.0 -9999.0 -9999.0 -9999.0 -9999.0 -0.180376 0.001690 0.121560 -0.013519 2.435247 -0.006374 -0.011401 2.333678 5.022935 5.551627 3.134128 1.194032 -0.024357 -0.031241 -0.021209 0.515722 1.601109 -0.009312 -1.089956 -2.509636 -0.000752 -0.000949 -4.018724 -0.008852 -0.000732 0.285839 -1.299167 -0.802935 -1.820473 -0.001758 -0.000767 1.282583 -0.564674 0.177523 0.494882 -0.339944 -0.012624 -0.011547 2.523546 2.054506 -0.000249 -1.762798 -3.212688 -1.066193 -3.788079 -2.901261 -0.418129 -0.391229 0.835652 1.837933 -9999.0 -9999.0 -9999.0
-9999.0 -9999.0 -9999.0 -9999.0 -9999.0 -9999.0 -9999.0 -9999.0 -0.000535 -0.000911 -0.003577 -0.001532 -2.396592 -1.024745 -0.046425 1.357393 2.645082 6.140844 5.700758 6.007516 4.874337 3.752556 2.798433 0.952797 0.255684 1.677523 2.593165 -0.618245 -1.616384 -2.426415 -5.421933 -0.000723 -0.000709 -0.004487 -0.010351 -0.000624 1.179752 -0.837794 -2.342067 -0.168587 0.189365 0.151129 -2.450801 -0.057393 0.708988 0.478892 -2.159815 -0.145885 -0.008922 2.191989 0.178372 -2.217051 -3.913062 -4.941547 -2.464225 -0.021542 -0.176318 0.457526 0.511305 3.876617 -9999.0 -9999.0 -9999.0
-9999.0 -9999.0 -9999.0 -9999.0 -9999.0 -9999.0 -9999.0 -9999.0 -2.701557 -2.815564 -1.976480 -0.001871 -0.000617 -1.815784 -0.727804 -0.008144 1.649805 2.246792 5.287559 6.540317 9.058274 8.031116 7.187308 6.265318 3.099614 3.043023 0.601132 -0.312891 -3.498221 -0.001755 -0.021466 -0.071102 -0.000620 -0.015934 0.002990 0.064037 2.222506 0.023525 -0.193128 0.008235 -0.000787 -4.090363 0.045454 0.120668 0.032972 -1.824403 -2.910040 0.005463 -0.048289 1.260152 1.694922 -0.031045 -4.157206 -0.322515 -0.000638 -2.179806 -0.513222 -0.012373 2.432608 5.028684 6.431322 -9999.0 -9999.0
-9999.0 -9999.0 -9999.0 -9999.0 -9999.0 -9999.0 -9999.0 -9999.0 -0.000741 -0.000598 -0.002306 -2.750805 -0.002112 -2.238877 -0.343909 -0.609241 0.006345 2.744653 5.208982 8.925081 6.996383 8.564491 8.402757 5.506465 6.134770 2.967264 0.102678 -1.042223 -4.463281 -0.000774 0.067279 0.138980 -1.855138 -1.639488 0.440826 1.572515 -0.001032 1.362772 -0.033443 -0.287708 0.006705 0.162287 0.011183 -0.000665 -1.542557 0.006685 -0.181166 -0.000746 -1.762644 -0.015292 2.354123 0.025119 -2.654518 -3.972514 -1.386955 -0.388357 0.938474 2.296129 4.807851 5.312704 5.842647 -9999.0 -9999.0
-9999.0 -9999.0 -9999.0 -9999.0 -9999.0 -9999.0 -9999.0 -9999.0 -0.415625 0.009908 -2.100534 -4.190549 0.004136 -1.651770 -1.190205 0.006874 3.760529 5.003202 6.111394 5.475136 6.431010 6.814515 8.252901 7.492383 3.374183 0.762196 -0.049656 -1.790728 0.165240 -0.674785 -0.386302 -1.021453 -0.009151 -0.145330 -0.025929 1.007105 3.135402 3.824904 0.404709 -0.016288 0.217911 0.310036 0.304717 0.583120 0.002966 0.146531 0.088693 0.390906 -0.000661 -0.487267 -0.011426 1.990686 0.241809 -1.222961 0.537352 1.481366 3.096282 4.489162 5.475493 5.555100 4.479869 2.391763 -9999.0
-9999.0 -9999.0 -9999.0 -9999.0 -9999.0 -9999.0 -9999.0 -9999.0 -1.028056 -0.000547 -1.924675 -1.383485 -0.448325 -0.568458 1.702167 2.074786 3.959819 2.174212 0.501840 2.639942 4.529479 6.220031 6.434420 6.126280 5.253289 -0.007548 -0.904733 -0.021701 -0.000763 -0.025362 -0.356243 -0.002330 1.928380 0.987109 0.120256 1.006057 2.791067 5.818841 5.222989 1.847315 0.368723 0.108058 0.053036 -0.007422 -0.363843 0.643585 -0.034483 -0.960971 -0.044957 -0.000221 1.281504 1.445052 1.712862 1.610311 2.252107 2.638261 3.293499 4.128189 4.792815 4.731232 3.945534 1.775602 -9999.0
-9999.0 -9999.0 0.001536 0.005785 -3.152839 -1.825121 -2.803702 -3.883323 -0.005993 -0.001031 -2.581088 -0.781449 -0.086834 -0.000589 2.926254 1.446123 -0.016410 -1.029912 -0.129950 -0.007036 2.510631 5.220505 5.300064 5.933229 4.204696 1.779650 -0.008654 -0.005765 2.146422 2.676604 -0.017426 0.406506 4.821242 3.128163 3.799492 4.372821 6.836840 8.088992 6.996028 4.314709 4.465074 4.102830 3.949069 2.213020 -0.008742 -0.004067 1.360924 1.200728 2.151334 3.152478 4.319662 3.637811 2.980520 2.509120 2.429312 5.324761 3.078888 3.481283 3.137846 3.268834 3.584834 1.005410 -9999.0
-9999.0 -0.669838 -0.571404 -1.550302 -1.124176 -1.827235 -1.316745 -2.130370 -3.106294 -0.002098 -1.764107 -0.667204 -0.005787 2.217113 2.110708 -0.340748 -1.265073 -1.829852 -0.887335 -0.013592 2.189286 4.032271 5.472480 4.628130 6.811928 3.988874 4.865898 5.053387 4.597181 2.824211 3.061746 3.264788 4.870133 7.624052 7.509158 8.648910 10.363879 10.999907 10.443079 8.608936 8.029161 7.905494 7.097552 4.567440 3.274799 3.678791 4.253463 5.720077 6.368934 5.856695 4.478107 3.622946 2.854907 2.083270 2.015753 1.524867 0.611284 0.962742 1.297316 2.331080 0.282439 0.803833 -9999.0
-9999.0 0.923668 -0.031193 -0.051640 0.196471 -1.202378 -2.328901 -2.657442 -0.005644 -0.010707 -1.811549 -1.050299 0.009131 2.198994 -0.093625 -3.306718 -1.973325 -1.844065 -1.042817 -0.012951 2.769954 1.706884 2.796361 2.649198 6.044837 7.362937 5.256571 5.949450 5.770508 6.200710 6.353364 6.117873 6.694813 7.685718 10.562612 10.738562 15.080381 16.153591 13.422950 12.335084 11.598165 10.590320 9.597455 7.862430 7.752489 7.617595 7.535087 7.193048 6.529139 5.612499 3.615849 1.754061 0.732824 1.283607 0.514397 -0.031598 -0.606518 -0.066081 -0.037518 -0.148239 -0.025515 -9999.0 -9999.0
