user2019/resources/simulation/Vinschgau/output-maps/TL0001N1158.asc
ncols         63
nrows         48
xllcorner     598000.000000
yllcorner     5145000.000000
cellsize      1000.000000
NODATA_value  -9999.0
[rows 0 to 27 of 48, columns 0 to 62 of 63]
-9999.0 -9999.0 -9999.0 -9999.0 -9999.0 -9999.0 -9999.0 -9999.0 -9999.0 -9999.0 -9999.0 -9999.0 -9999.0 -9999.0 -9999.0 -9999.0 -9999.0 -9999.0 -9999.0 -9999.0 -9999.0 -9999.0 -9999.0 -9999.0 -9999.0 -9999.0 -9999.0 -9999.0 -9999.0 -9999.0 -9999.0 -9999.0 -9999.0 -9999.0 -9999.0 -9999.0 -9999.0 -9999.0 -9999.0 -9999.0 -9999.0 -9999.0 -9999.0 -9999.0 -9999.0 -9999.0 -9999.0 -9999.0 -9999.0 -9999.0 -9999.0 -9999.0 -9999.0 -9999.0 -9999.0 -9999.0 -9999.0 -9999.0 -9999.0 -9999.0 -9999.0 -9999.0 -9999.0
-9999.0 -9999.0 -9999.0 -9999.0 -9999.0 -9999.0 -9999.0 -9999.0 -9999.0 -9999.0 -9999.0 -9999.0 -9999.0 -9999.0 -9999.0 -9999.0 -9999.0 -9999.0 -9999.0 -9999.0 -9999.0 -9999.0 -9999.0 -9999.0 -9999.0 -9999.0 -9999.0 0.044719 -0.034196 0.367720 -0.097896 -0.165511 -1.068742 -9999.0 -9999.0 -9999.0 -9999.0 -9999.0 -9999.0 -9999.0 -9999.0 -9999.0 -9999.0 -9999.0 -9999.0 -9999.0 -9999.0 -9999.0 -9999.0 -9999.0 -9999.0 -9999.0 -9999.0 -9999.0 -9999.0 -9999.0 -9999.0 -9999.0 -9999.0 -9999.0 -9999.0 -9999.0 -9999.0
-9999.0 -9999.0 -9999.0 -9999.0 -9999.0 -9999.0 -9999.0 -9999.0 -9999.0 -9999.0 -9999.0 -9999.0 -9999.0 -9999.0 -9999.0 -9999.0 -9999.0 -9999.0 -9999.0 -9999.0 -9999.0 -9999.0 -9999.0 -9999.0 0.053371 0.095768 0.203329 0.050409 0.223315 -0.158006 -0.130698 -9999.0 -9999.0 -9999.0 -9999.0 -9999.0 -9999.0 -9999.0 -9999.0 -9999.0 -9999.0 -9999.0 -9999.0 -9999.0 -9999.0 -9999.0 -9999.0 -9999.0 -9999.0 -9999.0 -9999.0 -9999.0 -9999.0 -9999.0 -9999.0 -9999.0 -9999.0 -9999.0 -9999.0 -9999.0 -9999.0 -9999.0 -9999.0
-9999.0 -9999.0 -9999.0 -9999.0 -9999.0 -9999.0 -9999.0 -9999.0 -9999.0 -9999.0 -9999.0 -9999.0 -9999.0 -9999.0 -9999.0 -9999.0 -9999.0 -9999.0 -9999.0 -9999.0 -9999.0 -9999.0 -9999.0 0.126594 0.682559 2.770565 3.166768 3.346190 2.677393 0.281063 -0.120980 -0.440801 -9999.0 -9999.0 -9999.0 -9999.0 -9999.0 -9999.0 -9999.0 -9999.0 -9999.0 -9999.0 -9999.0 -9999.0 -9999.0 -9999.0 -9999.0 -9999.0 -9999.0 -9999.0 -9999.0 -9999.0 -9999.0 -9999.0 -9999.0 -9999.0 -9999.0 -9999.0 -9999.0 -9999.0 -9999.0 -9999.0 -9999.0
-9999.0 -9999.0 -9999.0 -9999.0 -9999.0 -9999.0 -9999.0 -9999.0 -9999.0 -9999.0 -9999.0 -9999.0 -9999.0 -9999.0 -9999.0 -9999.0 -9999.0 -9999.0 4.072043 0.568295 -9999.0 0.451317 0.680939 2.628358 2.597208 3.606416 2.855418 2.926475 1.771946 0.002892 0.148613 -0.100742 -0.325385 -0.778259 -9999.0 -9999.0 -9999.0 -9999.0 -9999.0 -9999.0 -9999.0 -9999.0 -9999.0 -9999.0 -9999.0 -9999.0 -9999.0 -9999.0 -9999.0 -9999.0 -9999.0 -9999.0 -9999.0 -9999.0 -9999.0 -9999.0 -9999.0 -9999.0 -9999.0 -9999.0 -9999.0 -9999.0 -9999.0
-9999.0 -9999.0 -9999.0 -9999.0 -9999.0 -9999.0 -9999.0 -9999.0 -9999.0 -9999.0 -9999.0 -9999.0 -9999.0 -9999.0 -9999.0 -9999.0 -9999.0 4.994137 3.634233 3.788730 2.338516 -0.003969 0.109088 1.747346 3.289088 -0.005603 -0.053200 0.024320 -0.033352 1.434339 0.945890 0.221624 0.577367 -0.001746 -0.422635 -0.680685 -9999.0 -9999.0 -9999.0 -9999.0 -9999.0 -9999.0 -9999.0 -9999.0 -9999.0 -9999.0 -9999.0 -9999.0 -9999.0 -9999.0 -9999.0 -9999.0 -9999.0 -9999.0 -9999.0 -9999.0 -9999.0 -9999.0 -9999.0 -9999.0 -9999.0 -9999.0 -9999.0
-9999.0 -9999.0 -9999.0 -9999.0 -9999.0 -9999.0 -9999.0 -9999.0 -9999.0 -9999.0 -9999.0 -9999.0 -9999.0 2.189858 1.766549 3.291619 4.648260 9.425037 4.724272 3.179084 2.899060 2.141312 3.315361 3.257764 -0.017864 0.613356 -0.156923 -0.018470 -0.025597 -0.004648 -0.814176 0.361286 -0.023442 -0.087101 -0.142226 -0.855374 -9999.0 -9999.0 -9999.0 -9999.0 -9999.0 -9999.0 -9999.0 -9999.0 -9999.0 -9999.0 -9999.0 -9999.0 -9999.0 -9999.0 -9999.0 -9999.0 -9999.0 -9999.0 -9999.0 -9999.0 -9999.0 -9999.0 -9999.0 -9999.0 -9999.0 -9999.0 -9999.0
-9999.0 -9999.0 -9999.0 -9999.0 -9999.0 -9999.0 -9999.0 -9999.0 -9999.0 -9999.0 -9999.0 -9999.0 -9999.0 3.170838 4.093169 4.012326 3.854946 8.611680 9.457324 4.789364 3.827959 5.559125 2.481624 0.939285 1.283645 -0.000778 -0.031707 0.240444 -0.125638 -1.084914 -0.696812 -0.093067 -0.257473 -5.892680 -0.510369 -9999.0 -9999.0 -9999.0 -9999.0 -9999.0 -9999.0 -9999.0 -9999.0 -9999.0 -9999.0 -9999.0 -9999.0 -9999.0 -9999.0 -9999.0 -9999.0 -9999.0 -9999.0 -9999.0 -9999.0 -9999.0 -9999.0 -9999.0 -9999.0 -9999.0 -9999.0 -9999.0 -9999.0
-9999.0 -9999.0 -9999.0 -9999.0 -9999.0 -9999.0 -9999.0 -9999.0 -9999.0 -9999.0 -9999.0 -9999.0 -9999.0 4.161601 3.760458 5.324697 3.647642 4.326086 9.871642 4.688067 6.128252 2.559680 -0.004289 -0.031041 1.133020 0.460930 0.815119 -0.240903 -0.178421 -5.260472 -0.128371 -5.978937 -6.220941 -7.391797 -0.805000 -9999.0 -9999.0 -9999.0 -9999.0 -9999.0 -9999.0 -9999.0 -9999.0 -9999.0 -9999.0 -9999.0 -9999.0 -9999.0 -9999.0 -9999.0 -9999.0 -9999.0 -9999.0 -9999.0 -9999.0 -9999.0 -9999.0 -9999.0 -9999.0 -9999.0 -9999.0 -9999.0 -9999.0
-9999.0 -9999.0 -9999.0 -9999.0 -9999.0 -9999.0 -9999.0 -9999.0 -9999.0 -9999.0 -9999.0 -9999.0 2.891586 3.238126 4.954799 2.863120 2.194782 3.874046 9.527285 5.270112 2.982894 -0.009593 -0.004618 -0.015838 -0.959593 -0.034138 -2.133900 -0.140604 -0.261754 -0.308732 -5.805511 -0.333199 -0.194585 -1.102343 -9999.0 -9999.0 -9999.0 -9999.0 -9999.0 -9999.0 -9999.0 -9999.0 -9999.0 -9999.0 -9999.0 -9999.0 -9999.0 -9999.0 -9999.0 -9999.0 -9999.0 -9999.0 -9999.0 -9999.0 -9999.0 -9999.0 -9999.0 -9999.0 -9999.0 -9999.0 -9999.0 -9999.0 -9999.0
-9999.0 -9999.0 -9999.0 -9999.0 -9999.0 -9999.0 -9999.0 -9999.0 -9999.0 -9999.0 -9999.0 2.049127 4.117377 2.094561 4.391281 4.459071 4.646212 4.211860 8.888524 6.867535 2.611491 1.942598 0.730806 0.039504 0.012260 0.027094 -0.167687 -0.061037 -0.237687 -0.657491 -0.324559 -0.007662 -0.155784 -0.506006 -0.350643 -0.041176 -0.151606 -0.067362 -0.064593 -9999.0 -9999.0 -9999.0 -0.570536 -9999.0 -9999.0 -9999.0 -9999.0 -9999.0 -9999.0 -9999.0 -9999.0 -9999.0 -9999.0 -9999.0 -9999.0 -9999.0 -9999.0 -9999.0 -9999.0 -9999.0 -9999.0 -9999.0 -9999.0
-9999.0 -9999.0 -9999.0 -9999.0 -9999.0 -9999.0 -9999.0 -9999.0 -9999.0 -9999.0 -9999.0 1.549105 4.058515 5.668463 5.347786 3.635359 6.817659 4.762459 9.431640 6.739730 5.646016 2.487906 0.561579 -1.905547 -2.947972 -0.057480 -0.079908 0.012191 0.454153 -0.478418 -0.069789 -0.120700 -0.191176 -0.220182 -0.236093 -0.067707 0.174881 0.407914 -0.061768 -0.460588 -0.408271 -0.443790 -0.087200 -0.294988 -9999.0 -9999.0 -9999.0 -0.633610 -0.617378 -0.451565 -0.651486 -1.008906 -1.064680 -1.306974 -1.313797 -1.126156 -9999.0 -9999.0 -9999.0 -9999.0 -9999.0 -9999.0 -9999.0
-9999.0 -9999.0 -9999.0 -9999.0 -9999.0 -9999.0 -9999.0 -9999.0 -9999.0 -9999.0 -9999.0 1.440832 1.922987 0.685790 4.045906 4.350652 1.732560 3.890034 8.149220 6.744399 2.234493 -0.004658 -0.485872 0.046411 -0.055596 0.117024 -1.379188 -2.616716 -0.033812 -0.255252 -0.132688 -3.063173 0.011585 -0.224208 -0.276536 0.034168 -2.248573 -1.915071 0.806454 -0.163289 -0.035362 -0.156817 -0.011516 -0.068410 -0.245456 -9999.0 -0.993432 -0.344783 -0.095698 -0.019289 0.022099 0.493540 -0.072288 -0.121549 -0.426074 -0.209707 -9999.0 -9999.0 -9999.0 -9999.0 -9999.0 -9999.0 -9999.0
-9999.0 -9999.0 -9999.0 -9999.0 -9999.0 -9999.0 -9999.0 -9999.0 -9999.0 -9999.0 -9999.0 -9999.0 1.853967 -0.048226 2.877169 3.359187 0.644807 2.932416 8.595312 6.590230 2.187187 0.235508 -0.026860 -0.541378 -1.887793 -0.898205 0.388646 0.061449 -0.111477 -0.264161 -0.082164 -2.856658 0.117492 -0.143424 -0.172495 -0.035378 -2.574281 -1.769004 2.459575 0.141254 0.692538 0.706630 -0.600049 0.221764 -0.224409 -0.272685 -0.648965 -0.205544 -3.009162 -0.724966 -0.057594 -2.745512 -2.821743 -3.379171 -3.958885 -0.507680 -0.204636 -9999.0 -9999.0 -9999.0 -9999.0 -9999.0 -9999.0
-9999.0 -9999.0 -9999.0 -9999.0 -9999.0 -9999.0 -9999.0 -9999.0 -9999.0 -9999.0 -9999.0 -0.361153 0.606514 2.379905 -0.042681 -0.004138 1.130501 2.221963 8.059283 4.175519 2.499198 0.505568 -0.024031 -0.697890 -0.653919 -1.600164 -1.165124 -0.128381 -0.148952 0.236399 -1.454620 -2.047329 0.490133 -0.133698 -0.232743 -0.074479 -0.035386 -0.899839 -0.006661 1.820832 -0.166552 -0.009412 -0.556823 -0.053934 0.731850 -0.124566 -0.046285 0.241750 0.735892 -0.028410 -2.444385 -0.110814 -4.383524 -4.610897 -5.314317 -5.789115 -0.368297 -9999.0 -9999.0 -9999.0 -9999.0 -9999.0 -9999.0
-9999.0 -9999.0 -9999.0 -9999.0 -9999.0 -9999.0 -9999.0 -9999.0 -9999.0 -9999.0 0.609988 -0.427647 0.586324 0.764008 1.802633 -0.004705 -0.004756 -0.014605 3.360123 3.827967 4.411313 3.007867 -0.471142 1.183662 -0.022386 -1.326263 -1.755710 -3.397326 0.133594 0.400240 -1.499511 -1.595438 0.342860 -0.135356 -0.806995 -0.118172 0.198661 -0.539034 -0.261088 0.271107 0.348134 1.427856 5.169358 0.723119 -0.029708 0.210391 0.007202 -0.813003 -0.260966 -0.015688 -4.492761 -0.518601 -5.694383 -6.280383 -6.529468 -0.130990 -0.130866 -9999.0 -9999.0 -9999.0 -9999.0 -9999.0 -9999.0
-9999.0 -9999.0 -9999.0 -9999.0 -9999.0 -9999.0 -9999.0 -9999.0 -9999.0 -0.006193 0.618124 -0.026260 -0.019608 -0.184249 -0.787491 -0.134609 -0.037863 3.122901 3.286108 3.897284 4.937657 0.663067 0.030434 0.520008 -0.004146 -1.243757 -1.875306 0.421591 -0.035969 -0.059930 -0.003866 -1.447472 -0.060372 -0.736056 -0.347506 -0.133483 0.144169 -1.948290 -1.295587 -1.284271 -0.879590 -0.294738 -0.407248 1.437891 0.734358 -0.030412 1.487967 -0.295666 -0.276072 -0.003716 -2.133065 -0.423130 -6.599358 -2.205986 -1.321669 -3.888228 -3.778715 -0.274044 -0.856641 -9999.0 -9999.0 -9999.0 -9999.0
-9999.0 -9999.0 -9999.0 -9999.0 -9999.0 -9999.0 -9999.0 -9999.0 -9999.0 -0.038534 -0.014551 0.618803 1.979831 -0.006050 -0.044626 -0.208481 1.470192 0.599894 3.861498 6.340986 5.805660 5.532534 3.288031 1.633869 -0.855465 -0.935376 -0.749630 -0.014760 0.500623 1.758401 0.810899 -1.820592 -0.047374 -0.216593 -0.098244 -0.184572 0.015868 0.592350 -0.025605 0.598995 -2.569036 -1.145726 -0.085787 0.745520 2.349977 2.045646 1.709355 0.411788 -0.005887 0.078063 -2.706461 -4.429827 -2.643280 -2.713332 -2.917779 -4.970794 -3.199498 -3.145135 0.015144 -9999.0 -9999.0 -9999.0 -9999.0
-9999.0 -9999.0 -9999.0 -9999.0 -9999.0 -9999.0 -9999.0 -9999.0 -9999.0 -9999.0 -0.083421 0.508919 -0.024633 -0.574767 -0.004907 -0.036430 -0.008892 1.655609 4.654752 4.840555 5.805767 2.460596 -0.029078 -0.257873 -0.661341 -0.026848 0.125921 0.984211 0.775348 -1.373668 -1.713176 -2.455999 -2.726311 -0.150824 -0.203759 0.379630 0.441449 0.533887 -0.002813 -0.068326 -0.092313 0.536734 1.412784 -0.028084 -0.015462 -0.008161 1.359312 3.658435 2.554715 0.010043 -1.662425 -3.656252 -1.616405 -2.779721 -2.807009 -2.530876 -0.222211 -1.301362 -1.056802 -0.025419 -9999.0 -9999.0 -9999.0
-9999.0 -9999.0 -9999.0 -9999.0 -9999.0 -9999.0 -9999.0 -9999.0 -9999.0 -9999.0 -0.103950 0.020752 0.470110 -0.007215 2.621310 -0.007809 -0.015736 2.382818 5.069821 5.661421 3.177749 1.252951 -0.036065 -0.043095 -0.030552 0.576331 1.671701 -0.008434 -1.068337 -2.447975 -0.074688 0.098651 -4.015876 -0.220584 -0.062865 0.550261 -1.259746 -0.043805 -2.176170 -0.147010 -0.045241 1.541169 -0.345424 0.292189 0.719579 -0.270994 -0.011919 -0.014397 2.628408 2.133360 -0.003930 -1.841453 -3.153508 -0.988126 -3.614317 -2.729204 -0.421056 -0.359305 0.859467 1.895954 -9999.0 -9999.0 -9999.0
-9999.0 -9999.0 -9999.0 -9999.0 -9999.0 -9999.0 -9999.0 -9999.0 0.027780 -0.096224 -0.164724 0.031610 -2.343127 -0.922920 -0.045863 1.399063 2.696599 6.451573 5.841720 6.112521 4.916486 3.803003 2.864346 1.018226 0.330474 1.714234 2.767081 -0.599876 -1.624927 -2.363691 -5.287741 -0.067109 -0.073113 -0.181526 -0.041959 -0.012175 1.505697 -0.797703 -2.319501 -0.165748 0.313881 0.351237 -2.383992 -0.007992 1.104748 0.703590 -2.136864 -0.185604 -0.008805 2.272723 0.297188 -2.202464 -3.915979 -4.879673 -2.267635 -0.189014 -0.209537 0.664485 0.584245 3.942601 -9999.0 -9999.0 -9999.0
-9999.0 -9999.0 -9999.0 -9999.0 -9999.0 -9999.0 -9999.0 -9999.0 -2.641297 -2.757751 -1.920713 -0.142426 -0.006439 -1.761753 -0.705036 -0.008870 1.698554 2.293467 5.328324 6.653702 9.508943 8.371473 7.528886 6.607523 3.151017 3.092975 0.632225 -0.531155 -3.554404 -0.142979 -0.207036 -0.036151 -0.031011 0.053037 0.060945 0.314722 2.746282 0.071406 -0.080568 0.156097 -0.077726 -3.851083 0.139016 0.245555 0.142041 -1.843358 -2.843787 0.036650 -0.046476 1.290173 1.753424 -0.044131 -4.191133 -0.315294 -0.051368 -2.150016 -0.468894 -0.008233 2.510682 5.139239 6.539133 -9999.0 -9999.0
-9999.0 -9999.0 -9999.0 -9999.0 -9999.0 -9999.0 -9999.0 -9999.0 -0.066835 -0.009064 -0.073054 -2.682877 -0.177561 -2.173813 -0.360158 -0.589475 0.030664 2.892839 5.251955 9.354265 7.106592 8.870877 8.745377 5.629541 6.434762 3.011270 0.126052 -1.020702 -4.340808 -0.072472 0.160830 0.335929 -1.811131 -1.589170 0.641114 1.942699 -0.004643 1.403719 -0.036038 -0.969256 0.049738 0.313404 0.083190 -0.018219 -1.375857 0.052564 -0.192400 -0.063372 -1.643901 -0.022955 2.392013 0.177382 -2.662045 -4.010292 -1.359423 -0.366354 0.996596 2.368493 4.980393 5.418698 5.990011 -9999.0 -9999.0
-9999.0 -9999.0 -9999.0 -9999.0 -9999.0 -9999.0 -9999.0 -9999.0 -0.470711 0.076347 -2.070515 -4.178239 0.012583 -1.435933 -0.691281 0.019889 3.798809 5.044906 6.434717 5.514978 6.543712 6.928959 8.544657 7.768518 3.415670 0.801015 -0.056366 -1.767131 0.384194 -0.425028 -0.471536 -0.566550 -0.005344 -0.120922 -0.033951 1.300283 3.521367 3.872800 0.441133 -0.015740 0.362739 0.479582 0.471176 0.967113 -0.019564 0.258398 0.153070 0.553029 -0.025252 -0.469624 -0.014908 2.036146 0.304735 -0.049628 0.598627 1.539562 3.176840 4.559074 5.523645 5.710091 4.583925 2.448339 -9999.0
-9999.0 -9999.0 -9999.0 -9999.0 -9999.0 -9999.0 -9999.0 -9999.0 -0.929240 -0.007905 -1.857814 -1.359899 -0.407242 -0.573893 1.876746 2.160969 4.152749 2.210651 0.551642 2.684894 4.572902 6.333718 6.547112 6.234004 5.561200 -0.010645 -0.882949 -0.031794 -0.004703 -0.014308 -0.322976 -0.001613 2.004566 1.050289 0.186491 1.100393 2.983230 5.869429 5.260444 1.918723 0.435975 0.164925 0.167007 -0.005126 -0.355843 0.855203 -0.044114 -0.848314 -0.057866 -0.003620 1.359747 1.498941 1.753712 1.679747 2.320275 2.712440 3.374309 4.222252 4.896245 4.899423 3.989650 1.826188 -9999.0
-9999.0 -9999.0 -0.013317 0.047879 -3.085536 -1.791663 -2.753081 -3.832473 -0.149179 -0.068582 -1.403949 -0.772141 -0.060940 -0.004234 3.104244 1.498585 -0.024608 -1.007936 -0.136216 -0.006904 2.556370 5.267435 5.466667 5.971856 4.311832 1.822794 -0.015278 -0.006855 2.231552 2.850936 -0.027108 0.464318 5.063468 3.178095 4.006242 4.421274 6.967917 8.131664 7.038245 4.355125 4.614511 4.342843 4.017960 2.298652 -0.008994 -0.004357 1.432480 1.242907 2.243325 3.257084 4.465767 3.784347 3.063864 2.586695 2.503224 5.636489 3.157884 3.565963 3.227940 3.318400 3.805483 1.051835 -9999.0
-9999.0 -0.649279 -0.580397 -1.619089 -1.021911 -1.469790 -1.281347 -2.069071 -3.042450 -0.154151 -1.676223 -0.645890 -0.002886 2.422067 2.250704 -0.309908 -0.878235 -1.770152 -0.844106 -0.020053 2.257040 4.078118 5.728369 4.680085 7.093547 4.100088 5.152590 5.361625 4.738251 2.930324 3.213007 3.421463 5.053748 7.967643 7.626399 8.780195 10.473905 11.041404 10.569220 8.772001 8.146495 8.025105 7.242953 4.615768 3.321376 3.724847 4.407400 5.765326 6.484646 5.903845 4.622824 3.711957 2.934887 2.156977 2.087633 1.587086 0.641430 0.994357 1.362046 2.509713 0.320740 0.852578 -9999.0
-9999.0 1.443243 -0.010845 -0.046546 0.415324 -0.781595 -2.306406 -2.596127 -0.186589 -0.197723 -1.755647 -1.026697 0.027466 2.357340 -0.081873 -3.320805 -1.915261 -1.769902 -1.101948 -0.010159 2.955119 1.754404 2.850513 2.742163 6.433525 7.782840 5.295848 6.058024 5.902350 6.242366 6.393104 6.158812 6.860074 7.844248 10.896306 10.871182 15.511502 16.572689 13.551572 12.455291 11.724638 10.721453 9.706944 7.904470 7.791085 7.657769 7.656987 7.321848 6.668537 5.756785 3.713476 1.798164 0.767259 1.310618 0.538377 -0.041603 -0.465833 -0.055410 -0.036294 -0.113888 -0.035006 -9999.0 -9999.0
