user2019/resources/simulation/Vinschgau/output-maps/TL0006N0170.asc
ncols         63
nrows         48
xllcorner     598000.000000
yllcorner     5145000.000000
cellsize      1000.000000
NODATA_value  -9999.0
[rows 0 to 27 of 48, columns 0 to 61 of 63]
-9999.0 -9999.0 -9999.0 -9999.0 -9999.0 -9999.0 -9999.0 -9999.0 -9999.0 -9999.0 -9999.0 -9999.0 -9999.0 -9999.0 -9999.0 -9999.0 -9999.0 -9999.0 -9999.0 -9999.0 -9999.0 -9999.0 -9999.0 -9999.0 -9999.0 -9999.0 -9999.0 -9999.0 -9999.0 -9999.0 -9999.0 -9999.0 -9999.0 -9999.0 -9999.0 -9999.0 -9999.0 -9999.0 -9999.0 -9999.0 -9999.0 -9999.0 -9999.0 -9999.0 -9999.0 -9999.0 -9999.0 -9999.0 -9999.0 -9999.0 -9999.0 -9999.0 -9999.0 -9999.0 -9999.0 -9999.0 -9999.0 -9999.0 -9999.0 -9999.0 -9999.0 -9999.0
-9999.0 -9999.0 -9999.0 -9999.0 -9999.0 -9999.0 -9999.0 -9999.0 -9999.0 -9999.0 -9999.0 -9999.0 -9999.0 -9999.0 -9999.0 -9999.0 -9999.0 -9999.0 -9999.0 -9999.0 -9999.0 -9999.0 -9999.0 -9999.0 -9999.0 -9999.0 -9999.0 -3.367700 -3.684505 -4.561984 -4.462383 -5.328184 -5.594613 -9999.0 -9999.0 -9999.0 -9999.0 -9999.0 -9999.0 -9999.0 -9999.0 -9999.0 -9999.0 -9999.0 -9999.0 -9999.0 -9999.0 -9999.0 -9999.0 -9999.0 -9999.0 -9999.0 -9999.0 -9999.0 -9999.0 -9999.0 -9999.0 -9999.0 -9999.0 -9999.0 -9999.0 -9999.0
-9999.0 -9999.0 -9999.0 -9999.0 -9999.0 -9999.0 -9999.0 -9999.0 -9999.0 -9999.0 -9999.0 -9999.0 -9999.0 -9999.0 -9999.0 -9999.0 -9999.0 -9999.0 -9999.0 -9999.0 -9999.0 -9999.0 -9999.0 -9999.0 -1.521486 -2.623837 -3.813771 -3.905209 -3.531763 -4.220783 -3.791792 -9999.0 -9999.0 -9999.0 -9999.0 -9999.0 -9999.0 -9999.0 -9999.0 -9999.0 -9999.0 -9999.0 -9999.0 -9999.0 -9999.0 -9999.0 -9999.0 -9999.0 -9999.0 -9999.0 -9999.0 -9999.0 -9999.0 -9999.0 -9999.0 -9999.0 -9999.0 -9999.0 -9999.0 -9999.0 -9999.0 -9999.0
-9999.0 -9999.0 -9999.0 -9999.0 -9999.0 -9999.0 -9999.0 -9999.0 -9999.0 -9999.0 -9999.0 -9999.0 -9999.0 -9999.0 -9999.0 -9999.0 -9999.0 -9999.0 -9999.0 -9999.0 -9999.0 -9999.0 -9999.0 -1.966201 -1.680295 -0.011031 -0.075717 -1.442492 -1.860313 -5.148946 -4.718735 -2.770145 -9999.0 -9999.0 -9999.0 -9999.0 -9999.0 -9999.0 -9999.0 -9999.0 -9999.0 -9999.0 -9999.0 -9999.0 -9999.0 -9999.0 -9999.0 -9999.0 -9999.0 -9999.0 -9999.0 -9999.0 -9999.0 -9999.0 -9999.0 -9999.0 -9999.0 -9999.0 -9999.0 -9999.0 -9999.0 -9999.0
-9999.0 -9999.0 -9999.0 -9999.0 -9999.0 -9999.0 -9999.0 -9999.0 -9999.0 -9999.0 -9999.0 -9999.0 -9999.0 -9999.0 -9999.0 -9999.0 -9999.0 -9999.0 -0.005797 -0.731439 -9999.0 -1.400424 -1.473842 -0.014584 -0.007827 -6.576989 -1.677635 -1.679274 -0.584985 -1.764651 -5.290772 -4.295070 -5.661367 -6.348366 -9999.0 -9999.0 -9999.0 -9999.0 -9999.0 -9999.0 -9999.0 -9999.0 -9999.0 -9999.0 -9999.0 -9999.0 -9999.0 -9999.0 -9999.0 -9999.0 -9999.0 -9999.0 -9999.0 -9999.0 -9999.0 -9999.0 -9999.0 -9999.0 -9999.0 -9999.0 -9999.0 -9999.0
-9999.0 -9999.0 -9999.0 -9999.0 -9999.0 -9999.0 -9999.0 -9999.0 -9999.0 -9999.0 -9999.0 -9999.0 -9999.0 -9999.0 -9999.0 -9999.0 -9999.0 -0.564168 -4.622183 -3.704495 -2.995761 -1.319682 -1.674975 -3.027499 -0.489247 -3.353385 -2.150236 -1.510742 -2.756935 -1.720608 -1.769421 -5.119105 -5.713978 -6.197024 -5.095198 -6.474965 -9999.0 -9999.0 -9999.0 -9999.0 -9999.0 -9999.0 -9999.0 -9999.0 -9999.0 -9999.0 -9999.0 -9999.0 -9999.0 -9999.0 -9999.0 -9999.0 -9999.0 -9999.0 -9999.0 -9999.0 -9999.0 -9999.0 -9999.0 -9999.0 -9999.0 -9999.0
-9999.0 -9999.0 -9999.0 -9999.0 -9999.0 -9999.0 -9999.0 -9999.0 -9999.0 -9999.0 -9999.0 -9999.0 -9999.0 -1.668269 -1.240038 -1.205324 -1.558075 -3.738618 -0.354405 -1.832762 -0.554865 -0.015897 -4.074409 -1.669071 -3.795584 -3.011784 -3.913094 -2.534298 -3.215506 -1.449646 -1.587617 -3.488476 -4.416544 -6.628695 -7.127880 -7.199383 -9999.0 -9999.0 -9999.0 -9999.0 -9999.0 -9999.0 -9999.0 -9999.0 -9999.0 -9999.0 -9999.0 -9999.0 -9999.0 -9999.0 -9999.0 -9999.0 -9999.0 -9999.0 -9999.0 -9999.0 -9999.0 -9999.0 -9999.0 -9999.0 -9999.0 -9999.0
-9999.0 -9999.0 -9999.0 -9999.0 -9999.0 -9999.0 -9999.0 -9999.0 -9999.0 -9999.0 -9999.0 -9999.0 -9999.0 -1.369246 -0.004000 -0.335749 -0.330077 -0.350396 -4.040822 -4.806311 -5.805009 -3.335137 -1.339635 -1.615572 -1.551149 -2.532773 -3.996541 -5.643234 -5.912762 -3.760576 -2.082790 -6.349435 -7.148281 -7.663959 -7.631338 -9999.0 -9999.0 -9999.0 -9999.0 -9999.0 -9999.0 -9999.0 -9999.0 -9999.0 -9999.0 -9999.0 -9999.0 -9999.0 -9999.0 -9999.0 -9999.0 -9999.0 -9999.0 -9999.0 -9999.0 -9999.0 -9999.0 -9999.0 -9999.0 -9999.0 -9999.0 -9999.0
-9999.0 -9999.0 -9999.0 -9999.0 -9999.0 -9999.0 -9999.0 -9999.0 -9999.0 -9999.0 -9999.0 -9999.0 -9999.0 -1.076863 -0.010115 -0.007456 -0.317138 -1.219581 -3.941359 -1.170092 -1.256410 -4.241730 -1.594580 -1.508874 -1.446953 -1.355906 -4.029292 -5.739212 -4.088893 -6.519622 -6.040173 -7.387548 -7.420045 -7.901085 -7.931636 -9999.0 -9999.0 -9999.0 -9999.0 -9999.0 -9999.0 -9999.0 -9999.0 -9999.0 -9999.0 -9999.0 -9999.0 -9999.0 -9999.0 -9999.0 -9999.0 -9999.0 -9999.0 -9999.0 -9999.0 -9999.0 -9999.0 -9999.0 -9999.0 -9999.0 -9999.0 -9999.0
-9999.0 -9999.0 -9999.0 -9999.0 -9999.0 -9999.0 -9999.0 -9999.0 -9999.0 -9999.0 -9999.0 -9999.0 -1.267206 -0.006302 -0.004677 -2.770030 -0.049650 -0.392922 -0.584956 -4.943930 -1.451808 -2.133320 -2.313396 -1.468105 -1.368608 -5.217097 -1.523518 -2.765986 -4.388499 -6.007216 -6.209435 -5.322054 -6.043861 -7.203107 -9999.0 -9999.0 -9999.0 -9999.0 -9999.0 -9999.0 -9999.0 -9999.0 -9999.0 -9999.0 -9999.0 -9999.0 -9999.0 -9999.0 -9999.0 -9999.0 -9999.0 -9999.0 -9999.0 -9999.0 -9999.0 -9999.0 -9999.0 -9999.0 -9999.0 -9999.0 -9999.0 -9999.0
-9999.0 -9999.0 -9999.0 -9999.0 -9999.0 -9999.0 -9999.0 -9999.0 -9999.0 -9999.0 -9999.0 -1.280622 -1.189397 -0.010681 -1.975821 -1.701727 -4.098810 -0.429959 -0.576397 -4.688818 -4.002370 -0.062075 -2.247458 -3.995074 -2.510028 -2.738672 -5.407174 -2.638940 -3.104506 -6.549477 -4.398783 -5.328579 -5.839149 -7.887398 -8.252442 -9.638260 -11.003250 -11.514695 -11.302735 -9999.0 -9999.0 -9999.0 -8.188306 -9999.0 -9999.0 -9999.0 -9999.0 -9999.0 -9999.0 -9999.0 -9999.0 -9999.0 -9999.0 -9999.0 -9999.0 -9999.0 -9999.0 -9999.0 -9999.0 -9999.0 -9999.0 -9999.0
-9999.0 -9999.0 -9999.0 -9999.0 -9999.0 -9999.0 -9999.0 -9999.0 -9999.0 -9999.0 -9999.0 -1.418168 -1.287504 -1.203349 -1.192710 -2.905627 -1.358755 -1.632473 -0.582759 -0.344094 -0.023497 -0.379347 -1.524509 -2.267524 -2.217316 -3.681738 -3.440298 -3.499759 -3.575207 -5.814707 -5.051857 -5.929226 -7.273522 -6.087384 -8.661625 -9.914525 -10.397609 -8.620436 -9.756396 -13.258224 -12.579647 -10.559398 -8.478061 -6.988259 -9999.0 -9999.0 -9999.0 -0.018684 -1.091795 -1.072867 -0.923542 -0.944297 -0.880046 -0.006307 -0.005975 -0.763921 -9999.0 -9999.0 -9999.0 -9999.0 -9999.0 -9999.0
-9999.0 -9999.0 -9999.0 -9999.0 -9999.0 -9999.0 -9999.0 -9999.0 -9999.0 -9999.0 -9999.0 -1.359588 -1.354201 -3.573928 -1.146347 -2.843942 -1.370988 -1.428666 -1.529122 -0.559914 -0.424253 -1.469102 -1.765110 -1.701286 -4.269336 -4.245622 -2.717342 -3.439304 -5.063380 -4.026081 -5.922077 -5.641093 -6.276502 -7.202164 -9.194405 -11.042131 -7.143373 -4.577577 -5.459401 -9.160395 -11.236887 -11.783352 -8.385570 -7.571114 -4.264234 -9999.0 -3.443929 -1.192158 -1.143484 -1.044301 -1.339011 -1.225818 -0.007832 -0.001005 -0.000796 -0.002042 -9999.0 -9999.0 -9999.0 -9999.0 -9999.0 -9999.0
-9999.0 -9999.0 -9999.0 -9999.0 -9999.0 -9999.0 -9999.0 -9999.0 -9999.0 -9999.0 -9999.0 -9999.0 -1.329094 -1.265484 -0.469818 -1.305797 -1.401711 -1.394135 -0.560467 -0.541276 -1.794156 -1.471946 -1.710779 -1.854641 -3.523740 -1.968430 -0.011213 -4.708881 -3.896813 -4.079383 -3.962894 -5.429367 -6.197971 -6.617373 -8.428011 -10.748001 -7.041331 -5.060533 -4.239642 -7.814498 -10.474198 -10.729938 -9.288929 -3.089414 -6.303318 -2.219063 -2.071629 -1.073659 -1.123278 -2.116380 -1.031202 -1.056511 -0.021994 -0.018770 -1.010277 -0.937539 -0.015633 -9999.0 -9999.0 -9999.0 -9999.0 -9999.0
-9999.0 -9999.0 -9999.0 -9999.0 -9999.0 -9999.0 -9999.0 -9999.0 -9999.0 -9999.0 -9999.0 -1.326562 -1.711126 -2.140410 -1.460374 -1.408865 -1.395435 -2.154408 -0.296418 -0.173070 -3.505121 -0.359993 -1.467932 -2.869804 -1.710052 -1.711041 -1.633057 -4.523150 -3.644875 -4.297417 -4.531371 -4.756539 -4.257714 -6.193179 -8.802457 -10.330716 -13.101643 -6.572229 -2.563618 -6.469822 -9.564050 -7.660990 -7.820907 -8.394055 -2.240689 -2.186647 -1.450894 -2.636006 -1.275963 -4.754461 -2.535729 -2.029554 -1.060006 -3.167188 -2.170921 -2.937841 -0.803486 -9999.0 -9999.0 -9999.0 -9999.0 -9999.0
-9999.0 -9999.0 -9999.0 -9999.0 -9999.0 -9999.0 -9999.0 -9999.0 -9999.0 -9999.0 -0.409294 -1.495991 -1.106476 -1.579069 -0.017998 -1.675402 -2.232643 -1.430546 -0.445357 -0.528572 -0.441010 -0.171090 -1.788068 -0.014294 -2.050713 -1.143396 -3.355373 -5.456897 -2.011294 -1.809439 -2.215199 -3.191344 -4.208444 -6.375407 -8.797020 -9.282882 -10.983876 -7.187601 -4.258405 -3.769972 -3.872823 -7.419097 -7.150532 -0.948772 -4.343549 -5.764414 -1.445352 -4.416257 -2.020330 -2.487374 -2.391563 -3.000567 -2.775964 -3.153509 -2.695066 -0.002944 -0.002804 -9999.0 -9999.0 -9999.0 -9999.0 -9999.0
-9999.0 -9999.0 -9999.0 -9999.0 -9999.0 -9999.0 -9999.0 -9999.0 -9999.0 -2.059427 -0.508335 -0.494738 -1.743773 -1.451656 -0.096182 -1.614388 -1.621436 -0.019095 -3.324890 -0.179213 -0.466891 -2.495333 -2.686463 -2.765427 -0.826824 -3.829449 -4.492066 -1.969290 -2.197925 -2.239568 -5.490067 -5.097350 -6.885532 -7.333702 -7.464413 -8.493259 -7.839414 -9.086314 -9.065159 -9.279487 -3.636631 -6.284741 -6.187143 -1.889444 -7.268214 -5.631400 -1.853759 -4.078873 -2.947622 -0.475675 -2.445326 -0.940032 -3.384496 -1.770598 -0.835011 -0.868959 -0.007497 -0.764125 -0.773452 -9999.0 -9999.0 -9999.0
-9999.0 -9999.0 -9999.0 -9999.0 -9999.0 -9999.0 -9999.0 -9999.0 -9999.0 -2.313104 -1.765850 -1.928141 -0.019998 -1.820233 -1.599662 -1.423544 -0.004627 -1.808369 -4.222510 -0.443713 -0.426905 -4.839575 -0.249522 -1.203468 -3.343772 -2.340642 -2.273087 -2.542963 -5.482122 -1.790517 -3.835384 -5.843502 -4.772896 -3.936028 -5.844643 -7.678654 -8.302423 -8.041399 -7.419813 -5.720270 -1.947202 -5.540338 -4.605913 -5.776497 -0.284379 -5.374177 -5.874125 -6.450224 -1.951273 -2.792676 -1.526430 -1.118443 -1.621294 -0.917998 -2.619364 -0.069306 -0.006905 -0.019930 -0.873251 -9999.0 -9999.0 -9999.0
-9999.0 -9999.0 -9999.0 -9999.0 -9999.0 -9999.0 -9999.0 -9999.0 -9999.0 -9999.0 -1.759225 -1.887410 -1.422952 -0.766541 -2.097035 -1.541630 -1.101063 -1.028634 -1.021881 -1.006212 -0.157416 -3.112396 -0.983715 -1.498515 -2.208114 -2.660849 -6.135397 -6.248828 -2.918123 -3.110220 -3.832379 -1.784377 -4.485588 -4.890215 -4.473953 -3.745610 -3.332809 -5.244844 -6.715462 -6.212569 -6.458958 -2.639665 -3.516733 -2.776159 -5.186364 -6.801645 -4.789472 -0.367023 -4.088427 -5.284885 -2.473986 -1.170788 -0.963221 -1.348283 -0.964996 -1.377789 -1.046152 -1.458791 -1.051120 -0.005300 -9999.0 -9999.0
-9999.0 -9999.0 -9999.0 -9999.0 -9999.0 -9999.0 -9999.0 -9999.0 -9999.0 -9999.0 -1.814951 -1.830754 -1.398491 -1.378917 -0.358683 -1.983693 -1.976325 -1.842506 -0.591084 -0.157310 -3.466854 -2.925218 -2.354604 -2.278782 -2.249792 -6.524895 -4.564746 -2.073838 -2.904031 -4.933796 -4.689940 -1.560963 -5.288289 -4.699556 -4.807375 -3.838955 -5.221450 -5.388440 -5.870882 -4.413171 -2.097329 -2.608456 -1.574803 -3.925573 -0.526876 -1.572833 -1.412229 -3.882435 -2.085082 -5.764782 -4.729723 -1.196473 -1.010779 -0.929788 -0.890558 -0.905242 -1.270746 -0.005202 -5.389202 -0.629612 -9999.0 -9999.0
-9999.0 -9999.0 -9999.0 -9999.0 -9999.0 -9999.0 -9999.0 -9999.0 -1.020955 -1.406888 -2.751394 -1.469448 -1.453685 -1.500543 -1.453953 -1.049131 -4.751531 -3.414443 -0.099405 -0.095519 -0.664112 -1.050062 -3.673103 -3.316387 -3.596951 -1.844925 -0.534317 -2.758584 -1.685818 -3.472470 -5.993252 -4.211828 -3.280334 -2.713812 -1.422876 -5.265516 -1.377795 -4.359631 -5.451771 -2.860438 -4.095641 -2.822995 -4.548208 -4.938080 -1.413909 -1.288755 -2.850527 -1.169869 -3.518620 -2.054208 -1.630742 -1.423075 -0.603025 -0.931932 -0.984035 -0.001949 -0.920388 -0.004454 -2.354352 -3.605453 -9999.0 -9999.0
-9999.0 -9999.0 -9999.0 -9999.0 -9999.0 -9999.0 -9999.0 -9999.0 -2.713121 -1.506180 -3.247598 -3.387489 -2.187803 -1.477878 -1.488702 -1.406229 -0.970654 -1.301736 -0.665718 -0.071600 -0.115879 -0.200489 -1.894727 -4.561535 -1.199214 -1.003842 -1.894089 -2.334230 -4.440093 -1.776316 -1.569175 -3.881702 -1.293914 -2.136401 -1.413504 -1.592320 -2.016197 -2.556720 -3.686280 -1.224076 -2.967464 -5.091571 -4.170369 -1.140903 -1.548782 -1.237390 -3.187275 -2.347527 -1.250393 -1.516960 -5.379224 -1.603544 -1.225434 -0.001644 -1.577634 -2.813758 -1.596583 -1.720675 -5.173330 -0.069072 -0.068316 -9999.0
-9999.0 -9999.0 -9999.0 -9999.0 -9999.0 -9999.0 -9999.0 -9999.0 -2.291752 -1.359511 -1.392408 -2.920299 -1.545394 -3.497663 -0.579521 -2.756036 -6.123894 -3.306456 -0.678997 -0.122096 -0.069517 -0.168533 -0.270243 -0.197305 -0.199256 -4.359565 -1.894854 -2.781164 -6.051202 -3.314978 -3.528115 -1.743394 -3.394774 -4.456879 -1.207273 -1.630695 -1.269067 -3.932428 -2.765021 -1.367114 -1.103539 -1.210021 -0.984514 -1.208805 -1.291509 -1.255261 -1.084706 -0.011854 -1.275702 -2.447390 -0.204577 -3.727227 -2.482656 -2.226332 -4.178276 -2.059415 -5.357178 -4.424007 -2.043478 -0.324543 -0.067857 -9999.0
-9999.0 -9999.0 -9999.0 -9999.0 -9999.0 -9999.0 -9999.0 -9999.0 -4.732169 -1.347936 -0.013732 -4.344629 -0.015292 -0.017497 -1.839658 -5.718366 -1.060143 -0.667328 -0.789288 -0.121131 -0.126315 -0.069586 -0.071724 -0.097774 -0.222390 -0.295253 -0.798621 -3.811952 -0.655664 -1.990650 -3.434108 -2.976078 -2.695084 -2.001129 -2.335589 -1.375984 -1.503542 -1.596647 -3.612281 -2.389541 -1.171187 -1.186405 -1.140720 -2.698525 -0.567504 -1.164927 -0.506964 -1.204040 -0.476744 -2.715781 -0.828838 -1.295879 -5.695263 -0.519768 -5.750644 -5.312650 -3.120798 -1.126484 -0.064752 -0.067873 -1.278555 -0.203684
-9999.0 -9999.0 -9999.0 -9999.0 -9999.0 -9999.0 -9999.0 -9999.0 -1.473682 -1.435871 -0.013521 -1.516286 -1.438764 -3.239592 -1.948267 -1.880907 -0.201169 -3.436194 -1.366312 -1.390032 -0.659740 -0.070575 -0.071701 -0.208481 -3.030607 -0.024202 -2.073182 -1.676872 -2.487459 -1.651698 -1.796965 -0.443369 -5.651536 -1.564206 -3.293228 -2.539746 -1.993965 -0.708932 -5.383076 -1.714594 -3.259644 -3.111399 -2.083235 -3.136626 -2.526177 -1.286045 -2.786242 -1.762572 -1.747851 -5.329895 -5.678165 -6.171171 -1.322795 -4.430318 -3.461894 -1.635954 -0.071743 -0.070170 -0.494207 -2.618448 -5.146229 -0.005963
-9999.0 -9999.0 -1.988502 -1.350119 -1.340187 -1.541924 -1.473595 -1.807108 -1.390645 -1.314597 -1.490680 -0.422180 -1.585855 -0.398371 -3.161513 -0.262654 -3.695933 -1.585053 -1.462618 -0.637407 -1.455277 -0.222538 -0.071566 -0.271280 -1.378706 -5.722664 -2.620414 -3.212721 -6.008109 -0.469953 -1.903354 -0.119432 -0.458984 -4.309439 -3.660838 -3.571539 -3.677442 -2.383231 -4.121172 -1.968438 -2.483370 -4.820275 -6.263111 -1.883816 -1.811809 -1.736721 -4.310752 -1.630706 -5.748576 -2.096261 -3.137744 -1.378570 -0.072895 -0.075380 -0.075922 -0.273251 -1.556635 -1.458419 -4.452545 -5.212683 -0.003081 -0.002143
-9999.0 -1.464466 -1.549516 -1.486724 -1.501039 -0.764434 -1.379765 -1.328534 -1.305389 -1.237535 -1.377727 -0.012225 -0.297499 -0.005042 -0.007006 -0.823380 -1.503701 -1.383333 -0.316830 -1.502536 -1.775117 -1.503287 -1.051001 -0.072252 -1.031268 -3.415625 -3.065197 -2.821088 -3.693791 -3.459048 -5.596752 -3.835847 -1.941452 -2.473823 -4.810505 -3.180090 -5.024659 -5.137379 -2.603142 -3.129770 -5.215647 -5.531302 -5.495202 -4.559624 -5.400525 -6.530527 -0.760028 -0.921682 -2.494265 -1.078452 -0.070254 -0.071499 -1.743015 -2.074843 -2.086065 -1.891683 -0.289528 -0.289196 -0.008203 -0.004695 -0.001988 -0.002013
-9999.0 -1.417966 -0.454921 -0.419736 -0.007213 -0.479385 -1.600979 -2.329369 -1.419062 -2.210667 -1.487816 -0.056493 -1.415392 -0.004776 -2.365037 -1.447489 -1.219289 -1.741048 -0.059120 -1.572297 -0.010003 -0.284372 -1.606717 -1.543957 -1.580174 -0.075892 -0.070890 -0.071477 -0.071744 -0.993664 -0.756647 -0.815196 -3.260905 -2.076642 -2.430553 -2.133299 -1.014572 -0.588343 -1.237598 -1.306293 -2.000378 -1.619018 -3.580322 -0.211199 -0.168600 -0.455228 -0.066814 -0.069231 -0.068851 -0.069447 -0.219714 -3.656440 -0.306793 -2.202701 -1.564338 -0.016953 -0.119612 -0.030314 -0.019004 -0.005949 -0.004965 -9999.0
