user2019/resources/simulation/Vinschgau/output-maps/TL0007N0763.asc
ncols         63
nrows         48
xllcorner     598000.000000
yllcorner     5145000.000000
cellsize      1000.000000
NODATA_value  -9999.0
[rows 0 to 27 of 48, columns 0 to 62 of 63]
-9999.0 -9999.0 -9999.0 -9999.0 -9999.0 -9999.0 -9999.0 -9999.0 -9999.0 -9999.0 -9999.0 -9999.0 -9999.0 -9999.0 -9999.0 -9999.0 -9999.0 -9999.0 -9999.0 -9999.0 -9999.0 -9999.0 -9999.0 -9999.0 -9999.0 -9999.0 -9999.0 -9999.0 -9999.0 -9999.0 -9999.0 -9999.0 -9999.0 -9999.0 -9999.0 -9999.0 -9999.0 -9999.0 -9999.0 -9999.0 -9999.0 -9999.0 -9999.0 -9999.0 -9999.0 -9999.0 -9999.0 -9999.0 -9999.0 -9999.0 -9999.0 -9999.0 -9999.0 -9999.0 -9999.0 -9999.0 -9999.0 -9999.0 -9999.0 -9999.0 -9999.0 -9999.0 -9999.0
-9999.0 -9999.0 -9999.0 -9999.0 -9999.0 -9999.0 -9999.0 -9999.0 -9999.0 -9999.0 -9999.0 -9999.0 -9999.0 -9999.0 -9999.0 -9999.0 -9999.0 -9999.0 -9999.0 -9999.0 -9999.0 -9999.0 -9999.0 -9999.0 -9999.0 -9999.0 -9999.0 -1.615942 0.002188 -1.790463 -2.112762 -1.712385 -1.980607 -9999.0 -9999.0 -9999.0 -9999.0 -9999.0 -9999.0 -9999.0 -9999.0 -9999.0 -9999.0 -9999.0 -9999.0 -9999.0 -9999.0 -9999.0 -9999.0 -9999.0 -9999.0 -9999.0 -9999.0 -9999.0 -9999.0 -9999.0 -9999.0 -9999.0 -9999.0 -9999.0 -9999.0 -9999.0 -9999.0
-9999.0 -9999.0 -9999.0 -9999.0 -9999.0 -9999.0 -9999.0 -9999.0 -9999.0 -9999.0 -9999.0 -9999.0 -9999.0 -9999.0 -9999.0 -9999.0 -9999.0 -9999.0 -9999.0 -9999.0 -9999.0 -9999.0 -9999.0 -9999.0 0.103150 0.186060 0.234640 0.194981 0.081338 -0.001259 -0.007692 -9999.0 -9999.0 -9999.0 -9999.0 -9999.0 -9999.0 -9999.0 -9999.0 -9999.0 -9999.0 -9999.0 -9999.0 -9999.0 -9999.0 -9999.0 -9999.0 -9999.0 -9999.0 -9999.0 -9999.0 -9999.0 -9999.0 -9999.0 -9999.0 -9999.0 -9999.0 -9999.0 -9999.0 -9999.0 -9999.0 -9999.0 -9999.0
-9999.0 -9999.0 -9999.0 -9999.0 -9999.0 -9999.0 -9999.0 -9999.0 -9999.0 -9999.0 -9999.0 -9999.0 -9999.0 -9999.0 -9999.0 -9999.0 -9999.0 -9999.0 -9999.0 -9999.0 -9999.0 -9999.0 -9999.0 0.175874 0.331388 1.466909 1.425560 1.512117 0.217493 0.141869 -0.001890 -1.047360 -9999.0 -9999.0 -9999.0 -9999.0 -9999.0 -9999.0 -9999.0 -9999.0 -9999.0 -9999.0 -9999.0 -9999.0 -9999.0 -9999.0 -9999.0 -9999.0 -9999.0 -9999.0 -9999.0 -9999.0 -9999.0 -9999.0 -9999.0 -9999.0 -9999.0 -9999.0 -9999.0 -9999.0 -9999.0 -9999.0 -9999.0
-9999.0 -9999.0 -9999.0 -9999.0 -9999.0 -9999.0 -9999.0 -9999.0 -9999.0 -9999.0 -9999.0 -9999.0 -9999.0 -9999.0 -9999.0 -9999.0 -9999.0 -9999.0 1.809273 0.287391 -9999.0 0.165611 0.276716 0.835792 0.887398 2.013437 1.377860 1.283430 1.681148 0.402610 0.085504 -0.002862 -1.990356 -2.665815 -9999.0 -9999.0 -9999.0 -9999.0 -9999.0 -9999.0 -9999.0 -9999.0 -9999.0 -9999.0 -9999.0 -9999.0 -9999.0 -9999.0 -9999.0 -9999.0 -9999.0 -9999.0 -9999.0 -9999.0 -9999.0 -9999.0 -9999.0 -9999.0 -9999.0 -9999.0 -9999.0 -9999.0 -9999.0
-9999.0 -9999.0 -9999.0 -9999.0 -9999.0 -9999.0 -9999.0 -9999.0 -9999.0 -9999.0 -9999.0 -9999.0 -9999.0 -9999.0 -9999.0 -9999.0 -9999.0 4.599526 2.397544 1.838438 -0.007299 0.328076 0.378345 0.199158 2.115878 0.199866 0.121642 0.103357 0.076738 0.319966 0.251804 -0.001648 -1.600873 -2.022555 -2.809641 -4.934155 -9999.0 -9999.0 -9999.0 -9999.0 -9999.0 -9999.0 -9999.0 -9999.0 -9999.0 -9999.0 -9999.0 -9999.0 -9999.0 -9999.0 -9999.0 -9999.0 -9999.0 -9999.0 -9999.0 -9999.0 -9999.0 -9999.0 -9999.0 -9999.0 -9999.0 -9999.0 -9999.0
-9999.0 -9999.0 -9999.0 -9999.0 -9999.0 -9999.0 -9999.0 -9999.0 -9999.0 -9999.0 -9999.0 -9999.0 -9999.0 0.154740 0.670090 2.257152 4.128679 5.467059 4.185247 1.287779 1.035116 0.935254 0.917375 1.783664 0.167445 0.126658 -0.711441 -1.383220 0.133147 0.189012 0.189264 0.042498 -0.067308 -2.030743 -2.256293 -4.195851 -9999.0 -9999.0 -9999.0 -9999.0 -9999.0 -9999.0 -9999.0 -9999.0 -9999.0 -9999.0 -9999.0 -9999.0 -9999.0 -9999.0 -9999.0 -9999.0 -9999.0 -9999.0 -9999.0 -9999.0 -9999.0 -9999.0 -9999.0 -9999.0 -9999.0 -9999.0 -9999.0
-9999.0 -9999.0 -9999.0 -9999.0 -9999.0 -9999.0 -9999.0 -9999.0 -9999.0 -9999.0 -9999.0 -9999.0 -9999.0 0.487065 1.996384 2.906891 3.177554 4.566767 5.548220 2.916169 2.652901 1.821787 1.201001 0.239794 0.187567 0.066017 0.047832 -1.893619 -1.832684 -0.553848 0.014661 -1.316933 -2.390313 -6.020204 -4.347608 -9999.0 -9999.0 -9999.0 -9999.0 -9999.0 -9999.0 -9999.0 -9999.0 -9999.0 -9999.0 -9999.0 -9999.0 -9999.0 -9999.0 -9999.0 -9999.0 -9999.0 -9999.0 -9999.0 -9999.0 -9999.0 -9999.0 -9999.0 -9999.0 -9999.0 -9999.0 -9999.0 -9999.0
-9999.0 -9999.0 -9999.0 -9999.0 -9999.0 -9999.0 -9999.0 -9999.0 -9999.0 -9999.0 -9999.0 -9999.0 -9999.0 1.711347 2.178313 2.935458 2.551263 3.403786 5.777174 3.869973 2.362125 0.507861 0.090354 0.106814 0.380607 0.138609 -1.143005 -1.928439 -0.006902 -5.318126 -2.270891 -5.767137 -6.063378 -2.999901 -6.093193 -9999.0 -9999.0 -9999.0 -9999.0 -9999.0 -9999.0 -9999.0 -9999.0 -9999.0 -9999.0 -9999.0 -9999.0 -9999.0 -9999.0 -9999.0 -9999.0 -9999.0 -9999.0 -9999.0 -9999.0 -9999.0 -9999.0 -9999.0 -9999.0 -9999.0 -9999.0 -9999.0 -9999.0
-9999.0 -9999.0 -9999.0 -9999.0 -9999.0 -9999.0 -9999.0 -9999.0 -9999.0 -9999.0 -9999.0 -9999.0 0.458097 1.658574 2.196057 0.602651 0.804791 2.776621 5.306537 3.098885 1.051335 0.193224 0.051667 0.125334 0.311799 -0.001896 0.013489 -0.004152 -0.003658 -3.306610 -3.199840 -2.083691 -2.456264 -4.493770 -9999.0 -9999.0 -9999.0 -9999.0 -9999.0 -9999.0 -9999.0 -9999.0 -9999.0 -9999.0 -9999.0 -9999.0 -9999.0 -9999.0 -9999.0 -9999.0 -9999.0 -9999.0 -9999.0 -9999.0 -9999.0 -9999.0 -9999.0 -9999.0 -9999.0 -9999.0 -9999.0 -9999.0 -9999.0
-9999.0 -9999.0 -9999.0 -9999.0 -9999.0 -9999.0 -9999.0 -9999.0 -9999.0 -9999.0 -9999.0 0.109118 0.358344 1.574697 1.115144 0.539578 1.541747 2.627256 5.569233 2.356353 1.065374 0.956574 0.075834 0.023217 -0.017374 -0.008293 -2.556458 -0.002545 0.005453 -3.834785 -2.153954 -0.003323 -2.216053 -2.683194 -2.813598 -2.137399 -1.476325 -0.888150 -1.037700 -9999.0 -9999.0 -9999.0 -2.657210 -9999.0 -9999.0 -9999.0 -9999.0 -9999.0 -9999.0 -9999.0 -9999.0 -9999.0 -9999.0 -9999.0 -9999.0 -9999.0 -9999.0 -9999.0 -9999.0 -9999.0 -9999.0 -9999.0 -9999.0
-9999.0 -9999.0 -9999.0 -9999.0 -9999.0 -9999.0 -9999.0 -9999.0 -9999.0 -9999.0 -9999.0 0.072226 0.912440 1.418412 2.141980 0.040966 3.343279 3.137142 5.649921 4.042034 2.529287 0.349167 0.097985 0.016935 -0.001297 -0.002592 -0.001398 -0.002506 -1.699635 -2.853669 -1.383220 -0.000865 -0.006385 -1.945024 -2.186303 -2.062022 0.142843 0.232977 -0.020341 -2.294871 -2.299059 -2.458906 -2.009955 -1.977040 -9999.0 -9999.0 -9999.0 -0.004869 -2.286811 -2.531874 -1.920495 -2.785756 -3.478373 -0.004044 -0.006238 -4.389347 -9999.0 -9999.0 -9999.0 -9999.0 -9999.0 -9999.0 -9999.0
-9999.0 -9999.0 -9999.0 -9999.0 -9999.0 -9999.0 -9999.0 -9999.0 -9999.0 -9999.0 -9999.0 0.076925 0.073639 0.046030 0.681106 0.371244 0.294572 2.238075 3.926720 4.497583 1.796213 0.145074 0.097765 0.075721 -0.003408 -1.549399 0.041876 -0.001044 -1.668241 -2.022001 -1.817263 -1.776962 -0.002770 -1.727949 -1.998823 -1.155449 0.013063 -1.031490 0.683133 -1.754471 -0.007587 -1.627755 -0.828001 -0.002299 -1.666452 -9999.0 -4.401025 -1.894134 -1.422701 -0.004535 -1.131789 -1.647681 -1.190775 -0.006754 -2.326565 -1.743078 -9999.0 -9999.0 -9999.0 -9999.0 -9999.0 -9999.0 -9999.0
-9999.0 -9999.0 -9999.0 -9999.0 -9999.0 -9999.0 -9999.0 -9999.0 -9999.0 -9999.0 -9999.0 -9999.0 0.058966 0.052380 0.440184 0.407722 0.090948 1.738195 4.034710 4.487786 1.185717 0.105044 0.074836 0.039875 0.023263 0.052001 0.408889 -1.003525 -1.346278 -1.964160 -0.002095 -0.001092 -0.045863 -1.392390 -1.742088 -1.144442 0.051761 0.582514 2.576507 -0.006964 0.559437 -0.555027 -1.399102 0.096319 -1.829959 -1.737803 -2.339089 -1.782869 -2.105707 0.023888 0.452828 -0.000642 0.187464 -0.002497 -0.006184 -0.009944 -0.002126 -9999.0 -9999.0 -9999.0 -9999.0 -9999.0 -9999.0
-9999.0 -9999.0 -9999.0 -9999.0 -9999.0 -9999.0 -9999.0 -9999.0 -9999.0 -9999.0 -9999.0 0.054654 0.027050 0.049885 0.065012 0.071757 0.219752 0.964153 3.691540 3.627798 1.384669 0.113277 0.133999 0.067514 0.085377 0.074278 0.061963 -0.068100 -0.003194 -1.429345 0.034322 0.053296 0.071126 -1.269849 -2.190936 -2.063812 -1.083032 -0.096311 1.210309 1.280436 -0.228882 0.322483 0.088391 -0.434936 0.276371 -0.002602 -0.016215 -1.390984 -1.076044 0.116158 -1.501946 -1.258763 -2.006493 -3.969598 -4.306041 -2.296243 -2.680607 -9999.0 -9999.0 -9999.0 -9999.0 -9999.0 -9999.0
-9999.0 -9999.0 -9999.0 -9999.0 -9999.0 -9999.0 -9999.0 -9999.0 -9999.0 -9999.0 0.333406 0.026055 0.197460 0.171073 0.363003 0.276519 0.162221 0.149109 2.740588 3.347683 2.930755 1.393841 0.059841 0.429792 0.252803 0.221669 -0.898140 -1.898811 0.015568 0.107239 0.091193 0.022672 -0.001586 -1.465553 -4.138743 -1.800796 0.033895 -0.003279 0.049514 0.140780 0.115821 0.592872 1.871873 0.416786 0.083291 -1.363738 -0.001823 -1.337021 0.091027 0.086559 -1.964244 -3.258025 -5.096626 -3.514038 -5.957494 -2.128257 -2.021049 -9999.0 -9999.0 -9999.0 -9999.0 -9999.0 -9999.0
-9999.0 -9999.0 -9999.0 -9999.0 -9999.0 -9999.0 -9999.0 -9999.0 -9999.0 -0.003213 0.106680 0.066028 0.085500 0.105546 0.142217 0.046821 0.101882 0.922852 2.334424 3.838470 3.418315 0.294535 0.175624 0.470034 0.435019 -0.050357 0.040614 0.151908 0.105359 0.186046 0.098426 -1.712892 -1.715869 -6.142686 -2.361957 -1.811906 -0.004549 -0.006488 0.004972 0.037048 0.017362 0.089918 0.051108 1.038424 0.439326 0.176630 0.461105 0.129427 0.118751 0.749673 -1.758685 -2.927460 -4.417409 -5.457859 -3.665992 -2.447620 -0.003775 -1.919124 -2.414188 -9999.0 -9999.0 -9999.0 -9999.0
-9999.0 -9999.0 -9999.0 -9999.0 -9999.0 -9999.0 -9999.0 -9999.0 -9999.0 -1.999795 -1.715859 -0.001095 1.035822 0.162375 0.186071 0.119434 0.406138 0.391337 2.861046 4.729510 4.342501 3.021282 1.825187 0.387139 0.023979 0.083700 0.186331 0.288166 0.140841 0.277043 0.114207 -2.458577 -1.294097 -1.587736 -1.887584 -1.834579 -1.642451 -1.190843 -0.003057 -0.001166 0.030171 0.016929 0.160614 0.155707 1.812210 1.318353 0.877672 0.151368 0.082475 0.117333 -2.742598 -2.404477 -5.016701 -2.939155 -3.397269 -0.006869 -2.019585 -0.001086 -1.539794 -9999.0 -9999.0 -9999.0 -9999.0
-9999.0 -9999.0 -9999.0 -9999.0 -9999.0 -9999.0 -9999.0 -9999.0 -9999.0 -9999.0 -0.003648 -0.001216 0.037230 0.422822 0.227108 0.209708 0.236025 1.118353 3.515273 4.481940 3.808213 1.336874 0.167789 0.059332 0.113205 0.278910 0.099894 0.343559 0.127668 0.002831 -1.707868 0.045871 -1.741313 -1.598717 -0.002198 0.061014 0.307476 0.200027 -1.640380 -1.225889 -0.162247 0.095421 0.263651 0.068776 0.070197 0.173707 0.344220 2.327584 2.026109 0.113331 -2.010699 -1.966320 -3.388518 -4.962541 -2.639548 -2.351821 -0.000696 0.201891 0.147292 0.315804 -9999.0 -9999.0 -9999.0
-9999.0 -9999.0 -9999.0 -9999.0 -9999.0 -9999.0 -9999.0 -9999.0 -9999.0 -9999.0 -1.494006 -0.002109 0.076607 0.054644 2.394793 0.222390 0.218406 1.986524 4.211919 5.015619 2.998998 0.569204 0.187143 0.212619 0.246486 0.568894 1.092662 0.079894 -0.003159 -1.615269 -0.040832 0.028361 -2.284234 -1.819445 -0.003338 0.020836 0.052670 0.075771 -1.032689 -0.453983 -0.015512 -1.095834 0.005673 0.015404 0.115699 -0.003613 0.103720 0.039812 1.212530 1.755597 0.045958 -1.792005 -1.925544 -3.655496 -5.015673 -3.705530 -1.934789 0.079898 0.767731 2.152632 -9999.0 -9999.0 -9999.0
-9999.0 -9999.0 -9999.0 -9999.0 -9999.0 -9999.0 -9999.0 -9999.0 0.074932 -0.001197 -1.604707 -0.000273 0.012252 0.019512 0.016212 1.862857 1.763470 3.832416 5.297928 5.375807 4.804035 2.886344 1.928514 0.277737 0.420604 1.475861 1.667553 0.010314 -0.001215 -2.399844 -4.341236 -1.904876 -0.007894 -1.071729 -0.637586 -0.003386 0.088096 0.131273 -2.136832 -1.845955 -1.413145 0.018933 -1.521013 -1.713255 -0.962503 0.151497 -1.860760 0.084556 0.026239 2.891648 0.084404 -2.060637 -0.007909 -4.008087 -3.286673 -1.616794 -1.808972 0.448409 0.087101 2.888715 -9999.0 -9999.0 -9999.0
-9999.0 -9999.0 -9999.0 -9999.0 -9999.0 -9999.0 -9999.0 -9999.0 -1.569486 -0.001087 -1.375128 -0.661454 -0.001530 0.039404 0.054578 0.114627 0.938474 1.451055 4.272692 5.790043 6.857254 6.089058 4.386334 2.813656 2.330322 2.098533 0.150292 0.079042 -1.584651 -0.005697 -1.167316 -1.667729 -0.009907 -1.601610 -0.000237 0.055463 0.200292 0.071392 0.053898 0.023000 -0.005386 -2.332478 -1.551312 0.034225 0.159639 0.022039 -1.657358 -0.001238 0.082665 0.818938 1.795753 0.111725 -3.030298 -0.030712 -0.002020 -1.265362 0.147121 0.059221 2.210200 5.678051 6.494273 -9999.0 -9999.0
-9999.0 -9999.0 -9999.0 -9999.0 -9999.0 -9999.0 -9999.0 -9999.0 -0.006296 -0.000133 -0.003019 -1.704222 0.053645 -1.389558 0.076996 0.045383 0.158144 1.342505 4.693421 6.916230 6.204838 6.908542 5.774891 4.688039 4.667882 2.030418 0.242670 0.024848 -1.774625 -0.002308 -1.465610 0.097754 -0.002040 -0.834507 0.046663 0.334903 0.091595 1.407244 0.021185 -1.050994 -0.002632 -1.409742 0.031158 0.051303 0.000732 0.018707 -1.831256 0.034524 0.028440 0.122539 2.081647 0.076084 -2.157236 -2.892665 0.113271 0.049218 0.246278 2.086017 4.130613 5.321519 6.122212 -9999.0 -9999.0
-9999.0 -9999.0 -9999.0 -9999.0 -9999.0 -9999.0 -9999.0 -9999.0 -2.351297 -0.001188 0.093219 -1.741796 -0.000319 -0.001425 -0.480732 0.124918 2.864267 4.440226 4.503395 5.502239 5.736005 6.297484 6.939046 6.586551 3.196427 0.605415 0.141516 -1.151531 0.265741 -1.270440 0.069163 -1.141085 -0.642154 0.202704 -0.174552 0.257002 0.917380 2.461172 0.159828 0.069425 0.063928 0.089637 0.052566 -0.944674 0.087262 -1.392240 0.021202 -1.144897 0.068803 0.130363 0.052970 1.559636 0.100899 0.490560 0.572711 1.398527 2.832041 4.204919 5.398959 5.927776 4.424290 2.120964 -9999.0
-9999.0 -9999.0 -9999.0 -9999.0 -9999.0 -9999.0 -9999.0 -9999.0 -0.001673 0.019040 0.081723 -1.064284 -1.728430 0.009427 0.840902 1.932790 3.317275 1.728290 0.327511 1.791438 4.320732 5.880844 6.039730 5.765947 3.225301 0.273482 0.068861 0.253609 0.356905 0.284159 0.076873 0.203920 0.751587 0.385240 0.227691 0.517751 1.707618 3.997665 3.306887 1.464304 0.261335 0.199544 0.235389 0.181909 0.085697 0.261235 0.121476 0.127483 0.190354 0.078074 1.224186 1.327915 1.320716 1.698252 2.432075 3.491881 4.331804 4.930168 4.833623 3.937011 2.537077 1.078827 -9999.0
-9999.0 -9999.0 -0.003629 0.075757 -0.000667 0.052846 -0.000873 -0.007643 -0.000517 -0.000520 0.019430 0.153619 0.011763 0.520929 2.366071 2.342989 0.028598 0.036308 0.088372 0.200898 1.748503 4.343173 5.259183 6.159653 4.199294 1.257946 0.248901 0.255272 1.401064 1.165683 0.201492 0.236817 3.195763 1.701821 2.838592 3.202603 4.954262 5.853778 4.807615 3.007593 2.787154 2.769519 2.166342 1.703498 0.154271 0.249660 0.593850 0.720244 1.905322 2.926205 3.788480 4.759533 4.067218 3.692598 3.568955 4.806315 3.612643 3.475689 1.880796 2.046374 1.388029 0.471108 -9999.0
-9999.0 0.094893 0.023604 0.028047 0.038330 0.013310 -0.000862 -0.002771 -0.650075 -1.358725 -0.000862 0.003837 0.827672 2.154287 2.232414 0.003852 0.036193 0.025594 0.259103 0.205124 1.750690 2.830584 4.322626 4.292583 5.322148 3.741266 3.724971 3.844753 3.341758 2.791831 2.426239 1.553150 2.264625 5.028695 5.395021 7.012126 8.072204 9.022721 8.231818 7.127279 6.128903 5.784643 4.844032 2.867510 1.969165 2.800768 4.361643 4.326700 5.017103 4.590793 4.976658 4.383906 3.342730 2.795624 2.743661 1.693032 0.763626 1.113647 0.635555 0.515210 0.104782 0.311337 -9999.0
-9999.0 0.147489 0.051545 0.122725 1.191492 0.042314 -0.002557 0.003686 0.035193 -1.710873 0.015490 0.011291 0.233910 2.298041 0.046559 -0.012186 -1.382140 0.025269 0.032176 0.069262 0.676450 1.144850 1.377266 1.436073 5.039498 6.204230 5.478696 5.933756 5.535891 4.893672 5.829255 5.285791 4.774294 5.768558 7.326264 8.712341 11.237032 12.785370 10.491749 9.986478 9.117755 8.256684 6.712148 7.048350 7.619984 6.726817 7.006062 6.654394 6.023302 5.534915 3.516808 1.173018 0.934670 0.911297 0.618997 0.052388 0.014762 0.074194 0.040400 0.062671 0.054861 -9999.0 -9999.0
