user2019/resources/simulation/Vinschgau/output-maps/TL0001N0895.asc
ncols         63
nrows         48
xllcorner     598000.000000
yllcorner     5145000.000000
cellsize      1000.000000
NODATA_value  -9999.0
[rows 0 to 27 of 48, columns 0 to 62 of 63]
-9999.0 -9999.0 -9999.0 -9999.0 -9999.0 -9999.0 -9999.0 -9999.0 -9999.0 -9999.0 -9999.0 -9999.0 -9999.0 -9999.0 -9999.0 -9999.0 -9999.0 -9999.0 -9999.0 -9999.0 -9999.0 -9999.0 -9999.0 -9999.0 -9999.0 -9999.0 -9999.0 -9999.0 -9999.0 -9999.0 -9999.0 -9999.0 -9999.0 -9999.0 -9999.0 -9999.0 -9999.0 -9999.0 -9999.0 -9999.0 -9999.0 -9999.0 -9999.0 -9999.0 -9999.0 -9999.0 -9999.0 -9999.0 -9999.0 -9999.0 -9999.0 -9999.0 -9999.0 -9999.0 -9999.0 -9999.0 -9999.0 -9999.0 -9999.0 -9999.0 -9999.0 -9999.0 -9999.0
-9999.0 -9999.0 -9999.0 -9999.0 -9999.0 -9999.0 -9999.0 -9999.0 -9999.0 -9999.0 -9999.0 -9999.0 -9999.0 -9999.0 -9999.0 -9999.0 -9999.0 -9999.0 -9999.0 -9999.0 -9999.0 -9999.0 -9999.0 -9999.0 -9999.0 -9999.0 -9999.0 -4.986783 -3.687506 -4.106889 -4.329204 -5.094493 -5.477340 -9999.0 -9999.0 -9999.0 -9999.0 -9999.0 -9999.0 -9999.0 -9999.0 -9999.0 -9999.0 -9999.0 -9999.0 -9999.0 -9999.0 -9999.0 -9999.0 -9999.0 -9999.0 -9999.0 -9999.0 -9999.0 -9999.0 -9999.0 -9999.0 -9999.0 -9999.0 -9999.0 -9999.0 -9999.0 -9999.0
-9999.0 -9999.0 -9999.0 -9999.0 -9999.0 -9999.0 -9999.0 -9999.0 -9999.0 -9999.0 -9999.0 -9999.0 -9999.0 -9999.0 -9999.0 -9999.0 -9999.0 -9999.0 -9999.0 -9999.0 -9999.0 -9999.0 -9999.0 -9999.0 -2.956941 -2.687635 -2.076739 -2.896546 -2.199270 -4.091668 -4.637701 -9999.0 -9999.0 -9999.0 -9999.0 -9999.0 -9999.0 -9999.0 -9999.0 -9999.0 -9999.0 -9999.0 -9999.0 -9999.0 -9999.0 -9999.0 -9999.0 -9999.0 -9999.0 -9999.0 -9999.0 -9999.0 -9999.0 -9999.0 -9999.0 -9999.0 -9999.0 -9999.0 -9999.0 -9999.0 -9999.0 -9999.0 -9999.0
-9999.0 -9999.0 -9999.0 -9999.0 -9999.0 -9999.0 -9999.0 -9999.0 -9999.0 -9999.0 -9999.0 -9999.0 -9999.0 -9999.0 -9999.0 -9999.0 -9999.0 -9999.0 -9999.0 -9999.0 -9999.0 -9999.0 -9999.0 -2.580567 -1.128368 -0.008560 0.572267 1.192687 0.074286 -2.369829 -4.547242 -5.157894 -9999.0 -9999.0 -9999.0 -9999.0 -9999.0 -9999.0 -9999.0 -9999.0 -9999.0 -9999.0 -9999.0 -9999.0 -9999.0 -9999.0 -9999.0 -9999.0 -9999.0 -9999.0 -9999.0 -9999.0 -9999.0 -9999.0 -9999.0 -9999.0 -9999.0 -9999.0 -9999.0 -9999.0 -9999.0 -9999.0 -9999.0
-9999.0 -9999.0 -9999.0 -9999.0 -9999.0 -9999.0 -9999.0 -9999.0 -9999.0 -9999.0 -9999.0 -9999.0 -9999.0 -9999.0 -9999.0 -9999.0 -9999.0 -9999.0 -0.005878 -1.636314 -9999.0 -2.104733 -1.181982 -0.012937 -0.005049 1.098074 -0.010857 -0.011655 -0.009755 -0.039205 -2.733579 -4.266614 -6.035760 -7.940985 -9999.0 -9999.0 -9999.0 -9999.0 -9999.0 -9999.0 -9999.0 -9999.0 -9999.0 -9999.0 -9999.0 -9999.0 -9999.0 -9999.0 -9999.0 -9999.0 -9999.0 -9999.0 -9999.0 -9999.0 -9999.0 -9999.0 -9999.0 -9999.0 -9999.0 -9999.0 -9999.0 -9999.0 -9999.0
-9999.0 -9999.0 -9999.0 -9999.0 -9999.0 -9999.0 -9999.0 -9999.0 -9999.0 -9999.0 -9999.0 -9999.0 -9999.0 -9999.0 -9999.0 -9999.0 -9999.0 4.101294 2.470382 1.168499 -2.323366 -0.064157 -0.041583 -0.021594 -0.010148 -0.027252 -0.226648 -0.058651 -0.087431 -0.018938 -0.954774 -2.619986 -4.357297 -4.847611 -6.686982 -7.835523 -9999.0 -9999.0 -9999.0 -9999.0 -9999.0 -9999.0 -9999.0 -9999.0 -9999.0 -9999.0 -9999.0 -9999.0 -9999.0 -9999.0 -9999.0 -9999.0 -9999.0 -9999.0 -9999.0 -9999.0 -9999.0 -9999.0 -9999.0 -9999.0 -9999.0 -9999.0 -9999.0
-9999.0 -9999.0 -9999.0 -9999.0 -9999.0 -9999.0 -9999.0 -9999.0 -9999.0 -9999.0 -9999.0 -9999.0 -9999.0 -0.810539 -0.020493 1.874010 3.590778 3.871036 3.675064 -0.011201 -0.009074 -0.012776 -0.005492 -0.009608 -0.029817 -1.177755 -2.270229 -0.902650 -0.863405 -0.097757 -1.793585 -3.426702 -4.763231 -5.446895 -5.892905 -8.111530 -9999.0 -9999.0 -9999.0 -9999.0 -9999.0 -9999.0 -9999.0 -9999.0 -9999.0 -9999.0 -9999.0 -9999.0 -9999.0 -9999.0 -9999.0 -9999.0 -9999.0 -9999.0 -9999.0 -9999.0 -9999.0 -9999.0 -9999.0 -9999.0 -9999.0 -9999.0 -9999.0
-9999.0 -9999.0 -9999.0 -9999.0 -9999.0 -9999.0 -9999.0 -9999.0 -9999.0 -9999.0 -9999.0 -9999.0 -9999.0 -0.188247 1.092835 2.747123 2.896750 2.971391 3.935940 1.379741 2.688128 0.487824 0.946357 -0.005718 -0.040060 -0.126190 -3.648822 -4.475359 -5.603202 -1.773032 -1.236718 -4.119073 -5.956811 -9.422251 -7.102796 -9999.0 -9999.0 -9999.0 -9999.0 -9999.0 -9999.0 -9999.0 -9999.0 -9999.0 -9999.0 -9999.0 -9999.0 -9999.0 -9999.0 -9999.0 -9999.0 -9999.0 -9999.0 -9999.0 -9999.0 -9999.0 -9999.0 -9999.0 -9999.0 -9999.0 -9999.0 -9999.0 -9999.0
-9999.0 -9999.0 -9999.0 -9999.0 -9999.0 -9999.0 -9999.0 -9999.0 -9999.0 -9999.0 -9999.0 -9999.0 -9999.0 0.623472 0.273298 1.772781 2.286622 3.156292 4.137799 3.524212 0.789421 -0.034386 -0.040494 -0.056451 -0.021907 -0.025876 -3.360690 -5.857455 -5.140092 -8.302833 -4.674850 -10.057337 -10.400625 -12.893469 -8.547823 -9999.0 -9999.0 -9999.0 -9999.0 -9999.0 -9999.0 -9999.0 -9999.0 -9999.0 -9999.0 -9999.0 -9999.0 -9999.0 -9999.0 -9999.0 -9999.0 -9999.0 -9999.0 -9999.0 -9999.0 -9999.0 -9999.0 -9999.0 -9999.0 -9999.0 -9999.0 -9999.0 -9999.0
-9999.0 -9999.0 -9999.0 -9999.0 -9999.0 -9999.0 -9999.0 -9999.0 -9999.0 -9999.0 -9999.0 -9999.0 -0.018916 -0.014600 1.231475 -0.013681 0.604182 2.511862 3.505581 2.285052 -0.012740 -0.118797 -0.086819 -0.376385 -1.853968 -3.703877 -3.387812 -4.776189 -3.503306 -6.141976 -10.002494 -6.310959 -5.239535 -8.795449 -9999.0 -9999.0 -9999.0 -9999.0 -9999.0 -9999.0 -9999.0 -9999.0 -9999.0 -9999.0 -9999.0 -9999.0 -9999.0 -9999.0 -9999.0 -9999.0 -9999.0 -9999.0 -9999.0 -9999.0 -9999.0 -9999.0 -9999.0 -9999.0 -9999.0 -9999.0 -9999.0 -9999.0 -9999.0
-9999.0 -9999.0 -9999.0 -9999.0 -9999.0 -9999.0 -9999.0 -9999.0 -9999.0 -9999.0 -9999.0 -0.683988 0.434498 0.566972 0.438500 -0.027235 0.995266 2.474612 3.409573 1.624427 1.160742 -0.013283 -1.709119 -3.272535 -0.410742 -2.993460 -5.071639 -3.866146 -4.496772 -7.734021 -6.526482 -3.293807 -5.498529 -7.333803 -6.641354 -5.238886 -4.882850 -3.908927 -3.653109 -9999.0 -9999.0 -9999.0 -7.462594 -9999.0 -9999.0 -9999.0 -9999.0 -9999.0 -9999.0 -9999.0 -9999.0 -9999.0 -9999.0 -9999.0 -9999.0 -9999.0 -9999.0 -9999.0 -9999.0 -9999.0 -9999.0 -9999.0 -9999.0
-9999.0 -9999.0 -9999.0 -9999.0 -9999.0 -9999.0 -9999.0 -9999.0 -9999.0 -9999.0 -9999.0 -0.909166 0.855272 2.055052 1.971937 -0.667092 3.232760 3.354252 3.617736 2.323994 0.854802 -0.147801 -1.578352 -2.917110 -2.072233 -3.795844 -4.176505 -2.902932 -3.946942 -7.329511 -3.899610 -3.816240 -5.158775 -5.947356 -6.660797 -3.914416 -2.315828 -2.281620 -3.683343 -7.019112 -6.956461 -7.461071 -4.146206 -6.050748 -9999.0 -9999.0 -9999.0 -8.064079 -6.899417 -6.551218 -5.907720 -7.560054 -7.773305 -7.444406 -7.097626 -8.268858 -9999.0 -9999.0 -9999.0 -9999.0 -9999.0 -9999.0 -9999.0
-9999.0 -9999.0 -9999.0 -9999.0 -9999.0 -9999.0 -9999.0 -9999.0 -9999.0 -9999.0 -9999.0 -2.200924 -0.968833 -0.159366 -0.037656 -0.133369 -0.009297 2.681344 2.744229 2.359551 1.375299 -0.029763 -1.263442 -2.928515 -3.834200 -4.812888 -1.843069 -3.708561 -5.124143 -6.312880 -5.564502 -4.205115 -2.753407 -5.632862 -6.066546 -2.585400 -3.334306 -2.859658 -1.607162 -5.430410 -3.464275 -4.951752 -2.766493 -3.727691 -5.740192 -9999.0 -8.747374 -5.714204 -4.180643 -3.109434 -2.849175 -3.587387 -3.668544 -4.368440 -4.523667 -5.469720 -9999.0 -9999.0 -9999.0 -9999.0 -9999.0 -9999.0 -9999.0
-9999.0 -9999.0 -9999.0 -9999.0 -9999.0 -9999.0 -9999.0 -9999.0 -9999.0 -9999.0 -9999.0 -9999.0 -0.764719 -0.473238 -0.325437 -0.258214 -0.008499 1.894724 3.169600 2.374248 1.172559 -0.021629 -0.187488 -0.888949 -3.317964 -1.978483 -1.935117 -3.141856 -4.453080 -5.965086 -4.153808 -3.988452 -2.805162 -4.711327 -5.284115 -3.546713 -1.910156 -2.526809 -0.060744 -2.852204 -2.025587 -3.469332 -1.326543 -1.865603 -5.580016 -5.991693 -6.973932 -5.582836 -3.285662 -1.409983 -0.463895 -3.830433 -3.062031 -4.485399 -5.101653 -4.325614 -5.361885 -9999.0 -9999.0 -9999.0 -9999.0 -9999.0 -9999.0
-9999.0 -9999.0 -9999.0 -9999.0 -9999.0 -9999.0 -9999.0 -9999.0 -9999.0 -9999.0 -9999.0 -0.721263 -2.556745 -1.144534 -0.618674 -0.026775 -0.013628 1.133501 2.601297 3.227495 1.509043 -0.004843 -0.389475 -2.049087 -1.592901 -0.277325 -0.677801 -4.694445 -4.900020 -4.457074 -2.043128 -3.121066 -1.608389 -4.565712 -6.693441 -3.944470 -3.788401 -1.185809 -0.031823 -0.734681 -1.208732 -0.065738 -0.640202 -1.337206 -1.245172 -4.512492 -3.434547 -4.294598 -3.415606 -0.223187 -4.211871 -4.434500 -6.503008 -7.395668 -8.362980 -9.378523 -6.167277 -9999.0 -9999.0 -9999.0 -9999.0 -9999.0 -9999.0
-9999.0 -9999.0 -9999.0 -9999.0 -9999.0 -9999.0 -9999.0 -9999.0 -9999.0 -9999.0 -1.913652 -0.464662 -1.733025 -1.741032 -0.487462 -0.757082 -0.948152 -0.021752 2.682555 2.874815 0.857540 -0.008253 -0.696843 -0.829975 -0.069158 -1.836037 -2.663009 -5.151416 -2.920984 -2.120436 -2.553413 -2.635664 -2.067557 -4.581067 -8.305831 -5.531367 -2.726668 -1.644764 -0.060506 -0.022145 -0.020811 -0.001441 0.558620 0.372176 -0.162491 -4.262332 -3.345172 -1.124841 -0.422187 -0.066580 -6.290736 -6.747622 -8.855382 -10.205963 -9.697607 -4.610960 -4.407023 -9999.0 -9999.0 -9999.0 -9999.0 -9999.0 -9999.0
-9999.0 -9999.0 -9999.0 -9999.0 -9999.0 -9999.0 -9999.0 -9999.0 -9999.0 -3.609539 -1.309555 -1.663185 -0.717429 -0.961733 -0.660425 -0.479324 -0.222537 -0.018404 2.422452 3.280670 1.252788 -0.014090 -0.018079 -0.019977 -0.028867 -1.601693 -3.515700 -2.055247 -0.441981 -0.048773 -0.026184 -1.797260 -5.253478 -9.457897 -7.204421 -5.625826 -2.624760 -2.203355 -1.795884 -0.287149 -0.025494 -0.253218 -0.581030 1.060462 0.419693 -0.281757 -0.432553 -1.459911 -1.424268 -0.025532 -2.678252 -6.214959 -11.171686 -9.181250 -7.440947 -6.694132 -5.586139 -5.750621 -7.032610 -9999.0 -9999.0 -9999.0 -9999.0
-9999.0 -9999.0 -9999.0 -9999.0 -9999.0 -9999.0 -9999.0 -9999.0 -9999.0 -5.146231 -3.775571 -2.115766 -0.447359 -0.044809 -0.359616 -0.994344 -0.411999 -0.018312 3.066800 2.191156 1.829248 0.972302 -0.006821 -0.045918 -1.215148 -2.268406 -0.894633 -0.082832 -0.018588 -0.033630 -0.355778 -2.178010 -3.512831 -5.555088 -4.333427 -5.591668 -5.059893 -3.788395 -3.827869 -1.566876 -1.105850 -2.626306 -0.759910 -0.015059 1.685413 0.816346 0.484599 -0.020163 -0.045847 -0.024126 -3.042042 -6.232465 -8.713754 -7.717704 -6.603951 -7.633703 -5.555361 -4.805055 -4.716622 -9999.0 -9999.0 -9999.0 -9999.0
-9999.0 -9999.0 -9999.0 -9999.0 -9999.0 -9999.0 -9999.0 -9999.0 -9999.0 -9999.0 -4.344228 -2.082538 -0.123388 -0.673363 -0.033797 -0.206423 -0.052552 0.243179 3.912439 2.837088 1.887461 1.598254 -0.029293 -0.230779 -1.672232 -0.162960 -0.024073 -0.011017 -0.400646 -1.732562 -2.084410 -2.893735 -4.599950 -5.000211 -2.862842 -1.973209 -1.929565 -1.167815 -5.031858 -3.990787 -4.442470 -1.763652 -1.105056 -0.254976 -0.022242 -0.019620 0.528792 0.213769 1.145946 -0.024500 -1.993421 -5.141447 -7.526392 -8.490875 -7.873884 -5.751550 -3.262474 -1.816210 -2.079587 -0.133387 -9999.0 -9999.0 -9999.0
-9999.0 -9999.0 -9999.0 -9999.0 -9999.0 -9999.0 -9999.0 -9999.0 -9999.0 -9999.0 -4.564922 -3.349999 -2.206577 -0.062608 -0.010163 -0.018282 -0.022079 1.583764 4.290984 3.892531 2.649790 0.361055 -0.036521 -0.458770 -0.163279 -0.018271 0.502590 -0.020585 -1.422066 -4.282136 -4.074738 -2.512088 -5.940448 -5.746657 -3.974794 -1.738146 -1.790660 -0.296978 -2.755392 -4.850829 -3.695205 -3.126487 -1.389277 -2.532365 -1.039623 -0.369545 -0.061919 -0.021948 1.833101 0.854444 -0.026697 -2.767903 -4.896307 -7.043461 -9.130659 -8.306901 -5.824325 -1.547811 0.674330 0.584564 -9999.0 -9999.0 -9999.0
-9999.0 -9999.0 -9999.0 -9999.0 -9999.0 -9999.0 -9999.0 -9999.0 -2.848480 -4.174506 -5.105617 -2.803188 -3.432402 -1.162617 -0.051525 0.935656 1.979645 1.925774 3.543152 4.391318 4.430905 3.102136 1.937113 -0.011277 -0.021521 1.380688 -0.010810 -0.939965 -2.418298 -4.238781 -8.780531 -3.996355 -3.938284 -5.453264 -3.524241 -3.669763 -0.565733 -0.706661 -2.684975 -5.615645 -4.369761 -1.819466 -4.217183 -5.249338 -3.303021 -1.683515 -2.498731 -0.827288 -0.020088 1.083578 -0.020474 -0.840171 -3.801688 -6.690225 -7.838741 -4.984507 -5.445154 -1.079712 -0.018425 2.994396 -9999.0 -9999.0 -9999.0
-9999.0 -9999.0 -9999.0 -9999.0 -9999.0 -9999.0 -9999.0 -9999.0 -3.754127 -1.946051 -3.702150 -4.962039 -3.668019 -2.734482 -1.064957 -0.020119 0.841054 1.440342 4.815293 4.925405 4.315867 3.330910 2.039354 0.289057 2.342044 2.331681 0.305430 -0.459739 -5.928804 -4.764837 -5.550644 -5.147540 -3.415824 -4.965492 -2.933792 -2.316004 -0.065170 -0.224646 -0.650815 -2.825523 -4.116151 -7.432859 -4.826803 -2.676315 -2.203687 -1.331387 -4.584115 -3.046306 -0.425894 1.022137 0.653434 -0.373648 -5.272574 -5.612575 -3.568951 -3.761735 -1.668842 -0.062039 1.380348 3.759191 4.931649 -9999.0 -9999.0
-9999.0 -9999.0 -9999.0 -9999.0 -9999.0 -9999.0 -9999.0 -9999.0 -3.968279 -3.337533 -2.986779 -4.517239 -4.317375 -3.929768 -1.095780 -0.921028 -0.017609 0.861663 4.724547 4.387798 5.390700 4.151608 3.619051 3.502293 2.349294 2.092060 -0.007797 -1.372460 -4.917564 -3.920119 -4.596254 -1.801975 -2.863054 -2.424396 -1.646769 -1.649787 -0.030781 1.118855 -0.031063 -1.220426 -2.965712 -4.446722 -2.860538 -3.484081 -2.187058 -2.924769 -5.552378 -3.870495 -3.015934 -0.025487 1.989684 -0.023115 -4.604436 -5.287024 -2.656292 -1.298263 -0.010410 1.263896 3.396784 3.962729 4.419914 -9999.0 -9999.0
-9999.0 -9999.0 -9999.0 -9999.0 -9999.0 -9999.0 -9999.0 -9999.0 -6.511755 -2.745545 -1.010998 -5.709123 -3.318099 -1.607991 -0.373134 -0.010929 3.219049 4.487755 2.650063 5.058962 4.791751 5.209263 4.224266 3.702250 2.788930 0.391028 -0.067911 -2.130115 -2.028136 -1.079695 -1.456566 -0.700158 -0.042637 -0.079024 -0.336629 -0.834908 -0.010211 2.866653 -0.002859 -0.127651 -2.259964 -1.990781 -2.004839 -3.321782 -3.605038 -4.355234 -2.855705 -3.631775 -3.595486 -1.698985 -0.023127 1.583100 -0.023552 -1.168623 -0.020862 0.504717 2.024877 3.478441 4.518766 4.190771 3.277182 1.835023 -9999.0
-9999.0 -9999.0 -9999.0 -9999.0 -9999.0 -9999.0 -9999.0 -9999.0 -6.502701 -3.108545 -2.287801 -1.702288 -0.521486 -0.074221 -0.026825 0.885155 1.147812 1.582727 -0.005586 1.830540 4.029030 4.515987 4.838205 4.535530 1.506259 -0.019750 -1.234514 -0.172387 -0.032349 -0.325759 -0.349472 -0.023192 0.827301 -0.010433 -0.022970 -0.012014 1.070017 4.814024 4.249979 0.703745 -0.020476 -0.024354 -0.064931 -0.039610 -1.586088 -1.373270 -0.509532 -0.096518 -0.623227 -0.025855 0.039372 0.978870 1.343458 0.577291 1.184040 1.489316 2.224493 2.991018 3.587173 3.234889 3.055808 1.266718 -9999.0
-9999.0 -9999.0 -3.506639 -2.948568 -4.208240 -2.482857 -3.847501 -3.469362 -4.804537 -3.870287 -1.835072 -0.281389 -0.094134 -0.021538 -0.006953 0.468046 -0.026042 -1.350773 -0.874780 -0.018644 1.729442 4.384430 3.650530 5.553556 2.563974 1.077889 -0.021338 -0.017026 1.371758 -0.008553 -0.027624 -0.006948 1.748716 2.096197 2.250496 3.414979 4.502677 7.264987 6.266897 3.380065 2.258870 2.259982 2.770432 1.034717 -0.019923 -0.024791 0.132180 0.840957 1.022587 2.001259 2.676169 2.507770 1.928570 1.482306 1.421167 1.967641 2.004832 2.382579 1.988467 2.433310 0.420251 0.537167 -9999.0
-9999.0 -0.938673 -1.038399 -1.444247 -2.336156 -3.449093 -3.842400 -3.870213 -4.873991 -4.933237 -2.931800 -0.983963 -0.086793 -0.192859 -0.014168 -0.384649 -1.707489 -2.840547 -1.498861 -0.024534 1.538925 3.054097 1.972772 3.501324 2.887527 2.245471 1.126112 1.436265 2.527516 1.530870 1.336768 1.342649 2.755150 3.878108 5.006425 6.191043 7.699246 10.377067 7.811440 6.326672 5.520746 5.340468 4.634672 3.601380 2.408864 2.785836 2.757816 4.836001 4.159860 4.797844 3.261436 2.510514 1.770669 1.053182 0.990927 0.551073 0.342169 0.679508 0.186558 -0.011573 -0.005315 0.331082 -9999.0
-9999.0 -0.582528 -1.145555 -0.576698 -0.426255 -1.749212 -2.664002 -4.388669 -5.111377 -5.228707 -3.479354 -1.370724 -0.013075 -0.013070 -0.086745 -3.248272 -3.674441 -3.181989 -0.447957 -0.078866 -0.010602 1.193230 1.994653 0.996710 2.271730 3.141172 4.892669 4.461090 3.882376 5.532078 5.903063 5.599902 4.484188 5.362036 6.298590 8.189536 10.091686 11.144856 10.392242 9.530231 8.738055 7.849296 6.770015 7.306898 7.383679 7.143299 5.359334 5.163514 4.665808 4.008373 2.430245 1.302299 0.434448 1.089935 0.333689 -0.046158 -0.065617 -0.052512 -0.039902 -0.112136 -0.036839 -9999.0 -9999.0
