user2019/resources/simulation/Vinschgau/output-maps/TL0004N1328.asc
ncols         63
nrows         48
xllcorner     598000.000000
yllcorner     5145000.000000
cellsize      1000.000000
NODATA_value  -9999.0
[rows 0 to 27 of 48, columns 0 to 62 of 63]
-9999.0 -9999.0 -9999.0 -9999.0 -9999.0 -9999.0 -9999.0 -9999.0 -9999.0 -9999.0 -9999.0 -9999.0 -9999.0 -9999.0 -9999.0 -9999.0 -9999.0 -9999.0 -9999.0 -9999.0 -9999.0 -9999.0 -9999.0 -9999.0 -9999.0 -9999.0 -9999.0 -9999.0 -9999.0 -9999.0 -9999.0 -9999.0 -9999.0 -9999.0 -9999.0 -9999.0 -9999.0 -9999.0 -9999.0 -9999.0 -9999.0 -9999.0 -9999.0 -9999.0 -9999.0 -9999.0 -9999.0 -9999.0 -9999.0 -9999.0 -9999.0 -9999.0 -9999.0 -9999.0 -9999.0 -9999.0 -9999.0 -9999.0 -9999.0 -9999.0 -9999.0 -9999.0 -9999.0
-9999.0 -9999.0 -9999.0 -9999.0 -9999.0 -9999.0 -9999.0 -9999.0 -9999.0 -9999.0 -9999.0 -9999.0 -9999.0 -9999.0 -9999.0 -9999.0 -9999.0 -9999.0 -9999.0 -9999.0 -9999.0 -9999.0 -9999.0 -9999.0 -9999.0 -9999.0 -9999.0 -0.112561 0.272619 0.442909 0.079484 0.008904 -1.378372 -9999.0 -9999.0 -9999.0 -9999.0 -9999.0 -9999.0 -9999.0 -9999.0 -9999.0 -9999.0 -9999.0 -9999.0 -9999.0 -9999.0 -9999.0 -9999.0 -9999.0 -9999.0 -9999.0 -9999.0 -9999.0 -9999.0 -9999.0 -9999.0 -9999.0 -9999.0 -9999.0 -9999.0 -9999.0 -9999.0
-9999.0 -9999.0 -9999.0 -9999.0 -9999.0 -9999.0 -9999.0 -9999.0 -9999.0 -9999.0 -9999.0 -9999.0 -9999.0 -9999.0 -9999.0 -9999.0 -9999.0 -9999.0 -9999.0 -9999.0 -9999.0 -9999.0 -9999.0 -9999.0 0.410228 0.488790 0.679464 0.404881 0.680550 0.633051 0.047152 -9999.0 -9999.0 -9999.0 -9999.0 -9999.0 -9999.0 -9999.0 -9999.0 -9999.0 -9999.0 -9999.0 -9999.0 -9999.0 -9999.0 -9999.0 -9999.0 -9999.0 -9999.0 -9999.0 -9999.0 -9999.0 -9999.0 -9999.0 -9999.0 -9999.0 -9999.0 -9999.0 -9999.0 -9999.0 -9999.0 -9999.0 -9999.0
-9999.0 -9999.0 -9999.0 -9999.0 -9999.0 -9999.0 -9999.0 -9999.0 -9999.0 -9999.0 -9999.0 -9999.0 -9999.0 -9999.0 -9999.0 -9999.0 -9999.0 -9999.0 -9999.0 -9999.0 -9999.0 -9999.0 -9999.0 0.541105 1.134185 3.261615 3.438360 3.603187 3.857275 0.670207 0.051697 0.001236 -9999.0 -9999.0 -9999.0 -9999.0 -9999.0 -9999.0 -9999.0 -9999.0 -9999.0 -9999.0 -9999.0 -9999.0 -9999.0 -9999.0 -9999.0 -9999.0 -9999.0 -9999.0 -9999.0 -9999.0 -9999.0 -9999.0 -9999.0 -9999.0 -9999.0 -9999.0 -9999.0 -9999.0 -9999.0 -9999.0 -9999.0
-9999.0 -9999.0 -9999.0 -9999.0 -9999.0 -9999.0 -9999.0 -9999.0 -9999.0 -9999.0 -9999.0 -9999.0 -9999.0 -9999.0 -9999.0 -9999.0 -9999.0 -9999.0 4.218288 1.010705 -9999.0 0.765133 1.127123 2.885195 2.948519 3.658398 3.099790 3.526568 2.551267 1.110326 0.492123 0.073500 -0.503063 -1.202088 -9999.0 -9999.0 -9999.0 -9999.0 -9999.0 -9999.0 -9999.0 -9999.0 -9999.0 -9999.0 -9999.0 -9999.0 -9999.0 -9999.0 -9999.0 -9999.0 -9999.0 -9999.0 -9999.0 -9999.0 -9999.0 -9999.0 -9999.0 -9999.0 -9999.0 -9999.0 -9999.0 -9999.0 -9999.0
-9999.0 -9999.0 -9999.0 -9999.0 -9999.0 -9999.0 -9999.0 -9999.0 -9999.0 -9999.0 -9999.0 -9999.0 -9999.0 -9999.0 -9999.0 -9999.0 -9999.0 4.981205 3.643825 3.900704 1.929162 0.423672 1.254349 2.558152 3.842207 0.167268 -0.030293 0.821015 -0.022152 1.982075 1.509908 0.570671 0.746250 -0.179239 -0.876796 -1.204259 -9999.0 -9999.0 -9999.0 -9999.0 -9999.0 -9999.0 -9999.0 -9999.0 -9999.0 -9999.0 -9999.0 -9999.0 -9999.0 -9999.0 -9999.0 -9999.0 -9999.0 -9999.0 -9999.0 -9999.0 -9999.0 -9999.0 -9999.0 -9999.0 -9999.0 -9999.0 -9999.0
-9999.0 -9999.0 -9999.0 -9999.0 -9999.0 -9999.0 -9999.0 -9999.0 -9999.0 -9999.0 -9999.0 -9999.0 -9999.0 3.021341 2.488883 3.305534 4.594086 8.713304 4.683818 3.213370 3.145674 2.838230 3.496082 3.971726 -0.007340 1.076973 -0.145090 -0.013636 -0.010727 0.031011 -0.909015 0.903355 0.344852 0.091452 -0.039539 -1.207888 -9999.0 -9999.0 -9999.0 -9999.0 -9999.0 -9999.0 -9999.0 -9999.0 -9999.0 -9999.0 -9999.0 -9999.0 -9999.0 -9999.0 -9999.0 -9999.0 -9999.0 -9999.0 -9999.0 -9999.0 -9999.0 -9999.0 -9999.0 -9999.0 -9999.0 -9999.0 -9999.0
-9999.0 -9999.0 -9999.0 -9999.0 -9999.0 -9999.0 -9999.0 -9999.0 -9999.0 -9999.0 -9999.0 -9999.0 -9999.0 3.510060 4.121767 4.116468 3.860505 8.286644 8.763137 4.797072 3.879431 5.367202 2.645972 1.580351 2.358379 1.354574 0.274946 0.267170 -0.208920 -0.044304 -0.021583 0.133808 -0.255679 -0.761878 -0.524736 -9999.0 -9999.0 -9999.0 -9999.0 -9999.0 -9999.0 -9999.0 -9999.0 -9999.0 -9999.0 -9999.0 -9999.0 -9999.0 -9999.0 -9999.0 -9999.0 -9999.0 -9999.0 -9999.0 -9999.0 -9999.0 -9999.0 -9999.0 -9999.0 -9999.0 -9999.0 -9999.0 -9999.0
-9999.0 -9999.0 -9999.0 -9999.0 -9999.0 -9999.0 -9999.0 -9999.0 -9999.0 -9999.0 -9999.0 -9999.0 -9999.0 4.083795 3.412607 5.294271 3.640669 4.382765 9.116239 4.743750 5.990872 2.675978 0.512101 -0.012734 2.175983 1.755949 0.858743 -0.387939 0.002347 -0.497916 0.039334 -0.510618 -1.067301 -7.675778 -1.076675 -9999.0 -9999.0 -9999.0 -9999.0 -9999.0 -9999.0 -9999.0 -9999.0 -9999.0 -9999.0 -9999.0 -9999.0 -9999.0 -9999.0 -9999.0 -9999.0 -9999.0 -9999.0 -9999.0 -9999.0 -9999.0 -9999.0 -9999.0 -9999.0 -9999.0 -9999.0 -9999.0 -9999.0
-9999.0 -9999.0 -9999.0 -9999.0 -9999.0 -9999.0 -9999.0 -9999.0 -9999.0 -9999.0 -9999.0 -9999.0 2.870476 2.886810 4.912850 3.321065 2.282847 3.927226 9.092397 5.275072 3.249117 0.281738 0.968418 -0.007727 -1.061481 0.270469 -2.252339 0.035681 0.304528 -0.246102 -0.005868 -0.460063 -0.003298 -1.532726 -9999.0 -9999.0 -9999.0 -9999.0 -9999.0 -9999.0 -9999.0 -9999.0 -9999.0 -9999.0 -9999.0 -9999.0 -9999.0 -9999.0 -9999.0 -9999.0 -9999.0 -9999.0 -9999.0 -9999.0 -9999.0 -9999.0 -9999.0 -9999.0 -9999.0 -9999.0 -9999.0 -9999.0 -9999.0
-9999.0 -9999.0 -9999.0 -9999.0 -9999.0 -9999.0 -9999.0 -9999.0 -9999.0 -9999.0 -9999.0 2.821050 4.356108 2.015483 4.372043 4.810524 4.475982 4.237766 8.915933 6.752352 2.578823 2.773458 1.259487 0.366605 0.827859 0.428020 0.009269 0.227803 -0.000883 -0.672103 -0.580463 0.344861 -0.030648 -0.869647 -0.573429 -0.144149 0.019084 0.154045 0.100903 -9999.0 -9999.0 -9999.0 -1.205818 -9999.0 -9999.0 -9999.0 -9999.0 -9999.0 -9999.0 -9999.0 -9999.0 -9999.0 -9999.0 -9999.0 -9999.0 -9999.0 -9999.0 -9999.0 -9999.0 -9999.0 -9999.0 -9999.0 -9999.0
-9999.0 -9999.0 -9999.0 -9999.0 -9999.0 -9999.0 -9999.0 -9999.0 -9999.0 -9999.0 -9999.0 2.272041 4.424728 5.941573 5.624027 4.195165 6.663207 4.681417 9.023551 6.925869 5.975620 3.129657 0.883549 -1.432412 -0.911983 0.265256 0.152297 0.435062 0.464415 -0.726857 0.167968 0.664252 -0.003837 -0.003629 -0.005209 0.203947 0.690698 0.783177 0.051902 -0.964453 -0.823069 -0.876760 0.072412 -0.460679 -9999.0 -9999.0 -9999.0 -0.332945 -0.253928 -0.421238 -0.017653 -1.218507 -1.222244 -1.534418 -1.554145 -1.355451 -9999.0 -9999.0 -9999.0 -9999.0 -9999.0 -9999.0 -9999.0
-9999.0 -9999.0 -9999.0 -9999.0 -9999.0 -9999.0 -9999.0 -9999.0 -9999.0 -9999.0 -9999.0 2.010776 2.627817 1.463297 4.220186 4.805852 2.379950 3.864269 7.804933 6.833337 2.391247 0.125189 -0.545086 0.401701 0.260491 -0.015815 -0.719543 -2.742903 -0.143550 -0.004464 -0.259909 -1.206363 0.437150 -0.003682 -0.285767 0.529844 -0.564415 -0.658994 1.517944 -0.438998 0.246386 0.008752 0.438049 0.231143 -0.004266 -9999.0 -1.497012 -0.005063 0.067933 0.332922 0.491411 0.646426 0.229141 0.044325 0.037641 -0.003629 -9999.0 -9999.0 -9999.0 -9999.0 -9999.0 -9999.0 -9999.0
-9999.0 -9999.0 -9999.0 -9999.0 -9999.0 -9999.0 -9999.0 -9999.0 -9999.0 -9999.0 -9999.0 -9999.0 2.497412 0.000918 3.388901 3.752958 0.830156 2.907512 8.374925 6.749825 2.234507 0.637139 -0.011649 -0.166305 -1.745480 -0.837711 0.310834 0.435243 0.064782 -0.395773 0.122616 -0.766755 0.628888 0.037604 -0.003699 0.289647 -0.695656 -0.739374 2.373030 0.768732 0.987601 0.831171 -0.169920 0.708995 -0.210534 -0.005236 -0.811180 -0.003785 -1.721688 -0.239295 -0.036791 -0.803599 -2.951539 -1.629468 -1.788454 0.035477 -0.003853 -9999.0 -9999.0 -9999.0 -9999.0 -9999.0 -9999.0
-9999.0 -9999.0 -9999.0 -9999.0 -9999.0 -9999.0 -9999.0 -9999.0 -9999.0 -9999.0 -9999.0 -0.172856 0.954221 3.482560 0.001552 0.406473 1.746937 2.241965 7.780101 4.206479 2.505297 0.860771 0.000873 -0.783392 -0.704129 -1.490257 -0.210845 0.040779 0.021945 0.219440 -0.814274 -0.664699 1.046367 0.046805 -0.005127 0.188450 0.232459 -0.193814 0.102135 2.320822 -0.198648 0.029353 -0.000344 -0.001733 1.232363 0.050181 0.286328 0.260913 0.804659 -0.021295 -2.600997 0.053015 -2.608419 -4.336585 -5.058664 -1.969972 -0.281633 -9999.0 -9999.0 -9999.0 -9999.0 -9999.0 -9999.0
-9999.0 -9999.0 -9999.0 -9999.0 -9999.0 -9999.0 -9999.0 -9999.0 -9999.0 -9999.0 0.436540 -0.031315 0.981990 1.200108 2.463636 0.005300 0.004018 0.041151 3.352590 3.861242 4.944369 2.955185 -0.436709 1.485492 -0.009521 -1.439560 -1.255889 -3.544167 0.562957 0.818463 -0.034486 -0.401652 0.745247 0.039638 -1.032604 -0.305020 0.532921 -0.393559 -0.094411 0.257462 0.388881 1.287162 4.943069 0.962347 -0.020342 0.259704 0.331533 -0.096649 -0.217228 -0.008095 -3.719588 -0.547612 -5.529099 -2.886000 -2.274799 0.029918 0.047442 -9999.0 -9999.0 -9999.0 -9999.0 -9999.0 -9999.0
-9999.0 -9999.0 -9999.0 -9999.0 -9999.0 -9999.0 -9999.0 -9999.0 -9999.0 0.306212 0.581397 -0.025647 -0.008376 -0.192323 -0.027610 -0.014525 -0.026140 3.348104 3.272852 3.892576 5.309497 0.676792 0.339899 0.937430 0.106683 -1.304098 -1.908671 0.777633 -0.030560 -0.003555 0.120887 -1.507224 -0.156484 -0.801500 -0.788019 -0.314319 0.609622 -0.863878 -0.555658 -0.025609 -0.544575 -0.233942 -0.335323 1.601713 1.301211 -0.018981 2.271271 -0.333191 -0.311268 0.142322 -1.260643 -0.330921 -3.074801 -2.722514 -1.248911 -2.781302 -1.907522 -0.212091 -0.885831 -9999.0 -9999.0 -9999.0 -9999.0
-9999.0 -9999.0 -9999.0 -9999.0 -9999.0 -9999.0 -9999.0 -9999.0 -9999.0 0.228300 0.278023 0.962474 1.750765 -0.005610 -0.029869 -0.222935 1.832628 0.894441 3.833429 6.328081 5.925431 5.238766 3.599947 1.487737 -0.915313 -1.032029 -0.146705 -0.008468 0.509271 1.606968 1.134947 -1.881172 0.285062 -0.003882 0.070371 -0.384966 -0.154211 0.706102 0.249127 1.153459 -0.420244 -1.220802 -0.070335 0.768635 2.616252 2.381676 2.200717 0.623629 -0.005952 0.233969 -2.764308 -4.575137 -3.113869 -2.821885 -0.019986 -3.668820 -1.739828 -1.260712 -0.052263 -9999.0 -9999.0 -9999.0 -9999.0
-9999.0 -9999.0 -9999.0 -9999.0 -9999.0 -9999.0 -9999.0 -9999.0 -9999.0 -9999.0 0.121884 0.916518 -0.012431 -0.586029 0.090230 -0.025062 -0.006960 2.297180 4.610665 4.969102 6.054387 2.438768 -0.017290 -0.159147 -0.742905 -0.020828 0.197602 1.007058 0.982275 -1.433964 -1.777983 -2.580440 -2.878609 0.017301 0.423085 1.053988 0.758134 0.967574 -0.126917 0.210253 0.071923 0.799956 1.308891 -0.018028 -0.008405 -0.005938 1.534696 3.977667 3.283686 0.256765 -1.721340 -1.876719 -1.825847 -3.223176 -2.955708 -0.007307 0.152359 -1.405828 -0.018162 -0.013518 -9999.0 -9999.0 -9999.0
-9999.0 -9999.0 -9999.0 -9999.0 -9999.0 -9999.0 -9999.0 -9999.0 -9999.0 -9999.0 0.057262 0.349978 0.727761 -0.005279 2.507074 0.242283 -0.008318 2.398266 5.069332 5.592253 3.136340 1.254646 -0.021835 -0.026790 -0.021179 0.544697 1.649958 -0.007239 -1.126211 -2.596486 0.184793 0.612024 -2.928133 -0.004113 0.209414 1.164835 -1.360637 -0.026249 -1.331193 0.031436 0.258544 2.048854 -0.159031 0.643988 0.995476 -0.182253 -0.005568 -0.009078 2.935589 2.847677 0.103084 -1.330597 -3.292215 -0.869433 -4.037171 -3.172031 -0.210694 -0.390059 1.356122 1.925948 -9999.0 -9999.0 -9999.0
-9999.0 -9999.0 -9999.0 -9999.0 -9999.0 -9999.0 -9999.0 -9999.0 0.343854 0.079782 0.002540 0.403643 -0.711641 -0.067065 -0.035316 1.503446 2.693624 6.098964 5.866453 5.962979 4.858874 3.739272 2.837125 1.103758 0.597092 1.717463 2.529859 -0.648287 -0.990285 -2.515267 -0.529149 0.195492 0.212462 -0.002747 0.289293 0.270734 2.442638 -0.017507 -2.380376 -0.371165 0.334622 0.833493 -2.547969 -0.186833 0.997175 0.740680 -2.198540 -0.103717 -0.006800 2.310330 0.336634 -0.586539 -2.279271 -5.030385 -2.723880 -0.004856 -0.121392 0.975747 0.586880 4.328740 -9999.0 -9999.0 -9999.0
-9999.0 -9999.0 -9999.0 -9999.0 -9999.0 -9999.0 -9999.0 -9999.0 -2.799358 -0.857859 -2.066346 0.019971 0.278896 -1.900627 -0.764065 -0.006360 1.690486 2.280750 5.254892 6.508869 9.164674 8.213795 7.327773 6.134771 3.113172 3.178318 0.614475 -0.030675 -2.800666 0.033191 -0.003791 -0.244213 0.330497 -0.115238 0.406365 0.629649 3.552560 0.219924 -0.046016 0.491684 0.202645 0.031220 0.006962 0.566136 0.242692 -0.346290 -2.992112 0.387220 -0.029769 1.392483 1.736249 -0.030576 -3.351615 -0.008050 0.215331 -1.598925 -0.504257 -0.003361 3.024790 5.714438 6.446232 -9999.0 -9999.0
-9999.0 -9999.0 -9999.0 -9999.0 -9999.0 -9999.0 -9999.0 -9999.0 0.190323 0.130542 0.048227 -2.847693 0.218952 -2.335287 -0.348347 -0.640621 0.173979 2.892695 5.185759 8.979851 6.964459 8.645491 8.474853 5.512501 6.469573 3.018735 0.161466 -1.078267 -3.374610 0.207168 0.059575 0.800163 -1.404248 -1.101752 0.944615 2.986320 0.050132 1.699838 -0.022950 -0.117008 0.465531 0.232619 0.445818 0.129325 -0.884619 0.413803 -0.448009 0.109777 -1.518442 -0.013279 2.583031 0.242552 -3.436087 -3.236781 -0.044245 -0.000462 0.936647 2.407850 5.423623 6.000259 6.343030 -9999.0 -9999.0
-9999.0 -9999.0 -9999.0 -9999.0 -9999.0 -9999.0 -9999.0 -9999.0 -0.573575 0.456159 -0.115949 -3.306175 0.235825 -1.015650 -0.341071 0.042576 3.749956 4.987390 6.579316 5.456962 6.430361 6.862646 8.357963 7.492510 3.415137 0.877770 -0.036679 -1.830102 0.665770 -0.101770 -0.293425 -0.034669 0.010110 0.001638 -0.025257 2.172221 3.978457 3.885106 0.604435 -0.010748 0.774985 0.964813 0.936222 0.949638 0.219079 0.227289 0.641525 0.658898 0.245616 -0.536894 -0.008177 2.272727 0.290565 -0.032423 0.534480 1.498248 3.389581 4.734990 5.584375 6.089462 5.133352 2.558463 -9999.0
-9999.0 -9999.0 -9999.0 -9999.0 -9999.0 -9999.0 -9999.0 -9999.0 -1.170890 0.176215 -1.993183 -1.421948 -0.374474 -0.099506 1.646776 2.318851 4.071984 2.327980 0.829230 2.677067 4.537768 6.326706 6.473257 6.136484 5.511282 0.159521 -0.940836 -0.021392 0.092766 0.007125 -0.169891 0.202233 2.352608 1.052369 0.373122 1.744427 3.190734 5.836304 5.220579 2.054145 0.668865 0.724856 0.587710 0.070488 -0.404576 1.303644 -0.034396 -0.016161 -0.044677 0.162974 1.624950 1.548622 1.870577 1.598842 2.319783 2.710924 3.400522 4.580744 5.376579 5.287010 4.011907 1.965325 -9999.0
-9999.0 -9999.0 0.205574 0.388689 -3.231449 -1.179199 -2.356747 -1.857766 0.012379 0.099092 -0.671198 -0.801287 -0.071135 0.088872 3.021073 1.440025 -0.015379 -1.066248 -0.133999 0.021476 2.544614 5.279436 5.869307 5.907596 4.256928 1.810914 0.023859 0.171904 2.429930 2.843032 -0.015680 0.717563 5.648345 3.212414 4.451793 4.422498 6.863941 8.070683 6.984651 4.307015 4.543740 4.615339 4.079830 2.865844 -0.007163 0.476171 1.503963 1.338897 2.971856 3.884171 4.534681 4.058548 3.163184 2.539283 2.451863 5.418746 3.158911 3.834330 3.730240 3.367385 4.121084 1.171581 -9999.0
-9999.0 -0.183309 -0.290846 -0.523083 -1.065093 -0.535148 -1.464636 -2.218326 -3.195226 0.010415 -1.479512 -0.700793 -0.000267 2.376089 2.088251 -0.200507 -0.736007 -1.427467 -0.924997 -0.011126 2.321105 4.082571 6.382467 4.752061 6.777848 4.014388 5.037388 5.386499 4.735527 3.481959 3.310665 3.475391 5.214415 8.264891 7.498343 8.776736 10.389150 10.970460 10.577105 8.926555 8.030380 7.886750 7.201682 4.602800 3.316059 3.712441 4.759130 5.723943 6.388866 5.949929 5.029780 3.986026 2.938225 2.109264 2.031871 1.540566 0.613222 0.973062 1.317500 2.287495 0.354576 0.964610 -9999.0
-9999.0 1.722378 -0.005410 -0.012972 0.732604 -0.026879 -2.366848 -2.743953 -0.003457 -0.005998 -1.897487 -1.088335 0.094679 2.188611 -0.062375 -2.314372 -2.066243 -1.664791 -0.680530 -0.009544 2.794148 1.918346 2.931244 3.087230 6.496269 7.421439 5.229477 5.920937 6.103900 6.185625 6.329212 6.095934 7.085665 7.997884 10.935288 11.025306 15.183425 16.188537 13.442706 12.367075 11.663000 10.698251 9.605551 7.864204 7.727965 7.591406 7.672821 7.476023 6.852325 6.039352 4.174625 1.945473 0.753227 1.383496 0.495541 -0.026999 -0.069741 -0.046993 -0.029588 -0.074941 -0.022464 -9999.0 -9999.0
