user2019/resources/simulation/Vinschgau/output-maps/TL0007N0717.asc
ncols         63
nrows         48
xllcorner     598000.000000
yllcorner     5145000.000000
cellsize      1000.000000
NODATA_value  -9999.0
[rows 0 to 28 of 48, columns 0 to 62 of 63]
-9999.0 -9999.0 -9999.0 -9999.0 -9999.0 -9999.0 -9999.0 -9999.0 -9999.0 -9999.0 -9999.0 -9999.0 -9999.0 -9999.0 -9999.0 -9999.0 -9999.0 -9999.0 -9999.0 -9999.0 -9999.0 -9999.0 -9999.0 -9999.0 -9999.0 -9999.0 -9999.0 -9999.0 -9999.0 -9999.0 -9999.0 -9999.0 -9999.0 -9999.0 -9999.0 -9999.0 -9999.0 -9999.0 -9999.0 -9999.0 -9999.0 -9999.0 -9999.0 -9999.0 -9999.0 -9999.0 -9999.0 -9999.0 -9999.0 -9999.0 -9999.0 -9999.0 -9999.0 -9999.0 -9999.0 -9999.0 -9999.0 -9999.0 -9999.0 -9999.0 -9999.0 -9999.0 -9999.0
-9999.0 -9999.0 -9999.0 -9999.0 -9999.0 -9999.0 -9999.0 -9999.0 -9999.0 -9999.0 -9999.0 -9999.0 -9999.0 -9999.0 -9999.0 -9999.0 -9999.0 -9999.0 -9999.0 -9999.0 -9999.0 -9999.0 -9999.0 -9999.0 -9999.0 -9999.0 -9999.0 4.044739 4.805165 3.662052 3.128332 2.340656 2.453512 -9999.0 -9999.0 -9999.0 -9999.0 -9999.0 -9999.0 -9999.0 -9999.0 -9999.0 -9999.0 -9999.0 -9999.0 -9999.0 -9999.0 -9999.0 -9999.0 -9999.0 -9999.0 -9999.0 -9999.0 -9999.0 -9999.0 -9999.0 -9999.0 -9999.0 -9999.0 -9999.0 -9999.0 -9999.0 -9999.0
-9999.0 -9999.0 -9999.0 -9999.0 -9999.0 -9999.0 -9999.0 -9999.0 -9999.0 -9999.0 -9999.0 -9999.0 -9999.0 -9999.0 -9999.0 -9999.0 -9999.0 -9999.0 -9999.0 -9999.0 -9999.0 -9999.0 -9999.0 -9999.0 5.305887 5.740216 6.359255 6.016255 5.627951 4.748048 3.437893 -9999.0 -9999.0 -9999.0 -9999.0 -9999.0 -9999.0 -9999.0 -9999.0 -9999.0 -9999.0 -9999.0 -9999.0 -9999.0 -9999.0 -9999.0 -9999.0 -9999.0 -9999.0 -9999.0 -9999.0 -9999.0 -9999.0 -9999.0 -9999.0 -9999.0 -9999.0 -9999.0 -9999.0 -9999.0 -9999.0 -9999.0 -9999.0
-9999.0 -9999.0 -9999.0 -9999.0 -9999.0 -9999.0 -9999.0 -9999.0 -9999.0 -9999.0 -9999.0 -9999.0 -9999.0 -9999.0 -9999.0 -9999.0 -9999.0 -9999.0 -9999.0 -9999.0 -9999.0 -9999.0 -9999.0 5.791623 6.765321 6.375275 6.034396 5.904915 4.906709 5.381925 4.498921 3.670598 -9999.0 -9999.0 -9999.0 -9999.0 -9999.0 -9999.0 -9999.0 -9999.0 -9999.0 -9999.0 -9999.0 -9999.0 -9999.0 -9999.0 -9999.0 -9999.0 -9999.0 -9999.0 -9999.0 -9999.0 -9999.0 -9999.0 -9999.0 -9999.0 -9999.0 -9999.0 -9999.0 -9999.0 -9999.0 -9999.0 -9999.0
-9999.0 -9999.0 -9999.0 -9999.0 -9999.0 -9999.0 -9999.0 -9999.0 -9999.0 -9999.0 -9999.0 -9999.0 -9999.0 -9999.0 -9999.0 -9999.0 -9999.0 -9999.0 7.940744 6.580997 -9999.0 5.634806 6.330883 5.545908 6.101634 6.741657 6.524399 6.610145 7.790911 5.863440 5.619082 4.279150 4.168956 3.535030 -9999.0 -9999.0 -9999.0 -9999.0 -9999.0 -9999.0 -9999.0 -9999.0 -9999.0 -9999.0 -9999.0 -9999.0 -9999.0 -9999.0 -9999.0 -9999.0 -9999.0 -9999.0 -9999.0 -9999.0 -9999.0 -9999.0 -9999.0 -9999.0 -9999.0 -9999.0 -9999.0 -9999.0 -9999.0
-9999.0 -9999.0 -9999.0 -9999.0 -9999.0 -9999.0 -9999.0 -9999.0 -9999.0 -9999.0 -9999.0 -9999.0 -9999.0 -9999.0 -9999.0 -9999.0 -9999.0 7.058221 5.232853 5.585207 5.827424 4.703027 5.198629 5.158381 9.092304 4.134854 3.513591 3.941322 3.353636 5.377537 6.669543 4.935443 4.729359 3.647278 2.596484 1.722661 -9999.0 -9999.0 -9999.0 -9999.0 -9999.0 -9999.0 -9999.0 -9999.0 -9999.0 -9999.0 -9999.0 -9999.0 -9999.0 -9999.0 -9999.0 -9999.0 -9999.0 -9999.0 -9999.0 -9999.0 -9999.0 -9999.0 -9999.0 -9999.0 -9999.0 -9999.0 -9999.0
-9999.0 -9999.0 -9999.0 -9999.0 -9999.0 -9999.0 -9999.0 -9999.0 -9999.0 -9999.0 -9999.0 -9999.0 -9999.0 4.871040 5.054986 5.652747 6.673825 10.548898 6.675896 5.781013 6.061968 6.460802 6.297562 8.622247 3.789558 4.113376 2.566731 2.812083 3.293274 3.765498 4.499089 3.826088 2.978121 2.138097 1.855582 1.737309 -9999.0 -9999.0 -9999.0 -9999.0 -9999.0 -9999.0 -9999.0 -9999.0 -9999.0 -9999.0 -9999.0 -9999.0 -9999.0 -9999.0 -9999.0 -9999.0 -9999.0 -9999.0 -9999.0 -9999.0 -9999.0 -9999.0 -9999.0 -9999.0 -9999.0 -9999.0 -9999.0
-9999.0 -9999.0 -9999.0 -9999.0 -9999.0 -9999.0 -9999.0 -9999.0 -9999.0 -9999.0 -9999.0 -9999.0 -9999.0 6.131170 5.566326 5.706562 5.775256 8.877606 10.729399 7.292062 6.046874 5.679770 4.785931 3.918214 4.670825 3.650397 4.664556 2.339517 2.253951 2.483965 3.304730 1.988113 1.572680 0.925096 1.544466 -9999.0 -9999.0 -9999.0 -9999.0 -9999.0 -9999.0 -9999.0 -9999.0 -9999.0 -9999.0 -9999.0 -9999.0 -9999.0 -9999.0 -9999.0 -9999.0 -9999.0 -9999.0 -9999.0 -9999.0 -9999.0 -9999.0 -9999.0 -9999.0 -9999.0 -9999.0 -9999.0 -9999.0
-9999.0 -9999.0 -9999.0 -9999.0 -9999.0 -9999.0 -9999.0 -9999.0 -9999.0 -9999.0 -9999.0 -9999.0 -9999.0 5.401061 7.027394 6.194497 5.327712 6.282995 10.852036 6.883205 6.992974 4.765628 3.773375 3.631593 4.896358 4.204327 4.094793 2.060069 4.423815 1.490474 1.845520 -0.016758 0.483331 0.020559 1.017693 -9999.0 -9999.0 -9999.0 -9999.0 -9999.0 -9999.0 -9999.0 -9999.0 -9999.0 -9999.0 -9999.0 -9999.0 -9999.0 -9999.0 -9999.0 -9999.0 -9999.0 -9999.0 -9999.0 -9999.0 -9999.0 -9999.0 -9999.0 -9999.0 -9999.0 -9999.0 -9999.0 -9999.0
-9999.0 -9999.0 -9999.0 -9999.0 -9999.0 -9999.0 -9999.0 -9999.0 -9999.0 -9999.0 -9999.0 -9999.0 3.339108 6.556955 5.120693 4.518400 4.052404 5.516278 9.996826 5.856532 5.180591 3.955720 3.260891 3.586494 4.859443 2.596863 3.414332 3.718234 4.432329 1.630414 0.549928 2.946648 3.416768 1.816854 -9999.0 -9999.0 -9999.0 -9999.0 -9999.0 -9999.0 -9999.0 -9999.0 -9999.0 -9999.0 -9999.0 -9999.0 -9999.0 -9999.0 -9999.0 -9999.0 -9999.0 -9999.0 -9999.0 -9999.0 -9999.0 -9999.0 -9999.0 -9999.0 -9999.0 -9999.0 -9999.0 -9999.0 -9999.0
-9999.0 -9999.0 -9999.0 -9999.0 -9999.0 -9999.0 -9999.0 -9999.0 -9999.0 -9999.0 -9999.0 4.165655 3.069354 4.960189 3.201879 4.169578 3.397344 5.075328 9.900814 5.434382 4.015936 5.837714 4.823874 3.438424 3.355689 3.546451 1.867373 4.326726 4.474211 1.465606 2.902733 4.723810 2.964148 2.734210 2.997483 3.111676 5.557276 6.172213 6.252323 -9999.0 -9999.0 -9999.0 3.276871 -9999.0 -9999.0 -9999.0 -9999.0 -9999.0 -9999.0 -9999.0 -9999.0 -9999.0 -9999.0 -9999.0 -9999.0 -9999.0 -9999.0 -9999.0 -9999.0 -9999.0 -9999.0 -9999.0 -9999.0
-9999.0 -9999.0 -9999.0 -9999.0 -9999.0 -9999.0 -9999.0 -9999.0 -9999.0 -9999.0 -9999.0 4.242454 2.674710 2.985547 4.244038 2.867775 4.683514 4.998984 9.836660 7.923941 8.182445 5.937023 5.347175 2.730467 3.029664 3.398598 4.653746 4.582165 3.066925 2.298230 4.148586 4.765349 4.497351 3.027576 3.399231 3.902954 6.528610 8.844948 7.421627 5.581071 5.279510 3.638573 4.829918 3.920867 -9999.0 -9999.0 -9999.0 3.237186 3.645611 3.434140 4.378543 3.870418 3.493833 4.238512 4.073786 3.002578 -9999.0 -9999.0 -9999.0 -9999.0 -9999.0 -9999.0 -9999.0
-9999.0 -9999.0 -9999.0 -9999.0 -9999.0 -9999.0 -9999.0 -9999.0 -9999.0 -9999.0 -9999.0 4.749494 3.494224 2.254487 4.875150 4.543401 2.879288 4.145452 7.661053 9.168492 5.209365 3.975849 3.704703 5.547120 2.854946 4.676459 3.802279 3.146265 2.583901 2.922796 2.568717 2.789573 4.750689 3.245932 3.357285 5.462431 4.055176 5.235858 11.151269 6.359428 7.004347 5.577701 5.356819 5.590268 3.982844 -9999.0 1.979082 3.471087 4.233807 4.514561 5.325449 4.705144 5.133987 5.276959 4.257832 4.611923 -9999.0 -9999.0 -9999.0 -9999.0 -9999.0 -9999.0 -9999.0
-9999.0 -9999.0 -9999.0 -9999.0 -9999.0 -9999.0 -9999.0 -9999.0 -9999.0 -9999.0 -9999.0 -9999.0 3.820705 2.362824 6.140034 5.713416 3.152754 4.353875 8.723246 9.496185 4.627828 4.203112 4.061562 4.003229 2.899090 3.767532 6.900429 2.575300 3.284230 3.514536 4.474966 3.418691 4.339709 3.689099 2.406426 2.898427 3.624030 5.868676 11.762578 8.688943 8.800894 8.629342 3.837912 7.122833 4.567838 4.245853 3.691403 3.417203 2.634748 4.312365 5.550069 3.390273 4.787556 3.294440 2.691073 2.520826 4.196765 -9999.0 -9999.0 -9999.0 -9999.0 -9999.0 -9999.0
-9999.0 -9999.0 -9999.0 -9999.0 -9999.0 -9999.0 -9999.0 -9999.0 -9999.0 -9999.0 -9999.0 3.306418 3.244029 3.794404 2.734121 2.782297 4.146659 3.812702 8.229559 6.835954 4.570231 4.067794 4.341200 3.245908 3.842716 4.446310 3.946344 2.927490 4.495424 4.291650 3.778342 4.174243 5.645974 3.513151 2.107303 2.987690 2.833414 4.420144 6.365830 11.531403 4.832501 6.350906 5.544126 4.184541 8.011805 4.354820 4.029667 4.262422 4.286387 4.356985 1.981158 1.943091 2.140938 0.823255 0.711235 0.868495 2.944513 -9999.0 -9999.0 -9999.0 -9999.0 -9999.0 -9999.0
-9999.0 -9999.0 -9999.0 -9999.0 -9999.0 -9999.0 -9999.0 -9999.0 -9999.0 -9999.0 5.242153 3.578491 6.178287 5.612900 6.249647 4.635879 4.044902 3.810828 6.341915 6.908669 8.471999 6.729736 3.200569 7.521549 4.998096 4.599785 2.718914 1.664266 5.360421 5.978159 4.615498 4.079223 3.887712 2.563278 1.760616 2.774964 4.774633 3.669149 4.506396 6.654767 6.165857 5.038946 6.692829 5.839308 4.953503 5.645251 4.126531 3.967741 5.034226 5.580654 2.199291 1.537130 0.361751 0.631900 1.119522 3.833900 3.870253 -9999.0 -9999.0 -9999.0 -9999.0 -9999.0 -9999.0
-9999.0 -9999.0 -9999.0 -9999.0 -9999.0 -9999.0 -9999.0 -9999.0 -9999.0 3.231358 4.515192 3.716035 4.204446 3.585628 4.173389 3.646257 3.369090 7.435594 5.792839 7.244053 8.972963 4.634282 4.037143 6.047905 5.193251 2.973420 3.261203 6.297364 4.367646 5.197690 5.845632 2.373490 1.774132 1.442635 3.166564 2.825298 3.122525 3.109865 3.131582 3.906065 3.964876 3.761251 3.333260 5.443813 5.146698 4.790039 8.712287 4.109706 3.921088 6.675285 3.108845 2.460779 0.035546 1.638818 2.370164 2.374900 3.243495 4.657853 4.107968 -9999.0 -9999.0 -9999.0 -9999.0
-9999.0 -9999.0 -9999.0 -9999.0 -9999.0 -9999.0 -9999.0 -9999.0 -9999.0 3.020510 2.922185 3.978095 7.909354 4.768846 4.208755 3.777567 6.764858 5.413221 6.452630 10.831672 10.581810 10.271874 6.948165 6.297575 3.143379 4.036605 4.789768 5.360656 6.752493 5.714832 4.643631 2.382234 2.803304 3.159470 4.046248 5.085841 4.648888 5.176918 2.715378 4.007500 3.542008 2.589850 4.498417 5.351962 6.920246 7.641134 6.872121 5.740984 5.601394 6.129419 2.188210 1.467980 1.799122 2.170084 1.488988 1.756254 2.409294 4.081498 6.146682 -9999.0 -9999.0 -9999.0 -9999.0
-9999.0 -9999.0 -9999.0 -9999.0 -9999.0 -9999.0 -9999.0 -9999.0 -9999.0 -9999.0 3.495793 4.260001 3.729737 4.686001 4.556894 4.505689 4.690759 6.282944 6.812480 9.109332 8.706355 5.324652 4.097339 3.329694 4.126759 5.313765 6.366063 7.181145 4.876364 3.116757 2.500130 3.840007 1.325117 2.550616 4.410460 5.723825 7.262056 6.378579 4.456940 1.822477 1.776744 5.892490 5.898158 3.404471 3.665497 4.516519 4.888768 8.038610 6.676624 5.750755 2.535872 2.860356 2.945166 1.872836 1.423032 2.357774 3.709390 6.151116 6.119608 6.751726 -9999.0 -9999.0 -9999.0
-9999.0 -9999.0 -9999.0 -9999.0 -9999.0 -9999.0 -9999.0 -9999.0 -9999.0 -9999.0 3.243842 3.889111 4.505631 4.096793 9.389738 4.582584 4.428797 6.465072 7.875897 9.412006 7.326761 4.988709 4.123141 4.659111 5.166334 6.865750 8.409763 4.781959 3.378234 1.802109 2.590356 4.019919 1.738196 2.253333 2.594749 2.345789 4.844466 4.057457 2.604268 2.117638 3.541629 3.858495 3.202677 2.471994 3.080605 2.910507 4.247870 4.252850 4.812084 6.206445 5.335712 3.268799 1.981113 2.823776 2.565882 3.666672 1.871692 3.994067 5.908087 8.827321 -9999.0 -9999.0 -9999.0
-9999.0 -9999.0 -9999.0 -9999.0 -9999.0 -9999.0 -9999.0 -9999.0 5.921344 5.432711 4.315160 4.012349 3.379295 3.615737 3.531811 6.562123 6.541231 11.100095 10.170597 9.881490 8.513036 7.007815 6.335695 4.750511 5.915547 7.732328 8.554163 3.756877 3.417758 2.130866 1.724694 2.630303 3.127293 3.062142 3.119549 1.877276 4.857759 4.321619 1.817905 3.590179 2.425994 2.991227 1.571015 1.735896 5.056244 5.560223 2.193560 3.583536 4.565919 8.426884 6.519844 3.653686 3.260814 1.211066 3.904519 5.158227 5.937984 8.387067 5.966338 8.745967 -9999.0 -9999.0 -9999.0
-9999.0 -9999.0 -9999.0 -9999.0 -9999.0 -9999.0 -9999.0 -9999.0 2.326370 3.753565 1.273643 2.618698 3.359674 3.977431 3.516416 4.607386 5.388398 5.829803 7.454973 10.171227 13.646509 12.555456 10.865616 9.116811 6.827919 8.011569 6.195562 4.535749 2.157301 3.666691 3.737299 4.497613 3.639770 3.495285 4.065480 4.734929 7.172611 5.025019 2.969992 4.414826 2.276447 0.181936 1.855030 4.433791 6.577252 3.165549 1.737055 2.870447 3.828925 5.198757 8.039873 5.706060 2.520783 4.562238 7.528927 5.220854 5.682821 6.264427 6.708257 12.319501 12.681549 -9999.0 -9999.0
-9999.0 -9999.0 -9999.0 -9999.0 -9999.0 -9999.0 -9999.0 -9999.0 2.548427 4.813032 5.202108 1.186305 5.217703 2.342905 4.492690 3.434604 5.139218 7.345194 8.458140 13.296588 10.621685 13.226981 12.540006 10.009667 12.237210 6.554762 4.973337 3.420934 2.305980 4.792380 4.412310 5.535339 2.851736 1.832859 4.566745 6.892006 3.276454 4.804965 2.512261 2.381548 3.191409 2.915057 4.109937 3.590864 2.499787 3.479314 4.112211 4.663367 2.659473 3.577032 7.178159 6.050335 2.672633 2.534507 5.662739 5.429066 7.160296 7.588663 11.068880 11.964931 12.482648 -9999.0 -9999.0
-9999.0 -9999.0 -9999.0 -9999.0 -9999.0 -9999.0 -9999.0 -9999.0 2.154203 4.281861 4.940278 0.856497 4.894037 4.385148 3.811547 5.500288 6.877665 8.595546 9.035666 8.861658 10.052872 10.692139 13.395268 13.000357 7.747763 5.290964 3.773365 2.716438 6.787348 3.968411 3.512481 3.545506 4.284414 4.876284 2.751342 5.948369 7.225368 5.861230 3.005268 2.303849 4.159430 4.807745 4.992516 5.871706 5.119525 4.576718 5.329741 6.022459 5.561318 4.859537 5.546093 6.410566 6.475703 6.741688 5.476782 7.338727 10.442353 10.597003 11.518119 12.317441 10.615596 5.132889 -9999.0
-9999.0 -9999.0 -9999.0 -9999.0 -9999.0 -9999.0 -9999.0 -9999.0 4.139089 3.931914 4.601234 3.409731 4.155374 4.669704 9.520214 7.370021 8.669046 6.333578 5.089201 6.268581 8.335858 10.269069 10.594092 10.524046 9.621424 4.761663 3.423344 4.862104 5.843352 5.641565 3.099717 5.159155 5.294171 5.163988 4.092637 4.428835 5.569452 4.670455 4.566996 5.492172 4.123444 4.149200 5.076873 4.361929 2.995721 7.149743 4.237345 5.303228 5.299603 6.545500 7.828046 4.637389 6.574640 7.693662 10.746129 11.262423 11.838031 11.922473 11.413946 10.055013 6.367071 3.775570 -9999.0
-9999.0 -9999.0 4.909822 5.351451 3.167202 3.566404 3.612734 3.158544 5.139186 4.040074 3.821250 5.366770 4.938143 6.696559 11.066510 7.782508 4.680169 3.457697 3.757090 4.750034 6.372198 8.072158 10.342890 9.823425 9.295727 6.184483 4.821720 4.893365 5.876430 8.341066 4.143224 4.343827 9.205434 5.403134 7.306511 5.909942 8.579711 6.406305 4.220593 4.242539 6.253639 6.183139 5.431391 5.591411 3.942305 5.480786 6.470965 6.382704 7.892722 7.626772 10.768911 12.020969 11.795637 11.650604 11.353868 13.369944 10.720055 10.443079 6.922929 6.113709 8.750670 4.274809 -9999.0
-9999.0 4.093962 3.995679 3.863886 3.765493 4.001356 3.390691 2.702762 1.151425 3.305376 3.373450 4.243808 5.829385 9.616571 9.291123 4.117368 3.683767 3.074078 4.374889 4.747697 6.440778 6.777402 10.963953 9.012559 12.631956 9.507647 11.598250 11.544023 8.356068 8.152841 7.873977 7.393757 6.614586 11.048641 7.325889 10.801102 11.366082 10.568638 11.467302 10.641353 9.877471 9.654680 8.989701 6.494588 6.246953 6.708377 9.662897 8.853304 10.847886 10.291474 11.351961 11.144192 10.170366 9.900272 9.863152 7.223162 4.797994 4.933224 6.532635 7.701940 5.628398 5.970982 -9999.0
-9999.0 5.144358 4.626179 4.771769 8.116533 4.588622 2.817441 2.297890 5.438688 4.749591 3.543919 4.394302 5.022807 9.405880 4.260997 3.184667 2.430016 3.298269 4.778518 4.575756 7.214911 6.492902 6.441759 7.388364 12.473531 13.780479 9.452705 10.685121 10.689974 8.528365 9.469773 8.637410 9.697582 10.314111 12.857263 12.036578 15.312250 17.582877 13.204492 13.105659 12.374791 11.929210 10.828837 10.292093 10.651944 10.247428 12.489336 12.450687 11.326300 11.342403 9.391551 4.892313 4.856527 6.550488 4.212745 4.977958 4.089218 5.232226 4.887404 4.678055 4.687026 -9999.0 -9999.0
-9999.0 3.888104 4.055734 4.004228 5.164627 7.675113 8.056323 3.309168 3.769989 3.863736 4.586633 4.936848 6.621002 8.007099 3.876162 2.743858 1.204451 3.135319 2.935836 4.220573 3.981353 4.176419 5.724188 11.246548 11.908451 9.768231 9.928268 10.075575 10.216604 10.617549 10.586196 11.399193 11.439914 10.665567 11.868392 12.136561 12.718732 15.894212 13.145219 13.170405 13.061270 15.681344 12.459006 12.334946 12.138362 11.973208 10.548603 10.079342 9.012103 7.632115 5.039559 6.797060 4.194131 6.189640 3.934821 4.024431 4.311808 3.837518 3.713029 -9999.0 -9999.0 -9999.0 -9999.0
