user2019/resources/simulation/Vinschgau/output-maps/TL0004N0867.asc
ncols         63
nrows         48
xllcorner     598000.000000
yllcorner     5145000.000000
cellsize      1000.000000
NODATA_value  -9999.0
[rows 0 to 27 of 48, columns 0 to 62 of 63]
-9999.0 -9999.0 -9999.0 -9999.0 -9999.0 -9999.0 -9999.0 -9999.0 -9999.0 -9999.0 -9999.0 -9999.0 -9999.0 -9999.0 -9999.0 -9999.0 -9999.0 -9999.0 -9999.0 -9999.0 -9999.0 -9999.0 -9999.0 -9999.0 -9999.0 -9999.0 -9999.0 -9999.0 -9999.0 -9999.0 -9999.0 -9999.0 -9999.0 -9999.0 -9999.0 -9999.0 -9999.0 -9999.0 -9999.0 -9999.0 -9999.0 -9999.0 -9999.0 -9999.0 -9999.0 -9999.0 -9999.0 -9999.0 -9999.0 -9999.0 -9999.0 -9999.0 -9999.0 -9999.0 -9999.0 -9999.0 -9999.0 -9999.0 -9999.0 -9999.0 -9999.0 -9999.0 -9999.0
-9999.0 -9999.0 -9999.0 -9999.0 -9999.0 -9999.0 -9999.0 -9999.0 -9999.0 -9999.0 -9999.0 -9999.0 -9999.0 -9999.0 -9999.0 -9999.0 -9999.0 -9999.0 -9999.0 -9999.0 -9999.0 -9999.0 -9999.0 -9999.0 -9999.0 -9999.0 -9999.0 -5.166582 -3.852394 -4.289540 -4.511374 -5.273093 -5.601390 -9999.0 -9999.0 -9999.0 -9999.0 -9999.0 -9999.0 -9999.0 -9999.0 -9999.0 -9999.0 -9999.0 -9999.0 -9999.0 -9999.0 -9999.0 -9999.0 -9999.0 -9999.0 -9999.0 -9999.0 -9999.0 -9999.0 -9999.0 -9999.0 -9999.0 -9999.0 -9999.0 -9999.0 -9999.0 -9999.0
-9999.0 -9999.0 -9999.0 -9999.0 -9999.0 -9999.0 -9999.0 -9999.0 -9999.0 -9999.0 -9999.0 -9999.0 -9999.0 -9999.0 -9999.0 -9999.0 -9999.0 -9999.0 -9999.0 -9999.0 -9999.0 -9999.0 -9999.0 -9999.0 -2.908160 -2.491698 -1.571166 -2.750074 -2.502333 -4.211892 -4.817267 -9999.0 -9999.0 -9999.0 -9999.0 -9999.0 -9999.0 -9999.0 -9999.0 -9999.0 -9999.0 -9999.0 -9999.0 -9999.0 -9999.0 -9999.0 -9999.0 -9999.0 -9999.0 -9999.0 -9999.0 -9999.0 -9999.0 -9999.0 -9999.0 -9999.0 -9999.0 -9999.0 -9999.0 -9999.0 -9999.0 -9999.0 -9999.0
-9999.0 -9999.0 -9999.0 -9999.0 -9999.0 -9999.0 -9999.0 -9999.0 -9999.0 -9999.0 -9999.0 -9999.0 -9999.0 -9999.0 -9999.0 -9999.0 -9999.0 -9999.0 -9999.0 -9999.0 -9999.0 -9999.0 -9999.0 -2.321990 -1.143825 -0.006318 0.465722 0.963887 -0.008726 -2.430951 -4.727153 -5.346547 -9999.0 -9999.0 -9999.0 -9999.0 -9999.0 -9999.0 -9999.0 -9999.0 -9999.0 -9999.0 -9999.0 -9999.0 -9999.0 -9999.0 -9999.0 -9999.0 -9999.0 -9999.0 -9999.0 -9999.0 -9999.0 -9999.0 -9999.0 -9999.0 -9999.0 -9999.0 -9999.0 -9999.0 -9999.0 -9999.0 -9999.0
-9999.0 -9999.0 -9999.0 -9999.0 -9999.0 -9999.0 -9999.0 -9999.0 -9999.0 -9999.0 -9999.0 -9999.0 -9999.0 -9999.0 -9999.0 -9999.0 -9999.0 -9999.0 -0.005332 -1.371495 -9999.0 -1.574423 -1.192824 -0.008937 -0.003939 1.007259 -0.004240 -0.005663 -0.001430 -0.039732 -2.851998 -4.443877 -6.221890 -8.224451 -9999.0 -9999.0 -9999.0 -9999.0 -9999.0 -9999.0 -9999.0 -9999.0 -9999.0 -9999.0 -9999.0 -9999.0 -9999.0 -9999.0 -9999.0 -9999.0 -9999.0 -9999.0 -9999.0 -9999.0 -9999.0 -9999.0 -9999.0 -9999.0 -9999.0 -9999.0 -9999.0 -9999.0 -9999.0
-9999.0 -9999.0 -9999.0 -9999.0 -9999.0 -9999.0 -9999.0 -9999.0 -9999.0 -9999.0 -9999.0 -9999.0 -9999.0 -9999.0 -9999.0 -9999.0 -9999.0 4.040737 2.286480 1.118090 -2.480415 -0.052828 -0.038185 -0.005851 -0.004212 -0.010243 -0.189819 -0.066608 -0.058163 -0.004884 -1.094132 -3.000335 -4.469742 -5.025425 -6.897388 -8.067229 -9999.0 -9999.0 -9999.0 -9999.0 -9999.0 -9999.0 -9999.0 -9999.0 -9999.0 -9999.0 -9999.0 -9999.0 -9999.0 -9999.0 -9999.0 -9999.0 -9999.0 -9999.0 -9999.0 -9999.0 -9999.0 -9999.0 -9999.0 -9999.0 -9999.0 -9999.0 -9999.0
-9999.0 -9999.0 -9999.0 -9999.0 -9999.0 -9999.0 -9999.0 -9999.0 -9999.0 -9999.0 -9999.0 -9999.0 -9999.0 -0.880815 -0.004182 1.810679 3.535747 3.671208 3.612618 -0.009095 -0.004952 -0.005011 -0.003655 -0.003885 -0.019698 -1.184430 -2.272650 -0.933954 -0.854727 -0.059896 -1.723391 -3.501186 -4.886009 -5.575272 -6.022156 -8.361119 -9999.0 -9999.0 -9999.0 -9999.0 -9999.0 -9999.0 -9999.0 -9999.0 -9999.0 -9999.0 -9999.0 -9999.0 -9999.0 -9999.0 -9999.0 -9999.0 -9999.0 -9999.0 -9999.0 -9999.0 -9999.0 -9999.0 -9999.0 -9999.0 -9999.0 -9999.0 -9999.0
-9999.0 -9999.0 -9999.0 -9999.0 -9999.0 -9999.0 -9999.0 -9999.0 -9999.0 -9999.0 -9999.0 -9999.0 -9999.0 -0.123678 0.999286 2.634727 2.839105 2.793936 3.746651 1.303587 2.621287 0.317152 0.897090 -0.003397 -0.194325 -0.064035 -3.817965 -4.651529 -5.777957 -1.770520 -1.266000 -4.285552 -6.137182 -9.559011 -7.308170 -9999.0 -9999.0 -9999.0 -9999.0 -9999.0 -9999.0 -9999.0 -9999.0 -9999.0 -9999.0 -9999.0 -9999.0 -9999.0 -9999.0 -9999.0 -9999.0 -9999.0 -9999.0 -9999.0 -9999.0 -9999.0 -9999.0 -9999.0 -9999.0 -9999.0 -9999.0 -9999.0 -9999.0
-9999.0 -9999.0 -9999.0 -9999.0 -9999.0 -9999.0 -9999.0 -9999.0 -9999.0 -9999.0 -9999.0 -9999.0 -9999.0 0.518408 0.135025 1.676199 2.200059 3.114367 3.953963 3.483317 0.526315 -0.057469 -0.017494 -0.044429 -0.006987 -0.022897 -3.538008 -6.037954 -5.324465 -8.482152 -4.856333 -10.177827 -10.564032 -12.722866 -8.777584 -9999.0 -9999.0 -9999.0 -9999.0 -9999.0 -9999.0 -9999.0 -9999.0 -9999.0 -9999.0 -9999.0 -9999.0 -9999.0 -9999.0 -9999.0 -9999.0 -9999.0 -9999.0 -9999.0 -9999.0 -9999.0 -9999.0 -9999.0 -9999.0 -9999.0 -9999.0 -9999.0 -9999.0
-9999.0 -9999.0 -9999.0 -9999.0 -9999.0 -9999.0 -9999.0 -9999.0 -9999.0 -9999.0 -9999.0 -9999.0 -0.006317 -0.049565 1.124894 -0.003233 0.558518 2.447784 3.334263 2.228658 -0.005084 -0.061304 -0.106208 -0.232687 -1.705406 -3.869827 -3.390397 -4.959231 -4.834956 -6.322557 -10.150990 -6.499398 -5.442482 -9.092213 -9999.0 -9999.0 -9999.0 -9999.0 -9999.0 -9999.0 -9999.0 -9999.0 -9999.0 -9999.0 -9999.0 -9999.0 -9999.0 -9999.0 -9999.0 -9999.0 -9999.0 -9999.0 -9999.0 -9999.0 -9999.0 -9999.0 -9999.0 -9999.0 -9999.0 -9999.0 -9999.0 -9999.0 -9999.0
-9999.0 -9999.0 -9999.0 -9999.0 -9999.0 -9999.0 -9999.0 -9999.0 -9999.0 -9999.0 -9999.0 -0.493253 0.301871 0.489528 0.297373 -0.078895 0.905689 2.372137 3.248096 1.565077 0.978376 -0.002985 -1.487285 -3.424031 -0.494536 -3.165105 -5.251685 -4.038237 -4.486975 -7.962249 -6.717571 -4.766607 -5.709660 -7.568268 -6.837313 -5.442421 -5.061212 -4.077439 -3.832811 -9999.0 -9999.0 -9999.0 -7.688170 -9999.0 -9999.0 -9999.0 -9999.0 -9999.0 -9999.0 -9999.0 -9999.0 -9999.0 -9999.0 -9999.0 -9999.0 -9999.0 -9999.0 -9999.0 -9999.0 -9999.0 -9999.0 -9999.0 -9999.0
-9999.0 -9999.0 -9999.0 -9999.0 -9999.0 -9999.0 -9999.0 -9999.0 -9999.0 -9999.0 -9999.0 -0.976699 0.761300 1.919313 1.851373 -0.762244 3.065644 3.212322 3.455942 2.186222 0.586245 -0.198689 -1.330492 -2.843231 -2.121948 -3.968962 -4.347329 -3.079934 -4.661284 -7.555157 -4.073356 -3.927288 -5.344517 -6.149995 -6.876741 -4.088986 -2.448582 -2.370745 -3.848479 -7.240590 -7.173363 -7.674015 -4.320096 -6.241772 -9999.0 -9999.0 -9999.0 -7.199486 -7.106722 -6.738535 -6.093556 -7.766743 -7.980322 -5.938426 -5.711996 -8.497466 -9999.0 -9999.0 -9999.0 -9999.0 -9999.0 -9999.0 -9999.0
-9999.0 -9999.0 -9999.0 -9999.0 -9999.0 -9999.0 -9999.0 -9999.0 -9999.0 -9999.0 -9999.0 -1.700917 -1.023571 -0.142925 -0.082427 -0.208472 -0.002600 2.569618 2.590059 2.233008 1.327936 -0.026088 -1.242010 -2.866750 -4.004485 -4.987935 -1.375466 -3.713540 -5.302880 -6.528160 -5.737080 -4.240662 -2.926721 -5.823209 -6.246062 -2.769813 -3.364596 -2.865829 -1.432706 -5.615323 -3.629472 -5.128829 -2.940939 -3.900183 -5.927705 -9999.0 -8.996691 -5.892625 -4.354419 -3.281376 -3.021138 -3.762551 -3.845694 -4.544282 -4.705674 -5.659465 -9999.0 -9999.0 -9999.0 -9999.0 -9999.0 -9999.0 -9999.0
-9999.0 -9999.0 -9999.0 -9999.0 -9999.0 -9999.0 -9999.0 -9999.0 -9999.0 -9999.0 -9999.0 -9999.0 -0.833593 -0.343622 -0.376281 -0.315137 -0.004070 1.806770 2.979015 2.247449 1.119641 -0.019164 -0.182210 -0.887334 -3.296477 -1.474371 -1.897934 -3.312894 -4.633421 -6.146314 -4.323845 -4.020036 -2.974472 -4.893666 -5.461036 -3.716407 -1.754497 -2.186413 -0.098628 -2.984340 -2.002299 -3.634707 -1.560209 -1.430111 -5.764198 -6.188976 -7.171643 -5.761270 -3.342354 -1.368314 -0.244020 -3.856327 -2.921626 -4.361140 -5.135322 -4.495049 -5.540867 -9999.0 -9999.0 -9999.0 -9999.0 -9999.0 -9999.0
-9999.0 -9999.0 -9999.0 -9999.0 -9999.0 -9999.0 -9999.0 -9999.0 -9999.0 -9999.0 -9999.0 -0.670255 -2.477333 -0.932094 -0.481378 -0.035787 -0.004989 1.072185 2.418069 3.131647 1.421551 -0.006577 -0.195971 -2.018176 -1.368313 -0.295172 -0.629170 -4.871164 -5.078981 -4.632034 -1.615962 -3.127876 -2.026254 -4.746984 -6.899483 -4.117766 -3.952697 -0.951453 -0.031139 -0.790068 -0.991425 -0.066852 -0.809229 -1.333568 -1.082132 -4.692781 -3.635374 -4.473034 -3.584848 -0.243524 -4.252560 -4.604255 -6.636934 -7.436676 -8.490700 -9.435144 -6.355760 -9999.0 -9999.0 -9999.0 -9999.0 -9999.0 -9999.0
-9999.0 -9999.0 -9999.0 -9999.0 -9999.0 -9999.0 -9999.0 -9999.0 -9999.0 -9999.0 -1.886650 -0.330861 -1.438974 -1.421548 -0.448432 -0.661135 -0.686185 -0.005977 2.591445 2.784525 0.711504 -0.001485 -0.707038 -0.578085 -0.051238 -1.746519 -2.703861 -5.185894 -3.078373 -2.100954 -2.462540 -2.486305 -2.184262 -4.759180 -8.547367 -5.704635 -2.877693 -1.680682 -0.053663 -0.009675 -0.008154 -0.001444 0.348877 0.322743 -0.136899 -4.442313 -3.508984 -1.180295 -1.540326 -0.050869 -6.325668 -6.926088 -8.983157 -10.262599 -9.813934 -4.785841 -4.591220 -9999.0 -9999.0 -9999.0 -9999.0 -9999.0 -9999.0
-9999.0 -9999.0 -9999.0 -9999.0 -9999.0 -9999.0 -9999.0 -9999.0 -9999.0 -3.777766 -1.319860 -2.087579 -0.337259 -0.758611 -0.627316 -0.298844 -0.173155 -0.048188 2.326550 3.216089 1.128716 -0.006615 -0.005275 -0.005910 -0.021333 -1.613499 -3.493363 -1.934421 -0.463661 -0.057294 -0.020585 -1.808388 -5.426021 -8.849502 -7.425268 -5.807831 -4.233684 -2.302520 -1.618386 -0.219795 -0.102688 -0.198877 -0.588389 1.003551 0.360308 -0.300335 -0.326800 -1.151333 -1.102322 -0.009517 -2.779237 -6.397652 -11.247836 -9.392240 -7.619249 -6.737327 -5.777499 -5.931227 -7.218444 -9999.0 -9999.0 -9999.0 -9999.0
-9999.0 -9999.0 -9999.0 -9999.0 -9999.0 -9999.0 -9999.0 -9999.0 -9999.0 -5.276372 -3.975015 -2.210611 -0.462190 -0.040456 -0.198404 -0.938485 -0.422825 -0.004974 2.923697 2.085694 1.717878 0.804591 -0.002255 -0.049169 -1.226669 -1.690863 -0.600481 -0.052753 -0.005610 -0.048050 -0.391965 -2.190427 -3.688258 -5.746058 -4.513368 -5.775020 -5.239956 -3.961030 -3.992864 -1.638207 -0.766472 -2.644155 -0.514942 -0.003604 1.640565 0.755601 0.426477 -0.007345 -0.041771 -0.012683 -3.053269 -6.276054 -8.913654 -7.901621 -6.723934 -7.490608 -5.536238 -4.437898 -4.892043 -9999.0 -9999.0 -9999.0 -9999.0
-9999.0 -9999.0 -9999.0 -9999.0 -9999.0 -9999.0 -9999.0 -9999.0 -9999.0 -9999.0 -4.520975 -2.238971 -0.097365 -0.599524 -0.030295 -0.166147 -0.044969 0.158513 3.747665 2.783003 1.766387 1.486395 -0.015956 -0.127069 -1.402870 -0.137028 -0.016170 -0.001751 -0.364580 -1.743353 -2.095887 -2.607587 -4.640482 -5.177271 -3.058677 -3.527013 -1.490857 -1.178575 -5.216024 -4.163628 -4.611709 -1.410746 -1.078668 -0.208343 -0.014907 -0.005460 0.471779 0.111899 1.092341 -0.017404 -2.004187 -3.430848 -7.713126 -8.678253 -8.053313 -5.923669 -3.616799 -1.734335 -2.087107 -0.117151 -9999.0 -9999.0 -9999.0
-9999.0 -9999.0 -9999.0 -9999.0 -9999.0 -9999.0 -9999.0 -9999.0 -9999.0 -9999.0 -4.746261 -3.514393 -1.618412 -0.076115 -0.003254 -0.004970 -0.005774 1.519022 4.132270 3.770389 2.610205 0.301893 -0.025017 -0.418670 -0.137004 -0.004780 0.453857 -0.014918 -1.433834 -4.319798 -4.243407 -3.934937 -5.379816 -5.941388 -4.141201 -1.306431 -1.714348 -0.314998 -2.809965 -5.032568 -3.866186 -3.232201 -1.833885 -2.644286 -0.766780 -0.380164 -0.049749 -0.014754 1.735587 0.806977 -0.030159 -2.802543 -4.937480 -7.225191 -9.321870 -8.490923 -5.991786 -1.283291 0.670630 0.548987 -9999.0 -9999.0 -9999.0
-9999.0 -9999.0 -9999.0 -9999.0 -9999.0 -9999.0 -9999.0 -9999.0 -2.796806 -4.347465 -5.288527 -2.912661 -3.450276 -1.743174 -0.060988 0.897507 1.836389 1.797546 3.491558 4.292519 4.394581 2.998481 1.817895 -0.006934 -0.007485 1.373072 -0.004110 -0.948987 -2.438871 -4.282980 -8.886144 -4.168324 -4.112686 -5.638778 -3.703438 -3.832478 -0.589987 -0.485762 -2.697844 -5.804397 -4.543157 -1.926212 -4.255297 -5.421349 -3.466781 -1.660467 -2.510465 -0.556051 -0.013723 1.053762 -0.018608 -0.850607 -3.844232 -6.734315 -8.016869 -5.158511 -5.616400 -1.082545 -0.005899 2.916632 -9999.0 -9999.0 -9999.0
-9999.0 -9999.0 -9999.0 -9999.0 -9999.0 -9999.0 -9999.0 -9999.0 -3.791883 -1.985821 -3.745342 -5.139677 -3.829555 -2.099518 -1.056225 -0.005306 0.777130 1.357571 4.744524 4.820352 4.149527 3.194353 1.860653 0.091582 2.248542 2.280222 0.272964 -0.321847 -5.218679 -4.945506 -5.732879 -5.328994 -3.657151 -5.145594 -3.074757 -1.943593 -0.201179 -0.324266 -0.664895 -2.970905 -4.292344 -7.551579 -5.002007 -2.803521 -2.110788 -1.084463 -4.624072 -3.189970 -0.444816 0.972554 0.607534 -0.354110 -4.305525 -5.784288 -3.724328 -3.826907 -1.464697 -0.050109 1.332904 3.702652 4.846022 -9999.0 -9999.0
-9999.0 -9999.0 -9999.0 -9999.0 -9999.0 -9999.0 -9999.0 -9999.0 -4.132724 -3.041242 -3.077731 -4.559115 -4.424887 -3.964354 -1.077732 -0.930915 -0.005181 0.798000 4.671202 4.250268 5.285378 4.042615 3.469880 3.388797 2.225994 2.009247 -0.002860 -1.382641 -4.954825 -4.094911 -4.771946 -1.687020 -2.888369 -2.475658 -1.276325 -1.357521 -0.044729 1.100672 -0.027066 -1.194471 -3.134389 -4.625587 -2.890164 -3.024920 -2.015024 -2.996293 -5.736891 -3.994677 -2.923114 -0.009836 1.958042 -0.019807 -4.533705 -4.333298 -2.411112 -1.236986 -0.001449 1.213524 3.331581 3.500805 4.365914 -9999.0 -9999.0
-9999.0 -9999.0 -9999.0 -9999.0 -9999.0 -9999.0 -9999.0 -9999.0 -6.685133 -2.879103 -1.039165 -4.805387 -3.618462 -1.561001 -0.383435 -0.002775 3.072518 4.423295 2.547172 5.022720 4.681469 5.105308 4.126739 3.601738 2.698172 0.350610 -0.045349 -2.142398 -1.567216 -1.113061 -1.233213 -0.617195 -0.062921 -0.219952 -0.359151 -0.888335 -0.047481 2.789706 -0.002166 -0.099025 -2.300651 -1.928349 -2.036316 -3.495392 -3.700185 -4.531385 -3.011921 -3.802525 -3.749662 -1.513832 -0.008331 1.561028 -0.016144 -1.194940 -0.016154 0.457939 1.965949 2.929404 4.421754 4.136557 3.220372 1.797422 -9999.0
-9999.0 -9999.0 -9999.0 -9999.0 -9999.0 -9999.0 -9999.0 -9999.0 -6.677514 -3.182426 -2.174923 -1.713303 -0.554462 -0.071130 -0.047764 0.835293 1.051337 1.514634 -0.004739 1.742915 3.981499 4.399060 4.738046 4.438136 1.375670 -0.005061 -1.241808 -0.143317 -0.028262 -0.154461 -0.317908 -0.020536 0.764186 -0.003443 -0.011585 -0.002897 1.005392 4.670634 4.067602 0.645090 -0.007294 -0.013699 -0.045969 -0.049334 -1.334331 -1.138840 -0.529359 -0.139696 -0.638223 -0.020540 -0.000442 0.955574 1.324667 0.529546 1.146908 1.461548 2.193489 2.938438 3.524189 3.170986 2.979910 1.230048 -9999.0
-9999.0 -9999.0 -3.676789 -2.927321 -4.228039 -2.108015 -3.877528 -3.518718 -4.966120 -4.007828 -1.383787 -0.318347 -0.069250 -0.382437 -0.001062 0.437439 -0.017137 -1.356928 -0.589778 -0.004089 1.648847 4.257640 3.574534 5.530062 2.437022 1.019593 -0.005158 -0.004356 1.330913 -0.002744 -0.012441 -0.003472 1.508070 2.019715 2.186642 3.317349 4.430273 7.015743 5.925049 3.251880 2.190749 2.197176 2.691416 0.971704 -0.005068 -0.015288 0.068781 0.805036 0.956656 1.947370 2.619943 2.475883 1.887020 1.443035 1.390437 1.842286 1.969809 2.329924 1.928904 2.383783 0.272135 0.504655 -9999.0
-9999.0 -0.719771 -1.016340 -1.216402 -1.973174 -3.475128 -3.871553 -3.897798 -4.909964 -5.105448 -2.917835 -0.993235 -0.039125 -0.174920 -0.006480 -0.394869 -1.361716 -2.711777 -1.048833 -0.007901 1.467585 2.936127 1.890499 3.381226 2.780619 2.153940 0.999665 1.317141 2.454256 1.469362 1.276741 1.273831 2.654238 3.723632 4.919793 6.115858 7.587921 10.231067 7.726991 6.255897 5.436046 5.252121 4.545659 3.461152 2.305332 2.709092 2.702106 4.623220 4.084251 4.663497 3.214393 2.464951 1.734469 1.013635 0.951435 0.512010 0.326543 0.657846 0.128265 -0.008180 -0.002911 0.299075 -9999.0
-9999.0 -1.181795 -0.954669 -0.409896 -0.219714 -2.453180 -2.676321 -4.409881 -5.279009 -5.407718 -3.468175 -1.380280 -0.010274 -0.005710 -0.075895 -2.617101 -3.712209 -3.126744 -0.318707 -0.037076 -0.009135 1.147921 1.920514 0.961263 2.116442 3.015820 4.870062 4.404034 3.827056 5.380076 5.853922 5.529265 4.378114 5.257123 6.153462 8.093237 9.911040 10.978334 10.271523 9.409457 8.628005 7.745493 6.647397 7.241000 7.356398 7.077826 5.294031 5.095268 4.604595 3.953787 2.374476 1.272188 0.416639 1.080362 0.316038 -0.033633 -0.044566 -0.047506 -0.028497 -0.095274 -0.025384 -9999.0 -9999.0
