user2019/resources/simulation/Vinschgau/output-maps/TL0001N0856.asc
ncols         63
nrows         48
xllcorner     598000.000000
yllcorner     5145000.000000
cellsize      1000.000000
NODATA_value  -9999.0
[rows 0 to 27 of 48, columns 0 to 62 of 63]
-9999.0 -9999.0 -9999.0 -9999.0 -9999.0 -9999.0 -9999.0 -9999.0 -9999.0 -9999.0 -9999.0 -9999.0 -9999.0 -9999.0 -9999.0 -9999.0 -9999.0 -9999.0 -9999.0 -9999.0 -9999.0 -9999.0 -9999.0 -9999.0 -9999.0 -9999.0 -9999.0 -9999.0 -9999.0 -9999.0 -9999.0 -9999.0 -9999.0 -9999.0 -9999.0 -9999.0 -9999.0 -9999.0 -9999.0 -9999.0 -9999.0 -9999.0 -9999.0 -9999.0 -9999.0 -9999.0 -9999.0 -9999.0 -9999.0 -9999.0 -9999.0 -9999.0 -9999.0 -9999.0 -9999.0 -9999.0 -9999.0 -9999.0 -9999.0 -9999.0 -9999.0 -9999.0 -9999.0
-9999.0 -9999.0 -9999.0 -9999.0 -9999.0 -9999.0 -9999.0 -9999.0 -9999.0 -9999.0 -9999.0 -9999.0 -9999.0 -9999.0 -9999.0 -9999.0 -9999.0 -9999.0 -9999.0 -9999.0 -9999.0 -9999.0 -9999.0 -9999.0 -9999.0 -9999.0 -9999.0 -6.487230 -4.995458 -5.593254 -5.659159 -6.400117 -6.512883 -9999.0 -9999.0 -9999.0 -9999.0 -9999.0 -9999.0 -9999.0 -9999.0 -9999.0 -9999.0 -9999.0 -9999.0 -9999.0 -9999.0 -9999.0 -9999.0 -9999.0 -9999.0 -9999.0 -9999.0 -9999.0 -9999.0 -9999.0 -9999.0 -9999.0 -9999.0 -9999.0 -9999.0 -9999.0 -9999.0
-9999.0 -9999.0 -9999.0 -9999.0 -9999.0 -9999.0 -9999.0 -9999.0 -9999.0 -9999.0 -9999.0 -9999.0 -9999.0 -9999.0 -9999.0 -9999.0 -9999.0 -9999.0 -9999.0 -9999.0 -9999.0 -9999.0 -9999.0 -9999.0 -3.812527 -3.287942 -2.841061 -3.565446 -3.776654 -5.137406 -5.964450 -9999.0 -9999.0 -9999.0 -9999.0 -9999.0 -9999.0 -9999.0 -9999.0 -9999.0 -9999.0 -9999.0 -9999.0 -9999.0 -9999.0 -9999.0 -9999.0 -9999.0 -9999.0 -9999.0 -9999.0 -9999.0 -9999.0 -9999.0 -9999.0 -9999.0 -9999.0 -9999.0 -9999.0 -9999.0 -9999.0 -9999.0 -9999.0
-9999.0 -9999.0 -9999.0 -9999.0 -9999.0 -9999.0 -9999.0 -9999.0 -9999.0 -9999.0 -9999.0 -9999.0 -9999.0 -9999.0 -9999.0 -9999.0 -9999.0 -9999.0 -9999.0 -9999.0 -9999.0 -9999.0 -9999.0 -3.142003 -2.133786 -0.012698 0.125712 0.557494 -0.003538 -3.450874 -5.907046 -6.534720 -9999.0 -9999.0 -9999.0 -9999.0 -9999.0 -9999.0 -9999.0 -9999.0 -9999.0 -9999.0 -9999.0 -9999.0 -9999.0 -9999.0 -9999.0 -9999.0 -9999.0 -9999.0 -9999.0 -9999.0 -9999.0 -9999.0 -9999.0 -9999.0 -9999.0 -9999.0 -9999.0 -9999.0 -9999.0 -9999.0 -9999.0
-9999.0 -9999.0 -9999.0 -9999.0 -9999.0 -9999.0 -9999.0 -9999.0 -9999.0 -9999.0 -9999.0 -9999.0 -9999.0 -9999.0 -9999.0 -9999.0 -9999.0 -9999.0 -0.081879 -2.652440 -9999.0 -2.838064 -2.327624 -0.023861 -0.005370 0.619146 -0.054521 -0.061647 -0.014716 -0.090770 -3.940747 -5.597056 -7.565283 -10.251247 -9999.0 -9999.0 -9999.0 -9999.0 -9999.0 -9999.0 -9999.0 -9999.0 -9999.0 -9999.0 -9999.0 -9999.0 -9999.0 -9999.0 -9999.0 -9999.0 -9999.0 -9999.0 -9999.0 -9999.0 -9999.0 -9999.0 -9999.0 -9999.0 -9999.0 -9999.0 -9999.0 -9999.0 -9999.0
-9999.0 -9999.0 -9999.0 -9999.0 -9999.0 -9999.0 -9999.0 -9999.0 -9999.0 -9999.0 -9999.0 -9999.0 -9999.0 -9999.0 -9999.0 -9999.0 -9999.0 3.861917 2.098862 0.733527 -3.816905 -0.168314 -0.083352 -0.034284 -0.046424 -0.032189 -0.325620 -0.147171 -0.137728 -0.035114 -1.983749 -4.401407 -5.499468 -6.358554 -8.406348 -9.737420 -9999.0 -9999.0 -9999.0 -9999.0 -9999.0 -9999.0 -9999.0 -9999.0 -9999.0 -9999.0 -9999.0 -9999.0 -9999.0 -9999.0 -9999.0 -9999.0 -9999.0 -9999.0 -9999.0 -9999.0 -9999.0 -9999.0 -9999.0 -9999.0 -9999.0 -9999.0 -9999.0
-9999.0 -9999.0 -9999.0 -9999.0 -9999.0 -9999.0 -9999.0 -9999.0 -9999.0 -9999.0 -9999.0 -9999.0 -9999.0 -2.050458 -0.030888 1.716567 3.347475 2.346680 3.432104 -0.020253 -0.012592 -0.025030 -0.006110 -0.048473 -0.042789 -2.294644 -2.567100 -1.149723 -1.120341 -0.214925 -2.005322 -4.295708 -5.786243 -6.514303 -7.058252 -10.071311 -9999.0 -9999.0 -9999.0 -9999.0 -9999.0 -9999.0 -9999.0 -9999.0 -9999.0 -9999.0 -9999.0 -9999.0 -9999.0 -9999.0 -9999.0 -9999.0 -9999.0 -9999.0 -9999.0 -9999.0 -9999.0 -9999.0 -9999.0 -9999.0 -9999.0 -9999.0 -9999.0
-9999.0 -9999.0 -9999.0 -9999.0 -9999.0 -9999.0 -9999.0 -9999.0 -9999.0 -9999.0 -9999.0 -9999.0 -9999.0 -1.007752 0.602433 2.434062 2.653613 1.614399 2.403486 0.943198 2.509302 -0.004424 0.793441 -0.006445 -0.369417 -0.109141 -4.971343 -5.902962 -7.029192 -1.991802 -1.473476 -5.355256 -7.387738 -10.305954 -8.707851 -9999.0 -9999.0 -9999.0 -9999.0 -9999.0 -9999.0 -9999.0 -9999.0 -9999.0 -9999.0 -9999.0 -9999.0 -9999.0 -9999.0 -9999.0 -9999.0 -9999.0 -9999.0 -9999.0 -9999.0 -9999.0 -9999.0 -9999.0 -9999.0 -9999.0 -9999.0 -9999.0 -9999.0
-9999.0 -9999.0 -9999.0 -9999.0 -9999.0 -9999.0 -9999.0 -9999.0 -9999.0 -9999.0 -9999.0 -9999.0 -9999.0 0.112487 -0.003960 1.261630 2.005865 3.007298 2.591372 3.390547 -0.003951 -0.180543 -0.027548 -0.097536 -0.039290 -0.046133 -4.828151 -7.324489 -6.520521 -9.170217 -5.977765 -10.868609 -11.335883 -12.757409 -10.387766 -9999.0 -9999.0 -9999.0 -9999.0 -9999.0 -9999.0 -9999.0 -9999.0 -9999.0 -9999.0 -9999.0 -9999.0 -9999.0 -9999.0 -9999.0 -9999.0 -9999.0 -9999.0 -9999.0 -9999.0 -9999.0 -9999.0 -9999.0 -9999.0 -9999.0 -9999.0 -9999.0 -9999.0
-9999.0 -9999.0 -9999.0 -9999.0 -9999.0 -9999.0 -9999.0 -9999.0 -9999.0 -9999.0 -9999.0 -9999.0 -0.036900 -0.259171 0.711061 -0.022944 0.452343 2.352377 2.113029 1.972782 -0.021251 -0.175668 -0.222886 -0.476865 -1.747984 -4.970943 -3.552046 -6.133010 -5.767088 -7.585749 -10.822079 -7.871677 -6.632827 -11.123686 -9999.0 -9999.0 -9999.0 -9999.0 -9999.0 -9999.0 -9999.0 -9999.0 -9999.0 -9999.0 -9999.0 -9999.0 -9999.0 -9999.0 -9999.0 -9999.0 -9999.0 -9999.0 -9999.0 -9999.0 -9999.0 -9999.0 -9999.0 -9999.0 -9999.0 -9999.0 -9999.0 -9999.0 -9999.0
-9999.0 -9999.0 -9999.0 -9999.0 -9999.0 -9999.0 -9999.0 -9999.0 -9999.0 -9999.0 -9999.0 -1.641794 0.008754 0.133035 0.000580 -0.726174 0.422851 2.173417 2.106261 1.233392 0.773941 -0.026216 -2.473292 -4.518151 -0.838317 -4.276155 -6.375830 -5.181689 -5.258050 -9.500202 -8.111466 -5.677163 -7.047042 -9.213482 -8.262957 -6.755740 -6.281510 -5.444284 -5.175565 -9999.0 -9999.0 -9999.0 -9.351729 -9999.0 -9999.0 -9999.0 -9999.0 -9999.0 -9999.0 -9999.0 -9999.0 -9999.0 -9999.0 -9999.0 -9999.0 -9999.0 -9999.0 -9999.0 -9999.0 -9999.0 -9999.0 -9999.0 -9999.0
-9999.0 -9999.0 -9999.0 -9999.0 -9999.0 -9999.0 -9999.0 -9999.0 -9999.0 -9999.0 -9999.0 -2.205703 0.420027 1.566314 1.476169 -1.981412 2.673723 2.999961 2.245110 1.379524 -0.003605 -0.792906 -2.528974 -3.055731 -2.448024 -5.101960 -5.502517 -4.213810 -5.630257 -9.117545 -5.197844 -4.793518 -6.538627 -7.414036 -8.273766 -5.210942 -3.539924 -3.693577 -5.304710 -8.835697 -8.768662 -9.253261 -5.441521 -7.598796 -9999.0 -9999.0 -9999.0 -7.926457 -8.440917 -8.083777 -7.277675 -9.241756 -9.468683 -7.109716 -6.693799 -10.102930 -9999.0 -9999.0 -9999.0 -9999.0 -9999.0 -9999.0 -9999.0
-9999.0 -9999.0 -9999.0 -9999.0 -9999.0 -9999.0 -9999.0 -9999.0 -9999.0 -9999.0 -9999.0 -2.855649 -1.941928 -0.301957 -0.833256 -1.241950 -0.018257 2.447888 1.747958 1.410670 1.234673 -0.053706 -1.672269 -3.767605 -5.114146 -6.291620 -1.799651 -3.918569 -6.569289 -7.874959 -6.986109 -4.486761 -4.043052 -7.016987 -7.551253 -3.885173 -3.616929 -3.199471 -2.634774 -6.966868 -4.910627 -6.346879 -4.048012 -5.040179 -7.107363 -9999.0 -10.813982 -7.032559 -5.477978 -4.402544 -4.140275 -5.010942 -4.979609 -5.690539 -5.849671 -6.856947 -9999.0 -9999.0 -9999.0 -9999.0 -9999.0 -9999.0 -9999.0
-9999.0 -9999.0 -9999.0 -9999.0 -9999.0 -9999.0 -9999.0 -9999.0 -9999.0 -9999.0 -9999.0 -9999.0 -1.943016 -0.442609 -1.598713 -1.182715 -0.010221 1.690565 1.841023 1.462832 1.023828 -0.038277 -0.294412 -1.289784 -3.566110 -1.909218 -2.911072 -4.401439 -5.776043 -7.469018 -5.459123 -4.267298 -4.089158 -6.048327 -6.583853 -4.820110 -1.969469 -2.651503 -0.722443 -4.364717 -3.239576 -4.940749 -2.101435 -2.652720 -7.097127 -7.437068 -8.616551 -6.907989 -3.686476 -1.602432 -0.594783 -4.087597 -3.349823 -4.427386 -5.369009 -5.566929 -6.695441 -9999.0 -9999.0 -9999.0 -9999.0 -9999.0 -9999.0
-9999.0 -9999.0 -9999.0 -9999.0 -9999.0 -9999.0 -9999.0 -9999.0 -9999.0 -9999.0 -9999.0 -1.151909 -3.411891 -2.092407 -0.760458 -0.060281 -0.028920 0.970571 1.344213 3.030891 1.317788 -0.005576 -0.115542 -2.297103 -1.800139 -0.604010 -1.052376 -5.993035 -6.259087 -5.927473 -1.882921 -3.360262 -4.228353 -5.889574 -8.206759 -5.215456 -5.097073 -1.461220 -0.059313 -1.982118 -1.473175 -0.167591 -1.168004 -1.680751 -2.186301 -5.855824 -4.798552 -5.794646 -4.858124 -0.536072 -4.548382 -5.683654 -6.785614 -8.007517 -9.119976 -9.804247 -7.677044 -9999.0 -9999.0 -9999.0 -9999.0 -9999.0 -9999.0
-9999.0 -9999.0 -9999.0 -9999.0 -9999.0 -9999.0 -9999.0 -9999.0 -9999.0 -9999.0 -2.648180 -0.687264 -2.730798 -2.709836 -1.530323 -1.045446 -1.057504 -0.024977 2.480254 2.687119 0.109539 -0.032941 -0.810591 -1.656010 -0.151481 -1.774044 -3.028647 -5.494601 -4.207133 -3.027952 -2.588430 -2.537638 -3.178847 -5.868156 -10.195981 -6.962205 -3.977344 -1.992182 -0.069989 -0.038428 -0.036570 -0.007426 -0.017609 0.235706 -0.386188 -5.751364 -4.635701 -1.526240 -1.778317 -0.141924 -6.117394 -8.187890 -9.612680 -10.752879 -10.486093 -5.909899 -5.732582 -9999.0 -9999.0 -9999.0 -9999.0 -9999.0 -9999.0
-9999.0 -9999.0 -9999.0 -9999.0 -9999.0 -9999.0 -9999.0 -9999.0 -9999.0 -4.893497 -2.507183 -2.483038 -0.481046 -1.093098 -0.605012 -0.336506 -0.476767 -0.316858 2.219423 3.119692 0.391495 -0.016795 -0.021565 -0.035156 -0.050781 -1.710486 -3.750952 -2.787963 -0.824779 -0.114699 -0.046922 -1.909821 -6.646140 -9.533711 -9.034256 -7.113657 -5.101808 -2.681592 -1.742335 -0.498000 -0.300935 -0.333996 -0.680316 0.914001 0.268921 -0.560366 -1.246397 -1.529377 -1.499076 -0.043136 -3.090946 -7.685057 -11.708881 -10.900591 -8.908414 -7.218693 -5.955310 -7.209210 -8.547052 -9999.0 -9999.0 -9999.0 -9999.0
-9999.0 -9999.0 -9999.0 -9999.0 -9999.0 -9999.0 -9999.0 -9999.0 -9999.0 -6.229432 -5.137012 -3.234112 -1.163944 -0.094032 -0.540365 -1.113881 -1.391184 -0.032007 2.807069 1.323197 0.966988 0.125136 -0.018610 -0.246791 -1.322929 -2.089378 -1.032269 -0.164214 -0.031855 -0.192431 -0.853913 -2.290683 -4.787196 -6.951499 -5.674378 -7.128475 -6.570325 -5.248157 -5.091175 -2.590006 -1.207765 -2.950228 -0.924242 -0.026747 1.561679 0.474614 0.138066 -0.035837 -0.096456 -0.039969 -3.155926 -6.560512 -10.311658 -9.068868 -7.665702 -7.971359 -5.914595 -4.642253 -6.157211 -9999.0 -9999.0 -9999.0 -9999.0
-9999.0 -9999.0 -9999.0 -9999.0 -9999.0 -9999.0 -9999.0 -9999.0 -9999.0 -9999.0 -5.671566 -3.326323 -0.259106 -0.736257 -0.063969 -0.468744 -0.111605 -0.003352 3.596336 2.483189 1.051538 1.371536 -0.034847 -0.222051 -1.833896 -0.389611 -0.043627 -0.018894 -0.911063 -1.834959 -2.191213 -3.019776 -4.911122 -6.310140 -4.197086 -4.404264 -2.735257 -2.321603 -6.538215 -5.266119 -5.711254 -2.604521 -1.762172 -0.351499 -0.025294 -0.022838 0.383741 -0.003339 0.818788 -0.044472 -2.106115 -3.705970 -9.040387 -9.991248 -9.192605 -7.018204 -5.381081 -2.062301 -2.306423 -0.328177 -9999.0 -9999.0 -9999.0
-9999.0 -9999.0 -9999.0 -9999.0 -9999.0 -9999.0 -9999.0 -9999.0 -9999.0 -9999.0 -5.900561 -4.625583 -2.830777 -0.160127 -0.055327 -0.021714 -0.025285 1.423913 4.008620 3.424283 2.509980 0.186171 -0.045284 -0.662448 -0.390827 -0.032313 0.170438 -0.023853 -1.528107 -4.582315 -5.332425 -4.781786 -5.366218 -7.157310 -5.238838 -2.225874 -2.087603 -0.635110 -3.163131 -6.183639 -4.989689 -4.132382 -3.397596 -3.656843 -1.857595 -0.474503 -0.128220 -0.025027 1.644688 0.548208 -0.047391 -3.060850 -5.196062 -8.510675 -10.665370 -9.825000 -7.062390 -1.506063 0.617136 0.296695 -9999.0 -9999.0 -9999.0
-9999.0 -9999.0 -9999.0 -9999.0 -9999.0 -9999.0 -9999.0 -9999.0 -3.694400 -5.511026 -6.475367 -3.936902 -3.680630 -3.484215 -0.072424 0.814069 1.729868 1.028113 3.203697 3.954220 4.300569 2.869032 1.684646 -0.014516 -0.038110 1.301458 -0.051806 -1.038052 -2.669980 -4.549754 -9.558159 -5.268726 -5.235164 -6.838698 -4.833642 -4.915849 -1.338544 -0.345404 -2.801931 -7.164534 -5.808590 -2.906034 -4.543150 -6.668059 -4.738381 -2.587404 -2.606995 -0.955513 -0.023202 0.808794 -0.035751 -0.945848 -4.091773 -7.015315 -9.325426 -6.287535 -6.867302 -1.825455 -0.032604 2.369233 -9999.0 -9999.0 -9999.0
-9999.0 -9999.0 -9999.0 -9999.0 -9999.0 -9999.0 -9999.0 -9999.0 -4.038625 -2.304044 -4.038137 -6.274847 -4.930692 -2.481153 -1.129503 -0.023281 0.682047 1.257491 4.644495 4.485385 3.044836 2.290132 0.785998 -0.007499 2.130618 2.193938 0.191209 -0.664206 -5.072185 -6.107968 -6.907975 -6.681357 -4.867855 -6.481166 -4.177426 -2.927320 -1.555724 -0.613657 -1.052457 -4.092447 -5.427523 -8.111143 -6.279278 -3.882677 -3.137167 -1.479496 -4.910474 -4.230558 -0.769043 0.893615 0.345202 -0.706122 -3.718088 -6.912180 -4.803267 -4.388672 -1.586002 -0.132997 1.070710 3.468557 4.534633 -9999.0 -9999.0
-9999.0 -9999.0 -9999.0 -9999.0 -9999.0 -9999.0 -9999.0 -9999.0 -5.211747 -3.576985 -3.825269 -4.850206 -5.353563 -4.244168 -1.342230 -1.031355 -0.021311 0.479449 4.582764 3.232532 4.957268 3.232003 2.585527 3.022701 1.471397 1.912761 -0.008740 -1.475881 -5.263320 -5.257900 -6.093612 -2.526621 -3.206329 -2.852391 -2.454957 -2.336671 -0.060586 1.029558 -0.036341 -1.466954 -4.271273 -5.953037 -3.871177 -3.731517 -2.121340 -3.991089 -7.087494 -5.073552 -3.059086 -0.029407 1.891508 -0.040124 -4.848637 -3.584017 -2.646717 -1.251327 -0.016970 0.948272 3.073546 3.282351 4.115713 -9999.0 -9999.0
-9999.0 -9999.0 -9999.0 -9999.0 -9999.0 -9999.0 -9999.0 -9999.0 -7.952604 -3.901484 -1.693384 -5.103845 -4.907614 -1.999595 -0.479533 -0.012929 2.934200 4.331808 1.864581 4.943329 4.364392 4.790450 3.378640 2.799219 2.589190 0.262747 -0.092261 -2.245627 -2.821196 -1.441963 -1.504427 -0.912616 -0.101772 -0.451796 -0.723893 -1.964369 -0.234513 2.691888 -0.003083 -0.235128 -3.320253 -2.845665 -3.038535 -4.834055 -4.785864 -5.848914 -4.133107 -5.091079 -4.861152 -1.673491 -0.026685 1.492076 -0.040248 -1.680398 -0.029670 0.192152 1.710881 2.878798 4.333617 3.887895 2.962815 1.717955 -9999.0
-9999.0 -9999.0 -9999.0 -9999.0 -9999.0 -9999.0 -9999.0 -9999.0 -7.841284 -4.144298 -2.546081 -1.809066 -0.667808 -0.080703 -0.187270 0.571705 0.427949 1.426711 -0.005721 1.645739 3.897581 4.077702 4.416724 4.111044 0.625268 -0.022813 -1.337725 -0.407424 -0.060119 -0.356486 -0.367539 -0.040877 0.487145 -0.018912 -0.042173 -0.022518 0.691913 4.559612 3.943574 0.344861 -0.036852 -0.043940 -0.029491 -0.074920 -1.608940 -2.263158 -0.899919 -0.284688 -1.013537 -0.046637 -0.002642 0.876750 1.253274 0.274676 0.913869 1.227358 1.943841 2.686054 3.276839 2.912722 2.892392 1.147888 -9999.0
-9999.0 -9999.0 -4.821300 -3.849408 -4.466139 -2.213469 -4.121175 -3.790666 -6.110023 -5.052078 -1.702180 -0.448863 -0.066999 -0.723693 -0.020716 0.190193 -0.029583 -1.441340 -0.998424 -0.021605 1.552171 4.159406 3.313160 5.449775 2.099851 0.923170 -0.024682 -0.021029 1.245423 -0.041293 -0.032806 -0.007904 0.656220 1.919986 1.889970 3.212456 4.136795 6.831857 5.755314 3.134153 1.876059 1.903962 2.595082 0.676040 -0.023370 -0.045405 -0.002128 0.722114 0.667827 1.673184 2.347028 2.196356 1.623822 1.184405 1.139146 0.951706 1.729853 2.082246 1.667554 2.303968 -0.002927 0.419385 -9999.0
-9999.0 -1.067652 -1.422062 -1.634326 -2.109401 -3.731115 -4.109426 -4.160859 -5.192432 -6.214541 -3.111971 -1.079818 -0.012872 -0.780114 -0.071215 -0.478248 -1.759567 -2.859828 -1.546276 -0.028276 1.371985 2.834413 1.285670 3.282749 1.993486 1.811933 0.241521 0.535984 2.165666 1.174606 0.953227 0.958629 2.364918 3.028295 4.634957 5.834378 7.310303 10.118193 7.460023 5.969778 5.139879 4.970316 4.266037 3.345949 2.197210 2.610394 2.420671 4.504388 3.814932 4.568867 2.959324 2.219024 1.488394 0.759780 0.700773 0.259262 0.257873 0.586226 -0.001716 -0.065956 -0.006020 0.212761 -9999.0
-9999.0 -1.530769 -1.257219 -0.390268 -0.882938 -2.612360 -2.777208 -4.685040 -6.444473 -6.575849 -3.682542 -1.470525 -0.017319 -0.068623 -0.108628 -2.675781 -3.977336 -3.336652 -0.655165 -0.129514 -0.115802 1.067658 1.834881 0.717141 1.145355 1.961524 4.787518 4.072908 3.550617 5.254591 5.766553 5.434584 4.104303 4.990699 5.464523 7.839146 8.929177 9.981816 10.034192 9.155810 8.372461 7.486896 6.373750 7.157752 7.275519 6.987670 5.028300 4.839593 4.356530 3.706421 2.118501 1.198579 0.345895 1.018738 0.247670 -0.059310 -0.049022 -0.070692 -0.049085 -0.169493 -0.044412 -9999.0 -9999.0
