user2019/resources/simulation/Vinschgau/output-maps/TL0006N0954.asc
ncols         63
nrows         48
xllcorner     598000.000000
yllcorner     5145000.000000
cellsize      1000.000000
NODATA_value  -9999.0
[rows 0 to 27 of 48, columns 0 to 62 of 63]
-9999.0 -9999.0 -9999.0 -9999.0 -9999.0 -9999.0 -9999.0 -9999.0 -9999.0 -9999.0 -9999.0 -9999.0 -9999.0 -9999.0 -9999.0 -9999.0 -9999.0 -9999.0 -9999.0 -9999.0 -9999.0 -9999.0 -9999.0 -9999.0 -9999.0 -9999.0 -9999.0 -9999.0 -9999.0 -9999.0 -9999.0 -9999.0 -9999.0 -9999.0 -9999.0 -9999.0 -9999.0 -9999.0 -9999.0 -9999.0 -9999.0 -9999.0 -9999.0 -9999.0 -9999.0 -9999.0 -9999.0 -9999.0 -9999.0 -9999.0 -9999.0 -9999.0 -9999.0 -9999.0 -9999.0 -9999.0 -9999.0 -9999.0 -9999.0 -9999.0 -9999.0 -9999.0 -9999.0
-9999.0 -9999.0 -9999.0 -9999.0 -9999.0 -9999.0 -9999.0 -9999.0 -9999.0 -9999.0 -9999.0 -9999.0 -9999.0 -9999.0 -9999.0 -9999.0 -9999.0 -9999.0 -9999.0 -9999.0 -9999.0 -9999.0 -9999.0 -9999.0 -9999.0 -9999.0 -9999.0 -5.128173 -3.736835 -4.248422 -4.356650 -5.108799 -5.633335 -9999.0 -9999.0 -9999.0 -9999.0 -9999.0 -9999.0 -9999.0 -9999.0 -9999.0 -9999.0 -9999.0 -9999.0 -9999.0 -9999.0 -9999.0 -9999.0 -9999.0 -9999.0 -9999.0 -9999.0 -9999.0 -9999.0 -9999.0 -9999.0 -9999.0 -9999.0 -9999.0 -9999.0 -9999.0 -9999.0
-9999.0 -9999.0 -9999.0 -9999.0 -9999.0 -9999.0 -9999.0 -9999.0 -9999.0 -9999.0 -9999.0 -9999.0 -9999.0 -9999.0 -9999.0 -9999.0 -9999.0 -9999.0 -9999.0 -9999.0 -9999.0 -9999.0 -9999.0 -9999.0 -3.804415 -3.904725 -3.909851 -3.755407 -3.895954 -4.271753 -4.665039 -9999.0 -9999.0 -9999.0 -9999.0 -9999.0 -9999.0 -9999.0 -9999.0 -9999.0 -9999.0 -9999.0 -9999.0 -9999.0 -9999.0 -9999.0 -9999.0 -9999.0 -9999.0 -9999.0 -9999.0 -9999.0 -9999.0 -9999.0 -9999.0 -9999.0 -9999.0 -9999.0 -9999.0 -9999.0 -9999.0 -9999.0 -9999.0
-9999.0 -9999.0 -9999.0 -9999.0 -9999.0 -9999.0 -9999.0 -9999.0 -9999.0 -9999.0 -9999.0 -9999.0 -9999.0 -9999.0 -9999.0 -9999.0 -9999.0 -9999.0 -9999.0 -9999.0 -9999.0 -9999.0 -9999.0 -3.462358 -1.679032 -0.004962 0.624493 1.099276 -0.004306 -3.479302 -4.590132 -5.165872 -9999.0 -9999.0 -9999.0 -9999.0 -9999.0 -9999.0 -9999.0 -9999.0 -9999.0 -9999.0 -9999.0 -9999.0 -9999.0 -9999.0 -9999.0 -9999.0 -9999.0 -9999.0 -9999.0 -9999.0 -9999.0 -9999.0 -9999.0 -9999.0 -9999.0 -9999.0 -9999.0 -9999.0 -9999.0 -9999.0 -9999.0
-9999.0 -9999.0 -9999.0 -9999.0 -9999.0 -9999.0 -9999.0 -9999.0 -9999.0 -9999.0 -9999.0 -9999.0 -9999.0 -9999.0 -9999.0 -9999.0 -9999.0 -9999.0 -0.002491 -2.101395 -9999.0 -2.955779 -1.778409 -0.008178 0.244901 1.167582 -0.002912 -0.002324 -0.000695 -0.004389 -3.705016 -4.300301 -6.179959 -8.204010 -9999.0 -9999.0 -9999.0 -9999.0 -9999.0 -9999.0 -9999.0 -9999.0 -9999.0 -9999.0 -9999.0 -9999.0 -9999.0 -9999.0 -9999.0 -9999.0 -9999.0 -9999.0 -9999.0 -9999.0 -9999.0 -9999.0 -9999.0 -9999.0 -9999.0 -9999.0 -9999.0 -9999.0 -9999.0
-9999.0 -9999.0 -9999.0 -9999.0 -9999.0 -9999.0 -9999.0 -9999.0 -9999.0 -9999.0 -9999.0 -9999.0 -9999.0 -9999.0 -9999.0 -9999.0 -9999.0 4.134846 2.630326 1.106740 -2.546205 -0.003581 -0.004209 -0.002584 -0.003247 -0.003062 -0.122117 -0.005809 -0.005227 -0.002333 -1.740586 -3.699506 -4.615842 -5.003633 -6.853179 -7.990826 -9999.0 -9999.0 -9999.0 -9999.0 -9999.0 -9999.0 -9999.0 -9999.0 -9999.0 -9999.0 -9999.0 -9999.0 -9999.0 -9999.0 -9999.0 -9999.0 -9999.0 -9999.0 -9999.0 -9999.0 -9999.0 -9999.0 -9999.0 -9999.0 -9999.0 -9999.0 -9999.0
-9999.0 -9999.0 -9999.0 -9999.0 -9999.0 -9999.0 -9999.0 -9999.0 -9999.0 -9999.0 -9999.0 -9999.0 -9999.0 -1.171459 -0.003042 1.984535 3.633988 3.750259 3.726137 0.119280 -0.004158 -0.004523 0.286952 -0.002708 -0.002600 -1.788168 -2.223100 -0.846528 -1.052493 -0.006571 -1.781003 -3.578938 -3.289232 -5.596451 -5.570560 -8.264215 -9999.0 -9999.0 -9999.0 -9999.0 -9999.0 -9999.0 -9999.0 -9999.0 -9999.0 -9999.0 -9999.0 -9999.0 -9999.0 -9999.0 -9999.0 -9999.0 -9999.0 -9999.0 -9999.0 -9999.0 -9999.0 -9999.0 -9999.0 -9999.0 -9999.0 -9999.0 -9999.0
-9999.0 -9999.0 -9999.0 -9999.0 -9999.0 -9999.0 -9999.0 -9999.0 -9999.0 -9999.0 -9999.0 -9999.0 -9999.0 -0.115346 1.151633 2.851093 2.932476 2.927788 3.791253 1.449352 2.755459 0.687911 1.025758 -0.002678 -0.005365 -0.089014 -3.705540 -4.593175 -5.710554 -1.715019 -1.150284 -4.131643 -6.033684 -9.358488 -7.195928 -9999.0 -9999.0 -9999.0 -9999.0 -9999.0 -9999.0 -9999.0 -9999.0 -9999.0 -9999.0 -9999.0 -9999.0 -9999.0 -9999.0 -9999.0 -9999.0 -9999.0 -9999.0 -9999.0 -9999.0 -9999.0 -9999.0 -9999.0 -9999.0 -9999.0 -9999.0 -9999.0 -9999.0
-9999.0 -9999.0 -9999.0 -9999.0 -9999.0 -9999.0 -9999.0 -9999.0 -9999.0 -9999.0 -9999.0 -9999.0 -9999.0 0.719534 0.648069 1.854256 2.372445 3.199871 3.985570 3.632591 1.009797 -0.022270 -0.003245 -0.003366 -0.002772 -0.002626 -3.535629 -5.979309 -5.179863 -8.296471 -4.666057 -9.951470 -10.343005 -12.578257 -8.635759 -9999.0 -9999.0 -9999.0 -9999.0 -9999.0 -9999.0 -9999.0 -9999.0 -9999.0 -9999.0 -9999.0 -9999.0 -9999.0 -9999.0 -9999.0 -9999.0 -9999.0 -9999.0 -9999.0 -9999.0 -9999.0 -9999.0 -9999.0 -9999.0 -9999.0 -9999.0 -9999.0 -9999.0
-9999.0 -9999.0 -9999.0 -9999.0 -9999.0 -9999.0 -9999.0 -9999.0 -9999.0 -9999.0 -9999.0 -9999.0 -0.003873 -0.002587 1.336515 -0.002649 0.671817 2.654532 3.442406 2.324982 -0.004096 -0.006530 -1.093006 -0.308021 -1.394039 -3.733923 -3.382596 -4.813049 -3.231589 -6.254948 -9.897040 -6.454291 -5.241599 -9.019114 -9999.0 -9999.0 -9999.0 -9999.0 -9999.0 -9999.0 -9999.0 -9999.0 -9999.0 -9999.0 -9999.0 -9999.0 -9999.0 -9999.0 -9999.0 -9999.0 -9999.0 -9999.0 -9999.0 -9999.0 -9999.0 -9999.0 -9999.0 -9999.0 -9999.0 -9999.0 -9999.0 -9999.0 -9999.0
-9999.0 -9999.0 -9999.0 -9999.0 -9999.0 -9999.0 -9999.0 -9999.0 -9999.0 -9999.0 -9999.0 -0.572133 0.620230 0.624329 0.624429 -0.019249 1.113176 2.640653 3.435282 1.636171 1.295822 -0.002471 -1.964865 -3.330489 -0.622182 -3.966837 -5.089120 -3.902546 -4.691436 -7.838693 -6.661294 -3.676972 -5.601874 -7.493100 -6.786662 -5.361820 -4.956203 -4.080382 -3.851710 -9999.0 -9999.0 -9999.0 -7.631300 -9999.0 -9999.0 -9999.0 -9999.0 -9999.0 -9999.0 -9999.0 -9999.0 -9999.0 -9999.0 -9999.0 -9999.0 -9999.0 -9999.0 -9999.0 -9999.0 -9999.0 -9999.0 -9999.0 -9999.0
-9999.0 -9999.0 -9999.0 -9999.0 -9999.0 -9999.0 -9999.0 -9999.0 -9999.0 -9999.0 -9999.0 -1.352771 0.951788 2.202867 2.101356 -0.922048 3.697870 3.499156 3.550937 2.335516 1.044491 -0.163134 -2.065463 -2.924425 -2.060353 -3.830280 -4.212230 -3.876911 -3.950585 -7.488364 -3.919447 -3.978969 -5.201410 -5.953299 -6.664091 -3.935235 -3.820290 -2.647364 -3.924947 -7.183539 -7.145368 -7.614182 -4.165656 -6.172655 -9999.0 -9999.0 -9999.0 -8.308868 -6.929502 -6.665925 -5.942241 -7.697484 -7.930972 -7.774137 -7.378804 -8.419283 -9999.0 -9999.0 -9999.0 -9999.0 -9999.0 -9999.0 -9999.0
-9999.0 -9999.0 -9999.0 -9999.0 -9999.0 -9999.0 -9999.0 -9999.0 -9999.0 -9999.0 -9999.0 -1.658750 -1.400647 -0.148770 -0.060948 -0.146740 -0.002288 2.873241 2.784570 2.345770 1.417572 -0.002136 -1.775213 -3.690123 -3.857614 -4.949566 -1.990964 -3.731262 -5.244286 -6.351869 -5.671761 -4.236573 -3.728029 -5.664279 -6.191599 -3.639934 -3.363692 -2.932308 -1.923896 -5.589864 -3.618971 -5.037481 -3.751578 -3.770545 -5.768275 -9999.0 -8.902288 -5.727599 -4.204375 -3.616508 -3.448398 -3.733477 -3.713672 -4.407872 -4.556891 -5.488650 -9999.0 -9999.0 -9999.0 -9999.0 -9999.0 -9999.0 -9999.0
-9999.0 -9999.0 -9999.0 -9999.0 -9999.0 -9999.0 -9999.0 -9999.0 -9999.0 -9999.0 -9999.0 -9999.0 -1.408357 -0.383634 -0.411643 -0.314247 -0.003838 2.063783 3.150750 2.372925 1.237507 -0.002320 -0.129474 -1.252180 -3.320563 -2.132550 -2.566861 -3.198721 -4.478893 -6.098718 -4.181213 -4.013617 -3.483862 -4.738253 -5.294078 -3.581222 -1.978818 -2.585792 -0.088980 -3.179637 -2.449179 -3.657864 -2.070919 -2.281341 -5.725920 -6.003607 -7.127088 -5.601220 -3.276868 -1.412159 -0.280783 -3.855074 -2.309794 -4.524301 -3.624508 -4.342770 -5.397537 -9999.0 -9999.0 -9999.0 -9999.0 -9999.0 -9999.0
-9999.0 -9999.0 -9999.0 -9999.0 -9999.0 -9999.0 -9999.0 -9999.0 -9999.0 -9999.0 -9999.0 -0.805365 -2.978855 -1.233382 -0.682266 -0.003459 -0.002245 1.216089 2.604306 3.370162 1.639155 -0.003043 -0.023844 -2.066967 -1.969094 -0.902565 -0.742520 -4.714848 -4.937747 -4.595373 -2.104156 -3.160173 -3.493306 -4.591873 -6.675352 -3.955421 -3.856149 -1.333756 -0.011427 -1.114751 -1.352307 -0.046770 -1.206047 -1.383355 -1.600933 -4.553498 -3.488386 -4.452183 -3.591646 -0.215676 -4.214640 -4.452500 -6.593138 -7.404890 -8.331660 -9.214563 -6.283950 -9999.0 -9999.0 -9999.0 -9999.0 -9999.0 -9999.0
-9999.0 -9999.0 -9999.0 -9999.0 -9999.0 -9999.0 -9999.0 -9999.0 -9999.0 -9999.0 -1.795032 -0.913301 -2.214903 -2.165111 -0.507460 -0.749210 -0.772560 -0.003263 2.763456 2.996862 0.949532 -0.000621 -0.720634 -0.720588 -0.004067 -1.422261 -2.660638 -5.184100 -3.727196 -2.446591 -2.602864 -2.684556 -3.379110 -4.594682 -8.451382 -5.642316 -3.582239 -1.634732 -0.078520 -0.002703 -0.001755 0.105010 0.750913 0.403797 -0.132026 -4.412759 -3.413480 -1.121626 -1.101770 -0.003748 -6.556095 -6.861953 -8.810564 -10.075689 -9.649196 -4.640757 -4.446880 -9999.0 -9999.0 -9999.0 -9999.0 -9999.0 -9999.0
-9999.0 -9999.0 -9999.0 -9999.0 -9999.0 -9999.0 -9999.0 -9999.0 -9999.0 -3.642552 -1.945607 -2.779359 -1.321328 -0.986888 -0.722366 -0.538687 -0.189720 -0.003900 2.539363 3.336106 1.267907 -0.005582 -0.001954 -0.003037 -0.002306 -1.626978 -3.508387 -2.361930 -1.703563 -0.007080 -0.002021 -1.825330 -5.361482 -9.490573 -7.349345 -5.726820 -3.929143 -2.184030 -1.816994 -0.642440 -0.258730 -0.177683 -0.604669 1.134729 0.442391 -0.274470 -0.353283 -1.531332 -1.502914 -0.002218 -2.596634 -6.345962 -10.956153 -9.315450 -7.561593 -6.652310 -5.708053 -5.887529 -7.176011 -9999.0 -9999.0 -9999.0 -9999.0
-9999.0 -9999.0 -9999.0 -9999.0 -9999.0 -9999.0 -9999.0 -9999.0 -9999.0 -5.325140 -3.778049 -2.411438 -0.421310 -0.002521 -0.441412 -1.149464 -0.474189 -0.002314 3.152789 2.169974 1.819336 1.028645 -0.001269 -0.003919 -1.240015 -2.364014 -0.744442 -0.004425 -0.002197 -0.002745 -0.256897 -2.204676 -3.540999 -5.589415 -4.364319 -5.742611 -5.204795 -3.940626 -3.848784 -2.028449 -0.904638 -2.627919 -0.642094 -0.002034 1.727432 0.837739 0.508860 -0.002309 -0.003257 -0.002088 -3.071701 -6.245259 -8.849049 -7.736096 -6.330311 -7.673699 -5.550301 -4.722853 -4.860741 -9999.0 -9999.0 -9999.0 -9999.0
-9999.0 -9999.0 -9999.0 -9999.0 -9999.0 -9999.0 -9999.0 -9999.0 -9999.0 -9999.0 -4.347086 -3.614950 -0.164617 -0.356016 -0.002105 -0.183444 -0.002727 0.317896 4.050247 2.849379 1.903808 1.778861 -0.002667 -0.258492 -2.011267 -0.119859 -0.002253 -0.001176 -0.308880 -1.755154 -2.108567 -3.556122 -4.598604 -5.015022 -3.574496 -3.554308 -2.331181 -1.777840 -5.175353 -4.006594 -4.464934 -2.182119 -0.902000 -0.241455 -0.001336 -0.002763 0.599390 0.535469 1.160743 -0.001955 -2.023200 -5.177975 -7.667591 -8.614520 -7.887678 -5.767076 -3.272542 -2.250915 -2.116519 -0.010848 -9999.0 -9999.0 -9999.0
-9999.0 -9999.0 -9999.0 -9999.0 -9999.0 -9999.0 -9999.0 -9999.0 -9999.0 -9999.0 -4.566737 -3.377653 -2.577969 -0.093595 -0.001219 -0.004258 -0.003564 1.634832 4.424922 3.959882 2.678932 0.419143 -0.003163 -0.567919 -0.130300 -0.002036 0.507287 -0.002871 -1.444920 -4.281257 -4.089258 -3.549950 -5.872287 -5.769810 -3.988522 -1.714533 -2.169533 -0.819247 -2.756277 -4.876002 -3.725275 -3.330340 -1.319770 -3.425662 -0.975980 -0.385721 -0.003674 -0.001355 1.974882 0.876711 -0.016883 -2.769940 -4.901342 -7.177799 -9.267425 -8.447885 -5.838386 -1.587477 0.966272 0.737231 -9999.0 -9999.0 -9999.0
-9999.0 -9999.0 -9999.0 -9999.0 -9999.0 -9999.0 -9999.0 -9999.0 -3.460750 -4.223008 -5.122507 -3.335724 -3.460659 -1.079131 -0.057865 0.963438 2.010705 1.934616 3.568780 4.434415 4.454094 3.184267 2.000157 -0.005985 -0.002894 1.372144 -0.001868 -0.961693 -2.382203 -4.243266 -8.742084 -4.010551 -3.961822 -5.474760 -3.560595 -3.691216 -0.474534 -0.418025 -2.712520 -5.764064 -4.489351 -3.448420 -4.232592 -5.363755 -3.478291 -2.159946 -2.523708 -0.677866 -0.001421 1.096631 -0.003029 -0.866424 -5.828239 -6.696137 -7.979567 -5.029056 -5.580868 -1.458619 -0.001503 3.090619 -9999.0 -9999.0 -9999.0
-9999.0 -9999.0 -9999.0 -9999.0 -9999.0 -9999.0 -9999.0 -9999.0 -3.779955 -1.937496 -3.692070 -4.964006 -3.681257 -2.855546 -1.089210 -0.002697 0.932754 1.605978 4.870966 4.978138 4.247475 3.313188 2.012141 0.813120 2.411582 2.391438 0.324318 -0.634281 -5.956725 -4.798871 -5.578282 -5.305108 -3.467536 -5.113441 -3.809278 -3.373973 -0.829029 -0.264597 -0.906572 -3.683533 -4.137638 -7.370143 -4.951676 -3.428445 -2.924499 -1.569385 -4.610906 -3.106722 -0.384033 1.064980 0.675634 -0.440186 -5.579397 -5.655898 -3.627531 -3.780486 -1.717887 -0.060323 1.389722 3.813054 4.974781 -9999.0 -9999.0
-9999.0 -9999.0 -9999.0 -9999.0 -9999.0 -9999.0 -9999.0 -9999.0 -3.987930 -3.530266 -2.929071 -4.507068 -4.487489 -3.951784 -1.459550 -0.951692 -0.004696 0.874877 4.769275 4.335080 5.449929 4.136453 3.621082 3.597135 2.347579 2.216504 -0.002492 -1.395978 -5.509209 -3.966921 -4.747453 -3.297229 -2.858322 -2.441707 -1.960156 -1.839645 -0.032417 1.122166 -0.004683 -1.229842 -3.781564 -4.591979 -3.730009 -3.700127 -2.206816 -3.856808 -5.712084 -3.915455 -3.027308 -0.001237 2.022433 -0.002684 -4.790969 -5.441753 -2.735957 -1.275263 -0.000453 1.285135 3.432415 4.047530 4.443018 -9999.0 -9999.0
-9999.0 -9999.0 -9999.0 -9999.0 -9999.0 -9999.0 -9999.0 -9999.0 -6.631162 -3.482543 -0.669432 -6.121875 -3.364742 -2.177965 -0.391303 -0.002773 3.321270 4.549335 2.643296 5.085545 4.855261 5.267774 4.200667 3.698566 2.865863 0.409061 -0.003310 -2.158339 -2.468918 -1.080885 -1.503617 -0.744631 -0.041313 -0.771461 -0.714540 -1.215702 -0.001054 2.966792 0.072408 -0.115090 -2.592743 -2.458693 -3.437573 -3.525502 -3.678350 -4.507115 -3.707918 -3.807918 -3.654956 -1.727014 -0.002455 1.607021 -0.002768 -1.509382 -0.001529 0.516103 2.061114 3.690131 4.644399 4.214896 3.297065 1.874962 -9999.0
-9999.0 -9999.0 -9999.0 -9999.0 -9999.0 -9999.0 -9999.0 -9999.0 -6.530733 -3.166535 -2.829143 -1.728716 -0.540646 -0.123825 -0.002314 0.911031 1.175661 1.680261 0.146492 2.006896 4.073496 4.595763 4.897651 4.589509 1.520295 -0.004284 -1.261291 -0.142181 -0.002183 -0.104339 -0.365595 -0.002050 0.843656 -0.001346 -0.001626 -0.001636 1.078188 5.110177 4.619455 0.717343 -0.001522 -0.010516 -0.009763 -0.038847 -1.639158 -1.679706 -0.474458 -0.793191 -0.751917 -0.001862 0.203217 0.999684 1.358041 0.601020 1.184036 1.480218 2.223957 3.013766 3.618823 3.268790 3.170150 1.302501 -9999.0
-9999.0 -9999.0 -3.572817 -3.744054 -4.242411 -2.539240 -3.878132 -3.432630 -4.849158 -3.894308 -1.892423 -0.128505 -0.131849 -0.110355 -0.000352 0.472962 -0.001304 -1.373638 -0.719384 -0.003030 1.893103 4.588286 3.707149 5.570244 2.634661 1.167237 -0.004129 -0.003687 1.400322 -0.001450 -0.002815 -0.003197 1.814570 2.208071 2.271202 3.595449 4.542719 7.459773 6.469814 3.670570 2.270912 2.275992 2.869311 1.056934 -0.001333 -0.001714 0.266947 0.871129 1.044541 2.017935 2.694159 2.493916 1.934161 1.488432 1.420312 1.954984 2.027811 2.401568 2.012423 2.496942 0.652343 0.564735 -9999.0
-9999.0 -0.890560 -1.453325 -1.749950 -2.391348 -1.426639 -3.871264 -3.863219 -4.860564 -4.957712 -2.938432 -1.005197 -0.004986 -0.125727 -0.000599 -0.399289 -1.969051 -2.854442 -1.214929 -0.002875 1.608607 3.251249 1.970997 3.665995 2.867847 2.299220 1.124078 1.423821 2.566152 1.546516 1.338883 1.364040 2.824617 3.933516 5.078488 6.244644 7.972628 10.498883 7.880887 6.364353 5.588864 5.416078 4.703535 3.879142 2.618844 2.913435 2.776394 5.097021 4.216142 4.975152 3.275246 2.530959 1.792083 1.054560 0.994361 0.555550 0.348577 0.686133 0.256200 -0.002084 -0.002383 0.358360 -9999.0
-9999.0 -0.585190 -1.122047 -0.309495 -0.251037 -1.444449 -2.689892 -4.386078 -5.163182 -5.276955 -3.488077 -1.394018 -0.002581 -0.000568 -0.095431 -4.275869 -3.671884 -3.179640 -0.632836 -0.008223 -0.002043 1.230801 2.077218 1.363940 2.255770 3.049171 4.904571 4.469359 3.907538 5.662747 5.941876 5.663421 4.557806 5.438114 6.343723 8.285874 10.096390 11.152509 10.625127 9.913267 8.898825 7.960611 6.930145 7.382125 7.400482 7.196840 5.414805 5.215179 4.704780 4.040762 2.452583 1.327013 0.443282 1.098230 0.337957 -0.002968 -0.414790 -0.003559 -0.002655 -0.006065 -0.002541 -9999.0 -9999.0
