user2019/resources/simulation/Vinschgau/output-maps/TL0007N1092.asc
ncols         63
nrows         48
xllcorner     598000.000000
yllcorner     5145000.000000
cellsize      1000.000000
NODATA_value  -9999.0
[rows 0 to 27 of 48, columns 0 to 62 of 63]
-9999.0 -9999.0 -9999.0 -9999.0 -9999.0 -9999.0 -9999.0 -9999.0 -9999.0 -9999.0 -9999.0 -9999.0 -9999.0 -9999.0 -9999.0 -9999.0 -9999.0 -9999.0 -9999.0 -9999.0 -9999.0 -9999.0 -9999.0 -9999.0 -9999.0 -9999.0 -9999.0 -9999.0 -9999.0 -9999.0 -9999.0 -9999.0 -9999.0 -9999.0 -9999.0 -9999.0 -9999.0 -9999.0 -9999.0 -9999.0 -9999.0 -9999.0 -9999.0 -9999.0 -9999.0 -9999.0 -9999.0 -9999.0 -9999.0 -9999.0 -9999.0 -9999.0 -9999.0 -9999.0 -9999.0 -9999.0 -9999.0 -9999.0 -9999.0 -9999.0 -9999.0 -9999.0 -9999.0
-9999.0 -9999.0 -9999.0 -9999.0 -9999.0 -9999.0 -9999.0 -9999.0 -9999.0 -9999.0 -9999.0 -9999.0 -9999.0 -9999.0 -9999.0 -9999.0 -9999.0 -9999.0 -9999.0 -9999.0 -9999.0 -9999.0 -9999.0 -9999.0 -9999.0 -9999.0 -9999.0 -0.243574 -0.277394 -0.739833 -1.896695 -1.847609 -1.820578 -9999.0 -9999.0 -9999.0 -9999.0 -9999.0 -9999.0 -9999.0 -9999.0 -9999.0 -9999.0 -9999.0 -9999.0 -9999.0 -9999.0 -9999.0 -9999.0 -9999.0 -9999.0 -9999.0 -9999.0 -9999.0 -9999.0 -9999.0 -9999.0 -9999.0 -9999.0 -9999.0 -9999.0 -9999.0 -9999.0
-9999.0 -9999.0 -9999.0 -9999.0 -9999.0 -9999.0 -9999.0 -9999.0 -9999.0 -9999.0 -9999.0 -9999.0 -9999.0 -9999.0 -9999.0 -9999.0 -9999.0 -9999.0 -9999.0 -9999.0 -9999.0 -9999.0 -9999.0 -9999.0 -0.176665 -0.116442 -0.175482 -0.109013 -0.359162 -0.555348 -0.810874 -9999.0 -9999.0 -9999.0 -9999.0 -9999.0 -9999.0 -9999.0 -9999.0 -9999.0 -9999.0 -9999.0 -9999.0 -9999.0 -9999.0 -9999.0 -9999.0 -9999.0 -9999.0 -9999.0 -9999.0 -9999.0 -9999.0 -9999.0 -9999.0 -9999.0 -9999.0 -9999.0 -9999.0 -9999.0 -9999.0 -9999.0 -9999.0
-9999.0 -9999.0 -9999.0 -9999.0 -9999.0 -9999.0 -9999.0 -9999.0 -9999.0 -9999.0 -9999.0 -9999.0 -9999.0 -9999.0 -9999.0 -9999.0 -9999.0 -9999.0 -9999.0 -9999.0 -9999.0 -9999.0 -9999.0 -0.079010 -0.068972 1.704844 2.113227 2.755748 1.940798 -0.088065 -0.626404 -2.211053 -9999.0 -9999.0 -9999.0 -9999.0 -9999.0 -9999.0 -9999.0 -9999.0 -9999.0 -9999.0 -9999.0 -9999.0 -9999.0 -9999.0 -9999.0 -9999.0 -9999.0 -9999.0 -9999.0 -9999.0 -9999.0 -9999.0 -9999.0 -9999.0 -9999.0 -9999.0 -9999.0 -9999.0 -9999.0 -9999.0 -9999.0
-9999.0 -9999.0 -9999.0 -9999.0 -9999.0 -9999.0 -9999.0 -9999.0 -9999.0 -9999.0 -9999.0 -9999.0 -9999.0 -9999.0 -9999.0 -9999.0 -9999.0 -9999.0 3.698865 -0.043614 -9999.0 -0.068144 -0.053197 1.466035 1.733310 3.187965 2.501160 2.436904 1.473451 -0.002853 -0.246088 -0.659681 -1.120729 -1.435712 -9999.0 -9999.0 -9999.0 -9999.0 -9999.0 -9999.0 -9999.0 -9999.0 -9999.0 -9999.0 -9999.0 -9999.0 -9999.0 -9999.0 -9999.0 -9999.0 -9999.0 -9999.0 -9999.0 -9999.0 -9999.0 -9999.0 -9999.0 -9999.0 -9999.0 -9999.0 -9999.0 -9999.0 -9999.0
-9999.0 -9999.0 -9999.0 -9999.0 -9999.0 -9999.0 -9999.0 -9999.0 -9999.0 -9999.0 -9999.0 -9999.0 -9999.0 -9999.0 -9999.0 -9999.0 -9999.0 4.899617 3.515805 3.250697 0.959134 -0.002594 -0.002646 0.981746 2.816602 -0.002465 -0.296919 -0.001914 -0.004372 0.877131 -0.051406 -0.201734 -0.922330 -0.297270 -1.319602 -1.661085 -9999.0 -9999.0 -9999.0 -9999.0 -9999.0 -9999.0 -9999.0 -9999.0 -9999.0 -9999.0 -9999.0 -9999.0 -9999.0 -9999.0 -9999.0 -9999.0 -9999.0 -9999.0 -9999.0 -9999.0 -9999.0 -9999.0 -9999.0 -9999.0 -9999.0 -9999.0 -9999.0
-9999.0 -9999.0 -9999.0 -9999.0 -9999.0 -9999.0 -9999.0 -9999.0 -9999.0 -9999.0 -9999.0 -9999.0 -9999.0 -0.002267 1.303734 3.089469 4.535031 9.177706 4.587158 2.874527 2.074016 1.560381 2.261070 2.918397 -0.001878 -0.044222 -0.624903 -1.213278 -0.240528 -0.002221 -0.968933 -0.165678 -0.971230 -1.672812 -2.261440 -1.748428 -9999.0 -9999.0 -9999.0 -9999.0 -9999.0 -9999.0 -9999.0 -9999.0 -9999.0 -9999.0 -9999.0 -9999.0 -9999.0 -9999.0 -9999.0 -9999.0 -9999.0 -9999.0 -9999.0 -9999.0 -9999.0 -9999.0 -9999.0 -9999.0 -9999.0 -9999.0 -9999.0
-9999.0 -9999.0 -9999.0 -9999.0 -9999.0 -9999.0 -9999.0 -9999.0 -9999.0 -9999.0 -9999.0 -9999.0 -9999.0 -0.000764 3.295515 3.825798 3.747192 7.385223 9.270128 4.057697 3.725941 4.392392 1.965135 0.754304 -0.002115 -0.031665 -0.116955 -0.401531 -0.686785 -1.487542 -2.342150 -0.413184 -1.003420 -5.855876 -1.713937 -9999.0 -9999.0 -9999.0 -9999.0 -9999.0 -9999.0 -9999.0 -9999.0 -9999.0 -9999.0 -9999.0 -9999.0 -9999.0 -9999.0 -9999.0 -9999.0 -9999.0 -9999.0 -9999.0 -9999.0 -9999.0 -9999.0 -9999.0 -9999.0 -9999.0 -9999.0 -9999.0 -9999.0
-9999.0 -9999.0 -9999.0 -9999.0 -9999.0 -9999.0 -9999.0 -9999.0 -9999.0 -9999.0 -9999.0 -9999.0 -9999.0 3.348408 3.597722 4.563163 3.331903 4.160460 9.579833 4.557833 5.175331 1.866222 -0.002489 -0.002470 0.361534 -0.001602 0.307149 -0.882537 -1.135522 -5.173306 -0.847548 -6.369654 -6.562528 -8.905409 -1.952934 -9999.0 -9999.0 -9999.0 -9999.0 -9999.0 -9999.0 -9999.0 -9999.0 -9999.0 -9999.0 -9999.0 -9999.0 -9999.0 -9999.0 -9999.0 -9999.0 -9999.0 -9999.0 -9999.0 -9999.0 -9999.0 -9999.0 -9999.0 -9999.0 -9999.0 -9999.0 -9999.0 -9999.0
-9999.0 -9999.0 -9999.0 -9999.0 -9999.0 -9999.0 -9999.0 -9999.0 -9999.0 -9999.0 -9999.0 -9999.0 1.538223 3.045527 3.968086 1.968802 1.777415 3.655526 8.139272 5.008882 1.989957 -0.002525 -0.343836 -0.036854 -1.076129 -0.126590 -2.195265 -0.692339 -1.160150 -1.738909 -6.242265 -1.188408 -2.451422 -1.807628 -9999.0 -9999.0 -9999.0 -9999.0 -9999.0 -9999.0 -9999.0 -9999.0 -9999.0 -9999.0 -9999.0 -9999.0 -9999.0 -9999.0 -9999.0 -9999.0 -9999.0 -9999.0 -9999.0 -9999.0 -9999.0 -9999.0 -9999.0 -9999.0 -9999.0 -9999.0 -9999.0 -9999.0 -9999.0
-9999.0 -9999.0 -9999.0 -9999.0 -9999.0 -9999.0 -9999.0 -9999.0 -9999.0 -9999.0 -9999.0 -0.028495 2.699422 2.036249 3.197809 3.620486 4.180756 3.836748 7.783928 5.911054 2.454670 1.434788 -0.053662 -0.110633 -1.116801 -0.663599 -0.888749 -0.487955 -1.013345 -1.659243 -1.225836 -1.121125 -2.100691 -1.394192 -1.578057 -1.146775 -0.845011 -0.400272 -1.498877 -9999.0 -9999.0 -9999.0 -1.504318 -9999.0 -9999.0 -9999.0 -9999.0 -9999.0 -9999.0 -9999.0 -9999.0 -9999.0 -9999.0 -9999.0 -9999.0 -9999.0 -9999.0 -9999.0 -9999.0 -9999.0 -9999.0 -9999.0 -9999.0
-9999.0 -9999.0 -9999.0 -9999.0 -9999.0 -9999.0 -9999.0 -9999.0 -9999.0 -9999.0 -9999.0 -0.030417 2.793667 4.181734 4.890160 1.318272 6.374771 4.576645 8.019748 5.615617 5.092008 0.521161 -0.065039 -1.289906 -2.979507 -0.702123 -0.282410 -0.601936 -1.104344 -1.428205 -0.939130 -0.436539 -1.177825 -2.725325 -1.495997 -0.418764 -0.418145 -0.167014 -0.248833 -1.344613 -1.283313 -1.460214 -1.827016 -1.021168 -9999.0 -9999.0 -9999.0 -2.175185 -2.876554 -2.431926 -2.301400 -2.179871 -2.272246 -2.551376 -2.932856 -2.363595 -9999.0 -9999.0 -9999.0 -9999.0 -9999.0 -9999.0 -9999.0
-9999.0 -9999.0 -9999.0 -9999.0 -9999.0 -9999.0 -9999.0 -9999.0 -9999.0 -9999.0 -9999.0 -0.039597 -0.025981 -0.028903 3.042653 2.644157 1.450536 3.726008 6.728730 5.608848 1.877653 -0.004152 -1.496694 -0.121074 -0.462330 -0.174730 -1.735224 -2.646381 -0.389042 -1.493853 -0.705231 -3.109003 -0.780738 -1.807263 -1.458753 -0.726439 -2.281096 -1.880331 -0.006433 -0.623494 -1.392382 -0.937384 -0.839009 -0.617794 -2.474476 -9999.0 -1.987480 -2.598431 -1.852390 -0.523182 -0.534826 -0.573933 -0.335692 -0.850923 -2.195344 -2.229986 -9999.0 -9999.0 -9999.0 -9999.0 -9999.0 -9999.0 -9999.0
-9999.0 -9999.0 -9999.0 -9999.0 -9999.0 -9999.0 -9999.0 -9999.0 -9999.0 -9999.0 -9999.0 -9999.0 -0.046715 -0.136969 -0.000853 -0.000602 0.373753 2.789791 7.444832 5.521949 1.975850 -0.004743 -1.083642 -2.386062 -1.642071 -1.570581 -0.055406 -0.311601 -1.074680 -0.989052 -0.378617 -2.901437 -0.682454 -2.136151 -2.379812 -0.866726 -2.847067 -1.738236 2.269555 -0.062193 -0.428225 0.116507 -2.322339 -0.146886 -0.759970 -2.694400 -1.611381 -2.477038 -3.866103 -2.451127 -0.008850 -2.789593 -2.844717 -3.428178 -4.008348 -2.008398 -2.533657 -9999.0 -9999.0 -9999.0 -9999.0 -9999.0 -9999.0
-9999.0 -9999.0 -9999.0 -9999.0 -9999.0 -9999.0 -9999.0 -9999.0 -9999.0 -9999.0 -9999.0 -1.750061 -0.055116 -0.003526 -0.257480 -0.001231 0.890807 2.001698 6.807261 4.020815 2.373032 0.382081 -0.002191 -1.345396 -1.552766 -1.642884 -2.325462 -0.660912 -0.760850 -0.115563 -1.985907 -2.084533 -0.137231 -1.939720 -1.758750 -1.622075 -0.400899 -1.881842 -0.008162 0.814756 -0.431137 -0.031592 -0.712104 -0.543072 -0.059929 -0.557308 -1.265990 -0.096391 0.071471 -0.024860 -2.515764 -0.602374 -4.048947 -4.519645 -5.360218 -6.343478 -1.305338 -9999.0 -9999.0 -9999.0 -9999.0 -9999.0 -9999.0
-9999.0 -9999.0 -9999.0 -9999.0 -9999.0 -9999.0 -9999.0 -9999.0 -9999.0 -9999.0 -0.061782 -0.456469 -0.054081 -0.046103 -0.009600 -0.043421 -0.051266 -0.002420 3.248952 3.662639 3.902560 2.716227 -0.368672 -0.029221 -0.001594 -1.376212 -1.337247 -3.693880 -0.147658 -0.076671 -1.548470 -1.637226 -0.255865 -1.407004 -1.786788 -0.708450 -0.450693 -2.609715 -0.653352 -0.001794 -0.002735 1.384462 5.008253 0.669781 -0.061715 -0.087334 -0.352370 -2.213693 -1.491371 -0.001105 -4.007537 -1.737125 -5.767809 -7.019558 -6.520702 -0.977826 -1.975424 -9999.0 -9999.0 -9999.0 -9999.0 -9999.0 -9999.0
-9999.0 -9999.0 -9999.0 -9999.0 -9999.0 -9999.0 -9999.0 -9999.0 -9999.0 -0.513365 -0.109878 -1.776500 -0.764373 -0.338551 -0.538229 -0.352269 -0.041194 2.678098 3.183099 3.779954 4.217501 0.467594 -0.002723 -0.001845 -0.001667 -1.241326 -1.826011 -0.048365 -0.460905 -0.124254 -0.000978 -1.437594 -0.484782 -6.016004 -1.275063 -0.768654 -0.627181 -3.022318 -1.918122 -1.138588 -0.959095 -0.439720 -0.363472 1.495686 0.675947 -0.027478 -0.006201 -0.424578 -0.421239 -0.001555 -1.496254 -1.372775 -7.678595 -3.198755 -2.430858 -3.838139 -3.267535 -0.939191 -2.025295 -9999.0 -9999.0 -9999.0 -9999.0
-9999.0 -9999.0 -9999.0 -9999.0 -9999.0 -9999.0 -9999.0 -9999.0 -9999.0 -0.560771 -0.317692 -0.052630 -0.002787 -0.001252 -0.048572 -0.356095 -0.016311 -0.001095 3.757302 5.276148 4.800586 4.688409 2.937259 0.047653 -0.853790 -1.459077 -0.301972 -0.001262 -0.001050 0.872225 -0.022860 -1.815074 -0.536204 -1.364620 -1.857040 -0.690504 -0.285138 -0.009799 -0.384082 -0.128473 -2.564320 -1.303940 -0.194054 0.568183 2.055216 1.938148 1.601548 -0.003588 -0.016507 -0.001039 -2.691100 -4.561265 -3.281138 -3.526560 -3.062898 -4.897876 -3.014840 -2.180589 -0.230402 -9999.0 -9999.0 -9999.0 -9999.0
-9999.0 -9999.0 -9999.0 -9999.0 -9999.0 -9999.0 -9999.0 -9999.0 -9999.0 -9999.0 -0.382271 -0.182177 -0.391245 -0.297355 -0.004594 -0.039652 -0.001156 1.483888 4.549880 4.285290 4.855675 2.311404 -0.001810 -0.346379 -0.909025 -0.009346 -0.001183 0.917952 -0.019838 -1.380264 -1.722109 -2.482765 -2.863168 -1.679713 -0.846182 -0.136487 -0.061601 -0.110843 -0.266663 -0.675431 -0.467554 -0.074292 -0.015828 -0.034582 -0.001788 -0.001901 1.003097 3.304251 2.342115 -0.003148 -1.648329 -3.024887 -2.537346 -3.471000 -3.351144 -2.298000 -1.062823 -1.340637 -1.081632 -0.001751 -9999.0 -9999.0 -9999.0
-9999.0 -9999.0 -9999.0 -9999.0 -9999.0 -9999.0 -9999.0 -9999.0 -9999.0 -9999.0 -1.893435 -0.317676 -0.064235 -0.053765 2.315555 -0.003218 -0.002716 2.248126 4.946327 5.417450 3.111104 1.055882 -0.002313 -0.065746 -0.007271 0.330550 1.575024 -0.002032 -1.067051 -2.585320 -0.272953 -0.403361 -3.521525 -1.289031 -0.235070 -0.086375 -1.300561 -1.654618 -2.304537 -0.807135 -0.619622 -0.076909 -2.353224 -0.069407 -0.042739 -0.446516 -0.000925 -0.001806 2.314187 2.032442 -0.012874 -1.380986 -3.393803 -2.537124 -3.910518 -3.217445 -2.057327 -1.327504 0.882462 1.859087 -9999.0 -9999.0 -9999.0
-9999.0 -9999.0 -9999.0 -9999.0 -9999.0 -9999.0 -9999.0 -9999.0 -0.485902 -0.362034 -0.946659 -0.699783 -2.390832 -0.724781 -0.053618 1.312508 2.572089 5.617094 5.241608 5.928532 4.865973 3.721597 2.649454 0.855473 -0.001791 1.660518 2.532752 -0.591725 -1.527278 -2.499289 -5.583258 -0.494252 -0.334868 -1.156308 -1.266013 -0.139910 -0.006160 -0.407770 -2.311814 -0.648974 -0.114886 -0.157602 -2.478905 -0.429045 0.492239 -0.046895 -2.137213 -0.386668 -0.001880 2.122197 -0.002529 -0.516382 -3.245512 -4.996020 -2.890050 -1.988428 -0.775795 -0.044915 0.192516 3.721168 -9999.0 -9999.0 -9999.0
-9999.0 -9999.0 -9999.0 -9999.0 -9999.0 -9999.0 -9999.0 -9999.0 -2.715531 -2.778931 -2.004380 -0.809398 -0.172193 -1.821159 -0.709003 -0.001919 1.576568 2.186812 5.275327 6.445772 8.453449 7.398647 6.701294 5.942167 3.056090 2.889185 0.610755 -0.351658 -3.367790 -0.845670 -1.629674 -0.376300 -1.165577 -0.232120 -0.361456 -0.080245 -0.001864 -0.045342 -1.649553 -0.163515 -0.272261 -4.435284 -0.171399 -0.109429 -0.066295 -1.931828 -3.089061 -0.141146 -0.254009 1.276416 1.716047 -0.050783 -3.654388 -1.918458 -0.182574 -1.832178 -1.280517 -0.018024 2.427528 4.888770 6.305562 -9999.0 -9999.0
-9999.0 -9999.0 -9999.0 -9999.0 -9999.0 -9999.0 -9999.0 -9999.0 -0.293214 -0.147903 -0.859230 -2.811483 -0.697214 -2.272949 -0.905241 -0.572914 -0.003593 2.289064 5.182212 8.356943 6.911797 8.049778 7.898779 5.373187 5.510347 2.897145 -0.001698 -1.017867 -4.417773 -0.290993 -0.128976 -0.176970 -1.388992 -1.619377 -0.076664 -0.026373 -0.048250 1.351368 -0.117232 -2.229889 -0.398498 -0.082076 -0.165701 -0.177992 -2.584644 -0.266822 -0.693792 -0.398521 -1.434741 -0.001517 2.283666 -0.002222 -2.538703 -3.464500 -1.229599 -0.559227 0.977961 2.308993 4.555065 5.172135 5.521971 -9999.0 -9999.0
-9999.0 -9999.0 -9999.0 -9999.0 -9999.0 -9999.0 -9999.0 -9999.0 -1.555223 -0.334159 -0.843181 -3.775900 -0.191712 -1.482637 -0.809446 -0.001978 3.748554 4.972348 5.432658 5.451410 6.301506 6.656513 7.729995 7.163373 3.323150 0.748998 -0.002005 -1.761465 -0.053546 -2.119451 -1.427170 -0.842236 -0.019264 -0.450328 -0.230784 -0.008322 3.065944 3.735391 0.416023 -0.048396 -0.050594 -0.069703 -0.092035 0.518567 -0.157887 -0.086842 -0.147742 -0.011362 -0.126445 -0.633783 -0.001755 1.916645 -0.001980 -1.197590 -0.000557 1.519940 3.118037 4.256938 5.311375 5.287650 4.377844 2.284187 -9999.0
-9999.0 -9999.0 -9999.0 -9999.0 -9999.0 -9999.0 -9999.0 -9999.0 -2.162399 -0.661632 -1.938313 -1.359274 -1.789110 -0.400709 1.420533 2.020195 3.809592 2.233031 0.508300 2.579099 4.480671 6.021083 6.286856 6.012147 4.575551 -0.003261 -0.873997 -0.008335 -0.001166 -0.130639 -0.445702 -0.000939 1.913464 0.996808 -0.002669 0.966389 2.379156 5.738060 5.203876 1.855697 -0.002284 -0.008173 -0.032138 -0.010850 -0.617334 -0.042478 -0.298918 -1.034733 -0.130956 -0.002803 1.288806 1.366842 1.681229 1.650055 2.023202 2.473410 3.247435 4.050837 4.672874 4.407416 3.854088 1.704893 -9999.0
-9999.0 -9999.0 -0.300474 -0.300485 -3.149204 -1.520457 -2.762186 -3.763801 -1.199365 -0.711113 -2.540460 -0.396238 -0.133009 -0.039706 2.927315 1.454264 -0.001667 -1.012391 -0.274902 -0.002101 2.452016 5.135636 4.884997 5.926161 4.080573 1.737140 -0.003228 -0.002811 1.841087 2.664309 -0.002036 0.273390 4.639802 3.012177 3.493709 4.304446 6.351941 8.048091 6.982761 4.290120 3.708599 3.527337 3.380582 2.182305 -0.001692 -0.002835 1.359810 1.162628 2.152682 3.088170 3.856344 3.542914 2.950498 2.492123 2.398660 5.254625 3.035981 3.436449 3.101672 3.105081 3.479885 0.953417 -9999.0
-9999.0 -1.390777 -2.506967 -2.556677 -1.533529 -2.359348 -1.710685 -2.198088 -3.174144 -1.237311 -1.351008 -0.649402 -0.000895 -0.002658 2.010937 -0.333311 -1.397716 -1.286641 -1.406078 -0.002117 2.121658 3.957848 5.235267 4.436202 6.500395 3.842211 4.419048 4.473661 4.046298 2.732041 2.613199 2.713125 4.145401 6.874514 7.221829 8.169417 10.273751 10.995512 9.920442 8.060882 7.824753 7.589064 6.507970 4.509088 3.222333 3.595560 3.938344 5.650979 6.069313 5.716358 4.338059 3.556062 2.811639 2.063979 1.988405 1.527495 0.615482 0.960220 1.274118 2.214098 0.247756 0.749611 -9999.0
-9999.0 -0.046814 -0.420252 -0.353692 -0.006816 -0.407884 -2.301060 -2.705319 -1.127705 -1.297381 -1.870424 -1.032957 -0.001850 2.091328 -0.097824 -2.790712 -2.031210 -1.567132 -0.461268 -0.004422 2.624519 1.626111 2.597558 2.554884 5.852160 6.864990 5.250411 5.865701 5.339958 6.157524 6.346097 6.102071 6.019143 7.004708 9.630732 10.258517 14.459491 15.672153 12.938410 12.095768 11.270556 10.111933 9.465305 7.824849 7.749421 7.609994 7.151236 6.716781 6.011481 5.168319 3.529407 1.686788 0.726704 1.105864 0.540818 -0.002361 -0.288553 -0.002662 -0.001787 -0.003645 -0.001877 -9999.0 -9999.0
