user2019/resources/simulation/Vinschgau/output-maps/TL0001N1040.asc
ncols         63
nrows         48
xllcorner     598000.000000
yllcorner     5145000.000000
cellsize      1000.000000
NODATA_value  -9999.0
[rows 0 to 27 of 48, columns 0 to 62 of 63]
-9999.0 -9999.0 -9999.0 -9999.0 -9999.0 -9999.0 -9999.0 -9999.0 -9999.0 -9999.0 -9999.0 -9999.0 -9999.0 -9999.0 -9999.0 -9999.0 -9999.0 -9999.0 -9999.0 -9999.0 -9999.0 -9999.0 -9999.0 -9999.0 -9999.0 -9999.0 -9999.0 -9999.0 -9999.0 -9999.0 -9999.0 -9999.0 -9999.0 -9999.0 -9999.0 -9999.0 -9999.0 -9999.0 -9999.0 -9999.0 -9999.0 -9999.0 -9999.0 -9999.0 -9999.0 -9999.0 -9999.0 -9999.0 -9999.0 -9999.0 -9999.0 -9999.0 -9999.0 -9999.0 -9999.0 -9999.0 -9999.0 -9999.0 -9999.0 -9999.0 -9999.0 -9999.0 -9999.0
-9999.0 -9999.0 -9999.0 -9999.0 -9999.0 -9999.0 -9999.0 -9999.0 -9999.0 -9999.0 -9999.0 -9999.0 -9999.0 -9999.0 -9999.0 -9999.0 -9999.0 -9999.0 -9999.0 -9999.0 -9999.0 -9999.0 -9999.0 -9999.0 -9999.0 -9999.0 -9999.0 -3.086447 -3.205980 -3.656422 -4.313111 -4.851222 -4.131266 -9999.0 -9999.0 -9999.0 -9999.0 -9999.0 -9999.0 -9999.0 -9999.0 -9999.0 -9999.0 -9999.0 -9999.0 -9999.0 -9999.0 -9999.0 -9999.0 -9999.0 -9999.0 -9999.0 -9999.0 -9999.0 -9999.0 -9999.0 -9999.0 -9999.0 -9999.0 -9999.0 -9999.0 -9999.0 -9999.0
-9999.0 -9999.0 -9999.0 -9999.0 -9999.0 -9999.0 -9999.0 -9999.0 -9999.0 -9999.0 -9999.0 -9999.0 -9999.0 -9999.0 -9999.0 -9999.0 -9999.0 -9999.0 -9999.0 -9999.0 -9999.0 -9999.0 -9999.0 -9999.0 -2.063899 -2.008290 -1.612665 -2.739951 -2.540259 -2.801017 -2.995995 -9999.0 -9999.0 -9999.0 -9999.0 -9999.0 -9999.0 -9999.0 -9999.0 -9999.0 -9999.0 -9999.0 -9999.0 -9999.0 -9999.0 -9999.0 -9999.0 -9999.0 -9999.0 -9999.0 -9999.0 -9999.0 -9999.0 -9999.0 -9999.0 -9999.0 -9999.0 -9999.0 -9999.0 -9999.0 -9999.0 -9999.0 -9999.0
-9999.0 -9999.0 -9999.0 -9999.0 -9999.0 -9999.0 -9999.0 -9999.0 -9999.0 -9999.0 -9999.0 -9999.0 -9999.0 -9999.0 -9999.0 -9999.0 -9999.0 -9999.0 -9999.0 -9999.0 -9999.0 -9999.0 -9999.0 -1.092344 -0.115951 0.754601 1.214081 1.574892 1.022327 -1.348212 -2.821768 -3.699026 -9999.0 -9999.0 -9999.0 -9999.0 -9999.0 -9999.0 -9999.0 -9999.0 -9999.0 -9999.0 -9999.0 -9999.0 -9999.0 -9999.0 -9999.0 -9999.0 -9999.0 -9999.0 -9999.0 -9999.0 -9999.0 -9999.0 -9999.0 -9999.0 -9999.0 -9999.0 -9999.0 -9999.0 -9999.0 -9999.0 -9999.0
-9999.0 -9999.0 -9999.0 -9999.0 -9999.0 -9999.0 -9999.0 -9999.0 -9999.0 -9999.0 -9999.0 -9999.0 -9999.0 -9999.0 -9999.0 -9999.0 -9999.0 -9999.0 1.143761 -0.393632 -9999.0 -0.398591 -0.122170 0.466419 0.837640 1.993138 0.670077 0.587781 0.550165 -0.023979 -2.894355 -2.662305 -4.846968 -5.491136 -9999.0 -9999.0 -9999.0 -9999.0 -9999.0 -9999.0 -9999.0 -9999.0 -9999.0 -9999.0 -9999.0 -9999.0 -9999.0 -9999.0 -9999.0 -9999.0 -9999.0 -9999.0 -9999.0 -9999.0 -9999.0 -9999.0 -9999.0 -9999.0 -9999.0 -9999.0 -9999.0 -9999.0 -9999.0
-9999.0 -9999.0 -9999.0 -9999.0 -9999.0 -9999.0 -9999.0 -9999.0 -9999.0 -9999.0 -9999.0 -9999.0 -9999.0 -9999.0 -9999.0 -9999.0 -9999.0 4.461089 3.046281 1.898361 -0.208052 -0.073091 -0.025513 -0.003281 0.857249 -0.024192 -0.387344 -0.027321 -0.141856 -0.002820 -0.654850 -2.861142 -3.227329 -3.814127 -5.231012 -5.867499 -9999.0 -9999.0 -9999.0 -9999.0 -9999.0 -9999.0 -9999.0 -9999.0 -9999.0 -9999.0 -9999.0 -9999.0 -9999.0 -9999.0 -9999.0 -9999.0 -9999.0 -9999.0 -9999.0 -9999.0 -9999.0 -9999.0 -9999.0 -9999.0 -9999.0 -9999.0 -9999.0
-9999.0 -9999.0 -9999.0 -9999.0 -9999.0 -9999.0 -9999.0 -9999.0 -9999.0 -9999.0 -9999.0 -9999.0 -9999.0 -0.072251 0.017581 2.561403 4.029637 5.927638 4.111628 1.481417 0.905954 0.526763 1.084146 0.983238 -0.029792 -0.542037 -1.537703 -2.815513 -1.501662 -0.058236 -1.668399 -2.119088 -2.148913 -3.097283 -4.590204 -5.660117 -9999.0 -9999.0 -9999.0 -9999.0 -9999.0 -9999.0 -9999.0 -9999.0 -9999.0 -9999.0 -9999.0 -9999.0 -9999.0 -9999.0 -9999.0 -9999.0 -9999.0 -9999.0 -9999.0 -9999.0 -9999.0 -9999.0 -9999.0 -9999.0 -9999.0 -9999.0 -9999.0
-9999.0 -9999.0 -9999.0 -9999.0 -9999.0 -9999.0 -9999.0 -9999.0 -9999.0 -9999.0 -9999.0 -9999.0 -9999.0 0.058054 1.898205 3.315861 3.278147 4.639962 5.954206 2.490958 3.179282 2.012728 1.393131 0.284085 -0.003048 -0.778815 -3.386152 -3.851875 -3.921959 -1.532090 -3.035685 -2.427961 -3.952079 -8.002509 -4.881100 -9999.0 -9999.0 -9999.0 -9999.0 -9999.0 -9999.0 -9999.0 -9999.0 -9999.0 -9999.0 -9999.0 -9999.0 -9999.0 -9999.0 -9999.0 -9999.0 -9999.0 -9999.0 -9999.0 -9999.0 -9999.0 -9999.0 -9999.0 -9999.0 -9999.0 -9999.0 -9999.0 -9999.0
-9999.0 -9999.0 -9999.0 -9999.0 -9999.0 -9999.0 -9999.0 -9999.0 -9999.0 -9999.0 -9999.0 -9999.0 -9999.0 1.599836 1.783611 3.025645 2.820788 3.613682 6.224687 4.038680 2.472571 0.459974 -0.014139 -0.050308 -0.004662 -0.009753 -2.790931 -4.206337 -3.397447 -7.055951 -3.078971 -8.480585 -8.826915 -10.607871 -5.823491 -9999.0 -9999.0 -9999.0 -9999.0 -9999.0 -9999.0 -9999.0 -9999.0 -9999.0 -9999.0 -9999.0 -9999.0 -9999.0 -9999.0 -9999.0 -9999.0 -9999.0 -9999.0 -9999.0 -9999.0 -9999.0 -9999.0 -9999.0 -9999.0 -9999.0 -9999.0 -9999.0 -9999.0
-9999.0 -9999.0 -9999.0 -9999.0 -9999.0 -9999.0 -9999.0 -9999.0 -9999.0 -9999.0 -9999.0 -9999.0 0.109979 1.081295 2.280022 0.645868 1.134968 3.114977 5.240319 3.505025 0.768157 -0.045172 -0.520873 -0.244031 -1.793117 -2.235887 -2.901861 -2.990199 -3.449157 -4.245976 -8.376972 -4.603854 -5.112771 -6.164924 -9999.0 -9999.0 -9999.0 -9999.0 -9999.0 -9999.0 -9999.0 -9999.0 -9999.0 -9999.0 -9999.0 -9999.0 -9999.0 -9999.0 -9999.0 -9999.0 -9999.0 -9999.0 -9999.0 -9999.0 -9999.0 -9999.0 -9999.0 -9999.0 -9999.0 -9999.0 -9999.0 -9999.0 -9999.0
-9999.0 -9999.0 -9999.0 -9999.0 -9999.0 -9999.0 -9999.0 -9999.0 -9999.0 -9999.0 -9999.0 -0.220760 1.494171 1.179226 1.596032 0.281482 2.527857 3.262147 5.119702 3.953744 1.835859 0.323489 -0.131179 -2.852854 -1.813889 -3.163973 -3.204172 -2.375318 -3.273825 -5.315376 -4.832520 -3.335298 -4.630030 -5.346348 -5.408074 -4.412177 -3.107198 -3.524919 -3.940566 -9999.0 -9999.0 -9999.0 -5.892644 -9999.0 -9999.0 -9999.0 -9999.0 -9999.0 -9999.0 -9999.0 -9999.0 -9999.0 -9999.0 -9999.0 -9999.0 -9999.0 -9999.0 -9999.0 -9999.0 -9999.0 -9999.0 -9999.0 -9999.0
-9999.0 -9999.0 -9999.0 -9999.0 -9999.0 -9999.0 -9999.0 -9999.0 -9999.0 -9999.0 -9999.0 -0.274342 1.651327 3.094078 3.289610 0.000201 5.043861 4.019924 5.328802 3.567432 2.428510 -0.026014 -0.139798 -2.207266 -3.645091 -3.183389 -2.457327 -3.087171 -3.384283 -5.074489 -3.965534 -2.566181 -3.352102 -5.579276 -4.295022 -2.354284 -2.649989 -2.750364 -3.775465 -5.051288 -5.402200 -5.064815 -4.148784 -4.742271 -9999.0 -9999.0 -9999.0 -5.537610 -6.361263 -5.171553 -5.594255 -5.439049 -5.753834 -5.455957 -6.730889 -5.903563 -9999.0 -9999.0 -9999.0 -9999.0 -9999.0 -9999.0 -9999.0
-9999.0 -9999.0 -9999.0 -9999.0 -9999.0 -9999.0 -9999.0 -9999.0 -9999.0 -9999.0 -9999.0 -0.867421 -0.080089 -0.137376 0.183636 0.258452 0.470626 3.410116 4.176303 3.560828 1.621928 -0.028166 -1.586218 -2.745267 -2.626327 -2.853084 -1.556578 -3.295815 -3.904457 -4.264177 -4.149788 -3.770501 -3.117977 -3.905039 -4.549480 -2.939215 -2.926380 -2.578489 -0.136420 -3.592380 -3.790077 -3.168789 -3.063128 -2.453310 -4.737761 -9999.0 -5.999311 -5.531705 -4.224605 -1.915178 -3.041590 -3.327773 -3.163630 -2.752021 -4.624455 -4.236198 -9999.0 -9999.0 -9999.0 -9999.0 -9999.0 -9999.0 -9999.0
-9999.0 -9999.0 -9999.0 -9999.0 -9999.0 -9999.0 -9999.0 -9999.0 -9999.0 -9999.0 -9999.0 -9999.0 -0.349187 -1.056982 0.004379 0.061183 -0.006231 2.493426 4.799505 3.547982 1.550416 -0.010616 -1.649997 -2.969197 -2.617161 -1.457042 -0.585524 -2.807766 -4.358185 -4.412810 -2.443571 -3.553307 -1.850383 -4.616815 -5.055797 -2.292848 -2.027655 -2.437964 0.049933 -1.258643 -2.666064 -1.052423 -2.978594 -2.379935 -4.194872 -5.619402 -4.910054 -5.318826 -4.438950 -3.060442 -0.338998 -3.429136 -3.489842 -4.076728 -4.659240 -4.417551 -5.219555 -9999.0 -9999.0 -9999.0 -9999.0 -9999.0 -9999.0
-9999.0 -9999.0 -9999.0 -9999.0 -9999.0 -9999.0 -9999.0 -9999.0 -9999.0 -9999.0 -9999.0 -1.309308 -0.295859 -0.254010 -1.246331 -0.020095 -0.003839 1.612038 4.176716 3.775641 2.086921 0.042370 -0.472882 -1.413871 -1.485869 -2.272234 -1.842250 -2.932203 -3.080529 -2.629255 -1.728825 -2.728472 -2.059651 -4.507995 -4.435614 -3.957217 -2.126805 -1.473289 -0.028935 -0.117358 -1.653339 -0.073817 -1.400755 -2.224718 -0.644017 -2.770124 -3.577049 -3.303977 -1.014766 -0.096309 -3.508139 -2.711358 -5.503106 -6.279025 -7.173273 -7.978124 -4.248518 -9999.0 -9999.0 -9999.0 -9999.0 -9999.0 -9999.0
-9999.0 -9999.0 -9999.0 -9999.0 -9999.0 -9999.0 -9999.0 -9999.0 -9999.0 -9999.0 -0.332463 -2.586599 -0.153520 -0.302759 -0.054065 -0.526850 -0.616276 -0.022323 3.018205 3.423179 2.074855 0.908251 -0.588594 -0.125018 -0.541654 -1.997847 -1.975344 -4.724806 -2.681387 -1.087285 -2.178785 -2.270646 -2.410467 -3.333319 -5.804816 -4.060657 -2.854961 -3.220057 -1.053978 -0.008616 -0.006182 0.565932 2.400324 0.498120 -0.377603 -2.279962 -2.961134 -2.859368 -2.115346 -0.053158 -5.564976 -4.806419 -7.630589 -8.766402 -8.372764 -3.212298 -4.404799 -9999.0 -9999.0 -9999.0 -9999.0 -9999.0 -9999.0
-9999.0 -9999.0 -9999.0 -9999.0 -9999.0 -9999.0 -9999.0 -9999.0 -9999.0 -3.088304 -2.062593 -2.415002 -1.897308 -1.427961 -1.460118 -1.159486 -0.225054 0.136624 2.936253 3.570868 2.375536 0.019073 -0.017122 -0.005401 -0.026396 -1.486883 -2.795823 -0.234288 -2.386888 -1.168584 -0.020363 -1.688022 -3.331087 -8.077863 -4.870127 -4.277076 -2.825880 -3.642124 -1.410286 -1.332259 -0.678477 -0.346339 -0.473525 1.351173 0.505120 -0.123353 -0.172104 -1.369490 -1.362768 -0.017662 -1.944744 -4.349204 -9.502073 -6.936288 -5.819673 -5.469166 -4.677362 -4.136174 -5.114553 -9999.0 -9999.0 -9999.0 -9999.0
-9999.0 -9999.0 -9999.0 -9999.0 -9999.0 -9999.0 -9999.0 -9999.0 -9999.0 -2.821433 -2.311591 -0.208523 -0.010447 -0.054277 -0.299351 -1.328475 -0.075796 -0.004212 3.517722 3.342806 2.950755 2.280169 1.137322 -0.009080 -1.099337 -1.666696 -1.257535 -0.068356 -0.003903 -0.007601 -0.123932 -2.062945 -3.634446 -3.745317 -4.267967 -3.660312 -3.117059 -1.843800 -2.114936 -2.002124 -1.479402 -1.930978 -0.655733 -0.003324 1.858266 1.230523 0.880048 -0.005640 -0.040987 -0.014521 -2.938218 -5.641329 -6.578860 -6.736146 -5.293515 -6.456871 -4.426051 -3.785860 -2.881712 -9999.0 -9999.0 -9999.0 -9999.0
-9999.0 -9999.0 -9999.0 -9999.0 -9999.0 -9999.0 -9999.0 -9999.0 -9999.0 -9999.0 -2.541917 -2.245470 -1.688469 -0.693036 -0.033033 -0.203746 -0.048241 0.748801 4.321111 3.381670 3.022563 2.021047 -0.031823 -0.403174 -1.360828 -0.117228 -0.014259 0.206811 -0.022790 -1.616869 -1.963493 -3.133170 -3.857934 -4.802610 -3.107616 -2.060767 -0.266951 -1.984902 -3.101803 -3.945397 -2.653764 -0.309536 -0.080813 -0.114091 -0.023551 -0.017843 0.778150 1.588183 1.581157 -0.016063 -1.890336 -4.323536 -5.743182 -6.419943 -6.044483 -5.444028 -3.243253 -1.930080 -1.704604 -0.085635 -9999.0 -9999.0 -9999.0
-9999.0 -9999.0 -9999.0 -9999.0 -9999.0 -9999.0 -9999.0 -9999.0 -9999.0 -9999.0 -4.341728 -2.852229 -0.355565 -0.061510 0.631053 -0.014695 -0.022568 1.977606 4.717459 4.599056 2.874094 0.731887 -0.040883 -0.387468 -0.119006 -0.003697 0.877395 -0.020610 -1.307459 -3.561469 -2.368204 -2.541496 -4.957383 -3.809759 -2.258710 -1.574526 -1.928607 -2.318222 -2.401798 -3.068313 -2.313273 -1.718179 -3.002332 -1.160888 -0.938778 -0.358454 -0.052542 -0.023090 2.109313 1.289935 -0.021747 -2.055697 -4.387451 -5.233605 -7.083685 -6.279562 -4.015262 -1.276086 1.171433 1.214977 -9999.0 -9999.0 -9999.0
-9999.0 -9999.0 -9999.0 -9999.0 -9999.0 -9999.0 -9999.0 -9999.0 -3.003625 -2.514297 -3.196333 -2.878140 -3.029478 -1.270939 -0.058141 1.121581 2.302581 3.316980 4.356061 5.080732 4.637975 3.442842 2.305339 0.493886 -0.008723 1.475485 0.757047 -0.827004 -1.639852 -3.575555 -7.452551 -3.030601 -2.522178 -3.552031 -3.586417 -1.975961 -0.076052 -1.329896 -2.567393 -3.668256 -2.638206 -2.132787 -3.521465 -3.288004 -0.804210 -0.180744 -2.382463 -1.643204 -0.019387 1.487101 -0.006272 -0.743179 -4.626725 -6.004930 -5.876148 -3.342257 -4.069128 -0.107732 -0.003754 3.430039 -9999.0 -9999.0 -9999.0
-9999.0 -9999.0 -9999.0 -9999.0 -9999.0 -9999.0 -9999.0 -9999.0 -3.340064 -3.423207 -2.960952 -3.068925 -2.274164 -2.436132 -0.944955 -0.018910 1.308122 1.941684 5.063473 5.618419 5.841054 4.888195 3.727143 2.692655 2.799137 2.630091 0.424755 -1.123151 -4.952797 -3.097739 -3.778899 -3.291322 -3.508167 -3.077658 -2.793355 -0.688529 -0.063694 -0.498755 -2.313143 -2.601998 -2.384333 -6.160870 -2.871249 -1.862091 -1.035308 -3.001519 -4.146553 -2.684853 -0.527491 1.127911 1.032155 -0.314032 -4.768537 -3.820022 -2.027186 -2.835227 -1.193197 -0.045856 1.767242 4.248357 5.553239 -9999.0 -9999.0
-9999.0 -9999.0 -9999.0 -9999.0 -9999.0 -9999.0 -9999.0 -9999.0 -2.278467 -2.053284 -1.692087 -3.760227 -2.950470 -3.302095 -1.483162 -0.810262 -0.015585 1.376876 4.965108 5.878314 6.084454 5.900125 5.397964 4.397984 3.494492 2.635035 -0.004739 -1.258798 -5.443208 -2.351429 -2.673729 -2.168053 -2.155433 -1.752156 -0.136188 -0.118338 -1.159099 1.178915 -0.280480 -2.898286 -2.989443 -2.401219 -2.900680 -2.184411 -1.523809 -2.893792 -3.677638 -2.925492 -2.323361 -0.027045 2.144488 -0.011060 -3.676731 -4.579235 -1.883297 -1.089701 0.305598 1.652919 3.853494 4.526028 4.864310 -9999.0 -9999.0
-9999.0 -9999.0 -9999.0 -9999.0 -9999.0 -9999.0 -9999.0 -9999.0 -4.577608 -2.771142 -2.220899 -5.311004 -2.972710 -1.642045 -0.396862 -0.006174 3.541882 4.757240 3.702097 5.257775 5.496487 5.881774 5.731862 5.175640 3.099536 0.537093 -0.076211 -2.012876 -0.329742 -2.765824 -1.406437 -2.402742 -0.033317 -1.009126 -0.352664 -0.100879 0.629579 3.464824 0.208090 -0.214018 -0.334578 -0.391485 -2.294788 -0.813091 -3.055255 -2.347782 -2.681424 -2.768665 -2.268650 -1.320468 -0.024221 1.733330 -0.009178 -1.756099 -0.003175 0.869695 2.447245 4.024606 5.049251 4.634265 3.699832 2.064263 -9999.0
-9999.0 -9999.0 -9999.0 -9999.0 -9999.0 -9999.0 -9999.0 -9999.0 -4.719012 -2.746620 -2.527514 -1.589891 -1.805927 -0.097347 -0.006509 1.326869 2.164415 1.980555 0.265342 2.342392 4.276260 5.258680 5.510377 5.206265 2.602203 -0.018898 -1.120907 -0.129792 -0.030378 -0.859945 -0.358929 -0.013920 1.230038 0.218497 -0.012614 0.165007 1.556778 5.492340 4.954767 1.110520 -0.005383 -0.015443 -0.444361 -0.042032 -1.505792 -0.114607 -1.479099 -1.660383 -0.493122 -0.017985 0.594232 1.158169 1.486786 0.971083 1.469745 1.762513 2.611808 3.411310 4.028763 3.688003 3.582773 1.484087 -9999.0
-9999.0 -9999.0 -2.384242 -3.011857 -3.789429 -1.849682 -3.338300 -2.682014 -3.292157 -2.700495 -3.051268 -0.868369 -0.085747 -0.241596 1.167091 0.840045 -0.028156 -1.241141 -1.038912 -0.013904 2.216656 4.909363 4.190218 5.728381 3.274292 1.488698 -0.021929 -0.012138 1.591245 0.818296 -0.030060 -0.005583 2.913785 2.685352 2.708260 4.038646 5.125638 7.782994 6.748377 4.020489 2.771348 2.725832 3.097066 1.446039 -0.018616 -0.017179 0.659224 0.968139 1.435176 2.400576 3.126081 2.886169 2.310294 1.856641 1.773063 3.168228 2.408575 2.786486 2.400500 2.784655 1.697628 0.733426 -9999.0
-9999.0 -1.311517 -3.149071 -3.045986 -1.703390 -1.466089 -2.686317 -3.137622 -4.126559 -3.465141 -2.283121 -0.869978 -0.007827 0.003699 0.405699 -0.299830 -1.352479 -2.187043 -1.526149 -0.025932 1.992547 3.710445 3.523430 4.133888 4.421140 2.975073 2.293165 2.561717 3.073126 1.994120 1.802802 1.859633 3.341245 5.057950 6.113984 7.162481 9.331338 10.772232 8.882301 7.013003 6.740173 6.444715 5.317594 4.252465 2.970862 3.252190 3.238077 5.426135 5.058501 5.484231 3.687011 2.920591 2.176689 1.429378 1.356166 0.901972 0.447480 0.789059 0.626531 0.490954 0.025154 0.530997 -9999.0
-9999.0 -0.186579 -1.318511 -0.899114 -0.042728 -0.969407 -2.547486 -3.653789 -3.370624 -3.477193 -2.795560 -1.255980 -0.005624 0.472480 -0.153956 -3.806442 -2.956779 -2.482366 -0.592145 -0.015184 0.923851 1.418429 2.360913 1.876072 3.606585 4.508025 5.055607 5.066284 4.441462 5.926592 6.132938 5.873582 5.115805 6.032225 7.561138 9.353643 11.824553 13.161047 11.947787 11.134069 10.260660 9.161258 8.443337 7.608995 7.554484 7.404231 6.320524 5.786913 5.212306 4.492125 2.856750 1.475134 0.553955 1.184674 0.395048 -0.047951 -0.026800 -0.075628 -0.043247 -0.209969 -0.038067 -9999.0 -9999.0
