user2019/resources/simulation/Vinschgau/output-maps/TL0005N0981.asc
ncols         63
nrows         48
xllcorner     598000.000000
yllcorner     5145000.000000
cellsize      1000.000000
NODATA_value  -9999.0
[rows 0 to 27 of 48, columns 0 to 62 of 63]
-9999.0 -9999.0 -9999.0 -9999.0 -9999.0 -9999.0 -9999.0 -9999.0 -9999.0 -9999.0 -9999.0 -9999.0 -9999.0 -9999.0 -9999.0 -9999.0 -9999.0 -9999.0 -9999.0 -9999.0 -9999.0 -9999.0 -9999.0 -9999.0 -9999.0 -9999.0 -9999.0 -9999.0 -9999.0 -9999.0 -9999.0 -9999.0 -9999.0 -9999.0 -9999.0 -9999.0 -9999.0 -9999.0 -9999.0 -9999.0 -9999.0 -9999.0 -9999.0 -9999.0 -9999.0 -9999.0 -9999.0 -9999.0 -9999.0 -9999.0 -9999.0 -9999.0 -9999.0 -9999.0 -9999.0 -9999.0 -9999.0 -9999.0 -9999.0 -9999.0 -9999.0 -9999.0 -9999.0
-9999.0 -9999.0 -9999.0 -9999.0 -9999.0 -9999.0 -9999.0 -9999.0 -9999.0 -9999.0 -9999.0 -9999.0 -9999.0 -9999.0 -9999.0 -9999.0 -9999.0 -9999.0 -9999.0 -9999.0 -9999.0 -9999.0 -9999.0 -9999.0 -9999.0 -9999.0 -9999.0 -2.663442 -3.180010 -2.891071 -3.580314 -2.820810 -3.857433 -9999.0 -9999.0 -9999.0 -9999.0 -9999.0 -9999.0 -9999.0 -9999.0 -9999.0 -9999.0 -9999.0 -9999.0 -9999.0 -9999.0 -9999.0 -9999.0 -9999.0 -9999.0 -9999.0 -9999.0 -9999.0 -9999.0 -9999.0 -9999.0 -9999.0 -9999.0 -9999.0 -9999.0 -9999.0 -9999.0
-9999.0 -9999.0 -9999.0 -9999.0 -9999.0 -9999.0 -9999.0 -9999.0 -9999.0 -9999.0 -9999.0 -9999.0 -9999.0 -9999.0 -9999.0 -9999.0 -9999.0 -9999.0 -9999.0 -9999.0 -9999.0 -9999.0 -9999.0 -9999.0 -2.772851 -1.418079 -1.207400 -1.340616 -2.293147 -2.370290 -2.823202 -9999.0 -9999.0 -9999.0 -9999.0 -9999.0 -9999.0 -9999.0 -9999.0 -9999.0 -9999.0 -9999.0 -9999.0 -9999.0 -9999.0 -9999.0 -9999.0 -9999.0 -9999.0 -9999.0 -9999.0 -9999.0 -9999.0 -9999.0 -9999.0 -9999.0 -9999.0 -9999.0 -9999.0 -9999.0 -9999.0 -9999.0 -9999.0
-9999.0 -9999.0 -9999.0 -9999.0 -9999.0 -9999.0 -9999.0 -9999.0 -9999.0 -9999.0 -9999.0 -9999.0 -9999.0 -9999.0 -9999.0 -9999.0 -9999.0 -9999.0 -9999.0 -9999.0 -9999.0 -9999.0 -9999.0 -1.111247 -0.433719 0.583503 1.139134 1.574090 0.586970 -0.910422 -3.482779 -2.834650 -9999.0 -9999.0 -9999.0 -9999.0 -9999.0 -9999.0 -9999.0 -9999.0 -9999.0 -9999.0 -9999.0 -9999.0 -9999.0 -9999.0 -9999.0 -9999.0 -9999.0 -9999.0 -9999.0 -9999.0 -9999.0 -9999.0 -9999.0 -9999.0 -9999.0 -9999.0 -9999.0 -9999.0 -9999.0 -9999.0 -9999.0
-9999.0 -9999.0 -9999.0 -9999.0 -9999.0 -9999.0 -9999.0 -9999.0 -9999.0 -9999.0 -9999.0 -9999.0 -9999.0 -9999.0 -9999.0 -9999.0 -9999.0 -9999.0 -0.001977 -0.577637 -9999.0 -0.802762 -0.463909 -0.009837 0.754096 1.835832 -0.003759 -0.003236 -0.000769 -0.011295 -1.237851 -2.901859 -3.650540 -4.638757 -9999.0 -9999.0 -9999.0 -9999.0 -9999.0 -9999.0 -9999.0 -9999.0 -9999.0 -9999.0 -9999.0 -9999.0 -9999.0 -9999.0 -9999.0 -9999.0 -9999.0 -9999.0 -9999.0 -9999.0 -9999.0 -9999.0 -9999.0 -9999.0 -9999.0 -9999.0 -9999.0 -9999.0 -9999.0
-9999.0 -9999.0 -9999.0 -9999.0 -9999.0 -9999.0 -9999.0 -9999.0 -9999.0 -9999.0 -9999.0 -9999.0 -9999.0 -9999.0 -9999.0 -9999.0 -9999.0 4.422743 2.952931 1.825578 -0.623592 -0.047927 -0.010195 -0.006302 -0.003871 -0.004055 -0.198025 -0.027526 -0.142860 -0.003279 -0.401331 -1.147830 -2.139136 -2.629121 -4.112273 -4.908108 -9999.0 -9999.0 -9999.0 -9999.0 -9999.0 -9999.0 -9999.0 -9999.0 -9999.0 -9999.0 -9999.0 -9999.0 -9999.0 -9999.0 -9999.0 -9999.0 -9999.0 -9999.0 -9999.0 -9999.0 -9999.0 -9999.0 -9999.0 -9999.0 -9999.0 -9999.0 -9999.0
-9999.0 -9999.0 -9999.0 -9999.0 -9999.0 -9999.0 -9999.0 -9999.0 -9999.0 -9999.0 -9999.0 -9999.0 -9999.0 -0.680551 -0.004006 2.383023 3.956671 6.239288 4.031845 0.887595 0.597187 -0.004681 0.896432 -0.003752 -0.004618 -0.476638 -1.664678 -1.862596 -0.441713 -0.039192 -1.659034 -1.930081 -2.919764 -2.855063 -3.149526 -5.098099 -9999.0 -9999.0 -9999.0 -9999.0 -9999.0 -9999.0 -9999.0 -9999.0 -9999.0 -9999.0 -9999.0 -9999.0 -9999.0 -9999.0 -9999.0 -9999.0 -9999.0 -9999.0 -9999.0 -9999.0 -9999.0 -9999.0 -9999.0 -9999.0 -9999.0 -9999.0 -9999.0
-9999.0 -9999.0 -9999.0 -9999.0 -9999.0 -9999.0 -9999.0 -9999.0 -9999.0 -9999.0 -9999.0 -9999.0 -9999.0 -0.038248 1.757413 3.183590 3.235507 4.730137 6.306744 2.059330 3.060250 1.862934 1.277965 -0.003213 -0.033522 -0.413149 -2.685191 -2.264887 -3.247502 -1.171699 -0.559798 -2.750699 -3.605338 -7.981556 -4.490527 -9999.0 -9999.0 -9999.0 -9999.0 -9999.0 -9999.0 -9999.0 -9999.0 -9999.0 -9999.0 -9999.0 -9999.0 -9999.0 -9999.0 -9999.0 -9999.0 -9999.0 -9999.0 -9999.0 -9999.0 -9999.0 -9999.0 -9999.0 -9999.0 -9999.0 -9999.0 -9999.0 -9999.0
-9999.0 -9999.0 -9999.0 -9999.0 -9999.0 -9999.0 -9999.0 -9999.0 -9999.0 -9999.0 -9999.0 -9999.0 -9999.0 1.377479 1.790459 2.532628 2.703203 3.457674 6.561214 3.948519 2.599483 -0.005068 -0.007799 -0.049243 -0.003858 -0.010730 -1.513049 -3.490859 -2.829314 -6.957652 -2.475830 -8.668859 -8.920689 -11.944468 -5.480092 -9999.0 -9999.0 -9999.0 -9999.0 -9999.0 -9999.0 -9999.0 -9999.0 -9999.0 -9999.0 -9999.0 -9999.0 -9999.0 -9999.0 -9999.0 -9999.0 -9999.0 -9999.0 -9999.0 -9999.0 -9999.0 -9999.0 -9999.0 -9999.0 -9999.0 -9999.0 -9999.0 -9999.0
-9999.0 -9999.0 -9999.0 -9999.0 -9999.0 -9999.0 -9999.0 -9999.0 -9999.0 -9999.0 -9999.0 -9999.0 -0.008943 -0.014518 2.011242 -0.003507 0.927792 2.913975 5.314718 3.144319 -0.004095 -0.043877 -0.270473 -0.637875 -1.338458 -2.580615 -2.983652 -2.553185 -2.923856 -3.782019 -8.593365 -3.835112 -2.939040 -5.399231 -9999.0 -9999.0 -9999.0 -9999.0 -9999.0 -9999.0 -9999.0 -9999.0 -9999.0 -9999.0 -9999.0 -9999.0 -9999.0 -9999.0 -9999.0 -9999.0 -9999.0 -9999.0 -9999.0 -9999.0 -9999.0 -9999.0 -9999.0 -9999.0 -9999.0 -9999.0 -9999.0 -9999.0 -9999.0
-9999.0 -9999.0 -9999.0 -9999.0 -9999.0 -9999.0 -9999.0 -9999.0 -9999.0 -9999.0 -9999.0 -0.519066 1.251848 1.130525 1.316015 -0.021376 1.959467 3.047045 5.176735 2.242667 1.690471 -0.003043 -0.527389 -2.017193 -1.632465 -2.860441 -2.826169 -3.217852 -2.957962 -4.899414 -3.972864 -2.680438 -3.106844 -4.454322 -4.061559 -2.908209 -2.602316 -3.188632 -3.328464 -9999.0 -9999.0 -9999.0 -4.570107 -9999.0 -9999.0 -9999.0 -9999.0 -9999.0 -9999.0 -9999.0 -9999.0 -9999.0 -9999.0 -9999.0 -9999.0 -9999.0 -9999.0 -9999.0 -9999.0 -9999.0 -9999.0 -9999.0 -9999.0
-9999.0 -9999.0 -9999.0 -9999.0 -9999.0 -9999.0 -9999.0 -9999.0 -9999.0 -9999.0 -9999.0 -0.373547 1.511515 2.831706 2.710598 -0.193858 4.349387 3.871433 5.394898 3.583841 2.612366 -0.046562 -0.577055 -2.236821 -1.453986 -3.108416 -2.855946 -2.783440 -2.563487 -4.533352 -2.770118 -2.288547 -2.864850 -3.445899 -3.860907 -2.864475 -2.343826 -0.878243 -1.800300 -4.258749 -4.171220 -4.565593 -2.905743 -3.611378 -9999.0 -9999.0 -9999.0 -4.908292 -4.252733 -4.106794 -3.582629 -4.942894 -5.110069 -4.844628 -4.684314 -5.390865 -9999.0 -9999.0 -9999.0 -9999.0 -9999.0 -9999.0 -9999.0
-9999.0 -9999.0 -9999.0 -9999.0 -9999.0 -9999.0 -9999.0 -9999.0 -9999.0 -9999.0 -9999.0 -0.738337 -0.326870 -0.266784 -0.035527 -0.037261 -0.002872 3.219805 4.131612 3.603934 1.581156 -0.006828 -1.110083 -2.754727 -2.684502 -2.514856 -1.320347 -3.238814 -2.832674 -3.681240 -3.220025 -3.740498 -2.682348 -3.284153 -3.660311 -2.574778 -2.843617 -2.375435 -0.555545 -3.116747 -3.043345 -2.646496 -2.681416 -3.089658 -3.413826 -9999.0 -5.466950 -3.414442 -2.848783 -2.659747 -2.530352 -2.644235 -2.724648 -2.985431 -2.799446 -3.135224 -9999.0 -9999.0 -9999.0 -9999.0 -9999.0 -9999.0 -9999.0
-9999.0 -9999.0 -9999.0 -9999.0 -9999.0 -9999.0 -9999.0 -9999.0 -9999.0 -9999.0 -9999.0 -9999.0 -0.666455 -0.475240 -0.065767 -0.049131 -0.005000 2.357008 4.896621 3.581180 1.426301 -0.006642 -0.372347 -0.648766 -2.631048 -1.453236 -1.040872 -2.788759 -3.392755 -3.552822 -2.939577 -3.495943 -2.631878 -2.508799 -2.998197 -2.555466 -1.249833 -2.168093 -0.035589 -1.310395 -1.549680 -1.479501 -2.774431 -0.679517 -3.222931 -3.542460 -4.383001 -3.272455 -2.585938 -0.765286 -0.171115 -3.365958 -3.004641 -4.054333 -2.853340 -2.682520 -3.082768 -9999.0 -9999.0 -9999.0 -9999.0 -9999.0 -9999.0
-9999.0 -9999.0 -9999.0 -9999.0 -9999.0 -9999.0 -9999.0 -9999.0 -9999.0 -9999.0 -9999.0 -0.752918 -0.925491 -0.715872 -0.911249 -0.019472 -0.003170 1.430691 4.253748 3.630542 1.885155 -0.003855 -0.093472 -1.365471 -1.292999 -1.140927 -0.395525 -2.509466 -2.636740 -2.232936 -1.429046 -2.643221 -1.827664 -2.779991 -4.011079 -2.788583 -2.571083 -0.692932 -0.018173 -0.301406 -0.691605 -0.048620 -1.259876 -0.735073 -0.401218 -2.913717 -3.097683 -2.389164 -1.463174 -0.114728 -3.577357 -2.341279 -5.613126 -6.284389 -7.191127 -8.375515 -3.771126 -9999.0 -9999.0 -9999.0 -9999.0 -9999.0 -9999.0
-9999.0 -9999.0 -9999.0 -9999.0 -9999.0 -9999.0 -9999.0 -9999.0 -9999.0 -9999.0 -0.906154 -1.619882 -0.629897 -0.590255 -0.153475 -0.403634 -0.458430 -0.004199 2.955155 3.250603 2.075728 -0.001420 -0.527564 -0.239596 -0.048286 -1.469310 -1.981612 -4.647433 -1.529739 -0.742760 -2.092623 -2.192795 -0.761176 -2.434544 -5.295909 -3.185679 -2.353503 -0.972944 -0.102725 -0.003725 -0.004432 0.604909 2.591804 0.543226 -0.112336 -2.092092 -2.554897 -1.436170 -1.902409 -0.038600 -5.476366 -4.397972 -7.663021 -9.021792 -8.369386 -2.462061 -3.386996 -9999.0 -9999.0 -9999.0 -9999.0 -9999.0 -9999.0
-9999.0 -9999.0 -9999.0 -9999.0 -9999.0 -9999.0 -9999.0 -9999.0 -9999.0 -3.017490 -0.558231 -2.330101 -0.586342 -0.680887 -0.808490 -0.187897 -0.136422 -0.018438 2.628871 3.515802 2.398806 -0.007044 -0.007983 -0.004041 -0.004833 -1.431986 -2.823954 -0.710769 -0.929726 -0.085048 -0.004693 -1.623544 -2.975369 -7.953820 -4.306208 -3.214908 -2.540959 -1.516333 -1.164501 -0.682883 -0.243488 -0.258960 -0.425588 1.295999 0.583627 -0.141463 -0.190121 -0.842327 -0.824647 -0.003782 -1.895226 -3.879192 -9.956234 -6.356040 -5.046560 -5.570832 -4.722126 -3.418350 -4.634072 -9999.0 -9999.0 -9999.0 -9999.0
-9999.0 -9999.0 -9999.0 -9999.0 -9999.0 -9999.0 -9999.0 -9999.0 -9999.0 -3.492194 -3.040030 -0.700690 -0.098108 -0.021056 -0.210528 -0.727244 -0.334555 -0.003279 3.344531 3.349800 2.973771 2.303325 0.929338 -0.023604 -1.045910 -1.675952 -0.525921 -0.043324 -0.003138 -0.021624 -0.101877 -2.004852 -3.058024 -3.190564 -3.541311 -3.183216 -2.719103 -1.854966 -2.702604 -1.492305 -0.533262 -1.955155 -0.539079 -0.002896 1.850783 1.278309 0.931254 -0.005287 -0.025247 -0.003925 -2.869677 -5.691158 -6.167798 -5.368028 -4.038275 -6.605760 -4.505678 -3.787056 -2.513311 -9999.0 -9999.0 -9999.0 -9999.0
-9999.0 -9999.0 -9999.0 -9999.0 -9999.0 -9999.0 -9999.0 -9999.0 -9999.0 -9999.0 -2.920726 -2.097953 -0.379412 -0.422833 -0.008618 -0.134766 -0.030460 0.766255 4.249146 3.328975 3.022719 1.986346 -0.004237 -0.161226 -1.335157 -0.111399 -0.004220 -0.001084 -0.115203 -1.570669 -1.915159 -3.075790 -4.029505 -2.733566 -2.720686 -1.245683 -0.710073 -0.467741 -2.709659 -2.759765 -2.329288 -0.648229 -0.228101 -0.133707 -0.005235 -0.003734 0.761858 1.537542 1.593279 -0.005117 -1.821634 -4.234859 -5.147364 -6.061477 -5.559938 -3.523074 -2.568880 -1.914402 -1.616074 -0.072516 -9999.0 -9999.0 -9999.0
-9999.0 -9999.0 -9999.0 -9999.0 -9999.0 -9999.0 -9999.0 -9999.0 -9999.0 -9999.0 -3.401853 -2.798095 -0.811808 -0.068905 -0.002300 -0.005251 -0.004554 1.840218 4.624314 4.542681 2.863193 0.614022 -0.006251 -0.256321 -0.111640 -0.002988 0.910802 -0.007945 -1.256582 -3.727360 -2.729491 -2.239570 -4.851600 -3.322940 -3.049963 -1.375369 -1.830789 -0.828472 -2.051077 -2.615228 -3.080977 -1.559853 -2.595231 -1.038249 -0.251013 -0.231363 -0.034617 -0.005239 2.149212 1.277994 -0.023136 -2.216549 -4.401433 -4.703209 -6.689652 -5.879459 -3.640293 -0.974594 1.184899 1.225336 -9999.0 -9999.0 -9999.0
-9999.0 -9999.0 -9999.0 -9999.0 -9999.0 -9999.0 -9999.0 -9999.0 -2.710451 -2.911088 -2.781466 -2.595819 -2.959501 -0.515949 -0.055222 1.104426 2.207706 3.178054 4.060480 5.027700 4.633445 3.411166 2.187296 0.091316 -0.003925 1.484065 -0.002697 -0.779132 -1.741139 -3.709776 -7.479857 -3.160634 -2.884476 -3.051445 -3.162961 -2.462212 -0.172633 -0.409584 -2.506797 -3.196783 -2.170067 -0.873940 -3.659678 -2.932485 -1.339139 -0.788292 -2.328821 -0.398365 -0.005382 1.477732 -0.009125 -0.680294 -4.647691 -6.126093 -5.474040 -2.797097 -3.156012 -0.400613 -0.003676 3.273928 -9999.0 -9999.0 -9999.0
-9999.0 -9999.0 -9999.0 -9999.0 -9999.0 -9999.0 -9999.0 -9999.0 -3.287881 -1.269852 -3.028948 -2.698300 -2.647570 -2.363672 -0.898309 -0.003669 1.139835 1.839763 5.042757 5.570697 5.938492 4.742072 3.652646 2.458099 2.633095 2.559320 0.447018 -0.651116 -4.902334 -2.550095 -3.205876 -2.819464 -3.059996 -2.655151 -2.639644 -0.892037 -0.201452 -0.389471 -0.850028 -1.715362 -2.757080 -6.314682 -2.553958 -1.245548 -1.263450 -0.931284 -4.095074 -2.615970 -0.529234 1.162319 1.053699 -0.487551 -4.765241 -3.380197 -2.871509 -2.714245 -1.230467 -0.057165 1.791153 4.214148 5.508677 -9999.0 -9999.0
-9999.0 -9999.0 -9999.0 -9999.0 -9999.0 -9999.0 -9999.0 -9999.0 -2.693004 -1.840335 -2.437951 -3.847378 -2.694397 -3.407800 -0.886052 -0.753492 -0.005733 1.371147 4.937993 5.932088 6.039995 5.504569 5.054467 4.254521 3.524692 2.474593 -0.003315 -1.206595 -5.165880 -2.906184 -2.366253 -0.638131 -2.167129 -1.703711 -0.524771 -0.472962 -0.031200 1.230690 -0.020118 -1.097526 -2.660204 -2.429692 -2.627423 -1.964337 -1.546714 -2.659030 -3.183276 -2.699562 -2.460340 -0.003600 2.136912 -0.006143 -3.750982 -4.579911 -1.729163 -0.634502 -0.001063 1.682399 3.847071 4.465458 4.846717 -9999.0 -9999.0
-9999.0 -9999.0 -9999.0 -9999.0 -9999.0 -9999.0 -9999.0 -9999.0 -4.161774 -2.248590 -1.770578 -5.154552 -2.477925 -1.637771 -0.234503 -0.003840 3.498544 4.725101 3.697381 5.240678 5.421653 5.815403 5.416522 5.052264 3.046232 0.543850 -0.058790 -1.952148 -0.788587 -1.971910 -0.825850 -0.829766 -0.041852 -0.542000 -0.690975 -0.288623 -0.015402 3.168666 0.223460 -0.087196 -0.805647 -0.670200 -0.749442 -1.340603 -2.599554 -2.392888 -1.715732 -2.434506 -2.024054 -1.070567 -0.003327 1.724994 -0.004098 -1.025043 -0.005747 0.905297 2.461670 3.885035 4.840517 4.617358 3.705389 2.024218 -9999.0
-9999.0 -9999.0 -9999.0 -9999.0 -9999.0 -9999.0 -9999.0 -9999.0 -4.162167 -2.451005 -2.502269 -1.534685 -0.367943 -0.193818 -0.019781 1.316775 2.136666 1.865191 0.318209 2.235613 4.236969 5.136559 5.451912 5.150980 2.672826 -0.005288 -1.061855 -0.115026 -0.010114 -0.318935 -0.219598 -0.008208 1.246912 -0.001500 -0.004582 -0.003307 1.562154 5.361340 4.859108 1.140475 -0.004104 -0.019103 -0.079387 -0.035273 -0.944831 -0.420249 -0.769193 -1.268837 -0.545183 -0.005055 0.613894 1.143585 1.481955 1.006412 1.523819 1.818090 2.605541 3.412109 4.017123 3.684120 3.368680 1.452941 -9999.0
-9999.0 -9999.0 -3.054698 -2.757255 -3.730624 -1.862112 -3.375572 -2.770637 -2.597746 -3.082794 -1.264607 -0.181499 -0.138919 -0.075507 1.016734 0.846008 -0.005041 -1.194304 -0.445781 -0.003982 2.117730 4.793716 4.138921 5.727679 3.213147 1.403240 -0.005123 -0.004589 1.551200 -0.001732 -0.003813 -0.004362 2.819842 2.441584 2.717256 3.886061 5.032290 7.686245 6.682298 3.927512 2.763141 2.728430 3.056014 1.488377 -0.004087 -0.004876 0.681632 1.006205 1.486474 2.436107 3.129757 2.919578 2.332920 1.879726 1.789172 3.260882 2.408245 2.796553 2.415379 2.658133 1.705539 0.715987 -9999.0
-9999.0 -0.649477 -0.808273 -1.088017 -1.712697 -0.758233 -2.887958 -3.267024 -4.227709 -2.722728 -2.432133 -0.826904 -0.021173 -0.046593 -0.003495 -0.256410 -1.352913 -2.198087 -0.853925 -0.003837 1.834460 3.541814 3.366952 3.891999 4.242128 2.882177 2.371524 2.621296 3.033729 1.996738 1.832964 1.852359 3.282179 5.048449 5.590439 6.741977 8.795529 10.699992 8.368626 6.846326 6.129202 5.926228 5.181615 4.131914 2.863341 3.159405 3.221136 5.320216 4.694039 5.204815 3.682319 2.923362 2.177702 1.438013 1.363979 0.927774 0.460511 0.799490 0.642874 -0.003497 -0.003295 0.511939 -9999.0
-9999.0 -0.267126 -0.797840 -0.253452 -0.121464 -0.830353 -2.490047 -3.758941 -2.847403 -2.948533 -2.947215 -1.208514 -0.004150 -0.003237 -0.128994 -3.701401 -3.086738 -2.524861 -0.746524 -0.036475 -0.003333 1.371315 2.252453 1.802845 3.723410 4.643838 5.062390 5.041791 4.367167 5.859823 6.108257 5.840280 5.015559 5.894294 7.481426 8.778332 11.707242 12.819679 11.341982 10.601772 9.643282 8.478207 7.679378 7.549304 7.555910 7.365094 5.897395 5.661784 5.127803 4.453132 2.859878 1.455154 0.560734 1.213865 0.440573 -0.026211 -0.168559 -0.071678 -0.032905 -0.111743 -0.016621 -9999.0 -9999.0
