user2019/resources/simulation/Vinschgau/output-maps/TL0006N0632.asc
ncols         63
nrows         48
xllcorner     598000.000000
yllcorner     5145000.000000
cellsize      1000.000000
NODATA_value  -9999.0
[rows 0 to 27 of 48, columns 0 to 62 of 63]
-9999.0 -9999.0 -9999.0 -9999.0 -9999.0 -9999.0 -9999.0 -9999.0 -9999.0 -9999.0 -9999.0 -9999.0 -9999.0 -9999.0 -9999.0 -9999.0 -9999.0 -9999.0 -9999.0 -9999.0 -9999.0 -9999.0 -9999.0 -9999.0 -9999.0 -9999.0 -9999.0 -9999.0 -9999.0 -9999.0 -9999.0 -9999.0 -9999.0 -9999.0 -9999.0 -9999.0 -9999.0 -9999.0 -9999.0 -9999.0 -9999.0 -9999.0 -9999.0 -9999.0 -9999.0 -9999.0 -9999.0 -9999.0 -9999.0 -9999.0 -9999.0 -9999.0 -9999.0 -9999.0 -9999.0 -9999.0 -9999.0 -9999.0 -9999.0 -9999.0 -9999.0 -9999.0 -9999.0
-9999.0 -9999.0 -9999.0 -9999.0 -9999.0 -9999.0 -9999.0 -9999.0 -9999.0 -9999.0 -9999.0 -9999.0 -9999.0 -9999.0 -9999.0 -9999.0 -9999.0 -9999.0 -9999.0 -9999.0 -9999.0 -9999.0 -9999.0 -9999.0 -9999.0 -9999.0 -9999.0 11.113223 12.029631 9.316880 10.331874 9.171855 9.148632 -9999.0 -9999.0 -9999.0 -9999.0 -9999.0 -9999.0 -9999.0 -9999.0 -9999.0 -9999.0 -9999.0 -9999.0 -9999.0 -9999.0 -9999.0 -9999.0 -9999.0 -9999.0 -9999.0 -9999.0 -9999.0 -9999.0 -9999.0 -9999.0 -9999.0 -9999.0 -9999.0 -9999.0 -9999.0 -9999.0
-9999.0 -9999.0 -9999.0 -9999.0 -9999.0 -9999.0 -9999.0 -9999.0 -9999.0 -9999.0 -9999.0 -9999.0 -9999.0 -9999.0 -9999.0 -9999.0 -9999.0 -9999.0 -9999.0 -9999.0 -9999.0 -9999.0 -9999.0 -9999.0 12.385717 12.745510 13.174566 12.979471 11.470751 11.241479 11.225033 -9999.0 -9999.0 -9999.0 -9999.0 -9999.0 -9999.0 -9999.0 -9999.0 -9999.0 -9999.0 -9999.0 -9999.0 -9999.0 -9999.0 -9999.0 -9999.0 -9999.0 -9999.0 -9999.0 -9999.0 -9999.0 -9999.0 -9999.0 -9999.0 -9999.0 -9999.0 -9999.0 -9999.0 -9999.0 -9999.0 -9999.0 -9999.0
-9999.0 -9999.0 -9999.0 -9999.0 -9999.0 -9999.0 -9999.0 -9999.0 -9999.0 -9999.0 -9999.0 -9999.0 -9999.0 -9999.0 -9999.0 -9999.0 -9999.0 -9999.0 -9999.0 -9999.0 -9999.0 -9999.0 -9999.0 12.344565 13.428127 12.958544 13.335612 13.787292 13.122838 12.982914 11.426735 10.888653 -9999.0 -9999.0 -9999.0 -9999.0 -9999.0 -9999.0 -9999.0 -9999.0 -9999.0 -9999.0 -9999.0 -9999.0 -9999.0 -9999.0 -9999.0 -9999.0 -9999.0 -9999.0 -9999.0 -9999.0 -9999.0 -9999.0 -9999.0 -9999.0 -9999.0 -9999.0 -9999.0 -9999.0 -9999.0 -9999.0 -9999.0
-9999.0 -9999.0 -9999.0 -9999.0 -9999.0 -9999.0 -9999.0 -9999.0 -9999.0 -9999.0 -9999.0 -9999.0 -9999.0 -9999.0 -9999.0 -9999.0 -9999.0 -9999.0 14.862073 12.885514 -9999.0 11.847310 12.929355 13.070366 13.183325 15.017892 14.703037 14.835022 15.279587 13.484035 12.873512 12.018735 10.721708 8.404515 -9999.0 -9999.0 -9999.0 -9999.0 -9999.0 -9999.0 -9999.0 -9999.0 -9999.0 -9999.0 -9999.0 -9999.0 -9999.0 -9999.0 -9999.0 -9999.0 -9999.0 -9999.0 -9999.0 -9999.0 -9999.0 -9999.0 -9999.0 -9999.0 -9999.0 -9999.0 -9999.0 -9999.0 -9999.0
-9999.0 -9999.0 -9999.0 -9999.0 -9999.0 -9999.0 -9999.0 -9999.0 -9999.0 -9999.0 -9999.0 -9999.0 -9999.0 -9999.0 -9999.0 -9999.0 -9999.0 13.054418 11.672742 11.613081 11.496017 10.781734 11.959675 13.242107 16.741203 10.605849 9.675921 11.485897 9.845716 12.301076 13.113763 11.697914 10.350034 10.079203 8.668753 6.478176 -9999.0 -9999.0 -9999.0 -9999.0 -9999.0 -9999.0 -9999.0 -9999.0 -9999.0 -9999.0 -9999.0 -9999.0 -9999.0 -9999.0 -9999.0 -9999.0 -9999.0 -9999.0 -9999.0 -9999.0 -9999.0 -9999.0 -9999.0 -9999.0 -9999.0 -9999.0 -9999.0
-9999.0 -9999.0 -9999.0 -9999.0 -9999.0 -9999.0 -9999.0 -9999.0 -9999.0 -9999.0 -9999.0 -9999.0 -9999.0 11.147349 11.192394 10.836696 12.218179 18.624480 12.714710 13.435258 12.998897 13.752204 15.202645 16.658831 10.062416 12.032646 9.127151 8.239105 10.380931 11.293988 10.436099 11.202945 10.838940 9.745292 8.681154 7.491348 -9999.0 -9999.0 -9999.0 -9999.0 -9999.0 -9999.0 -9999.0 -9999.0 -9999.0 -9999.0 -9999.0 -9999.0 -9999.0 -9999.0 -9999.0 -9999.0 -9999.0 -9999.0 -9999.0 -9999.0 -9999.0 -9999.0 -9999.0 -9999.0 -9999.0 -9999.0 -9999.0
-9999.0 -9999.0 -9999.0 -9999.0 -9999.0 -9999.0 -9999.0 -9999.0 -9999.0 -9999.0 -9999.0 -9999.0 -9999.0 11.595931 11.742184 10.812439 10.557779 16.340239 18.968735 14.880181 13.246337 14.434586 11.333604 10.861472 12.713163 11.485567 12.020239 8.907996 9.426225 8.732485 8.656052 9.261466 8.306321 7.068132 7.231962 -9999.0 -9999.0 -9999.0 -9999.0 -9999.0 -9999.0 -9999.0 -9999.0 -9999.0 -9999.0 -9999.0 -9999.0 -9999.0 -9999.0 -9999.0 -9999.0 -9999.0 -9999.0 -9999.0 -9999.0 -9999.0 -9999.0 -9999.0 -9999.0 -9999.0 -9999.0 -9999.0 -9999.0
-9999.0 -9999.0 -9999.0 -9999.0 -9999.0 -9999.0 -9999.0 -9999.0 -9999.0 -9999.0 -9999.0 -9999.0 -9999.0 10.860314 12.428518 11.849546 9.758527 11.291804 18.512312 12.553968 15.042231 11.114001 9.696050 9.455985 12.383971 10.806018 10.261567 9.194584 11.042565 8.281596 9.333461 1.575391 6.516344 1.119972 5.779112 -9999.0 -9999.0 -9999.0 -9999.0 -9999.0 -9999.0 -9999.0 -9999.0 -9999.0 -9999.0 -9999.0 -9999.0 -9999.0 -9999.0 -9999.0 -9999.0 -9999.0 -9999.0 -9999.0 -9999.0 -9999.0 -9999.0 -9999.0 -9999.0 -9999.0 -9999.0 -9999.0 -9999.0
-9999.0 -9999.0 -9999.0 -9999.0 -9999.0 -9999.0 -9999.0 -9999.0 -9999.0 -9999.0 -9999.0 -9999.0 10.212239 11.518940 11.561045 9.832431 7.993698 10.340186 16.648796 12.726156 12.308755 9.489263 8.497516 9.161954 10.357126 10.857269 8.511161 10.597572 10.946464 7.304720 5.247479 8.580666 9.668697 6.843884 -9999.0 -9999.0 -9999.0 -9999.0 -9999.0 -9999.0 -9999.0 -9999.0 -9999.0 -9999.0 -9999.0 -9999.0 -9999.0 -9999.0 -9999.0 -9999.0 -9999.0 -9999.0 -9999.0 -9999.0 -9999.0 -9999.0 -9999.0 -9999.0 -9999.0 -9999.0 -9999.0 -9999.0 -9999.0
-9999.0 -9999.0 -9999.0 -9999.0 -9999.0 -9999.0 -9999.0 -9999.0 -9999.0 -9999.0 -9999.0 10.496072 9.536273 9.268318 8.957432 10.051328 7.783019 9.697233 16.495451 11.026323 10.459879 12.474633 11.767135 10.338825 9.410461 10.857129 8.837343 11.896315 11.060948 4.501750 8.593083 11.209918 9.152030 9.513629 9.265420 10.874598 12.567967 14.342911 13.791293 -9999.0 -9999.0 -9999.0 9.437608 -9999.0 -9999.0 -9999.0 -9999.0 -9999.0 -9999.0 -9999.0 -9999.0 -9999.0 -9999.0 -9999.0 -9999.0 -9999.0 -9999.0 -9999.0 -9999.0 -9999.0 -9999.0 -9999.0 -9999.0
-9999.0 -9999.0 -9999.0 -9999.0 -9999.0 -9999.0 -9999.0 -9999.0 -9999.0 -9999.0 -9999.0 10.246791 9.166782 8.526962 9.408640 8.475736 10.122554 10.946340 16.276946 15.246097 15.270464 13.215976 12.027503 7.354414 7.941841 11.135528 11.583466 10.990128 9.119416 7.803427 11.578007 11.681507 11.449139 10.402516 10.186228 12.165490 16.331382 16.919180 15.289919 11.915008 11.892510 10.592652 11.775032 10.390907 -9999.0 -9999.0 -9999.0 8.473867 9.936782 8.975932 10.854660 8.989572 8.736422 9.512290 9.564714 2.237800 -9999.0 -9999.0 -9999.0 -9999.0 -9999.0 -9999.0 -9999.0
-9999.0 -9999.0 -9999.0 -9999.0 -9999.0 -9999.0 -9999.0 -9999.0 -9999.0 -9999.0 -9999.0 9.890077 9.250176 6.628778 10.668989 9.633395 7.600192 8.856519 15.467603 15.999508 9.960544 10.091222 8.690710 12.341963 10.861926 10.903772 9.118067 9.177964 10.313488 9.801765 9.412882 8.585842 12.866584 11.070307 10.204571 14.555737 11.478712 12.844937 17.553758 12.764437 14.785194 12.064188 12.948476 12.367069 11.137154 -9999.0 7.548780 10.019728 11.570357 12.121295 12.239382 10.838366 12.181676 12.400219 11.168930 10.842798 -9999.0 -9999.0 -9999.0 -9999.0 -9999.0 -9999.0 -9999.0
-9999.0 -9999.0 -9999.0 -9999.0 -9999.0 -9999.0 -9999.0 -9999.0 -9999.0 -9999.0 -9999.0 -9999.0 9.976542 6.459545 11.214593 10.892918 6.370466 8.846772 16.341704 16.300065 10.355937 10.523595 10.135697 9.772949 7.772463 8.752687 13.422889 10.375160 11.279074 11.035187 11.715110 8.875318 12.363445 11.737923 10.178829 13.038732 10.033350 12.140617 20.519056 15.109916 15.649444 14.097682 10.682340 14.171969 11.207875 10.479631 9.994251 10.443052 8.112108 10.662635 12.025356 9.948541 10.629213 8.941318 9.160420 10.644808 11.527874 -9999.0 -9999.0 -9999.0 -9999.0 -9999.0 -9999.0
-9999.0 -9999.0 -9999.0 -9999.0 -9999.0 -9999.0 -9999.0 -9999.0 -9999.0 -9999.0 -9999.0 6.640033 9.417761 9.826201 7.472249 7.933216 9.075546 8.995797 16.033226 11.682647 10.686887 9.680843 10.479783 8.230137 8.850704 10.607954 9.861526 10.929923 11.605560 11.722236 9.444417 10.314432 13.345312 11.917240 9.294977 11.816574 12.417412 11.464320 12.751184 19.412073 11.559836 12.321110 12.340386 10.987429 14.969952 11.771472 11.316006 11.426754 11.120952 11.334142 7.730258 10.494063 7.975262 5.888413 5.671324 8.791663 10.113222 -9999.0 -9999.0 -9999.0 -9999.0 -9999.0 -9999.0
-9999.0 -9999.0 -9999.0 -9999.0 -9999.0 -9999.0 -9999.0 -9999.0 -9999.0 -9999.0 10.800449 7.884576 12.011109 11.097798 11.884547 9.506467 9.133990 8.455205 11.167220 11.803512 15.192672 13.722793 8.662184 14.712889 11.551377 10.478307 7.995089 6.809474 12.091558 13.233756 10.879008 10.391174 11.879649 10.896329 8.151028 10.797954 14.296360 10.401279 10.410645 13.786314 14.075925 12.583216 16.670867 11.591075 11.685916 11.059404 11.999735 10.292347 11.581986 12.420589 7.336923 9.220577 5.020909 1.665037 7.951479 11.536096 11.582605 -9999.0 -9999.0 -9999.0 -9999.0 -9999.0 -9999.0
-9999.0 -9999.0 -9999.0 -9999.0 -9999.0 -9999.0 -9999.0 -9999.0 -9999.0 10.128561 10.621168 7.758972 9.454018 8.152676 8.200998 8.237735 8.036511 14.209709 11.738501 12.387402 16.949119 10.680777 10.282851 12.951825 11.691528 8.295539 8.912290 13.766107 11.147022 12.132092 12.697978 7.210275 9.173170 7.819032 8.941745 10.089469 11.582906 9.319048 8.634425 10.714837 10.661082 9.504825 9.154788 12.285824 11.862166 11.585866 16.033399 10.911321 10.817732 13.084223 9.168215 8.977759 1.949768 1.597282 9.664444 8.546719 10.125246 11.132728 11.255572 -9999.0 -9999.0 -9999.0 -9999.0
-9999.0 -9999.0 -9999.0 -9999.0 -9999.0 -9999.0 -9999.0 -9999.0 -9999.0 9.193427 9.642785 10.951100 13.061327 10.856625 9.775851 8.783047 13.259733 11.642174 12.547732 17.632346 17.674116 18.038457 15.157541 14.371686 8.584887 9.867892 11.496938 12.382053 13.507922 14.051805 12.852406 7.444815 10.662942 10.933570 11.662801 12.118415 12.083036 12.613551 10.788347 12.024695 9.573042 7.713707 10.536467 12.376444 12.377979 14.265369 14.361055 13.349940 12.477570 13.111169 7.502651 7.088585 8.063155 9.998543 9.284368 7.510610 9.536131 10.637126 11.990036 -9999.0 -9999.0 -9999.0 -9999.0
-9999.0 -9999.0 -9999.0 -9999.0 -9999.0 -9999.0 -9999.0 -9999.0 -9999.0 -9999.0 10.544150 11.048031 9.647183 9.143315 11.181854 10.673455 10.993067 12.692834 13.389732 14.632931 16.992838 11.425082 9.930664 8.934587 10.009967 12.404364 13.651653 14.399347 13.456539 8.257041 7.631358 9.650323 6.658836 10.273537 11.431608 12.259804 13.991758 14.247947 11.470983 9.809272 9.438170 13.323370 12.852473 10.360138 9.935138 10.880620 11.296702 15.896592 15.057878 13.168306 8.442231 9.435894 10.499066 2.063347 4.567267 10.334053 11.698845 12.717969 12.955142 13.781948 -9999.0 -9999.0 -9999.0
-9999.0 -9999.0 -9999.0 -9999.0 -9999.0 -9999.0 -9999.0 -9999.0 -9999.0 -9999.0 10.323935 10.535737 11.510464 10.294807 15.896107 10.545139 10.226946 11.684410 13.915575 15.112201 12.408074 11.050598 9.849158 11.070938 12.008495 14.602158 15.479332 11.372593 9.124942 6.959825 10.732123 11.328121 6.417404 9.713790 10.411660 11.141894 10.902719 10.550556 8.283701 10.402487 11.073945 10.426453 0.222183 11.213213 12.444971 8.648880 11.066795 10.435206 12.343997 15.083346 12.932802 0.295138 9.040265 9.136166 10.055125 10.185961 10.680444 11.338650 13.797315 15.537988 -9999.0 -9999.0 -9999.0
-9999.0 -9999.0 -9999.0 -9999.0 -9999.0 -9999.0 -9999.0 -9999.0 12.263897 11.686460 10.172122 10.862683 8.892385 9.183407 9.062245 11.667470 12.398168 18.474251 15.439624 15.519801 13.911049 13.040785 12.075620 10.467305 12.777276 15.030390 16.772787 10.094460 9.506457 7.220386 3.869853 9.994027 11.174402 10.426818 10.422408 9.963210 13.192729 10.861673 6.581479 9.837888 9.596318 10.923601 6.465196 9.388751 11.586363 12.797969 7.489146 10.400650 10.891179 14.756354 13.636826 9.969008 10.379266 7.507292 10.672285 12.346332 11.517664 15.871845 14.593176 15.320142 -9999.0 -9999.0 -9999.0
-9999.0 -9999.0 -9999.0 -9999.0 -9999.0 -9999.0 -9999.0 -9999.0 7.631898 9.112060 7.264020 10.049355 10.962008 9.423370 9.109950 10.630871 11.680109 11.908801 14.716433 16.038967 21.064978 19.632350 18.263815 17.777088 13.140965 14.612974 12.301016 11.463497 7.241946 12.153714 11.440686 12.003462 11.176413 10.508897 10.994177 12.501072 13.566316 11.643754 9.214926 11.814008 10.744361 7.481984 9.209944 11.867334 13.038830 9.696534 6.945630 11.422054 10.896795 12.812138 15.776077 12.769815 8.931844 12.818511 14.579810 11.094679 12.813062 13.952738 16.333008 18.297958 18.599630 -9999.0 -9999.0
-9999.0 -9999.0 -9999.0 -9999.0 -9999.0 -9999.0 -9999.0 -9999.0 9.955691 11.778036 12.176194 6.938289 11.663894 7.106185 10.262939 9.303329 11.185528 13.760185 14.609504 20.341003 16.593934 19.931948 19.973985 15.660713 19.220373 13.152781 11.738084 9.210279 7.149729 12.076401 11.191002 12.188831 8.542903 7.977848 11.909206 13.535939 1.338610 11.485241 8.520486 8.819141 11.093914 10.574341 11.313027 11.258711 8.758868 11.669361 11.879115 12.504423 9.557162 11.806991 14.666561 14.506160 10.167588 10.060305 13.669647 14.494762 15.668758 16.984786 18.267265 18.462379 18.435319 -9999.0 -9999.0
-9999.0 -9999.0 -9999.0 -9999.0 -9999.0 -9999.0 -9999.0 -9999.0 8.200708 11.891689 10.722463 6.972339 12.627723 10.482668 9.395338 11.718145 13.849683 15.068552 16.283083 14.616636 15.946227 16.517566 20.006809 19.510580 12.834654 11.477471 10.089245 7.981069 13.948896 10.463006 9.712826 10.101822 10.567835 11.523344 8.998863 13.372212 14.784195 12.497012 0.359607 9.768190 12.212336 12.027940 11.809282 12.152266 12.345756 11.249456 12.207463 11.447163 13.321765 11.822036 12.841751 15.416471 15.955406 14.674578 16.476810 16.484508 17.238689 15.951308 17.284853 18.295877 17.283368 14.391496 -9999.0
-9999.0 -9999.0 -9999.0 -9999.0 -9999.0 -9999.0 -9999.0 -9999.0 10.084019 11.633377 0.229506 9.233892 10.183663 11.277967 17.118792 15.226672 16.244882 12.692462 11.300605 12.476715 13.928102 16.171467 16.292055 16.140345 17.661369 10.921356 9.192286 11.695463 12.582519 12.031961 9.145292 11.769832 12.617880 12.066648 0.263235 0.307236 12.159609 13.697385 12.430662 12.296931 11.422004 0.689009 11.399452 10.756841 9.757902 13.939888 11.086795 11.849205 12.080366 14.071704 15.731936 15.148050 15.970848 17.785577 17.485038 17.355494 18.222565 18.232942 18.009376 17.363295 15.207196 13.559266 -9999.0
-9999.0 -9999.0 11.726593 12.076181 8.583697 8.872386 9.629665 8.297875 12.132005 11.383711 0.319592 10.904936 11.303333 13.936029 19.039698 14.170352 10.826721 9.112433 10.384659 10.953081 12.487716 14.875882 16.015692 15.272232 14.929870 12.112289 11.041180 11.211586 12.483314 15.507333 10.403355 10.819555 15.503058 11.709228 13.780479 12.086540 15.249128 15.106522 13.397216 11.774515 13.703474 13.386331 11.892764 13.296665 10.373982 12.272450 14.039430 12.438193 15.174340 16.880579 17.832720 18.053063 18.198011 18.192177 18.010332 21.659050 16.856195 16.703729 15.992618 14.840625 16.588165 12.608712 -9999.0
-9999.0 10.419507 10.099724 9.871894 9.309996 9.937519 9.453607 7.275256 7.076497 11.215009 9.028266 10.422005 12.171061 16.762342 17.542883 10.666129 10.668149 8.800368 10.228624 10.980949 12.724149 13.876702 18.823734 14.744384 19.631182 15.271730 18.572544 18.731133 15.706333 14.809431 14.377782 14.158772 14.106043 17.338472 15.556725 17.126665 18.007486 17.089770 17.305142 16.956106 16.589736 15.867272 15.486720 13.254720 12.802236 13.445471 15.855924 15.710190 17.980768 17.058542 17.572928 17.435438 16.585879 16.495861 16.458185 15.855048 13.828773 13.710308 14.434165 15.564742 11.924139 12.232860 -9999.0
-9999.0 12.641370 10.626817 11.099179 14.820942 10.721945 7.646743 7.794570 12.099574 11.868142 9.430055 10.656737 12.715209 17.707607 11.278570 9.020067 8.013162 8.598443 11.194361 10.455056 14.317570 12.168690 13.753857 15.509787 20.032613 20.894089 15.290728 16.663981 16.334601 15.825400 15.871396 15.435064 15.297787 15.708614 19.707501 18.444682 23.696993 24.391939 19.123034 19.450372 18.955848 17.363178 16.831352 15.925321 16.410746 16.787071 18.032695 18.072861 17.307590 17.370434 16.338517 14.519322 14.244150 14.541576 13.938614 12.644770 12.630573 11.753368 11.499393 10.813823 10.806281 -9999.0 -9999.0
