user2019/resources/simulation/Vinschgau/output-maps/TL0001N0312.asc
ncols         63
nrows         48
xllcorner     598000.000000
yllcorner     5145000.000000
cellsize      1000.000000
NODATA_value  -9999.0
[rows 0 to 27 of 48, columns 0 to 61 of 63]
-9999.0 -9999.0 -9999.0 -9999.0 -9999.0 -9999.0 -9999.0 -9999.0 -9999.0 -9999.0 -9999.0 -9999.0 -9999.0 -9999.0 -9999.0 -9999.0 -9999.0 -9999.0 -9999.0 -9999.0 -9999.0 -9999.0 -9999.0 -9999.0 -9999.0 -9999.0 -9999.0 -9999.0 -9999.0 -9999.0 -9999.0 -9999.0 -9999.0 -9999.0 -9999.0 -9999.0 -9999.0 -9999.0 -9999.0 -9999.0 -9999.0 -9999.0 -9999.0 -9999.0 -9999.0 -9999.0 -9999.0 -9999.0 -9999.0 -9999.0 -9999.0 -9999.0 -9999.0 -9999.0 -9999.0 -9999.0 -9999.0 -9999.0 -9999.0 -9999.0 -9999.0 -9999.0
-9999.0 -9999.0 -9999.0 -9999.0 -9999.0 -9999.0 -9999.0 -9999.0 -9999.0 -9999.0 -9999.0 -9999.0 -9999.0 -9999.0 -9999.0 -9999.0 -9999.0 -9999.0 -9999.0 -9999.0 -9999.0 -9999.0 -9999.0 -9999.0 -9999.0 -9999.0 -9999.0 -4.905790 -4.127737 -3.541178 -6.677331 -7.771264 -7.590106 -9999.0 -9999.0 -9999.0 -9999.0 -9999.0 -9999.0 -9999.0 -9999.0 -9999.0 -9999.0 -9999.0 -9999.0 -9999.0 -9999.0 -9999.0 -9999.0 -9999.0 -9999.0 -9999.0 -9999.0 -9999.0 -9999.0 -9999.0 -9999.0 -9999.0 -9999.0 -9999.0 -9999.0 -9999.0
-9999.0 -9999.0 -9999.0 -9999.0 -9999.0 -9999.0 -9999.0 -9999.0 -9999.0 -9999.0 -9999.0 -9999.0 -9999.0 -9999.0 -9999.0 -9999.0 -9999.0 -9999.0 -9999.0 -9999.0 -9999.0 -9999.0 -9999.0 -9999.0 -3.696513 -1.778687 -0.640583 -1.554488 -0.668444 -2.474557 -6.641393 -9999.0 -9999.0 -9999.0 -9999.0 -9999.0 -9999.0 -9999.0 -9999.0 -9999.0 -9999.0 -9999.0 -9999.0 -9999.0 -9999.0 -9999.0 -9999.0 -9999.0 -9999.0 -9999.0 -9999.0 -9999.0 -9999.0 -9999.0 -9999.0 -9999.0 -9999.0 -9999.0 -9999.0 -9999.0 -9999.0 -9999.0
-9999.0 -9999.0 -9999.0 -9999.0 -9999.0 -9999.0 -9999.0 -9999.0 -9999.0 -9999.0 -9999.0 -9999.0 -9999.0 -9999.0 -9999.0 -9999.0 -9999.0 -9999.0 -9999.0 -9999.0 -9999.0 -9999.0 -9999.0 -2.366820 -0.637474 -1.865158 -2.269969 -2.277766 -1.636265 -1.550143 -4.391116 -5.975959 -9999.0 -9999.0 -9999.0 -9999.0 -9999.0 -9999.0 -9999.0 -9999.0 -9999.0 -9999.0 -9999.0 -9999.0 -9999.0 -9999.0 -9999.0 -9999.0 -9999.0 -9999.0 -9999.0 -9999.0 -9999.0 -9999.0 -9999.0 -9999.0 -9999.0 -9999.0 -9999.0 -9999.0 -9999.0 -9999.0
-9999.0 -9999.0 -9999.0 -9999.0 -9999.0 -9999.0 -9999.0 -9999.0 -9999.0 -9999.0 -9999.0 -9999.0 -9999.0 -9999.0 -9999.0 -9999.0 -9999.0 -9999.0 -5.979042 -1.338155 -9999.0 -3.291417 -1.019558 -1.363584 -4.822651 -0.167397 -1.483057 -1.775138 -0.297047 -1.208949 -1.270576 -4.799748 -4.256573 -6.742322 -9999.0 -9999.0 -9999.0 -9999.0 -9999.0 -9999.0 -9999.0 -9999.0 -9999.0 -9999.0 -9999.0 -9999.0 -9999.0 -9999.0 -9999.0 -9999.0 -9999.0 -9999.0 -9999.0 -9999.0 -9999.0 -9999.0 -9999.0 -9999.0 -9999.0 -9999.0 -9999.0 -9999.0
-9999.0 -9999.0 -9999.0 -9999.0 -9999.0 -9999.0 -9999.0 -9999.0 -9999.0 -9999.0 -9999.0 -9999.0 -9999.0 -9999.0 -9999.0 -9999.0 -9999.0 -5.257665 -6.348130 -5.167944 -1.045108 -0.899362 -1.576972 -5.651737 -0.196103 -1.711859 -5.312823 -4.499317 -4.699425 -2.336317 -1.282808 -1.851872 -1.141435 -2.848127 -6.958148 -8.984392 -9999.0 -9999.0 -9999.0 -9999.0 -9999.0 -9999.0 -9999.0 -9999.0 -9999.0 -9999.0 -9999.0 -9999.0 -9999.0 -9999.0 -9999.0 -9999.0 -9999.0 -9999.0 -9999.0 -9999.0 -9999.0 -9999.0 -9999.0 -9999.0 -9999.0 -9999.0
-9999.0 -9999.0 -9999.0 -9999.0 -9999.0 -9999.0 -9999.0 -9999.0 -9999.0 -9999.0 -9999.0 -9999.0 -9999.0 -3.872623 -1.856578 -6.334710 -5.782506 0.886308 -5.703684 -6.221205 -4.570809 -4.174579 -3.938954 -0.267659 -1.167374 -5.779852 -6.614179 -5.634937 -6.679161 -5.007241 -4.106903 -6.035659 -6.610445 -8.514511 -8.582346 -9.455503 -9999.0 -9999.0 -9999.0 -9999.0 -9999.0 -9999.0 -9999.0 -9999.0 -9999.0 -9999.0 -9999.0 -9999.0 -9999.0 -9999.0 -9999.0 -9999.0 -9999.0 -9999.0 -9999.0 -9999.0 -9999.0 -9999.0 -9999.0 -9999.0 -9999.0 -9999.0
-9999.0 -9999.0 -9999.0 -9999.0 -9999.0 -9999.0 -9999.0 -9999.0 -9999.0 -9999.0 -9999.0 -9999.0 -9999.0 -1.747954 -3.688156 -4.947867 -5.395038 -0.895367 0.627021 -4.899827 -0.849434 -4.745463 -4.904452 -2.618895 -1.061955 -3.373145 -3.911105 -7.233618 -8.026577 -6.939793 -6.019971 -8.417392 -8.704210 -9.777560 -9.566092 -9999.0 -9999.0 -9999.0 -9999.0 -9999.0 -9999.0 -9999.0 -9999.0 -9999.0 -9999.0 -9999.0 -9999.0 -9999.0 -9999.0 -9999.0 -9999.0 -9999.0 -9999.0 -9999.0 -9999.0 -9999.0 -9999.0 -9999.0 -9999.0 -9999.0 -9999.0 -9999.0
-9999.0 -9999.0 -9999.0 -9999.0 -9999.0 -9999.0 -9999.0 -9999.0 -9999.0 -9999.0 -9999.0 -9999.0 -9999.0 -1.839373 -5.143658 -0.333008 -3.891447 -6.298539 0.858855 -0.713044 -4.932126 -5.076362 -3.319553 -4.607042 -3.809986 -3.625094 -3.314773 -7.923879 -4.564347 -8.712555 -8.288756 -10.171949 -9.845258 -10.947978 -9.909543 -9999.0 -9999.0 -9999.0 -9999.0 -9999.0 -9999.0 -9999.0 -9999.0 -9999.0 -9999.0 -9999.0 -9999.0 -9999.0 -9999.0 -9999.0 -9999.0 -9999.0 -9999.0 -9999.0 -9999.0 -9999.0 -9999.0 -9999.0 -9999.0 -9999.0 -9999.0 -9999.0
-9999.0 -9999.0 -9999.0 -9999.0 -9999.0 -9999.0 -9999.0 -9999.0 -9999.0 -9999.0 -9999.0 -9999.0 -1.383723 -5.698801 -0.801152 -4.666017 -1.893571 -6.299730 0.427730 -3.998073 -3.107042 -5.393139 -4.610274 -4.973032 -1.325516 -7.177985 -5.202496 -5.646644 -2.105573 -8.292349 -9.197398 -5.812847 -5.605257 -8.791510 -9999.0 -9999.0 -9999.0 -9999.0 -9999.0 -9999.0 -9999.0 -9999.0 -9999.0 -9999.0 -9999.0 -9999.0 -9999.0 -9999.0 -9999.0 -9999.0 -9999.0 -9999.0 -9999.0 -9999.0 -9999.0 -9999.0 -9999.0 -9999.0 -9999.0 -9999.0 -9999.0 -9999.0
-9999.0 -9999.0 -9999.0 -9999.0 -9999.0 -9999.0 -9999.0 -9999.0 -9999.0 -9999.0 -9999.0 -4.251212 -3.728832 -3.125425 -5.127881 -4.964327 -5.500945 -6.377012 0.376859 -4.174568 -6.081687 -5.302974 -4.206420 -6.076437 -3.586375 -5.528129 -8.122619 -3.966477 -3.483697 -9.083239 -6.463138 -2.160895 -5.986226 -7.554272 -6.637684 -6.631407 -9.084405 -7.760885 -3.304580 -9999.0 -9999.0 -9999.0 -7.443793 -9999.0 -9999.0 -9999.0 -9999.0 -9999.0 -9999.0 -9999.0 -9999.0 -9999.0 -9999.0 -9999.0 -9999.0 -9999.0 -9999.0 -9999.0 -9999.0 -9999.0 -9999.0 -9999.0
-9999.0 -9999.0 -9999.0 -9999.0 -9999.0 -9999.0 -9999.0 -9999.0 -9999.0 -9999.0 -9999.0 -4.865996 -4.427303 -2.770154 -3.547582 -6.255220 -3.070181 -6.952983 0.506098 -0.751598 -1.365080 -3.028354 -3.107740 -4.477740 -4.694034 -5.827696 -3.437513 -1.450826 -4.997783 -7.986314 -2.240778 -2.646135 -3.915683 -6.822902 -7.728020 -9.734906 -0.597954 -2.475818 -3.596568 -8.625265 -11.442021 -8.360798 -6.617066 -6.554046 -9999.0 -9999.0 -9999.0 -0.231393 -4.614064 -4.278619 -2.608963 -3.468976 -3.407745 -0.126855 -0.105806 -3.140834 -9999.0 -9999.0 -9999.0 -9999.0 -9999.0 -9999.0
-9999.0 -9999.0 -9999.0 -9999.0 -9999.0 -9999.0 -9999.0 -9999.0 -9999.0 -9999.0 -9999.0 -3.805171 -5.188141 -3.966686 -3.406560 -4.623722 -2.717454 -6.211774 -0.639467 -0.135861 -6.461550 -4.258131 -2.094274 -1.635593 -6.570361 -3.591749 -1.409475 -4.276567 -6.685196 -6.704789 -7.265309 -3.371162 -2.701778 -6.866915 -6.918314 -7.364865 -4.775229 -4.572493 -2.539918 -5.755400 -1.639105 -9.027433 -6.860179 -3.659541 -6.028362 -9999.0 -7.235924 -4.746844 -0.967118 -0.111913 -0.136359 -0.086333 -0.020310 -0.017154 -0.019228 -0.209892 -9999.0 -9999.0 -9999.0 -9999.0 -9999.0 -9999.0
-9999.0 -9999.0 -9999.0 -9999.0 -9999.0 -9999.0 -9999.0 -9999.0 -9999.0 -9999.0 -9999.0 -9999.0 -4.509714 -3.382684 -1.035047 -2.785634 -2.459899 -5.770668 -0.452935 -0.117696 -6.617265 -3.042531 -5.632755 -1.976700 -3.487241 -1.109356 -3.474472 -6.062865 -6.111368 -5.236012 -3.551694 -1.907445 -3.129947 -5.791341 -8.318756 -10.245395 -6.285385 -4.803537 -2.108636 -4.478755 -0.660113 -3.339591 -6.242042 -6.038554 -2.911454 -4.940273 -5.209686 -4.866501 -3.021130 -0.834087 -4.883708 -2.210204 -0.103541 -0.299560 -3.325345 -3.471604 -0.493685 -9999.0 -9999.0 -9999.0 -9999.0 -9999.0
-9999.0 -9999.0 -9999.0 -9999.0 -9999.0 -9999.0 -9999.0 -9999.0 -9999.0 -9999.0 -9999.0 -1.136565 -5.264289 -4.871107 -1.611549 -1.609897 -2.541070 -4.911421 -0.567011 -0.461110 -6.059096 -5.810439 -0.624596 -0.852521 -0.652782 -3.349915 -1.980821 -6.812005 -4.014782 -3.100904 -2.339843 -2.570369 -4.231038 -5.668057 -9.350973 -8.406647 -10.258009 -5.384839 -3.333323 -1.449403 -4.461117 -2.765943 -5.665714 -6.229440 -6.399116 -4.531522 -1.559164 -0.754446 -0.721671 -3.900388 -5.379348 -5.545612 -4.570192 -6.270868 -5.635072 -6.371574 -2.611614 -9999.0 -9999.0 -9999.0 -9999.0 -9999.0
-9999.0 -9999.0 -9999.0 -9999.0 -9999.0 -9999.0 -9999.0 -9999.0 -9999.0 -9999.0 -1.251098 -0.405079 -0.336350 -3.552686 -0.119139 -5.113837 -3.189349 -2.512925 -5.626491 -0.414872 -0.409814 -5.044003 -3.094433 -2.540100 -5.026803 -0.626370 -5.112885 -3.861364 -0.991411 -1.741455 -4.612538 -2.881858 -4.935103 -7.000700 -10.171584 -7.353823 -8.535292 -5.519183 -5.156234 -0.962324 -0.545926 -5.892762 -6.605248 -6.243935 -6.133921 -2.006156 -2.128638 -3.387381 -5.275976 -5.900847 -1.878734 -6.157676 -6.138327 -6.596254 -5.965608 -0.041204 -0.041133 -9999.0 -9999.0 -9999.0 -9999.0 -9999.0
-9999.0 -9999.0 -9999.0 -9999.0 -9999.0 -9999.0 -9999.0 -9999.0 -9999.0 -5.314598 -2.093763 -1.401369 -5.575100 -0.567282 -0.985331 -3.092884 -4.539255 -3.609359 -5.066114 -0.298030 -0.363207 -5.747602 -5.594443 -0.256480 -0.760098 -4.233293 -0.869121 -2.137115 -4.985906 -4.658136 -2.799026 -4.238976 -8.147042 -9.366822 -6.989237 -7.036615 -6.898378 -7.499506 -7.133464 -7.727262 -4.497419 -5.033703 -4.318968 -2.318777 -6.301533 -5.516688 -1.789093 -3.013600 -0.415049 -1.406629 -0.247403 -3.943660 -7.030555 -5.542318 -3.780118 -1.934927 -0.022757 -0.010679 -1.392413 -9999.0 -9999.0 -9999.0
-9999.0 -9999.0 -9999.0 -9999.0 -9999.0 -9999.0 -9999.0 -9999.0 -9999.0 -5.085404 -5.157216 -4.489486 -0.727295 -5.956412 -2.516288 -0.371698 -0.758954 -4.979083 -4.114606 0.859554 0.584945 1.039744 -4.265706 -2.753916 -3.986150 -1.523937 -4.347198 -4.558623 -0.191347 -1.697595 -1.221366 -1.009428 -6.474773 -5.889115 -2.883339 -2.863855 -3.932496 -4.454546 -7.187359 -5.231804 -5.483563 -6.903480 -4.132385 -5.190389 -0.476297 -0.101539 -0.128303 -4.187836 -4.826425 -5.166698 -0.320325 -0.784338 -5.334799 -4.885543 -5.720261 -0.514761 -0.035383 -0.024910 -0.006525 -9999.0 -9999.0 -9999.0
-9999.0 -9999.0 -9999.0 -9999.0 -9999.0 -9999.0 -9999.0 -9999.0 -9999.0 -9999.0 -4.940386 -3.935556 -2.122431 -6.312184 -6.211475 -3.755318 -3.960584 -3.490359 -1.448279 -0.000141 -0.367569 -4.887792 -0.355048 -0.638011 -1.234148 -4.636204 -3.899385 -0.173654 -0.811085 -5.411269 -5.765732 -1.760238 -6.974699 -7.395526 -1.335292 -2.826537 -3.179919 -3.544306 -4.367568 -7.780470 -8.574099 -1.677814 -2.874760 -4.421293 -2.946993 -3.159784 -4.800850 -4.700168 -0.049267 -3.830544 -0.561379 -0.054448 -3.234352 -4.889462 -4.210130 -4.847563 -2.692166 -3.674060 -2.861380 -4.094252 -9999.0 -9999.0
-9999.0 -9999.0 -9999.0 -9999.0 -9999.0 -9999.0 -9999.0 -9999.0 -9999.0 -9999.0 -4.938260 -4.557695 -3.677748 -0.533284 0.458793 -6.330647 -6.221493 -4.721997 -0.054659 -0.004798 -0.237305 -5.537779 -5.151762 -3.369200 -4.320178 -3.344296 -0.132240 -3.758069 -2.263918 -7.042906 -6.712242 -4.266052 -3.797066 -7.567169 -6.926817 -5.878973 -5.622323 -2.412078 -1.835871 -7.317171 -4.660066 -3.908238 -4.853266 -6.307987 -2.717619 -3.181813 -1.362163 -1.436494 -2.852570 -0.091887 -3.379293 -0.046422 -0.027547 -2.967571 -4.628028 -2.843745 -5.099062 -0.017481 -1.081643 -0.226263 -9999.0 -9999.0
-9999.0 -9999.0 -9999.0 -9999.0 -9999.0 -9999.0 -9999.0 -9999.0 -0.342691 -0.184601 -3.685500 -3.633595 -3.143969 -2.323814 -0.594690 -0.420936 -0.313498 1.921324 0.475107 0.246257 -0.054825 -0.146750 -2.369919 -5.245540 -4.177673 -0.306134 -0.612400 -2.750181 -3.368809 -5.256031 -8.302951 -6.495720 -5.513976 -6.021337 -4.927318 -7.668585 -3.655117 -2.124817 -2.272710 -5.742421 -6.350820 -5.784646 -6.979070 -7.502424 -2.335322 -1.128025 -5.485272 -1.983081 -3.982038 -0.054619 -2.549981 -4.585686 -0.019821 -3.354148 -1.575235 -0.017477 -0.008677 -0.822286 -0.395783 -0.365762 -9999.0 -9999.0
-9999.0 -9999.0 -9999.0 -9999.0 -9999.0 -9999.0 -9999.0 -9999.0 -4.308658 -1.067463 -0.269279 -5.992511 -4.862450 -1.694011 -0.216446 -3.612473 -4.674408 -4.556879 -0.010174 0.664828 3.741989 2.134656 1.030816 -0.085484 -1.907583 -0.160733 -5.249724 -1.163876 -5.460506 -4.192559 -4.865632 -1.555830 -3.894381 -4.711444 -3.417036 -1.973381 -0.810482 -3.010899 -0.475022 -3.507358 -6.514413 -8.444053 -6.990578 -2.792638 -0.192425 -3.442815 -6.046630 -5.217889 -0.266282 -3.880155 -0.079511 -5.518841 -0.022608 -0.018387 -0.910143 -4.187629 -4.551326 -1.604139 0.021213 2.190793 2.415985 -9999.0
-9999.0 -9999.0 -9999.0 -9999.0 -9999.0 -9999.0 -9999.0 -9999.0 -5.122196 -1.700687 -0.791254 -3.303140 -0.374514 -5.126198 -2.349889 -6.397692 -3.785526 -0.412256 0.045103 2.759322 1.492556 2.386633 2.344271 0.295436 1.701471 -2.524420 -4.899783 -0.777581 -1.536691 -0.618690 -1.955444 -0.265043 -0.579887 -0.443740 -1.951089 -0.994422 -2.393501 -4.995008 -0.338305 -3.008766 -4.717889 -5.045938 -2.917041 -4.639403 -4.869603 -4.983458 -3.527645 -0.489360 -3.904772 -3.910093 -0.071967 -0.454723 -5.606778 -1.469348 -0.943804 -0.412901 -0.128430 -0.007050 0.871024 0.554333 1.875770 -9999.0
-9999.0 -9999.0 -9999.0 -9999.0 -9999.0 -9999.0 -9999.0 -9999.0 -6.733239 -2.670236 -4.776710 -0.387984 -0.093257 -2.185773 -5.909499 -4.573164 -1.000208 0.139471 -0.083522 -0.007725 0.423277 1.461246 3.096949 2.093787 -1.366512 -4.431810 -0.146921 -0.654865 -1.509737 -3.453140 -0.403471 -0.234491 -4.977189 -5.260641 -1.470013 -0.370296 -0.135031 -1.590747 -0.405454 -0.226967 -3.390457 -1.419844 -0.207505 -0.416508 -1.652970 -2.538681 -0.053204 -0.052154 -0.051154 -3.577408 -3.301177 0.090745 -0.299883 -0.426664 -0.061199 -0.013563 0.671931 -0.057273 1.249890 1.816453 -0.015967 -1.373995
-9999.0 -9999.0 -9999.0 -9999.0 -9999.0 -9999.0 -9999.0 -9999.0 -4.341919 -1.516638 -1.123627 -5.025872 -5.417358 -4.787206 0.142277 -0.188437 -0.123230 -4.427497 -2.817852 -4.194423 -0.033348 0.805471 1.072982 0.033540 -0.144188 -4.312920 -3.016221 -3.087559 -4.435512 -3.455120 -0.718960 -2.822102 -2.352189 -3.037285 -0.699970 -0.427110 -2.274279 -0.134842 -3.893035 -0.745736 -0.255909 -0.838780 -4.002894 -2.387941 -0.155852 -0.102460 -1.725670 -4.427122 -4.838373 -1.369396 -0.241385 -0.684425 0.152776 0.215234 0.433069 0.389487 0.916231 1.109085 0.173099 -0.017953 -0.573041 -3.718344
-9999.0 -9999.0 -1.271495 -1.056719 -2.962106 -0.213867 -0.090943 -0.134894 -0.738982 -2.720816 -0.099171 -4.363085 -4.416735 -0.354026 1.968554 -0.057154 -3.340524 -3.275178 -2.169888 -3.349661 -3.801908 0.157936 0.634450 0.248215 -0.130300 -1.911168 -5.398826 -5.262629 -3.965245 -0.438823 -4.969468 -4.190906 0.118511 -4.753053 -1.250739 -4.001372 -0.173864 -0.015825 -2.505394 -3.914167 -2.879116 -1.609966 -4.295104 -3.013069 -3.370975 -4.719889 -1.771035 -4.282819 -0.249393 -0.014906 0.566935 0.403158 0.944534 0.850158 0.649269 2.392002 -0.006740 -0.035633 -0.138775 -0.642636 -3.421656 -0.977848
-9999.0 -0.741070 -1.303756 -0.404022 -0.242478 -0.672683 -1.608544 -3.578326 -3.955084 -4.519689 -0.649793 -1.232910 -2.893070 0.319888 -0.089964 -1.043215 -1.415912 -2.983541 -0.901272 -4.951392 -1.535794 -0.621409 0.681090 0.107118 1.547317 0.125729 1.463692 1.740905 -0.151536 -0.339403 -0.424073 -1.169520 -0.300866 1.101437 -0.056738 0.135765 0.822428 1.199629 0.679833 0.021015 -0.046265 0.001773 -0.132348 -3.751993 -4.331667 -3.701332 -0.134652 -0.438997 0.704630 -0.107758 0.592114 0.441789 -0.045708 -0.074477 -0.074694 -0.153253 -0.849989 -3.306991 -3.652477 -0.031712 -0.010881 -0.052957
-9999.0 -1.068739 -4.040896 -5.377916 -3.333277 -4.478238 -0.941939 -0.192162 -0.485042 -0.427663 -0.064005 -5.319584 -3.027957 -0.063872 -3.867557 -0.120063 -3.750436 -0.520847 -4.229500 -4.896524 -3.839066 -1.218765 -0.636319 -0.127351 2.401618 3.247955 0.364960 0.805822 0.540857 -0.372331 0.214610 0.038419 -0.054059 -0.018591 1.667723 1.049937 4.448884 7.375562 2.147924 1.674289 1.396408 0.942510 0.659788 0.261426 0.816551 0.916355 2.448809 2.437988 0.845716 0.564929 -0.091672 -0.818095 -2.774776 -0.575752 -0.812217 -2.665979 -3.220433 -0.017373 -0.016780 -0.014352 -0.013068 -9999.0
