user2019/resources/simulation/Vinschgau/output-maps/TL0002N0883.asc
ncols         63
nrows         48
xllcorner     598000.000000
yllcorner     5145000.000000
cellsize      1000.000000
NODATA_value  -9999.0
[rows 0 to 27 of 48, columns 0 to 62 of 63]
-9999.0 -9999.0 -9999.0 -9999.0 -9999.0 -9999.0 -9999.0 -9999.0 -9999.0 -9999.0 -9999.0 -9999.0 -9999.0 -9999.0 -9999.0 -9999.0 -9999.0 -9999.0 -9999.0 -9999.0 -9999.0 -9999.0 -9999.0 -9999.0 -9999.0 -9999.0 -9999.0 -9999.0 -9999.0 -9999.0 -9999.0 -9999.0 -9999.0 -9999.0 -9999.0 -9999.0 -9999.0 -9999.0 -9999.0 -9999.0 -9999.0 -9999.0 -9999.0 -9999.0 -9999.0 -9999.0 -9999.0 -9999.0 -9999.0 -9999.0 -9999.0 -9999.0 -9999.0 -9999.0 -9999.0 -9999.0 -9999.0 -9999.0 -9999.0 -9999.0 -9999.0 -9999.0 -9999.0
-9999.0 -9999.0 -9999.0 -9999.0 -9999.0 -9999.0 -9999.0 -9999.0 -9999.0 -9999.0 -9999.0 -9999.0 -9999.0 -9999.0 -9999.0 -9999.0 -9999.0 -9999.0 -9999.0 -9999.0 -9999.0 -9999.0 -9999.0 -9999.0 -9999.0 -9999.0 -9999.0 -5.109099 -3.804109 -4.228396 -4.448756 -5.212796 -5.561223 -9999.0 -9999.0 -9999.0 -9999.0 -9999.0 -9999.0 -9999.0 -9999.0 -9999.0 -9999.0 -9999.0 -9999.0 -9999.0 -9999.0 -9999.0 -9999.0 -9999.0 -9999.0 -9999.0 -9999.0 -9999.0 -9999.0 -9999.0 -9999.0 -9999.0 -9999.0 -9999.0 -9999.0 -9999.0 -9999.0
-9999.0 -9999.0 -9999.0 -9999.0 -9999.0 -9999.0 -9999.0 -9999.0 -9999.0 -9999.0 -9999.0 -9999.0 -9999.0 -9999.0 -9999.0 -9999.0 -9999.0 -9999.0 -9999.0 -9999.0 -9999.0 -9999.0 -9999.0 -9999.0 -3.032729 -2.736386 -1.955944 -2.954258 -2.339217 -4.174078 -4.757077 -9999.0 -9999.0 -9999.0 -9999.0 -9999.0 -9999.0 -9999.0 -9999.0 -9999.0 -9999.0 -9999.0 -9999.0 -9999.0 -9999.0 -9999.0 -9999.0 -9999.0 -9999.0 -9999.0 -9999.0 -9999.0 -9999.0 -9999.0 -9999.0 -9999.0 -9999.0 -9999.0 -9999.0 -9999.0 -9999.0 -9999.0 -9999.0
-9999.0 -9999.0 -9999.0 -9999.0 -9999.0 -9999.0 -9999.0 -9999.0 -9999.0 -9999.0 -9999.0 -9999.0 -9999.0 -9999.0 -9999.0 -9999.0 -9999.0 -9999.0 -9999.0 -9999.0 -9999.0 -9999.0 -9999.0 -2.617648 -1.174824 -0.008214 0.518787 1.099314 -0.003901 -2.465224 -4.668271 -5.282441 -9999.0 -9999.0 -9999.0 -9999.0 -9999.0 -9999.0 -9999.0 -9999.0 -9999.0 -9999.0 -9999.0 -9999.0 -9999.0 -9999.0 -9999.0 -9999.0 -9999.0 -9999.0 -9999.0 -9999.0 -9999.0 -9999.0 -9999.0 -9999.0 -9999.0 -9999.0 -9999.0 -9999.0 -9999.0 -9999.0 -9999.0
-9999.0 -9999.0 -9999.0 -9999.0 -9999.0 -9999.0 -9999.0 -9999.0 -9999.0 -9999.0 -9999.0 -9999.0 -9999.0 -9999.0 -9999.0 -9999.0 -9999.0 -9999.0 -0.021286 -1.418971 -9999.0 -2.021219 -1.225769 -0.015763 -0.005051 1.051136 -0.019989 -0.021200 -0.009976 -0.040297 -2.840735 -4.385631 -6.160087 -8.125053 -9999.0 -9999.0 -9999.0 -9999.0 -9999.0 -9999.0 -9999.0 -9999.0 -9999.0 -9999.0 -9999.0 -9999.0 -9999.0 -9999.0 -9999.0 -9999.0 -9999.0 -9999.0 -9999.0 -9999.0 -9999.0 -9999.0 -9999.0 -9999.0 -9999.0 -9999.0 -9999.0 -9999.0 -9999.0
-9999.0 -9999.0 -9999.0 -9999.0 -9999.0 -9999.0 -9999.0 -9999.0 -9999.0 -9999.0 -9999.0 -9999.0 -9999.0 -9999.0 -9999.0 -9999.0 -9999.0 4.072400 2.382277 1.138070 -2.441629 -0.063519 -0.041245 -0.021483 -0.018995 -0.024965 -0.226005 -0.062450 -0.079511 -0.020501 -0.951473 -2.775688 -4.439193 -4.963506 -6.825143 -7.985594 -9999.0 -9999.0 -9999.0 -9999.0 -9999.0 -9999.0 -9999.0 -9999.0 -9999.0 -9999.0 -9999.0 -9999.0 -9999.0 -9999.0 -9999.0 -9999.0 -9999.0 -9999.0 -9999.0 -9999.0 -9999.0 -9999.0 -9999.0 -9999.0 -9999.0 -9999.0 -9999.0
-9999.0 -9999.0 -9999.0 -9999.0 -9999.0 -9999.0 -9999.0 -9999.0 -9999.0 -9999.0 -9999.0 -9999.0 -9999.0 -0.880827 -0.019899 1.839877 3.563086 3.735388 3.644435 -0.013358 -0.010029 -0.016475 -0.005620 -0.018853 -0.029130 -1.215714 -2.296150 -0.926841 -0.875164 -0.102731 -1.795993 -3.496225 -4.845736 -5.532453 -5.981904 -8.274106 -9999.0 -9999.0 -9999.0 -9999.0 -9999.0 -9999.0 -9999.0 -9999.0 -9999.0 -9999.0 -9999.0 -9999.0 -9999.0 -9999.0 -9999.0 -9999.0 -9999.0 -9999.0 -9999.0 -9999.0 -9999.0 -9999.0 -9999.0 -9999.0 -9999.0 -9999.0 -9999.0
-9999.0 -9999.0 -9999.0 -9999.0 -9999.0 -9999.0 -9999.0 -9999.0 -9999.0 -9999.0 -9999.0 -9999.0 -9999.0 -0.234806 1.044604 2.699362 2.868684 2.870356 3.811499 1.345395 2.659123 0.375992 0.920217 -0.005132 -0.051159 -0.094382 -3.766620 -4.593842 -5.722017 -1.792809 -1.263204 -4.229496 -6.077802 -9.506225 -7.238019 -9999.0 -9999.0 -9999.0 -9999.0 -9999.0 -9999.0 -9999.0 -9999.0 -9999.0 -9999.0 -9999.0 -9999.0 -9999.0 -9999.0 -9999.0 -9999.0 -9999.0 -9999.0 -9999.0 -9999.0 -9999.0 -9999.0 -9999.0 -9999.0 -9999.0 -9999.0 -9999.0 -9999.0
-9999.0 -9999.0 -9999.0 -9999.0 -9999.0 -9999.0 -9999.0 -9999.0 -9999.0 -9999.0 -9999.0 -9999.0 -9999.0 0.567225 0.163005 1.721116 2.247757 3.137094 4.013325 3.504160 0.631859 -0.044578 -0.024038 -0.054251 -0.022761 -0.027663 -3.480247 -5.978603 -5.262986 -8.379345 -4.793901 -10.114574 -10.496830 -12.858331 -8.703393 -9999.0 -9999.0 -9999.0 -9999.0 -9999.0 -9999.0 -9999.0 -9999.0 -9999.0 -9999.0 -9999.0 -9999.0 -9999.0 -9999.0 -9999.0 -9999.0 -9999.0 -9999.0 -9999.0 -9999.0 -9999.0 -9999.0 -9999.0 -9999.0 -9999.0 -9999.0 -9999.0 -9999.0
-9999.0 -9999.0 -9999.0 -9999.0 -9999.0 -9999.0 -9999.0 -9999.0 -9999.0 -9999.0 -9999.0 -9999.0 -0.020800 -0.030531 1.176160 -0.015437 0.582216 2.483169 3.405403 2.243238 -0.013591 -0.117034 -0.097081 -0.287121 -1.847986 -3.817991 -3.402564 -4.897576 -4.793601 -6.262932 -10.091824 -6.438022 -5.365852 -8.985064 -9999.0 -9999.0 -9999.0 -9999.0 -9999.0 -9999.0 -9999.0 -9999.0 -9999.0 -9999.0 -9999.0 -9999.0 -9999.0 -9999.0 -9999.0 -9999.0 -9999.0 -9999.0 -9999.0 -9999.0 -9999.0 -9999.0 -9999.0 -9999.0 -9999.0 -9999.0 -9999.0 -9999.0 -9999.0
-9999.0 -9999.0 -9999.0 -9999.0 -9999.0 -9999.0 -9999.0 -9999.0 -9999.0 -9999.0 -9999.0 -0.756063 0.360342 0.524969 0.356821 -0.049785 0.942340 2.427153 3.313982 1.588836 1.053350 -0.016439 -1.737037 -3.384426 -0.539373 -3.108859 -5.189338 -3.983754 -4.556777 -7.884180 -6.656467 -4.536925 -5.628600 -7.488027 -6.773667 -5.364440 -5.003914 -4.028452 -3.773236 -9999.0 -9999.0 -9999.0 -7.614260 -9999.0 -9999.0 -9999.0 -9999.0 -9999.0 -9999.0 -9999.0 -9999.0 -9999.0 -9999.0 -9999.0 -9999.0 -9999.0 -9999.0 -9999.0 -9999.0 -9999.0 -9999.0 -9999.0 -9999.0
-9999.0 -9999.0 -9999.0 -9999.0 -9999.0 -9999.0 -9999.0 -9999.0 -9999.0 -9999.0 -9999.0 -0.980557 0.808392 1.991089 1.912440 -0.747679 3.150022 3.291454 3.520475 2.246524 0.697125 -0.184903 -1.372691 -2.927970 -2.107097 -3.913217 -4.294688 -3.019856 -4.625682 -7.477398 -4.016196 -3.892986 -5.281570 -6.080063 -6.806153 -4.031092 -2.424427 -2.378557 -3.802341 -7.166080 -7.102076 -7.607432 -4.262523 -6.178425 -9999.0 -9999.0 -9999.0 -8.012587 -7.037189 -6.677746 -6.029977 -7.698071 -7.911841 -7.245620 -6.914611 -8.421285 -9999.0 -9999.0 -9999.0 -9999.0 -9999.0 -9999.0 -9999.0
-9999.0 -9999.0 -9999.0 -9999.0 -9999.0 -9999.0 -9999.0 -9999.0 -9999.0 -9999.0 -9999.0 -2.102740 -1.037502 -0.157286 -0.062048 -0.183856 -0.011266 2.632094 2.659943 2.285091 1.354214 -0.030363 -1.278616 -3.002287 -3.949737 -4.933486 -1.660949 -3.727118 -5.243782 -6.452834 -5.682378 -4.228963 -2.868856 -5.757123 -6.188658 -2.702258 -3.358601 -2.882758 -1.591767 -5.553536 -3.581392 -5.072232 -2.881504 -3.844930 -5.862998 -9999.0 -8.916972 -5.832957 -4.296897 -3.224639 -2.964202 -3.704633 -3.785475 -4.486005 -4.642325 -5.594249 -9999.0 -9999.0 -9999.0 -9999.0 -9999.0 -9999.0 -9999.0
-9999.0 -9999.0 -9999.0 -9999.0 -9999.0 -9999.0 -9999.0 -9999.0 -9999.0 -9999.0 -9999.0 -9999.0 -0.833371 -0.413468 -0.380390 -0.312416 -0.007767 1.855291 3.065140 2.301361 1.149076 -0.023701 -0.199181 -0.908797 -3.339564 -1.792722 -1.972149 -3.255802 -4.572135 -6.088131 -4.270869 -4.012409 -2.920120 -4.831449 -5.401848 -3.661297 -1.899515 -2.400697 -0.071517 -2.945034 -2.087364 -3.586435 -1.399789 -1.743265 -5.703102 -6.121799 -7.107430 -5.702012 -3.322819 -1.426411 -0.468503 -3.852487 -3.045465 -4.479943 -5.124364 -4.437582 -5.481492 -9999.0 -9999.0 -9999.0 -9999.0 -9999.0 -9999.0
-9999.0 -9999.0 -9999.0 -9999.0 -9999.0 -9999.0 -9999.0 -9999.0 -9999.0 -9999.0 -9999.0 -0.728257 -2.632877 -1.124722 -0.541745 -0.030623 -0.017116 1.106482 2.501338 3.185595 1.470761 -0.005704 -0.359737 -2.068066 -1.413714 -0.292828 -0.683454 -4.811821 -5.021037 -4.576768 -1.980746 -3.141367 -1.747857 -4.684849 -6.831424 -4.059638 -3.901639 -1.138714 -0.032442 -0.790509 -1.179798 -0.061760 -0.731772 -1.361504 -1.109701 -4.632422 -3.556326 -4.414860 -3.531619 -0.238186 -4.239966 -4.547425 -6.479169 -7.433532 -8.439340 -9.427259 -6.292693 -9999.0 -9999.0 -9999.0 -9999.0 -9999.0 -9999.0
-9999.0 -9999.0 -9999.0 -9999.0 -9999.0 -9999.0 -9999.0 -9999.0 -9999.0 -9999.0 -1.955655 -0.484702 -1.494197 -1.515685 -0.475603 -0.726956 -0.757579 -0.019315 2.646562 2.835227 0.773645 -0.016401 -0.705013 -0.878175 -0.065053 -1.838369 -2.696279 -5.178020 -3.034554 -2.199525 -2.556833 -2.628827 -2.168710 -4.697805 -8.464045 -5.649645 -2.838161 -1.676744 -0.051441 -0.022981 -0.021787 -0.002868 0.414934 0.350976 -0.161008 -4.383214 -3.460111 -1.160973 -0.755755 -0.063642 -6.601638 -6.867477 -8.931862 -10.259758 -9.771249 -4.727188 -4.525405 -9999.0 -9999.0 -9999.0 -9999.0 -9999.0 -9999.0
-9999.0 -9999.0 -9999.0 -9999.0 -9999.0 -9999.0 -9999.0 -9999.0 -9999.0 -3.725103 -1.352843 -1.594192 -0.649089 -0.980438 -0.653987 -0.398855 -0.212419 -0.031163 2.387923 3.253628 1.181487 -0.013434 -0.016468 -0.020717 -0.029167 -1.609956 -3.533460 -2.114899 -0.464733 -0.050706 -0.027162 -1.805432 -5.369842 -9.396007 -7.354410 -5.749446 -2.937309 -2.246738 -1.784154 -0.301956 -0.051803 -0.242876 -0.588150 1.035096 0.393473 -0.298619 -0.340687 -1.413263 -1.362924 -0.025551 -2.735349 -6.336290 -11.231060 -9.324888 -7.562267 -6.736225 -5.879094 -5.871631 -7.157036 -9999.0 -9999.0 -9999.0 -9999.0
-9999.0 -9999.0 -9999.0 -9999.0 -9999.0 -9999.0 -9999.0 -9999.0 -9999.0 -5.233128 -3.899334 -2.216491 -0.492027 -0.043448 -0.276466 -1.012706 -0.449399 -0.019329 3.045615 2.126046 1.762176 0.882237 -0.010204 -0.045028 -1.223324 -2.166693 -0.901760 -0.068775 -0.019580 -0.039607 -0.390519 -2.186591 -3.628068 -5.680169 -4.453160 -5.716146 -5.182681 -3.906739 -3.941680 -1.642152 -0.841856 -2.651090 -0.770119 -0.016864 1.665180 0.781185 0.453581 -0.021218 -0.044523 -0.024818 -3.050233 -6.261128 -8.846339 -7.839364 -6.686877 -7.627922 -5.580227 -4.703038 -4.834896 -9999.0 -9999.0 -9999.0 -9999.0
-9999.0 -9999.0 -9999.0 -9999.0 -9999.0 -9999.0 -9999.0 -9999.0 -9999.0 -9999.0 -4.464538 -2.194812 -0.124098 -0.659614 -0.033857 -0.201911 -0.050170 0.193760 3.854803 2.805950 1.818547 1.551133 -0.027177 -0.199328 -1.451427 -0.161354 -0.025467 -0.012102 -0.435805 -1.740301 -2.092502 -2.723231 -4.627485 -5.118449 -2.983882 -3.500326 -1.784644 -1.208885 -5.155374 -4.105975 -4.555877 -1.540926 -1.160086 -0.269455 -0.021163 -0.017693 0.503525 0.132112 1.117727 -0.025898 -2.001437 -4.650537 -7.650463 -8.616173 -7.992885 -5.865915 -3.405098 -1.810542 -2.098562 -0.133126 -9999.0 -9999.0 -9999.0
-9999.0 -9999.0 -9999.0 -9999.0 -9999.0 -9999.0 -9999.0 -9999.0 -9999.0 -9999.0 -4.685915 -3.465633 -2.157684 -0.065960 -0.019650 -0.016599 -0.019517 1.554649 4.232867 3.836097 2.631773 0.334372 -0.033819 -0.457284 -0.161521 -0.019367 0.476260 -0.020067 -1.430215 -4.308495 -4.188255 -3.913795 -5.823944 -5.874046 -4.088949 -1.305086 -1.788271 -0.313369 -2.792417 -4.970955 -3.811462 -3.202825 -1.498593 -2.633147 -0.845905 -0.377070 -0.057568 -0.020934 1.790621 0.829186 -0.029141 -2.793334 -4.923385 -7.164723 -9.257715 -8.431410 -5.935979 -1.511131 0.671319 0.563822 -9999.0 -9999.0 -9999.0
-9999.0 -9999.0 -9999.0 -9999.0 -9999.0 -9999.0 -9999.0 -9999.0 -2.922610 -4.292997 -5.228779 -2.905514 -3.453655 -1.298361 -0.053252 0.918205 1.925701 1.852430 3.512098 4.342230 4.414133 3.060634 1.889430 -0.011093 -0.022134 1.375955 -0.019698 -0.947512 -2.444161 -4.266739 -8.835097 -4.111247 -4.055164 -5.577759 -3.641914 -3.781540 -0.621959 -0.509211 -2.693826 -5.741871 -4.487720 -1.914451 -4.243574 -5.366494 -3.419192 -1.721780 -2.506962 -0.826914 -0.019441 1.063842 -0.022868 -0.847625 -3.829773 -6.718929 -7.959686 -5.100022 -5.561908 -1.122281 -0.019673 2.980149 -9999.0 -9999.0 -9999.0
-9999.0 -9999.0 -9999.0 -9999.0 -9999.0 -9999.0 -9999.0 -9999.0 -3.778461 -1.978999 -3.732205 -5.081051 -3.782000 -2.613237 -1.070024 -0.018003 0.812395 1.403794 4.788680 4.874215 4.217052 3.248515 1.939902 0.137840 2.305809 2.309073 0.290743 -0.466273 -5.777825 -4.885037 -5.672237 -5.270621 -3.545880 -5.087878 -3.044640 -2.329791 -0.073133 -0.274336 -0.672691 -2.938268 -4.234482 -7.504504 -4.945884 -2.783808 -2.195043 -1.129079 -4.610593 -3.152888 -0.447060 1.000961 0.628488 -0.381538 -4.828098 -5.727904 -3.677884 -3.813063 -1.644363 -0.058593 1.355139 3.724623 4.888428 -9999.0 -9999.0
-9999.0 -9999.0 -9999.0 -9999.0 -9999.0 -9999.0 -9999.0 -9999.0 -4.080152 -3.345654 -3.063435 -4.546780 -4.400151 -3.954457 -1.112772 -0.928899 -0.016146 0.828345 4.701455 4.302462 5.339744 4.081868 3.534451 3.444629 2.279373 2.055689 -0.006716 -1.380429 -4.946681 -4.038971 -4.716398 -1.850671 -2.894148 -2.461101 -1.555830 -1.512180 -0.034562 1.110387 -0.030229 -1.240341 -3.082658 -4.568424 -2.950456 -3.466348 -2.177461 -3.020500 -5.676129 -3.977493 -3.015463 -0.023107 1.975412 -0.024798 -4.622276 -4.991629 -2.623639 -1.302571 -0.010881 1.234900 3.364400 3.838825 4.390742 -9999.0 -9999.0
-9999.0 -9999.0 -9999.0 -9999.0 -9999.0 -9999.0 -9999.0 -9999.0 -6.630148 -2.849628 -1.047993 -5.335675 -3.459922 -1.617826 -0.380575 -0.009987 3.165004 4.461865 2.589380 5.042478 4.738390 5.158004 4.160822 3.632199 2.753280 0.372830 -0.062283 -2.138779 -1.844788 -1.107745 -1.433870 -0.705302 -0.047485 -0.081144 -0.356387 -0.894539 -0.027714 2.839693 -0.002701 -0.132610 -2.353504 -2.060081 -2.094154 -3.442344 -3.709432 -4.475651 -2.969075 -3.748958 -3.707364 -1.681637 -0.020954 1.572379 -0.024898 -1.073683 -0.021755 0.479467 1.991768 3.451071 4.478179 4.161470 3.247699 1.817950 -9999.0
-9999.0 -9999.0 -9999.0 -9999.0 -9999.0 -9999.0 -9999.0 -9999.0 -6.622008 -3.201533 -2.274245 -1.710250 -0.532433 -0.061625 -0.035300 0.854699 1.091171 1.552787 -0.005437 1.792112 4.008179 4.462520 4.789344 4.487485 1.434664 -0.017565 -1.242336 -0.170286 -0.032485 -0.230969 -0.350764 -0.024939 0.798435 -0.012646 -0.024387 -0.014570 1.037178 4.752369 4.171575 0.673160 -0.021449 -0.025403 -0.027064 -0.042993 -1.557684 -1.221309 -0.533078 -0.121358 -0.646488 -0.026967 -0.001086 0.967294 1.334120 0.550535 1.163438 1.471087 2.204202 2.962031 3.554886 3.202808 3.022778 1.250131 -9999.0
-9999.0 -9999.0 -3.623411 -3.028453 -4.230050 -2.433218 -3.870710 -3.501658 -4.920188 -3.976456 -1.760650 -0.305626 -0.070378 -0.046069 -0.011287 0.448020 -0.024397 -1.357609 -0.833950 -0.016499 1.693877 4.325051 3.611698 5.541137 2.504073 1.051435 -0.018893 -0.015880 1.353860 -0.018004 -0.025489 -0.005958 1.666611 2.063191 2.217806 3.371889 4.466144 7.182972 6.162668 3.323746 2.224076 2.227581 2.736882 1.002552 -0.017897 -0.026078 0.088949 0.825031 0.989105 1.972863 2.646575 2.485360 1.903568 1.457600 1.400747 1.892166 1.984474 2.355215 1.958430 2.411674 0.320545 0.522188 -9999.0
-9999.0 -0.956765 -1.044607 -1.257829 -2.288695 -3.472636 -3.865159 -3.895050 -4.901631 -5.048468 -2.946655 -0.991257 -0.024233 -0.207464 -0.023119 -0.391628 -1.432102 -2.838618 -1.148584 -0.021947 1.507531 3.003321 1.922745 3.450495 2.820524 2.198690 1.050155 1.367444 2.491042 1.499190 1.304731 1.307634 2.709711 3.799061 4.964058 6.152723 7.645385 10.319556 7.770411 6.290742 5.478577 5.297473 4.592446 3.541406 2.363771 2.752714 2.727023 4.725607 4.122377 4.742849 3.234519 2.484130 1.749752 1.030571 0.968566 0.528792 0.334355 0.669594 0.149494 -0.022293 -0.005074 0.316256 -9999.0
-9999.0 -0.616402 -0.982972 -0.449666 -0.449417 -1.853802 -2.672602 -4.412893 -5.229216 -5.348099 -3.495261 -1.378284 -0.014161 -0.022243 -0.085239 -2.614898 -3.701128 -3.191944 -0.466259 -0.027002 -0.019247 1.174378 1.964029 0.976516 2.183784 3.061108 4.880803 4.426351 3.851050 5.473972 5.881969 5.569684 4.436975 5.314673 6.222139 8.143588 9.987353 11.048029 10.335430 9.471993 8.685225 7.800138 6.712800 7.278972 7.370601 7.117366 5.323610 5.128221 4.633572 3.979119 2.401452 1.288515 0.425658 1.085297 0.325508 -0.043380 -0.054122 -0.051278 -0.037358 -0.109597 -0.034274 -9999.0 -9999.0
