user2019/resources/simulation/Vinschgau/output-maps/TL0001N0260.asc
ncols         63
nrows         48
xllcorner     598000.000000
yllcorner     5145000.000000
cellsize      1000.000000
NODATA_value  -9999.0
[rows 0 to 27 of 48, columns 0 to 61 of 63]
-9999.0 -9999.0 -9999.0 -9999.0 -9999.0 -9999.0 -9999.0 -9999.0 -9999.0 -9999.0 -9999.0 -9999.0 -9999.0 -9999.0 -9999.0 -9999.0 -9999.0 -9999.0 -9999.0 -9999.0 -9999.0 -9999.0 -9999.0 -9999.0 -9999.0 -9999.0 -9999.0 -9999.0 -9999.0 -9999.0 -9999.0 -9999.0 -9999.0 -9999.0 -9999.0 -9999.0 -9999.0 -9999.0 -9999.0 -9999.0 -9999.0 -9999.0 -9999.0 -9999.0 -9999.0 -9999.0 -9999.0 -9999.0 -9999.0 -9999.0 -9999.0 -9999.0 -9999.0 -9999.0 -9999.0 -9999.0 -9999.0 -9999.0 -9999.0 -9999.0 -9999.0 -9999.0
-9999.0 -9999.0 -9999.0 -9999.0 -9999.0 -9999.0 -9999.0 -9999.0 -9999.0 -9999.0 -9999.0 -9999.0 -9999.0 -9999.0 -9999.0 -9999.0 -9999.0 -9999.0 -9999.0 -9999.0 -9999.0 -9999.0 -9999.0 -9999.0 -9999.0 -9999.0 -9999.0 -6.828104 -7.232255 -7.174373 -7.302296 -8.188702 -8.130624 -9999.0 -9999.0 -9999.0 -9999.0 -9999.0 -9999.0 -9999.0 -9999.0 -9999.0 -9999.0 -9999.0 -9999.0 -9999.0 -9999.0 -9999.0 -9999.0 -9999.0 -9999.0 -9999.0 -9999.0 -9999.0 -9999.0 -9999.0 -9999.0 -9999.0 -9999.0 -9999.0 -9999.0 -9999.0
-9999.0 -9999.0 -9999.0 -9999.0 -9999.0 -9999.0 -9999.0 -9999.0 -9999.0 -9999.0 -9999.0 -9999.0 -9999.0 -9999.0 -9999.0 -9999.0 -9999.0 -9999.0 -9999.0 -9999.0 -9999.0 -9999.0 -9999.0 -9999.0 -5.382002 -6.318842 -6.701136 -6.883084 -7.089568 -6.993492 -7.391508 -9999.0 -9999.0 -9999.0 -9999.0 -9999.0 -9999.0 -9999.0 -9999.0 -9999.0 -9999.0 -9999.0 -9999.0 -9999.0 -9999.0 -9999.0 -9999.0 -9999.0 -9999.0 -9999.0 -9999.0 -9999.0 -9999.0 -9999.0 -9999.0 -9999.0 -9999.0 -9999.0 -9999.0 -9999.0 -9999.0 -9999.0
-9999.0 -9999.0 -9999.0 -9999.0 -9999.0 -9999.0 -9999.0 -9999.0 -9999.0 -9999.0 -9999.0 -9999.0 -9999.0 -9999.0 -9999.0 -9999.0 -9999.0 -9999.0 -9999.0 -9999.0 -9999.0 -9999.0 -9999.0 -5.733473 -6.309871 -6.747619 -8.372837 -8.583220 -8.715874 -7.476195 -7.805582 -6.790352 -9999.0 -9999.0 -9999.0 -9999.0 -9999.0 -9999.0 -9999.0 -9999.0 -9999.0 -9999.0 -9999.0 -9999.0 -9999.0 -9999.0 -9999.0 -9999.0 -9999.0 -9999.0 -9999.0 -9999.0 -9999.0 -9999.0 -9999.0 -9999.0 -9999.0 -9999.0 -9999.0 -9999.0 -9999.0 -9999.0
-9999.0 -9999.0 -9999.0 -9999.0 -9999.0 -9999.0 -9999.0 -9999.0 -9999.0 -9999.0 -9999.0 -9999.0 -9999.0 -9999.0 -9999.0 -9999.0 -9999.0 -9999.0 -6.345068 -5.592606 -9999.0 -5.136930 -5.187167 -6.496092 -8.719512 -4.351500 -5.591231 -5.432549 -4.026757 -8.303413 -7.576235 -7.677317 -8.015798 -8.857530 -9999.0 -9999.0 -9999.0 -9999.0 -9999.0 -9999.0 -9999.0 -9999.0 -9999.0 -9999.0 -9999.0 -9999.0 -9999.0 -9999.0 -9999.0 -9999.0 -9999.0 -9999.0 -9999.0 -9999.0 -9999.0 -9999.0 -9999.0 -9999.0 -9999.0 -9999.0 -9999.0 -9999.0
-9999.0 -9999.0 -9999.0 -9999.0 -9999.0 -9999.0 -9999.0 -9999.0 -9999.0 -9999.0 -9999.0 -9999.0 -9999.0 -9999.0 -9999.0 -9999.0 -9999.0 -8.688131 -9.930632 -7.950846 -5.243457 -4.651761 -6.604422 -8.069972 -5.010562 -6.286250 -6.293234 -5.355410 -6.437665 -5.687670 -7.898066 -7.326584 -8.348022 -8.116455 -8.468314 -9.080576 -9999.0 -9999.0 -9999.0 -9999.0 -9999.0 -9999.0 -9999.0 -9999.0 -9999.0 -9999.0 -9999.0 -9999.0 -9999.0 -9999.0 -9999.0 -9999.0 -9999.0 -9999.0 -9999.0 -9999.0 -9999.0 -9999.0 -9999.0 -9999.0 -9999.0 -9999.0
-9999.0 -9999.0 -9999.0 -9999.0 -9999.0 -9999.0 -9999.0 -9999.0 -9999.0 -9999.0 -9999.0 -9999.0 -9999.0 -4.961643 -4.601329 -8.615267 -8.132374 -7.820057 -9.302318 -8.866797 -8.887040 -8.602991 -7.923927 -8.168390 -6.265716 -6.326494 -7.214588 -6.356268 -7.168241 -5.622244 -6.110166 -7.159359 -7.680860 -9.302387 -9.376421 -9.791329 -9999.0 -9999.0 -9999.0 -9999.0 -9999.0 -9999.0 -9999.0 -9999.0 -9999.0 -9999.0 -9999.0 -9999.0 -9999.0 -9999.0 -9999.0 -9999.0 -9999.0 -9999.0 -9999.0 -9999.0 -9999.0 -9999.0 -9999.0 -9999.0 -9999.0 -9999.0
-9999.0 -9999.0 -9999.0 -9999.0 -9999.0 -9999.0 -9999.0 -9999.0 -9999.0 -9999.0 -9999.0 -9999.0 -9999.0 -3.675484 -5.928809 -6.512360 -5.840391 -7.459964 -8.733902 -8.794392 -6.518091 -6.318646 -5.498502 -5.741261 -5.443287 -5.966291 -6.460350 -8.035994 -8.530832 -7.340707 -6.331353 -9.137205 -9.337687 -10.184233 -10.106019 -9999.0 -9999.0 -9999.0 -9999.0 -9999.0 -9999.0 -9999.0 -9999.0 -9999.0 -9999.0 -9999.0 -9999.0 -9999.0 -9999.0 -9999.0 -9999.0 -9999.0 -9999.0 -9999.0 -9999.0 -9999.0 -9999.0 -9999.0 -9999.0 -9999.0 -9999.0 -9999.0
-9999.0 -9999.0 -9999.0 -9999.0 -9999.0 -9999.0 -9999.0 -9999.0 -9999.0 -9999.0 -9999.0 -9999.0 -9999.0 -5.303255 -8.451193 -1.569495 -4.886425 -6.858939 -7.278063 -6.328150 -5.105718 -6.624205 -5.553975 -5.163798 -4.435849 -3.355823 -6.383382 -8.304212 -6.910238 -9.132722 -8.817112 -10.337529 -10.135349 -10.968822 -10.292716 -9999.0 -9999.0 -9999.0 -9999.0 -9999.0 -9999.0 -9999.0 -9999.0 -9999.0 -9999.0 -9999.0 -9999.0 -9999.0 -9999.0 -9999.0 -9999.0 -9999.0 -9999.0 -9999.0 -9999.0 -9999.0 -9999.0 -9999.0 -9999.0 -9999.0 -9999.0 -9999.0
-9999.0 -9999.0 -9999.0 -9999.0 -9999.0 -9999.0 -9999.0 -9999.0 -9999.0 -9999.0 -9999.0 -9999.0 -3.758469 -7.715386 -2.186210 -6.009555 -2.519177 -7.422436 -1.842457 -7.314420 -4.994769 -5.988873 -5.503437 -5.139619 -3.597929 -7.719384 -5.356449 -6.252310 -6.580709 -8.559051 -9.338286 -8.190918 -8.521355 -9.757313 -9999.0 -9999.0 -9999.0 -9999.0 -9999.0 -9999.0 -9999.0 -9999.0 -9999.0 -9999.0 -9999.0 -9999.0 -9999.0 -9999.0 -9999.0 -9999.0 -9999.0 -9999.0 -9999.0 -9999.0 -9999.0 -9999.0 -9999.0 -9999.0 -9999.0 -9999.0 -9999.0 -9999.0
-9999.0 -9999.0 -9999.0 -9999.0 -9999.0 -9999.0 -9999.0 -9999.0 -9999.0 -9999.0 -9999.0 -3.959277 -4.823810 -2.910532 -5.760890 -5.411411 -6.601113 -7.749553 -1.833839 -8.139309 -6.792811 -6.689062 -5.403288 -6.622084 -5.483750 -6.132574 -8.432044 -6.100155 -6.620329 -9.183170 -7.678251 -7.436641 -8.555273 -9.943661 -10.599274 -12.035368 -15.362388 -15.480590 -10.906918 -9999.0 -9999.0 -9999.0 -10.677249 -9999.0 -9999.0 -9999.0 -9999.0 -9999.0 -9999.0 -9999.0 -9999.0 -9999.0 -9999.0 -9999.0 -9999.0 -9999.0 -9999.0 -9999.0 -9999.0 -9999.0 -9999.0 -9999.0
-9999.0 -9999.0 -9999.0 -9999.0 -9999.0 -9999.0 -9999.0 -9999.0 -9999.0 -9999.0 -9999.0 -5.172643 -4.601551 -4.259017 -3.920854 -6.216293 -4.750986 -8.885979 -2.037169 -7.388614 -8.115322 -2.716267 -4.684367 -5.180633 -5.442913 -6.537000 -6.143110 -5.634375 -6.385491 -8.351100 -7.290382 -7.828884 -8.800375 -8.941928 -11.411647 -13.907259 -8.352376 -10.598469 -12.090882 -17.619044 -16.817252 -13.281108 -12.112889 -9.348142 -9999.0 -9999.0 -9999.0 -0.808434 -3.396940 -3.712056 -1.252754 -2.209927 -2.347704 -0.072282 -0.073173 -2.164871 -9999.0 -9999.0 -9999.0 -9999.0 -9999.0 -9999.0
-9999.0 -9999.0 -9999.0 -9999.0 -9999.0 -9999.0 -9999.0 -9999.0 -9999.0 -9999.0 -9999.0 -4.395019 -4.996829 -6.001570 -2.817183 -5.751097 -5.297239 -7.836805 -7.441339 -3.874338 -6.905128 -5.661571 -5.360262 -4.330037 -6.857289 -5.952230 -5.977363 -6.214232 -7.533926 -7.135399 -8.175891 -7.661995 -8.700640 -9.618595 -10.568384 -12.600452 -10.559097 -10.926765 -11.185119 -12.848731 -9.739529 -13.326910 -11.664577 -9.495418 -7.720991 -9999.0 -6.748268 -4.292846 -2.849154 -1.614576 -2.703972 -1.714548 -0.143081 -0.011574 -0.013509 -0.033936 -9999.0 -9999.0 -9999.0 -9999.0 -9999.0 -9999.0
-9999.0 -9999.0 -9999.0 -9999.0 -9999.0 -9999.0 -9999.0 -9999.0 -9999.0 -9999.0 -9999.0 -9999.0 -4.457570 -2.728976 -2.027706 -3.195190 -5.600267 -7.231213 -6.578109 -1.830513 -7.982621 -6.031580 -7.004015 -5.570603 -5.679418 -5.260881 -5.927724 -6.948411 -6.600511 -6.709853 -6.907318 -7.386898 -8.036791 -9.222655 -10.642413 -13.126556 -11.966204 -10.837186 -9.863715 -11.920980 -8.225138 -12.585682 -10.398498 -8.639605 -7.846773 -6.271487 -5.811343 -4.402198 -4.697412 -5.047591 -5.211086 -1.748335 -0.329697 -0.437712 -2.965117 -2.866594 -0.726723 -9999.0 -9999.0 -9999.0 -9999.0 -9999.0
-9999.0 -9999.0 -9999.0 -9999.0 -9999.0 -9999.0 -9999.0 -9999.0 -9999.0 -9999.0 -9999.0 -1.901273 -5.299162 -5.370920 -4.396682 -4.746323 -5.135335 -6.078218 -6.646553 -3.645240 -8.249570 -7.747737 -3.741495 -4.936434 -4.694381 -6.165563 -3.469917 -7.231770 -5.959421 -6.251855 -7.267840 -7.071491 -8.485009 -8.584547 -11.009508 -11.631249 -13.492405 -10.891778 -8.296666 -7.396349 -8.892439 -6.818626 -9.276456 -10.411633 -9.032368 -6.456285 -4.837998 -4.941757 -4.200004 -6.164040 -5.696114 -5.580679 -4.388510 -6.234600 -5.370841 -6.014284 -2.013024 -9999.0 -9999.0 -9999.0 -9999.0 -9999.0
-9999.0 -9999.0 -9999.0 -9999.0 -9999.0 -9999.0 -9999.0 -9999.0 -9999.0 -9999.0 -1.137592 -2.785359 -1.509475 -4.593272 -1.702223 -7.450409 -5.213919 -5.027814 -7.187804 -4.239940 -5.545277 -3.673100 -6.539613 -4.619170 -7.355280 -2.953390 -6.130174 -6.353506 -5.668414 -6.313742 -7.870764 -6.253752 -7.052447 -8.683578 -11.134918 -10.561864 -11.026026 -10.600484 -10.538647 -6.354440 -5.426665 -8.206530 -7.645656 -9.583601 -9.459101 -7.083316 -4.848372 -7.459994 -7.903757 -7.072845 -4.097521 -6.076426 -5.990852 -6.278693 -5.738440 -0.121819 -0.095702 -9999.0 -9999.0 -9999.0 -9999.0 -9999.0
-9999.0 -9999.0 -9999.0 -9999.0 -9999.0 -9999.0 -9999.0 -9999.0 -9999.0 -5.224156 -1.040369 -1.088506 -6.706236 -2.849788 -1.814782 -4.634368 -4.834698 -3.619493 -8.492190 -3.153211 -2.491067 -8.104779 -8.253020 -5.267619 -2.961786 -5.985789 -5.749381 -5.726018 -8.055200 -7.321952 -8.307230 -6.889256 -8.948150 -9.889224 -8.976114 -9.525074 -9.706331 -10.288098 -10.144117 -10.010782 -8.982486 -7.737116 -7.545694 -6.465394 -9.645600 -8.579767 -9.063218 -6.827782 -4.860736 -7.187500 -3.528035 -3.462609 -6.718948 -4.955563 -2.976341 -1.373737 -0.046247 -0.008384 -0.357638 -9999.0 -9999.0 -9999.0
-9999.0 -9999.0 -9999.0 -9999.0 -9999.0 -9999.0 -9999.0 -9999.0 -9999.0 -5.228141 -4.998894 -5.061315 -8.038462 -6.448463 -2.603356 -1.792144 -1.110584 -7.208973 -7.754786 -0.471766 -0.480056 -0.501719 -3.772652 -3.959429 -5.696045 -5.647715 -7.400457 -7.981773 -4.843674 -4.573414 -5.494166 -6.073034 -7.375067 -7.085466 -7.989741 -9.032263 -9.648458 -9.597618 -9.413997 -8.052727 -6.683254 -8.051991 -7.396202 -7.944035 -4.497824 -1.693436 -1.893453 -7.703600 -7.515910 -6.793730 -3.971432 -2.819951 -4.927201 -4.359571 -5.739933 -0.896001 -0.318475 -0.055688 -0.005388 -9999.0 -9999.0 -9999.0
-9999.0 -9999.0 -9999.0 -9999.0 -9999.0 -9999.0 -9999.0 -9999.0 -9999.0 -9999.0 -4.910193 -4.868749 -4.198153 -9.510334 -7.384094 -3.321255 -3.720993 -6.842556 -5.707132 -0.398442 -5.402852 -6.453630 -2.453859 -3.839568 -5.834165 -8.128724 -6.963852 -2.296681 -5.211889 -6.196609 -6.574653 -3.905291 -7.356227 -7.748992 -6.971032 -8.056491 -8.754663 -9.028678 -8.583974 -8.833239 -9.197748 -6.642557 -6.526855 -6.042080 -6.634284 -6.973291 -6.265639 -5.596456 -0.771120 -6.924440 -3.312209 -1.810472 -2.764886 -4.525930 -3.578581 -4.826440 -2.287477 -5.074026 -5.936198 -4.651430 -9999.0 -9999.0
-9999.0 -9999.0 -9999.0 -9999.0 -9999.0 -9999.0 -9999.0 -9999.0 -9999.0 -9999.0 -4.917172 -4.806508 -4.094114 -2.436710 -2.172471 -7.983984 -7.278132 -8.256858 -0.826921 -0.310263 -3.041585 -6.901610 -8.793877 -7.425916 -7.240265 -6.059320 -1.027811 -5.943262 -5.396855 -7.745711 -7.209808 -5.005053 -6.437152 -7.669069 -7.441223 -6.863023 -8.381227 -7.675919 -6.864972 -7.739595 -5.860964 -5.798873 -5.575714 -6.733574 -1.806265 -5.077991 -4.006973 -5.829467 -2.508985 -2.075005 -6.014617 -1.531508 -0.044434 -2.587012 -3.977806 -1.910498 -4.983198 -0.386500 -4.280759 -1.716902 -9999.0 -9999.0
-9999.0 -9999.0 -9999.0 -9999.0 -9999.0 -9999.0 -9999.0 -9999.0 -1.551203 -1.492184 -4.689319 -4.171279 -4.353854 -4.154415 -2.700786 -5.245106 -4.719846 -0.292035 -0.261219 -0.249054 -1.198010 -2.132009 -7.013640 -9.602659 -7.607250 -2.415284 -4.510090 -5.636131 -4.796592 -6.324256 -8.549676 -6.912141 -6.191110 -6.151303 -5.597589 -8.033634 -4.980848 -6.985405 -6.716016 -6.476457 -6.792283 -6.254636 -7.345863 -7.800665 -4.800768 -2.739246 -5.973256 -2.072534 -5.215803 -1.249444 -5.924917 -4.099724 -0.384986 -3.286008 -1.926088 -0.085240 -0.014705 -0.352626 -4.606196 -1.042924 -9999.0 -9999.0
-9999.0 -9999.0 -9999.0 -9999.0 -9999.0 -9999.0 -9999.0 -9999.0 -5.311684 -2.216178 -3.637563 -6.324088 -5.449003 -4.055784 -2.623630 -4.327700 -4.876019 -5.140878 -0.721019 -0.166650 -0.139262 -0.172473 -0.417657 -0.562983 -2.945980 -1.558405 -5.812270 -4.816752 -6.627608 -5.070955 -4.997054 -5.333846 -4.810995 -5.662369 -3.617296 -3.771334 -5.374594 -6.555577 -5.252203 -4.486428 -6.387829 -8.438868 -7.083914 -3.769020 -3.865106 -3.271219 -6.226560 -5.533516 -4.413726 -4.732903 -0.875161 -4.553170 -0.444825 -0.053290 -2.845206 -4.662286 -4.866822 -4.868974 -0.432632 0.019254 -0.005367 -9999.0
-9999.0 -9999.0 -9999.0 -9999.0 -9999.0 -9999.0 -9999.0 -9999.0 -5.493780 -4.196770 -1.653287 -4.830712 -3.135275 -5.986918 -2.365139 -6.603733 -6.408931 -3.101780 -0.631290 -0.269433 -0.131044 -0.141704 -0.169461 -0.286380 -0.203281 -7.203762 -6.597452 -4.979000 -5.764020 -4.737465 -5.217960 -4.178108 -4.463453 -4.936536 -2.290142 -4.970270 -4.043087 -6.317445 -4.647859 -4.347537 -4.548026 -4.840659 -2.057379 -4.499175 -4.713338 -4.956784 -3.571747 -1.128374 -3.772048 -4.992233 -0.115841 -3.331627 -4.168553 -2.205833 -3.002935 -2.486971 -1.027635 -0.159611 -0.024308 -0.027497 -0.004899 -9999.0
-9999.0 -9999.0 -9999.0 -9999.0 -9999.0 -9999.0 -9999.0 -9999.0 -7.255751 -4.236814 -4.296798 -3.725273 -0.584326 -1.796970 -6.532940 -7.970081 -4.103725 -0.552883 -0.656914 -0.575233 -0.131512 -0.105480 -0.114471 -0.132959 -6.635405 -5.752887 -2.147538 -4.761590 -4.744622 -6.582597 -4.498310 -4.221250 -7.287345 -7.054478 -4.501439 -3.907022 -3.504371 -5.968009 -4.312158 -3.756789 -3.627453 -2.076497 -1.774828 -4.096026 -1.427189 -3.517507 -1.100686 -2.309567 -1.085261 -4.629249 -3.040685 -0.012547 -1.062485 -0.314465 -0.040504 -0.010900 0.074915 -0.005317 0.239226 -0.004183 -0.183809 -2.116399
-9999.0 -9999.0 -9999.0 -9999.0 -9999.0 -9999.0 -9999.0 -9999.0 -4.494069 -3.261147 -0.938329 -5.708856 -6.880834 -8.127780 -1.595990 -2.304980 -5.526750 -5.263166 -4.151615 -5.217274 -0.788616 -0.126601 -0.089295 -0.395103 -2.760884 -6.921290 -6.215450 -6.088839 -7.283380 -7.187890 -4.435644 -5.616364 -5.951062 -5.455378 -5.001284 -4.350953 -5.093233 -4.643431 -5.243783 -4.255491 -4.282608 -4.761866 -6.374910 -5.800554 -3.837976 -2.097436 -5.322072 -6.389686 -6.046109 -4.222691 -2.118591 -0.027305 0.283697 0.385751 0.699683 0.553759 0.593827 0.186413 -0.007779 -0.139700 -3.416799 -0.519711
-9999.0 -9999.0 -4.015198 -2.924436 -3.610248 -2.945757 -2.082188 -2.940254 -3.180313 -2.874582 -2.856086 -7.531311 -6.748345 -5.061274 -0.307249 -4.935294 -5.148455 -4.595378 -4.152356 -3.838163 -4.739935 -0.416000 -0.101415 -1.516717 -1.199814 -5.634094 -6.467613 -8.590309 -7.075386 -5.454520 -7.172260 -6.440912 -3.315634 -7.127571 -5.086503 -5.802539 -3.077569 -0.414375 -3.664369 -5.556054 -5.714052 -5.105381 -6.257058 -6.073773 -6.196757 -6.231639 -5.160584 -5.805110 -2.917743 -0.268264 -0.032731 0.139424 0.763040 1.060340 0.747322 0.952596 -0.003954 -0.010731 -2.077654 -4.325549 -0.200682 -0.011989
-9999.0 -2.757819 -3.382291 -2.206959 -2.566916 -1.515866 -3.525617 -3.966223 -4.096144 -4.520353 -3.293986 -0.918590 -6.212000 -0.892907 -5.034164 -1.562569 -3.969227 -3.871771 -2.117402 -6.164095 -6.673455 -3.288861 -0.496841 -0.374444 -0.481458 -0.220658 -0.257351 -0.203704 -1.354246 -4.599713 -2.906885 -4.738987 -4.598261 -0.393684 -0.956827 -0.304992 -0.026785 0.149431 -0.008283 -0.299223 -0.746090 -0.669293 -1.341592 -5.712180 -3.890057 -4.120127 -1.437789 -1.924594 -0.094928 -0.156677 -0.003894 -0.003902 -0.005416 -0.005208 -0.004685 -1.268877 -1.724795 -0.927034 -1.178938 -0.265320 -0.029664 -0.009742
-9999.0 -3.341753 -4.708992 -6.199235 -5.410564 -4.631526 -3.760175 -3.059413 -2.946423 -3.426355 -1.918446 -4.311725 -5.823012 -4.940069 -3.899295 -3.604047 -4.268328 -4.116450 -6.299233 -6.398793 -2.768327 -5.141739 -2.427792 -0.485296 -0.176176 -0.045181 -0.383968 -0.122390 -0.113997 -0.299973 -0.357547 -0.459330 -0.838869 -0.451347 -0.092213 -0.006799 1.598590 4.211421 1.355767 0.868357 0.054880 -0.021132 -0.133709 -0.120280 -0.107002 -0.068539 0.077609 0.119986 -0.006690 -0.005717 -0.014001 -3.987427 -1.489312 -0.862695 -3.040012 -0.457244 -1.081296 -0.550988 -0.677699 -0.127248 -0.042231 -9999.0
