user2019/resources/simulation/Vinschgau/output-maps/TL0005N0499.asc
ncols         63
nrows         48
xllcorner     598000.000000
yllcorner     5145000.000000
cellsize      1000.000000
NODATA_value  -9999.0
[rows 0 to 27 of 48, columns 0 to 62 of 63]
-9999.0 -9999.0 -9999.0 -9999.0 -9999.0 -9999.0 -9999.0 -9999.0 -9999.0 -9999.0 -9999.0 -9999.0 -9999.0 -9999.0 -9999.0 -9999.0 -9999.0 -9999.0 -9999.0 -9999.0 -9999.0 -9999.0 -9999.0 -9999.0 -9999.0 -9999.0 -9999.0 -9999.0 -9999.0 -9999.0 -9999.0 -9999.0 -9999.0 -9999.0 -9999.0 -9999.0 -9999.0 -9999.0 -9999.0 -9999.0 -9999.0 -9999.0 -9999.0 -9999.0 -9999.0 -9999.0 -9999.0 -9999.0 -9999.0 -9999.0 -9999.0 -9999.0 -9999.0 -9999.0 -9999.0 -9999.0 -9999.0 -9999.0 -9999.0 -9999.0 -9999.0 -9999.0 -9999.0
-9999.0 -9999.0 -9999.0 -9999.0 -9999.0 -9999.0 -9999.0 -9999.0 -9999.0 -9999.0 -9999.0 -9999.0 -9999.0 -9999.0 -9999.0 -9999.0 -9999.0 -9999.0 -9999.0 -9999.0 -9999.0 -9999.0 -9999.0 -9999.0 -9999.0 -9999.0 -9999.0 11.545437 11.379618 11.530054 10.379642 9.962691 10.603542 -9999.0 -9999.0 -9999.0 -9999.0 -9999.0 -9999.0 -9999.0 -9999.0 -9999.0 -9999.0 -9999.0 -9999.0 -9999.0 -9999.0 -9999.0 -9999.0 -9999.0 -9999.0 -9999.0 -9999.0 -9999.0 -9999.0 -9999.0 -9999.0 -9999.0 -9999.0 -9999.0 -9999.0 -9999.0 -9999.0
-9999.0 -9999.0 -9999.0 -9999.0 -9999.0 -9999.0 -9999.0 -9999.0 -9999.0 -9999.0 -9999.0 -9999.0 -9999.0 -9999.0 -9999.0 -9999.0 -9999.0 -9999.0 -9999.0 -9999.0 -9999.0 -9999.0 -9999.0 -9999.0 11.900563 12.088958 12.177104 11.920604 12.350909 11.634572 9.934086 -9999.0 -9999.0 -9999.0 -9999.0 -9999.0 -9999.0 -9999.0 -9999.0 -9999.0 -9999.0 -9999.0 -9999.0 -9999.0 -9999.0 -9999.0 -9999.0 -9999.0 -9999.0 -9999.0 -9999.0 -9999.0 -9999.0 -9999.0 -9999.0 -9999.0 -9999.0 -9999.0 -9999.0 -9999.0 -9999.0 -9999.0 -9999.0
-9999.0 -9999.0 -9999.0 -9999.0 -9999.0 -9999.0 -9999.0 -9999.0 -9999.0 -9999.0 -9999.0 -9999.0 -9999.0 -9999.0 -9999.0 -9999.0 -9999.0 -9999.0 -9999.0 -9999.0 -9999.0 -9999.0 -9999.0 12.226717 13.006643 11.725426 12.014803 11.754124 9.568353 11.439157 10.225303 9.346440 -9999.0 -9999.0 -9999.0 -9999.0 -9999.0 -9999.0 -9999.0 -9999.0 -9999.0 -9999.0 -9999.0 -9999.0 -9999.0 -9999.0 -9999.0 -9999.0 -9999.0 -9999.0 -9999.0 -9999.0 -9999.0 -9999.0 -9999.0 -9999.0 -9999.0 -9999.0 -9999.0 -9999.0 -9999.0 -9999.0 -9999.0
-9999.0 -9999.0 -9999.0 -9999.0 -9999.0 -9999.0 -9999.0 -9999.0 -9999.0 -9999.0 -9999.0 -9999.0 -9999.0 -9999.0 -9999.0 -9999.0 -9999.0 -9999.0 13.789890 11.562006 -9999.0 12.333356 12.867025 11.917213 12.365297 13.480205 15.172554 14.965528 12.631519 11.261032 11.204357 10.238878 9.371593 7.230089 -9999.0 -9999.0 -9999.0 -9999.0 -9999.0 -9999.0 -9999.0 -9999.0 -9999.0 -9999.0 -9999.0 -9999.0 -9999.0 -9999.0 -9999.0 -9999.0 -9999.0 -9999.0 -9999.0 -9999.0 -9999.0 -9999.0 -9999.0 -9999.0 -9999.0 -9999.0 -9999.0 -9999.0 -9999.0
-9999.0 -9999.0 -9999.0 -9999.0 -9999.0 -9999.0 -9999.0 -9999.0 -9999.0 -9999.0 -9999.0 -9999.0 -9999.0 -9999.0 -9999.0 -9999.0 -9999.0 12.458677 10.931354 10.633823 12.171257 9.884869 11.067478 12.403561 15.861743 9.237704 7.894019 8.593688 7.097777 10.584036 12.284525 11.255333 11.445650 10.172608 8.650398 7.426357 -9999.0 -9999.0 -9999.0 -9999.0 -9999.0 -9999.0 -9999.0 -9999.0 -9999.0 -9999.0 -9999.0 -9999.0 -9999.0 -9999.0 -9999.0 -9999.0 -9999.0 -9999.0 -9999.0 -9999.0 -9999.0 -9999.0 -9999.0 -9999.0 -9999.0 -9999.0 -9999.0
-9999.0 -9999.0 -9999.0 -9999.0 -9999.0 -9999.0 -9999.0 -9999.0 -9999.0 -9999.0 -9999.0 -9999.0 -9999.0 12.590274 9.721596 10.536149 11.861370 22.834969 12.132455 11.947029 12.572486 13.203177 14.095856 15.879009 9.107262 11.719966 7.732620 8.074610 7.573589 8.082201 8.519432 10.992639 10.247999 9.503465 9.323269 6.008858 -9999.0 -9999.0 -9999.0 -9999.0 -9999.0 -9999.0 -9999.0 -9999.0 -9999.0 -9999.0 -9999.0 -9999.0 -9999.0 -9999.0 -9999.0 -9999.0 -9999.0 -9999.0 -9999.0 -9999.0 -9999.0 -9999.0 -9999.0 -9999.0 -9999.0 -9999.0 -9999.0
-9999.0 -9999.0 -9999.0 -9999.0 -9999.0 -9999.0 -9999.0 -9999.0 -9999.0 -9999.0 -9999.0 -9999.0 -9999.0 12.903155 10.965888 10.792575 10.743271 16.694905 22.488760 14.768833 11.986659 15.517062 10.664792 10.035183 11.104078 9.054236 10.684936 11.157982 10.671187 6.867520 6.982370 9.373798 9.185138 6.825838 8.048278 -9999.0 -9999.0 -9999.0 -9999.0 -9999.0 -9999.0 -9999.0 -9999.0 -9999.0 -9999.0 -9999.0 -9999.0 -9999.0 -9999.0 -9999.0 -9999.0 -9999.0 -9999.0 -9999.0 -9999.0 -9999.0 -9999.0 -9999.0 -9999.0 -9999.0 -9999.0 -9999.0 -9999.0
-9999.0 -9999.0 -9999.0 -9999.0 -9999.0 -9999.0 -9999.0 -9999.0 -9999.0 -9999.0 -9999.0 -9999.0 -9999.0 11.388844 14.047535 12.216360 10.006973 11.242411 23.034026 11.970476 14.549106 10.083152 8.239069 8.662082 10.194013 8.957887 12.131746 9.887349 9.881035 9.380648 9.226269 -0.245574 3.618528 -0.034037 6.784308 -9999.0 -9999.0 -9999.0 -9999.0 -9999.0 -9999.0 -9999.0 -9999.0 -9999.0 -9999.0 -9999.0 -9999.0 -9999.0 -9999.0 -9999.0 -9999.0 -9999.0 -9999.0 -9999.0 -9999.0 -9999.0 -9999.0 -9999.0 -9999.0 -9999.0 -9999.0 -9999.0 -9999.0
-9999.0 -9999.0 -9999.0 -9999.0 -9999.0 -9999.0 -9999.0 -9999.0 -9999.0 -9999.0 -9999.0 -9999.0 10.689667 13.499361 10.338844 8.776211 8.175545 10.440930 19.331772 12.086698 11.768743 9.050710 8.996892 8.709239 9.368171 10.127825 7.849832 9.700700 10.973314 9.337367 6.192437 9.860430 8.516800 4.779646 -9999.0 -9999.0 -9999.0 -9999.0 -9999.0 -9999.0 -9999.0 -9999.0 -9999.0 -9999.0 -9999.0 -9999.0 -9999.0 -9999.0 -9999.0 -9999.0 -9999.0 -9999.0 -9999.0 -9999.0 -9999.0 -9999.0 -9999.0 -9999.0 -9999.0 -9999.0 -9999.0 -9999.0 -9999.0
-9999.0 -9999.0 -9999.0 -9999.0 -9999.0 -9999.0 -9999.0 -9999.0 -9999.0 -9999.0 -9999.0 12.307338 9.275889 9.531574 8.292628 11.958485 8.734406 9.784768 19.205407 12.304675 9.063893 10.257192 12.205255 11.969596 9.345288 11.392852 8.981638 11.663235 10.488781 7.275282 10.163984 11.509389 9.935204 8.234922 9.057347 9.755032 12.803764 13.932822 13.573395 -9999.0 -9999.0 -9999.0 8.465719 -9999.0 -9999.0 -9999.0 -9999.0 -9999.0 -9999.0 -9999.0 -9999.0 -9999.0 -9999.0 -9999.0 -9999.0 -9999.0 -9999.0 -9999.0 -9999.0 -9999.0 -9999.0 -9999.0 -9999.0
-9999.0 -9999.0 -9999.0 -9999.0 -9999.0 -9999.0 -9999.0 -9999.0 -9999.0 -9999.0 -9999.0 10.954059 8.853868 9.639273 8.701064 10.979884 9.545615 10.758158 19.291359 15.048398 14.948688 13.217212 12.376772 0.646897 7.257818 11.354923 11.391063 12.474250 11.695930 8.254894 11.394492 10.742201 9.039073 8.615690 9.282391 10.362732 15.207207 16.106088 14.452914 13.983595 9.245714 9.024532 10.092543 9.392849 -9999.0 -9999.0 -9999.0 6.220905 8.898591 10.650247 9.878072 9.548152 8.850652 7.458390 7.873115 6.695657 -9999.0 -9999.0 -9999.0 -9999.0 -9999.0 -9999.0 -9999.0
-9999.0 -9999.0 -9999.0 -9999.0 -9999.0 -9999.0 -9999.0 -9999.0 -9999.0 -9999.0 -9999.0 11.602876 11.678756 7.835111 11.702354 12.054263 7.957496 8.451892 15.415116 16.434941 8.319368 9.457408 7.634745 12.215174 11.241465 12.283911 8.007592 7.509006 10.586070 8.728072 11.084262 6.823624 10.836274 7.983896 9.784713 14.219885 8.914698 10.371927 18.765821 14.666367 13.771714 12.763403 11.408097 10.294593 8.607907 -9999.0 7.220835 9.966655 11.451764 12.209881 12.483843 12.811535 12.112722 11.828433 11.961402 11.132276 -9999.0 -9999.0 -9999.0 -9999.0 -9999.0 -9999.0 -9999.0
-9999.0 -9999.0 -9999.0 -9999.0 -9999.0 -9999.0 -9999.0 -9999.0 -9999.0 -9999.0 -9999.0 -9999.0 11.927236 6.615937 11.579830 12.154499 6.497397 8.382913 17.148796 16.623485 9.662972 10.302311 9.993043 8.436528 0.661268 8.254180 13.539475 11.543169 10.690812 11.055355 11.440920 7.128347 11.201559 9.634205 9.369386 13.244029 8.592239 12.121498 21.017060 15.430291 16.365008 15.439128 8.254139 11.640059 10.135561 9.140264 9.755299 10.257914 6.705386 8.360124 9.630149 7.824633 8.589772 7.410127 7.177963 11.375635 11.303875 -9999.0 -9999.0 -9999.0 -9999.0 -9999.0 -9999.0
-9999.0 -9999.0 -9999.0 -9999.0 -9999.0 -9999.0 -9999.0 -9999.0 -9999.0 -9999.0 -9999.0 0.387284 11.148935 12.443433 7.777034 7.828240 9.120048 8.625069 17.112763 11.568997 10.286757 9.651444 10.076265 7.928380 8.570702 10.189415 8.151302 10.262089 11.078898 12.673172 7.495260 8.187403 11.799458 9.346010 8.763826 10.328593 13.942605 10.741380 10.589666 18.510270 10.155439 11.611176 10.477523 8.896924 12.074611 9.800692 11.652543 12.117641 13.034294 10.348772 7.004868 10.986107 0.194738 2.900753 2.833330 7.391627 11.877180 -9999.0 -9999.0 -9999.0 -9999.0 -9999.0 -9999.0
-9999.0 -9999.0 -9999.0 -9999.0 -9999.0 -9999.0 -9999.0 -9999.0 -9999.0 -9999.0 13.508538 7.704693 11.914660 12.306850 13.100897 9.456352 9.196988 8.521960 11.433003 12.026252 15.930104 14.511105 8.459041 14.697527 10.740815 9.725484 7.695067 1.901237 13.122146 13.396251 9.428000 8.292911 11.183405 9.289421 7.178279 10.437939 14.277267 8.355048 8.240544 11.359135 11.982957 13.042554 20.649749 8.377767 8.130376 10.864474 12.019263 8.460379 9.198123 9.335518 0.362157 10.096725 2.689919 0.880180 1.344580 12.640249 11.759753 -9999.0 -9999.0 -9999.0 -9999.0 -9999.0 -9999.0
-9999.0 -9999.0 -9999.0 -9999.0 -9999.0 -9999.0 -9999.0 -9999.0 -9999.0 11.734050 12.791850 8.051297 8.799732 0.534567 8.461797 8.317027 8.203023 15.079310 11.176431 12.664035 16.524367 10.605462 10.268692 12.251526 11.077495 7.131295 0.765146 13.945682 10.212762 10.468781 10.416206 6.324911 9.969019 8.481293 9.718510 10.809241 11.079944 7.031478 7.826461 8.442320 9.039183 7.897294 8.134674 10.765501 9.592714 8.691422 13.614280 8.468900 8.812574 10.311988 7.626961 10.958275 -0.043533 1.066721 11.138110 7.235091 7.201189 12.598006 1.827908 -9999.0 -9999.0 -9999.0 -9999.0
-9999.0 -9999.0 -9999.0 -9999.0 -9999.0 -9999.0 -9999.0 -9999.0 -9999.0 11.168060 11.736027 13.030723 15.460367 9.578304 8.341175 8.351817 14.347847 11.216855 12.005305 19.115594 18.692964 18.226291 16.180971 14.194724 8.649629 8.942618 8.406351 11.122891 12.435253 14.479089 12.699070 6.364067 10.924903 9.187326 10.838338 10.619625 11.261856 12.031049 11.390652 12.263615 6.777265 7.107477 9.258947 10.598258 10.281186 12.188917 11.818699 11.119550 10.913060 10.343265 6.551212 1.355071 1.603424 7.296202 12.490586 0.905645 8.933953 9.452867 13.382854 -9999.0 -9999.0 -9999.0 -9999.0
-9999.0 -9999.0 -9999.0 -9999.0 -9999.0 -9999.0 -9999.0 -9999.0 -9999.0 -9999.0 11.386603 13.339059 9.581788 8.243462 10.336738 7.714265 10.490777 12.331635 13.411769 14.949739 18.122712 11.676186 9.969687 9.448162 9.302595 11.311321 12.405652 12.707010 13.366614 7.577386 7.145968 7.543495 2.017961 10.429509 12.101564 12.696146 12.613575 11.589075 10.432553 10.692647 10.490570 12.809026 14.132681 8.454645 7.966919 8.226218 9.272478 16.270779 12.778324 10.640542 7.767788 8.190310 1.806041 1.896444 2.142899 12.256415 13.777006 11.852969 12.047483 12.116573 -9999.0 -9999.0 -9999.0
-9999.0 -9999.0 -9999.0 -9999.0 -9999.0 -9999.0 -9999.0 -9999.0 -9999.0 -9999.0 11.518676 12.554131 13.289985 10.256268 17.008740 9.830424 9.898748 11.996649 14.301488 15.211037 12.818505 11.337339 10.083234 10.488775 11.450612 13.409324 13.719083 10.781784 7.371838 1.706903 11.525164 13.145192 1.207084 8.901125 11.085939 12.412807 8.662421 7.923326 5.674799 9.236428 11.557082 13.383973 7.001258 11.930522 12.777594 7.430984 9.275091 8.886250 11.110179 13.206586 11.240015 9.097999 0.489770 11.356922 1.577005 1.914851 12.399894 11.172947 12.901453 14.381810 -9999.0 -9999.0 -9999.0
-9999.0 -9999.0 -9999.0 -9999.0 -9999.0 -9999.0 -9999.0 -9999.0 12.504922 11.370278 11.554623 13.095212 8.527256 8.830919 9.188534 11.582961 12.366429 19.475411 16.009880 15.882834 14.295311 13.341505 12.509810 11.166164 12.943692 13.492732 15.819739 9.265637 8.355574 1.824508 10.613622 11.633949 11.082588 10.421648 11.520037 10.682980 13.268659 8.249259 0.488182 9.646834 11.833062 12.249240 0.926491 10.917020 13.105045 14.068999 6.140899 9.008781 9.678664 13.695324 11.970107 9.566604 8.694747 2.356979 1.980657 13.466771 14.206626 16.055371 13.662913 14.578409 -9999.0 -9999.0 -9999.0
-9999.0 -9999.0 -9999.0 -9999.0 -9999.0 -9999.0 -9999.0 -9999.0 8.976552 8.428935 1.006490 11.399017 12.721434 10.123552 8.351674 10.270965 11.199558 12.177700 14.608652 16.550684 22.873526 20.263432 18.633841 17.851518 13.349566 13.649079 11.744348 10.314132 0.630483 11.292156 10.894549 12.130106 11.489298 11.591261 11.950316 12.448353 14.442938 9.283664 7.357883 11.100689 9.679023 8.738658 11.149796 12.388431 13.763609 7.671468 1.045463 12.896528 10.275322 11.635099 13.789110 11.465711 8.600168 13.561872 15.050052 12.336349 11.864745 13.104196 15.316456 17.412870 17.831515 -9999.0 -9999.0
-9999.0 -9999.0 -9999.0 -9999.0 -9999.0 -9999.0 -9999.0 -9999.0 12.283154 14.219934 12.050949 2.939006 13.871229 0.510550 10.007704 9.140882 11.122090 14.160348 14.884096 22.891940 16.947867 21.089826 20.577064 15.831813 19.710519 12.890460 11.160377 8.737401 1.666199 12.182728 12.784231 13.703991 1.347822 1.349046 12.852108 14.048127 8.911730 9.850786 7.241715 1.490482 10.368840 11.180714 12.024358 12.574702 0.455144 11.902026 10.815798 12.776914 8.274156 10.683259 13.922349 13.294012 9.701221 9.914147 13.396051 13.989597 14.887707 15.562807 16.789865 17.084752 17.452882 -9999.0 -9999.0
-9999.0 -9999.0 -9999.0 -9999.0 -9999.0 -9999.0 -9999.0 -9999.0 11.614028 13.707388 9.747143 1.014976 13.789416 0.362058 10.094256 11.111360 13.182845 14.840921 18.391161 15.026776 16.624862 17.068950 21.377293 20.599911 13.649908 11.653061 9.855628 7.992526 14.029747 10.230321 8.851793 8.148931 10.474044 9.843221 0.743330 13.020223 14.297312 10.910037 8.106995 0.571437 9.880891 11.928872 12.289136 12.488278 11.214910 12.658888 13.056290 13.786377 13.459898 10.265701 11.816357 14.845585 14.555361 13.816122 15.619684 16.163248 16.859928 15.711537 16.452617 17.318342 15.745103 13.170479 -9999.0
-9999.0 -9999.0 -9999.0 -9999.0 -9999.0 -9999.0 -9999.0 -9999.0 10.980819 13.537869 10.724421 9.125222 10.197997 10.720473 16.361967 14.111277 17.070017 12.181153 11.161195 12.806786 14.518637 16.947912 17.094612 16.920815 18.563209 11.242417 9.105141 11.055608 11.712170 11.285679 8.399523 11.049517 12.323779 10.653833 9.142857 9.711822 11.107983 12.137216 11.268581 10.221781 8.762448 9.286929 10.134982 8.978099 0.492299 13.619645 9.334311 11.038032 10.923404 12.949646 14.805621 14.640145 15.565683 16.783634 17.325421 17.231366 17.624186 17.486772 16.719736 15.860784 13.874573 12.397227 -9999.0
-9999.0 -9999.0 12.613670 12.987869 8.103451 0.609214 8.341922 0.699466 12.093837 13.089492 10.255181 10.664518 11.037956 13.362394 19.068218 13.309720 10.784214 9.001399 10.413201 11.031421 13.088630 15.316882 16.670503 15.998564 15.352805 12.674737 11.227462 11.269862 11.968864 15.407680 9.529820 9.861862 16.539110 10.638068 12.284272 10.971055 13.656194 13.367783 12.240057 10.267746 11.838450 12.090365 10.732106 11.368877 8.671276 10.657495 12.069260 10.978666 13.723213 15.491105 17.060505 17.415141 17.576141 17.711608 17.685919 23.382990 16.731036 16.235665 15.271721 13.656235 16.362050 11.578047 -9999.0
-9999.0 8.393175 8.388096 8.280503 8.211787 9.507102 8.258893 1.704756 1.853672 12.173073 7.795793 10.020060 12.056236 17.324740 17.089491 10.520771 9.856181 8.436217 10.022935 11.165679 13.394844 14.244554 18.819440 15.363753 20.778134 15.518683 19.000830 19.384779 14.847653 13.375658 13.616904 13.270801 13.428652 17.620071 14.431065 15.374050 16.262860 15.279892 15.632986 14.610627 14.373789 14.314843 13.781510 11.296416 11.324547 11.966437 14.000707 13.508360 16.287331 15.998296 16.773812 16.857249 16.412118 16.367437 16.360264 15.688485 13.751355 13.395582 13.806989 15.636179 11.285889 11.314026 -9999.0
-9999.0 14.322397 10.164114 10.170033 14.069501 9.869391 6.946748 1.001750 11.658900 12.204166 7.731149 9.792103 12.162774 17.539110 11.148949 8.841373 7.298913 8.915151 11.323149 11.206401 16.572831 13.217084 14.422748 15.869968 22.344916 23.004374 15.577528 16.596986 16.182544 14.970199 15.011708 14.423620 14.635231 14.948628 19.170015 16.885746 23.688936 24.279919 17.739639 17.494750 17.106583 16.096019 15.350995 14.448820 14.968161 15.268858 16.599788 16.659075 16.325335 16.385091 15.067187 13.465910 13.517464 14.437725 13.910114 12.393517 12.477476 11.452457 11.107139 10.293645 10.306248 -9999.0 -9999.0
