user2019/resources/simulation/Vinschgau/output-maps/TL0008N0308.asc
ncols         63
nrows         48
xllcorner     598000.000000
yllcorner     5145000.000000
cellsize      1000.000000
NODATA_value  -9999.0
[rows 0 to 27 of 48, columns 0 to 61 of 63]
-9999.0 -9999.0 -9999.0 -9999.0 -9999.0 -9999.0 -9999.0 -9999.0 -9999.0 -9999.0 -9999.0 -9999.0 -9999.0 -9999.0 -9999.0 -9999.0 -9999.0 -9999.0 -9999.0 -9999.0 -9999.0 -9999.0 -9999.0 -9999.0 -9999.0 -9999.0 -9999.0 -9999.0 -9999.0 -9999.0 -9999.0 -9999.0 -9999.0 -9999.0 -9999.0 -9999.0 -9999.0 -9999.0 -9999.0 -9999.0 -9999.0 -9999.0 -9999.0 -9999.0 -9999.0 -9999.0 -9999.0 -9999.0 -9999.0 -9999.0 -9999.0 -9999.0 -9999.0 -9999.0 -9999.0 -9999.0 -9999.0 -9999.0 -9999.0 -9999.0 -9999.0 -9999.0
-9999.0 -9999.0 -9999.0 -9999.0 -9999.0 -9999.0 -9999.0 -9999.0 -9999.0 -9999.0 -9999.0 -9999.0 -9999.0 -9999.0 -9999.0 -9999.0 -9999.0 -9999.0 -9999.0 -9999.0 -9999.0 -9999.0 -9999.0 -9999.0 -9999.0 -9999.0 -9999.0 -6.366214 -6.049002 -5.572063 -7.418925 -8.352624 -8.185657 -9999.0 -9999.0 -9999.0 -9999.0 -9999.0 -9999.0 -9999.0 -9999.0 -9999.0 -9999.0 -9999.0 -9999.0 -9999.0 -9999.0 -9999.0 -9999.0 -9999.0 -9999.0 -9999.0 -9999.0 -9999.0 -9999.0 -9999.0 -9999.0 -9999.0 -9999.0 -9999.0 -9999.0 -9999.0
-9999.0 -9999.0 -9999.0 -9999.0 -9999.0 -9999.0 -9999.0 -9999.0 -9999.0 -9999.0 -9999.0 -9999.0 -9999.0 -9999.0 -9999.0 -9999.0 -9999.0 -9999.0 -9999.0 -9999.0 -9999.0 -9999.0 -9999.0 -9999.0 -5.161884 -4.468465 -3.921999 -4.549306 -4.022621 -4.769152 -7.487822 -9999.0 -9999.0 -9999.0 -9999.0 -9999.0 -9999.0 -9999.0 -9999.0 -9999.0 -9999.0 -9999.0 -9999.0 -9999.0 -9999.0 -9999.0 -9999.0 -9999.0 -9999.0 -9999.0 -9999.0 -9999.0 -9999.0 -9999.0 -9999.0 -9999.0 -9999.0 -9999.0 -9999.0 -9999.0 -9999.0 -9999.0
-9999.0 -9999.0 -9999.0 -9999.0 -9999.0 -9999.0 -9999.0 -9999.0 -9999.0 -9999.0 -9999.0 -9999.0 -9999.0 -9999.0 -9999.0 -9999.0 -9999.0 -9999.0 -9999.0 -9999.0 -9999.0 -9999.0 -9999.0 -4.792789 -3.408397 -3.755250 -3.596110 -3.842201 -3.900474 -4.548515 -6.382484 -7.010611 -9999.0 -9999.0 -9999.0 -9999.0 -9999.0 -9999.0 -9999.0 -9999.0 -9999.0 -9999.0 -9999.0 -9999.0 -9999.0 -9999.0 -9999.0 -9999.0 -9999.0 -9999.0 -9999.0 -9999.0 -9999.0 -9999.0 -9999.0 -9999.0 -9999.0 -9999.0 -9999.0 -9999.0 -9999.0 -9999.0
-9999.0 -9999.0 -9999.0 -9999.0 -9999.0 -9999.0 -9999.0 -9999.0 -9999.0 -9999.0 -9999.0 -9999.0 -9999.0 -9999.0 -9999.0 -9999.0 -9999.0 -9999.0 -0.655757 -3.565644 -9999.0 -4.864054 -3.759285 -3.591493 -1.993243 -0.167201 -3.352382 -3.767752 -0.133099 -4.034209 -4.386440 -6.546816 -6.704149 -8.367220 -9999.0 -9999.0 -9999.0 -9999.0 -9999.0 -9999.0 -9999.0 -9999.0 -9999.0 -9999.0 -9999.0 -9999.0 -9999.0 -9999.0 -9999.0 -9999.0 -9999.0 -9999.0 -9999.0 -9999.0 -9999.0 -9999.0 -9999.0 -9999.0 -9999.0 -9999.0 -9999.0 -9999.0
-9999.0 -9999.0 -9999.0 -9999.0 -9999.0 -9999.0 -9999.0 -9999.0 -9999.0 -9999.0 -9999.0 -9999.0 -9999.0 -9999.0 -9999.0 -9999.0 -9999.0 -0.946117 -2.345222 -3.626817 -3.617316 -2.950322 -3.191816 -2.758183 -0.102638 -4.042575 -6.179091 -5.480735 -6.011549 -4.349654 -3.789600 -4.730020 -4.408707 -5.866901 -8.159453 -9.494806 -9999.0 -9999.0 -9999.0 -9999.0 -9999.0 -9999.0 -9999.0 -9999.0 -9999.0 -9999.0 -9999.0 -9999.0 -9999.0 -9999.0 -9999.0 -9999.0 -9999.0 -9999.0 -9999.0 -9999.0 -9999.0 -9999.0 -9999.0 -9999.0 -9999.0 -9999.0
-9999.0 -9999.0 -9999.0 -9999.0 -9999.0 -9999.0 -9999.0 -9999.0 -9999.0 -9999.0 -9999.0 -9999.0 -9999.0 -5.228340 -2.975189 -2.666087 -2.112568 -0.008025 -1.758928 -3.265600 -2.083768 -1.190518 -0.984923 -0.121512 -3.518093 -6.435724 -7.202044 -6.383825 -7.261832 -5.791730 -5.737606 -7.086642 -7.527207 -9.139076 -9.248925 -10.136552 -9999.0 -9999.0 -9999.0 -9999.0 -9999.0 -9999.0 -9999.0 -9999.0 -9999.0 -9999.0 -9999.0 -9999.0 -9999.0 -9999.0 -9999.0 -9999.0 -9999.0 -9999.0 -9999.0 -9999.0 -9999.0 -9999.0 -9999.0 -9999.0 -9999.0 -9999.0
-9999.0 -9999.0 -9999.0 -9999.0 -9999.0 -9999.0 -9999.0 -9999.0 -9999.0 -9999.0 -9999.0 -9999.0 -9999.0 -3.635862 -2.662168 -2.418580 -2.519101 -0.418679 -0.004803 -1.884656 -0.210337 -2.906446 -2.323266 -2.926067 -3.164644 -5.071768 -5.914811 -7.877995 -8.563960 -7.506174 -6.682271 -9.061081 -9.286797 -10.297147 -10.155952 -9999.0 -9999.0 -9999.0 -9999.0 -9999.0 -9999.0 -9999.0 -9999.0 -9999.0 -9999.0 -9999.0 -9999.0 -9999.0 -9999.0 -9999.0 -9999.0 -9999.0 -9999.0 -9999.0 -9999.0 -9999.0 -9999.0 -9999.0 -9999.0 -9999.0 -9999.0 -9999.0
-9999.0 -9999.0 -9999.0 -9999.0 -9999.0 -9999.0 -9999.0 -9999.0 -9999.0 -9999.0 -9999.0 -9999.0 -9999.0 -3.214965 -1.938116 -0.002962 -2.993760 -2.343067 -0.007324 -0.013906 -2.167518 -6.153084 -4.863024 -5.392711 -4.680690 -4.249743 -5.198768 -8.425208 -6.471532 -9.215234 -8.852863 -10.587556 -10.266232 -11.294276 -10.398349 -9999.0 -9999.0 -9999.0 -9999.0 -9999.0 -9999.0 -9999.0 -9999.0 -9999.0 -9999.0 -9999.0 -9999.0 -9999.0 -9999.0 -9999.0 -9999.0 -9999.0 -9999.0 -9999.0 -9999.0 -9999.0 -9999.0 -9999.0 -9999.0 -9999.0 -9999.0 -9999.0
-9999.0 -9999.0 -9999.0 -9999.0 -9999.0 -9999.0 -9999.0 -9999.0 -9999.0 -9999.0 -9999.0 -9999.0 -3.503910 -3.112074 -1.037844 -5.757459 -2.330119 -2.522597 -0.073985 -1.133620 -3.134069 -6.314484 -5.428995 -5.796642 -3.746450 -7.725710 -5.828937 -6.587313 -5.072809 -8.733425 -9.593060 -7.637843 -7.540331 -9.993247 -9999.0 -9999.0 -9999.0 -9999.0 -9999.0 -9999.0 -9999.0 -9999.0 -9999.0 -9999.0 -9999.0 -9999.0 -9999.0 -9999.0 -9999.0 -9999.0 -9999.0 -9999.0 -9999.0 -9999.0 -9999.0 -9999.0 -9999.0 -9999.0 -9999.0 -9999.0 -9999.0 -9999.0
-9999.0 -9999.0 -9999.0 -9999.0 -9999.0 -9999.0 -9999.0 -9999.0 -9999.0 -9999.0 -9999.0 -4.783460 -4.780624 -0.518632 -5.912565 -5.595321 -6.379418 -3.030403 -0.004226 -1.116017 -2.838572 -3.458838 -5.426393 -6.872021 -5.313552 -6.368549 -8.614126 -5.931687 -5.747199 -9.489218 -7.732244 -5.253041 -7.752765 -9.297363 -8.874920 -7.927428 -7.932685 -2.726438 -0.183017 -9999.0 -9999.0 -9999.0 -9.625197 -9999.0 -9999.0 -9999.0 -9999.0 -9999.0 -9999.0 -9999.0 -9999.0 -9999.0 -9999.0 -9999.0 -9999.0 -9999.0 -9999.0 -9999.0 -9999.0 -9999.0 -9999.0 -9999.0
-9999.0 -9999.0 -9999.0 -9999.0 -9999.0 -9999.0 -9999.0 -9999.0 -9999.0 -9999.0 -9999.0 -5.674806 -5.094841 -3.815359 -4.458929 -6.648406 -3.906933 -2.832534 -0.004535 -0.005255 -0.441730 -2.595971 -4.895683 -5.609495 -5.766847 -6.798307 -5.837896 -4.642719 -6.250717 -8.677915 -5.876783 -5.100480 -6.781087 -8.637644 -10.006923 -7.423445 -0.146153 -0.121921 -0.495331 -3.078682 -8.802406 -10.025220 -6.799003 -8.445458 -9999.0 -9999.0 -9999.0 -0.004495 -5.095166 -4.962605 -2.936402 -3.781983 -3.494896 -0.002707 -0.002448 -3.041948 -9999.0 -9999.0 -9999.0 -9999.0 -9999.0 -9999.0
-9999.0 -9999.0 -9999.0 -9999.0 -9999.0 -9999.0 -9999.0 -9999.0 -9999.0 -9999.0 -9999.0 -4.922313 -5.617441 -5.315254 -4.099095 -5.849698 -3.595438 -2.526006 -0.137574 -0.005010 -0.017635 -2.865236 -3.209948 -4.276911 -7.041442 -5.658321 -3.043003 -5.819780 -7.383353 -7.548913 -8.107119 -5.986930 -5.209334 -8.839727 -8.975297 -1.895049 -2.335533 -1.553184 -0.028205 -0.881227 -0.170918 -7.682613 -5.780868 -5.865258 -7.632444 -9999.0 -7.601513 -5.535869 -3.475444 -1.835464 -1.985994 -1.659314 -0.006336 -0.002008 -0.002157 -0.002056 -9999.0 -9999.0 -9999.0 -9999.0 -9999.0 -9999.0
-9999.0 -9999.0 -9999.0 -9999.0 -9999.0 -9999.0 -9999.0 -9999.0 -9999.0 -9999.0 -9999.0 -9999.0 -4.982862 -3.967373 -2.714195 -4.154349 -3.529667 -2.678358 -0.098266 -0.004927 -2.377317 -2.559189 -2.993751 -2.954937 -5.272502 -2.977536 -3.382267 -6.985697 -6.871453 -6.766753 -6.216777 -4.995752 -5.765754 -7.935111 -9.917541 -8.092256 -3.721162 -1.852252 -0.062268 -0.832994 -0.181420 -0.081748 -4.469112 -4.811393 -5.820039 -6.470303 -6.362855 -5.580807 -4.756915 -2.433156 -2.672299 -2.671940 -0.004049 -0.002795 -3.560732 -3.506056 -0.010628 -9999.0 -9999.0 -9999.0 -9999.0 -9999.0
-9999.0 -9999.0 -9999.0 -9999.0 -9999.0 -9999.0 -9999.0 -9999.0 -9999.0 -9999.0 -9999.0 -3.067520 -5.715670 -5.635085 -2.862629 -2.983703 -2.839862 -2.791696 -0.319642 -0.013685 -2.003040 -2.305888 -2.774717 -3.580710 -3.027983 -2.825545 -3.782580 -7.338190 -5.907521 -5.407610 -3.559556 -3.535275 -4.234915 -8.028656 -10.619400 -8.244940 -8.680804 -2.917052 -0.785377 -0.050259 -2.372835 -1.025077 -2.642016 -3.545369 -2.318317 -6.247351 -4.520243 -3.711254 -3.494957 -2.331187 -5.897104 -5.877954 -4.827814 -6.526816 -5.743873 -6.412074 -2.719308 -9999.0 -9999.0 -9999.0 -9999.0 -9999.0
-9999.0 -9999.0 -9999.0 -9999.0 -9999.0 -9999.0 -9999.0 -9999.0 -9999.0 -9999.0 -2.088843 -2.596073 -2.445709 -4.983110 -1.512134 -3.052848 -4.521179 -4.202493 -1.538948 -0.009745 -0.003689 -0.006045 -3.226874 -2.829396 -2.730311 -2.546342 -6.159129 -5.780478 -3.339534 -3.322229 -3.413948 -5.120449 -6.420075 -8.406695 -10.983832 -9.070937 -6.443456 -3.339151 -1.983842 -0.228337 -0.167836 -2.344104 -2.705668 -2.634946 -3.505741 -4.777253 -4.520993 -3.410989 -2.548673 -2.675193 -3.564600 -6.360792 -6.311824 -6.655468 -6.068909 -0.003124 -0.003043 -9999.0 -9999.0 -9999.0 -9999.0 -9999.0
-9999.0 -9999.0 -9999.0 -9999.0 -9999.0 -9999.0 -9999.0 -9999.0 -9999.0 -5.926004 -2.338323 -2.236709 -3.439507 -2.650169 -0.035983 -4.420369 -5.187587 -2.008793 -0.642274 -0.010907 -0.005149 -1.414556 -2.167906 -0.207404 -2.277964 -5.532662 -3.878438 -3.211080 -2.954231 -2.479017 -1.057867 -6.067343 -8.804046 -9.805631 -8.763138 -8.852229 -8.246914 -6.508270 -7.258470 -4.956981 -2.001245 -6.147003 -5.719856 -0.304838 -2.841003 -1.611990 -0.224966 -3.710194 -2.516744 -0.975833 -2.181451 -4.299131 -7.079231 -5.564358 -3.940573 -2.458826 -0.002200 -0.019404 -1.549123 -9999.0 -9999.0 -9999.0
-9999.0 -9999.0 -9999.0 -9999.0 -9999.0 -9999.0 -9999.0 -9999.0 -9999.0 -5.875594 -5.758360 -5.582778 -0.387669 -3.195517 -2.281100 -2.279027 -0.004118 -2.280676 -0.544301 -0.005276 -0.005211 -0.004389 -1.466178 -1.950210 -5.435945 -3.170474 -3.476695 -2.329107 -0.184984 -3.239914 -3.953942 -3.851963 -7.304028 -7.292863 -6.470318 -5.921540 -6.364923 -5.794723 -8.608592 -6.848837 -6.413796 -7.670477 -4.126787 -2.722356 -0.012902 -0.071644 -0.099757 -1.750719 -1.408163 -1.995561 -2.778545 -2.925819 -5.491006 -4.982425 -5.991259 -0.005378 -0.013653 -0.003738 -0.030301 -9999.0 -9999.0 -9999.0
-9999.0 -9999.0 -9999.0 -9999.0 -9999.0 -9999.0 -9999.0 -9999.0 -9999.0 -9999.0 -5.683533 -5.256556 -4.177813 -2.387326 -2.741247 -2.374950 -2.148364 -0.837112 -0.249896 -0.004961 -0.004848 -1.017473 -2.083615 -3.288872 -3.201834 -2.464110 -1.100052 -0.127319 -3.473671 -6.173408 -6.450673 -3.967131 -7.568313 -8.020153 -5.152098 -3.996204 -4.455434 -4.684883 -7.072179 -8.569814 -9.193478 -4.735074 -4.256758 -5.717144 -5.005854 -3.580714 -2.140285 -1.501896 -0.067710 -1.293098 -2.020422 -1.255535 -3.617660 -5.076742 -4.201005 -5.159585 -3.059350 -1.659856 -0.945569 -0.705109 -9999.0 -9999.0
-9999.0 -9999.0 -9999.0 -9999.0 -9999.0 -9999.0 -9999.0 -9999.0 -9999.0 -9999.0 -5.744984 -5.522013 -4.543137 -2.414428 -0.003160 -2.503509 -2.419242 -0.998108 -0.042307 -0.004165 -0.141824 -0.395561 -2.502869 -3.464780 -3.006866 -0.697443 -0.061325 -2.285127 -4.746926 -7.777926 -7.270580 -5.408170 -5.609667 -7.970303 -7.565654 -6.717581 -3.752514 -3.660590 -5.030496 -7.979433 -6.078396 -5.397526 -5.749075 -6.877911 -3.116855 -4.827822 -3.982176 -3.708932 -0.150034 -0.104147 -1.399765 -1.053244 -0.321788 -3.394176 -4.810403 -3.231654 -5.387870 -0.039808 -0.298478 -0.099122 -9999.0 -9999.0
-9999.0 -9999.0 -9999.0 -9999.0 -9999.0 -9999.0 -9999.0 -9999.0 -1.817767 -2.191120 -5.315702 -4.600094 -4.344659 -4.302642 -2.615252 -0.008417 -0.162078 -0.002559 -0.003025 -0.003322 -0.044121 -0.066674 -0.186682 -0.730481 -0.824647 -0.039998 -0.132642 -4.806044 -4.720256 -6.262806 -8.647110 -7.099051 -6.296516 -6.682343 -5.846133 -8.185817 -5.022304 -3.248589 -5.043909 -6.722773 -7.059108 -6.406598 -7.432671 -7.920342 -4.234453 -3.172420 -6.132918 -3.128758 -2.004225 -0.005669 -0.965007 -1.835124 -0.137187 -3.800314 -2.902479 -0.003365 -0.178424 -0.002929 -0.302208 -0.093826 -9999.0 -9999.0
-9999.0 -9999.0 -9999.0 -9999.0 -9999.0 -9999.0 -9999.0 -9999.0 -5.181568 -1.892979 -2.909589 -6.560666 -5.682176 -3.935018 -2.684027 -1.921954 -1.466831 -1.366724 -0.003261 -0.002678 3.867641 -0.002637 -0.025480 -0.004256 -0.069703 -0.042059 -1.133759 -2.856215 -6.532259 -5.318557 -5.755688 -4.671973 -4.935276 -5.728233 -4.370805 -3.941425 -2.424826 -2.712999 -3.227064 -4.581177 -6.825001 -8.774568 -7.351058 -4.164820 -2.357243 -4.025717 -6.532977 -5.813830 -3.188523 -1.077070 -0.105635 -1.986454 -0.297921 -0.002503 -2.145220 -1.579237 -1.477847 -0.699079 -0.066249 2.668095 3.143336 -9999.0
-9999.0 -9999.0 -9999.0 -9999.0 -9999.0 -9999.0 -9999.0 -9999.0 -5.724995 -3.888589 -1.799665 -5.123503 -3.041723 -5.892326 -1.882409 -2.925922 -1.343883 -0.110491 -0.005350 -0.001410 2.274865 -0.002788 -0.002564 -0.026775 -0.002388 -0.416516 -1.804376 -3.874735 -4.715693 -3.779927 -4.703655 -2.660065 -3.460360 -3.140910 -3.160424 -2.920752 -3.957279 -2.198335 -2.669033 -4.200890 -5.155920 -5.506897 -3.374018 -5.111440 -5.258256 -5.470839 -4.169395 -0.766830 -4.455638 -1.679736 -0.003415 -0.201970 -2.181787 -1.401894 -0.463473 -0.185642 -0.099161 -0.055085 -0.005056 -0.001292 2.700382 -9999.0
-9999.0 -9999.0 -9999.0 -9999.0 -9999.0 -9999.0 -9999.0 -9999.0 -7.286222 -4.384177 -0.004990 -2.540055 -0.014181 -0.007539 -2.403426 -1.322925 -0.138275 -0.005091 -0.007076 -0.004748 -0.003513 1.739795 3.298070 0.777295 -0.146528 -1.522311 -2.088611 -2.586982 -3.027163 -3.244816 -2.512250 -2.258673 -2.351285 -2.540904 -3.412656 -2.863198 -2.056948 -1.320499 -2.457120 -2.124852 -4.066474 -2.552526 -2.064010 -2.745876 -2.293917 -3.736551 -1.053829 -1.319712 -1.098479 -2.285136 -1.131852 -0.084807 -0.124246 -0.123977 -0.092419 -0.065047 -0.016506 -0.003666 3.199976 2.623074 -0.005646 -0.001854
-9999.0 -9999.0 -9999.0 -9999.0 -9999.0 -9999.0 -9999.0 -9999.0 -5.501976 -3.724881 -0.002371 -2.457353 -2.111590 -1.646384 -0.063354 -0.108721 -0.007499 -1.214817 -1.874951 -1.115826 -0.044946 -0.000410 -0.000366 -0.003133 -0.071427 -1.000137 -3.164326 -2.910566 -1.397376 -1.479103 -2.439038 -2.416585 -0.861264 -2.310503 -2.674416 -2.446100 -2.329172 -0.250116 -1.699739 -2.248046 -2.670389 -2.884868 -2.245559 -3.031260 -2.194046 -1.787958 -2.789030 -1.759402 -2.077092 -0.541559 -0.108942 -0.110547 -0.081293 -0.053584 -0.051241 -0.003483 -0.000453 -0.000376 -0.002303 -0.055901 -0.124721 -0.001621
-9999.0 -9999.0 -3.902658 -3.195264 -4.149636 -2.452324 -1.583974 -2.272054 -3.434854 -3.635795 -2.304294 -0.007862 -1.282374 -0.158601 -0.003118 -0.004730 -1.821154 -4.613986 -4.170611 -1.628893 -0.842009 -0.040775 -0.000455 -0.005008 -0.005640 -0.205494 -0.843659 -1.671979 -0.662572 -0.100518 -2.546672 -2.063672 -0.069054 -1.965377 -0.549933 -1.584906 -0.138161 -0.111637 -0.884838 -1.849557 -0.895833 -0.683527 -1.880685 -1.126970 -2.702509 -2.008987 -0.786236 -1.399976 -0.142622 -0.059469 -0.016253 -0.002948 -0.000472 -0.000946 -0.001291 -0.002775 -0.003949 -0.061388 -0.118907 -0.267527 -0.001495 -0.001438
-9999.0 -2.098503 -2.244859 -1.845865 -2.008981 -1.517121 -3.368339 -4.357087 -4.592265 -5.149321 -3.353600 -0.018652 -0.003699 -0.001068 -0.001231 -0.805729 -3.781192 -4.176779 -1.249430 -1.424985 -0.469032 -0.126344 -0.003889 -0.001767 -0.030728 -0.042228 -0.027073 -0.027444 -0.062607 -0.156624 -0.142081 -0.254628 -0.190454 -0.037002 -0.081614 -0.056724 -0.042543 -0.006609 -0.044791 -0.057275 -0.074249 -0.064934 -0.107946 -1.214212 -1.436089 -1.015128 -0.005358 -0.128020 -0.008694 -0.004010 -0.001021 -0.000830 -0.003919 -0.005077 -0.005466 -0.124359 -0.015411 -0.003016 -0.001650 -0.001642 -0.001426 -0.001391
-9999.0 -3.475109 -2.263772 -2.385897 -0.003586 -2.402345 -2.351842 -2.352008 -3.060118 -3.135763 -1.492271 -1.991363 -0.276425 -0.000463 -1.136393 -2.732187 -4.539893 -3.514823 -2.006043 -1.343120 -0.002497 -0.302163 -0.009654 -0.004549 -0.002995 2.549293 -0.003944 -0.000408 -0.000418 -0.004539 -0.003784 -0.010328 -0.059514 -0.005849 -0.002859 -0.003417 3.616428 7.347652 -0.001923 -0.002355 -0.003872 -0.002089 -0.012943 -0.043076 -0.010069 2.069991 3.402133 3.492432 -0.000276 -0.000378 -0.061405 -0.335314 -0.250859 -0.117500 -0.638460 -0.001861 -0.457975 -0.003553 -0.026838 -0.001999 -0.001890 -9999.0
