user2019/resources/simulation/Vinschgau/output-maps/TL0007N1369.asc
ncols         63
nrows         48
xllcorner     598000.000000
yllcorner     5145000.000000
cellsize      1000.000000
NODATA_value  -9999.0
[rows 0 to 27 of 48, columns 0 to 62 of 63]
-9999.0 -9999.0 -9999.0 -9999.0 -9999.0 -9999.0 -9999.0 -9999.0 -9999.0 -9999.0 -9999.0 -9999.0 -9999.0 -9999.0 -9999.0 -9999.0 -9999.0 -9999.0 -9999.0 -9999.0 -9999.0 -9999.0 -9999.0 -9999.0 -9999.0 -9999.0 -9999.0 -9999.0 -9999.0 -9999.0 -9999.0 -9999.0 -9999.0 -9999.0 -9999.0 -9999.0 -9999.0 -9999.0 -9999.0 -9999.0 -9999.0 -9999.0 -9999.0 -9999.0 -9999.0 -9999.0 -9999.0 -9999.0 -9999.0 -9999.0 -9999.0 -9999.0 -9999.0 -9999.0 -9999.0 -9999.0 -9999.0 -9999.0 -9999.0 -9999.0 -9999.0 -9999.0 -9999.0
-9999.0 -9999.0 -9999.0 -9999.0 -9999.0 -9999.0 -9999.0 -9999.0 -9999.0 -9999.0 -9999.0 -9999.0 -9999.0 -9999.0 -9999.0 -9999.0 -9999.0 -9999.0 -9999.0 -9999.0 -9999.0 -9999.0 -9999.0 -9999.0 -9999.0 -9999.0 -9999.0 0.553461 0.520227 1.233953 -0.000945 -0.001353 -1.528969 -9999.0 -9999.0 -9999.0 -9999.0 -9999.0 -9999.0 -9999.0 -9999.0 -9999.0 -9999.0 -9999.0 -9999.0 -9999.0 -9999.0 -9999.0 -9999.0 -9999.0 -9999.0 -9999.0 -9999.0 -9999.0 -9999.0 -9999.0 -9999.0 -9999.0 -9999.0 -9999.0 -9999.0 -9999.0 -9999.0
-9999.0 -9999.0 -9999.0 -9999.0 -9999.0 -9999.0 -9999.0 -9999.0 -9999.0 -9999.0 -9999.0 -9999.0 -9999.0 -9999.0 -9999.0 -9999.0 -9999.0 -9999.0 -9999.0 -9999.0 -9999.0 -9999.0 -9999.0 -9999.0 0.977603 1.164389 1.497619 0.980160 1.475861 1.426362 -0.001148 -9999.0 -9999.0 -9999.0 -9999.0 -9999.0 -9999.0 -9999.0 -9999.0 -9999.0 -9999.0 -9999.0 -9999.0 -9999.0 -9999.0 -9999.0 -9999.0 -9999.0 -9999.0 -9999.0 -9999.0 -9999.0 -9999.0 -9999.0 -9999.0 -9999.0 -9999.0 -9999.0 -9999.0 -9999.0 -9999.0 -9999.0 -9999.0
-9999.0 -9999.0 -9999.0 -9999.0 -9999.0 -9999.0 -9999.0 -9999.0 -9999.0 -9999.0 -9999.0 -9999.0 -9999.0 -9999.0 -9999.0 -9999.0 -9999.0 -9999.0 -9999.0 -9999.0 -9999.0 -9999.0 -9999.0 1.267313 2.117621 3.587871 3.923227 4.053957 4.154309 1.547845 -0.001091 -0.001206 -9999.0 -9999.0 -9999.0 -9999.0 -9999.0 -9999.0 -9999.0 -9999.0 -9999.0 -9999.0 -9999.0 -9999.0 -9999.0 -9999.0 -9999.0 -9999.0 -9999.0 -9999.0 -9999.0 -9999.0 -9999.0 -9999.0 -9999.0 -9999.0 -9999.0 -9999.0 -9999.0 -9999.0 -9999.0 -9999.0 -9999.0
-9999.0 -9999.0 -9999.0 -9999.0 -9999.0 -9999.0 -9999.0 -9999.0 -9999.0 -9999.0 -9999.0 -9999.0 -9999.0 -9999.0 -9999.0 -9999.0 -9999.0 -9999.0 5.523275 2.070553 -9999.0 1.640393 2.122130 3.166725 3.351047 4.025036 3.969771 4.338943 2.947430 1.482693 1.193679 -0.000953 -0.006386 -0.012342 -9999.0 -9999.0 -9999.0 -9999.0 -9999.0 -9999.0 -9999.0 -9999.0 -9999.0 -9999.0 -9999.0 -9999.0 -9999.0 -9999.0 -9999.0 -9999.0 -9999.0 -9999.0 -9999.0 -9999.0 -9999.0 -9999.0 -9999.0 -9999.0 -9999.0 -9999.0 -9999.0 -9999.0 -9999.0
-9999.0 -9999.0 -9999.0 -9999.0 -9999.0 -9999.0 -9999.0 -9999.0 -9999.0 -9999.0 -9999.0 -9999.0 -9999.0 -9999.0 -9999.0 -9999.0 -9999.0 5.169456 3.835987 4.176427 3.073217 0.759462 1.613421 2.832997 4.694228 0.386469 -0.046069 1.260107 -0.039989 2.368286 2.596941 1.343136 1.627042 0.502447 -0.013314 -0.086252 -9999.0 -9999.0 -9999.0 -9999.0 -9999.0 -9999.0 -9999.0 -9999.0 -9999.0 -9999.0 -9999.0 -9999.0 -9999.0 -9999.0 -9999.0 -9999.0 -9999.0 -9999.0 -9999.0 -9999.0 -9999.0 -9999.0 -9999.0 -9999.0 -9999.0 -9999.0 -9999.0
-9999.0 -9999.0 -9999.0 -9999.0 -9999.0 -9999.0 -9999.0 -9999.0 -9999.0 -9999.0 -9999.0 -9999.0 -9999.0 4.179894 2.827475 3.456563 4.748892 9.892550 4.836701 3.540791 3.475585 3.168937 3.782030 4.863555 -0.003918 2.032656 -0.165366 -0.036429 -0.026894 0.030342 -0.814877 1.788222 0.733529 0.095277 0.077495 -0.391285 -9999.0 -9999.0 -9999.0 -9999.0 -9999.0 -9999.0 -9999.0 -9999.0 -9999.0 -9999.0 -9999.0 -9999.0 -9999.0 -9999.0 -9999.0 -9999.0 -9999.0 -9999.0 -9999.0 -9999.0 -9999.0 -9999.0 -9999.0 -9999.0 -9999.0 -9999.0 -9999.0
-9999.0 -9999.0 -9999.0 -9999.0 -9999.0 -9999.0 -9999.0 -9999.0 -9999.0 -9999.0 -9999.0 -9999.0 -9999.0 4.913808 4.571540 4.282211 4.068957 9.563428 9.983168 5.183871 4.024922 6.100907 2.798375 1.742287 2.708338 1.713949 0.555913 0.960025 0.076112 -0.094165 -0.042696 0.091160 -0.004623 -0.565940 -0.036712 -9999.0 -9999.0 -9999.0 -9999.0 -9999.0 -9999.0 -9999.0 -9999.0 -9999.0 -9999.0 -9999.0 -9999.0 -9999.0 -9999.0 -9999.0 -9999.0 -9999.0 -9999.0 -9999.0 -9999.0 -9999.0 -9999.0 -9999.0 -9999.0 -9999.0 -9999.0 -9999.0 -9999.0
-9999.0 -9999.0 -9999.0 -9999.0 -9999.0 -9999.0 -9999.0 -9999.0 -9999.0 -9999.0 -9999.0 -9999.0 -9999.0 4.463422 4.068147 5.675102 3.804473 4.546930 10.324682 4.908831 7.278013 2.914862 0.746448 -0.008967 2.492308 2.088801 1.753590 0.013157 -0.001037 -0.012970 -0.001167 -0.639598 -0.655837 -7.359648 -0.575427 -9999.0 -9999.0 -9999.0 -9999.0 -9999.0 -9999.0 -9999.0 -9999.0 -9999.0 -9999.0 -9999.0 -9999.0 -9999.0 -9999.0 -9999.0 -9999.0 -9999.0 -9999.0 -9999.0 -9999.0 -9999.0 -9999.0 -9999.0 -9999.0 -9999.0 -9999.0 -9999.0 -9999.0
-9999.0 -9999.0 -9999.0 -9999.0 -9999.0 -9999.0 -9999.0 -9999.0 -9999.0 -9999.0 -9999.0 -9999.0 3.203177 3.561901 5.300152 3.710936 2.448103 4.143546 10.378711 5.677088 3.592641 0.705972 1.362166 -0.020393 -0.922379 0.489184 -2.066845 -0.001097 0.645753 -0.005075 -0.341892 -0.007129 -0.002490 -0.360760 -9999.0 -9999.0 -9999.0 -9999.0 -9999.0 -9999.0 -9999.0 -9999.0 -9999.0 -9999.0 -9999.0 -9999.0 -9999.0 -9999.0 -9999.0 -9999.0 -9999.0 -9999.0 -9999.0 -9999.0 -9999.0 -9999.0 -9999.0 -9999.0 -9999.0 -9999.0 -9999.0 -9999.0 -9999.0
-9999.0 -9999.0 -9999.0 -9999.0 -9999.0 -9999.0 -9999.0 -9999.0 -9999.0 -9999.0 -9999.0 4.106646 4.716888 3.607500 4.786562 6.308524 4.754079 4.405276 10.248955 7.027029 2.728242 3.144525 2.330179 0.924221 1.415789 1.003260 -0.001379 0.344638 -0.013665 -0.153512 -0.007306 0.762159 0.079023 -0.011029 -0.008518 0.227731 -0.001697 0.391257 0.685396 -9999.0 -9999.0 -9999.0 -0.024437 -9999.0 -9999.0 -9999.0 -9999.0 -9999.0 -9999.0 -9999.0 -9999.0 -9999.0 -9999.0 -9999.0 -9999.0 -9999.0 -9999.0 -9999.0 -9999.0 -9999.0 -9999.0 -9999.0 -9999.0
-9999.0 -9999.0 -9999.0 -9999.0 -9999.0 -9999.0 -9999.0 -9999.0 -9999.0 -9999.0 -9999.0 3.598594 4.756329 6.288381 6.046265 5.421822 7.035843 4.847133 10.308228 7.942561 7.298918 4.306816 1.769288 -1.160383 -0.739068 0.446182 0.138832 1.027199 1.106807 -0.010895 0.213240 1.435317 -0.001201 -0.003505 -0.002188 0.241395 1.509024 1.842816 0.579618 -0.011677 -0.007722 -0.012029 -0.001096 -0.005171 -9999.0 -9999.0 -9999.0 -1.010410 -1.047735 -0.375831 -0.614169 -0.817906 -0.814495 -1.703057 -1.644723 -0.874909 -9999.0 -9999.0 -9999.0 -9999.0 -9999.0 -9999.0 -9999.0
-9999.0 -9999.0 -9999.0 -9999.0 -9999.0 -9999.0 -9999.0 -9999.0 -9999.0 -9999.0 -9999.0 3.301435 3.818516 2.121622 5.794777 6.191861 2.831506 3.990523 8.825190 7.840692 2.515822 0.318431 -0.486427 0.938610 0.426901 0.659716 -0.607642 -2.521890 0.322180 -0.001514 0.066529 -1.040382 1.021168 -0.003514 -0.005002 1.213701 -0.415962 -0.449953 2.520478 0.081401 0.619885 -0.002058 1.006235 0.346534 -0.010744 -9999.0 -0.628370 -0.012462 -0.000858 0.725497 1.170065 1.461749 0.503465 -0.000744 -0.001281 -0.006454 -9999.0 -9999.0 -9999.0 -9999.0 -9999.0 -9999.0 -9999.0
-9999.0 -9999.0 -9999.0 -9999.0 -9999.0 -9999.0 -9999.0 -9999.0 -9999.0 -9999.0 -9999.0 -9999.0 3.764827 -0.016506 4.988697 5.263340 0.973807 3.031437 9.638565 7.728367 2.357122 1.157614 -0.032119 -0.204406 -1.460901 -0.693622 0.972599 1.144694 -0.000965 -0.004733 0.108446 -0.615839 1.403295 -0.001086 -0.001575 0.523354 -0.577996 -0.574158 3.535258 1.563008 1.985936 1.747622 -0.209290 1.522126 0.029926 -0.011911 -0.450150 -0.008229 -1.447160 -0.272449 -0.009852 -0.635497 -2.715038 -1.135015 -1.555888 -0.000605 -0.013951 -9999.0 -9999.0 -9999.0 -9999.0 -9999.0 -9999.0
-9999.0 -9999.0 -9999.0 -9999.0 -9999.0 -9999.0 -9999.0 -9999.0 -9999.0 -9999.0 -9999.0 -0.212607 1.927463 4.324557 -0.020771 0.842072 2.204778 2.362031 9.012571 4.318086 2.623889 1.017818 -0.006553 -0.651163 -0.596344 -0.625021 -0.231495 -0.001139 -0.001226 0.930414 -0.676644 -0.666524 2.017486 -0.001007 -0.002580 0.209384 0.432748 -0.226907 0.201703 3.383369 -0.229522 0.043870 -0.029122 -0.074771 2.257479 -0.001135 0.557342 0.983761 1.659940 -0.020127 -2.310968 -0.001144 -2.398300 -4.089068 -4.785044 -1.868268 -0.007461 -9999.0 -9999.0 -9999.0 -9999.0 -9999.0 -9999.0
-9999.0 -9999.0 -9999.0 -9999.0 -9999.0 -9999.0 -9999.0 -9999.0 -9999.0 -9999.0 0.459651 -0.043547 2.008219 2.268076 3.674639 -0.008981 -0.014151 0.168707 3.457917 3.967662 5.845392 3.867479 -0.353550 2.543759 -0.004790 -1.251928 -1.005203 -3.249967 1.392081 1.731770 -0.051366 -0.466294 1.584063 -0.001063 -0.244158 0.077535 1.262013 -0.389317 -0.102448 0.459332 0.663576 1.556844 5.863232 1.103776 -0.018165 1.019037 0.726438 -0.136490 -0.135812 -0.001506 -3.431251 -0.603153 -5.255981 -2.523182 -2.138425 -0.000847 -0.000852 -9999.0 -9999.0 -9999.0 -9999.0 -9999.0 -9999.0
-9999.0 -9999.0 -9999.0 -9999.0 -9999.0 -9999.0 -9999.0 -9999.0 -9999.0 0.603373 1.573236 -0.036564 -0.030429 -0.236828 -0.048060 -0.034002 -0.019355 4.569096 3.379029 3.997522 6.217707 0.795761 0.494890 1.362990 0.188236 -1.198844 -1.633155 1.639298 -0.045560 -0.016455 0.227803 -1.398357 0.201636 -0.038951 -0.007181 0.061348 1.335174 -0.717472 -0.498386 -0.040966 -0.365139 -0.189296 -0.275312 1.777440 1.446410 -0.021832 3.400481 -0.341743 -0.326867 0.293174 -0.990939 -0.013078 -2.674756 -2.484498 -1.705956 -2.565222 -1.653968 0.005319 -0.749679 -9999.0 -9999.0 -9999.0 -9999.0
-9999.0 -9999.0 -9999.0 -9999.0 -9999.0 -9999.0 -9999.0 -9999.0 -9999.0 0.646952 0.514665 1.879356 2.535335 -0.001690 -0.021587 -0.263892 2.930052 1.352747 3.939334 7.223367 6.823106 6.164785 4.414475 2.223515 -0.813175 -0.838420 -0.189490 -0.002003 0.796703 2.326403 1.905396 -1.772172 0.491564 -0.001840 -0.000831 0.053814 0.465627 1.561330 0.396290 2.069492 -0.401047 -0.981896 -0.094324 1.073724 2.721735 2.792876 2.641213 1.096500 -0.004749 0.460160 -2.650437 -4.329990 -2.644019 -2.346241 -0.006729 -3.459731 -1.461030 -1.009357 0.454097 -9999.0 -9999.0 -9999.0 -9999.0
-9999.0 -9999.0 -9999.0 -9999.0 -9999.0 -9999.0 -9999.0 -9999.0 -9999.0 -9999.0 0.093981 1.785968 -0.030555 -0.289074 0.219332 -0.019278 -0.001584 2.689265 4.715816 5.322853 6.938781 2.533829 -0.002543 -0.124589 -0.624461 -0.017790 0.382317 1.341433 1.682784 -1.337080 -1.677382 -2.353467 -2.652298 -0.001088 0.957448 2.002974 1.628060 1.914258 0.475550 0.252771 0.030550 1.603124 2.030534 -0.020057 -0.004857 -0.002776 1.633711 4.778967 3.629186 0.586614 -1.607982 -1.606015 -1.948507 -2.704448 -2.456012 -0.172562 0.081638 -1.218083 -0.036185 -0.003285 -9999.0 -9999.0 -9999.0
-9999.0 -9999.0 -9999.0 -9999.0 -9999.0 -9999.0 -9999.0 -9999.0 -9999.0 -9999.0 -0.000946 0.770967 1.505573 -0.016452 3.295016 0.401198 -0.004538 2.505317 5.169954 5.957126 3.254495 1.393907 -0.003529 -0.037514 -0.016988 0.824154 1.980706 -0.002391 -1.025212 -2.378320 0.170202 1.310154 -2.629809 -0.001268 0.253174 2.093326 -1.169905 -0.042212 -1.060017 -0.001168 0.440039 2.943499 -0.206735 1.435611 1.952164 -0.155785 -0.001307 -0.004569 3.024758 3.238866 0.170457 -1.065157 -3.074606 -0.997598 -3.311341 -2.623711 -0.757673 -0.383470 1.485764 2.229122 -9999.0 -9999.0 -9999.0
-9999.0 -9999.0 -9999.0 -9999.0 -9999.0 -9999.0 -9999.0 -9999.0 0.855004 0.069608 -0.001475 0.959301 -0.469001 -0.092912 -0.037915 1.634650 2.806199 6.980232 6.228500 6.321241 4.975449 3.878264 2.993527 1.293920 1.052753 1.817842 3.283932 -0.556430 -0.808931 -2.284697 -0.387181 0.217907 0.274525 -0.001106 0.545316 0.465801 3.455531 -0.035513 -2.268005 0.080456 1.045856 1.631121 -2.262813 0.284059 1.937769 1.402911 -2.093605 -0.139194 -0.002787 2.623765 0.579001 -0.487910 -2.071712 -4.790248 -2.319302 -0.001453 0.025649 1.861221 0.925745 4.431857 -9999.0 -9999.0 -9999.0
-9999.0 -9999.0 -9999.0 -9999.0 -9999.0 -9999.0 -9999.0 -9999.0 -2.593303 -0.644219 -1.807935 -0.001119 0.507604 -1.695860 -0.668336 -0.002817 1.798972 2.388420 5.346480 6.861707 10.396717 9.317472 8.617178 7.500641 3.233736 3.288047 0.721814 -0.041518 -2.526928 -0.000944 -0.002724 0.336483 0.683396 0.552864 0.958146 1.387622 4.698604 0.201173 -0.073813 1.192123 0.222116 -0.001423 0.684241 1.330723 0.268690 -0.358931 -2.721040 0.880043 -0.045027 1.525089 2.022180 -0.026628 -3.261950 -0.391523 0.363064 -1.315954 -0.453950 -0.005594 3.492203 6.048928 6.779608 -9999.0 -9999.0
-9999.0 -9999.0 -9999.0 -9999.0 -9999.0 -9999.0 -9999.0 -9999.0 0.200018 0.058565 -0.001869 -2.607357 0.595024 -2.059475 -0.358091 -0.540574 0.373690 3.248242 5.288043 10.106902 7.318945 9.599081 9.520580 5.918020 7.359670 3.129264 0.265554 -0.976398 -3.076249 0.280073 0.776853 1.614422 -1.129242 -0.873960 1.838506 4.180712 0.037451 1.875085 -0.020544 -0.159052 1.106319 1.039380 1.043847 0.042468 -0.733712 0.953045 0.048056 0.016408 -1.267152 -0.003275 2.701142 0.446731 -2.285709 -3.148002 -0.064728 -0.025167 1.201348 2.749782 5.768264 6.335640 6.669030 -9999.0 -9999.0
-9999.0 -9999.0 -9999.0 -9999.0 -9999.0 -9999.0 -9999.0 -9999.0 -0.423443 1.045662 -0.127263 -3.013025 0.610209 -0.824125 -0.232895 0.111972 3.840488 5.091555 7.380362 5.553363 6.774988 7.212855 9.232404 8.372542 3.520623 1.002479 -0.002805 -1.717682 1.464523 -0.133675 -0.315556 -0.054899 -0.002507 -0.024472 -0.035888 3.231136 5.086859 3.992308 0.760849 -0.015632 1.730996 1.962600 1.914037 1.944399 0.489181 1.011842 1.489232 1.517587 0.409369 -0.476536 -0.002172 2.401501 0.506275 -0.040257 0.753893 1.771752 3.801405 4.835613 5.678311 6.415569 5.502226 2.664939 -9999.0
-9999.0 -9999.0 -9999.0 -9999.0 -9999.0 -9999.0 -9999.0 -9999.0 -1.456227 0.528096 -1.827668 -1.317744 -0.252220 -0.126641 2.305028 2.704973 4.889477 2.435629 0.940392 2.779747 4.633954 6.669855 6.820641 6.487442 6.409796 0.278355 -0.833114 -0.016810 0.162072 -0.013755 -0.146951 0.393350 2.896041 1.392196 0.808161 2.118544 3.530736 5.941869 5.322703 2.586012 1.151239 1.154102 1.000963 0.134246 -0.393597 2.330318 -0.051175 -0.031581 -0.069075 0.321083 2.080021 1.651536 1.987178 1.908071 2.605237 3.013965 3.771502 4.919375 5.705676 5.632068 4.115960 2.077087 -9999.0
-9999.0 -9999.0 0.891174 0.918904 -3.041982 -0.949313 -1.934256 -1.554171 -0.001264 0.000240 -0.570024 -0.251026 -0.084904 -0.000918 3.959362 1.674206 -0.005682 -0.971552 -0.174414 0.097720 2.647889 5.376321 6.209407 6.007184 4.616138 1.924119 0.127767 0.345912 2.544292 3.887204 -0.002802 0.837444 6.493930 3.333612 4.827557 4.534987 7.225934 8.184007 7.088901 4.419529 4.892753 4.958196 4.186377 3.311967 -0.003006 0.899197 1.861879 1.520148 3.291010 4.235004 4.868024 4.391617 3.521226 2.858734 2.755915 6.513545 3.480018 4.181854 4.119114 3.470103 4.967708 1.290047 -9999.0
-9999.0 -0.226869 -0.306255 -0.471225 -0.862479 -0.664185 -1.435483 -1.995492 -2.968274 -0.000978 -1.198046 -0.611876 -0.001264 3.128386 2.687138 -0.161537 -0.623423 -1.158785 -0.756808 -0.002943 2.426941 4.184051 7.244244 4.853457 7.639929 4.377334 5.931986 6.273580 5.094780 3.885847 3.672702 3.840322 5.571907 9.158159 7.875974 9.154689 10.767396 11.081693 10.961143 9.315382 8.417646 8.266637 7.578469 4.715638 3.427782 3.820208 5.106353 5.825120 6.737816 6.044075 5.354720 4.322392 3.267768 2.416269 2.334251 1.800402 0.700107 1.061357 1.584515 3.018273 0.461427 1.082100 -9999.0
-9999.0 2.742677 -0.029405 -0.032163 1.389449 -0.040581 -2.257510 -2.505131 -0.003794 -0.002201 -1.672012 -0.991529 0.182972 2.875964 -0.059822 -2.230270 -1.835802 -1.393365 -0.404800 -0.009584 3.507622 2.031139 3.033735 3.453704 7.629805 8.556747 5.329370 6.272801 6.470660 6.290638 6.433912 6.204503 7.455547 8.345518 11.826170 11.391420 16.337483 17.343611 13.810709 12.738511 12.041540 11.066954 9.991404 7.968742 7.828234 7.693437 8.012446 7.822985 7.180806 6.362838 4.531692 2.053621 0.841943 1.472082 0.565707 -0.002164 -0.312556 -0.003582 -0.001896 -0.006346 -0.002528 -9999.0 -9999.0
