user2019/resources/simulation/Vinschgau/output-maps/TL0004N0475.asc
ncols         63
nrows         48
xllcorner     598000.000000
yllcorner     5145000.000000
cellsize      1000.000000
NODATA_value  -9999.0
[rows 0 to 27 of 48, columns 0 to 62 of 63]
-9999.0 -9999.0 -9999.0 -9999.0 -9999.0 -9999.0 -9999.0 -9999.0 -9999.0 -9999.0 -9999.0 -9999.0 -9999.0 -9999.0 -9999.0 -9999.0 -9999.0 -9999.0 -9999.0 -9999.0 -9999.0 -9999.0 -9999.0 -9999.0 -9999.0 -9999.0 -9999.0 -9999.0 -9999.0 -9999.0 -9999.0 -9999.0 -9999.0 -9999.0 -9999.0 -9999.0 -9999.0 -9999.0 -9999.0 -9999.0 -9999.0 -9999.0 -9999.0 -9999.0 -9999.0 -9999.0 -9999.0 -9999.0 -9999.0 -9999.0 -9999.0 -9999.0 -9999.0 -9999.0 -9999.0 -9999.0 -9999.0 -9999.0 -9999.0 -9999.0 -9999.0 -9999.0 -9999.0
-9999.0 -9999.0 -9999.0 -9999.0 -9999.0 -9999.0 -9999.0 -9999.0 -9999.0 -9999.0 -9999.0 -9999.0 -9999.0 -9999.0 -9999.0 -9999.0 -9999.0 -9999.0 -9999.0 -9999.0 -9999.0 -9999.0 -9999.0 -9999.0 -9999.0 -9999.0 -9999.0 10.888790 10.733814 11.424701 9.955896 7.731283 9.157097 -9999.0 -9999.0 -9999.0 -9999.0 -9999.0 -9999.0 -9999.0 -9999.0 -9999.0 -9999.0 -9999.0 -9999.0 -9999.0 -9999.0 -9999.0 -9999.0 -9999.0 -9999.0 -9999.0 -9999.0 -9999.0 -9999.0 -9999.0 -9999.0 -9999.0 -9999.0 -9999.0 -9999.0 -9999.0 -9999.0
-9999.0 -9999.0 -9999.0 -9999.0 -9999.0 -9999.0 -9999.0 -9999.0 -9999.0 -9999.0 -9999.0 -9999.0 -9999.0 -9999.0 -9999.0 -9999.0 -9999.0 -9999.0 -9999.0 -9999.0 -9999.0 -9999.0 -9999.0 -9999.0 11.360567 12.993969 12.144442 11.190467 11.419562 11.433220 9.716129 -9999.0 -9999.0 -9999.0 -9999.0 -9999.0 -9999.0 -9999.0 -9999.0 -9999.0 -9999.0 -9999.0 -9999.0 -9999.0 -9999.0 -9999.0 -9999.0 -9999.0 -9999.0 -9999.0 -9999.0 -9999.0 -9999.0 -9999.0 -9999.0 -9999.0 -9999.0 -9999.0 -9999.0 -9999.0 -9999.0 -9999.0 -9999.0
-9999.0 -9999.0 -9999.0 -9999.0 -9999.0 -9999.0 -9999.0 -9999.0 -9999.0 -9999.0 -9999.0 -9999.0 -9999.0 -9999.0 -9999.0 -9999.0 -9999.0 -9999.0 -9999.0 -9999.0 -9999.0 -9999.0 -9999.0 12.859353 12.136486 10.046159 10.873727 10.823129 8.607938 11.769217 10.350207 8.390511 -9999.0 -9999.0 -9999.0 -9999.0 -9999.0 -9999.0 -9999.0 -9999.0 -9999.0 -9999.0 -9999.0 -9999.0 -9999.0 -9999.0 -9999.0 -9999.0 -9999.0 -9999.0 -9999.0 -9999.0 -9999.0 -9999.0 -9999.0 -9999.0 -9999.0 -9999.0 -9999.0 -9999.0 -9999.0 -9999.0 -9999.0
-9999.0 -9999.0 -9999.0 -9999.0 -9999.0 -9999.0 -9999.0 -9999.0 -9999.0 -9999.0 -9999.0 -9999.0 -9999.0 -9999.0 -9999.0 -9999.0 -9999.0 -9999.0 16.617774 11.724775 -9999.0 11.305953 11.899301 10.338758 10.985901 12.262748 14.341688 14.072082 12.038639 10.469124 11.418831 10.303590 8.425824 3.586936 -9999.0 -9999.0 -9999.0 -9999.0 -9999.0 -9999.0 -9999.0 -9999.0 -9999.0 -9999.0 -9999.0 -9999.0 -9999.0 -9999.0 -9999.0 -9999.0 -9999.0 -9999.0 -9999.0 -9999.0 -9999.0 -9999.0 -9999.0 -9999.0 -9999.0 -9999.0 -9999.0 -9999.0 -9999.0
-9999.0 -9999.0 -9999.0 -9999.0 -9999.0 -9999.0 -9999.0 -9999.0 -9999.0 -9999.0 -9999.0 -9999.0 -9999.0 -9999.0 -9999.0 -9999.0 -9999.0 9.887970 9.108217 9.245678 12.263488 5.871001 9.283556 10.831622 16.236904 7.169593 5.972100 6.725655 5.891558 9.204857 12.447751 11.152458 11.516463 10.304790 6.116100 -0.591427 -9999.0 -9999.0 -9999.0 -9999.0 -9999.0 -9999.0 -9999.0 -9999.0 -9999.0 -9999.0 -9999.0 -9999.0 -9999.0 -9999.0 -9999.0 -9999.0 -9999.0 -9999.0 -9999.0 -9999.0 -9999.0 -9999.0 -9999.0 -9999.0 -9999.0 -9999.0 -9999.0
-9999.0 -9999.0 -9999.0 -9999.0 -9999.0 -9999.0 -9999.0 -9999.0 -9999.0 -9999.0 -9999.0 -9999.0 -9999.0 10.580123 9.021562 8.097037 9.319325 21.646935 9.439700 11.286759 11.003755 11.592136 12.800476 16.404100 7.114348 11.344203 4.630646 4.544901 2.765567 6.261073 6.941487 10.407479 10.062107 8.304829 8.701894 -0.721515 -9999.0 -9999.0 -9999.0 -9999.0 -9999.0 -9999.0 -9999.0 -9999.0 -9999.0 -9999.0 -9999.0 -9999.0 -9999.0 -9999.0 -9999.0 -9999.0 -9999.0 -9999.0 -9999.0 -9999.0 -9999.0 -9999.0 -9999.0 -9999.0 -9999.0 -9999.0 -9999.0
-9999.0 -9999.0 -9999.0 -9999.0 -9999.0 -9999.0 -9999.0 -9999.0 -9999.0 -9999.0 -9999.0 -9999.0 -9999.0 11.182737 9.973226 8.145781 7.996270 17.438713 22.113651 13.035175 9.790031 14.346917 8.550151 7.848317 10.314849 8.603139 10.959485 10.792192 8.806014 3.405348 4.894127 8.469302 7.016441 2.254204 3.484038 -9999.0 -9999.0 -9999.0 -9999.0 -9999.0 -9999.0 -9999.0 -9999.0 -9999.0 -9999.0 -9999.0 -9999.0 -9999.0 -9999.0 -9999.0 -9999.0 -9999.0 -9999.0 -9999.0 -9999.0 -9999.0 -9999.0 -9999.0 -9999.0 -9999.0 -9999.0 -9999.0 -9999.0
-9999.0 -9999.0 -9999.0 -9999.0 -9999.0 -9999.0 -9999.0 -9999.0 -9999.0 -9999.0 -9999.0 -9999.0 -9999.0 8.996084 12.251967 10.186800 7.172442 8.516337 21.373461 9.428069 14.476742 8.579271 6.080322 6.441205 9.531711 4.421592 12.036227 8.707680 9.192076 4.451583 8.677446 -0.376791 -0.417281 -0.023563 -0.483032 -9999.0 -9999.0 -9999.0 -9999.0 -9999.0 -9999.0 -9999.0 -9999.0 -9999.0 -9999.0 -9999.0 -9999.0 -9999.0 -9999.0 -9999.0 -9999.0 -9999.0 -9999.0 -9999.0 -9999.0 -9999.0 -9999.0 -9999.0 -9999.0 -9999.0 -9999.0 -9999.0 -9999.0
-9999.0 -9999.0 -9999.0 -9999.0 -9999.0 -9999.0 -9999.0 -9999.0 -9999.0 -9999.0 -9999.0 -9999.0 3.386051 11.750136 9.633015 6.757946 5.475555 7.604357 17.559154 10.575039 10.428165 5.207550 4.994603 5.522520 7.846533 9.907695 4.083952 9.690905 11.162428 8.805700 -0.387423 7.938267 7.964941 -0.195202 -9999.0 -9999.0 -9999.0 -9999.0 -9999.0 -9999.0 -9999.0 -9999.0 -9999.0 -9999.0 -9999.0 -9999.0 -9999.0 -9999.0 -9999.0 -9999.0 -9999.0 -9999.0 -9999.0 -9999.0 -9999.0 -9999.0 -9999.0 -9999.0 -9999.0 -9999.0 -9999.0 -9999.0 -9999.0
-9999.0 -9999.0 -9999.0 -9999.0 -9999.0 -9999.0 -9999.0 -9999.0 -9999.0 -9999.0 -9999.0 10.560589 1.259486 7.585822 5.011272 9.852491 4.619946 6.917910 17.607839 10.488344 7.872655 9.099603 11.621136 10.165702 0.686591 10.952470 7.892245 10.474325 10.974005 3.536978 8.275991 9.998242 9.553696 5.912265 6.250742 8.850735 10.943524 14.051133 14.012795 -9999.0 -9999.0 -9999.0 5.174116 -9999.0 -9999.0 -9999.0 -9999.0 -9999.0 -9999.0 -9999.0 -9999.0 -9999.0 -9999.0 -9999.0 -9999.0 -9999.0 -9999.0 -9999.0 -9999.0 -9999.0 -9999.0 -9999.0 -9999.0
-9999.0 -9999.0 -9999.0 -9999.0 -9999.0 -9999.0 -9999.0 -9999.0 -9999.0 -9999.0 -9999.0 10.792758 4.527410 7.367036 6.131620 7.310854 6.729817 7.962472 17.237937 15.988434 15.087537 13.045134 11.816463 3.239949 4.185800 10.695175 10.381949 11.019372 11.499423 6.784488 9.901964 11.252220 9.459423 7.165981 7.091849 11.363841 14.241355 17.001385 16.061228 11.004585 8.377522 6.094280 8.794083 8.434284 -9999.0 -9999.0 -9999.0 0.003153 5.186427 9.184500 9.755980 8.111955 6.694148 5.090654 5.720177 -0.000034 -9999.0 -9999.0 -9999.0 -9999.0 -9999.0 -9999.0 -9999.0
-9999.0 -9999.0 -9999.0 -9999.0 -9999.0 -9999.0 -9999.0 -9999.0 -9999.0 -9999.0 -9999.0 10.954768 8.927282 2.946510 10.560226 9.595465 1.017955 5.484063 14.184243 16.396279 6.899994 8.142596 4.999561 11.598629 10.298147 10.866866 2.197407 6.124898 10.871923 7.635635 9.463111 4.420932 11.248125 8.171080 8.309978 12.832490 6.976675 9.812280 21.205031 13.412602 14.762433 10.295096 12.066835 10.729814 8.271122 -9999.0 -0.060736 7.822366 10.572779 11.336789 11.802679 12.680365 11.786275 11.441880 11.511467 10.723248 -9999.0 -9999.0 -9999.0 -9999.0 -9999.0 -9999.0 -9999.0
-9999.0 -9999.0 -9999.0 -9999.0 -9999.0 -9999.0 -9999.0 -9999.0 -9999.0 -9999.0 -9999.0 -9999.0 10.283074 3.468048 10.519671 10.389959 2.700004 5.662022 15.839311 16.720051 8.082992 8.839522 8.585241 4.538579 3.955682 4.572544 14.030280 11.010108 10.569706 10.149217 10.196865 4.606378 11.315932 9.744681 7.501751 11.789238 6.132508 10.070134 23.913234 17.042303 15.556827 15.717628 6.784232 11.769668 10.455106 7.747975 7.241938 8.544598 3.385193 6.690463 8.267534 6.257330 7.392872 0.479100 3.691409 10.435741 10.906259 -9999.0 -9999.0 -9999.0 -9999.0 -9999.0 -9999.0
-9999.0 -9999.0 -9999.0 -9999.0 -9999.0 -9999.0 -9999.0 -9999.0 -9999.0 -9999.0 -9999.0 3.201492 8.409681 10.457598 3.229683 4.273295 6.925870 5.918134 15.823131 9.462518 8.795237 7.547907 8.713023 4.578487 3.933037 8.299369 0.999342 10.146173 10.213309 11.515907 0.674150 6.484614 11.885472 10.035486 5.759556 11.120431 12.357648 8.498605 7.923585 20.269540 8.257504 9.741405 9.146981 7.433412 12.336527 10.574903 10.829675 11.471049 11.583572 8.275687 0.997884 10.289457 2.802800 2.413388 1.491635 -0.043649 11.830264 -9999.0 -9999.0 -9999.0 -9999.0 -9999.0 -9999.0
-9999.0 -9999.0 -9999.0 -9999.0 -9999.0 -9999.0 -9999.0 -9999.0 -9999.0 -9999.0 11.474351 4.914436 11.415700 10.875574 11.239291 7.545642 7.281938 5.988302 9.002506 9.866009 16.951101 15.733648 6.290192 13.546904 9.257504 8.424356 3.555543 4.150063 11.792657 11.952801 7.592447 6.876678 11.116901 9.693962 5.554207 8.765328 13.034166 5.995894 5.334040 9.606098 10.218313 10.729171 19.341664 6.776852 7.743618 11.736937 10.729002 6.641649 7.744710 8.842420 4.504584 9.366178 1.031524 -0.118265 3.044330 11.429219 12.076109 -9999.0 -9999.0 -9999.0 -9999.0 -9999.0 -9999.0
-9999.0 -9999.0 -9999.0 -9999.0 -9999.0 -9999.0 -9999.0 -9999.0 -9999.0 9.961339 10.893179 3.487123 7.561906 4.624564 4.656035 2.573052 3.548860 13.629352 9.492506 10.392178 17.635254 8.584131 8.402070 10.911191 9.691376 1.409241 4.278319 12.362808 8.470754 8.970543 9.649333 0.354452 9.903068 4.879657 6.714907 9.193676 9.640878 5.131994 5.567818 6.939637 6.571002 0.578971 5.356877 8.123365 7.937898 8.110396 13.668389 7.555675 7.313889 9.792443 1.190795 11.784931 -0.013383 0.000176 10.095841 4.108698 3.133109 12.633187 7.625131 -9999.0 -9999.0 -9999.0 -9999.0
-9999.0 -9999.0 -9999.0 -9999.0 -9999.0 -9999.0 -9999.0 -9999.0 -9999.0 10.678634 10.125530 10.678830 13.837662 8.426528 5.088861 4.904884 12.728179 9.329425 10.471081 18.505023 18.600748 18.542560 15.752610 14.093736 6.306985 3.495169 0.899290 9.464538 10.715464 13.762437 12.410700 3.042780 10.805116 9.290880 10.411094 10.209326 10.809883 11.100945 10.965326 10.571325 1.808932 3.582865 6.847832 8.790608 7.822018 11.100648 10.985942 10.464067 9.548416 9.861292 3.888788 1.998735 3.902017 4.772793 10.775667 1.055385 1.798958 8.260104 13.636000 -9999.0 -9999.0 -9999.0 -9999.0
-9999.0 -9999.0 -9999.0 -9999.0 -9999.0 -9999.0 -9999.0 -9999.0 -9999.0 -9999.0 10.231158 11.252180 7.570015 6.613041 9.270007 0.925213 8.780886 10.985660 11.502285 13.624752 17.985172 9.946932 7.966212 7.089002 2.955640 9.762643 11.126834 11.713163 13.059354 2.138081 3.694872 0.579980 1.863456 8.951797 10.820796 11.600994 13.875252 12.275314 10.831711 9.574694 7.844628 10.889986 12.017890 6.368525 5.701130 6.873237 7.339413 15.012542 12.179885 9.884340 5.844753 1.197579 10.106042 4.907256 0.460520 10.599651 11.818781 10.390116 11.038553 11.363680 -9999.0 -9999.0 -9999.0
-9999.0 -9999.0 -9999.0 -9999.0 -9999.0 -9999.0 -9999.0 -9999.0 -9999.0 -9999.0 10.213268 10.979121 11.417297 8.279724 15.857029 8.321791 8.175396 9.897243 12.104235 14.231749 10.823176 9.338592 8.003558 9.300404 9.707419 11.687585 12.615496 8.555038 0.554502 2.562109 10.330153 11.225758 4.421010 8.088558 9.479660 10.392357 7.085759 6.794354 3.763080 9.046571 9.934290 11.685259 0.595890 10.251680 11.300883 5.161703 7.627341 6.842625 9.284412 12.567387 10.602856 8.050078 4.946653 7.795103 1.150456 1.354072 10.356523 9.299940 11.274579 13.467324 -9999.0 -9999.0 -9999.0
-9999.0 -9999.0 -9999.0 -9999.0 -9999.0 -9999.0 -9999.0 -9999.0 12.371399 11.815647 10.370933 11.181659 0.461212 0.478529 7.050056 9.557247 10.468158 18.862322 14.482484 14.710926 12.335679 11.366280 10.511700 8.959366 11.201628 11.004919 15.549327 6.977996 2.845005 3.583891 6.769020 10.388037 10.891819 8.698169 10.378491 8.477115 11.572596 7.392245 2.476618 9.368192 10.187308 10.358799 3.432481 8.994805 11.518005 12.396792 3.457998 7.155894 7.730438 11.929712 11.332268 0.596000 2.964746 3.774259 1.702037 13.065611 13.571040 15.189821 12.249802 13.018658 -9999.0 -9999.0 -9999.0
-9999.0 -9999.0 -9999.0 -9999.0 -9999.0 -9999.0 -9999.0 -9999.0 0.992279 1.684403 4.039029 10.483765 10.892324 8.156900 0.506005 8.353844 9.775427 10.180800 12.677215 15.192411 23.029407 20.648887 19.218879 18.473953 11.098722 11.536418 9.564717 9.070035 4.210465 11.337136 10.072803 11.439951 11.578136 10.961339 11.268564 11.187752 13.339107 8.383173 4.723936 10.815223 8.488125 3.737029 9.864476 10.969615 12.379767 3.741480 4.055698 11.113858 8.400029 10.024325 13.506778 11.061851 7.242783 13.120203 14.723676 11.239516 10.862680 11.871444 14.087378 16.362527 17.050823 -9999.0 -9999.0
-9999.0 -9999.0 -9999.0 -9999.0 -9999.0 -9999.0 -9999.0 -9999.0 10.397817 12.745262 11.649743 3.563120 12.502403 3.641567 8.615920 7.225314 9.326460 12.679548 12.923947 22.530282 15.825035 21.205753 20.971828 14.818619 19.995457 11.267483 9.363219 6.632606 4.624338 11.862807 11.784904 12.277792 4.233612 4.215127 11.734308 13.020923 0.677052 8.038077 3.950280 3.720219 9.841725 9.382928 10.857221 11.119827 4.080954 11.464271 10.462852 11.666171 2.147254 8.984162 12.440002 13.000758 0.681500 8.825366 12.698204 13.352224 14.179482 14.726861 16.433014 16.723254 16.730750 -9999.0 -9999.0
-9999.0 -9999.0 -9999.0 -9999.0 -9999.0 -9999.0 -9999.0 -9999.0 9.954273 11.858249 9.177904 5.478690 12.992565 1.293750 8.303272 9.453959 12.213204 13.155491 17.570038 13.187135 15.397903 15.940518 21.729823 21.627109 12.054233 10.018322 8.089918 1.342510 12.864568 8.608399 3.569710 0.666917 8.995320 9.018087 4.983928 11.817038 12.718755 8.794760 0.771719 4.378147 9.800183 11.093226 11.567555 12.225270 11.300433 11.996486 12.233260 13.255802 12.230738 0.590566 10.764100 13.659683 14.354130 13.248450 15.165639 15.701526 16.281626 14.580713 15.326942 16.634530 15.350048 11.885772 -9999.0
-9999.0 -9999.0 -9999.0 -9999.0 -9999.0 -9999.0 -9999.0 -9999.0 9.323849 11.677986 9.251907 7.557825 8.702671 9.303370 15.823044 13.255390 16.923207 11.021954 9.675727 11.051000 12.681900 15.837858 16.299247 16.521296 20.174079 9.709888 7.488386 10.045662 10.844500 10.379651 0.510672 9.486242 10.663259 9.745605 0.726071 1.343848 9.609574 10.118734 9.455065 9.331918 4.258429 0.710456 8.723969 0.445495 5.348501 12.649543 0.618166 9.715362 9.618571 12.302133 14.462386 13.726695 14.762053 16.878460 17.034673 16.954757 17.240645 16.907510 16.466421 15.476203 12.618775 10.525299 -9999.0
-9999.0 -9999.0 11.803688 12.155712 3.526102 4.031775 2.442275 4.147264 11.653527 11.717316 8.821822 9.109794 9.719221 12.475307 18.880530 12.751113 9.320920 7.401739 8.972791 9.529679 11.413121 13.742699 15.757982 14.705674 14.872348 11.271398 9.712754 9.579299 10.779100 15.816316 8.137758 7.941772 15.032570 8.930746 11.371637 9.305218 12.715753 11.663425 10.493835 8.521200 10.590128 10.805240 8.861565 10.555417 6.980752 9.366518 10.992381 9.474999 13.327671 14.965621 16.484326 17.013088 17.290362 17.518512 17.455626 23.857153 16.241378 15.744379 14.505419 12.027141 16.095191 9.467935 -9999.0
-9999.0 1.518004 0.767796 1.576360 3.761180 8.256869 0.814249 4.065028 3.713445 11.305800 1.288310 8.541099 10.757641 17.147304 17.968253 9.260428 9.126037 2.805392 8.982452 9.761703 11.933984 13.465935 18.550637 14.206711 21.786276 15.209391 19.902848 19.559515 14.454774 13.156347 12.871616 12.215200 12.168576 18.377842 13.859917 14.337970 15.251479 13.681283 14.726172 13.937049 13.569517 13.375720 12.854501 10.285903 9.679008 10.425053 13.364832 13.024170 16.015929 14.758332 16.192735 16.297404 15.949457 15.998939 16.040637 15.331097 12.722547 12.142625 12.907665 15.297802 9.215822 8.957765 -9999.0
-9999.0 13.635732 9.133943 9.325662 15.381835 9.255823 3.834100 4.329854 11.952861 11.780910 3.153299 8.350034 10.869427 18.159378 10.045971 7.610481 3.147630 3.588095 10.128449 9.734120 15.840454 12.728789 14.214711 15.751664 23.226608 23.880808 14.400033 15.967849 15.372803 13.606760 13.390176 12.746756 14.234230 14.403436 19.939875 15.712612 23.516796 24.277439 17.064233 16.611675 16.170751 15.732221 14.669548 12.887629 13.284231 13.645673 15.679035 16.000945 15.523002 15.686078 14.552597 12.407172 12.449645 13.418055 12.943054 11.440791 11.294806 10.062914 9.425057 8.407124 8.103997 -9999.0 -9999.0
