user2019/resources/simulation/Vinschgau/output-maps/TL0006N1271.asc
ncols         63
nrows         48
xllcorner     598000.000000
yllcorner     5145000.000000
cellsize      1000.000000
NODATA_value  -9999.0
[rows 0 to 27 of 48, columns 0 to 62 of 63]
-9999.0 -9999.0 -9999.0 -9999.0 -9999.0 -9999.0 -9999.0 -9999.0 -9999.0 -9999.0 -9999.0 -9999.0 -9999.0 -9999.0 -9999.0 -9999.0 -9999.0 -9999.0 -9999.0 -9999.0 -9999.0 -9999.0 -9999.0 -9999.0 -9999.0 -9999.0 -9999.0 -9999.0 -9999.0 -9999.0 -9999.0 -9999.0 -9999.0 -9999.0 -9999.0 -9999.0 -9999.0 -9999.0 -9999.0 -9999.0 -9999.0 -9999.0 -9999.0 -9999.0 -9999.0 -9999.0 -9999.0 -9999.0 -9999.0 -9999.0 -9999.0 -9999.0 -9999.0 -9999.0 -9999.0 -9999.0 -9999.0 -9999.0 -9999.0 -9999.0 -9999.0 -9999.0 -9999.0
-9999.0 -9999.0 -9999.0 -9999.0 -9999.0 -9999.0 -9999.0 -9999.0 -9999.0 -9999.0 -9999.0 -9999.0 -9999.0 -9999.0 -9999.0 -9999.0 -9999.0 -9999.0 -9999.0 -9999.0 -9999.0 -9999.0 -9999.0 -9999.0 -9999.0 -9999.0 -9999.0 3.225657 1.494794 3.902539 0.894262 0.637423 -0.016527 -9999.0 -9999.0 -9999.0 -9999.0 -9999.0 -9999.0 -9999.0 -9999.0 -9999.0 -9999.0 -9999.0 -9999.0 -9999.0 -9999.0 -9999.0 -9999.0 -9999.0 -9999.0 -9999.0 -9999.0 -9999.0 -9999.0 -9999.0 -9999.0 -9999.0 -9999.0 -9999.0 -9999.0 -9999.0 -9999.0
-9999.0 -9999.0 -9999.0 -9999.0 -9999.0 -9999.0 -9999.0 -9999.0 -9999.0 -9999.0 -9999.0 -9999.0 -9999.0 -9999.0 -9999.0 -9999.0 -9999.0 -9999.0 -9999.0 -9999.0 -9999.0 -9999.0 -9999.0 -9999.0 1.570870 2.206833 2.684111 1.525576 1.928078 2.563346 0.732939 -9999.0 -9999.0 -9999.0 -9999.0 -9999.0 -9999.0 -9999.0 -9999.0 -9999.0 -9999.0 -9999.0 -9999.0 -9999.0 -9999.0 -9999.0 -9999.0 -9999.0 -9999.0 -9999.0 -9999.0 -9999.0 -9999.0 -9999.0 -9999.0 -9999.0 -9999.0 -9999.0 -9999.0 -9999.0 -9999.0 -9999.0 -9999.0
-9999.0 -9999.0 -9999.0 -9999.0 -9999.0 -9999.0 -9999.0 -9999.0 -9999.0 -9999.0 -9999.0 -9999.0 -9999.0 -9999.0 -9999.0 -9999.0 -9999.0 -9999.0 -9999.0 -9999.0 -9999.0 -9999.0 -9999.0 2.498336 3.548525 4.345413 4.465995 4.585769 4.978719 3.030869 0.747672 0.288846 -9999.0 -9999.0 -9999.0 -9999.0 -9999.0 -9999.0 -9999.0 -9999.0 -9999.0 -9999.0 -9999.0 -9999.0 -9999.0 -9999.0 -9999.0 -9999.0 -9999.0 -9999.0 -9999.0 -9999.0 -9999.0 -9999.0 -9999.0 -9999.0 -9999.0 -9999.0 -9999.0 -9999.0 -9999.0 -9999.0 -9999.0
-9999.0 -9999.0 -9999.0 -9999.0 -9999.0 -9999.0 -9999.0 -9999.0 -9999.0 -9999.0 -9999.0 -9999.0 -9999.0 -9999.0 -9999.0 -9999.0 -9999.0 -9999.0 7.522213 3.616743 -9999.0 3.060643 3.606837 4.069384 4.022254 4.782747 4.976310 5.652740 2.960351 1.762498 2.622890 0.850315 1.502304 2.036397 -9999.0 -9999.0 -9999.0 -9999.0 -9999.0 -9999.0 -9999.0 -9999.0 -9999.0 -9999.0 -9999.0 -9999.0 -9999.0 -9999.0 -9999.0 -9999.0 -9999.0 -9999.0 -9999.0 -9999.0 -9999.0 -9999.0 -9999.0 -9999.0 -9999.0 -9999.0 -9999.0 -9999.0 -9999.0
-9999.0 -9999.0 -9999.0 -9999.0 -9999.0 -9999.0 -9999.0 -9999.0 -9999.0 -9999.0 -9999.0 -9999.0 -9999.0 -9999.0 -9999.0 -9999.0 -9999.0 5.466762 4.135147 4.995529 6.165620 1.082636 2.150214 3.904278 6.139752 0.419517 -0.039606 1.422543 -0.029698 2.634740 4.124395 2.780291 4.373050 3.034020 1.460248 1.802496 -9999.0 -9999.0 -9999.0 -9999.0 -9999.0 -9999.0 -9999.0 -9999.0 -9999.0 -9999.0 -9999.0 -9999.0 -9999.0 -9999.0 -9999.0 -9999.0 -9999.0 -9999.0 -9999.0 -9999.0 -9999.0 -9999.0 -9999.0 -9999.0 -9999.0 -9999.0 -9999.0
-9999.0 -9999.0 -9999.0 -9999.0 -9999.0 -9999.0 -9999.0 -9999.0 -9999.0 -9999.0 -9999.0 -9999.0 -9999.0 6.603170 3.755010 3.853987 5.169138 13.105937 5.230061 4.444637 4.269643 3.947752 4.707285 6.428912 -0.004549 3.572858 0.128925 -0.041230 -0.040510 -0.003868 -0.254888 2.800676 1.743985 0.942150 2.194816 1.672469 -9999.0 -9999.0 -9999.0 -9999.0 -9999.0 -9999.0 -9999.0 -9999.0 -9999.0 -9999.0 -9999.0 -9999.0 -9999.0 -9999.0 -9999.0 -9999.0 -9999.0 -9999.0 -9999.0 -9999.0 -9999.0 -9999.0 -9999.0 -9999.0 -9999.0 -9999.0 -9999.0
-9999.0 -9999.0 -9999.0 -9999.0 -9999.0 -9999.0 -9999.0 -9999.0 -9999.0 -9999.0 -9999.0 -9999.0 -9999.0 7.129984 5.361335 4.557251 4.375211 12.063319 13.209726 6.353706 4.482848 8.203706 3.119038 1.895865 3.096212 1.493630 1.780091 3.762780 2.444834 -0.051038 -0.062780 0.899539 1.726975 0.859265 1.137902 -9999.0 -9999.0 -9999.0 -9999.0 -9999.0 -9999.0 -9999.0 -9999.0 -9999.0 -9999.0 -9999.0 -9999.0 -9999.0 -9999.0 -9999.0 -9999.0 -9999.0 -9999.0 -9999.0 -9999.0 -9999.0 -9999.0 -9999.0 -9999.0 -9999.0 -9999.0 -9999.0 -9999.0
-9999.0 -9999.0 -9999.0 -9999.0 -9999.0 -9999.0 -9999.0 -9999.0 -9999.0 -9999.0 -9999.0 -9999.0 -9999.0 5.532157 5.459405 6.747408 4.241716 4.998744 13.645968 5.337875 9.735733 4.068632 0.705055 -0.006936 3.260961 2.577231 4.761132 2.160873 0.306903 1.027610 0.664790 0.788424 0.947411 -5.015682 1.766489 -9999.0 -9999.0 -9999.0 -9999.0 -9999.0 -9999.0 -9999.0 -9999.0 -9999.0 -9999.0 -9999.0 -9999.0 -9999.0 -9999.0 -9999.0 -9999.0 -9999.0 -9999.0 -9999.0 -9999.0 -9999.0 -9999.0 -9999.0 -9999.0 -9999.0 -9999.0 -9999.0 -9999.0
-9999.0 -9999.0 -9999.0 -9999.0 -9999.0 -9999.0 -9999.0 -9999.0 -9999.0 -9999.0 -9999.0 -9999.0 4.368450 4.984895 6.420186 4.894984 2.884493 4.542999 13.046805 6.916479 4.632446 0.453707 0.882954 -0.018331 -0.328086 1.686273 -1.410677 0.674461 1.289748 1.605531 -0.002933 1.513492 0.211029 1.968443 -9999.0 -9999.0 -9999.0 -9999.0 -9999.0 -9999.0 -9999.0 -9999.0 -9999.0 -9999.0 -9999.0 -9999.0 -9999.0 -9999.0 -9999.0 -9999.0 -9999.0 -9999.0 -9999.0 -9999.0 -9999.0 -9999.0 -9999.0 -9999.0 -9999.0 -9999.0 -9999.0 -9999.0 -9999.0
-9999.0 -9999.0 -9999.0 -9999.0 -9999.0 -9999.0 -9999.0 -9999.0 -9999.0 -9999.0 -9999.0 6.092956 5.862833 2.920309 5.968244 9.178091 6.176204 4.863786 12.646170 8.346823 3.176531 3.766843 3.922855 2.413651 0.993911 2.316636 0.545897 1.102921 -0.003811 1.464954 1.740113 1.669794 2.168675 1.880065 1.634594 2.654520 0.647234 1.812981 2.144241 -9999.0 -9999.0 -9999.0 1.764021 -9999.0 -9999.0 -9999.0 -9999.0 -9999.0 -9999.0 -9999.0 -9999.0 -9999.0 -9999.0 -9999.0 -9999.0 -9999.0 -9999.0 -9999.0 -9999.0 -9999.0 -9999.0 -9999.0 -9999.0
-9999.0 -9999.0 -9999.0 -9999.0 -9999.0 -9999.0 -9999.0 -9999.0 -9999.0 -9999.0 -9999.0 5.521066 5.706905 7.372949 7.107649 8.617985 8.126087 5.315632 12.814851 9.758923 9.596757 6.311705 3.223143 -0.603485 -0.411859 1.310722 0.947760 2.198268 3.836390 1.949294 0.985439 2.222620 0.266516 0.197020 0.209841 1.025766 2.959685 3.556501 2.169847 1.742525 1.981834 2.045139 0.835666 1.729853 -9999.0 -9999.0 -9999.0 -0.013148 -0.013510 0.654298 -0.013558 0.254215 0.325326 -0.035509 -0.036748 0.302450 -9999.0 -9999.0 -9999.0 -9999.0 -9999.0 -9999.0 -9999.0
-9999.0 -9999.0 -9999.0 -9999.0 -9999.0 -9999.0 -9999.0 -9999.0 -9999.0 -9999.0 -9999.0 5.198761 5.933943 2.097830 8.401614 9.306989 3.664377 4.257338 11.080011 9.640282 2.647561 0.652813 -0.178525 1.489959 1.406062 3.345162 -0.256930 -1.876032 2.833741 0.241600 2.378690 -0.522702 2.251662 0.186712 1.706528 2.606555 -0.350647 -0.493953 4.647144 2.432624 1.977040 0.672680 2.242070 1.080252 -0.001148 -9999.0 1.545233 -0.002077 0.797163 1.383528 2.456025 4.085522 1.217041 0.640325 0.664748 -0.000260 -9999.0 -9999.0 -9999.0 -9999.0 -9999.0 -9999.0 -9999.0
-9999.0 -9999.0 -9999.0 -9999.0 -9999.0 -9999.0 -9999.0 -9999.0 -9999.0 -9999.0 -9999.0 -9999.0 5.695773 -0.006802 7.349135 7.749179 1.173294 3.279482 12.007731 9.448757 2.528576 1.237080 -0.041838 -0.191244 -0.811705 -0.293351 1.565611 2.656718 0.821267 1.891714 0.916301 -0.328192 2.851107 0.658122 0.275804 1.779555 -0.242729 -0.768043 5.298763 3.933968 4.031937 4.635933 -0.153506 2.643543 2.063671 -0.001641 0.855902 -0.000413 -0.784511 -0.154853 -0.020430 -0.665674 -2.082704 -1.094678 -0.844189 0.449407 -0.003793 -9999.0 -9999.0 -9999.0 -9999.0 -9999.0 -9999.0
-9999.0 -9999.0 -9999.0 -9999.0 -9999.0 -9999.0 -9999.0 -9999.0 -9999.0 -9999.0 -9999.0 -0.076093 3.715405 7.253661 -0.010173 1.135183 2.671368 2.568900 11.431134 4.478059 2.798334 0.906315 -0.011944 -0.257082 -0.242146 -0.878940 -0.225769 0.706350 0.612772 3.646405 -0.285800 -0.447719 3.380753 0.704260 0.190539 1.019751 1.879422 -0.059371 0.661843 5.678221 -0.059743 -0.008627 -0.032918 0.109257 3.668105 0.729664 1.233483 3.592469 4.306031 -0.015575 -1.368785 0.762346 -1.469710 -3.529261 -5.230942 -4.146602 1.024645 -9999.0 -9999.0 -9999.0 -9999.0 -9999.0 -9999.0
-9999.0 -9999.0 -9999.0 -9999.0 -9999.0 -9999.0 -9999.0 -9999.0 -9999.0 -9999.0 1.806823 -0.043067 3.533529 3.979682 5.471425 -0.004199 -0.005317 -0.005041 3.643057 4.122722 7.320562 5.114864 -0.227149 4.158939 -0.014513 -0.618834 -0.478616 -2.274088 2.897991 3.221463 -0.139966 -0.873754 2.968213 0.662313 2.027946 2.432300 2.794603 -0.147391 -0.223949 0.958034 1.168007 2.348042 7.968564 1.115720 -0.019061 3.702670 1.969378 -0.070987 -0.365024 -0.007018 -2.513531 0.644447 -5.634766 -0.835910 -0.024064 0.592128 0.678100 -9999.0 -9999.0 -9999.0 -9999.0 -9999.0 -9999.0
-9999.0 -9999.0 -9999.0 -9999.0 -9999.0 -9999.0 -9999.0 -9999.0 -9999.0 1.808922 2.111656 -0.033835 -0.026684 -0.061729 -0.067125 -0.036465 -0.019477 6.300389 3.574744 4.163374 7.736136 0.979916 0.475724 1.630234 0.600430 -0.928771 -0.915558 3.102761 -0.037566 -0.018966 0.649879 -1.120045 2.696237 1.669454 2.129802 2.341667 2.772189 -0.331264 -0.197186 -0.059744 -0.444534 -0.332720 -0.181353 1.724370 1.349885 -0.028115 4.765358 -0.114970 -0.106962 0.702162 -0.484456 0.874327 -2.989160 -0.007542 0.011759 -1.861341 -1.226770 1.703251 0.297731 -9999.0 -9999.0 -9999.0 -9999.0
-9999.0 -9999.0 -9999.0 -9999.0 -9999.0 -9999.0 -9999.0 -9999.0 -9999.0 1.996982 1.619903 3.441742 4.028268 -0.004387 -0.021319 -0.068332 4.592318 1.541913 4.140594 8.879379 8.427432 8.092745 5.685733 3.646443 -0.550983 -0.371185 -0.060243 -0.009915 1.259033 3.724131 3.148017 -1.502314 1.243440 0.228558 0.830356 2.322210 3.074722 4.468387 1.657962 3.538934 -0.240682 -0.460053 -0.039663 1.562575 2.813318 2.994113 2.722609 1.324935 -0.004739 0.925540 -2.382519 -3.389635 -0.382708 -0.627008 0.666080 -2.627069 -1.233415 -0.511232 2.858023 -9999.0 -9999.0 -9999.0 -9999.0
-9999.0 -9999.0 -9999.0 -9999.0 -9999.0 -9999.0 -9999.0 -9999.0 -9999.0 -9999.0 0.904317 3.221907 -0.026677 -0.299308 0.459769 -0.019428 -0.005547 3.010397 4.918279 5.913432 8.520845 2.790422 -0.004091 -0.144503 -0.248646 -0.019007 0.820390 1.811659 3.068041 -1.073660 -1.403402 -1.713241 -1.679402 0.558460 1.539926 3.363370 3.029304 3.226693 3.080119 1.066403 0.820663 2.949504 3.421805 -0.025922 -0.003393 -0.004101 1.790918 5.955929 4.311842 0.984501 -1.345076 -0.895058 -0.006219 -0.527744 -0.687170 -0.004098 0.725987 -0.624302 -0.049262 -0.012620 -9999.0 -9999.0 -9999.0
-9999.0 -9999.0 -9999.0 -9999.0 -9999.0 -9999.0 -9999.0 -9999.0 -9999.0 -9999.0 0.770445 2.059474 2.878872 -0.017914 4.571055 0.321338 -0.005677 2.669606 5.346896 6.649023 3.463851 1.601279 -0.004406 -0.027915 -0.016457 1.323304 2.478709 -0.003263 -0.765905 -1.421999 1.000340 1.692177 -1.673844 0.261206 1.054337 3.498941 -0.550728 -0.060122 -0.608821 0.658727 1.171376 5.759005 -0.075030 3.008559 2.265164 -0.125962 -0.006563 -0.003209 3.181206 3.375157 0.585534 -0.542794 -2.176474 0.150389 -0.949044 -0.512639 -0.013619 -0.125409 1.451498 2.638330 -9999.0 -9999.0 -9999.0
-9999.0 -9999.0 -9999.0 -9999.0 -9999.0 -9999.0 -9999.0 -9999.0 1.412569 0.877347 0.582578 1.494905 -0.304807 -0.044083 -0.036881 1.661602 3.000196 8.877595 6.890463 7.048882 5.189059 4.122882 3.253470 1.562574 1.256747 1.944552 4.661738 -0.357913 -0.416985 -1.331714 0.835919 1.030596 1.061962 0.309032 1.250905 1.745976 5.056912 -0.044309 -1.992624 2.483820 3.875111 2.895717 -1.322037 2.893750 4.901197 1.772046 -1.820096 -0.045163 -0.002281 3.064160 1.073021 -0.415031 -1.222583 -3.843267 -0.308234 0.230751 1.883413 3.269413 1.412232 4.535193 -9999.0 -9999.0 -9999.0
-9999.0 -9999.0 -9999.0 -9999.0 -9999.0 -9999.0 -9999.0 -9999.0 -1.953946 -0.612369 -1.110927 0.591981 1.667947 -1.069321 -0.433417 -0.004419 1.982237 2.571760 5.555070 7.590684 12.586572 11.299819 10.939021 9.981761 3.454863 3.422080 0.849009 -0.044316 -1.594526 0.651879 0.200202 2.830001 1.672696 3.194415 1.512984 2.605440 6.256800 0.397033 -0.043404 2.671592 1.043669 0.830747 3.438405 2.843703 1.438115 -0.131426 -1.746500 2.291992 -0.036562 1.512929 2.488250 -0.023950 -3.511351 -0.005412 1.088750 -1.619033 -0.162268 -0.012539 3.443792 6.440030 7.437899 -9999.0 -9999.0
-9999.0 -9999.0 -9999.0 -9999.0 -9999.0 -9999.0 -9999.0 -9999.0 1.013272 1.061744 0.542478 -1.650091 1.429246 -1.178711 -0.106897 -0.343958 0.289643 3.978912 5.493190 12.213806 8.043616 11.452021 11.592249 6.705101 9.032069 3.297426 0.387734 -0.718211 -2.121798 1.045278 3.431570 2.693758 -0.584177 -0.383309 3.294311 5.575066 0.335327 1.805661 -0.023234 -0.067270 2.583027 3.920642 1.680249 1.034898 -0.336328 1.524782 2.338202 1.011939 -0.683855 -0.002393 2.672775 0.906277 -3.230748 -4.110870 -0.039577 -0.025601 1.645905 3.165926 6.373459 6.698433 7.143412 -9999.0 -9999.0
-9999.0 -9999.0 -9999.0 -9999.0 -9999.0 -9999.0 -9999.0 -9999.0 0.775730 2.444454 -0.058808 -2.094620 1.260273 -0.367122 -0.235408 0.204797 4.031147 5.285931 8.924292 5.743765 7.483404 7.890106 10.931522 10.116285 3.692849 1.098503 -0.009260 -1.443724 2.758654 -0.232780 -0.102483 -0.050076 0.182100 -0.027080 -0.028162 4.956594 7.328563 4.168353 0.794915 -0.024793 3.308720 3.529276 3.439292 4.897248 1.189467 3.803339 3.033682 4.311354 1.411028 -0.172427 -0.003367 2.373587 0.989281 -0.036678 1.235374 2.221317 4.002499 4.926468 5.802661 6.879971 5.901285 2.791205 -9999.0
-9999.0 -9999.0 -9999.0 -9999.0 -9999.0 -9999.0 -9999.0 -9999.0 -0.028520 1.245824 -1.233595 -1.063024 -0.353973 -0.133203 3.677036 3.021405 6.138081 2.545147 0.963494 2.956479 4.822845 7.293034 7.498195 7.179349 8.273218 0.307359 -0.579491 -0.016436 0.480957 -0.007336 -0.110949 0.846734 2.944487 1.832404 1.100243 2.573858 4.320036 6.147480 5.519789 2.839005 1.374391 1.197011 1.398628 0.390434 -0.134520 3.850579 -0.037788 -0.050343 -0.039518 0.761925 2.251913 1.799427 2.033605 2.426413 3.057415 3.459231 4.165682 5.281516 6.114370 6.278897 4.268253 2.201066 -9999.0
-9999.0 -9999.0 2.385891 1.474052 -2.400608 -0.448338 -1.321666 -1.399163 0.346166 0.592309 -0.314937 -0.476341 -0.083980 0.266416 5.074128 2.142362 -0.003309 -0.718644 -0.049325 -0.004138 2.826960 5.545723 6.698752 6.203273 5.281698 2.098530 -0.005638 0.302191 2.663679 4.958870 -0.004242 0.941051 7.708865 3.493741 5.505835 4.733476 7.978582 8.398949 7.305839 4.627396 5.694825 5.726596 4.364471 3.448960 -0.002750 1.030192 2.265986 1.496423 3.725192 4.715079 5.530895 4.883709 3.871577 3.336527 3.231783 8.153809 3.932815 4.501374 4.465591 3.621866 6.319994 1.414265 -9999.0
-9999.0 -0.067752 -0.215779 -0.204187 -0.389352 -0.372961 -0.987983 -1.154515 -2.024425 0.321821 -1.217141 -0.402851 -0.006060 4.392988 3.945847 -0.280750 -0.284572 -0.606636 -0.324376 -0.004563 2.600441 4.365063 8.530304 4.985204 9.451179 5.079820 7.670954 7.923924 5.803553 4.286259 4.395592 4.568621 6.291692 10.705165 8.582887 9.851900 11.501752 11.296020 11.659499 10.036293 9.116010 8.989510 8.322663 4.915986 3.617414 4.010844 5.589416 6.013606 7.396651 6.172563 5.813426 4.663812 3.719558 2.899384 2.820536 2.280757 0.835976 1.196619 2.084356 4.427294 0.591842 1.205745 -9999.0
-9999.0 4.485698 -0.025673 -0.031124 2.463914 -0.048754 -1.993546 -1.587241 -0.001327 0.444539 -0.960487 -0.746026 0.294860 4.168877 -0.068984 -2.156971 -1.053726 -0.772871 -0.699423 -0.011324 4.836003 2.088137 3.159560 3.724451 9.529292 10.620722 5.525424 6.971490 6.940440 6.488922 6.632877 6.408495 8.074243 8.964713 13.488150 11.978566 18.436511 19.424995 14.547148 13.473018 12.762977 11.731058 10.660598 8.158657 8.018146 7.890165 8.627390 8.335258 7.711392 6.863216 4.928409 2.139939 0.981564 1.556600 0.699558 -0.004755 -0.288744 -0.021891 -0.006098 -0.044667 -0.003718 -9999.0 -9999.0
