user2019/resources/simulation/Vinschgau/output-maps/TL0003N0724.asc
ncols         63
nrows         48
xllcorner     598000.000000
yllcorner     5145000.000000
cellsize      1000.000000
NODATA_value  -9999.0
[rows 0 to 28 of 48, columns 0 to 62 of 63]
-9999.0 -9999.0 -9999.0 -9999.0 -9999.0 -9999.0 -9999.0 -9999.0 -9999.0 -9999.0 -9999.0 -9999.0 -9999.0 -9999.0 -9999.0 -9999.0 -9999.0 -9999.0 -9999.0 -9999.0 -9999.0 -9999.0 -9999.0 -9999.0 -9999.0 -9999.0 -9999.0 -9999.0 -9999.0 -9999.0 -9999.0 -9999.0 -9999.0 -9999.0 -9999.0 -9999.0 -9999.0 -9999.0 -9999.0 -9999.0 -9999.0 -9999.0 -9999.0 -9999.0 -9999.0 -9999.0 -9999.0 -9999.0 -9999.0 -9999.0 -9999.0 -9999.0 -9999.0 -9999.0 -9999.0 -9999.0 -9999.0 -9999.0 -9999.0 -9999.0 -9999.0 -9999.0 -9999.0
-9999.0 -9999.0 -9999.0 -9999.0 -9999.0 -9999.0 -9999.0 -9999.0 -9999.0 -9999.0 -9999.0 -9999.0 -9999.0 -9999.0 -9999.0 -9999.0 -9999.0 -9999.0 -9999.0 -9999.0 -9999.0 -9999.0 -9999.0 -9999.0 -9999.0 -9999.0 -9999.0 2.382762 3.010241 2.703651 1.359981 0.445466 0.907611 -9999.0 -9999.0 -9999.0 -9999.0 -9999.0 -9999.0 -9999.0 -9999.0 -9999.0 -9999.0 -9999.0 -9999.0 -9999.0 -9999.0 -9999.0 -9999.0 -9999.0 -9999.0 -9999.0 -9999.0 -9999.0 -9999.0 -9999.0 -9999.0 -9999.0 -9999.0 -9999.0 -9999.0 -9999.0 -9999.0
-9999.0 -9999.0 -9999.0 -9999.0 -9999.0 -9999.0 -9999.0 -9999.0 -9999.0 -9999.0 -9999.0 -9999.0 -9999.0 -9999.0 -9999.0 -9999.0 -9999.0 -9999.0 -9999.0 -9999.0 -9999.0 -9999.0 -9999.0 -9999.0 2.932489 3.594014 3.996375 3.816011 4.121596 3.398497 1.269750 -9999.0 -9999.0 -9999.0 -9999.0 -9999.0 -9999.0 -9999.0 -9999.0 -9999.0 -9999.0 -9999.0 -9999.0 -9999.0 -9999.0 -9999.0 -9999.0 -9999.0 -9999.0 -9999.0 -9999.0 -9999.0 -9999.0 -9999.0 -9999.0 -9999.0 -9999.0 -9999.0 -9999.0 -9999.0 -9999.0 -9999.0 -9999.0
-9999.0 -9999.0 -9999.0 -9999.0 -9999.0 -9999.0 -9999.0 -9999.0 -9999.0 -9999.0 -9999.0 -9999.0 -9999.0 -9999.0 -9999.0 -9999.0 -9999.0 -9999.0 -9999.0 -9999.0 -9999.0 -9999.0 -9999.0 3.368924 4.548629 6.334937 6.388153 6.544871 5.144552 3.577501 2.256270 1.473202 -9999.0 -9999.0 -9999.0 -9999.0 -9999.0 -9999.0 -9999.0 -9999.0 -9999.0 -9999.0 -9999.0 -9999.0 -9999.0 -9999.0 -9999.0 -9999.0 -9999.0 -9999.0 -9999.0 -9999.0 -9999.0 -9999.0 -9999.0 -9999.0 -9999.0 -9999.0 -9999.0 -9999.0 -9999.0 -9999.0 -9999.0
-9999.0 -9999.0 -9999.0 -9999.0 -9999.0 -9999.0 -9999.0 -9999.0 -9999.0 -9999.0 -9999.0 -9999.0 -9999.0 -9999.0 -9999.0 -9999.0 -9999.0 -9999.0 4.998330 3.902677 -9999.0 3.021221 3.988116 6.430650 3.695816 7.202304 5.584377 5.572362 7.581131 5.802575 3.764237 2.252943 2.152801 1.061828 -9999.0 -9999.0 -9999.0 -9999.0 -9999.0 -9999.0 -9999.0 -9999.0 -9999.0 -9999.0 -9999.0 -9999.0 -9999.0 -9999.0 -9999.0 -9999.0 -9999.0 -9999.0 -9999.0 -9999.0 -9999.0 -9999.0 -9999.0 -9999.0 -9999.0 -9999.0 -9999.0 -9999.0 -9999.0
-9999.0 -9999.0 -9999.0 -9999.0 -9999.0 -9999.0 -9999.0 -9999.0 -9999.0 -9999.0 -9999.0 -9999.0 -9999.0 -9999.0 -9999.0 -9999.0 -9999.0 8.384899 6.567354 4.852429 3.139382 2.739197 5.528647 3.113167 7.723291 4.989344 4.084347 3.762757 3.068702 2.342170 4.835900 3.716191 3.978166 2.458217 1.349630 0.027454 -9999.0 -9999.0 -9999.0 -9999.0 -9999.0 -9999.0 -9999.0 -9999.0 -9999.0 -9999.0 -9999.0 -9999.0 -9999.0 -9999.0 -9999.0 -9999.0 -9999.0 -9999.0 -9999.0 -9999.0 -9999.0 -9999.0 -9999.0 -9999.0 -9999.0 -9999.0 -9999.0
-9999.0 -9999.0 -9999.0 -9999.0 -9999.0 -9999.0 -9999.0 -9999.0 -9999.0 -9999.0 -9999.0 -9999.0 -9999.0 2.465879 5.081205 5.193247 7.882147 9.764773 7.913702 5.962851 4.211731 4.327619 2.440900 7.443805 4.434137 1.808005 2.124461 2.827128 4.120242 3.667864 4.135985 2.066575 1.712576 0.134604 0.316382 -0.241581 -9999.0 -9999.0 -9999.0 -9999.0 -9999.0 -9999.0 -9999.0 -9999.0 -9999.0 -9999.0 -9999.0 -9999.0 -9999.0 -9999.0 -9999.0 -9999.0 -9999.0 -9999.0 -9999.0 -9999.0 -9999.0 -9999.0 -9999.0 -9999.0 -9999.0 -9999.0 -9999.0
-9999.0 -9999.0 -9999.0 -9999.0 -9999.0 -9999.0 -9999.0 -9999.0 -9999.0 -9999.0 -9999.0 -9999.0 -9999.0 3.091178 5.718415 6.127879 6.484722 6.546906 9.720393 7.549814 6.529327 4.483437 5.142898 3.952269 3.672085 2.352468 2.107200 0.811446 0.418568 1.572718 2.983682 0.033130 -0.036213 -0.004146 -0.451165 -9999.0 -9999.0 -9999.0 -9999.0 -9999.0 -9999.0 -9999.0 -9999.0 -9999.0 -9999.0 -9999.0 -9999.0 -9999.0 -9999.0 -9999.0 -9999.0 -9999.0 -9999.0 -9999.0 -9999.0 -9999.0 -9999.0 -9999.0 -9999.0 -9999.0 -9999.0 -9999.0 -9999.0
-9999.0 -9999.0 -9999.0 -9999.0 -9999.0 -9999.0 -9999.0 -9999.0 -9999.0 -9999.0 -9999.0 -9999.0 -9999.0 5.597058 5.624610 6.003972 5.661417 5.965782 9.981230 6.771379 4.720472 2.958963 3.031992 3.079072 5.278654 4.122531 2.773377 -0.165603 2.319528 0.000447 0.033138 -0.979164 -0.116749 -0.005357 -0.308048 -9999.0 -9999.0 -9999.0 -9999.0 -9999.0 -9999.0 -9999.0 -9999.0 -9999.0 -9999.0 -9999.0 -9999.0 -9999.0 -9999.0 -9999.0 -9999.0 -9999.0 -9999.0 -9999.0 -9999.0 -9999.0 -9999.0 -9999.0 -9999.0 -9999.0 -9999.0 -9999.0 -9999.0
-9999.0 -9999.0 -9999.0 -9999.0 -9999.0 -9999.0 -9999.0 -9999.0 -9999.0 -9999.0 -9999.0 -9999.0 4.562856 4.867588 5.308017 1.641407 2.818286 5.763789 8.490199 6.037026 5.028871 3.688420 3.001954 2.932327 4.530869 0.223439 2.488065 1.420899 2.901447 -0.303381 0.014680 2.074472 1.498174 0.050151 -9999.0 -9999.0 -9999.0 -9999.0 -9999.0 -9999.0 -9999.0 -9999.0 -9999.0 -9999.0 -9999.0 -9999.0 -9999.0 -9999.0 -9999.0 -9999.0 -9999.0 -9999.0 -9999.0 -9999.0 -9999.0 -9999.0 -9999.0 -9999.0 -9999.0 -9999.0 -9999.0 -9999.0 -9999.0
-9999.0 -9999.0 -9999.0 -9999.0 -9999.0 -9999.0 -9999.0 -9999.0 -9999.0 -9999.0 -9999.0 1.737524 2.418640 3.504848 1.956507 0.952860 2.223434 5.074925 8.404859 5.966339 5.220623 4.703855 2.513295 1.774150 3.652277 1.775204 0.083395 2.784355 2.493735 -0.138295 1.989948 3.959994 1.688756 1.103806 1.986911 2.463623 3.094639 4.354624 4.301332 -9999.0 -9999.0 -9999.0 1.911640 -9999.0 -9999.0 -9999.0 -9999.0 -9999.0 -9999.0 -9999.0 -9999.0 -9999.0 -9999.0 -9999.0 -9999.0 -9999.0 -9999.0 -9999.0 -9999.0 -9999.0 -9999.0 -9999.0 -9999.0
-9999.0 -9999.0 -9999.0 -9999.0 -9999.0 -9999.0 -9999.0 -9999.0 -9999.0 -9999.0 -9999.0 0.923629 2.357892 3.599124 2.998852 0.081438 5.031576 5.867165 8.455949 6.494061 5.826865 4.116004 2.750897 1.426918 1.992007 1.646047 3.006440 3.793145 2.208728 0.017240 3.314638 3.261728 2.366117 1.412518 1.990590 3.034055 4.940219 5.834385 4.218521 2.067859 2.385191 1.955459 2.299058 1.407256 -9999.0 -9999.0 -9999.0 1.871432 2.111350 2.324422 2.428608 2.227003 1.925180 1.858913 1.671897 0.014044 -9999.0 -9999.0 -9999.0 -9999.0 -9999.0 -9999.0 -9999.0
-9999.0 -9999.0 -9999.0 -9999.0 -9999.0 -9999.0 -9999.0 -9999.0 -9999.0 -9999.0 -9999.0 1.569523 0.280620 1.449594 1.268798 1.680153 1.730033 3.649414 6.570114 7.912019 4.890431 3.938931 2.765748 3.138433 0.576986 3.387405 3.489647 1.996727 1.039632 0.951265 1.452368 2.935884 3.451876 1.116004 2.031744 4.109426 1.576381 1.482895 7.329195 3.481098 4.501398 2.310518 2.613469 1.769859 1.291437 -9999.0 0.788979 2.257603 2.681837 2.854200 4.417069 2.993886 2.655298 2.904636 2.575446 2.258474 -9999.0 -9999.0 -9999.0 -9999.0 -9999.0 -9999.0 -9999.0
-9999.0 -9999.0 -9999.0 -9999.0 -9999.0 -9999.0 -9999.0 -9999.0 -9999.0 -9999.0 -9999.0 -9999.0 1.051969 0.793593 2.055115 2.102771 1.697704 4.709319 7.312941 8.216904 5.889424 3.931270 4.403078 3.560339 1.874226 3.107839 5.207798 1.264956 1.748023 2.504493 3.241315 3.300119 3.313091 1.971478 0.884492 2.581494 1.574971 5.068837 8.255127 5.432854 5.702789 6.768556 2.790236 2.775633 1.693668 1.865386 2.235626 2.127674 1.123003 2.178457 4.962500 1.087404 3.847853 0.933693 0.683466 0.110420 1.240940 -9999.0 -9999.0 -9999.0 -9999.0 -9999.0 -9999.0
-9999.0 -9999.0 -9999.0 -9999.0 -9999.0 -9999.0 -9999.0 -9999.0 -9999.0 -9999.0 -9999.0 1.474826 0.162536 1.691287 2.082050 2.133956 3.268722 3.781939 7.100860 7.751049 5.556827 4.978232 4.202418 2.894354 3.213494 4.581758 2.571143 0.522670 3.138129 3.641095 3.670773 4.177695 4.510351 1.630519 0.212075 1.552842 1.105622 4.180693 6.156575 8.305177 2.664043 2.745709 1.821774 4.221776 5.412045 1.580835 2.418023 2.460314 2.816696 2.663015 0.524086 0.385453 0.180789 -0.144126 -0.001255 0.063839 1.191422 -9999.0 -9999.0 -9999.0 -9999.0 -9999.0 -9999.0
-9999.0 -9999.0 -9999.0 -9999.0 -9999.0 -9999.0 -9999.0 -9999.0 -9999.0 -9999.0 3.255831 1.799594 2.849912 2.469755 3.493892 3.811890 2.807333 4.164504 7.333964 7.942989 7.497444 5.516294 4.377365 5.620730 5.180219 4.386217 2.430567 1.824456 4.847517 5.187193 4.903839 0.838836 2.644913 0.848467 -0.797630 1.766498 2.770249 1.563999 1.448438 0.413867 0.581606 1.190238 1.424883 1.037541 1.476914 1.379999 2.369842 2.816454 4.027432 0.440624 1.320960 0.006498 -0.098380 0.026561 0.030510 2.692361 2.017305 -9999.0 -9999.0 -9999.0 -9999.0 -9999.0 -9999.0
-9999.0 -9999.0 -9999.0 -9999.0 -9999.0 -9999.0 -9999.0 -9999.0 -9999.0 1.324520 2.270809 2.070872 3.537606 2.204905 3.293985 2.508334 2.183405 5.597061 7.621225 8.695782 7.883463 6.363481 6.251613 6.722630 5.300167 3.656348 2.792252 5.636374 5.276542 5.637587 0.296808 2.989129 0.005190 -0.002102 1.972281 1.865988 1.385315 1.305146 1.157041 2.042319 1.603913 2.852035 1.884620 5.371586 4.867215 4.101116 6.615006 4.344400 4.248194 5.986915 3.100992 1.041718 -0.005807 -0.267698 1.756577 1.553617 1.036199 2.774076 2.181912 -9999.0 -9999.0 -9999.0 -9999.0
-9999.0 -9999.0 -9999.0 -9999.0 -9999.0 -9999.0 -9999.0 -9999.0 -9999.0 1.191364 1.027609 2.540346 6.727607 2.740387 3.923124 2.839699 4.742390 5.248371 8.434511 10.009296 9.700212 9.876092 6.359341 5.047846 3.972082 3.091201 5.077040 5.949287 0.427669 1.178285 4.308944 2.915323 1.599999 1.304306 3.044845 3.443298 2.478715 2.622157 1.416828 1.736574 0.774354 0.668245 3.060143 0.992129 0.542834 0.429320 0.347436 1.471064 0.773767 0.632464 1.062416 0.245622 0.206602 0.789049 0.275810 0.237002 2.454376 3.445318 3.190168 -9999.0 -9999.0 -9999.0 -9999.0
-9999.0 -9999.0 -9999.0 -9999.0 -9999.0 -9999.0 -9999.0 -9999.0 -9999.0 -9999.0 1.828586 3.079781 2.696715 5.040054 5.442918 4.485208 4.443263 6.497198 9.156492 9.641381 7.720160 7.185970 4.584986 4.130013 3.894150 6.069279 0.405638 0.368634 4.775105 3.659849 3.198327 1.005353 0.045725 1.224621 4.061291 4.821889 5.283813 4.252162 1.441531 1.000625 0.617943 2.637253 2.102906 1.636708 4.488353 4.715772 1.121169 6.818805 8.120518 1.323163 0.931552 2.665982 1.690265 0.809717 0.046416 1.190167 1.330817 5.474905 5.740808 5.595880 -9999.0 -9999.0 -9999.0
-9999.0 -9999.0 -9999.0 -9999.0 -9999.0 -9999.0 -9999.0 -9999.0 -9999.0 -9999.0 1.935781 2.399506 2.713650 3.229485 8.815144 5.987250 5.920481 7.970654 9.831639 10.236549 8.980855 6.732907 5.286821 4.667216 5.386306 8.091122 0.456868 3.299022 4.413177 0.069344 1.129849 2.894069 1.901415 0.164393 1.572978 1.737423 0.465258 4.143014 0.773384 0.363601 2.083900 1.781799 0.948775 1.479024 1.928297 2.163164 2.231118 2.631061 0.493759 7.629919 0.718364 3.064266 1.297792 1.393829 1.273155 2.531857 0.645444 4.075192 0.544555 8.228704 -9999.0 -9999.0 -9999.0
-9999.0 -9999.0 -9999.0 -9999.0 -9999.0 -9999.0 -9999.0 -9999.0 4.077855 3.272232 2.984790 2.444343 2.503253 2.684913 4.567435 7.829557 6.879013 10.886469 10.695775 10.821538 10.611371 8.874860 7.802687 5.637339 6.683869 0.834215 9.075130 2.354295 1.095111 1.364818 0.053890 1.708614 1.892840 1.912717 2.707875 0.074138 1.894429 4.323081 0.991869 1.345035 1.724099 1.875435 0.334067 0.523106 4.132541 1.939602 1.142386 3.380827 0.847425 7.931549 0.479848 4.156317 2.162672 0.035415 2.403803 3.158256 3.125995 5.770581 0.355302 9.089603 -9999.0 -9999.0 -9999.0
-9999.0 -9999.0 -9999.0 -9999.0 -9999.0 -9999.0 -9999.0 -9999.0 1.957892 2.618579 1.556581 0.860273 2.046174 2.700595 3.908242 4.693326 7.234863 7.537454 10.396005 11.304453 12.451728 11.632233 10.264367 8.987645 8.649439 0.727562 0.676075 5.253844 0.812455 2.772931 2.604460 3.727983 2.780951 2.898466 3.218079 3.168030 2.562225 0.313466 3.555089 1.846143 0.407727 0.000171 0.996442 2.785198 2.826922 2.847422 0.326159 1.822987 4.094948 0.488884 7.665239 4.634886 1.806740 2.965577 4.609832 4.345383 4.725968 0.538302 8.496597 11.334920 11.734208 -9999.0 -9999.0
-9999.0 -9999.0 -9999.0 -9999.0 -9999.0 -9999.0 -9999.0 -9999.0 1.796712 3.650149 2.478079 1.425946 4.781716 2.032146 2.724215 4.888946 5.831911 4.179251 11.074779 12.117423 11.666075 12.195985 11.745787 10.456738 11.174436 8.357171 6.703461 4.559642 2.622651 4.014693 4.091727 5.200069 2.004009 2.869939 2.194532 6.423261 4.429811 6.631416 4.176558 2.931204 1.496023 1.907151 2.202611 2.162112 0.906848 1.253546 1.974671 2.067570 2.134892 4.879811 0.599106 0.307281 2.720124 2.085796 4.999854 0.314216 0.390964 8.421193 10.452765 10.968903 11.586099 -9999.0 -9999.0
-9999.0 -9999.0 -9999.0 -9999.0 -9999.0 -9999.0 -9999.0 -9999.0 1.324341 3.725309 0.426085 2.583412 4.391327 2.735010 5.054079 4.775935 10.078477 11.321015 8.594000 11.422701 11.103027 11.574244 12.232790 11.728502 9.156062 6.910770 4.941918 3.769996 5.616573 4.910643 4.100804 4.474432 5.470012 5.083265 3.841876 5.014770 6.496378 0.639373 5.097891 3.472801 1.030169 2.976633 2.953128 3.677575 2.333563 2.280795 3.214119 3.763299 3.817179 4.485686 0.415703 0.514677 0.367130 5.136256 6.784623 7.716367 9.384058 9.767568 11.098815 11.566407 10.157450 8.256553 -9999.0
-9999.0 -9999.0 -9999.0 -9999.0 -9999.0 -9999.0 -9999.0 -9999.0 2.740264 3.774243 2.438504 2.849451 2.365151 1.040547 9.391885 9.139062 8.507581 8.707384 7.115260 7.992337 10.632271 11.215241 11.318914 10.960386 9.099164 6.523871 4.744725 5.219396 6.100489 5.945750 4.428003 5.393058 0.396854 5.537571 5.175994 5.716130 6.603464 0.563565 0.610727 5.930248 4.889745 5.127390 5.641821 4.881285 3.123798 5.304007 4.437846 5.303386 5.134826 0.378203 7.902172 7.128900 0.508833 7.932669 8.893527 9.159769 9.904075 10.427603 10.419482 10.075317 0.670049 0.585756 -9999.0
-9999.0 -9999.0 3.586394 3.707136 2.096955 2.343050 2.596710 2.168879 3.713037 3.197461 2.600584 2.065164 0.626436 9.051762 11.804510 9.305994 0.697110 4.314088 3.158367 6.640674 8.239022 10.467192 10.939695 12.290081 9.965375 7.720701 6.682192 6.804098 7.054226 7.658837 5.836455 5.709644 8.833172 0.562769 7.490049 7.675071 9.153617 0.669470 0.665499 6.967777 7.376419 7.542604 0.548021 6.403047 4.850930 5.328637 0.359664 0.510590 7.950738 8.757278 9.906876 10.027444 9.694597 9.400185 9.077243 10.053506 8.958703 9.171290 0.358131 0.634980 0.444507 0.646107 -9999.0
-9999.0 2.507435 2.468703 2.426569 2.330544 2.341535 2.071662 1.629747 0.930568 2.694877 1.238868 1.664200 9.093268 10.595777 9.962137 0.533563 2.256362 1.350539 5.125117 6.888646 9.130593 9.215221 10.615447 11.154322 12.258863 10.489570 11.074887 11.189640 9.102927 8.261191 8.677364 0.404678 0.412733 10.577825 9.588339 11.257907 12.261321 12.540477 12.174324 11.214284 10.666555 10.308521 9.639553 0.573130 0.499410 7.920716 9.453335 9.749449 10.721372 9.631473 9.944893 9.446937 8.562359 8.206573 8.097501 7.021530 6.555093 6.972870 0.370201 0.470680 0.573157 0.637050 -9999.0
-9999.0 3.768003 2.860171 4.874364 7.008973 2.781830 2.839251 1.719335 3.552074 4.011219 1.140615 0.882173 9.033417 10.205280 8.325887 4.893493 1.024593 1.193459 2.756846 6.537093 1.238355 9.044699 0.840182 0.540636 12.582193 13.278577 12.564125 11.833049 11.140333 10.759153 11.509405 10.697110 9.926471 10.401536 12.051845 12.466152 14.809628 16.569307 14.300959 13.648242 12.827841 12.121562 11.147151 11.032271 11.558979 11.229944 11.719448 11.554396 10.498150 10.256033 8.367717 0.532825 6.394688 0.552188 6.396379 0.401265 0.445271 1.108762 1.574480 0.674341 0.579383 -9999.0 -9999.0
-9999.0 3.063438 3.291152 3.300915 3.982796 6.619171 6.661604 3.515458 2.350644 1.116122 0.563974 1.317537 9.576894 0.470719 6.753810 2.880955 0.850011 1.135188 4.128653 6.306857 0.526044 0.953107 0.831606 12.664692 12.535100 11.057435 10.940265 10.820127 11.064907 10.786646 11.151610 11.820829 11.353103 10.682871 11.898570 12.385778 13.253466 14.824437 13.874756 13.583135 13.206267 14.069690 12.305663 12.380234 12.111794 11.422538 9.900194 9.382347 8.374905 7.764543 0.458649 4.983650 0.822742 0.302157 0.983291 3.792020 4.001251 4.009277 4.413417 -9999.0 -9999.0 -9999.0 -9999.0
