user2019/resources/simulation/Vinschgau/output-maps/TL0005N0614.asc
ncols         63
nrows         48
xllcorner     598000.000000
yllcorner     5145000.000000
cellsize      1000.000000
NODATA_value  -9999.0
[rows 0 to 27 of 48, columns 0 to 62 of 63]
-9999.0 -9999.0 -9999.0 -9999.0 -9999.0 -9999.0 -9999.0 -9999.0 -9999.0 -9999.0 -9999.0 -9999.0 -9999.0 -9999.0 -9999.0 -9999.0 -9999.0 -9999.0 -9999.0 -9999.0 -9999.0 -9999.0 -9999.0 -9999.0 -9999.0 -9999.0 -9999.0 -9999.0 -9999.0 -9999.0 -9999.0 -9999.0 -9999.0 -9999.0 -9999.0 -9999.0 -9999.0 -9999.0 -9999.0 -9999.0 -9999.0 -9999.0 -9999.0 -9999.0 -9999.0 -9999.0 -9999.0 -9999.0 -9999.0 -9999.0 -9999.0 -9999.0 -9999.0 -9999.0 -9999.0 -9999.0 -9999.0 -9999.0 -9999.0 -9999.0 -9999.0 -9999.0 -9999.0
-9999.0 -9999.0 -9999.0 -9999.0 -9999.0 -9999.0 -9999.0 -9999.0 -9999.0 -9999.0 -9999.0 -9999.0 -9999.0 -9999.0 -9999.0 -9999.0 -9999.0 -9999.0 -9999.0 -9999.0 -9999.0 -9999.0 -9999.0 -9999.0 -9999.0 -9999.0 -9999.0 10.923442 11.784227 11.416560 10.725282 9.987202 10.662155 -9999.0 -9999.0 -9999.0 -9999.0 -9999.0 -9999.0 -9999.0 -9999.0 -9999.0 -9999.0 -9999.0 -9999.0 -9999.0 -9999.0 -9999.0 -9999.0 -9999.0 -9999.0 -9999.0 -9999.0 -9999.0 -9999.0 -9999.0 -9999.0 -9999.0 -9999.0 -9999.0 -9999.0 -9999.0 -9999.0
-9999.0 -9999.0 -9999.0 -9999.0 -9999.0 -9999.0 -9999.0 -9999.0 -9999.0 -9999.0 -9999.0 -9999.0 -9999.0 -9999.0 -9999.0 -9999.0 -9999.0 -9999.0 -9999.0 -9999.0 -9999.0 -9999.0 -9999.0 -9999.0 12.009645 12.441194 12.821178 12.455278 12.808392 12.500409 10.532180 -9999.0 -9999.0 -9999.0 -9999.0 -9999.0 -9999.0 -9999.0 -9999.0 -9999.0 -9999.0 -9999.0 -9999.0 -9999.0 -9999.0 -9999.0 -9999.0 -9999.0 -9999.0 -9999.0 -9999.0 -9999.0 -9999.0 -9999.0 -9999.0 -9999.0 -9999.0 -9999.0 -9999.0 -9999.0 -9999.0 -9999.0 -9999.0
-9999.0 -9999.0 -9999.0 -9999.0 -9999.0 -9999.0 -9999.0 -9999.0 -9999.0 -9999.0 -9999.0 -9999.0 -9999.0 -9999.0 -9999.0 -9999.0 -9999.0 -9999.0 -9999.0 -9999.0 -9999.0 -9999.0 -9999.0 12.304739 13.229595 14.062872 14.230057 14.144693 14.225359 12.708520 11.078190 10.348893 -9999.0 -9999.0 -9999.0 -9999.0 -9999.0 -9999.0 -9999.0 -9999.0 -9999.0 -9999.0 -9999.0 -9999.0 -9999.0 -9999.0 -9999.0 -9999.0 -9999.0 -9999.0 -9999.0 -9999.0 -9999.0 -9999.0 -9999.0 -9999.0 -9999.0 -9999.0 -9999.0 -9999.0 -9999.0 -9999.0 -9999.0
-9999.0 -9999.0 -9999.0 -9999.0 -9999.0 -9999.0 -9999.0 -9999.0 -9999.0 -9999.0 -9999.0 -9999.0 -9999.0 -9999.0 -9999.0 -9999.0 -9999.0 -9999.0 13.943242 12.825652 -9999.0 12.141918 12.831699 14.309845 14.467258 15.603964 15.558012 15.628684 16.024380 14.427010 12.536131 11.256836 9.864716 7.845089 -9999.0 -9999.0 -9999.0 -9999.0 -9999.0 -9999.0 -9999.0 -9999.0 -9999.0 -9999.0 -9999.0 -9999.0 -9999.0 -9999.0 -9999.0 -9999.0 -9999.0 -9999.0 -9999.0 -9999.0 -9999.0 -9999.0 -9999.0 -9999.0 -9999.0 -9999.0 -9999.0 -9999.0 -9999.0
-9999.0 -9999.0 -9999.0 -9999.0 -9999.0 -9999.0 -9999.0 -9999.0 -9999.0 -9999.0 -9999.0 -9999.0 -9999.0 -9999.0 -9999.0 -9999.0 -9999.0 15.371689 13.539495 12.337166 12.790581 12.218106 13.414872 14.065024 16.993602 12.263986 11.222820 11.740734 11.471814 13.159116 13.723896 12.515926 12.057999 10.865559 9.149531 7.278153 -9999.0 -9999.0 -9999.0 -9999.0 -9999.0 -9999.0 -9999.0 -9999.0 -9999.0 -9999.0 -9999.0 -9999.0 -9999.0 -9999.0 -9999.0 -9999.0 -9999.0 -9999.0 -9999.0 -9999.0 -9999.0 -9999.0 -9999.0 -9999.0 -9999.0 -9999.0 -9999.0
-9999.0 -9999.0 -9999.0 -9999.0 -9999.0 -9999.0 -9999.0 -9999.0 -9999.0 -9999.0 -9999.0 -9999.0 -9999.0 11.759908 13.037624 13.204426 14.632463 20.482282 15.025401 14.360855 14.499523 15.264400 16.174914 16.738950 11.704458 11.906434 9.830192 9.694294 11.709264 12.312931 11.651103 11.995761 11.416826 10.311568 9.698032 5.967075 -9999.0 -9999.0 -9999.0 -9999.0 -9999.0 -9999.0 -9999.0 -9999.0 -9999.0 -9999.0 -9999.0 -9999.0 -9999.0 -9999.0 -9999.0 -9999.0 -9999.0 -9999.0 -9999.0 -9999.0 -9999.0 -9999.0 -9999.0 -9999.0 -9999.0 -9999.0 -9999.0
-9999.0 -9999.0 -9999.0 -9999.0 -9999.0 -9999.0 -9999.0 -9999.0 -9999.0 -9999.0 -9999.0 -9999.0 -9999.0 12.181270 13.711984 13.442912 13.184582 17.567543 20.410979 16.159875 14.722879 15.559094 13.129221 12.701929 13.856767 12.750509 11.401096 10.321187 9.818788 9.854788 9.540252 10.019673 9.090370 6.858991 7.056134 -9999.0 -9999.0 -9999.0 -9999.0 -9999.0 -9999.0 -9999.0 -9999.0 -9999.0 -9999.0 -9999.0 -9999.0 -9999.0 -9999.0 -9999.0 -9999.0 -9999.0 -9999.0 -9999.0 -9999.0 -9999.0 -9999.0 -9999.0 -9999.0 -9999.0 -9999.0 -9999.0 -9999.0
-9999.0 -9999.0 -9999.0 -9999.0 -9999.0 -9999.0 -9999.0 -9999.0 -9999.0 -9999.0 -9999.0 -9999.0 -9999.0 13.455602 13.937620 14.134210 12.639396 13.762718 20.470754 14.716676 14.990208 13.232229 10.749320 11.282736 13.612444 10.599134 11.654432 9.130902 10.575920 8.717436 9.688518 0.837573 5.765581 0.801099 6.801075 -9999.0 -9999.0 -9999.0 -9999.0 -9999.0 -9999.0 -9999.0 -9999.0 -9999.0 -9999.0 -9999.0 -9999.0 -9999.0 -9999.0 -9999.0 -9999.0 -9999.0 -9999.0 -9999.0 -9999.0 -9999.0 -9999.0 -9999.0 -9999.0 -9999.0 -9999.0 -9999.0 -9999.0
-9999.0 -9999.0 -9999.0 -9999.0 -9999.0 -9999.0 -9999.0 -9999.0 -9999.0 -9999.0 -9999.0 -9999.0 12.893096 13.392538 13.672413 12.124505 10.619754 12.847181 18.047750 13.569006 13.613546 11.384852 10.100750 9.922464 11.628470 10.220215 9.448131 10.334799 11.854057 8.803286 1.168783 9.764398 10.058090 5.194318 -9999.0 -9999.0 -9999.0 -9999.0 -9999.0 -9999.0 -9999.0 -9999.0 -9999.0 -9999.0 -9999.0 -9999.0 -9999.0 -9999.0 -9999.0 -9999.0 -9999.0 -9999.0 -9999.0 -9999.0 -9999.0 -9999.0 -9999.0 -9999.0 -9999.0 -9999.0 -9999.0 -9999.0 -9999.0
-9999.0 -9999.0 -9999.0 -9999.0 -9999.0 -9999.0 -9999.0 -9999.0 -9999.0 -9999.0 -9999.0 11.292866 10.742137 10.962924 11.615241 10.841962 9.889037 12.139667 18.003133 13.461921 12.543650 13.429233 12.146952 11.181012 11.312853 11.442550 9.112136 11.582209 11.374650 1.087126 9.584560 12.218850 10.118483 8.503135 9.499900 10.856866 12.793635 14.169895 14.737100 -9999.0 -9999.0 -9999.0 9.131363 -9999.0 -9999.0 -9999.0 -9999.0 -9999.0 -9999.0 -9999.0 -9999.0 -9999.0 -9999.0 -9999.0 -9999.0 -9999.0 -9999.0 -9999.0 -9999.0 -9999.0 -9999.0 -9999.0 -9999.0
-9999.0 -9999.0 -9999.0 -9999.0 -9999.0 -9999.0 -9999.0 -9999.0 -9999.0 -9999.0 -9999.0 10.615381 10.416369 11.079434 11.588244 10.344829 12.827164 13.563482 17.922894 15.310814 14.844389 13.357693 12.214980 8.223392 9.377994 11.106684 11.479262 12.404877 11.207630 7.757904 11.659757 12.415126 10.556765 9.729591 10.503845 13.340194 16.743918 17.273696 15.260010 12.309028 12.493362 11.325314 11.904361 10.153574 -9999.0 -9999.0 -9999.0 8.509955 9.705231 10.586849 10.876926 9.846186 9.591487 9.591242 10.074556 1.210739 -9999.0 -9999.0 -9999.0 -9999.0 -9999.0 -9999.0 -9999.0
-9999.0 -9999.0 -9999.0 -9999.0 -9999.0 -9999.0 -9999.0 -9999.0 -9999.0 -9999.0 -9999.0 11.132709 10.554959 9.380544 10.973416 10.931053 9.466809 10.452224 15.439830 16.881131 11.643366 11.467725 9.834545 12.060287 10.748598 11.826810 9.576948 10.122820 9.924181 9.154807 10.083781 10.112846 12.444859 9.596575 10.413704 14.830162 12.436121 13.356937 18.509462 14.061651 14.800604 12.887395 14.465624 12.107018 10.160704 -9999.0 8.272077 10.613911 12.156253 13.153777 13.561706 13.262656 13.077663 12.621423 12.587833 11.850090 -9999.0 -9999.0 -9999.0 -9999.0 -9999.0 -9999.0 -9999.0
-9999.0 -9999.0 -9999.0 -9999.0 -9999.0 -9999.0 -9999.0 -9999.0 -9999.0 -9999.0 -9999.0 -9999.0 10.913180 8.476321 12.130515 11.336159 8.711615 11.046969 16.316351 17.112384 11.890306 12.118869 11.972446 10.835286 8.323359 9.479441 13.945577 11.283216 10.804294 10.202847 11.533974 9.373668 12.455196 10.853653 10.619169 13.299988 11.043709 13.322827 20.212033 16.199498 17.117697 16.288044 11.671766 13.447104 10.633634 10.316634 9.855862 10.729569 9.264958 11.810590 12.953879 11.054249 11.917768 9.618828 10.169773 11.585051 11.662849 -9999.0 -9999.0 -9999.0 -9999.0 -9999.0 -9999.0
-9999.0 -9999.0 -9999.0 -9999.0 -9999.0 -9999.0 -9999.0 -9999.0 -9999.0 -9999.0 -9999.0 8.101421 10.420285 11.320830 9.652177 9.722058 10.588699 10.687582 16.287014 13.972985 12.465678 11.877413 11.847368 9.393274 9.606813 11.950981 10.733044 10.129063 11.240303 11.601739 9.547781 11.357291 13.363713 10.549341 9.064469 12.780961 13.122325 12.409322 14.024167 19.467621 11.990105 13.139901 13.074895 11.902773 13.861448 11.074742 12.410358 12.252185 13.081840 13.120281 10.012310 11.224368 9.304945 8.347847 8.271682 9.824927 11.399921 -9999.0 -9999.0 -9999.0 -9999.0 -9999.0 -9999.0
-9999.0 -9999.0 -9999.0 -9999.0 -9999.0 -9999.0 -9999.0 -9999.0 -9999.0 -9999.0 12.474967 9.490186 12.049758 12.278207 13.067014 11.028023 10.630999 10.649353 13.656313 14.289797 16.252048 14.920897 10.686828 14.367415 12.454946 11.638629 8.869662 8.455477 12.796842 13.326095 11.995974 11.308939 12.112166 10.056113 7.375260 10.224640 14.447733 11.263513 11.861130 14.810255 14.294240 13.903378 17.848940 13.258129 11.979280 11.654227 12.580351 11.834797 12.650406 12.960743 9.419056 10.051416 7.196734 0.972284 9.770044 12.776595 12.548846 -9999.0 -9999.0 -9999.0 -9999.0 -9999.0 -9999.0
-9999.0 -9999.0 -9999.0 -9999.0 -9999.0 -9999.0 -9999.0 -9999.0 -9999.0 10.741083 11.785995 8.943307 10.769044 9.861597 9.391816 9.324156 9.744050 14.975762 13.921690 14.979417 17.863680 12.795166 12.372582 14.081216 12.727978 10.085871 9.405060 13.504142 12.149212 12.671963 13.206927 9.141237 9.220851 7.701873 8.978068 10.097421 11.791645 10.234553 9.286956 11.619035 12.112668 10.845474 10.848635 13.995441 13.379654 12.449848 15.206415 11.998858 12.029453 13.750154 10.439013 10.805107 0.916810 1.228842 10.893823 10.502580 11.142513 12.412719 11.334536 -9999.0 -9999.0 -9999.0 -9999.0
-9999.0 -9999.0 -9999.0 -9999.0 -9999.0 -9999.0 -9999.0 -9999.0 -9999.0 10.745747 10.870122 11.879445 14.699831 11.832855 11.073212 10.309794 14.169655 12.914329 14.792963 19.089383 18.901242 18.722725 16.123782 14.636859 10.482469 9.774446 11.608275 12.652403 14.247852 14.478161 13.531697 8.914389 11.066057 9.613272 11.108307 11.774178 12.214884 12.594708 11.933141 12.646485 9.989249 8.472830 11.711081 13.241434 14.054910 15.227230 15.086474 14.244627 13.781046 13.729998 10.247725 8.217781 8.494111 10.329434 11.559397 8.767312 10.818037 11.199729 13.425405 -9999.0 -9999.0 -9999.0 -9999.0
-9999.0 -9999.0 -9999.0 -9999.0 -9999.0 -9999.0 -9999.0 -9999.0 -9999.0 -9999.0 10.861964 12.301625 11.034419 11.633562 12.684051 11.761686 12.271606 14.042389 15.674255 16.710623 18.247457 13.786144 12.023611 11.379364 10.047931 12.479015 13.679953 14.574814 13.624851 9.159742 8.975920 10.327772 7.292025 9.824234 12.187170 13.222984 13.985524 12.916530 10.629896 10.463690 9.594187 12.985694 13.956642 11.208796 11.704251 12.019581 13.007353 16.721818 16.060616 14.002904 11.432969 11.520355 10.886917 1.335316 1.482303 12.013658 13.410672 14.353348 14.752230 14.557226 -9999.0 -9999.0 -9999.0
-9999.0 -9999.0 -9999.0 -9999.0 -9999.0 -9999.0 -9999.0 -9999.0 -9999.0 -9999.0 10.856888 11.657285 12.362094 11.679133 17.085931 12.542262 12.339682 14.122941 16.506516 17.117995 15.158793 13.592180 12.335905 12.387775 12.560565 14.469671 15.153653 12.402641 10.200918 7.436154 10.701706 12.215918 8.230471 8.799959 10.437624 11.992673 11.664376 11.127720 9.184606 9.510322 11.236378 12.741744 0.271297 11.741554 12.784213 11.027506 12.001069 12.474419 14.649325 16.272588 14.434467 0.340628 10.701858 11.894893 10.333100 11.478184 11.818814 13.357138 15.995714 16.922151 -9999.0 -9999.0 -9999.0
-9999.0 -9999.0 -9999.0 -9999.0 -9999.0 -9999.0 -9999.0 -9999.0 12.468289 12.026167 11.877028 11.929565 9.655890 9.983020 11.254388 13.805771 14.698885 19.507650 17.583429 17.674319 16.721496 15.747200 14.938779 13.547616 14.356785 14.465845 15.717983 10.728020 9.163801 7.947823 1.327262 10.754979 10.842200 9.591909 11.044655 9.678465 13.009344 11.275826 7.953077 9.225030 10.427892 11.783200 8.559521 9.805360 12.676594 13.936909 9.155281 11.524399 13.123198 16.132680 14.941599 13.282073 11.855240 9.451045 12.621402 14.258255 14.264404 16.455965 15.985773 17.482952 -9999.0 -9999.0 -9999.0
-9999.0 -9999.0 -9999.0 -9999.0 -9999.0 -9999.0 -9999.0 -9999.0 9.726964 9.764372 8.734290 11.093191 12.014448 10.161846 10.866405 12.469504 13.760589 14.255682 16.842967 18.294358 22.437571 20.975535 19.629909 18.716490 15.496286 15.167993 13.162515 11.658072 8.986847 11.024608 10.272209 10.778221 11.351248 10.232412 11.370522 11.800164 14.230568 11.968462 9.092950 11.109861 9.593210 8.279825 9.907977 12.165840 13.849896 10.455035 9.223177 12.556825 12.622429 14.911497 16.787215 14.271110 11.414301 14.274174 16.040801 14.784979 14.522711 15.521240 17.644286 19.617149 20.112805 -9999.0 -9999.0
-9999.0 -9999.0 -9999.0 -9999.0 -9999.0 -9999.0 -9999.0 -9999.0 11.054774 13.191806 12.883552 8.737354 12.966404 9.285255 10.434517 11.370559 13.209175 15.598346 17.098261 21.904108 18.825894 21.450186 21.235994 17.842098 20.185560 14.494023 12.848567 10.377155 8.313169 11.935114 11.361217 13.057679 9.171147 9.359992 12.068926 13.794234 0.875735 12.370568 9.137899 9.238447 10.348489 9.953258 11.273401 11.971311 9.440210 11.739119 11.116134 12.695495 10.806171 13.854027 17.034295 16.122742 13.476758 13.260536 16.043860 16.522728 17.383620 18.029840 19.198005 19.691260 19.688943 -9999.0 -9999.0
-9999.0 -9999.0 -9999.0 -9999.0 -9999.0 -9999.0 -9999.0 -9999.0 9.582292 12.672444 11.786886 8.957463 13.138134 11.298033 11.959579 13.135114 15.939350 17.346693 17.885708 17.342419 18.295022 18.863938 21.645331 21.071930 15.796671 13.412138 11.641282 9.396398 13.683138 11.738906 9.964575 11.294041 12.103720 11.936330 9.146712 12.333732 13.533386 12.929799 0.536176 9.636033 10.476703 11.492190 11.908914 11.691704 11.496484 11.863671 13.176567 13.418603 14.232313 13.376715 15.146901 17.996579 17.251161 16.463545 18.138760 18.609297 19.289677 18.672009 19.674408 19.642043 18.203644 15.848757 -9999.0
-9999.0 -9999.0 -9999.0 -9999.0 -9999.0 -9999.0 -9999.0 -9999.0 10.632104 12.453154 0.338550 11.039993 12.145185 12.691206 16.617529 16.167059 17.019110 14.591219 13.394047 14.947939 16.803587 18.600610 18.826300 18.709153 18.943388 13.251814 11.001363 12.422917 13.235418 13.080887 10.711967 12.559029 13.950381 12.457826 0.291701 0.312508 12.242891 13.744326 12.956197 11.707303 10.842129 0.415579 12.136146 11.693312 10.124768 13.754490 12.230769 13.465073 13.412496 15.407099 17.574346 18.031934 18.756858 19.713364 19.730476 19.677334 20.102991 19.895205 19.460817 18.409159 16.549334 14.907634 -9999.0
-9999.0 -9999.0 12.206816 12.417286 9.929162 9.906703 10.746342 9.738062 11.674907 12.010287 0.329349 12.826905 12.967857 14.808869 19.236335 14.951454 12.788275 10.887683 11.637172 13.192058 15.153395 17.803138 18.344669 18.385518 17.137324 14.673956 13.206991 13.130521 14.072710 15.956340 11.518095 11.878039 16.434613 12.692074 13.913601 12.433374 14.667793 14.671880 13.475548 11.582998 13.156430 13.814098 13.095355 13.545735 11.392543 12.873519 14.379984 13.898968 16.209809 18.225121 19.676569 20.217841 20.152945 20.298381 20.166498 23.586392 19.009279 18.544270 17.460881 16.361376 17.060706 13.982461 -9999.0
-9999.0 10.923846 10.881493 10.702785 10.527957 11.133816 10.567043 8.406022 8.034649 11.360033 9.713899 11.846426 13.968299 17.470015 17.474902 12.437526 11.317672 9.366893 11.538151 13.186416 15.394838 16.584133 20.435263 17.754622 21.241520 17.191703 19.540663 19.677032 16.716253 15.599021 15.298462 14.877363 14.829876 17.673401 15.705537 16.541206 16.927197 16.295286 16.528284 15.702904 15.671987 15.868255 15.629131 13.587805 13.678004 14.552600 16.664080 17.256208 19.223850 19.628222 19.233738 19.217990 18.727444 18.743662 18.734588 17.978130 16.720125 16.256122 15.880492 16.272033 13.744346 13.599190 -9999.0
-9999.0 13.361020 11.858108 11.986526 15.159568 11.747812 9.259873 8.698752 11.944983 12.397796 10.559564 11.650970 14.093533 17.712999 13.072305 10.607851 9.256009 9.562941 12.700597 13.022838 16.162170 14.933970 16.560089 17.577025 21.637510 22.320337 17.922610 18.295381 17.860586 17.560919 17.420289 16.759447 15.993849 16.310378 19.337673 17.967958 22.275228 22.758899 18.396501 18.537586 18.359804 17.449279 16.947011 16.775358 17.584827 18.112765 19.005633 19.248001 18.484778 18.701092 17.348778 16.504179 16.478545 17.427446 16.916656 15.468425 15.443682 14.322015 13.840861 12.889005 12.679062 -9999.0 -9999.0
