user2019/resources/simulation/Vinschgau/output-maps/TL0004N0350.asc
ncols         63
nrows         48
xllcorner     598000.000000
yllcorner     5145000.000000
cellsize      1000.000000
NODATA_value  -9999.0
[rows 0 to 27 of 48, columns 0 to 62 of 63]
-9999.0 -9999.0 -9999.0 -9999.0 -9999.0 -9999.0 -9999.0 -9999.0 -9999.0 -9999.0 -9999.0 -9999.0 -9999.0 -9999.0 -9999.0 -9999.0 -9999.0 -9999.0 -9999.0 -9999.0 -9999.0 -9999.0 -9999.0 -9999.0 -9999.0 -9999.0 -9999.0 -9999.0 -9999.0 -9999.0 -9999.0 -9999.0 -9999.0 -9999.0 -9999.0 -9999.0 -9999.0 -9999.0 -9999.0 -9999.0 -9999.0 -9999.0 -9999.0 -9999.0 -9999.0 -9999.0 -9999.0 -9999.0 -9999.0 -9999.0 -9999.0 -9999.0 -9999.0 -9999.0 -9999.0 -9999.0 -9999.0 -9999.0 -9999.0 -9999.0 -9999.0 -9999.0 -9999.0
-9999.0 -9999.0 -9999.0 -9999.0 -9999.0 -9999.0 -9999.0 -9999.0 -9999.0 -9999.0 -9999.0 -9999.0 -9999.0 -9999.0 -9999.0 -9999.0 -9999.0 -9999.0 -9999.0 -9999.0 -9999.0 -9999.0 -9999.0 -9999.0 -9999.0 -9999.0 -9999.0 -0.130077 -0.882579 -1.293492 -0.212334 -0.684923 -0.560919 -9999.0 -9999.0 -9999.0 -9999.0 -9999.0 -9999.0 -9999.0 -9999.0 -9999.0 -9999.0 -9999.0 -9999.0 -9999.0 -9999.0 -9999.0 -9999.0 -9999.0 -9999.0 -9999.0 -9999.0 -9999.0 -9999.0 -9999.0 -9999.0 -9999.0 -9999.0 -9999.0 -9999.0 -9999.0 -9999.0
-9999.0 -9999.0 -9999.0 -9999.0 -9999.0 -9999.0 -9999.0 -9999.0 -9999.0 -9999.0 -9999.0 -9999.0 -9999.0 -9999.0 -9999.0 -9999.0 -9999.0 -9999.0 -9999.0 -9999.0 -9999.0 -9999.0 -9999.0 -9999.0 -0.249266 -1.631018 -1.742690 -1.937992 -2.044144 -1.739933 -0.192250 -9999.0 -9999.0 -9999.0 -9999.0 -9999.0 -9999.0 -9999.0 -9999.0 -9999.0 -9999.0 -9999.0 -9999.0 -9999.0 -9999.0 -9999.0 -9999.0 -9999.0 -9999.0 -9999.0 -9999.0 -9999.0 -9999.0 -9999.0 -9999.0 -9999.0 -9999.0 -9999.0 -9999.0 -9999.0 -9999.0 -9999.0 -9999.0
-9999.0 -9999.0 -9999.0 -9999.0 -9999.0 -9999.0 -9999.0 -9999.0 -9999.0 -9999.0 -9999.0 -9999.0 -9999.0 -9999.0 -9999.0 -9999.0 -9999.0 -9999.0 -9999.0 -9999.0 -9999.0 -9999.0 -9999.0 -1.243242 1.278290 2.173722 2.885033 4.241855 3.487652 -2.122306 -1.348782 -0.143985 -9999.0 -9999.0 -9999.0 -9999.0 -9999.0 -9999.0 -9999.0 -9999.0 -9999.0 -9999.0 -9999.0 -9999.0 -9999.0 -9999.0 -9999.0 -9999.0 -9999.0 -9999.0 -9999.0 -9999.0 -9999.0 -9999.0 -9999.0 -9999.0 -9999.0 -9999.0 -9999.0 -9999.0 -9999.0 -9999.0 -9999.0
-9999.0 -9999.0 -9999.0 -9999.0 -9999.0 -9999.0 -9999.0 -9999.0 -9999.0 -9999.0 -9999.0 -9999.0 -9999.0 -9999.0 -9999.0 -9999.0 -9999.0 -9999.0 4.095265 0.573901 -9999.0 -0.439537 -1.514979 2.389254 2.753088 6.900253 -0.065961 -0.256880 6.135685 2.291964 -2.510214 -1.123045 -1.779230 -1.006019 -9999.0 -9999.0 -9999.0 -9999.0 -9999.0 -9999.0 -9999.0 -9999.0 -9999.0 -9999.0 -9999.0 -9999.0 -9999.0 -9999.0 -9999.0 -9999.0 -9999.0 -9999.0 -9999.0 -9999.0 -9999.0 -9999.0 -9999.0 -9999.0 -9999.0 -9999.0 -9999.0 -9999.0 -9999.0
-9999.0 -9999.0 -9999.0 -9999.0 -9999.0 -9999.0 -9999.0 -9999.0 -9999.0 -9999.0 -9999.0 -9999.0 -9999.0 -9999.0 -9999.0 -9999.0 -9999.0 4.669629 3.682816 4.743748 -1.866531 -0.027675 0.859322 1.823455 6.254122 -0.042524 -0.124742 -0.084086 -0.098886 -0.669492 3.178914 -2.323924 2.344317 -2.356394 -0.413899 -1.340899 -9999.0 -9999.0 -9999.0 -9999.0 -9999.0 -9999.0 -9999.0 -9999.0 -9999.0 -9999.0 -9999.0 -9999.0 -9999.0 -9999.0 -9999.0 -9999.0 -9999.0 -9999.0 -9999.0 -9999.0 -9999.0 -9999.0 -9999.0 -9999.0 -9999.0 -9999.0 -9999.0
-9999.0 -9999.0 -9999.0 -9999.0 -9999.0 -9999.0 -9999.0 -9999.0 -9999.0 -9999.0 -9999.0 -9999.0 -9999.0 -0.079618 -0.007826 2.437988 3.098485 12.412252 3.953058 5.820960 3.444126 4.343342 5.934557 6.651410 -0.005847 -0.174484 -0.256871 -0.109947 -0.321195 -0.131736 -0.176722 -0.303343 -0.299015 -1.639869 -1.092667 -2.197305 -9999.0 -9999.0 -9999.0 -9999.0 -9999.0 -9999.0 -9999.0 -9999.0 -9999.0 -9999.0 -9999.0 -9999.0 -9999.0 -9999.0 -9999.0 -9999.0 -9999.0 -9999.0 -9999.0 -9999.0 -9999.0 -9999.0 -9999.0 -9999.0 -9999.0 -9999.0 -9999.0
-9999.0 -9999.0 -9999.0 -9999.0 -9999.0 -9999.0 -9999.0 -9999.0 -9999.0 -9999.0 -9999.0 -9999.0 -9999.0 -1.089801 2.285992 2.407290 2.404287 5.663821 12.466711 6.144323 6.401982 4.500067 3.191641 1.182591 0.389592 -0.800819 -1.087370 -0.358688 -0.663173 -0.488421 -0.228328 -1.415348 -1.509228 -6.412886 -2.673797 -9999.0 -9999.0 -9999.0 -9999.0 -9999.0 -9999.0 -9999.0 -9999.0 -9999.0 -9999.0 -9999.0 -9999.0 -9999.0 -9999.0 -9999.0 -9999.0 -9999.0 -9999.0 -9999.0 -9999.0 -9999.0 -9999.0 -9999.0 -9999.0 -9999.0 -9999.0 -9999.0 -9999.0
-9999.0 -9999.0 -9999.0 -9999.0 -9999.0 -9999.0 -9999.0 -9999.0 -9999.0 -9999.0 -9999.0 -9999.0 -9999.0 1.043189 5.598728 -0.064901 1.243491 2.601375 12.358599 5.632597 4.383118 -0.166994 -0.618945 -0.088211 -0.076444 -0.054177 -1.085177 -0.671637 -0.709250 -2.806242 -1.097092 -8.059866 -6.848557 -9.403180 -6.199521 -9999.0 -9999.0 -9999.0 -9999.0 -9999.0 -9999.0 -9999.0 -9999.0 -9999.0 -9999.0 -9999.0 -9999.0 -9999.0 -9999.0 -9999.0 -9999.0 -9999.0 -9999.0 -9999.0 -9999.0 -9999.0 -9999.0 -9999.0 -9999.0 -9999.0 -9999.0 -9999.0 -9999.0
-9999.0 -9999.0 -9999.0 -9999.0 -9999.0 -9999.0 -9999.0 -9999.0 -9999.0 -9999.0 -9999.0 -9999.0 -1.364948 4.340082 -0.380965 -0.466528 -0.951170 2.402206 8.656563 5.239627 0.839082 -0.193119 -0.089499 -0.125414 -1.104363 -0.514324 -0.165598 -0.119816 -1.844919 -0.861337 -5.249196 -0.983021 -2.165690 -1.297648 -9999.0 -9999.0 -9999.0 -9999.0 -9999.0 -9999.0 -9999.0 -9999.0 -9999.0 -9999.0 -9999.0 -9999.0 -9999.0 -9999.0 -9999.0 -9999.0 -9999.0 -9999.0 -9999.0 -9999.0 -9999.0 -9999.0 -9999.0 -9999.0 -9999.0 -9999.0 -9999.0 -9999.0 -9999.0
-9999.0 -9999.0 -9999.0 -9999.0 -9999.0 -9999.0 -9999.0 -9999.0 -9999.0 -9999.0 -9999.0 -0.071838 -0.498231 0.820063 -0.215580 -0.167146 -0.205464 2.066093 8.711164 5.205724 2.820486 1.928539 -0.107741 -0.219613 -0.103311 -0.099675 -1.351631 -0.363097 -1.441437 -1.637780 -0.304561 -2.682968 -1.614097 -1.523523 -3.001818 -4.416272 2.647418 3.694124 4.162206 -9999.0 -9999.0 -9999.0 -2.313343 -9999.0 -9999.0 -9999.0 -9999.0 -9999.0 -9999.0 -9999.0 -9999.0 -9999.0 -9999.0 -9999.0 -9999.0 -9999.0 -9999.0 -9999.0 -9999.0 -9999.0 -9999.0 -9999.0 -9999.0
-9999.0 -9999.0 -9999.0 -9999.0 -9999.0 -9999.0 -9999.0 -9999.0 -9999.0 -9999.0 -9999.0 -0.118911 -0.086036 -1.067481 -0.637934 -0.604404 -1.448952 2.723780 8.649094 5.105789 5.978221 2.665195 -0.271871 -0.073586 -0.085534 -0.145576 -0.694610 -1.573307 -0.115400 -0.589866 -2.056418 -0.004786 -3.362111 -1.548134 -3.640155 1.471572 4.882009 6.861627 4.478603 3.264086 3.782693 -4.960837 1.018611 -1.858119 -9999.0 -9999.0 -9999.0 -0.016236 -0.062371 -0.047906 -0.039014 -0.037556 -0.038687 -0.016436 -0.014670 -0.038704 -9999.0 -9999.0 -9999.0 -9999.0 -9999.0 -9999.0 -9999.0
-9999.0 -9999.0 -9999.0 -9999.0 -9999.0 -9999.0 -9999.0 -9999.0 -9999.0 -9999.0 -9999.0 -0.073941 -0.268912 -0.605190 -0.085516 -0.417976 -0.201850 2.298434 6.570035 7.371279 2.553734 2.552020 0.366543 -0.969520 -0.257821 -0.904280 0.625421 -0.292816 -0.221682 -0.227254 -0.401598 -1.800768 0.550137 -2.748329 -3.625614 4.346323 1.799201 3.864477 8.244078 5.368894 3.882724 2.964147 2.970308 0.481924 -1.077881 -9999.0 -0.364845 -0.074346 -0.126788 -0.941111 0.678245 2.669306 -0.323165 -0.014807 -0.015656 -0.019568 -9999.0 -9999.0 -9999.0 -9999.0 -9999.0 -9999.0 -9999.0
-9999.0 -9999.0 -9999.0 -9999.0 -9999.0 -9999.0 -9999.0 -9999.0 -9999.0 -9999.0 -9999.0 -9999.0 -0.138575 -0.064196 -1.267336 -0.564367 -0.089320 2.088236 7.407308 7.673277 2.566601 3.646627 3.651961 0.497184 -0.628854 0.110335 4.692566 -0.224684 -0.134105 -0.190339 -1.354970 -1.066627 -2.554192 -2.597525 -2.464077 1.357969 0.274030 2.400600 9.283893 6.688011 7.021098 9.646376 1.925483 4.426689 -2.152762 -0.393384 -0.074981 -0.083129 -0.052785 2.071056 4.487894 -0.049427 2.272766 -0.023562 -0.094979 -0.114358 -0.018022 -9999.0 -9999.0 -9999.0 -9999.0 -9999.0 -9999.0
-9999.0 -9999.0 -9999.0 -9999.0 -9999.0 -9999.0 -9999.0 -9999.0 -9999.0 -9999.0 -9999.0 -0.903621 -0.246905 -0.125067 -0.080297 -0.046777 0.865648 1.317172 7.291493 5.496647 4.060345 2.338875 -0.040776 -0.854017 -0.018821 1.813634 -0.705729 -0.339048 -0.768647 -1.270336 0.588186 0.691762 3.292333 -2.345441 -2.407889 -0.007494 1.037164 1.555910 2.067403 11.142075 5.260776 6.706362 5.227231 4.352254 5.424169 -0.714508 -0.806011 -1.068267 -0.507792 5.082456 -0.123082 -0.232140 -0.155311 -0.356554 -0.246842 -0.978568 -0.032383 -9999.0 -9999.0 -9999.0 -9999.0 -9999.0 -9999.0
-9999.0 -9999.0 -9999.0 -9999.0 -9999.0 -9999.0 -9999.0 -9999.0 -9999.0 -9999.0 -0.033110 -1.207201 -1.157858 -0.063575 -1.036802 1.806802 -0.236080 -0.189568 5.153241 5.610543 5.720501 4.316144 3.144728 5.973267 3.843311 -0.008964 -0.087755 -0.702928 1.607087 3.327831 2.129142 -0.805191 -0.921354 -0.868836 -2.319427 -3.098478 4.801855 0.318428 2.788906 6.361008 7.303588 7.344148 9.045265 4.380979 2.375662 -1.645098 -0.659484 3.496609 4.082013 4.910993 -0.045260 -0.249557 -0.343825 -0.465244 -0.258703 -0.019182 -0.019289 -9999.0 -9999.0 -9999.0 -9999.0 -9999.0 -9999.0
-9999.0 -9999.0 -9999.0 -9999.0 -9999.0 -9999.0 -9999.0 -9999.0 -9999.0 -0.154344 -0.053888 -0.037516 1.368303 -1.376068 0.120108 -0.060725 -0.092945 5.352347 5.884741 6.017768 6.676199 5.713343 4.984548 5.836462 0.885267 -0.073895 -0.579209 4.678220 4.001493 3.916327 5.088308 -0.797188 -0.922964 -2.026481 -1.107748 -1.650423 -2.241630 0.302896 -0.468769 1.946199 4.549874 -0.136534 -0.118082 6.714352 6.350384 4.413068 7.055450 4.616214 1.139996 5.232252 1.824008 -0.045979 -0.917157 -0.107278 -0.045080 -0.036100 -0.017669 -0.008398 -0.021625 -9999.0 -9999.0 -9999.0 -9999.0
-9999.0 -9999.0 -9999.0 -9999.0 -9999.0 -9999.0 -9999.0 -9999.0 -9999.0 -0.134501 -0.157390 -0.117436 6.492316 2.913401 0.581255 -1.077388 1.561128 4.496276 5.574301 9.680107 9.271189 10.869588 4.624975 3.776384 -0.065931 0.886710 3.552722 4.470860 6.066379 0.415847 -0.046786 -0.030062 -0.174072 -0.360357 -2.068640 -1.034747 -2.896750 2.918901 -1.174190 -0.901814 -0.370407 -0.337912 3.472517 4.787909 6.279895 6.288641 7.503356 6.748172 5.718190 6.171451 -0.069513 -0.036617 -0.092611 -0.100017 -0.147944 -0.014940 -0.018414 -0.004357 -0.013655 -9999.0 -9999.0 -9999.0 -9999.0
-9999.0 -9999.0 -9999.0 -9999.0 -9999.0 -9999.0 -9999.0 -9999.0 -9999.0 -9999.0 -0.119827 -0.078592 -0.089926 2.540273 4.154733 1.750581 3.073216 4.571840 6.178290 8.005646 6.300335 4.770939 1.004026 -0.075451 0.871425 4.588640 5.579815 6.557324 0.767769 -0.114204 -0.116302 -0.765171 -0.265521 -0.419487 -1.804559 4.076198 4.741660 3.119120 -1.854171 -0.633226 -1.912048 -1.032629 -0.007958 -0.082137 -0.099341 3.311904 5.485641 6.333768 9.403732 6.664159 4.449372 -0.077193 -0.034275 -0.065104 -0.151386 -0.095141 -0.048812 7.961266 8.300694 8.209386 -9999.0 -9999.0 -9999.0
-9999.0 -9999.0 -9999.0 -9999.0 -9999.0 -9999.0 -9999.0 -9999.0 -9999.0 -9999.0 -0.115383 -0.104728 -0.090420 -0.069014 8.117885 2.947341 4.843822 5.483429 8.611282 8.645541 7.578743 5.800134 3.914243 3.855290 4.746300 6.547618 6.338439 4.200075 -0.432128 -0.395824 -0.257471 -0.081521 -0.693470 -0.431080 -0.318718 -0.189228 3.173906 1.599311 -1.487029 -0.469404 -0.088531 -0.064445 -0.107261 -0.237799 -0.055832 -0.050883 -0.046302 -0.035312 7.750882 9.472542 7.440615 -0.059746 -0.024448 -0.031585 -0.055000 -0.030642 -0.143884 -0.018497 10.319223 9.032566 -9999.0 -9999.0 -9999.0
-9999.0 -9999.0 -9999.0 -9999.0 -9999.0 -9999.0 -9999.0 -9999.0 -0.052969 -1.247193 -0.063356 -0.084918 -0.057326 -0.051040 -0.062359 5.310192 6.662028 11.915343 10.685194 10.388970 10.662310 7.966275 6.673742 4.700944 5.605619 7.939903 6.138262 -0.138732 -0.081573 -0.086746 -1.003236 -0.181151 -0.105908 -0.124703 -0.086051 -1.136217 -0.063351 1.900444 -0.979883 -0.075542 -0.145462 -0.146331 -0.265203 -0.806895 -0.261628 -0.042310 -0.131404 -0.039785 5.900302 7.636250 7.749164 7.454539 -0.032260 -0.046093 -0.026257 -0.050999 -0.010199 9.722922 9.640019 12.483006 -9999.0 -9999.0 -9999.0
-9999.0 -9999.0 -9999.0 -9999.0 -9999.0 -9999.0 -9999.0 -9999.0 -0.064030 0.692458 -0.905498 -0.205900 -0.125318 -0.063582 -0.425461 2.627294 4.463575 6.023463 9.534334 11.551004 15.674386 14.547430 11.661315 10.518258 7.187904 7.823070 5.050383 1.541759 -0.073162 -0.074229 -0.081949 -0.934128 -0.066472 -0.054195 -0.055131 -0.333686 5.866139 3.820291 -0.641486 -0.053567 -0.231966 -4.941468 -0.248191 -0.045283 2.348948 -0.055718 -0.136048 -0.099244 -0.055202 8.568547 9.927333 8.101276 -0.054081 -0.017551 10.246402 9.329602 8.804807 9.474863 12.150373 14.526482 15.193186 -9999.0 -9999.0
-9999.0 -9999.0 -9999.0 -9999.0 -9999.0 -9999.0 -9999.0 -9999.0 -0.127897 -0.048452 1.777618 -0.051507 -0.296817 -0.083627 2.808020 4.274776 5.673326 7.187388 10.945326 13.915944 12.607310 14.587134 15.025627 10.598303 12.063264 5.847531 3.965068 -0.081520 -1.383678 -1.383911 -0.795848 1.745720 -1.104465 -1.228786 -0.040484 6.624746 -0.044490 6.350991 -0.181139 -0.048549 -0.076555 -0.061503 -0.044104 -0.083279 -0.101755 -0.103600 -0.037645 -0.026165 -0.066099 7.876560 10.692043 9.943987 8.960463 8.960368 10.592843 10.911283 11.579443 12.503917 14.010284 13.471472 14.397519 -9999.0 -9999.0
-9999.0 -9999.0 -9999.0 -9999.0 -9999.0 -9999.0 -9999.0 -9999.0 -0.244949 -0.045584 3.013789 -1.058176 1.574637 1.871863 4.441067 5.857073 8.448309 9.458598 6.199816 9.469319 10.111835 11.508464 13.636893 12.794123 6.069325 3.769079 1.030555 1.499398 5.211151 3.823956 2.125513 2.504429 4.724696 4.398432 -0.134116 -0.442113 2.165634 7.096356 4.859809 -0.144307 -0.048542 -0.037578 -0.068400 -0.653951 -0.034856 -0.032648 -0.081467 -0.112087 -0.086823 7.200572 8.899308 13.620664 11.638533 9.848442 12.922419 13.676997 14.589729 13.673044 15.077208 14.391144 11.241205 9.465552 -9999.0
-9999.0 -9999.0 -9999.0 -9999.0 -9999.0 -9999.0 -9999.0 -9999.0 -0.076727 -0.039779 1.555182 4.081924 5.023372 5.377036 8.401446 6.593263 5.925292 5.853540 2.782102 5.508221 8.253981 10.832554 10.962814 9.433978 9.972502 4.414441 3.222331 4.501199 5.546306 4.590841 2.308928 3.442527 6.385696 4.546340 4.793443 5.622620 6.617793 8.941536 8.081244 5.998553 5.135659 5.401329 5.819695 5.292783 -0.304555 2.387943 5.700922 6.896733 7.008006 9.365836 11.710849 13.118374 14.876662 15.035607 15.397846 14.243272 15.251734 14.863334 12.723704 12.246171 11.123599 8.738662 -9999.0
-9999.0 -9999.0 -0.238858 -0.067355 -0.050990 -0.845850 -0.078058 -0.964155 -0.047815 -0.051817 -0.056566 4.922559 5.905455 7.302576 12.521815 5.660629 4.905979 -0.053595 -0.046913 2.686078 6.594487 8.672364 10.200859 10.175425 7.974808 6.548437 4.621909 4.844914 5.640135 7.194075 4.428328 3.986378 7.085466 5.644408 7.235648 7.680995 9.147825 10.645062 9.560635 7.786945 7.905770 7.695328 7.413791 6.393945 5.323142 6.292331 7.423834 7.189579 9.881127 11.461960 13.941494 13.240005 15.364614 15.412227 14.932334 17.967924 13.196765 12.156819 11.201866 10.998409 8.363925 6.595143 -9999.0
-9999.0 0.786422 1.145017 0.708520 -0.049682 0.922829 -0.041689 -0.056236 -0.061964 -0.080253 -0.039719 3.638493 6.018438 10.347278 8.822645 4.733370 -0.041894 -0.050322 1.574118 3.979976 6.824895 7.159096 9.275103 9.219055 12.279026 8.577204 11.488733 11.595670 7.672196 5.640618 7.405731 7.218180 7.477028 10.355268 9.312174 10.454097 12.471262 13.846968 11.729148 10.356318 10.263556 9.979032 9.287718 7.674891 7.961276 7.800551 7.927393 10.487555 12.482076 12.141152 13.543133 13.505037 12.795775 12.803123 12.592342 10.927030 11.063005 10.328342 8.461894 4.971826 0.699212 1.761678 -9999.0
-9999.0 -0.043513 3.376758 4.023741 4.754832 3.400788 0.738042 -1.298028 -0.384586 -0.467785 -0.063713 4.759004 7.040885 9.293850 6.034578 -0.033252 -0.050938 -0.309508 4.453203 4.584758 5.318013 5.784574 7.138741 7.934122 12.581017 14.049444 11.562797 11.064645 10.347343 8.664960 11.472030 10.512281 8.671406 9.188129 12.425297 12.054664 17.267354 19.361230 14.949546 14.473506 12.964847 11.820254 11.638983 11.539012 13.897311 13.091786 13.185666 13.541026 12.727235 13.037935 9.627306 10.286993 10.603283 11.671232 12.319288 10.014711 10.160962 1.803715 -0.017183 -0.013816 -0.013706 -9999.0 -9999.0
