user2019/resources/simulation/Vinschgau/output-maps/TL0007N0223.asc
ncols         63
nrows         48
xllcorner     598000.000000
yllcorner     5145000.000000
cellsize      1000.000000
NODATA_value  -9999.0
[rows 0 to 27 of 48, columns 0 to 61 of 63]
-9999.0 -9999.0 -9999.0 -9999.0 -9999.0 -9999.0 -9999.0 -9999.0 -9999.0 -9999.0 -9999.0 -9999.0 -9999.0 -9999.0 -9999.0 -9999.0 -9999.0 -9999.0 -9999.0 -9999.0 -9999.0 -9999.0 -9999.0 -9999.0 -9999.0 -9999.0 -9999.0 -9999.0 -9999.0 -9999.0 -9999.0 -9999.0 -9999.0 -9999.0 -9999.0 -9999.0 -9999.0 -9999.0 -9999.0 -9999.0 -9999.0 -9999.0 -9999.0 -9999.0 -9999.0 -9999.0 -9999.0 -9999.0 -9999.0 -9999.0 -9999.0 -9999.0 -9999.0 -9999.0 -9999.0 -9999.0 -9999.0 -9999.0 -9999.0 -9999.0 -9999.0 -9999.0
-9999.0 -9999.0 -9999.0 -9999.0 -9999.0 -9999.0 -9999.0 -9999.0 -9999.0 -9999.0 -9999.0 -9999.0 -9999.0 -9999.0 -9999.0 -9999.0 -9999.0 -9999.0 -9999.0 -9999.0 -9999.0 -9999.0 -9999.0 -9999.0 -9999.0 -9999.0 -9999.0 -6.312530 -6.880442 -7.362726 -6.716641 -7.622796 -7.761759 -9999.0 -9999.0 -9999.0 -9999.0 -9999.0 -9999.0 -9999.0 -9999.0 -9999.0 -9999.0 -9999.0 -9999.0 -9999.0 -9999.0 -9999.0 -9999.0 -9999.0 -9999.0 -9999.0 -9999.0 -9999.0 -9999.0 -9999.0 -9999.0 -9999.0 -9999.0 -9999.0 -9999.0 -9999.0
-9999.0 -9999.0 -9999.0 -9999.0 -9999.0 -9999.0 -9999.0 -9999.0 -9999.0 -9999.0 -9999.0 -9999.0 -9999.0 -9999.0 -9999.0 -9999.0 -9999.0 -9999.0 -9999.0 -9999.0 -9999.0 -9999.0 -9999.0 -9999.0 -3.843547 -6.022188 -6.919188 -7.156095 -6.844922 -7.167646 -6.714568 -9999.0 -9999.0 -9999.0 -9999.0 -9999.0 -9999.0 -9999.0 -9999.0 -9999.0 -9999.0 -9999.0 -9999.0 -9999.0 -9999.0 -9999.0 -9999.0 -9999.0 -9999.0 -9999.0 -9999.0 -9999.0 -9999.0 -9999.0 -9999.0 -9999.0 -9999.0 -9999.0 -9999.0 -9999.0 -9999.0 -9999.0
-9999.0 -9999.0 -9999.0 -9999.0 -9999.0 -9999.0 -9999.0 -9999.0 -9999.0 -9999.0 -9999.0 -9999.0 -9999.0 -9999.0 -9999.0 -9999.0 -9999.0 -9999.0 -9999.0 -9999.0 -9999.0 -9999.0 -9999.0 -5.020757 -5.383454 -0.018560 -1.494226 -3.435271 -6.220455 -7.875189 -7.722591 -5.967740 -9999.0 -9999.0 -9999.0 -9999.0 -9999.0 -9999.0 -9999.0 -9999.0 -9999.0 -9999.0 -9999.0 -9999.0 -9999.0 -9999.0 -9999.0 -9999.0 -9999.0 -9999.0 -9999.0 -9999.0 -9999.0 -9999.0 -9999.0 -9999.0 -9999.0 -9999.0 -9999.0 -9999.0 -9999.0 -9999.0
-9999.0 -9999.0 -9999.0 -9999.0 -9999.0 -9999.0 -9999.0 -9999.0 -9999.0 -9999.0 -9999.0 -9999.0 -9999.0 -9999.0 -9999.0 -9999.0 -9999.0 -9999.0 -0.006054 -1.347158 -9999.0 -4.135817 -4.716814 -1.502844 -1.596495 -6.792831 -4.395871 -4.257887 -3.832954 -5.807432 -7.837316 -7.338350 -8.423395 -9.051565 -9999.0 -9999.0 -9999.0 -9999.0 -9999.0 -9999.0 -9999.0 -9999.0 -9999.0 -9999.0 -9999.0 -9999.0 -9999.0 -9999.0 -9999.0 -9999.0 -9999.0 -9999.0 -9999.0 -9999.0 -9999.0 -9999.0 -9999.0 -9999.0 -9999.0 -9999.0 -9999.0 -9999.0
-9999.0 -9999.0 -9999.0 -9999.0 -9999.0 -9999.0 -9999.0 -9999.0 -9999.0 -9999.0 -9999.0 -9999.0 -9999.0 -9999.0 -9999.0 -9999.0 -9999.0 -0.163012 -6.093697 -6.632192 -6.021609 -1.742901 -3.551943 -6.452643 -2.859347 -6.407609 -5.521192 -3.962052 -5.801156 -4.583838 -6.236088 -7.833620 -8.332700 -8.759403 -7.933602 -8.656191 -9999.0 -9999.0 -9999.0 -9999.0 -9999.0 -9999.0 -9999.0 -9999.0 -9999.0 -9999.0 -9999.0 -9999.0 -9999.0 -9999.0 -9999.0 -9999.0 -9999.0 -9999.0 -9999.0 -9999.0 -9999.0 -9999.0 -9999.0 -9999.0 -9999.0 -9999.0
-9999.0 -9999.0 -9999.0 -9999.0 -9999.0 -9999.0 -9999.0 -9999.0 -9999.0 -9999.0 -9999.0 -9999.0 -9999.0 -4.553075 -1.553667 -4.831167 -5.370700 -6.255702 -0.940979 -5.206863 -4.031602 -2.294371 -6.821822 -5.090895 -6.861387 -5.727930 -6.584203 -5.654162 -6.378797 -4.543739 -5.160974 -6.540936 -7.111231 -9.033839 -9.181800 -9.466807 -9999.0 -9999.0 -9999.0 -9999.0 -9999.0 -9999.0 -9999.0 -9999.0 -9999.0 -9999.0 -9999.0 -9999.0 -9999.0 -9999.0 -9999.0 -9999.0 -9999.0 -9999.0 -9999.0 -9999.0 -9999.0 -9999.0 -9999.0 -9999.0 -9999.0 -9999.0
-9999.0 -9999.0 -9999.0 -9999.0 -9999.0 -9999.0 -9999.0 -9999.0 -9999.0 -9999.0 -9999.0 -9999.0 -9999.0 -2.106198 -0.895353 -1.383576 -1.547185 -1.644890 -6.227683 -5.791391 -5.323202 -6.942929 -4.513771 -5.563387 -4.639927 -5.580075 -6.831440 -7.749298 -8.091004 -6.636813 -5.298633 -8.761071 -8.996647 -9.705166 -9.779748 -9999.0 -9999.0 -9999.0 -9999.0 -9999.0 -9999.0 -9999.0 -9999.0 -9999.0 -9999.0 -9999.0 -9999.0 -9999.0 -9999.0 -9999.0 -9999.0 -9999.0 -9999.0 -9999.0 -9999.0 -9999.0 -9999.0 -9999.0 -9999.0 -9999.0 -9999.0 -9999.0
-9999.0 -9999.0 -9999.0 -9999.0 -9999.0 -9999.0 -9999.0 -9999.0 -9999.0 -9999.0 -9999.0 -9999.0 -9999.0 -1.269183 -1.557093 -0.006280 -1.406799 -4.670573 -6.392595 -1.711520 -2.306198 -6.684236 -5.056878 -4.353501 -3.010767 -1.265219 -6.592010 -7.857835 -6.821633 -8.613069 -8.364592 -9.734308 -9.544762 -10.157970 -9.859111 -9999.0 -9999.0 -9999.0 -9999.0 -9999.0 -9999.0 -9999.0 -9999.0 -9999.0 -9999.0 -9999.0 -9999.0 -9999.0 -9999.0 -9999.0 -9999.0 -9999.0 -9999.0 -9999.0 -9999.0 -9999.0 -9999.0 -9999.0 -9999.0 -9999.0 -9999.0 -9999.0
-9999.0 -9999.0 -9999.0 -9999.0 -9999.0 -9999.0 -9999.0 -9999.0 -9999.0 -9999.0 -9999.0 -9999.0 -2.507477 -1.405435 -0.009530 -5.616478 -1.119234 -3.197467 -1.669643 -6.333624 -3.809730 -4.926827 -5.002638 -3.927965 -1.345253 -7.322833 -4.055887 -5.614816 -6.943943 -8.102659 -8.531734 -8.131107 -8.553985 -9.488300 -9999.0 -9999.0 -9999.0 -9999.0 -9999.0 -9999.0 -9999.0 -9999.0 -9999.0 -9999.0 -9999.0 -9999.0 -9999.0 -9999.0 -9999.0 -9999.0 -9999.0 -9999.0 -9999.0 -9999.0 -9999.0 -9999.0 -9999.0 -9999.0 -9999.0 -9999.0 -9999.0 -9999.0
-9999.0 -9999.0 -9999.0 -9999.0 -9999.0 -9999.0 -9999.0 -9999.0 -9999.0 -9999.0 -9999.0 -2.573574 -4.075814 -0.010876 -5.062663 -4.575375 -6.491959 -3.028219 -1.625414 -6.319302 -6.886246 -1.418176 -4.922222 -6.253557 -5.194729 -5.499046 -7.779234 -5.688721 -6.182849 -8.601208 -7.200469 -8.263096 -8.521641 -10.062547 -10.989222 -12.128788 -13.553217 -13.182141 -12.417895 -9999.0 -9999.0 -9999.0 -10.763211 -9999.0 -9999.0 -9999.0 -9999.0 -9999.0 -9999.0 -9999.0 -9999.0 -9999.0 -9999.0 -9999.0 -9999.0 -9999.0 -9999.0 -9999.0 -9999.0 -9999.0 -9999.0 -9999.0
-9999.0 -9999.0 -9999.0 -9999.0 -9999.0 -9999.0 -9999.0 -9999.0 -9999.0 -9999.0 -9999.0 -4.307558 -3.374704 -2.672022 -1.882485 -5.511535 -2.455484 -6.598253 -1.561009 -1.031346 -1.426189 -1.091401 -4.115559 -4.892287 -4.935005 -6.099583 -6.214828 -6.200987 -6.073284 -8.106037 -7.905029 -8.601583 -9.534137 -8.861365 -11.596787 -12.499087 -11.852092 -4.903256 -5.679454 -14.050219 -14.102770 -13.395677 -11.389422 -9.581665 -9999.0 -9999.0 -9999.0 -0.008279 -1.795208 -3.109759 -0.802089 -1.894344 -1.636524 -0.005018 -0.004850 -1.297110 -9999.0 -9999.0 -9999.0 -9999.0 -9999.0 -9999.0
-9999.0 -9999.0 -9999.0 -9999.0 -9999.0 -9999.0 -9999.0 -9999.0 -9999.0 -9999.0 -9999.0 -3.754140 -4.011680 -6.260754 -1.208829 -5.519862 -3.931509 -5.862249 -5.171548 -1.659874 -1.402672 -4.430033 -4.177725 -4.485486 -6.342787 -6.681723 -5.872119 -6.067694 -7.311856 -6.585897 -8.059179 -8.169416 -9.003780 -9.939933 -11.746918 -12.275624 -5.835681 -5.188907 -3.665967 -6.790425 -12.511199 -13.494396 -10.746227 -9.883475 -7.454617 -9999.0 -5.959384 -3.087310 -1.855670 -0.957442 -2.401008 -3.348910 -0.811185 -0.001139 -0.010317 -0.002399 -9999.0 -9999.0 -9999.0 -9999.0 -9999.0 -9999.0
-9999.0 -9999.0 -9999.0 -9999.0 -9999.0 -9999.0 -9999.0 -9999.0 -9999.0 -9999.0 -9999.0 -9999.0 -3.365882 -1.216594 -0.895405 -1.787489 -5.195303 -5.606981 -2.663737 -1.690432 -5.950856 -4.028581 -3.547471 -4.407760 -5.983026 -5.342203 -1.251869 -6.800291 -6.410859 -6.459072 -7.083043 -7.972078 -8.576625 -9.354335 -11.038511 -12.831809 -7.886918 -6.197997 -3.312551 -5.691470 -10.672029 -10.087014 -9.055071 -7.730320 -8.888125 -5.832201 -5.353278 -3.237605 -4.158241 -5.090956 -1.188150 -0.891556 -0.007940 -0.012410 -1.286032 -1.146421 -0.534607 -9999.0 -9999.0 -9999.0 -9999.0 -9999.0
-9999.0 -9999.0 -9999.0 -9999.0 -9999.0 -9999.0 -9999.0 -9999.0 -9999.0 -9999.0 -9999.0 -1.303213 -4.265696 -4.797194 -2.632277 -2.644719 -3.013770 -5.635715 -3.106989 -0.136222 -6.250491 -1.772594 -2.298489 -5.809415 -4.904059 -2.488402 -1.625482 -6.819744 -6.430802 -6.925695 -6.978697 -7.537975 -7.799896 -8.859218 -11.238761 -12.593104 -14.759560 -6.816902 -4.637441 -2.816360 -7.339260 -3.607979 -5.363249 -7.396998 -6.624167 -5.802969 -4.524664 -5.728304 -4.266162 -6.861627 -4.835203 -4.307019 -2.928929 -5.158061 -4.133369 -4.751193 -0.889234 -9999.0 -9999.0 -9999.0 -9999.0 -9999.0
-9999.0 -9999.0 -9999.0 -9999.0 -9999.0 -9999.0 -9999.0 -9999.0 -9999.0 -9999.0 -1.200055 -2.456856 -0.928307 -4.241617 -0.951923 -2.742051 -5.133853 -4.358857 -3.829769 -1.626538 -1.526436 -0.013596 -4.885890 -1.184097 -3.680352 -1.375873 -5.935412 -7.292143 -5.665429 -4.303964 -6.328689 -6.252398 -6.982071 -8.536608 -10.971668 -11.360710 -12.273985 -6.952911 -4.607585 -2.774385 -1.999788 -8.091184 -8.583309 -1.996251 -6.915093 -8.185080 -4.439772 -6.508539 -5.099997 -5.973597 -4.981241 -4.961934 -4.784790 -4.984275 -4.592762 -0.006900 -0.005623 -9999.0 -9999.0 -9999.0 -9999.0 -9999.0
-9999.0 -9999.0 -9999.0 -9999.0 -9999.0 -9999.0 -9999.0 -9999.0 -9999.0 -4.572054 -1.114298 -1.179817 -2.395168 -3.227705 -0.837085 -4.379812 -4.282267 -1.052244 -6.014320 -0.122395 -1.721352 -5.947764 -5.876905 -5.589132 -1.482780 -6.224847 -7.046439 -3.266279 -5.695563 -5.607312 -7.091616 -7.226020 -8.729316 -9.529091 -9.524021 -10.102287 -10.170863 -11.231707 -10.985716 -10.414158 -3.561456 -8.653406 -8.537831 -1.908388 -5.181764 -6.602237 -4.360828 -6.353596 -5.629084 -3.402320 -5.095976 -2.374126 -5.379182 -3.803525 -2.010835 -0.779916 -0.005805 -0.725420 -0.663583 -9999.0 -9999.0 -9999.0
-9999.0 -9999.0 -9999.0 -9999.0 -9999.0 -9999.0 -9999.0 -9999.0 -9999.0 -4.741400 -4.321509 -4.606741 -1.293602 -2.501955 -1.549391 -1.880406 -0.002975 -4.808941 -4.347540 -0.946517 -0.924001 -0.695752 -1.697597 -1.320678 -5.844257 -5.863996 -4.882127 -5.167146 -6.225802 -3.946833 -6.445346 -7.700451 -7.138838 -6.625566 -8.500981 -10.027808 -10.503939 -10.173948 -9.867601 -8.523983 -5.599805 -8.133839 -7.607142 -8.022045 -0.236284 -1.292884 -1.389504 -6.122694 -5.369687 -6.012703 -4.412160 -3.565026 -3.791280 -3.085107 -4.654683 -0.028218 -0.689745 -0.700087 -0.786928 -9999.0 -9999.0 -9999.0
-9999.0 -9999.0 -9999.0 -9999.0 -9999.0 -9999.0 -9999.0 -9999.0 -9999.0 -9999.0 -4.308879 -4.506587 -4.048471 -1.879034 -4.721805 -1.047073 -1.029253 -3.754969 -0.640147 -0.100931 -1.392262 -6.440445 -1.045329 -3.388914 -5.730760 -5.448845 -5.940959 -1.827967 -5.938400 -5.865180 -6.416069 -2.409224 -6.860998 -7.278198 -7.449608 -7.368939 -7.382945 -8.296028 -9.044713 -8.662684 -8.808858 -6.551031 -6.677850 -5.658664 -7.426630 -8.468933 -7.385013 -1.506111 -1.153312 -5.982980 -4.675973 -3.416849 -1.858385 -3.512640 -1.633519 -3.640469 -0.782147 -1.950392 -1.224266 -0.003943 -9999.0 -9999.0
-9999.0 -9999.0 -9999.0 -9999.0 -9999.0 -9999.0 -9999.0 -9999.0 -9999.0 -9999.0 -4.315563 -4.356689 -3.043411 -1.073244 -1.563562 -4.977959 -5.094517 -5.144015 -0.507098 -0.093719 -1.977940 -6.000024 -5.242876 -4.679092 -4.882499 -3.408252 -1.018325 -6.324845 -5.747887 -7.263211 -6.834572 -4.158755 -7.174162 -7.031711 -7.107060 -6.615258 -7.466443 -7.355780 -8.090354 -7.015687 -5.264447 -5.722989 -4.676642 -6.227046 -1.258533 -4.556279 -2.922038 -6.448963 -1.568034 -5.124643 -5.614122 -2.599089 -0.917909 -1.670116 -2.829785 -1.110275 -3.637319 -0.866348 -3.220534 -1.527724 -9999.0 -9999.0
-9999.0 -9999.0 -9999.0 -9999.0 -9999.0 -9999.0 -9999.0 -9999.0 -1.006839 -2.225546 -5.169122 -3.183968 -3.847066 -4.027311 -1.604589 -1.324519 -3.887901 -0.523414 -0.053952 -0.029318 -0.332866 -0.721710 -1.476585 -6.437458 -6.133836 -0.851762 -2.332293 -5.915955 -4.567788 -6.035423 -7.976190 -6.552935 -5.730232 -5.511619 -4.651968 -7.554483 -4.249323 -6.722403 -7.677769 -5.740374 -6.422124 -5.657514 -6.822465 -7.092204 -4.756633 -0.992111 -5.347918 -0.935779 -6.405433 -0.736644 -4.508497 -4.181178 -0.902999 -2.262240 -1.381769 -0.813023 -0.874195 -0.002927 -4.343842 -1.257201 -9999.0 -9999.0
-9999.0 -9999.0 -9999.0 -9999.0 -9999.0 -9999.0 -9999.0 -9999.0 -5.027654 -1.143577 -5.497424 -5.647248 -4.801190 -3.471750 -1.654909 -4.131080 -1.815823 -3.159771 -0.284682 -0.012105 -0.024891 -0.044997 -0.506567 -0.820876 -1.015563 -0.619160 -5.438300 -5.602033 -6.692054 -4.786309 -4.558603 -6.032630 -3.967294 -5.006974 -1.649602 -2.449419 -5.485083 -5.816810 -6.263605 -3.730459 -5.445882 -7.477188 -6.368301 -2.187412 -3.052793 -1.552112 -5.502607 -4.836486 -4.233357 -5.182490 -4.842735 -3.385495 -0.903267 -0.004933 -4.044160 -4.006150 -2.738619 -4.307159 -1.070753 -0.003069 -0.003278 -9999.0
-9999.0 -9999.0 -9999.0 -9999.0 -9999.0 -9999.0 -9999.0 -9999.0 -4.770228 -4.139619 -0.994007 -5.303527 -3.393405 -5.715769 -0.949274 -5.529102 -6.026898 -4.997861 -0.157094 -0.097041 -0.006699 -0.085587 -0.073168 -0.224887 -0.040073 -6.070011 -6.121725 -5.625890 -7.747609 -5.820627 -5.984481 -3.752285 -5.699460 -6.447324 -0.983618 -2.640506 -3.642151 -6.444885 -5.587680 -4.307827 -3.503224 -3.942134 -0.954695 -3.054649 -3.488305 -3.790180 -2.881042 -0.824223 -2.327279 -6.025099 -0.230661 -5.366198 -4.904160 -5.003989 -5.315468 -5.016531 -2.581074 -0.973092 -0.687810 -0.113347 -0.002904 -9999.0
-9999.0 -9999.0 -9999.0 -9999.0 -9999.0 -9999.0 -9999.0 -9999.0 -6.827571 -4.072934 -0.006950 -6.277409 -0.951848 -0.013405 -4.262534 -5.229221 -0.669134 -0.254376 -0.352831 -0.025324 -0.033195 -0.004346 -0.005315 -0.026260 -2.364490 -1.751613 -1.057035 -6.195256 -1.212265 -3.987422 -5.760128 -5.669200 -5.177055 -4.106302 -5.160507 -4.373349 -4.732711 -4.247518 -5.816257 -5.099878 -2.462332 -1.230623 -1.122296 -5.486293 -0.966309 -3.071586 -1.035022 -3.675275 -1.071749 -5.339082 -1.828940 -1.230026 -3.534536 -2.732487 -3.369179 -2.595531 -1.448562 -0.128269 -0.003426 -0.002951 -0.107354 -0.005093
-9999.0 -9999.0 -9999.0 -9999.0 -9999.0 -9999.0 -9999.0 -9999.0 -4.079019 -2.282885 -0.010488 -0.949158 -1.916109 -5.243361 -4.218155 -2.375878 -1.534797 -6.815303 -3.290273 -4.869595 -0.435012 -0.005504 -0.005576 -0.098087 -5.087968 -1.987163 -5.030139 -1.532245 -4.971769 -3.694660 -5.178039 -1.253601 -5.343501 -2.121620 -5.560368 -5.061972 -4.797318 -3.422620 -5.032301 -4.501338 -5.454182 -5.164495 -4.385324 -5.074327 -5.176356 -1.947207 -5.315017 -4.466141 -4.554732 -5.224386 -3.866274 -1.975706 -1.448028 -2.246690 -2.117904 -0.367666 -0.007312 -0.004991 -0.135061 -0.489138 -4.972226 -0.002604
-9999.0 -9999.0 -4.579231 -2.376609 -2.834352 -3.978380 -2.073114 -4.523959 -3.342884 -1.458950 -2.924108 -1.638169 -3.059650 -2.442549 -3.340870 -1.294272 -6.629933 -4.135890 -3.647208 -1.481959 -4.806136 -0.047481 -0.006647 -0.222090 -0.114779 -4.270709 -5.339715 -5.979260 -3.504206 -3.707135 -3.331864 -1.296243 -1.567759 -5.667812 -5.174488 -5.585731 -4.422318 -4.366459 -4.775243 -4.817138 -4.736334 -5.376681 -5.388067 -4.501502 -4.724707 -4.283709 -5.482067 -4.413348 -1.845814 -1.267806 -1.412441 -0.186980 -0.007738 -0.020035 -0.207798 -0.316202 -0.568933 -1.227597 -5.595469 -5.989977 -0.001812 -0.001855
-9999.0 -1.492673 -1.758422 -1.151148 -2.832190 -0.991815 -2.840433 -3.144049 -3.340511 -3.796051 -2.747654 -1.003651 -0.155190 -0.005024 -0.004855 -1.046899 -3.483435 -3.116081 -1.356043 -3.748001 -5.213867 -0.614743 -0.250941 -0.021918 -0.841863 -0.970876 -0.471958 -0.429914 -1.969492 -1.814497 -1.597079 -5.584008 -5.030498 -1.292748 -2.440980 -1.146159 -1.511372 -0.789111 -0.432885 -0.939267 -1.678248 -2.150383 -2.372253 -5.249635 -5.335979 -2.016243 -0.127763 -0.591292 -0.821943 -0.133337 -0.006739 -0.014816 -0.238864 -0.654398 -0.906467 -6.335061 -0.017135 -0.009843 -0.004008 -0.002711 -0.001441 -0.001307
-9999.0 -2.105893 -1.164438 -0.983382 -0.005199 -1.111307 -4.276111 -4.861566 -3.811655 -5.030262 -3.550890 -0.854599 -2.426712 -0.003159 -5.494739 -3.666670 -3.647796 -4.561693 -0.994926 -4.469597 -0.005450 -2.172792 -0.147910 -0.220144 -0.123851 -0.030934 -0.014055 -0.005328 -0.005802 -0.046388 -0.056446 -0.349762 -1.715091 -0.238903 -0.147972 -0.141209 -0.015397 -0.003559 -0.123744 -0.113181 -0.132308 -0.134534 -0.918025 -0.129273 -0.039080 -0.044527 -0.004945 -0.003936 -0.003675 -0.004873 -1.162512 -7.584253 -0.044666 -6.454994 -5.405764 -0.006011 -1.159066 -0.019248 -0.864057 -0.004891 -0.003983 -9999.0
