user2019/resources/simulation/Vinschgau/output-maps/TL0004N1023.asc
ncols         63
nrows         48
xllcorner     598000.000000
yllcorner     5145000.000000
cellsize      1000.000000
NODATA_value  -9999.0
[rows 0 to 27 of 48, columns 0 to 62 of 63]
-9999.0 -9999.0 -9999.0 -9999.0 -9999.0 -9999.0 -9999.0 -9999.0 -9999.0 -9999.0 -9999.0 -9999.0 -9999.0 -9999.0 -9999.0 -9999.0 -9999.0 -9999.0 -9999.0 -9999.0 -9999.0 -9999.0 -9999.0 -9999.0 -9999.0 -9999.0 -9999.0 -9999.0 -9999.0 -9999.0 -9999.0 -9999.0 -9999.0 -9999.0 -9999.0 -9999.0 -9999.0 -9999.0 -9999.0 -9999.0 -9999.0 -9999.0 -9999.0 -9999.0 -9999.0 -9999.0 -9999.0 -9999.0 -9999.0 -9999.0 -9999.0 -9999.0 -9999.0 -9999.0 -9999.0 -9999.0 -9999.0 -9999.0 -9999.0 -9999.0 -9999.0 -9999.0 -9999.0
-9999.0 -9999.0 -9999.0 -9999.0 -9999.0 -9999.0 -9999.0 -9999.0 -9999.0 -9999.0 -9999.0 -9999.0 -9999.0 -9999.0 -9999.0 -9999.0 -9999.0 -9999.0 -9999.0 -9999.0 -9999.0 -9999.0 -9999.0 -9999.0 -9999.0 -9999.0 -9999.0 -2.017550 -0.634620 -1.677167 -2.500222 -3.049033 -2.440952 -9999.0 -9999.0 -9999.0 -9999.0 -9999.0 -9999.0 -9999.0 -9999.0 -9999.0 -9999.0 -9999.0 -9999.0 -9999.0 -9999.0 -9999.0 -9999.0 -9999.0 -9999.0 -9999.0 -9999.0 -9999.0 -9999.0 -9999.0 -9999.0 -9999.0 -9999.0 -9999.0 -9999.0 -9999.0 -9999.0
-9999.0 -9999.0 -9999.0 -9999.0 -9999.0 -9999.0 -9999.0 -9999.0 -9999.0 -9999.0 -9999.0 -9999.0 -9999.0 -9999.0 -9999.0 -9999.0 -9999.0 -9999.0 -9999.0 -9999.0 -9999.0 -9999.0 -9999.0 -9999.0 -0.429556 -0.949980 -0.796469 -0.417413 -0.416374 -1.122647 -2.709712 -9999.0 -9999.0 -9999.0 -9999.0 -9999.0 -9999.0 -9999.0 -9999.0 -9999.0 -9999.0 -9999.0 -9999.0 -9999.0 -9999.0 -9999.0 -9999.0 -9999.0 -9999.0 -9999.0 -9999.0 -9999.0 -9999.0 -9999.0 -9999.0 -9999.0 -9999.0 -9999.0 -9999.0 -9999.0 -9999.0 -9999.0 -9999.0
-9999.0 -9999.0 -9999.0 -9999.0 -9999.0 -9999.0 -9999.0 -9999.0 -9999.0 -9999.0 -9999.0 -9999.0 -9999.0 -9999.0 -9999.0 -9999.0 -9999.0 -9999.0 -9999.0 -9999.0 -9999.0 -9999.0 -9999.0 -0.445748 -0.439560 1.355172 1.797817 2.565480 1.548794 -0.710855 -1.204152 -2.658035 -9999.0 -9999.0 -9999.0 -9999.0 -9999.0 -9999.0 -9999.0 -9999.0 -9999.0 -9999.0 -9999.0 -9999.0 -9999.0 -9999.0 -9999.0 -9999.0 -9999.0 -9999.0 -9999.0 -9999.0 -9999.0 -9999.0 -9999.0 -9999.0 -9999.0 -9999.0 -9999.0 -9999.0 -9999.0 -9999.0 -9999.0
-9999.0 -9999.0 -9999.0 -9999.0 -9999.0 -9999.0 -9999.0 -9999.0 -9999.0 -9999.0 -9999.0 -9999.0 -9999.0 -9999.0 -9999.0 -9999.0 -9999.0 -9999.0 3.065973 -0.105436 -9999.0 -0.603732 -0.159998 1.028382 1.409123 2.627457 1.749867 1.533389 1.047645 -0.018632 -0.345954 -1.552977 -1.951235 -2.264984 -9999.0 -9999.0 -9999.0 -9999.0 -9999.0 -9999.0 -9999.0 -9999.0 -9999.0 -9999.0 -9999.0 -9999.0 -9999.0 -9999.0 -9999.0 -9999.0 -9999.0 -9999.0 -9999.0 -9999.0 -9999.0 -9999.0 -9999.0 -9999.0 -9999.0 -9999.0 -9999.0 -9999.0 -9999.0
-9999.0 -9999.0 -9999.0 -9999.0 -9999.0 -9999.0 -9999.0 -9999.0 -9999.0 -9999.0 -9999.0 -9999.0 -9999.0 -9999.0 -9999.0 -9999.0 -9999.0 4.768733 3.333071 2.500139 -0.010822 -0.085020 -0.019475 -0.010676 2.130879 -0.014259 -0.436889 -0.023408 -0.137329 -0.008348 -0.189894 -0.803674 -1.275505 -2.090029 -2.151293 -2.728925 -9999.0 -9999.0 -9999.0 -9999.0 -9999.0 -9999.0 -9999.0 -9999.0 -9999.0 -9999.0 -9999.0 -9999.0 -9999.0 -9999.0 -9999.0 -9999.0 -9999.0 -9999.0 -9999.0 -9999.0 -9999.0 -9999.0 -9999.0 -9999.0 -9999.0 -9999.0 -9999.0
-9999.0 -9999.0 -9999.0 -9999.0 -9999.0 -9999.0 -9999.0 -9999.0 -9999.0 -9999.0 -9999.0 -9999.0 -9999.0 -0.024095 -0.007113 2.840597 4.353364 8.407250 4.413702 2.144587 1.499675 1.060412 1.712904 2.186432 -0.016973 -0.099213 -0.885255 -2.358385 -0.974866 -0.037448 -1.216639 -0.681699 -0.360576 -2.062153 -2.698914 -2.700606 -9999.0 -9999.0 -9999.0 -9999.0 -9999.0 -9999.0 -9999.0 -9999.0 -9999.0 -9999.0 -9999.0 -9999.0 -9999.0 -9999.0 -9999.0 -9999.0 -9999.0 -9999.0 -9999.0 -9999.0 -9999.0 -9999.0 -9999.0 -9999.0 -9999.0 -9999.0 -9999.0
-9999.0 -9999.0 -9999.0 -9999.0 -9999.0 -9999.0 -9999.0 -9999.0 -9999.0 -9999.0 -9999.0 -9999.0 -9999.0 0.660861 2.552212 3.598489 3.593966 6.780680 8.507892 3.157883 3.512663 3.408905 1.633590 0.514556 -0.015077 -0.068644 -0.514232 -1.862609 -1.587974 -0.496021 -2.555829 -0.975842 -1.849215 -6.618527 -3.589867 -9999.0 -9999.0 -9999.0 -9999.0 -9999.0 -9999.0 -9999.0 -9999.0 -9999.0 -9999.0 -9999.0 -9999.0 -9999.0 -9999.0 -9999.0 -9999.0 -9999.0 -9999.0 -9999.0 -9999.0 -9999.0 -9999.0 -9999.0 -9999.0 -9999.0 -9999.0 -9999.0 -9999.0
-9999.0 -9999.0 -9999.0 -9999.0 -9999.0 -9999.0 -9999.0 -9999.0 -9999.0 -9999.0 -9999.0 -9999.0 -9999.0 2.254491 3.186272 3.613199 3.112769 3.930975 8.785844 4.366010 4.550826 1.040667 -0.015941 -0.051009 -0.009982 -0.016740 -0.454151 -1.767240 -3.083704 -5.702077 -2.484474 -7.248532 -7.410690 -10.661878 -4.204027 -9999.0 -9999.0 -9999.0 -9999.0 -9999.0 -9999.0 -9999.0 -9999.0 -9999.0 -9999.0 -9999.0 -9999.0 -9999.0 -9999.0 -9999.0 -9999.0 -9999.0 -9999.0 -9999.0 -9999.0 -9999.0 -9999.0 -9999.0 -9999.0 -9999.0 -9999.0 -9999.0 -9999.0
-9999.0 -9999.0 -9999.0 -9999.0 -9999.0 -9999.0 -9999.0 -9999.0 -9999.0 -9999.0 -9999.0 -9999.0 -0.006275 2.228491 2.967528 1.286349 1.416355 3.402699 7.397462 4.335082 1.398793 -0.033044 -0.152894 -0.074721 -1.323201 -0.552676 -2.461707 -1.308533 -1.717347 -3.126640 -7.181936 -2.033681 -3.248376 -2.742309 -9999.0 -9999.0 -9999.0 -9999.0 -9999.0 -9999.0 -9999.0 -9999.0 -9999.0 -9999.0 -9999.0 -9999.0 -9999.0 -9999.0 -9999.0 -9999.0 -9999.0 -9999.0 -9999.0 -9999.0 -9999.0 -9999.0 -9999.0 -9999.0 -9999.0 -9999.0 -9999.0 -9999.0 -9999.0
-9999.0 -9999.0 -9999.0 -9999.0 -9999.0 -9999.0 -9999.0 -9999.0 -9999.0 -9999.0 -9999.0 -0.104867 2.133853 1.798470 2.302578 1.777484 3.222158 3.545457 7.234692 4.577238 2.145815 0.443063 -0.512649 -0.350720 -1.314136 -1.537559 -1.491638 -2.121727 -1.569798 -2.575955 -2.083018 -1.577456 -2.642168 -2.295920 -3.435900 -2.494882 -1.344134 -0.681895 -1.946344 -9999.0 -9999.0 -9999.0 -2.423213 -9999.0 -9999.0 -9999.0 -9999.0 -9999.0 -9999.0 -9999.0 -9999.0 -9999.0 -9999.0 -9999.0 -9999.0 -9999.0 -9999.0 -9999.0 -9999.0 -9999.0 -9999.0 -9999.0 -9999.0
-9999.0 -9999.0 -9999.0 -9999.0 -9999.0 -9999.0 -9999.0 -9999.0 -9999.0 -9999.0 -9999.0 -0.089530 2.249468 3.742814 3.595110 0.480998 5.527259 4.323008 7.460471 5.137813 4.501257 0.469388 -0.543536 -1.597212 -3.107974 -0.831133 -0.857205 -1.474764 -1.540879 -2.325890 -2.238828 -0.988777 -1.640812 -3.585603 -2.328829 -2.230328 -1.069012 -0.335560 -0.494113 -2.192775 -2.144651 -2.402903 -2.412928 -1.853610 -9999.0 -9999.0 -9999.0 -3.013206 -3.510577 -3.432388 -3.683213 -2.804707 -3.300047 -3.891048 -3.901275 -3.064734 -9999.0 -9999.0 -9999.0 -9999.0 -9999.0 -9999.0 -9999.0
-9999.0 -9999.0 -9999.0 -9999.0 -9999.0 -9999.0 -9999.0 -9999.0 -9999.0 -9999.0 -9999.0 -0.087977 -0.024772 -0.090662 0.984463 0.944279 1.095724 3.550965 5.782277 5.143879 1.773133 -0.016886 -0.593401 -0.425965 -0.687088 -0.907358 -2.389794 -2.806103 -1.238451 -3.616108 -1.608489 -3.298820 -1.419268 -3.347113 -3.120150 -1.294790 -2.423800 -1.936493 -0.091964 -1.394737 -1.817679 -1.398479 -1.408380 -0.978901 -3.536105 -9999.0 -2.975231 -3.685113 -2.468651 -0.616236 -0.445589 -1.419982 -0.633665 -1.339893 -2.819223 -3.298404 -9999.0 -9999.0 -9999.0 -9999.0 -9999.0 -9999.0 -9999.0
-9999.0 -9999.0 -9999.0 -9999.0 -9999.0 -9999.0 -9999.0 -9999.0 -9999.0 -9999.0 -9999.0 -9999.0 -0.157958 -0.137273 0.621201 0.697186 -0.005332 2.645523 6.890174 5.073436 1.669707 -0.012843 -0.352527 -2.010497 -1.986751 -0.838600 -0.174899 -0.339491 -2.539690 -1.889725 -0.891542 -3.058678 -0.493445 -2.777317 -3.186842 -1.933731 -2.887719 -1.771790 1.325217 -0.388698 -0.728855 -0.136566 -2.446217 -0.676375 -1.558410 -3.119746 -2.543172 -3.417496 -3.603386 -2.407245 -0.091864 -2.950871 -2.970042 -3.613797 -4.139372 -2.688449 -3.330671 -9999.0 -9999.0 -9999.0 -9999.0 -9999.0 -9999.0
-9999.0 -9999.0 -9999.0 -9999.0 -9999.0 -9999.0 -9999.0 -9999.0 -9999.0 -9999.0 -9999.0 -1.870557 -0.204847 -0.124155 -0.832005 -0.018600 -0.007158 1.718327 6.170464 3.894946 2.211663 0.062978 -0.039831 -0.760328 -0.714815 -1.761620 -1.809793 -1.412726 -1.371988 -1.275294 -0.934737 -2.226502 -0.596259 -2.674007 -3.788421 -2.276393 -0.622044 -1.412080 -0.020606 -0.016234 -1.168958 -0.106084 -0.912919 -1.496754 -0.384076 -1.085417 -1.836290 -1.392362 -0.133086 -0.062558 -2.844697 -1.184468 -4.596808 -5.139210 -6.008795 -7.291332 -2.741492 -9999.0 -9999.0 -9999.0 -9999.0 -9999.0 -9999.0
-9999.0 -9999.0 -9999.0 -9999.0 -9999.0 -9999.0 -9999.0 -9999.0 -9999.0 -9999.0 -0.152131 -1.997165 -0.167992 -0.111523 -0.016198 -0.127895 -0.160656 -0.013335 3.155820 3.530974 3.481062 2.177113 -0.381714 -0.046294 -0.076959 -1.505830 -1.355571 -4.158443 -0.416813 -0.721042 -1.687605 -1.786933 -0.208693 -2.721013 -2.788087 -1.543963 -0.408530 -2.555383 -0.955118 -0.011515 -0.011155 1.171101 4.319512 0.663920 -0.095150 -0.549990 -0.398443 -2.305183 -1.620264 -0.034406 -4.396211 -2.744502 -6.474469 -7.831667 -7.125862 -2.728330 -2.590540 -9999.0 -9999.0 -9999.0 -9999.0 -9999.0 -9999.0
-9999.0 -9999.0 -9999.0 -9999.0 -9999.0 -9999.0 -9999.0 -9999.0 -9999.0 -0.625050 -0.416806 -1.924288 -1.331016 -0.991172 -1.084639 -0.138125 -0.083626 0.740402 3.049722 3.705514 3.805211 -0.007322 -0.010750 -0.010589 -0.015581 -1.282942 -2.167334 -0.332213 -1.755587 -0.221527 -0.014313 -1.474918 -1.329274 -6.533417 -2.200500 -1.634075 -1.238771 -2.978954 -0.622075 -0.561063 -0.414433 -0.191983 -0.295394 1.460597 0.682812 -0.069743 -0.036403 -0.835221 -0.823291 -0.013455 -1.277121 -2.198968 -8.719131 -3.913598 -3.002667 -4.465083 -3.752961 -1.717805 -2.641786 -9999.0 -9999.0 -9999.0 -9999.0
-9999.0 -9999.0 -9999.0 -9999.0 -9999.0 -9999.0 -9999.0 -9999.0 -9999.0 -2.039941 -0.614942 -0.515059 0.412181 -0.031412 -0.093587 -0.999654 -0.024449 -0.009462 3.566753 4.764677 4.380451 3.804751 2.398363 -0.013160 -0.897091 -1.048441 -0.944766 -0.067978 -0.009337 -0.012773 -0.064363 -1.853798 -1.909845 -3.323824 -2.465463 -1.476092 -1.360810 -0.349863 -0.638102 -0.602546 -2.481735 -1.336463 -0.250161 -0.007391 1.978384 1.797162 1.435940 -0.011242 -0.025487 -0.012826 -2.723098 -5.138801 -3.883355 -3.279355 -3.226246 -5.470368 -3.458927 -2.874123 -0.956065 -9999.0 -9999.0 -9999.0 -9999.0
-9999.0 -9999.0 -9999.0 -9999.0 -9999.0 -9999.0 -9999.0 -9999.0 -9999.0 -9999.0 -1.033139 -0.306969 -0.187457 -0.534856 -0.018736 -0.081091 -0.030838 1.291533 4.455808 3.910079 4.417399 2.174897 -0.017810 -0.267998 -0.746057 -0.063723 -0.013045 0.604748 -0.030421 -1.425905 -1.767182 -2.640749 -3.355797 -3.000458 -1.426048 -0.590947 -0.276313 -0.426559 -1.059984 -2.242893 -1.051925 -0.254332 -0.022921 -0.066569 -0.014141 -0.011570 0.924762 2.841094 2.127689 -0.013767 -1.677724 -3.329689 -3.078180 -3.899755 -3.462501 -3.552091 -1.648351 -1.531332 -1.217335 -0.053657 -9999.0 -9999.0 -9999.0
-9999.0 -9999.0 -9999.0 -9999.0 -9999.0 -9999.0 -9999.0 -9999.0 -9999.0 -9999.0 -2.565875 -0.377485 -0.282785 -0.073310 1.737948 -0.010933 -0.013448 2.077857 4.832906 5.189516 3.048217 0.894756 -0.022783 -0.103517 -0.064010 -0.009083 1.409479 -0.013965 -1.109611 -3.071794 -0.913323 -0.987598 -3.846545 -3.338861 -0.779731 -0.394016 -1.439775 -1.760098 -1.411247 -1.543661 -1.993326 -0.345927 -2.494572 -0.705702 -0.073719 -0.243306 -0.031918 -0.013928 2.248924 1.791882 -0.020444 -1.538693 -3.919092 -2.716942 -4.513994 -3.746653 -3.485219 -0.497040 1.303265 1.725181 -9999.0 -9999.0 -9999.0
-9999.0 -9999.0 -9999.0 -9999.0 -9999.0 -9999.0 -9999.0 -9999.0 -0.312752 -0.937093 -1.493399 -1.329986 -2.545499 -1.120124 -0.051890 1.259488 2.411758 4.639440 4.789119 5.690547 4.810793 3.637902 2.495890 0.726953 -0.011486 1.612918 1.898478 -0.635681 -1.063822 -3.121088 -6.233569 -2.234204 -2.160225 -3.245792 -1.866494 -0.553086 -0.034654 -0.402630 -2.351113 -1.459767 -1.719129 -0.439803 -2.970365 -1.292669 -0.120806 -0.130649 -2.179658 -0.951916 -0.012714 1.953395 -0.012689 -0.545425 -3.705690 -5.502754 -3.407528 -3.062351 -1.545153 -0.081921 -0.009452 3.501976 -9999.0 -9999.0 -9999.0
-9999.0 -9999.0 -9999.0 -9999.0 -9999.0 -9999.0 -9999.0 -9999.0 -2.872531 -2.854135 -2.347564 -1.464414 -0.519277 -1.966228 -0.752751 -0.011852 1.433333 2.074258 5.211716 6.226627 7.846104 6.464469 5.616869 4.706902 2.935198 2.756276 0.580465 -0.935748 -3.812100 -2.815752 -3.274662 -1.555804 -1.748103 -1.544186 -1.406301 -0.678258 -0.016749 -0.128527 -1.068714 -0.471562 -0.856868 -5.185425 -1.077827 -0.891184 -0.216659 -1.281263 -3.615821 -0.306047 -0.153077 1.268462 1.532228 -0.097591 -3.928295 -3.379139 -0.574197 -1.723963 -0.751187 -0.035678 2.263184 4.716988 6.096847 -9999.0 -9999.0
-9999.0 -9999.0 -9999.0 -9999.0 -9999.0 -9999.0 -9999.0 -9999.0 -0.799490 -0.632933 -2.042989 -3.166162 -1.295821 -2.789861 -0.955701 -0.607862 -0.009908 1.953774 5.107373 7.725222 6.696367 7.338288 6.943775 5.026812 4.935072 2.753933 -0.003934 -1.059484 -4.797423 -1.309331 -0.890358 -0.439472 -1.525681 -1.063941 -0.468907 -0.051590 -0.059225 1.328343 -0.033980 -2.341486 -0.339129 -0.635857 -0.860736 -0.697231 -0.928796 -0.453696 -1.468592 -0.675818 -1.812202 -0.015229 2.258813 -0.013033 -2.708569 -3.710453 -1.016288 -0.510248 0.781066 2.161948 4.354093 4.984501 5.346773 -9999.0 -9999.0
-9999.0 -9999.0 -9999.0 -9999.0 -9999.0 -9999.0 -9999.0 -9999.0 -2.828192 -0.214545 -1.612111 -4.160626 -0.353927 -1.045710 -0.245327 -0.004875 3.678292 4.899703 4.999420 5.397539 6.063221 6.433921 7.031376 6.626671 3.238539 0.695134 -0.050956 -1.798700 -0.194988 -2.220593 -1.124765 -0.694421 -0.037645 -0.374290 -0.136377 -0.024829 1.420175 3.558490 0.376608 -0.072866 -0.275933 -0.558801 -0.618628 -0.121753 -0.487392 -0.588216 -0.851157 -1.171336 -0.520346 -0.571809 -0.013548 1.855600 -0.012172 -0.741467 -0.010694 1.376479 2.953715 4.106316 5.085349 5.116376 4.207595 2.194791 -9999.0
-9999.0 -9999.0 -9999.0 -9999.0 -9999.0 -9999.0 -9999.0 -9999.0 -3.873324 -1.042177 -2.111700 -1.392895 -0.249435 -0.270368 -0.007147 1.832721 3.384212 2.095046 0.427147 2.466084 4.406694 5.765290 6.066445 5.784755 4.075020 -0.012293 -0.910933 -0.066050 -0.030084 -0.347700 -0.352962 -0.014144 1.734822 0.521372 -0.012826 -0.002516 2.141732 5.611168 5.094012 1.666232 -0.010956 -0.018794 -0.106174 -0.042052 -0.903912 -0.101219 -0.695707 -1.166113 -0.172986 -0.014172 1.116697 1.298373 1.619440 1.499970 1.921558 2.213911 3.091220 3.904184 4.512400 4.196681 3.670924 1.623131 -9999.0
-9999.0 -9999.0 -0.488074 -0.272503 -3.301912 -1.240361 -2.656791 -2.083400 -2.838441 -2.147931 -1.138360 -0.543119 -0.129860 -0.076901 2.427236 1.324990 -0.016222 -1.054924 -0.839473 -0.010391 2.343723 5.014405 4.676363 5.881954 3.862794 1.633272 -0.013593 -0.009720 1.727917 2.085762 -0.016623 -0.004943 4.143394 2.759049 3.268690 4.165128 5.639390 7.918363 6.906056 4.179302 3.356824 3.279744 3.244193 2.008353 -0.012031 -0.013889 1.185620 1.113728 1.975147 2.925545 3.651486 3.418937 2.821576 2.362412 2.248660 4.831340 2.888318 3.284520 2.913395 2.883070 3.046122 0.884097 -9999.0
-9999.0 -1.021675 -2.558113 -0.935557 -1.092635 -1.105166 -2.061799 -2.581533 -3.547253 -2.930848 -1.856669 -0.690697 -0.020583 -0.001242 0.495776 -0.164689 -0.773810 -1.584785 -0.887918 -0.014555 2.114139 3.814633 4.732386 4.175114 5.852075 3.554734 3.805899 4.027704 3.613620 2.550448 2.409206 2.436443 3.858018 6.414506 6.457695 7.532956 9.825344 10.931934 9.201417 7.446685 7.148847 6.758756 5.789759 4.384495 3.109091 3.373100 3.759333 5.541536 5.408454 5.544842 4.179953 3.410460 2.663023 1.921055 1.839494 1.387512 0.583289 0.923336 1.124442 1.216579 -0.003481 0.680675 -9999.0
-9999.0 -0.154523 -0.823786 -0.227457 -0.035830 -0.464462 -2.338384 -3.069662 -1.921841 -3.131966 -2.325732 -1.069970 -0.007710 1.148696 -0.261007 -3.067859 -2.407415 -1.900312 -0.961538 -0.035435 2.085698 1.538730 2.461495 2.358037 5.444633 6.410891 5.210890 5.672984 4.932474 6.057897 6.279030 6.020245 5.592045 6.479146 8.882251 9.654220 13.544992 14.903589 12.268945 11.529573 10.606825 9.483713 8.838166 7.736329 7.703775 7.545955 6.699603 6.229711 5.661068 4.967300 3.362423 1.596811 0.688016 1.329953 0.539378 -0.033713 -0.135951 -0.067780 -0.050442 -0.151213 -0.030461 -9999.0 -9999.0
