user2019/resources/simulation/Vinschgau/output-maps/TL0008N0800.asc
ncols         63
nrows         48
xllcorner     598000.000000
yllcorner     5145000.000000
cellsize      1000.000000
NODATA_value  -9999.0
[rows 0 to 27 of 48, columns 0 to 62 of 63]
-9999.0 -9999.0 -9999.0 -9999.0 -9999.0 -9999.0 -9999.0 -9999.0 -9999.0 -9999.0 -9999.0 -9999.0 -9999.0 -9999.0 -9999.0 -9999.0 -9999.0 -9999.0 -9999.0 -9999.0 -9999.0 -9999.0 -9999.0 -9999.0 -9999.0 -9999.0 -9999.0 -9999.0 -9999.0 -9999.0 -9999.0 -9999.0 -9999.0 -9999.0 -9999.0 -9999.0 -9999.0 -9999.0 -9999.0 -9999.0 -9999.0 -9999.0 -9999.0 -9999.0 -9999.0 -9999.0 -9999.0 -9999.0 -9999.0 -9999.0 -9999.0 -9999.0 -9999.0 -9999.0 -9999.0 -9999.0 -9999.0 -9999.0 -9999.0 -9999.0 -9999.0 -9999.0 -9999.0
-9999.0 -9999.0 -9999.0 -9999.0 -9999.0 -9999.0 -9999.0 -9999.0 -9999.0 -9999.0 -9999.0 -9999.0 -9999.0 -9999.0 -9999.0 -9999.0 -9999.0 -9999.0 -9999.0 -9999.0 -9999.0 -9999.0 -9999.0 -9999.0 -9999.0 -9999.0 -9999.0 -3.860812 -0.005964 -4.136541 -3.354162 -4.128875 -4.606361 -9999.0 -9999.0 -9999.0 -9999.0 -9999.0 -9999.0 -9999.0 -9999.0 -9999.0 -9999.0 -9999.0 -9999.0 -9999.0 -9999.0 -9999.0 -9999.0 -9999.0 -9999.0 -9999.0 -9999.0 -9999.0 -9999.0 -9999.0 -9999.0 -9999.0 -9999.0 -9999.0 -9999.0 -9999.0 -9999.0
-9999.0 -9999.0 -9999.0 -9999.0 -9999.0 -9999.0 -9999.0 -9999.0 -9999.0 -9999.0 -9999.0 -9999.0 -9999.0 -9999.0 -9999.0 -9999.0 -9999.0 -9999.0 -9999.0 -9999.0 -9999.0 -9999.0 -9999.0 -9999.0 -0.001034 -0.000001 0.001466 -0.000193 -0.002324 -0.080971 -1.950217 -9999.0 -9999.0 -9999.0 -9999.0 -9999.0 -9999.0 -9999.0 -9999.0 -9999.0 -9999.0 -9999.0 -9999.0 -9999.0 -9999.0 -9999.0 -9999.0 -9999.0 -9999.0 -9999.0 -9999.0 -9999.0 -9999.0 -9999.0 -9999.0 -9999.0 -9999.0 -9999.0 -9999.0 -9999.0 -9999.0 -9999.0 -9999.0
-9999.0 -9999.0 -9999.0 -9999.0 -9999.0 -9999.0 -9999.0 -9999.0 -9999.0 -9999.0 -9999.0 -9999.0 -9999.0 -9999.0 -9999.0 -9999.0 -9999.0 -9999.0 -9999.0 -9999.0 -9999.0 -9999.0 -9999.0 0.000076 0.006540 0.477321 0.714569 0.895952 0.006103 -0.002050 -0.452014 -3.110715 -9999.0 -9999.0 -9999.0 -9999.0 -9999.0 -9999.0 -9999.0 -9999.0 -9999.0 -9999.0 -9999.0 -9999.0 -9999.0 -9999.0 -9999.0 -9999.0 -9999.0 -9999.0 -9999.0 -9999.0 -9999.0 -9999.0 -9999.0 -9999.0 -9999.0 -9999.0 -9999.0 -9999.0 -9999.0 -9999.0 -9999.0
-9999.0 -9999.0 -9999.0 -9999.0 -9999.0 -9999.0 -9999.0 -9999.0 -9999.0 -9999.0 -9999.0 -9999.0 -9999.0 -9999.0 -9999.0 -9999.0 -9999.0 -9999.0 0.471777 0.003159 -9999.0 0.000581 0.004308 0.099621 0.349174 1.255577 0.251145 0.218631 0.387746 0.034260 -0.002428 -0.550367 -5.143947 -7.161641 -9999.0 -9999.0 -9999.0 -9999.0 -9999.0 -9999.0 -9999.0 -9999.0 -9999.0 -9999.0 -9999.0 -9999.0 -9999.0 -9999.0 -9999.0 -9999.0 -9999.0 -9999.0 -9999.0 -9999.0 -9999.0 -9999.0 -9999.0 -9999.0 -9999.0 -9999.0 -9999.0 -9999.0 -9999.0
-9999.0 -9999.0 -9999.0 -9999.0 -9999.0 -9999.0 -9999.0 -9999.0 -9999.0 -9999.0 -9999.0 -9999.0 -9999.0 -9999.0 -9999.0 -9999.0 -9999.0 4.162522 2.112375 1.301642 -0.004553 0.038643 0.031354 0.014166 0.471321 0.010373 0.001938 0.001060 0.000823 0.048041 0.000090 -0.940082 -3.429122 -4.168999 -6.078502 -7.366098 -9999.0 -9999.0 -9999.0 -9999.0 -9999.0 -9999.0 -9999.0 -9999.0 -9999.0 -9999.0 -9999.0 -9999.0 -9999.0 -9999.0 -9999.0 -9999.0 -9999.0 -9999.0 -9999.0 -9999.0 -9999.0 -9999.0 -9999.0 -9999.0 -9999.0 -9999.0 -9999.0
-9999.0 -9999.0 -9999.0 -9999.0 -9999.0 -9999.0 -9999.0 -9999.0 -9999.0 -9999.0 -9999.0 -9999.0 -9999.0 0.003417 0.065510 1.868462 3.662172 4.134422 3.741663 0.384730 0.273871 0.132993 0.432591 0.315278 0.007863 0.000786 -0.013666 -0.376250 0.002432 0.010861 0.001809 -0.001979 -3.195983 -4.590468 -5.478902 -7.486691 -9999.0 -9999.0 -9999.0 -9999.0 -9999.0 -9999.0 -9999.0 -9999.0 -9999.0 -9999.0 -9999.0 -9999.0 -9999.0 -9999.0 -9999.0 -9999.0 -9999.0 -9999.0 -9999.0 -9999.0 -9999.0 -9999.0 -9999.0 -9999.0 -9999.0 -9999.0 -9999.0
-9999.0 -9999.0 -9999.0 -9999.0 -9999.0 -9999.0 -9999.0 -9999.0 -9999.0 -9999.0 -9999.0 -9999.0 -9999.0 0.033799 1.293390 2.563539 2.867483 3.384400 4.193958 1.818749 2.380058 0.923738 0.933184 0.016326 0.013261 -0.000050 -0.005878 -3.935290 -4.859665 -0.005329 -0.006679 -2.548329 -5.375135 -8.991294 -7.111209 -9999.0 -9999.0 -9999.0 -9999.0 -9999.0 -9999.0 -9999.0 -9999.0 -9999.0 -9999.0 -9999.0 -9999.0 -9999.0 -9999.0 -9999.0 -9999.0 -9999.0 -9999.0 -9999.0 -9999.0 -9999.0 -9999.0 -9999.0 -9999.0 -9999.0 -9999.0 -9999.0 -9999.0
-9999.0 -9999.0 -9999.0 -9999.0 -9999.0 -9999.0 -9999.0 -9999.0 -9999.0 -9999.0 -9999.0 -9999.0 -9999.0 0.902350 1.011503 2.123831 2.159924 3.108312 4.449183 3.540203 1.254380 0.041325 0.001711 0.002810 0.034233 0.004897 -1.916102 -5.195499 -2.680264 -7.974503 -3.816753 -9.202251 -9.686798 -8.807116 -8.065635 -9999.0 -9999.0 -9999.0 -9999.0 -9999.0 -9999.0 -9999.0 -9999.0 -9999.0 -9999.0 -9999.0 -9999.0 -9999.0 -9999.0 -9999.0 -9999.0 -9999.0 -9999.0 -9999.0 -9999.0 -9999.0 -9999.0 -9999.0 -9999.0 -9999.0 -9999.0 -9999.0 -9999.0
-9999.0 -9999.0 -9999.0 -9999.0 -9999.0 -9999.0 -9999.0 -9999.0 -9999.0 -9999.0 -9999.0 -9999.0 0.038007 0.448276 1.477666 0.075272 0.554869 2.414601 3.982489 2.368150 0.221973 0.011200 -0.002267 0.003988 0.008952 -0.010723 -0.002312 -1.870926 -2.652932 -5.708055 -8.667621 -5.622741 -5.737060 -8.147926 -9999.0 -9999.0 -9999.0 -9999.0 -9999.0 -9999.0 -9999.0 -9999.0 -9999.0 -9999.0 -9999.0 -9999.0 -9999.0 -9999.0 -9999.0 -9999.0 -9999.0 -9999.0 -9999.0 -9999.0 -9999.0 -9999.0 -9999.0 -9999.0 -9999.0 -9999.0 -9999.0 -9999.0 -9999.0
-9999.0 -9999.0 -9999.0 -9999.0 -9999.0 -9999.0 -9999.0 -9999.0 -9999.0 -9999.0 -9999.0 0.000606 0.502254 0.899844 0.685827 0.048025 1.071405 2.335872 4.216899 1.781245 0.831155 0.164904 -0.001581 -0.004283 -0.007898 -0.020339 -4.804536 -0.028526 -0.000820 -7.103992 -5.805743 -2.478301 -5.430246 -6.621978 -6.048657 -5.204147 -2.787979 -0.741311 -0.563674 -9999.0 -9999.0 -9999.0 -6.711359 -9999.0 -9999.0 -9999.0 -9999.0 -9999.0 -9999.0 -9999.0 -9999.0 -9999.0 -9999.0 -9999.0 -9999.0 -9999.0 -9999.0 -9999.0 -9999.0 -9999.0 -9999.0 -9999.0 -9999.0
-9999.0 -9999.0 -9999.0 -9999.0 -9999.0 -9999.0 -9999.0 -9999.0 -9999.0 -9999.0 -9999.0 0.000042 0.829257 1.483765 1.911809 0.000402 3.057954 2.932838 4.351884 2.949599 1.311380 0.017487 0.000124 -0.002130 -0.041799 -0.023235 -0.015231 -1.919682 -3.871777 -6.676170 -2.164414 -0.009399 -2.645344 -4.994102 -5.271657 -2.591513 -0.003289 -0.003213 -0.020337 -6.044639 -6.022452 -6.633099 -2.815039 -5.188006 -9999.0 -9999.0 -9999.0 -0.003392 -5.827583 -5.921485 -4.674871 -6.837441 -7.147424 -0.002969 -0.003331 -7.662727 -9999.0 -9999.0 -9999.0 -9999.0 -9999.0 -9999.0 -9999.0
-9999.0 -9999.0 -9999.0 -9999.0 -9999.0 -9999.0 -9999.0 -9999.0 -9999.0 -9999.0 -9999.0 -0.001365 0.000313 -0.000229 0.099467 0.019543 0.041042 2.283281 2.989017 3.178171 1.388003 0.007052 -0.000360 -0.001553 -0.054585 -3.431727 -0.001363 -0.002527 -4.329705 -4.982888 -4.787099 -3.330812 -0.024166 -4.082948 -5.297330 -2.449163 -0.010050 -0.138878 -0.002229 -4.032994 -0.013467 -3.479121 -2.378998 -0.014752 -4.088361 -9999.0 -8.040267 -4.756189 -2.292169 -0.621488 -0.071939 -3.252904 -1.809858 -1.523313 -4.096345 -4.199561 -9999.0 -9999.0 -9999.0 -9999.0 -9999.0 -9999.0 -9999.0
-9999.0 -9999.0 -9999.0 -9999.0 -9999.0 -9999.0 -9999.0 -9999.0 -9999.0 -9999.0 -9999.0 -9999.0 -0.000055 -0.000494 0.024584 0.025215 0.004217 1.620480 3.396217 3.159740 0.999030 0.003134 -0.004103 -0.001363 -0.002495 -0.001023 0.007071 -0.591228 -2.713100 -5.130186 -0.049019 -0.017814 -0.010963 -2.936312 -4.091161 -1.309360 -0.002810 -0.002192 0.464649 -0.005680 -0.002407 -0.030198 -1.965745 -0.000053 -4.668216 -4.366579 -6.255521 -4.232272 -3.103269 -0.003526 0.047820 -0.006847 0.000094 -0.000936 -3.302421 -3.227440 -2.037995 -9999.0 -9999.0 -9999.0 -9999.0 -9999.0 -9999.0
-9999.0 -9999.0 -9999.0 -9999.0 -9999.0 -9999.0 -9999.0 -9999.0 -9999.0 -9999.0 -9999.0 -0.000370 -0.001294 -0.002030 -0.000792 0.000047 0.016453 0.899866 2.774837 3.141487 1.218495 0.002317 0.000276 -0.003467 -0.000662 -0.002016 -0.000342 -2.350861 -1.821787 -3.251444 -0.002021 -0.002685 -0.004178 -2.667387 -5.551285 -2.878036 -0.971351 -0.003238 0.326224 0.020155 -0.003420 0.018388 -0.001639 -0.005680 0.004009 -0.909705 -3.284634 -3.363209 -2.042863 0.001619 -3.702228 -2.500853 -4.614360 -6.330523 -7.574484 -6.995384 -5.679927 -9999.0 -9999.0 -9999.0 -9999.0 -9999.0 -9999.0
-9999.0 -9999.0 -9999.0 -9999.0 -9999.0 -9999.0 -9999.0 -9999.0 -9999.0 -9999.0 0.012732 -0.000977 0.001365 0.001071 0.016388 0.012727 0.004578 0.007202 2.443151 2.818796 1.687921 0.529951 -0.002905 0.016060 0.014993 0.004851 -0.013545 -4.621756 -0.005235 -0.002009 -0.002005 -0.001694 -0.003027 -3.174734 -7.669539 -4.772100 -0.004711 -0.008468 -0.017746 0.010351 0.006935 0.214122 1.032405 0.328772 0.001485 -2.674141 -0.007301 -1.202029 -0.002016 0.003562 -4.683460 -6.223320 -8.156950 -8.301430 -9.197033 -3.506781 -4.714340 -9999.0 -9999.0 -9999.0 -9999.0 -9999.0 -9999.0
-9999.0 -9999.0 -9999.0 -9999.0 -9999.0 -9999.0 -9999.0 -9999.0 -9999.0 -0.019556 -0.000733 -0.000848 -0.001723 0.000536 0.000126 -0.000810 0.002212 0.088968 2.092972 3.286234 2.043830 0.021319 0.007808 0.044153 0.062203 -1.514444 -0.002726 -0.001069 0.000870 0.005348 0.005867 -1.793103 -4.528179 -7.820028 -6.413153 -4.877872 -1.760138 -1.662119 -0.002467 -0.001807 -0.006301 0.000209 -0.000715 0.865474 0.254943 0.006031 0.019123 -0.002521 -0.002447 0.119842 -2.768252 -5.708406 -8.921177 -8.595623 -6.877877 -5.585163 -2.963349 -4.830848 -6.326531 -9999.0 -9999.0 -9999.0 -9999.0
-9999.0 -9999.0 -9999.0 -9999.0 -9999.0 -9999.0 -9999.0 -9999.0 -9999.0 -4.400212 -3.968335 -0.002573 0.113866 0.009506 0.006149 0.000818 0.019951 0.035118 2.627209 3.173121 2.785863 1.466561 0.600491 0.030935 -1.035707 -0.001050 0.004174 0.017771 0.010963 0.039646 0.002292 -2.196337 -2.225645 -3.906258 -2.874377 -4.392454 -3.843380 -2.129116 -0.024842 -0.002960 -0.000991 -0.005555 0.003955 0.013318 1.604618 0.941121 0.555317 0.009532 0.002690 0.008029 -3.022349 -5.636010 -8.162314 -7.088037 -6.289627 -0.039753 -4.066198 -0.051538 -3.281792 -9999.0 -9999.0 -9999.0 -9999.0
-9999.0 -9999.0 -9999.0 -9999.0 -9999.0 -9999.0 -9999.0 -9999.0 -9999.0 -9999.0 -0.858033 -0.004799 -0.000734 0.067671 0.013880 0.008563 0.014887 0.457231 3.318246 3.417169 2.586057 1.206224 0.007728 -0.000025 -0.000415 0.014725 0.006329 0.037289 0.003231 -1.082965 -2.059810 -0.000028 -3.801668 -3.634728 -1.699400 -0.004186 0.002805 0.001340 -3.776660 -2.126390 -1.973890 0.000112 0.013455 0.001078 0.000643 0.008699 0.324799 1.039814 1.281992 0.006130 -1.998144 -3.134277 -6.935874 -7.961230 -6.985970 -5.022076 -0.016650 -0.000004 -0.004263 0.018194 -9999.0 -9999.0 -9999.0
-9999.0 -9999.0 -9999.0 -9999.0 -9999.0 -9999.0 -9999.0 -9999.0 -9999.0 -9999.0 -3.053664 -0.007606 -0.000269 -0.001514 0.733596 0.013742 0.012272 1.480552 3.854086 4.042670 2.554536 0.200713 0.007977 0.006676 0.012473 0.052638 0.676455 -0.000116 -1.227362 -3.172380 -1.384880 -0.002710 -4.646164 -4.318302 -0.121501 -0.001739 -0.000006 -0.001443 -1.533491 -2.663927 -0.560303 -1.213363 -0.004633 -0.002709 0.002436 -0.346410 0.003319 -0.000178 1.493127 1.020445 -0.000962 -1.694887 -3.627422 -6.537769 -8.543251 -7.658189 -4.609577 -0.002578 0.683844 1.002828 -9999.0 -9999.0 -9999.0
-9999.0 -9999.0 -9999.0 -9999.0 -9999.0 -9999.0 -9999.0 -9999.0 -0.001581 -0.011969 -3.316600 -0.002492 -0.003525 -0.003660 -0.733969 1.137189 1.636681 2.331052 4.181166 4.536858 4.374381 2.593849 1.610426 0.019931 0.037728 1.377808 0.319120 -0.003780 -0.004557 -3.914317 -7.955611 -2.554103 -0.798337 -3.538752 -3.488474 -0.021201 0.001716 -0.000309 -2.649358 -4.633349 -3.551223 -0.002484 -3.742658 -4.457398 -0.069502 0.001755 -2.456685 -0.000173 -0.000582 1.756893 0.001263 -1.468869 -1.344235 -6.303600 -7.192378 -3.484314 -4.414188 0.013336 0.005196 2.471637 -9999.0 -9999.0 -9999.0
-9999.0 -9999.0 -9999.0 -9999.0 -9999.0 -9999.0 -9999.0 -9999.0 -2.831940 -0.007687 -2.695106 -2.799260 -0.007722 -0.000830 -0.002121 0.005200 0.663870 1.198811 4.222728 4.991730 5.193879 4.381955 2.673781 1.203523 1.997109 2.121410 0.223388 -0.000545 -3.859192 -2.074843 -3.709748 -3.998095 -3.130283 -3.875662 -0.003059 -0.000965 0.004720 0.000367 -0.002409 -0.003132 -0.868230 -6.259273 -3.993921 -0.002802 0.000348 -0.002004 -4.067881 -0.004323 0.000998 0.844393 0.877526 0.000108 -3.610845 -3.613209 -0.009042 -2.254474 -0.002628 0.000898 1.514748 4.440345 5.339091 -9999.0 -9999.0
-9999.0 -9999.0 -9999.0 -9999.0 -9999.0 -9999.0 -9999.0 -9999.0 -0.681300 -0.000617 -0.005022 -3.556755 -0.002841 -3.179188 -0.000345 -0.522098 0.008671 0.917069 4.465595 5.307777 5.433238 5.235544 4.165227 3.613555 2.985372 1.832730 0.016051 -0.004645 -4.313700 -0.028278 -3.254951 -0.001535 -0.004732 -0.723762 -0.001206 0.004768 -0.002755 1.133998 -0.001291 -0.004918 -0.006718 -3.264997 -0.001648 -0.000419 -0.002081 -0.001838 -4.509471 -0.002247 -0.002052 0.004119 1.942171 0.002339 -2.551785 -3.468418 -0.002568 -0.000627 0.022595 1.426613 3.446915 4.156894 4.973657 -9999.0 -9999.0
-9999.0 -9999.0 -9999.0 -9999.0 -9999.0 -9999.0 -9999.0 -9999.0 -5.888181 -0.003580 -0.000040 -4.253263 -0.005231 -0.000813 -0.384101 0.007224 2.641151 4.111188 3.351312 5.054986 4.851148 5.363139 5.294202 4.886083 2.649622 0.296076 0.004271 -2.058490 0.002039 -0.011639 -0.002823 -0.005591 -0.002927 0.002179 -0.002738 0.006559 0.078389 2.558106 0.013241 0.000464 -0.002021 -0.002007 -0.002015 -0.060292 -0.001819 -2.930623 -0.004889 -1.771766 -0.005103 -0.002694 0.001034 1.523934 0.006060 0.055833 0.048729 0.553838 1.939280 3.330861 4.532803 4.755061 3.511986 1.763466 -9999.0
-9999.0 -9999.0 -9999.0 -9999.0 -9999.0 -9999.0 -9999.0 -9999.0 -3.637087 -0.001893 -0.000016 -1.658230 -2.163209 -0.675088 0.073699 1.164986 1.984677 1.388166 0.024165 1.566102 3.884339 4.886545 5.050998 4.759680 1.871786 0.017703 -0.002842 0.012589 0.028001 0.005737 0.000228 0.007926 0.497553 0.030798 0.015491 0.045222 1.149007 4.285042 3.609360 0.848673 0.018794 0.012252 0.010529 0.009369 -0.002574 0.003446 0.002097 -0.003453 0.004718 0.003367 0.369606 0.959365 1.293900 0.759250 1.410138 2.194514 2.991865 3.660623 3.913437 3.285851 2.743971 1.116622 -9999.0
-9999.0 -9999.0 -0.014399 -0.001699 -0.003686 -0.001512 -0.009629 -1.519860 -0.005844 -0.003249 -0.002006 0.010999 -0.968841 0.025807 0.604434 1.165446 -0.000490 -0.002076 0.000430 0.011548 1.494593 4.006966 4.167359 5.628006 3.080503 0.936889 0.015169 0.016450 1.204025 0.183582 0.010177 0.015623 1.897285 1.781654 2.311300 3.098342 4.512195 6.333447 5.243956 2.971566 2.299678 2.304953 2.424440 1.123564 0.006518 0.016922 0.312980 0.684052 1.120250 2.150431 2.850488 3.359853 2.686569 2.282275 2.205017 3.004806 2.413977 2.646581 1.933827 2.199790 0.879622 0.423551 -9999.0
-9999.0 0.000274 -0.001524 -0.001188 -0.002024 -0.004982 -0.009486 -0.035769 -2.811827 -3.167246 -0.003106 -0.007045 0.168615 0.584450 0.626886 -0.167794 -0.000805 -0.002018 0.009108 0.010772 1.356002 2.641167 2.837569 3.486377 3.588194 2.572846 1.884967 2.097924 2.594063 1.786878 1.522198 1.330550 2.136841 3.823619 4.951474 6.312788 7.582802 9.253949 7.788887 6.459096 5.524714 5.282401 4.515484 3.083819 2.045474 2.530797 3.288667 4.176654 4.222054 4.219528 3.846242 3.160205 2.165583 1.565316 1.520991 0.871765 0.390124 0.695503 0.377940 0.086280 0.010480 0.225467 -9999.0
-9999.0 0.000458 -0.002000 -0.000481 0.274724 -0.002004 -2.428478 -0.011203 -0.006922 -3.638616 -0.003076 -0.008813 0.006552 0.655179 -0.000952 -2.480419 -2.432085 -0.002283 -0.000891 -0.002718 0.114197 1.006713 1.575691 1.155686 3.240559 4.289969 4.940059 4.961278 4.451739 4.766718 5.658646 5.143787 4.104471 5.151088 6.611586 8.199855 10.363383 11.636521 10.192234 9.450126 8.646660 7.804813 6.501488 6.951213 7.325032 6.720915 5.910444 5.617403 5.080416 4.493100 2.662220 1.175100 0.464707 0.806606 0.348569 0.000891 -0.002277 0.001638 -0.000934 0.001332 0.001491 -9999.0 -9999.0
