user2019/resources/simulation/Vinschgau/output-maps/TL0008N1059.asc
ncols         63
nrows         48
xllcorner     598000.000000
yllcorner     5145000.000000
cellsize      1000.000000
NODATA_value  -9999.0
[rows 0 to 27 of 48, columns 0 to 62 of 63]
-9999.0 -9999.0 -9999.0 -9999.0 -9999.0 -9999.0 -9999.0 -9999.0 -9999.0 -9999.0 -9999.0 -9999.0 -9999.0 -9999.0 -9999.0 -9999.0 -9999.0 -9999.0 -9999.0 -9999.0 -9999.0 -9999.0 -9999.0 -9999.0 -9999.0 -9999.0 -9999.0 -9999.0 -9999.0 -9999.0 -9999.0 -9999.0 -9999.0 -9999.0 -9999.0 -9999.0 -9999.0 -9999.0 -9999.0 -9999.0 -9999.0 -9999.0 -9999.0 -9999.0 -9999.0 -9999.0 -9999.0 -9999.0 -9999.0 -9999.0 -9999.0 -9999.0 -9999.0 -9999.0 -9999.0 -9999.0 -9999.0 -9999.0 -9999.0 -9999.0 -9999.0 -9999.0 -9999.0
-9999.0 -9999.0 -9999.0 -9999.0 -9999.0 -9999.0 -9999.0 -9999.0 -9999.0 -9999.0 -9999.0 -9999.0 -9999.0 -9999.0 -9999.0 -9999.0 -9999.0 -9999.0 -9999.0 -9999.0 -9999.0 -9999.0 -9999.0 -9999.0 -9999.0 -9999.0 -9999.0 -1.493044 -1.984427 -2.238070 -2.689465 -2.266802 -2.799994 -9999.0 -9999.0 -9999.0 -9999.0 -9999.0 -9999.0 -9999.0 -9999.0 -9999.0 -9999.0 -9999.0 -9999.0 -9999.0 -9999.0 -9999.0 -9999.0 -9999.0 -9999.0 -9999.0 -9999.0 -9999.0 -9999.0 -9999.0 -9999.0 -9999.0 -9999.0 -9999.0 -9999.0 -9999.0 -9999.0
-9999.0 -9999.0 -9999.0 -9999.0 -9999.0 -9999.0 -9999.0 -9999.0 -9999.0 -9999.0 -9999.0 -9999.0 -9999.0 -9999.0 -9999.0 -9999.0 -9999.0 -9999.0 -9999.0 -9999.0 -9999.0 -9999.0 -9999.0 -9999.0 -0.931429 -0.559723 -1.009004 -0.629419 -1.246404 -1.473175 -1.918558 -9999.0 -9999.0 -9999.0 -9999.0 -9999.0 -9999.0 -9999.0 -9999.0 -9999.0 -9999.0 -9999.0 -9999.0 -9999.0 -9999.0 -9999.0 -9999.0 -9999.0 -9999.0 -9999.0 -9999.0 -9999.0 -9999.0 -9999.0 -9999.0 -9999.0 -9999.0 -9999.0 -9999.0 -9999.0 -9999.0 -9999.0 -9999.0
-9999.0 -9999.0 -9999.0 -9999.0 -9999.0 -9999.0 -9999.0 -9999.0 -9999.0 -9999.0 -9999.0 -9999.0 -9999.0 -9999.0 -9999.0 -9999.0 -9999.0 -9999.0 -9999.0 -9999.0 -9999.0 -9999.0 -9999.0 -0.321973 -0.247496 1.189297 1.642520 2.215079 1.469726 -0.338334 -2.010413 -2.141844 -9999.0 -9999.0 -9999.0 -9999.0 -9999.0 -9999.0 -9999.0 -9999.0 -9999.0 -9999.0 -9999.0 -9999.0 -9999.0 -9999.0 -9999.0 -9999.0 -9999.0 -9999.0 -9999.0 -9999.0 -9999.0 -9999.0 -9999.0 -9999.0 -9999.0 -9999.0 -9999.0 -9999.0 -9999.0 -9999.0 -9999.0
-9999.0 -9999.0 -9999.0 -9999.0 -9999.0 -9999.0 -9999.0 -9999.0 -9999.0 -9999.0 -9999.0 -9999.0 -9999.0 -9999.0 -9999.0 -9999.0 -9999.0 -9999.0 2.438258 -0.104510 -9999.0 -0.267891 -0.151651 0.956136 1.284091 2.528710 1.497823 1.376348 0.949817 -0.002041 -0.795074 -2.054427 -2.697611 -3.127508 -9999.0 -9999.0 -9999.0 -9999.0 -9999.0 -9999.0 -9999.0 -9999.0 -9999.0 -9999.0 -9999.0 -9999.0 -9999.0 -9999.0 -9999.0 -9999.0 -9999.0 -9999.0 -9999.0 -9999.0 -9999.0 -9999.0 -9999.0 -9999.0 -9999.0 -9999.0 -9999.0 -9999.0 -9999.0
-9999.0 -9999.0 -9999.0 -9999.0 -9999.0 -9999.0 -9999.0 -9999.0 -9999.0 -9999.0 -9999.0 -9999.0 -9999.0 -9999.0 -9999.0 -9999.0 -9999.0 4.650094 3.275260 2.435650 -0.062811 -0.000962 -0.002035 -0.002315 1.787085 -0.002292 -0.456493 -0.001805 -0.002873 -0.000761 -0.157854 -0.672434 -1.852526 -2.056642 -2.894479 -3.812914 -9999.0 -9999.0 -9999.0 -9999.0 -9999.0 -9999.0 -9999.0 -9999.0 -9999.0 -9999.0 -9999.0 -9999.0 -9999.0 -9999.0 -9999.0 -9999.0 -9999.0 -9999.0 -9999.0 -9999.0 -9999.0 -9999.0 -9999.0 -9999.0 -9999.0 -9999.0 -9999.0
-9999.0 -9999.0 -9999.0 -9999.0 -9999.0 -9999.0 -9999.0 -9999.0 -9999.0 -9999.0 -9999.0 -9999.0 -9999.0 -0.068793 0.421150 2.780173 4.262567 7.741858 4.302976 2.109872 1.403990 1.002972 1.630189 1.957143 -0.001830 -0.105642 -0.987089 -2.432768 -1.000211 -0.002027 -1.277909 -0.933669 -1.696391 -1.625256 -3.225384 -3.520787 -9999.0 -9999.0 -9999.0 -9999.0 -9999.0 -9999.0 -9999.0 -9999.0 -9999.0 -9999.0 -9999.0 -9999.0 -9999.0 -9999.0 -9999.0 -9999.0 -9999.0 -9999.0 -9999.0 -9999.0 -9999.0 -9999.0 -9999.0 -9999.0 -9999.0 -9999.0 -9999.0
-9999.0 -9999.0 -9999.0 -9999.0 -9999.0 -9999.0 -9999.0 -9999.0 -9999.0 -9999.0 -9999.0 -9999.0 -9999.0 -0.001528 2.430616 3.531383 3.497782 5.939070 7.818363 3.136012 3.455046 3.089070 1.624277 0.500349 -0.001991 -0.004612 -1.069421 -2.447742 -2.096136 -1.313602 -2.639083 -1.706272 -2.497306 -6.809287 -3.708061 -9999.0 -9999.0 -9999.0 -9999.0 -9999.0 -9999.0 -9999.0 -9999.0 -9999.0 -9999.0 -9999.0 -9999.0 -9999.0 -9999.0 -9999.0 -9999.0 -9999.0 -9999.0 -9999.0 -9999.0 -9999.0 -9999.0 -9999.0 -9999.0 -9999.0 -9999.0 -9999.0 -9999.0
-9999.0 -9999.0 -9999.0 -9999.0 -9999.0 -9999.0 -9999.0 -9999.0 -9999.0 -9999.0 -9999.0 -9999.0 -9999.0 2.222428 2.742680 3.547248 3.039966 3.852115 8.091869 4.258164 3.889115 1.034958 -0.002306 -0.002308 -0.001610 -0.001521 -0.516271 -2.313474 -1.952787 -5.981239 -1.715629 -7.363961 -7.606270 -10.091467 -4.054177 -9999.0 -9999.0 -9999.0 -9999.0 -9999.0 -9999.0 -9999.0 -9999.0 -9999.0 -9999.0 -9999.0 -9999.0 -9999.0 -9999.0 -9999.0 -9999.0 -9999.0 -9999.0 -9999.0 -9999.0 -9999.0 -9999.0 -9999.0 -9999.0 -9999.0 -9999.0 -9999.0 -9999.0
-9999.0 -9999.0 -9999.0 -9999.0 -9999.0 -9999.0 -9999.0 -9999.0 -9999.0 -9999.0 -9999.0 -9999.0 0.626721 1.976580 2.882377 1.230597 1.363373 3.339035 6.540111 4.251958 1.305417 -0.002030 -0.443369 -0.004398 -1.387776 -1.092019 -2.498668 -1.872253 -2.110911 -3.450769 -7.245490 -2.668492 -3.707437 -3.654478 -9999.0 -9999.0 -9999.0 -9999.0 -9999.0 -9999.0 -9999.0 -9999.0 -9999.0 -9999.0 -9999.0 -9999.0 -9999.0 -9999.0 -9999.0 -9999.0 -9999.0 -9999.0 -9999.0 -9999.0 -9999.0 -9999.0 -9999.0 -9999.0 -9999.0 -9999.0 -9999.0 -9999.0 -9999.0
-9999.0 -9999.0 -9999.0 -9999.0 -9999.0 -9999.0 -9999.0 -9999.0 -9999.0 -9999.0 -9999.0 -0.085037 2.039545 1.613191 2.204140 1.007550 3.247573 3.491264 6.318683 4.606572 2.115368 0.720256 -0.311484 -0.765076 -1.418700 -1.725516 -1.822221 -2.114088 -1.953604 -3.278646 -2.736590 -2.039155 -3.216865 -3.050158 -3.843435 -3.023596 -1.810222 -2.101226 -2.508453 -9999.0 -9999.0 -9999.0 -3.230954 -9999.0 -9999.0 -9999.0 -9999.0 -9999.0 -9999.0 -9999.0 -9999.0 -9999.0 -9999.0 -9999.0 -9999.0 -9999.0 -9999.0 -9999.0 -9999.0 -9999.0 -9999.0 -9999.0 -9999.0
-9999.0 -9999.0 -9999.0 -9999.0 -9999.0 -9999.0 -9999.0 -9999.0 -9999.0 -9999.0 -9999.0 -0.091824 2.141328 3.643442 3.856535 -0.051395 5.561443 4.266864 6.477689 4.479491 3.852982 -0.002396 -0.272302 -1.673669 -3.241821 -1.873516 -1.955109 -1.776486 -2.053365 -3.027411 -2.105961 -1.304632 -1.924407 -4.078195 -2.642579 -2.014878 -1.383694 -1.401575 -1.672092 -2.910687 -2.964841 -3.066617 -2.836174 -2.502574 -9999.0 -9999.0 -9999.0 -3.520178 -3.563646 -3.691603 -3.486524 -3.639156 -3.960253 -3.561605 -5.100119 -4.053212 -9999.0 -9999.0 -9999.0 -9999.0 -9999.0 -9999.0 -9999.0
-9999.0 -9999.0 -9999.0 -9999.0 -9999.0 -9999.0 -9999.0 -9999.0 -9999.0 -9999.0 -9999.0 -0.165935 -0.068882 -0.012189 -0.000581 -0.003207 0.957933 3.531408 5.292101 4.468213 1.703576 -0.002227 -1.386290 -0.718275 -1.897347 -1.309975 -2.580446 -2.906384 -1.858604 -2.568612 -2.188292 -3.387575 -1.674873 -2.369934 -3.400457 -1.659737 -2.540269 -2.147314 -0.116649 -1.901251 -2.181355 -1.808160 -1.773740 -1.962458 -2.695029 -9999.0 -3.758282 -4.166308 -2.221891 -1.760882 -1.723385 -1.890359 -1.857595 -1.841779 -3.279131 -2.468532 -9999.0 -9999.0 -9999.0 -9999.0 -9999.0 -9999.0 -9999.0
-9999.0 -9999.0 -9999.0 -9999.0 -9999.0 -9999.0 -9999.0 -9999.0 -9999.0 -9999.0 -9999.0 -9999.0 -0.131012 -0.001315 -0.004089 -0.002354 0.076501 2.614403 6.059508 4.429120 1.681147 -0.002247 -1.253898 -2.568988 -2.070021 -1.332356 -0.188278 -1.660399 -2.325239 -2.527162 -1.803833 -3.164251 -1.462874 -2.768386 -3.407277 -1.680372 -2.914930 -2.011639 0.129231 -0.455074 -1.335565 -0.296862 -2.585338 -0.988505 -2.264622 -2.853035 -3.224627 -2.623830 -4.042402 -2.671531 -0.000682 -3.048274 -3.096858 -3.694906 -4.269559 -2.997706 -2.569706 -9999.0 -9999.0 -9999.0 -9999.0 -9999.0 -9999.0
-9999.0 -9999.0 -9999.0 -9999.0 -9999.0 -9999.0 -9999.0 -9999.0 -9999.0 -9999.0 -9999.0 -1.586884 -0.217727 -0.101717 -0.633766 -0.001179 0.151455 1.747834 5.509313 3.834555 2.200548 0.105748 -0.001641 -1.228163 -1.350077 -1.892590 -1.462618 -1.665164 -1.782423 -1.452409 -2.568918 -2.340209 -0.871690 -2.337274 -2.786962 -2.449586 -1.670060 -2.019855 -0.004998 -0.064134 -1.645481 -0.002435 -1.022929 -1.787897 -0.314705 -1.820802 -2.233443 -1.340050 -0.288603 -0.007494 -2.964655 -1.682238 -4.683426 -5.328146 -6.200498 -7.228602 -3.093101 -9999.0 -9999.0 -9999.0 -9999.0 -9999.0 -9999.0
-9999.0 -9999.0 -9999.0 -9999.0 -9999.0 -9999.0 -9999.0 -9999.0 -9999.0 -9999.0 -0.153233 -2.184759 -0.204342 -0.119633 -0.005675 -0.003125 -0.005240 -0.002320 3.109147 3.473674 2.906010 1.714560 -0.445590 -0.071429 -0.001181 -1.624417 -1.454328 -4.262881 -0.845568 -0.375039 -1.799852 -1.890325 -1.173141 -1.826719 -3.558735 -2.322982 -1.565394 -2.831319 -1.011501 -0.001746 -0.002314 1.021567 3.845114 0.586020 -0.002260 -0.896961 -1.210111 -2.465988 -1.737788 -0.001068 -4.661825 -3.184500 -6.654619 -7.873408 -7.342121 -1.879129 -2.169278 -9999.0 -9999.0 -9999.0 -9999.0 -9999.0 -9999.0
-9999.0 -9999.0 -9999.0 -9999.0 -9999.0 -9999.0 -9999.0 -9999.0 -9999.0 -1.864145 -0.715102 -2.032732 -1.509237 -0.975047 -0.018028 -0.014109 -0.002460 1.022011 3.031522 3.637151 3.211987 0.125390 -0.002476 -0.001784 -0.000717 -1.337693 -2.251466 -0.157838 -1.527711 -0.002119 -0.000951 -1.534965 -1.766663 -6.840503 -2.873948 -2.496448 -1.555461 -3.251197 -2.155045 -1.492967 -0.917238 -0.323555 -0.351991 1.451926 0.609922 -0.006752 -0.010857 -0.990893 -1.130763 -0.000546 -1.415949 -3.079284 -8.620880 -4.738474 -3.770733 -4.565810 -3.871211 -2.298688 -3.378043 -9999.0 -9999.0 -9999.0 -9999.0
-9999.0 -9999.0 -9999.0 -9999.0 -9999.0 -9999.0 -9999.0 -9999.0 -9999.0 -1.951126 -1.665825 -0.232442 -0.000568 -0.001216 -0.003970 -0.896975 -0.003496 -0.001064 3.606114 4.139922 3.766930 3.393197 2.012905 -0.000506 -0.950894 -1.180645 -1.015889 -0.001195 -0.001090 -0.000559 -0.008248 -1.910908 -1.988119 -2.230795 -2.805140 -1.997925 -1.516916 -0.616085 -1.603722 -0.852575 -2.042031 -1.425405 -0.367264 -0.001099 1.925786 1.600383 1.273571 -0.002304 -0.002312 -0.001016 -2.785148 -5.141081 -4.731548 -5.237491 -3.960239 -5.556237 -3.603180 -2.999678 -1.367064 -9999.0 -9999.0 -9999.0 -9999.0
-9999.0 -9999.0 -9999.0 -9999.0 -9999.0 -9999.0 -9999.0 -9999.0 -9999.0 -9999.0 -1.806815 -1.017024 -0.006665 -0.001796 -0.002264 -0.002458 -0.001120 1.137922 4.420981 3.682691 3.833770 2.147400 -0.001774 -0.461751 -1.214724 -0.002018 -0.001154 0.569106 -0.008651 -1.473250 -1.818331 -2.744016 -3.335853 -2.628067 -1.786476 -0.870394 -0.248772 -0.809452 -1.497519 -2.204163 -1.634893 -0.253942 -0.003013 -0.004626 -0.001623 -0.001834 0.882746 2.426131 1.988078 -0.002264 -1.740290 -3.536620 -3.834479 -4.942508 -5.049623 -4.115584 -1.721238 -1.584365 -1.341322 -0.001556 -9999.0 -9999.0 -9999.0
-9999.0 -9999.0 -9999.0 -9999.0 -9999.0 -9999.0 -9999.0 -9999.0 -9999.0 -9999.0 -2.349718 -1.679409 -0.225934 -0.002856 1.350852 -0.003055 -0.002604 2.064671 4.800433 4.933923 2.982768 0.869131 -0.002283 -0.023599 -0.002026 -0.001056 1.231287 -0.001978 -1.160336 -3.049729 -1.788040 -1.283409 -4.097830 -2.266438 -1.853138 -0.579178 -1.551559 -1.907555 -1.776752 -1.765648 -2.069390 -0.655700 -2.610991 -0.324943 -0.011125 -0.358263 -0.000887 -0.001642 2.204666 1.681159 -0.002418 -1.557086 -3.943326 -3.486192 -5.158661 -4.484712 -2.584739 -1.179839 1.141804 1.547842 -9999.0 -9999.0 -9999.0
-9999.0 -9999.0 -9999.0 -9999.0 -9999.0 -9999.0 -9999.0 -9999.0 -1.513640 -1.868973 -1.831597 -1.564253 -2.647678 -1.347459 -0.055900 1.195650 2.409432 4.339392 4.603239 5.438340 4.744739 3.577654 2.457159 0.662645 -0.001730 1.564330 1.579310 -0.685066 -1.157280 -3.041427 -6.430127 -2.067891 -1.892802 -2.079293 -2.250191 -1.161846 -0.070459 -0.879286 -2.410091 -1.981850 -1.767219 -0.967331 -2.972550 -1.719734 -0.219873 -0.122586 -2.233421 -1.268483 -0.001718 1.774064 -0.002033 -0.603050 -3.853032 -5.480301 -4.118861 -1.974412 -2.145076 -0.108605 -0.001907 3.526335 -9999.0 -9999.0 -9999.0
-9999.0 -9999.0 -9999.0 -9999.0 -9999.0 -9999.0 -9999.0 -9999.0 -2.975569 -3.026366 -2.437989 -1.720626 -1.377687 -2.069193 -0.803006 -0.001852 1.415587 2.045578 5.169114 5.969687 6.927392 5.824117 5.036913 4.224053 2.908406 2.722127 0.522192 -1.042422 -4.045576 -1.887237 -2.286415 -1.658829 -2.142830 -1.477900 -1.691405 -0.290197 -0.031585 -0.005643 -1.705764 -0.998849 -1.869569 -5.256505 -1.326181 -0.718496 -0.328349 -2.630618 -3.694647 -1.039824 -0.283998 1.215029 1.404126 -0.009275 -4.067405 -2.376935 -1.594480 -2.073561 -0.932928 -0.002436 2.131514 4.524011 5.859702 -9999.0 -9999.0
-9999.0 -9999.0 -9999.0 -9999.0 -9999.0 -9999.0 -9999.0 -9999.0 -1.735398 -0.894256 -0.820422 -3.246909 -1.629155 -2.772761 -1.357843 -0.665284 -0.003401 1.780426 5.063616 6.869356 6.439210 6.685560 6.457826 4.818913 4.415511 2.741311 -0.001655 -1.111159 -4.882341 -2.009501 -1.178866 -0.955209 -1.612095 -1.241803 -0.351652 -0.076381 -0.005476 1.280504 -0.091661 -2.494554 -1.524192 -0.968395 -1.045830 -0.974108 -2.641204 -1.595356 -2.002155 -1.859827 -1.841745 -0.001419 2.203203 -0.002031 -2.887770 -3.874392 -1.378843 -0.670129 0.666943 2.014553 4.209978 4.800213 5.142471 -9999.0 -9999.0
-9999.0 -9999.0 -9999.0 -9999.0 -9999.0 -9999.0 -9999.0 -9999.0 -3.082175 -1.423700 -0.011617 -4.434170 -1.009139 -1.165487 -0.418669 -0.001903 3.642871 4.856056 4.446716 5.336629 5.822273 6.189015 6.453988 5.970628 3.192127 0.645819 -0.001953 -1.858263 -0.156244 -2.373917 -1.406371 -1.987939 -0.003671 -0.660004 -0.277331 -0.067299 1.787307 3.562780 0.324872 -0.003314 -0.193263 -0.363681 -0.564987 -0.216504 -1.009096 -0.938580 -0.973523 -1.272877 -1.025881 -1.149055 -0.001716 1.822322 -0.001936 -1.280986 -0.000606 1.229755 2.808916 4.073059 5.081167 4.912648 4.027651 2.153920 -9999.0
-9999.0 -9999.0 -9999.0 -9999.0 -9999.0 -9999.0 -9999.0 -9999.0 -3.088289 -1.668885 -2.184341 -1.448501 -1.374255 -0.208332 -0.000415 1.665589 2.914497 2.079475 0.378263 2.440911 4.360008 5.536711 5.820899 5.537844 3.631985 -0.003117 -0.968267 -0.002021 -0.001136 -0.005185 -0.370151 -0.000906 1.608577 0.588477 -0.002207 0.529992 1.986775 5.591777 5.070152 1.515966 -0.002036 -0.002340 -0.002957 -0.002549 -1.324043 -0.141727 -0.463938 -1.298511 -0.267689 -0.002273 0.978830 1.256713 1.581961 1.343672 1.778575 2.029157 2.903052 3.699731 4.311455 4.052420 3.679345 1.577665 -9999.0
-9999.0 -9999.0 -1.640555 -1.368347 -3.407057 -1.337078 -2.852003 -2.206785 -1.992779 -1.810185 -2.036023 -0.001965 -0.150055 -0.002072 2.089237 1.137689 -0.001518 -1.102325 -0.574949 -0.002022 2.315802 4.986762 4.473365 5.817587 3.605833 1.600130 -0.003090 -0.002689 1.696939 1.789937 -0.001990 0.065499 3.736040 2.797298 3.112289 4.145299 5.583519 7.890764 6.866701 4.146934 3.208359 3.139656 3.221860 1.846909 -0.001564 -0.002249 1.039363 1.061130 1.829509 2.768662 3.493511 3.184013 2.610945 2.157783 2.065140 4.152332 2.697311 3.105233 2.769756 2.883635 2.574449 0.831533 -9999.0
-9999.0 -1.425717 -2.748100 -1.969365 -1.212479 -1.568906 -2.115594 -2.622188 -3.601761 -2.014318 -1.793343 -0.737608 -0.000178 -0.000308 0.978502 -0.284578 -1.162425 -1.665418 -1.137577 -0.002053 2.072834 3.805220 4.269479 4.170224 5.354707 3.359864 3.257817 3.499136 3.467091 2.356051 2.217483 2.266992 3.723180 5.911932 6.499006 7.465793 9.733524 10.880638 9.153718 7.362867 7.138099 6.827710 5.759444 4.360768 3.078029 3.363777 3.534697 5.519013 5.422719 5.509220 3.969839 3.208516 2.469263 1.728150 1.652322 1.222494 0.533437 0.874715 0.956862 1.207875 0.105097 0.627272 -9999.0
-9999.0 -0.116621 -1.157899 -0.275985 -0.000548 -0.464311 -2.394222 -3.127541 -1.930480 -2.068341 -2.299245 -1.119684 -0.001807 1.087772 -0.191518 -3.192420 -2.459866 -1.973766 -0.583491 -0.004014 1.725034 1.502913 2.415722 2.170649 4.649225 5.529544 5.148871 5.406002 4.730836 6.024763 6.234760 5.978919 5.430340 6.295031 8.310400 9.535387 12.806557 14.086299 12.194825 11.442161 10.541356 9.348507 8.833135 7.695648 7.646430 7.502362 6.537380 6.068705 5.469735 4.765328 3.180701 1.562973 0.638704 1.256690 0.482151 -0.002065 -0.275026 -0.002081 -0.001751 -0.002035 -0.001713 -9999.0 -9999.0
