user2019/resources/simulation/Vinschgau/output-maps/TL0001N0492.asc
ncols         63
nrows         48
xllcorner     598000.000000
yllcorner     5145000.000000
cellsize      1000.000000
NODATA_value  -9999.0
[rows 0 to 28 of 48, columns 0 to 62 of 63]
-9999.0 -9999.0 -9999.0 -9999.0 -9999.0 -9999.0 -9999.0 -9999.0 -9999.0 -9999.0 -9999.0 -9999.0 -9999.0 -9999.0 -9999.0 -9999.0 -9999.0 -9999.0 -9999.0 -9999.0 -9999.0 -9999.0 -9999.0 -9999.0 -9999.0 -9999.0 -9999.0 -9999.0 -9999.0 -9999.0 -9999.0 -9999.0 -9999.0 -9999.0 -9999.0 -9999.0 -9999.0 -9999.0 -9999.0 -9999.0 -9999.0 -9999.0 -9999.0 -9999.0 -9999.0 -9999.0 -9999.0 -9999.0 -9999.0 -9999.0 -9999.0 -9999.0 -9999.0 -9999.0 -9999.0 -9999.0 -9999.0 -9999.0 -9999.0 -9999.0 -9999.0 -9999.0 -9999.0
-9999.0 -9999.0 -9999.0 -9999.0 -9999.0 -9999.0 -9999.0 -9999.0 -9999.0 -9999.0 -9999.0 -9999.0 -9999.0 -9999.0 -9999.0 -9999.0 -9999.0 -9999.0 -9999.0 -9999.0 -9999.0 -9999.0 -9999.0 -9999.0 -9999.0 -9999.0 -9999.0 5.335338 5.357801 4.678281 4.671292 4.416317 5.419558 -9999.0 -9999.0 -9999.0 -9999.0 -9999.0 -9999.0 -9999.0 -9999.0 -9999.0 -9999.0 -9999.0 -9999.0 -9999.0 -9999.0 -9999.0 -9999.0 -9999.0 -9999.0 -9999.0 -9999.0 -9999.0 -9999.0 -9999.0 -9999.0 -9999.0 -9999.0 -9999.0 -9999.0 -9999.0 -9999.0
-9999.0 -9999.0 -9999.0 -9999.0 -9999.0 -9999.0 -9999.0 -9999.0 -9999.0 -9999.0 -9999.0 -9999.0 -9999.0 -9999.0 -9999.0 -9999.0 -9999.0 -9999.0 -9999.0 -9999.0 -9999.0 -9999.0 -9999.0 -9999.0 5.788819 5.888661 5.691084 5.956110 6.501031 5.215398 3.733819 -9999.0 -9999.0 -9999.0 -9999.0 -9999.0 -9999.0 -9999.0 -9999.0 -9999.0 -9999.0 -9999.0 -9999.0 -9999.0 -9999.0 -9999.0 -9999.0 -9999.0 -9999.0 -9999.0 -9999.0 -9999.0 -9999.0 -9999.0 -9999.0 -9999.0 -9999.0 -9999.0 -9999.0 -9999.0 -9999.0 -9999.0 -9999.0
-9999.0 -9999.0 -9999.0 -9999.0 -9999.0 -9999.0 -9999.0 -9999.0 -9999.0 -9999.0 -9999.0 -9999.0 -9999.0 -9999.0 -9999.0 -9999.0 -9999.0 -9999.0 -9999.0 -9999.0 -9999.0 -9999.0 -9999.0 6.105433 7.101878 6.251588 6.969678 6.717898 4.630500 4.688689 4.427412 2.759623 -9999.0 -9999.0 -9999.0 -9999.0 -9999.0 -9999.0 -9999.0 -9999.0 -9999.0 -9999.0 -9999.0 -9999.0 -9999.0 -9999.0 -9999.0 -9999.0 -9999.0 -9999.0 -9999.0 -9999.0 -9999.0 -9999.0 -9999.0 -9999.0 -9999.0 -9999.0 -9999.0 -9999.0 -9999.0 -9999.0 -9999.0
-9999.0 -9999.0 -9999.0 -9999.0 -9999.0 -9999.0 -9999.0 -9999.0 -9999.0 -9999.0 -9999.0 -9999.0 -9999.0 -9999.0 -9999.0 -9999.0 -9999.0 -9999.0 6.504429 4.193172 -9999.0 6.070347 6.692962 6.468504 7.311908 8.222126 9.365393 9.179377 7.610156 5.758624 4.565202 4.833198 1.855613 0.271186 -9999.0 -9999.0 -9999.0 -9999.0 -9999.0 -9999.0 -9999.0 -9999.0 -9999.0 -9999.0 -9999.0 -9999.0 -9999.0 -9999.0 -9999.0 -9999.0 -9999.0 -9999.0 -9999.0 -9999.0 -9999.0 -9999.0 -9999.0 -9999.0 -9999.0 -9999.0 -9999.0 -9999.0 -9999.0
-9999.0 -9999.0 -9999.0 -9999.0 -9999.0 -9999.0 -9999.0 -9999.0 -9999.0 -9999.0 -9999.0 -9999.0 -9999.0 -9999.0 -9999.0 -9999.0 -9999.0 6.556381 5.352078 4.922999 4.302372 4.539273 5.549719 7.113274 9.336907 3.808443 2.657354 3.612061 1.863730 5.787361 5.646872 4.945845 5.555748 3.203907 0.820856 0.050595 -9999.0 -9999.0 -9999.0 -9999.0 -9999.0 -9999.0 -9999.0 -9999.0 -9999.0 -9999.0 -9999.0 -9999.0 -9999.0 -9999.0 -9999.0 -9999.0 -9999.0 -9999.0 -9999.0 -9999.0 -9999.0 -9999.0 -9999.0 -9999.0 -9999.0 -9999.0 -9999.0
-9999.0 -9999.0 -9999.0 -9999.0 -9999.0 -9999.0 -9999.0 -9999.0 -9999.0 -9999.0 -9999.0 -9999.0 -9999.0 6.467576 4.533238 4.762831 5.893312 14.631410 6.293503 6.248880 7.222509 7.655086 8.657856 9.326562 3.709897 5.132159 2.115032 3.021307 2.538436 3.257161 3.960902 4.852313 4.304917 3.833221 1.686041 0.020500 -9999.0 -9999.0 -9999.0 -9999.0 -9999.0 -9999.0 -9999.0 -9999.0 -9999.0 -9999.0 -9999.0 -9999.0 -9999.0 -9999.0 -9999.0 -9999.0 -9999.0 -9999.0 -9999.0 -9999.0 -9999.0 -9999.0 -9999.0 -9999.0 -9999.0 -9999.0 -9999.0
-9999.0 -9999.0 -9999.0 -9999.0 -9999.0 -9999.0 -9999.0 -9999.0 -9999.0 -9999.0 -9999.0 -9999.0 -9999.0 6.553245 5.883657 4.870267 4.772520 10.499427 13.855465 8.507416 6.015927 9.333524 5.202057 4.579498 6.525537 3.669713 3.526559 4.040755 5.705206 1.896651 2.046474 3.753393 1.567505 -0.022422 -0.030434 -9999.0 -9999.0 -9999.0 -9999.0 -9999.0 -9999.0 -9999.0 -9999.0 -9999.0 -9999.0 -9999.0 -9999.0 -9999.0 -9999.0 -9999.0 -9999.0 -9999.0 -9999.0 -9999.0 -9999.0 -9999.0 -9999.0 -9999.0 -9999.0 -9999.0 -9999.0 -9999.0 -9999.0
-9999.0 -9999.0 -9999.0 -9999.0 -9999.0 -9999.0 -9999.0 -9999.0 -9999.0 -9999.0 -9999.0 -9999.0 -9999.0 5.659895 8.548560 6.454075 4.053358 5.154686 14.830975 6.134326 7.585534 4.292114 2.725943 3.050082 5.145040 3.921153 5.831789 2.483283 4.132236 2.415292 3.247547 -0.454268 -0.444570 -0.077014 0.017423 -9999.0 -9999.0 -9999.0 -9999.0 -9999.0 -9999.0 -9999.0 -9999.0 -9999.0 -9999.0 -9999.0 -9999.0 -9999.0 -9999.0 -9999.0 -9999.0 -9999.0 -9999.0 -9999.0 -9999.0 -9999.0 -9999.0 -9999.0 -9999.0 -9999.0 -9999.0 -9999.0 -9999.0
-9999.0 -9999.0 -9999.0 -9999.0 -9999.0 -9999.0 -9999.0 -9999.0 -9999.0 -9999.0 -9999.0 -9999.0 4.618547 7.851783 4.884516 3.023198 2.528225 4.494441 12.884206 6.323713 6.223544 3.446373 3.408314 3.788623 4.215807 3.798658 2.705413 3.606822 4.231769 1.764858 -0.002373 3.070540 1.615280 0.164912 -9999.0 -9999.0 -9999.0 -9999.0 -9999.0 -9999.0 -9999.0 -9999.0 -9999.0 -9999.0 -9999.0 -9999.0 -9999.0 -9999.0 -9999.0 -9999.0 -9999.0 -9999.0 -9999.0 -9999.0 -9999.0 -9999.0 -9999.0 -9999.0 -9999.0 -9999.0 -9999.0 -9999.0 -9999.0
-9999.0 -9999.0 -9999.0 -9999.0 -9999.0 -9999.0 -9999.0 -9999.0 -9999.0 -9999.0 -9999.0 5.825762 3.798637 3.957086 2.487948 5.331958 2.808657 3.980612 12.603848 6.602393 3.193889 4.878120 5.211250 7.006517 4.433129 5.237755 1.980611 5.767215 3.252477 -0.015224 3.848705 6.530867 2.897059 -0.016628 2.608140 4.445346 5.696652 7.544000 6.607345 -9999.0 -9999.0 -9999.0 0.760840 -9999.0 -9999.0 -9999.0 -9999.0 -9999.0 -9999.0 -9999.0 -9999.0 -9999.0 -9999.0 -9999.0 -9999.0 -9999.0 -9999.0 -9999.0 -9999.0 -9999.0 -9999.0 -9999.0 -9999.0
-9999.0 -9999.0 -9999.0 -9999.0 -9999.0 -9999.0 -9999.0 -9999.0 -9999.0 -9999.0 -9999.0 3.256519 3.477381 3.809055 3.062391 3.461226 4.355270 4.724162 12.966056 8.698549 7.894372 6.088509 5.442257 2.182835 1.873813 5.560778 5.914120 7.701296 4.467794 0.169958 6.035839 4.590894 2.632240 2.037161 3.733128 6.105462 8.959320 7.917916 6.069035 4.489891 2.929113 3.709115 5.261395 1.891917 -9999.0 -9999.0 -9999.0 0.289674 0.720590 3.901155 3.072655 0.370000 0.391021 0.578140 0.622799 0.213538 -9999.0 -9999.0 -9999.0 -9999.0 -9999.0 -9999.0 -9999.0
-9999.0 -9999.0 -9999.0 -9999.0 -9999.0 -9999.0 -9999.0 -9999.0 -9999.0 -9999.0 -9999.0 4.420424 5.809804 2.158610 4.533287 6.260996 2.338973 2.699991 9.469599 9.752203 3.344944 3.938934 2.034851 6.438650 4.921349 6.434611 3.006928 2.346614 3.200322 1.341629 6.326542 2.125740 5.199144 0.793326 4.047258 8.414570 3.597571 4.263349 8.466400 4.392294 6.501228 6.562781 6.825686 4.613007 1.113227 -9999.0 0.089734 4.141244 6.054034 6.509079 6.448276 6.168172 5.849241 5.770730 5.736270 4.784206 -9999.0 -9999.0 -9999.0 -9999.0 -9999.0 -9999.0 -9999.0
-9999.0 -9999.0 -9999.0 -9999.0 -9999.0 -9999.0 -9999.0 -9999.0 -9999.0 -9999.0 -9999.0 -9999.0 5.269626 0.900969 4.483083 5.774229 0.597474 2.665277 11.101440 9.958212 3.973596 4.889282 4.619558 2.990100 1.282379 3.097083 6.628531 5.402910 4.488572 5.433577 5.905215 2.431396 4.604349 3.471504 4.030410 7.746512 3.212121 6.103111 10.215641 5.527803 9.389819 8.002819 3.853753 5.768474 2.787165 2.387913 2.157979 4.534383 2.012755 3.859946 5.144272 3.301440 3.992039 2.888570 2.427044 5.649746 5.164648 -9999.0 -9999.0 -9999.0 -9999.0 -9999.0 -9999.0
-9999.0 -9999.0 -9999.0 -9999.0 -9999.0 -9999.0 -9999.0 -9999.0 -9999.0 -9999.0 -9999.0 1.139114 5.939992 5.941100 2.099470 2.155705 3.687267 2.978834 11.170955 6.252024 4.629536 3.997614 4.809062 2.237052 3.341091 5.280792 3.085825 3.664148 6.049036 7.318518 2.665962 3.480795 5.161807 3.564018 3.561780 5.839062 8.432887 5.384837 6.062771 10.169113 5.374858 6.447119 5.707479 3.611396 5.389029 3.544918 5.892095 5.897984 7.400976 5.779019 1.445077 4.612222 1.155548 0.397273 0.330548 -0.058328 5.137041 -9999.0 -9999.0 -9999.0 -9999.0 -9999.0 -9999.0
-9999.0 -9999.0 -9999.0 -9999.0 -9999.0 -9999.0 -9999.0 -9999.0 -9999.0 -9999.0 7.673992 2.088625 6.025540 7.038061 6.868681 4.187153 3.897952 3.027929 6.065218 6.746026 9.856065 8.190179 2.607432 8.613506 5.626378 4.501663 2.159694 0.502540 8.244902 8.196751 4.709735 3.446259 5.150740 3.735610 -0.001559 5.189074 8.466296 3.398923 3.313657 6.512316 7.112062 7.921176 12.788125 4.686392 3.246060 3.319408 6.467841 3.851922 4.662406 4.605842 0.883623 3.205604 0.119368 -0.019939 0.054305 6.846679 4.935877 -9999.0 -9999.0 -9999.0 -9999.0 -9999.0 -9999.0
-9999.0 -9999.0 -9999.0 -9999.0 -9999.0 -9999.0 -9999.0 -9999.0 -9999.0 6.573070 7.486665 2.892654 3.278057 1.619493 3.220883 2.909898 2.980104 9.450682 5.702166 7.298285 11.025335 5.005602 4.503138 7.220052 6.100854 0.765466 1.698757 8.035412 5.133813 5.521914 5.389774 0.729529 2.793381 0.376639 3.287971 5.781264 6.361791 2.166119 2.790765 4.036433 4.291902 3.214152 3.462703 6.181242 5.081593 3.844972 7.579634 3.643194 4.128654 5.653751 2.459997 3.709281 -0.007713 0.072410 4.977876 2.130311 1.503739 5.944563 2.086691 -9999.0 -9999.0 -9999.0 -9999.0
-9999.0 -9999.0 -9999.0 -9999.0 -9999.0 -9999.0 -9999.0 -9999.0 -9999.0 4.142203 5.624617 8.171229 10.157129 4.198270 2.917003 3.052288 8.390336 6.289684 6.702872 13.006984 12.361619 11.748286 10.087127 7.874863 2.770050 3.671067 2.247811 6.084186 7.635169 8.539540 6.537986 0.878349 4.647530 2.726592 5.629904 5.825353 5.603684 7.107807 6.844573 6.772535 2.183014 2.298496 4.502181 6.637663 6.035598 7.599244 7.292537 6.242249 6.300076 5.730331 1.399455 0.500382 0.220870 2.050433 5.936696 1.184041 4.140081 4.551839 7.334423 -9999.0 -9999.0 -9999.0 -9999.0
-9999.0 -9999.0 -9999.0 -9999.0 -9999.0 -9999.0 -9999.0 -9999.0 -9999.0 -9999.0 5.828295 7.525597 4.661348 3.774651 4.962201 1.449428 5.500932 7.465449 8.216456 9.760799 11.940624 5.843883 4.125878 3.565448 4.066256 6.237185 7.281354 7.501629 7.049299 2.062816 1.615690 2.591663 0.623663 6.439135 7.254422 7.682728 6.840955 5.214919 3.246190 5.000516 5.463109 7.997809 9.264822 3.946953 3.311866 3.609359 4.673894 11.027110 8.133989 5.775783 2.802068 2.945000 2.780626 0.845362 0.326451 6.798798 8.536794 7.767776 7.438273 7.623373 -9999.0 -9999.0 -9999.0
-9999.0 -9999.0 -9999.0 -9999.0 -9999.0 -9999.0 -9999.0 -9999.0 -9999.0 -9999.0 5.930321 7.336885 8.311277 5.432693 11.447389 4.282160 4.417965 6.777762 8.947412 9.894628 7.236452 5.756839 4.512554 5.297024 6.578385 8.362315 8.440247 4.875735 0.938915 0.202267 6.896691 8.567704 0.696778 2.069405 6.825821 7.097937 4.206382 3.202422 0.772326 2.892051 6.289857 7.442727 2.377570 6.390820 7.345961 2.623433 4.865751 4.281897 6.600766 8.509513 6.413654 4.041395 1.477886 4.652274 0.027235 2.858771 6.868140 6.861305 8.586743 10.120159 -9999.0 -9999.0 -9999.0
-9999.0 -9999.0 -9999.0 -9999.0 -9999.0 -9999.0 -9999.0 -9999.0 6.663713 6.025438 7.017520 7.328393 3.715019 4.068714 3.806146 6.598884 7.092756 13.649578 10.999148 10.689327 8.802384 7.809407 6.974402 5.233577 7.705584 7.754689 9.372036 3.274021 3.091388 0.603293 4.194004 7.233250 6.066701 5.038687 7.303256 6.671285 8.069193 3.510396 0.038528 2.538579 6.141590 7.199727 1.121776 5.990818 7.476808 9.171779 1.179491 4.705664 5.130456 9.707903 7.266655 4.797386 3.551474 1.024083 5.109491 8.521548 8.854079 10.861165 9.399734 10.412875 -9999.0 -9999.0 -9999.0
-9999.0 -9999.0 -9999.0 -9999.0 -9999.0 -9999.0 -9999.0 -9999.0 3.446290 3.221878 1.178098 6.716123 7.931189 5.467770 3.194055 4.910563 5.796192 6.998613 9.484293 11.453328 16.326202 13.850984 12.360371 11.123917 7.567442 7.989392 5.789646 4.957803 1.916615 5.953879 5.300643 5.969246 6.445929 5.962738 7.328222 8.084892 9.429551 4.664708 2.516573 5.749768 4.414775 2.165732 5.898753 7.119292 8.617876 3.030560 0.656929 7.729604 5.990048 7.170108 9.112625 6.668844 3.391131 8.707817 9.147741 7.236782 7.128481 8.613793 11.078571 13.296585 13.523557 -9999.0 -9999.0
-9999.0 -9999.0 -9999.0 -9999.0 -9999.0 -9999.0 -9999.0 -9999.0 6.846582 8.658770 5.524850 1.368881 8.123992 3.210682 5.000414 3.760446 5.975372 9.204390 9.622174 16.664364 11.869451 14.874559 14.245108 10.545397 13.455154 7.652951 5.324683 2.948471 0.544718 7.252520 7.234323 8.137160 1.002043 1.301942 8.575869 8.785762 4.673155 5.412365 2.674891 1.610567 5.003456 6.351267 7.356799 7.448612 1.687308 5.816154 4.599528 7.977817 3.868825 6.158554 9.607688 8.587343 4.735020 4.787411 8.755960 9.445316 10.528504 11.266551 12.558790 13.000504 13.132771 -9999.0 -9999.0
-9999.0 -9999.0 -9999.0 -9999.0 -9999.0 -9999.0 -9999.0 -9999.0 6.482387 8.255559 4.650285 1.822687 8.938796 2.344374 4.720890 5.902310 7.958639 9.607309 12.713785 9.804702 11.615335 12.094922 15.319204 14.321758 8.393630 5.967207 4.244372 2.304272 8.017041 5.346353 3.791068 2.229347 5.548426 5.096300 3.194615 8.767541 9.535136 6.972167 3.796586 1.437885 5.504851 6.816847 6.745080 6.988270 6.223395 7.233820 7.370549 7.559106 8.045401 5.923750 7.296938 10.421280 9.882102 9.258499 11.221648 11.800633 12.538761 11.471425 12.143908 13.002930 11.431373 8.793433 -9999.0
-9999.0 -9999.0 -9999.0 -9999.0 -9999.0 -9999.0 -9999.0 -9999.0 6.261603 9.249476 6.126747 3.895195 5.077531 5.673267 11.083677 9.458210 11.271702 6.870999 5.657996 7.806108 9.419347 12.045345 12.175197 11.938505 11.967275 5.934768 3.802871 6.236477 6.862767 6.258431 3.200689 6.510567 7.890587 6.033733 4.698682 5.625588 7.188928 8.412305 7.236934 6.107521 4.553303 4.979812 5.876960 4.349065 1.867177 8.132570 4.965856 6.598408 6.459158 8.502571 10.578751 9.958439 10.966560 12.327219 13.034886 12.921332 13.251372 13.145843 12.392673 11.434261 9.471366 7.878986 -9999.0
-9999.0 -9999.0 6.924424 7.804963 2.838757 2.975945 3.044689 2.270873 6.644662 8.037287 5.659867 5.744117 6.082263 8.807229 13.449265 8.715181 5.454247 3.700136 5.862272 5.795494 8.112026 10.432522 12.100200 10.903278 10.270365 7.302918 5.930565 6.094483 6.806284 9.503005 4.291387 4.959957 12.034781 6.015214 8.062817 6.974741 10.070788 9.832899 8.492212 6.298008 7.932092 8.037999 6.530001 7.018224 4.064532 6.251881 7.767559 6.531592 9.270892 11.378114 12.566857 12.981064 13.166528 13.326870 13.344554 17.358205 12.440199 11.875258 10.800926 9.220047 10.769670 6.877199 -9999.0
-9999.0 3.074779 3.078150 2.932625 2.936274 4.307951 3.011372 1.220506 0.727284 7.339493 2.232312 5.000116 7.302611 12.082353 10.972041 5.364099 4.947382 3.154614 5.151872 6.376129 8.379688 9.851819 13.742126 10.638216 14.620228 10.360802 12.703450 13.479268 9.928909 8.605252 8.615306 8.801165 9.129294 12.841921 10.532660 11.725976 12.882144 12.113881 12.320783 11.110268 10.798370 10.533741 9.710959 7.008660 7.125522 7.756130 10.359861 9.133149 12.410562 11.683711 12.553437 12.553797 12.080101 12.028713 12.010776 11.263095 9.150644 8.909003 9.360298 9.999878 6.548671 6.642397 -9999.0
-9999.0 8.267922 4.976641 4.892155 7.736860 4.496709 1.136601 1.185702 5.623344 6.269432 2.281240 4.732136 7.371090 11.543042 6.039573 3.390096 1.345802 3.996397 6.737917 6.161164 11.592122 8.570626 10.346519 11.461642 16.452116 16.756111 10.591936 11.592554 11.429577 10.137680 10.134946 9.618137 10.343216 10.862224 15.549338 13.483213 19.538996 20.259376 14.633077 14.169770 13.702866 12.374414 11.431437 10.349705 10.766836 10.997032 12.516742 12.614947 12.310961 12.244215 10.672960 8.962332 9.056883 10.061690 9.274649 7.526673 7.674927 6.598016 6.205317 5.314072 5.397135 -9999.0 -9999.0
-9999.0 7.548966 4.898377 3.661395 5.062958 8.062866 7.525983 1.949404 2.752144 3.528018 5.631240 5.879041 9.749480 9.682704 4.402369 2.442506 2.971458 4.646557 3.839301 5.822470 6.292192 7.428853 9.699215 16.384925 16.099036 11.604385 11.476659 11.336993 11.409197 11.361343 11.485811 11.866264 11.759455 11.958452 12.526457 13.404899 14.220042 19.591168 14.828224 14.503709 14.024519 18.048983 12.978145 12.936647 12.722456 12.231570 11.815600 10.573783 9.891065 8.480858 7.551881 9.701533 7.239838 9.076635 6.731586 5.709986 5.384915 4.421938 4.188788 -9999.0 -9999.0 -9999.0 -9999.0
