user2019/resources/simulation/Vinschgau/output-maps/TL0001N0547.asc
ncols         63
nrows         48
xllcorner     598000.000000
yllcorner     5145000.000000
cellsize      1000.000000
NODATA_value  -9999.0
[rows 0 to 27 of 48, columns 0 to 62 of 63]
-9999.0 -9999.0 -9999.0 -9999.0 -9999.0 -9999.0 -9999.0 -9999.0 -9999.0 -9999.0 -9999.0 -9999.0 -9999.0 -9999.0 -9999.0 -9999.0 -9999.0 -9999.0 -9999.0 -9999.0 -9999.0 -9999.0 -9999.0 -9999.0 -9999.0 -9999.0 -9999.0 -9999.0 -9999.0 -9999.0 -9999.0 -9999.0 -9999.0 -9999.0 -9999.0 -9999.0 -9999.0 -9999.0 -9999.0 -9999.0 -9999.0 -9999.0 -9999.0 -9999.0 -9999.0 -9999.0 -9999.0 -9999.0 -9999.0 -9999.0 -9999.0 -9999.0 -9999.0 -9999.0 -9999.0 -9999.0 -9999.0 -9999.0 -9999.0 -9999.0 -9999.0 -9999.0 -9999.0
-9999.0 -9999.0 -9999.0 -9999.0 -9999.0 -9999.0 -9999.0 -9999.0 -9999.0 -9999.0 -9999.0 -9999.0 -9999.0 -9999.0 -9999.0 -9999.0 -9999.0 -9999.0 -9999.0 -9999.0 -9999.0 -9999.0 -9999.0 -9999.0 -9999.0 -9999.0 -9999.0 12.622153 13.375741 13.348756 12.465035 11.100187 11.180667 -9999.0 -9999.0 -9999.0 -9999.0 -9999.0 -9999.0 -9999.0 -9999.0 -9999.0 -9999.0 -9999.0 -9999.0 -9999.0 -9999.0 -9999.0 -9999.0 -9999.0 -9999.0 -9999.0 -9999.0 -9999.0 -9999.0 -9999.0 -9999.0 -9999.0 -9999.0 -9999.0 -9999.0 -9999.0 -9999.0
-9999.0 -9999.0 -9999.0 -9999.0 -9999.0 -9999.0 -9999.0 -9999.0 -9999.0 -9999.0 -9999.0 -9999.0 -9999.0 -9999.0 -9999.0 -9999.0 -9999.0 -9999.0 -9999.0 -9999.0 -9999.0 -9999.0 -9999.0 -9999.0 15.423052 15.972788 16.729081 15.602844 13.245639 13.735349 12.908697 -9999.0 -9999.0 -9999.0 -9999.0 -9999.0 -9999.0 -9999.0 -9999.0 -9999.0 -9999.0 -9999.0 -9999.0 -9999.0 -9999.0 -9999.0 -9999.0 -9999.0 -9999.0 -9999.0 -9999.0 -9999.0 -9999.0 -9999.0 -9999.0 -9999.0 -9999.0 -9999.0 -9999.0 -9999.0 -9999.0 -9999.0 -9999.0
-9999.0 -9999.0 -9999.0 -9999.0 -9999.0 -9999.0 -9999.0 -9999.0 -9999.0 -9999.0 -9999.0 -9999.0 -9999.0 -9999.0 -9999.0 -9999.0 -9999.0 -9999.0 -9999.0 -9999.0 -9999.0 -9999.0 -9999.0 15.610293 16.587544 13.767498 13.854640 14.148323 13.091653 16.822813 15.065747 12.336343 -9999.0 -9999.0 -9999.0 -9999.0 -9999.0 -9999.0 -9999.0 -9999.0 -9999.0 -9999.0 -9999.0 -9999.0 -9999.0 -9999.0 -9999.0 -9999.0 -9999.0 -9999.0 -9999.0 -9999.0 -9999.0 -9999.0 -9999.0 -9999.0 -9999.0 -9999.0 -9999.0 -9999.0 -9999.0 -9999.0 -9999.0
-9999.0 -9999.0 -9999.0 -9999.0 -9999.0 -9999.0 -9999.0 -9999.0 -9999.0 -9999.0 -9999.0 -9999.0 -9999.0 -9999.0 -9999.0 -9999.0 -9999.0 -9999.0 19.112684 16.772159 -9999.0 15.382229 16.261711 13.604473 13.846024 15.484558 17.355258 17.165718 15.120322 14.015664 16.470317 12.715071 12.228522 11.099608 -9999.0 -9999.0 -9999.0 -9999.0 -9999.0 -9999.0 -9999.0 -9999.0 -9999.0 -9999.0 -9999.0 -9999.0 -9999.0 -9999.0 -9999.0 -9999.0 -9999.0 -9999.0 -9999.0 -9999.0 -9999.0 -9999.0 -9999.0 -9999.0 -9999.0 -9999.0 -9999.0 -9999.0 -9999.0
-9999.0 -9999.0 -9999.0 -9999.0 -9999.0 -9999.0 -9999.0 -9999.0 -9999.0 -9999.0 -9999.0 -9999.0 -9999.0 -9999.0 -9999.0 -9999.0 -9999.0 14.118044 12.188004 11.573932 16.052982 11.875929 12.685320 13.956491 19.452182 10.726365 9.365387 11.866097 9.404070 12.568926 15.292893 13.284954 12.934984 12.515021 11.306258 10.469683 -9999.0 -9999.0 -9999.0 -9999.0 -9999.0 -9999.0 -9999.0 -9999.0 -9999.0 -9999.0 -9999.0 -9999.0 -9999.0 -9999.0 -9999.0 -9999.0 -9999.0 -9999.0 -9999.0 -9999.0 -9999.0 -9999.0 -9999.0 -9999.0 -9999.0 -9999.0 -9999.0
-9999.0 -9999.0 -9999.0 -9999.0 -9999.0 -9999.0 -9999.0 -9999.0 -9999.0 -9999.0 -9999.0 -9999.0 -9999.0 13.139522 12.191774 11.580232 13.217550 24.444798 13.818928 14.730083 13.931755 14.802052 16.034788 19.689441 10.488831 16.129327 9.007820 10.663088 10.999117 11.451935 9.181748 12.860183 12.325538 10.984452 11.239005 10.397964 -9999.0 -9999.0 -9999.0 -9999.0 -9999.0 -9999.0 -9999.0 -9999.0 -9999.0 -9999.0 -9999.0 -9999.0 -9999.0 -9999.0 -9999.0 -9999.0 -9999.0 -9999.0 -9999.0 -9999.0 -9999.0 -9999.0 -9999.0 -9999.0 -9999.0 -9999.0 -9999.0
-9999.0 -9999.0 -9999.0 -9999.0 -9999.0 -9999.0 -9999.0 -9999.0 -9999.0 -9999.0 -9999.0 -9999.0 -9999.0 14.838682 12.853135 11.930609 11.678217 19.727419 25.276517 16.473147 13.691023 17.607894 11.954184 11.272497 13.241621 12.382064 16.156752 12.884535 11.300575 9.799500 10.462843 11.291854 11.121812 9.775774 10.094162 -9999.0 -9999.0 -9999.0 -9999.0 -9999.0 -9999.0 -9999.0 -9999.0 -9999.0 -9999.0 -9999.0 -9999.0 -9999.0 -9999.0 -9999.0 -9999.0 -9999.0 -9999.0 -9999.0 -9999.0 -9999.0 -9999.0 -9999.0 -9999.0 -9999.0 -9999.0 -9999.0 -9999.0
-9999.0 -9999.0 -9999.0 -9999.0 -9999.0 -9999.0 -9999.0 -9999.0 -9999.0 -9999.0 -9999.0 -9999.0 -9999.0 12.692336 14.222904 13.949246 11.033785 12.376199 24.211238 13.588228 19.333421 14.259223 10.313448 9.881383 13.045603 12.470935 14.239734 12.160692 12.384672 10.473980 11.873555 9.904739 9.854702 6.619893 8.595184 -9999.0 -9999.0 -9999.0 -9999.0 -9999.0 -9999.0 -9999.0 -9999.0 -9999.0 -9999.0 -9999.0 -9999.0 -9999.0 -9999.0 -9999.0 -9999.0 -9999.0 -9999.0 -9999.0 -9999.0 -9999.0 -9999.0 -9999.0 -9999.0 -9999.0 -9999.0 -9999.0 -9999.0
-9999.0 -9999.0 -9999.0 -9999.0 -9999.0 -9999.0 -9999.0 -9999.0 -9999.0 -9999.0 -9999.0 -9999.0 12.156829 13.718132 13.117713 12.079844 9.111970 11.159998 19.917372 14.860981 14.066359 11.449903 11.396835 10.905330 10.564132 15.003108 9.206781 13.069292 13.789836 11.853567 10.456596 11.279916 11.910696 10.457530 -9999.0 -9999.0 -9999.0 -9999.0 -9999.0 -9999.0 -9999.0 -9999.0 -9999.0 -9999.0 -9999.0 -9999.0 -9999.0 -9999.0 -9999.0 -9999.0 -9999.0 -9999.0 -9999.0 -9999.0 -9999.0 -9999.0 -9999.0 -9999.0 -9999.0 -9999.0 -9999.0 -9999.0 -9999.0
-9999.0 -9999.0 -9999.0 -9999.0 -9999.0 -9999.0 -9999.0 -9999.0 -9999.0 -9999.0 -9999.0 12.919218 11.622241 10.521181 11.416369 12.666910 9.034301 10.525803 19.636764 12.807077 11.152655 13.499438 14.504864 12.569903 9.821964 13.827485 12.042865 12.858030 13.897230 11.326782 10.911125 11.377283 12.215186 11.081153 10.048579 16.352250 15.319730 17.810222 19.724230 -9999.0 -9999.0 -9999.0 10.424137 -9999.0 -9999.0 -9999.0 -9999.0 -9999.0 -9999.0 -9999.0 -9999.0 -9999.0 -9999.0 -9999.0 -9999.0 -9999.0 -9999.0 -9999.0 -9999.0 -9999.0 -9999.0 -9999.0 -9999.0
-9999.0 -9999.0 -9999.0 -9999.0 -9999.0 -9999.0 -9999.0 -9999.0 -9999.0 -9999.0 -9999.0 13.629575 11.567833 10.454742 12.131214 11.882717 12.405018 11.807335 19.295295 18.579183 20.014629 18.210668 14.620862 7.861815 8.766575 13.602296 13.011381 13.227214 13.841528 12.041683 11.834244 13.837579 14.795133 13.660855 11.441110 13.718985 19.535955 23.172655 22.471747 17.392244 16.550375 14.207997 13.009401 12.999724 -9999.0 -9999.0 -9999.0 9.442816 10.787365 11.742975 12.556757 12.219583 12.242837 11.775713 11.742632 12.087730 -9999.0 -9999.0 -9999.0 -9999.0 -9999.0 -9999.0 -9999.0
-9999.0 -9999.0 -9999.0 -9999.0 -9999.0 -9999.0 -9999.0 -9999.0 -9999.0 -9999.0 -9999.0 13.556623 11.398521 8.177918 13.469655 11.881931 8.961442 9.302435 17.965268 19.357391 10.716137 11.488687 9.979280 14.295360 13.168153 12.633844 9.441784 9.011681 13.512407 12.259738 11.179235 7.055064 16.383015 14.225251 16.136032 15.613904 12.208887 14.202223 25.473838 21.942926 21.647819 13.899976 14.652797 15.620257 14.498863 -9999.0 9.766530 10.934684 12.416252 13.403843 13.986199 14.540653 14.198841 13.857533 13.944276 13.747676 -9999.0 -9999.0 -9999.0 -9999.0 -9999.0 -9999.0 -9999.0
-9999.0 -9999.0 -9999.0 -9999.0 -9999.0 -9999.0 -9999.0 -9999.0 -9999.0 -9999.0 -9999.0 -9999.0 12.852098 8.252437 15.347677 12.792154 7.174594 9.197448 19.151365 19.472613 10.894449 11.961024 11.230440 10.047501 8.954349 9.761763 16.194108 13.888146 13.382511 12.301557 12.401522 7.588306 16.349884 14.862809 12.463176 14.732829 10.961102 13.462545 27.523178 22.952629 21.127955 18.835153 9.510028 17.267217 12.931348 11.708985 11.238724 11.221036 7.341939 9.117697 10.835645 8.909159 9.783128 8.938706 8.497536 13.552419 14.142186 -9999.0 -9999.0 -9999.0 -9999.0 -9999.0 -9999.0
-9999.0 -9999.0 -9999.0 -9999.0 -9999.0 -9999.0 -9999.0 -9999.0 -9999.0 -9999.0 -9999.0 8.134847 11.877757 12.791389 8.719101 8.826101 10.159973 9.315148 19.751191 12.412264 11.387747 10.501478 11.366850 10.393357 10.216514 10.742480 9.974803 13.290021 14.396870 13.180769 9.389943 8.824560 17.466012 15.065862 11.178531 14.288339 17.389039 12.100356 13.438695 24.899983 11.377676 12.563629 11.996044 12.202793 17.756384 15.536415 12.781679 13.205956 13.023445 10.774051 8.368334 13.047047 1.360912 1.597924 5.372461 11.590983 14.321259 -9999.0 -9999.0 -9999.0 -9999.0 -9999.0 -9999.0
-9999.0 -9999.0 -9999.0 -9999.0 -9999.0 -9999.0 -9999.0 -9999.0 -9999.0 -9999.0 13.485825 9.124769 14.093925 13.147110 15.705975 9.997333 9.880782 8.663669 11.795563 12.645004 19.126120 18.015630 9.127765 17.762868 12.010655 10.941994 9.269017 8.392283 14.054127 16.202424 9.743711 9.364020 16.235994 12.500467 15.131891 15.597378 16.249449 11.092048 10.414796 14.443072 13.902357 13.823245 21.969959 10.672812 10.814687 17.296889 12.656693 8.990468 10.024498 11.728940 8.235971 12.758808 3.502987 11.935765 11.681939 13.755155 14.942448 -9999.0 -9999.0 -9999.0 -9999.0 -9999.0 -9999.0
-9999.0 -9999.0 -9999.0 -9999.0 -9999.0 -9999.0 -9999.0 -9999.0 -9999.0 12.624807 13.211415 9.130154 10.148311 9.452857 9.558853 9.670227 9.436130 17.265105 12.077204 13.198249 19.879496 11.238002 10.789596 13.398150 12.404890 8.223849 9.707032 16.266703 11.367514 11.947858 12.382350 6.681501 12.603271 11.004523 10.568551 10.889741 14.030174 8.621444 9.196454 9.869205 9.791431 8.584519 8.160124 11.223602 10.582233 10.873785 18.300991 10.394307 10.167187 12.402543 9.673010 13.936646 11.401958 11.281974 12.229810 0.858487 1.493863 15.035298 14.233323 -9999.0 -9999.0 -9999.0 -9999.0
-9999.0 -9999.0 -9999.0 -9999.0 -9999.0 -9999.0 -9999.0 -9999.0 -9999.0 13.817637 12.898702 12.847880 14.983495 11.536347 10.517222 9.672864 17.047099 12.171557 12.902555 20.925177 21.155981 20.926491 18.502404 18.004175 8.920257 10.485172 11.271921 12.176671 13.210536 16.415101 16.464276 6.762045 13.557079 12.624039 12.231542 17.250678 17.565397 18.229938 13.148931 15.387328 9.006782 8.136130 9.975469 11.513631 11.382725 13.736265 13.655557 13.114535 11.907546 12.658470 7.187675 0.980991 12.825778 12.044575 13.019834 2.378791 10.127253 11.220339 15.751069 -9999.0 -9999.0 -9999.0 -9999.0
-9999.0 -9999.0 -9999.0 -9999.0 -9999.0 -9999.0 -9999.0 -9999.0 -9999.0 -9999.0 12.894826 13.432422 9.999160 9.467917 12.196115 11.310406 11.540068 13.316097 14.085032 16.277253 20.611100 12.560464 10.546761 9.842075 10.677806 12.194526 13.409859 14.419056 15.538634 7.819244 7.207986 9.569571 0.722651 11.289940 12.879819 13.590086 16.518763 17.423389 18.172676 11.773878 11.968698 15.110086 13.354343 9.719319 8.969685 9.513374 10.499869 17.509745 14.993141 12.808388 8.250128 10.161811 14.009399 13.221407 12.053546 13.095950 13.620537 12.380516 13.108027 13.655737 -9999.0 -9999.0 -9999.0
-9999.0 -9999.0 -9999.0 -9999.0 -9999.0 -9999.0 -9999.0 -9999.0 -9999.0 -9999.0 12.847523 13.603234 13.830070 10.550274 17.879894 10.812917 10.544457 12.518565 15.341861 17.066776 13.634782 11.979901 10.622822 12.019523 12.178161 13.966416 15.312052 10.659854 8.589108 8.023464 12.750835 13.332050 8.378697 12.344509 11.587126 12.336929 9.424875 10.349006 7.887485 12.386418 12.054939 13.383670 8.495429 12.424329 13.454678 7.803274 10.631366 9.872310 12.246615 15.090158 12.898941 10.976168 9.439323 14.927294 13.432693 13.095291 12.516132 11.453694 13.171633 15.388765 -9999.0 -9999.0 -9999.0
-9999.0 -9999.0 -9999.0 -9999.0 -9999.0 -9999.0 -9999.0 -9999.0 15.191722 14.477780 12.557147 13.474483 9.799682 10.097528 9.159464 12.126544 12.950000 20.921592 17.075633 17.435695 15.265061 14.235287 13.266688 11.924560 13.660910 13.370065 19.517843 9.217078 10.096919 0.835609 11.082769 12.404398 13.683755 11.628279 12.401574 11.139591 15.531671 10.455307 5.482826 12.781725 11.923356 12.380637 7.523416 11.078687 12.963999 13.713667 6.653881 9.555384 9.783919 14.405101 13.548066 10.460614 1.567572 1.249686 13.623535 15.102982 15.157488 16.421295 14.576022 14.802287 -9999.0 -9999.0 -9999.0
-9999.0 -9999.0 -9999.0 -9999.0 -9999.0 -9999.0 -9999.0 -9999.0 9.349231 10.224932 1.014143 12.838681 13.199696 10.402088 9.320154 11.005508 12.147581 12.635605 15.267179 17.703988 25.472342 23.271258 21.851888 21.146540 14.012122 14.274315 12.259900 11.549991 9.425607 14.150442 12.812705 13.323179 14.075056 12.871327 13.441989 13.225901 14.770024 10.974399 9.343199 13.807186 12.447259 10.523156 11.925859 12.990323 14.166652 9.293451 0.815922 12.972499 10.527579 12.747737 15.941764 13.304750 1.567882 14.944117 15.986113 12.950498 12.854154 13.752657 16.487331 18.348991 19.157724 -9999.0 -9999.0
-9999.0 -9999.0 -9999.0 -9999.0 -9999.0 -9999.0 -9999.0 -9999.0 12.651371 14.232590 14.730359 0.880697 14.580918 1.083143 11.496264 9.897657 11.640928 14.985649 15.550821 24.714660 18.406476 23.643480 23.536724 17.449555 22.356589 13.668159 11.780630 8.931608 9.224966 14.275791 13.390942 14.342581 0.826477 6.891911 14.006163 15.298620 10.001535 10.714486 7.885099 9.011335 13.443932 12.350396 12.974732 13.249709 6.383451 13.972975 14.027434 13.679812 9.290307 10.852087 14.430895 15.042934 1.814229 10.679720 14.429465 15.180238 15.892604 16.421350 18.382747 17.806304 18.956371 -9999.0 -9999.0
-9999.0 -9999.0 -9999.0 -9999.0 -9999.0 -9999.0 -9999.0 -9999.0 11.531775 13.869380 11.536249 1.208116 15.248337 1.091941 10.205478 12.088724 14.332385 15.930680 19.994726 15.799521 17.847292 18.457148 23.817168 23.660102 14.542597 12.440797 10.510968 8.424020 17.058891 10.761572 10.501881 10.469883 11.099716 11.478263 0.904005 15.520253 15.118230 11.403048 8.986931 9.833327 13.952350 13.741129 13.976496 14.074341 13.798830 13.593485 14.292264 14.878478 15.488946 12.093708 12.753470 15.491043 16.209635 15.399489 16.737732 17.332371 17.905460 16.248827 17.085955 18.810889 17.656080 14.124525 -9999.0
-9999.0 -9999.0 -9999.0 -9999.0 -9999.0 -9999.0 -9999.0 -9999.0 11.558261 13.633175 11.134537 9.532288 10.601169 11.195993 19.192935 15.755265 19.723442 13.458577 12.146764 13.424912 15.269601 18.127502 18.461054 18.436298 22.218630 12.158970 9.902684 12.331302 13.079807 12.611839 9.216053 11.583189 12.707092 12.163095 11.242408 11.352374 12.009905 12.756001 11.781548 12.117415 10.911305 10.706626 11.053451 10.863315 0.863357 14.895373 10.586313 11.717710 12.197864 14.266630 16.145923 15.589988 16.436925 18.588118 18.608154 18.576603 19.125503 18.883640 18.479581 17.686821 15.016503 13.257702 -9999.0
-9999.0 -9999.0 14.114442 14.356288 9.185045 9.056165 10.253396 1.027901 13.932021 13.951460 10.848377 11.232246 11.604637 14.478921 21.145291 15.275378 11.896364 9.990974 11.406189 11.820218 13.721495 16.240823 18.032658 17.257748 17.235023 13.668848 12.178755 11.828528 12.791590 19.427746 10.591041 10.669323 16.631094 11.081676 13.611970 11.897752 15.332567 14.430740 12.875454 11.036225 13.014098 13.151032 11.038860 12.845910 9.158060 11.421660 13.771273 11.689898 15.278352 16.857665 18.374004 19.058156 19.131256 19.305686 19.266712 25.368121 17.959246 17.943352 17.106236 14.681347 18.337149 11.784243 -9999.0
-9999.0 10.761222 10.756030 10.673882 9.994568 10.087741 10.057617 1.071406 3.965190 13.748988 10.174232 11.040490 12.557795 18.828454 20.536769 11.881365 12.005088 11.130029 11.541352 11.977678 14.269137 15.510659 21.765204 16.943229 24.061675 17.601762 22.197213 21.653345 16.517377 15.524236 15.423862 14.555928 14.145623 18.647155 16.378203 17.118641 17.995351 16.355529 17.196401 16.475271 16.248231 15.397498 15.157701 12.611805 11.995503 12.759654 15.684212 15.158874 17.890990 17.109696 18.361047 18.305846 17.659400 17.759528 17.820936 17.138463 14.511341 13.955364 14.966913 17.484741 11.518559 11.294197 -9999.0
-9999.0 14.941953 11.315801 11.973558 17.475405 11.163129 7.466058 2.150003 15.308784 15.378592 0.950417 10.861576 13.324672 20.627632 12.088873 9.887664 10.259053 0.935212 12.658689 12.153356 18.669870 14.828567 16.309005 18.239258 25.381054 26.029214 17.251335 18.481458 17.695725 16.324060 16.766133 16.004343 15.520681 15.818514 21.590089 18.338269 25.910596 26.236589 19.030433 19.548008 18.737244 17.610219 17.654632 15.648111 15.929314 16.279512 18.044093 18.240265 17.796476 17.870431 17.191958 14.803628 14.691221 15.075131 14.705243 13.320092 13.223683 12.108965 11.564930 10.671523 10.436322 -9999.0 -9999.0
