user2019/resources/simulation/Vinschgau/output-maps/TL0008N0002.asc
ncols         63
nrows         48
xllcorner     598000.000000
yllcorner     5145000.000000
cellsize      1000.000000
NODATA_value  -9999.0
[rows 0 to 28 of 48, columns 0 to 62 of 63]
-9999.0 -9999.0 -9999.0 -9999.0 -9999.0 -9999.0 -9999.0 -9999.0 -9999.0 -9999.0 -9999.0 -9999.0 -9999.0 -9999.0 -9999.0 -9999.0 -9999.0 -9999.0 -9999.0 -9999.0 -9999.0 -9999.0 -9999.0 -9999.0 -9999.0 -9999.0 -9999.0 -9999.0 -9999.0 -9999.0 -9999.0 -9999.0 -9999.0 -9999.0 -9999.0 -9999.0 -9999.0 -9999.0 -9999.0 -9999.0 -9999.0 -9999.0 -9999.0 -9999.0 -9999.0 -9999.0 -9999.0 -9999.0 -9999.0 -9999.0 -9999.0 -9999.0 -9999.0 -9999.0 -9999.0 -9999.0 -9999.0 -9999.0 -9999.0 -9999.0 -9999.0 -9999.0 -9999.0
-9999.0 -9999.0 -9999.0 -9999.0 -9999.0 -9999.0 -9999.0 -9999.0 -9999.0 -9999.0 -9999.0 -9999.0 -9999.0 -9999.0 -9999.0 -9999.0 -9999.0 -9999.0 -9999.0 -9999.0 -9999.0 -9999.0 -9999.0 -9999.0 -9999.0 -9999.0 -9999.0 3.932504 3.949094 3.931917 3.946693 3.935970 3.940326 -9999.0 -9999.0 -9999.0 -9999.0 -9999.0 -9999.0 -9999.0 -9999.0 -9999.0 -9999.0 -9999.0 -9999.0 -9999.0 -9999.0 -9999.0 -9999.0 -9999.0 -9999.0 -9999.0 -9999.0 -9999.0 -9999.0 -9999.0 -9999.0 -9999.0 -9999.0 -9999.0 -9999.0 -9999.0 -9999.0
-9999.0 -9999.0 -9999.0 -9999.0 -9999.0 -9999.0 -9999.0 -9999.0 -9999.0 -9999.0 -9999.0 -9999.0 -9999.0 -9999.0 -9999.0 -9999.0 -9999.0 -9999.0 -9999.0 -9999.0 -9999.0 -9999.0 -9999.0 -9999.0 3.960385 3.961483 3.964245 3.959814 3.964038 3.952155 3.945521 -9999.0 -9999.0 -9999.0 -9999.0 -9999.0 -9999.0 -9999.0 -9999.0 -9999.0 -9999.0 -9999.0 -9999.0 -9999.0 -9999.0 -9999.0 -9999.0 -9999.0 -9999.0 -9999.0 -9999.0 -9999.0 -9999.0 -9999.0 -9999.0 -9999.0 -9999.0 -9999.0 -9999.0 -9999.0 -9999.0 -9999.0 -9999.0
-9999.0 -9999.0 -9999.0 -9999.0 -9999.0 -9999.0 -9999.0 -9999.0 -9999.0 -9999.0 -9999.0 -9999.0 -9999.0 -9999.0 -9999.0 -9999.0 -9999.0 -9999.0 -9999.0 -9999.0 -9999.0 -9999.0 -9999.0 3.963105 3.969771 3.963537 3.947926 3.934419 3.934577 3.951867 3.946214 3.943742 -9999.0 -9999.0 -9999.0 -9999.0 -9999.0 -9999.0 -9999.0 -9999.0 -9999.0 -9999.0 -9999.0 -9999.0 -9999.0 -9999.0 -9999.0 -9999.0 -9999.0 -9999.0 -9999.0 -9999.0 -9999.0 -9999.0 -9999.0 -9999.0 -9999.0 -9999.0 -9999.0 -9999.0 -9999.0 -9999.0 -9999.0
-9999.0 -9999.0 -9999.0 -9999.0 -9999.0 -9999.0 -9999.0 -9999.0 -9999.0 -9999.0 -9999.0 -9999.0 -9999.0 -9999.0 -9999.0 -9999.0 -9999.0 -9999.0 3.981784 3.968735 -9999.0 3.966140 3.970028 3.934084 3.959049 3.956530 3.982306 3.984092 3.977059 3.947103 3.950542 3.946615 3.925934 3.917723 -9999.0 -9999.0 -9999.0 -9999.0 -9999.0 -9999.0 -9999.0 -9999.0 -9999.0 -9999.0 -9999.0 -9999.0 -9999.0 -9999.0 -9999.0 -9999.0 -9999.0 -9999.0 -9999.0 -9999.0 -9999.0 -9999.0 -9999.0 -9999.0 -9999.0 -9999.0 -9999.0 -9999.0 -9999.0
-9999.0 -9999.0 -9999.0 -9999.0 -9999.0 -9999.0 -9999.0 -9999.0 -9999.0 -9999.0 -9999.0 -9999.0 -9999.0 -9999.0 -9999.0 -9999.0 -9999.0 3.996051 3.978900 3.949943 3.945753 3.965175 3.950970 3.962111 3.987423 3.959772 3.950174 3.945843 3.951705 3.975169 3.969678 3.950827 3.933904 3.930919 3.921893 3.915457 -9999.0 -9999.0 -9999.0 -9999.0 -9999.0 -9999.0 -9999.0 -9999.0 -9999.0 -9999.0 -9999.0 -9999.0 -9999.0 -9999.0 -9999.0 -9999.0 -9999.0 -9999.0 -9999.0 -9999.0 -9999.0 -9999.0 -9999.0 -9999.0 -9999.0 -9999.0 -9999.0
-9999.0 -9999.0 -9999.0 -9999.0 -9999.0 -9999.0 -9999.0 -9999.0 -9999.0 -9999.0 -9999.0 -9999.0 -9999.0 3.959914 3.965470 3.981587 3.989110 4.012125 3.994603 3.965250 3.972368 3.970843 3.965438 3.977599 3.958948 3.969432 3.922075 3.935803 3.938650 3.947344 3.949949 3.966880 3.946306 3.944930 3.926473 3.914109 -9999.0 -9999.0 -9999.0 -9999.0 -9999.0 -9999.0 -9999.0 -9999.0 -9999.0 -9999.0 -9999.0 -9999.0 -9999.0 -9999.0 -9999.0 -9999.0 -9999.0 -9999.0 -9999.0 -9999.0 -9999.0 -9999.0 -9999.0 -9999.0 -9999.0 -9999.0 -9999.0
-9999.0 -9999.0 -9999.0 -9999.0 -9999.0 -9999.0 -9999.0 -9999.0 -9999.0 -9999.0 -9999.0 -9999.0 -9999.0 3.969652 3.972246 3.981367 3.981621 4.002474 3.996565 3.986508 3.966104 3.970817 3.968396 3.968494 3.965928 3.935088 3.948936 3.930844 3.929933 3.937991 3.951608 3.947997 3.925817 3.916232 3.918347 -9999.0 -9999.0 -9999.0 -9999.0 -9999.0 -9999.0 -9999.0 -9999.0 -9999.0 -9999.0 -9999.0 -9999.0 -9999.0 -9999.0 -9999.0 -9999.0 -9999.0 -9999.0 -9999.0 -9999.0 -9999.0 -9999.0 -9999.0 -9999.0 -9999.0 -9999.0 -9999.0 -9999.0
-9999.0 -9999.0 -9999.0 -9999.0 -9999.0 -9999.0 -9999.0 -9999.0 -9999.0 -9999.0 -9999.0 -9999.0 -9999.0 3.965532 3.974477 3.982858 3.976662 3.985566 3.984301 3.990655 3.992983 3.951265 3.963029 3.953986 3.951366 3.947870 3.944279 3.926126 3.947583 3.926287 3.946027 3.916131 3.913642 3.910207 3.915009 -9999.0 -9999.0 -9999.0 -9999.0 -9999.0 -9999.0 -9999.0 -9999.0 -9999.0 -9999.0 -9999.0 -9999.0 -9999.0 -9999.0 -9999.0 -9999.0 -9999.0 -9999.0 -9999.0 -9999.0 -9999.0 -9999.0 -9999.0 -9999.0 -9999.0 -9999.0 -9999.0 -9999.0
-9999.0 -9999.0 -9999.0 -9999.0 -9999.0 -9999.0 -9999.0 -9999.0 -9999.0 -9999.0 -9999.0 -9999.0 3.944567 3.954321 3.973128 3.967501 3.971083 3.981901 3.998062 3.994074 3.976600 3.955843 3.930271 3.950071 3.968844 3.952496 3.948011 3.946510 3.952113 3.927837 3.941378 3.928420 3.947485 3.913920 -9999.0 -9999.0 -9999.0 -9999.0 -9999.0 -9999.0 -9999.0 -9999.0 -9999.0 -9999.0 -9999.0 -9999.0 -9999.0 -9999.0 -9999.0 -9999.0 -9999.0 -9999.0 -9999.0 -9999.0 -9999.0 -9999.0 -9999.0 -9999.0 -9999.0 -9999.0 -9999.0 -9999.0 -9999.0
-9999.0 -9999.0 -9999.0 -9999.0 -9999.0 -9999.0 -9999.0 -9999.0 -9999.0 -9999.0 -9999.0 3.968323 3.966836 3.981690 3.958198 3.969727 3.946692 3.978730 4.001234 3.999827 3.960595 3.980274 3.960741 3.957010 3.940644 3.958242 3.947213 3.951912 3.966134 3.923668 3.929853 3.951578 3.924552 3.919818 3.921383 3.927207 3.948223 3.950108 3.943748 -9999.0 -9999.0 -9999.0 3.913897 -9999.0 -9999.0 -9999.0 -9999.0 -9999.0 -9999.0 -9999.0 -9999.0 -9999.0 -9999.0 -9999.0 -9999.0 -9999.0 -9999.0 -9999.0 -9999.0 -9999.0 -9999.0 -9999.0 -9999.0
-9999.0 -9999.0 -9999.0 -9999.0 -9999.0 -9999.0 -9999.0 -9999.0 -9999.0 -9999.0 -9999.0 3.968010 3.960066 3.962050 3.960494 3.955332 3.970106 3.972351 4.003087 3.997483 3.992113 3.964311 3.970427 3.950269 3.951382 3.955786 3.953280 3.959517 3.942935 3.925367 3.950364 3.959036 3.950143 3.946769 3.943389 3.950665 3.954204 3.954094 3.950470 3.917497 3.916832 3.912931 3.949660 3.923824 -9999.0 -9999.0 -9999.0 3.976623 3.942520 3.923010 3.944943 3.919797 3.918926 3.977909 3.978261 3.919819 -9999.0 -9999.0 -9999.0 -9999.0 -9999.0 -9999.0 -9999.0
-9999.0 -9999.0 -9999.0 -9999.0 -9999.0 -9999.0 -9999.0 -9999.0 -9999.0 -9999.0 -9999.0 3.968720 3.967451 3.949421 3.979278 3.960391 3.961679 3.969275 3.992786 3.996190 3.988446 3.960616 3.954624 3.968884 3.957599 3.941898 3.952305 3.944931 3.935646 3.947254 3.928095 3.939107 3.955011 3.949155 3.925126 3.953247 3.953663 3.944144 3.952259 3.927802 3.951903 3.941392 3.950827 3.947205 3.943836 -9999.0 3.917427 3.943598 3.947206 3.948780 3.944696 3.939421 3.941818 3.947617 3.941608 3.943515 -9999.0 -9999.0 -9999.0 -9999.0 -9999.0 -9999.0 -9999.0
-9999.0 -9999.0 -9999.0 -9999.0 -9999.0 -9999.0 -9999.0 -9999.0 -9999.0 -9999.0 -9999.0 -9999.0 3.968536 3.969752 3.969100 3.968977 3.950972 3.965936 4.005197 3.995449 3.975712 3.965298 3.959730 3.958985 3.948964 3.952557 3.974439 3.952860 3.953546 3.930227 3.952200 3.952227 3.949776 3.946695 3.948349 3.950139 3.950820 3.958124 3.966965 3.945384 3.967485 3.943441 3.938451 3.967501 3.926999 3.942798 3.921714 3.944049 3.936210 3.950141 3.968667 3.948521 3.974378 3.964251 3.950370 3.957668 3.955715 -9999.0 -9999.0 -9999.0 -9999.0 -9999.0 -9999.0
-9999.0 -9999.0 -9999.0 -9999.0 -9999.0 -9999.0 -9999.0 -9999.0 -9999.0 -9999.0 -9999.0 3.966622 3.966019 3.954070 3.959345 3.960342 3.966197 3.966620 4.004427 3.993391 3.980557 3.971500 3.971518 3.942686 3.955186 3.966946 3.973546 3.955495 3.954120 3.945511 3.953058 3.959321 3.960042 3.948020 3.945984 3.948804 3.950298 3.942468 3.980493 3.959603 3.941198 3.967555 3.968742 3.924829 3.958224 3.948443 3.947652 3.931692 3.941902 3.943006 3.916544 3.945299 3.951376 3.914235 3.911366 3.916884 3.921559 -9999.0 -9999.0 -9999.0 -9999.0 -9999.0 -9999.0
-9999.0 -9999.0 -9999.0 -9999.0 -9999.0 -9999.0 -9999.0 -9999.0 -9999.0 -9999.0 3.981297 3.957097 3.969235 3.968762 3.971261 3.967513 3.968332 3.958536 3.990174 3.995834 3.994873 3.992315 3.945331 3.976933 3.970594 3.979781 3.940719 3.905481 3.955607 3.960912 3.966573 3.964944 3.959217 3.947868 3.917202 3.926782 3.955668 3.952856 3.954559 3.967798 3.962570 3.958666 3.995617 3.986913 3.957121 3.932847 3.948215 3.937540 3.963552 3.962858 3.913696 3.922547 3.910650 3.919272 3.916925 3.947342 3.948235 -9999.0 -9999.0 -9999.0 -9999.0 -9999.0 -9999.0
-9999.0 -9999.0 -9999.0 -9999.0 -9999.0 -9999.0 -9999.0 -9999.0 -9999.0 3.957385 3.978943 3.973723 3.964915 3.957993 3.974995 3.964370 3.961505 3.970611 3.987835 3.997510 3.997320 3.971872 3.963976 3.972578 3.980188 3.944344 3.950799 3.965594 3.959049 3.971868 3.971310 3.927755 3.933119 3.926356 3.925158 3.925974 3.955560 3.951356 3.951300 3.959086 3.963310 3.951071 3.937754 3.968026 3.963356 3.942305 3.962470 3.935921 3.933799 3.978807 3.927968 3.925416 3.914684 3.914748 3.917538 3.935401 3.947151 3.923300 3.918536 -9999.0 -9999.0 -9999.0 -9999.0
-9999.0 -9999.0 -9999.0 -9999.0 -9999.0 -9999.0 -9999.0 -9999.0 -9999.0 3.952330 3.956641 3.958780 3.982840 3.968321 3.962617 3.959968 3.970537 3.976238 3.997354 4.003728 4.000354 3.988270 3.987645 3.975109 3.948151 3.957828 3.967630 3.973160 3.974965 3.985441 3.967325 3.935031 3.956463 3.946477 3.949433 3.927607 3.930055 3.939110 3.949425 3.958147 3.965387 3.936549 3.950632 3.973166 3.984597 3.982813 3.976872 3.963836 3.957525 3.968843 3.923204 3.938818 3.915762 3.943982 3.920824 3.966862 3.933021 3.944814 3.932674 -9999.0 -9999.0 -9999.0 -9999.0
-9999.0 -9999.0 -9999.0 -9999.0 -9999.0 -9999.0 -9999.0 -9999.0 -9999.0 -9999.0 3.957537 3.958504 3.967862 3.986709 3.964759 3.966069 3.970265 3.986994 4.006905 4.002355 4.004287 3.978183 3.965461 3.951123 3.961382 3.972337 3.978862 3.986548 3.971137 3.956028 3.939572 3.971075 3.934966 3.948006 3.956767 3.960861 3.968941 3.969354 3.929063 3.946735 3.944646 3.968175 3.980056 3.939737 3.952927 3.965074 3.966235 3.992726 3.984206 3.964243 3.924875 3.925869 3.917495 3.915114 3.954709 3.942834 3.965557 3.959006 3.957988 3.962718 -9999.0 -9999.0 -9999.0
-9999.0 -9999.0 -9999.0 -9999.0 -9999.0 -9999.0 -9999.0 -9999.0 -9999.0 -9999.0 3.957818 3.960163 3.968658 3.972515 3.995846 3.971538 3.969650 3.992610 4.009334 4.004322 3.993749 3.971857 3.960957 3.965142 3.970901 3.989593 4.000780 3.982816 3.962001 3.935864 3.960549 3.968877 3.908123 3.945494 3.949964 3.966341 3.961027 3.953787 3.937298 3.947644 3.946201 3.946067 3.949662 3.952627 3.977577 3.932572 3.964752 3.957904 3.989375 3.984536 3.964541 3.934041 3.949455 3.917652 3.913746 3.915631 3.944771 3.948613 3.993476 3.995672 -9999.0 -9999.0 -9999.0
-9999.0 -9999.0 -9999.0 -9999.0 -9999.0 -9999.0 -9999.0 -9999.0 3.970166 3.958844 3.951127 3.967719 3.965466 3.966983 3.964665 3.991690 3.987004 4.008726 4.005534 4.006198 4.006092 3.992043 3.978969 3.964853 3.975480 4.010531 4.004220 3.970454 3.964069 3.934737 3.931284 3.958097 3.955111 3.945892 3.951812 3.949237 3.959533 3.962354 3.928745 3.930971 3.928714 3.965729 3.912507 3.929686 3.942721 3.970143 3.932788 3.950545 3.962346 3.995873 3.972802 3.949602 3.947562 3.938956 3.915554 3.944759 3.929326 3.975034 3.961894 4.018550 -9999.0 -9999.0 -9999.0
-9999.0 -9999.0 -9999.0 -9999.0 -9999.0 -9999.0 -9999.0 -9999.0 3.932466 3.960778 3.940805 3.956402 3.958424 3.970883 3.958865 3.975128 3.986625 3.990755 4.020210 4.007837 4.018585 4.009487 4.001833 3.976222 3.990018 4.009190 3.994968 3.973619 3.914426 3.961569 3.953537 3.942554 3.958917 3.934813 3.965058 3.966250 3.971661 3.968410 3.934264 3.949014 3.945530 3.928927 3.928955 3.953275 3.967655 3.947069 3.917074 3.953318 3.957703 3.984930 3.992969 3.968550 3.942413 3.948672 3.953464 3.935390 3.954577 3.964201 4.002602 4.009578 4.011427 -9999.0 -9999.0
-9999.0 -9999.0 -9999.0 -9999.0 -9999.0 -9999.0 -9999.0 -9999.0 3.957759 3.962702 3.950222 3.937700 3.971290 3.926736 3.967138 3.950339 3.976110 3.995517 4.017865 4.019515 4.009329 4.012987 4.015057 4.005563 4.010666 4.002280 3.979481 3.962466 3.906968 3.959631 3.945936 3.971010 3.949205 3.929085 3.971084 3.963925 3.947758 3.955650 3.938680 3.938884 3.948362 3.928406 3.959174 3.966329 3.951250 3.963585 3.926992 3.960646 3.947503 3.963371 4.002462 3.969908 3.943605 3.936470 3.961246 3.962344 3.973143 4.005078 4.017885 4.010794 4.011037 -9999.0 -9999.0
-9999.0 -9999.0 -9999.0 -9999.0 -9999.0 -9999.0 -9999.0 -9999.0 3.936600 3.962034 3.984644 3.913730 3.972870 3.974476 3.954586 3.981540 4.012246 4.011721 4.009922 4.010724 4.009535 4.009688 4.015636 4.013090 4.003502 3.981747 3.967313 3.944351 3.975326 3.955651 3.945244 3.947745 3.953994 3.969131 3.927202 3.962918 3.965584 3.971822 3.947821 3.935494 3.947198 3.949544 3.954141 3.940592 3.959180 3.931870 3.948475 3.942853 3.955282 3.952283 3.965692 4.008977 3.957342 3.979132 3.991343 4.007217 4.015998 4.014986 4.014174 4.010268 4.008565 3.993353 -9999.0
-9999.0 -9999.0 -9999.0 -9999.0 -9999.0 -9999.0 -9999.0 -9999.0 3.962977 3.969725 3.979255 3.948986 3.960615 3.970448 3.985604 4.001942 4.006059 3.999980 3.980867 3.999009 4.011054 4.009980 4.011243 4.010841 4.010094 3.974836 3.960240 3.969192 3.970680 3.971570 3.949971 3.971406 3.975110 3.973491 3.956784 3.957107 3.963192 3.971619 3.965464 3.970644 3.950091 3.946818 3.960860 3.947509 3.935636 3.960211 3.946462 3.961007 3.952330 3.963079 3.965148 4.003152 4.014357 4.011169 4.019588 4.010257 4.010865 4.010765 4.009931 4.012792 4.007293 3.975320 -9999.0
-9999.0 -9999.0 3.954073 3.968195 3.953193 3.952485 3.956852 3.948538 3.969882 3.967203 3.965870 3.987006 3.967126 3.988987 4.006195 3.999974 3.967720 3.962266 3.967712 3.978516 4.001605 4.019191 4.011085 4.013753 4.005282 3.992283 3.967706 3.971945 3.997459 3.992369 3.968180 3.971329 3.999398 3.976755 3.978723 3.974662 3.976571 4.006706 3.975264 3.966810 3.968842 3.970229 3.972979 3.973317 3.952881 3.959876 3.974604 3.984595 3.990239 4.005892 4.014616 4.008857 4.009531 4.009585 4.010893 4.029300 4.008822 4.010703 4.006967 4.004294 3.995020 3.968877 -9999.0
-9999.0 3.956629 3.956600 3.955097 3.953230 3.962455 3.956803 3.950668 3.948720 3.959437 3.956020 3.966519 3.996766 3.999579 3.999991 3.959510 3.965953 3.955546 3.975218 3.976406 4.005153 4.023976 4.015752 4.012513 4.020727 4.008410 4.009395 4.009224 4.010505 4.001094 3.994960 3.984743 4.001755 4.011510 4.008367 4.008891 4.019311 4.031441 4.013689 4.006939 4.004998 4.007656 4.005431 3.987945 3.979053 3.989487 4.001233 4.019302 4.017794 4.013986 4.008788 4.008529 4.007896 4.006543 4.006704 4.006057 3.995706 3.993429 3.974881 3.994309 3.971670 3.971498 -9999.0
-9999.0 3.975233 3.969885 3.970689 3.978814 3.969801 3.950476 3.949760 3.969487 3.954358 3.949891 3.964806 3.993463 3.999002 3.954721 3.956732 3.935699 3.953192 3.968250 3.986408 4.008146 4.012531 4.015978 4.011251 4.022347 4.021473 4.014225 4.008864 4.008677 4.028242 4.025809 4.019613 4.010386 4.008458 4.015029 4.013401 4.029856 4.033216 4.025950 4.022058 4.020488 4.013157 4.021129 4.015811 4.017548 4.027041 4.009674 4.008969 4.009391 4.008857 4.007815 4.003249 3.984202 4.007725 3.996454 3.969991 3.953069 3.973736 3.959692 3.964048 3.957304 -9999.0 -9999.0
-9999.0 3.956861 3.971237 3.973357 3.971245 3.991608 3.985152 3.955522 3.953084 3.953021 3.965166 3.969931 3.995809 3.993145 3.965865 3.951874 3.949058 3.963416 3.962510 3.980093 3.982736 3.998064 4.016559 4.021890 4.022074 4.010121 4.009804 4.009340 4.009179 4.008640 4.009111 4.009714 4.010013 4.010605 4.011562 4.014139 4.016861 4.032375 4.020041 4.018807 4.016497 4.026519 4.012213 4.010902 4.011652 4.010770 4.009551 4.008518 4.004751 4.007658 3.982066 3.995573 3.975177 3.969369 3.972853 3.970751 3.969763 3.960874 3.958380 -9999.0 -9999.0 -9999.0 -9999.0
