user2019/resources/simulation/Vinschgau/output-maps/TL0008N0036.asc
ncols         63
nrows         48
xllcorner     598000.000000
yllcorner     5145000.000000
cellsize      1000.000000
NODATA_value  -9999.0
[rows 0 to 28 of 48, columns 0 to 62 of 63]
-9999.0 -9999.0 -9999.0 -9999.0 -9999.0 -9999.0 -9999.0 -9999.0 -9999.0 -9999.0 -9999.0 -9999.0 -9999.0 -9999.0 -9999.0 -9999.0 -9999.0 -9999.0 -9999.0 -9999.0 -9999.0 -9999.0 -9999.0 -9999.0 -9999.0 -9999.0 -9999.0 -9999.0 -9999.0 -9999.0 -9999.0 -9999.0 -9999.0 -9999.0 -9999.0 -9999.0 -9999.0 -9999.0 -9999.0 -9999.0 -9999.0 -9999.0 -9999.0 -9999.0 -9999.0 -9999.0 -9999.0 -9999.0 -9999.0 -9999.0 -9999.0 -9999.0 -9999.0 -9999.0 -9999.0 -9999.0 -9999.0 -9999.0 -9999.0 -9999.0 -9999.0 -9999.0 -9999.0
-9999.0 -9999.0 -9999.0 -9999.0 -9999.0 -9999.0 -9999.0 -9999.0 -9999.0 -9999.0 -9999.0 -9999.0 -9999.0 -9999.0 -9999.0 -9999.0 -9999.0 -9999.0 -9999.0 -9999.0 -9999.0 -9999.0 -9999.0 -9999.0 -9999.0 -9999.0 -9999.0 0.003249 0.150552 0.024577 -0.003174 -0.004228 -0.004450 -9999.0 -9999.0 -9999.0 -9999.0 -9999.0 -9999.0 -9999.0 -9999.0 -9999.0 -9999.0 -9999.0 -9999.0 -9999.0 -9999.0 -9999.0 -9999.0 -9999.0 -9999.0 -9999.0 -9999.0 -9999.0 -9999.0 -9999.0 -9999.0 -9999.0 -9999.0 -9999.0 -9999.0 -9999.0 -9999.0
-9999.0 -9999.0 -9999.0 -9999.0 -9999.0 -9999.0 -9999.0 -9999.0 -9999.0 -9999.0 -9999.0 -9999.0 -9999.0 -9999.0 -9999.0 -9999.0 -9999.0 -9999.0 -9999.0 -9999.0 -9999.0 -9999.0 -9999.0 -9999.0 0.260999 0.409017 0.403094 0.345904 0.375067 0.179867 -0.002384 -9999.0 -9999.0 -9999.0 -9999.0 -9999.0 -9999.0 -9999.0 -9999.0 -9999.0 -9999.0 -9999.0 -9999.0 -9999.0 -9999.0 -9999.0 -9999.0 -9999.0 -9999.0 -9999.0 -9999.0 -9999.0 -9999.0 -9999.0 -9999.0 -9999.0 -9999.0 -9999.0 -9999.0 -9999.0 -9999.0 -9999.0 -9999.0
-9999.0 -9999.0 -9999.0 -9999.0 -9999.0 -9999.0 -9999.0 -9999.0 -9999.0 -9999.0 -9999.0 -9999.0 -9999.0 -9999.0 -9999.0 -9999.0 -9999.0 -9999.0 -9999.0 -9999.0 -9999.0 -9999.0 -9999.0 0.377275 0.565185 0.534201 0.446434 0.348944 0.347995 0.140726 0.077316 0.034549 -9999.0 -9999.0 -9999.0 -9999.0 -9999.0 -9999.0 -9999.0 -9999.0 -9999.0 -9999.0 -9999.0 -9999.0 -9999.0 -9999.0 -9999.0 -9999.0 -9999.0 -9999.0 -9999.0 -9999.0 -9999.0 -9999.0 -9999.0 -9999.0 -9999.0 -9999.0 -9999.0 -9999.0 -9999.0 -9999.0 -9999.0
-9999.0 -9999.0 -9999.0 -9999.0 -9999.0 -9999.0 -9999.0 -9999.0 -9999.0 -9999.0 -9999.0 -9999.0 -9999.0 -9999.0 -9999.0 -9999.0 -9999.0 -9999.0 0.776709 0.445436 -9999.0 0.289916 0.483724 0.310131 0.458969 0.913691 0.477005 0.512221 0.925914 0.364789 0.136277 0.081585 -0.002129 -0.002428 -9999.0 -9999.0 -9999.0 -9999.0 -9999.0 -9999.0 -9999.0 -9999.0 -9999.0 -9999.0 -9999.0 -9999.0 -9999.0 -9999.0 -9999.0 -9999.0 -9999.0 -9999.0 -9999.0 -9999.0 -9999.0 -9999.0 -9999.0 -9999.0 -9999.0 -9999.0 -9999.0 -9999.0 -9999.0
-9999.0 -9999.0 -9999.0 -9999.0 -9999.0 -9999.0 -9999.0 -9999.0 -9999.0 -9999.0 -9999.0 -9999.0 -9999.0 -9999.0 -9999.0 -9999.0 -9999.0 2.529258 1.334622 0.029895 -0.002094 0.375557 0.326952 0.240007 1.360006 0.284290 0.193983 0.352215 0.217525 0.503331 0.444746 0.131534 -0.002061 -0.002072 -0.002937 -0.008874 -9999.0 -9999.0 -9999.0 -9999.0 -9999.0 -9999.0 -9999.0 -9999.0 -9999.0 -9999.0 -9999.0 -9999.0 -9999.0 -9999.0 -9999.0 -9999.0 -9999.0 -9999.0 -9999.0 -9999.0 -9999.0 -9999.0 -9999.0 -9999.0 -9999.0 -9999.0 -9999.0
-9999.0 -9999.0 -9999.0 -9999.0 -9999.0 -9999.0 -9999.0 -9999.0 -9999.0 -9999.0 -9999.0 -9999.0 -9999.0 0.127844 0.270624 0.641859 1.908267 3.263725 2.219675 0.275097 0.413485 0.712843 1.207149 1.146669 0.221159 0.035608 -0.002204 0.131442 0.089323 0.322994 0.384359 0.050509 -0.002436 -0.004659 -0.010570 -0.017326 -9999.0 -9999.0 -9999.0 -9999.0 -9999.0 -9999.0 -9999.0 -9999.0 -9999.0 -9999.0 -9999.0 -9999.0 -9999.0 -9999.0 -9999.0 -9999.0 -9999.0 -9999.0 -9999.0 -9999.0 -9999.0 -9999.0 -9999.0 -9999.0 -9999.0 -9999.0 -9999.0
-9999.0 -9999.0 -9999.0 -9999.0 -9999.0 -9999.0 -9999.0 -9999.0 -9999.0 -9999.0 -9999.0 -9999.0 -9999.0 0.318595 0.409785 0.974833 0.965563 1.879747 3.395942 1.519771 1.510386 0.210060 0.389524 0.326605 0.384930 0.248691 0.106919 -0.005359 -0.005816 -0.002048 0.273647 -0.004605 -0.011891 -0.031061 -0.023396 -9999.0 -9999.0 -9999.0 -9999.0 -9999.0 -9999.0 -9999.0 -9999.0 -9999.0 -9999.0 -9999.0 -9999.0 -9999.0 -9999.0 -9999.0 -9999.0 -9999.0 -9999.0 -9999.0 -9999.0 -9999.0 -9999.0 -9999.0 -9999.0 -9999.0 -9999.0 -9999.0 -9999.0
-9999.0 -9999.0 -9999.0 -9999.0 -9999.0 -9999.0 -9999.0 -9999.0 -9999.0 -9999.0 -9999.0 -9999.0 -9999.0 0.336982 1.302972 1.018674 0.519273 1.203161 3.323474 2.009028 0.489767 -0.002587 0.119034 0.206168 0.434585 0.422941 0.022124 -0.006027 0.095401 -0.008170 -0.004360 -0.017291 -0.016967 -0.036360 -0.035923 -9999.0 -9999.0 -9999.0 -9999.0 -9999.0 -9999.0 -9999.0 -9999.0 -9999.0 -9999.0 -9999.0 -9999.0 -9999.0 -9999.0 -9999.0 -9999.0 -9999.0 -9999.0 -9999.0 -9999.0 -9999.0 -9999.0 -9999.0 -9999.0 -9999.0 -9999.0 -9999.0 -9999.0
-9999.0 -9999.0 -9999.0 -9999.0 -9999.0 -9999.0 -9999.0 -9999.0 -9999.0 -9999.0 -9999.0 -9999.0 0.066601 0.899750 0.377843 0.230336 0.300352 0.924721 2.741700 2.342077 0.396591 0.226850 0.011590 0.268684 0.522758 -0.003771 0.281583 0.030620 0.151096 -0.007443 -0.004629 -0.002192 0.045378 -0.008654 -9999.0 -9999.0 -9999.0 -9999.0 -9999.0 -9999.0 -9999.0 -9999.0 -9999.0 -9999.0 -9999.0 -9999.0 -9999.0 -9999.0 -9999.0 -9999.0 -9999.0 -9999.0 -9999.0 -9999.0 -9999.0 -9999.0 -9999.0 -9999.0 -9999.0 -9999.0 -9999.0 -9999.0 -9999.0
-9999.0 -9999.0 -9999.0 -9999.0 -9999.0 -9999.0 -9999.0 -9999.0 -9999.0 -9999.0 -9999.0 0.231300 0.247802 0.598328 0.234785 0.090878 -0.003023 0.592355 2.837304 2.673832 0.376357 0.458898 0.089361 -0.003306 0.134668 -0.002043 -0.004021 0.146229 0.227284 -0.010245 -0.002208 0.129182 -0.002684 -0.006377 -0.002669 -0.002364 -0.002065 0.035214 0.044487 -9999.0 -9999.0 -9999.0 -0.004007 -9999.0 -9999.0 -9999.0 -9999.0 -9999.0 -9999.0 -9999.0 -9999.0 -9999.0 -9999.0 -9999.0 -9999.0 -9999.0 -9999.0 -9999.0 -9999.0 -9999.0 -9999.0 -9999.0 -9999.0
-9999.0 -9999.0 -9999.0 -9999.0 -9999.0 -9999.0 -9999.0 -9999.0 -9999.0 -9999.0 -9999.0 0.191297 0.305951 0.054697 0.249271 -0.002908 0.292303 1.214964 2.960157 2.312353 1.747410 0.357902 0.254856 0.085100 0.106030 -0.002865 0.107746 0.263364 -0.002213 -0.006286 0.131194 0.122413 0.026678 -0.002129 -0.002196 -0.000906 0.252108 0.253008 0.107054 -0.002605 -0.002564 -0.003057 0.020883 -0.003705 -9999.0 -9999.0 -9999.0 0.649108 0.124136 0.009070 0.178231 0.011500 0.002807 0.715003 0.719167 -0.002336 -9999.0 -9999.0 -9999.0 -9999.0 -9999.0 -9999.0 -9999.0
-9999.0 -9999.0 -9999.0 -9999.0 -9999.0 -9999.0 -9999.0 -9999.0 -9999.0 -9999.0 -9999.0 0.210438 0.073329 -0.002162 0.293209 -0.002019 0.138953 0.470514 2.336288 2.463097 1.240977 0.028203 0.166691 0.269917 -0.003081 -0.002068 0.133604 -0.002063 -0.004886 -0.002644 -0.006338 -0.002237 0.112987 -0.002211 -0.003022 0.070718 0.138015 0.012710 0.660783 -0.003004 0.067736 -0.002222 0.107724 0.085590 0.029027 -9999.0 -0.003569 0.133730 0.393458 0.573512 0.603666 0.311720 0.547390 0.534942 0.403751 0.234838 -9999.0 -9999.0 -9999.0 -9999.0 -9999.0 -9999.0 -9999.0
-9999.0 -9999.0 -9999.0 -9999.0 -9999.0 -9999.0 -9999.0 -9999.0 -9999.0 -9999.0 -9999.0 -9999.0 0.104039 0.277019 0.221537 0.207883 0.032264 0.278642 3.000143 2.503917 0.815082 0.106335 0.138054 0.187834 0.075653 0.152681 0.555682 -0.003642 -0.002821 -0.002176 0.132912 0.113727 0.061083 -0.001880 -0.003007 -0.002138 -0.002782 0.172868 0.909025 -0.001588 0.272796 0.096036 -0.001179 0.422082 -0.002051 0.142466 -0.002008 0.129549 0.016471 0.322746 0.436887 0.253259 0.843246 0.367217 0.161289 0.175760 0.255164 -9999.0 -9999.0 -9999.0 -9999.0 -9999.0 -9999.0
-9999.0 -9999.0 -9999.0 -9999.0 -9999.0 -9999.0 -9999.0 -9999.0 -9999.0 -9999.0 -9999.0 0.216214 0.026108 -0.002267 0.141516 0.133564 0.143112 0.289284 2.409943 2.300748 1.245089 0.389212 0.220551 -0.002173 0.161640 0.249459 0.375881 -0.003243 0.196776 0.004568 0.152878 0.180605 0.305008 -0.002018 -0.005901 -0.002273 -0.003363 -0.003308 0.781336 0.919329 0.032379 0.273462 0.338482 -0.002210 0.543810 0.174023 0.337708 0.290668 0.328622 0.050659 -0.002787 -0.002182 0.108672 -0.003492 -0.002711 -0.003578 0.002487 -9999.0 -9999.0 -9999.0 -9999.0 -9999.0 -9999.0
-9999.0 -9999.0 -9999.0 -9999.0 -9999.0 -9999.0 -9999.0 -9999.0 -9999.0 -9999.0 0.408574 0.117868 0.252106 0.177631 0.275085 0.229094 0.078008 0.113803 1.681612 2.401181 2.412122 0.957732 -0.002071 0.645257 0.221028 0.375394 -0.002129 -0.003263 0.148858 0.443323 0.292955 0.243444 0.027717 -0.003137 -0.030237 -0.002663 -0.002100 -0.002036 0.165611 0.536754 0.772197 0.106742 -0.002133 1.316135 0.296416 0.055362 0.365807 0.080682 0.344406 0.278412 -0.002598 -0.003400 -0.002935 -0.003555 -0.003227 0.330769 0.267217 -9999.0 -9999.0 -9999.0 -9999.0 -9999.0 -9999.0
-9999.0 -9999.0 -9999.0 -9999.0 -9999.0 -9999.0 -9999.0 -9999.0 -9999.0 -0.002179 0.323534 0.328412 0.192870 0.073154 0.245389 0.123863 0.089603 0.474679 1.919179 2.590697 2.715398 0.343236 0.235100 0.602214 0.393841 -0.002198 0.057955 0.502403 0.183525 0.291618 0.371425 -0.002607 -0.008093 -0.010592 -0.005183 -0.007264 0.069627 0.063444 -0.002018 0.173997 0.302118 0.084331 -0.002280 1.025710 0.707639 0.171246 1.214224 0.082445 0.164058 0.532616 0.022253 0.001458 -0.003635 -0.003186 -0.002075 0.017233 0.264886 0.345795 0.107937 -9999.0 -9999.0 -9999.0 -9999.0
-9999.0 -9999.0 -9999.0 -9999.0 -9999.0 -9999.0 -9999.0 -9999.0 -9999.0 -0.002125 -0.002027 0.060587 1.410487 0.189724 0.144076 0.089043 0.458019 0.408230 2.575098 3.325694 3.231364 3.119289 0.312342 0.284703 -0.002079 0.187084 0.258056 0.248279 0.547238 0.390847 0.202626 -0.002534 -0.003092 0.007839 0.106841 -0.002276 -0.002169 -0.002104 -0.003951 0.053713 0.301146 -0.002429 0.204557 0.354310 1.591598 1.689947 1.486855 0.419523 0.295413 0.336729 -0.002211 -0.001698 -0.003483 -0.002366 -0.003118 0.267342 0.127198 0.360946 0.568486 -9999.0 -9999.0 -9999.0 -9999.0
-9999.0 -9999.0 -9999.0 -9999.0 -9999.0 -9999.0 -9999.0 -9999.0 -9999.0 -9999.0 0.019337 0.086926 0.065523 0.933834 0.143761 0.164070 0.164512 1.278000 3.328451 3.056203 2.614295 1.782080 0.162127 0.034950 0.186827 0.231793 0.453828 0.869404 0.237302 0.058983 -0.002437 0.365151 -0.002722 -0.003370 0.313970 0.428337 0.539176 0.391783 -0.002202 -0.003604 -0.004117 0.427429 0.359483 0.049604 -0.002226 0.188026 0.474389 0.562937 1.785799 0.339544 -0.002060 0.016515 0.018376 -0.003529 0.220691 -0.002249 0.125621 0.220063 0.293408 0.377807 -9999.0 -9999.0 -9999.0
-9999.0 -9999.0 -9999.0 -9999.0 -9999.0 -9999.0 -9999.0 -9999.0 -9999.0 -9999.0 0.030725 0.075378 0.223831 0.158020 2.233155 0.389132 0.337589 1.875045 3.767555 3.412730 2.417112 1.013462 0.145306 0.281068 0.207059 0.643543 1.533631 0.219869 0.163626 -0.002763 -0.003054 0.191082 -0.002984 -0.003166 -0.003255 -0.002032 0.264608 0.200383 -0.002204 -0.002846 0.119496 0.021235 0.191632 -0.002728 0.224579 -0.002050 0.307533 0.106171 1.711112 1.418172 0.270563 0.204462 0.251776 0.007552 -0.002468 0.037651 -0.002082 0.241768 1.698641 1.626090 -9999.0 -9999.0 -9999.0
-9999.0 -9999.0 -9999.0 -9999.0 -9999.0 -9999.0 -9999.0 -9999.0 0.416453 0.093712 -0.002135 0.252373 0.082377 0.078012 0.090760 1.825557 1.989882 3.819748 3.665602 3.782294 3.617994 2.883229 2.257344 0.621417 0.779180 1.604092 0.893010 0.217750 0.226681 -0.002195 -0.006395 -0.002896 -0.002602 -0.002172 0.134877 -0.003510 0.206062 0.228400 -0.002983 -0.002010 -0.003521 0.016453 -0.003610 -0.004469 0.287846 0.386893 -0.002355 0.282769 0.151631 1.589270 0.441548 0.052631 0.275236 -0.002023 0.141670 0.596823 0.486019 0.949449 0.439965 3.270930 -9999.0 -9999.0 -9999.0
-9999.0 -9999.0 -9999.0 -9999.0 -9999.0 -9999.0 -9999.0 -9999.0 -0.002608 0.170195 -0.002332 -0.002846 -0.002018 0.069739 0.030017 0.406987 1.400069 1.731701 4.035356 4.046730 5.522751 4.799691 4.124377 2.395080 2.492423 2.455721 0.707181 0.330204 -0.002937 0.167172 0.109853 0.104289 0.171408 0.005774 0.293316 0.523147 0.647685 0.263858 0.056673 0.257528 -0.002322 -0.004187 -0.003786 0.324045 0.730735 0.233084 -0.002972 -0.002477 0.209588 1.311174 1.448774 0.348032 0.144274 0.403225 0.742779 0.033533 0.277544 0.248510 2.201082 3.823966 3.931187 -9999.0 -9999.0
-9999.0 -9999.0 -9999.0 -9999.0 -9999.0 -9999.0 -9999.0 -9999.0 -0.002070 0.286534 0.239087 -0.002323 0.381447 -0.003021 0.177182 -0.002087 0.909097 2.049862 4.051586 4.804194 4.369493 4.957875 5.069791 3.682781 4.233817 2.262062 0.467765 0.186105 -0.003128 0.381115 0.118462 0.674426 0.212420 -0.002165 0.500642 0.717120 0.205433 0.052972 -0.002062 0.021285 0.027983 0.002839 0.283639 0.125293 0.152383 0.057810 0.127628 0.327202 0.175865 0.166825 2.488584 0.692836 0.047360 0.022685 0.235126 0.367207 1.384059 2.332113 3.724041 3.863643 3.782980 -9999.0 -9999.0
-9999.0 -9999.0 -9999.0 -9999.0 -9999.0 -9999.0 -9999.0 -9999.0 -0.005488 0.302319 0.569142 -0.002882 0.496429 0.332704 0.023847 1.251281 3.395126 3.938945 2.250749 4.035073 3.969391 4.213417 4.794566 4.505823 2.579621 0.785201 0.190287 -0.002354 0.682046 0.118440 0.072987 0.116286 0.070114 0.296078 0.025642 0.588742 0.711512 0.262741 0.037214 0.087152 0.232394 0.467488 0.493425 0.322696 0.371374 0.299706 0.479336 0.499314 0.573343 0.226036 0.317394 2.549127 1.147145 0.486719 1.551676 1.881708 3.216084 2.818683 3.936266 3.697066 2.673104 1.568936 -9999.0
-9999.0 -9999.0 -9999.0 -9999.0 -9999.0 -9999.0 -9999.0 -9999.0 0.213627 0.415911 0.299887 0.005122 0.151574 0.795021 2.425234 2.591419 1.796513 2.156852 1.016480 2.150597 3.457456 3.951589 4.103285 4.207253 1.210036 0.295930 0.092532 0.225533 0.294873 0.271812 -0.002056 0.250101 0.769873 0.254607 0.126239 0.162916 0.149351 0.806353 0.214071 0.381130 0.135401 0.039346 0.123338 0.059598 0.072408 0.709898 0.140092 0.225080 0.128617 0.341440 1.277067 2.087598 2.549449 2.221172 2.173627 2.566540 3.178936 3.308504 3.511098 2.726256 2.564275 0.618820 -9999.0
-9999.0 -9999.0 0.144050 0.459072 0.242997 0.187019 0.180241 0.130400 0.430624 0.310363 0.203362 1.262604 0.787910 1.542283 3.525755 1.883462 0.581532 0.158925 0.224152 0.467297 2.161802 4.203007 3.875373 3.422565 2.824003 1.791203 0.212656 0.249033 1.865921 1.494395 0.166573 0.208274 2.067728 0.367937 0.750819 0.282201 0.820927 1.525644 0.585702 0.038520 0.300661 0.364059 0.458067 0.378548 -0.002097 0.230534 0.707760 1.055053 1.761462 2.824952 3.423837 3.423983 3.243888 2.996659 2.674558 3.591290 2.810590 2.609714 1.902917 2.279243 0.744917 0.695076 -9999.0
-9999.0 0.213252 0.223691 0.195464 0.180430 0.210836 0.250694 0.180493 0.148769 0.054756 0.256431 0.222324 1.956442 2.936288 2.039351 0.216963 0.243466 0.248112 0.318435 0.432212 2.251691 3.538425 3.225505 3.601140 4.407437 3.031135 3.859297 3.886668 3.069280 2.264004 1.780269 1.279921 1.834089 3.638374 2.178997 2.353780 2.460643 2.841304 2.435014 1.995057 1.817992 2.428872 2.377334 1.318830 0.945574 1.498484 2.727248 3.704140 4.083589 2.831247 3.209419 2.935833 2.626925 2.313970 2.217709 1.481268 1.506217 1.481492 0.374952 0.629586 0.618488 0.672686 -9999.0
-9999.0 0.374821 0.237166 0.247145 1.253886 0.212298 -0.002167 0.093858 0.433412 0.148671 0.205255 0.234998 1.745429 2.028945 0.605555 0.184062 0.035884 0.237096 0.232861 0.864953 0.793393 2.498836 3.328508 2.324206 4.276481 4.820745 3.803357 3.794949 3.703962 4.289071 4.103927 3.519402 3.303205 3.349273 4.186539 3.786541 5.491010 6.143603 4.102806 3.974356 4.189884 4.186686 3.916181 3.642548 4.015188 4.310560 4.353690 4.303979 3.443652 3.347035 2.396342 1.948794 1.423027 2.181909 1.525313 0.521733 0.380921 0.526285 0.384397 0.474647 0.496662 -9999.0 -9999.0
-9999.0 0.035243 0.273929 0.483836 0.713458 1.344200 1.333448 0.055321 0.182790 0.205768 0.189683 0.869171 1.785281 1.202430 0.196414 0.163744 0.201690 0.246197 0.170043 0.342338 0.217321 0.522058 2.217372 3.597255 4.012739 3.128514 3.382498 3.438718 3.485190 3.450170 3.449138 3.897945 3.835384 3.660310 3.704346 3.595111 3.664413 4.621305 3.753715 3.977889 4.164008 5.296023 4.165898 4.214620 4.203101 4.153589 3.663168 3.318813 2.524093 2.605237 1.240386 0.575978 0.541698 0.328914 0.488869 0.390109 0.388732 0.386564 0.392382 -9999.0 -9999.0 -9999.0 -9999.0
