user2019/resources/simulation/Vinschgau/output-maps/TL0003N0136.asc
ncols         63
nrows         48
xllcorner     598000.000000
yllcorner     5145000.000000
cellsize      1000.000000
NODATA_value  -9999.0
[rows 0 to 27 of 48, columns 0 to 61 of 63]
-9999.0 -9999.0 -9999.0 -9999.0 -9999.0 -9999.0 -9999.0 -9999.0 -9999.0 -9999.0 -9999.0 -9999.0 -9999.0 -9999.0 -9999.0 -9999.0 -9999.0 -9999.0 -9999.0 -9999.0 -9999.0 -9999.0 -9999.0 -9999.0 -9999.0 -9999.0 -9999.0 -9999.0 -9999.0 -9999.0 -9999.0 -9999.0 -9999.0 -9999.0 -9999.0 -9999.0 -9999.0 -9999.0 -9999.0 -9999.0 -9999.0 -9999.0 -9999.0 -9999.0 -9999.0 -9999.0 -9999.0 -9999.0 -9999.0 -9999.0 -9999.0 -9999.0 -9999.0 -9999.0 -9999.0 -9999.0 -9999.0 -9999.0 -9999.0 -9999.0 -9999.0 -9999.0
-9999.0 -9999.0 -9999.0 -9999.0 -9999.0 -9999.0 -9999.0 -9999.0 -9999.0 -9999.0 -9999.0 -9999.0 -9999.0 -9999.0 -9999.0 -9999.0 -9999.0 -9999.0 -9999.0 -9999.0 -9999.0 -9999.0 -9999.0 -9999.0 -9999.0 -9999.0 -9999.0 -2.204830 -2.384557 -3.135643 -3.260788 -4.249464 -4.476244 -9999.0 -9999.0 -9999.0 -9999.0 -9999.0 -9999.0 -9999.0 -9999.0 -9999.0 -9999.0 -9999.0 -9999.0 -9999.0 -9999.0 -9999.0 -9999.0 -9999.0 -9999.0 -9999.0 -9999.0 -9999.0 -9999.0 -9999.0 -9999.0 -9999.0 -9999.0 -9999.0 -9999.0 -9999.0
-9999.0 -9999.0 -9999.0 -9999.0 -9999.0 -9999.0 -9999.0 -9999.0 -9999.0 -9999.0 -9999.0 -9999.0 -9999.0 -9999.0 -9999.0 -9999.0 -9999.0 -9999.0 -9999.0 -9999.0 -9999.0 -9999.0 -9999.0 -9999.0 -2.162748 -2.468078 -2.479430 -2.607628 -2.436684 -2.809829 -2.505721 -9999.0 -9999.0 -9999.0 -9999.0 -9999.0 -9999.0 -9999.0 -9999.0 -9999.0 -9999.0 -9999.0 -9999.0 -9999.0 -9999.0 -9999.0 -9999.0 -9999.0 -9999.0 -9999.0 -9999.0 -9999.0 -9999.0 -9999.0 -9999.0 -9999.0 -9999.0 -9999.0 -9999.0 -9999.0 -9999.0 -9999.0
-9999.0 -9999.0 -9999.0 -9999.0 -9999.0 -9999.0 -9999.0 -9999.0 -9999.0 -9999.0 -9999.0 -9999.0 -9999.0 -9999.0 -9999.0 -9999.0 -9999.0 -9999.0 -9999.0 -9999.0 -9999.0 -9999.0 -9999.0 -2.377588 -2.347206 -0.197417 -0.329182 -0.154552 -2.359446 -3.675390 -3.282720 -2.236044 -9999.0 -9999.0 -9999.0 -9999.0 -9999.0 -9999.0 -9999.0 -9999.0 -9999.0 -9999.0 -9999.0 -9999.0 -9999.0 -9999.0 -9999.0 -9999.0 -9999.0 -9999.0 -9999.0 -9999.0 -9999.0 -9999.0 -9999.0 -9999.0 -9999.0 -9999.0 -9999.0 -9999.0 -9999.0 -9999.0
-9999.0 -9999.0 -9999.0 -9999.0 -9999.0 -9999.0 -9999.0 -9999.0 -9999.0 -9999.0 -9999.0 -9999.0 -9999.0 -9999.0 -9999.0 -9999.0 -9999.0 -9999.0 -0.102241 -0.343144 -9999.0 -2.129623 -2.219085 -0.136917 -0.124022 -4.587293 -1.083145 -0.885654 -0.745001 -2.318530 -3.995037 -2.829298 -4.389073 -5.139564 -9999.0 -9999.0 -9999.0 -9999.0 -9999.0 -9999.0 -9999.0 -9999.0 -9999.0 -9999.0 -9999.0 -9999.0 -9999.0 -9999.0 -9999.0 -9999.0 -9999.0 -9999.0 -9999.0 -9999.0 -9999.0 -9999.0 -9999.0 -9999.0 -9999.0 -9999.0 -9999.0 -9999.0
-9999.0 -9999.0 -9999.0 -9999.0 -9999.0 -9999.0 -9999.0 -9999.0 -9999.0 -9999.0 -9999.0 -9999.0 -9999.0 -9999.0 -9999.0 -9999.0 -9999.0 -0.697448 -2.009513 -2.276163 -1.907077 -0.704865 -0.968596 -2.143923 -0.668923 -2.202087 -2.308442 -2.235885 -2.435204 -1.479268 -2.318224 -3.854634 -4.345168 -4.871493 -3.816338 -5.368017 -9999.0 -9999.0 -9999.0 -9999.0 -9999.0 -9999.0 -9999.0 -9999.0 -9999.0 -9999.0 -9999.0 -9999.0 -9999.0 -9999.0 -9999.0 -9999.0 -9999.0 -9999.0 -9999.0 -9999.0 -9999.0 -9999.0 -9999.0 -9999.0 -9999.0 -9999.0
-9999.0 -9999.0 -9999.0 -9999.0 -9999.0 -9999.0 -9999.0 -9999.0 -9999.0 -9999.0 -9999.0 -9999.0 -9999.0 -1.795766 -0.254465 -0.304430 -0.207275 -1.251087 -0.809877 -0.545220 -0.288593 -0.272399 -2.429165 -0.222167 -2.243350 -2.172275 -2.522660 -2.192841 -2.273621 -2.340273 -2.341640 -2.385025 -2.954729 -5.314418 -6.040663 -6.098994 -9999.0 -9999.0 -9999.0 -9999.0 -9999.0 -9999.0 -9999.0 -9999.0 -9999.0 -9999.0 -9999.0 -9999.0 -9999.0 -9999.0 -9999.0 -9999.0 -9999.0 -9999.0 -9999.0 -9999.0 -9999.0 -9999.0 -9999.0 -9999.0 -9999.0 -9999.0
-9999.0 -9999.0 -9999.0 -9999.0 -9999.0 -9999.0 -9999.0 -9999.0 -9999.0 -9999.0 -9999.0 -9999.0 -9999.0 -0.894949 -0.085705 -0.186245 -0.191242 -0.104136 -1.202292 -1.503394 -3.957958 -1.551597 -0.471468 -1.965959 -1.974031 -2.052271 -2.530885 -4.479353 -4.689970 -2.398402 -2.326875 -5.071370 -6.005473 -6.579874 -6.444854 -9999.0 -9999.0 -9999.0 -9999.0 -9999.0 -9999.0 -9999.0 -9999.0 -9999.0 -9999.0 -9999.0 -9999.0 -9999.0 -9999.0 -9999.0 -9999.0 -9999.0 -9999.0 -9999.0 -9999.0 -9999.0 -9999.0 -9999.0 -9999.0 -9999.0 -9999.0 -9999.0
-9999.0 -9999.0 -9999.0 -9999.0 -9999.0 -9999.0 -9999.0 -9999.0 -9999.0 -9999.0 -9999.0 -9999.0 -9999.0 -0.226672 -0.171885 -0.084057 -0.238887 -0.228458 -1.224666 -0.190977 -0.186012 -2.590278 -1.917781 -2.112233 -1.928047 -1.061807 -2.453943 -4.485666 -2.675968 -5.324241 -4.745555 -6.133224 -6.238369 -6.678447 -6.897389 -9999.0 -9999.0 -9999.0 -9999.0 -9999.0 -9999.0 -9999.0 -9999.0 -9999.0 -9999.0 -9999.0 -9999.0 -9999.0 -9999.0 -9999.0 -9999.0 -9999.0 -9999.0 -9999.0 -9999.0 -9999.0 -9999.0 -9999.0 -9999.0 -9999.0 -9999.0 -9999.0
-9999.0 -9999.0 -9999.0 -9999.0 -9999.0 -9999.0 -9999.0 -9999.0 -9999.0 -9999.0 -9999.0 -9999.0 -0.799605 -0.088430 -0.076498 -1.760950 -0.200290 -0.225880 -0.087728 -2.917510 -1.216564 -1.999497 -1.879548 -2.099729 -0.735248 -3.858562 -2.242294 -2.185293 -2.782171 -4.926231 -4.913494 -3.988350 -4.479275 -5.835311 -9999.0 -9999.0 -9999.0 -9999.0 -9999.0 -9999.0 -9999.0 -9999.0 -9999.0 -9999.0 -9999.0 -9999.0 -9999.0 -9999.0 -9999.0 -9999.0 -9999.0 -9999.0 -9999.0 -9999.0 -9999.0 -9999.0 -9999.0 -9999.0 -9999.0 -9999.0 -9999.0 -9999.0
-9999.0 -9999.0 -9999.0 -9999.0 -9999.0 -9999.0 -9999.0 -9999.0 -9999.0 -9999.0 -9999.0 -1.745034 -1.753289 -0.141792 -1.869532 -1.883282 -2.614434 -0.256215 -0.088203 -2.684252 -1.833026 -0.238509 -1.810303 -2.651652 -1.995350 -2.012176 -4.049316 -2.173773 -2.331117 -5.405588 -2.766790 -3.695371 -4.449120 -6.546749 -6.687312 -8.227267 -10.011115 -11.210574 -11.090451 -9999.0 -9999.0 -9999.0 -6.847969 -9999.0 -9999.0 -9999.0 -9999.0 -9999.0 -9999.0 -9999.0 -9999.0 -9999.0 -9999.0 -9999.0 -9999.0 -9999.0 -9999.0 -9999.0 -9999.0 -9999.0 -9999.0 -9999.0
-9999.0 -9999.0 -9999.0 -9999.0 -9999.0 -9999.0 -9999.0 -9999.0 -9999.0 -9999.0 -9999.0 -1.977075 -1.847493 -0.826354 -0.784190 -1.824479 -0.607860 -1.120242 -0.091525 -0.111974 -0.179318 -0.115026 -1.914458 -2.040824 -2.072040 -2.372904 -2.219117 -2.187289 -2.115887 -4.491828 -3.482707 -4.156189 -5.849047 -4.372071 -6.955750 -8.834678 -10.332644 -10.693836 -11.909877 -13.355044 -12.513277 -9.274970 -6.999661 -5.737555 -9999.0 -9999.0 -9999.0 -0.429493 -1.454457 -1.684864 -0.879819 -1.524707 -1.360766 -0.051477 -0.047206 -1.031737 -9999.0 -9999.0 -9999.0 -9999.0 -9999.0 -9999.0
-9999.0 -9999.0 -9999.0 -9999.0 -9999.0 -9999.0 -9999.0 -9999.0 -9999.0 -9999.0 -9999.0 -1.930741 -1.989569 -2.065787 -0.659981 -1.716778 -1.363480 -0.958800 -0.098725 -0.109102 -0.417918 -1.694322 -2.057819 -2.181578 -2.891545 -2.654824 -2.192296 -2.113258 -3.649294 -2.694631 -4.647879 -3.997609 -4.318511 -5.740224 -7.598709 -10.369776 -8.005152 -4.684366 -6.299727 -11.871481 -11.561604 -10.905110 -6.696954 -5.990534 -2.731480 -9999.0 -2.128545 -1.853101 -1.334093 -0.481940 -1.850799 -2.221387 -0.060777 -0.053941 -0.028570 -0.044215 -9999.0 -9999.0 -9999.0 -9999.0 -9999.0 -9999.0
-9999.0 -9999.0 -9999.0 -9999.0 -9999.0 -9999.0 -9999.0 -9999.0 -9999.0 -9999.0 -9999.0 -9999.0 -1.974321 -0.729136 -0.182761 -0.905049 -1.701577 -1.325957 -0.098524 -0.120230 -1.446014 -1.551637 -0.782439 -2.152290 -2.260114 -2.112263 -0.178253 -3.249093 -2.534655 -2.445703 -2.434598 -3.785412 -4.467749 -5.035622 -6.709364 -9.300691 -7.332914 -4.095409 -4.045277 -8.527594 -9.727406 -9.710074 -8.160345 -2.790314 -4.753723 -2.453563 -2.112731 -1.955742 -1.970369 -2.308465 -0.543022 -0.494489 -0.321958 -0.191965 -1.574641 -1.380710 -0.146389 -9999.0 -9999.0 -9999.0 -9999.0 -9999.0
-9999.0 -9999.0 -9999.0 -9999.0 -9999.0 -9999.0 -9999.0 -9999.0 -9999.0 -9999.0 -9999.0 -0.766098 -1.950121 -1.834416 -1.232227 -1.025881 -0.752042 -1.561470 -0.111555 -0.128955 -2.249347 -0.243584 -0.761293 -2.071416 -2.084042 -0.345156 -0.837196 -3.074124 -2.387666 -2.709772 -2.721061 -2.702548 -2.575633 -4.681447 -7.458989 -8.792267 -11.859791 -6.268290 -0.739019 -6.522043 -7.855562 -6.366855 -6.029509 -7.474516 -2.369019 -2.211072 -2.314483 -2.274959 -2.117601 -3.080778 -1.741934 -1.703147 -1.717768 -1.963660 -1.328434 -1.774816 -1.159549 -9999.0 -9999.0 -9999.0 -9999.0 -9999.0
-9999.0 -9999.0 -9999.0 -9999.0 -9999.0 -9999.0 -9999.0 -9999.0 -9999.0 -9999.0 -0.400582 -1.474505 -0.396941 -1.927982 -0.137212 -0.670025 -1.791411 -1.763389 -0.234285 -0.286617 -0.179202 -0.216949 -2.033064 -0.150563 -0.433076 -0.519072 -2.133745 -3.984999 -2.214861 -1.460004 -2.433571 -2.191444 -2.469142 -4.827021 -7.389891 -7.897888 -10.347396 -7.501104 -3.417656 -3.057417 -2.668840 -3.970433 -4.263144 -0.998993 -2.916648 -4.227088 -2.279596 -2.549088 -2.505194 -2.333365 -2.114767 -1.865629 -1.575182 -1.927944 -1.471627 -0.051459 -0.051419 -9999.0 -9999.0 -9999.0 -9999.0 -9999.0
-9999.0 -9999.0 -9999.0 -9999.0 -9999.0 -9999.0 -9999.0 -9999.0 -9999.0 -1.864977 -0.542704 -0.519648 -0.697095 -1.971153 -0.287304 -1.914954 -1.963919 -0.105745 -1.800897 -0.627493 -0.289310 -2.408410 -2.487016 -1.106605 -0.393171 -2.147565 -2.679926 -0.840626 -2.446402 -1.493866 -3.197744 -3.440165 -5.522508 -5.945919 -6.252024 -7.143192 -5.899270 -7.565132 -7.268821 -7.902016 -2.957691 -4.074128 -4.458292 -0.975102 -6.041713 -3.766412 -0.330549 -2.605485 -2.239596 -0.576430 -2.182226 -1.577350 -2.137701 -1.238469 -1.247878 -1.299039 -0.149406 -0.482097 -0.717270 -9999.0 -9999.0 -9999.0
-9999.0 -9999.0 -9999.0 -9999.0 -9999.0 -9999.0 -9999.0 -9999.0 -9999.0 -1.810720 -1.853360 -1.802316 -0.221990 -0.817971 -0.667991 -1.159951 -0.107717 -1.659973 -1.755669 -0.145300 -0.258593 -2.694495 -0.263922 -0.273291 -2.041214 -2.455225 -1.811616 -1.089004 -3.177383 -0.720940 -2.067545 -4.294297 -3.286738 -2.438730 -4.231077 -5.986241 -6.710848 -6.463326 -6.027485 -3.741176 -2.228819 -3.965741 -2.412091 -2.972235 -0.101863 -0.695123 -1.953135 -4.856442 -2.277550 -2.106557 -1.925008 -2.029962 -1.295546 -1.312474 -1.496490 -0.397052 -0.123695 -0.199192 -0.886946 -9999.0 -9999.0 -9999.0
-9999.0 -9999.0 -9999.0 -9999.0 -9999.0 -9999.0 -9999.0 -9999.0 -9999.0 -9999.0 -1.800554 -1.822777 -1.914787 -0.572018 -2.077111 -0.338386 -0.228398 -0.191089 -1.772158 -0.193722 -0.109348 -2.060679 -0.211173 -1.371980 -2.551241 -1.354407 -3.922085 -4.715706 -2.076504 -2.199269 -2.332451 -0.929913 -3.158670 -3.651024 -2.882441 -2.508976 -2.669071 -3.005311 -4.985848 -4.740871 -5.104016 -2.394706 -2.145245 -2.133220 -3.479285 -5.314227 -2.610140 -0.175498 -3.019624 -3.260430 -2.166000 -2.130336 -1.511872 -1.245148 -1.349164 -1.417093 -1.158288 -0.909743 -0.254890 -0.111195 -9999.0 -9999.0
-9999.0 -9999.0 -9999.0 -9999.0 -9999.0 -9999.0 -9999.0 -9999.0 -9999.0 -9999.0 -1.850542 -1.833040 -1.985578 -0.268496 -0.195792 -0.569853 -1.785639 -0.566402 -0.327626 -0.106633 -2.172780 -2.035170 -0.481095 -1.430697 -1.369198 -4.552855 -3.037368 -2.294951 -2.333682 -3.471745 -3.215223 -2.228490 -3.770635 -3.344849 -3.442512 -2.293480 -3.028310 -3.720636 -4.352974 -3.072179 -2.120256 -2.014709 -2.264676 -2.648674 -0.732752 -1.972191 -1.853602 -2.242469 -2.191228 -2.237487 -3.128438 -2.027524 -0.663697 -1.406952 -1.305683 -1.190377 -1.425924 -0.134449 -4.070000 -0.248040 -9999.0 -9999.0
-9999.0 -9999.0 -9999.0 -9999.0 -9999.0 -9999.0 -9999.0 -9999.0 -0.327070 -1.364550 -1.987448 -2.034833 -1.977987 -1.973976 -0.702481 -0.530624 -2.554985 -1.481550 -0.057491 -0.059569 -0.146379 -1.809668 -3.402211 -2.609885 -2.460815 -2.830079 -1.042413 -2.446669 -2.274331 -2.221393 -4.693471 -2.880849 -2.058189 -1.948443 -2.006401 -3.871429 -2.119651 -2.664639 -4.239599 -2.138330 -2.749462 -2.224640 -3.386921 -3.748123 -2.104323 -0.456013 -1.986173 -0.499360 -1.920946 -0.079554 -0.659629 -2.024372 -0.419936 -1.510723 -1.369151 -0.062350 -0.829591 -0.139981 -2.483936 -0.080770 -9999.0 -9999.0
-9999.0 -9999.0 -9999.0 -9999.0 -9999.0 -9999.0 -9999.0 -9999.0 -1.846349 -0.813529 -1.980071 -2.067633 -1.975559 -1.862386 -0.844563 -1.133638 -0.182148 -0.179000 -0.076286 -0.038813 -0.050086 -0.168889 -1.476873 -3.458144 -2.313740 -1.608510 -1.184823 -2.424150 -2.927948 -2.233606 -2.062488 -2.269035 -2.071049 -2.044921 -1.250463 -1.481276 -2.140772 -2.489140 -2.428455 -2.157561 -1.893601 -3.785139 -3.021881 -1.568767 -1.771185 -1.597068 -1.918046 -1.743147 -1.892913 -0.651878 -1.320179 -1.745002 -1.120091 -0.061261 -2.320477 -2.528754 -2.149334 -2.535604 -0.808308 -0.029587 -0.028180 -9999.0
-9999.0 -9999.0 -9999.0 -9999.0 -9999.0 -9999.0 -9999.0 -9999.0 -1.870380 -1.850941 -0.485823 -1.917103 -2.019832 -1.988903 -0.155406 -2.532717 -3.315813 -1.916397 -0.048374 -0.060596 -0.036087 -0.043327 -0.104681 -0.607192 -0.590300 -2.449631 -1.442407 -2.309294 -4.430500 -2.281871 -2.078104 -2.161584 -2.613251 -3.132458 -0.591539 -1.018773 -2.016944 -2.583361 -2.275107 -2.142249 -1.860178 -1.782919 -0.537885 -1.893222 -1.938901 -1.929080 -1.760654 -0.180022 -1.793924 -1.910660 -0.038426 -2.505615 -2.602856 -2.373160 -3.200404 -1.988323 -1.300624 -0.367469 -0.044288 -0.035589 -0.026703 -9999.0
-9999.0 -9999.0 -9999.0 -9999.0 -9999.0 -9999.0 -9999.0 -9999.0 -3.423080 -1.900677 -0.220371 -2.668252 -0.164132 -0.240459 -1.771798 -2.818707 -1.910896 -0.043730 -0.101604 -0.037559 -0.038562 -0.037007 -0.042682 -0.249465 -0.670665 -0.299459 -0.289978 -2.301418 -0.470745 -1.789056 -2.432317 -2.339783 -2.805050 -2.074071 -2.087476 -2.369318 -2.250243 -0.232111 -2.405637 -2.426267 -1.853445 -1.111088 -1.013111 -2.302565 -0.349288 -1.964526 -0.179145 -2.109900 -0.189300 -2.342120 -0.185583 -0.043816 -1.917334 -1.183350 -1.223863 -0.394499 -0.051102 -0.022485 -0.008918 -0.025340 -0.057484 -0.114722
-9999.0 -9999.0 -9999.0 -9999.0 -9999.0 -9999.0 -9999.0 -9999.0 -2.080339 -1.737295 -0.202368 -0.150078 -0.107756 -2.113992 -0.229692 -0.201190 -0.136094 -1.839866 -0.210675 -0.536690 -0.221014 -0.038896 -0.041518 -0.216189 -2.411217 -0.406384 -2.684077 -0.431212 -0.485001 -0.326565 -2.212614 -0.350223 -3.357086 -0.327878 -2.608823 -2.488055 -2.513323 -0.218212 -3.757654 -2.476812 -2.570028 -2.505705 -2.659299 -2.712034 -2.315453 -1.104133 -2.411465 -2.242863 -2.426791 -3.201078 -2.455726 -0.859144 -0.042282 -0.220590 -0.047119 -0.037851 -0.026992 -0.026484 -0.035677 -0.081768 -0.384009 -0.136292
-9999.0 -9999.0 -1.937261 -1.887158 -1.932771 -1.967626 -1.487846 -2.112146 -2.032809 -1.271174 -1.791918 -0.672770 -0.468508 -0.172779 -0.826125 -0.193736 -1.876115 -2.043017 -1.948051 -0.230829 -0.559220 -0.039517 -0.041608 -0.048665 -0.748974 -3.616318 -0.543117 -2.907587 -3.793540 -0.287984 -0.805848 -0.278964 -0.237341 -3.229191 -3.115662 -3.183188 -2.798704 -0.841489 -3.558197 -2.953119 -3.016221 -3.383798 -4.805677 -0.803141 -2.459877 -2.317175 -2.750086 -0.750897 -3.396802 -0.797943 -0.061835 -0.037965 -0.028406 -0.029650 -0.029702 -0.037304 -0.037926 -0.038797 -0.201543 -0.782207 -0.065970 -0.087044
-9999.0 -0.731376 -0.857894 -0.920690 -1.887358 -0.319254 -1.885027 -1.948113 -1.832541 -1.789296 -1.888060 -0.116275 -0.154058 -0.061778 -0.063354 -0.104810 -2.011091 -2.005791 -0.459131 -0.232704 -1.621732 -1.273961 -0.172451 -0.035999 -0.211244 -1.111238 -1.245423 -1.056322 -2.228240 -2.040792 -3.234143 -2.831960 -1.924466 -0.783014 -2.598892 -1.112740 -2.274063 -1.968472 -1.153275 -1.274641 -3.103804 -1.899138 -1.608088 -2.967382 -3.366622 -2.893120 -0.866293 -0.435678 -0.081647 -0.023608 -0.028391 -0.033151 -0.040203 -0.051289 -0.054727 -0.093916 -0.220021 -0.108320 -0.119586 -0.175578 -0.061483 -0.095409
-9999.0 -1.431419 -0.274732 -0.226962 -0.122340 -0.270072 -2.210979 -2.351023 -2.102565 -1.920252 -2.080018 -0.144254 -0.143642 -0.062372 -1.756257 -2.002977 -1.798299 -2.003666 -0.298511 -0.752983 -0.154875 -0.275884 -0.060493 -0.161440 -0.071097 -0.058978 -0.035773 -0.056330 -0.057950 -0.593155 -0.390404 -0.480617 -1.199179 -0.507722 -0.109315 -0.253754 -0.056806 -0.054882 -0.151309 -0.201349 -0.238534 -0.157157 -0.865589 -0.096056 -0.038228 -0.050509 -0.031885 -0.027964 -0.028089 -0.028568 -0.092084 -0.594715 -0.312376 -0.065795 -0.447810 -0.177171 -0.175587 -0.220633 -0.138196 -0.052759 -0.049578 -9999.0
