user2019/resources/simulation/Vinschgau/output-maps/TL0003N1257.asc
ncols         63
nrows         48
xllcorner     598000.000000
yllcorner     5145000.000000
cellsize      1000.000000
NODATA_value  -9999.0
[rows 0 to 27 of 48, columns 0 to 62 of 63]
-9999.0 -9999.0 -9999.0 -9999.0 -9999.0 -9999.0 -9999.0 -9999.0 -9999.0 -9999.0 -9999.0 -9999.0 -9999.0 -9999.0 -9999.0 -9999.0 -9999.0 -9999.0 -9999.0 -9999.0 -9999.0 -9999.0 -9999.0 -9999.0 -9999.0 -9999.0 -9999.0 -9999.0 -9999.0 -9999.0 -9999.0 -9999.0 -9999.0 -9999.0 -9999.0 -9999.0 -9999.0 -9999.0 -9999.0 -9999.0 -9999.0 -9999.0 -9999.0 -9999.0 -9999.0 -9999.0 -9999.0 -9999.0 -9999.0 -9999.0 -9999.0 -9999.0 -9999.0 -9999.0 -9999.0 -9999.0 -9999.0 -9999.0 -9999.0 -9999.0 -9999.0 -9999.0 -9999.0
-9999.0 -9999.0 -9999.0 -9999.0 -9999.0 -9999.0 -9999.0 -9999.0 -9999.0 -9999.0 -9999.0 -9999.0 -9999.0 -9999.0 -9999.0 -9999.0 -9999.0 -9999.0 -9999.0 -9999.0 -9999.0 -9999.0 -9999.0 -9999.0 -9999.0 -9999.0 -9999.0 4.467392 2.933112 5.043485 2.261332 1.493726 -0.003310 -9999.0 -9999.0 -9999.0 -9999.0 -9999.0 -9999.0 -9999.0 -9999.0 -9999.0 -9999.0 -9999.0 -9999.0 -9999.0 -9999.0 -9999.0 -9999.0 -9999.0 -9999.0 -9999.0 -9999.0 -9999.0 -9999.0 -9999.0 -9999.0 -9999.0 -9999.0 -9999.0 -9999.0 -9999.0 -9999.0
-9999.0 -9999.0 -9999.0 -9999.0 -9999.0 -9999.0 -9999.0 -9999.0 -9999.0 -9999.0 -9999.0 -9999.0 -9999.0 -9999.0 -9999.0 -9999.0 -9999.0 -9999.0 -9999.0 -9999.0 -9999.0 -9999.0 -9999.0 -9999.0 3.535998 3.727489 4.200667 3.503566 3.950722 3.943463 1.893787 -9999.0 -9999.0 -9999.0 -9999.0 -9999.0 -9999.0 -9999.0 -9999.0 -9999.0 -9999.0 -9999.0 -9999.0 -9999.0 -9999.0 -9999.0 -9999.0 -9999.0 -9999.0 -9999.0 -9999.0 -9999.0 -9999.0 -9999.0 -9999.0 -9999.0 -9999.0 -9999.0 -9999.0 -9999.0 -9999.0 -9999.0 -9999.0
-9999.0 -9999.0 -9999.0 -9999.0 -9999.0 -9999.0 -9999.0 -9999.0 -9999.0 -9999.0 -9999.0 -9999.0 -9999.0 -9999.0 -9999.0 -9999.0 -9999.0 -9999.0 -9999.0 -9999.0 -9999.0 -9999.0 -9999.0 3.992164 5.022223 4.882428 4.958989 5.075732 5.522270 4.470674 1.923337 1.151107 -9999.0 -9999.0 -9999.0 -9999.0 -9999.0 -9999.0 -9999.0 -9999.0 -9999.0 -9999.0 -9999.0 -9999.0 -9999.0 -9999.0 -9999.0 -9999.0 -9999.0 -9999.0 -9999.0 -9999.0 -9999.0 -9999.0 -9999.0 -9999.0 -9999.0 -9999.0 -9999.0 -9999.0 -9999.0 -9999.0 -9999.0
-9999.0 -9999.0 -9999.0 -9999.0 -9999.0 -9999.0 -9999.0 -9999.0 -9999.0 -9999.0 -9999.0 -9999.0 -9999.0 -9999.0 -9999.0 -9999.0 -9999.0 -9999.0 9.065958 5.197233 -9999.0 4.563989 5.088281 4.578651 4.523432 5.292272 5.980448 6.655829 3.394288 2.206426 4.038219 2.156649 2.498970 3.783198 -9999.0 -9999.0 -9999.0 -9999.0 -9999.0 -9999.0 -9999.0 -9999.0 -9999.0 -9999.0 -9999.0 -9999.0 -9999.0 -9999.0 -9999.0 -9999.0 -9999.0 -9999.0 -9999.0 -9999.0 -9999.0 -9999.0 -9999.0 -9999.0 -9999.0 -9999.0 -9999.0 -9999.0 -9999.0
-9999.0 -9999.0 -9999.0 -9999.0 -9999.0 -9999.0 -9999.0 -9999.0 -9999.0 -9999.0 -9999.0 -9999.0 -9999.0 -9999.0 -9999.0 -9999.0 -9999.0 5.694242 4.353858 5.470681 7.455940 1.629666 2.647843 4.491858 7.234497 0.635371 -0.025784 1.925010 -0.019060 3.120567 5.594090 4.196131 5.471901 4.287293 2.626739 3.309376 -9999.0 -9999.0 -9999.0 -9999.0 -9999.0 -9999.0 -9999.0 -9999.0 -9999.0 -9999.0 -9999.0 -9999.0 -9999.0 -9999.0 -9999.0 -9999.0 -9999.0 -9999.0 -9999.0 -9999.0 -9999.0 -9999.0 -9999.0 -9999.0 -9999.0 -9999.0 -9999.0
-9999.0 -9999.0 -9999.0 -9999.0 -9999.0 -9999.0 -9999.0 -9999.0 -9999.0 -9999.0 -9999.0 -9999.0 -9999.0 8.050603 4.326261 4.094954 5.416544 14.320953 5.471715 5.034113 4.772223 4.474026 5.254359 7.543471 0.159197 5.074760 0.226165 -0.008607 -0.010623 0.676035 -0.062329 4.274531 3.146863 2.354100 3.303972 3.235216 -9999.0 -9999.0 -9999.0 -9999.0 -9999.0 -9999.0 -9999.0 -9999.0 -9999.0 -9999.0 -9999.0 -9999.0 -9999.0 -9999.0 -9999.0 -9999.0 -9999.0 -9999.0 -9999.0 -9999.0 -9999.0 -9999.0 -9999.0 -9999.0 -9999.0 -9999.0 -9999.0
-9999.0 -9999.0 -9999.0 -9999.0 -9999.0 -9999.0 -9999.0 -9999.0 -9999.0 -9999.0 -9999.0 -9999.0 -9999.0 8.701758 5.919854 4.795569 4.589055 13.524776 14.477292 7.050301 4.743990 9.327024 3.349212 2.084551 3.535197 1.863856 3.100126 4.948851 3.675044 -0.024881 -0.034951 2.263807 2.804002 1.970253 2.279998 -9999.0 -9999.0 -9999.0 -9999.0 -9999.0 -9999.0 -9999.0 -9999.0 -9999.0 -9999.0 -9999.0 -9999.0 -9999.0 -9999.0 -9999.0 -9999.0 -9999.0 -9999.0 -9999.0 -9999.0 -9999.0 -9999.0 -9999.0 -9999.0 -9999.0 -9999.0 -9999.0 -9999.0
-9999.0 -9999.0 -9999.0 -9999.0 -9999.0 -9999.0 -9999.0 -9999.0 -9999.0 -9999.0 -9999.0 -9999.0 -9999.0 6.141691 6.468027 7.397887 4.490680 5.265700 14.869010 5.603273 11.280415 4.567944 0.920097 -0.017482 3.779119 3.037987 5.933540 3.425736 1.211974 2.264320 1.731811 2.045457 2.209159 -4.065688 3.216557 -9999.0 -9999.0 -9999.0 -9999.0 -9999.0 -9999.0 -9999.0 -9999.0 -9999.0 -9999.0 -9999.0 -9999.0 -9999.0 -9999.0 -9999.0 -9999.0 -9999.0 -9999.0 -9999.0 -9999.0 -9999.0 -9999.0 -9999.0 -9999.0 -9999.0 -9999.0 -9999.0 -9999.0
-9999.0 -9999.0 -9999.0 -9999.0 -9999.0 -9999.0 -9999.0 -9999.0 -9999.0 -9999.0 -9999.0 -9999.0 4.989924 6.022066 7.078918 5.610825 3.146465 4.808620 14.483071 7.516479 5.266987 1.041100 1.505128 0.178870 -0.071114 2.985543 -1.168026 1.760508 3.018314 2.636954 0.618724 2.504037 0.885159 3.874491 -9999.0 -9999.0 -9999.0 -9999.0 -9999.0 -9999.0 -9999.0 -9999.0 -9999.0 -9999.0 -9999.0 -9999.0 -9999.0 -9999.0 -9999.0 -9999.0 -9999.0 -9999.0 -9999.0 -9999.0 -9999.0 -9999.0 -9999.0 -9999.0 -9999.0 -9999.0 -9999.0 -9999.0 -9999.0
-9999.0 -9999.0 -9999.0 -9999.0 -9999.0 -9999.0 -9999.0 -9999.0 -9999.0 -9999.0 -9999.0 7.638287 6.502767 3.428922 6.690637 10.946072 6.737479 5.128076 14.135794 8.913023 3.438193 4.299253 5.340567 3.809733 1.832479 3.704289 1.297791 2.708281 0.777833 2.764890 2.840617 3.064438 3.215050 3.302469 2.700908 3.833761 1.617622 3.126514 3.370474 -9999.0 -9999.0 -9999.0 3.213494 -9999.0 -9999.0 -9999.0 -9999.0 -9999.0 -9999.0 -9999.0 -9999.0 -9999.0 -9999.0 -9999.0 -9999.0 -9999.0 -9999.0 -9999.0 -9999.0 -9999.0 -9999.0 -9999.0 -9999.0
-9999.0 -9999.0 -9999.0 -9999.0 -9999.0 -9999.0 -9999.0 -9999.0 -9999.0 -9999.0 -9999.0 7.264238 6.265624 8.001255 7.770596 10.213419 8.693394 5.556432 14.233111 10.982150 11.142086 7.740061 4.741713 -0.363414 -0.322439 2.901933 2.387627 3.523410 5.009248 3.351828 2.447248 3.661396 1.082351 0.739242 0.917611 2.518873 4.309945 4.958088 3.687132 3.106445 3.348858 3.464097 2.106326 2.853494 -9999.0 -9999.0 -9999.0 0.311388 0.166842 1.603987 0.197145 1.352524 1.477377 -0.006263 -0.009602 1.549108 -9999.0 -9999.0 -9999.0 -9999.0 -9999.0 -9999.0 -9999.0
-9999.0 -9999.0 -9999.0 -9999.0 -9999.0 -9999.0 -9999.0 -9999.0 -9999.0 -9999.0 -9999.0 6.888371 7.410885 2.528989 10.313375 10.957759 4.151687 4.369467 12.328732 10.864359 2.763278 1.030636 -0.052532 3.497810 2.895077 4.530134 -0.068845 -1.648132 4.099694 1.059849 3.589140 -0.177994 3.581748 0.706907 2.768502 3.906909 -0.352424 -0.562459 6.006222 3.735110 3.330157 1.629235 3.518201 2.652188 0.507205 -9999.0 3.099260 0.414525 2.009423 3.035278 3.683056 5.160326 2.602564 1.522701 1.604927 0.626494 -9999.0 -9999.0 -9999.0 -9999.0 -9999.0 -9999.0 -9999.0
-9999.0 -9999.0 -9999.0 -9999.0 -9999.0 -9999.0 -9999.0 -9999.0 -9999.0 -9999.0 -9999.0 -9999.0 7.314181 0.742568 9.196470 9.442909 1.297238 3.389198 13.426358 10.629512 2.642039 1.644439 -0.015534 -0.065100 -0.548449 -0.084244 3.377736 3.965386 2.096560 3.056326 2.309202 -0.140628 4.137137 1.524357 1.100429 3.002822 -0.061798 -0.503717 6.739966 5.168637 5.383996 5.745946 -0.061827 4.142053 3.243345 0.445475 2.212681 0.585840 -0.547378 -0.056447 -0.026554 -0.391407 -1.864882 -1.011721 -0.582983 1.751151 0.776226 -9999.0 -9999.0 -9999.0 -9999.0 -9999.0 -9999.0
-9999.0 -9999.0 -9999.0 -9999.0 -9999.0 -9999.0 -9999.0 -9999.0 -9999.0 -9999.0 -9999.0 -0.040431 5.303492 8.561904 0.730783 1.630547 3.109326 2.678338 12.801964 4.583194 2.906624 0.998499 0.334498 -0.068892 -0.062890 -0.659304 -0.066492 1.839325 1.563204 4.802929 -0.080660 -0.167894 4.777922 1.728334 0.870119 2.500420 3.168680 -0.037462 1.055584 7.064947 -0.038122 0.299279 -0.004214 0.263722 5.063457 1.887489 2.922250 4.711722 5.379168 -0.012508 -1.009073 1.963244 -1.153619 -4.184612 -4.867123 -3.502091 2.140757 -9999.0 -9999.0 -9999.0 -9999.0 -9999.0 -9999.0
-9999.0 -9999.0 -9999.0 -9999.0 -9999.0 -9999.0 -9999.0 -9999.0 -9999.0 -9999.0 3.563711 -0.024492 5.112759 5.523196 6.926941 0.620784 0.571627 0.124839 3.738561 4.219064 8.391618 6.179029 -0.141853 5.605682 -0.006672 -0.340396 -0.239474 -1.884596 4.162595 4.585759 -0.076595 -0.642329 4.364921 1.541966 3.675374 3.655329 4.172536 -0.050620 -0.109463 1.372628 1.557189 2.683421 9.004662 1.217461 -0.016768 4.914985 3.280049 -0.036876 -0.226110 -0.004186 -2.124051 1.690756 -5.316693 0.132427 0.574349 1.420055 1.575652 -9999.0 -9999.0 -9999.0 -9999.0 -9999.0 -9999.0
-9999.0 -9999.0 -9999.0 -9999.0 -9999.0 -9999.0 -9999.0 -9999.0 -9999.0 3.111143 4.267331 -0.019276 0.003347 -0.038970 -0.041954 -0.017881 -0.020757 7.539756 3.669782 4.259296 8.821337 1.094272 0.539346 2.001488 0.985546 -0.843027 -0.639569 4.460910 -0.022651 0.059724 1.040547 -1.036680 3.971335 2.857847 3.521920 3.550228 4.106090 -0.122796 -0.056061 -0.028523 -0.357114 -0.196054 -0.106067 1.799130 1.389305 -0.018500 6.107179 -0.045716 -0.044377 1.090108 -0.239776 2.055500 -4.547784 0.985354 0.785154 -1.714303 -1.101549 2.788165 1.180587 -9999.0 -9999.0 -9999.0 -9999.0
-9999.0 -9999.0 -9999.0 -9999.0 -9999.0 -9999.0 -9999.0 -9999.0 -9999.0 3.258024 2.932375 4.745801 5.125166 0.183988 -0.023424 -0.039973 6.002016 1.945977 4.236312 9.937316 9.498427 9.235895 6.673293 4.751798 -0.462885 -0.139515 -0.037671 -0.003246 1.666550 4.769382 4.186865 -1.417833 2.901058 0.989613 2.095571 3.588296 4.321050 5.615928 2.885732 4.870522 -0.068670 -0.232274 -0.031154 1.959999 2.904007 3.386730 3.083156 1.724608 0.221101 1.347346 -2.300777 -3.063501 0.417587 -0.066331 1.638449 -2.383486 -0.781945 -0.271512 4.081249 -9999.0 -9999.0 -9999.0 -9999.0
-9999.0 -9999.0 -9999.0 -9999.0 -9999.0 -9999.0 -9999.0 -9999.0 -9999.0 -9999.0 2.281201 4.552894 -0.009150 -0.348569 0.768202 -0.020296 0.179318 3.369949 5.013746 6.317373 9.591523 2.904560 -0.018408 -0.301094 -0.064745 -0.015441 1.212789 2.238009 4.116305 -0.991131 -1.324978 -1.485566 -1.347789 1.364349 3.326215 4.712813 4.506405 4.745677 4.379742 2.632348 2.090066 4.377036 4.548226 -0.016732 -0.008759 -0.005526 1.883708 6.882209 4.745778 1.392777 -1.267240 -0.622578 0.623793 0.258357 -0.070740 0.356158 2.494047 -0.383582 -0.034847 -0.011810 -9999.0 -9999.0 -9999.0
-9999.0 -9999.0 -9999.0 -9999.0 -9999.0 -9999.0 -9999.0 -9999.0 -9999.0 -9999.0 1.957047 3.357924 4.303518 0.091196 5.586867 0.432265 0.022979 2.763552 5.437600 7.085981 3.579690 1.731498 -0.022825 -0.022718 -0.015788 1.734086 2.899882 -0.006794 -0.678545 -1.093661 2.498906 3.684391 -1.281744 1.113350 2.606239 4.874356 -0.271963 -0.045305 -0.404397 1.725099 2.820477 6.901791 -0.040634 4.381689 4.501162 -0.084212 0.018182 -0.009214 3.266382 3.695099 0.937384 -0.308184 -1.854765 0.771430 0.103308 0.261190 0.163877 -0.047138 1.547820 3.019656 -9999.0 -9999.0 -9999.0
-9999.0 -9999.0 -9999.0 -9999.0 -9999.0 -9999.0 -9999.0 -9999.0 3.342388 2.220179 1.447297 3.384118 -0.163185 -0.031092 -0.030565 1.751576 3.098155 9.949732 7.304763 7.482684 5.301123 4.253247 3.403443 1.746760 1.671758 2.041430 5.730988 -0.268525 -0.176207 -1.008600 1.892563 2.551333 2.636330 1.248324 2.947032 2.986727 6.268754 -0.023979 -1.904764 3.814052 5.019327 4.298333 -0.971674 4.117720 6.032875 3.556330 -1.736239 -0.033542 -0.006566 3.431179 1.499196 -0.440333 -0.924068 -3.520408 0.354347 0.853374 2.966475 4.636209 1.782858 4.614432 -9999.0 -9999.0 -9999.0
-9999.0 -9999.0 -9999.0 -9999.0 -9999.0 -9999.0 -9999.0 -9999.0 -1.746406 -0.446600 -0.826161 1.418373 2.913196 -0.871276 -0.350458 -0.005663 2.084095 2.668480 5.648979 8.012302 13.972338 12.617181 12.517020 11.629385 3.564046 3.521956 0.961879 -0.025891 -1.218456 1.629068 0.882454 4.096437 3.149862 4.443757 3.508553 4.081267 7.404940 1.166122 -0.028062 4.119039 2.606064 1.776024 4.645491 4.236127 3.158469 -0.049192 -1.371804 3.611875 -0.021920 1.595388 2.895048 -0.023265 -4.184697 0.253297 2.384729 -1.397185 -0.052060 0.074840 3.774051 6.783280 7.829716 -9999.0 -9999.0
-9999.0 -9999.0 -9999.0 -9999.0 -9999.0 -9999.0 -9999.0 -9999.0 2.520151 2.519436 1.355427 -1.342197 3.223473 -0.862113 -0.044919 -0.261584 0.401528 4.403837 5.585402 13.492291 8.469976 12.603298 12.870816 7.187104 10.098594 3.399658 0.508090 -0.630341 -1.724867 2.596531 4.618206 4.126096 -0.334974 -0.145481 4.767951 6.884479 0.773390 1.894174 -0.023228 -0.036760 4.017612 5.127496 3.606114 2.568820 -0.134021 3.538890 3.633294 2.505203 -0.457187 -0.013727 2.742132 1.312250 -3.182880 -4.046520 -0.027884 0.154142 2.024633 3.543890 6.750176 7.044643 7.507515 -9999.0 -9999.0
-9999.0 -9999.0 -9999.0 -9999.0 -9999.0 -9999.0 -9999.0 -9999.0 1.842671 3.743290 -0.035849 -1.707930 3.056000 -0.138357 -0.520220 0.322792 4.120240 5.379561 9.910993 5.836377 7.897040 8.299723 11.986216 11.201540 3.794387 1.199549 -0.031864 -1.360176 4.224517 -0.149248 -0.043853 -0.028808 0.413736 0.181540 -0.019144 6.172490 8.657390 4.259625 0.899688 -0.005774 4.775705 4.935183 4.841299 6.103002 2.991688 4.999862 4.302511 5.445678 2.710062 -0.052891 -0.008333 2.449805 1.391635 -0.023772 1.603583 2.601239 4.366392 5.009327 5.885231 7.243572 6.274998 2.889079 -9999.0
-9999.0 -9999.0 -9999.0 -9999.0 -9999.0 -9999.0 -9999.0 -9999.0 -0.003681 2.966584 -1.039794 -0.990141 -0.384597 -0.155312 4.700568 3.401273 7.116749 2.635295 1.037135 3.047397 4.912901 7.682974 7.907696 7.602777 9.413274 0.421244 -0.489783 -0.016798 0.837150 0.749111 -0.067127 1.249226 3.298751 2.260556 1.509872 2.931910 4.758613 6.242826 5.625028 3.268720 1.790989 1.550208 1.790803 0.623747 -0.048390 5.193466 -0.024470 -0.024352 -0.027601 1.110743 2.611192 1.891748 2.120740 2.816668 3.432329 3.834979 4.533790 5.635093 6.471595 6.681869 4.362518 2.303163 -9999.0
-9999.0 -9999.0 3.677496 3.456953 -2.188682 -0.211234 -1.047642 -1.048752 1.402672 2.181882 -0.125608 -0.526464 -0.151910 0.888769 6.070877 2.524382 -0.015307 -0.637244 -0.035405 0.103974 2.917228 5.632441 7.070098 6.300754 5.710836 2.204765 0.119711 0.415048 2.755145 6.024042 -0.016663 1.039908 8.647016 3.601362 5.951894 4.834051 8.417269 8.506281 7.417495 4.741597 6.147659 6.166535 4.463980 3.793932 0.033776 1.418868 2.660163 1.591983 3.981097 5.076598 5.926946 5.253366 4.241257 3.715568 3.609505 9.357220 4.301914 4.846161 4.827936 3.717503 7.347479 1.520677 -9999.0
-9999.0 -0.039518 -0.063104 -0.064042 -0.156405 -0.241078 -0.763794 -0.869815 -1.695452 1.267358 -1.282512 -0.325795 0.087477 5.398384 4.942052 -0.375775 -0.082111 -0.362357 -0.105061 -0.011616 2.692535 4.454710 9.506613 5.074804 10.527150 5.516772 8.761336 8.972601 6.242868 4.678041 4.842665 5.004195 6.719099 11.719940 9.015191 10.285672 11.938083 11.399464 12.105466 10.492384 9.557217 9.423617 8.762395 5.021262 3.716336 4.106205 5.962947 6.102635 7.796689 6.254211 6.172090 5.010462 4.092375 3.284805 3.206797 2.664621 0.936684 1.295853 2.482745 5.477339 0.700149 1.307229 -9999.0
-9999.0 5.887763 0.018104 -0.012628 3.570124 -0.027312 -1.908928 -1.259937 0.965804 1.136459 -0.721433 -0.673886 0.407500 5.189330 -0.059665 -2.530916 -0.891684 -0.537471 -0.589113 -0.008576 5.824906 2.174053 3.249474 4.053555 10.812754 11.908518 5.619681 7.391137 7.323554 6.584816 6.729020 6.508487 8.486093 9.371598 14.539217 12.375007 19.723197 20.701978 14.985843 13.916620 13.202495 12.160702 11.092124 8.256753 8.110377 7.981407 9.020880 8.709509 8.075780 7.227991 5.293514 2.228994 1.077144 1.643875 0.799297 -0.026942 -0.250518 -0.042398 -0.028604 -0.062353 -0.023446 -9999.0 -9999.0
