user2019/resources/simulation/Vinschgau/output-maps/TL0003N1276.asc
ncols         63
nrows         48
xllcorner     598000.000000
yllcorner     5145000.000000
cellsize      1000.000000
NODATA_value  -9999.0
[rows 0 to 27 of 48, columns 0 to 62 of 63]
-9999.0 -9999.0 -9999.0 -9999.0 -9999.0 -9999.0 -9999.0 -9999.0 -9999.0 -9999.0 -9999.0 -9999.0 -9999.0 -9999.0 -9999.0 -9999.0 -9999.0 -9999.0 -9999.0 -9999.0 -9999.0 -9999.0 -9999.0 -9999.0 -9999.0 -9999.0 -9999.0 -9999.0 -9999.0 -9999.0 -9999.0 -9999.0 -9999.0 -9999.0 -9999.0 -9999.0 -9999.0 -9999.0 -9999.0 -9999.0 -9999.0 -9999.0 -9999.0 -9999.0 -9999.0 -9999.0 -9999.0 -9999.0 -9999.0 -9999.0 -9999.0 -9999.0 -9999.0 -9999.0 -9999.0 -9999.0 -9999.0 -9999.0 -9999.0 -9999.0 -9999.0 -9999.0 -9999.0
-9999.0 -9999.0 -9999.0 -9999.0 -9999.0 -9999.0 -9999.0 -9999.0 -9999.0 -9999.0 -9999.0 -9999.0 -9999.0 -9999.0 -9999.0 -9999.0 -9999.0 -9999.0 -9999.0 -9999.0 -9999.0 -9999.0 -9999.0 -9999.0 -9999.0 -9999.0 -9999.0 0.482312 0.166284 1.058319 0.061596 0.019336 -0.044518 -9999.0 -9999.0 -9999.0 -9999.0 -9999.0 -9999.0 -9999.0 -9999.0 -9999.0 -9999.0 -9999.0 -9999.0 -9999.0 -9999.0 -9999.0 -9999.0 -9999.0 -9999.0 -9999.0 -9999.0 -9999.0 -9999.0 -9999.0 -9999.0 -9999.0 -9999.0 -9999.0 -9999.0 -9999.0 -9999.0
-9999.0 -9999.0 -9999.0 -9999.0 -9999.0 -9999.0 -9999.0 -9999.0 -9999.0 -9999.0 -9999.0 -9999.0 -9999.0 -9999.0 -9999.0 -9999.0 -9999.0 -9999.0 -9999.0 -9999.0 -9999.0 -9999.0 -9999.0 -9999.0 0.367942 0.589006 0.858275 0.348625 0.701955 0.768055 0.043897 -9999.0 -9999.0 -9999.0 -9999.0 -9999.0 -9999.0 -9999.0 -9999.0 -9999.0 -9999.0 -9999.0 -9999.0 -9999.0 -9999.0 -9999.0 -9999.0 -9999.0 -9999.0 -9999.0 -9999.0 -9999.0 -9999.0 -9999.0 -9999.0 -9999.0 -9999.0 -9999.0 -9999.0 -9999.0 -9999.0 -9999.0 -9999.0
-9999.0 -9999.0 -9999.0 -9999.0 -9999.0 -9999.0 -9999.0 -9999.0 -9999.0 -9999.0 -9999.0 -9999.0 -9999.0 -9999.0 -9999.0 -9999.0 -9999.0 -9999.0 -9999.0 -9999.0 -9999.0 -9999.0 -9999.0 0.712864 1.403292 3.464256 3.557484 3.678179 4.063924 0.904491 0.044284 0.010519 -9999.0 -9999.0 -9999.0 -9999.0 -9999.0 -9999.0 -9999.0 -9999.0 -9999.0 -9999.0 -9999.0 -9999.0 -9999.0 -9999.0 -9999.0 -9999.0 -9999.0 -9999.0 -9999.0 -9999.0 -9999.0 -9999.0 -9999.0 -9999.0 -9999.0 -9999.0 -9999.0 -9999.0 -9999.0 -9999.0 -9999.0
-9999.0 -9999.0 -9999.0 -9999.0 -9999.0 -9999.0 -9999.0 -9999.0 -9999.0 -9999.0 -9999.0 -9999.0 -9999.0 -9999.0 -9999.0 -9999.0 -9999.0 -9999.0 4.781663 1.313562 -9999.0 1.032171 1.426163 3.154501 3.127388 3.857890 3.229824 3.872882 2.276142 1.065866 0.638312 0.056748 -0.187033 -0.700271 -9999.0 -9999.0 -9999.0 -9999.0 -9999.0 -9999.0 -9999.0 -9999.0 -9999.0 -9999.0 -9999.0 -9999.0 -9999.0 -9999.0 -9999.0 -9999.0 -9999.0 -9999.0 -9999.0 -9999.0 -9999.0 -9999.0 -9999.0 -9999.0 -9999.0 -9999.0 -9999.0 -9999.0 -9999.0
-9999.0 -9999.0 -9999.0 -9999.0 -9999.0 -9999.0 -9999.0 -9999.0 -9999.0 -9999.0 -9999.0 -9999.0 -9999.0 -9999.0 -9999.0 -9999.0 -9999.0 5.057994 3.718000 3.977459 2.738200 0.431722 1.343050 2.893984 4.247543 0.128441 -0.026559 0.698906 -0.019175 1.911120 1.855130 0.756646 1.405031 0.375857 -0.455438 -0.613462 -9999.0 -9999.0 -9999.0 -9999.0 -9999.0 -9999.0 -9999.0 -9999.0 -9999.0 -9999.0 -9999.0 -9999.0 -9999.0 -9999.0 -9999.0 -9999.0 -9999.0 -9999.0 -9999.0 -9999.0 -9999.0 -9999.0 -9999.0 -9999.0 -9999.0 -9999.0 -9999.0
-9999.0 -9999.0 -9999.0 -9999.0 -9999.0 -9999.0 -9999.0 -9999.0 -9999.0 -9999.0 -9999.0 -9999.0 -9999.0 3.698887 2.776925 3.426507 4.722711 9.614473 4.804331 3.447041 3.353754 3.044943 3.749930 4.398990 -0.007883 1.371297 -0.000768 -0.009446 -0.008698 -0.001410 -0.556770 1.097214 0.307103 0.071164 0.082667 -0.692276 -9999.0 -9999.0 -9999.0 -9999.0 -9999.0 -9999.0 -9999.0 -9999.0 -9999.0 -9999.0 -9999.0 -9999.0 -9999.0 -9999.0 -9999.0 -9999.0 -9999.0 -9999.0 -9999.0 -9999.0 -9999.0 -9999.0 -9999.0 -9999.0 -9999.0 -9999.0 -9999.0
-9999.0 -9999.0 -9999.0 -9999.0 -9999.0 -9999.0 -9999.0 -9999.0 -9999.0 -9999.0 -9999.0 -9999.0 -9999.0 4.112012 4.340065 4.121009 3.939908 9.101866 9.651993 5.165454 4.016534 6.015872 2.731208 1.567645 2.364356 0.923192 0.197259 0.897959 0.119367 -0.027033 -0.021297 0.064618 -0.088099 -0.332438 -0.295402 -9999.0 -9999.0 -9999.0 -9999.0 -9999.0 -9999.0 -9999.0 -9999.0 -9999.0 -9999.0 -9999.0 -9999.0 -9999.0 -9999.0 -9999.0 -9999.0 -9999.0 -9999.0 -9999.0 -9999.0 -9999.0 -9999.0 -9999.0 -9999.0 -9999.0 -9999.0 -9999.0 -9999.0
-9999.0 -9999.0 -9999.0 -9999.0 -9999.0 -9999.0 -9999.0 -9999.0 -9999.0 -9999.0 -9999.0 -9999.0 -9999.0 4.419399 3.860364 5.627534 3.774586 4.523258 10.053664 4.874225 6.744325 3.014896 0.398988 -0.013610 2.396730 1.831856 1.631286 -0.032073 0.010027 -0.195030 0.043300 -0.304128 -0.464422 -6.777228 -0.516733 -9999.0 -9999.0 -9999.0 -9999.0 -9999.0 -9999.0 -9999.0 -9999.0 -9999.0 -9999.0 -9999.0 -9999.0 -9999.0 -9999.0 -9999.0 -9999.0 -9999.0 -9999.0 -9999.0 -9999.0 -9999.0 -9999.0 -9999.0 -9999.0 -9999.0 -9999.0 -9999.0 -9999.0
-9999.0 -9999.0 -9999.0 -9999.0 -9999.0 -9999.0 -9999.0 -9999.0 -9999.0 -9999.0 -9999.0 -9999.0 3.241186 3.344276 5.257798 3.695422 2.418173 4.038375 9.969427 5.601899 3.581306 0.110014 0.458831 -0.008674 -0.751823 0.184566 -2.066033 0.035352 0.166327 -0.121949 -0.003333 -0.152591 0.007206 -0.869152 -9999.0 -9999.0 -9999.0 -9999.0 -9999.0 -9999.0 -9999.0 -9999.0 -9999.0 -9999.0 -9999.0 -9999.0 -9999.0 -9999.0 -9999.0 -9999.0 -9999.0 -9999.0 -9999.0 -9999.0 -9999.0 -9999.0 -9999.0 -9999.0 -9999.0 -9999.0 -9999.0 -9999.0 -9999.0
-9999.0 -9999.0 -9999.0 -9999.0 -9999.0 -9999.0 -9999.0 -9999.0 -9999.0 -9999.0 -9999.0 3.281997 4.724597 2.205452 4.730023 5.718164 4.905910 4.378854 9.705791 7.143422 2.708536 2.920574 1.590120 0.506075 0.610201 0.512851 0.023789 0.079967 0.000966 -0.448012 -0.225669 0.321930 0.055295 -0.472271 -0.200920 0.240177 0.021377 0.107303 0.243810 -9999.0 -9999.0 -9999.0 -0.580704 -9999.0 -9999.0 -9999.0 -9999.0 -9999.0 -9999.0 -9999.0 -9999.0 -9999.0 -9999.0 -9999.0 -9999.0 -9999.0 -9999.0 -9999.0 -9999.0 -9999.0 -9999.0 -9999.0 -9999.0
-9999.0 -9999.0 -9999.0 -9999.0 -9999.0 -9999.0 -9999.0 -9999.0 -9999.0 -9999.0 -9999.0 2.648139 4.709633 6.263773 5.948732 5.205064 7.012756 4.830546 9.878040 7.485178 6.654664 3.615168 1.137841 -1.242844 -0.736775 0.130194 0.060369 0.518581 1.096669 -0.363215 0.068861 0.677338 0.008648 0.004145 0.000475 0.071929 0.919131 1.177932 0.143576 -0.521347 -0.403706 -0.411636 0.056443 -0.140425 -9999.0 -9999.0 -9999.0 -0.039179 -0.004385 -0.259168 -0.002777 -0.728975 -0.730096 -0.169598 -0.258514 -0.828135 -9999.0 -9999.0 -9999.0 -9999.0 -9999.0 -9999.0 -9999.0
-9999.0 -9999.0 -9999.0 -9999.0 -9999.0 -9999.0 -9999.0 -9999.0 -9999.0 -9999.0 -9999.0 2.433632 3.155429 1.236865 4.988347 5.801889 2.637065 3.951851 8.522609 7.376631 2.417104 0.122229 -0.345983 0.293449 0.144653 0.599590 -0.530851 -2.566610 0.285318 0.003735 0.102795 -0.851017 0.520475 0.004376 -0.098013 0.724221 -1.110483 -0.565693 2.061906 0.025672 0.229633 0.012444 0.554237 0.081431 -0.001880 -9999.0 -0.746028 -0.002077 0.054899 0.233052 0.592213 1.271014 0.101402 0.040819 0.037101 0.002775 -9999.0 -9999.0 -9999.0 -9999.0 -9999.0 -9999.0 -9999.0
-9999.0 -9999.0 -9999.0 -9999.0 -9999.0 -9999.0 -9999.0 -9999.0 -9999.0 -9999.0 -9999.0 -9999.0 2.918044 0.001064 4.002227 4.466763 0.880621 2.986456 9.144584 7.275146 2.277748 0.515417 -0.010418 -0.505287 -1.556384 -0.643864 0.534319 0.643681 0.053557 -0.083684 0.059510 -0.691697 0.796707 0.040491 0.009053 0.262217 -0.489214 -1.227904 2.823426 1.332248 1.586788 1.550038 -0.121482 0.844444 -0.028101 -0.002489 -0.534785 -0.001791 -1.528644 -0.214152 -0.030774 -1.095753 -2.779501 -1.724339 -1.584700 0.031562 -0.001081 -9999.0 -9999.0 -9999.0 -9999.0 -9999.0 -9999.0
-9999.0 -9999.0 -9999.0 -9999.0 -9999.0 -9999.0 -9999.0 -9999.0 -9999.0 -9999.0 -9999.0 -0.088808 1.366210 4.310065 0.001689 0.392872 1.817637 2.304275 8.559735 4.249382 2.551223 0.707683 0.001695 -0.576166 -0.507003 -1.541551 -0.735192 0.041124 0.024448 0.832575 -0.621578 -0.642715 1.235112 0.045724 0.000816 0.075057 0.211142 -0.090670 0.119708 2.935700 -0.094732 -0.008089 -0.000582 0.002196 1.452130 0.045159 0.131984 0.822923 1.429567 -0.014603 -2.335853 0.048338 -2.339089 -4.231427 -5.127256 -5.943142 -0.189000 -9999.0 -9999.0 -9999.0 -9999.0 -9999.0 -9999.0
-9999.0 -9999.0 -9999.0 -9999.0 -9999.0 -9999.0 -9999.0 -9999.0 -9999.0 -9999.0 0.750049 -0.024471 1.285436 1.605264 2.859798 0.003373 0.002908 -0.008668 3.407627 3.904861 5.380732 3.337183 -0.394863 1.842182 -0.006357 -1.260104 -1.056955 -3.275843 0.816735 1.104970 -0.242148 -1.531568 0.929965 0.043174 -0.564111 0.116601 0.763910 -0.232497 -0.103495 0.369368 0.495211 1.507383 5.360193 0.930993 -0.018641 0.835478 0.328950 -0.058374 -1.066759 -0.005248 -3.471040 -0.425510 -5.678994 -1.850078 -0.801176 0.034528 0.044856 -9999.0 -9999.0 -9999.0 -9999.0 -9999.0 -9999.0
-9999.0 -9999.0 -9999.0 -9999.0 -9999.0 -9999.0 -9999.0 -9999.0 -9999.0 0.267629 0.858665 -0.019963 -0.001161 -0.095329 -0.062332 -0.014370 -0.021586 3.812621 3.332565 3.941283 5.757628 0.727942 0.283719 0.918478 0.119517 -1.235690 -1.708545 1.017531 -0.023472 -0.000259 0.151517 -1.439649 0.219528 -0.356784 -0.351836 0.083059 0.836234 -0.689057 -0.362885 -0.054944 -0.619129 -0.324025 -0.299239 1.537875 1.190859 -0.016993 2.386969 -0.187299 -0.171151 0.190035 -1.074016 -0.241203 -3.292965 -1.150936 -0.677816 -2.614652 -1.924670 -0.105184 -0.552825 -9999.0 -9999.0 -9999.0 -9999.0
-9999.0 -9999.0 -9999.0 -9999.0 -9999.0 -9999.0 -9999.0 -9999.0 -9999.0 0.262950 0.204504 1.316705 2.225638 -0.005480 -0.024834 -0.111223 2.222628 0.821290 3.895874 6.846577 6.419925 5.826302 3.930543 1.913202 -0.846750 -0.836038 -0.076772 -0.003722 0.633307 2.046273 1.418188 -1.813723 0.148902 0.005945 0.055901 0.017256 0.398792 1.416166 0.187273 1.400738 -0.554966 -1.019689 -0.045267 0.915640 2.627834 2.302208 2.067307 0.600842 -0.006135 0.322649 -2.700004 -4.316007 -1.602478 -1.797932 -0.165058 -3.442209 -1.871855 -1.080963 0.344088 -9999.0 -9999.0 -9999.0 -9999.0
-9999.0 -9999.0 -9999.0 -9999.0 -9999.0 -9999.0 -9999.0 -9999.0 -9999.0 -9999.0 0.057833 1.169887 -0.010024 -0.566246 0.057609 -0.020959 -0.006895 2.315562 4.673367 5.140796 6.537298 2.528421 -0.018685 -0.168025 -0.540118 -0.017348 0.275922 1.138543 1.337895 -1.365079 -1.706211 -2.406157 -2.602561 0.027771 0.370621 1.260371 1.007153 1.184395 0.372185 0.076908 0.050544 1.030697 1.725282 -0.014117 -0.009624 -0.005922 1.572360 4.269049 3.468012 0.324567 -1.657757 -1.689100 -0.723250 -1.884207 -1.964386 -0.001868 0.129049 -1.239838 -0.014943 -0.010922 -9999.0 -9999.0 -9999.0
-9999.0 -9999.0 -9999.0 -9999.0 -9999.0 -9999.0 -9999.0 -9999.0 -9999.0 -9999.0 0.049378 0.397125 0.982235 -0.002940 2.913755 0.142644 -0.008463 2.444401 5.121843 5.797035 3.197532 1.310097 -0.023656 -0.024219 -0.017850 0.688844 1.795057 -0.006742 -1.059692 -2.323990 0.069468 0.554638 -2.666046 0.006753 0.073162 1.538681 -1.171907 -0.029832 -1.185385 0.034559 0.103340 2.810005 -0.083492 0.938713 0.993614 -0.185216 -0.004039 -0.009132 2.977255 2.709374 0.121455 -1.153243 -3.039637 -0.431861 -2.982610 -1.821766 -0.002666 -0.218661 1.307000 2.041565 -9999.0 -9999.0 -9999.0
-9999.0 -9999.0 -9999.0 -9999.0 -9999.0 -9999.0 -9999.0 -9999.0 0.256411 0.057704 0.014115 0.375754 -0.559586 -0.043138 -0.036236 1.472931 2.749187 6.691481 6.069935 6.184153 4.922536 3.810667 2.910102 1.170184 0.568874 1.751873 2.952948 -0.592359 -0.854990 -2.245666 -0.232795 0.072692 0.076940 0.008425 0.140831 0.235483 2.746476 -0.021246 -2.311957 0.046789 0.998794 1.069964 -2.288703 0.337924 1.769740 0.807803 -2.128967 -0.057503 -0.006529 2.436858 0.453809 -0.593079 -2.041566 -4.766956 -1.395911 0.004849 -0.033073 1.291483 0.714135 4.345073 -9999.0 -9999.0 -9999.0
-9999.0 -9999.0 -9999.0 -9999.0 -9999.0 -9999.0 -9999.0 -9999.0 -2.614517 -1.030685 -1.920144 0.027680 0.231885 -1.718213 -0.698721 -0.006040 1.744332 2.333617 5.320793 6.733728 9.866275 8.808959 7.994919 6.838490 3.180814 3.206535 0.646336 -0.024106 -2.544533 0.035126 0.004419 0.263475 0.258547 0.467739 0.324037 0.828800 3.870309 0.220719 -0.032941 0.648182 0.072746 0.045818 0.643771 0.806524 0.437167 -0.197131 -2.721927 0.506182 -0.022737 1.351024 1.867096 -0.024585 -3.435108 -0.002380 0.086910 -2.309294 -0.314755 -0.000260 2.766731 5.800374 6.647179 -9999.0 -9999.0
-9999.0 -9999.0 -9999.0 -9999.0 -9999.0 -9999.0 -9999.0 -9999.0 0.069376 0.130977 0.051419 -2.574285 0.325033 -2.093788 -0.188852 -0.586085 0.100396 3.118012 5.250421 9.667475 7.185763 9.220657 9.101132 5.747940 6.969343 3.061971 0.184764 -1.012193 -3.114219 0.073310 0.660541 0.969941 -1.216525 -0.899354 1.235283 3.104256 0.040689 1.624356 -0.022861 -0.062924 0.607975 0.933920 0.441027 0.120722 -0.722823 0.357465 -0.017486 0.075860 -1.339281 -0.014101 2.527543 0.337759 -3.416575 -4.202709 -0.032733 -0.000248 1.067364 2.521818 5.595182 6.067904 6.465531 -9999.0 -9999.0
-9999.0 -9999.0 -9999.0 -9999.0 -9999.0 -9999.0 -9999.0 -9999.0 -0.316641 0.630203 -0.063906 -3.057650 0.175418 -0.823365 -0.371293 0.043764 3.808587 5.046891 7.063183 5.516805 6.648749 7.067629 8.887366 8.031770 3.462530 0.886111 -0.042868 -1.761531 0.883306 -0.167711 -0.158678 -0.026670 0.016628 -0.000230 -0.020568 2.586656 4.654178 3.936006 0.577938 -0.006255 1.066255 1.291232 1.236627 1.690587 0.109238 0.883724 0.902761 1.340711 0.144861 -0.341257 -0.008615 2.200651 0.402744 -0.025061 0.679797 1.633377 3.342577 4.749639 5.616514 6.207463 5.206927 2.583599 -9999.0
-9999.0 -9999.0 -9999.0 -9999.0 -9999.0 -9999.0 -9999.0 -9999.0 -0.051816 0.204460 -1.823634 -1.356947 -0.375832 -0.102620 2.082593 2.344589 4.458707 2.342004 0.779043 2.728465 4.597163 6.511791 6.678906 6.344946 6.071794 0.122814 -0.875862 -0.018385 0.071647 0.010158 -0.154835 0.285937 2.273579 1.169137 0.410982 1.799973 3.427034 5.900675 5.276094 2.117579 0.620955 0.478235 0.684109 0.044194 -0.233786 1.612431 -0.026148 -0.016941 -0.032516 0.225584 1.537609 1.587721 1.842110 1.756089 2.456649 2.844712 3.518312 4.646220 5.465077 5.471983 4.049386 1.987526 -9999.0
-9999.0 -9999.0 0.427819 0.290548 -3.052201 -0.985595 -2.095048 -2.045332 0.015459 0.046414 -0.687060 -0.867552 -0.062218 0.164539 3.383624 1.580924 -0.015636 -0.999956 -0.068924 -0.006287 2.597387 5.328936 5.997532 5.968070 4.453228 1.858240 -0.008883 0.119990 2.451366 3.181989 -0.016916 0.722494 5.974507 3.250117 4.647111 4.481952 7.094719 8.135206 7.048833 4.363798 4.782382 4.841143 4.126023 2.777028 -0.006745 0.368744 1.608206 1.301681 3.045410 3.995465 4.734952 4.192315 3.208900 2.682184 2.597754 5.937705 3.288920 3.866702 3.776045 3.407574 4.500791 1.194493 -9999.0
-9999.0 -0.093454 -0.358011 -0.354530 -0.871583 -1.255288 -1.593655 -1.986981 -2.924952 0.012200 -1.729221 -0.642370 -0.000225 2.784716 2.472826 -0.285693 -0.571535 -1.243355 -0.730725 -0.011945 2.370916 4.136294 6.752345 4.785823 7.334866 4.223237 5.562465 5.877340 4.945630 3.561458 3.517856 3.696859 5.434132 8.715242 7.713910 8.984569 10.604750 11.035537 10.783101 9.140174 8.230850 8.113240 7.419790 4.661974 3.371588 3.770118 4.884104 5.782032 6.583414 5.983849 5.147165 4.036968 3.068475 2.256874 2.181134 1.688731 0.653063 1.012197 1.470974 2.734256 0.385256 0.987961 -9999.0
-9999.0 2.217666 -0.000603 -0.010332 0.976722 -0.027537 -2.300494 -2.485588 0.008383 0.010114 -1.707027 -1.023387 0.116572 2.596425 -0.076841 -2.306428 -1.859473 -1.480221 -0.697155 -0.008546 3.221184 1.900493 2.962497 3.091726 7.091555 8.088357 5.290351 6.135888 6.204601 6.245894 6.389672 6.157646 7.263454 8.181778 11.449476 11.187499 15.858875 16.855148 13.667992 12.587993 11.880324 10.898423 9.793219 7.921063 7.786093 7.652158 7.859030 7.611393 7.008878 6.175324 4.256076 1.952367 0.794630 1.398475 0.532589 -0.030251 -0.228320 -0.059585 -0.036215 -0.091926 -0.024511 -9999.0 -9999.0
