user2019/resources/simulation/Vinschgau/output-maps/TL0005N1135.asc
ncols         63
nrows         48
xllcorner     598000.000000
yllcorner     5145000.000000
cellsize      1000.000000
NODATA_value  -9999.0
[rows 0 to 27 of 48, columns 0 to 62 of 63]
-9999.0 -9999.0 -9999.0 -9999.0 -9999.0 -9999.0 -9999.0 -9999.0 -9999.0 -9999.0 -9999.0 -9999.0 -9999.0 -9999.0 -9999.0 -9999.0 -9999.0 -9999.0 -9999.0 -9999.0 -9999.0 -9999.0 -9999.0 -9999.0 -9999.0 -9999.0 -9999.0 -9999.0 -9999.0 -9999.0 -9999.0 -9999.0 -9999.0 -9999.0 -9999.0 -9999.0 -9999.0 -9999.0 -9999.0 -9999.0 -9999.0 -9999.0 -9999.0 -9999.0 -9999.0 -9999.0 -9999.0 -9999.0 -9999.0 -9999.0 -9999.0 -9999.0 -9999.0 -9999.0 -9999.0 -9999.0 -9999.0 -9999.0 -9999.0 -9999.0 -9999.0 -9999.0 -9999.0
-9999.0 -9999.0 -9999.0 -9999.0 -9999.0 -9999.0 -9999.0 -9999.0 -9999.0 -9999.0 -9999.0 -9999.0 -9999.0 -9999.0 -9999.0 -9999.0 -9999.0 -9999.0 -9999.0 -9999.0 -9999.0 -9999.0 -9999.0 -9999.0 -9999.0 -9999.0 -9999.0 1.404162 -0.013442 2.331121 -0.351268 -0.148895 -0.383128 -9999.0 -9999.0 -9999.0 -9999.0 -9999.0 -9999.0 -9999.0 -9999.0 -9999.0 -9999.0 -9999.0 -9999.0 -9999.0 -9999.0 -9999.0 -9999.0 -9999.0 -9999.0 -9999.0 -9999.0 -9999.0 -9999.0 -9999.0 -9999.0 -9999.0 -9999.0 -9999.0 -9999.0 -9999.0 -9999.0
-9999.0 -9999.0 -9999.0 -9999.0 -9999.0 -9999.0 -9999.0 -9999.0 -9999.0 -9999.0 -9999.0 -9999.0 -9999.0 -9999.0 -9999.0 -9999.0 -9999.0 -9999.0 -9999.0 -9999.0 -9999.0 -9999.0 -9999.0 -9999.0 -0.002538 0.884313 1.056114 0.722071 -0.018618 -0.033174 -0.047166 -9999.0 -9999.0 -9999.0 -9999.0 -9999.0 -9999.0 -9999.0 -9999.0 -9999.0 -9999.0 -9999.0 -9999.0 -9999.0 -9999.0 -9999.0 -9999.0 -9999.0 -9999.0 -9999.0 -9999.0 -9999.0 -9999.0 -9999.0 -9999.0 -9999.0 -9999.0 -9999.0 -9999.0 -9999.0 -9999.0 -9999.0 -9999.0
-9999.0 -9999.0 -9999.0 -9999.0 -9999.0 -9999.0 -9999.0 -9999.0 -9999.0 -9999.0 -9999.0 -9999.0 -9999.0 -9999.0 -9999.0 -9999.0 -9999.0 -9999.0 -9999.0 -9999.0 -9999.0 -9999.0 -9999.0 0.955122 1.409745 3.204213 3.581924 4.061786 2.951864 1.009245 -0.039322 -0.276290 -9999.0 -9999.0 -9999.0 -9999.0 -9999.0 -9999.0 -9999.0 -9999.0 -9999.0 -9999.0 -9999.0 -9999.0 -9999.0 -9999.0 -9999.0 -9999.0 -9999.0 -9999.0 -9999.0 -9999.0 -9999.0 -9999.0 -9999.0 -9999.0 -9999.0 -9999.0 -9999.0 -9999.0 -9999.0 -9999.0 -9999.0
-9999.0 -9999.0 -9999.0 -9999.0 -9999.0 -9999.0 -9999.0 -9999.0 -9999.0 -9999.0 -9999.0 -9999.0 -9999.0 -9999.0 -9999.0 -9999.0 -9999.0 -9999.0 6.498525 2.025576 -9999.0 1.166235 1.466334 3.243023 2.996019 4.397318 4.405736 4.429764 2.384202 -0.010242 -0.001820 -0.039387 -0.010024 -0.017745 -9999.0 -9999.0 -9999.0 -9999.0 -9999.0 -9999.0 -9999.0 -9999.0 -9999.0 -9999.0 -9999.0 -9999.0 -9999.0 -9999.0 -9999.0 -9999.0 -9999.0 -9999.0 -9999.0 -9999.0 -9999.0 -9999.0 -9999.0 -9999.0 -9999.0 -9999.0 -9999.0 -9999.0 -9999.0
-9999.0 -9999.0 -9999.0 -9999.0 -9999.0 -9999.0 -9999.0 -9999.0 -9999.0 -9999.0 -9999.0 -9999.0 -9999.0 -9999.0 -9999.0 -9999.0 -9999.0 5.370729 3.997099 4.739294 5.028311 -0.014411 -0.006800 2.322599 4.856930 -0.005193 -0.108342 -0.011785 -0.052159 1.973832 2.342371 0.638299 2.679814 1.265597 -0.027173 -0.033137 -9999.0 -9999.0 -9999.0 -9999.0 -9999.0 -9999.0 -9999.0 -9999.0 -9999.0 -9999.0 -9999.0 -9999.0 -9999.0 -9999.0 -9999.0 -9999.0 -9999.0 -9999.0 -9999.0 -9999.0 -9999.0 -9999.0 -9999.0 -9999.0 -9999.0 -9999.0 -9999.0
-9999.0 -9999.0 -9999.0 -9999.0 -9999.0 -9999.0 -9999.0 -9999.0 -9999.0 -9999.0 -9999.0 -9999.0 -9999.0 3.676507 2.445296 3.639933 5.047953 12.671339 5.098738 4.088800 3.543296 2.616012 3.907428 4.883391 -0.007352 1.977579 -0.115257 -0.180781 -0.041581 -0.017380 -0.320901 -0.007615 -0.032855 -0.292065 -0.116054 -0.044869 -9999.0 -9999.0 -9999.0 -9999.0 -9999.0 -9999.0 -9999.0 -9999.0 -9999.0 -9999.0 -9999.0 -9999.0 -9999.0 -9999.0 -9999.0 -9999.0 -9999.0 -9999.0 -9999.0 -9999.0 -9999.0 -9999.0 -9999.0 -9999.0 -9999.0 -9999.0 -9999.0
-9999.0 -9999.0 -9999.0 -9999.0 -9999.0 -9999.0 -9999.0 -9999.0 -9999.0 -9999.0 -9999.0 -9999.0 -9999.0 5.519333 4.871839 4.365840 4.242358 10.955051 12.801209 5.696964 4.228807 7.146915 2.725491 1.212074 1.705540 -0.021098 -0.005224 2.037658 0.502190 -0.192349 -0.352546 -0.028915 -0.005704 -3.733973 -0.052754 -9999.0 -9999.0 -9999.0 -9999.0 -9999.0 -9999.0 -9999.0 -9999.0 -9999.0 -9999.0 -9999.0 -9999.0 -9999.0 -9999.0 -9999.0 -9999.0 -9999.0 -9999.0 -9999.0 -9999.0 -9999.0 -9999.0 -9999.0 -9999.0 -9999.0 -9999.0 -9999.0 -9999.0
-9999.0 -9999.0 -9999.0 -9999.0 -9999.0 -9999.0 -9999.0 -9999.0 -9999.0 -9999.0 -9999.0 -9999.0 -9999.0 5.014477 5.342956 6.178159 4.004007 4.726234 13.194554 5.093386 8.438741 3.325975 -0.009246 -0.021381 1.702812 -0.003647 2.986123 0.253601 -0.074575 -3.443561 -0.041340 -4.214657 -4.243516 -6.960996 -0.050736 -9999.0 -9999.0 -9999.0 -9999.0 -9999.0 -9999.0 -9999.0 -9999.0 -9999.0 -9999.0 -9999.0 -9999.0 -9999.0 -9999.0 -9999.0 -9999.0 -9999.0 -9999.0 -9999.0 -9999.0 -9999.0 -9999.0 -9999.0 -9999.0 -9999.0 -9999.0 -9999.0 -9999.0
-9999.0 -9999.0 -9999.0 -9999.0 -9999.0 -9999.0 -9999.0 -9999.0 -9999.0 -9999.0 -9999.0 -9999.0 3.504337 4.864908 5.836437 3.395918 2.518090 4.263148 11.914034 6.456026 3.507524 -0.014900 -0.020853 -0.026129 -0.383169 -0.006242 -1.525351 -0.040113 -0.174687 -0.014101 -4.146841 -0.011837 -0.394711 -0.037866 -9999.0 -9999.0 -9999.0 -9999.0 -9999.0 -9999.0 -9999.0 -9999.0 -9999.0 -9999.0 -9999.0 -9999.0 -9999.0 -9999.0 -9999.0 -9999.0 -9999.0 -9999.0 -9999.0 -9999.0 -9999.0 -9999.0 -9999.0 -9999.0 -9999.0 -9999.0 -9999.0 -9999.0 -9999.0
-9999.0 -9999.0 -9999.0 -9999.0 -9999.0 -9999.0 -9999.0 -9999.0 -9999.0 -9999.0 -9999.0 3.917784 4.532915 2.823171 5.291202 7.163385 5.738143 4.554215 11.047092 7.908029 2.999661 2.551396 1.924003 -0.001950 -0.418021 -0.028934 -0.044985 -0.052687 -0.134140 -0.055617 -0.011308 -0.032891 0.422996 -0.019412 -0.017167 0.965866 -0.036276 -0.007216 -0.236063 -9999.0 -9999.0 -9999.0 -0.027436 -9999.0 -9999.0 -9999.0 -9999.0 -9999.0 -9999.0 -9999.0 -9999.0 -9999.0 -9999.0 -9999.0 -9999.0 -9999.0 -9999.0 -9999.0 -9999.0 -9999.0 -9999.0 -9999.0 -9999.0
-9999.0 -9999.0 -9999.0 -9999.0 -9999.0 -9999.0 -9999.0 -9999.0 -9999.0 -9999.0 -9999.0 3.055987 4.595092 6.417671 6.337454 5.678709 7.730639 5.167395 11.717738 8.347753 8.007869 4.589470 1.328442 -1.190995 -2.282616 -0.027285 -0.025682 -0.032638 1.910177 -0.020613 -0.035704 -0.028034 -0.079951 -0.396304 -0.159443 -0.055713 -0.010239 1.909854 0.045253 -0.020886 -0.008734 -0.019816 -0.049916 -0.004726 -9999.0 -9999.0 -9999.0 -0.321989 -0.297974 -0.111586 -0.272677 -0.247372 -0.241742 -0.439621 -0.510604 -0.255441 -9999.0 -9999.0 -9999.0 -9999.0 -9999.0 -9999.0 -9999.0
-9999.0 -9999.0 -9999.0 -9999.0 -9999.0 -9999.0 -9999.0 -9999.0 -9999.0 -9999.0 -9999.0 2.857491 3.740345 -0.002464 6.926108 6.823478 2.499635 4.106349 10.027961 8.443092 2.319663 -0.008038 -0.201754 0.511809 -0.015942 1.635537 -1.226800 -1.969135 1.054342 -0.147621 0.478764 -2.410623 -0.028960 -0.308203 -0.006227 -0.037047 -1.603831 -1.131465 2.486136 0.743430 -0.013717 -0.041530 -0.058927 -0.035439 -0.185330 -9999.0 -0.053608 -0.234172 -0.074521 -0.038604 -0.016871 2.475634 -0.036502 -0.049853 -0.286095 -0.304985 -9999.0 -9999.0 -9999.0 -9999.0 -9999.0 -9999.0 -9999.0
-9999.0 -9999.0 -9999.0 -9999.0 -9999.0 -9999.0 -9999.0 -9999.0 -9999.0 -9999.0 -9999.0 -9999.0 3.104744 -0.050126 5.031722 5.740192 0.816187 3.151045 10.812857 8.178503 2.369413 -0.002867 -0.125732 -1.495294 -1.138346 -1.128782 1.051066 0.616488 -0.052914 -0.003502 -0.028939 -2.213210 -0.001269 -0.305894 -0.318401 -0.042217 -2.093493 -0.960917 4.731146 1.625451 1.968997 2.836301 -1.627158 1.083102 0.359418 -0.201665 -0.073950 -0.162327 -2.045698 -1.050048 -0.039993 -2.116379 -2.166282 -2.746340 -3.313201 -0.388419 -0.193195 -9999.0 -9999.0 -9999.0 -9999.0 -9999.0 -9999.0
-9999.0 -9999.0 -9999.0 -9999.0 -9999.0 -9999.0 -9999.0 -9999.0 -9999.0 -9999.0 -9999.0 -0.234413 1.389387 3.688202 -0.085089 -0.006822 1.856077 2.404983 10.213210 4.344714 2.693731 0.679931 -0.030551 -0.254322 -0.348790 -0.984652 -0.505385 -0.035560 -0.041413 2.012569 -1.196516 -1.411109 -0.006189 -0.097047 -0.183265 -0.284876 -0.010535 -0.240186 -0.007592 3.311035 -0.124593 -0.021393 -0.222733 -0.221505 1.892216 -0.035352 -0.099428 2.065992 2.826210 -0.015010 -1.495751 -0.036378 -3.440619 -3.144924 -3.718709 -4.848255 -0.032251 -9999.0 -9999.0 -9999.0 -9999.0 -9999.0 -9999.0
-9999.0 -9999.0 -9999.0 -9999.0 -9999.0 -9999.0 -9999.0 -9999.0 -9999.0 -9999.0 1.204253 -0.171275 1.407902 2.217331 3.594195 -0.022133 -0.024274 -0.005511 3.541647 3.985163 5.995192 4.615860 -0.360985 2.367417 -0.045212 -0.716594 -1.099070 -2.447655 0.748211 1.097824 -0.895326 -0.980623 0.926042 -0.067525 -0.040348 0.600909 -0.003839 -1.215902 -0.258559 0.573091 0.811267 2.219451 7.671693 0.877944 -0.032220 2.074021 -0.004946 -0.254452 -0.848457 -0.015158 -3.376926 -0.140970 -4.090563 -4.818954 -4.529736 -0.045097 -0.076033 -9999.0 -9999.0 -9999.0 -9999.0 -9999.0 -9999.0
-9999.0 -9999.0 -9999.0 -9999.0 -9999.0 -9999.0 -9999.0 -9999.0 -9999.0 -0.013718 1.263916 -0.154305 -0.091763 -0.122749 -0.167656 -0.163460 -0.033926 5.275164 3.471605 4.069322 6.367503 0.859624 0.087587 1.047149 -0.006575 -0.958772 -0.942824 1.645713 -0.212756 -0.065905 -0.005976 -1.148332 0.920151 -0.819705 -0.006453 0.557043 -0.006358 -1.302629 -1.098161 -0.206178 -0.875920 -0.341210 -0.265330 1.634142 0.885992 -0.028475 3.067823 -0.147762 -0.143945 -0.004685 -1.172885 -0.064413 -5.907047 -0.458949 -0.313071 -2.667727 -2.883862 -0.005772 -0.226357 -9999.0 -9999.0 -9999.0 -9999.0
-9999.0 -9999.0 -9999.0 -9999.0 -9999.0 -9999.0 -9999.0 -9999.0 -9999.0 -0.004500 -0.007305 1.713545 3.204861 -0.013918 -0.038297 -0.129046 2.594552 1.157065 4.044980 7.877005 7.287288 7.379160 4.833601 3.100963 -0.575818 -0.404806 -0.166294 -0.019325 1.059944 3.192910 1.549872 -1.530545 -0.035414 -0.136717 -0.227765 0.467361 1.181732 2.672065 -0.008412 -0.002890 -1.916251 -1.011848 -0.080298 1.308547 2.407161 2.671386 2.329420 0.925243 -0.018567 -0.003466 -2.406812 -3.576782 -0.598238 -1.551386 -0.886132 -3.637078 -1.767430 -2.462077 1.143972 -9999.0 -9999.0 -9999.0 -9999.0
-9999.0 -9999.0 -9999.0 -9999.0 -9999.0 -9999.0 -9999.0 -9999.0 -9999.0 -9999.0 -0.029232 -0.004062 -0.062406 -0.350033 -0.010687 -0.032787 -0.014210 2.256823 4.841600 5.389885 7.206827 2.647777 -0.007600 -0.414836 -0.245223 -0.041262 -0.003042 1.589900 1.693644 -1.106989 -1.438852 -1.803985 -1.888667 -0.100968 -0.069084 -0.006105 1.162835 1.266012 1.195295 -0.037852 -0.029306 1.191952 2.319284 -0.029709 -0.007888 -0.004232 1.347349 5.136655 3.151748 -0.003641 -1.367932 -2.734514 -0.359415 -0.683383 -1.285089 -0.297926 -0.152995 -0.710926 -0.438924 -0.021988 -9999.0 -9999.0 -9999.0
-9999.0 -9999.0 -9999.0 -9999.0 -9999.0 -9999.0 -9999.0 -9999.0 -9999.0 -9999.0 -0.165884 -0.006982 1.136723 -0.029575 4.071498 -0.006208 -0.005665 2.554614 5.229945 6.394860 3.404403 1.447592 -0.013651 -0.041904 -0.026367 1.166691 2.286352 -0.008982 -0.794049 -1.628356 -0.024968 -0.028078 -3.064768 -0.122147 -0.025970 0.110228 -0.616745 -0.169517 -1.385562 -0.042925 -0.039307 1.671385 -0.244995 0.964321 1.583764 -0.348389 -0.014627 -0.007668 2.633572 2.747027 -0.014049 -1.209270 -2.371119 -0.269987 -1.055492 -0.655108 -0.266651 -0.209386 0.996221 2.478588 -9999.0 -9999.0 -9999.0
-9999.0 -9999.0 -9999.0 -9999.0 -9999.0 -9999.0 -9999.0 -9999.0 -0.018113 -0.030510 -0.050812 -0.033919 -1.715424 -0.203623 -0.046477 1.562613 2.878234 8.250270 6.402390 6.903255 5.149149 4.067656 3.081391 1.351515 0.670749 1.878986 4.348630 -0.352389 -1.219014 -1.524074 -3.576375 -0.030300 -0.034389 -0.074687 -0.103417 -0.006607 3.062316 -0.229080 -2.020644 0.695444 2.145967 1.148639 -1.435773 1.025546 3.021689 1.256842 -1.852474 -0.155013 -0.006454 2.815380 -0.002491 -1.964533 -3.048421 -4.033999 -0.510758 -0.136540 -0.002097 1.904610 1.140941 4.042155 -9999.0 -9999.0 -9999.0
-9999.0 -9999.0 -9999.0 -9999.0 -9999.0 -9999.0 -9999.0 -9999.0 -2.049922 -2.091345 -1.057876 -0.044316 -0.006562 -1.166456 -0.447300 -0.004789 1.883160 2.482119 5.523338 7.410198 11.768411 10.392316 10.039828 9.519900 3.366352 3.245412 0.822356 -0.136977 -1.693223 -0.043114 -0.190059 1.054495 -0.033816 1.514202 -0.008551 1.052137 3.873935 -0.022567 -0.162795 0.386420 -0.027217 -2.663336 1.748362 0.910322 0.897763 -1.469092 -1.920574 -0.003355 -0.085073 1.459337 2.350657 -0.038724 -3.424466 -0.219589 -0.018272 -1.167596 -0.258505 -0.020066 3.063533 5.656517 7.216406 -9999.0 -9999.0
-9999.0 -9999.0 -9999.0 -9999.0 -9999.0 -9999.0 -9999.0 -9999.0 -0.026078 -0.006443 -0.045616 -1.844859 -0.044826 -1.261811 -0.157353 -0.334887 -0.006182 3.495927 5.454480 11.461344 7.870257 10.726961 10.806649 6.464826 8.020844 3.198037 0.297620 -0.745022 -3.758380 -0.028142 1.848412 1.146171 -1.218004 -1.263375 1.350875 3.528302 -0.022822 1.537855 -0.041414 -1.141226 -0.004832 2.166023 0.382601 -0.007586 -1.268614 -0.003151 0.602429 -0.019026 -0.999082 -0.006093 2.516527 -0.002810 -1.797515 -3.196479 -0.627130 -0.183540 1.586590 2.938299 5.355084 5.939746 6.385885 -9999.0 -9999.0
-9999.0 -9999.0 -9999.0 -9999.0 -9999.0 -9999.0 -9999.0 -9999.0 -0.101258 -0.003379 -1.328947 -3.156972 -0.004531 -1.165285 -0.282755 -0.003883 3.983501 5.243892 7.764855 5.704495 7.261117 7.615226 10.203122 9.571937 3.601212 0.995597 -0.030236 -1.471493 1.099756 -0.374875 -0.166614 -0.212155 -0.018577 -0.137793 -0.062007 2.962915 5.650895 4.046679 0.634872 -0.029130 1.632203 1.760030 1.210254 3.043291 -0.004891 2.103689 0.781136 2.623118 -0.006843 -0.184860 -0.004924 2.161804 0.562406 -0.559531 1.099208 2.117720 3.768424 4.602919 5.641615 6.098802 5.152808 2.571739 -9999.0
-9999.0 -9999.0 -9999.0 -9999.0 -9999.0 -9999.0 -9999.0 -9999.0 -0.390762 -0.035078 -1.317051 -1.089249 -0.442438 -0.297116 3.335896 2.756206 5.613354 2.417688 0.727038 2.864125 4.748162 6.967740 7.237475 6.961256 7.191928 -0.006407 -0.598770 -0.026018 -0.010849 -0.060777 -0.275625 -0.005413 2.547319 1.707105 -0.002031 1.762799 3.438126 6.042118 5.465967 2.560871 0.963768 0.005536 -0.004072 -0.014499 -0.162654 1.980086 -0.058620 -0.310775 -0.055954 -0.004672 1.953301 1.636951 1.910342 2.309323 2.835769 3.228757 3.946468 4.788527 5.439121 5.304122 4.154588 1.986929 -9999.0
-9999.0 -9999.0 -0.000830 -0.003909 -2.477679 -1.222008 -2.093797 -3.161078 -0.088661 -0.044841 -1.917411 -0.482638 -0.117149 -0.021789 4.582209 2.060580 -0.008122 -0.748484 -0.108703 -0.005078 2.737010 5.419686 5.843800 6.176708 5.024352 2.023527 -0.006384 -0.005385 2.250075 4.405508 -0.006651 0.612336 6.527090 3.359886 4.380851 4.611879 7.667711 8.356329 7.248954 4.578274 5.218981 4.621344 4.066604 2.928726 -0.005866 -0.004257 2.028421 1.407244 2.856807 3.829832 4.967148 4.322082 3.657744 3.179590 3.070940 7.585664 3.728344 4.150904 3.831392 3.460731 5.401090 1.230221 -9999.0
-9999.0 -0.194821 -1.244165 -1.315939 -1.129149 -1.732039 -0.820611 -1.264208 -2.223913 -0.068571 -1.103865 -0.406965 -0.011009 3.640156 3.689726 -0.346009 -0.963979 -1.240465 -0.383254 -0.005100 2.374287 4.248353 7.187125 4.803588 8.902914 4.834839 6.862893 6.942069 5.328113 3.549860 3.808555 3.987100 5.466336 9.318198 8.371170 9.422976 11.266968 11.270594 11.235508 9.291469 8.931519 8.772800 7.864348 4.806506 3.514562 3.908602 4.837475 5.939134 7.165501 6.026544 5.128196 4.281418 3.511906 2.735167 2.664768 2.139484 0.809639 1.160879 1.923730 4.028571 0.495095 1.027717 -9999.0
-9999.0 2.589831 -0.089345 -0.114857 0.900020 -0.148123 -2.019834 -1.768152 -0.099662 -0.119749 -0.988093 -0.772803 -0.003828 3.780805 -0.088175 -2.748100 -1.101076 -0.963671 -0.514899 -0.019242 4.367277 1.893217 2.971437 3.318957 8.480304 9.905814 5.499515 6.804356 6.422754 6.443802 6.604494 6.375766 7.298500 8.284728 12.378754 11.415917 17.648285 18.739294 14.244329 13.190423 12.430635 11.342337 10.500370 8.095487 7.993829 7.863233 8.224154 7.810093 7.112073 6.180083 4.290450 1.945382 0.931332 1.456171 0.704781 -0.020472 -0.309334 -0.044312 -0.026829 -0.160239 -0.018032 -9999.0 -9999.0
