user2019/resources/simulation/Vinschgau/output-maps/TL0004N0548.asc
ncols         63
nrows         48
xllcorner     598000.000000
yllcorner     5145000.000000
cellsize      1000.000000
NODATA_value  -9999.0
[rows 0 to 27 of 48, columns 0 to 62 of 63]
-9999.0 -9999.0 -9999.0 -9999.0 -9999.0 -9999.0 -9999.0 -9999.0 -9999.0 -9999.0 -9999.0 -9999.0 -9999.0 -9999.0 -9999.0 -9999.0 -9999.0 -9999.0 -9999.0 -9999.0 -9999.0 -9999.0 -9999.0 -9999.0 -9999.0 -9999.0 -9999.0 -9999.0 -9999.0 -9999.0 -9999.0 -9999.0 -9999.0 -9999.0 -9999.0 -9999.0 -9999.0 -9999.0 -9999.0 -9999.0 -9999.0 -9999.0 -9999.0 -9999.0 -9999.0 -9999.0 -9999.0 -9999.0 -9999.0 -9999.0 -9999.0 -9999.0 -9999.0 -9999.0 -9999.0 -9999.0 -9999.0 -9999.0 -9999.0 -9999.0 -9999.0 -9999.0 -9999.0
-9999.0 -9999.0 -9999.0 -9999.0 -9999.0 -9999.0 -9999.0 -9999.0 -9999.0 -9999.0 -9999.0 -9999.0 -9999.0 -9999.0 -9999.0 -9999.0 -9999.0 -9999.0 -9999.0 -9999.0 -9999.0 -9999.0 -9999.0 -9999.0 -9999.0 -9999.0 -9999.0 6.891372 7.967921 7.213482 6.980807 6.000546 6.530002 -9999.0 -9999.0 -9999.0 -9999.0 -9999.0 -9999.0 -9999.0 -9999.0 -9999.0 -9999.0 -9999.0 -9999.0 -9999.0 -9999.0 -9999.0 -9999.0 -9999.0 -9999.0 -9999.0 -9999.0 -9999.0 -9999.0 -9999.0 -9999.0 -9999.0 -9999.0 -9999.0 -9999.0 -9999.0 -9999.0
-9999.0 -9999.0 -9999.0 -9999.0 -9999.0 -9999.0 -9999.0 -9999.0 -9999.0 -9999.0 -9999.0 -9999.0 -9999.0 -9999.0 -9999.0 -9999.0 -9999.0 -9999.0 -9999.0 -9999.0 -9999.0 -9999.0 -9999.0 -9999.0 9.009965 9.689014 10.107307 9.454192 8.206657 8.081066 6.941045 -9999.0 -9999.0 -9999.0 -9999.0 -9999.0 -9999.0 -9999.0 -9999.0 -9999.0 -9999.0 -9999.0 -9999.0 -9999.0 -9999.0 -9999.0 -9999.0 -9999.0 -9999.0 -9999.0 -9999.0 -9999.0 -9999.0 -9999.0 -9999.0 -9999.0 -9999.0 -9999.0 -9999.0 -9999.0 -9999.0 -9999.0 -9999.0
-9999.0 -9999.0 -9999.0 -9999.0 -9999.0 -9999.0 -9999.0 -9999.0 -9999.0 -9999.0 -9999.0 -9999.0 -9999.0 -9999.0 -9999.0 -9999.0 -9999.0 -9999.0 -9999.0 -9999.0 -9999.0 -9999.0 -9999.0 9.447044 10.592243 10.694784 10.794061 10.806853 10.359144 9.957605 7.770820 6.170887 -9999.0 -9999.0 -9999.0 -9999.0 -9999.0 -9999.0 -9999.0 -9999.0 -9999.0 -9999.0 -9999.0 -9999.0 -9999.0 -9999.0 -9999.0 -9999.0 -9999.0 -9999.0 -9999.0 -9999.0 -9999.0 -9999.0 -9999.0 -9999.0 -9999.0 -9999.0 -9999.0 -9999.0 -9999.0 -9999.0 -9999.0
-9999.0 -9999.0 -9999.0 -9999.0 -9999.0 -9999.0 -9999.0 -9999.0 -9999.0 -9999.0 -9999.0 -9999.0 -9999.0 -9999.0 -9999.0 -9999.0 -9999.0 -9999.0 12.555194 9.784161 -9999.0 9.159830 10.053596 10.852630 11.116610 12.385710 12.632385 12.659205 12.112769 10.758704 9.603961 6.965987 5.108515 4.544063 -9999.0 -9999.0 -9999.0 -9999.0 -9999.0 -9999.0 -9999.0 -9999.0 -9999.0 -9999.0 -9999.0 -9999.0 -9999.0 -9999.0 -9999.0 -9999.0 -9999.0 -9999.0 -9999.0 -9999.0 -9999.0 -9999.0 -9999.0 -9999.0 -9999.0 -9999.0 -9999.0 -9999.0 -9999.0
-9999.0 -9999.0 -9999.0 -9999.0 -9999.0 -9999.0 -9999.0 -9999.0 -9999.0 -9999.0 -9999.0 -9999.0 -9999.0 -9999.0 -9999.0 -9999.0 -9999.0 12.207074 10.473013 9.789637 9.271792 9.349094 9.989399 11.001129 13.420508 8.796543 7.624575 9.439407 7.756818 10.159867 9.492097 7.578277 6.752815 6.093641 4.517957 4.200528 -9999.0 -9999.0 -9999.0 -9999.0 -9999.0 -9999.0 -9999.0 -9999.0 -9999.0 -9999.0 -9999.0 -9999.0 -9999.0 -9999.0 -9999.0 -9999.0 -9999.0 -9999.0 -9999.0 -9999.0 -9999.0 -9999.0 -9999.0 -9999.0 -9999.0 -9999.0 -9999.0
-9999.0 -9999.0 -9999.0 -9999.0 -9999.0 -9999.0 -9999.0 -9999.0 -9999.0 -9999.0 -9999.0 -9999.0 -9999.0 8.775908 10.093079 10.072622 11.486142 17.275490 11.869410 11.442195 11.299423 11.796743 13.026990 13.634437 8.625847 9.988429 7.203956 8.525134 8.619785 9.170448 7.571525 7.802470 6.804113 5.978886 5.116225 3.855397 -9999.0 -9999.0 -9999.0 -9999.0 -9999.0 -9999.0 -9999.0 -9999.0 -9999.0 -9999.0 -9999.0 -9999.0 -9999.0 -9999.0 -9999.0 -9999.0 -9999.0 -9999.0 -9999.0 -9999.0 -9999.0 -9999.0 -9999.0 -9999.0 -9999.0 -9999.0 -9999.0
-9999.0 -9999.0 -9999.0 -9999.0 -9999.0 -9999.0 -9999.0 -9999.0 -9999.0 -9999.0 -9999.0 -9999.0 -9999.0 9.516770 10.800647 10.411874 10.135447 14.578679 17.460851 13.021337 11.566349 13.303667 10.328343 9.552656 10.655837 9.690206 9.020474 6.982279 5.842741 7.583709 7.993775 6.171772 5.020175 3.762067 4.125488 -9999.0 -9999.0 -9999.0 -9999.0 -9999.0 -9999.0 -9999.0 -9999.0 -9999.0 -9999.0 -9999.0 -9999.0 -9999.0 -9999.0 -9999.0 -9999.0 -9999.0 -9999.0 -9999.0 -9999.0 -9999.0 -9999.0 -9999.0 -9999.0 -9999.0 -9999.0 -9999.0 -9999.0
-9999.0 -9999.0 -9999.0 -9999.0 -9999.0 -9999.0 -9999.0 -9999.0 -9999.0 -9999.0 -9999.0 -9999.0 -9999.0 10.493945 10.953899 11.380463 9.517898 10.589305 17.269796 11.503791 13.367334 10.698436 8.615788 8.015815 10.446094 9.960312 8.047475 5.505286 6.041352 5.244868 6.362039 4.113000 3.916236 0.245553 2.943595 -9999.0 -9999.0 -9999.0 -9999.0 -9999.0 -9999.0 -9999.0 -9999.0 -9999.0 -9999.0 -9999.0 -9999.0 -9999.0 -9999.0 -9999.0 -9999.0 -9999.0 -9999.0 -9999.0 -9999.0 -9999.0 -9999.0 -9999.0 -9999.0 -9999.0 -9999.0 -9999.0 -9999.0
-9999.0 -9999.0 -9999.0 -9999.0 -9999.0 -9999.0 -9999.0 -9999.0 -9999.0 -9999.0 -9999.0 -9999.0 9.863794 10.365440 10.854924 9.784993 7.967308 9.740683 14.907006 11.952672 11.194830 8.980105 9.208581 8.858308 8.652258 8.278785 7.428774 6.435422 7.806994 4.959773 4.683037 5.107387 5.273196 3.760095 -9999.0 -9999.0 -9999.0 -9999.0 -9999.0 -9999.0 -9999.0 -9999.0 -9999.0 -9999.0 -9999.0 -9999.0 -9999.0 -9999.0 -9999.0 -9999.0 -9999.0 -9999.0 -9999.0 -9999.0 -9999.0 -9999.0 -9999.0 -9999.0 -9999.0 -9999.0 -9999.0 -9999.0 -9999.0
-9999.0 -9999.0 -9999.0 -9999.0 -9999.0 -9999.0 -9999.0 -9999.0 -9999.0 -9999.0 -9999.0 8.431369 9.766416 8.718450 9.194048 8.285915 7.902182 9.306132 14.743344 10.813063 9.472514 10.779831 9.128778 8.191053 8.315687 8.300370 5.863388 7.893397 7.829352 4.476724 5.506499 6.929882 5.556880 4.425950 4.084819 7.701029 8.149659 9.600428 10.949987 -9999.0 -9999.0 -9999.0 4.448079 -9999.0 -9999.0 -9999.0 -9999.0 -9999.0 -9999.0 -9999.0 -9999.0 -9999.0 -9999.0 -9999.0 -9999.0 -9999.0 -9999.0 -9999.0 -9999.0 -9999.0 -9999.0 -9999.0 -9999.0
-9999.0 -9999.0 -9999.0 -9999.0 -9999.0 -9999.0 -9999.0 -9999.0 -9999.0 -9999.0 -9999.0 8.078881 9.665557 8.815977 9.716509 7.334512 10.303531 10.461374 14.676685 13.682952 13.547924 11.234736 9.172106 5.935518 6.602851 8.129147 7.647377 8.364297 7.553700 4.962137 7.250446 7.814708 6.941667 5.914965 5.422055 8.015082 11.764790 12.961163 11.578122 8.504819 7.802951 6.830236 7.707372 6.559180 -9999.0 -9999.0 -9999.0 4.450774 5.696294 6.073886 6.607058 5.744987 5.647441 5.418581 5.882481 5.217574 -9999.0 -9999.0 -9999.0 -9999.0 -9999.0 -9999.0 -9999.0
-9999.0 -9999.0 -9999.0 -9999.0 -9999.0 -9999.0 -9999.0 -9999.0 -9999.0 -9999.0 -9999.0 8.074438 7.610938 6.647274 8.364043 7.853149 7.081154 8.449071 13.696516 14.010954 9.180515 8.991049 7.413760 8.783736 8.047580 7.304238 7.198022 6.787809 6.810749 5.821233 5.990266 5.208815 9.434859 6.238246 8.015186 9.805241 8.527694 9.962238 14.794094 11.560033 11.227235 8.445985 9.261950 8.812825 7.164241 -9999.0 4.169148 6.067489 7.685908 8.518127 9.004311 8.626951 8.872424 8.590306 8.585155 8.273063 -9999.0 -9999.0 -9999.0 -9999.0 -9999.0 -9999.0 -9999.0
-9999.0 -9999.0 -9999.0 -9999.0 -9999.0 -9999.0 -9999.0 -9999.0 -9999.0 -9999.0 -9999.0 -9999.0 8.249461 6.281214 8.752080 8.181736 6.136654 8.281744 13.816376 14.287029 9.442873 9.551217 8.886720 7.718910 6.284338 7.450124 10.373153 8.474437 7.115638 5.766907 7.521557 5.655223 9.501967 7.742111 6.709403 8.861054 7.815490 10.224290 16.544055 13.097999 12.491036 11.683395 7.503814 10.521590 6.740576 5.886292 5.014521 6.415588 5.595463 7.254010 8.612119 7.126887 7.631438 7.134746 6.588954 8.565722 8.525875 -9999.0 -9999.0 -9999.0 -9999.0 -9999.0 -9999.0
-9999.0 -9999.0 -9999.0 -9999.0 -9999.0 -9999.0 -9999.0 -9999.0 -9999.0 -9999.0 -9999.0 6.012773 7.571793 8.467967 6.821636 6.947701 8.109376 8.409720 14.820042 11.020365 9.956997 9.087572 9.167757 7.713643 7.851816 8.663807 7.690318 6.850588 6.978115 7.788355 7.006153 6.706696 10.558586 7.825477 5.869873 8.271967 10.226919 9.305030 10.674546 15.066753 9.029299 10.101265 9.797967 9.260768 11.251905 8.313464 7.812645 7.754374 8.407981 8.762793 6.034544 8.015396 0.602460 0.672772 3.696769 5.982929 8.139490 -9999.0 -9999.0 -9999.0 -9999.0 -9999.0 -9999.0
-9999.0 -9999.0 -9999.0 -9999.0 -9999.0 -9999.0 -9999.0 -9999.0 -9999.0 -9999.0 9.529270 7.105647 8.777870 8.549757 9.970138 8.169312 8.134006 7.692646 10.572965 11.236585 14.174915 12.985252 7.616251 11.820171 9.600970 8.704599 6.847564 3.172571 9.045380 10.012130 7.737074 7.196457 9.350847 6.507521 5.363208 8.231265 10.020114 8.006257 8.880378 11.246621 11.370388 11.843368 16.024157 9.655210 8.341988 9.084257 8.139873 7.197690 8.093149 9.213406 5.537791 6.693996 1.745483 5.538178 5.437187 8.961617 9.147707 -9999.0 -9999.0 -9999.0 -9999.0 -9999.0 -9999.0
-9999.0 -9999.0 -9999.0 -9999.0 -9999.0 -9999.0 -9999.0 -9999.0 -9999.0 8.244818 9.053960 7.458630 8.027140 7.083491 7.714388 7.796767 7.722693 12.424978 10.860203 11.681649 14.677052 9.504636 9.333256 10.761261 10.051935 6.681058 6.300926 10.204782 8.947404 9.419467 9.632638 5.437813 6.422800 4.776619 5.056979 5.888387 8.950824 6.221101 6.793098 8.116999 8.967618 7.912546 7.636999 10.539913 9.518296 8.432736 12.201369 7.841576 8.014151 10.032264 7.211519 7.387334 4.685293 5.178384 6.081000 0.740516 0.655262 8.783371 7.633498 -9999.0 -9999.0 -9999.0 -9999.0
-9999.0 -9999.0 -9999.0 -9999.0 -9999.0 -9999.0 -9999.0 -9999.0 -9999.0 8.352361 8.313884 9.218771 11.419766 9.195496 8.236287 7.693646 11.493633 10.254836 11.635219 15.555253 15.488034 15.055329 13.738547 12.833759 7.156609 7.726844 8.626504 9.703020 10.696213 11.951927 11.316877 5.438288 7.911496 6.029976 6.844447 7.099210 8.673782 10.291440 8.272589 10.468474 7.054371 6.489214 7.864598 9.862176 10.521457 11.298452 11.143138 10.224587 9.615413 10.269156 6.020437 0.713939 5.536560 6.237626 7.971510 2.313328 8.260987 9.020106 9.663258 -9999.0 -9999.0 -9999.0 -9999.0
-9999.0 -9999.0 -9999.0 -9999.0 -9999.0 -9999.0 -9999.0 -9999.0 -9999.0 -9999.0 8.376507 9.610132 8.587986 8.702741 9.870034 8.944900 9.605311 11.385477 12.546933 13.511900 15.434294 11.020768 9.038808 8.155348 7.996793 9.486459 10.704701 11.366392 11.035846 6.467164 6.007443 7.116432 0.549698 5.985744 8.077963 8.691866 10.114231 10.488817 8.342774 7.191499 7.462651 10.269025 10.119594 7.981486 8.153412 8.550909 9.538982 13.556556 12.305086 10.290624 7.090997 7.725956 6.281011 6.102316 6.081113 8.566101 9.941822 10.820348 11.161479 11.587693 -9999.0 -9999.0 -9999.0
-9999.0 -9999.0 -9999.0 -9999.0 -9999.0 -9999.0 -9999.0 -9999.0 -9999.0 -9999.0 8.411754 9.370039 9.934790 9.164594 13.736461 9.599313 9.417562 11.121226 13.373695 14.039572 11.794552 10.299801 8.902053 9.062576 9.474797 11.044945 11.993097 9.000784 6.788041 4.662990 7.257382 8.824902 5.457834 6.042237 6.821175 8.432502 7.304243 7.725155 5.478840 6.017450 7.572173 8.576130 6.537772 8.343785 9.352349 6.807910 8.660318 8.796361 11.265871 12.606494 10.556046 8.608588 6.754269 7.922179 5.933347 6.017851 8.519090 10.030761 12.391542 13.539983 -9999.0 -9999.0 -9999.0
-9999.0 -9999.0 -9999.0 -9999.0 -9999.0 -9999.0 -9999.0 -9999.0 9.924277 9.187700 8.338152 9.734943 8.326495 8.546989 8.589965 11.084734 11.643934 15.949826 14.380085 14.508501 13.376257 12.423199 11.570094 10.076664 10.903868 10.834370 13.629971 7.190778 7.294805 0.628836 5.344572 7.124571 7.360104 6.244273 6.991308 6.637385 10.183442 7.810476 4.158742 5.847542 6.731670 8.256697 5.080892 6.239293 8.275222 10.048720 5.572523 7.911509 8.993885 12.634840 11.232657 9.224582 0.725121 1.258041 7.011759 9.836690 9.590318 12.435771 12.781664 14.090088 -9999.0 -9999.0 -9999.0
-9999.0 -9999.0 -9999.0 -9999.0 -9999.0 -9999.0 -9999.0 -9999.0 8.031862 8.378661 0.774560 8.721974 9.620748 9.254550 8.516759 10.113640 11.063153 11.447867 13.902261 15.015640 18.894813 17.379193 16.283746 15.176548 11.911675 11.829513 10.093976 8.727243 5.760809 6.921076 6.786020 6.463431 7.762886 6.143645 7.701820 8.201408 10.223100 8.366466 6.742112 7.252532 5.993625 5.635359 6.019214 8.328475 9.690521 7.140986 0.180643 8.931469 8.980404 11.612822 13.388156 10.923722 0.414023 9.765128 11.145515 10.488669 10.746496 12.031757 14.645971 16.459094 16.901539 -9999.0 -9999.0
-9999.0 -9999.0 -9999.0 -9999.0 -9999.0 -9999.0 -9999.0 -9999.0 9.185838 10.686005 10.473379 0.774890 10.522036 0.731308 9.651297 9.008650 10.569230 12.681049 14.164861 18.808436 15.596347 18.017125 17.778036 14.443731 16.601949 11.775121 9.937650 7.101321 5.146193 7.792334 7.169882 9.442701 0.169217 3.628738 8.806948 10.118344 7.753625 8.878715 6.291072 6.281711 6.574564 6.090256 7.426195 8.649619 3.575210 8.598753 6.872303 8.878170 7.644018 9.984678 13.300217 12.685269 0.465854 8.838142 12.210129 13.007336 13.953441 14.608787 16.351209 16.023689 16.827613 -9999.0 -9999.0
-9999.0 -9999.0 -9999.0 -9999.0 -9999.0 -9999.0 -9999.0 -9999.0 7.682208 10.493396 9.654789 0.729219 10.811347 1.073602 9.817665 11.294435 13.429616 14.534920 16.017761 14.415920 15.298059 15.738972 18.265603 17.754570 12.694824 10.751930 8.771664 6.663583 10.606619 8.593363 8.031929 8.236063 8.743091 8.830494 0.155298 8.874103 10.372967 9.622956 7.150732 6.753547 6.969788 7.382962 7.936414 7.544443 7.206476 7.721516 9.223315 9.208490 10.027127 9.988922 11.511569 14.148469 13.849214 12.943022 14.616036 15.273476 15.885721 15.248056 15.944812 16.703042 15.660039 13.202229 -9999.0
-9999.0 -9999.0 -9999.0 -9999.0 -9999.0 -9999.0 -9999.0 -9999.0 7.530874 10.405058 10.024892 9.245831 10.299299 10.915571 15.220087 13.959128 15.675875 12.464256 11.041592 12.295385 13.924700 15.590481 15.765115 15.627283 16.188109 10.327829 8.027085 9.939187 10.666401 10.228660 7.803110 9.566593 10.630673 9.547936 8.431348 8.611096 9.354181 10.670085 9.785667 9.032056 7.911518 8.040860 8.647024 8.191556 0.156020 9.953400 8.504824 9.669945 10.062685 12.114542 13.901669 13.931260 14.912666 16.176398 16.503493 16.408439 16.814988 16.701773 16.393978 15.730044 14.067312 12.419699 -9999.0
-9999.0 -9999.0 9.442918 9.868925 7.698178 7.454429 8.507090 0.307744 9.522082 10.254752 9.797619 11.000256 11.365025 13.153107 16.978177 13.642456 11.215269 9.177107 9.911457 10.853374 12.610135 14.918733 15.666480 15.363213 14.304398 11.885942 10.453622 10.322904 11.453001 14.138321 8.892204 9.154426 13.142448 9.531381 10.964160 9.707205 12.285825 11.821367 10.436534 8.542038 10.213145 10.562159 9.472015 10.266524 7.711260 9.277461 11.362632 10.380268 13.040090 14.582490 15.903929 16.421473 16.736929 16.919767 16.952585 19.721932 15.983557 15.837592 15.100773 13.737078 14.788031 11.291712 -9999.0
-9999.0 8.747742 8.706856 8.664267 8.219234 8.650302 8.457202 0.356076 2.360237 9.765464 9.102246 10.581446 12.465497 15.586325 16.282303 11.254958 10.307895 9.169692 9.705451 10.995065 13.118914 14.431562 17.450138 15.510534 18.302590 14.561076 16.274961 16.179646 13.941929 12.855728 12.283450 11.921518 11.935158 14.371836 13.427994 13.842523 14.669084 13.461786 13.850009 13.228886 13.198293 12.797458 12.494140 10.787212 10.348309 11.161729 13.263718 13.740578 15.541360 15.508074 16.024063 16.103228 15.634178 15.641488 15.717425 15.148008 13.385899 13.010060 13.237235 13.941524 10.967630 10.935466 -9999.0
-9999.0 11.169470 9.522092 9.969362 12.533231 9.411902 7.095347 0.928706 9.729385 10.012104 1.043513 10.427316 13.022084 16.472782 11.917610 9.603796 8.793856 1.029883 10.955405 11.309238 15.171742 14.004095 15.407010 16.188436 19.547711 19.688684 15.475301 15.483338 15.112087 14.530685 14.500655 13.734894 13.204641 13.366161 16.399173 15.181909 19.042284 19.391340 15.769484 15.873812 15.537355 14.778996 14.744337 13.568888 14.069179 14.485201 15.394586 15.759282 15.603144 15.676076 14.955241 13.440248 13.330494 13.973849 13.489184 11.896032 12.021540 11.043620 10.723616 9.969504 9.948697 -9999.0 -9999.0
