user2019/resources/simulation/Vinschgau/output-maps/TL0001N1365.asc
ncols         63
nrows         48
xllcorner     598000.000000
yllcorner     5145000.000000
cellsize      1000.000000
NODATA_value  -9999.0
[rows 0 to 27 of 48, columns 0 to 62 of 63]
-9999.0 -9999.0 -9999.0 -9999.0 -9999.0 -9999.0 -9999.0 -9999.0 -9999.0 -9999.0 -9999.0 -9999.0 -9999.0 -9999.0 -9999.0 -9999.0 -9999.0 -9999.0 -9999.0 -9999.0 -9999.0 -9999.0 -9999.0 -9999.0 -9999.0 -9999.0 -9999.0 -9999.0 -9999.0 -9999.0 -9999.0 -9999.0 -9999.0 -9999.0 -9999.0 -9999.0 -9999.0 -9999.0 -9999.0 -9999.0 -9999.0 -9999.0 -9999.0 -9999.0 -9999.0 -9999.0 -9999.0 -9999.0 -9999.0 -9999.0 -9999.0 -9999.0 -9999.0 -9999.0 -9999.0 -9999.0 -9999.0 -9999.0 -9999.0 -9999.0 -9999.0 -9999.0 -9999.0
-9999.0 -9999.0 -9999.0 -9999.0 -9999.0 -9999.0 -9999.0 -9999.0 -9999.0 -9999.0 -9999.0 -9999.0 -9999.0 -9999.0 -9999.0 -9999.0 -9999.0 -9999.0 -9999.0 -9999.0 -9999.0 -9999.0 -9999.0 -9999.0 -9999.0 -9999.0 -9999.0 1.676197 1.155364 2.519408 0.346834 0.713329 -0.336994 -9999.0 -9999.0 -9999.0 -9999.0 -9999.0 -9999.0 -9999.0 -9999.0 -9999.0 -9999.0 -9999.0 -9999.0 -9999.0 -9999.0 -9999.0 -9999.0 -9999.0 -9999.0 -9999.0 -9999.0 -9999.0 -9999.0 -9999.0 -9999.0 -9999.0 -9999.0 -9999.0 -9999.0 -9999.0 -9999.0
-9999.0 -9999.0 -9999.0 -9999.0 -9999.0 -9999.0 -9999.0 -9999.0 -9999.0 -9999.0 -9999.0 -9999.0 -9999.0 -9999.0 -9999.0 -9999.0 -9999.0 -9999.0 -9999.0 -9999.0 -9999.0 -9999.0 -9999.0 -9999.0 1.814659 2.160377 2.730169 1.823846 2.670377 2.723573 0.274439 -9999.0 -9999.0 -9999.0 -9999.0 -9999.0 -9999.0 -9999.0 -9999.0 -9999.0 -9999.0 -9999.0 -9999.0 -9999.0 -9999.0 -9999.0 -9999.0 -9999.0 -9999.0 -9999.0 -9999.0 -9999.0 -9999.0 -9999.0 -9999.0 -9999.0 -9999.0 -9999.0 -9999.0 -9999.0 -9999.0 -9999.0 -9999.0
-9999.0 -9999.0 -9999.0 -9999.0 -9999.0 -9999.0 -9999.0 -9999.0 -9999.0 -9999.0 -9999.0 -9999.0 -9999.0 -9999.0 -9999.0 -9999.0 -9999.0 -9999.0 -9999.0 -9999.0 -9999.0 -9999.0 -9999.0 2.345333 3.450713 4.089793 4.491557 4.618903 4.691209 2.956889 0.299285 0.230447 -9999.0 -9999.0 -9999.0 -9999.0 -9999.0 -9999.0 -9999.0 -9999.0 -9999.0 -9999.0 -9999.0 -9999.0 -9999.0 -9999.0 -9999.0 -9999.0 -9999.0 -9999.0 -9999.0 -9999.0 -9999.0 -9999.0 -9999.0 -9999.0 -9999.0 -9999.0 -9999.0 -9999.0 -9999.0 -9999.0 -9999.0
-9999.0 -9999.0 -9999.0 -9999.0 -9999.0 -9999.0 -9999.0 -9999.0 -9999.0 -9999.0 -9999.0 -9999.0 -9999.0 -9999.0 -9999.0 -9999.0 -9999.0 -9999.0 6.944128 3.560183 -9999.0 2.929919 3.466800 3.667967 3.883238 4.573389 4.963032 5.308506 3.475792 2.024267 2.393687 0.335679 0.719693 1.150614 -9999.0 -9999.0 -9999.0 -9999.0 -9999.0 -9999.0 -9999.0 -9999.0 -9999.0 -9999.0 -9999.0 -9999.0 -9999.0 -9999.0 -9999.0 -9999.0 -9999.0 -9999.0 -9999.0 -9999.0 -9999.0 -9999.0 -9999.0 -9999.0 -9999.0 -9999.0 -9999.0 -9999.0 -9999.0
-9999.0 -9999.0 -9999.0 -9999.0 -9999.0 -9999.0 -9999.0 -9999.0 -9999.0 -9999.0 -9999.0 -9999.0 -9999.0 -9999.0 -9999.0 -9999.0 -9999.0 5.407702 4.081065 4.755764 4.689044 1.166345 2.177334 3.404861 5.744706 0.613005 -0.017708 1.807026 -0.012944 2.884330 3.925272 2.635745 2.958365 1.670957 0.766327 0.786374 -9999.0 -9999.0 -9999.0 -9999.0 -9999.0 -9999.0 -9999.0 -9999.0 -9999.0 -9999.0 -9999.0 -9999.0 -9999.0 -9999.0 -9999.0 -9999.0 -9999.0 -9999.0 -9999.0 -9999.0 -9999.0 -9999.0 -9999.0 -9999.0 -9999.0 -9999.0 -9999.0
-9999.0 -9999.0 -9999.0 -9999.0 -9999.0 -9999.0 -9999.0 -9999.0 -9999.0 -9999.0 -9999.0 -9999.0 -9999.0 5.568918 3.378150 3.685605 4.985044 11.516482 5.058245 4.137743 4.001687 3.701125 4.335485 5.954511 0.005238 3.369955 0.040515 0.061998 0.071838 0.203620 -0.480880 3.036883 1.461731 0.356286 0.760655 0.821272 -9999.0 -9999.0 -9999.0 -9999.0 -9999.0 -9999.0 -9999.0 -9999.0 -9999.0 -9999.0 -9999.0 -9999.0 -9999.0 -9999.0 -9999.0 -9999.0 -9999.0 -9999.0 -9999.0 -9999.0 -9999.0 -9999.0 -9999.0 -9999.0 -9999.0 -9999.0 -9999.0
-9999.0 -9999.0 -9999.0 -9999.0 -9999.0 -9999.0 -9999.0 -9999.0 -9999.0 -9999.0 -9999.0 -9999.0 -9999.0 6.329377 5.168845 4.520823 4.324699 10.874823 11.666752 5.847989 4.283613 7.172990 3.032583 1.977446 3.250400 2.259830 1.261218 2.141463 0.909697 -0.013698 -0.006909 0.313800 0.634867 0.431372 0.465259 -9999.0 -9999.0 -9999.0 -9999.0 -9999.0 -9999.0 -9999.0 -9999.0 -9999.0 -9999.0 -9999.0 -9999.0 -9999.0 -9999.0 -9999.0 -9999.0 -9999.0 -9999.0 -9999.0 -9999.0 -9999.0 -9999.0 -9999.0 -9999.0 -9999.0 -9999.0 -9999.0 -9999.0
-9999.0 -9999.0 -9999.0 -9999.0 -9999.0 -9999.0 -9999.0 -9999.0 -9999.0 -9999.0 -9999.0 -9999.0 -9999.0 5.039088 4.976125 6.258987 4.044645 4.802406 11.979340 5.158987 8.704420 3.504598 0.999302 0.008664 3.004184 2.601981 3.163743 0.885723 0.256368 0.534205 0.229116 0.280811 0.534029 -6.060617 0.610000 -9999.0 -9999.0 -9999.0 -9999.0 -9999.0 -9999.0 -9999.0 -9999.0 -9999.0 -9999.0 -9999.0 -9999.0 -9999.0 -9999.0 -9999.0 -9999.0 -9999.0 -9999.0 -9999.0 -9999.0 -9999.0 -9999.0 -9999.0 -9999.0 -9999.0 -9999.0 -9999.0 -9999.0
-9999.0 -9999.0 -9999.0 -9999.0 -9999.0 -9999.0 -9999.0 -9999.0 -9999.0 -9999.0 -9999.0 -9999.0 3.801559 4.500064 5.919300 4.368804 2.694882 4.421798 11.687715 6.442881 4.181380 1.187352 1.919739 0.040532 -0.573396 1.102293 -1.724346 0.269524 1.282517 0.553496 0.281134 0.647967 0.203976 1.088607 -9999.0 -9999.0 -9999.0 -9999.0 -9999.0 -9999.0 -9999.0 -9999.0 -9999.0 -9999.0 -9999.0 -9999.0 -9999.0 -9999.0 -9999.0 -9999.0 -9999.0 -9999.0 -9999.0 -9999.0 -9999.0 -9999.0 -9999.0 -9999.0 -9999.0 -9999.0 -9999.0 -9999.0 -9999.0
-9999.0 -9999.0 -9999.0 -9999.0 -9999.0 -9999.0 -9999.0 -9999.0 -9999.0 -9999.0 -9999.0 5.468718 5.304479 4.431132 5.453010 7.920999 5.420521 4.659265 11.535341 7.705230 2.986123 3.680766 3.741672 1.925964 2.032208 2.001237 0.239501 0.746075 0.151670 0.624326 0.721487 1.497677 0.826746 0.888951 0.705104 1.164299 0.281225 1.253946 1.962008 -9999.0 -9999.0 -9999.0 0.801174 -9999.0 -9999.0 -9999.0 -9999.0 -9999.0 -9999.0 -9999.0 -9999.0 -9999.0 -9999.0 -9999.0 -9999.0 -9999.0 -9999.0 -9999.0 -9999.0 -9999.0 -9999.0 -9999.0 -9999.0
-9999.0 -9999.0 -9999.0 -9999.0 -9999.0 -9999.0 -9999.0 -9999.0 -9999.0 -9999.0 -9999.0 5.177138 5.283529 6.902689 6.664003 6.819793 7.563975 5.080331 11.535643 9.045060 8.751935 5.660716 3.070726 -0.742526 -0.497834 0.977009 0.402466 2.022028 2.258076 0.878158 0.518516 2.690388 0.247387 0.284844 0.311781 0.557085 2.857596 3.254161 1.735206 0.833426 0.902469 0.775042 0.308465 0.797999 -9999.0 -9999.0 -9999.0 0.517486 0.203605 0.261155 0.171175 0.093418 0.133365 0.037956 -0.145890 0.125268 -9999.0 -9999.0 -9999.0 -9999.0 -9999.0 -9999.0 -9999.0
-9999.0 -9999.0 -9999.0 -9999.0 -9999.0 -9999.0 -9999.0 -9999.0 -9999.0 -9999.0 -9999.0 4.863605 5.141144 2.690533 7.472667 7.711164 3.340215 4.102313 9.981920 8.944838 2.623622 0.626730 -0.180319 1.733274 0.947754 1.768718 -0.286380 -2.189046 1.310105 0.332244 0.914637 -0.879911 1.992889 0.258426 0.647261 2.381329 -0.168138 -0.293358 3.914316 1.211484 1.459728 0.765410 1.960369 0.750120 0.229332 -9999.0 0.597975 0.212148 0.298420 1.436840 2.521921 2.724021 1.509589 0.252730 0.429052 0.252853 -9999.0 -9999.0 -9999.0 -9999.0 -9999.0 -9999.0 -9999.0
-9999.0 -9999.0 -9999.0 -9999.0 -9999.0 -9999.0 -9999.0 -9999.0 -9999.0 -9999.0 -9999.0 -9999.0 5.131771 0.232319 6.695682 6.789227 1.098714 3.141745 10.913857 8.798229 2.471568 1.633783 -0.005678 -0.036170 -0.994204 -0.357226 2.045025 2.507273 0.310030 0.798770 0.358373 -0.295464 2.823001 0.254779 0.225944 1.073910 -0.256831 -0.980258 4.779658 2.984343 3.336506 3.103101 -0.040332 2.750160 0.925662 0.254238 0.529464 0.241731 -1.002915 -0.061908 -0.013531 -0.427658 -2.383352 -0.689007 -1.123374 0.240395 0.250353 -9999.0 -9999.0 -9999.0 -9999.0 -9999.0 -9999.0
-9999.0 -9999.0 -9999.0 -9999.0 -9999.0 -9999.0 -9999.0 -9999.0 -9999.0 -9999.0 -9999.0 -0.037432 3.370197 5.606747 0.348487 1.292274 2.709823 2.469759 10.294340 4.415310 2.734305 1.140088 -0.001428 -0.306873 -0.273582 -0.927318 -0.047711 0.258759 0.262239 2.116405 -0.344151 -0.298629 3.431498 0.254928 0.285991 0.503421 1.043561 -0.050191 0.302669 4.723167 -0.048603 0.347006 0.001787 0.049463 3.668425 0.273114 1.117036 2.227926 2.951249 -0.008016 -1.815820 0.263066 -1.964359 -3.644013 -4.316087 -0.393803 0.412961 -9999.0 -9999.0 -9999.0 -9999.0 -9999.0 -9999.0
-9999.0 -9999.0 -9999.0 -9999.0 -9999.0 -9999.0 -9999.0 -9999.0 -9999.0 -9999.0 2.083987 -0.009571 3.453710 3.734065 4.942452 0.139676 0.041301 0.273035 3.553288 4.056671 6.822264 4.853704 -0.229042 3.863892 -0.007068 -0.934837 -0.596247 -2.752704 2.737597 3.117425 -0.007446 -0.139963 2.936505 0.233933 0.874988 0.959444 2.495431 -0.124055 -0.101521 0.789152 1.067003 1.984495 7.191311 1.217243 0.005060 2.288203 1.510864 -0.024481 -0.008854 -0.007482 -2.949108 0.200255 -4.786073 -0.996084 -0.626719 0.240969 0.249968 -9999.0 -9999.0 -9999.0 -9999.0 -9999.0 -9999.0
-9999.0 -9999.0 -9999.0 -9999.0 -9999.0 -9999.0 -9999.0 -9999.0 -9999.0 1.276082 2.915255 -0.008567 0.013631 -0.047542 -0.007356 -0.006428 -0.009665 5.811872 3.475550 4.086160 7.206401 0.909068 0.612470 1.818389 0.267408 -1.064246 -1.163825 2.993153 -0.009600 -0.006598 0.383402 -1.259853 1.105767 0.721022 0.854961 0.951016 2.562505 -0.379307 -0.204238 -0.008176 -0.048024 -0.109783 -0.173462 1.889563 1.559643 0.026902 4.658692 -0.090068 -0.086697 0.486649 -0.569721 0.362289 -0.963684 -0.719632 -0.283830 -2.148193 -1.209596 0.623400 0.107167 -9999.0 -9999.0 -9999.0 -9999.0
-9999.0 -9999.0 -9999.0 -9999.0 -9999.0 -9999.0 -9999.0 -9999.0 -9999.0 1.828740 1.111580 3.205442 3.500204 -0.007014 -0.010196 -0.058005 4.178160 1.800137 4.035737 8.176586 7.791273 7.257313 5.368582 3.194996 -0.679100 -0.477880 -0.037012 -0.007208 1.172343 3.214679 2.894950 -1.635684 0.983462 0.273046 0.321240 1.025934 1.553280 2.870705 0.893258 3.392600 -0.134194 -0.595040 -0.020780 1.458744 2.807835 3.217567 3.100031 1.533044 -0.006400 0.811351 -2.512784 -3.869751 -0.963581 -1.002426 0.232021 -3.041672 -1.033210 -0.613471 1.421587 -9999.0 -9999.0 -9999.0 -9999.0
-9999.0 -9999.0 -9999.0 -9999.0 -9999.0 -9999.0 -9999.0 -9999.0 -9999.0 -9999.0 0.353002 3.126657 0.046500 -0.474344 0.436032 -0.008947 0.001246 3.115783 4.811775 5.710427 7.903139 2.643821 -0.017161 -0.077532 -0.300073 -0.008026 0.684343 1.761790 2.686095 -1.211061 -1.549955 -2.019903 -2.196811 0.238800 1.846864 3.370769 2.908910 3.259758 1.561329 0.573526 0.277368 2.801984 2.957812 0.030634 0.042094 -0.007114 1.728541 5.678160 4.075737 1.005395 -1.474117 -1.151881 -0.403948 -1.136832 -1.126827 0.184587 0.672163 -0.931444 -0.006820 0.024489 -9999.0 -9999.0 -9999.0
-9999.0 -9999.0 -9999.0 -9999.0 -9999.0 -9999.0 -9999.0 -9999.0 -9999.0 -9999.0 0.285627 1.555245 2.684990 0.002073 4.203715 0.526906 0.109330 2.599839 5.262095 6.376934 3.368719 1.526497 -0.019944 0.022865 -0.008255 1.196201 2.372708 -0.007722 -0.894224 -1.931195 0.423447 2.379662 -2.130436 0.294466 0.565379 3.307694 -0.858974 -0.008000 -0.634055 0.258092 0.898990 4.292424 -0.043008 2.726886 3.202406 -0.086083 -0.006964 0.009779 3.111372 3.688597 0.296399 -0.652326 -2.645985 0.033106 -1.705234 -1.080581 0.100457 -0.131980 1.581505 2.594131 -9999.0 -9999.0 -9999.0
-9999.0 -9999.0 -9999.0 -9999.0 -9999.0 -9999.0 -9999.0 -9999.0 1.611777 0.363125 0.713898 1.776027 -0.123308 -0.020521 -0.029062 1.735594 2.908896 8.001934 6.614247 6.734698 5.087063 4.010150 3.145136 1.483511 1.470030 1.907508 4.228859 -0.428308 -0.451703 -1.829127 0.330636 0.510364 0.619939 0.286675 1.086536 1.001044 4.638312 -0.006195 -2.126559 1.103340 2.263078 2.809008 -1.769418 1.235526 3.275021 2.350251 -1.960211 -0.031343 -0.006642 2.957827 0.946154 -0.361340 -1.655554 -4.335251 -0.806745 0.430859 0.691420 3.070097 1.301209 4.518661 -9999.0 -9999.0 -9999.0
-9999.0 -9999.0 -9999.0 -9999.0 -9999.0 -9999.0 -9999.0 -9999.0 -2.284226 -0.326256 -1.343211 0.239840 1.058427 -1.395374 -0.544197 -0.007974 1.898829 2.486099 5.437406 7.263779 11.618204 10.518097 10.121749 9.115934 3.344576 3.388039 0.824400 -0.009913 -2.053048 0.261788 0.262307 1.431159 1.378536 1.702548 1.769055 2.530591 5.977162 0.901346 -0.013714 2.391638 0.535325 0.703213 1.831460 2.591614 1.494907 -0.104931 -2.241957 1.759589 -0.010187 1.623646 2.412370 -0.010728 -3.147468 0.161130 1.026625 -0.926547 -0.183190 -0.006434 3.917670 6.396047 7.152998 -9999.0 -9999.0
-9999.0 -9999.0 -9999.0 -9999.0 -9999.0 -9999.0 -9999.0 -9999.0 0.472708 0.581595 0.071045 -2.160725 1.497839 -1.592924 -0.102008 -0.410328 0.510571 3.664840 5.380440 11.216245 7.725641 10.628355 10.727986 6.390130 8.381325 3.233329 0.380708 -0.844579 -2.578943 0.646786 1.973229 2.816294 -0.703954 -0.482380 3.119979 5.437526 0.228438 1.994593 -0.018580 -0.028111 2.213083 2.309501 1.922492 0.552008 -0.393188 1.756052 1.058147 0.484457 -0.863708 -0.014228 2.791732 0.779324 -2.148088 -3.043596 -0.017942 -0.005583 1.568617 3.123761 6.160589 6.685534 7.019981 -9999.0 -9999.0
-9999.0 -9999.0 -9999.0 -9999.0 -9999.0 -9999.0 -9999.0 -9999.0 0.296857 2.039101 -0.030848 -2.529232 1.211281 -0.473335 -0.173826 0.216293 3.928953 5.186515 8.254811 5.641831 7.167522 7.606366 10.173497 9.341644 3.620830 1.111870 -0.035172 -1.579577 2.658197 -0.021102 -0.078239 -0.010365 -0.004552 0.186346 -0.001879 4.510231 6.385534 4.088017 0.884868 0.020073 3.201183 3.401735 3.354100 3.373926 0.993827 2.262036 2.818522 2.845413 0.880952 -0.187810 -0.010734 2.494218 0.843168 -0.012273 1.077993 2.134037 4.203622 4.916290 5.755718 6.765447 5.904754 2.761292 -9999.0
-9999.0 -9999.0 -9999.0 -9999.0 -9999.0 -9999.0 -9999.0 -9999.0 -0.128217 1.083333 -1.570935 -1.193433 -0.149329 -0.168895 3.217803 3.095422 5.767834 2.532942 1.043700 2.872779 4.722448 7.048027 7.212239 6.890473 7.487925 0.383196 -0.696505 -0.008398 0.250143 0.318500 -0.083086 0.703454 3.345322 1.819320 1.218716 2.581673 3.970939 6.037704 5.428453 3.079765 1.608955 1.565025 1.412499 0.265551 -0.118146 3.690788 -0.010668 -0.006544 -0.013927 0.596648 2.519956 1.743152 2.080909 2.280665 2.958843 3.353393 4.134415 5.270389 6.055081 6.038892 4.212785 2.177514 -9999.0
-9999.0 -9999.0 2.189928 1.703716 -2.750356 -0.569456 -1.432009 -1.099605 0.243761 0.346354 -0.268376 -0.366108 -0.087114 0.618519 4.950152 2.000224 -0.014540 -0.848783 -0.038445 0.207097 2.740440 5.463802 6.571764 6.101224 5.026927 2.030791 0.244607 0.468124 2.642714 4.977776 -0.015579 0.941456 7.406264 3.446042 5.270269 4.638507 7.653674 8.291808 7.198516 4.536373 5.345850 5.400887 4.289267 3.785913 0.103796 1.281986 2.261726 1.639733 3.697922 4.631898 5.255361 4.742774 3.883508 3.201009 3.092241 7.586395 3.817797 4.549630 4.539841 3.564609 5.927913 1.395001 -9999.0
-9999.0 -0.045654 -0.072484 -0.174363 -0.498953 -0.144989 -1.114325 -1.554378 -2.520996 0.219735 -0.802623 -0.496098 -0.000824 4.015112 3.525670 -0.093168 -0.304967 -0.737713 -0.417534 -0.012935 2.520932 4.275487 8.148326 4.937312 8.646016 4.803133 6.975742 7.285934 5.523733 4.318201 4.109888 4.268744 5.986366 10.131359 8.309421 9.579212 11.204902 11.185996 11.390964 9.756333 8.863784 8.705324 8.020006 4.822128 3.530023 3.918083 5.473914 5.915675 7.138211 6.121867 5.699462 4.671546 3.613757 2.759025 2.675932 2.140010 0.786884 1.147822 1.936031 3.940301 0.560755 1.183049 -9999.0
-9999.0 3.978304 -0.006374 -0.006519 2.258232 -0.008331 -2.122563 -2.053925 0.235327 0.660446 -1.259156 -0.874505 0.291271 3.750667 -0.044391 -2.118878 -1.397403 -0.964826 -0.197298 -0.008130 4.382390 2.122586 3.116469 3.827805 8.750415 9.679098 5.422725 6.666106 6.861625 6.387225 6.530765 6.305448 7.859869 8.722083 12.774063 11.794385 17.470321 18.480665 14.221155 13.162334 12.461927 11.468837 10.435457 8.067701 7.921171 7.785853 8.379755 8.194942 7.533800 6.712322 4.916425 2.145775 0.925606 1.553961 0.651320 -0.027319 -0.023308 -0.051290 -0.027161 -0.045298 -0.022530 -9999.0 -9999.0
