user2019/resources/simulation/Vinschgau/output-maps/TL0006N0293.asc
ncols         63
nrows         48
xllcorner     598000.000000
yllcorner     5145000.000000
cellsize      1000.000000
NODATA_value  -9999.0
[rows 0 to 27 of 48, columns 0 to 61 of 63]
-9999.0 -9999.0 -9999.0 -9999.0 -9999.0 -9999.0 -9999.0 -9999.0 -9999.0 -9999.0 -9999.0 -9999.0 -9999.0 -9999.0 -9999.0 -9999.0 -9999.0 -9999.0 -9999.0 -9999.0 -9999.0 -9999.0 -9999.0 -9999.0 -9999.0 -9999.0 -9999.0 -9999.0 -9999.0 -9999.0 -9999.0 -9999.0 -9999.0 -9999.0 -9999.0 -9999.0 -9999.0 -9999.0 -9999.0 -9999.0 -9999.0 -9999.0 -9999.0 -9999.0 -9999.0 -9999.0 -9999.0 -9999.0 -9999.0 -9999.0 -9999.0 -9999.0 -9999.0 -9999.0 -9999.0 -9999.0 -9999.0 -9999.0 -9999.0 -9999.0 -9999.0 -9999.0
-9999.0 -9999.0 -9999.0 -9999.0 -9999.0 -9999.0 -9999.0 -9999.0 -9999.0 -9999.0 -9999.0 -9999.0 -9999.0 -9999.0 -9999.0 -9999.0 -9999.0 -9999.0 -9999.0 -9999.0 -9999.0 -9999.0 -9999.0 -9999.0 -9999.0 -9999.0 -9999.0 -6.550975 -6.201725 -5.478865 -7.672993 -8.486188 -8.392642 -9999.0 -9999.0 -9999.0 -9999.0 -9999.0 -9999.0 -9999.0 -9999.0 -9999.0 -9999.0 -9999.0 -9999.0 -9999.0 -9999.0 -9999.0 -9999.0 -9999.0 -9999.0 -9999.0 -9999.0 -9999.0 -9999.0 -9999.0 -9999.0 -9999.0 -9999.0 -9999.0 -9999.0 -9999.0
-9999.0 -9999.0 -9999.0 -9999.0 -9999.0 -9999.0 -9999.0 -9999.0 -9999.0 -9999.0 -9999.0 -9999.0 -9999.0 -9999.0 -9999.0 -9999.0 -9999.0 -9999.0 -9999.0 -9999.0 -9999.0 -9999.0 -9999.0 -9999.0 -5.353191 -3.882321 -3.229469 -3.705012 -3.255732 -4.375155 -7.699649 -9999.0 -9999.0 -9999.0 -9999.0 -9999.0 -9999.0 -9999.0 -9999.0 -9999.0 -9999.0 -9999.0 -9999.0 -9999.0 -9999.0 -9999.0 -9999.0 -9999.0 -9999.0 -9999.0 -9999.0 -9999.0 -9999.0 -9999.0 -9999.0 -9999.0 -9999.0 -9999.0 -9999.0 -9999.0 -9999.0 -9999.0
-9999.0 -9999.0 -9999.0 -9999.0 -9999.0 -9999.0 -9999.0 -9999.0 -9999.0 -9999.0 -9999.0 -9999.0 -9999.0 -9999.0 -9999.0 -9999.0 -9999.0 -9999.0 -9999.0 -9999.0 -9999.0 -9999.0 -9999.0 -4.652872 -2.703944 -3.287019 -3.513324 -3.660606 -3.554060 -3.901217 -6.472250 -7.191413 -9999.0 -9999.0 -9999.0 -9999.0 -9999.0 -9999.0 -9999.0 -9999.0 -9999.0 -9999.0 -9999.0 -9999.0 -9999.0 -9999.0 -9999.0 -9999.0 -9999.0 -9999.0 -9999.0 -9999.0 -9999.0 -9999.0 -9999.0 -9999.0 -9999.0 -9999.0 -9999.0 -9999.0 -9999.0 -9999.0
-9999.0 -9999.0 -9999.0 -9999.0 -9999.0 -9999.0 -9999.0 -9999.0 -9999.0 -9999.0 -9999.0 -9999.0 -9999.0 -9999.0 -9999.0 -9999.0 -9999.0 -9999.0 -1.654799 -2.825128 -9999.0 -5.030076 -3.000504 -3.227280 -1.838303 -0.146887 -5.003217 -5.492874 -0.101958 -3.685582 -3.740427 -6.730236 -6.692547 -8.534160 -9999.0 -9999.0 -9999.0 -9999.0 -9999.0 -9999.0 -9999.0 -9999.0 -9999.0 -9999.0 -9999.0 -9999.0 -9999.0 -9999.0 -9999.0 -9999.0 -9999.0 -9999.0 -9999.0 -9999.0 -9999.0 -9999.0 -9999.0 -9999.0 -9999.0 -9999.0 -9999.0 -9999.0
-9999.0 -9999.0 -9999.0 -9999.0 -9999.0 -9999.0 -9999.0 -9999.0 -9999.0 -9999.0 -9999.0 -9999.0 -9999.0 -9999.0 -9999.0 -9999.0 -9999.0 -0.371849 -1.540947 -3.567044 -2.877997 -2.392793 -2.817408 -2.473231 -0.047410 -5.010089 -6.670796 -5.945064 -6.681243 -5.763719 -3.428101 -4.061608 -3.687112 -5.491233 -8.483662 -9.621263 -9999.0 -9999.0 -9999.0 -9999.0 -9999.0 -9999.0 -9999.0 -9999.0 -9999.0 -9999.0 -9999.0 -9999.0 -9999.0 -9999.0 -9999.0 -9999.0 -9999.0 -9999.0 -9999.0 -9999.0 -9999.0 -9999.0 -9999.0 -9999.0 -9999.0 -9999.0
-9999.0 -9999.0 -9999.0 -9999.0 -9999.0 -9999.0 -9999.0 -9999.0 -9999.0 -9999.0 -9999.0 -9999.0 -9999.0 -5.541769 -2.456716 -2.233612 -2.469790 4.042183 -1.184652 -3.451152 -1.496867 -1.232068 -0.773182 -0.069087 -3.868679 -6.760909 -7.484712 -6.717271 -7.506155 -6.165295 -6.441993 -7.522461 -7.857094 -9.444149 -9.545784 -10.315447 -9999.0 -9999.0 -9999.0 -9999.0 -9999.0 -9999.0 -9999.0 -9999.0 -9999.0 -9999.0 -9999.0 -9999.0 -9999.0 -9999.0 -9999.0 -9999.0 -9999.0 -9999.0 -9999.0 -9999.0 -9999.0 -9999.0 -9999.0 -9999.0 -9999.0 -9999.0
-9999.0 -9999.0 -9999.0 -9999.0 -9999.0 -9999.0 -9999.0 -9999.0 -9999.0 -9999.0 -9999.0 -9999.0 -9999.0 -3.437728 -2.864321 -2.837800 -3.023376 -0.624587 5.330888 -1.068709 -0.164261 -5.093980 -3.576204 -3.870959 -3.286766 -5.466837 -6.076817 -8.135095 -8.735257 -7.691218 -6.985691 -9.343382 -9.449759 -10.490515 -10.323767 -9999.0 -9999.0 -9999.0 -9999.0 -9999.0 -9999.0 -9999.0 -9999.0 -9999.0 -9999.0 -9999.0 -9999.0 -9999.0 -9999.0 -9999.0 -9999.0 -9999.0 -9999.0 -9999.0 -9999.0 -9999.0 -9999.0 -9999.0 -9999.0 -9999.0 -9999.0 -9999.0
-9999.0 -9999.0 -9999.0 -9999.0 -9999.0 -9999.0 -9999.0 -9999.0 -9999.0 -9999.0 -9999.0 -9999.0 -9999.0 -2.550187 -2.282029 -1.127745 -3.277067 -2.705168 4.040358 -0.059239 -2.708698 -6.726398 -5.681434 -5.772312 -5.064425 -4.555499 -5.401523 -8.527040 -6.653082 -9.380021 -9.003642 -10.702934 -10.417681 -11.350173 -10.497860 -9999.0 -9999.0 -9999.0 -9999.0 -9999.0 -9999.0 -9999.0 -9999.0 -9999.0 -9999.0 -9999.0 -9999.0 -9999.0 -9999.0 -9999.0 -9999.0 -9999.0 -9999.0 -9999.0 -9999.0 -9999.0 -9999.0 -9999.0 -9999.0 -9999.0 -9999.0 -9999.0
-9999.0 -9999.0 -9999.0 -9999.0 -9999.0 -9999.0 -9999.0 -9999.0 -9999.0 -9999.0 -9999.0 -9999.0 -3.080083 -3.109470 -1.310667 -6.280322 -2.570645 -2.889465 -0.007371 -0.204316 -3.409841 -6.626887 -5.749389 -6.097873 -3.987186 -7.919387 -6.037484 -6.793119 -4.900985 -8.867533 -9.674411 -7.893889 -7.740978 -10.218122 -9999.0 -9999.0 -9999.0 -9999.0 -9999.0 -9999.0 -9999.0 -9999.0 -9999.0 -9999.0 -9999.0 -9999.0 -9999.0 -9999.0 -9999.0 -9999.0 -9999.0 -9999.0 -9999.0 -9999.0 -9999.0 -9999.0 -9999.0 -9999.0 -9999.0 -9999.0 -9999.0 -9999.0
-9999.0 -9999.0 -9999.0 -9999.0 -9999.0 -9999.0 -9999.0 -9999.0 -9999.0 -9999.0 -9999.0 -5.051127 -5.277238 -1.440674 -6.337322 -5.827254 -6.838746 -3.204177 -0.005447 -0.495413 -3.001769 -3.284221 -5.806086 -7.078616 -5.827780 -6.697377 -8.756431 -6.204327 -5.923607 -9.563184 -7.983680 -4.548076 -8.118578 -9.612774 -9.223340 -7.456966 -7.211025 -2.159941 -0.050565 -9999.0 -9999.0 -9999.0 -9.978236 -9999.0 -9999.0 -9999.0 -9999.0 -9999.0 -9999.0 -9999.0 -9999.0 -9999.0 -9999.0 -9999.0 -9999.0 -9999.0 -9999.0 -9999.0 -9999.0 -9999.0 -9999.0 -9999.0
-9999.0 -9999.0 -9999.0 -9999.0 -9999.0 -9999.0 -9999.0 -9999.0 -9999.0 -9999.0 -9999.0 -5.957131 -5.468347 -4.137977 -4.765639 -6.838804 -3.325114 -2.967055 -0.006664 -0.056627 -0.644065 -2.420633 -5.214695 -5.895102 -6.155228 -7.092168 -6.103335 -4.539307 -6.611419 -8.892958 -5.852510 -4.833186 -6.332765 -8.906556 -10.341911 -7.033843 -0.047948 0.283478 -0.007932 -0.241124 -7.460114 -10.016069 -5.924411 -8.824451 -9999.0 -9999.0 -9999.0 -0.538002 -5.082182 -5.065159 -2.902992 -3.737219 -3.400496 -0.014791 -0.010139 -2.835328 -9999.0 -9999.0 -9999.0 -9999.0 -9999.0 -9999.0
-9999.0 -9999.0 -9999.0 -9999.0 -9999.0 -9999.0 -9999.0 -9999.0 -9999.0 -9999.0 -9999.0 -5.147144 -5.793261 -5.783061 -4.317533 -6.144170 -2.850498 -3.038455 -0.063213 -0.025420 -0.787494 -2.961142 -2.667293 -4.383002 -7.259848 -5.921993 -2.543977 -6.335036 -7.665664 -7.742967 -8.380333 -6.324551 -4.612239 -9.152786 -9.193048 -1.552464 -1.356291 -1.040663 3.403567 2.781759 -0.055546 -6.563780 -4.951013 -5.123034 -7.911477 -9999.0 -7.596584 -5.669965 -3.473537 -1.184216 -1.503968 -1.254237 -0.053895 -0.004612 -0.078022 -0.275095 -9999.0 -9999.0 -9999.0 -9999.0 -9999.0 -9999.0
-9999.0 -9999.0 -9999.0 -9999.0 -9999.0 -9999.0 -9999.0 -9999.0 -9999.0 -9999.0 -9999.0 -9999.0 -5.127187 -4.312013 -2.210366 -4.308193 -2.910438 -3.036045 -0.049152 -0.020024 -1.700370 -2.949889 -3.204938 -2.685351 -5.511842 -2.413134 -3.307152 -7.277446 -7.146068 -7.038791 -6.410977 -4.458569 -5.505315 -8.303504 -10.491295 -8.276448 -2.746700 -1.676520 3.248395 0.498562 -0.089081 3.814626 -2.555495 -4.005703 -5.157242 -6.630194 -6.531735 -5.678319 -5.048119 -2.219585 -2.951073 -2.747167 -0.386397 -0.721773 -3.534937 -3.424442 -0.675617 -9999.0 -9999.0 -9999.0 -9999.0 -9999.0
-9999.0 -9999.0 -9999.0 -9999.0 -9999.0 -9999.0 -9999.0 -9999.0 -9999.0 -9999.0 -9999.0 -2.955187 -5.833503 -5.938570 -2.199718 -2.283781 -2.405108 -3.321429 -0.382194 -0.058806 -1.484782 -1.881422 -3.506437 -3.174423 -2.369669 -2.707783 -4.157450 -7.501404 -6.110154 -5.544699 -3.050398 -3.074465 -3.959533 -8.355333 -11.002436 -8.474408 -9.299585 -2.258686 -0.941358 2.847410 -1.018394 -0.363045 -0.989361 -1.773218 -2.587200 -6.439076 -4.461464 -3.060793 -3.306955 -2.907847 -6.028154 -5.910002 -4.828124 -6.508761 -5.686929 -6.335762 -2.628482 -9999.0 -9999.0 -9999.0 -9999.0 -9999.0
-9999.0 -9999.0 -9999.0 -9999.0 -9999.0 -9999.0 -9999.0 -9999.0 -9999.0 -9999.0 -2.399070 -2.155673 -2.022598 -5.259193 -1.138092 -2.759488 -5.162105 -4.931022 -1.326770 -0.058778 -0.041881 -1.455635 -3.210131 -2.789033 -2.328828 -3.125345 -6.581781 -6.012419 -2.590615 -2.834190 -3.299181 -5.867396 -6.886168 -8.833459 -11.244247 -9.567900 -5.916483 -2.020403 -1.264015 -0.152539 -0.169002 -2.333375 -3.314061 -1.423404 -1.981952 -4.031726 -4.610975 -3.263337 -1.708090 -3.345596 -3.682600 -6.341349 -6.275607 -6.596155 -6.021000 -0.646332 -0.625434 -9999.0 -9999.0 -9999.0 -9999.0 -9999.0
-9999.0 -9999.0 -9999.0 -9999.0 -9999.0 -9999.0 -9999.0 -9999.0 -9999.0 -5.991341 -2.389306 -2.538826 -3.055088 -2.081279 -0.842542 -4.870411 -5.491116 -2.029717 -0.289512 -0.043281 -0.035666 -1.139730 -1.986466 -0.179685 -3.468984 -6.038383 -3.011504 -2.845067 -2.035327 -1.482646 -0.617515 -6.625641 -9.117665 -10.012707 -9.015440 -9.183839 -8.990635 -6.193686 -7.886778 -4.699902 -0.744409 -6.826239 -6.373900 -0.309911 -1.610276 -0.923456 -0.178460 -3.413759 -2.175310 -0.566632 -2.022029 -4.327539 -7.013116 -5.433341 -3.875044 -2.493945 -0.104104 -0.180395 -1.464445 -9999.0 -9999.0 -9999.0
-9999.0 -9999.0 -9999.0 -9999.0 -9999.0 -9999.0 -9999.0 -9999.0 -9999.0 -6.103822 -5.820766 -5.865747 -0.545615 -2.995898 -1.968839 -1.952985 -0.613927 -1.896548 -0.528756 2.303651 2.245710 3.934135 -2.615575 -2.494399 -6.022093 -2.698134 -3.176995 -1.344389 -0.164740 -4.814047 -4.887546 -3.426928 -7.640914 -7.511510 -6.432609 -4.792023 -5.441570 -4.953015 -9.148959 -7.513911 -6.857771 -8.093320 -3.463464 -3.059286 -0.099938 -0.045983 -0.059290 -0.813431 -1.536985 -2.180812 -2.751737 -2.928671 -5.408371 -4.849036 -5.989345 -0.776068 -0.579111 -0.138776 -0.038856 -9999.0 -9999.0 -9999.0
-9999.0 -9999.0 -9999.0 -9999.0 -9999.0 -9999.0 -9999.0 -9999.0 -9999.0 -9999.0 -5.775049 -5.587292 -4.941368 -1.650032 -2.756845 -2.228929 -2.137698 -0.765161 -0.263766 -0.004083 -0.050151 -2.286749 -2.709026 -3.994440 -2.745833 -1.358244 -0.576283 -0.087738 -4.243753 -6.572874 -6.831639 -4.295486 -7.766367 -8.168995 -4.820868 -3.470266 -3.724854 -4.090333 -7.129589 -8.824840 -9.475135 -4.081744 -5.318482 -6.313941 -6.352080 -5.097963 -2.865179 -2.732047 -0.051479 -0.494127 -2.118332 -0.923162 -3.646489 -5.019171 -4.103915 -5.123624 -3.086127 -1.521644 -0.752987 -0.680936 -9999.0 -9999.0
-9999.0 -9999.0 -9999.0 -9999.0 -9999.0 -9999.0 -9999.0 -9999.0 -9999.0 -9999.0 -5.890436 -5.730320 -4.776380 -3.324806 -0.009601 -1.952004 -1.912946 -1.023609 -0.003499 -0.002357 -0.087554 -0.387754 -2.447567 -3.458157 -2.638425 -0.437764 -0.028343 -2.919210 -5.207684 -8.029793 -7.491568 -5.783389 -5.845672 -8.020340 -7.739141 -7.130198 -2.869564 -3.363012 -4.557443 -8.173403 -6.301802 -5.808067 -6.088920 -7.092547 -3.285463 -5.349585 -4.788370 -5.536366 -0.099804 -0.078760 -0.912161 -0.837704 -0.182646 -3.449354 -4.748235 -3.209395 -5.365587 -0.556411 -0.310058 -0.062287 -9999.0 -9999.0
-9999.0 -9999.0 -9999.0 -9999.0 -9999.0 -9999.0 -9999.0 -9999.0 -1.269572 -1.534642 -5.554622 -4.823273 -4.757513 -4.872091 -3.649135 -0.088889 -0.122722 4.165555 1.700775 1.750179 0.510282 -0.008549 -0.206153 -0.579730 -0.673759 -0.024053 -0.085537 -5.427173 -5.029522 -6.489029 -8.735614 -7.249047 -6.492153 -6.778268 -6.046954 -8.354200 -5.369280 -3.412380 -4.942062 -6.850730 -7.240553 -6.637089 -7.560674 -8.009421 -4.309240 -3.737297 -6.342135 -3.460644 -2.980691 -0.052659 -0.829156 -2.674222 -0.095656 -3.866573 -2.999910 -0.039784 -0.107862 -0.984167 -0.296845 -0.025186 -9999.0 -9999.0
-9999.0 -9999.0 -9999.0 -9999.0 -9999.0 -9999.0 -9999.0 -9999.0 -5.526853 -1.645208 -2.782065 -6.671554 -5.882379 -4.763672 -3.390098 -2.771428 -2.371304 -2.375669 2.154900 1.940034 6.832524 3.459481 2.985564 3.831712 -0.011435 -0.008396 -0.370114 -2.839305 -6.929631 -5.521432 -5.878786 -4.625620 -5.089883 -5.870807 -4.467736 -3.802338 -2.382376 -3.056958 -2.613802 -4.597092 -6.789183 -8.807511 -7.387915 -4.287708 -1.880747 -4.223125 -6.663369 -5.998748 -4.578820 -2.371465 -0.062965 -2.991705 -0.176902 -0.069680 -2.662662 -1.640506 -1.638889 -0.622114 -0.048019 3.375443 3.822432 -9999.0
-9999.0 -9999.0 -9999.0 -9999.0 -9999.0 -9999.0 -9999.0 -9999.0 -5.859122 -4.420163 -1.494513 -5.409095 -3.265182 -6.201285 -1.797236 -3.262881 -1.184897 -0.073051 2.053058 3.375976 3.365879 3.203932 5.106639 1.940517 3.324669 -0.445040 -2.951311 -4.128321 -4.524847 -3.337702 -4.726466 -2.027294 -2.749548 -2.324918 -3.216406 -2.750934 -4.268796 -2.421232 -2.217423 -4.278709 -5.174730 -5.534222 -3.381719 -5.255852 -5.320922 -5.580493 -4.239713 -1.058231 -4.635135 -2.558387 -0.021906 -0.211435 -3.515532 -2.024667 -0.656606 -0.201156 -0.057088 -0.009546 2.001090 1.650322 3.139547 -9999.0
-9999.0 -9999.0 -9999.0 -9999.0 -9999.0 -9999.0 -9999.0 -9999.0 -7.384991 -4.783854 -0.973280 -2.059735 -0.536863 -1.442072 -1.801575 -1.063324 -0.109403 2.182528 -0.050149 1.473879 1.571536 2.207381 4.890166 2.867968 -0.097607 -2.883596 -2.700376 -2.376822 -2.791031 -3.219555 -2.214113 -2.037252 -1.739218 -2.031955 -3.337310 -2.070136 -1.693622 -1.542492 -2.553562 -1.365852 -3.999160 -2.275835 -1.487192 -1.797831 -2.206095 -3.821414 -0.384665 -0.835044 -0.661724 -2.969174 -2.568337 -0.008099 -0.084663 -0.129589 -0.049791 -0.030428 -0.002027 1.259385 3.252744 3.088675 -0.006545 -0.282936
-9999.0 -9999.0 -9999.0 -9999.0 -9999.0 -9999.0 -9999.0 -9999.0 -5.685522 -4.009178 -0.443013 -2.864821 -1.468771 -1.093357 -0.008237 -0.068212 -0.086382 -2.569297 -4.061523 -2.294420 -0.005241 1.680799 1.625630 0.209431 -0.015154 -2.024153 -3.242280 -2.985955 -1.000725 -1.145641 -2.502175 -2.875057 -0.551594 -2.974536 -2.820867 -2.599006 -2.971655 -0.336561 -1.284363 -2.750926 -2.619586 -2.913145 -1.900606 -3.349548 -1.612473 -1.298898 -2.956707 -1.389793 -1.963027 -0.448218 -0.092473 -0.045834 -0.005760 -0.004616 -0.004011 -0.002425 1.495086 1.556240 1.080932 -0.007684 -0.058023 -0.456676
-9999.0 -9999.0 -4.029779 -3.319316 -4.423938 -2.086380 -1.286576 -1.671517 -3.479517 -3.834698 -2.983751 -0.304283 -0.758172 -0.129878 4.425797 -0.060013 -3.200037 -5.158504 -4.821591 -2.789868 -2.231357 1.447854 1.529449 1.283227 -0.011829 -0.206405 -1.251872 -1.774081 -0.878255 -0.052474 -2.245601 -2.300715 -0.039064 -1.612707 -0.280540 -1.546973 -0.101998 -0.056184 -0.883057 -2.030575 -0.880080 -0.450297 -1.382974 -0.868478 -3.173036 -1.927938 -0.405136 -1.283756 -0.122404 -0.021524 -0.001815 0.492248 1.532604 1.410191 -0.002668 2.603534 -0.011841 -0.030741 -0.075486 -0.289383 -0.402079 -0.008339
-9999.0 -1.821585 -2.025579 -1.547017 -1.506602 -1.347443 -3.690602 -4.517007 -4.682957 -5.288033 -3.765792 -0.477705 -0.113000 -0.004707 -0.027680 -1.518178 -4.376705 -4.516137 -1.276539 -1.955926 -0.677849 -0.107316 1.890763 1.232371 2.753165 -0.004335 3.046547 3.095249 -0.026260 -0.122575 -0.112153 -0.222022 -0.169168 2.188306 -0.043244 -0.004740 0.187433 1.210839 0.004061 -0.012223 -0.041455 -0.030694 -0.058139 -1.023029 -1.180806 -0.882754 -0.037270 -0.063142 1.593612 1.012781 1.180131 -0.002445 -0.012883 -0.030375 -0.033231 -0.104924 -1.272520 -1.003192 -0.439317 -0.097748 -0.003794 -0.003312
-9999.0 -4.008373 -2.666302 -2.530609 -0.120361 -2.961646 -2.015129 -1.646590 -2.818790 -3.027735 -1.093060 -2.531257 -0.280845 -0.030054 -2.102193 -3.340400 -4.817513 -3.783617 -1.760162 -1.617876 -1.172390 -0.395023 -0.024251 -0.010705 3.150539 4.528869 1.592795 1.867425 1.668824 2.017868 2.280347 1.250618 -0.016717 -0.006429 2.725118 1.636588 5.549303 9.199617 1.776563 1.822474 1.681421 1.579869 1.407839 0.604177 1.770829 2.502062 4.569491 4.429494 1.402029 1.392318 -0.031735 -0.690407 -1.242214 -0.066812 -2.195650 -0.372414 -1.210635 -0.656560 -0.534703 -0.011390 -0.006709 -9999.0
