user2019/resources/simulation/Vinschgau/output-maps/TL0002N0734.asc
ncols         63
nrows         48
xllcorner     598000.000000
yllcorner     5145000.000000
cellsize      1000.000000
NODATA_value  -9999.0
[rows 0 to 27 of 48, columns 0 to 62 of 63]
-9999.0 -9999.0 -9999.0 -9999.0 -9999.0 -9999.0 -9999.0 -9999.0 -9999.0 -9999.0 -9999.0 -9999.0 -9999.0 -9999.0 -9999.0 -9999.0 -9999.0 -9999.0 -9999.0 -9999.0 -9999.0 -9999.0 -9999.0 -9999.0 -9999.0 -9999.0 -9999.0 -9999.0 -9999.0 -9999.0 -9999.0 -9999.0 -9999.0 -9999.0 -9999.0 -9999.0 -9999.0 -9999.0 -9999.0 -9999.0 -9999.0 -9999.0 -9999.0 -9999.0 -9999.0 -9999.0 -9999.0 -9999.0 -9999.0 -9999.0 -9999.0 -9999.0 -9999.0 -9999.0 -9999.0 -9999.0 -9999.0 -9999.0 -9999.0 -9999.0 -9999.0 -9999.0 -9999.0
-9999.0 -9999.0 -9999.0 -9999.0 -9999.0 -9999.0 -9999.0 -9999.0 -9999.0 -9999.0 -9999.0 -9999.0 -9999.0 -9999.0 -9999.0 -9999.0 -9999.0 -9999.0 -9999.0 -9999.0 -9999.0 -9999.0 -9999.0 -9999.0 -9999.0 -9999.0 -9999.0 -3.098237 -0.562694 -2.849784 -1.870674 -2.755056 -1.731715 -9999.0 -9999.0 -9999.0 -9999.0 -9999.0 -9999.0 -9999.0 -9999.0 -9999.0 -9999.0 -9999.0 -9999.0 -9999.0 -9999.0 -9999.0 -9999.0 -9999.0 -9999.0 -9999.0 -9999.0 -9999.0 -9999.0 -9999.0 -9999.0 -9999.0 -9999.0 -9999.0 -9999.0 -9999.0 -9999.0
-9999.0 -9999.0 -9999.0 -9999.0 -9999.0 -9999.0 -9999.0 -9999.0 -9999.0 -9999.0 -9999.0 -9999.0 -9999.0 -9999.0 -9999.0 -9999.0 -9999.0 -9999.0 -9999.0 -9999.0 -9999.0 -9999.0 -9999.0 -9999.0 -0.282548 -0.018336 -0.008893 -0.035617 -0.424902 -0.627857 -1.830397 -9999.0 -9999.0 -9999.0 -9999.0 -9999.0 -9999.0 -9999.0 -9999.0 -9999.0 -9999.0 -9999.0 -9999.0 -9999.0 -9999.0 -9999.0 -9999.0 -9999.0 -9999.0 -9999.0 -9999.0 -9999.0 -9999.0 -9999.0 -9999.0 -9999.0 -9999.0 -9999.0 -9999.0 -9999.0 -9999.0 -9999.0 -9999.0
-9999.0 -9999.0 -9999.0 -9999.0 -9999.0 -9999.0 -9999.0 -9999.0 -9999.0 -9999.0 -9999.0 -9999.0 -9999.0 -9999.0 -9999.0 -9999.0 -9999.0 -9999.0 -9999.0 -9999.0 -9999.0 -9999.0 -9999.0 -0.017816 0.020591 1.436503 1.579683 1.652724 0.167166 -0.004724 -0.636977 -2.021098 -9999.0 -9999.0 -9999.0 -9999.0 -9999.0 -9999.0 -9999.0 -9999.0 -9999.0 -9999.0 -9999.0 -9999.0 -9999.0 -9999.0 -9999.0 -9999.0 -9999.0 -9999.0 -9999.0 -9999.0 -9999.0 -9999.0 -9999.0 -9999.0 -9999.0 -9999.0 -9999.0 -9999.0 -9999.0 -9999.0 -9999.0
-9999.0 -9999.0 -9999.0 -9999.0 -9999.0 -9999.0 -9999.0 -9999.0 -9999.0 -9999.0 -9999.0 -9999.0 -9999.0 -9999.0 -9999.0 -9999.0 -9999.0 -9999.0 1.401208 0.016107 -9999.0 -0.170275 0.007720 1.221112 0.998904 2.229917 1.369577 1.317879 2.018462 0.305543 -0.729121 -1.663456 -4.391740 -4.839948 -9999.0 -9999.0 -9999.0 -9999.0 -9999.0 -9999.0 -9999.0 -9999.0 -9999.0 -9999.0 -9999.0 -9999.0 -9999.0 -9999.0 -9999.0 -9999.0 -9999.0 -9999.0 -9999.0 -9999.0 -9999.0 -9999.0 -9999.0 -9999.0 -9999.0 -9999.0 -9999.0 -9999.0 -9999.0
-9999.0 -9999.0 -9999.0 -9999.0 -9999.0 -9999.0 -9999.0 -9999.0 -9999.0 -9999.0 -9999.0 -9999.0 -9999.0 -9999.0 -9999.0 -9999.0 -9999.0 4.184318 2.392857 2.210154 -0.089324 0.049878 0.262492 0.306682 2.165188 0.056728 -0.001980 -0.102382 -0.002809 0.285823 0.007417 -0.697620 -2.450737 -3.658187 -5.052341 -5.963883 -9999.0 -9999.0 -9999.0 -9999.0 -9999.0 -9999.0 -9999.0 -9999.0 -9999.0 -9999.0 -9999.0 -9999.0 -9999.0 -9999.0 -9999.0 -9999.0 -9999.0 -9999.0 -9999.0 -9999.0 -9999.0 -9999.0 -9999.0 -9999.0 -9999.0 -9999.0 -9999.0
-9999.0 -9999.0 -9999.0 -9999.0 -9999.0 -9999.0 -9999.0 -9999.0 -9999.0 -9999.0 -9999.0 -9999.0 -9999.0 -0.007910 1.094664 2.120520 3.891770 5.357944 3.828880 1.687986 1.136245 1.099302 0.925721 2.144620 0.037652 -0.050344 -0.816026 -0.513821 -0.001153 -0.036779 -0.002458 -0.603322 -1.044101 -1.742198 -4.078090 -6.215683 -9999.0 -9999.0 -9999.0 -9999.0 -9999.0 -9999.0 -9999.0 -9999.0 -9999.0 -9999.0 -9999.0 -9999.0 -9999.0 -9999.0 -9999.0 -9999.0 -9999.0 -9999.0 -9999.0 -9999.0 -9999.0 -9999.0 -9999.0 -9999.0 -9999.0 -9999.0 -9999.0
-9999.0 -9999.0 -9999.0 -9999.0 -9999.0 -9999.0 -9999.0 -9999.0 -9999.0 -9999.0 -9999.0 -9999.0 -9999.0 0.030151 2.194191 2.822841 2.962231 4.131810 5.439302 3.201507 2.633581 1.913733 1.195080 0.314031 0.055487 -0.160047 -0.238258 -3.566378 -4.211776 -1.286171 -0.550957 -1.763587 -4.410493 -5.617254 -5.336468 -9999.0 -9999.0 -9999.0 -9999.0 -9999.0 -9999.0 -9999.0 -9999.0 -9999.0 -9999.0 -9999.0 -9999.0 -9999.0 -9999.0 -9999.0 -9999.0 -9999.0 -9999.0 -9999.0 -9999.0 -9999.0 -9999.0 -9999.0 -9999.0 -9999.0 -9999.0 -9999.0 -9999.0
-9999.0 -9999.0 -9999.0 -9999.0 -9999.0 -9999.0 -9999.0 -9999.0 -9999.0 -9999.0 -9999.0 -9999.0 -9999.0 1.960900 2.156926 2.996931 2.455059 3.175830 5.667994 3.478017 2.151617 0.751765 -0.403990 -0.001726 0.575926 -0.005385 -2.474875 -4.448981 -1.487010 -5.564299 -1.860524 -5.258110 -5.826878 -2.659565 -6.847721 -9999.0 -9999.0 -9999.0 -9999.0 -9999.0 -9999.0 -9999.0 -9999.0 -9999.0 -9999.0 -9999.0 -9999.0 -9999.0 -9999.0 -9999.0 -9999.0 -9999.0 -9999.0 -9999.0 -9999.0 -9999.0 -9999.0 -9999.0 -9999.0 -9999.0 -9999.0 -9999.0 -9999.0
-9999.0 -9999.0 -9999.0 -9999.0 -9999.0 -9999.0 -9999.0 -9999.0 -9999.0 -9999.0 -9999.0 -9999.0 0.819861 1.549259 2.463395 0.703784 0.709510 2.715603 4.845881 3.588471 1.333672 0.041955 -0.155402 -0.001740 0.012328 -0.546594 -0.517206 -0.933765 -0.797322 -4.625668 -1.483894 -4.765705 -2.053119 -6.770278 -9999.0 -9999.0 -9999.0 -9999.0 -9999.0 -9999.0 -9999.0 -9999.0 -9999.0 -9999.0 -9999.0 -9999.0 -9999.0 -9999.0 -9999.0 -9999.0 -9999.0 -9999.0 -9999.0 -9999.0 -9999.0 -9999.0 -9999.0 -9999.0 -9999.0 -9999.0 -9999.0 -9999.0 -9999.0
-9999.0 -9999.0 -9999.0 -9999.0 -9999.0 -9999.0 -9999.0 -9999.0 -9999.0 -9999.0 -9999.0 -0.136443 0.433099 1.525320 1.002933 0.015267 1.375709 2.541751 4.937110 2.639172 1.135979 1.091363 -0.397630 -0.522412 -0.159356 -0.763069 -1.683440 -1.245916 -0.773974 -5.577635 -4.880471 -0.786858 -3.982669 -5.437587 -4.980154 -3.884941 -0.663922 -0.282795 -0.277353 -9999.0 -9999.0 -9999.0 -5.527455 -9999.0 -9999.0 -9999.0 -9999.0 -9999.0 -9999.0 -9999.0 -9999.0 -9999.0 -9999.0 -9999.0 -9999.0 -9999.0 -9999.0 -9999.0 -9999.0 -9999.0 -9999.0 -9999.0 -9999.0
-9999.0 -9999.0 -9999.0 -9999.0 -9999.0 -9999.0 -9999.0 -9999.0 -9999.0 -9999.0 -9999.0 -0.220277 0.328067 1.507005 1.249294 -0.013092 3.169658 3.132191 4.975085 3.125235 1.790677 0.042821 -0.401439 -0.923159 -0.660404 -1.633813 -0.608003 -0.783095 -2.506504 -4.945794 -1.172616 -0.492161 -0.732468 -2.207477 -1.316315 -1.312522 0.002512 -0.419684 -0.824850 -3.591052 -3.512663 -4.294796 -1.623658 -4.311257 -9999.0 -9999.0 -9999.0 -2.188060 -2.466434 -4.818720 -2.244051 -5.551179 -5.767486 -2.050115 -2.560035 -6.012695 -9999.0 -9999.0 -9999.0 -9999.0 -9999.0 -9999.0 -9999.0
-9999.0 -9999.0 -9999.0 -9999.0 -9999.0 -9999.0 -9999.0 -9999.0 -9999.0 -9999.0 -9999.0 -0.245024 -0.095674 0.001929 0.026461 0.006769 0.053157 2.142507 3.444841 4.043690 1.518944 0.005399 -0.105919 -0.795097 -1.745506 -1.679446 -0.572522 -0.527763 -3.934560 -1.730859 -4.165458 -0.594231 -0.772813 -2.129383 -4.522685 -0.749278 -0.487017 -0.025127 0.541460 -2.267629 -0.151355 -0.685611 -0.747827 -0.991052 -1.585759 -9999.0 -6.421999 -2.160329 -1.437849 -0.790762 -0.719979 -2.486871 -0.845383 -1.390230 -1.757238 -2.133621 -9999.0 -9999.0 -9999.0 -9999.0 -9999.0 -9999.0 -9999.0
-9999.0 -9999.0 -9999.0 -9999.0 -9999.0 -9999.0 -9999.0 -9999.0 -9999.0 -9999.0 -9999.0 -9999.0 -0.189551 -0.162272 0.102312 0.027999 0.023874 1.689253 3.608903 4.092624 1.222233 0.032763 -0.006797 -0.513514 -0.357419 -0.584894 0.032902 -1.213664 -1.887851 -4.457766 -1.393287 -0.568921 -0.772022 -1.958234 -2.033316 -1.229562 -0.124142 0.053473 1.927906 -0.657755 -0.364200 -0.150679 -0.498283 -0.396897 -4.177462 -2.246167 -5.243310 -2.138915 -1.473636 -0.514348 0.054542 -0.542021 -0.577969 -1.263267 -1.504806 -1.836765 -2.128634 -9999.0 -9999.0 -9999.0 -9999.0 -9999.0 -9999.0
-9999.0 -9999.0 -9999.0 -9999.0 -9999.0 -9999.0 -9999.0 -9999.0 -9999.0 -9999.0 -9999.0 -0.518603 -0.577485 -0.205579 -0.045399 -0.008152 0.080290 0.506036 3.079921 3.165551 1.436292 -0.003405 0.007410 -0.116946 -0.246883 -0.171591 -0.502193 -1.769138 -0.689162 -2.960720 -0.580085 -0.208691 -0.196938 -1.915716 -1.728330 -1.751503 -0.567038 -0.161120 0.774259 1.284520 -0.216544 0.030729 -0.004052 -1.351129 0.001035 -0.627929 -0.811793 -3.143481 -2.554305 0.001388 -3.732641 -1.843578 -1.682056 -4.703589 -4.783547 -1.717830 -4.577364 -9999.0 -9999.0 -9999.0 -9999.0 -9999.0 -9999.0
-9999.0 -9999.0 -9999.0 -9999.0 -9999.0 -9999.0 -9999.0 -9999.0 -9999.0 -9999.0 0.000758 -0.444748 -0.186876 -0.014155 0.054435 0.073065 0.036416 0.035891 2.591781 2.885740 2.260582 1.012948 -0.088636 0.104380 -0.005950 -0.037213 -1.181161 -4.138605 -0.786143 -0.295773 -0.101294 -0.364216 -0.688501 -1.897165 -5.409834 -4.167044 -0.746431 -0.522604 -0.008952 0.042759 0.044294 0.686095 1.566775 0.061290 -0.160990 -1.407398 -0.797817 -0.482307 -0.072440 -0.001753 -4.342913 -5.170269 -5.261818 -3.546252 -5.122202 -1.918180 -1.837394 -9999.0 -9999.0 -9999.0 -9999.0 -9999.0 -9999.0
-9999.0 -9999.0 -9999.0 -9999.0 -9999.0 -9999.0 -9999.0 -9999.0 -9999.0 -1.696178 -0.575941 -0.418494 -0.061539 -0.020211 -0.162630 -0.149307 -0.005022 0.771138 2.325752 3.199056 2.530040 0.235272 0.066396 0.649117 0.103713 -0.382408 -0.337809 -0.181379 -0.178231 0.032886 0.021733 -2.290841 -3.981689 -6.690221 -5.278292 -4.173204 -0.698184 -0.789199 -0.542294 -0.178189 -0.394536 -0.013280 -0.079544 1.087926 0.452863 0.036648 0.132744 -0.004804 -0.005697 0.672822 -0.615202 -4.708004 -4.263021 -7.060613 -5.504558 -1.699818 -1.496852 -3.758866 -5.000739 -9999.0 -9999.0 -9999.0 -9999.0
-9999.0 -9999.0 -9999.0 -9999.0 -9999.0 -9999.0 -9999.0 -9999.0 -9999.0 -1.683914 -1.692958 -0.675608 0.805566 0.032570 -0.002112 -0.010125 0.093632 0.530171 2.833810 4.245848 3.928588 3.270794 1.764790 0.104100 -0.253106 -0.126308 -0.003182 0.071673 0.068110 0.053043 0.025639 -1.760475 -1.397604 -2.161172 -1.576619 -2.014120 -2.112030 -2.645120 -0.562981 -0.627688 -0.520287 -0.191506 -0.003366 0.036815 1.634601 1.269820 0.884458 0.075570 0.007554 0.031817 -2.196675 -1.370573 -6.589130 -3.651630 -4.514086 -1.943194 -1.398485 -0.616543 -2.231569 -9999.0 -9999.0 -9999.0 -9999.0
-9999.0 -9999.0 -9999.0 -9999.0 -9999.0 -9999.0 -9999.0 -9999.0 -9999.0 -9999.0 -1.814947 -0.618108 -0.151413 -0.000153 0.078159 0.003729 0.055667 1.348534 3.461238 4.151754 2.906213 1.345861 0.025884 -0.092874 -0.080799 0.064889 0.005056 0.359792 0.034613 -1.577738 -1.712115 -0.508589 -1.757005 -1.975332 -0.774435 -0.245426 0.018245 -0.176111 -1.645770 -1.751209 -1.298614 -0.605839 0.038748 -0.104938 -0.163868 -0.155062 0.027411 2.298432 2.493066 0.018817 -2.446265 -1.254818 -5.628755 -6.306694 -4.351945 -2.132415 -1.252036 0.026757 0.056700 0.083381 -9999.0 -9999.0 -9999.0
-9999.0 -9999.0 -9999.0 -9999.0 -9999.0 -9999.0 -9999.0 -9999.0 -9999.0 -9999.0 -1.864133 -0.868931 -0.690575 -0.146524 2.090117 0.069673 0.059273 1.878668 4.027485 4.602394 2.737080 0.606124 0.021520 -0.001942 0.047966 0.894731 1.028093 -0.047060 -1.430485 -1.001013 -1.759523 -0.686889 -3.866970 -1.569930 -1.749042 -0.580056 -0.146001 -0.174086 -1.332545 -1.399309 -1.274310 -1.089330 -0.489120 -0.758380 -0.560147 -1.122749 -0.129989 -0.287702 0.999743 2.206911 -0.002914 -0.613724 -1.835982 -5.234726 -5.740834 -5.194021 -1.536505 -0.427876 0.769526 2.137935 -9999.0 -9999.0 -9999.0
-9999.0 -9999.0 -9999.0 -9999.0 -9999.0 -9999.0 -9999.0 -9999.0 -0.781313 -0.620440 -0.685626 -0.709425 -0.498153 -0.478965 -0.552363 1.460952 1.717931 4.066906 4.903127 4.949818 4.386892 2.825336 1.898775 0.104087 0.490305 1.454892 1.587651 -1.177249 -0.634635 -1.671326 -4.413136 -1.752684 -1.684279 -1.532118 -1.061461 -1.132951 -0.137825 -0.003635 -0.978464 -2.842697 -3.369275 -0.645200 -3.715833 -3.253130 -0.408341 -0.006895 -0.927077 -0.479136 -0.159390 2.714038 0.021045 -0.888852 -1.560188 -3.330592 -4.932634 -1.930952 -3.451898 0.088855 0.036095 2.991863 -9999.0 -9999.0 -9999.0
-9999.0 -9999.0 -9999.0 -9999.0 -9999.0 -9999.0 -9999.0 -9999.0 -1.072621 -0.554219 -1.552562 -1.387339 -1.036969 -0.408174 -0.112832 0.029229 0.973131 1.466453 4.199113 5.380630 6.093106 5.496522 4.161368 2.889288 2.319012 2.064300 0.107888 -0.173354 -3.751783 -1.979669 -2.153008 -3.205215 -0.802201 -3.610660 -0.771533 -0.722957 0.073813 0.016554 -0.288011 -0.761553 -1.793864 -1.125306 -3.732619 -0.756142 -0.099052 -0.524104 -4.016745 -1.031807 -0.165803 0.498623 2.211624 -0.045935 -2.198421 -1.574644 -0.458149 -1.903026 -0.003992 -0.057004 2.534447 5.443614 5.951301 -9999.0 -9999.0
-9999.0 -9999.0 -9999.0 -9999.0 -9999.0 -9999.0 -9999.0 -9999.0 -1.728533 -0.422491 -0.632927 -1.000065 -0.756658 -2.628799 -0.097758 -0.104288 0.045895 1.381632 4.550933 6.156388 5.787393 6.210679 5.637581 4.512395 4.633492 2.038180 0.235347 -1.228373 -3.193550 -0.858884 -3.113297 -0.287771 -1.255422 -0.784369 -0.433031 0.174307 0.010222 1.581213 -0.452207 -0.487427 -0.760847 -3.331695 -0.758917 -0.661087 -0.938285 -0.749488 -2.794395 -0.569573 -0.320622 -0.011926 1.989911 0.018424 -1.729990 -1.344128 -0.011490 -0.007102 0.247708 2.284287 4.215525 4.982663 5.877826 -9999.0 -9999.0
-9999.0 -9999.0 -9999.0 -9999.0 -9999.0 -9999.0 -9999.0 -9999.0 -4.857945 -0.723620 -0.459488 -3.397477 -0.780490 -0.578866 -0.830489 0.041789 2.934936 4.354612 4.084994 4.956041 5.333274 5.792773 6.275170 5.674945 3.024937 0.661001 -0.001742 -0.425503 0.005340 -0.191936 -0.526448 -0.178636 0.024546 0.071000 -0.167868 0.069452 1.007675 2.353874 0.054636 -0.110779 -0.123406 -0.297017 -0.319293 -0.394490 -0.243993 -2.186335 -0.778435 -2.336528 -0.236170 -0.005821 0.002399 1.545443 0.026650 0.081940 0.850716 1.690164 3.170964 3.631589 4.889278 5.688342 4.097134 2.044141 -9999.0
-9999.0 -9999.0 -9999.0 -9999.0 -9999.0 -9999.0 -9999.0 -9999.0 -1.751983 -0.745105 -0.388406 -0.621380 -0.909269 -0.463020 0.997502 1.985547 2.992691 1.799750 0.436270 1.798316 4.063349 5.398346 5.570542 5.352917 3.469764 0.091787 -0.126061 0.051688 0.155814 0.098207 -0.006277 0.070136 0.739581 0.524544 0.140260 0.835710 1.999190 3.796855 2.746470 1.396118 0.332396 0.068365 0.178999 0.030457 -0.020711 0.037473 -0.180122 0.024628 0.007558 0.022711 1.779737 1.417012 1.290177 2.074510 2.768068 3.131038 4.071639 4.678433 4.500451 3.926881 2.062156 0.714101 -9999.0
-9999.0 -9999.0 -0.535280 -0.787936 -0.834132 -0.129296 -0.557561 -1.495199 -1.977737 -1.576784 -0.527785 -0.406423 -0.430250 0.626402 2.867090 2.167396 -0.367904 -0.285365 -0.019206 0.063114 1.764510 4.153760 5.050792 5.700588 3.788298 1.295981 0.076443 0.087182 1.473463 1.396015 0.047118 0.249291 3.066539 1.179065 2.597520 3.167385 5.058346 5.524316 4.036833 3.048410 3.013366 2.555450 1.756788 1.514361 0.060053 0.170725 0.306609 0.339589 2.401959 3.243236 4.151272 4.327801 3.801809 3.424065 3.306020 4.172843 3.277511 3.442659 1.559312 1.645562 0.891889 0.115607 -9999.0
-9999.0 -0.017653 -0.525161 -0.552250 -0.265982 -0.506502 -0.547957 -1.590929 -1.849151 -1.974838 -1.288561 -1.190474 0.142594 1.736865 1.934159 -0.777901 -0.536102 -0.324369 -0.021185 0.055005 1.808982 2.947077 3.880893 3.848555 5.023362 3.588507 3.597587 3.836036 3.670181 2.915589 2.699458 1.463860 2.145082 4.876484 5.526690 6.973294 8.146862 8.757690 7.624997 7.082890 6.277338 5.413338 4.752182 2.711291 1.844516 2.796942 4.173295 4.347931 5.302227 4.067788 4.733002 4.146446 3.012372 2.460023 2.410368 1.668729 0.630337 0.852674 0.464587 0.164365 -0.003443 0.024306 -9999.0
-9999.0 -0.009242 -0.151537 -0.006096 0.356982 -0.159366 -0.580747 -0.461078 -0.704682 -0.709202 -0.374305 -0.518297 0.100083 1.991013 -0.287671 -1.754310 -1.538206 -0.357569 -0.245088 -0.156949 0.466646 1.103987 1.246109 1.256722 4.421920 5.338506 5.088803 5.235941 5.214523 4.807874 5.604855 5.142913 4.744175 5.513355 6.908411 7.895198 9.815970 12.093793 9.697706 9.891775 8.949356 7.556451 6.484692 6.659307 7.115974 6.501853 6.634600 6.392741 5.783834 5.315791 3.220491 0.829019 0.634378 0.887127 0.575724 -0.367311 -0.125850 -0.430222 -0.415073 -0.509038 -0.424031 -9999.0 -9999.0
