user2019/resources/simulation/Vinschgau/output-maps/TL0008N1069.asc
ncols         63
nrows         48
xllcorner     598000.000000
yllcorner     5145000.000000
cellsize      1000.000000
NODATA_value  -9999.0
[rows 0 to 27 of 48, columns 0 to 62 of 63]
-9999.0 -9999.0 -9999.0 -9999.0 -9999.0 -9999.0 -9999.0 -9999.0 -9999.0 -9999.0 -9999.0 -9999.0 -9999.0 -9999.0 -9999.0 -9999.0 -9999.0 -9999.0 -9999.0 -9999.0 -9999.0 -9999.0 -9999.0 -9999.0 -9999.0 -9999.0 -9999.0 -9999.0 -9999.0 -9999.0 -9999.0 -9999.0 -9999.0 -9999.0 -9999.0 -9999.0 -9999.0 -9999.0 -9999.0 -9999.0 -9999.0 -9999.0 -9999.0 -9999.0 -9999.0 -9999.0 -9999.0 -9999.0 -9999.0 -9999.0 -9999.0 -9999.0 -9999.0 -9999.0 -9999.0 -9999.0 -9999.0 -9999.0 -9999.0 -9999.0 -9999.0 -9999.0 -9999.0
-9999.0 -9999.0 -9999.0 -9999.0 -9999.0 -9999.0 -9999.0 -9999.0 -9999.0 -9999.0 -9999.0 -9999.0 -9999.0 -9999.0 -9999.0 -9999.0 -9999.0 -9999.0 -9999.0 -9999.0 -9999.0 -9999.0 -9999.0 -9999.0 -9999.0 -9999.0 -9999.0 -1.116290 -1.441489 -1.972526 -2.435065 -2.043074 -2.532540 -9999.0 -9999.0 -9999.0 -9999.0 -9999.0 -9999.0 -9999.0 -9999.0 -9999.0 -9999.0 -9999.0 -9999.0 -9999.0 -9999.0 -9999.0 -9999.0 -9999.0 -9999.0 -9999.0 -9999.0 -9999.0 -9999.0 -9999.0 -9999.0 -9999.0 -9999.0 -9999.0 -9999.0 -9999.0 -9999.0
-9999.0 -9999.0 -9999.0 -9999.0 -9999.0 -9999.0 -9999.0 -9999.0 -9999.0 -9999.0 -9999.0 -9999.0 -9999.0 -9999.0 -9999.0 -9999.0 -9999.0 -9999.0 -9999.0 -9999.0 -9999.0 -9999.0 -9999.0 -9999.0 -0.398232 -0.442147 -0.660837 -0.291604 -1.034028 -1.221169 -2.132397 -9999.0 -9999.0 -9999.0 -9999.0 -9999.0 -9999.0 -9999.0 -9999.0 -9999.0 -9999.0 -9999.0 -9999.0 -9999.0 -9999.0 -9999.0 -9999.0 -9999.0 -9999.0 -9999.0 -9999.0 -9999.0 -9999.0 -9999.0 -9999.0 -9999.0 -9999.0 -9999.0 -9999.0 -9999.0 -9999.0 -9999.0 -9999.0
-9999.0 -9999.0 -9999.0 -9999.0 -9999.0 -9999.0 -9999.0 -9999.0 -9999.0 -9999.0 -9999.0 -9999.0 -9999.0 -9999.0 -9999.0 -9999.0 -9999.0 -9999.0 -9999.0 -9999.0 -9999.0 -9999.0 -9999.0 -0.267007 -0.195223 1.320040 1.763228 2.421673 1.580560 -0.365448 -2.057797 -2.167612 -9999.0 -9999.0 -9999.0 -9999.0 -9999.0 -9999.0 -9999.0 -9999.0 -9999.0 -9999.0 -9999.0 -9999.0 -9999.0 -9999.0 -9999.0 -9999.0 -9999.0 -9999.0 -9999.0 -9999.0 -9999.0 -9999.0 -9999.0 -9999.0 -9999.0 -9999.0 -9999.0 -9999.0 -9999.0 -9999.0 -9999.0
-9999.0 -9999.0 -9999.0 -9999.0 -9999.0 -9999.0 -9999.0 -9999.0 -9999.0 -9999.0 -9999.0 -9999.0 -9999.0 -9999.0 -9999.0 -9999.0 -9999.0 -9999.0 2.748648 -0.085805 -9999.0 -0.216854 -0.115830 1.095492 1.396743 2.689456 1.760072 1.653834 1.082236 -0.002041 -0.475768 -2.110238 -2.219082 -2.671108 -9999.0 -9999.0 -9999.0 -9999.0 -9999.0 -9999.0 -9999.0 -9999.0 -9999.0 -9999.0 -9999.0 -9999.0 -9999.0 -9999.0 -9999.0 -9999.0 -9999.0 -9999.0 -9999.0 -9999.0 -9999.0 -9999.0 -9999.0 -9999.0 -9999.0 -9999.0 -9999.0 -9999.0 -9999.0
-9999.0 -9999.0 -9999.0 -9999.0 -9999.0 -9999.0 -9999.0 -9999.0 -9999.0 -9999.0 -9999.0 -9999.0 -9999.0 -9999.0 -9999.0 -9999.0 -9999.0 4.709620 3.340053 2.574649 -0.016752 -0.000959 -0.002035 0.015011 2.053385 -0.002332 -0.412986 -0.001830 -0.003140 0.204929 -0.114983 -0.618777 -1.611065 -1.420424 -2.429100 -3.104571 -9999.0 -9999.0 -9999.0 -9999.0 -9999.0 -9999.0 -9999.0 -9999.0 -9999.0 -9999.0 -9999.0 -9999.0 -9999.0 -9999.0 -9999.0 -9999.0 -9999.0 -9999.0 -9999.0 -9999.0 -9999.0 -9999.0 -9999.0 -9999.0 -9999.0 -9999.0 -9999.0
-9999.0 -9999.0 -9999.0 -9999.0 -9999.0 -9999.0 -9999.0 -9999.0 -9999.0 -9999.0 -9999.0 -9999.0 -9999.0 -0.059818 0.705576 2.859970 4.332121 8.135562 4.370776 2.322181 1.559902 1.155629 1.785400 2.216314 -0.001838 -0.086734 -1.031515 -2.353605 -0.505344 -0.002027 -1.191433 -0.694981 -1.666088 -1.777168 -2.964201 -3.036470 -9999.0 -9999.0 -9999.0 -9999.0 -9999.0 -9999.0 -9999.0 -9999.0 -9999.0 -9999.0 -9999.0 -9999.0 -9999.0 -9999.0 -9999.0 -9999.0 -9999.0 -9999.0 -9999.0 -9999.0 -9999.0 -9999.0 -9999.0 -9999.0 -9999.0 -9999.0 -9999.0
-9999.0 -9999.0 -9999.0 -9999.0 -9999.0 -9999.0 -9999.0 -9999.0 -9999.0 -9999.0 -9999.0 -9999.0 -9999.0 -0.001532 2.609469 3.606643 3.560901 6.290256 8.215908 3.380472 3.527662 3.368629 1.706899 0.567906 -0.002026 -0.004735 -0.664652 -2.144383 -1.698441 -1.357295 -2.557186 -1.806088 -2.062014 -6.539345 -3.142572 -9999.0 -9999.0 -9999.0 -9999.0 -9999.0 -9999.0 -9999.0 -9999.0 -9999.0 -9999.0 -9999.0 -9999.0 -9999.0 -9999.0 -9999.0 -9999.0 -9999.0 -9999.0 -9999.0 -9999.0 -9999.0 -9999.0 -9999.0 -9999.0 -9999.0 -9999.0 -9999.0 -9999.0
-9999.0 -9999.0 -9999.0 -9999.0 -9999.0 -9999.0 -9999.0 -9999.0 -9999.0 -9999.0 -9999.0 -9999.0 -9999.0 2.516100 2.963307 3.798920 3.114453 3.930769 8.499641 4.330885 4.216775 1.241471 -0.002347 -0.002345 -0.001630 -0.001539 -0.233507 -1.915452 -2.188881 -5.757356 -1.898890 -7.097777 -7.327591 -9.785385 -3.411383 -9999.0 -9999.0 -9999.0 -9999.0 -9999.0 -9999.0 -9999.0 -9999.0 -9999.0 -9999.0 -9999.0 -9999.0 -9999.0 -9999.0 -9999.0 -9999.0 -9999.0 -9999.0 -9999.0 -9999.0 -9999.0 -9999.0 -9999.0 -9999.0 -9999.0 -9999.0 -9999.0 -9999.0
-9999.0 -9999.0 -9999.0 -9999.0 -9999.0 -9999.0 -9999.0 -9999.0 -9999.0 -9999.0 -9999.0 -9999.0 0.904890 2.288262 3.129274 1.416575 1.452975 3.417940 6.903497 4.449984 1.468295 -0.002030 -0.422745 -0.004490 -1.299574 -0.707678 -2.410087 -2.105546 -1.852645 -3.122972 -6.975374 -2.254760 -2.841575 -3.163792 -9999.0 -9999.0 -9999.0 -9999.0 -9999.0 -9999.0 -9999.0 -9999.0 -9999.0 -9999.0 -9999.0 -9999.0 -9999.0 -9999.0 -9999.0 -9999.0 -9999.0 -9999.0 -9999.0 -9999.0 -9999.0 -9999.0 -9999.0 -9999.0 -9999.0 -9999.0 -9999.0 -9999.0 -9999.0
-9999.0 -9999.0 -9999.0 -9999.0 -9999.0 -9999.0 -9999.0 -9999.0 -9999.0 -9999.0 -9999.0 -0.072101 2.202874 1.722176 2.415925 1.925151 3.492854 3.580318 6.659515 4.920499 2.206460 0.912398 -0.176345 -0.400685 -1.335765 -1.566604 -1.798293 -2.037461 -1.696692 -2.856457 -2.317677 -1.795510 -2.957381 -2.591127 -3.034470 -2.707188 -2.000736 -2.078375 -2.208033 -9999.0 -9999.0 -9999.0 -2.721328 -9999.0 -9999.0 -9999.0 -9999.0 -9999.0 -9999.0 -9999.0 -9999.0 -9999.0 -9999.0 -9999.0 -9999.0 -9999.0 -9999.0 -9999.0 -9999.0 -9999.0 -9999.0 -9999.0 -9999.0
-9999.0 -9999.0 -9999.0 -9999.0 -9999.0 -9999.0 -9999.0 -9999.0 -9999.0 -9999.0 -9999.0 -0.076657 2.295337 3.766540 4.155175 -0.043198 5.798751 4.347418 6.830156 4.740517 4.169302 -0.002400 -0.205664 -1.552932 -3.166065 -1.850961 -1.478713 -1.557310 -1.801633 -2.608914 -1.932534 -1.062937 -2.047055 -3.296095 -2.603230 -1.937260 -1.164002 -0.759179 -1.085057 -2.479276 -2.476959 -2.641761 -2.325382 -2.074698 -9999.0 -9999.0 -9999.0 -3.609407 -2.904677 -3.563798 -2.639007 -3.259364 -3.586114 -3.171849 -3.967921 -3.582575 -9999.0 -9999.0 -9999.0 -9999.0 -9999.0 -9999.0 -9999.0
-9999.0 -9999.0 -9999.0 -9999.0 -9999.0 -9999.0 -9999.0 -9999.0 -9999.0 -9999.0 -9999.0 -0.113970 -0.060865 -0.012636 0.381923 -0.002819 1.086631 3.584458 5.597446 4.728046 1.739751 -0.002228 -1.435793 -0.330403 -1.292684 -0.965889 -2.816839 -2.829618 -1.396635 -2.610763 -1.747779 -3.305662 -1.487653 -2.002746 -2.652210 -1.408293 -2.464322 -2.074240 -0.088752 -1.553936 -2.025086 -1.917303 -1.521106 -1.802923 -2.206283 -9999.0 -3.288717 -3.903566 -1.997889 -1.681418 -1.574718 -1.692777 -1.908215 -1.954539 -2.472023 -2.003233 -9999.0 -9999.0 -9999.0 -9999.0 -9999.0 -9999.0 -9999.0
-9999.0 -9999.0 -9999.0 -9999.0 -9999.0 -9999.0 -9999.0 -9999.0 -9999.0 -9999.0 -9999.0 -9999.0 -0.099891 -0.001404 -0.004111 -0.002362 0.173006 2.661857 6.396052 4.679409 1.766853 -0.002249 -1.239200 -2.536577 -1.948040 -1.390108 -0.126746 -0.955119 -2.184612 -2.070041 -1.964608 -3.086256 -1.359794 -2.385791 -2.352398 -1.744992 -2.948319 -1.937833 0.933486 -0.248196 -1.092591 -0.164294 -2.514280 -0.606275 -1.807978 -2.321697 -2.756167 -2.120544 -4.019061 -2.615422 -0.000684 -2.972081 -3.022387 -3.615807 -4.194314 -2.180051 -2.013819 -9999.0 -9999.0 -9999.0 -9999.0 -9999.0 -9999.0
-9999.0 -9999.0 -9999.0 -9999.0 -9999.0 -9999.0 -9999.0 -9999.0 -9999.0 -9999.0 -9999.0 -1.652733 -0.137562 -0.081808 -0.469462 -0.001191 0.406630 1.821904 5.838624 3.879463 2.249036 0.209525 -0.001771 -1.312133 -1.416661 -1.819406 -2.024735 -1.967167 -2.000232 -0.906950 -2.849001 -2.264561 -0.637527 -2.197876 -2.401218 -2.261774 -1.280454 -2.018181 -0.005008 -0.052042 -1.134721 -0.002457 -0.939684 -1.750586 -0.199854 -1.893653 -1.932584 -0.812776 -0.162020 -0.007608 -2.841342 -1.906540 -4.500607 -5.111875 -5.980599 -7.006063 -2.465604 -9999.0 -9999.0 -9999.0 -9999.0 -9999.0 -9999.0
-9999.0 -9999.0 -9999.0 -9999.0 -9999.0 -9999.0 -9999.0 -9999.0 -9999.0 -9999.0 -0.115667 -2.036091 -0.132388 -0.094478 -0.005731 -0.003225 -0.005581 -0.002344 3.144604 3.519347 3.138741 1.953969 -0.423436 -0.063404 -0.001237 -1.552806 -1.343481 -4.141632 -0.374322 -0.350683 -1.725580 -1.815795 -0.724253 -2.014700 -3.096675 -1.921238 -1.058903 -2.778372 -0.892317 -0.001758 -0.002314 1.118960 4.158489 0.603687 -0.002321 -0.581164 -0.627817 -2.395026 -1.665294 -0.001077 -4.481034 -2.788084 -6.429293 -7.645546 -7.116065 -2.061790 -2.061753 -9999.0 -9999.0 -9999.0 -9999.0 -9999.0 -9999.0
-9999.0 -9999.0 -9999.0 -9999.0 -9999.0 -9999.0 -9999.0 -9999.0 -9999.0 -1.380807 -0.442648 -1.956915 -1.443254 -0.677184 -0.032336 -0.023057 -0.002499 1.565914 3.075553 3.670685 3.445449 0.213268 -0.002541 -0.001799 -0.000713 -1.309848 -2.130378 -0.115049 -0.780775 -0.002299 -0.000958 -1.507177 -1.417763 -6.573129 -2.438399 -2.148972 -1.302050 -3.195920 -1.716450 -1.635883 -1.073036 -0.368093 -0.333312 1.488414 0.625337 -0.006895 -0.011017 -0.747458 -0.819471 -0.000542 -1.313213 -2.519663 -8.365906 -4.321858 -3.458718 -4.338362 -3.699314 -1.923700 -3.016649 -9999.0 -9999.0 -9999.0 -9999.0
-9999.0 -9999.0 -9999.0 -9999.0 -9999.0 -9999.0 -9999.0 -9999.0 -9999.0 -1.898140 -0.970771 -0.145980 -0.000571 -0.001224 -0.004085 -0.655031 -0.003527 -0.001073 3.651679 4.383225 4.003956 3.723645 2.243119 -0.000496 -0.923030 -1.235535 -0.670267 -0.001210 -0.001095 -0.000555 -0.008379 -1.882981 -1.900207 -1.982358 -2.347730 -1.643931 -1.161495 -0.295548 -1.002953 -0.618294 -2.415736 -1.315625 -0.317254 0.050917 1.954062 1.684020 1.355522 -0.002305 -0.002319 -0.001022 -2.758113 -4.981334 -4.316869 -5.107391 -3.727652 -5.358187 -3.429039 -2.722636 -1.036211 -9999.0 -9999.0 -9999.0 -9999.0
-9999.0 -9999.0 -9999.0 -9999.0 -9999.0 -9999.0 -9999.0 -9999.0 -9999.0 -9999.0 -1.879543 -0.799874 -0.008363 -0.001929 -0.002266 -0.002493 -0.001129 1.226276 4.455598 3.811602 4.068976 2.189993 -0.001781 -0.505148 -1.278018 -0.002019 -0.001161 0.665953 -0.008763 -1.445830 -1.790213 -2.666867 -3.199212 -2.330807 -1.529975 -0.636134 -0.160000 -0.510904 -1.144268 -1.861952 -1.599589 -0.272662 -0.003037 -0.004697 -0.001663 -0.001851 0.910543 2.643609 2.077291 -0.002265 -1.713775 -3.373053 -3.484679 -4.444691 -5.181048 -3.145366 -1.492261 -1.510644 -1.270318 -0.001608 -9999.0 -9999.0 -9999.0
-9999.0 -9999.0 -9999.0 -9999.0 -9999.0 -9999.0 -9999.0 -9999.0 -9999.0 -9999.0 -2.257355 -0.932523 -0.177401 -0.002927 1.586367 -0.003094 -0.002631 2.115943 4.838232 5.047020 3.015099 0.920368 -0.002288 -0.027626 -0.002027 -0.001037 1.315195 -0.001991 -1.132985 -2.915460 -1.598957 -1.036473 -3.920531 -2.073800 -1.637394 -0.364217 -1.477418 -1.834315 -1.931398 -2.014533 -1.808698 -0.426408 -2.535524 -0.246136 -0.011949 -0.421542 -0.000897 -0.001682 2.229497 1.771095 -0.002425 -1.437101 -3.815403 -3.621368 -4.872451 -4.134320 -2.246974 -1.205608 0.989273 1.625867 -9999.0 -9999.0 -9999.0
-9999.0 -9999.0 -9999.0 -9999.0 -9999.0 -9999.0 -9999.0 -9999.0 -1.421057 -1.919313 -1.929125 -1.348331 -2.571563 -1.349001 -0.055394 1.222860 2.459325 4.673467 4.747222 5.555567 4.775724 3.616363 2.509544 0.709685 -0.001744 1.588531 1.825238 -0.658542 -1.286563 -2.871207 -6.199973 -1.905909 -1.997559 -2.130467 -1.920398 -0.741099 -0.061541 -0.604046 -2.381431 -1.622500 -1.053433 -0.634352 -2.830024 -1.364811 -0.133389 -0.095511 -2.205430 -1.272452 -0.001758 1.855595 -0.002033 -0.578583 -3.694761 -5.335772 -3.793752 -1.838447 -1.750585 -0.088346 -0.001888 3.576822 -9999.0 -9999.0 -9999.0
-9999.0 -9999.0 -9999.0 -9999.0 -9999.0 -9999.0 -9999.0 -9999.0 -2.900889 -2.956909 -2.317291 -1.879824 -0.803935 -1.995484 -0.775718 -0.001869 1.460050 2.083817 5.198544 6.083045 7.254881 6.188175 5.452588 4.677417 2.950944 2.760382 0.544562 -0.529992 -3.855481 -2.090562 -1.939633 -1.286902 -1.877170 -1.101221 -1.420350 -0.296352 -0.030913 -0.005923 -1.489800 -0.424287 -1.841058 -5.038210 -0.970739 -0.435915 -0.188485 -2.641232 -3.565430 -0.493517 -0.251393 1.230072 1.485385 -0.009878 -3.935128 -2.085667 -1.231313 -1.975673 -1.068063 -0.002445 2.207691 4.608702 5.963982 -9999.0 -9999.0
-9999.0 -9999.0 -9999.0 -9999.0 -9999.0 -9999.0 -9999.0 -9999.0 -1.740400 -0.660039 -0.577738 -3.124866 -1.371995 -2.623998 -1.378657 -0.638834 -0.003447 1.886007 5.095355 7.187717 6.551928 7.003831 6.819367 4.957143 4.659339 2.784997 -0.001667 -1.083862 -4.747740 -1.960526 -0.833688 -0.744057 -1.494645 -1.367500 -0.249034 -0.065482 -0.005847 1.299008 -0.117659 -2.420639 -1.317131 -0.633749 -0.437239 -0.730365 -2.138607 -0.913585 -1.648509 -1.222192 -1.723987 -0.001443 2.221102 -0.002031 -2.770717 -3.741694 -1.330813 -0.642233 0.750458 2.091398 4.297868 4.887047 5.228796 -9999.0 -9999.0
-9999.0 -9999.0 -9999.0 -9999.0 -9999.0 -9999.0 -9999.0 -9999.0 -2.638988 -0.816115 -0.013560 -4.260581 -0.503499 -1.243082 -1.092420 -0.001921 3.672568 4.886667 4.671574 5.364523 5.935711 6.297197 6.750879 6.247320 3.225427 0.672712 -0.001965 -1.829954 -0.114869 -2.302090 -1.448326 -2.006482 -0.003701 -0.631469 -0.264283 -0.059429 2.146046 3.612711 0.348542 -0.003385 -0.130461 -0.316394 -0.440211 -0.130218 -0.604890 -0.615292 -0.428053 -0.577369 -0.668880 -1.152818 -0.001726 1.846716 -0.001948 -1.278399 -0.000605 1.305529 2.890405 4.115497 5.139106 4.998255 4.113078 2.186265 -9999.0
-9999.0 -9999.0 -9999.0 -9999.0 -9999.0 -9999.0 -9999.0 -9999.0 -2.689770 -1.558129 -2.110434 -1.422241 -0.747087 -0.738642 0.000247 1.753449 3.124825 2.120594 0.412866 2.478276 4.390286 5.649660 5.929016 5.648780 3.871382 -0.003152 -0.940754 -0.002023 -0.001143 -0.005863 -0.395822 -0.000914 1.687987 0.703684 -0.002207 0.655382 2.087367 5.632545 5.107917 1.604044 -0.002134 -0.002346 -0.002992 -0.002554 -1.337919 -0.104208 -0.363028 -1.228875 -0.225733 -0.002273 1.059007 1.285386 1.608060 1.423414 1.841945 2.092178 2.984129 3.781493 4.394958 4.142226 3.728426 1.609313 -9999.0
-9999.0 -9999.0 -0.898170 -0.589936 -3.330193 -1.242106 -2.811907 -3.120776 -2.176776 -1.920967 -2.357895 -0.002153 -0.148367 -0.002104 2.306856 1.213584 -0.001554 -1.075991 -0.463208 -0.002041 2.352657 5.024917 4.567030 5.844283 3.717670 1.637899 -0.003123 -0.002718 1.731996 2.021242 -0.002000 0.133137 3.959817 2.858450 3.209862 4.188863 5.780175 7.933469 6.899674 4.186225 3.318123 3.237176 3.262289 1.932474 -0.001596 -0.002250 1.121856 1.085307 1.913969 2.850367 3.585234 3.266723 2.690688 2.236561 2.143462 4.411453 2.776839 3.186452 2.854856 2.933924 2.797434 0.861918 -9999.0
-9999.0 -1.420864 -2.680937 -1.726843 -1.229118 -2.068299 -1.980630 -2.500500 -3.479248 -2.069686 -1.655749 -0.712070 -0.000183 -0.000317 1.245506 -0.315483 -1.254397 -1.549513 -1.257645 -0.002069 2.087041 3.847175 4.498497 4.237215 5.641685 3.480495 3.526603 3.737718 3.577865 2.448674 2.315492 2.371935 3.828830 6.144354 6.695847 7.638878 9.886199 10.912301 9.341288 7.532027 7.327679 7.035828 5.950430 4.401943 3.117389 3.415189 3.626940 5.555052 5.597596 5.560809 4.054379 3.289536 2.549659 1.807996 1.731227 1.298170 0.554083 0.896245 1.035646 1.475189 0.148295 0.657801 -9999.0
-9999.0 -0.093027 -1.167496 -0.429821 -0.000560 -0.451546 -2.366438 -3.006102 -1.978135 -2.016848 -2.171235 -1.093815 -0.001818 1.343038 -0.171043 -3.071223 -2.339591 -1.856997 -0.618062 -0.004111 1.956354 1.533830 2.456544 2.261679 4.930767 5.828044 5.174507 5.514909 4.865387 6.059100 6.265288 6.012476 5.541534 6.428094 8.565271 9.705395 13.194208 14.460102 12.365256 11.613452 10.724572 9.528838 9.018004 7.728880 7.672879 7.532319 6.680735 6.215448 5.570085 4.856174 3.265772 1.594708 0.660924 1.265652 0.495311 -0.002048 -0.273193 -0.002065 -0.001760 -0.002024 -0.001761 -9999.0 -9999.0
