user2019/resources/simulation/Vinschgau/output-maps/TL0006N1117.asc
ncols         63
nrows         48
xllcorner     598000.000000
yllcorner     5145000.000000
cellsize      1000.000000
NODATA_value  -9999.0
[rows 0 to 27 of 48, columns 0 to 62 of 63]
-9999.0 -9999.0 -9999.0 -9999.0 -9999.0 -9999.0 -9999.0 -9999.0 -9999.0 -9999.0 -9999.0 -9999.0 -9999.0 -9999.0 -9999.0 -9999.0 -9999.0 -9999.0 -9999.0 -9999.0 -9999.0 -9999.0 -9999.0 -9999.0 -9999.0 -9999.0 -9999.0 -9999.0 -9999.0 -9999.0 -9999.0 -9999.0 -9999.0 -9999.0 -9999.0 -9999.0 -9999.0 -9999.0 -9999.0 -9999.0 -9999.0 -9999.0 -9999.0 -9999.0 -9999.0 -9999.0 -9999.0 -9999.0 -9999.0 -9999.0 -9999.0 -9999.0 -9999.0 -9999.0 -9999.0 -9999.0 -9999.0 -9999.0 -9999.0 -9999.0 -9999.0 -9999.0 -9999.0
-9999.0 -9999.0 -9999.0 -9999.0 -9999.0 -9999.0 -9999.0 -9999.0 -9999.0 -9999.0 -9999.0 -9999.0 -9999.0 -9999.0 -9999.0 -9999.0 -9999.0 -9999.0 -9999.0 -9999.0 -9999.0 -9999.0 -9999.0 -9999.0 -9999.0 -9999.0 -9999.0 0.412395 -0.059218 0.838431 -0.829865 -0.265453 -0.920224 -9999.0 -9999.0 -9999.0 -9999.0 -9999.0 -9999.0 -9999.0 -9999.0 -9999.0 -9999.0 -9999.0 -9999.0 -9999.0 -9999.0 -9999.0 -9999.0 -9999.0 -9999.0 -9999.0 -9999.0 -9999.0 -9999.0 -9999.0 -9999.0 -9999.0 -9999.0 -9999.0 -9999.0 -9999.0 -9999.0
-9999.0 -9999.0 -9999.0 -9999.0 -9999.0 -9999.0 -9999.0 -9999.0 -9999.0 -9999.0 -9999.0 -9999.0 -9999.0 -9999.0 -9999.0 -9999.0 -9999.0 -9999.0 -9999.0 -9999.0 -9999.0 -9999.0 -9999.0 -9999.0 -0.047614 -0.038868 -0.042796 -0.038171 -0.074982 -0.104531 -0.272616 -9999.0 -9999.0 -9999.0 -9999.0 -9999.0 -9999.0 -9999.0 -9999.0 -9999.0 -9999.0 -9999.0 -9999.0 -9999.0 -9999.0 -9999.0 -9999.0 -9999.0 -9999.0 -9999.0 -9999.0 -9999.0 -9999.0 -9999.0 -9999.0 -9999.0 -9999.0 -9999.0 -9999.0 -9999.0 -9999.0 -9999.0 -9999.0
-9999.0 -9999.0 -9999.0 -9999.0 -9999.0 -9999.0 -9999.0 -9999.0 -9999.0 -9999.0 -9999.0 -9999.0 -9999.0 -9999.0 -9999.0 -9999.0 -9999.0 -9999.0 -9999.0 -9999.0 -9999.0 -9999.0 -9999.0 -0.032502 -0.011363 2.280218 2.770061 3.381556 2.415237 -0.024000 -0.399157 -0.301853 -9999.0 -9999.0 -9999.0 -9999.0 -9999.0 -9999.0 -9999.0 -9999.0 -9999.0 -9999.0 -9999.0 -9999.0 -9999.0 -9999.0 -9999.0 -9999.0 -9999.0 -9999.0 -9999.0 -9999.0 -9999.0 -9999.0 -9999.0 -9999.0 -9999.0 -9999.0 -9999.0 -9999.0 -9999.0 -9999.0 -9999.0
-9999.0 -9999.0 -9999.0 -9999.0 -9999.0 -9999.0 -9999.0 -9999.0 -9999.0 -9999.0 -9999.0 -9999.0 -9999.0 -9999.0 -9999.0 -9999.0 -9999.0 -9999.0 4.983582 -0.004302 -9999.0 -0.018581 -0.006167 2.358761 2.212888 3.867426 3.394569 3.375732 1.907325 -0.005948 -0.042079 -0.546358 -0.311763 -0.412804 -9999.0 -9999.0 -9999.0 -9999.0 -9999.0 -9999.0 -9999.0 -9999.0 -9999.0 -9999.0 -9999.0 -9999.0 -9999.0 -9999.0 -9999.0 -9999.0 -9999.0 -9999.0 -9999.0 -9999.0 -9999.0 -9999.0 -9999.0 -9999.0 -9999.0 -9999.0 -9999.0 -9999.0 -9999.0
-9999.0 -9999.0 -9999.0 -9999.0 -9999.0 -9999.0 -9999.0 -9999.0 -9999.0 -9999.0 -9999.0 -9999.0 -9999.0 -9999.0 -9999.0 -9999.0 -9999.0 5.138285 3.753056 4.204939 2.759668 -0.007311 -0.005343 1.704545 3.764507 -0.004049 -0.140137 -0.007801 -0.042568 1.438750 -0.003862 -0.038258 1.003804 0.394631 -0.413394 -0.510517 -9999.0 -9999.0 -9999.0 -9999.0 -9999.0 -9999.0 -9999.0 -9999.0 -9999.0 -9999.0 -9999.0 -9999.0 -9999.0 -9999.0 -9999.0 -9999.0 -9999.0 -9999.0 -9999.0 -9999.0 -9999.0 -9999.0 -9999.0 -9999.0 -9999.0 -9999.0 -9999.0
-9999.0 -9999.0 -9999.0 -9999.0 -9999.0 -9999.0 -9999.0 -9999.0 -9999.0 -9999.0 -9999.0 -9999.0 -9999.0 2.163313 1.857086 3.370697 4.796645 11.227514 4.848021 3.507336 2.836706 2.041840 3.126510 3.815628 -0.003187 -0.004527 -0.273166 -0.385374 -0.089929 -0.011046 -0.582496 -0.049709 -0.186581 -0.360526 -1.165737 -0.567342 -9999.0 -9999.0 -9999.0 -9999.0 -9999.0 -9999.0 -9999.0 -9999.0 -9999.0 -9999.0 -9999.0 -9999.0 -9999.0 -9999.0 -9999.0 -9999.0 -9999.0 -9999.0 -9999.0 -9999.0 -9999.0 -9999.0 -9999.0 -9999.0 -9999.0 -9999.0 -9999.0
-9999.0 -9999.0 -9999.0 -9999.0 -9999.0 -9999.0 -9999.0 -9999.0 -9999.0 -9999.0 -9999.0 -9999.0 -9999.0 3.416823 4.130698 4.099317 3.998881 9.123721 11.333117 4.864766 3.985288 5.817456 2.380986 0.973081 0.422970 -0.038909 -0.037356 0.689491 -0.064116 -1.253241 -1.129092 -0.095560 -0.221948 -4.697254 -0.537363 -9999.0 -9999.0 -9999.0 -9999.0 -9999.0 -9999.0 -9999.0 -9999.0 -9999.0 -9999.0 -9999.0 -9999.0 -9999.0 -9999.0 -9999.0 -9999.0 -9999.0 -9999.0 -9999.0 -9999.0 -9999.0 -9999.0 -9999.0 -9999.0 -9999.0 -9999.0 -9999.0 -9999.0
-9999.0 -9999.0 -9999.0 -9999.0 -9999.0 -9999.0 -9999.0 -9999.0 -9999.0 -9999.0 -9999.0 -9999.0 -9999.0 4.253065 4.388660 5.408859 3.677675 4.448722 11.712755 4.830688 6.627151 2.707369 -0.003795 -0.006364 1.121908 -0.004536 1.726259 -0.138501 -0.251768 -4.043887 -0.158091 -5.215045 -5.237051 -7.991158 -0.658165 -9999.0 -9999.0 -9999.0 -9999.0 -9999.0 -9999.0 -9999.0 -9999.0 -9999.0 -9999.0 -9999.0 -9999.0 -9999.0 -9999.0 -9999.0 -9999.0 -9999.0 -9999.0 -9999.0 -9999.0 -9999.0 -9999.0 -9999.0 -9999.0 -9999.0 -9999.0 -9999.0 -9999.0
-9999.0 -9999.0 -9999.0 -9999.0 -9999.0 -9999.0 -9999.0 -9999.0 -9999.0 -9999.0 -9999.0 -9999.0 2.552395 3.881179 4.976565 2.646784 2.167559 3.964915 10.022488 5.813056 2.652615 -0.008851 -0.084837 -0.033370 -0.661151 -0.038778 -1.793079 -0.266699 -0.518960 -0.329015 -4.986856 -0.337360 -0.561261 -0.585532 -9999.0 -9999.0 -9999.0 -9999.0 -9999.0 -9999.0 -9999.0 -9999.0 -9999.0 -9999.0 -9999.0 -9999.0 -9999.0 -9999.0 -9999.0 -9999.0 -9999.0 -9999.0 -9999.0 -9999.0 -9999.0 -9999.0 -9999.0 -9999.0 -9999.0 -9999.0 -9999.0 -9999.0 -9999.0
-9999.0 -9999.0 -9999.0 -9999.0 -9999.0 -9999.0 -9999.0 -9999.0 -9999.0 -9999.0 -9999.0 1.447427 3.488693 2.388883 4.297307 5.277749 5.087896 4.207256 9.336318 7.075250 2.744897 1.977246 -0.000666 -0.031101 -0.695938 -0.102355 -0.208408 -0.151789 -0.419854 -0.554363 -0.341938 -0.358379 -0.186616 -0.386423 -0.399246 -0.057744 -0.519664 -0.132406 -0.748209 -9999.0 -9999.0 -9999.0 -0.453108 -9999.0 -9999.0 -9999.0 -9999.0 -9999.0 -9999.0 -9999.0 -9999.0 -9999.0 -9999.0 -9999.0 -9999.0 -9999.0 -9999.0 -9999.0 -9999.0 -9999.0 -9999.0 -9999.0 -9999.0
-9999.0 -9999.0 -9999.0 -9999.0 -9999.0 -9999.0 -9999.0 -9999.0 -9999.0 -9999.0 -9999.0 1.280515 3.708332 5.458347 5.652319 2.986865 7.069030 4.885448 9.867024 6.847469 6.418605 2.959728 -0.008986 -1.277451 -2.542577 -0.070246 -0.068997 -0.253672 -0.327969 -0.416130 -0.313439 -0.073291 -0.288919 -0.819964 -0.529291 -0.157975 -0.068220 0.344584 -0.048893 -0.383416 -0.331322 -0.403520 -0.299736 -0.241542 -9999.0 -9999.0 -9999.0 -0.932464 -0.922600 -0.696117 -0.966306 -0.968826 -0.987845 -1.159207 -1.558993 -1.027312 -9999.0 -9999.0 -9999.0 -9999.0 -9999.0 -9999.0 -9999.0
-9999.0 -9999.0 -9999.0 -9999.0 -9999.0 -9999.0 -9999.0 -9999.0 -9999.0 -9999.0 -9999.0 1.205806 1.369657 -0.024522 4.977227 4.963471 1.939315 3.928949 8.397917 6.990465 2.090932 -0.007504 -0.443182 -0.040262 -0.055771 0.507317 -1.342431 -2.228578 -0.022156 -0.475038 -0.067675 -2.664007 -0.111453 -0.491533 -0.291774 -0.205304 -1.852776 -1.462128 1.357374 -0.052432 -0.409770 -0.200664 -0.259800 -0.186716 -0.646317 -9999.0 -0.666545 -0.926673 -0.463772 -0.362731 -0.074748 0.927829 -0.161817 -0.520725 -0.363930 -0.589645 -9999.0 -9999.0 -9999.0 -9999.0 -9999.0 -9999.0 -9999.0
-9999.0 -9999.0 -9999.0 -9999.0 -9999.0 -9999.0 -9999.0 -9999.0 -9999.0 -9999.0 -9999.0 -9999.0 1.130080 -0.075617 2.665986 3.131831 0.605748 2.980995 9.001328 6.759083 2.190474 -0.006029 -0.677667 -1.957028 -1.118950 -1.296798 -0.012110 -0.040808 -0.717746 -0.209844 -0.094842 -2.467257 -0.066355 -0.734889 -0.485337 -0.483182 -2.382315 -1.306863 3.408140 0.550333 -0.010920 1.624464 -1.878172 -0.040956 -0.083401 -0.671856 -0.599205 -0.585739 -3.416010 -2.023372 -0.038835 -2.370681 -2.421292 -3.005465 -3.576156 -0.382242 -0.491042 -9999.0 -9999.0 -9999.0 -9999.0 -9999.0 -9999.0
-9999.0 -9999.0 -9999.0 -9999.0 -9999.0 -9999.0 -9999.0 -9999.0 -9999.0 -9999.0 -9999.0 -0.436172 -0.007096 2.311431 -0.113778 -0.004901 1.346029 2.219808 8.421537 4.192383 2.539951 0.531877 -0.039478 -0.483444 -1.188155 -1.229004 -1.290170 -0.177028 -0.354393 0.680137 -1.398041 -1.661284 -0.039574 -0.684026 -0.588658 -0.469366 -0.050957 -0.602906 -0.011110 1.854704 -0.222625 -0.030923 -0.421940 -0.281907 -0.001117 -0.158197 -0.455962 0.777609 1.625003 -0.009678 -1.927820 -0.300503 -3.578460 -3.682054 -4.351163 -5.538052 -0.372225 -9999.0 -9999.0 -9999.0 -9999.0 -9999.0 -9999.0
-9999.0 -9999.0 -9999.0 -9999.0 -9999.0 -9999.0 -9999.0 -9999.0 -9999.0 -9999.0 -0.007532 -0.235515 -0.006230 -0.004023 1.315049 -0.034460 -0.037998 -0.004498 3.403281 3.835427 4.885770 3.596387 -0.372909 0.994710 -0.042651 -0.981134 -1.236938 -2.914754 -0.029631 -0.022134 -1.137849 -1.230069 -0.042109 -0.604417 -0.564115 -0.063422 -0.052327 -2.171753 -0.334818 -0.001843 -0.002663 1.858474 6.531944 0.764790 -0.043379 0.805102 -0.045051 -1.774052 -1.088271 -0.005332 -3.559724 -0.690935 -4.760525 -6.050633 -5.432279 -0.595199 -0.394790 -9999.0 -9999.0 -9999.0 -9999.0 -9999.0 -9999.0
-9999.0 -9999.0 -9999.0 -9999.0 -9999.0 -9999.0 -9999.0 -9999.0 -9999.0 -0.060613 -0.038273 -1.022394 -0.190709 -0.204416 -0.460293 -0.243444 -0.040507 3.871143 3.334698 3.931276 5.231420 0.688108 -0.002924 0.479372 -0.003060 -1.061654 -1.265840 -0.001762 -0.225231 -0.086722 -0.002729 -1.252864 -0.040179 -4.829839 -0.311812 -0.066042 -0.079701 -2.583096 -1.189244 -0.376383 -0.976195 -0.443862 -0.306331 1.540307 0.774774 -0.033274 1.153606 -0.248169 -0.243794 -0.002576 -1.330629 -0.447730 -6.760352 -1.534369 -1.117535 -3.101365 -3.012388 -0.201561 -0.887447 -9999.0 -9999.0 -9999.0 -9999.0
-9999.0 -9999.0 -9999.0 -9999.0 -9999.0 -9999.0 -9999.0 -9999.0 -9999.0 -0.056876 -0.045653 -0.001617 1.266686 -0.003986 -0.046114 -0.216937 1.119948 0.681777 3.908780 6.588959 5.980221 6.038534 3.811511 1.976415 -0.678336 -0.806492 -0.292892 -0.011652 0.667398 2.133203 -0.001290 -1.633017 -0.140276 -0.397563 -0.709146 -0.064169 0.172773 1.489458 -0.048881 -0.038513 -2.174420 -1.167677 -0.119494 0.924997 2.222404 2.273391 1.927675 0.369313 -0.026299 -0.002669 -2.508916 -3.951058 -1.694917 -1.632354 -1.707811 -4.135149 -2.301100 -2.487748 -0.011729 -9999.0 -9999.0 -9999.0 -9999.0
-9999.0 -9999.0 -9999.0 -9999.0 -9999.0 -9999.0 -9999.0 -9999.0 -9999.0 -9999.0 -0.094696 -0.044860 -0.121565 -0.340699 -0.009106 -0.039123 -0.004178 1.833787 4.700375 4.864400 5.911504 2.492582 -0.003119 -0.310377 -0.446632 -0.058071 -0.001831 1.215089 0.347847 -1.207088 -1.539745 -2.063311 -2.268778 -0.436402 -0.298661 -0.039483 -0.013563 -0.037891 0.050238 -0.310451 -0.082824 -0.024671 1.022225 -0.037430 -0.001940 -0.003578 1.176106 4.153698 2.739943 -0.004497 -1.468026 -2.871058 -1.233090 -1.741187 -1.695947 -1.695938 -0.468587 -0.956278 -0.687729 -0.020239 -9999.0 -9999.0 -9999.0
-9999.0 -9999.0 -9999.0 -9999.0 -9999.0 -9999.0 -9999.0 -9999.0 -9999.0 -9999.0 -0.449946 -0.055367 -0.015743 -0.045613 3.119122 -0.005298 -0.004699 2.411881 5.096223 5.916354 3.262862 1.259108 -0.003303 -0.054490 -0.027661 0.785559 1.895880 -0.003520 -0.895240 -2.003392 -0.064899 -0.074061 -3.268247 -0.380194 -0.070701 -0.036101 -0.886386 -0.644067 -2.118598 -0.411320 -0.320022 0.594639 -1.928433 -0.021663 -0.005829 -0.300272 -0.005016 -0.001955 2.476141 2.379929 -0.017809 -1.213600 -2.742065 -1.101427 -2.212797 -1.688182 -0.772191 -0.978411 0.922581 2.139065 -9999.0 -9999.0 -9999.0
-9999.0 -9999.0 -9999.0 -9999.0 -9999.0 -9999.0 -9999.0 -9999.0 -0.083251 -0.103287 -0.226718 -0.174751 -1.967915 -0.293698 -0.048873 1.435580 2.731777 6.946543 5.837149 6.429606 5.013935 3.901216 2.874250 1.125220 -0.002810 1.763567 3.367183 -0.444757 -1.268254 -1.901915 -4.423479 -0.113142 -0.109126 -0.291830 -0.506273 -0.039845 1.367393 -0.248452 -2.125815 -0.054226 0.796093 -0.040683 -1.874281 -0.035659 1.773192 -0.006070 -1.955157 -0.275627 -0.002020 2.443587 -0.003140 -1.709864 -3.217654 -4.405461 -1.481550 -0.448953 -0.110294 -0.004734 0.765397 3.897474 -9999.0 -9999.0 -9999.0
-9999.0 -9999.0 -9999.0 -9999.0 -9999.0 -9999.0 -9999.0 -9999.0 -2.297990 -2.349491 -1.418045 -0.384431 -0.043351 -1.409385 -0.543622 -0.003824 1.736770 2.341471 5.409761 6.942510 10.116902 8.917297 8.355960 7.755601 3.217934 3.082734 0.708268 -0.211180 -2.560904 -0.424684 -0.454329 -0.007776 -0.385425 0.457954 -0.075788 -0.031516 2.444624 -0.035348 -0.233113 -0.035223 -0.079707 -3.405231 0.544643 -0.027599 -0.029498 -1.629108 -2.370062 -0.038317 -0.139459 1.360934 1.997185 -0.047105 -3.131099 -0.650831 -0.061272 -1.448826 -1.303865 -0.022908 2.736039 5.254646 6.773359 -9999.0 -9999.0
-9999.0 -9999.0 -9999.0 -9999.0 -9999.0 -9999.0 -9999.0 -9999.0 -0.073490 -0.040843 -0.301853 -2.213469 -0.201645 -1.680612 -0.298667 -0.422977 -0.005407 2.915622 5.327437 9.916639 7.404372 9.410754 9.368568 5.932468 6.777099 3.053888 0.167583 -0.846263 -3.990416 -0.084574 0.596826 -0.044882 -1.330429 -1.359373 -0.016029 1.350442 -0.034508 1.433148 -0.051722 -1.781070 -0.053057 0.936261 -0.044143 -0.050781 -1.445813 -0.051960 -0.062465 -0.066375 -0.960003 -0.001605 2.399139 -0.002597 -2.075451 -2.939481 -0.717198 -0.339546 1.248343 2.586702 4.929007 5.537846 5.919567 -9999.0 -9999.0
-9999.0 -9999.0 -9999.0 -9999.0 -9999.0 -9999.0 -9999.0 -9999.0 -0.578505 -0.044513 -1.038323 -3.406765 -0.049028 -1.268331 -0.393922 -0.003493 3.875516 5.116207 6.514106 5.584739 6.795244 7.147483 8.980827 8.384685 3.467620 0.867454 -0.006831 -1.574938 -0.011453 -1.699161 -0.484578 -0.280906 -0.014474 -0.261545 -0.090034 1.595176 4.310424 3.901353 0.524003 -0.045229 -0.002083 -0.003215 -0.023599 1.779801 -0.047343 0.838516 -0.026204 1.461825 -0.038909 -0.335183 -0.003095 2.032463 -0.001665 -0.677406 0.623497 1.784887 3.411794 4.436389 5.493371 5.677692 4.745483 2.427198 -9999.0
-9999.0 -9999.0 -9999.0 -9999.0 -9999.0 -9999.0 -9999.0 -9999.0 -1.020031 -0.200843 -1.546539 -1.183972 -0.457699 -0.304181 2.378080 2.362673 4.639758 2.337738 0.615730 2.728862 4.621883 6.508751 6.774434 6.498125 5.852957 -0.005270 -0.700664 -0.026005 -0.003255 -0.103108 -0.255084 -0.003178 2.207700 1.323100 -0.003223 1.361978 2.834957 5.895889 5.344381 2.169125 0.425074 -0.007887 -0.023016 -0.014191 -0.292541 0.837125 -0.128115 -0.641835 -0.078113 -0.003180 1.611160 1.496647 1.791365 1.945657 2.278469 2.854725 3.571986 4.399060 5.037449 4.794898 4.012779 1.845669 -9999.0
-9999.0 -9999.0 -0.042555 -0.054720 -2.727968 -1.368317 -2.349607 -3.418251 -0.673229 -0.350818 -2.160094 -0.501764 -0.122189 -0.032726 3.666094 1.724745 -0.001804 -0.845741 -0.172825 -0.004178 2.601661 5.288330 5.315840 6.057734 4.559041 1.884009 -0.005337 -0.004548 2.035556 3.436131 -0.003377 0.445588 5.520672 3.198634 3.904928 4.467535 7.058132 8.214785 7.119304 4.444512 4.482334 3.994730 3.649011 2.515011 -0.001804 -0.003865 1.658570 1.282608 2.495203 3.426976 4.400077 3.916520 3.279294 2.809161 2.707195 6.331206 3.357454 3.770884 3.436598 3.298825 4.371831 1.089788 -9999.0
-9999.0 -0.348242 -2.074641 -1.602457 -1.312576 -1.979846 -1.172009 -1.632065 -2.597421 -0.222930 -1.200497 -0.496892 -0.005998 2.156151 2.794255 -0.309812 -1.205659 -1.213960 -1.086104 -0.004012 2.229773 4.112833 6.149264 4.639884 7.716203 4.345684 5.646111 5.694257 4.722659 3.117999 3.207141 3.367972 4.768535 7.994795 7.844520 8.831377 10.787609 11.141478 10.626965 8.714341 8.413277 8.235806 7.205983 4.663812 3.375989 3.768914 4.357474 5.801368 6.657792 5.886801 4.717481 3.897500 3.136709 2.370459 2.298395 1.804408 0.705148 1.054056 1.561855 3.055405 0.365662 0.887228 -9999.0
-9999.0 -0.002482 -0.292294 -0.174024 -0.007869 -0.463318 -2.121294 -2.135507 -0.285694 -0.354541 -1.320698 -0.865290 -0.003033 2.874554 -0.092708 -2.703617 -1.458882 -1.061786 -0.400098 -0.011939 3.428870 1.759038 2.802917 2.914505 7.092382 8.388877 5.381947 6.344895 5.907120 6.311264 6.482724 6.247740 6.697945 7.688866 11.047419 10.881857 16.088124 17.228420 13.657113 12.670625 11.896191 10.766896 10.007993 7.968692 7.878810 7.744414 7.714721 7.291905 6.596837 5.641103 3.889679 1.815756 0.823193 1.325345 0.612706 -0.003694 -0.253654 -0.009139 -0.004800 -0.111040 -0.003302 -9999.0 -9999.0
