user2019/resources/simulation/Vinschgau/output-maps/TL0003N0160.asc
ncols         63
nrows         48
xllcorner     598000.000000
yllcorner     5145000.000000
cellsize      1000.000000
NODATA_value  -9999.0
[rows 0 to 27 of 48, columns 0 to 61 of 63]
-9999.0 -9999.0 -9999.0 -9999.0 -9999.0 -9999.0 -9999.0 -9999.0 -9999.0 -9999.0 -9999.0 -9999.0 -9999.0 -9999.0 -9999.0 -9999.0 -9999.0 -9999.0 -9999.0 -9999.0 -9999.0 -9999.0 -9999.0 -9999.0 -9999.0 -9999.0 -9999.0 -9999.0 -9999.0 -9999.0 -9999.0 -9999.0 -9999.0 -9999.0 -9999.0 -9999.0 -9999.0 -9999.0 -9999.0 -9999.0 -9999.0 -9999.0 -9999.0 -9999.0 -9999.0 -9999.0 -9999.0 -9999.0 -9999.0 -9999.0 -9999.0 -9999.0 -9999.0 -9999.0 -9999.0 -9999.0 -9999.0 -9999.0 -9999.0 -9999.0 -9999.0 -9999.0
-9999.0 -9999.0 -9999.0 -9999.0 -9999.0 -9999.0 -9999.0 -9999.0 -9999.0 -9999.0 -9999.0 -9999.0 -9999.0 -9999.0 -9999.0 -9999.0 -9999.0 -9999.0 -9999.0 -9999.0 -9999.0 -9999.0 -9999.0 -9999.0 -9999.0 -9999.0 -9999.0 -2.689232 -3.060501 -3.985793 -3.986983 -4.879586 -5.140843 -9999.0 -9999.0 -9999.0 -9999.0 -9999.0 -9999.0 -9999.0 -9999.0 -9999.0 -9999.0 -9999.0 -9999.0 -9999.0 -9999.0 -9999.0 -9999.0 -9999.0 -9999.0 -9999.0 -9999.0 -9999.0 -9999.0 -9999.0 -9999.0 -9999.0 -9999.0 -9999.0 -9999.0 -9999.0
-9999.0 -9999.0 -9999.0 -9999.0 -9999.0 -9999.0 -9999.0 -9999.0 -9999.0 -9999.0 -9999.0 -9999.0 -9999.0 -9999.0 -9999.0 -9999.0 -9999.0 -9999.0 -9999.0 -9999.0 -9999.0 -9999.0 -9999.0 -9999.0 -1.530038 -2.032369 -3.099547 -3.334494 -2.833576 -3.721731 -3.271292 -9999.0 -9999.0 -9999.0 -9999.0 -9999.0 -9999.0 -9999.0 -9999.0 -9999.0 -9999.0 -9999.0 -9999.0 -9999.0 -9999.0 -9999.0 -9999.0 -9999.0 -9999.0 -9999.0 -9999.0 -9999.0 -9999.0 -9999.0 -9999.0 -9999.0 -9999.0 -9999.0 -9999.0 -9999.0 -9999.0 -9999.0
-9999.0 -9999.0 -9999.0 -9999.0 -9999.0 -9999.0 -9999.0 -9999.0 -9999.0 -9999.0 -9999.0 -9999.0 -9999.0 -9999.0 -9999.0 -9999.0 -9999.0 -9999.0 -9999.0 -9999.0 -9999.0 -9999.0 -9999.0 -1.719919 -1.866582 -0.575576 -0.648459 -1.160690 -1.982269 -4.620664 -4.127107 -2.181013 -9999.0 -9999.0 -9999.0 -9999.0 -9999.0 -9999.0 -9999.0 -9999.0 -9999.0 -9999.0 -9999.0 -9999.0 -9999.0 -9999.0 -9999.0 -9999.0 -9999.0 -9999.0 -9999.0 -9999.0 -9999.0 -9999.0 -9999.0 -9999.0 -9999.0 -9999.0 -9999.0 -9999.0 -9999.0 -9999.0
-9999.0 -9999.0 -9999.0 -9999.0 -9999.0 -9999.0 -9999.0 -9999.0 -9999.0 -9999.0 -9999.0 -9999.0 -9999.0 -9999.0 -9999.0 -9999.0 -9999.0 -9999.0 -0.744720 -0.681074 -9999.0 -1.491019 -1.609401 -0.260126 -0.891316 -7.587919 -2.317966 -2.266963 -2.147795 -2.012141 -4.737138 -3.698583 -5.097008 -5.787461 -9999.0 -9999.0 -9999.0 -9999.0 -9999.0 -9999.0 -9999.0 -9999.0 -9999.0 -9999.0 -9999.0 -9999.0 -9999.0 -9999.0 -9999.0 -9999.0 -9999.0 -9999.0 -9999.0 -9999.0 -9999.0 -9999.0 -9999.0 -9999.0 -9999.0 -9999.0 -9999.0 -9999.0
-9999.0 -9999.0 -9999.0 -9999.0 -9999.0 -9999.0 -9999.0 -9999.0 -9999.0 -9999.0 -9999.0 -9999.0 -9999.0 -9999.0 -9999.0 -9999.0 -9999.0 -5.232624 -6.410397 -3.436209 -2.361873 -1.021331 -1.795567 -2.869321 -2.256453 -3.111572 -1.823145 -1.716398 -2.284833 -2.244242 -2.064608 -4.654109 -5.093180 -5.523848 -4.571303 -6.017738 -9999.0 -9999.0 -9999.0 -9999.0 -9999.0 -9999.0 -9999.0 -9999.0 -9999.0 -9999.0 -9999.0 -9999.0 -9999.0 -9999.0 -9999.0 -9999.0 -9999.0 -9999.0 -9999.0 -9999.0 -9999.0 -9999.0 -9999.0 -9999.0 -9999.0 -9999.0
-9999.0 -9999.0 -9999.0 -9999.0 -9999.0 -9999.0 -9999.0 -9999.0 -9999.0 -9999.0 -9999.0 -9999.0 -9999.0 -1.525716 -1.370646 -2.679330 -2.638523 -5.085173 -5.800985 -2.649236 -1.359811 -1.213004 -4.248083 -2.342503 -3.603098 -2.504323 -3.349052 -1.999565 -2.678725 -1.659016 -1.942671 -2.956133 -3.919122 -6.179208 -6.675374 -6.718501 -9999.0 -9999.0 -9999.0 -9999.0 -9999.0 -9999.0 -9999.0 -9999.0 -9999.0 -9999.0 -9999.0 -9999.0 -9999.0 -9999.0 -9999.0 -9999.0 -9999.0 -9999.0 -9999.0 -9999.0 -9999.0 -9999.0 -9999.0 -9999.0 -9999.0 -9999.0
-9999.0 -9999.0 -9999.0 -9999.0 -9999.0 -9999.0 -9999.0 -9999.0 -9999.0 -9999.0 -9999.0 -9999.0 -9999.0 -1.589952 -0.483130 -1.760182 -1.711029 -1.431283 -5.765216 -8.381882 -9.211848 -3.793101 -2.630775 -2.397876 -2.083227 -2.037579 -3.390380 -5.146006 -5.404912 -3.228813 -1.773452 -5.884228 -6.678595 -7.202520 -7.148721 -9999.0 -9999.0 -9999.0 -9999.0 -9999.0 -9999.0 -9999.0 -9999.0 -9999.0 -9999.0 -9999.0 -9999.0 -9999.0 -9999.0 -9999.0 -9999.0 -9999.0 -9999.0 -9999.0 -9999.0 -9999.0 -9999.0 -9999.0 -9999.0 -9999.0 -9999.0 -9999.0
-9999.0 -9999.0 -9999.0 -9999.0 -9999.0 -9999.0 -9999.0 -9999.0 -9999.0 -9999.0 -9999.0 -9999.0 -9999.0 -1.444871 -1.009811 -0.666752 -1.542646 -2.536270 -5.747984 -4.270784 -2.002880 -3.935613 -2.221266 -1.713310 -1.661051 -1.390440 -3.352960 -5.233018 -3.414783 -6.027656 -5.556694 -6.883969 -6.936656 -7.418255 -7.494702 -9999.0 -9999.0 -9999.0 -9999.0 -9999.0 -9999.0 -9999.0 -9999.0 -9999.0 -9999.0 -9999.0 -9999.0 -9999.0 -9999.0 -9999.0 -9999.0 -9999.0 -9999.0 -9999.0 -9999.0 -9999.0 -9999.0 -9999.0 -9999.0 -9999.0 -9999.0 -9999.0
-9999.0 -9999.0 -9999.0 -9999.0 -9999.0 -9999.0 -9999.0 -9999.0 -9999.0 -9999.0 -9999.0 -9999.0 -1.647480 -0.953142 -0.670285 -2.648127 -0.683295 -2.141475 -2.329724 -6.850258 -2.434859 -1.773768 -1.813171 -1.577379 -1.105887 -4.703564 -1.670820 -2.135133 -3.745575 -5.535998 -5.728751 -4.758305 -5.498030 -6.619458 -9999.0 -9999.0 -9999.0 -9999.0 -9999.0 -9999.0 -9999.0 -9999.0 -9999.0 -9999.0 -9999.0 -9999.0 -9999.0 -9999.0 -9999.0 -9999.0 -9999.0 -9999.0 -9999.0 -9999.0 -9999.0 -9999.0 -9999.0 -9999.0 -9999.0 -9999.0 -9999.0 -9999.0
-9999.0 -9999.0 -9999.0 -9999.0 -9999.0 -9999.0 -9999.0 -9999.0 -9999.0 -9999.0 -9999.0 -1.415889 -1.735646 -0.670800 -1.816335 -1.584752 -3.883507 -2.081911 -3.434922 -6.437057 -4.234244 -0.821714 -1.697619 -3.488019 -1.969392 -2.151814 -4.903248 -2.041960 -2.498541 -6.071222 -3.668083 -4.811663 -5.284739 -7.332516 -7.815319 -9.657229 -11.526378 -13.028411 -13.242112 -9999.0 -9999.0 -9999.0 -7.757519 -9999.0 -9999.0 -9999.0 -9999.0 -9999.0 -9999.0 -9999.0 -9999.0 -9999.0 -9999.0 -9999.0 -9999.0 -9999.0 -9999.0 -9999.0 -9999.0 -9999.0 -9999.0 -9999.0
-9999.0 -9999.0 -9999.0 -9999.0 -9999.0 -9999.0 -9999.0 -9999.0 -9999.0 -9999.0 -9999.0 -1.552465 -1.605351 -1.905436 -1.537715 -2.487533 -2.046798 -3.775840 -3.447420 -1.597432 -1.009987 -0.545425 -1.576236 -1.669689 -1.677539 -3.134557 -2.738425 -2.929043 -2.979169 -5.271901 -4.537533 -5.589706 -6.651517 -5.524547 -8.333843 -10.468486 -13.449889 -14.785787 -15.945723 -15.231391 -13.803235 -10.491385 -8.405225 -6.557773 -9999.0 -9999.0 -9999.0 -0.282994 -1.142137 -1.096182 -0.944797 -1.091803 -1.059869 -0.102259 -0.100573 -1.016908 -9999.0 -9999.0 -9999.0 -9999.0 -9999.0 -9999.0
-9999.0 -9999.0 -9999.0 -9999.0 -9999.0 -9999.0 -9999.0 -9999.0 -9999.0 -9999.0 -9999.0 -1.468456 -1.480593 -3.474527 -0.965354 -2.538900 -2.159027 -3.285238 -3.794973 -3.639090 -2.421585 -1.979900 -1.700732 -1.630484 -3.753947 -3.560249 -1.982955 -2.957864 -4.495984 -3.491005 -5.378057 -5.274245 -5.903252 -6.734750 -8.951282 -13.296773 -11.566410 -9.013372 -9.226747 -13.244454 -14.361633 -12.594149 -8.573941 -7.392099 -3.632615 -9999.0 -2.966319 -1.257980 -1.201768 -0.692327 -1.128923 -1.077333 -0.096129 -0.035113 -0.031587 -0.073977 -9999.0 -9999.0 -9999.0 -9999.0 -9999.0 -9999.0
-9999.0 -9999.0 -9999.0 -9999.0 -9999.0 -9999.0 -9999.0 -9999.0 -9999.0 -9999.0 -9999.0 -9999.0 -1.485050 -1.038275 -0.515379 -1.505658 -2.091750 -2.891720 -3.770100 -4.059708 -3.564914 -1.992163 -2.044428 -1.859528 -2.729321 -1.791174 -0.719567 -4.158830 -3.374965 -3.295855 -3.315892 -4.928153 -5.782179 -6.133233 -8.204942 -11.504345 -11.986002 -9.946955 -8.865429 -12.490228 -13.963880 -13.142680 -10.841946 -3.059572 -5.718572 -1.655717 -1.441982 -1.172625 -1.180543 -1.688422 -1.073976 -0.743176 -0.339951 -0.238429 -1.100486 -1.095830 -0.152670 -9999.0 -9999.0 -9999.0 -9999.0 -9999.0
-9999.0 -9999.0 -9999.0 -9999.0 -9999.0 -9999.0 -9999.0 -9999.0 -9999.0 -9999.0 -9999.0 -0.875721 -1.425879 -1.681732 -1.820325 -1.797700 -2.053290 -2.630387 -1.559475 -5.890372 -4.159448 -1.019647 -1.840527 -2.126390 -1.730531 -1.528051 -1.382280 -3.970683 -2.941094 -3.603783 -3.780584 -4.353940 -3.796484 -5.791853 -8.443965 -10.720878 -14.692128 -11.471589 -7.532125 -11.718757 -13.134088 -12.249884 -11.663825 -9.849530 -2.795729 -1.584441 -1.496662 -1.909689 -1.294884 -4.544425 -2.032814 -1.647992 -1.195225 -2.796290 -1.857490 -2.666419 -0.996572 -9999.0 -9999.0 -9999.0 -9999.0 -9999.0
-9999.0 -9999.0 -9999.0 -9999.0 -9999.0 -9999.0 -9999.0 -9999.0 -9999.0 -9999.0 -0.682780 -1.588637 -0.879429 -1.453588 -0.372204 -2.222022 -2.039346 -2.201022 -2.479395 -3.775733 -2.716656 -0.855959 -1.944676 -0.577585 -2.207851 -1.199274 -2.776113 -4.789248 -1.778720 -1.729775 -2.507605 -2.822230 -3.710635 -5.895048 -8.281080 -9.260754 -12.389659 -12.347521 -10.845903 -9.407132 -9.630662 -12.749718 -10.313174 -8.281590 -4.211282 -5.188376 -1.493045 -3.851763 -2.433225 -2.445758 -1.837338 -2.670501 -2.446081 -2.881965 -2.415506 -0.035900 -0.067595 -9999.0 -9999.0 -9999.0 -9999.0 -9999.0
-9999.0 -9999.0 -9999.0 -9999.0 -9999.0 -9999.0 -9999.0 -9999.0 -9999.0 -1.593012 -0.693261 -0.823921 -2.077235 -1.572450 -0.574696 -1.673220 -1.596958 -0.593758 -5.183786 -6.317646 -3.919006 -3.788826 -3.403072 -5.282926 -1.369048 -3.234853 -3.604205 -1.758374 -2.620571 -2.995728 -6.402208 -4.630628 -6.354845 -6.763587 -6.932850 -8.080067 -7.934322 -9.621410 -9.720301 -10.815235 -11.027518 -6.501206 -6.395007 -8.658241 -10.364327 -5.475156 -1.595364 -3.428427 -2.399968 -1.902328 -1.858773 -1.074987 -3.093247 -1.516415 -1.031778 -1.024768 -0.097588 -0.722721 -0.907041 -9999.0 -9999.0 -9999.0
-9999.0 -9999.0 -9999.0 -9999.0 -9999.0 -9999.0 -9999.0 -9999.0 -9999.0 -1.792171 -1.412425 -1.472480 -1.253277 -2.306839 -1.640094 -1.430214 -0.195629 -2.878864 -7.134932 -5.422115 -5.025280 -8.652017 -1.665879 -1.491623 -2.763460 -1.967009 -2.274031 -3.115613 -6.997972 -2.478847 -3.552869 -5.287132 -4.219504 -3.295261 -5.316227 -7.060450 -7.924907 -7.857573 -7.138455 -5.614404 -2.500253 -5.125814 -4.284614 -6.821762 -7.178092 -9.273794 -9.921743 -7.279314 -2.519880 -2.970536 -1.278855 -1.201381 -1.351080 -1.153377 -2.280356 -0.296917 -0.098892 -0.189374 -0.821563 -9999.0 -9999.0 -9999.0
-9999.0 -9999.0 -9999.0 -9999.0 -9999.0 -9999.0 -9999.0 -9999.0 -9999.0 -9999.0 -1.379059 -1.461464 -1.745227 -3.312563 -2.631971 -1.307589 -1.204518 -1.777823 -6.508153 -6.585347 -3.015565 -3.451652 -1.188942 -1.730897 -2.008328 -3.185844 -8.198373 -9.484140 -2.499575 -2.435117 -3.270801 -1.793051 -3.954191 -4.375245 -3.912809 -3.107392 -2.603592 -4.884199 -6.111803 -5.697709 -5.977877 -2.156200 -3.485812 -2.321622 -5.130845 -7.112868 -4.949493 -2.646133 -9.660977 -5.379985 -1.874511 -1.219228 -1.131831 -1.153520 -1.217599 -1.180903 -1.082282 -1.711091 -0.895541 -0.213788 -9999.0 -9999.0
-9999.0 -9999.0 -9999.0 -9999.0 -9999.0 -9999.0 -9999.0 -9999.0 -9999.0 -9999.0 -1.411806 -1.456047 -1.506306 -1.400255 -2.892287 -3.574350 -3.089012 -4.400169 -5.782737 -4.593480 -7.465129 -5.893753 -3.142272 -2.611880 -2.636901 -9.131884 -7.601855 -3.013253 -2.236308 -4.357077 -4.095022 -1.618787 -4.619037 -4.202064 -4.286959 -3.283085 -4.781073 -5.069704 -5.341362 -3.885009 -1.537153 -1.995161 -1.641995 -3.416215 -0.752783 -1.440721 -1.642907 -3.710746 -8.140615 -8.470149 -4.548596 -1.268497 -0.864161 -1.080511 -1.133817 -1.093281 -1.152584 -0.123573 -6.707912 -3.260124 -9999.0 -9999.0
-9999.0 -9999.0 -9999.0 -9999.0 -9999.0 -9999.0 -9999.0 -9999.0 -0.883096 -1.408803 -2.188336 -1.577649 -1.615855 -1.591076 -1.797820 -4.474914 -7.626022 -7.918717 -4.023542 -4.024188 -6.248045 -7.717434 -9.637432 -6.268889 -6.358145 -6.856259 -2.733561 -2.238271 -1.717213 -2.836445 -5.435564 -3.680215 -2.736364 -2.168335 -1.353106 -4.748057 -1.535609 -3.880472 -4.940243 -2.133979 -3.548591 -2.218058 -4.043332 -4.453091 -1.242111 -1.054587 -2.338444 -0.857266 -3.305622 -5.365349 -2.474714 -1.636007 -0.651007 -1.142413 -1.103933 -0.058779 -0.884685 -0.154130 -2.536848 -8.791786 -9999.0 -9999.0
-9999.0 -9999.0 -9999.0 -9999.0 -9999.0 -9999.0 -9999.0 -9999.0 -2.124932 -1.467539 -2.609994 -2.890959 -1.679437 -1.846475 -1.690988 -2.423203 -1.642080 -2.320551 -5.875914 -3.720904 -6.407196 -6.501190 -7.930741 -9.344760 -7.992346 -6.493744 -3.343074 -2.138743 -3.761590 -1.469997 -1.400902 -3.114922 -1.362540 -1.476917 -1.331369 -1.540381 -1.847443 -2.239821 -3.079633 -1.281490 -2.526329 -4.609622 -3.738630 -1.188850 -1.612693 -1.257726 -2.693554 -1.881337 -1.520961 -2.958638 -7.465394 -1.929217 -1.110393 -0.071314 -1.585559 -2.168511 -1.679216 -2.154045 -9.173419 -2.851171 -2.251755 -9999.0
-9999.0 -9999.0 -9999.0 -9999.0 -9999.0 -9999.0 -9999.0 -9999.0 -1.768297 -1.534890 -1.200665 -2.367165 -1.632903 -2.896524 -0.550591 -2.824604 -8.528735 -6.338335 -5.952994 -5.506460 -3.391707 -6.286677 -6.717020 -4.744316 -4.551516 -5.392971 -3.252902 -2.094115 -5.260595 -2.601353 -2.767811 -1.737293 -2.664571 -3.829075 -0.882386 -1.446492 -1.353999 -3.500995 -2.205284 -1.332046 -1.228149 -1.190091 -0.705044 -1.241313 -1.360055 -1.328403 -1.165175 -0.139634 -1.320851 -2.244162 -6.827985 -4.425138 -2.034777 -1.732431 -3.826007 -3.223723 -8.517440 -8.532408 -6.989407 -5.462043 -2.321378 -9999.0
-9999.0 -9999.0 -9999.0 -9999.0 -9999.0 -9999.0 -9999.0 -9999.0 -4.244910 -1.453926 -0.640018 -3.702411 -0.333534 -0.495450 -2.472451 -7.680483 -7.144259 -5.881263 -7.289259 -5.253319 -6.024077 -3.584856 -4.111763 -4.633461 -2.227188 -0.860628 -0.886353 -2.968875 -0.530105 -1.958749 -2.705135 -2.259747 -2.054922 -2.094341 -1.735130 -1.331053 -1.526425 -1.537959 -3.033764 -1.789137 -1.305796 -1.163891 -1.071365 -2.043698 -0.432787 -1.215261 -0.551500 -1.137733 -0.396429 -2.226861 -1.267326 -7.915988 -8.281460 -1.853200 -9.030147 -9.180289 -8.207654 -7.634732 -3.786117 -2.579315 -6.006229 -0.637915
-9999.0 -9999.0 -9999.0 -9999.0 -9999.0 -9999.0 -9999.0 -9999.0 -1.525751 -1.476394 -0.517553 -1.137148 -1.238084 -4.605653 -3.446953 -7.599881 -3.996275 -4.204299 -1.995550 -3.108668 -6.377243 -3.961441 -4.008451 -6.232189 -4.817606 -0.994124 -2.182432 -1.293983 -2.552436 -1.791018 -1.753780 -0.632670 -6.344416 -1.339684 -2.599218 -1.895094 -1.690256 -1.314220 -4.792102 -1.736075 -2.605452 -2.289889 -1.760848 -2.299103 -1.952152 -1.261313 -2.076714 -2.073621 -1.898286 -5.326584 -7.918337 -9.666129 -8.335729 -8.854484 -8.900914 -7.179325 -5.046508 -4.533994 -6.006338 -7.527932 -7.000238 -0.447535
-9999.0 -9999.0 -1.484309 -1.405518 -1.388480 -1.570351 -1.529931 -1.562143 -1.445007 -1.321566 -1.671207 -2.440666 -2.280802 -1.256898 -7.949154 -3.107687 -3.650643 -1.755254 -1.611927 -1.306660 -2.874389 -5.826893 -4.173927 -7.984427 -6.766531 -7.443869 -3.837875 -3.896643 -8.820302 -1.211606 -1.996891 -0.673072 -2.425909 -3.739067 -3.992412 -3.266540 -4.098081 -3.243093 -3.433436 -2.063460 -2.229237 -4.040013 -6.044437 -2.353205 -1.817934 -1.794124 -4.414708 -3.426135 -9.067279 -6.708901 -7.914891 -6.659897 -5.249159 -5.636855 -5.771138 -6.896970 -7.001370 -6.740495 -7.261466 -6.436967 -0.310478 -0.155101
-9999.0 -1.445959 -1.520199 -1.488965 -1.564208 -0.720940 -1.474571 -1.393762 -1.366069 -1.332223 -1.420548 -0.449431 -1.683440 -1.298765 -1.144646 -0.980211 -1.669178 -1.428959 -0.585518 -1.734368 -3.560753 -7.938119 -7.767643 -5.749091 -7.538065 -7.762489 -7.831187 -7.608328 -8.232029 -7.191983 -7.940537 -5.092446 -3.364080 -5.143061 -5.823251 -5.344097 -6.200687 -5.906778 -4.704167 -4.168480 -5.515712 -7.613474 -7.786364 -4.406847 -5.632169 -9.114357 -7.472495 -5.973098 -6.896291 -7.721948 -4.439252 -4.939526 -7.794370 -8.783720 -8.856853 -4.379568 -1.723982 -1.614574 -0.737496 -0.454518 -0.125942 -0.103462
-9999.0 -1.677297 -0.652821 -0.626369 -0.281897 -0.639725 -1.672309 -1.706984 -1.471014 -1.651531 -1.541950 -0.585710 -1.902052 -1.002158 -2.390960 -1.568636 -1.317792 -1.628789 -0.668551 -2.563446 -0.838463 -2.219926 -10.100037 -7.166093 -6.278358 -5.404417 -5.200040 -3.911862 -3.795969 -6.286101 -5.246191 -5.687045 -7.013186 -6.293081 -5.206725 -4.895165 -4.578893 -2.924563 -4.503855 -4.684003 -5.062607 -5.090771 -6.683653 -4.867340 -4.555322 -4.420242 -2.472464 -2.410837 -3.632922 -3.992004 -7.955821 -5.194742 -1.792630 -5.977347 -3.411026 -0.600875 -0.593096 -0.454332 -0.213886 -0.100617 -0.046143 -9999.0
