user2019/resources/simulation/Vinschgau/output-maps/TL0001N1155.asc
ncols         63
nrows         48
xllcorner     598000.000000
yllcorner     5145000.000000
cellsize      1000.000000
NODATA_value  -9999.0
[rows 0 to 27 of 48, columns 0 to 62 of 63]
-9999.0 -9999.0 -9999.0 -9999.0 -9999.0 -9999.0 -9999.0 -9999.0 -9999.0 -9999.0 -9999.0 -9999.0 -9999.0 -9999.0 -9999.0 -9999.0 -9999.0 -9999.0 -9999.0 -9999.0 -9999.0 -9999.0 -9999.0 -9999.0 -9999.0 -9999.0 -9999.0 -9999.0 -9999.0 -9999.0 -9999.0 -9999.0 -9999.0 -9999.0 -9999.0 -9999.0 -9999.0 -9999.0 -9999.0 -9999.0 -9999.0 -9999.0 -9999.0 -9999.0 -9999.0 -9999.0 -9999.0 -9999.0 -9999.0 -9999.0 -9999.0 -9999.0 -9999.0 -9999.0 -9999.0 -9999.0 -9999.0 -9999.0 -9999.0 -9999.0 -9999.0 -9999.0 -9999.0
-9999.0 -9999.0 -9999.0 -9999.0 -9999.0 -9999.0 -9999.0 -9999.0 -9999.0 -9999.0 -9999.0 -9999.0 -9999.0 -9999.0 -9999.0 -9999.0 -9999.0 -9999.0 -9999.0 -9999.0 -9999.0 -9999.0 -9999.0 -9999.0 -9999.0 -9999.0 -9999.0 2.757337 1.544186 3.435458 0.507659 0.356321 0.218757 -9999.0 -9999.0 -9999.0 -9999.0 -9999.0 -9999.0 -9999.0 -9999.0 -9999.0 -9999.0 -9999.0 -9999.0 -9999.0 -9999.0 -9999.0 -9999.0 -9999.0 -9999.0 -9999.0 -9999.0 -9999.0 -9999.0 -9999.0 -9999.0 -9999.0 -9999.0 -9999.0 -9999.0 -9999.0 -9999.0
-9999.0 -9999.0 -9999.0 -9999.0 -9999.0 -9999.0 -9999.0 -9999.0 -9999.0 -9999.0 -9999.0 -9999.0 -9999.0 -9999.0 -9999.0 -9999.0 -9999.0 -9999.0 -9999.0 -9999.0 -9999.0 -9999.0 -9999.0 -9999.0 2.412443 2.573310 2.846859 2.401018 2.817675 1.938544 0.760258 -9999.0 -9999.0 -9999.0 -9999.0 -9999.0 -9999.0 -9999.0 -9999.0 -9999.0 -9999.0 -9999.0 -9999.0 -9999.0 -9999.0 -9999.0 -9999.0 -9999.0 -9999.0 -9999.0 -9999.0 -9999.0 -9999.0 -9999.0 -9999.0 -9999.0 -9999.0 -9999.0 -9999.0 -9999.0 -9999.0 -9999.0 -9999.0
-9999.0 -9999.0 -9999.0 -9999.0 -9999.0 -9999.0 -9999.0 -9999.0 -9999.0 -9999.0 -9999.0 -9999.0 -9999.0 -9999.0 -9999.0 -9999.0 -9999.0 -9999.0 -9999.0 -9999.0 -9999.0 -9999.0 -9999.0 2.681181 3.482546 3.919258 4.305901 4.514916 3.688256 2.968308 0.805667 0.500190 -9999.0 -9999.0 -9999.0 -9999.0 -9999.0 -9999.0 -9999.0 -9999.0 -9999.0 -9999.0 -9999.0 -9999.0 -9999.0 -9999.0 -9999.0 -9999.0 -9999.0 -9999.0 -9999.0 -9999.0 -9999.0 -9999.0 -9999.0 -9999.0 -9999.0 -9999.0 -9999.0 -9999.0 -9999.0 -9999.0 -9999.0
-9999.0 -9999.0 -9999.0 -9999.0 -9999.0 -9999.0 -9999.0 -9999.0 -9999.0 -9999.0 -9999.0 -9999.0 -9999.0 -9999.0 -9999.0 -9999.0 -9999.0 -9999.0 7.409079 3.663025 -9999.0 3.239034 3.543277 3.805730 3.677100 4.808578 5.094638 5.168868 2.826854 0.724472 2.492387 0.918534 1.317847 1.960531 -9999.0 -9999.0 -9999.0 -9999.0 -9999.0 -9999.0 -9999.0 -9999.0 -9999.0 -9999.0 -9999.0 -9999.0 -9999.0 -9999.0 -9999.0 -9999.0 -9999.0 -9999.0 -9999.0 -9999.0 -9999.0 -9999.0 -9999.0 -9999.0 -9999.0 -9999.0 -9999.0 -9999.0 -9999.0
-9999.0 -9999.0 -9999.0 -9999.0 -9999.0 -9999.0 -9999.0 -9999.0 -9999.0 -9999.0 -9999.0 -9999.0 -9999.0 -9999.0 -9999.0 -9999.0 -9999.0 5.528474 4.166696 5.109694 6.208955 0.580729 1.016537 2.943648 5.667448 0.103202 -0.154704 0.807873 -0.068718 2.474314 3.783833 2.809620 3.687917 2.627616 1.375602 1.663955 -9999.0 -9999.0 -9999.0 -9999.0 -9999.0 -9999.0 -9999.0 -9999.0 -9999.0 -9999.0 -9999.0 -9999.0 -9999.0 -9999.0 -9999.0 -9999.0 -9999.0 -9999.0 -9999.0 -9999.0 -9999.0 -9999.0 -9999.0 -9999.0 -9999.0 -9999.0 -9999.0
-9999.0 -9999.0 -9999.0 -9999.0 -9999.0 -9999.0 -9999.0 -9999.0 -9999.0 -9999.0 -9999.0 -9999.0 -9999.0 5.408146 2.958791 3.840231 5.222212 13.259043 5.282726 4.608644 4.122600 3.264835 4.609423 5.671915 -0.007397 3.506109 0.030064 -0.653206 -0.005435 0.092940 -0.086755 3.016098 1.709183 0.376418 1.689400 1.689515 -9999.0 -9999.0 -9999.0 -9999.0 -9999.0 -9999.0 -9999.0 -9999.0 -9999.0 -9999.0 -9999.0 -9999.0 -9999.0 -9999.0 -9999.0 -9999.0 -9999.0 -9999.0 -9999.0 -9999.0 -9999.0 -9999.0 -9999.0 -9999.0 -9999.0 -9999.0 -9999.0
-9999.0 -9999.0 -9999.0 -9999.0 -9999.0 -9999.0 -9999.0 -9999.0 -9999.0 -9999.0 -9999.0 -9999.0 -9999.0 6.602022 5.399639 4.555452 4.394787 11.830692 13.426207 6.398527 4.425687 8.131874 3.004597 1.421367 2.362581 0.670183 1.884891 3.198320 1.941415 -0.008486 -0.020343 1.154923 1.485422 -3.555220 1.126862 -9999.0 -9999.0 -9999.0 -9999.0 -9999.0 -9999.0 -9999.0 -9999.0 -9999.0 -9999.0 -9999.0 -9999.0 -9999.0 -9999.0 -9999.0 -9999.0 -9999.0 -9999.0 -9999.0 -9999.0 -9999.0 -9999.0 -9999.0 -9999.0 -9999.0 -9999.0 -9999.0 -9999.0
-9999.0 -9999.0 -9999.0 -9999.0 -9999.0 -9999.0 -9999.0 -9999.0 -9999.0 -9999.0 -9999.0 -9999.0 -9999.0 5.558711 5.874252 6.787305 4.213920 4.926426 13.768371 5.285743 9.514753 3.906101 0.108761 -0.009782 2.209940 1.449033 4.021480 1.758336 0.607095 -3.322207 0.717416 -3.525443 -3.549991 -5.691172 1.487578 -9999.0 -9999.0 -9999.0 -9999.0 -9999.0 -9999.0 -9999.0 -9999.0 -9999.0 -9999.0 -9999.0 -9999.0 -9999.0 -9999.0 -9999.0 -9999.0 -9999.0 -9999.0 -9999.0 -9999.0 -9999.0 -9999.0 -9999.0 -9999.0 -9999.0 -9999.0 -9999.0 -9999.0
-9999.0 -9999.0 -9999.0 -9999.0 -9999.0 -9999.0 -9999.0 -9999.0 -9999.0 -9999.0 -9999.0 -9999.0 4.310137 5.415624 6.471304 4.314432 2.778247 4.469764 12.743362 6.938211 4.320886 0.301009 0.163908 -0.004477 -0.144281 1.833015 -1.359720 0.760558 0.711533 1.288418 -3.459950 1.311061 0.415200 2.055026 -9999.0 -9999.0 -9999.0 -9999.0 -9999.0 -9999.0 -9999.0 -9999.0 -9999.0 -9999.0 -9999.0 -9999.0 -9999.0 -9999.0 -9999.0 -9999.0 -9999.0 -9999.0 -9999.0 -9999.0 -9999.0 -9999.0 -9999.0 -9999.0 -9999.0 -9999.0 -9999.0 -9999.0 -9999.0
-9999.0 -9999.0 -9999.0 -9999.0 -9999.0 -9999.0 -9999.0 -9999.0 -9999.0 -9999.0 -9999.0 5.443639 5.458898 3.182251 6.021425 8.192919 6.207066 4.797481 12.040703 8.423252 3.216418 3.095809 3.671330 2.232202 0.039881 1.945781 0.633090 1.410457 0.480756 1.288278 1.341154 1.693295 1.918077 1.616603 1.365862 2.368310 0.672211 1.649562 1.445814 -9999.0 -9999.0 -9999.0 1.560981 -9999.0 -9999.0 -9999.0 -9999.0 -9999.0 -9999.0 -9999.0 -9999.0 -9999.0 -9999.0 -9999.0 -9999.0 -9999.0 -9999.0 -9999.0 -9999.0 -9999.0 -9999.0 -9999.0 -9999.0
-9999.0 -9999.0 -9999.0 -9999.0 -9999.0 -9999.0 -9999.0 -9999.0 -9999.0 -9999.0 -9999.0 5.259041 5.312814 7.136735 6.842085 6.981171 8.151256 5.329480 12.551204 9.395187 8.923054 5.661738 3.392151 -1.401532 -2.157690 1.519656 1.259797 1.915656 3.428166 1.570323 1.256880 1.073073 0.483521 0.440835 0.523693 1.280659 2.673906 3.433811 2.102153 1.553265 1.661290 1.546338 0.805958 1.508781 -9999.0 -9999.0 -9999.0 0.560349 0.359528 0.823663 0.224131 0.618197 0.742360 0.334607 0.252672 0.729156 -9999.0 -9999.0 -9999.0 -9999.0 -9999.0 -9999.0 -9999.0
-9999.0 -9999.0 -9999.0 -9999.0 -9999.0 -9999.0 -9999.0 -9999.0 -9999.0 -9999.0 -9999.0 4.973203 5.240889 1.665326 8.099783 7.812339 2.811317 4.151297 11.020052 9.420460 2.489035 0.250766 -0.038431 2.436529 1.506128 2.821594 -1.344134 -1.840096 2.506996 0.563943 1.864922 -2.308840 1.942746 0.433539 1.467162 1.995886 -1.498594 -1.022943 3.990905 2.104357 1.559243 0.609053 1.454553 1.399672 0.361237 -9999.0 1.579000 0.274118 0.688586 1.659540 2.153363 3.468505 1.301399 0.709952 0.563649 0.387172 -9999.0 -9999.0 -9999.0 -9999.0 -9999.0 -9999.0 -9999.0
-9999.0 -9999.0 -9999.0 -9999.0 -9999.0 -9999.0 -9999.0 -9999.0 -9999.0 -9999.0 -9999.0 -9999.0 5.204905 -0.004272 6.828035 7.006411 0.914000 3.191236 11.707974 9.168276 2.448942 1.093209 -0.114034 -0.353139 -1.272152 -0.229049 2.886771 2.336356 0.819255 1.576551 1.204177 -2.107994 2.375406 0.242207 0.447327 1.516759 -1.448669 -0.862404 5.560269 3.122439 3.857262 3.803281 -0.075429 2.877768 1.787283 0.365934 1.109683 0.368628 -3.015558 -0.034123 -0.007239 -1.997794 -2.052987 -2.622007 -3.185137 0.307365 0.434732 -9999.0 -9999.0 -9999.0 -9999.0 -9999.0 -9999.0
-9999.0 -9999.0 -9999.0 -9999.0 -9999.0 -9999.0 -9999.0 -9999.0 -9999.0 -9999.0 -9999.0 -0.258816 3.661835 5.526484 -0.004245 0.809279 2.180072 2.471848 11.109985 4.415091 2.753060 0.751273 -0.004606 -0.099348 -0.087598 -0.878621 -0.165651 0.869065 0.689634 3.103603 -1.343836 -1.304804 3.056137 0.542609 0.485037 0.589779 1.442328 -0.017136 0.519991 4.944697 -0.011218 -0.003819 -0.018151 0.044111 3.444210 1.027988 1.045981 3.160821 3.765116 -0.005819 -1.270047 1.021142 -3.486914 -2.928421 -3.433612 -4.160164 1.094610 -9999.0 -9999.0 -9999.0 -9999.0 -9999.0 -9999.0
-9999.0 -9999.0 -9999.0 -9999.0 -9999.0 -9999.0 -9999.0 -9999.0 -9999.0 -9999.0 3.006098 -0.008826 3.622760 3.840167 4.977842 0.294013 0.253657 0.099478 3.582733 4.047560 6.709342 5.331183 -0.362116 4.078917 -0.004524 -0.548409 -1.346833 -2.200583 2.587453 3.049204 -0.771818 -0.859790 2.976642 0.518337 1.743596 1.940822 2.501736 -0.052786 -0.031472 1.091413 1.179236 2.413904 8.211245 0.949037 -0.005726 3.220828 2.053722 -0.137783 -0.574791 -0.005074 -3.418057 0.784302 -3.759255 -4.221830 -4.535019 0.680522 0.562388 -9999.0 -9999.0 -9999.0 -9999.0 -9999.0 -9999.0
-9999.0 -9999.0 -9999.0 -9999.0 -9999.0 -9999.0 -9999.0 -9999.0 -9999.0 1.647680 3.098455 -0.005533 -0.004242 -0.010791 -0.028092 -0.007210 -0.006044 6.043953 3.510954 4.118860 7.290671 0.926644 0.317488 1.424376 0.243823 -0.921036 -0.901261 3.091500 -0.006556 -0.006275 0.461735 -1.114457 2.335283 1.392757 1.674980 1.880265 2.565563 -1.237572 -1.261340 -0.017978 -0.601643 -0.241063 -0.242925 1.647734 0.963198 -0.005731 4.324292 -0.017352 -0.016654 0.521593 -1.244388 0.939987 -4.375723 0.420243 0.460308 -2.440340 -2.958813 1.426909 0.598661 -9999.0 -9999.0 -9999.0 -9999.0
-9999.0 -9999.0 -9999.0 -9999.0 -9999.0 -9999.0 -9999.0 -9999.0 -9999.0 1.794282 1.854772 3.139873 4.242378 0.000911 -0.006280 -0.012031 4.343732 1.473389 4.086978 8.677893 8.159623 8.178071 5.545002 3.908240 -0.537583 -0.237959 -0.014306 -0.004651 1.332199 3.948163 2.903003 -1.494682 1.555947 0.469639 0.534550 1.866792 2.654090 3.681072 1.487251 3.216541 -1.792489 -0.397107 -0.007957 1.578269 2.542498 2.938242 2.609700 1.295550 0.005085 0.786977 -2.374852 -3.354427 0.284033 -0.117912 -0.335719 -3.829027 -2.171058 -2.428119 2.550749 -9999.0 -9999.0 -9999.0 -9999.0
-9999.0 -9999.0 -9999.0 -9999.0 -9999.0 -9999.0 -9999.0 -9999.0 -9999.0 -9999.0 1.206823 2.903695 -0.004778 -0.401777 0.093637 -0.005924 -0.003738 2.528695 4.883336 5.746370 8.143063 2.727576 -0.013916 -0.470478 -0.092920 -0.005415 0.837469 1.873573 2.900543 -1.069610 -1.406132 -1.676005 -1.654536 0.494479 0.619503 3.019668 3.208079 3.145245 2.702252 1.350040 1.070869 3.153251 3.646764 -0.005693 -0.008102 -0.005620 1.541774 5.782590 3.471641 0.732682 -1.340563 -2.809049 0.433864 0.178057 -0.172176 0.205030 0.471556 -0.563605 -0.267038 -0.005449 -9999.0 -9999.0 -9999.0
-9999.0 -9999.0 -9999.0 -9999.0 -9999.0 -9999.0 -9999.0 -9999.0 -9999.0 -9999.0 0.541494 2.133861 3.083989 -0.003078 4.736589 0.056547 0.008265 2.602113 5.280194 6.676093 3.450438 1.553717 -0.016294 -0.005280 -0.005617 1.419598 2.569074 -0.005599 -0.754360 -1.392760 1.284495 1.170890 -3.129509 0.512490 1.337030 3.174499 -0.441889 -0.548362 -1.401793 0.736608 1.473389 4.640497 -0.231510 2.880963 3.489087 -0.209681 -0.004467 -0.007814 2.807583 3.027046 0.430041 -1.301751 -2.146558 0.551245 -0.243222 0.173288 0.252573 -0.026816 1.011806 2.707828 -9999.0 -9999.0 -9999.0
-9999.0 -9999.0 -9999.0 -9999.0 -9999.0 -9999.0 -9999.0 -9999.0 2.126855 1.193455 0.579146 1.965003 -1.605035 -0.013059 -0.028043 1.612882 2.934078 8.952252 6.768002 7.139501 5.183358 4.118247 3.210993 1.451826 1.195207 1.920355 5.044193 -0.314421 -1.374529 -1.294231 -3.123909 1.312459 1.367693 0.603647 1.042704 1.794095 4.332484 -0.040093 -1.982552 2.103029 3.241251 2.897443 -1.212243 2.457413 4.238355 3.015086 -1.815522 -0.009712 -0.005845 3.063346 1.126171 -2.007373 -3.052658 -3.813514 0.262304 0.395179 1.644171 3.290163 1.408560 4.121499 -9999.0 -9999.0 -9999.0
-9999.0 -9999.0 -9999.0 -9999.0 -9999.0 -9999.0 -9999.0 -9999.0 -1.940684 -1.982759 -0.885747 0.667600 1.867515 -1.064568 -0.416096 0.008586 1.933545 2.522813 5.551519 7.649302 12.593131 11.328151 11.110653 10.521584 3.409608 3.323325 0.869894 -0.007994 -2.394896 0.735151 0.428428 2.497429 1.710350 2.784838 2.442832 2.771674 5.542312 0.773714 -0.011472 2.643595 1.361035 -1.920454 2.923819 2.802357 2.453454 -1.147473 -1.684440 2.196827 -0.009467 1.486143 2.606561 -0.006569 -3.657187 0.305519 1.306141 -1.109439 -0.045426 -0.003752 3.301208 5.913246 7.452654 -9999.0 -9999.0
-9999.0 -9999.0 -9999.0 -9999.0 -9999.0 -9999.0 -9999.0 -9999.0 1.286845 1.763977 0.458638 -1.641174 0.716028 -1.075722 -0.027021 -0.307924 0.304385 3.847921 5.478056 12.201824 8.113587 11.482763 11.668298 6.757653 8.807689 3.253219 0.391378 -0.705497 -3.582383 1.379105 2.958200 2.944546 -1.381148 -1.447106 3.412853 4.813282 0.192992 1.624074 -0.024982 -0.043246 2.469601 3.283621 2.499403 1.627546 -1.421878 2.438215 1.931133 1.384205 -1.180226 -0.011112 2.562950 0.930292 -1.750656 -3.471485 -0.656051 -0.011585 1.809597 3.175480 5.783850 6.203289 6.795427 -9999.0 -9999.0
-9999.0 -9999.0 -9999.0 -9999.0 -9999.0 -9999.0 -9999.0 -9999.0 0.889107 2.328433 -1.319781 -3.150822 2.087697 -1.234729 -1.437679 0.266597 4.009991 5.273455 8.602411 5.734200 7.511868 7.878835 10.923447 10.258282 3.651482 1.045259 -0.033626 -1.438163 3.081582 -0.102437 -0.049566 -0.014393 0.028170 -0.007032 -0.005665 4.319000 6.450841 4.091911 0.692841 -0.004728 3.188133 3.281728 3.225549 4.187052 1.939441 3.202731 2.652858 3.622111 1.648603 -0.042383 -0.008025 2.219469 1.098713 -0.007809 1.373350 2.335498 3.991702 4.741468 5.711091 6.511503 5.421572 2.670247 -9999.0
-9999.0 -9999.0 -9999.0 -9999.0 -9999.0 -9999.0 -9999.0 -9999.0 0.202620 1.655982 -1.225678 -1.063901 -0.466514 -0.029511 3.990886 3.009734 6.289625 2.435590 0.783488 2.903352 4.783461 7.227320 7.497387 7.222159 8.078208 0.121775 -0.561385 -0.005689 0.168831 -0.004811 -0.352095 0.613538 2.817226 1.971058 1.031422 2.051231 3.935189 6.094791 5.510470 2.845466 1.344596 0.983854 0.983779 0.064939 -0.022124 3.677753 -0.006453 -0.010340 -0.007146 0.520217 2.201902 1.708049 1.953657 2.525382 3.088208 3.497257 4.187670 5.032531 5.700164 5.754603 4.213203 2.053300 -9999.0
-9999.0 -9999.0 1.922344 2.373263 -2.373695 -1.505879 -1.976950 -3.038189 0.535543 0.914204 -1.380907 -0.471595 -0.172322 0.261117 5.213015 2.311510 -0.011526 -0.712555 -0.010034 0.009762 2.773369 5.466756 6.287508 6.204407 5.301149 2.072275 0.087086 0.058646 2.440155 5.113229 -0.012501 0.692280 7.148874 3.430871 4.926038 4.657796 7.991742 8.394177 7.302937 4.630428 5.679045 5.271902 4.246005 3.215868 0.002701 0.608699 2.280608 1.457137 3.107686 4.084653 5.338626 4.603570 3.892996 3.413281 3.311033 8.255151 3.969181 4.394097 4.084747 3.536298 6.079517 1.290724 -9999.0
-9999.0 -0.015930 -0.111616 -1.193075 -0.304655 -0.688920 -0.531910 -1.044172 -1.997057 0.617201 -1.262605 -0.377356 0.032394 4.494259 4.350073 -0.491771 -0.258936 -1.495237 -0.189407 -0.009530 2.468957 4.289672 7.850884 4.883161 9.578419 5.113534 7.598823 7.689363 5.730501 3.832588 4.212431 4.389043 5.973321 10.195391 8.645046 9.775471 11.504792 11.297875 11.588495 9.752341 9.192695 9.049058 8.281491 4.861429 3.556336 3.950105 5.242069 5.979596 7.427060 6.091070 5.410301 4.524586 3.755188 2.980974 2.912718 2.382025 0.850255 1.201963 2.190143 4.719357 0.554374 1.081726 -9999.0
-9999.0 4.066635 -0.006331 -0.004539 2.448216 -0.017514 -1.984565 -1.547472 0.500901 0.442178 -0.840917 -0.747324 0.258319 4.466816 -0.083721 -2.890111 -0.911697 -1.129873 -0.211893 -0.006334 5.014780 1.954362 3.052163 3.584254 9.179098 10.643934 5.523349 7.044964 6.768629 6.476744 6.629986 6.404512 7.740040 8.716706 13.196501 11.755732 18.382498 19.443619 14.579392 13.487931 12.741625 11.697112 10.752014 8.135577 8.015698 7.884100 8.535626 8.149529 7.474033 6.566817 4.549945 2.003882 0.968866 1.497053 0.739805 -0.022538 -0.273944 -0.107820 -0.093864 -0.143086 -0.018205 -9999.0 -9999.0
