user2019/resources/simulation/Vinschgau/output-maps/TL0003N0250.asc
ncols         63
nrows         48
xllcorner     598000.000000
yllcorner     5145000.000000
cellsize      1000.000000
NODATA_value  -9999.0
[rows 0 to 27 of 48, columns 0 to 61 of 63]
-9999.0 -9999.0 -9999.0 -9999.0 -9999.0 -9999.0 -9999.0 -9999.0 -9999.0 -9999.0 -9999.0 -9999.0 -9999.0 -9999.0 -9999.0 -9999.0 -9999.0 -9999.0 -9999.0 -9999.0 -9999.0 -9999.0 -9999.0 -9999.0 -9999.0 -9999.0 -9999.0 -9999.0 -9999.0 -9999.0 -9999.0 -9999.0 -9999.0 -9999.0 -9999.0 -9999.0 -9999.0 -9999.0 -9999.0 -9999.0 -9999.0 -9999.0 -9999.0 -9999.0 -9999.0 -9999.0 -9999.0 -9999.0 -9999.0 -9999.0 -9999.0 -9999.0 -9999.0 -9999.0 -9999.0 -9999.0 -9999.0 -9999.0 -9999.0 -9999.0 -9999.0 -9999.0
-9999.0 -9999.0 -9999.0 -9999.0 -9999.0 -9999.0 -9999.0 -9999.0 -9999.0 -9999.0 -9999.0 -9999.0 -9999.0 -9999.0 -9999.0 -9999.0 -9999.0 -9999.0 -9999.0 -9999.0 -9999.0 -9999.0 -9999.0 -9999.0 -9999.0 -9999.0 -9999.0 -6.448776 -6.622788 -6.561042 -7.262982 -8.236372 -8.219068 -9999.0 -9999.0 -9999.0 -9999.0 -9999.0 -9999.0 -9999.0 -9999.0 -9999.0 -9999.0 -9999.0 -9999.0 -9999.0 -9999.0 -9999.0 -9999.0 -9999.0 -9999.0 -9999.0 -9999.0 -9999.0 -9999.0 -9999.0 -9999.0 -9999.0 -9999.0 -9999.0 -9999.0 -9999.0
-9999.0 -9999.0 -9999.0 -9999.0 -9999.0 -9999.0 -9999.0 -9999.0 -9999.0 -9999.0 -9999.0 -9999.0 -9999.0 -9999.0 -9999.0 -9999.0 -9999.0 -9999.0 -9999.0 -9999.0 -9999.0 -9999.0 -9999.0 -9999.0 -4.648035 -5.524479 -5.427925 -5.977573 -5.779735 -6.205549 -7.429026 -9999.0 -9999.0 -9999.0 -9999.0 -9999.0 -9999.0 -9999.0 -9999.0 -9999.0 -9999.0 -9999.0 -9999.0 -9999.0 -9999.0 -9999.0 -9999.0 -9999.0 -9999.0 -9999.0 -9999.0 -9999.0 -9999.0 -9999.0 -9999.0 -9999.0 -9999.0 -9999.0 -9999.0 -9999.0 -9999.0 -9999.0
-9999.0 -9999.0 -9999.0 -9999.0 -9999.0 -9999.0 -9999.0 -9999.0 -9999.0 -9999.0 -9999.0 -9999.0 -9999.0 -9999.0 -9999.0 -9999.0 -9999.0 -9999.0 -9999.0 -9999.0 -9999.0 -9999.0 -9999.0 -4.958345 -4.517382 -3.399690 -4.714886 -5.258040 -5.433699 -6.263796 -7.187468 -6.833379 -9999.0 -9999.0 -9999.0 -9999.0 -9999.0 -9999.0 -9999.0 -9999.0 -9999.0 -9999.0 -9999.0 -9999.0 -9999.0 -9999.0 -9999.0 -9999.0 -9999.0 -9999.0 -9999.0 -9999.0 -9999.0 -9999.0 -9999.0 -9999.0 -9999.0 -9999.0 -9999.0 -9999.0 -9999.0 -9999.0
-9999.0 -9999.0 -9999.0 -9999.0 -9999.0 -9999.0 -9999.0 -9999.0 -9999.0 -9999.0 -9999.0 -9999.0 -9999.0 -9999.0 -9999.0 -9999.0 -9999.0 -9999.0 -1.814810 -2.764366 -9999.0 -4.485797 -4.345194 -3.324937 -4.658430 -2.442533 -4.715445 -4.727423 -1.858162 -5.167155 -6.164713 -7.086762 -7.530670 -8.672950 -9999.0 -9999.0 -9999.0 -9999.0 -9999.0 -9999.0 -9999.0 -9999.0 -9999.0 -9999.0 -9999.0 -9999.0 -9999.0 -9999.0 -9999.0 -9999.0 -9999.0 -9999.0 -9999.0 -9999.0 -9999.0 -9999.0 -9999.0 -9999.0 -9999.0 -9999.0 -9999.0 -9999.0
-9999.0 -9999.0 -9999.0 -9999.0 -9999.0 -9999.0 -9999.0 -9999.0 -9999.0 -9999.0 -9999.0 -9999.0 -9999.0 -9999.0 -9999.0 -9999.0 -9999.0 -4.090316 -5.719475 -4.917269 -4.431173 -2.303555 -3.684579 -4.792792 -3.301106 -5.934316 -6.108318 -5.050453 -6.156499 -5.092790 -5.113292 -6.337999 -5.920107 -7.402143 -8.090397 -9.189214 -9999.0 -9999.0 -9999.0 -9999.0 -9999.0 -9999.0 -9999.0 -9999.0 -9999.0 -9999.0 -9999.0 -9999.0 -9999.0 -9999.0 -9999.0 -9999.0 -9999.0 -9999.0 -9999.0 -9999.0 -9999.0 -9999.0 -9999.0 -9999.0 -9999.0 -9999.0
-9999.0 -9999.0 -9999.0 -9999.0 -9999.0 -9999.0 -9999.0 -9999.0 -9999.0 -9999.0 -9999.0 -9999.0 -9999.0 -4.693485 -2.343127 -4.358814 -4.000124 -4.064053 -4.860598 -5.080478 -4.833083 -4.568951 -4.511598 -4.870523 -5.733065 -6.329083 -7.173471 -6.340626 -7.024485 -5.359026 -5.808322 -7.005338 -7.579660 -9.217108 -9.364553 -9.967237 -9999.0 -9999.0 -9999.0 -9999.0 -9999.0 -9999.0 -9999.0 -9999.0 -9999.0 -9999.0 -9999.0 -9999.0 -9999.0 -9999.0 -9999.0 -9999.0 -9999.0 -9999.0 -9999.0 -9999.0 -9999.0 -9999.0 -9999.0 -9999.0 -9999.0 -9999.0
-9999.0 -9999.0 -9999.0 -9999.0 -9999.0 -9999.0 -9999.0 -9999.0 -9999.0 -9999.0 -9999.0 -9999.0 -9999.0 -2.416465 -2.311465 -2.886886 -2.805443 -2.596700 -4.199407 -5.301491 -1.424700 -5.367659 -4.343989 -4.924602 -4.448000 -5.535647 -6.518619 -8.097078 -8.554360 -7.351046 -6.278154 -9.130350 -9.319529 -10.096287 -10.110854 -9999.0 -9999.0 -9999.0 -9999.0 -9999.0 -9999.0 -9999.0 -9999.0 -9999.0 -9999.0 -9999.0 -9999.0 -9999.0 -9999.0 -9999.0 -9999.0 -9999.0 -9999.0 -9999.0 -9999.0 -9999.0 -9999.0 -9999.0 -9999.0 -9999.0 -9999.0 -9999.0
-9999.0 -9999.0 -9999.0 -9999.0 -9999.0 -9999.0 -9999.0 -9999.0 -9999.0 -9999.0 -9999.0 -9999.0 -9999.0 -2.665211 -3.858359 -0.675627 -2.439263 -3.974885 -4.059710 -0.518375 -2.887529 -6.602749 -5.248659 -5.129881 -4.113563 -3.026234 -6.049444 -8.427178 -6.605001 -9.078785 -8.868087 -10.429523 -10.084873 -10.853030 -10.377160 -9999.0 -9999.0 -9999.0 -9999.0 -9999.0 -9999.0 -9999.0 -9999.0 -9999.0 -9999.0 -9999.0 -9999.0 -9999.0 -9999.0 -9999.0 -9999.0 -9999.0 -9999.0 -9999.0 -9999.0 -9999.0 -9999.0 -9999.0 -9999.0 -9999.0 -9999.0 -9999.0
-9999.0 -9999.0 -9999.0 -9999.0 -9999.0 -9999.0 -9999.0 -9999.0 -9999.0 -9999.0 -9999.0 -9999.0 -2.581598 -2.850826 -1.321677 -5.662950 -1.671310 -3.912460 -0.009468 -4.325914 -4.046539 -5.879840 -5.549007 -4.997041 -2.651831 -7.811301 -5.300715 -6.253150 -6.146475 -8.616502 -9.240170 -7.914177 -8.385289 -9.939305 -9999.0 -9999.0 -9999.0 -9999.0 -9999.0 -9999.0 -9999.0 -9999.0 -9999.0 -9999.0 -9999.0 -9999.0 -9999.0 -9999.0 -9999.0 -9999.0 -9999.0 -9999.0 -9999.0 -9999.0 -9999.0 -9999.0 -9999.0 -9999.0 -9999.0 -9999.0 -9999.0 -9999.0
-9999.0 -9999.0 -9999.0 -9999.0 -9999.0 -9999.0 -9999.0 -9999.0 -9999.0 -9999.0 -9999.0 -3.617544 -4.371660 -0.980751 -5.451951 -5.343614 -6.432967 -3.995907 -0.010209 -4.255737 -5.024433 -2.949713 -5.162594 -6.733865 -5.321738 -6.084260 -8.453640 -5.854346 -6.133730 -9.235438 -7.394175 -6.934746 -8.291007 -9.816820 -10.118871 -10.377693 -11.129519 -10.430993 -10.254644 -9999.0 -9999.0 -9999.0 -10.237563 -9999.0 -9999.0 -9999.0 -9999.0 -9999.0 -9999.0 -9999.0 -9999.0 -9999.0 -9999.0 -9999.0 -9999.0 -9999.0 -9999.0 -9999.0 -9999.0 -9999.0 -9999.0 -9999.0
-9999.0 -9999.0 -9999.0 -9999.0 -9999.0 -9999.0 -9999.0 -9999.0 -9999.0 -9999.0 -9999.0 -4.903324 -4.260864 -3.275754 -2.990551 -6.227823 -3.029140 -4.667484 -0.012172 -3.759333 -4.036562 -1.523313 -4.504639 -5.355113 -5.574285 -6.607097 -5.852799 -5.421798 -6.311148 -8.609598 -6.957962 -7.141372 -8.344537 -9.025253 -10.973550 -10.435105 -6.140600 -6.548460 -7.560120 -13.545484 -11.806075 -11.882872 -9.255858 -8.983856 -9999.0 -9999.0 -9999.0 -0.647543 -3.325920 -3.770680 -1.063697 -2.419255 -2.439630 -0.167237 -0.132578 -2.167205 -9999.0 -9999.0 -9999.0 -9999.0 -9999.0 -9999.0
-9999.0 -9999.0 -9999.0 -9999.0 -9999.0 -9999.0 -9999.0 -9999.0 -9999.0 -9999.0 -9999.0 -4.013205 -5.012491 -5.633593 -2.006226 -5.323146 -3.368016 -4.385008 -3.918862 -0.165679 -2.846102 -3.403963 -3.504006 -4.415948 -6.939443 -6.011298 -4.009492 -6.134316 -7.687639 -7.157776 -8.341216 -7.206544 -7.277181 -9.701546 -10.576462 -9.660415 -5.727771 -5.347801 -6.010184 -8.720086 -7.341995 -10.685611 -8.141082 -7.845135 -7.729260 -9999.0 -6.848187 -4.277786 -2.136068 -0.802281 -1.324360 -1.348235 -0.042088 -0.017366 -0.021630 -0.041270 -9999.0 -9999.0 -9999.0 -9999.0 -9999.0 -9999.0
-9999.0 -9999.0 -9999.0 -9999.0 -9999.0 -9999.0 -9999.0 -9999.0 -9999.0 -9999.0 -9999.0 -9999.0 -4.367251 -2.191260 -1.126520 -2.285398 -3.975719 -4.193891 -1.250281 -0.009442 -4.173310 -3.274271 -3.843337 -3.300533 -5.619526 -3.968128 -2.550500 -7.189636 -6.893925 -6.553542 -6.692894 -6.628687 -7.279992 -8.849894 -10.602414 -10.745561 -6.968571 -5.446158 -4.081916 -7.271218 -8.066177 -8.056335 -6.567282 -6.714754 -7.259539 -5.976825 -5.584004 -4.357415 -4.363080 -2.893319 -2.025631 -1.577435 -0.020811 -0.534501 -2.770404 -2.679805 -0.925372 -9999.0 -9999.0 -9999.0 -9999.0 -9999.0
-9999.0 -9999.0 -9999.0 -9999.0 -9999.0 -9999.0 -9999.0 -9999.0 -9999.0 -9999.0 -9999.0 -0.742568 -5.203235 -5.217648 -2.405895 -2.605903 -2.560742 -4.468877 -3.333169 -0.307206 -4.089247 -3.560039 -2.993664 -4.409543 -3.439073 -3.224296 -2.840340 -7.476662 -6.136559 -6.022438 -4.884940 -5.460132 -6.096983 -8.818757 -11.066375 -10.817401 -11.779633 -6.090660 -3.787595 -4.012297 -5.834857 -4.479752 -5.980441 -6.463836 -5.937959 -5.951392 -4.394363 -4.176758 -3.607572 -4.025425 -5.649333 -5.474257 -4.225713 -6.165162 -5.251705 -5.872625 -1.983489 -9999.0 -9999.0 -9999.0 -9999.0 -9999.0
-9999.0 -9999.0 -9999.0 -9999.0 -9999.0 -9999.0 -9999.0 -9999.0 -9999.0 -9999.0 -1.183004 -1.535066 -0.269524 -3.985423 -0.463246 -3.282185 -5.131882 -4.310282 -3.078695 -0.288950 -1.419707 -1.073192 -3.653317 -1.952269 -3.969958 -2.261810 -6.259475 -6.567360 -4.127821 -4.061424 -4.799481 -5.955831 -7.022240 -8.701213 -11.178708 -10.514420 -9.611637 -6.446980 -5.069273 -2.477316 -1.004516 -5.252688 -5.356808 -5.716658 -5.842675 -6.132146 -4.281456 -4.349298 -4.379095 -4.115870 -3.825119 -5.943845 -5.864173 -6.127408 -5.636761 -0.276097 -0.164357 -9999.0 -9999.0 -9999.0 -9999.0 -9999.0
-9999.0 -9999.0 -9999.0 -9999.0 -9999.0 -9999.0 -9999.0 -9999.0 -9999.0 -5.329453 -1.223396 -1.126562 -3.449606 -1.810052 -0.185714 -4.589514 -4.910238 -1.332687 -4.003404 -0.048726 -0.003145 -3.895737 -3.793531 -3.456097 -2.213569 -6.107348 -5.030309 -3.384019 -4.198821 -4.438127 -4.912036 -6.805796 -8.985463 -9.994822 -9.426429 -9.671343 -9.345818 -9.239157 -9.382707 -7.819183 -4.236305 -7.481028 -7.193464 -1.077782 -5.973371 -5.582540 -4.977454 -4.289564 -3.210280 -4.109760 -2.569345 -3.500978 -6.536946 -4.924953 -3.082074 -1.555662 -0.062564 -0.023921 -0.563802 -9999.0 -9999.0 -9999.0
-9999.0 -9999.0 -9999.0 -9999.0 -9999.0 -9999.0 -9999.0 -9999.0 -9999.0 -5.291602 -5.116510 -5.048880 -3.381621 -2.887668 -0.997562 -1.065585 -0.153422 -3.728353 -2.983375 -0.000718 -0.000861 -0.001450 -1.965829 -1.894066 -5.830517 -4.110667 -4.308361 -4.398877 -3.124935 -4.017088 -5.607928 -5.796617 -7.470001 -7.170463 -7.536102 -8.148937 -8.560699 -8.087875 -9.497280 -7.952607 -6.323240 -8.169248 -5.749439 -5.075198 -0.343215 -0.265332 -0.332536 -5.339077 -4.297050 -3.953691 -3.694834 -2.827731 -4.857225 -4.351953 -5.692151 -1.055262 -0.655230 -0.021421 -0.009586 -9999.0 -9999.0 -9999.0
-9999.0 -9999.0 -9999.0 -9999.0 -9999.0 -9999.0 -9999.0 -9999.0 -9999.0 -9999.0 -4.970888 -4.812892 -4.061004 -4.979887 -3.697880 -0.888862 -1.202022 -3.360049 -0.494584 -0.001036 -1.390902 -2.990188 -1.924534 -3.825171 -4.154957 -4.303350 -4.037796 -0.315402 -5.038064 -6.274970 -6.816987 -3.652975 -7.485596 -7.888481 -6.384393 -5.658223 -6.069283 -6.504842 -8.020302 -8.985012 -9.312505 -5.881197 -5.944928 -5.935482 -6.525283 -6.510232 -4.806289 -2.769939 -0.005944 -4.313714 -2.026583 -1.773307 -2.891834 -4.507440 -3.329087 -4.818588 -2.227012 -2.393241 -2.933152 -1.347349 -9999.0 -9999.0
-9999.0 -9999.0 -9999.0 -9999.0 -9999.0 -9999.0 -9999.0 -9999.0 -9999.0 -9999.0 -4.961619 -4.902272 -4.031010 -1.610945 -2.355158 -3.630211 -3.606324 -3.636189 0.000051 -0.003064 -0.043435 -3.432933 -4.012637 -4.175558 -3.968333 -2.990087 -0.008177 -4.183993 -5.342008 -7.783096 -7.347566 -5.056762 -6.422855 -7.861247 -7.670544 -6.960099 -5.353857 -5.234407 -6.894034 -7.771520 -5.946235 -5.819282 -5.530155 -6.737658 -1.552975 -5.065903 -3.898137 -5.726526 -0.167217 -0.693409 -4.081102 -1.417768 -0.138579 -2.697503 -4.036797 -2.078588 -4.891754 -0.790431 -2.997985 -0.057343 -9999.0 -9999.0
-9999.0 -9999.0 -9999.0 -9999.0 -9999.0 -9999.0 -9999.0 -9999.0 -0.252258 -1.015950 -4.871292 -4.142511 -4.315254 -4.113974 -2.070473 -0.376952 -0.281411 0.068320 0.050347 0.010552 -0.004212 -0.004188 -0.557965 -3.510545 -3.624849 -0.012871 -3.261145 -5.546561 -4.954758 -6.524909 -8.633927 -7.145719 -6.390764 -6.357356 -5.431424 -8.056764 -4.928169 -4.798422 -6.472244 -6.273306 -7.012812 -6.342921 -7.466569 -7.923536 -4.513771 -2.288275 -6.124847 -1.916350 -4.992117 -0.006592 -3.632455 -2.483961 -0.411435 -3.387461 -2.074611 -0.059815 -0.045320 -0.051636 -2.842467 -0.000595 -9999.0 -9999.0
-9999.0 -9999.0 -9999.0 -9999.0 -9999.0 -9999.0 -9999.0 -9999.0 -5.374384 -0.629971 -3.513788 -6.396696 -5.485685 -3.868684 -2.034553 -3.222243 -2.089288 -2.251247 0.059861 0.190031 0.979390 0.350780 -0.003927 -0.002346 -0.006515 -0.002950 -3.030949 -4.218177 -6.831019 -5.151498 -5.370443 -5.199375 -4.668976 -5.443555 -3.097433 -3.066880 -3.629971 -4.273645 -4.807711 -4.416762 -6.487953 -8.451427 -7.176408 -3.181947 -2.319687 -3.165574 -6.337563 -5.687186 -4.563110 -2.917540 -0.977522 -2.757425 -0.562451 -0.383290 -2.120344 -2.913731 -2.937417 -2.957028 -0.002283 0.291207 0.372215 -9999.0
-9999.0 -9999.0 -9999.0 -9999.0 -9999.0 -9999.0 -9999.0 -9999.0 -5.520031 -4.096584 -0.446068 -5.099994 -2.586687 -6.091811 -0.767069 -3.639693 -2.945949 -2.467357 0.039365 0.705240 0.527422 0.628304 0.499662 0.005097 0.109593 -2.640952 -3.770296 -4.932335 -6.021920 -4.610179 -5.082982 -3.079045 -4.487927 -4.397164 -1.650741 -2.942045 -4.158587 -4.583742 -4.131483 -4.357902 -4.515946 -4.857450 -1.590159 -4.392204 -4.773917 -4.983116 -3.391668 -1.098988 -3.830534 -4.613426 -0.000370 -3.465958 -2.956803 -2.481616 -4.113176 -3.393914 -1.969988 -0.000839 0.020106 0.028872 0.203507 -9999.0
-9999.0 -9999.0 -9999.0 -9999.0 -9999.0 -9999.0 -9999.0 -9999.0 -7.379784 -4.176990 -1.125939 -3.624262 -0.076442 -0.568004 -3.296822 -4.219592 -0.490149 0.005436 -0.001528 0.106440 0.137587 0.442922 0.749025 0.392348 -1.170617 -2.356743 -1.766643 -3.703804 -2.357229 -3.790538 -3.421695 -3.502092 -4.496129 -4.366591 -4.232187 -3.327583 -2.974243 -3.905857 -3.244797 -3.539806 -3.090732 -1.687972 -1.327728 -3.498507 -1.005716 -3.205006 -0.540015 -2.040793 -0.700795 -3.078871 -2.677644 -0.000321 -2.547151 -2.394253 -1.510364 -0.009079 -0.000274 0.017494 0.705813 0.192384 -0.000316 -0.043560
-9999.0 -9999.0 -9999.0 -9999.0 -9999.0 -9999.0 -9999.0 -9999.0 -4.647874 -3.014069 -0.165602 -2.221695 -3.197494 -5.036121 -0.008536 -0.212298 -2.103299 -3.505167 -3.324066 -2.602340 -0.002227 0.282018 0.338168 0.363809 -0.010876 -3.171287 -3.832290 -2.879169 -4.708334 -4.057326 -3.367287 -2.454137 -3.773393 -3.121458 -3.400294 -2.943469 -3.389905 -3.311159 -4.071783 -2.843636 -3.024941 -3.267782 -3.949935 -3.750138 -3.148183 -1.502154 -3.545389 -3.749805 -3.895976 -3.923541 -2.443777 -0.005046 -0.000253 -0.001298 -0.000533 -0.000228 0.078819 0.139058 0.012088 -0.000333 -0.856760 -0.031025
-9999.0 -9999.0 -3.700773 -2.411087 -3.512158 -2.491092 -1.176090 -2.400658 -2.770885 -2.766689 -2.808771 -4.443684 -3.120979 -3.128280 -0.000666 -2.255325 -4.724982 -4.784329 -4.251368 -2.245438 -2.299549 0.363255 0.218274 0.580983 -0.001102 -2.549522 -4.027343 -4.416481 -3.074910 -4.140872 -4.100108 -3.178915 -0.947289 -4.884665 -3.857154 -5.008657 -2.802872 -0.004668 -3.739368 -3.959833 -4.142375 -4.330820 -4.940185 -4.305438 -4.118334 -3.791306 -3.947271 -4.443281 -0.421233 -0.000930 -0.000367 -0.000268 0.088703 0.072122 0.017585 0.225552 -0.000581 -0.000530 -1.698124 -1.936696 -0.026394 -0.017021
-9999.0 -1.330961 -1.781607 -0.870417 -1.740928 -0.317024 -3.419913 -4.027612 -4.158564 -4.657657 -3.283692 -0.241674 -3.570728 -0.002434 -2.042985 -1.191152 -4.074864 -4.001206 -0.832075 -3.049956 -2.561145 -0.002981 0.105717 0.354761 0.141833 -0.000635 -0.001007 -0.001041 -0.003028 -0.379433 -0.612916 -3.279709 -2.645103 -0.001905 -0.046699 -0.003485 -0.000737 0.008610 -0.000784 -0.030217 -0.238825 -0.011541 -0.152189 -4.263168 -2.277020 -3.974101 -0.164532 -0.005433 0.003400 0.008216 0.010767 0.000125 -0.000625 -0.009093 -0.008810 -1.993244 -0.162672 -0.055169 -0.057052 -0.133444 -0.019535 -0.015737
-9999.0 -3.065321 -1.810055 -2.147591 -1.419054 -1.713305 -2.370795 -2.317270 -2.494879 -3.349018 -1.493077 -1.594839 -2.603883 -1.622434 -2.272846 -3.811775 -4.440419 -3.900508 -2.185154 -3.076490 -0.470396 -2.162987 -0.008193 -0.001477 0.479871 0.832686 0.293920 0.137159 0.074158 0.122087 0.144861 0.000594 -0.001569 -0.000919 0.026892 0.005738 0.722809 2.835442 0.071520 0.254959 0.014732 0.007483 0.002200 -0.175519 0.035790 0.463787 0.642913 0.621352 0.068271 0.042054 -0.000406 -3.138134 -0.197485 -1.279081 -2.481624 -0.227403 -0.581627 -0.668667 -0.901136 -0.157937 -0.047199 -9999.0
