user2019/resources/simulation/Vinschgau/output-maps/TL0006N0705.asc
ncols         63
nrows         48
xllcorner     598000.000000
yllcorner     5145000.000000
cellsize      1000.000000
NODATA_value  -9999.0
[rows 0 to 27 of 48, columns 0 to 62 of 63]
-9999.0 -9999.0 -9999.0 -9999.0 -9999.0 -9999.0 -9999.0 -9999.0 -9999.0 -9999.0 -9999.0 -9999.0 -9999.0 -9999.0 -9999.0 -9999.0 -9999.0 -9999.0 -9999.0 -9999.0 -9999.0 -9999.0 -9999.0 -9999.0 -9999.0 -9999.0 -9999.0 -9999.0 -9999.0 -9999.0 -9999.0 -9999.0 -9999.0 -9999.0 -9999.0 -9999.0 -9999.0 -9999.0 -9999.0 -9999.0 -9999.0 -9999.0 -9999.0 -9999.0 -9999.0 -9999.0 -9999.0 -9999.0 -9999.0 -9999.0 -9999.0 -9999.0 -9999.0 -9999.0 -9999.0 -9999.0 -9999.0 -9999.0 -9999.0 -9999.0 -9999.0 -9999.0 -9999.0
-9999.0 -9999.0 -9999.0 -9999.0 -9999.0 -9999.0 -9999.0 -9999.0 -9999.0 -9999.0 -9999.0 -9999.0 -9999.0 -9999.0 -9999.0 -9999.0 -9999.0 -9999.0 -9999.0 -9999.0 -9999.0 -9999.0 -9999.0 -9999.0 -9999.0 -9999.0 -9999.0 12.214457 10.277304 10.303124 7.311848 6.573973 6.620927 -9999.0 -9999.0 -9999.0 -9999.0 -9999.0 -9999.0 -9999.0 -9999.0 -9999.0 -9999.0 -9999.0 -9999.0 -9999.0 -9999.0 -9999.0 -9999.0 -9999.0 -9999.0 -9999.0 -9999.0 -9999.0 -9999.0 -9999.0 -9999.0 -9999.0 -9999.0 -9999.0 -9999.0 -9999.0 -9999.0
-9999.0 -9999.0 -9999.0 -9999.0 -9999.0 -9999.0 -9999.0 -9999.0 -9999.0 -9999.0 -9999.0 -9999.0 -9999.0 -9999.0 -9999.0 -9999.0 -9999.0 -9999.0 -9999.0 -9999.0 -9999.0 -9999.0 -9999.0 -9999.0 10.169423 11.184537 11.590768 11.291012 10.417369 10.066518 7.985479 -9999.0 -9999.0 -9999.0 -9999.0 -9999.0 -9999.0 -9999.0 -9999.0 -9999.0 -9999.0 -9999.0 -9999.0 -9999.0 -9999.0 -9999.0 -9999.0 -9999.0 -9999.0 -9999.0 -9999.0 -9999.0 -9999.0 -9999.0 -9999.0 -9999.0 -9999.0 -9999.0 -9999.0 -9999.0 -9999.0 -9999.0 -9999.0
-9999.0 -9999.0 -9999.0 -9999.0 -9999.0 -9999.0 -9999.0 -9999.0 -9999.0 -9999.0 -9999.0 -9999.0 -9999.0 -9999.0 -9999.0 -9999.0 -9999.0 -9999.0 -9999.0 -9999.0 -9999.0 -9999.0 -9999.0 10.975456 12.091319 10.610108 10.450729 10.835669 9.599347 11.405157 10.003332 8.392458 -9999.0 -9999.0 -9999.0 -9999.0 -9999.0 -9999.0 -9999.0 -9999.0 -9999.0 -9999.0 -9999.0 -9999.0 -9999.0 -9999.0 -9999.0 -9999.0 -9999.0 -9999.0 -9999.0 -9999.0 -9999.0 -9999.0 -9999.0 -9999.0 -9999.0 -9999.0 -9999.0 -9999.0 -9999.0 -9999.0 -9999.0
-9999.0 -9999.0 -9999.0 -9999.0 -9999.0 -9999.0 -9999.0 -9999.0 -9999.0 -9999.0 -9999.0 -9999.0 -9999.0 -9999.0 -9999.0 -9999.0 -9999.0 -9999.0 13.056810 12.054828 -9999.0 10.582870 11.561193 10.849852 10.611532 12.203686 10.532998 10.445212 12.297181 10.202287 11.449908 9.656694 12.407881 11.233974 -9999.0 -9999.0 -9999.0 -9999.0 -9999.0 -9999.0 -9999.0 -9999.0 -9999.0 -9999.0 -9999.0 -9999.0 -9999.0 -9999.0 -9999.0 -9999.0 -9999.0 -9999.0 -9999.0 -9999.0 -9999.0 -9999.0 -9999.0 -9999.0 -9999.0 -9999.0 -9999.0 -9999.0 -9999.0
-9999.0 -9999.0 -9999.0 -9999.0 -9999.0 -9999.0 -9999.0 -9999.0 -9999.0 -9999.0 -9999.0 -9999.0 -9999.0 -9999.0 -9999.0 -9999.0 -9999.0 12.087108 10.388435 12.312808 14.928554 8.630033 10.046824 10.092597 14.321594 8.605171 7.494202 7.934330 7.144086 8.938127 11.332972 10.292661 11.673968 10.163512 8.250781 6.081189 -9999.0 -9999.0 -9999.0 -9999.0 -9999.0 -9999.0 -9999.0 -9999.0 -9999.0 -9999.0 -9999.0 -9999.0 -9999.0 -9999.0 -9999.0 -9999.0 -9999.0 -9999.0 -9999.0 -9999.0 -9999.0 -9999.0 -9999.0 -9999.0 -9999.0 -9999.0 -9999.0
-9999.0 -9999.0 -9999.0 -9999.0 -9999.0 -9999.0 -9999.0 -9999.0 -9999.0 -9999.0 -9999.0 -9999.0 -9999.0 10.353365 9.652147 10.186779 12.284873 19.570805 11.712329 11.035067 10.804288 11.444285 12.035126 13.911930 7.999428 8.125694 7.912137 6.878277 7.728805 7.663385 8.033195 7.498084 7.675240 5.574649 6.555682 5.631396 -9999.0 -9999.0 -9999.0 -9999.0 -9999.0 -9999.0 -9999.0 -9999.0 -9999.0 -9999.0 -9999.0 -9999.0 -9999.0 -9999.0 -9999.0 -9999.0 -9999.0 -9999.0 -9999.0 -9999.0 -9999.0 -9999.0 -9999.0 -9999.0 -9999.0 -9999.0 -9999.0
-9999.0 -9999.0 -9999.0 -9999.0 -9999.0 -9999.0 -9999.0 -9999.0 -9999.0 -9999.0 -9999.0 -9999.0 -9999.0 11.333894 10.479679 10.362893 10.855941 14.283829 20.043037 12.689049 12.011217 10.809373 9.724456 8.249805 9.012274 8.021851 9.993776 7.568899 7.858437 5.820623 6.881952 5.195373 5.552706 3.696611 5.453742 -9999.0 -9999.0 -9999.0 -9999.0 -9999.0 -9999.0 -9999.0 -9999.0 -9999.0 -9999.0 -9999.0 -9999.0 -9999.0 -9999.0 -9999.0 -9999.0 -9999.0 -9999.0 -9999.0 -9999.0 -9999.0 -9999.0 -9999.0 -9999.0 -9999.0 -9999.0 -9999.0 -9999.0
-9999.0 -9999.0 -9999.0 -9999.0 -9999.0 -9999.0 -9999.0 -9999.0 -9999.0 -9999.0 -9999.0 -9999.0 -9999.0 10.398872 11.983500 10.823806 10.033114 11.457632 20.388759 12.415277 12.232270 10.953768 7.871548 7.818534 9.278889 8.304736 10.237984 7.321758 9.595490 5.514459 4.852880 0.041875 2.579345 0.032954 4.171777 -9999.0 -9999.0 -9999.0 -9999.0 -9999.0 -9999.0 -9999.0 -9999.0 -9999.0 -9999.0 -9999.0 -9999.0 -9999.0 -9999.0 -9999.0 -9999.0 -9999.0 -9999.0 -9999.0 -9999.0 -9999.0 -9999.0 -9999.0 -9999.0 -9999.0 -9999.0 -9999.0 -9999.0
-9999.0 -9999.0 -9999.0 -9999.0 -9999.0 -9999.0 -9999.0 -9999.0 -9999.0 -9999.0 -9999.0 -9999.0 8.135468 11.698166 9.824506 8.898593 8.032740 10.224681 15.666433 12.326765 9.710563 7.936704 7.961393 7.469417 8.412450 6.400208 6.738111 8.537538 9.429693 5.754562 1.657878 8.975971 7.771612 6.688491 -9999.0 -9999.0 -9999.0 -9999.0 -9999.0 -9999.0 -9999.0 -9999.0 -9999.0 -9999.0 -9999.0 -9999.0 -9999.0 -9999.0 -9999.0 -9999.0 -9999.0 -9999.0 -9999.0 -9999.0 -9999.0 -9999.0 -9999.0 -9999.0 -9999.0 -9999.0 -9999.0 -9999.0 -9999.0
-9999.0 -9999.0 -9999.0 -9999.0 -9999.0 -9999.0 -9999.0 -9999.0 -9999.0 -9999.0 -9999.0 8.612029 6.674715 8.886516 7.025647 8.737237 9.763247 9.661241 15.731890 11.387384 9.407963 10.222571 9.915440 8.041857 7.779454 7.984425 4.669718 9.625889 8.579114 5.413668 8.465073 9.830184 8.829252 9.183480 8.486834 9.336658 10.618734 12.075065 12.551628 -9999.0 -9999.0 -9999.0 10.624074 -9999.0 -9999.0 -9999.0 -9999.0 -9999.0 -9999.0 -9999.0 -9999.0 -9999.0 -9999.0 -9999.0 -9999.0 -9999.0 -9999.0 -9999.0 -9999.0 -9999.0 -9999.0 -9999.0 -9999.0
-9999.0 -9999.0 -9999.0 -9999.0 -9999.0 -9999.0 -9999.0 -9999.0 -9999.0 -9999.0 -9999.0 8.225287 6.116045 7.324043 8.655350 7.436485 9.570010 10.214740 15.546154 12.797605 13.365204 12.219377 9.918501 5.982906 6.261049 8.364476 10.166224 9.883724 8.995222 7.978677 9.218938 9.746275 9.807588 7.143057 8.024110 8.954334 11.323943 15.621776 13.777704 12.071218 13.045766 10.839129 9.542332 11.303865 -9999.0 -9999.0 -9999.0 7.328576 7.957088 8.997114 9.068808 11.142138 10.071369 8.471133 7.462819 8.318690 -9999.0 -9999.0 -9999.0 -9999.0 -9999.0 -9999.0 -9999.0
-9999.0 -9999.0 -9999.0 -9999.0 -9999.0 -9999.0 -9999.0 -9999.0 -9999.0 -9999.0 -9999.0 8.992037 7.684159 6.127784 9.564650 10.088009 6.501319 8.718867 12.932224 14.364465 9.480730 9.051056 7.868625 10.499018 7.092091 13.096878 7.869143 6.644092 8.459154 7.204302 8.702895 6.772511 10.018274 7.705257 10.474871 10.423704 8.463779 9.793365 17.680157 13.364591 12.868642 11.024484 10.671276 10.952031 8.782217 -9999.0 7.019890 7.688281 9.427093 10.614059 11.423503 12.149141 10.861980 10.271449 9.973082 8.727733 -9999.0 -9999.0 -9999.0 -9999.0 -9999.0 -9999.0 -9999.0
-9999.0 -9999.0 -9999.0 -9999.0 -9999.0 -9999.0 -9999.0 -9999.0 -9999.0 -9999.0 -9999.0 -9999.0 7.732348 5.354296 11.457585 10.744347 7.566919 9.176816 14.015994 14.459922 9.566468 9.248732 9.133160 8.104767 6.326692 7.841592 11.631973 7.566614 7.741135 11.398458 9.919893 7.051481 10.171032 8.433989 6.073178 8.133223 7.170791 9.919582 18.517223 15.383966 15.007046 16.162918 8.791128 12.242551 13.021109 9.245399 10.726896 7.691405 6.390206 8.275509 9.643448 6.429572 8.418032 5.949877 5.300776 5.904183 8.151753 -9999.0 -9999.0 -9999.0 -9999.0 -9999.0 -9999.0
-9999.0 -9999.0 -9999.0 -9999.0 -9999.0 -9999.0 -9999.0 -9999.0 -9999.0 -9999.0 -9999.0 6.688706 7.089088 9.424666 6.268463 6.371570 8.360332 8.306432 13.415598 11.387064 9.495696 8.791833 8.341343 7.710456 7.984899 8.750765 7.287798 6.664919 10.101187 12.760667 7.771852 8.139311 10.893702 7.750528 5.549281 7.745320 7.559697 8.941286 11.156283 18.403219 9.934234 11.111699 10.198744 9.891666 13.252784 9.448036 9.868459 11.003562 11.002408 9.317481 5.750421 5.227210 4.384516 3.818422 3.339323 3.184708 8.607063 -9999.0 -9999.0 -9999.0 -9999.0 -9999.0 -9999.0
-9999.0 -9999.0 -9999.0 -9999.0 -9999.0 -9999.0 -9999.0 -9999.0 -9999.0 -9999.0 9.227067 7.329440 11.288455 10.496508 11.467934 8.813527 7.776472 8.058818 11.000418 11.395884 13.308410 11.229896 7.915837 13.311100 9.616496 8.119385 6.423368 7.053897 12.309787 12.375110 8.857897 7.631956 8.194716 6.471921 6.259376 9.049726 10.813879 7.724706 8.871892 11.492925 11.833709 10.803993 12.865758 10.022453 9.359889 13.657178 9.921229 8.647868 9.391496 9.335884 6.671306 5.518623 2.851237 0.690420 4.196602 8.802045 8.725137 -9999.0 -9999.0 -9999.0 -9999.0 -9999.0 -9999.0
-9999.0 -9999.0 -9999.0 -9999.0 -9999.0 -9999.0 -9999.0 -9999.0 -9999.0 7.705001 8.135688 6.946450 8.373668 7.488188 7.873517 7.269287 6.879704 12.752516 10.861410 11.741323 13.659541 9.649559 9.604405 11.191946 8.910759 7.027726 7.163276 12.751823 9.575890 9.842549 10.152007 6.338921 6.163198 5.051445 10.366014 8.902328 7.419978 6.699467 6.662853 8.044366 8.717912 7.992409 7.965407 10.725512 10.251619 9.945535 14.275210 8.947012 8.608616 10.171059 7.524234 7.991108 0.133313 5.553072 7.424479 5.748306 6.510455 12.963264 11.733313 -9999.0 -9999.0 -9999.0 -9999.0
-9999.0 -9999.0 -9999.0 -9999.0 -9999.0 -9999.0 -9999.0 -9999.0 -9999.0 7.756221 7.202907 8.250928 12.448390 9.275662 8.503095 7.793604 12.192522 10.073582 11.371281 15.785208 15.534983 16.172355 11.194922 11.070220 7.406301 8.208370 9.155754 10.040566 11.310530 9.251371 9.348019 6.131595 7.267952 7.873728 8.792467 13.776847 13.275119 13.225386 7.568954 8.633246 6.589237 6.062530 8.899520 9.810370 11.015829 12.730127 12.385273 11.148550 10.337107 9.762979 5.914516 4.906064 6.139578 5.425375 5.781847 4.406136 6.589258 7.777498 14.560964 -9999.0 -9999.0 -9999.0 -9999.0
-9999.0 -9999.0 -9999.0 -9999.0 -9999.0 -9999.0 -9999.0 -9999.0 -9999.0 -9999.0 8.264111 8.686688 7.523020 8.759351 9.841556 8.840905 9.182301 10.899877 11.850774 13.491408 13.122244 10.653227 8.706681 8.214249 8.338279 9.960417 11.047976 11.774852 9.572934 6.472138 6.188437 7.040740 4.291093 6.114135 9.638663 10.943704 12.142869 10.937052 12.065002 5.294247 4.836525 10.822408 9.987097 7.628239 8.537899 8.698286 9.654937 11.390646 12.929874 10.652150 6.692284 7.118560 8.072645 6.587222 2.973705 6.016574 6.996335 9.818859 10.321914 10.458578 -9999.0 -9999.0 -9999.0
-9999.0 -9999.0 -9999.0 -9999.0 -9999.0 -9999.0 -9999.0 -9999.0 -9999.0 -9999.0 7.422246 8.266963 8.370097 8.075696 14.402492 9.317145 9.090428 10.664118 12.212184 14.007256 11.911176 10.131845 9.046147 9.376761 9.736838 11.527732 12.527456 9.168138 6.973104 4.465470 6.509020 8.147913 6.223549 5.500897 6.815334 7.254934 8.733524 7.927052 6.252780 6.133922 8.125899 9.993433 6.377004 7.188310 8.732654 7.495327 7.834215 8.587379 10.402734 12.321325 10.251258 7.233356 5.808733 8.270930 8.964204 11.085754 5.140372 7.947370 10.965928 12.632616 -9999.0 -9999.0 -9999.0
-9999.0 -9999.0 -9999.0 -9999.0 -9999.0 -9999.0 -9999.0 -9999.0 11.194588 10.979960 9.826203 7.674050 6.867896 7.316587 7.687027 10.707683 11.299221 16.460322 14.176925 14.630609 13.439750 11.911829 11.176661 10.132013 11.142006 11.942095 12.640650 7.601249 6.754230 5.315329 5.686353 6.591023 7.810753 7.623248 7.870433 4.962282 9.786756 7.991638 4.915117 11.087546 7.715288 7.278039 4.997008 6.280728 13.308878 9.358436 5.469809 6.974433 8.845444 11.755822 10.400482 7.774247 6.433901 4.103152 11.550786 11.272713 13.208312 12.966603 11.622151 12.484030 -9999.0 -9999.0 -9999.0
-9999.0 -9999.0 -9999.0 -9999.0 -9999.0 -9999.0 -9999.0 -9999.0 6.645295 7.639443 6.633596 6.529972 7.515378 7.522492 7.388898 9.015609 10.018353 10.442176 12.976485 14.923491 18.618132 17.377197 16.056000 15.662925 11.880785 12.367058 10.090813 8.329590 6.524185 8.917643 8.683163 13.223207 8.300697 11.440759 8.366455 9.725439 11.406417 8.676011 6.991304 9.477699 5.720326 0.056700 6.544231 9.670609 10.885532 6.281474 5.413394 7.797338 7.768823 9.999568 11.986980 9.039337 5.643384 9.898201 12.735627 9.428991 9.612295 10.822694 13.353336 15.049567 15.899516 -9999.0 -9999.0
-9999.0 -9999.0 -9999.0 -9999.0 -9999.0 -9999.0 -9999.0 -9999.0 6.757153 9.427559 10.994018 5.944613 9.760235 6.637295 8.661750 8.079461 9.794583 12.016360 13.405841 17.995224 15.331746 17.836385 17.385029 14.508484 17.167152 11.228195 9.633454 7.215088 7.523125 10.714638 13.139948 10.517384 6.196963 6.990641 9.132888 11.660233 7.047601 8.901182 6.196379 5.947600 7.366863 9.532081 8.060825 7.680725 5.240571 7.332960 12.107318 9.437173 5.619525 6.775743 11.892155 10.955434 6.956844 6.522557 10.418016 10.827659 12.215160 13.374569 14.254224 14.687859 15.109686 -9999.0 -9999.0
-9999.0 -9999.0 -9999.0 -9999.0 -9999.0 -9999.0 -9999.0 -9999.0 7.393298 8.989142 8.545979 7.770927 10.379067 8.018089 8.721271 9.971063 12.173185 13.418858 12.355415 13.579541 14.409136 14.983926 17.633110 17.637830 11.602035 9.781941 8.145357 6.859231 12.632130 8.722182 8.112973 8.071519 9.342658 8.797721 6.964992 11.375056 12.060851 9.373870 6.758562 6.706539 9.282202 10.199166 10.283354 14.410946 9.719121 12.939156 11.314297 13.967395 11.338391 8.835743 9.328293 12.068030 11.854678 10.726085 12.285006 12.690458 13.624722 13.344867 14.418993 14.972532 13.268456 11.191098 -9999.0
-9999.0 -9999.0 -9999.0 -9999.0 -9999.0 -9999.0 -9999.0 -9999.0 8.053477 8.698691 8.049806 7.719808 8.448705 8.938621 14.137692 12.185145 11.838549 10.684231 9.462795 10.758013 12.707044 14.297373 14.593532 14.408531 14.529092 9.313633 7.463462 9.291947 10.340103 9.735514 7.527747 9.097705 10.742882 9.071800 8.317096 8.558023 9.391197 10.130304 9.123651 8.625734 8.167632 8.568484 8.914680 9.014379 7.006195 12.044883 8.706175 9.463274 9.348083 11.199407 12.396715 11.492505 12.138585 13.348974 13.352927 13.654037 14.290570 14.423224 13.976550 13.117053 12.008783 7.809024 -9999.0
-9999.0 -9999.0 11.117088 10.348265 6.436691 7.340462 7.297929 6.491540 9.728632 7.954800 7.287386 9.292126 9.099774 11.092040 15.903313 11.011507 9.129543 7.109157 7.430487 9.119719 10.774831 12.080667 14.088229 14.354043 13.364218 10.520915 9.356157 9.405237 10.104381 12.833609 8.322780 8.511233 13.053412 9.134820 10.964014 9.218577 11.769070 11.113387 9.787251 8.269291 10.360361 10.980594 9.419221 10.423644 7.823203 9.685354 11.062213 9.885492 12.467513 13.325933 13.845501 14.623139 14.341898 14.124692 13.589411 16.812265 12.995589 12.860688 12.115063 11.861558 12.169002 7.577494 -9999.0
-9999.0 8.168533 8.042499 7.855695 7.684410 7.902966 6.865192 5.482804 4.995996 7.650574 6.660295 8.003493 10.224301 13.774550 13.057312 8.265925 6.987071 6.395427 8.126757 9.085912 10.775593 11.295191 14.891804 12.862553 17.281001 13.608469 16.729701 16.511085 12.542042 11.863738 12.095030 11.553342 11.477265 14.979403 12.665237 13.310188 13.619469 12.712224 13.365287 12.992392 12.838278 12.660883 12.412510 10.387675 10.096425 10.739947 13.104200 12.597070 13.951976 13.157102 13.856979 13.508962 12.682692 12.523562 12.354554 11.485641 10.371956 10.647476 10.781849 10.995117 9.509224 10.106150 -9999.0
-9999.0 9.425288 8.785949 8.990993 12.940283 8.633011 6.311500 6.371558 10.139267 10.691832 7.162514 8.083831 10.103405 13.174606 8.681072 6.617261 5.915263 6.863366 8.993561 8.850109 10.661686 10.213165 11.119186 12.227385 16.985438 18.519505 14.245849 14.978309 14.211630 12.162001 13.608072 12.798780 12.912025 13.045871 15.778543 14.161891 17.810125 20.210811 14.889389 14.993042 14.553862 14.287740 13.678082 13.303713 14.310252 13.775003 15.465937 15.392434 13.892640 13.926855 12.093949 10.976205 10.539476 11.102738 10.292746 9.086873 9.167354 8.451731 8.538344 8.263885 8.477233 -9999.0 -9999.0
