user2019/resources/simulation/Vinschgau/output-maps/TL0005N1309.asc
ncols         63
nrows         48
xllcorner     598000.000000
yllcorner     5145000.000000
cellsize      1000.000000
NODATA_value  -9999.0
[rows 0 to 27 of 48, columns 0 to 62 of 63]
-9999.0 -9999.0 -9999.0 -9999.0 -9999.0 -9999.0 -9999.0 -9999.0 -9999.0 -9999.0 -9999.0 -9999.0 -9999.0 -9999.0 -9999.0 -9999.0 -9999.0 -9999.0 -9999.0 -9999.0 -9999.0 -9999.0 -9999.0 -9999.0 -9999.0 -9999.0 -9999.0 -9999.0 -9999.0 -9999.0 -9999.0 -9999.0 -9999.0 -9999.0 -9999.0 -9999.0 -9999.0 -9999.0 -9999.0 -9999.0 -9999.0 -9999.0 -9999.0 -9999.0 -9999.0 -9999.0 -9999.0 -9999.0 -9999.0 -9999.0 -9999.0 -9999.0 -9999.0 -9999.0 -9999.0 -9999.0 -9999.0 -9999.0 -9999.0 -9999.0 -9999.0 -9999.0 -9999.0
-9999.0 -9999.0 -9999.0 -9999.0 -9999.0 -9999.0 -9999.0 -9999.0 -9999.0 -9999.0 -9999.0 -9999.0 -9999.0 -9999.0 -9999.0 -9999.0 -9999.0 -9999.0 -9999.0 -9999.0 -9999.0 -9999.0 -9999.0 -9999.0 -9999.0 -9999.0 -9999.0 3.286539 1.998347 4.051632 0.976991 0.469829 -0.141913 -9999.0 -9999.0 -9999.0 -9999.0 -9999.0 -9999.0 -9999.0 -9999.0 -9999.0 -9999.0 -9999.0 -9999.0 -9999.0 -9999.0 -9999.0 -9999.0 -9999.0 -9999.0 -9999.0 -9999.0 -9999.0 -9999.0 -9999.0 -9999.0 -9999.0 -9999.0 -9999.0 -9999.0 -9999.0 -9999.0
-9999.0 -9999.0 -9999.0 -9999.0 -9999.0 -9999.0 -9999.0 -9999.0 -9999.0 -9999.0 -9999.0 -9999.0 -9999.0 -9999.0 -9999.0 -9999.0 -9999.0 -9999.0 -9999.0 -9999.0 -9999.0 -9999.0 -9999.0 -9999.0 2.627497 2.912824 3.348692 2.599694 3.250118 3.184206 0.749570 -9999.0 -9999.0 -9999.0 -9999.0 -9999.0 -9999.0 -9999.0 -9999.0 -9999.0 -9999.0 -9999.0 -9999.0 -9999.0 -9999.0 -9999.0 -9999.0 -9999.0 -9999.0 -9999.0 -9999.0 -9999.0 -9999.0 -9999.0 -9999.0 -9999.0 -9999.0 -9999.0 -9999.0 -9999.0 -9999.0 -9999.0 -9999.0
-9999.0 -9999.0 -9999.0 -9999.0 -9999.0 -9999.0 -9999.0 -9999.0 -9999.0 -9999.0 -9999.0 -9999.0 -9999.0 -9999.0 -9999.0 -9999.0 -9999.0 -9999.0 -9999.0 -9999.0 -9999.0 -9999.0 -9999.0 3.068106 4.124688 4.543388 4.710963 4.806754 5.134138 3.417712 0.784358 0.342962 -9999.0 -9999.0 -9999.0 -9999.0 -9999.0 -9999.0 -9999.0 -9999.0 -9999.0 -9999.0 -9999.0 -9999.0 -9999.0 -9999.0 -9999.0 -9999.0 -9999.0 -9999.0 -9999.0 -9999.0 -9999.0 -9999.0 -9999.0 -9999.0 -9999.0 -9999.0 -9999.0 -9999.0 -9999.0 -9999.0 -9999.0
-9999.0 -9999.0 -9999.0 -9999.0 -9999.0 -9999.0 -9999.0 -9999.0 -9999.0 -9999.0 -9999.0 -9999.0 -9999.0 -9999.0 -9999.0 -9999.0 -9999.0 -9999.0 8.153189 4.178372 -9999.0 3.589527 4.172218 4.129803 4.211080 4.916004 5.533283 6.146963 3.527904 2.243206 2.911262 0.933664 1.408227 1.728426 -9999.0 -9999.0 -9999.0 -9999.0 -9999.0 -9999.0 -9999.0 -9999.0 -9999.0 -9999.0 -9999.0 -9999.0 -9999.0 -9999.0 -9999.0 -9999.0 -9999.0 -9999.0 -9999.0 -9999.0 -9999.0 -9999.0 -9999.0 -9999.0 -9999.0 -9999.0 -9999.0 -9999.0 -9999.0
-9999.0 -9999.0 -9999.0 -9999.0 -9999.0 -9999.0 -9999.0 -9999.0 -9999.0 -9999.0 -9999.0 -9999.0 -9999.0 -9999.0 -9999.0 -9999.0 -9999.0 5.558422 4.231230 5.225315 6.360301 1.362446 2.505160 3.939878 6.574283 0.586112 -0.031685 1.803920 -0.023552 2.939873 4.658530 3.120352 4.527535 3.119111 1.295301 1.452686 -9999.0 -9999.0 -9999.0 -9999.0 -9999.0 -9999.0 -9999.0 -9999.0 -9999.0 -9999.0 -9999.0 -9999.0 -9999.0 -9999.0 -9999.0 -9999.0 -9999.0 -9999.0 -9999.0 -9999.0 -9999.0 -9999.0 -9999.0 -9999.0 -9999.0 -9999.0 -9999.0
-9999.0 -9999.0 -9999.0 -9999.0 -9999.0 -9999.0 -9999.0 -9999.0 -9999.0 -9999.0 -9999.0 -9999.0 -9999.0 7.179274 3.898474 3.899748 5.203774 13.249663 5.264928 4.594793 4.463502 4.151799 4.817513 6.920551 -0.005791 4.076961 0.118966 -0.022184 -0.022032 0.265629 -0.238150 3.615786 2.285220 1.028014 2.070894 1.299994 -9999.0 -9999.0 -9999.0 -9999.0 -9999.0 -9999.0 -9999.0 -9999.0 -9999.0 -9999.0 -9999.0 -9999.0 -9999.0 -9999.0 -9999.0 -9999.0 -9999.0 -9999.0 -9999.0 -9999.0 -9999.0 -9999.0 -9999.0 -9999.0 -9999.0 -9999.0 -9999.0
-9999.0 -9999.0 -9999.0 -9999.0 -9999.0 -9999.0 -9999.0 -9999.0 -9999.0 -9999.0 -9999.0 -9999.0 -9999.0 7.944673 5.569955 4.716773 4.479756 12.523174 13.377738 6.431566 4.507780 8.314226 3.207514 2.090894 3.567196 2.347073 2.074967 3.769056 2.276945 -0.039884 -0.029164 0.986315 1.560100 0.524969 1.046809 -9999.0 -9999.0 -9999.0 -9999.0 -9999.0 -9999.0 -9999.0 -9999.0 -9999.0 -9999.0 -9999.0 -9999.0 -9999.0 -9999.0 -9999.0 -9999.0 -9999.0 -9999.0 -9999.0 -9999.0 -9999.0 -9999.0 -9999.0 -9999.0 -9999.0 -9999.0 -9999.0 -9999.0
-9999.0 -9999.0 -9999.0 -9999.0 -9999.0 -9999.0 -9999.0 -9999.0 -9999.0 -9999.0 -9999.0 -9999.0 -9999.0 5.620403 5.695733 6.833843 4.290449 5.045990 13.787300 5.385265 10.203076 4.072828 0.925491 -0.013362 3.448070 2.942694 4.822156 2.026513 0.370038 1.103578 0.627717 0.413694 0.597693 -4.992502 1.227362 -9999.0 -9999.0 -9999.0 -9999.0 -9999.0 -9999.0 -9999.0 -9999.0 -9999.0 -9999.0 -9999.0 -9999.0 -9999.0 -9999.0 -9999.0 -9999.0 -9999.0 -9999.0 -9999.0 -9999.0 -9999.0 -9999.0 -9999.0 -9999.0 -9999.0 -9999.0 -9999.0 -9999.0
-9999.0 -9999.0 -9999.0 -9999.0 -9999.0 -9999.0 -9999.0 -9999.0 -9999.0 -9999.0 -9999.0 -9999.0 4.393170 5.229141 6.511155 4.983236 2.941952 4.632112 13.511873 7.001835 4.699680 1.080637 1.866384 -0.006049 -0.284647 1.999653 -1.407828 0.660675 1.877554 1.445263 -0.002672 1.391154 0.117958 1.626679 -9999.0 -9999.0 -9999.0 -9999.0 -9999.0 -9999.0 -9999.0 -9999.0 -9999.0 -9999.0 -9999.0 -9999.0 -9999.0 -9999.0 -9999.0 -9999.0 -9999.0 -9999.0 -9999.0 -9999.0 -9999.0 -9999.0 -9999.0 -9999.0 -9999.0 -9999.0 -9999.0 -9999.0 -9999.0
-9999.0 -9999.0 -9999.0 -9999.0 -9999.0 -9999.0 -9999.0 -9999.0 -9999.0 -9999.0 -9999.0 6.939273 5.935012 3.007030 6.075041 9.858262 6.157812 4.918016 13.163022 8.351094 3.204774 4.027441 4.435611 2.658481 1.700161 2.679889 0.443036 1.639081 0.076639 1.171114 1.514102 2.275892 2.063116 1.569981 1.446666 2.528831 0.546559 1.980175 2.389818 -9999.0 -9999.0 -9999.0 1.512597 -9999.0 -9999.0 -9999.0 -9999.0 -9999.0 -9999.0 -9999.0 -9999.0 -9999.0 -9999.0 -9999.0 -9999.0 -9999.0 -9999.0 -9999.0 -9999.0 -9999.0 -9999.0 -9999.0 -9999.0
-9999.0 -9999.0 -9999.0 -9999.0 -9999.0 -9999.0 -9999.0 -9999.0 -9999.0 -9999.0 -9999.0 6.306273 5.864702 7.450520 7.222678 9.010900 8.192807 5.349424 13.260282 10.149464 10.162808 6.937531 3.704422 -0.542698 -0.268092 1.906755 1.207251 2.675043 3.798091 1.611802 1.170250 3.100917 0.206999 0.040991 0.044977 1.534873 3.327489 4.067699 2.376391 1.505453 1.717571 1.659087 0.890437 1.592979 -9999.0 -9999.0 -9999.0 -0.005420 -0.003759 0.329838 -0.002616 -0.015722 -0.006045 -0.180602 -0.208102 -0.004367 -9999.0 -9999.0 -9999.0 -9999.0 -9999.0 -9999.0 -9999.0
-9999.0 -9999.0 -9999.0 -9999.0 -9999.0 -9999.0 -9999.0 -9999.0 -9999.0 -9999.0 -9999.0 5.919632 6.762088 2.540744 9.133136 9.767094 3.914619 4.301783 11.350167 10.019624 2.723692 0.716081 -0.161028 2.544761 1.905899 3.383402 -0.197924 -1.865963 2.747880 0.102359 2.244138 -0.377538 2.661225 0.029787 1.548957 2.916796 -0.251672 -0.537162 5.082379 2.485457 2.212011 0.564932 2.645923 1.641814 -0.002040 -9999.0 1.129108 -0.002406 0.826994 2.199763 2.803218 4.243630 1.891055 0.690746 0.627472 0.010318 -9999.0 -9999.0 -9999.0 -9999.0 -9999.0 -9999.0 -9999.0
-9999.0 -9999.0 -9999.0 -9999.0 -9999.0 -9999.0 -9999.0 -9999.0 -9999.0 -9999.0 -9999.0 -9999.0 6.392826 0.283091 8.247777 8.567179 1.257003 3.328513 12.480269 9.827619 2.587654 1.463905 -0.021932 -0.109947 -0.731176 -0.230957 2.113966 2.967459 0.882071 1.739061 1.024540 -0.234695 3.220753 0.649577 0.263022 2.042298 -0.175722 -0.231110 5.832026 4.139865 4.500688 4.732975 -0.092592 3.334321 1.891475 -0.002345 0.686210 -0.001837 -0.710403 -0.106929 -0.026874 -0.477883 -2.066747 -0.963961 -0.779413 0.598395 0.060126 -9999.0 -9999.0 -9999.0 -9999.0 -9999.0 -9999.0
-9999.0 -9999.0 -9999.0 -9999.0 -9999.0 -9999.0 -9999.0 -9999.0 -9999.0 -9999.0 -9999.0 -0.086162 4.183709 7.351515 0.291821 1.349244 3.063759 2.620767 11.865817 4.530938 2.852739 1.147206 0.138040 -0.207407 -0.192961 -0.683808 -0.136965 0.700267 0.550125 3.660323 -0.224341 -0.200295 3.878823 0.714254 -0.002342 1.364566 1.970552 -0.090153 0.673581 6.074115 -0.092000 0.401082 -0.009535 0.103947 4.203838 0.758670 1.916772 3.673574 4.482066 -0.021707 -1.323880 0.786765 -1.485357 -3.151953 -3.845755 -0.350004 1.032360 -9999.0 -9999.0 -9999.0 -9999.0 -9999.0 -9999.0
-9999.0 -9999.0 -9999.0 -9999.0 -9999.0 -9999.0 -9999.0 -9999.0 -9999.0 -9999.0 2.372409 -0.031565 4.114940 4.526651 6.168137 0.227570 0.193796 0.189292 3.688346 4.173258 7.727252 5.487635 -0.191108 4.662079 -0.013198 -0.599779 -0.419147 -2.250536 3.255865 3.640619 -0.058409 -0.880874 3.394616 0.645449 1.538854 2.357311 3.067968 -0.133664 -0.110554 1.021978 1.272380 2.384418 8.297253 1.228625 -0.019036 3.767988 2.285361 -0.063609 -0.151532 -0.009451 -2.479025 0.186820 -4.315846 -0.339718 -0.202047 0.584957 0.697619 -9999.0 -9999.0 -9999.0 -9999.0 -9999.0 -9999.0
-9999.0 -9999.0 -9999.0 -9999.0 -9999.0 -9999.0 -9999.0 -9999.0 -9999.0 2.165856 2.884849 -0.026256 -0.015642 -0.089844 -0.040935 -0.021844 -0.021205 7.054228 3.617057 4.208646 8.138210 1.032999 0.634777 1.997230 0.619077 -0.922948 -0.839657 3.467469 -0.030320 -0.008309 0.681615 -1.113540 2.601305 1.405707 1.804369 2.263969 3.121479 -0.241065 -0.162719 -0.032056 -0.434178 -0.142916 -0.153329 1.846005 1.567551 -0.021436 5.411286 -0.123614 -0.119058 0.751089 -0.400712 0.852970 -0.372837 -0.107420 -0.037858 -1.679117 -0.883299 1.567283 -0.002647 -9999.0 -9999.0 -9999.0 -9999.0
-9999.0 -9999.0 -9999.0 -9999.0 -9999.0 -9999.0 -9999.0 -9999.0 -9999.0 2.292629 2.001683 3.844859 4.325300 -0.004752 -0.023905 -0.097337 5.107340 1.846708 4.177898 9.200333 8.777326 8.358412 6.176600 3.936791 -0.541092 -0.310106 -0.076707 -0.010302 1.394819 3.992371 3.392307 -1.495470 1.951038 0.106202 0.889377 2.302551 3.123571 4.532408 1.884007 3.999206 -0.150839 -0.408143 -0.046963 1.711087 2.889305 3.327477 3.176265 1.506522 -0.005049 1.010649 -2.373957 -3.403237 -0.334219 -0.486576 0.301294 -2.563865 -0.899167 -0.445209 2.819053 -9999.0 -9999.0 -9999.0 -9999.0
-9999.0 -9999.0 -9999.0 -9999.0 -9999.0 -9999.0 -9999.0 -9999.0 -9999.0 -9999.0 1.005929 3.672834 -0.017758 -0.338319 0.537823 -0.020759 -0.005760 3.368414 4.953556 6.064292 8.884049 2.803754 -0.011108 -0.105797 -0.202054 -0.018368 0.891747 1.971637 3.261515 -1.070567 -1.402039 -1.701072 -1.704605 0.506779 2.555985 3.860211 3.528886 3.821702 3.114323 1.545773 0.857961 3.477221 3.792542 -0.019635 -0.007829 -0.005169 1.841117 6.442870 4.432805 1.076781 -1.335850 -0.794865 -0.100921 -0.391650 -0.525976 -0.001870 1.415453 -0.604611 -0.025421 -0.013850 -9999.0 -9999.0 -9999.0
-9999.0 -9999.0 -9999.0 -9999.0 -9999.0 -9999.0 -9999.0 -9999.0 -9999.0 -9999.0 0.811282 2.350910 3.379802 -0.008221 4.897563 0.518254 -0.006670 2.720190 5.390404 6.769718 3.507704 1.662791 -0.015763 -0.026992 -0.017952 1.447661 2.617541 -0.007565 -0.758732 -1.445920 1.401925 2.907433 -1.637994 0.156007 1.566942 4.059632 -0.511484 -0.033311 -0.458653 0.627691 1.825119 5.904165 -0.082284 3.334868 3.572178 -0.099054 -0.008478 -0.007851 3.227258 3.848721 0.597633 -0.474836 -2.194164 -0.004225 -0.696054 -0.364195 -0.003226 -0.131468 1.548607 2.793139 -9999.0 -9999.0 -9999.0
-9999.0 -9999.0 -9999.0 -9999.0 -9999.0 -9999.0 -9999.0 -9999.0 2.113548 0.980302 0.414501 2.337358 -0.174527 -0.046757 -0.034962 1.765742 3.050062 9.118102 7.018774 7.152402 5.229815 4.171126 3.311340 1.650055 1.473955 1.995777 4.929190 -0.326362 -0.295070 -1.344570 0.530464 1.448759 1.538560 0.344320 1.964366 1.978211 5.820682 -0.027302 -1.984899 2.492678 3.877672 3.458774 -1.263336 2.859418 4.983489 2.779596 -1.816181 -0.059167 -0.005668 3.207056 1.166668 -0.277145 -1.214974 -3.860461 -0.262379 0.143371 1.688351 3.713405 1.530665 4.612123 -9999.0 -9999.0 -9999.0
-9999.0 -9999.0 -9999.0 -9999.0 -9999.0 -9999.0 -9999.0 -9999.0 -1.958929 -0.300944 -0.937332 0.528267 1.990006 -1.067173 -0.416150 -0.005462 2.027426 2.620442 5.576373 7.691698 13.030363 11.683047 11.370757 10.415232 3.498013 3.483857 0.896870 -0.031271 -1.555067 0.633103 0.053061 2.865036 2.238403 3.221295 2.510600 3.228878 7.077588 0.870180 -0.039811 2.957225 1.519819 0.944559 3.429843 3.159298 1.908038 -0.124798 -1.728420 2.514411 -0.029635 1.623768 2.620991 -0.025326 -3.025547 -0.002206 1.612942 -0.758846 -0.152477 -0.008327 3.861890 6.667176 7.543802 -9999.0 -9999.0
-9999.0 -9999.0 -9999.0 -9999.0 -9999.0 -9999.0 -9999.0 -9999.0 1.435099 1.238276 0.531319 -1.671320 1.895214 -1.106351 -0.123270 -0.312431 0.410554 4.094007 5.524666 12.602508 8.145839 11.752793 11.916102 6.832921 9.375653 3.352013 0.449059 -0.710054 -2.093838 1.505852 3.447950 3.404023 -0.520926 -0.307686 3.773580 6.425608 0.416536 1.931773 -0.022334 -0.070248 2.853835 3.937852 2.736396 1.255737 -0.248564 2.610859 2.335558 1.205611 -0.620420 -0.008334 2.797154 0.985231 -3.225231 -2.935704 -0.037452 -0.006741 1.772923 3.333462 6.542076 6.934273 7.318380 -9999.0 -9999.0
-9999.0 -9999.0 -9999.0 -9999.0 -9999.0 -9999.0 -9999.0 -9999.0 0.461811 2.707971 -0.067729 -2.058755 1.621714 -0.308493 -0.329133 0.236497 4.056410 5.320508 9.235325 5.773513 7.585426 8.005995 11.213719 10.381894 3.738819 1.186004 -0.026442 -1.436367 3.304669 -0.113122 -0.116234 -0.035156 0.154890 -0.002775 -0.029390 5.686158 7.768153 4.220286 0.892784 -0.015649 3.715053 3.977690 3.894636 5.019086 1.485598 3.825817 3.400213 4.401311 1.795846 -0.157077 -0.005706 2.508128 1.065893 -0.030973 1.319526 2.347934 4.264257 4.995601 5.853100 7.058212 6.130410 2.854763 -9999.0
-9999.0 -9999.0 -9999.0 -9999.0 -9999.0 -9999.0 -9999.0 -9999.0 -0.117524 1.592500 -1.249357 -1.056874 -0.323690 -0.123924 3.924736 3.224683 6.451732 2.626868 1.114219 3.003274 4.856044 7.424612 7.611406 7.288389 8.547735 0.427278 -0.565579 -0.018186 0.557279 0.291895 -0.104348 0.912887 3.158212 2.007370 1.233394 2.923980 4.401942 6.183270 5.553586 3.045178 1.564732 1.510705 1.556486 0.426059 -0.135506 4.355671 -0.032724 -0.025663 -0.038220 0.804660 2.528263 1.851814 2.136448 2.556346 3.185779 3.589790 4.317630 5.509661 6.322789 6.428932 4.324080 2.269270 -9999.0
-9999.0 -9999.0 2.658675 2.489375 -2.410503 -0.389951 -1.236006 -1.075084 0.426818 1.088649 -0.203454 -0.506882 -0.078911 0.603627 5.474144 2.226729 -0.010805 -0.713732 -0.069754 0.127221 2.873593 5.589485 6.885176 6.234890 5.404599 2.148069 0.165818 0.424933 2.739929 5.397979 -0.009514 1.036517 8.193193 3.556665 5.661798 4.779926 8.084872 8.435426 7.334030 4.666838 5.773486 5.812459 4.408461 3.888002 -0.005834 1.256281 2.452689 1.573561 4.065066 4.961311 5.644989 5.053729 4.066108 3.466726 3.352801 8.610998 4.069578 4.749242 4.743455 3.670442 6.745932 1.487995 -9999.0
-9999.0 -0.088670 -0.132964 -0.158386 -0.328975 -0.269447 -0.750827 -1.097877 -2.043524 0.436022 -0.794073 -0.378653 -0.004103 4.704877 4.156260 -0.130675 -0.203869 -0.543333 -0.266328 -0.006617 2.648631 4.409374 8.983624 5.039921 9.701366 5.198324 7.985858 8.279032 5.919567 4.532542 4.516126 4.690684 6.410879 11.113405 8.684578 9.986491 11.628120 11.330215 11.795199 10.175782 9.272039 9.093690 8.436350 4.957665 3.665017 4.052935 5.776046 6.048394 7.526475 6.221260 5.993860 4.896459 3.859576 3.021091 2.937765 2.380769 0.874713 1.237145 2.184758 4.688776 0.651834 1.282066 -9999.0
-9999.0 4.947343 -0.014186 -0.019355 2.822033 -0.032833 -1.985416 -1.596091 0.229357 0.209082 -0.875428 -0.740400 0.337183 4.417282 -0.061636 -1.988113 -0.959115 -0.700490 -0.199893 -0.011288 5.115773 2.184039 3.216701 4.017711 10.009926 11.018950 5.556600 7.075243 7.136449 6.523281 6.665946 6.443434 8.230179 9.107751 13.814894 12.153264 18.844107 19.829077 14.651102 13.588800 12.884666 11.855948 10.830477 8.196306 8.050854 7.921795 8.751753 8.493805 7.852987 7.025243 5.149565 2.220076 1.023281 1.617030 0.734015 -0.018960 -0.122475 -0.039353 -0.021453 -0.058230 -0.015840 -9999.0 -9999.0
