user2019/resources/simulation/Vinschgau/output-maps/TL0004N0364.asc
ncols         63
nrows         48
xllcorner     598000.000000
yllcorner     5145000.000000
cellsize      1000.000000
NODATA_value  -9999.0
[rows 0 to 27 of 48, columns 0 to 62 of 63]
-9999.0 -9999.0 -9999.0 -9999.0 -9999.0 -9999.0 -9999.0 -9999.0 -9999.0 -9999.0 -9999.0 -9999.0 -9999.0 -9999.0 -9999.0 -9999.0 -9999.0 -9999.0 -9999.0 -9999.0 -9999.0 -9999.0 -9999.0 -9999.0 -9999.0 -9999.0 -9999.0 -9999.0 -9999.0 -9999.0 -9999.0 -9999.0 -9999.0 -9999.0 -9999.0 -9999.0 -9999.0 -9999.0 -9999.0 -9999.0 -9999.0 -9999.0 -9999.0 -9999.0 -9999.0 -9999.0 -9999.0 -9999.0 -9999.0 -9999.0 -9999.0 -9999.0 -9999.0 -9999.0 -9999.0 -9999.0 -9999.0 -9999.0 -9999.0 -9999.0 -9999.0 -9999.0 -9999.0
-9999.0 -9999.0 -9999.0 -9999.0 -9999.0 -9999.0 -9999.0 -9999.0 -9999.0 -9999.0 -9999.0 -9999.0 -9999.0 -9999.0 -9999.0 -9999.0 -9999.0 -9999.0 -9999.0 -9999.0 -9999.0 -9999.0 -9999.0 -9999.0 -9999.0 -9999.0 -9999.0 -3.759084 -5.277911 -6.011774 -0.360277 -1.237439 -0.791788 -9999.0 -9999.0 -9999.0 -9999.0 -9999.0 -9999.0 -9999.0 -9999.0 -9999.0 -9999.0 -9999.0 -9999.0 -9999.0 -9999.0 -9999.0 -9999.0 -9999.0 -9999.0 -9999.0 -9999.0 -9999.0 -9999.0 -9999.0 -9999.0 -9999.0 -9999.0 -9999.0 -9999.0 -9999.0 -9999.0
-9999.0 -9999.0 -9999.0 -9999.0 -9999.0 -9999.0 -9999.0 -9999.0 -9999.0 -9999.0 -9999.0 -9999.0 -9999.0 -9999.0 -9999.0 -9999.0 -9999.0 -9999.0 -9999.0 -9999.0 -9999.0 -9999.0 -9999.0 -9999.0 -4.545495 -0.003688 0.212718 0.032155 0.112719 -0.003738 -0.679437 -9999.0 -9999.0 -9999.0 -9999.0 -9999.0 -9999.0 -9999.0 -9999.0 -9999.0 -9999.0 -9999.0 -9999.0 -9999.0 -9999.0 -9999.0 -9999.0 -9999.0 -9999.0 -9999.0 -9999.0 -9999.0 -9999.0 -9999.0 -9999.0 -9999.0 -9999.0 -9999.0 -9999.0 -9999.0 -9999.0 -9999.0 -9999.0
-9999.0 -9999.0 -9999.0 -9999.0 -9999.0 -9999.0 -9999.0 -9999.0 -9999.0 -9999.0 -9999.0 -9999.0 -9999.0 -9999.0 -9999.0 -9999.0 -9999.0 -9999.0 -9999.0 -9999.0 -9999.0 -9999.0 -9999.0 -6.242486 0.448336 -0.008581 -0.002585 -0.002636 -0.003579 0.116848 -5.780130 -1.812125 -9999.0 -9999.0 -9999.0 -9999.0 -9999.0 -9999.0 -9999.0 -9999.0 -9999.0 -9999.0 -9999.0 -9999.0 -9999.0 -9999.0 -9999.0 -9999.0 -9999.0 -9999.0 -9999.0 -9999.0 -9999.0 -9999.0 -9999.0 -9999.0 -9999.0 -9999.0 -9999.0 -9999.0 -9999.0 -9999.0 -9999.0
-9999.0 -9999.0 -9999.0 -9999.0 -9999.0 -9999.0 -9999.0 -9999.0 -9999.0 -9999.0 -9999.0 -9999.0 -9999.0 -9999.0 -9999.0 -9999.0 -9999.0 -9999.0 1.712115 1.012706 -9999.0 -5.046832 0.264563 -0.005380 -0.002863 1.530364 0.191825 0.170968 0.737034 -0.007376 0.150937 -5.543592 -6.350144 -3.758248 -9999.0 -9999.0 -9999.0 -9999.0 -9999.0 -9999.0 -9999.0 -9999.0 -9999.0 -9999.0 -9999.0 -9999.0 -9999.0 -9999.0 -9999.0 -9999.0 -9999.0 -9999.0 -9999.0 -9999.0 -9999.0 -9999.0 -9999.0 -9999.0 -9999.0 -9999.0 -9999.0 -9999.0 -9999.0
-9999.0 -9999.0 -9999.0 -9999.0 -9999.0 -9999.0 -9999.0 -9999.0 -9999.0 -9999.0 -9999.0 -9999.0 -9999.0 -9999.0 -9999.0 -9999.0 -9999.0 -0.021093 -0.025703 0.212969 0.796541 -2.227471 -0.276032 -0.006055 2.221264 -3.357620 -2.446096 -2.406343 -3.590250 -0.050634 0.404342 0.110461 -1.855483 -5.101167 -2.493800 -2.339757 -9999.0 -9999.0 -9999.0 -9999.0 -9999.0 -9999.0 -9999.0 -9999.0 -9999.0 -9999.0 -9999.0 -9999.0 -9999.0 -9999.0 -9999.0 -9999.0 -9999.0 -9999.0 -9999.0 -9999.0 -9999.0 -9999.0 -9999.0 -9999.0 -9999.0 -9999.0 -9999.0
-9999.0 -9999.0 -9999.0 -9999.0 -9999.0 -9999.0 -9999.0 -9999.0 -9999.0 -9999.0 -9999.0 -9999.0 -9999.0 -3.537381 -0.388818 -1.751915 -0.427044 6.502354 0.068787 0.388463 0.294053 -0.001896 0.174426 2.720146 -3.649586 -1.087572 -0.308915 -1.469509 -0.664845 -1.595193 -4.194694 -1.925097 -1.997476 -3.065636 -2.303579 -3.928487 -9999.0 -9999.0 -9999.0 -9999.0 -9999.0 -9999.0 -9999.0 -9999.0 -9999.0 -9999.0 -9999.0 -9999.0 -9999.0 -9999.0 -9999.0 -9999.0 -9999.0 -9999.0 -9999.0 -9999.0 -9999.0 -9999.0 -9999.0 -9999.0 -9999.0 -9999.0 -9999.0
-9999.0 -9999.0 -9999.0 -9999.0 -9999.0 -9999.0 -9999.0 -9999.0 -9999.0 -9999.0 -9999.0 -9999.0 -9999.0 -5.613020 -0.026948 -1.714008 -1.697874 1.805276 6.783855 1.077124 0.507396 0.851831 -0.003039 -2.020569 -0.157784 -4.294658 -5.605650 -0.183743 -1.075328 -1.329379 -1.136746 -2.583121 -2.461896 -5.365874 -3.886389 -9999.0 -9999.0 -9999.0 -9999.0 -9999.0 -9999.0 -9999.0 -9999.0 -9999.0 -9999.0 -9999.0 -9999.0 -9999.0 -9999.0 -9999.0 -9999.0 -9999.0 -9999.0 -9999.0 -9999.0 -9999.0 -9999.0 -9999.0 -9999.0 -9999.0 -9999.0 -9999.0 -9999.0
-9999.0 -9999.0 -9999.0 -9999.0 -9999.0 -9999.0 -9999.0 -9999.0 -9999.0 -9999.0 -9999.0 -9999.0 -9999.0 -0.002525 0.976700 -0.283754 -3.062625 -1.497305 6.782067 0.182609 0.610546 -3.422048 -3.830384 -2.261346 -4.124090 -2.972255 -5.866429 -0.731872 -4.853369 -2.525236 -2.070214 -6.280027 -5.142335 -8.278207 -5.604398 -9999.0 -9999.0 -9999.0 -9999.0 -9999.0 -9999.0 -9999.0 -9999.0 -9999.0 -9999.0 -9999.0 -9999.0 -9999.0 -9999.0 -9999.0 -9999.0 -9999.0 -9999.0 -9999.0 -9999.0 -9999.0 -9999.0 -9999.0 -9999.0 -9999.0 -9999.0 -9999.0 -9999.0
-9999.0 -9999.0 -9999.0 -9999.0 -9999.0 -9999.0 -9999.0 -9999.0 -9999.0 -9999.0 -9999.0 -9999.0 -2.960693 0.702791 -1.852058 -4.520053 -4.664042 -1.713718 3.782189 1.725062 0.051592 -1.130295 -2.554387 -0.967046 -1.757263 -0.457630 -0.502000 -2.113018 -0.005827 -1.084559 -3.337279 -4.362359 -6.459858 -3.442436 -9999.0 -9999.0 -9999.0 -9999.0 -9999.0 -9999.0 -9999.0 -9999.0 -9999.0 -9999.0 -9999.0 -9999.0 -9999.0 -9999.0 -9999.0 -9999.0 -9999.0 -9999.0 -9999.0 -9999.0 -9999.0 -9999.0 -9999.0 -9999.0 -9999.0 -9999.0 -9999.0 -9999.0 -9999.0
-9999.0 -9999.0 -9999.0 -9999.0 -9999.0 -9999.0 -9999.0 -9999.0 -9999.0 -9999.0 -9999.0 -1.635899 -4.521676 -0.262433 -3.539142 -1.783854 -3.066468 -0.359832 3.611707 0.349880 -1.931600 -0.009526 -4.284906 -0.437085 -4.503576 -1.890765 -1.703264 -4.484585 -6.452157 -2.213933 -2.754574 0.040736 -5.092988 -4.338752 -6.612730 -4.066482 0.081729 0.489212 1.250417 -9999.0 -9999.0 -9999.0 -5.800671 -9999.0 -9999.0 -9999.0 -9999.0 -9999.0 -9999.0 -9999.0 -9999.0 -9999.0 -9999.0 -9999.0 -9999.0 -9999.0 -9999.0 -9999.0 -9999.0 -9999.0 -9999.0 -9999.0 -9999.0
-9999.0 -9999.0 -9999.0 -9999.0 -9999.0 -9999.0 -9999.0 -9999.0 -9999.0 -9999.0 -9999.0 -2.071621 -2.296816 -1.998086 -4.482921 -2.417742 -2.271101 -1.743716 3.496175 1.978499 1.427455 0.525246 -4.850577 -2.568391 -2.773332 -0.849380 -5.184997 -0.002646 -3.642504 -0.988893 -0.271565 0.152334 -0.006644 -4.685126 -7.646646 -0.013249 1.830464 2.572649 0.739203 -0.340549 -0.304908 -9.213735 -0.006998 -5.455213 -9999.0 -9999.0 -9999.0 -0.012898 -0.038708 -0.091270 -0.030367 -0.022682 -0.022989 -0.014806 -0.013506 -0.023066 -9999.0 -9999.0 -9999.0 -9999.0 -9999.0 -9999.0 -9999.0
-9999.0 -9999.0 -9999.0 -9999.0 -9999.0 -9999.0 -9999.0 -9999.0 -9999.0 -9999.0 -9999.0 -2.905654 -1.897155 -4.754870 -3.186400 -3.713204 -3.902737 -1.971302 2.126185 2.326044 -0.819594 -0.023638 -0.712053 -5.840843 -0.133546 -5.366608 -0.679918 -4.913638 -1.035125 -0.877146 -1.038853 -5.093959 0.173567 -6.540351 -7.900920 0.072924 -3.418322 -1.407758 3.298663 0.387178 0.997210 0.380371 0.060251 0.086265 -4.455029 -9999.0 -0.586489 -0.805227 -4.872129 0.016795 0.510567 -0.483411 -0.001988 -3.507653 -0.307211 -0.017061 -9999.0 -9999.0 -9999.0 -9999.0 -9999.0 -9999.0 -9999.0
-9999.0 -9999.0 -9999.0 -9999.0 -9999.0 -9999.0 -9999.0 -9999.0 -9999.0 -9999.0 -9999.0 -9999.0 -0.330815 -3.228387 -5.717702 -4.386441 -5.331729 -1.474015 2.476668 2.476522 -0.780144 -0.005014 -0.004894 -0.438797 -5.355290 -0.719591 0.715735 -0.765952 -1.138532 -3.442165 -6.098392 -4.104379 0.067087 -7.138443 -6.761643 0.212267 -1.583896 -0.565516 3.657835 1.703032 2.155616 4.042534 -0.894858 0.351075 -3.758271 -3.948868 -2.425398 -0.232285 -3.888977 -0.474455 0.114003 -0.032375 -0.010514 -0.018543 -0.047444 -0.055836 -0.015175 -9999.0 -9999.0 -9999.0 -9999.0 -9999.0 -9999.0
-9999.0 -9999.0 -9999.0 -9999.0 -9999.0 -9999.0 -9999.0 -9999.0 -9999.0 -9999.0 -9999.0 -5.266315 -1.022051 -0.977795 -3.232211 -2.931724 -0.463673 -2.054360 2.959725 0.059657 -0.505886 -0.906902 -0.199928 -0.006814 -0.615602 -0.006018 -3.446556 -0.141768 -5.448496 -6.092129 -0.821071 -0.711447 0.381740 -6.397748 -6.152031 -0.303692 -0.006052 -0.658335 -0.013201 4.960026 -0.024813 0.177056 -0.003179 -2.870051 0.984764 -4.999306 -6.339200 -2.013436 -2.822191 0.022484 -0.046596 -0.089388 -0.070530 -0.096674 -0.077049 -0.328100 -0.020499 -9999.0 -9999.0 -9999.0 -9999.0 -9999.0 -9999.0
-9999.0 -9999.0 -9999.0 -9999.0 -9999.0 -9999.0 -9999.0 -9999.0 -9999.0 -9999.0 -3.356723 -3.621559 -5.943070 -3.153698 -2.196604 -0.163415 -3.750894 -2.290675 -0.003126 0.182541 1.965289 0.395969 -0.610257 2.399756 -0.002497 -0.175297 -3.259348 -5.229523 0.480612 0.658185 -0.006597 -3.401672 -5.417815 -3.762011 -4.800976 -7.449392 0.638068 -3.010299 -3.349190 0.206686 0.733711 0.238549 2.566236 -0.924666 -0.209396 -2.888507 -6.062598 -0.225585 -0.003105 0.113545 -4.979063 -0.076500 -0.094911 -0.116355 -0.081111 -0.016796 -0.016890 -9999.0 -9999.0 -9999.0 -9999.0 -9999.0 -9999.0
-9999.0 -9999.0 -9999.0 -9999.0 -9999.0 -9999.0 -9999.0 -9999.0 -9999.0 -0.094533 -0.277061 -3.299883 -0.189483 -3.946245 -0.433157 -4.163074 -0.874789 2.359660 0.122102 0.579002 3.154836 -0.010214 -0.004461 0.640929 -0.001871 -4.773499 -0.007488 0.895594 -0.003655 -0.001726 0.226960 -5.436565 -1.474533 -2.894165 -4.335123 -5.523501 -6.817328 -3.055241 -5.225108 -1.018032 -2.199069 -4.313382 -0.918256 -0.000733 -1.012257 -0.007038 1.995499 0.009162 -0.004208 0.115523 -0.306484 -0.025408 -0.198402 -0.043330 -0.025023 -0.025608 -0.434640 -0.141410 -0.015872 -9999.0 -9999.0 -9999.0 -9999.0
-9999.0 -9999.0 -9999.0 -9999.0 -9999.0 -9999.0 -9999.0 -9999.0 -9999.0 -0.146106 -0.083281 -0.755891 2.318666 -0.007260 -0.003772 -3.542809 0.440495 0.267032 0.515288 5.619716 4.805373 6.339027 1.148539 0.529755 -4.533445 -0.007813 0.069341 0.234333 0.684679 0.034450 0.219489 -5.137464 -2.170244 -3.049187 -0.271175 0.549311 0.167216 -1.888276 -5.199231 -5.495536 -4.918508 -2.408927 -0.006452 -0.002129 -0.001462 0.879763 1.194030 0.467206 0.274138 0.205705 -5.118135 -3.645077 -0.038828 -0.050867 -0.052545 -0.005833 -0.016585 -0.002699 0.086401 -9999.0 -9999.0 -9999.0 -9999.0
-9999.0 -9999.0 -9999.0 -9999.0 -9999.0 -9999.0 -9999.0 -9999.0 -9999.0 -9999.0 -0.068796 -1.653681 -3.059430 -0.718420 0.171582 0.034004 0.083794 0.750539 1.234345 2.469961 3.152597 0.084543 -0.009116 -0.508878 -0.007130 0.199872 0.612948 0.998527 0.250080 -1.450067 -1.250934 -3.801855 -0.212481 -0.552921 0.094096 0.488302 1.668474 0.361864 -7.255875 -1.782956 -3.385849 0.899680 0.147635 -3.649296 -3.365205 -1.287627 -0.940697 1.015647 2.675140 0.159870 -3.860390 -0.012457 -0.021333 -0.031220 -0.068871 -0.046638 -0.022757 0.521583 0.796077 0.856537 -9999.0 -9999.0 -9999.0
-9999.0 -9999.0 -9999.0 -9999.0 -9999.0 -9999.0 -9999.0 -9999.0 -9999.0 -9999.0 -0.074762 -0.238265 -0.240680 -0.143971 3.507437 -0.003117 -0.005571 0.277162 3.133112 3.692137 1.057002 0.057872 -0.012479 0.079021 0.147167 0.848680 1.276393 -0.636381 -4.187492 -0.171816 -0.128038 -2.152804 -5.584195 -0.143132 -0.229101 -1.654693 -0.005719 -0.593201 -5.223775 -0.290730 -3.431469 -4.494898 -1.971001 -0.117519 -0.587387 -3.627661 -3.872591 -1.095925 0.049687 2.649189 0.392830 -0.004027 -4.591436 -0.019877 -0.028229 -0.019758 -0.060529 -0.478396 1.286465 2.271839 -9999.0 -9999.0 -9999.0
-9999.0 -9999.0 -9999.0 -9999.0 -9999.0 -9999.0 -9999.0 -9999.0 0.453826 -0.004352 -2.598142 -0.341207 -2.506587 -4.116458 -2.070126 0.188005 0.842315 7.495811 5.839999 5.533528 4.044096 2.106688 0.512682 -0.007388 0.608909 0.860656 1.594406 -3.184787 -4.326455 -1.988653 -0.873596 -0.110438 -0.466579 -0.067938 -1.695861 -1.610742 -4.104438 -0.008189 -6.370606 -2.331631 -0.181717 -0.419683 -0.075724 -0.607004 -5.546011 -4.459862 -0.060749 -1.495522 -0.840243 1.037010 0.412809 -0.600696 -1.554138 -0.030820 -0.452548 1.070918 -4.887374 2.946317 2.019780 3.552075 -9999.0 -9999.0 -9999.0
-9999.0 -9999.0 -9999.0 -9999.0 -9999.0 -9999.0 -9999.0 -9999.0 -1.192602 -0.010815 -4.216087 -0.095369 -0.064488 -2.259961 -1.684897 -0.148350 0.127269 0.278228 3.745091 6.470288 10.904223 9.776283 7.725506 6.068613 1.373182 1.475286 -0.025643 -0.004171 -2.994032 -3.622868 -1.180605 -6.121100 -2.853536 -1.964660 -2.816252 -5.802869 1.123514 0.001259 -0.897921 -4.423476 -0.090879 -1.868163 -0.076351 -4.032003 0.871607 -0.843016 -0.049653 -0.048649 -1.363950 0.009031 2.606954 0.254505 -2.815874 -4.871231 2.464976 0.317706 0.420249 1.384024 4.232079 6.877160 7.449367 -9999.0 -9999.0
-9999.0 -9999.0 -9999.0 -9999.0 -9999.0 -9999.0 -9999.0 -9999.0 -0.060593 -0.053953 0.595247 -2.761527 -0.002504 -0.210598 0.137846 -0.011066 0.083837 2.306422 4.805148 9.541542 7.192133 10.000150 10.318225 5.704453 7.538394 -0.002072 -0.435307 -2.767155 -4.504717 0.082398 -5.445064 0.860813 -3.943002 -2.497540 -4.643834 1.417208 -4.051231 0.010482 -3.415645 -4.735540 -0.044823 -0.030421 -0.335624 -0.049883 -0.052087 -0.053099 -1.374922 -1.019816 -0.037712 -0.009461 1.603316 1.357108 -0.600989 -1.023938 1.498184 1.776488 3.340680 4.414534 5.940961 5.838914 6.893784 -9999.0 -9999.0
-9999.0 -9999.0 -9999.0 -9999.0 -9999.0 -9999.0 -9999.0 -9999.0 -0.081887 -4.121674 -0.001970 -3.302154 1.018311 0.046325 -0.001279 0.271247 2.889609 3.424196 2.700562 3.851600 5.504493 6.733457 9.625894 8.623568 1.179286 0.067314 -0.010074 -0.947067 1.757459 -0.002828 -0.005491 -0.003842 0.002166 0.020524 -2.505426 1.036363 2.219206 0.116968 -1.422011 -2.695964 -1.972979 -5.084956 -5.677424 -1.545837 -2.372998 -3.588747 -0.002212 -0.183377 1.702414 0.234477 0.196667 3.277692 2.728300 0.707724 3.742840 4.570980 5.608990 3.937927 5.443913 6.690283 4.037132 1.452127 -9999.0
-9999.0 -9999.0 -9999.0 -9999.0 -9999.0 -9999.0 -9999.0 -9999.0 -1.115842 -4.282054 -0.003572 -0.804191 -0.136082 -0.007930 5.170292 2.574416 2.283021 0.000443 -0.237864 0.547607 2.965614 5.792315 6.174272 5.047381 5.991833 0.069010 -0.108781 0.253577 0.564279 0.133466 -1.289125 0.011313 0.810247 0.110705 0.008680 0.061527 0.383709 0.596471 0.224216 0.172568 0.010816 0.004412 0.047004 0.002297 -0.034009 0.929092 -0.000344 0.103575 0.319286 1.838072 3.801773 2.811219 3.722591 5.655524 5.747545 4.510385 6.274895 6.354334 4.909757 4.652321 2.607428 1.046116 -9999.0
-9999.0 -9999.0 -5.349531 -5.086524 -3.158237 -2.189775 -0.042377 -2.320674 -5.204750 -1.365382 -0.010474 -0.008257 -0.003914 2.017442 7.772860 1.116775 -0.025856 -3.023950 -3.422868 -0.321878 0.734222 2.659637 5.392127 4.094396 2.829409 0.743324 0.088179 0.078786 -0.002239 2.954934 -0.002444 -0.833943 2.798435 -0.002653 0.731744 0.205450 2.613253 1.936554 0.739629 0.008083 1.003963 1.053413 0.045334 0.338207 -0.325886 0.067212 0.623729 -0.002666 2.560799 3.916916 5.944115 4.597589 6.208558 6.025656 5.548943 8.418590 3.580467 3.417199 3.423927 2.113829 2.925319 0.562607 -9999.0
-9999.0 0.037359 -0.006295 -0.010829 -0.005109 -0.005754 -3.526866 -1.003185 -0.342178 -0.054097 -3.461616 -0.341615 0.558175 5.512660 4.414923 -0.020324 -2.859631 -3.438475 0.050377 0.077559 1.252378 1.998279 5.109971 3.722818 8.423643 4.557453 7.398332 7.445702 2.954918 1.128199 2.010447 1.474745 1.534175 5.411823 3.259236 3.744810 5.836564 4.359280 4.164024 3.207485 3.985868 3.490566 2.943565 0.050234 0.256069 0.502894 1.860660 2.337953 5.137195 2.955266 5.532406 5.204086 3.277412 3.168322 3.095446 2.333511 0.936525 0.783518 0.712835 1.170302 -0.003799 0.284309 -9999.0
-9999.0 -0.005451 0.004040 0.018345 2.155135 0.005299 -0.801814 -2.982142 -6.018507 -4.897964 -0.008289 -0.008175 0.914565 4.786978 -0.002285 -2.696433 -1.336008 -1.439710 0.110119 -0.005486 1.372843 0.959265 1.950978 3.019815 8.205937 9.715021 5.574607 6.509896 5.283880 3.613989 5.163168 3.988715 2.880375 2.741584 6.652344 5.861307 10.493005 11.756049 7.092874 7.310860 6.533956 5.130310 4.931556 3.590842 5.480681 5.094994 6.316983 6.488353 5.510088 5.534467 2.367040 0.897123 0.714419 1.736388 1.415518 0.015496 0.131447 -0.003766 -0.006143 -1.615516 -1.124600 -9999.0 -9999.0
