user2019/resources/simulation/Vinschgau/output-maps/TL0006N0178.asc
ncols         63
nrows         48
xllcorner     598000.000000
yllcorner     5145000.000000
cellsize      1000.000000
NODATA_value  -9999.0
[rows 0 to 27 of 48, columns 0 to 61 of 63]
-9999.0 -9999.0 -9999.0 -9999.0 -9999.0 -9999.0 -9999.0 -9999.0 -9999.0 -9999.0 -9999.0 -9999.0 -9999.0 -9999.0 -9999.0 -9999.0 -9999.0 -9999.0 -9999.0 -9999.0 -9999.0 -9999.0 -9999.0 -9999.0 -9999.0 -9999.0 -9999.0 -9999.0 -9999.0 -9999.0 -9999.0 -9999.0 -9999.0 -9999.0 -9999.0 -9999.0 -9999.0 -9999.0 -9999.0 -9999.0 -9999.0 -9999.0 -9999.0 -9999.0 -9999.0 -9999.0 -9999.0 -9999.0 -9999.0 -9999.0 -9999.0 -9999.0 -9999.0 -9999.0 -9999.0 -9999.0 -9999.0 -9999.0 -9999.0 -9999.0 -9999.0 -9999.0
-9999.0 -9999.0 -9999.0 -9999.0 -9999.0 -9999.0 -9999.0 -9999.0 -9999.0 -9999.0 -9999.0 -9999.0 -9999.0 -9999.0 -9999.0 -9999.0 -9999.0 -9999.0 -9999.0 -9999.0 -9999.0 -9999.0 -9999.0 -9999.0 -9999.0 -9999.0 -9999.0 -3.634212 -3.894939 -4.704507 -4.689017 -5.550375 -5.747541 -9999.0 -9999.0 -9999.0 -9999.0 -9999.0 -9999.0 -9999.0 -9999.0 -9999.0 -9999.0 -9999.0 -9999.0 -9999.0 -9999.0 -9999.0 -9999.0 -9999.0 -9999.0 -9999.0 -9999.0 -9999.0 -9999.0 -9999.0 -9999.0 -9999.0 -9999.0 -9999.0 -9999.0 -9999.0
-9999.0 -9999.0 -9999.0 -9999.0 -9999.0 -9999.0 -9999.0 -9999.0 -9999.0 -9999.0 -9999.0 -9999.0 -9999.0 -9999.0 -9999.0 -9999.0 -9999.0 -9999.0 -9999.0 -9999.0 -9999.0 -9999.0 -9999.0 -9999.0 -1.184750 -2.813687 -3.930043 -4.054926 -3.673957 -4.348530 -4.067077 -9999.0 -9999.0 -9999.0 -9999.0 -9999.0 -9999.0 -9999.0 -9999.0 -9999.0 -9999.0 -9999.0 -9999.0 -9999.0 -9999.0 -9999.0 -9999.0 -9999.0 -9999.0 -9999.0 -9999.0 -9999.0 -9999.0 -9999.0 -9999.0 -9999.0 -9999.0 -9999.0 -9999.0 -9999.0 -9999.0 -9999.0
-9999.0 -9999.0 -9999.0 -9999.0 -9999.0 -9999.0 -9999.0 -9999.0 -9999.0 -9999.0 -9999.0 -9999.0 -9999.0 -9999.0 -9999.0 -9999.0 -9999.0 -9999.0 -9999.0 -9999.0 -9999.0 -9999.0 -9999.0 -2.147109 -1.590745 -0.011742 -0.245967 -1.002376 -1.911168 -5.197598 -4.912952 -3.100217 -9999.0 -9999.0 -9999.0 -9999.0 -9999.0 -9999.0 -9999.0 -9999.0 -9999.0 -9999.0 -9999.0 -9999.0 -9999.0 -9999.0 -9999.0 -9999.0 -9999.0 -9999.0 -9999.0 -9999.0 -9999.0 -9999.0 -9999.0 -9999.0 -9999.0 -9999.0 -9999.0 -9999.0 -9999.0 -9999.0
-9999.0 -9999.0 -9999.0 -9999.0 -9999.0 -9999.0 -9999.0 -9999.0 -9999.0 -9999.0 -9999.0 -9999.0 -9999.0 -9999.0 -9999.0 -9999.0 -9999.0 -9999.0 -0.006211 -0.866796 -9999.0 -1.092047 -1.069449 -0.241566 -0.010356 -5.595302 -1.207871 -1.223848 -0.152276 -1.239933 -5.341899 -4.492123 -5.817036 -6.547503 -9999.0 -9999.0 -9999.0 -9999.0 -9999.0 -9999.0 -9999.0 -9999.0 -9999.0 -9999.0 -9999.0 -9999.0 -9999.0 -9999.0 -9999.0 -9999.0 -9999.0 -9999.0 -9999.0 -9999.0 -9999.0 -9999.0 -9999.0 -9999.0 -9999.0 -9999.0 -9999.0 -9999.0
-9999.0 -9999.0 -9999.0 -9999.0 -9999.0 -9999.0 -9999.0 -9999.0 -9999.0 -9999.0 -9999.0 -9999.0 -9999.0 -9999.0 -9999.0 -9999.0 -9999.0 -1.183161 -3.435623 -3.595475 -3.126153 -1.060170 -1.013026 -2.712305 -0.136766 -3.407601 -2.284219 -1.086927 -2.865184 -1.250140 -1.776849 -5.208083 -5.648805 -6.210697 -5.308786 -6.697557 -9999.0 -9999.0 -9999.0 -9999.0 -9999.0 -9999.0 -9999.0 -9999.0 -9999.0 -9999.0 -9999.0 -9999.0 -9999.0 -9999.0 -9999.0 -9999.0 -9999.0 -9999.0 -9999.0 -9999.0 -9999.0 -9999.0 -9999.0 -9999.0 -9999.0 -9999.0
-9999.0 -9999.0 -9999.0 -9999.0 -9999.0 -9999.0 -9999.0 -9999.0 -9999.0 -9999.0 -9999.0 -9999.0 -9999.0 -1.853632 -0.898278 -0.538941 -0.974520 -3.247678 -1.510599 -0.934113 -0.137344 -0.042860 -3.189015 -0.460073 -3.857416 -3.141228 -4.100602 -2.757684 -3.412594 -1.144630 -1.551045 -3.585133 -4.566969 -6.685422 -7.195924 -7.381933 -9999.0 -9999.0 -9999.0 -9999.0 -9999.0 -9999.0 -9999.0 -9999.0 -9999.0 -9999.0 -9999.0 -9999.0 -9999.0 -9999.0 -9999.0 -9999.0 -9999.0 -9999.0 -9999.0 -9999.0 -9999.0 -9999.0 -9999.0 -9999.0 -9999.0 -9999.0
-9999.0 -9999.0 -9999.0 -9999.0 -9999.0 -9999.0 -9999.0 -9999.0 -9999.0 -9999.0 -9999.0 -9999.0 -9999.0 -0.974711 -0.004628 -0.277319 -0.296054 -0.235210 -3.459909 -3.958015 -4.599436 -3.430465 -0.967748 -1.697336 -1.126340 -2.663187 -4.171976 -5.780242 -6.104931 -3.962558 -2.268702 -6.432106 -7.248339 -7.789488 -7.745885 -9999.0 -9999.0 -9999.0 -9999.0 -9999.0 -9999.0 -9999.0 -9999.0 -9999.0 -9999.0 -9999.0 -9999.0 -9999.0 -9999.0 -9999.0 -9999.0 -9999.0 -9999.0 -9999.0 -9999.0 -9999.0 -9999.0 -9999.0 -9999.0 -9999.0 -9999.0 -9999.0
-9999.0 -9999.0 -9999.0 -9999.0 -9999.0 -9999.0 -9999.0 -9999.0 -9999.0 -9999.0 -9999.0 -9999.0 -9999.0 -0.877693 -0.013837 -0.007593 -0.301032 -0.971622 -3.373662 -0.822817 -0.818673 -4.245769 -1.546445 -1.321436 -0.998103 -1.007363 -4.161176 -5.950841 -4.338230 -6.709769 -6.179504 -7.586493 -7.612133 -8.136985 -8.071436 -9999.0 -9999.0 -9999.0 -9999.0 -9999.0 -9999.0 -9999.0 -9999.0 -9999.0 -9999.0 -9999.0 -9999.0 -9999.0 -9999.0 -9999.0 -9999.0 -9999.0 -9999.0 -9999.0 -9999.0 -9999.0 -9999.0 -9999.0 -9999.0 -9999.0 -9999.0 -9999.0
-9999.0 -9999.0 -9999.0 -9999.0 -9999.0 -9999.0 -9999.0 -9999.0 -9999.0 -9999.0 -9999.0 -9999.0 -0.890229 -0.007564 -0.005298 -2.880019 -0.059146 -0.334857 -0.333133 -3.902733 -0.946886 -2.268843 -2.474587 -1.122587 -1.034320 -5.344045 -1.146998 -3.062463 -4.503071 -6.179618 -6.463775 -5.483451 -6.140949 -7.403110 -9999.0 -9999.0 -9999.0 -9999.0 -9999.0 -9999.0 -9999.0 -9999.0 -9999.0 -9999.0 -9999.0 -9999.0 -9999.0 -9999.0 -9999.0 -9999.0 -9999.0 -9999.0 -9999.0 -9999.0 -9999.0 -9999.0 -9999.0 -9999.0 -9999.0 -9999.0 -9999.0 -9999.0
-9999.0 -9999.0 -9999.0 -9999.0 -9999.0 -9999.0 -9999.0 -9999.0 -9999.0 -9999.0 -9999.0 -0.973220 -0.881850 -0.011025 -2.145345 -1.863446 -4.186866 -0.538446 -0.221091 -4.412810 -3.762756 -0.060809 -2.424544 -4.166138 -2.639488 -2.951648 -5.607316 -2.885809 -3.236201 -6.739590 -4.652141 -5.351267 -5.949947 -7.961897 -8.175453 -9.249565 -10.435271 -10.577504 -10.334201 -9999.0 -9999.0 -9999.0 -8.195370 -9999.0 -9999.0 -9999.0 -9999.0 -9999.0 -9999.0 -9999.0 -9999.0 -9999.0 -9999.0 -9999.0 -9999.0 -9999.0 -9999.0 -9999.0 -9999.0 -9999.0 -9999.0 -9999.0
-9999.0 -9999.0 -9999.0 -9999.0 -9999.0 -9999.0 -9999.0 -9999.0 -9999.0 -9999.0 -9999.0 -1.454028 -0.912368 -0.846082 -0.912788 -3.092265 -0.995248 -1.093059 -0.481152 -0.280724 -0.107685 -0.257009 -1.411651 -2.480437 -2.362084 -3.887806 -3.646844 -3.625745 -3.732532 -6.043829 -5.103338 -5.819767 -7.287526 -6.229569 -8.557749 -9.664827 -9.620498 -5.397569 -6.451515 -12.417632 -11.439916 -10.260873 -8.027446 -7.036919 -9999.0 -9999.0 -9999.0 -0.021477 -1.070031 -1.037572 -0.936973 -0.970206 -0.924861 -0.006658 -0.006287 -0.791178 -9999.0 -9999.0 -9999.0 -9999.0 -9999.0 -9999.0
-9999.0 -9999.0 -9999.0 -9999.0 -9999.0 -9999.0 -9999.0 -9999.0 -9999.0 -9999.0 -9999.0 -1.148240 -1.376757 -3.644256 -0.949562 -3.020858 -0.960604 -1.113270 -0.749549 -0.210810 -0.211430 -0.853082 -1.141338 -1.682265 -4.452207 -4.385246 -2.753068 -3.497572 -5.226769 -4.322797 -6.056860 -5.603287 -6.077266 -7.272868 -9.055191 -10.233512 -6.198115 -3.647104 -4.125021 -7.189610 -10.326649 -10.966196 -7.994413 -7.364695 -4.464658 -9999.0 -3.832569 -1.066943 -0.979818 -0.911001 -1.051958 -1.147184 -0.256218 -0.001015 -0.001106 -0.002056 -9999.0 -9999.0 -9999.0 -9999.0 -9999.0 -9999.0
-9999.0 -9999.0 -9999.0 -9999.0 -9999.0 -9999.0 -9999.0 -9999.0 -9999.0 -9999.0 -9999.0 -9999.0 -1.006308 -0.972118 -0.388488 -0.968053 -1.442872 -1.382720 -0.321715 -0.343276 -1.253054 -0.834357 -0.897708 -1.119720 -3.632350 -1.986519 -0.015517 -4.811575 -4.124241 -4.299587 -4.117298 -5.378411 -6.172996 -6.688254 -8.439144 -10.503799 -6.506725 -4.385510 -3.797678 -6.036232 -9.822515 -9.503236 -8.044017 -3.076076 -6.292933 -2.554114 -2.452454 -0.994688 -1.138529 -2.169999 -0.886753 -0.891139 -0.020960 -0.023979 -0.962054 -0.951200 -0.023960 -9999.0 -9999.0 -9999.0 -9999.0 -9999.0
-9999.0 -9999.0 -9999.0 -9999.0 -9999.0 -9999.0 -9999.0 -9999.0 -9999.0 -9999.0 -9999.0 -1.055073 -1.957472 -2.315826 -0.991941 -0.981112 -0.906246 -2.255829 -0.394337 -0.182489 -2.518925 -0.193143 -0.878982 -2.940743 -1.322764 -0.978149 -1.118364 -4.728752 -3.852750 -4.412981 -4.433232 -4.526364 -4.181452 -6.284144 -8.823915 -10.122584 -12.877237 -5.792815 -2.469894 -4.103550 -8.791627 -6.845986 -6.673511 -6.925296 -1.502378 -2.475436 -1.157814 -2.873481 -1.215293 -4.579056 -2.819960 -2.407553 -1.026389 -3.521950 -2.539471 -3.281643 -0.829079 -9999.0 -9999.0 -9999.0 -9999.0 -9999.0
-9999.0 -9999.0 -9999.0 -9999.0 -9999.0 -9999.0 -9999.0 -9999.0 -9999.0 -9999.0 -0.273632 -0.993708 -0.889750 -1.721794 -0.032010 -0.996611 -2.286770 -0.929870 -0.583744 -0.243271 -0.130784 -0.152882 -1.074737 -0.023346 -0.851119 -0.871055 -3.464244 -5.545103 -2.065136 -1.128037 -1.966948 -3.250419 -4.281614 -6.440485 -8.845805 -9.282035 -10.100886 -6.984010 -3.343139 -3.148827 -3.268339 -7.331553 -6.998824 -1.430137 -3.728864 -5.733130 -1.088939 -4.183363 -1.475960 -2.428901 -2.683156 -3.337276 -3.138175 -3.501451 -3.055764 -0.002976 -0.002833 -9999.0 -9999.0 -9999.0 -9999.0 -9999.0
-9999.0 -9999.0 -9999.0 -9999.0 -9999.0 -9999.0 -9999.0 -9999.0 -9999.0 -2.335488 -0.330580 -0.313444 -0.977473 -0.984070 -0.078899 -1.620543 -1.676152 -0.033147 -2.364166 -0.145295 -0.193939 -1.091772 -1.794743 -0.879693 -0.756593 -3.829629 -4.423114 -1.161192 -1.336764 -0.648141 -4.206294 -5.066884 -6.943857 -7.485516 -7.546191 -8.461803 -7.787658 -8.833622 -8.937589 -8.953546 -3.508005 -6.237604 -6.174685 -1.509682 -5.909464 -4.638697 -0.765180 -3.941863 -3.035304 -0.493831 -2.629675 -0.929552 -3.754762 -2.152509 -0.867083 -0.879329 -0.008015 -0.822635 -0.841433 -9999.0 -9999.0 -9999.0
-9999.0 -9999.0 -9999.0 -9999.0 -9999.0 -9999.0 -9999.0 -9999.0 -9999.0 -2.582429 -2.065394 -2.101119 -0.045033 -0.963360 -1.004407 -0.971156 -0.004768 -0.784371 -3.054465 -0.609046 -0.578333 -3.647169 -0.306578 -0.758135 -3.323947 -2.244662 -1.025816 -0.949678 -4.500158 -1.139906 -3.800309 -5.776369 -4.908234 -4.195301 -5.874931 -7.515435 -8.082415 -7.839430 -7.433954 -5.757834 -1.387993 -5.570184 -4.319028 -5.648408 -0.225497 -4.697936 -4.882581 -4.921807 -1.094288 -2.871988 -1.779409 -1.099314 -2.024506 -1.240714 -2.975195 -0.102995 -0.145495 -0.055157 -0.884049 -9999.0 -9999.0 -9999.0
-9999.0 -9999.0 -9999.0 -9999.0 -9999.0 -9999.0 -9999.0 -9999.0 -9999.0 -9999.0 -2.055196 -2.039726 -1.090345 -0.254228 -1.915626 -0.959493 -0.741557 -0.455456 -1.070180 -1.175306 -0.132728 -2.724828 -0.687767 -0.848286 -2.112501 -0.833852 -4.796053 -5.239907 -2.922770 -3.144802 -3.894272 -1.207198 -4.690077 -5.110950 -4.560989 -3.715198 -3.379992 -5.093605 -6.755994 -6.285413 -6.536728 -2.820102 -3.605889 -2.861799 -5.128639 -6.655547 -4.698078 -0.683360 -2.496031 -4.227725 -2.601295 -0.977646 -0.977443 -1.753195 -1.002211 -1.787758 -1.002425 -0.830540 -0.563768 -0.006125 -9999.0 -9999.0
-9999.0 -9999.0 -9999.0 -9999.0 -9999.0 -9999.0 -9999.0 -9999.0 -9999.0 -9999.0 -2.118963 -2.060395 -0.997897 -0.835215 -0.149062 -0.722798 -0.819638 -0.465303 -0.399219 -0.068734 -2.413274 -1.642695 -0.420761 -0.930203 -0.947965 -5.262842 -3.875790 -2.107503 -2.891097 -5.057523 -4.873027 -1.248607 -5.383058 -4.995620 -5.008684 -3.890470 -4.620499 -5.265067 -5.872588 -4.679179 -2.407601 -2.776194 -1.613761 -4.094902 -0.713824 -1.706159 -0.945083 -3.892036 -1.844638 -4.970178 -3.965384 -0.936821 -0.993570 -0.947642 -0.976255 -0.941133 -1.689942 -0.024787 -4.282460 -0.558687 -9999.0 -9999.0
-9999.0 -9999.0 -9999.0 -9999.0 -9999.0 -9999.0 -9999.0 -9999.0 -0.877264 -1.034677 -3.011119 -1.065039 -1.256801 -1.460037 -0.819425 -0.228310 -3.360976 -2.873373 -0.056323 -0.054778 -0.280173 -0.492578 -3.010962 -2.041789 -2.390093 -1.728976 -0.409897 -2.736921 -1.495260 -3.693129 -6.244566 -4.430544 -3.563436 -3.095322 -1.697448 -5.455163 -1.204091 -4.339479 -5.555489 -3.234224 -4.361885 -3.013508 -4.764055 -5.186884 -1.654801 -0.936634 -3.104621 -0.929156 -3.532191 -2.101534 -0.744480 -1.259367 -0.844136 -0.951091 -1.003487 -0.003018 -0.915007 -0.004505 -1.799932 -1.181634 -9999.0 -9999.0
-9999.0 -9999.0 -9999.0 -9999.0 -9999.0 -9999.0 -9999.0 -9999.0 -2.822079 -0.986034 -3.394641 -3.647802 -2.404521 -0.868684 -0.882181 -0.759858 -0.538309 -0.748300 -0.292041 -0.043394 -0.059748 -0.070401 -1.568714 -3.361870 -0.610187 -0.483563 -1.040323 -2.274870 -4.542378 -2.078887 -1.934488 -4.094463 -1.244624 -2.506040 -1.198812 -1.252144 -2.079023 -2.511524 -3.827305 -1.082998 -3.348360 -5.414003 -4.465596 -0.994458 -1.075548 -1.015604 -3.506544 -2.657160 -1.103361 -1.079945 -4.721200 -0.989160 -1.065993 -0.001657 -1.157302 -2.758521 -0.915026 -1.154311 -4.641186 -0.041927 -0.041594 -9999.0
-9999.0 -9999.0 -9999.0 -9999.0 -9999.0 -9999.0 -9999.0 -9999.0 -2.542890 -1.311342 -0.931490 -3.147320 -1.055179 -3.611736 -0.330258 -2.473957 -4.302095 -2.244955 -0.308606 -0.060943 -0.041046 -0.066904 -0.074748 -0.077059 -0.104745 -3.730855 -1.087686 -2.765767 -6.046568 -3.499517 -3.716578 -1.143402 -3.569821 -4.580144 -1.089013 -1.077060 -0.999432 -3.712505 -2.992372 -1.661162 -1.119911 -1.593664 -1.039958 -1.056187 -1.150174 -1.438650 -1.029191 -0.016875 -1.086032 -2.564120 -0.104127 -3.032781 -2.549518 -2.403902 -3.265910 -0.712538 -5.019428 -2.206849 -1.174494 -0.110973 -0.041640 -9999.0
-9999.0 -9999.0 -9999.0 -9999.0 -9999.0 -9999.0 -9999.0 -9999.0 -4.969205 -1.355359 -0.012959 -4.394829 -0.025700 -0.017545 -0.851471 -3.936438 -1.129062 -0.291117 -1.128350 -0.059637 -0.062537 -0.041084 -0.041896 -0.052756 -0.075572 -0.203649 -0.656896 -3.784458 -0.458922 -0.937159 -3.463895 -3.047822 -2.318904 -1.056613 -2.595536 -1.179408 -1.572130 -0.857007 -3.718412 -2.709521 -1.109003 -1.095204 -1.036232 -2.994309 -0.749354 -1.054908 -0.773486 -1.031909 -0.635166 -2.741087 -0.760553 -0.565545 -4.813326 -0.130545 -5.023718 -3.751842 -2.145828 -0.313797 -0.039945 -0.041608 -1.023205 -0.233405
-9999.0 -9999.0 -9999.0 -9999.0 -9999.0 -9999.0 -9999.0 -9999.0 -1.524474 -1.034012 -0.013330 -0.865915 -0.719050 -2.071072 -0.413699 -1.558366 -1.053435 -3.369300 -0.808626 -0.792578 -0.282020 -0.041844 -0.041923 -0.068101 -1.623373 -0.055838 -1.506566 -0.900569 -0.485706 -0.717163 -1.791521 -0.214485 -4.116184 -0.889745 -3.407052 -2.691474 -2.049812 -0.624118 -4.562304 -1.700102 -3.436436 -3.224996 -1.941426 -3.137809 -2.794199 -1.004053 -2.827031 -0.908049 -1.080097 -4.010807 -4.534734 -5.041494 -0.602017 -1.856529 -2.509792 -1.014352 -0.042610 -0.042130 -0.542662 -2.078607 -4.864525 -0.006577
-9999.0 -9999.0 -2.218979 -1.018134 -1.014987 -1.290780 -0.989991 -1.923002 -1.102665 -1.042141 -0.958920 -0.117915 -0.646189 -0.235377 -2.939184 -0.595579 -3.575033 -1.333050 -0.928910 -0.577410 -0.685911 -0.098996 -0.042286 -0.069463 -0.866591 -3.983402 -0.555958 -1.921991 -4.580418 -0.291736 -1.024918 -0.206040 -0.185934 -3.408415 -2.691699 -2.636010 -2.630822 -0.784909 -3.541391 -1.663183 -2.082830 -3.502683 -4.854323 -0.772102 -1.655961 -0.973578 -3.375878 -1.254096 -5.188816 -1.029509 -2.061475 -0.731342 -0.042945 -0.043822 -0.044063 -0.485108 -1.283997 -1.223444 -4.520238 -5.041109 -0.003230 -0.002248
-9999.0 -0.993588 -1.036400 -1.010455 -1.048413 -0.754118 -0.963512 -1.078667 -1.127389 -1.388049 -0.992634 -0.015699 -0.144492 -0.005385 -0.007860 -0.634949 -0.976729 -1.028449 -0.224411 -0.740882 -1.087481 -0.830897 -0.258536 -0.043726 -0.204167 -2.177003 -2.844300 -2.598389 -2.035851 -3.259032 -4.520750 -2.878948 -0.974330 -2.076349 -3.731182 -2.015064 -3.888649 -3.929864 -1.840921 -2.246870 -4.290184 -4.433285 -4.543620 -3.349622 -4.106563 -5.545505 -0.349339 -0.386167 -1.373409 -0.242241 -0.042197 -0.042713 -1.448371 -1.693400 -1.739930 -2.080239 -0.375490 -0.346602 -0.009486 -0.004891 -0.002044 -0.002069
-9999.0 -0.922462 -0.369556 -0.242479 -0.007344 -0.308006 -1.132695 -2.529714 -1.161114 -2.487703 -1.069472 -0.207034 -0.702682 -0.005300 -2.316589 -0.978086 -1.177490 -1.805881 -0.177991 -0.675298 -0.011891 -0.329554 -0.271638 -0.494136 -1.795969 -0.049966 -0.042971 -0.042416 -0.042487 -0.405737 -0.328148 -0.354196 -2.083178 -0.991158 -1.663018 -0.929375 -1.363165 -0.059130 -0.442275 -0.691235 -0.551280 -0.501478 -2.040393 -0.075380 -0.072775 -0.212086 -0.039997 -0.041937 -0.041785 -0.041952 -0.202007 -3.987958 -0.404053 -2.847604 -1.147068 -0.027032 -0.232995 -0.028570 -0.033503 -0.006295 -0.005201 -9999.0
