user2019/resources/simulation/Vinschgau/output-maps/TL0002N1259.asc
ncols         63
nrows         48
xllcorner     598000.000000
yllcorner     5145000.000000
cellsize      1000.000000
NODATA_value  -9999.0
[rows 0 to 27 of 48, columns 0 to 62 of 63]
-9999.0 -9999.0 -9999.0 -9999.0 -9999.0 -9999.0 -9999.0 -9999.0 -9999.0 -9999.0 -9999.0 -9999.0 -9999.0 -9999.0 -9999.0 -9999.0 -9999.0 -9999.0 -9999.0 -9999.0 -9999.0 -9999.0 -9999.0 -9999.0 -9999.0 -9999.0 -9999.0 -9999.0 -9999.0 -9999.0 -9999.0 -9999.0 -9999.0 -9999.0 -9999.0 -9999.0 -9999.0 -9999.0 -9999.0 -9999.0 -9999.0 -9999.0 -9999.0 -9999.0 -9999.0 -9999.0 -9999.0 -9999.0 -9999.0 -9999.0 -9999.0 -9999.0 -9999.0 -9999.0 -9999.0 -9999.0 -9999.0 -9999.0 -9999.0 -9999.0 -9999.0 -9999.0 -9999.0
-9999.0 -9999.0 -9999.0 -9999.0 -9999.0 -9999.0 -9999.0 -9999.0 -9999.0 -9999.0 -9999.0 -9999.0 -9999.0 -9999.0 -9999.0 -9999.0 -9999.0 -9999.0 -9999.0 -9999.0 -9999.0 -9999.0 -9999.0 -9999.0 -9999.0 -9999.0 -9999.0 4.441650 3.056283 5.009798 2.372569 1.577891 0.184529 -9999.0 -9999.0 -9999.0 -9999.0 -9999.0 -9999.0 -9999.0 -9999.0 -9999.0 -9999.0 -9999.0 -9999.0 -9999.0 -9999.0 -9999.0 -9999.0 -9999.0 -9999.0 -9999.0 -9999.0 -9999.0 -9999.0 -9999.0 -9999.0 -9999.0 -9999.0 -9999.0 -9999.0 -9999.0 -9999.0
-9999.0 -9999.0 -9999.0 -9999.0 -9999.0 -9999.0 -9999.0 -9999.0 -9999.0 -9999.0 -9999.0 -9999.0 -9999.0 -9999.0 -9999.0 -9999.0 -9999.0 -9999.0 -9999.0 -9999.0 -9999.0 -9999.0 -9999.0 -9999.0 3.631678 3.842609 4.277968 3.598978 4.030613 4.048238 1.984192 -9999.0 -9999.0 -9999.0 -9999.0 -9999.0 -9999.0 -9999.0 -9999.0 -9999.0 -9999.0 -9999.0 -9999.0 -9999.0 -9999.0 -9999.0 -9999.0 -9999.0 -9999.0 -9999.0 -9999.0 -9999.0 -9999.0 -9999.0 -9999.0 -9999.0 -9999.0 -9999.0 -9999.0 -9999.0 -9999.0 -9999.0 -9999.0
-9999.0 -9999.0 -9999.0 -9999.0 -9999.0 -9999.0 -9999.0 -9999.0 -9999.0 -9999.0 -9999.0 -9999.0 -9999.0 -9999.0 -9999.0 -9999.0 -9999.0 -9999.0 -9999.0 -9999.0 -9999.0 -9999.0 -9999.0 4.075309 5.010434 4.896007 4.957102 5.074870 5.536078 4.494384 2.015954 1.224563 -9999.0 -9999.0 -9999.0 -9999.0 -9999.0 -9999.0 -9999.0 -9999.0 -9999.0 -9999.0 -9999.0 -9999.0 -9999.0 -9999.0 -9999.0 -9999.0 -9999.0 -9999.0 -9999.0 -9999.0 -9999.0 -9999.0 -9999.0 -9999.0 -9999.0 -9999.0 -9999.0 -9999.0 -9999.0 -9999.0 -9999.0
-9999.0 -9999.0 -9999.0 -9999.0 -9999.0 -9999.0 -9999.0 -9999.0 -9999.0 -9999.0 -9999.0 -9999.0 -9999.0 -9999.0 -9999.0 -9999.0 -9999.0 -9999.0 9.000793 5.196399 -9999.0 4.588661 5.070147 4.574263 4.519356 5.288378 5.946758 6.638104 3.419780 2.245252 4.087441 2.262990 2.604972 3.831424 -9999.0 -9999.0 -9999.0 -9999.0 -9999.0 -9999.0 -9999.0 -9999.0 -9999.0 -9999.0 -9999.0 -9999.0 -9999.0 -9999.0 -9999.0 -9999.0 -9999.0 -9999.0 -9999.0 -9999.0 -9999.0 -9999.0 -9999.0 -9999.0 -9999.0 -9999.0 -9999.0 -9999.0 -9999.0
-9999.0 -9999.0 -9999.0 -9999.0 -9999.0 -9999.0 -9999.0 -9999.0 -9999.0 -9999.0 -9999.0 -9999.0 -9999.0 -9999.0 -9999.0 -9999.0 -9999.0 5.687961 4.346959 5.468598 7.401736 1.661560 2.674536 4.488405 7.211172 0.650953 -0.020225 1.943376 -0.016799 3.132596 5.557746 4.235992 5.430004 4.275040 2.722784 3.368379 -9999.0 -9999.0 -9999.0 -9999.0 -9999.0 -9999.0 -9999.0 -9999.0 -9999.0 -9999.0 -9999.0 -9999.0 -9999.0 -9999.0 -9999.0 -9999.0 -9999.0 -9999.0 -9999.0 -9999.0 -9999.0 -9999.0 -9999.0 -9999.0 -9999.0 -9999.0 -9999.0
-9999.0 -9999.0 -9999.0 -9999.0 -9999.0 -9999.0 -9999.0 -9999.0 -9999.0 -9999.0 -9999.0 -9999.0 -9999.0 7.947131 4.326858 4.089615 5.409757 14.239260 5.466590 5.031667 4.780497 4.482439 5.257091 7.520401 0.199638 5.059759 0.253088 -0.004893 0.028479 0.743074 -0.037550 4.366443 3.260193 2.469744 3.352824 3.325157 -9999.0 -9999.0 -9999.0 -9999.0 -9999.0 -9999.0 -9999.0 -9999.0 -9999.0 -9999.0 -9999.0 -9999.0 -9999.0 -9999.0 -9999.0 -9999.0 -9999.0 -9999.0 -9999.0 -9999.0 -9999.0 -9999.0 -9999.0 -9999.0 -9999.0 -9999.0 -9999.0
-9999.0 -9999.0 -9999.0 -9999.0 -9999.0 -9999.0 -9999.0 -9999.0 -9999.0 -9999.0 -9999.0 -9999.0 -9999.0 8.602555 5.901338 4.787600 4.585117 13.398645 14.401221 7.045917 4.738986 9.274534 3.347442 2.092612 3.577579 1.909783 3.254203 4.911554 3.685073 -0.019261 -0.017596 2.375278 2.877774 2.132832 2.366364 -9999.0 -9999.0 -9999.0 -9999.0 -9999.0 -9999.0 -9999.0 -9999.0 -9999.0 -9999.0 -9999.0 -9999.0 -9999.0 -9999.0 -9999.0 -9999.0 -9999.0 -9999.0 -9999.0 -9999.0 -9999.0 -9999.0 -9999.0 -9999.0 -9999.0 -9999.0 -9999.0 -9999.0
-9999.0 -9999.0 -9999.0 -9999.0 -9999.0 -9999.0 -9999.0 -9999.0 -9999.0 -9999.0 -9999.0 -9999.0 -9999.0 6.124856 6.420119 7.389127 4.481841 5.260886 14.779615 5.599136 11.186688 4.569649 0.934107 -0.013063 3.787091 3.065709 5.865924 3.457780 1.291919 2.357022 1.816783 2.202736 2.359643 -4.035362 3.252521 -9999.0 -9999.0 -9999.0 -9999.0 -9999.0 -9999.0 -9999.0 -9999.0 -9999.0 -9999.0 -9999.0 -9999.0 -9999.0 -9999.0 -9999.0 -9999.0 -9999.0 -9999.0 -9999.0 -9999.0 -9999.0 -9999.0 -9999.0 -9999.0 -9999.0 -9999.0 -9999.0 -9999.0
-9999.0 -9999.0 -9999.0 -9999.0 -9999.0 -9999.0 -9999.0 -9999.0 -9999.0 -9999.0 -9999.0 -9999.0 4.972607 5.973878 7.069866 5.605478 3.138853 4.799426 14.344933 7.517070 5.264002 1.128177 1.568191 0.230118 -0.044994 3.145969 -1.174392 1.848737 3.130024 2.742882 0.893852 2.609612 0.948344 3.951489 -9999.0 -9999.0 -9999.0 -9999.0 -9999.0 -9999.0 -9999.0 -9999.0 -9999.0 -9999.0 -9999.0 -9999.0 -9999.0 -9999.0 -9999.0 -9999.0 -9999.0 -9999.0 -9999.0 -9999.0 -9999.0 -9999.0 -9999.0 -9999.0 -9999.0 -9999.0 -9999.0 -9999.0 -9999.0
-9999.0 -9999.0 -9999.0 -9999.0 -9999.0 -9999.0 -9999.0 -9999.0 -9999.0 -9999.0 -9999.0 7.530442 6.487054 3.428662 6.681062 10.817928 6.727571 5.119012 14.010977 8.909952 3.433228 4.315333 5.321964 3.864543 1.881523 3.804473 1.414864 2.830078 0.880252 2.871558 2.903279 3.164708 3.275702 3.360044 2.786025 3.838037 1.700396 3.251508 3.494962 -9999.0 -9999.0 -9999.0 3.248188 -9999.0 -9999.0 -9999.0 -9999.0 -9999.0 -9999.0 -9999.0 -9999.0 -9999.0 -9999.0 -9999.0 -9999.0 -9999.0 -9999.0 -9999.0 -9999.0 -9999.0 -9999.0 -9999.0 -9999.0
-9999.0 -9999.0 -9999.0 -9999.0 -9999.0 -9999.0 -9999.0 -9999.0 -9999.0 -9999.0 -9999.0 7.208307 6.273792 8.002243 7.764967 10.049231 8.665514 5.542489 14.092277 10.933433 11.056247 7.688863 4.754416 -0.367356 -0.089323 3.028930 2.504735 3.640421 4.962888 3.424286 2.564616 3.764086 1.156117 0.929689 1.110628 2.636104 4.325075 4.949990 3.778412 3.169334 3.392632 3.469329 2.206828 2.917848 -9999.0 -9999.0 -9999.0 0.717082 0.407322 1.732283 0.351959 1.461967 1.591671 0.313973 0.183094 1.655409 -9999.0 -9999.0 -9999.0 -9999.0 -9999.0 -9999.0 -9999.0
-9999.0 -9999.0 -9999.0 -9999.0 -9999.0 -9999.0 -9999.0 -9999.0 -9999.0 -9999.0 -9999.0 6.829211 7.286492 2.515032 10.222721 10.795026 4.123825 4.349763 12.240530 10.817159 2.754891 1.052133 -0.033327 3.596729 3.020505 4.493001 -0.052403 -1.658749 4.100071 1.222322 3.598824 -0.650151 3.685828 0.875575 2.843622 3.945557 -0.069941 -0.292951 5.964115 3.754047 3.432218 1.717862 3.609719 2.776956 0.623493 -9999.0 3.143485 0.522870 2.115870 3.142620 3.752033 5.116196 2.745067 1.614073 1.690193 0.733331 -9999.0 -9999.0 -9999.0 -9999.0 -9999.0 -9999.0 -9999.0
-9999.0 -9999.0 -9999.0 -9999.0 -9999.0 -9999.0 -9999.0 -9999.0 -9999.0 -9999.0 -9999.0 -9999.0 7.223044 0.808889 9.113360 9.321759 1.280250 3.370827 13.301644 10.586238 2.630780 1.637307 -0.010923 -0.176045 -0.552656 -0.072175 3.431688 4.032546 2.197339 3.101660 2.422009 -0.135975 4.189888 1.615978 1.172651 3.132031 -0.045817 -0.572034 6.675987 5.194842 5.333143 5.674191 -0.030903 4.223557 3.296890 0.584948 2.284028 0.694791 -0.553819 -0.092022 -0.020199 -0.345007 -1.877214 -1.002277 -0.588123 1.855271 0.884411 -9999.0 -9999.0 -9999.0 -9999.0 -9999.0 -9999.0
-9999.0 -9999.0 -9999.0 -9999.0 -9999.0 -9999.0 -9999.0 -9999.0 -9999.0 -9999.0 -9999.0 -0.025925 5.284795 8.472339 0.806427 1.630844 3.101818 2.662744 12.679963 4.572995 2.894889 0.994445 0.391836 -0.054545 -0.046383 -0.670924 -0.140694 1.927699 1.651526 4.758104 -0.067922 -0.191730 4.783215 1.871048 1.040946 2.615219 3.260595 -0.025074 1.068079 6.982635 -0.025360 0.393247 0.078749 0.267047 5.048532 1.976735 3.034698 4.684055 5.320659 -0.012705 -1.018384 2.056705 -1.161698 -4.222901 -4.873797 -3.539041 2.235313 -9999.0 -9999.0 -9999.0 -9999.0 -9999.0 -9999.0
-9999.0 -9999.0 -9999.0 -9999.0 -9999.0 -9999.0 -9999.0 -9999.0 -9999.0 -9999.0 3.589632 -0.018713 5.116614 5.490522 6.828767 0.672528 0.619537 0.150753 3.725364 4.208091 8.352580 6.149460 -0.142863 5.548990 -0.002316 -0.340793 -0.238971 -1.897846 4.208809 4.588120 -0.029299 -0.652817 4.388214 1.704315 3.738076 3.659160 4.191051 -0.031043 -0.099931 1.364736 1.548520 2.671103 8.952502 1.212735 -0.015974 4.881900 3.400783 -0.024190 -0.049565 0.001247 -2.134440 1.795844 -5.323976 0.304338 0.732602 1.503618 1.671453 -9999.0 -9999.0 -9999.0 -9999.0 -9999.0 -9999.0
-9999.0 -9999.0 -9999.0 -9999.0 -9999.0 -9999.0 -9999.0 -9999.0 -9999.0 3.253631 4.323493 -0.016712 0.016693 -0.025675 -0.020199 -0.012850 -0.017641 7.460940 3.656193 4.247717 8.780129 1.082334 0.538063 2.001322 0.999712 -0.849218 -0.645005 4.456830 -0.018276 0.094631 1.050621 -1.043232 3.972765 2.966727 3.528439 3.557168 4.138569 -0.113646 -0.035808 -0.030151 -0.346611 -0.230561 -0.106130 1.792675 1.391082 -0.016804 6.043909 -0.028893 -0.028236 1.096599 -0.238393 2.153200 -4.574684 1.094458 0.926575 -1.663562 -1.002412 2.866901 1.313980 -9999.0 -9999.0 -9999.0 -9999.0
-9999.0 -9999.0 -9999.0 -9999.0 -9999.0 -9999.0 -9999.0 -9999.0 -9999.0 3.400907 3.055637 4.725653 5.058196 0.224203 -0.018751 -0.026124 5.926155 1.929027 4.222387 9.882199 9.451391 9.170638 6.653721 4.726556 -0.468687 -0.134266 -0.024915 -0.001500 1.657058 4.741247 4.165707 -1.424143 3.020619 1.078619 2.206080 3.601590 4.300758 5.546292 3.026609 4.848806 -0.146265 -0.233112 -0.022115 1.946743 2.896516 3.373341 3.071186 1.715286 0.268348 1.347062 -2.307113 -3.073744 0.572978 -0.006944 1.756143 -2.368392 -0.737654 -0.270533 4.071856 -9999.0 -9999.0 -9999.0 -9999.0
-9999.0 -9999.0 -9999.0 -9999.0 -9999.0 -9999.0 -9999.0 -9999.0 -9999.0 -9999.0 2.392782 4.546276 -0.007480 -0.360420 0.811589 -0.017507 0.219635 3.367546 4.999792 6.299730 9.550044 2.891058 -0.017594 -0.237214 -0.050302 -0.015235 1.209941 2.230215 4.093186 -0.997463 -1.332196 -1.496082 -1.358049 1.443476 3.419038 4.710413 4.525693 4.774197 4.368225 2.753372 2.189237 4.397815 4.504237 -0.013857 0.017940 0.007733 1.872902 6.855776 4.730839 1.393873 -1.274097 -0.624556 0.801669 0.415728 -0.008353 0.473758 2.611114 -0.388356 -0.017443 -0.010267 -9999.0 -9999.0 -9999.0
-9999.0 -9999.0 -9999.0 -9999.0 -9999.0 -9999.0 -9999.0 -9999.0 -9999.0 -9999.0 2.060197 3.458910 4.328864 0.111234 5.552520 0.437962 0.044543 2.750961 5.425482 7.065479 3.567230 1.718503 -0.019803 -0.018308 -0.015567 1.722962 2.889205 -0.006129 -0.684297 -1.102635 2.618798 3.757136 -1.293118 1.214450 2.723525 4.870273 -0.271082 -0.022431 -0.375527 1.810294 2.934700 6.843880 -0.026104 4.391245 4.552993 -0.064675 0.032589 -0.009276 3.256955 3.708076 0.951540 -0.308844 -1.865475 0.936556 0.202834 0.406869 0.295818 -0.029920 1.544576 3.013105 -9999.0 -9999.0 -9999.0
-9999.0 -9999.0 -9999.0 -9999.0 -9999.0 -9999.0 -9999.0 -9999.0 3.443697 2.329458 1.527361 3.462710 -0.151450 -0.022030 -0.025179 1.743374 3.085159 9.877465 7.281639 7.458424 5.287974 4.238145 3.388531 1.733678 1.659975 2.031032 5.701651 -0.270472 -0.157742 -1.017010 2.029299 2.669266 2.761791 1.341504 3.055843 3.116223 6.186975 -0.013680 -1.910939 3.829706 4.967121 4.335259 -0.981648 4.098102 5.957119 3.581237 -1.742682 -0.023193 -0.006305 3.416514 1.491945 -0.430664 -0.927786 -3.531023 0.510138 0.917380 3.023445 4.621166 1.766792 4.605578 -9999.0 -9999.0 -9999.0
-9999.0 -9999.0 -9999.0 -9999.0 -9999.0 -9999.0 -9999.0 -9999.0 -1.761171 -0.359989 -0.969819 1.557922 3.044817 -0.885123 -0.356262 -0.005520 2.071140 2.655227 5.635352 7.985904 13.868594 12.558566 12.458499 11.561847 3.548987 3.512809 0.953361 -0.019191 -1.226517 1.752053 0.972387 4.086867 3.268419 4.417152 3.600736 4.154039 7.322596 1.198536 -0.020682 4.167640 2.733116 1.876303 4.607584 4.257585 3.211241 -0.030254 -1.384723 3.672661 -0.017988 1.589473 2.888247 -0.018818 -4.191162 0.422552 2.511186 -1.408678 -0.033652 0.092170 3.759278 6.774522 7.806176 -9999.0 -9999.0
-9999.0 -9999.0 -9999.0 -9999.0 -9999.0 -9999.0 -9999.0 -9999.0 2.636315 2.605250 1.423897 -1.355750 3.331928 -0.875540 -0.028568 -0.265199 0.402924 4.376068 5.570993 13.389021 8.444887 12.541718 12.803948 7.161019 10.050182 3.388829 0.502540 -0.636028 -1.737366 2.722056 4.580845 4.199783 -0.337327 -0.141958 4.768456 6.810676 0.815389 1.891397 -0.019427 -0.024344 4.075351 5.072947 3.695022 2.660280 -0.095387 3.635089 3.651327 2.671664 -0.463767 -0.014455 2.737217 1.308697 -3.188556 -4.053384 -0.020873 0.186132 2.017091 3.529684 6.733152 7.037167 7.494980 -9999.0 -9999.0
-9999.0 -9999.0 -9999.0 -9999.0 -9999.0 -9999.0 -9999.0 -9999.0 1.921520 3.788762 -0.024223 -1.718562 3.155303 -0.133305 -0.305800 0.325673 4.107564 5.366220 9.865090 5.823758 7.872344 8.276685 11.929490 11.146006 3.783888 1.192309 -0.028019 -1.366992 4.270992 -0.035637 -0.027969 -0.019872 0.432759 0.296645 -0.016801 6.095119 8.562839 4.247156 0.893244 -0.003025 4.789788 4.928161 4.840389 6.037828 3.109266 4.945881 4.341813 5.386613 2.825033 -0.034154 -0.008641 2.441669 1.383574 -0.018965 1.594991 2.591353 4.349259 5.001626 5.876139 7.231784 6.266546 2.880494 -9999.0
-9999.0 -9999.0 -9999.0 -9999.0 -9999.0 -9999.0 -9999.0 -9999.0 0.155307 3.054320 -1.057716 -0.997401 -0.433634 -0.160348 4.667936 3.384887 7.081173 2.628794 1.037606 3.034699 4.900062 7.661874 7.884827 7.580833 9.358279 0.424167 -0.495418 -0.016104 0.873159 0.806950 -0.056735 1.245692 3.288382 2.253894 1.508098 2.933511 4.732282 6.228452 5.614113 3.258749 1.781028 1.547525 1.781868 0.658423 -0.030310 5.161405 -0.019078 -0.022972 -0.020504 1.111282 2.594898 1.880132 2.110792 2.799369 3.420512 3.822876 4.518479 5.626517 6.462372 6.666030 4.352401 2.294296 -9999.0
-9999.0 -9999.0 3.771985 3.551733 -2.207518 -0.210121 -1.038942 -1.331778 1.483494 2.311536 -0.177955 -0.538143 -0.058509 0.938950 6.032675 2.519874 -0.015537 -0.643352 -0.024013 0.126032 2.903957 5.620632 7.057496 6.288315 5.691262 2.193370 0.144135 0.417963 2.745058 5.993317 -0.016573 1.029814 8.609246 3.590471 5.932897 4.820734 8.389737 8.492976 7.405481 4.730541 6.121472 6.142261 4.452282 3.803720 0.058971 1.417491 2.649246 1.582916 4.025460 5.067096 5.902361 5.238547 4.224743 3.699633 3.595013 9.273686 4.286886 4.841860 4.822222 3.707190 7.316632 1.511842 -9999.0
-9999.0 -0.025825 -0.085010 -0.037350 -0.152362 -0.126979 -0.749052 -0.868450 -1.706637 1.341456 -1.290694 -0.329086 0.105031 5.369325 4.927916 -0.344622 -0.104788 -0.365417 -0.097144 -0.012509 2.679397 4.442166 9.469775 5.065380 10.466178 5.494347 8.708002 8.916910 6.220400 4.670037 4.816776 4.978008 6.693400 11.668385 8.988598 10.262460 11.912484 11.385781 12.084312 10.471225 9.529433 9.396338 8.737884 5.008741 3.703409 4.093043 5.948089 6.089230 7.770416 6.244832 6.159732 5.004424 4.077157 3.270998 3.193532 2.655589 0.928117 1.287007 2.473747 5.445747 0.691157 1.297304 -9999.0
-9999.0 5.825688 0.034444 -0.007851 3.575946 -0.016731 -1.915266 -1.270414 1.073132 1.207512 -0.719789 -0.681167 0.402807 5.167351 -0.055300 -2.201326 -0.789573 -0.543673 -0.461677 -0.007644 5.788749 2.165535 3.239583 4.050306 10.722091 11.808145 5.606720 7.366630 7.307056 6.571606 6.715925 6.495196 8.466650 9.353002 14.484440 12.357927 19.621982 20.601342 14.961011 13.892644 13.178025 12.139081 11.066363 8.244766 8.097621 7.967860 9.000498 8.691734 8.059223 7.214731 5.284863 2.222165 1.067172 1.637466 0.791843 -0.023366 -0.036254 -0.039402 -0.033215 -0.063881 -0.020614 -9999.0 -9999.0
