user2019/resources/simulation/Vinschgau/output-maps/TL0001N0658.asc
ncols         63
nrows         48
xllcorner     598000.000000
yllcorner     5145000.000000
cellsize      1000.000000
NODATA_value  -9999.0
[rows 0 to 27 of 48, columns 0 to 62 of 63]
-9999.0 -9999.0 -9999.0 -9999.0 -9999.0 -9999.0 -9999.0 -9999.0 -9999.0 -9999.0 -9999.0 -9999.0 -9999.0 -9999.0 -9999.0 -9999.0 -9999.0 -9999.0 -9999.0 -9999.0 -9999.0 -9999.0 -9999.0 -9999.0 -9999.0 -9999.0 -9999.0 -9999.0 -9999.0 -9999.0 -9999.0 -9999.0 -9999.0 -9999.0 -9999.0 -9999.0 -9999.0 -9999.0 -9999.0 -9999.0 -9999.0 -9999.0 -9999.0 -9999.0 -9999.0 -9999.0 -9999.0 -9999.0 -9999.0 -9999.0 -9999.0 -9999.0 -9999.0 -9999.0 -9999.0 -9999.0 -9999.0 -9999.0 -9999.0 -9999.0 -9999.0 -9999.0 -9999.0
-9999.0 -9999.0 -9999.0 -9999.0 -9999.0 -9999.0 -9999.0 -9999.0 -9999.0 -9999.0 -9999.0 -9999.0 -9999.0 -9999.0 -9999.0 -9999.0 -9999.0 -9999.0 -9999.0 -9999.0 -9999.0 -9999.0 -9999.0 -9999.0 -9999.0 -9999.0 -9999.0 8.437775 9.001066 8.786046 7.352443 6.004505 7.668940 -9999.0 -9999.0 -9999.0 -9999.0 -9999.0 -9999.0 -9999.0 -9999.0 -9999.0 -9999.0 -9999.0 -9999.0 -9999.0 -9999.0 -9999.0 -9999.0 -9999.0 -9999.0 -9999.0 -9999.0 -9999.0 -9999.0 -9999.0 -9999.0 -9999.0 -9999.0 -9999.0 -9999.0 -9999.0 -9999.0
-9999.0 -9999.0 -9999.0 -9999.0 -9999.0 -9999.0 -9999.0 -9999.0 -9999.0 -9999.0 -9999.0 -9999.0 -9999.0 -9999.0 -9999.0 -9999.0 -9999.0 -9999.0 -9999.0 -9999.0 -9999.0 -9999.0 -9999.0 -9999.0 9.308308 10.254333 10.564073 10.745014 10.389957 9.428205 6.945154 -9999.0 -9999.0 -9999.0 -9999.0 -9999.0 -9999.0 -9999.0 -9999.0 -9999.0 -9999.0 -9999.0 -9999.0 -9999.0 -9999.0 -9999.0 -9999.0 -9999.0 -9999.0 -9999.0 -9999.0 -9999.0 -9999.0 -9999.0 -9999.0 -9999.0 -9999.0 -9999.0 -9999.0 -9999.0 -9999.0 -9999.0 -9999.0
-9999.0 -9999.0 -9999.0 -9999.0 -9999.0 -9999.0 -9999.0 -9999.0 -9999.0 -9999.0 -9999.0 -9999.0 -9999.0 -9999.0 -9999.0 -9999.0 -9999.0 -9999.0 -9999.0 -9999.0 -9999.0 -9999.0 -9999.0 10.337529 10.821122 12.012074 12.624427 12.541393 11.836124 10.179419 8.451267 6.889355 -9999.0 -9999.0 -9999.0 -9999.0 -9999.0 -9999.0 -9999.0 -9999.0 -9999.0 -9999.0 -9999.0 -9999.0 -9999.0 -9999.0 -9999.0 -9999.0 -9999.0 -9999.0 -9999.0 -9999.0 -9999.0 -9999.0 -9999.0 -9999.0 -9999.0 -9999.0 -9999.0 -9999.0 -9999.0 -9999.0 -9999.0
-9999.0 -9999.0 -9999.0 -9999.0 -9999.0 -9999.0 -9999.0 -9999.0 -9999.0 -9999.0 -9999.0 -9999.0 -9999.0 -9999.0 -9999.0 -9999.0 -9999.0 -9999.0 10.980574 10.045302 -9999.0 9.697841 10.428180 12.084625 12.428628 14.016111 12.178915 12.183835 14.329086 11.888960 9.384544 8.009800 4.534391 6.267519 -9999.0 -9999.0 -9999.0 -9999.0 -9999.0 -9999.0 -9999.0 -9999.0 -9999.0 -9999.0 -9999.0 -9999.0 -9999.0 -9999.0 -9999.0 -9999.0 -9999.0 -9999.0 -9999.0 -9999.0 -9999.0 -9999.0 -9999.0 -9999.0 -9999.0 -9999.0 -9999.0 -9999.0 -9999.0
-9999.0 -9999.0 -9999.0 -9999.0 -9999.0 -9999.0 -9999.0 -9999.0 -9999.0 -9999.0 -9999.0 -9999.0 -9999.0 -9999.0 -9999.0 -9999.0 -9999.0 13.925471 11.627769 10.569334 10.861795 9.960626 11.191596 11.930637 13.969119 10.265559 9.197404 10.126949 9.530554 10.502984 10.678472 9.516219 9.669083 8.186285 4.632840 5.102146 -9999.0 -9999.0 -9999.0 -9999.0 -9999.0 -9999.0 -9999.0 -9999.0 -9999.0 -9999.0 -9999.0 -9999.0 -9999.0 -9999.0 -9999.0 -9999.0 -9999.0 -9999.0 -9999.0 -9999.0 -9999.0 -9999.0 -9999.0 -9999.0 -9999.0 -9999.0 -9999.0
-9999.0 -9999.0 -9999.0 -9999.0 -9999.0 -9999.0 -9999.0 -9999.0 -9999.0 -9999.0 -9999.0 -9999.0 -9999.0 9.889947 10.696774 11.897330 13.348010 17.493353 13.502193 11.872116 12.336058 13.218529 14.001636 13.679413 9.774947 8.371033 8.182003 8.250739 9.375574 9.970976 9.407504 8.481218 7.941290 6.673310 6.280026 2.217711 -9999.0 -9999.0 -9999.0 -9999.0 -9999.0 -9999.0 -9999.0 -9999.0 -9999.0 -9999.0 -9999.0 -9999.0 -9999.0 -9999.0 -9999.0 -9999.0 -9999.0 -9999.0 -9999.0 -9999.0 -9999.0 -9999.0 -9999.0 -9999.0 -9999.0 -9999.0 -9999.0
-9999.0 -9999.0 -9999.0 -9999.0 -9999.0 -9999.0 -9999.0 -9999.0 -9999.0 -9999.0 -9999.0 -9999.0 -9999.0 10.464522 11.688020 12.243421 12.014370 13.814433 17.274895 13.993630 12.770591 12.104405 10.998389 10.801665 11.421135 9.206244 8.376402 7.055030 4.243401 7.405931 7.932057 6.180995 5.677088 4.028085 4.424402 -9999.0 -9999.0 -9999.0 -9999.0 -9999.0 -9999.0 -9999.0 -9999.0 -9999.0 -9999.0 -9999.0 -9999.0 -9999.0 -9999.0 -9999.0 -9999.0 -9999.0 -9999.0 -9999.0 -9999.0 -9999.0 -9999.0 -9999.0 -9999.0 -9999.0 -9999.0 -9999.0 -9999.0
-9999.0 -9999.0 -9999.0 -9999.0 -9999.0 -9999.0 -9999.0 -9999.0 -9999.0 -9999.0 -9999.0 -9999.0 -9999.0 11.730943 12.569586 12.149829 11.557169 12.595650 18.382925 12.950788 11.217720 10.948837 8.984302 9.201413 11.027116 9.241224 8.697141 5.420745 6.619545 5.833729 5.616967 3.069571 3.865723 1.943976 4.907769 -9999.0 -9999.0 -9999.0 -9999.0 -9999.0 -9999.0 -9999.0 -9999.0 -9999.0 -9999.0 -9999.0 -9999.0 -9999.0 -9999.0 -9999.0 -9999.0 -9999.0 -9999.0 -9999.0 -9999.0 -9999.0 -9999.0 -9999.0 -9999.0 -9999.0 -9999.0 -9999.0 -9999.0
-9999.0 -9999.0 -9999.0 -9999.0 -9999.0 -9999.0 -9999.0 -9999.0 -9999.0 -9999.0 -9999.0 -9999.0 11.098489 12.133113 11.739869 9.086606 9.463587 11.852285 15.997317 11.651965 11.099866 9.027067 8.631096 8.826439 9.294432 6.327585 7.920860 6.826130 8.507466 5.331861 3.957904 6.999601 3.504849 4.086177 -9999.0 -9999.0 -9999.0 -9999.0 -9999.0 -9999.0 -9999.0 -9999.0 -9999.0 -9999.0 -9999.0 -9999.0 -9999.0 -9999.0 -9999.0 -9999.0 -9999.0 -9999.0 -9999.0 -9999.0 -9999.0 -9999.0 -9999.0 -9999.0 -9999.0 -9999.0 -9999.0 -9999.0 -9999.0
-9999.0 -9999.0 -9999.0 -9999.0 -9999.0 -9999.0 -9999.0 -9999.0 -9999.0 -9999.0 -9999.0 9.382819 9.447273 9.712268 8.801667 9.221963 8.986451 11.321210 15.827964 11.718643 9.716594 10.151418 8.814783 8.770869 9.134941 7.801280 5.244960 8.799896 7.654462 3.354942 7.177253 10.070218 7.045250 5.557800 6.772065 8.626061 10.169797 11.580097 10.376533 -9999.0 -9999.0 -9999.0 6.866371 -9999.0 -9999.0 -9999.0 -9999.0 -9999.0 -9999.0 -9999.0 -9999.0 -9999.0 -9999.0 -9999.0 -9999.0 -9999.0 -9999.0 -9999.0 -9999.0 -9999.0 -9999.0 -9999.0 -9999.0
-9999.0 -9999.0 -9999.0 -9999.0 -9999.0 -9999.0 -9999.0 -9999.0 -9999.0 -9999.0 -9999.0 7.728543 9.258968 9.958294 9.518604 8.983608 11.328967 12.575348 15.977550 12.889847 11.987293 10.198742 8.977489 6.924729 7.214541 7.547840 8.857000 9.811244 7.871609 3.986466 9.310712 8.832614 4.664388 6.109698 7.829384 10.341565 14.112949 13.588793 11.219156 8.337664 8.889481 8.757159 9.589265 7.205891 -9999.0 -9999.0 -9999.0 6.431192 7.217724 7.144381 6.646574 6.872053 6.745172 6.777184 7.196894 6.135502 -9999.0 -9999.0 -9999.0 -9999.0 -9999.0 -9999.0 -9999.0
-9999.0 -9999.0 -9999.0 -9999.0 -9999.0 -9999.0 -9999.0 -9999.0 -9999.0 -9999.0 -9999.0 8.655479 8.918806 8.416974 9.070616 9.867829 8.829256 10.201649 13.550059 13.919739 10.227887 9.122637 7.861706 8.974626 7.147706 10.510531 8.424482 7.582250 6.371405 5.156602 7.535680 8.099447 9.167685 3.159154 6.875558 12.281897 10.604657 11.248942 14.642300 9.539177 11.262563 10.389193 10.898971 8.938399 3.531412 -9999.0 5.961345 7.582244 9.619266 10.597523 10.893083 10.623634 10.091692 9.564060 9.372546 8.387926 -9999.0 -9999.0 -9999.0 -9999.0 -9999.0 -9999.0 -9999.0
-9999.0 -9999.0 -9999.0 -9999.0 -9999.0 -9999.0 -9999.0 -9999.0 -9999.0 -9999.0 -9999.0 -9999.0 8.654866 7.421742 10.037480 9.893110 8.310027 9.822084 14.462432 13.971054 10.174622 9.746226 9.490706 8.386667 6.556397 8.244982 10.520221 7.316869 7.203789 7.109237 8.923238 8.314077 9.067063 7.369159 6.238148 10.176180 8.973886 11.228210 15.443264 11.870157 14.088318 13.582363 10.114672 10.418008 7.899258 6.620652 7.062972 8.084120 8.020492 9.846737 11.025693 8.655721 9.736645 8.188517 7.583815 7.580798 7.851776 -9999.0 -9999.0 -9999.0 -9999.0 -9999.0 -9999.0
-9999.0 -9999.0 -9999.0 -9999.0 -9999.0 -9999.0 -9999.0 -9999.0 -9999.0 -9999.0 -9999.0 7.060226 8.226466 9.238249 8.418431 8.525169 9.292749 9.681123 14.066973 12.214091 10.521719 9.766316 9.174104 7.813088 8.279841 9.639276 8.119204 6.029885 8.390610 9.249042 8.438856 9.237956 10.014545 6.804608 6.170446 9.366585 9.309839 10.495557 12.508212 15.913212 10.652011 11.848408 11.511982 10.208979 11.034766 7.401609 9.818002 9.988065 10.990756 11.046934 7.268310 7.168471 6.682716 5.934399 4.901423 6.413625 7.815456 -9999.0 -9999.0 -9999.0 -9999.0 -9999.0 -9999.0
-9999.0 -9999.0 -9999.0 -9999.0 -9999.0 -9999.0 -9999.0 -9999.0 -9999.0 -9999.0 10.198841 7.855843 9.297031 10.043156 10.526918 9.551669 8.856872 9.138747 12.087579 12.279339 13.041472 11.224486 8.485124 12.029075 9.932617 8.872162 6.921532 6.052696 10.105073 10.767674 9.868106 8.881821 8.307064 6.124858 4.376285 7.878227 11.698419 9.440976 10.455545 13.447810 13.454350 12.169769 14.201711 11.874467 9.915467 9.671673 10.141709 9.997548 10.895494 10.680091 6.863740 3.337738 4.473211 4.410298 6.364117 9.649035 8.530374 -9999.0 -9999.0 -9999.0 -9999.0 -9999.0 -9999.0
-9999.0 -9999.0 -9999.0 -9999.0 -9999.0 -9999.0 -9999.0 -9999.0 -9999.0 8.005184 9.140985 8.026711 8.699513 7.715904 8.670711 8.197755 8.069544 12.074351 11.746333 12.637228 13.276061 10.292069 9.838301 11.486374 9.906643 7.594027 7.145297 10.911815 9.800099 10.298125 10.575615 7.389166 5.479300 4.238367 6.861601 6.571189 8.972816 8.290661 8.459874 9.930977 10.595516 9.297684 9.341074 12.808832 11.799390 10.553288 12.675457 9.708433 9.989012 11.509172 8.552152 6.829482 3.770466 6.117246 7.296880 7.846949 8.352167 8.946858 7.828189 -9999.0 -9999.0 -9999.0 -9999.0
-9999.0 -9999.0 -9999.0 -9999.0 -9999.0 -9999.0 -9999.0 -9999.0 -9999.0 7.180163 7.860950 9.380858 12.928897 9.245143 8.736618 8.484515 11.265056 10.566847 11.737461 15.902698 15.200894 15.220972 12.032300 10.657376 7.952902 8.545654 9.284520 10.321231 11.901107 10.608921 9.840555 7.178023 7.349541 3.735945 8.598853 10.202847 10.555809 9.967104 8.877502 10.033545 8.058219 7.555337 10.201549 11.747943 12.660227 13.614022 13.297990 12.268173 11.851458 11.398040 7.592830 5.316205 5.479884 6.979611 7.741142 6.861798 8.883341 9.462122 10.159734 -9999.0 -9999.0 -9999.0 -9999.0
-9999.0 -9999.0 -9999.0 -9999.0 -9999.0 -9999.0 -9999.0 -9999.0 -9999.0 -9999.0 7.939030 9.641249 8.806255 9.790781 9.715419 9.127859 9.703820 11.449827 13.136400 14.031478 13.365296 10.835414 9.182894 8.682030 8.843696 10.111979 11.211253 11.872645 9.845195 7.453057 7.216046 7.895470 5.293004 6.596720 9.898487 11.037717 11.451943 9.794180 8.721868 7.448439 7.168437 10.975028 12.166198 9.444875 10.331969 10.548660 11.483174 13.724132 13.824541 11.758876 8.789962 8.448317 3.354481 5.833764 5.982392 8.354992 10.100877 12.150416 12.133158 12.221483 -9999.0 -9999.0 -9999.0
-9999.0 -9999.0 -9999.0 -9999.0 -9999.0 -9999.0 -9999.0 -9999.0 -9999.0 -9999.0 7.940429 8.653371 9.196560 9.346323 14.357866 10.186103 9.910917 11.813640 14.384449 14.279452 12.488899 10.665878 9.497298 9.493667 9.975839 11.728584 12.609889 10.014828 7.801351 5.322951 7.368833 9.432538 6.475724 5.297403 7.864735 9.545463 10.164347 9.250754 7.204335 6.141981 9.006765 10.581077 7.775933 8.920019 10.182683 9.309692 10.104768 10.816826 12.891504 13.799024 11.985116 8.572136 7.520525 7.470910 6.800304 8.921806 8.035660 10.606550 14.111505 14.872253 -9999.0 -9999.0 -9999.0
-9999.0 -9999.0 -9999.0 -9999.0 -9999.0 -9999.0 -9999.0 -9999.0 9.307102 8.523539 9.090728 9.013230 8.175046 8.496767 8.880907 11.518992 12.304220 16.662175 15.095385 14.864842 14.123474 12.994374 11.829011 10.899975 11.719060 12.464285 12.251493 8.257065 7.436494 5.889331 5.484178 7.883709 7.475586 7.073635 8.693166 7.546447 10.844161 9.456654 6.496358 7.983672 8.369570 9.495112 6.491395 7.997053 11.778898 11.846325 7.407416 9.356761 11.310377 14.092896 12.449586 10.360437 8.414330 5.600535 9.170780 10.518413 10.623212 13.559176 13.876996 15.678883 -9999.0 -9999.0 -9999.0
-9999.0 -9999.0 -9999.0 -9999.0 -9999.0 -9999.0 -9999.0 -9999.0 7.907234 8.318235 6.891115 7.528881 8.381262 9.017531 8.516080 9.748375 11.130100 11.791810 14.470355 15.467799 18.614528 17.084610 15.242186 14.676036 13.114352 12.784023 10.805346 8.822488 6.383136 3.699061 7.362515 8.496193 8.172388 8.210277 8.986956 9.941935 12.614464 10.379397 8.304995 8.475731 6.800128 0.960097 7.590340 10.080995 12.003196 8.347135 6.620947 9.637963 10.417346 12.914100 13.936728 11.074086 8.340778 10.204444 12.292922 11.331059 11.361156 12.798584 15.789722 17.484199 17.895926 -9999.0 -9999.0
-9999.0 -9999.0 -9999.0 -9999.0 -9999.0 -9999.0 -9999.0 -9999.0 8.063052 10.529290 9.593888 6.663056 10.207286 7.332845 9.169320 8.967044 10.628452 13.064143 14.666190 18.070224 15.802086 17.604025 17.259738 14.771855 16.341675 11.583553 10.133257 7.817732 6.146564 8.832053 9.165463 10.806835 7.112350 7.611982 10.072680 12.171238 8.376570 11.378984 8.891354 7.779742 7.955120 8.340431 9.202136 9.736604 7.506560 8.465415 9.460081 9.780391 8.296568 11.652000 14.586540 13.147583 9.716196 9.407542 12.665874 13.338197 14.698462 15.957463 17.242841 17.575393 17.502608 -9999.0 -9999.0
-9999.0 -9999.0 -9999.0 -9999.0 -9999.0 -9999.0 -9999.0 -9999.0 7.069076 9.977598 9.067550 6.800449 10.260398 9.010675 9.525795 10.627109 13.175727 14.485629 13.825661 14.639240 15.207651 15.741924 17.620015 16.711576 12.420373 10.187096 8.809344 7.287051 11.315577 9.365139 8.494376 9.186560 10.261632 10.056468 8.412583 11.630407 13.119242 12.563941 9.492704 8.570976 8.574506 9.757529 9.982789 10.615522 9.478336 10.419265 10.533143 10.785819 11.837618 10.905765 12.369695 15.091496 14.178842 13.273128 15.221848 15.555536 16.730993 16.787960 17.594224 17.376598 16.038189 14.195443 -9999.0
-9999.0 -9999.0 -9999.0 -9999.0 -9999.0 -9999.0 -9999.0 -9999.0 8.270020 9.872875 9.062193 8.631303 9.762055 10.354435 13.880962 13.128128 12.929848 11.253732 10.407323 12.014020 13.954995 15.450200 15.463882 15.098709 14.209819 10.026256 8.137696 9.735539 10.619805 10.340779 8.549299 10.520552 12.168045 10.694752 8.655672 9.416152 11.869978 13.860029 13.238545 11.123708 9.985592 9.959723 11.091480 10.231306 8.420865 11.536719 10.294329 11.542835 11.269937 13.352988 14.843196 14.852455 15.460992 16.324518 16.512125 16.543109 16.963287 17.078629 16.957001 16.050796 15.161664 13.451497 -9999.0
-9999.0 -9999.0 9.077515 9.376888 7.529150 7.811280 8.025016 7.203799 8.793766 9.040334 8.565658 10.536041 10.591989 12.410530 16.093166 12.221825 10.048779 8.179954 8.820107 9.876451 12.122079 14.850261 15.174714 15.278069 13.724815 11.632548 10.252930 10.141106 11.298907 12.537832 9.545948 10.071823 14.571397 11.562126 12.818309 12.722353 14.701824 15.301895 14.475021 12.311321 12.949481 13.145324 12.546147 12.159391 10.283085 11.314408 12.700419 12.271846 14.435246 15.909714 17.039092 17.195997 16.915399 16.827035 16.642306 18.933845 16.130576 15.977077 15.114104 14.743835 14.362349 12.570229 -9999.0
-9999.0 8.211012 8.210283 8.032312 8.237268 8.588728 7.789484 6.437686 5.957119 8.087402 8.172542 9.412265 11.732349 14.505074 13.453438 9.807277 8.370849 7.403613 9.056482 9.858419 12.210003 13.164521 16.448455 14.546168 16.782173 14.013261 15.862498 16.352478 13.280251 12.469738 13.030889 12.934924 13.159220 16.026317 14.794366 15.854180 16.943564 17.477854 17.073047 16.140032 15.650879 15.323079 14.628677 13.116188 12.665888 13.350061 14.973145 15.572469 17.166436 17.697505 16.475499 16.205098 15.697456 15.572015 15.483679 14.853350 13.823545 13.819199 13.512112 13.160336 12.105322 12.377450 -9999.0
-9999.0 9.981063 9.179305 9.239840 11.061438 8.849885 6.673042 6.583880 8.366904 7.756061 8.162520 9.213867 11.747060 13.798113 10.425999 7.880341 7.136378 8.149014 10.046594 10.053460 12.261272 11.554851 12.861002 13.942132 17.064710 18.051862 15.181255 15.573841 15.144442 14.742885 15.886510 15.384554 14.432632 15.002462 17.556660 17.655316 21.862774 22.923320 18.914199 18.699500 18.045539 16.932214 16.067292 16.495210 17.402333 17.748978 17.752785 17.502755 16.290252 16.173834 15.034086 14.152772 13.844652 14.651996 13.881116 12.170699 12.356147 11.450379 11.312476 10.661499 10.896192 -9999.0 -9999.0
