user2019/resources/simulation/Vinschgau/output-maps/TL0001N0520.asc
ncols         63
nrows         48
xllcorner     598000.000000
yllcorner     5145000.000000
cellsize      1000.000000
NODATA_value  -9999.0
[rows 0 to 28 of 48, columns 0 to 62 of 63]
-9999.0 -9999.0 -9999.0 -9999.0 -9999.0 -9999.0 -9999.0 -9999.0 -9999.0 -9999.0 -9999.0 -9999.0 -9999.0 -9999.0 -9999.0 -9999.0 -9999.0 -9999.0 -9999.0 -9999.0 -9999.0 -9999.0 -9999.0 -9999.0 -9999.0 -9999.0 -9999.0 -9999.0 -9999.0 -9999.0 -9999.0 -9999.0 -9999.0 -9999.0 -9999.0 -9999.0 -9999.0 -9999.0 -9999.0 -9999.0 -9999.0 -9999.0 -9999.0 -9999.0 -9999.0 -9999.0 -9999.0 -9999.0 -9999.0 -9999.0 -9999.0 -9999.0 -9999.0 -9999.0 -9999.0 -9999.0 -9999.0 -9999.0 -9999.0 -9999.0 -9999.0 -9999.0 -9999.0
-9999.0 -9999.0 -9999.0 -9999.0 -9999.0 -9999.0 -9999.0 -9999.0 -9999.0 -9999.0 -9999.0 -9999.0 -9999.0 -9999.0 -9999.0 -9999.0 -9999.0 -9999.0 -9999.0 -9999.0 -9999.0 -9999.0 -9999.0 -9999.0 -9999.0 -9999.0 -9999.0 9.652827 8.137313 8.660476 6.653666 7.030217 5.462542 -9999.0 -9999.0 -9999.0 -9999.0 -9999.0 -9999.0 -9999.0 -9999.0 -9999.0 -9999.0 -9999.0 -9999.0 -9999.0 -9999.0 -9999.0 -9999.0 -9999.0 -9999.0 -9999.0 -9999.0 -9999.0 -9999.0 -9999.0 -9999.0 -9999.0 -9999.0 -9999.0 -9999.0 -9999.0 -9999.0
-9999.0 -9999.0 -9999.0 -9999.0 -9999.0 -9999.0 -9999.0 -9999.0 -9999.0 -9999.0 -9999.0 -9999.0 -9999.0 -9999.0 -9999.0 -9999.0 -9999.0 -9999.0 -9999.0 -9999.0 -9999.0 -9999.0 -9999.0 -9999.0 8.492481 8.911860 8.520809 9.026707 7.122889 6.195828 6.396558 -9999.0 -9999.0 -9999.0 -9999.0 -9999.0 -9999.0 -9999.0 -9999.0 -9999.0 -9999.0 -9999.0 -9999.0 -9999.0 -9999.0 -9999.0 -9999.0 -9999.0 -9999.0 -9999.0 -9999.0 -9999.0 -9999.0 -9999.0 -9999.0 -9999.0 -9999.0 -9999.0 -9999.0 -9999.0 -9999.0 -9999.0 -9999.0
-9999.0 -9999.0 -9999.0 -9999.0 -9999.0 -9999.0 -9999.0 -9999.0 -9999.0 -9999.0 -9999.0 -9999.0 -9999.0 -9999.0 -9999.0 -9999.0 -9999.0 -9999.0 -9999.0 -9999.0 -9999.0 -9999.0 -9999.0 9.121162 9.454157 8.600088 8.811234 8.846585 4.970145 7.750938 6.731768 6.099264 -9999.0 -9999.0 -9999.0 -9999.0 -9999.0 -9999.0 -9999.0 -9999.0 -9999.0 -9999.0 -9999.0 -9999.0 -9999.0 -9999.0 -9999.0 -9999.0 -9999.0 -9999.0 -9999.0 -9999.0 -9999.0 -9999.0 -9999.0 -9999.0 -9999.0 -9999.0 -9999.0 -9999.0 -9999.0 -9999.0 -9999.0
-9999.0 -9999.0 -9999.0 -9999.0 -9999.0 -9999.0 -9999.0 -9999.0 -9999.0 -9999.0 -9999.0 -9999.0 -9999.0 -9999.0 -9999.0 -9999.0 -9999.0 -9999.0 8.623412 7.214595 -9999.0 9.090014 9.305808 7.903156 8.707645 11.430167 10.823828 10.518876 8.517894 7.394808 7.644841 6.766459 7.314805 4.966512 -9999.0 -9999.0 -9999.0 -9999.0 -9999.0 -9999.0 -9999.0 -9999.0 -9999.0 -9999.0 -9999.0 -9999.0 -9999.0 -9999.0 -9999.0 -9999.0 -9999.0 -9999.0 -9999.0 -9999.0 -9999.0 -9999.0 -9999.0 -9999.0 -9999.0 -9999.0 -9999.0 -9999.0 -9999.0
-9999.0 -9999.0 -9999.0 -9999.0 -9999.0 -9999.0 -9999.0 -9999.0 -9999.0 -9999.0 -9999.0 -9999.0 -9999.0 -9999.0 -9999.0 -9999.0 -9999.0 8.725703 6.045888 8.834466 8.675541 6.550024 7.279880 9.578826 11.327452 5.034804 3.513758 5.927489 3.617878 6.719002 6.476747 5.860681 5.501890 8.004582 6.467536 5.192853 -9999.0 -9999.0 -9999.0 -9999.0 -9999.0 -9999.0 -9999.0 -9999.0 -9999.0 -9999.0 -9999.0 -9999.0 -9999.0 -9999.0 -9999.0 -9999.0 -9999.0 -9999.0 -9999.0 -9999.0 -9999.0 -9999.0 -9999.0 -9999.0 -9999.0 -9999.0 -9999.0
-9999.0 -9999.0 -9999.0 -9999.0 -9999.0 -9999.0 -9999.0 -9999.0 -9999.0 -9999.0 -9999.0 -9999.0 -9999.0 8.900196 6.712762 6.161921 7.877957 17.595332 8.437273 7.605460 8.519744 9.944372 11.688729 11.329155 4.868918 7.315286 6.368603 5.278617 5.473068 5.928450 4.319324 5.416669 4.790620 4.034008 3.311322 4.061462 -9999.0 -9999.0 -9999.0 -9999.0 -9999.0 -9999.0 -9999.0 -9999.0 -9999.0 -9999.0 -9999.0 -9999.0 -9999.0 -9999.0 -9999.0 -9999.0 -9999.0 -9999.0 -9999.0 -9999.0 -9999.0 -9999.0 -9999.0 -9999.0 -9999.0 -9999.0 -9999.0
-9999.0 -9999.0 -9999.0 -9999.0 -9999.0 -9999.0 -9999.0 -9999.0 -9999.0 -9999.0 -9999.0 -9999.0 -9999.0 9.212461 7.453526 6.540287 6.338745 12.920204 16.940324 11.291903 7.764656 11.004965 6.244951 5.679585 7.415457 5.868718 6.572531 8.002229 9.037936 4.649194 4.419169 5.533880 6.422148 1.699743 2.584667 -9999.0 -9999.0 -9999.0 -9999.0 -9999.0 -9999.0 -9999.0 -9999.0 -9999.0 -9999.0 -9999.0 -9999.0 -9999.0 -9999.0 -9999.0 -9999.0 -9999.0 -9999.0 -9999.0 -9999.0 -9999.0 -9999.0 -9999.0 -9999.0 -9999.0 -9999.0 -9999.0 -9999.0
-9999.0 -9999.0 -9999.0 -9999.0 -9999.0 -9999.0 -9999.0 -9999.0 -9999.0 -9999.0 -9999.0 -9999.0 -9999.0 7.323311 8.620545 8.121559 5.661442 6.880210 17.533196 7.998422 10.204752 8.065559 4.257395 4.133024 7.079157 6.387180 8.976666 7.522792 7.060495 7.448291 4.998106 3.382618 0.738197 -3.037890 1.677846 -9999.0 -9999.0 -9999.0 -9999.0 -9999.0 -9999.0 -9999.0 -9999.0 -9999.0 -9999.0 -9999.0 -9999.0 -9999.0 -9999.0 -9999.0 -9999.0 -9999.0 -9999.0 -9999.0 -9999.0 -9999.0 -9999.0 -9999.0 -9999.0 -9999.0 -9999.0 -9999.0 -9999.0
-9999.0 -9999.0 -9999.0 -9999.0 -9999.0 -9999.0 -9999.0 -9999.0 -9999.0 -9999.0 -9999.0 -9999.0 6.738217 8.139743 6.979985 5.745084 3.570240 5.853798 13.979655 9.985448 7.813141 5.251532 5.437585 5.744102 4.720189 5.652189 3.432162 6.168587 5.475274 6.590275 3.505356 8.167655 2.888735 3.344203 -9999.0 -9999.0 -9999.0 -9999.0 -9999.0 -9999.0 -9999.0 -9999.0 -9999.0 -9999.0 -9999.0 -9999.0 -9999.0 -9999.0 -9999.0 -9999.0 -9999.0 -9999.0 -9999.0 -9999.0 -9999.0 -9999.0 -9999.0 -9999.0 -9999.0 -9999.0 -9999.0 -9999.0 -9999.0
-9999.0 -9999.0 -9999.0 -9999.0 -9999.0 -9999.0 -9999.0 -9999.0 -9999.0 -9999.0 -9999.0 8.124066 5.645865 4.602297 5.005481 7.739955 6.489260 5.004880 13.155817 6.974014 4.853138 6.975073 7.783320 8.496034 4.789855 7.262259 5.488878 8.324522 4.554981 4.496040 8.662133 6.793690 3.819423 5.594282 7.508760 7.874953 8.300389 9.391216 9.433004 -9999.0 -9999.0 -9999.0 6.694379 -9999.0 -9999.0 -9999.0 -9999.0 -9999.0 -9999.0 -9999.0 -9999.0 -9999.0 -9999.0 -9999.0 -9999.0 -9999.0 -9999.0 -9999.0 -9999.0 -9999.0 -9999.0 -9999.0 -9999.0
-9999.0 -9999.0 -9999.0 -9999.0 -9999.0 -9999.0 -9999.0 -9999.0 -9999.0 -9999.0 -9999.0 5.963888 5.968287 4.770614 5.819423 6.849841 7.514726 6.256925 13.628407 10.761922 10.224690 8.447312 7.803911 3.148270 2.630615 7.389366 8.542674 8.556032 5.384246 5.444891 8.233707 4.874615 5.415698 5.275489 5.734797 7.308882 12.470298 10.780463 7.814273 6.802452 6.817781 7.127208 7.313487 7.050009 -9999.0 -9999.0 -9999.0 6.295124 8.069526 8.641655 7.372708 9.434752 9.550486 7.050518 7.559456 8.231192 -9999.0 -9999.0 -9999.0 -9999.0 -9999.0 -9999.0 -9999.0
-9999.0 -9999.0 -9999.0 -9999.0 -9999.0 -9999.0 -9999.0 -9999.0 -9999.0 -9999.0 -9999.0 7.031029 7.843612 3.133718 7.116946 8.162546 3.906168 3.936633 11.236412 11.122297 4.575692 5.224527 3.745569 8.365961 7.414904 10.609613 4.592678 2.818452 7.539597 5.429874 9.581284 2.534872 7.190042 4.275803 8.234120 9.648363 6.465701 6.358582 10.200224 7.746346 9.357973 7.870319 8.368016 6.851054 5.177957 -9999.0 8.357347 7.190727 8.347864 8.950486 8.872404 8.933555 8.554660 8.302724 8.005449 8.988081 -9999.0 -9999.0 -9999.0 -9999.0 -9999.0 -9999.0 -9999.0
-9999.0 -9999.0 -9999.0 -9999.0 -9999.0 -9999.0 -9999.0 -9999.0 -9999.0 -9999.0 -9999.0 -9999.0 7.332038 2.147972 7.308109 8.247139 1.802870 3.894681 11.173426 11.204489 4.884806 5.954013 4.894305 4.418325 2.809859 4.648160 6.958923 7.058242 7.061469 9.729949 8.447281 2.944699 7.713677 6.295449 6.081518 8.262162 5.613440 7.165597 11.549821 8.493102 13.109976 12.138628 4.670267 7.836807 7.945129 6.245765 8.326112 7.388613 3.506240 4.959727 5.838305 3.582717 4.232154 3.417834 1.735540 7.317205 7.424060 -9999.0 -9999.0 -9999.0 -9999.0 -9999.0 -9999.0
-9999.0 -9999.0 -9999.0 -9999.0 -9999.0 -9999.0 -9999.0 -9999.0 -9999.0 -9999.0 -9999.0 2.427970 8.045084 8.299396 3.131557 3.190507 4.869859 3.960234 11.936078 6.703293 5.390638 3.909529 4.855027 3.900482 4.843162 5.219207 4.419245 6.442504 8.370986 10.893940 4.349630 3.845716 7.556353 5.628126 5.857833 7.542761 10.258373 7.041944 8.116326 12.006716 7.531071 8.040384 6.649780 6.351912 8.075277 5.864094 6.778005 9.945505 11.281030 6.448174 3.878185 7.370688 1.183874 1.007712 0.289359 8.925879 8.481445 -9999.0 -9999.0 -9999.0 -9999.0 -9999.0 -9999.0
-9999.0 -9999.0 -9999.0 -9999.0 -9999.0 -9999.0 -9999.0 -9999.0 -9999.0 -9999.0 7.976481 3.810212 7.954847 8.652740 9.449219 4.645945 4.302052 3.535529 6.990197 7.255206 10.052053 8.497054 3.193467 10.816554 6.555932 4.560981 3.675238 3.624125 9.412732 9.775392 4.900187 3.834740 7.018907 5.383514 4.555535 9.227690 9.887160 6.195978 4.989807 8.436038 9.401355 9.700590 15.367949 5.543560 4.898261 7.635944 8.718745 4.977889 5.011974 5.494686 3.163806 9.337619 0.147419 7.168548 9.662067 10.137963 7.338245 -9999.0 -9999.0 -9999.0 -9999.0 -9999.0 -9999.0
-9999.0 -9999.0 -9999.0 -9999.0 -9999.0 -9999.0 -9999.0 -9999.0 -9999.0 9.492003 8.585719 3.847457 3.980152 3.174822 4.049816 3.754354 4.477748 11.413979 6.784796 8.095118 11.699479 5.585073 5.142538 7.818114 6.592312 2.623512 3.197984 10.249644 6.157689 6.663698 6.295256 1.743887 6.955688 6.391242 8.202413 9.231677 7.861000 3.392129 4.436122 5.234417 4.726979 3.804607 3.871889 7.248171 5.282566 5.284906 9.941884 4.705417 5.402911 6.438525 3.173913 6.143126 4.033875 9.583527 10.525889 0.619380 1.902460 9.273199 8.550971 -9999.0 -9999.0 -9999.0 -9999.0
-9999.0 -9999.0 -9999.0 -9999.0 -9999.0 -9999.0 -9999.0 -9999.0 -9999.0 6.924762 7.808672 9.239835 10.155500 5.605502 4.732988 4.674936 10.680305 7.363232 7.527054 14.824544 13.911230 13.435641 11.015537 9.672745 3.109487 5.184775 5.789576 7.025488 8.287055 9.534717 8.330838 1.768231 7.012770 5.722731 7.839387 9.206707 9.735078 10.452137 8.134542 8.882075 3.745694 3.730930 5.709574 7.381376 6.779367 8.536478 8.128129 7.235509 7.016253 6.469893 1.731225 0.731771 8.218392 8.427973 7.839979 0.356586 4.603159 4.733323 9.731100 -9999.0 -9999.0 -9999.0 -9999.0
-9999.0 -9999.0 -9999.0 -9999.0 -9999.0 -9999.0 -9999.0 -9999.0 -9999.0 -9999.0 9.634487 9.107541 5.705521 4.015719 6.296869 5.131738 6.575243 8.491588 8.472070 10.763135 13.080494 6.474112 4.495654 3.788554 5.528540 7.044660 8.135553 8.208115 8.610405 2.650480 2.340691 3.245589 1.854660 7.748964 8.692300 7.824650 9.434123 7.408305 7.688142 7.301755 8.350018 10.031583 9.200540 5.300592 4.235229 4.581741 5.604093 11.975756 8.814205 6.972312 2.897950 3.567184 7.605704 8.766997 7.914827 9.992542 9.607370 7.375188 7.143918 7.847408 -9999.0 -9999.0 -9999.0
-9999.0 -9999.0 -9999.0 -9999.0 -9999.0 -9999.0 -9999.0 -9999.0 -9999.0 -9999.0 9.692870 8.976829 9.247202 5.734440 12.444017 5.225363 5.223401 7.494605 10.486672 10.871924 8.385408 6.255353 4.536317 5.631722 6.888175 8.941206 9.218356 5.421482 3.073216 2.280737 8.196470 7.862695 1.892564 6.989098 8.279845 7.420506 4.681872 4.721855 2.845901 7.548134 8.492122 7.858798 3.272577 8.875475 9.281293 3.345671 5.995944 4.863358 6.971153 9.125402 6.521640 4.357463 0.326455 8.412545 6.611396 8.951134 8.516754 6.997078 7.627014 9.658095 -9999.0 -9999.0 -9999.0
-9999.0 -9999.0 -9999.0 -9999.0 -9999.0 -9999.0 -9999.0 -9999.0 8.511688 9.142751 10.236108 8.883587 4.728255 4.947245 3.807189 7.026636 7.903305 15.472993 12.205755 11.787276 10.733857 9.459492 8.005084 6.150562 8.233881 8.395436 11.407430 3.950320 4.495892 2.682325 10.299553 8.988516 8.302372 9.451804 8.531985 8.979669 10.549170 4.803051 0.821926 8.610275 10.601248 7.661111 3.239874 10.546071 11.565615 9.170929 1.763232 5.561993 5.456558 9.922621 7.204248 4.115175 3.910158 2.370827 9.727417 9.657295 11.557597 12.190913 9.553813 9.382962 -9999.0 -9999.0 -9999.0
-9999.0 -9999.0 -9999.0 -9999.0 -9999.0 -9999.0 -9999.0 -9999.0 4.782764 4.710957 2.218731 9.748692 9.227644 5.887400 4.174206 5.749655 6.718293 7.581454 10.902189 12.776229 19.092573 16.877721 14.023531 12.821199 9.317678 8.347709 6.376970 5.808407 4.186160 8.483872 9.635828 10.678113 7.907240 11.394426 9.996795 10.499712 9.643504 5.316692 4.378040 9.212845 8.468580 7.705910 11.053721 10.879998 8.757067 4.335114 1.396248 10.595240 6.569514 7.222709 9.325735 6.828022 2.713316 9.570362 10.656478 6.421331 7.166462 8.668668 11.243199 13.135435 13.653431 -9999.0 -9999.0
-9999.0 -9999.0 -9999.0 -9999.0 -9999.0 -9999.0 -9999.0 -9999.0 9.805232 9.441323 8.108015 2.857484 8.897692 3.246682 6.560185 4.610798 6.382735 10.254931 11.696545 18.827957 13.386463 18.169091 17.476284 12.194878 14.852409 7.516357 5.725337 3.389149 3.963467 8.871899 11.221011 8.669362 3.474980 4.023067 9.908930 9.223397 5.403595 5.678894 3.335670 3.989310 9.099975 11.638562 10.084513 9.038322 3.608225 9.221572 10.610593 10.710809 4.935143 5.975704 8.827900 8.575846 3.918165 3.644923 8.351862 8.633636 10.217142 11.214678 12.015943 12.293566 13.212775 -9999.0 -9999.0
-9999.0 -9999.0 -9999.0 -9999.0 -9999.0 -9999.0 -9999.0 -9999.0 11.244651 10.538746 5.729909 4.779670 8.781409 5.962680 5.750868 6.930765 9.005158 10.893157 13.704411 11.569597 12.813498 13.389707 18.390437 16.901355 9.130654 6.300157 4.498255 2.946411 10.358810 6.054818 5.368799 5.547527 5.839880 5.578504 4.739172 10.294102 12.009600 7.276738 4.562002 4.733769 8.981908 9.964163 9.993777 10.567617 9.575214 11.682289 10.451120 11.466375 11.796057 6.688565 6.697349 9.231099 9.517125 8.681117 10.530877 11.040167 11.517895 10.120259 11.180729 13.101589 11.815231 8.601014 -9999.0
-9999.0 -9999.0 -9999.0 -9999.0 -9999.0 -9999.0 -9999.0 -9999.0 9.822023 10.488807 7.033193 5.174454 5.907597 6.814169 13.337673 10.812567 12.476190 7.751480 6.332671 7.999894 10.856906 13.150389 13.198565 12.749601 13.849424 6.109965 3.793404 6.962846 7.635098 6.324413 3.895941 7.425526 8.083639 6.500062 6.447450 7.361729 8.563281 8.753590 7.292307 7.570863 6.385146 6.587257 6.368051 6.045780 4.134751 10.339549 6.231122 6.820133 6.988451 8.775297 10.208034 8.808452 9.419254 11.492551 11.592710 11.553195 12.465625 12.688829 11.847613 11.901084 9.584582 8.017131 -9999.0
-9999.0 -9999.0 9.827842 10.332004 4.562177 3.594626 4.922529 1.213728 9.824328 9.859706 7.173107 6.729852 7.078059 9.957858 15.105096 9.929397 6.515135 4.425494 6.679603 6.315980 8.528372 11.015694 12.571272 12.833689 10.945943 8.088662 6.296593 6.305799 7.171280 11.041210 4.960474 5.614584 12.293376 6.687373 9.315091 7.637596 11.330174 10.206339 8.817983 6.947627 9.317231 9.359889 6.464418 8.308166 4.643531 7.352989 8.713979 6.677696 9.859540 11.231486 12.380853 12.550449 12.278212 12.209849 12.143853 16.192377 11.319340 11.577305 11.007344 9.167864 12.388009 7.276033 -9999.0
-9999.0 5.711782 5.611059 5.523304 5.514159 5.631811 4.937814 1.034181 0.851680 9.944466 6.263085 6.332525 8.341954 13.453651 12.975355 6.683325 6.543839 5.435372 6.525204 6.481461 9.150631 9.092395 13.483346 11.265114 17.417767 11.556365 15.028568 15.875709 10.171337 9.585836 9.758293 9.649609 9.395541 13.256439 11.712813 12.734692 13.905666 12.432712 13.484287 12.460407 12.029842 11.092201 10.239271 7.712122 7.232454 7.713370 10.698775 9.535007 12.091409 11.141381 12.304462 12.017933 10.961321 10.751351 10.700205 10.484765 7.894987 8.040420 9.574151 11.427386 6.794869 7.195690 -9999.0
-9999.0 9.648243 6.222555 6.193186 9.911889 5.894582 3.098533 1.272606 9.404482 9.994793 6.113382 6.113770 8.467084 13.478804 7.210451 4.812102 5.327967 6.136369 7.577281 5.892518 11.562903 7.971028 9.166302 11.900564 17.099396 19.093232 12.312282 13.515031 12.168608 10.956502 12.375819 11.734664 10.621040 11.162138 14.880623 13.408504 20.460088 20.744088 15.166389 15.279061 13.635131 12.790470 11.871108 11.054626 12.259306 12.417655 12.989784 12.878023 12.413873 12.227602 10.921349 8.288689 8.021739 8.411281 7.978952 6.335727 6.345728 5.917448 5.849419 5.329485 5.708380 -9999.0 -9999.0
-9999.0 10.313980 6.111899 4.896604 6.232247 9.683595 9.863615 3.990852 5.590225 6.210254 7.520255 7.509315 11.201926 11.311624 5.723117 4.015653 5.257318 5.708223 4.452072 5.711678 6.348014 7.344573 9.576718 16.566909 16.209769 12.004996 11.909088 11.861832 12.655542 12.120965 13.298247 14.256749 12.517544 11.569610 13.432983 14.434105 15.157118 20.513499 15.740163 15.645126 15.095679 18.534667 13.747107 14.281296 14.110628 12.729993 11.998839 10.533349 10.369244 7.737353 7.259365 9.930100 6.377293 8.362642 5.735706 4.795882 4.624544 4.086551 4.105313 -9999.0 -9999.0 -9999.0 -9999.0
