user2019/resources/simulation/Vinschgau/output-maps/TL0004N0499.asc
ncols         63
nrows         48
xllcorner     598000.000000
yllcorner     5145000.000000
cellsize      1000.000000
NODATA_value  -9999.0
[rows 0 to 27 of 48, columns 0 to 62 of 63]
-9999.0 -9999.0 -9999.0 -9999.0 -9999.0 -9999.0 -9999.0 -9999.0 -9999.0 -9999.0 -9999.0 -9999.0 -9999.0 -9999.0 -9999.0 -9999.0 -9999.0 -9999.0 -9999.0 -9999.0 -9999.0 -9999.0 -9999.0 -9999.0 -9999.0 -9999.0 -9999.0 -9999.0 -9999.0 -9999.0 -9999.0 -9999.0 -9999.0 -9999.0 -9999.0 -9999.0 -9999.0 -9999.0 -9999.0 -9999.0 -9999.0 -9999.0 -9999.0 -9999.0 -9999.0 -9999.0 -9999.0 -9999.0 -9999.0 -9999.0 -9999.0 -9999.0 -9999.0 -9999.0 -9999.0 -9999.0 -9999.0 -9999.0 -9999.0 -9999.0 -9999.0 -9999.0 -9999.0
-9999.0 -9999.0 -9999.0 -9999.0 -9999.0 -9999.0 -9999.0 -9999.0 -9999.0 -9999.0 -9999.0 -9999.0 -9999.0 -9999.0 -9999.0 -9999.0 -9999.0 -9999.0 -9999.0 -9999.0 -9999.0 -9999.0 -9999.0 -9999.0 -9999.0 -9999.0 -9999.0 11.325573 11.615277 11.396011 10.691418 10.204685 10.816757 -9999.0 -9999.0 -9999.0 -9999.0 -9999.0 -9999.0 -9999.0 -9999.0 -9999.0 -9999.0 -9999.0 -9999.0 -9999.0 -9999.0 -9999.0 -9999.0 -9999.0 -9999.0 -9999.0 -9999.0 -9999.0 -9999.0 -9999.0 -9999.0 -9999.0 -9999.0 -9999.0 -9999.0 -9999.0 -9999.0
-9999.0 -9999.0 -9999.0 -9999.0 -9999.0 -9999.0 -9999.0 -9999.0 -9999.0 -9999.0 -9999.0 -9999.0 -9999.0 -9999.0 -9999.0 -9999.0 -9999.0 -9999.0 -9999.0 -9999.0 -9999.0 -9999.0 -9999.0 -9999.0 12.156719 12.328667 12.432263 12.152653 12.569685 11.937573 10.267916 -9999.0 -9999.0 -9999.0 -9999.0 -9999.0 -9999.0 -9999.0 -9999.0 -9999.0 -9999.0 -9999.0 -9999.0 -9999.0 -9999.0 -9999.0 -9999.0 -9999.0 -9999.0 -9999.0 -9999.0 -9999.0 -9999.0 -9999.0 -9999.0 -9999.0 -9999.0 -9999.0 -9999.0 -9999.0 -9999.0 -9999.0 -9999.0
-9999.0 -9999.0 -9999.0 -9999.0 -9999.0 -9999.0 -9999.0 -9999.0 -9999.0 -9999.0 -9999.0 -9999.0 -9999.0 -9999.0 -9999.0 -9999.0 -9999.0 -9999.0 -9999.0 -9999.0 -9999.0 -9999.0 -9999.0 12.456808 13.201980 12.057504 12.292587 12.064194 9.900504 11.748855 10.509739 9.747549 -9999.0 -9999.0 -9999.0 -9999.0 -9999.0 -9999.0 -9999.0 -9999.0 -9999.0 -9999.0 -9999.0 -9999.0 -9999.0 -9999.0 -9999.0 -9999.0 -9999.0 -9999.0 -9999.0 -9999.0 -9999.0 -9999.0 -9999.0 -9999.0 -9999.0 -9999.0 -9999.0 -9999.0 -9999.0 -9999.0 -9999.0
-9999.0 -9999.0 -9999.0 -9999.0 -9999.0 -9999.0 -9999.0 -9999.0 -9999.0 -9999.0 -9999.0 -9999.0 -9999.0 -9999.0 -9999.0 -9999.0 -9999.0 -9999.0 14.072945 11.910516 -9999.0 12.566200 13.078279 12.250396 12.659498 13.802448 15.512877 15.335278 13.002165 11.609978 11.499439 10.515921 9.349516 7.499091 -9999.0 -9999.0 -9999.0 -9999.0 -9999.0 -9999.0 -9999.0 -9999.0 -9999.0 -9999.0 -9999.0 -9999.0 -9999.0 -9999.0 -9999.0 -9999.0 -9999.0 -9999.0 -9999.0 -9999.0 -9999.0 -9999.0 -9999.0 -9999.0 -9999.0 -9999.0 -9999.0 -9999.0 -9999.0
-9999.0 -9999.0 -9999.0 -9999.0 -9999.0 -9999.0 -9999.0 -9999.0 -9999.0 -9999.0 -9999.0 -9999.0 -9999.0 -9999.0 -9999.0 -9999.0 -9999.0 12.859652 11.308782 10.810382 12.135830 10.447113 11.447862 12.781502 16.166209 9.699112 8.235833 9.039947 7.458017 11.040891 12.600009 11.532803 11.262295 10.015042 8.664380 7.628278 -9999.0 -9999.0 -9999.0 -9999.0 -9999.0 -9999.0 -9999.0 -9999.0 -9999.0 -9999.0 -9999.0 -9999.0 -9999.0 -9999.0 -9999.0 -9999.0 -9999.0 -9999.0 -9999.0 -9999.0 -9999.0 -9999.0 -9999.0 -9999.0 -9999.0 -9999.0 -9999.0
-9999.0 -9999.0 -9999.0 -9999.0 -9999.0 -9999.0 -9999.0 -9999.0 -9999.0 -9999.0 -9999.0 -9999.0 -9999.0 12.736164 10.040835 10.884548 12.168704 22.557350 12.560188 12.294118 12.903955 13.497605 14.388017 16.219185 9.580684 12.129864 8.030252 8.541989 8.037423 8.517926 8.947856 11.373018 10.559975 9.854065 9.302596 6.454304 -9999.0 -9999.0 -9999.0 -9999.0 -9999.0 -9999.0 -9999.0 -9999.0 -9999.0 -9999.0 -9999.0 -9999.0 -9999.0 -9999.0 -9999.0 -9999.0 -9999.0 -9999.0 -9999.0 -9999.0 -9999.0 -9999.0 -9999.0 -9999.0 -9999.0 -9999.0 -9999.0
-9999.0 -9999.0 -9999.0 -9999.0 -9999.0 -9999.0 -9999.0 -9999.0 -9999.0 -9999.0 -9999.0 -9999.0 -9999.0 13.045407 11.179021 11.078226 11.034613 16.749306 22.257431 15.123842 12.358229 15.889629 11.131133 10.499425 11.294784 9.474225 11.094887 11.129987 10.556098 7.375405 7.481709 9.759091 9.194272 7.201520 8.152801 -9999.0 -9999.0 -9999.0 -9999.0 -9999.0 -9999.0 -9999.0 -9999.0 -9999.0 -9999.0 -9999.0 -9999.0 -9999.0 -9999.0 -9999.0 -9999.0 -9999.0 -9999.0 -9999.0 -9999.0 -9999.0 -9999.0 -9999.0 -9999.0 -9999.0 -9999.0 -9999.0 -9999.0
-9999.0 -9999.0 -9999.0 -9999.0 -9999.0 -9999.0 -9999.0 -9999.0 -9999.0 -9999.0 -9999.0 -9999.0 -9999.0 11.713405 14.243488 12.543831 10.308918 11.570475 22.688643 12.373643 14.840262 10.338007 8.707833 9.148625 10.509626 9.510855 12.069803 9.973632 10.272753 9.399828 9.680885 -0.163653 4.691577 -0.022930 7.003760 -9999.0 -9999.0 -9999.0 -9999.0 -9999.0 -9999.0 -9999.0 -9999.0 -9999.0 -9999.0 -9999.0 -9999.0 -9999.0 -9999.0 -9999.0 -9999.0 -9999.0 -9999.0 -9999.0 -9999.0 -9999.0 -9999.0 -9999.0 -9999.0 -9999.0 -9999.0 -9999.0 -9999.0
-9999.0 -9999.0 -9999.0 -9999.0 -9999.0 -9999.0 -9999.0 -9999.0 -9999.0 -9999.0 -9999.0 -9999.0 11.095597 13.698972 10.576257 9.181459 8.370340 10.807550 19.433218 12.263054 12.203866 9.669783 9.505312 9.222530 9.885169 10.673996 8.444621 10.197411 11.385474 9.445383 7.185456 9.719716 8.939302 5.350449 -9999.0 -9999.0 -9999.0 -9999.0 -9999.0 -9999.0 -9999.0 -9999.0 -9999.0 -9999.0 -9999.0 -9999.0 -9999.0 -9999.0 -9999.0 -9999.0 -9999.0 -9999.0 -9999.0 -9999.0 -9999.0 -9999.0 -9999.0 -9999.0 -9999.0 -9999.0 -9999.0 -9999.0 -9999.0
-9999.0 -9999.0 -9999.0 -9999.0 -9999.0 -9999.0 -9999.0 -9999.0 -9999.0 -9999.0 -9999.0 12.484004 9.696910 9.954233 8.712964 12.105805 8.907816 10.100512 19.327307 12.484434 9.450846 10.675589 12.585909 12.262990 9.870371 11.848906 9.622384 11.966322 11.016421 7.786637 10.002885 11.678604 9.861257 8.266221 8.817377 9.380101 12.872483 13.781714 13.451487 -9999.0 -9999.0 -9999.0 8.193089 -9999.0 -9999.0 -9999.0 -9999.0 -9999.0 -9999.0 -9999.0 -9999.0 -9999.0 -9999.0 -9999.0 -9999.0 -9999.0 -9999.0 -9999.0 -9999.0 -9999.0 -9999.0 -9999.0 -9999.0
-9999.0 -9999.0 -9999.0 -9999.0 -9999.0 -9999.0 -9999.0 -9999.0 -9999.0 -9999.0 -9999.0 11.322921 9.310620 9.983018 9.061519 11.134504 9.809721 10.985496 19.392640 15.270841 15.221965 13.584105 12.756167 0.422226 7.851964 11.776961 11.798413 12.756377 11.728163 8.556761 11.602608 11.157839 9.381663 8.957156 9.299570 10.254586 15.070514 15.774615 14.227257 13.887756 8.536396 8.487157 10.131074 9.274383 -9999.0 -9999.0 -9999.0 7.053677 9.309745 10.516316 10.265667 9.634860 9.095426 8.248777 8.667078 7.341547 -9999.0 -9999.0 -9999.0 -9999.0 -9999.0 -9999.0 -9999.0
-9999.0 -9999.0 -9999.0 -9999.0 -9999.0 -9999.0 -9999.0 -9999.0 -9999.0 -9999.0 -9999.0 11.877176 11.864900 8.199638 11.906412 12.119949 8.288155 8.739410 15.578134 16.751889 9.182825 9.879250 8.199538 12.593443 11.716490 12.176379 8.577538 8.053519 10.741044 9.246577 10.907166 7.198057 11.116906 8.410989 9.450165 14.308613 9.014363 10.575702 18.756629 14.594005 13.677317 12.864573 11.455181 10.509848 8.975856 -9999.0 7.542979 10.235175 11.630212 12.413488 12.677668 12.690697 12.369786 12.144290 12.234622 11.552197 -9999.0 -9999.0 -9999.0 -9999.0 -9999.0 -9999.0 -9999.0
-9999.0 -9999.0 -9999.0 -9999.0 -9999.0 -9999.0 -9999.0 -9999.0 -9999.0 -9999.0 -9999.0 -9999.0 12.165450 7.143585 11.789504 12.258380 6.818725 8.694227 17.237000 16.972140 10.116159 10.708391 10.414698 9.017495 0.428514 8.830086 13.979353 11.982765 11.216330 10.974953 11.714769 7.553799 11.424550 9.894200 9.515088 13.410773 8.773358 12.429786 21.061135 15.573470 16.053142 14.857155 8.430958 11.909361 10.040196 9.534154 9.655918 10.507955 7.088673 8.709623 9.971668 8.270590 8.989924 7.968635 7.724273 11.849889 11.706912 -9999.0 -9999.0 -9999.0 -9999.0 -9999.0 -9999.0
-9999.0 -9999.0 -9999.0 -9999.0 -9999.0 -9999.0 -9999.0 -9999.0 -9999.0 -9999.0 -9999.0 0.286114 11.418756 12.572805 8.201219 8.255850 9.452567 9.009525 17.240749 12.065254 10.757698 10.164302 10.582634 8.535772 9.153426 10.647476 8.854670 10.896438 11.493941 12.498238 8.029418 8.590581 12.144013 9.713369 9.048562 10.400192 13.878746 11.020455 11.430996 18.462216 10.497991 11.916394 10.850080 9.028138 12.381668 10.184766 11.868354 11.887245 12.752280 10.619297 7.302357 11.392130 0.193159 2.964380 2.986051 8.245141 11.892955 -9999.0 -9999.0 -9999.0 -9999.0 -9999.0 -9999.0
-9999.0 -9999.0 -9999.0 -9999.0 -9999.0 -9999.0 -9999.0 -9999.0 -9999.0 -9999.0 13.769173 8.212871 12.224673 12.513549 13.289147 9.818895 9.619025 8.877903 11.857467 12.487890 16.188738 14.914001 9.011628 14.979622 11.205493 10.316545 8.338851 1.963608 13.402253 13.691089 9.854361 8.768056 11.605620 9.705655 7.459755 10.120810 14.445516 8.664369 8.643174 11.643907 12.359606 13.268089 20.654354 9.295941 8.505605 10.900803 12.201987 8.775690 9.539129 9.735766 0.271980 10.256038 2.813133 0.908020 1.134202 12.907021 12.219996 -9999.0 -9999.0 -9999.0 -9999.0 -9999.0 -9999.0
-9999.0 -9999.0 -9999.0 -9999.0 -9999.0 -9999.0 -9999.0 -9999.0 -9999.0 12.044182 13.108358 8.641890 9.239436 0.367311 9.004153 8.884697 8.745278 15.253302 11.598208 13.124970 16.734302 11.129689 10.801832 12.702335 11.627620 8.137413 0.514179 14.294108 10.662757 10.920301 10.889660 6.858954 10.135437 8.666441 9.597078 10.533860 11.308045 7.440334 8.228627 8.765984 9.486544 8.469005 8.545421 11.125816 9.794833 8.987211 13.836970 8.718587 9.092914 10.716562 8.069805 11.049283 -0.031458 0.945221 11.065534 7.894301 8.010494 12.567603 1.473517 -9999.0 -9999.0 -9999.0 -9999.0
-9999.0 -9999.0 -9999.0 -9999.0 -9999.0 -9999.0 -9999.0 -9999.0 -9999.0 11.570635 12.088485 13.303157 15.640412 10.003521 8.917186 8.862758 14.583911 11.617519 12.433008 19.344506 18.970356 18.506483 16.650115 14.653848 9.291666 9.594021 9.453664 11.629881 12.902493 15.004850 13.168463 6.970982 11.394918 9.681882 11.127847 10.445488 10.980522 11.752236 11.469469 12.526751 7.311812 7.490519 9.626928 10.834674 10.817893 12.509785 12.156361 11.442974 11.211857 10.750099 6.999308 1.196828 1.275669 8.156833 12.429392 0.847645 9.434390 9.906102 13.363841 -9999.0 -9999.0 -9999.0 -9999.0
-9999.0 -9999.0 -9999.0 -9999.0 -9999.0 -9999.0 -9999.0 -9999.0 -9999.0 -9999.0 11.804058 13.640240 10.061064 9.258704 10.747520 8.655828 10.910332 12.733078 13.876273 15.357989 18.510820 12.217381 10.577411 10.055903 9.960010 11.833517 12.925202 13.261774 13.902796 8.310216 7.798290 8.234608 2.105205 10.810108 12.354341 12.909373 12.708639 11.935467 10.414575 10.994648 10.778289 12.999022 14.345274 8.828890 8.372531 8.630521 9.651515 16.611175 13.123671 11.015460 8.174775 8.639406 1.425508 1.457815 1.727118 12.585146 14.075625 12.209907 12.384588 12.434878 -9999.0 -9999.0 -9999.0
-9999.0 -9999.0 -9999.0 -9999.0 -9999.0 -9999.0 -9999.0 -9999.0 -9999.0 -9999.0 11.971471 12.929699 13.645482 10.740714 17.305343 10.350852 10.401503 12.486536 14.739488 15.640014 13.314578 11.866359 10.626346 10.947218 11.898291 13.993277 14.341647 11.511654 8.491323 1.815960 12.066508 13.511874 1.176029 9.481740 11.454618 12.741229 9.056008 8.333520 6.246098 9.731858 11.771946 13.225932 7.538355 12.219877 13.055465 7.801174 9.673473 9.296868 11.494702 13.548943 11.621472 9.533823 0.350008 11.556093 1.411446 1.573333 12.703009 11.508339 13.312841 14.728235 -9999.0 -9999.0 -9999.0
-9999.0 -9999.0 -9999.0 -9999.0 -9999.0 -9999.0 -9999.0 -9999.0 12.958978 11.930627 11.894712 13.483873 9.244468 9.544288 9.761328 12.157640 12.849588 19.685491 16.368601 16.270794 14.755133 13.813246 12.991012 11.621382 13.391023 14.295303 16.449315 10.031468 9.144896 1.934007 10.671510 12.117668 11.612804 10.800359 11.912429 11.118349 13.521076 8.698609 0.419911 9.740640 11.618560 12.525112 0.866392 10.840268 12.841232 14.289818 6.644686 9.413182 10.091583 14.086686 12.351661 10.078692 9.245592 2.309469 1.608088 13.740451 14.033435 16.201217 13.951573 14.957778 -9999.0 -9999.0 -9999.0
-9999.0 -9999.0 -9999.0 -9999.0 -9999.0 -9999.0 -9999.0 -9999.0 9.339961 9.117404 0.988619 11.952748 13.153697 10.657914 9.060219 10.836775 11.748668 12.708123 15.079569 16.914777 22.985727 20.462430 18.900573 18.119698 13.827571 14.369008 12.509157 10.965417 0.438901 11.892068 11.338449 12.066859 12.023036 11.504934 12.331889 12.736428 14.652779 9.741442 7.873067 11.510305 10.157676 9.159807 11.085730 12.638496 13.975885 8.196171 1.003745 13.167326 10.630422 12.047923 14.171624 11.867132 9.118778 13.875765 15.255273 12.459579 12.198078 13.399645 15.583590 17.717977 18.102385 -9999.0 -9999.0
-9999.0 -9999.0 -9999.0 -9999.0 -9999.0 -9999.0 -9999.0 -9999.0 12.725827 14.586097 12.568158 3.037512 14.269175 0.381889 10.527957 9.709539 11.666989 14.559570 15.332076 23.048506 17.314679 21.265107 20.764825 16.195860 19.982947 13.461533 11.852396 9.442232 1.722123 12.697144 12.708168 14.040882 1.312467 1.305200 13.193089 14.340461 9.446583 10.357298 7.816764 1.429470 10.887172 11.095511 12.303484 12.890420 0.325311 12.300052 10.956784 13.030467 8.823042 11.095425 14.370729 13.672510 10.321591 10.365931 13.712203 14.326591 15.210368 15.865235 17.063930 17.344518 17.766494 -9999.0 -9999.0
-9999.0 -9999.0 -9999.0 -9999.0 -9999.0 -9999.0 -9999.0 -9999.0 11.564648 14.080541 10.337342 0.916757 14.238568 0.317783 10.591996 11.676124 13.646334 15.312279 18.887926 15.515656 17.015665 17.447591 21.558607 20.830135 14.207864 12.258490 10.519119 8.711853 14.397491 10.694989 9.477486 9.064217 10.858165 10.335703 0.492927 13.318786 14.541681 11.410531 8.735355 0.479125 10.556261 12.287185 12.606341 12.376678 11.654125 12.469556 13.288904 13.620011 13.697340 10.771794 12.234297 15.252728 14.906904 14.168648 15.929788 16.477574 17.158777 16.115474 16.832225 17.646096 16.060936 13.541701 -9999.0
-9999.0 -9999.0 -9999.0 -9999.0 -9999.0 -9999.0 -9999.0 -9999.0 11.389511 13.950279 11.246619 9.720346 10.783174 11.312546 16.717010 14.564700 17.637583 12.741524 11.727529 13.351770 15.013570 17.329920 17.484320 17.318685 18.892140 11.834442 9.705527 11.518040 12.162729 11.800173 9.111785 11.507143 12.728026 11.143643 9.751226 10.284835 11.517696 12.652556 11.804693 10.706539 9.339028 9.754033 10.516838 9.477995 0.350667 13.872092 9.835094 11.365305 11.249079 13.227103 15.017939 15.022988 15.975621 17.047358 17.642610 17.570780 17.956522 17.821138 17.036816 16.182644 14.226794 12.764370 -9999.0
-9999.0 -9999.0 12.956329 13.391014 8.782439 0.419940 9.079810 0.519067 12.636094 13.545042 10.785070 11.351930 11.634358 13.849299 19.471668 13.905281 11.403262 9.635875 10.911490 11.601389 13.615051 15.817959 17.110074 16.479020 15.790176 13.207295 11.793929 11.816450 12.497461 15.775413 10.085331 10.409251 16.833550 11.193215 12.736400 11.508576 14.073601 13.915932 12.799673 10.833891 12.253321 12.491025 11.208285 11.771100 9.145771 11.000669 12.413336 11.419000 14.019648 15.681035 17.330668 17.723317 17.908795 18.044478 18.030918 23.616589 17.092403 16.589400 15.622746 14.022771 16.664385 11.914564 -9999.0
-9999.0 9.098042 9.100563 8.989796 8.879338 10.045889 9.017390 1.728061 1.826282 12.734226 8.835623 10.640793 12.651333 17.723878 17.658124 11.157537 10.442910 9.171719 10.512392 11.651227 13.877060 14.655015 19.154348 15.888061 20.985150 15.900334 19.257603 19.603575 15.268471 13.801330 14.008554 13.678042 13.857026 17.877350 14.820421 15.790635 16.679899 15.821813 16.118182 15.075097 14.768814 14.716535 14.194824 11.722905 11.761673 12.346004 14.292363 13.871245 16.459454 16.375211 17.134077 17.223148 16.783934 16.737259 16.741780 16.076912 14.195572 13.822766 14.180603 15.962408 11.640507 11.617440 -9999.0
-9999.0 14.707714 10.684961 10.702264 14.361124 10.444025 7.697375 0.875940 12.257156 12.677767 8.719151 10.416216 12.737762 18.089732 11.785954 9.533368 8.307641 9.566794 11.789431 11.770859 16.948362 13.730776 14.815020 16.227819 22.571217 23.116657 16.001585 16.949232 16.578659 15.376591 15.420469 14.841360 15.040896 15.351557 19.328304 17.307234 23.863847 24.421740 18.189407 17.902106 17.507527 16.486734 15.741977 14.816230 15.303639 15.588087 16.901291 16.990585 16.705995 16.758187 15.452402 13.909953 13.953683 14.871952 14.348483 12.867265 12.910794 11.887979 11.497801 10.661677 10.636397 -9999.0 -9999.0
