user2019/resources/simulation/Vinschgau/output-maps/TL0007N0714.asc
ncols         63
nrows         48
xllcorner     598000.000000
yllcorner     5145000.000000
cellsize      1000.000000
NODATA_value  -9999.0
[rows 0 to 28 of 48, columns 0 to 62 of 63]
-9999.0 -9999.0 -9999.0 -9999.0 -9999.0 -9999.0 -9999.0 -9999.0 -9999.0 -9999.0 -9999.0 -9999.0 -9999.0 -9999.0 -9999.0 -9999.0 -9999.0 -9999.0 -9999.0 -9999.0 -9999.0 -9999.0 -9999.0 -9999.0 -9999.0 -9999.0 -9999.0 -9999.0 -9999.0 -9999.0 -9999.0 -9999.0 -9999.0 -9999.0 -9999.0 -9999.0 -9999.0 -9999.0 -9999.0 -9999.0 -9999.0 -9999.0 -9999.0 -9999.0 -9999.0 -9999.0 -9999.0 -9999.0 -9999.0 -9999.0 -9999.0 -9999.0 -9999.0 -9999.0 -9999.0 -9999.0 -9999.0 -9999.0 -9999.0 -9999.0 -9999.0 -9999.0 -9999.0
-9999.0 -9999.0 -9999.0 -9999.0 -9999.0 -9999.0 -9999.0 -9999.0 -9999.0 -9999.0 -9999.0 -9999.0 -9999.0 -9999.0 -9999.0 -9999.0 -9999.0 -9999.0 -9999.0 -9999.0 -9999.0 -9999.0 -9999.0 -9999.0 -9999.0 -9999.0 -9999.0 6.660557 7.330440 6.348802 4.943495 3.670338 3.751836 -9999.0 -9999.0 -9999.0 -9999.0 -9999.0 -9999.0 -9999.0 -9999.0 -9999.0 -9999.0 -9999.0 -9999.0 -9999.0 -9999.0 -9999.0 -9999.0 -9999.0 -9999.0 -9999.0 -9999.0 -9999.0 -9999.0 -9999.0 -9999.0 -9999.0 -9999.0 -9999.0 -9999.0 -9999.0 -9999.0
-9999.0 -9999.0 -9999.0 -9999.0 -9999.0 -9999.0 -9999.0 -9999.0 -9999.0 -9999.0 -9999.0 -9999.0 -9999.0 -9999.0 -9999.0 -9999.0 -9999.0 -9999.0 -9999.0 -9999.0 -9999.0 -9999.0 -9999.0 -9999.0 7.672481 8.480363 9.016755 8.620177 8.065651 7.478567 5.404214 -9999.0 -9999.0 -9999.0 -9999.0 -9999.0 -9999.0 -9999.0 -9999.0 -9999.0 -9999.0 -9999.0 -9999.0 -9999.0 -9999.0 -9999.0 -9999.0 -9999.0 -9999.0 -9999.0 -9999.0 -9999.0 -9999.0 -9999.0 -9999.0 -9999.0 -9999.0 -9999.0 -9999.0 -9999.0 -9999.0 -9999.0 -9999.0
-9999.0 -9999.0 -9999.0 -9999.0 -9999.0 -9999.0 -9999.0 -9999.0 -9999.0 -9999.0 -9999.0 -9999.0 -9999.0 -9999.0 -9999.0 -9999.0 -9999.0 -9999.0 -9999.0 -9999.0 -9999.0 -9999.0 -9999.0 8.302295 9.454800 8.483352 8.382176 8.392114 7.203664 8.322613 7.151284 5.680073 -9999.0 -9999.0 -9999.0 -9999.0 -9999.0 -9999.0 -9999.0 -9999.0 -9999.0 -9999.0 -9999.0 -9999.0 -9999.0 -9999.0 -9999.0 -9999.0 -9999.0 -9999.0 -9999.0 -9999.0 -9999.0 -9999.0 -9999.0 -9999.0 -9999.0 -9999.0 -9999.0 -9999.0 -9999.0 -9999.0 -9999.0
-9999.0 -9999.0 -9999.0 -9999.0 -9999.0 -9999.0 -9999.0 -9999.0 -9999.0 -9999.0 -9999.0 -9999.0 -9999.0 -9999.0 -9999.0 -9999.0 -9999.0 -9999.0 10.476952 9.391698 -9999.0 7.910558 8.954994 7.743592 8.412498 9.333476 8.552699 8.642656 10.551809 8.262748 8.409608 6.704852 6.938815 5.786896 -9999.0 -9999.0 -9999.0 -9999.0 -9999.0 -9999.0 -9999.0 -9999.0 -9999.0 -9999.0 -9999.0 -9999.0 -9999.0 -9999.0 -9999.0 -9999.0 -9999.0 -9999.0 -9999.0 -9999.0 -9999.0 -9999.0 -9999.0 -9999.0 -9999.0 -9999.0 -9999.0 -9999.0 -9999.0
-9999.0 -9999.0 -9999.0 -9999.0 -9999.0 -9999.0 -9999.0 -9999.0 -9999.0 -9999.0 -9999.0 -9999.0 -9999.0 -9999.0 -9999.0 -9999.0 -9999.0 9.520879 7.847969 8.033217 9.287048 6.671001 7.552450 7.457029 11.745021 6.381977 5.409313 5.986778 5.084498 7.444125 8.871429 7.696358 7.484271 6.134120 4.242084 2.553245 -9999.0 -9999.0 -9999.0 -9999.0 -9999.0 -9999.0 -9999.0 -9999.0 -9999.0 -9999.0 -9999.0 -9999.0 -9999.0 -9999.0 -9999.0 -9999.0 -9999.0 -9999.0 -9999.0 -9999.0 -9999.0 -9999.0 -9999.0 -9999.0 -9999.0 -9999.0 -9999.0
-9999.0 -9999.0 -9999.0 -9999.0 -9999.0 -9999.0 -9999.0 -9999.0 -9999.0 -9999.0 -9999.0 -9999.0 -9999.0 6.913011 7.389311 7.947739 9.437018 13.518451 9.137341 8.128705 8.329519 8.860435 9.043844 11.084468 5.824763 6.042872 4.372301 4.472697 5.232261 5.699119 6.283114 5.652828 4.646483 3.088797 2.889828 2.627947 -9999.0 -9999.0 -9999.0 -9999.0 -9999.0 -9999.0 -9999.0 -9999.0 -9999.0 -9999.0 -9999.0 -9999.0 -9999.0 -9999.0 -9999.0 -9999.0 -9999.0 -9999.0 -9999.0 -9999.0 -9999.0 -9999.0 -9999.0 -9999.0 -9999.0 -9999.0 -9999.0
-9999.0 -9999.0 -9999.0 -9999.0 -9999.0 -9999.0 -9999.0 -9999.0 -9999.0 -9999.0 -9999.0 -9999.0 -9999.0 8.541795 7.924607 8.034527 8.182054 11.485240 13.873075 10.062609 8.790570 8.060771 7.253033 5.890815 6.772128 5.583386 7.219232 3.846321 3.499614 3.751406 4.936488 2.884443 2.393845 1.334852 2.312682 -9999.0 -9999.0 -9999.0 -9999.0 -9999.0 -9999.0 -9999.0 -9999.0 -9999.0 -9999.0 -9999.0 -9999.0 -9999.0 -9999.0 -9999.0 -9999.0 -9999.0 -9999.0 -9999.0 -9999.0 -9999.0 -9999.0 -9999.0 -9999.0 -9999.0 -9999.0 -9999.0 -9999.0
-9999.0 -9999.0 -9999.0 -9999.0 -9999.0 -9999.0 -9999.0 -9999.0 -9999.0 -9999.0 -9999.0 -9999.0 -9999.0 7.737996 9.291566 8.489462 7.578116 8.831423 13.972978 9.602028 9.636845 7.503156 5.760984 5.544969 7.146463 6.111007 6.825360 3.104111 6.718720 2.180909 2.759465 -0.008091 0.691652 0.027399 1.474111 -9999.0 -9999.0 -9999.0 -9999.0 -9999.0 -9999.0 -9999.0 -9999.0 -9999.0 -9999.0 -9999.0 -9999.0 -9999.0 -9999.0 -9999.0 -9999.0 -9999.0 -9999.0 -9999.0 -9999.0 -9999.0 -9999.0 -9999.0 -9999.0 -9999.0 -9999.0 -9999.0 -9999.0
-9999.0 -9999.0 -9999.0 -9999.0 -9999.0 -9999.0 -9999.0 -9999.0 -9999.0 -9999.0 -9999.0 -9999.0 5.444259 9.096643 7.455496 6.585086 5.806865 7.915439 12.735995 8.272050 7.414860 5.690931 5.075624 5.234015 6.675176 3.719912 4.953779 5.508651 6.758019 2.458375 0.781000 4.926484 5.275675 2.835697 -9999.0 -9999.0 -9999.0 -9999.0 -9999.0 -9999.0 -9999.0 -9999.0 -9999.0 -9999.0 -9999.0 -9999.0 -9999.0 -9999.0 -9999.0 -9999.0 -9999.0 -9999.0 -9999.0 -9999.0 -9999.0 -9999.0 -9999.0 -9999.0 -9999.0 -9999.0 -9999.0 -9999.0 -9999.0
-9999.0 -9999.0 -9999.0 -9999.0 -9999.0 -9999.0 -9999.0 -9999.0 -9999.0 -9999.0 -9999.0 5.561094 4.687748 6.906232 4.859561 5.574297 5.200524 7.320293 12.656513 7.705710 6.485731 8.129335 6.807640 4.912894 5.156806 5.052211 2.722218 6.257826 6.285145 2.152358 4.650111 7.021543 4.941597 4.386861 5.154772 5.308839 7.500742 8.617702 8.646689 -9999.0 -9999.0 -9999.0 5.320207 -9999.0 -9999.0 -9999.0 -9999.0 -9999.0 -9999.0 -9999.0 -9999.0 -9999.0 -9999.0 -9999.0 -9999.0 -9999.0 -9999.0 -9999.0 -9999.0 -9999.0 -9999.0 -9999.0 -9999.0
-9999.0 -9999.0 -9999.0 -9999.0 -9999.0 -9999.0 -9999.0 -9999.0 -9999.0 -9999.0 -9999.0 5.683355 4.167016 4.837552 6.274521 4.051369 7.055660 7.503976 12.490734 10.381160 10.639706 9.084041 7.261078 3.920339 4.247111 4.842459 6.765745 6.844015 4.816167 3.414532 6.290921 7.379080 6.938023 4.641024 5.512249 5.971360 8.565620 10.816213 9.460044 7.734369 8.370389 6.120167 7.003313 6.277052 -9999.0 -9999.0 -9999.0 4.491084 5.283420 5.249779 6.248660 5.845116 5.270104 5.701621 5.558369 4.521582 -9999.0 -9999.0 -9999.0 -9999.0 -9999.0 -9999.0 -9999.0
-9999.0 -9999.0 -9999.0 -9999.0 -9999.0 -9999.0 -9999.0 -9999.0 -9999.0 -9999.0 -9999.0 6.357123 4.771566 3.548573 6.389768 6.252880 4.398717 6.048536 10.120245 11.786088 7.322829 6.219791 5.506532 7.572563 4.030772 7.121593 5.638487 4.640715 3.736082 4.228274 3.755949 4.342388 7.472848 5.065007 5.631234 7.427558 6.364710 7.315849 13.229216 8.499374 9.375445 7.339274 7.790324 7.951560 5.973215 -9999.0 2.955936 5.101545 6.324696 6.879067 8.438713 8.010778 8.081164 7.873702 6.366208 6.580833 -9999.0 -9999.0 -9999.0 -9999.0 -9999.0 -9999.0 -9999.0
-9999.0 -9999.0 -9999.0 -9999.0 -9999.0 -9999.0 -9999.0 -9999.0 -9999.0 -9999.0 -9999.0 -9999.0 4.960242 3.325962 8.343271 7.721479 4.801162 6.375904 11.221018 11.942270 6.931162 6.505996 6.332521 5.918452 4.138289 5.514537 9.265419 3.717359 4.667721 5.223360 6.598912 5.059807 6.901101 5.661969 3.737030 4.633439 5.304778 7.685821 14.288934 10.680530 10.912433 10.523898 6.082369 9.660928 7.425649 6.285996 5.779598 5.003700 4.138308 6.437798 7.865144 4.941069 6.796997 4.641444 3.893154 3.526663 5.687600 -9999.0 -9999.0 -9999.0 -9999.0 -9999.0 -9999.0
-9999.0 -9999.0 -9999.0 -9999.0 -9999.0 -9999.0 -9999.0 -9999.0 -9999.0 -9999.0 -9999.0 4.634224 4.351094 5.247708 4.162699 4.241468 6.030329 5.607426 10.641090 9.055095 6.961651 6.133869 6.266968 4.935264 5.651431 6.530149 5.636482 4.005065 6.340890 6.680443 5.654401 6.149984 8.120249 5.426936 3.159141 4.825264 4.327776 6.500795 8.818986 13.811508 7.155676 8.570827 7.817212 6.489892 10.076509 6.515581 6.165240 7.137141 7.361665 6.641606 3.197566 2.889208 3.104332 1.252837 1.060752 1.323411 4.675114 -9999.0 -9999.0 -9999.0 -9999.0 -9999.0 -9999.0
-9999.0 -9999.0 -9999.0 -9999.0 -9999.0 -9999.0 -9999.0 -9999.0 -9999.0 -9999.0 6.952177 5.185341 8.451000 7.538455 8.688669 6.615166 5.697453 5.577819 8.657686 9.118112 10.823530 9.060307 5.129143 10.406631 7.393599 6.359948 3.972209 3.306505 8.248416 9.026668 6.787778 5.861298 5.876213 3.825752 2.621991 4.665217 6.597495 5.813451 6.528071 9.158070 8.919264 7.613100 9.113004 8.245411 7.299155 8.362288 6.348665 6.247480 7.348052 7.496378 3.764341 2.281062 0.492833 1.028206 1.707130 5.606775 5.684568 -9999.0 -9999.0 -9999.0 -9999.0 -9999.0 -9999.0
-9999.0 -9999.0 -9999.0 -9999.0 -9999.0 -9999.0 -9999.0 -9999.0 -9999.0 4.286411 5.964625 5.103036 6.219084 5.196596 5.853029 5.156818 4.750035 9.992321 8.207817 9.521019 11.274425 6.952648 6.492364 8.864791 7.161955 4.494066 4.635536 9.411552 6.874207 7.641251 8.137682 3.729713 2.651720 2.022821 5.124441 4.726159 4.964369 4.798743 4.740290 5.969140 6.303452 5.684509 5.253593 8.278476 7.412460 7.305536 10.895608 6.455100 6.158631 8.588862 5.041554 4.056069 0.053866 2.472896 3.761938 3.788527 4.934971 7.670697 6.509886 -9999.0 -9999.0 -9999.0 -9999.0
-9999.0 -9999.0 -9999.0 -9999.0 -9999.0 -9999.0 -9999.0 -9999.0 -9999.0 4.363345 4.155676 5.545386 9.806988 7.052326 6.242813 5.472237 9.645439 7.693081 8.910482 13.336710 13.164296 13.274767 9.182578 8.791898 4.728003 5.924321 7.107116 7.888905 9.102243 7.562610 6.941980 3.777682 4.174280 4.687275 6.173821 8.361239 7.951956 7.949578 4.148768 6.233582 5.032664 3.785626 6.814527 7.721091 9.000865 10.725883 10.155424 8.591704 7.800364 8.013028 3.495474 2.244247 2.695901 3.207204 2.307458 2.484370 3.695764 6.106757 9.046069 -9999.0 -9999.0 -9999.0 -9999.0
-9999.0 -9999.0 -9999.0 -9999.0 -9999.0 -9999.0 -9999.0 -9999.0 -9999.0 -9999.0 4.834633 6.028097 5.517952 6.594001 7.024344 6.684601 6.883210 8.611838 9.413646 11.602997 10.913352 7.845855 6.201968 5.264115 6.008339 7.849735 8.912502 9.731641 7.238911 4.506311 3.791563 5.392277 1.759385 3.656250 6.723398 8.021369 9.646343 8.723188 7.364555 2.721037 2.533236 8.412210 7.871093 5.324692 5.823833 6.513804 6.893225 9.761598 10.539619 8.119400 4.283569 4.724378 4.816267 2.894682 2.047433 3.623193 5.543504 8.027133 8.248940 8.973040 -9999.0 -9999.0 -9999.0
-9999.0 -9999.0 -9999.0 -9999.0 -9999.0 -9999.0 -9999.0 -9999.0 -9999.0 -9999.0 4.554847 5.435404 6.228999 6.006570 11.843609 6.828173 6.607765 8.724228 10.392350 12.041138 9.696526 7.524669 6.346754 6.789849 7.558437 9.435497 10.961341 7.015820 5.120895 2.601742 3.668072 5.810185 3.004253 3.141255 3.830629 3.429769 6.881461 6.099153 4.074258 3.203414 5.500409 6.603773 4.726109 3.773220 4.337087 4.819118 6.080101 6.118189 7.975978 10.110697 7.943396 5.208957 2.907208 4.627541 4.014191 5.952531 2.831901 6.076718 9.079104 11.191965 -9999.0 -9999.0 -9999.0
-9999.0 -9999.0 -9999.0 -9999.0 -9999.0 -9999.0 -9999.0 -9999.0 8.593790 7.954811 6.289026 5.515216 4.996398 5.376038 5.358673 8.648557 8.914887 13.794722 12.463588 12.513935 11.240951 9.505560 8.763162 7.315103 8.743020 10.467997 10.926409 5.727094 4.913679 3.064412 2.417245 3.790727 4.564070 4.348748 4.819190 2.741736 7.218510 6.257669 2.806664 5.620051 4.037014 4.407931 2.623564 2.624461 7.969120 7.483499 3.370347 5.353515 6.390613 10.454580 8.438568 5.470471 4.995704 1.904178 6.533512 7.230928 8.260962 10.305334 9.590863 10.921089 -9999.0 -9999.0 -9999.0
-9999.0 -9999.0 -9999.0 -9999.0 -9999.0 -9999.0 -9999.0 -9999.0 3.912899 5.622563 1.750691 3.797249 4.854703 5.727312 5.320886 6.699855 7.627691 8.097224 10.338425 12.847745 16.408701 15.416309 13.940544 12.613864 9.429622 10.635290 8.423027 6.575464 3.212720 5.246787 5.098023 6.821717 5.397261 5.295186 5.952274 7.131790 8.837041 6.863472 4.737905 6.899832 3.345496 0.248645 2.939589 6.862604 8.439194 4.693352 2.911366 4.481952 5.662880 8.179582 10.389244 7.584478 4.223318 6.687892 9.523196 6.729387 7.526269 8.652663 11.285066 13.995485 14.494723 -9999.0 -9999.0
-9999.0 -9999.0 -9999.0 -9999.0 -9999.0 -9999.0 -9999.0 -9999.0 3.745604 7.176730 8.122003 1.582483 7.518134 3.657688 6.663424 5.555927 7.309257 9.688544 11.148960 15.859447 13.280104 15.826598 15.437620 12.620267 15.038632 9.080724 7.296044 5.179911 3.733763 7.016930 6.852270 7.978036 4.279950 2.713169 6.753053 8.765677 5.048402 6.598075 4.212005 3.914543 4.975506 4.826985 6.143424 5.213285 3.762659 5.182521 6.673837 6.963667 4.107601 5.046710 10.573105 9.196749 3.689258 3.848320 8.298086 9.336803 10.704785 11.778031 12.908628 13.633789 14.136570 -9999.0 -9999.0
-9999.0 -9999.0 -9999.0 -9999.0 -9999.0 -9999.0 -9999.0 -9999.0 3.077198 6.505513 6.886743 1.824783 7.029314 6.327523 5.790715 7.593025 9.474431 11.252401 10.980022 11.518756 12.536193 13.147049 15.745016 15.630799 9.893857 7.529848 5.798201 4.343275 9.609071 6.276785 5.540226 5.563481 6.556897 6.935539 4.436545 8.349452 9.117999 7.581661 4.817938 3.452104 6.362724 7.348965 7.519360 8.624666 7.683379 7.558875 8.010631 8.478009 7.797859 6.591027 7.638930 10.412335 10.252869 9.520263 10.637725 11.308765 12.314128 12.228673 13.253943 13.960763 12.266653 9.693332 -9999.0
-9999.0 -9999.0 -9999.0 -9999.0 -9999.0 -9999.0 -9999.0 -9999.0 5.663594 5.617592 6.409915 5.464912 6.109592 6.936573 11.591286 10.761335 10.448008 8.561747 7.156928 8.528333 10.819455 12.647273 12.905083 12.801116 12.270861 7.022931 5.260006 7.167736 8.214552 7.678439 5.045998 7.113232 8.233618 7.293687 6.032400 6.406011 7.324891 8.483590 7.349063 7.175844 5.895357 5.986633 6.807729 6.413919 4.813871 9.075113 6.380772 7.306614 7.111896 8.819373 10.324051 9.636523 10.640990 12.014198 12.308950 12.794097 13.411103 13.503184 13.008910 11.821593 10.330831 6.549749 -9999.0
-9999.0 -9999.0 7.508913 7.675419 4.657358 5.376871 5.399349 4.720319 7.353042 5.706496 5.589571 7.516741 7.120302 9.157958 13.616214 9.727304 6.671918 5.207412 5.498009 6.801041 8.557041 10.397749 12.597215 12.322546 11.650961 8.384491 6.991164 7.051138 8.044725 10.513711 6.103577 6.316274 11.134206 7.233779 9.219175 7.639222 10.515096 10.015254 8.096188 6.379597 8.224412 8.756628 7.274367 8.413255 5.700026 7.403139 9.185768 8.209187 10.358233 11.875279 12.596403 13.626406 13.458659 13.295400 12.851281 15.479813 12.192927 11.950747 10.820742 9.952991 10.684406 6.283335 -9999.0
-9999.0 6.122470 5.990865 5.796114 5.674493 5.923039 5.044992 3.943538 1.494189 4.746118 5.024726 6.161492 8.390662 11.867353 11.463873 6.104553 5.336239 4.601603 6.233380 6.690444 8.548401 9.147297 13.176756 11.159017 15.145976 11.784230 14.155283 14.152157 10.690779 10.304955 10.144689 9.517495 9.808833 13.243206 11.318092 12.334049 12.658911 11.802040 12.652763 12.152184 11.720804 11.492022 11.003341 8.573254 8.152538 8.874223 11.717341 10.971303 12.694231 11.928468 12.874708 12.644755 11.870892 11.698597 11.586007 10.556427 8.990424 9.150792 9.652480 9.353918 8.046244 8.526227 -9999.0
-9999.0 7.319920 6.798726 6.940945 10.606351 6.733611 4.321793 3.378693 7.780091 7.568208 5.383936 6.348244 7.951077 11.558635 6.667384 4.893715 3.891225 4.984100 6.979595 6.410823 8.719337 8.306922 9.510627 10.735267 14.768251 16.218172 11.922052 13.011494 12.690926 10.705709 11.573272 10.889539 11.529899 11.810451 14.436449 13.286534 16.667855 18.974365 14.247562 14.235264 13.634348 13.278669 12.366811 11.869323 12.440329 12.046983 14.166101 14.120506 12.818187 12.872294 11.136949 9.416799 9.039491 9.855171 8.647058 7.852204 7.632408 7.121893 6.822749 6.814863 6.905179 -9999.0 -9999.0
-9999.0 6.047621 5.800685 6.003247 7.299225 9.736712 10.505351 5.045067 5.698759 5.799291 6.707084 7.532413 9.896505 9.666913 5.743156 4.180390 1.633281 4.647449 4.513964 5.978906 5.905082 6.359282 8.510185 13.217938 14.010435 11.663272 11.964630 12.100097 12.230946 12.245004 12.325859 13.219020 13.008990 12.140961 13.214117 13.256643 13.699082 17.045405 14.059418 14.209194 14.251092 17.286788 13.848828 13.984966 13.868030 13.545980 12.094314 11.589013 10.654956 9.552947 8.084816 8.198309 5.246206 8.941131 5.156076 5.327187 6.012341 5.621842 5.624065 -9999.0 -9999.0 -9999.0 -9999.0
