user2019/resources/simulation/Vinschgau/output-maps/TL0001N0902.asc
ncols         63
nrows         48
xllcorner     598000.000000
yllcorner     5145000.000000
cellsize      1000.000000
NODATA_value  -9999.0
[rows 0 to 27 of 48, columns 0 to 62 of 63]
-9999.0 -9999.0 -9999.0 -9999.0 -9999.0 -9999.0 -9999.0 -9999.0 -9999.0 -9999.0 -9999.0 -9999.0 -9999.0 -9999.0 -9999.0 -9999.0 -9999.0 -9999.0 -9999.0 -9999.0 -9999.0 -9999.0 -9999.0 -9999.0 -9999.0 -9999.0 -9999.0 -9999.0 -9999.0 -9999.0 -9999.0 -9999.0 -9999.0 -9999.0 -9999.0 -9999.0 -9999.0 -9999.0 -9999.0 -9999.0 -9999.0 -9999.0 -9999.0 -9999.0 -9999.0 -9999.0 -9999.0 -9999.0 -9999.0 -9999.0 -9999.0 -9999.0 -9999.0 -9999.0 -9999.0 -9999.0 -9999.0 -9999.0 -9999.0 -9999.0 -9999.0 -9999.0 -9999.0
-9999.0 -9999.0 -9999.0 -9999.0 -9999.0 -9999.0 -9999.0 -9999.0 -9999.0 -9999.0 -9999.0 -9999.0 -9999.0 -9999.0 -9999.0 -9999.0 -9999.0 -9999.0 -9999.0 -9999.0 -9999.0 -9999.0 -9999.0 -9999.0 -9999.0 -9999.0 -9999.0 -6.418694 -4.959064 -5.518720 -5.589165 -6.328213 -6.461472 -9999.0 -9999.0 -9999.0 -9999.0 -9999.0 -9999.0 -9999.0 -9999.0 -9999.0 -9999.0 -9999.0 -9999.0 -9999.0 -9999.0 -9999.0 -9999.0 -9999.0 -9999.0 -9999.0 -9999.0 -9999.0 -9999.0 -9999.0 -9999.0 -9999.0 -9999.0 -9999.0 -9999.0 -9999.0 -9999.0
-9999.0 -9999.0 -9999.0 -9999.0 -9999.0 -9999.0 -9999.0 -9999.0 -9999.0 -9999.0 -9999.0 -9999.0 -9999.0 -9999.0 -9999.0 -9999.0 -9999.0 -9999.0 -9999.0 -9999.0 -9999.0 -9999.0 -9999.0 -9999.0 -4.221560 -3.973274 -3.402093 -4.173545 -3.438184 -5.093588 -5.903038 -9999.0 -9999.0 -9999.0 -9999.0 -9999.0 -9999.0 -9999.0 -9999.0 -9999.0 -9999.0 -9999.0 -9999.0 -9999.0 -9999.0 -9999.0 -9999.0 -9999.0 -9999.0 -9999.0 -9999.0 -9999.0 -9999.0 -9999.0 -9999.0 -9999.0 -9999.0 -9999.0 -9999.0 -9999.0 -9999.0 -9999.0 -9999.0
-9999.0 -9999.0 -9999.0 -9999.0 -9999.0 -9999.0 -9999.0 -9999.0 -9999.0 -9999.0 -9999.0 -9999.0 -9999.0 -9999.0 -9999.0 -9999.0 -9999.0 -9999.0 -9999.0 -9999.0 -9999.0 -9999.0 -9999.0 -3.861792 -2.213540 -0.011700 0.196654 0.813449 -0.004330 -3.632072 -5.851394 -6.468667 -9999.0 -9999.0 -9999.0 -9999.0 -9999.0 -9999.0 -9999.0 -9999.0 -9999.0 -9999.0 -9999.0 -9999.0 -9999.0 -9999.0 -9999.0 -9999.0 -9999.0 -9999.0 -9999.0 -9999.0 -9999.0 -9999.0 -9999.0 -9999.0 -9999.0 -9999.0 -9999.0 -9999.0 -9999.0 -9999.0 -9999.0
-9999.0 -9999.0 -9999.0 -9999.0 -9999.0 -9999.0 -9999.0 -9999.0 -9999.0 -9999.0 -9999.0 -9999.0 -9999.0 -9999.0 -9999.0 -9999.0 -9999.0 -9999.0 -0.065250 -3.041619 -9999.0 -3.412783 -2.282304 -0.023561 -0.005794 0.654898 -0.050207 -0.057036 -0.015891 -0.087118 -4.005694 -5.541186 -7.496718 -10.149299 -9999.0 -9999.0 -9999.0 -9999.0 -9999.0 -9999.0 -9999.0 -9999.0 -9999.0 -9999.0 -9999.0 -9999.0 -9999.0 -9999.0 -9999.0 -9999.0 -9999.0 -9999.0 -9999.0 -9999.0 -9999.0 -9999.0 -9999.0 -9999.0 -9999.0 -9999.0 -9999.0 -9999.0 -9999.0
-9999.0 -9999.0 -9999.0 -9999.0 -9999.0 -9999.0 -9999.0 -9999.0 -9999.0 -9999.0 -9999.0 -9999.0 -9999.0 -9999.0 -9999.0 -9999.0 -9999.0 3.914761 2.314306 0.744606 -3.806376 -0.168176 -0.077651 -0.034140 -0.042682 -0.030970 -0.318251 -0.138382 -0.155851 -0.034777 -2.007372 -3.865687 -5.469228 -6.299866 -8.330267 -9.655286 -9999.0 -9999.0 -9999.0 -9999.0 -9999.0 -9999.0 -9999.0 -9999.0 -9999.0 -9999.0 -9999.0 -9999.0 -9999.0 -9999.0 -9999.0 -9999.0 -9999.0 -9999.0 -9999.0 -9999.0 -9999.0 -9999.0 -9999.0 -9999.0 -9999.0 -9999.0 -9999.0
-9999.0 -9999.0 -9999.0 -9999.0 -9999.0 -9999.0 -9999.0 -9999.0 -9999.0 -9999.0 -9999.0 -9999.0 -9999.0 -1.982899 -0.030977 1.778798 3.387862 2.448650 3.485853 -0.020387 -0.013696 -0.025475 -0.006331 -0.048604 -0.040373 -2.298211 -2.610778 -1.136714 -1.099221 -0.271897 -1.985194 -4.327022 -5.737824 -6.461306 -7.003680 -9.980371 -9999.0 -9999.0 -9999.0 -9999.0 -9999.0 -9999.0 -9999.0 -9999.0 -9999.0 -9999.0 -9999.0 -9999.0 -9999.0 -9999.0 -9999.0 -9999.0 -9999.0 -9999.0 -9999.0 -9999.0 -9999.0 -9999.0 -9999.0 -9999.0 -9999.0 -9999.0 -9999.0
-9999.0 -9999.0 -9999.0 -9999.0 -9999.0 -9999.0 -9999.0 -9999.0 -9999.0 -9999.0 -9999.0 -9999.0 -9999.0 -1.144510 0.634149 2.563810 2.701156 1.666254 2.476450 0.966517 2.594701 -0.001552 0.831722 -0.006343 -0.281427 -0.186775 -4.936427 -5.833187 -6.958502 -2.055358 -1.477148 -5.293494 -7.317183 -10.245506 -8.623160 -9999.0 -9999.0 -9999.0 -9999.0 -9999.0 -9999.0 -9999.0 -9999.0 -9999.0 -9999.0 -9999.0 -9999.0 -9999.0 -9999.0 -9999.0 -9999.0 -9999.0 -9999.0 -9999.0 -9999.0 -9999.0 -9999.0 -9999.0 -9999.0 -9999.0 -9999.0 -9999.0 -9999.0
-9999.0 -9999.0 -9999.0 -9999.0 -9999.0 -9999.0 -9999.0 -9999.0 -9999.0 -9999.0 -9999.0 -9999.0 -9999.0 0.144546 -0.003665 1.294967 2.095039 3.050982 2.656024 3.440886 -0.000047 -0.165913 -0.025805 -0.097309 -0.038304 -0.045372 -4.766241 -7.254988 -6.455750 -9.081232 -5.908458 -10.826516 -11.271542 -13.143768 -10.292120 -9999.0 -9999.0 -9999.0 -9999.0 -9999.0 -9999.0 -9999.0 -9999.0 -9999.0 -9999.0 -9999.0 -9999.0 -9999.0 -9999.0 -9999.0 -9999.0 -9999.0 -9999.0 -9999.0 -9999.0 -9999.0 -9999.0 -9999.0 -9999.0 -9999.0 -9999.0 -9999.0 -9999.0
-9999.0 -9999.0 -9999.0 -9999.0 -9999.0 -9999.0 -9999.0 -9999.0 -9999.0 -9999.0 -9999.0 -9999.0 -0.036695 -0.303799 0.747034 -0.023309 0.508137 2.445723 2.164205 2.021045 -0.021466 -0.229713 -0.202040 -0.611002 -2.057773 -4.926141 -3.594440 -6.071947 -4.600156 -7.513553 -10.757431 -7.797901 -6.537912 -11.020519 -9999.0 -9999.0 -9999.0 -9999.0 -9999.0 -9999.0 -9999.0 -9999.0 -9999.0 -9999.0 -9999.0 -9999.0 -9999.0 -9999.0 -9999.0 -9999.0 -9999.0 -9999.0 -9999.0 -9999.0 -9999.0 -9999.0 -9999.0 -9999.0 -9999.0 -9999.0 -9999.0 -9999.0 -9999.0
-9999.0 -9999.0 -9999.0 -9999.0 -9999.0 -9999.0 -9999.0 -9999.0 -9999.0 -9999.0 -9999.0 -1.833079 0.031195 0.145380 0.019274 -0.607231 0.457930 2.281019 2.142735 1.253276 0.992425 -0.026187 -2.941776 -4.496354 -0.258439 -4.222315 -6.303240 -5.128227 -5.498645 -9.412837 -8.035013 -4.416648 -6.929249 -9.126517 -8.185535 -6.633646 -6.214340 -5.394672 -5.124845 -9999.0 -9999.0 -9999.0 -9.267816 -9999.0 -9999.0 -9999.0 -9999.0 -9999.0 -9999.0 -9999.0 -9999.0 -9999.0 -9999.0 -9999.0 -9999.0 -9999.0 -9999.0 -9999.0 -9999.0 -9999.0 -9999.0 -9999.0 -9999.0
-9999.0 -9999.0 -9999.0 -9999.0 -9999.0 -9999.0 -9999.0 -9999.0 -9999.0 -9999.0 -9999.0 -2.131656 0.466017 1.661287 1.553118 -1.891746 2.826410 3.174252 2.288019 1.407996 0.008685 -0.913986 -2.894395 -3.304674 -2.441164 -5.049521 -5.452786 -4.143752 -5.197937 -9.033680 -5.131813 -4.760045 -6.475265 -7.336663 -8.185715 -5.141914 -3.556345 -3.846382 -5.275073 -8.755681 -8.687178 -9.165668 -5.373999 -7.526795 -9999.0 -9999.0 -9999.0 -10.060806 -8.358531 -8.009083 -7.207777 -9.162508 -9.388303 -9.232633 -8.707461 -10.011401 -9999.0 -9999.0 -9999.0 -9999.0 -9999.0 -9999.0 -9999.0
-9999.0 -9999.0 -9999.0 -9999.0 -9999.0 -9999.0 -9999.0 -9999.0 -9999.0 -9999.0 -9999.0 -3.225970 -2.156481 -0.368729 -0.713305 -1.149688 -0.017999 2.610281 1.795466 1.427994 1.297261 -0.053226 -1.671763 -4.209315 -5.060213 -6.224260 -2.277761 -3.972502 -6.501386 -7.795762 -6.916750 -4.475295 -3.987595 -6.948069 -7.479979 -3.787564 -3.618985 -3.220797 -3.088969 -6.905366 -4.869640 -6.276554 -3.974312 -4.991432 -7.039818 -9999.0 -10.711562 -6.962068 -5.414242 -4.342029 -4.080988 -4.941161 -4.915191 -5.631826 -5.777544 -6.786743 -9999.0 -9999.0 -9999.0 -9999.0 -9999.0 -9999.0 -9999.0
-9999.0 -9999.0 -9999.0 -9999.0 -9999.0 -9999.0 -9999.0 -9999.0 -9999.0 -9999.0 -9999.0 -9999.0 -1.891439 -0.682118 -1.567376 -1.362521 -0.010452 1.816930 1.906283 1.484550 1.095026 -0.038056 -0.266969 -1.266035 -3.710999 -2.420675 -2.854653 -4.341824 -5.710234 -7.398246 -5.405697 -4.266131 -4.041461 -5.982127 -6.513745 -4.756499 -2.329510 -2.938198 -0.785628 -4.394707 -3.563544 -4.893674 -1.694625 -3.160534 -7.029556 -7.365416 -8.539463 -6.838932 -3.656408 -1.780812 -0.784760 -4.095549 -3.319004 -4.745158 -5.362097 -5.503751 -6.638583 -9999.0 -9999.0 -9999.0 -9999.0 -9999.0 -9999.0
-9999.0 -9999.0 -9999.0 -9999.0 -9999.0 -9999.0 -9999.0 -9999.0 -9999.0 -9999.0 -9999.0 -1.125646 -3.898858 -2.369105 -0.865048 -0.058186 -0.028351 1.055513 1.406040 3.167934 1.441967 -0.005385 -0.061044 -2.451407 -2.119233 -0.580824 -1.028471 -5.931178 -6.197061 -5.860619 -2.446188 -3.415113 -2.781006 -5.825531 -8.122623 -5.146476 -5.038108 -1.701666 -0.056282 -2.043533 -1.730633 -0.185152 -0.875805 -1.774230 -2.456584 -5.799317 -4.681040 -5.728637 -4.796098 -0.512392 -4.536544 -5.622130 -7.086377 -8.099326 -9.066768 -9.857324 -7.603179 -9999.0 -9999.0 -9999.0 -9999.0 -9999.0 -9999.0
-9999.0 -9999.0 -9999.0 -9999.0 -9999.0 -9999.0 -9999.0 -9999.0 -9999.0 -9999.0 -2.848075 -0.825264 -3.146182 -3.135896 -1.693874 -1.211600 -1.236344 -0.025003 2.615481 2.816856 0.131177 -0.031284 -0.807174 -1.870689 -0.189316 -2.101279 -3.038842 -5.492554 -4.177236 -3.362772 -2.847498 -2.919583 -3.225520 -5.803088 -10.106348 -6.892742 -3.953940 -2.010466 -0.071739 -0.037434 -0.035840 -0.003805 -0.010661 0.301813 -0.372410 -5.688399 -4.593159 -1.501950 -0.699937 -0.171321 -7.036506 -8.117409 -9.557870 -10.816237 -10.437237 -5.841580 -5.656596 -9999.0 -9999.0 -9999.0 -9999.0 -9999.0 -9999.0
-9999.0 -9999.0 -9999.0 -9999.0 -9999.0 -9999.0 -9999.0 -9999.0 -9999.0 -4.840559 -2.608095 -2.116525 -0.599440 -1.344831 -0.772448 -0.427500 -0.597820 -0.342989 2.362253 3.211359 0.412662 -0.018285 -0.021628 -0.034917 -0.048492 -1.705568 -3.874310 -3.301297 -0.795723 -0.109566 -0.045029 -1.904802 -6.578353 -10.346775 -8.945268 -7.040903 -3.731721 -2.568011 -2.167731 -0.585020 -0.181624 -0.337648 -0.679902 0.995043 0.347836 -0.605032 -1.376778 -1.879513 -1.835424 -0.041842 -3.024091 -7.614561 -11.742467 -10.811731 -8.835530 -7.317982 -6.185152 -7.139267 -8.474788 -9999.0 -9999.0 -9999.0 -9999.0
-9999.0 -9999.0 -9999.0 -9999.0 -9999.0 -9999.0 -9999.0 -9999.0 -9999.0 -6.176243 -5.029448 -3.330433 -1.349429 -0.093462 -0.692691 -1.370383 -1.335401 -0.032078 2.995523 1.335929 0.981159 0.154700 -0.017310 -0.299343 -1.318306 -2.692574 -1.266265 -0.212906 -0.031804 -0.180267 -0.969377 -2.285470 -4.722047 -6.882398 -5.606188 -7.059567 -6.501510 -5.184456 -5.038344 -2.680216 -1.483857 -2.997744 -1.127793 -0.026484 1.623523 0.498716 0.162462 -0.035229 -0.096326 -0.038754 -3.151019 -6.550073 -10.234491 -8.994536 -7.587670 -8.227914 -6.128644 -5.247472 -6.092699 -9999.0 -9999.0 -9999.0 -9999.0
-9999.0 -9999.0 -9999.0 -9999.0 -9999.0 -9999.0 -9999.0 -9999.0 -9999.0 -9999.0 -5.613423 -3.294127 -0.314861 -0.731724 -0.063267 -0.464773 -0.112029 0.002305 3.858516 2.510764 1.078252 1.532223 -0.033708 -0.334815 -2.182850 -0.373302 -0.042032 -0.019083 -1.045298 -1.830980 -2.186135 -3.413830 -4.902219 -6.240872 -4.085391 -3.027262 -3.244059 -2.339576 -6.470381 -5.201909 -5.649869 -3.044230 -1.966458 -0.547163 -0.025295 -0.022895 0.462504 -0.003256 0.838580 -0.042784 -2.101219 -5.632165 -8.969317 -9.916495 -9.122388 -6.948142 -4.382462 -2.043854 -2.346357 -0.316785 -9999.0 -9999.0 -9999.0
-9999.0 -9999.0 -9999.0 -9999.0 -9999.0 -9999.0 -9999.0 -9999.0 -9999.0 -9999.0 -5.831506 -4.585297 -3.465575 -0.163200 -0.050278 -0.021575 -0.025322 1.505652 4.243072 3.550972 2.562013 0.265248 -0.045339 -1.028738 -0.374880 -0.032317 0.178906 -0.023847 -1.523409 -4.576321 -5.272818 -3.546717 -6.433785 -7.085457 -5.184023 -2.659035 -2.065887 -0.611752 -3.150041 -6.119510 -4.930365 -4.086754 -1.721775 -3.707777 -2.116725 -0.469429 -0.149469 -0.025025 1.785257 0.560275 -0.046649 -3.056044 -5.189280 -8.439452 -10.591186 -9.751232 -6.995604 -1.866106 0.619228 0.301251 -9999.0 -9999.0 -9999.0
-9999.0 -9999.0 -9999.0 -9999.0 -9999.0 -9999.0 -9999.0 -9999.0 -4.112936 -5.464567 -6.405653 -4.001759 -3.706828 -1.494552 -0.070444 0.865961 1.868374 1.066472 3.235664 4.043849 4.347565 3.013610 1.835272 -0.015444 -0.037447 1.305710 -0.047181 -1.038260 -2.711624 -4.535187 -9.517754 -5.202086 -5.177178 -6.768484 -4.757162 -4.864550 -1.496535 -0.559424 -2.796644 -7.094486 -5.739822 -2.958285 -4.533127 -6.598489 -4.685780 -2.532388 -2.601992 -1.169745 -0.023195 0.805114 -0.035464 -0.940284 -4.754504 -7.002081 -9.254726 -6.221090 -6.799778 -2.093287 -0.032423 2.932006 -9999.0 -9999.0 -9999.0
-9999.0 -9999.0 -9999.0 -9999.0 -9999.0 -9999.0 -9999.0 -9999.0 -4.017901 -2.318378 -4.028176 -6.209939 -4.890986 -3.047467 -1.166010 -0.023340 0.771800 1.376483 4.746361 4.585008 3.092815 2.316065 0.825610 -0.008387 2.262132 2.263394 0.230625 -0.798669 -6.286884 -6.046261 -6.840123 -6.614177 -4.672929 -6.413482 -4.186542 -3.589489 -0.552710 -0.405166 -1.038216 -4.103190 -5.368818 -8.064177 -6.210729 -3.913336 -3.355560 -1.784752 -4.900383 -4.211394 -0.742245 0.961013 0.355182 -0.688626 -5.705612 -6.848044 -4.760255 -4.456212 -1.956489 -0.153799 1.085456 3.499384 4.616790 -9999.0 -9999.0
-9999.0 -9999.0 -9999.0 -9999.0 -9999.0 -9999.0 -9999.0 -9999.0 -5.154731 -4.254028 -3.851457 -4.840081 -5.341155 -4.237344 -1.463895 -1.026705 -0.021282 0.510945 4.656473 3.271868 5.056819 3.260533 2.634007 3.129894 1.498289 2.030740 -0.008928 -1.474661 -5.259515 -5.204312 -6.028959 -3.014632 -3.252930 -2.842779 -2.899311 -2.635244 -0.057992 1.044262 -0.036322 -1.613875 -4.230148 -5.886386 -4.111603 -4.444191 -2.564122 -4.141732 -7.019710 -5.112370 -3.310723 -0.028673 1.933781 -0.039841 -5.162507 -5.558890 -3.251100 -1.571329 -0.017346 0.964996 3.114922 3.712207 4.147185 -9999.0 -9999.0
-9999.0 -9999.0 -9999.0 -9999.0 -9999.0 -9999.0 -9999.0 -9999.0 -7.882240 -3.900534 -1.282284 -6.348147 -4.579977 -1.968719 -0.474464 -0.013458 3.160866 4.422805 1.884041 4.993328 4.475461 4.894115 3.398387 2.828617 2.723856 0.315036 -0.094385 -2.240521 -3.351171 -1.458776 -1.861543 -1.084916 -0.096061 -0.514742 -0.696615 -1.915188 -0.190439 2.802532 -0.003069 -0.343365 -3.552377 -3.268756 -3.277081 -4.781661 -4.903629 -5.783562 -4.105856 -5.030671 -4.830398 -2.052090 -0.026298 1.519393 -0.039001 -1.766895 -0.029524 0.204228 1.738866 3.462482 4.475257 3.919185 2.992688 1.767469 -9999.0
-9999.0 -9999.0 -9999.0 -9999.0 -9999.0 -9999.0 -9999.0 -9999.0 -7.779677 -4.268551 -2.526852 -1.804137 -0.617833 -0.085338 -0.169528 0.586063 0.439664 1.523718 -0.006046 1.772452 3.964244 4.215616 4.518024 4.205781 0.655937 -0.022853 -1.343324 -0.391178 -0.059398 -0.930893 -0.455539 -0.040586 0.523317 -0.017834 -0.040682 -0.022563 0.718908 4.770679 4.217194 0.363240 -0.036227 -0.042697 -0.032073 -0.085987 -2.000244 -2.583628 -0.871025 -0.237651 -0.985494 -0.044728 -0.002639 0.905503 1.274854 0.287003 0.922275 1.226419 1.939826 2.711709 3.317574 2.951319 3.000938 1.195100 -9999.0
-9999.0 -9999.0 -4.768625 -4.196413 -4.490350 -2.884351 -4.124195 -3.776066 -6.077750 -5.049948 -2.191771 -0.327275 -0.067197 -0.564921 -0.019076 0.185611 -0.029582 -1.446229 -1.221662 -0.021721 1.668505 4.357878 3.372919 5.480148 2.220367 1.003614 -0.024745 -0.020988 1.300513 -0.037776 -0.031692 -0.007946 1.017478 2.027406 1.919381 3.353528 4.184227 7.222397 6.227656 3.318392 1.908985 1.933253 2.707138 0.702594 -0.023438 -0.043607 -0.002196 0.768656 0.701528 1.695379 2.374416 2.194891 1.630987 1.187219 1.134675 0.969398 1.733892 2.107371 1.696670 2.372689 -0.003097 0.459701 -9999.0
-9999.0 -1.310311 -1.518852 -1.938462 -2.738691 -2.377220 -4.112821 -4.176015 -5.193849 -6.149177 -3.206736 -1.077564 -0.038826 -0.728649 -0.065791 -0.474087 -2.146866 -3.205763 -1.903611 -0.027757 1.464539 3.007650 1.294776 3.458676 2.018988 1.893653 0.257841 0.559068 2.212015 1.202498 0.977324 0.995351 2.455727 3.099968 4.706755 5.893763 7.426954 10.328574 7.534818 6.019963 5.208137 5.044817 4.339962 3.550601 2.347058 2.720971 2.449144 4.823631 3.873120 4.761814 2.979307 2.236226 1.493150 0.764565 0.707184 0.264632 0.274585 0.611945 -0.000999 -0.058275 -0.005885 0.252902 -9999.0
-9999.0 -1.391015 -1.504744 -0.503199 -1.104018 -2.097659 -2.772304 -4.714581 -6.408936 -6.507578 -3.771655 -1.468096 -0.016713 -0.063326 -0.134026 -3.574075 -3.970737 -3.518189 -0.784335 -0.022865 -0.105065 1.129562 1.938064 0.724042 1.186131 1.983283 4.816711 4.106685 3.583992 5.484079 5.833935 5.533591 4.204681 5.092460 5.534971 7.937022 9.022416 10.072167 10.173642 9.295537 8.492544 7.594391 6.504166 7.251390 7.311449 7.080126 5.081302 4.893290 4.402174 3.741838 2.148125 1.237355 0.365920 1.025121 0.268044 -0.058771 -0.073251 -0.070545 -0.048886 -0.165650 -0.044322 -9999.0 -9999.0
