user2019/resources/simulation/Vinschgau/output-maps/TL0003N0923.asc
ncols         63
nrows         48
xllcorner     598000.000000
yllcorner     5145000.000000
cellsize      1000.000000
NODATA_value  -9999.0
[rows 0 to 27 of 48, columns 0 to 62 of 63]
-9999.0 -9999.0 -9999.0 -9999.0 -9999.0 -9999.0 -9999.0 -9999.0 -9999.0 -9999.0 -9999.0 -9999.0 -9999.0 -9999.0 -9999.0 -9999.0 -9999.0 -9999.0 -9999.0 -9999.0 -9999.0 -9999.0 -9999.0 -9999.0 -9999.0 -9999.0 -9999.0 -9999.0 -9999.0 -9999.0 -9999.0 -9999.0 -9999.0 -9999.0 -9999.0 -9999.0 -9999.0 -9999.0 -9999.0 -9999.0 -9999.0 -9999.0 -9999.0 -9999.0 -9999.0 -9999.0 -9999.0 -9999.0 -9999.0 -9999.0 -9999.0 -9999.0 -9999.0 -9999.0 -9999.0 -9999.0 -9999.0 -9999.0 -9999.0 -9999.0 -9999.0 -9999.0 -9999.0
-9999.0 -9999.0 -9999.0 -9999.0 -9999.0 -9999.0 -9999.0 -9999.0 -9999.0 -9999.0 -9999.0 -9999.0 -9999.0 -9999.0 -9999.0 -9999.0 -9999.0 -9999.0 -9999.0 -9999.0 -9999.0 -9999.0 -9999.0 -9999.0 -9999.0 -9999.0 -9999.0 -4.437559 -3.167296 -3.568534 -3.810913 -4.577143 -5.095392 -9999.0 -9999.0 -9999.0 -9999.0 -9999.0 -9999.0 -9999.0 -9999.0 -9999.0 -9999.0 -9999.0 -9999.0 -9999.0 -9999.0 -9999.0 -9999.0 -9999.0 -9999.0 -9999.0 -9999.0 -9999.0 -9999.0 -9999.0 -9999.0 -9999.0 -9999.0 -9999.0 -9999.0 -9999.0 -9999.0
-9999.0 -9999.0 -9999.0 -9999.0 -9999.0 -9999.0 -9999.0 -9999.0 -9999.0 -9999.0 -9999.0 -9999.0 -9999.0 -9999.0 -9999.0 -9999.0 -9999.0 -9999.0 -9999.0 -9999.0 -9999.0 -9999.0 -9999.0 -9999.0 -2.466112 -2.215445 -1.772717 -2.415066 -1.751662 -3.714179 -4.119634 -9999.0 -9999.0 -9999.0 -9999.0 -9999.0 -9999.0 -9999.0 -9999.0 -9999.0 -9999.0 -9999.0 -9999.0 -9999.0 -9999.0 -9999.0 -9999.0 -9999.0 -9999.0 -9999.0 -9999.0 -9999.0 -9999.0 -9999.0 -9999.0 -9999.0 -9999.0 -9999.0 -9999.0 -9999.0 -9999.0 -9999.0 -9999.0
-9999.0 -9999.0 -9999.0 -9999.0 -9999.0 -9999.0 -9999.0 -9999.0 -9999.0 -9999.0 -9999.0 -9999.0 -9999.0 -9999.0 -9999.0 -9999.0 -9999.0 -9999.0 -9999.0 -9999.0 -9999.0 -9999.0 -9999.0 -2.123556 -0.985040 -0.007608 0.742113 1.431125 0.101524 -1.909771 -4.020186 -4.622547 -9999.0 -9999.0 -9999.0 -9999.0 -9999.0 -9999.0 -9999.0 -9999.0 -9999.0 -9999.0 -9999.0 -9999.0 -9999.0 -9999.0 -9999.0 -9999.0 -9999.0 -9999.0 -9999.0 -9999.0 -9999.0 -9999.0 -9999.0 -9999.0 -9999.0 -9999.0 -9999.0 -9999.0 -9999.0 -9999.0 -9999.0
-9999.0 -9999.0 -9999.0 -9999.0 -9999.0 -9999.0 -9999.0 -9999.0 -9999.0 -9999.0 -9999.0 -9999.0 -9999.0 -9999.0 -9999.0 -9999.0 -9999.0 -9999.0 -0.022691 -1.490894 -9999.0 -1.776157 -1.144950 -0.015089 0.121982 1.271723 -0.020107 -0.023445 -0.007000 -0.036259 -2.229289 -3.748633 -5.486672 -7.157352 -9999.0 -9999.0 -9999.0 -9999.0 -9999.0 -9999.0 -9999.0 -9999.0 -9999.0 -9999.0 -9999.0 -9999.0 -9999.0 -9999.0 -9999.0 -9999.0 -9999.0 -9999.0 -9999.0 -9999.0 -9999.0 -9999.0 -9999.0 -9999.0 -9999.0 -9999.0 -9999.0 -9999.0 -9999.0
-9999.0 -9999.0 -9999.0 -9999.0 -9999.0 -9999.0 -9999.0 -9999.0 -9999.0 -9999.0 -9999.0 -9999.0 -9999.0 -9999.0 -9999.0 -9999.0 -9999.0 4.191714 2.633742 1.337968 -1.855482 -0.060006 -0.036998 -0.020467 -0.015413 -0.022930 -0.165063 -0.050769 -0.068277 -0.018334 -0.681604 -2.098220 -3.962410 -4.312300 -6.087021 -7.154729 -9999.0 -9999.0 -9999.0 -9999.0 -9999.0 -9999.0 -9999.0 -9999.0 -9999.0 -9999.0 -9999.0 -9999.0 -9999.0 -9999.0 -9999.0 -9999.0 -9999.0 -9999.0 -9999.0 -9999.0 -9999.0 -9999.0 -9999.0 -9999.0 -9999.0 -9999.0 -9999.0
-9999.0 -9999.0 -9999.0 -9999.0 -9999.0 -9999.0 -9999.0 -9999.0 -9999.0 -9999.0 -9999.0 -9999.0 -9999.0 -0.699752 -0.017380 1.964860 3.686199 4.445881 3.772678 -0.011058 -0.006360 -0.011905 0.147437 -0.017460 -0.026896 -1.217631 -2.147373 -0.793868 -0.903847 -0.071723 -1.621213 -3.081478 -2.900961 -5.059765 -5.053767 -7.414647 -9999.0 -9999.0 -9999.0 -9999.0 -9999.0 -9999.0 -9999.0 -9999.0 -9999.0 -9999.0 -9999.0 -9999.0 -9999.0 -9999.0 -9999.0 -9999.0 -9999.0 -9999.0 -9999.0 -9999.0 -9999.0 -9999.0 -9999.0 -9999.0 -9999.0 -9999.0 -9999.0
-9999.0 -9999.0 -9999.0 -9999.0 -9999.0 -9999.0 -9999.0 -9999.0 -9999.0 -9999.0 -9999.0 -9999.0 -9999.0 -0.074017 1.263982 2.872097 2.990006 3.458397 4.503346 1.508291 2.764177 0.835404 1.037141 -0.003942 -0.088858 -0.128865 -3.131549 -3.948208 -5.069473 -1.659672 -1.113500 -3.632929 -5.422404 -9.088951 -6.508797 -9999.0 -9999.0 -9999.0 -9999.0 -9999.0 -9999.0 -9999.0 -9999.0 -9999.0 -9999.0 -9999.0 -9999.0 -9999.0 -9999.0 -9999.0 -9999.0 -9999.0 -9999.0 -9999.0 -9999.0 -9999.0 -9999.0 -9999.0 -9999.0 -9999.0 -9999.0 -9999.0 -9999.0
-9999.0 -9999.0 -9999.0 -9999.0 -9999.0 -9999.0 -9999.0 -9999.0 -9999.0 -9999.0 -9999.0 -9999.0 -9999.0 0.821520 0.706155 1.960088 2.401818 3.221355 4.714650 3.641262 1.273865 -0.024569 -0.025154 -0.046758 -0.022287 -0.026812 -2.829466 -5.318638 -4.604679 -7.996507 -4.162505 -9.767054 -10.093732 -12.815638 -7.852182 -9999.0 -9999.0 -9999.0 -9999.0 -9999.0 -9999.0 -9999.0 -9999.0 -9999.0 -9999.0 -9999.0 -9999.0 -9999.0 -9999.0 -9999.0 -9999.0 -9999.0 -9999.0 -9999.0 -9999.0 -9999.0 -9999.0 -9999.0 -9999.0 -9999.0 -9999.0 -9999.0 -9999.0
-9999.0 -9999.0 -9999.0 -9999.0 -9999.0 -9999.0 -9999.0 -9999.0 -9999.0 -9999.0 -9999.0 -9999.0 -0.018928 -0.047109 1.424408 -0.011018 0.677531 2.634782 4.007524 2.425247 -0.010770 -0.082450 -0.712991 -0.316300 -1.720298 -3.201915 -3.312111 -4.251401 -2.698628 -5.610837 -9.696880 -5.741682 -4.711382 -8.001102 -9999.0 -9999.0 -9999.0 -9999.0 -9999.0 -9999.0 -9999.0 -9999.0 -9999.0 -9999.0 -9999.0 -9999.0 -9999.0 -9999.0 -9999.0 -9999.0 -9999.0 -9999.0 -9999.0 -9999.0 -9999.0 -9999.0 -9999.0 -9999.0 -9999.0 -9999.0 -9999.0 -9999.0 -9999.0
-9999.0 -9999.0 -9999.0 -9999.0 -9999.0 -9999.0 -9999.0 -9999.0 -9999.0 -9999.0 -9999.0 -0.368922 0.660393 0.718542 0.683145 -0.050327 1.211154 2.614046 3.899383 1.766919 1.358309 -0.011662 -1.991845 -2.763369 -0.156989 -2.490529 -4.561237 -3.346273 -4.139758 -7.087688 -5.941302 -2.604083 -4.947162 -6.665904 -6.048177 -4.694980 -4.346400 -3.360923 -3.114213 -9999.0 -9999.0 -9999.0 -6.784138 -9999.0 -9999.0 -9999.0 -9999.0 -9999.0 -9999.0 -9999.0 -9999.0 -9999.0 -9999.0 -9999.0 -9999.0 -9999.0 -9999.0 -9999.0 -9999.0 -9999.0 -9999.0 -9999.0 -9999.0
-9999.0 -9999.0 -9999.0 -9999.0 -9999.0 -9999.0 -9999.0 -9999.0 -9999.0 -9999.0 -9999.0 -0.789627 1.019309 2.254854 2.173197 -0.487476 3.572353 3.512367 4.112964 2.661792 1.317087 -0.068629 -1.736415 -2.776244 -1.921070 -3.281659 -3.651463 -2.392637 -3.364405 -6.690418 -3.384660 -3.458865 -4.629056 -5.377069 -6.019772 -3.400915 -1.854493 -1.873384 -3.131823 -6.374585 -6.309722 -6.795492 -3.634236 -5.489506 -9999.0 -9999.0 -9999.0 -7.433059 -6.295849 -5.988824 -5.378399 -6.954243 -7.160601 -7.004637 -6.691964 -7.605700 -9999.0 -9999.0 -9999.0 -9999.0 -9999.0 -9999.0 -9999.0
-9999.0 -9999.0 -9999.0 -9999.0 -9999.0 -9999.0 -9999.0 -9999.0 -9999.0 -9999.0 -9999.0 -1.616499 -0.770785 -0.078078 -0.059591 -0.083006 -0.008224 2.822162 3.112962 2.694078 1.441050 -0.029598 -1.500066 -2.439256 -3.326100 -4.266234 -1.827367 -3.605997 -4.595822 -5.714539 -5.032627 -4.100220 -2.254028 -5.100192 -5.517138 -2.086242 -3.220511 -2.739264 -1.280652 -4.886047 -2.935797 -4.415231 -2.263706 -3.215540 -5.212556 -9999.0 -7.986943 -5.192947 -3.670198 -2.604568 -2.345925 -3.070981 -3.162390 -3.856186 -4.011386 -4.934497 -9999.0 -9999.0 -9999.0 -9999.0 -9999.0 -9999.0 -9999.0
-9999.0 -9999.0 -9999.0 -9999.0 -9999.0 -9999.0 -9999.0 -9999.0 -9999.0 -9999.0 -9999.0 -9999.0 -0.450413 -0.294394 -0.215180 -0.123506 -0.006872 2.013261 3.652049 2.697099 1.246757 -0.023353 -0.145633 -0.951312 -3.170631 -1.963430 -1.848122 -2.646207 -3.936752 -5.412739 -3.635725 -3.877711 -2.302244 -4.191250 -4.767238 -3.040107 -1.786482 -2.514645 -0.055433 -2.354810 -1.655147 -2.932287 -1.146537 -1.602234 -5.036141 -5.431647 -6.376797 -5.059169 -3.127554 -1.270885 -0.348578 -3.725997 -2.852423 -4.401641 -3.761675 -3.837069 -4.842840 -9999.0 -9999.0 -9999.0 -9999.0 -9999.0 -9999.0
-9999.0 -9999.0 -9999.0 -9999.0 -9999.0 -9999.0 -9999.0 -9999.0 -9999.0 -9999.0 -9999.0 -0.775045 -2.065443 -0.819692 -0.414838 -0.032284 -0.014304 1.217957 3.055539 3.338856 1.617609 -0.005743 -0.276795 -1.903664 -1.767576 -0.531095 -0.544743 -4.184641 -4.367017 -3.916703 -1.950113 -3.010727 -2.121131 -4.052768 -6.086208 -3.439257 -3.281530 -1.082749 -0.030877 -0.589267 -1.115632 -0.058136 -0.522418 -1.183108 -1.107477 -3.995077 -2.919331 -3.754675 -2.889106 -0.165499 -4.083762 -3.941374 -6.386533 -7.168147 -8.108010 -9.176564 -5.617663 -9999.0 -9999.0 -9999.0 -9999.0 -9999.0 -9999.0
-9999.0 -9999.0 -9999.0 -9999.0 -9999.0 -9999.0 -9999.0 -9999.0 -9999.0 -9999.0 -1.498984 -0.353556 -1.584267 -1.556064 -0.332034 -0.782708 -0.822258 -0.017361 2.772254 2.981964 1.194418 -0.010951 -0.655188 -0.519363 -0.061313 -1.686788 -2.511797 -5.032890 -2.408263 -1.714806 -2.452670 -2.543789 -1.648183 -4.078766 -7.622329 -4.997050 -2.220379 -1.494896 -0.066473 -0.022715 -0.021513 -0.002026 1.051105 0.430360 -0.122648 -3.728469 -2.831838 -0.970462 -0.606549 -0.060121 -6.247202 -6.214740 -8.585472 -9.960463 -9.397557 -4.101373 -3.901343 -9999.0 -9999.0 -9999.0 -9999.0 -9999.0 -9999.0
-9999.0 -9999.0 -9999.0 -9999.0 -9999.0 -9999.0 -9999.0 -9999.0 -9999.0 -3.096512 -1.025182 -1.946582 -1.622274 -0.802718 -0.577906 -0.522755 -0.225741 -0.044918 2.544606 3.355215 1.562232 -0.011678 -0.013389 -0.020093 -0.028134 -1.562132 -3.379406 -1.673932 -0.332721 -0.046070 -0.026515 -1.756859 -4.736158 -9.197229 -6.533485 -5.072742 -2.028938 -2.045797 -1.676262 -0.215160 -0.083116 -0.271430 -0.542516 1.137895 0.482704 -0.213211 -0.215163 -1.358272 -1.333756 -0.025216 -2.458322 -5.682096 -10.918932 -8.535968 -6.894731 -6.464892 -5.484718 -5.216033 -6.482756 -9999.0 -9999.0 -9999.0 -9999.0
-9999.0 -9999.0 -9999.0 -9999.0 -9999.0 -9999.0 -9999.0 -9999.0 -9999.0 -4.754807 -3.249892 -1.683894 -0.313201 -0.038904 -0.270102 -0.834419 -0.320571 -0.017476 3.147449 2.502745 2.136224 1.332855 -0.006860 -0.046730 -1.175695 -2.198402 -0.740397 -0.065885 -0.017913 -0.043424 -0.197262 -2.137490 -3.014419 -5.017034 -3.809132 -5.034007 -4.507456 -3.250496 -3.320942 -2.001424 -0.980502 -2.480766 -0.611466 -0.013367 1.745497 0.951408 0.609674 -0.021085 -0.040570 -0.023974 -3.001779 -6.112910 -8.132310 -7.185355 -5.785240 -7.451003 -5.347598 -4.442464 -4.193779 -9999.0 -9999.0 -9999.0 -9999.0
-9999.0 -9999.0 -9999.0 -9999.0 -9999.0 -9999.0 -9999.0 -9999.0 -9999.0 -9999.0 -3.815691 -1.653992 -0.095712 -0.609993 -0.032257 -0.213033 -0.044159 0.384875 4.035293 2.971384 2.190962 1.757612 -0.024779 -0.219504 -1.814718 -0.118123 -0.024984 -0.009021 -0.235230 -1.695161 -2.045197 -3.351789 -4.480421 -4.479724 -2.349488 -2.292578 -1.665814 -1.204749 -4.487215 -3.485918 -3.944373 -1.569040 -0.755593 -0.191539 -0.019286 -0.015362 0.603791 0.564596 1.264926 -0.025515 -1.953154 -5.301149 -6.980500 -7.937486 -7.352242 -5.248386 -2.770591 -1.684107 -1.975978 -0.097734 -9999.0 -9999.0 -9999.0
-9999.0 -9999.0 -9999.0 -9999.0 -9999.0 -9999.0 -9999.0 -9999.0 -9999.0 -9999.0 -4.036074 -2.835915 -1.833346 -0.059537 -0.018267 -0.013227 -0.017559 1.647253 4.408990 4.078951 2.713313 0.446481 -0.030682 -0.471891 -0.118516 -0.017312 0.612111 -0.018518 -1.383356 -4.166015 -3.574981 -1.787310 -5.509075 -5.198707 -3.467456 -2.352128 -1.636535 -0.726753 -2.597312 -4.330996 -3.180305 -2.758546 -1.195460 -2.052913 -0.777499 -0.332394 -0.054622 -0.019069 1.944190 0.965926 -0.029889 -2.653570 -4.784436 -6.508921 -8.573196 -7.750163 -5.332629 -1.467421 0.698813 0.681884 -9999.0 -9999.0 -9999.0
-9999.0 -9999.0 -9999.0 -9999.0 -9999.0 -9999.0 -9999.0 -9999.0 -2.368710 -3.654562 -4.567444 -2.311428 -3.324934 -0.952520 -0.051807 0.990855 2.021891 2.261415 3.681063 4.568728 4.490739 3.205156 2.040443 -0.009398 -0.022270 1.410441 -0.018371 -0.902358 -2.288316 -4.123794 -8.496416 -3.490704 -3.428297 -4.904714 -3.009421 -3.173780 -0.312995 -0.712169 -2.643269 -5.058556 -3.835857 -1.465193 -4.098998 -4.721286 -2.771384 -1.302521 -2.459168 -0.682979 -0.017650 1.180836 -0.022406 -0.802473 -5.327508 -6.568903 -7.294678 -4.478712 -4.919933 -0.755833 -0.018255 3.049393 -9999.0 -9999.0 -9999.0
-9999.0 -9999.0 -9999.0 -9999.0 -9999.0 -9999.0 -9999.0 -9999.0 -3.648064 -1.794395 -3.567536 -4.441433 -3.159753 -2.703647 -1.026908 -0.015605 0.929138 1.544648 4.889791 5.107196 4.772472 3.716812 2.479623 0.893043 2.428337 2.400930 0.355395 -0.349026 -5.621775 -4.242645 -5.017869 -4.593823 -2.894767 -4.413754 -2.423121 -1.903558 -0.187646 -0.164228 -0.683466 -2.313876 -3.598940 -7.186826 -4.289795 -2.175124 -2.349019 -1.400653 -4.471075 -2.560585 -0.322996 1.083887 0.762832 -0.389944 -5.245631 -5.103643 -3.083828 -3.513599 -1.594627 -0.055147 1.488903 3.887695 5.094468 -9999.0 -9999.0
-9999.0 -9999.0 -9999.0 -9999.0 -9999.0 -9999.0 -9999.0 -9999.0 -3.472080 -3.020415 -2.621943 -4.382743 -3.926645 -3.817067 -0.950034 -0.883583 -0.012623 1.001045 4.792861 4.823584 5.573415 4.502147 4.001067 3.709232 2.664724 2.195354 -0.005571 -1.333712 -5.103596 -3.397744 -4.051714 -2.202684 -2.708403 -2.261866 -1.712978 -1.378253 -0.036036 1.155101 -0.029231 -1.075212 -2.450436 -3.897311 -2.362174 -3.171147 -2.064275 -2.436168 -5.002433 -3.363863 -2.916317 -0.021245 2.037053 -0.024260 -4.485274 -5.158454 -2.509178 -0.850734 -0.008066 1.378410 3.520261 4.090489 4.537232 -9999.0 -9999.0
-9999.0 -9999.0 -9999.0 -9999.0 -9999.0 -9999.0 -9999.0 -9999.0 -5.976052 -2.264168 -0.754535 -6.104305 -2.786759 -1.485603 -0.335661 -0.007875 3.321321 4.561876 2.931293 5.113611 4.971411 5.385295 4.542594 4.057024 2.875289 0.448192 -0.054113 -2.088433 -1.768422 -0.929067 -1.339815 -0.573396 -0.045736 -0.336278 -0.251163 -0.752966 -0.037860 2.955735 0.048684 -0.100995 -1.818950 -1.621327 -1.626471 -2.776634 -3.090240 -3.811491 -2.346136 -3.102290 -3.088447 -1.588124 -0.019196 1.626118 -0.023960 -1.476593 -0.020280 0.612850 2.146924 3.647602 4.620217 4.307757 3.394297 1.892220 -9999.0
-9999.0 -9999.0 -9999.0 -9999.0 -9999.0 -9999.0 -9999.0 -9999.0 -5.971218 -2.632535 -2.134351 -1.662989 -0.482894 -0.076310 -0.039719 1.001924 1.402494 1.669544 0.097192 1.937478 4.092999 4.695295 5.014510 4.710865 1.817847 -0.014658 -1.194046 -0.125619 -0.031081 -0.048989 -0.314496 -0.024746 0.940183 -0.009198 -0.024251 -0.010445 1.204214 5.034018 4.537298 0.824794 -0.021275 -0.025387 -0.028296 -0.043637 -1.472029 -1.178744 -0.387453 -0.071789 -0.488100 -0.026420 0.201464 1.027195 1.383995 0.692970 1.277679 1.580403 2.321832 3.107513 3.707067 3.358079 3.149278 1.323122 -9999.0
-9999.0 -9999.0 -2.990374 -2.460864 -4.101669 -2.382025 -3.741726 -3.331412 -4.284679 -3.380952 -1.761790 -0.216994 -0.134482 -0.056243 -0.007279 0.563731 -0.022238 -1.314685 -0.728723 -0.013564 1.832372 4.552003 3.789550 5.604732 2.752704 1.160958 -0.016685 -0.012466 1.429123 -0.013315 -0.023428 -0.005159 2.038032 2.191049 2.379149 3.536605 4.645917 7.425595 6.438839 3.587376 2.398748 2.390718 2.862166 1.161144 -0.015386 -0.025769 0.296864 0.894563 1.155445 2.120183 2.799245 2.619608 2.038378 1.590271 1.519457 2.323881 2.110965 2.492100 2.105459 2.499598 0.774646 0.591164 -9999.0
-9999.0 -0.782752 -1.238245 -1.561437 -2.233611 -1.393946 -3.738231 -3.749437 -4.744389 -4.425755 -2.829575 -0.947180 -0.026490 -0.155014 -0.026705 -0.351237 -1.808677 -2.714444 -1.366592 -0.020330 1.608185 3.187614 2.215856 3.626395 3.219101 2.418821 1.471362 1.756400 2.665603 1.656646 1.472261 1.482589 2.904273 4.197933 5.162331 6.337771 7.889906 10.491284 7.959527 6.467281 5.680517 5.495962 4.784403 3.795841 2.541754 2.878989 2.885380 5.044656 4.302244 4.928458 3.375900 2.622310 1.877283 1.153370 1.091346 0.650696 0.377229 0.716039 0.309011 -0.024518 -0.004385 0.385664 -9999.0
-9999.0 -0.290471 -1.172126 -0.676450 -0.252087 -1.446320 -2.623070 -4.263337 -4.588131 -4.705918 -3.371579 -1.332702 -0.012134 -0.025372 -0.084126 -4.079617 -3.554896 -3.055950 -0.340194 -0.028217 -0.020053 1.248437 2.076092 1.390856 2.673789 3.560036 4.942276 4.616906 4.014171 5.651090 5.965353 5.680580 4.636265 5.513418 6.616811 8.346476 10.551864 11.618206 10.575933 9.796506 8.917858 8.014421 6.959756 7.386147 7.435025 7.212587 5.500873 5.298042 4.792242 4.129611 2.547541 1.350036 0.472211 1.116886 0.367114 -0.039769 -0.625431 -0.058020 -0.034603 -0.089428 -0.033725 -9999.0 -9999.0
