user2019/resources/simulation/Vinschgau/output-maps/TL0005N0771.asc
ncols         63
nrows         48
xllcorner     598000.000000
yllcorner     5145000.000000
cellsize      1000.000000
NODATA_value  -9999.0
[rows 0 to 27 of 48, columns 0 to 62 of 63]
-9999.0 -9999.0 -9999.0 -9999.0 -9999.0 -9999.0 -9999.0 -9999.0 -9999.0 -9999.0 -9999.0 -9999.0 -9999.0 -9999.0 -9999.0 -9999.0 -9999.0 -9999.0 -9999.0 -9999.0 -9999.0 -9999.0 -9999.0 -9999.0 -9999.0 -9999.0 -9999.0 -9999.0 -9999.0 -9999.0 -9999.0 -9999.0 -9999.0 -9999.0 -9999.0 -9999.0 -9999.0 -9999.0 -9999.0 -9999.0 -9999.0 -9999.0 -9999.0 -9999.0 -9999.0 -9999.0 -9999.0 -9999.0 -9999.0 -9999.0 -9999.0 -9999.0 -9999.0 -9999.0 -9999.0 -9999.0 -9999.0 -9999.0 -9999.0 -9999.0 -9999.0 -9999.0 -9999.0
-9999.0 -9999.0 -9999.0 -9999.0 -9999.0 -9999.0 -9999.0 -9999.0 -9999.0 -9999.0 -9999.0 -9999.0 -9999.0 -9999.0 -9999.0 -9999.0 -9999.0 -9999.0 -9999.0 -9999.0 -9999.0 -9999.0 -9999.0 -9999.0 -9999.0 -9999.0 -9999.0 -2.202652 -0.817918 -2.642525 -3.157085 -2.244133 -3.011447 -9999.0 -9999.0 -9999.0 -9999.0 -9999.0 -9999.0 -9999.0 -9999.0 -9999.0 -9999.0 -9999.0 -9999.0 -9999.0 -9999.0 -9999.0 -9999.0 -9999.0 -9999.0 -9999.0 -9999.0 -9999.0 -9999.0 -9999.0 -9999.0 -9999.0 -9999.0 -9999.0 -9999.0 -9999.0 -9999.0
-9999.0 -9999.0 -9999.0 -9999.0 -9999.0 -9999.0 -9999.0 -9999.0 -9999.0 -9999.0 -9999.0 -9999.0 -9999.0 -9999.0 -9999.0 -9999.0 -9999.0 -9999.0 -9999.0 -9999.0 -9999.0 -9999.0 -9999.0 -9999.0 -0.224294 -0.191923 -0.032264 -0.220305 -1.145977 -1.267537 -1.883275 -9999.0 -9999.0 -9999.0 -9999.0 -9999.0 -9999.0 -9999.0 -9999.0 -9999.0 -9999.0 -9999.0 -9999.0 -9999.0 -9999.0 -9999.0 -9999.0 -9999.0 -9999.0 -9999.0 -9999.0 -9999.0 -9999.0 -9999.0 -9999.0 -9999.0 -9999.0 -9999.0 -9999.0 -9999.0 -9999.0 -9999.0 -9999.0
-9999.0 -9999.0 -9999.0 -9999.0 -9999.0 -9999.0 -9999.0 -9999.0 -9999.0 -9999.0 -9999.0 -9999.0 -9999.0 -9999.0 -9999.0 -9999.0 -9999.0 -9999.0 -9999.0 -9999.0 -9999.0 -9999.0 -9999.0 -0.179217 -0.003752 0.852212 1.065620 1.244242 0.010692 -0.140949 -1.104750 -2.180040 -9999.0 -9999.0 -9999.0 -9999.0 -9999.0 -9999.0 -9999.0 -9999.0 -9999.0 -9999.0 -9999.0 -9999.0 -9999.0 -9999.0 -9999.0 -9999.0 -9999.0 -9999.0 -9999.0 -9999.0 -9999.0 -9999.0 -9999.0 -9999.0 -9999.0 -9999.0 -9999.0 -9999.0 -9999.0 -9999.0 -9999.0
-9999.0 -9999.0 -9999.0 -9999.0 -9999.0 -9999.0 -9999.0 -9999.0 -9999.0 -9999.0 -9999.0 -9999.0 -9999.0 -9999.0 -9999.0 -9999.0 -9999.0 -9999.0 1.020426 -0.006515 -9999.0 -0.133431 -0.004636 0.356833 0.688885 1.681831 0.574164 0.447603 0.797965 0.054851 -0.177323 -1.357800 -2.887274 -4.350448 -9999.0 -9999.0 -9999.0 -9999.0 -9999.0 -9999.0 -9999.0 -9999.0 -9999.0 -9999.0 -9999.0 -9999.0 -9999.0 -9999.0 -9999.0 -9999.0 -9999.0 -9999.0 -9999.0 -9999.0 -9999.0 -9999.0 -9999.0 -9999.0 -9999.0 -9999.0 -9999.0 -9999.0 -9999.0
-9999.0 -9999.0 -9999.0 -9999.0 -9999.0 -9999.0 -9999.0 -9999.0 -9999.0 -9999.0 -9999.0 -9999.0 -9999.0 -9999.0 -9999.0 -9999.0 -9999.0 4.241519 2.229760 1.650466 -0.492140 0.033645 0.050229 0.030644 1.072431 0.023785 0.000843 -0.014016 -0.000522 0.052030 -0.271790 -1.349594 -2.342135 -2.719704 -4.011779 -5.838311 -9999.0 -9999.0 -9999.0 -9999.0 -9999.0 -9999.0 -9999.0 -9999.0 -9999.0 -9999.0 -9999.0 -9999.0 -9999.0 -9999.0 -9999.0 -9999.0 -9999.0 -9999.0 -9999.0 -9999.0 -9999.0 -9999.0 -9999.0 -9999.0 -9999.0 -9999.0 -9999.0
-9999.0 -9999.0 -9999.0 -9999.0 -9999.0 -9999.0 -9999.0 -9999.0 -9999.0 -9999.0 -9999.0 -9999.0 -9999.0 -0.001057 0.113527 2.015406 3.829689 5.576899 3.813337 0.893005 0.649520 0.411231 0.816610 1.028102 0.017231 -0.007926 -1.181350 -2.234737 -0.002520 0.015212 -0.457278 -0.449992 -2.542590 -2.995792 -3.904170 -5.219066 -9999.0 -9999.0 -9999.0 -9999.0 -9999.0 -9999.0 -9999.0 -9999.0 -9999.0 -9999.0 -9999.0 -9999.0 -9999.0 -9999.0 -9999.0 -9999.0 -9999.0 -9999.0 -9999.0 -9999.0 -9999.0 -9999.0 -9999.0 -9999.0 -9999.0 -9999.0 -9999.0
-9999.0 -9999.0 -9999.0 -9999.0 -9999.0 -9999.0 -9999.0 -9999.0 -9999.0 -9999.0 -9999.0 -9999.0 -9999.0 0.062797 1.698627 2.704153 3.003875 4.344144 5.645853 2.359233 2.498513 1.655486 1.065530 0.037216 0.016076 -0.005293 -0.810773 -2.922539 -2.751102 -0.859776 -1.617261 -1.685574 -3.540222 -7.697451 -5.516196 -9999.0 -9999.0 -9999.0 -9999.0 -9999.0 -9999.0 -9999.0 -9999.0 -9999.0 -9999.0 -9999.0 -9999.0 -9999.0 -9999.0 -9999.0 -9999.0 -9999.0 -9999.0 -9999.0 -9999.0 -9999.0 -9999.0 -9999.0 -9999.0 -9999.0 -9999.0 -9999.0 -9999.0
-9999.0 -9999.0 -9999.0 -9999.0 -9999.0 -9999.0 -9999.0 -9999.0 -9999.0 -9999.0 -9999.0 -9999.0 -9999.0 1.345345 1.815669 2.523893 2.313186 3.205866 5.956449 3.603807 2.211460 0.198332 0.002443 0.006135 0.058180 -0.003018 -1.250552 -3.144461 -2.130860 -6.815980 -2.025927 -7.515364 -7.920886 -6.075259 -6.244767 -9999.0 -9999.0 -9999.0 -9999.0 -9999.0 -9999.0 -9999.0 -9999.0 -9999.0 -9999.0 -9999.0 -9999.0 -9999.0 -9999.0 -9999.0 -9999.0 -9999.0 -9999.0 -9999.0 -9999.0 -9999.0 -9999.0 -9999.0 -9999.0 -9999.0 -9999.0 -9999.0 -9999.0
-9999.0 -9999.0 -9999.0 -9999.0 -9999.0 -9999.0 -9999.0 -9999.0 -9999.0 -9999.0 -9999.0 -9999.0 0.078807 1.096789 1.910355 0.274981 0.668264 2.547659 5.003617 2.832197 0.645767 0.015869 -0.007403 0.000453 -0.509782 -0.834153 -1.510113 -1.874222 -2.392727 -4.110862 -5.511716 -3.474767 -3.657933 -5.556070 -9999.0 -9999.0 -9999.0 -9999.0 -9999.0 -9999.0 -9999.0 -9999.0 -9999.0 -9999.0 -9999.0 -9999.0 -9999.0 -9999.0 -9999.0 -9999.0 -9999.0 -9999.0 -9999.0 -9999.0 -9999.0 -9999.0 -9999.0 -9999.0 -9999.0 -9999.0 -9999.0 -9999.0 -9999.0
-9999.0 -9999.0 -9999.0 -9999.0 -9999.0 -9999.0 -9999.0 -9999.0 -9999.0 -9999.0 -9999.0 -0.024654 0.690000 1.232225 1.055655 0.119219 1.556745 2.475249 5.068059 2.202978 0.964304 0.272658 -0.098889 -0.691020 -1.416039 -1.094251 -3.926035 -0.929613 -1.497979 -4.956719 -3.586286 -2.321986 -3.686663 -4.258670 -4.007827 -3.480785 -2.123458 -1.601570 -1.516072 -9999.0 -9999.0 -9999.0 -4.312090 -9999.0 -9999.0 -9999.0 -9999.0 -9999.0 -9999.0 -9999.0 -9999.0 -9999.0 -9999.0 -9999.0 -9999.0 -9999.0 -9999.0 -9999.0 -9999.0 -9999.0 -9999.0 -9999.0 -9999.0
-9999.0 -9999.0 -9999.0 -9999.0 -9999.0 -9999.0 -9999.0 -9999.0 -9999.0 -9999.0 -9999.0 -0.096043 1.064513 1.324559 2.174168 -0.002152 3.321996 3.050575 5.206810 3.519970 2.308516 0.044968 -0.106461 -0.407171 -1.758545 -0.908569 -0.973728 -2.022422 -2.502814 -4.398359 -1.823960 -1.163168 -2.147325 -2.606755 -2.984064 -1.619160 -0.153185 -0.390690 -1.421872 -3.425021 -3.386997 -4.110488 -1.793506 -2.916651 -9999.0 -9999.0 -9999.0 -2.122352 -3.187017 -3.922379 -2.691153 -4.593952 -4.980848 -2.071210 -1.974852 -5.474597 -9999.0 -9999.0 -9999.0 -9999.0 -9999.0 -9999.0 -9999.0
-9999.0 -9999.0 -9999.0 -9999.0 -9999.0 -9999.0 -9999.0 -9999.0 -9999.0 -9999.0 -9999.0 -0.261964 -0.005515 -0.002384 0.113732 0.050332 0.178083 2.286562 3.762859 3.763535 1.391604 0.012329 -0.016187 -0.213570 -1.237547 -2.101420 -0.231148 -1.559829 -2.317774 -2.808100 -2.669224 -2.799887 -2.020987 -2.513407 -3.096993 -2.237000 -1.431153 -1.761490 -0.124268 -2.470356 -1.283643 -2.175442 -2.295118 -0.833785 -2.593015 -9999.0 -5.575495 -2.569218 -1.694296 -2.410409 -1.100191 -2.410100 -1.468866 -1.726598 -3.381902 -2.373456 -9999.0 -9999.0 -9999.0 -9999.0 -9999.0 -9999.0 -9999.0
-9999.0 -9999.0 -9999.0 -9999.0 -9999.0 -9999.0 -9999.0 -9999.0 -9999.0 -9999.0 -9999.0 -9999.0 -0.093547 -0.363520 0.043832 0.048016 0.011822 1.677311 4.290322 3.712541 1.058501 -0.001997 -1.086720 -0.129580 -0.484801 -0.263415 -0.160280 -1.205521 -1.834474 -2.879924 -0.970169 -1.725891 -1.013214 -1.970670 -2.335495 -1.420013 -0.312554 -0.021533 1.314946 -0.847246 -0.136856 -1.305450 -2.226376 -0.116553 -2.574960 -2.656449 -3.991007 -2.487251 -3.397076 -1.495270 0.026366 -1.651786 -1.730527 -2.006675 -3.246411 -3.154978 -1.790242 -9999.0 -9999.0 -9999.0 -9999.0 -9999.0 -9999.0
-9999.0 -9999.0 -9999.0 -9999.0 -9999.0 -9999.0 -9999.0 -9999.0 -9999.0 -9999.0 -9999.0 -0.145739 -0.147946 -0.067986 -0.334326 -0.013837 0.023953 0.921597 3.718749 3.122779 1.259638 -0.002286 -0.360022 -0.246260 -0.239879 -0.555558 -0.136966 -1.954364 -1.842969 -1.894213 -0.246448 -0.659318 -0.953015 -1.891178 -3.035349 -1.714792 -1.555998 -0.477082 0.235447 0.002035 -0.485910 0.023545 -0.340395 -0.581215 -0.003781 -1.433084 -2.588565 -1.803337 -1.305332 0.003662 -2.782709 -1.852962 -3.737222 -5.464897 -6.114840 -4.429775 -4.501221 -9999.0 -9999.0 -9999.0 -9999.0 -9999.0 -9999.0
-9999.0 -9999.0 -9999.0 -9999.0 -9999.0 -9999.0 -9999.0 -9999.0 -9999.0 -9999.0 -0.171549 -0.137149 -0.017552 -0.012142 0.025445 -0.001379 -0.003383 0.017324 2.508495 2.795575 2.229964 0.872867 -0.005513 0.012018 0.020909 -0.491341 -1.425180 -3.665103 -0.583131 -0.117911 -0.535715 -0.543169 -0.355027 -1.907507 -5.367864 -2.663943 -0.542779 -2.099948 -0.178562 0.017650 0.014811 0.541438 2.126009 0.349321 -0.002450 -1.785849 -0.703565 -2.114631 -0.520013 0.004051 -3.769326 -4.394944 -6.744332 -6.166000 -7.885792 -2.933868 -3.172618 -9999.0 -9999.0 -9999.0 -9999.0 -9999.0 -9999.0
-9999.0 -9999.0 -9999.0 -9999.0 -9999.0 -9999.0 -9999.0 -9999.0 -9999.0 -1.017670 -0.431725 -0.581459 -0.467077 -0.005371 -0.504007 -0.475418 -0.001905 0.185711 2.146539 3.239831 2.580221 0.044750 0.024356 0.073778 0.062324 -1.228795 -0.527291 -0.025327 -0.005068 -0.003935 0.009132 -1.679952 -2.489834 -6.824358 -3.967333 -2.761207 -2.039607 -2.618420 -0.238803 -0.084288 -0.485363 -0.002508 -0.004331 0.916318 0.321955 0.008932 0.045515 -0.006331 -0.006293 0.122025 -2.930396 -3.874770 -6.800111 -6.486029 -4.971698 -4.254444 -3.120704 -2.739078 -4.141944 -9999.0 -9999.0 -9999.0 -9999.0
-9999.0 -9999.0 -9999.0 -9999.0 -9999.0 -9999.0 -9999.0 -9999.0 -9999.0 -2.842883 -2.748040 -0.344234 0.161574 0.014170 -0.001739 -0.005332 0.029523 0.059847 2.669177 3.714970 3.322092 2.353281 1.200453 0.052621 -0.309551 -0.316351 -0.003536 0.025549 0.018515 0.038586 -0.006210 -2.136903 -2.662626 -2.441392 -1.868613 -2.562353 -2.249134 -1.496676 -1.124531 -0.960775 -0.178638 -1.073976 -0.003000 0.023000 1.615421 1.204957 0.823613 0.019713 0.005755 0.013451 -2.878400 -4.444383 -6.179710 -4.870975 -4.857236 -2.964420 -3.204877 -1.852297 -2.090349 -9999.0 -9999.0 -9999.0 -9999.0
-9999.0 -9999.0 -9999.0 -9999.0 -9999.0 -9999.0 -9999.0 -9999.0 -9999.0 -9999.0 -1.544107 -1.082596 -0.070259 -0.006042 0.027126 0.006758 0.021786 0.800209 3.337559 3.600789 3.084050 1.238570 0.016494 -0.002041 -0.023404 0.018834 0.010283 0.125560 -0.002754 -0.806562 -1.903551 -1.554703 -2.752282 -2.134071 -1.809847 -0.958288 -0.009009 -0.048761 -2.242865 -1.611153 -1.842520 -0.115634 -0.001561 -0.001661 -0.001510 0.019289 0.359230 1.697339 1.640470 0.012233 -1.898954 -3.389953 -4.941505 -6.075378 -4.084244 -2.713627 -1.531717 -0.466537 -0.421220 0.024827 -9999.0 -9999.0 -9999.0
-9999.0 -9999.0 -9999.0 -9999.0 -9999.0 -9999.0 -9999.0 -9999.0 -9999.0 -9999.0 -1.860808 -0.687501 -0.135884 -0.444480 1.072286 0.031663 0.027066 1.576163 3.891596 4.226013 2.603264 0.299021 0.015501 -0.002232 0.015172 0.090725 0.935852 -0.004495 -0.699061 -2.543167 -1.634450 -1.184282 -4.033450 -2.550158 -1.307965 -0.337055 -0.466463 -0.559170 -1.484165 -2.037864 -1.414983 -1.455180 -1.452163 -0.467618 -0.098503 -0.217563 -0.001771 -0.001589 1.503544 1.381038 -0.014370 -1.651088 -2.906699 -4.702820 -6.533465 -5.564496 -2.750006 -0.032933 0.744960 1.299223 -9999.0 -9999.0 -9999.0
-9999.0 -9999.0 -9999.0 -9999.0 -9999.0 -9999.0 -9999.0 -9999.0 -0.204733 -0.980089 -2.206693 -1.361244 -1.466757 -1.372005 -1.212389 1.124432 1.686388 3.184490 4.349387 4.659087 4.438812 2.648057 1.687769 0.042652 0.063860 1.440665 0.588092 -0.230876 -1.744155 -3.806123 -6.376798 -1.643340 -1.519528 -2.347890 -2.635709 -1.126946 -0.001766 -0.420939 -2.458016 -2.581708 -1.842290 -1.064127 -2.874257 -2.408012 -1.220535 -0.146929 -2.257100 -0.031272 -0.001812 1.949019 -0.003180 -2.275227 -2.331428 -5.451629 -5.136076 -2.191541 -2.556382 -0.002669 0.011227 2.577325 -9999.0 -9999.0 -9999.0
-9999.0 -9999.0 -9999.0 -9999.0 -9999.0 -9999.0 -9999.0 -9999.0 -2.442652 -1.671233 -2.161897 -2.087620 -0.804927 -0.591325 -0.281809 0.013036 0.740410 1.266518 4.165214 5.097181 5.942675 5.009483 3.641181 2.292521 2.067840 2.139281 0.272598 -0.568931 -3.020029 -1.915518 -2.436155 -2.298713 -2.532628 -2.185794 -1.428952 -0.141994 0.005149 -0.003117 -0.102566 -0.545501 -1.569273 -3.895545 -2.117710 -0.507755 -0.262777 -0.172676 -3.143963 -0.633002 -0.005261 0.895184 1.251384 -0.100650 -3.432071 -2.525092 -0.823395 -1.995096 -0.006934 0.000020 1.863898 4.615883 5.489725 -9999.0 -9999.0
-9999.0 -9999.0 -9999.0 -9999.0 -9999.0 -9999.0 -9999.0 -9999.0 -1.536236 -0.951361 -0.635126 -2.705137 -1.356038 -2.358001 -0.008496 -0.015706 0.021354 1.214102 4.460768 6.017004 5.534174 5.785115 5.010075 3.973650 3.745889 1.880827 0.034968 -0.366975 -3.266605 -0.897295 -1.971547 -0.449133 -0.890132 -1.271008 -0.099874 -0.002743 -0.316673 1.241822 -0.024802 -0.500779 -0.580113 -1.867580 -0.220640 -0.755475 -0.618690 -0.483757 -2.563020 -0.609953 -0.457332 0.011849 1.967879 -0.001990 -2.410644 -3.293780 -0.008952 -0.302101 0.038674 1.756018 3.758556 4.305824 5.127291 -9999.0 -9999.0
-9999.0 -9999.0 -9999.0 -9999.0 -9999.0 -9999.0 -9999.0 -9999.0 -3.915062 -0.540199 -0.743616 -3.313145 -1.474848 -1.216836 -0.308624 0.016277 2.677414 4.146972 3.839756 5.065207 4.998408 5.470371 5.800282 5.374354 2.742617 0.386326 0.007849 -1.806241 -0.017745 -2.064869 -0.086573 -1.894925 -1.079393 -0.005666 -0.187102 -0.001137 0.310228 2.558559 0.062111 -0.003997 -0.124990 -0.107374 -0.111767 -1.220007 -0.313743 -1.833682 -0.566173 -1.426622 -0.812490 -0.008208 0.003226 1.575978 0.008248 0.037158 0.092389 0.889705 2.264418 3.314613 4.506092 4.906927 3.780423 1.829925 -9999.0
-9999.0 -9999.0 -9999.0 -9999.0 -9999.0 -9999.0 -9999.0 -9999.0 -2.302575 -0.653387 -0.620783 -1.460824 -2.040121 -0.575856 0.108053 1.411738 2.472060 1.465245 0.052934 1.623197 3.901717 5.015321 5.205316 4.946704 2.681217 0.039459 -0.336764 0.015320 0.045951 -0.003571 -0.002102 -0.002950 0.745741 0.052811 0.030576 0.127054 1.483944 4.233923 3.516076 1.188914 0.037511 0.024855 0.010840 0.015836 -0.009218 -0.003645 -0.003319 -0.403977 -0.002200 0.006576 0.764784 1.067115 1.346795 1.134484 1.766834 2.350407 3.175142 3.839453 3.831413 3.575598 2.707884 1.140492 -9999.0
-9999.0 -9999.0 -1.061626 -0.221984 -1.818409 -0.354800 -1.667055 -3.171415 -1.189634 -0.891069 -0.340217 -0.497794 -0.524881 0.042701 1.425521 1.357554 -0.001523 -0.375425 -0.004823 0.026386 1.561310 4.039610 4.349641 5.684010 3.278447 1.029234 0.033197 0.036933 1.237487 0.568460 0.022376 0.033990 2.496811 1.776164 2.604934 3.131602 4.784822 6.220808 5.119626 2.988348 2.611765 2.598766 2.411560 1.440527 0.019016 0.033436 0.581658 0.735570 1.486402 2.488257 3.213357 3.535871 2.873368 2.470614 2.390876 3.664999 2.566262 2.890562 2.117794 2.177985 1.441970 0.463021 -9999.0
-9999.0 -0.005370 -0.151328 -0.196010 -0.317186 -1.482037 -1.665084 -1.563504 -2.759993 -2.119095 -1.011663 -0.249466 0.052528 0.647174 0.787612 -0.094506 -0.245499 -0.417711 -0.017346 0.024407 1.449571 2.647566 3.294116 3.491421 4.385375 2.935304 2.722279 2.902531 2.912535 2.113233 1.909618 1.580535 2.351227 4.321455 5.202745 6.571643 7.831800 9.096643 7.976852 6.713307 5.822557 5.534492 4.743205 3.042315 2.052102 2.589777 3.459657 4.162711 4.538606 3.781044 4.007072 3.339215 2.320846 1.724323 1.678362 1.125599 0.486265 0.795132 0.608086 0.093157 0.009641 0.268077 -9999.0
-9999.0 -0.198477 -0.462693 -0.467795 0.165381 -0.526274 -1.392481 -1.560294 -1.302927 -2.339565 -0.564615 -0.374381 -0.001923 0.863472 -0.040130 -2.026976 -2.168005 -0.481130 -0.092506 -0.417557 0.151285 0.947018 1.349951 1.336348 3.938956 5.008611 5.024746 5.119217 4.619448 4.740400 5.669471 5.103878 4.160534 5.047295 7.033375 8.301156 11.004079 12.309240 10.327356 9.653392 8.826667 7.901004 6.658609 6.875490 7.368574 6.613359 6.057522 5.755268 5.220057 4.633389 2.930836 1.195538 0.566013 0.863277 0.444513 -0.003997 -0.333447 -0.006671 -0.004119 -0.004294 -0.003021 -9999.0 -9999.0
