user2019/resources/simulation/Vinschgau/output-maps/TL0008N1203.asc
ncols         63
nrows         48
xllcorner     598000.000000
yllcorner     5145000.000000
cellsize      1000.000000
NODATA_value  -9999.0
[rows 0 to 27 of 48, columns 0 to 62 of 63]
-9999.0 -9999.0 -9999.0 -9999.0 -9999.0 -9999.0 -9999.0 -9999.0 -9999.0 -9999.0 -9999.0 -9999.0 -9999.0 -9999.0 -9999.0 -9999.0 -9999.0 -9999.0 -9999.0 -9999.0 -9999.0 -9999.0 -9999.0 -9999.0 -9999.0 -9999.0 -9999.0 -9999.0 -9999.0 -9999.0 -9999.0 -9999.0 -9999.0 -9999.0 -9999.0 -9999.0 -9999.0 -9999.0 -9999.0 -9999.0 -9999.0 -9999.0 -9999.0 -9999.0 -9999.0 -9999.0 -9999.0 -9999.0 -9999.0 -9999.0 -9999.0 -9999.0 -9999.0 -9999.0 -9999.0 -9999.0 -9999.0 -9999.0 -9999.0 -9999.0 -9999.0 -9999.0 -9999.0
-9999.0 -9999.0 -9999.0 -9999.0 -9999.0 -9999.0 -9999.0 -9999.0 -9999.0 -9999.0 -9999.0 -9999.0 -9999.0 -9999.0 -9999.0 -9999.0 -9999.0 -9999.0 -9999.0 -9999.0 -9999.0 -9999.0 -9999.0 -9999.0 -9999.0 -9999.0 -9999.0 0.469352 -0.034177 2.089387 -0.058119 -0.055445 -0.158673 -9999.0 -9999.0 -9999.0 -9999.0 -9999.0 -9999.0 -9999.0 -9999.0 -9999.0 -9999.0 -9999.0 -9999.0 -9999.0 -9999.0 -9999.0 -9999.0 -9999.0 -9999.0 -9999.0 -9999.0 -9999.0 -9999.0 -9999.0 -9999.0 -9999.0 -9999.0 -9999.0 -9999.0 -9999.0 -9999.0
-9999.0 -9999.0 -9999.0 -9999.0 -9999.0 -9999.0 -9999.0 -9999.0 -9999.0 -9999.0 -9999.0 -9999.0 -9999.0 -9999.0 -9999.0 -9999.0 -9999.0 -9999.0 -9999.0 -9999.0 -9999.0 -9999.0 -9999.0 -9999.0 -0.030964 -0.028081 -0.022808 -0.029268 -0.033575 -0.036378 -0.049489 -9999.0 -9999.0 -9999.0 -9999.0 -9999.0 -9999.0 -9999.0 -9999.0 -9999.0 -9999.0 -9999.0 -9999.0 -9999.0 -9999.0 -9999.0 -9999.0 -9999.0 -9999.0 -9999.0 -9999.0 -9999.0 -9999.0 -9999.0 -9999.0 -9999.0 -9999.0 -9999.0 -9999.0 -9999.0 -9999.0 -9999.0 -9999.0
-9999.0 -9999.0 -9999.0 -9999.0 -9999.0 -9999.0 -9999.0 -9999.0 -9999.0 -9999.0 -9999.0 -9999.0 -9999.0 -9999.0 -9999.0 -9999.0 -9999.0 -9999.0 -9999.0 -9999.0 -9999.0 -9999.0 -9999.0 -0.025601 -0.003500 3.594855 3.941183 4.107763 4.100442 -0.002782 -0.046581 -0.059876 -9999.0 -9999.0 -9999.0 -9999.0 -9999.0 -9999.0 -9999.0 -9999.0 -9999.0 -9999.0 -9999.0 -9999.0 -9999.0 -9999.0 -9999.0 -9999.0 -9999.0 -9999.0 -9999.0 -9999.0 -9999.0 -9999.0 -9999.0 -9999.0 -9999.0 -9999.0 -9999.0 -9999.0 -9999.0 -9999.0 -9999.0
-9999.0 -9999.0 -9999.0 -9999.0 -9999.0 -9999.0 -9999.0 -9999.0 -9999.0 -9999.0 -9999.0 -9999.0 -9999.0 -9999.0 -9999.0 -9999.0 -9999.0 -9999.0 6.181757 -0.002441 -9999.0 -0.006227 -0.002839 3.448623 3.458049 4.389932 4.283424 4.410904 2.475708 0.669991 -0.005471 -0.046563 -0.007734 -0.006136 -9999.0 -9999.0 -9999.0 -9999.0 -9999.0 -9999.0 -9999.0 -9999.0 -9999.0 -9999.0 -9999.0 -9999.0 -9999.0 -9999.0 -9999.0 -9999.0 -9999.0 -9999.0 -9999.0 -9999.0 -9999.0 -9999.0 -9999.0 -9999.0 -9999.0 -9999.0 -9999.0 -9999.0 -9999.0
-9999.0 -9999.0 -9999.0 -9999.0 -9999.0 -9999.0 -9999.0 -9999.0 -9999.0 -9999.0 -9999.0 -9999.0 -9999.0 -9999.0 -9999.0 -9999.0 -9999.0 5.318972 3.987004 4.667367 4.952775 -0.000928 1.165795 3.069081 4.869151 -0.003543 -0.084762 -0.002023 -0.036911 2.186214 -0.001806 -0.005264 2.468821 -0.002132 -0.008728 -0.008110 -9999.0 -9999.0 -9999.0 -9999.0 -9999.0 -9999.0 -9999.0 -9999.0 -9999.0 -9999.0 -9999.0 -9999.0 -9999.0 -9999.0 -9999.0 -9999.0 -9999.0 -9999.0 -9999.0 -9999.0 -9999.0 -9999.0 -9999.0 -9999.0 -9999.0 -9999.0 -9999.0
-9999.0 -9999.0 -9999.0 -9999.0 -9999.0 -9999.0 -9999.0 -9999.0 -9999.0 -9999.0 -9999.0 -9999.0 -9999.0 4.607882 2.845407 3.666345 5.020276 11.910653 5.069647 4.111911 3.788525 3.183435 4.238495 4.971419 -0.002333 -0.002576 -0.068465 -0.125759 -0.061042 -0.002030 -0.309430 -0.030119 -0.036661 -0.056742 -0.004939 -0.009260 -9999.0 -9999.0 -9999.0 -9999.0 -9999.0 -9999.0 -9999.0 -9999.0 -9999.0 -9999.0 -9999.0 -9999.0 -9999.0 -9999.0 -9999.0 -9999.0 -9999.0 -9999.0 -9999.0 -9999.0 -9999.0 -9999.0 -9999.0 -9999.0 -9999.0 -9999.0 -9999.0
-9999.0 -9999.0 -9999.0 -9999.0 -9999.0 -9999.0 -9999.0 -9999.0 -9999.0 -9999.0 -9999.0 -9999.0 -9999.0 5.508221 4.976668 4.380645 4.201492 10.747746 12.002938 5.882469 4.301410 7.369112 2.895421 1.382265 2.114703 -0.004249 -0.017434 1.735136 -0.003481 -0.133099 -0.571670 -0.041392 -0.006141 -1.339074 -0.012084 -9999.0 -9999.0 -9999.0 -9999.0 -9999.0 -9999.0 -9999.0 -9999.0 -9999.0 -9999.0 -9999.0 -9999.0 -9999.0 -9999.0 -9999.0 -9999.0 -9999.0 -9999.0 -9999.0 -9999.0 -9999.0 -9999.0 -9999.0 -9999.0 -9999.0 -9999.0 -9999.0 -9999.0
-9999.0 -9999.0 -9999.0 -9999.0 -9999.0 -9999.0 -9999.0 -9999.0 -9999.0 -9999.0 -9999.0 -9999.0 -9999.0 5.104399 5.090639 6.278237 4.049104 4.720493 12.406422 5.062527 8.469314 3.496311 -0.003537 -0.003556 2.124368 1.372266 3.320686 -0.004425 -0.052998 -0.094865 -0.047553 -3.852204 -2.861610 -5.791337 -0.010432 -9999.0 -9999.0 -9999.0 -9999.0 -9999.0 -9999.0 -9999.0 -9999.0 -9999.0 -9999.0 -9999.0 -9999.0 -9999.0 -9999.0 -9999.0 -9999.0 -9999.0 -9999.0 -9999.0 -9999.0 -9999.0 -9999.0 -9999.0 -9999.0 -9999.0 -9999.0 -9999.0 -9999.0
-9999.0 -9999.0 -9999.0 -9999.0 -9999.0 -9999.0 -9999.0 -9999.0 -9999.0 -9999.0 -9999.0 -9999.0 3.924279 4.606716 5.993519 4.159084 2.624990 4.292060 11.655856 6.409381 4.080127 -0.002035 -0.022051 -0.005401 -0.407947 -0.026435 -1.618827 -0.047040 -0.057207 -0.007263 -3.012328 -0.007658 -0.063027 -0.007315 -9999.0 -9999.0 -9999.0 -9999.0 -9999.0 -9999.0 -9999.0 -9999.0 -9999.0 -9999.0 -9999.0 -9999.0 -9999.0 -9999.0 -9999.0 -9999.0 -9999.0 -9999.0 -9999.0 -9999.0 -9999.0 -9999.0 -9999.0 -9999.0 -9999.0 -9999.0 -9999.0 -9999.0 -9999.0
-9999.0 -9999.0 -9999.0 -9999.0 -9999.0 -9999.0 -9999.0 -9999.0 -9999.0 -9999.0 -9999.0 4.334229 5.288835 2.758504 5.516301 7.100356 5.739046 4.640381 11.010118 7.950678 3.025675 2.825743 1.504810 -0.006772 -0.072324 -0.028100 -0.049323 -0.040989 -0.059161 -0.011181 -0.007210 -0.036274 -0.003741 -0.006942 -0.007605 -0.002759 -0.050991 -0.006176 -0.005742 -9999.0 -9999.0 -9999.0 -0.007866 -9999.0 -9999.0 -9999.0 -9999.0 -9999.0 -9999.0 -9999.0 -9999.0 -9999.0 -9999.0 -9999.0 -9999.0 -9999.0 -9999.0 -9999.0 -9999.0 -9999.0 -9999.0 -9999.0 -9999.0
-9999.0 -9999.0 -9999.0 -9999.0 -9999.0 -9999.0 -9999.0 -9999.0 -9999.0 -9999.0 -9999.0 3.696897 5.013529 6.654665 6.310799 6.414980 7.712536 5.143541 11.402816 8.445561 8.129963 4.676932 -0.003835 -1.613229 -0.788837 -0.035843 -0.038526 -0.035402 1.576334 -0.006832 -0.042771 -0.037409 -0.053469 -0.072225 -0.061198 -0.043695 -0.003489 1.592190 -0.004155 -0.007257 -0.006245 -0.006608 -0.048563 -0.006252 -9999.0 -9999.0 -9999.0 -0.116907 -0.086560 -0.036280 -0.082797 -0.089590 -0.084337 -0.206973 -0.236141 -0.090714 -9999.0 -9999.0 -9999.0 -9999.0 -9999.0 -9999.0 -9999.0
-9999.0 -9999.0 -9999.0 -9999.0 -9999.0 -9999.0 -9999.0 -9999.0 -9999.0 -9999.0 -9999.0 2.693271 4.199142 -0.002719 6.656692 7.334185 2.653085 4.098509 10.094347 8.421404 2.423426 -0.002265 -0.198992 -0.029534 -0.034483 0.981094 -0.571010 -2.105038 -0.002457 -0.057953 -0.003637 -2.559763 -0.032513 -0.062144 -0.006419 -0.006778 -0.830675 -0.886722 3.029369 -0.003295 -0.005910 -0.048043 -0.041184 -0.040786 -0.070685 -9999.0 -0.012570 -0.075769 -0.053657 -0.038616 -0.006195 2.256584 -0.038375 -0.048767 -0.069191 -0.066819 -9999.0 -9999.0 -9999.0 -9999.0 -9999.0 -9999.0 -9999.0
-9999.0 -9999.0 -9999.0 -9999.0 -9999.0 -9999.0 -9999.0 -9999.0 -9999.0 -9999.0 -9999.0 -9999.0 3.356466 -0.001813 5.527451 5.870617 0.938430 3.128490 10.669940 8.227641 2.391836 0.892511 -0.120678 -0.570038 -1.555144 -0.431335 -0.011310 -0.003697 -0.049931 -0.005554 -0.040809 -0.630148 -0.003455 -0.063246 -0.066260 -0.022824 -0.495772 -1.177051 4.454175 1.332511 1.243032 3.121826 -0.488784 -0.019833 -0.004138 -0.070318 -0.021341 -0.065366 -1.555817 -0.433930 -0.000724 -2.245690 -2.320405 -2.427412 -2.650816 -0.067550 -0.065664 -9999.0 -9999.0 -9999.0 -9999.0 -9999.0 -9999.0
-9999.0 -9999.0 -9999.0 -9999.0 -9999.0 -9999.0 -9999.0 -9999.0 -9999.0 -9999.0 -9999.0 -0.331156 -0.002885 5.024049 -0.063312 0.188516 1.871189 2.426556 10.179973 4.334317 2.682219 0.700867 -0.001989 -0.316471 -0.376102 -1.098236 -0.505955 -0.045284 -0.048127 1.738594 -0.532955 -1.554959 -0.004393 -0.055510 -0.062564 -0.055847 -0.006017 -0.154548 0.412650 4.024435 -0.082040 -0.002687 -0.121719 -0.056722 1.117689 -0.044993 -0.047596 1.852366 2.943025 -0.008290 -1.687345 -0.045049 -4.034585 -4.003522 -4.298722 -4.152800 -0.010217 -9999.0 -9999.0 -9999.0 -9999.0 -9999.0 -9999.0
-9999.0 -9999.0 -9999.0 -9999.0 -9999.0 -9999.0 -9999.0 -9999.0 -9999.0 -9999.0 -0.027488 -0.125510 -0.002975 -0.002057 4.044428 -0.003862 -0.007766 -0.002890 3.521440 3.977036 6.032528 4.402852 -0.370555 1.127698 -0.001998 -0.802210 -1.142196 -2.596169 -0.003043 -0.002691 -0.995560 -1.087409 -0.003919 -0.052517 -0.007294 -0.003483 -0.003251 -0.372560 -0.275898 0.819471 0.921825 2.070933 7.148535 0.896068 -0.002709 1.919587 -0.024161 -0.375683 -0.529408 -0.001237 -4.099791 -0.050675 -4.666926 -4.599646 -3.221753 -0.048361 -0.054156 -9999.0 -9999.0 -9999.0 -9999.0 -9999.0 -9999.0
-9999.0 -9999.0 -9999.0 -9999.0 -9999.0 -9999.0 -9999.0 -9999.0 -9999.0 -0.033562 -0.030923 -0.078148 -0.069710 -0.093729 -0.267033 -0.094351 -0.002843 5.086397 3.453183 4.040208 6.514003 0.856084 0.239727 1.150027 -0.000660 -1.037425 -1.419230 -0.002207 -0.091426 -0.003273 0.386212 -1.236137 -0.002803 -0.012657 -0.005647 -0.003630 -0.006849 -0.480938 -0.394486 -0.200273 -0.567108 -0.315391 -0.318948 1.574039 0.972606 -0.008066 3.652778 -0.132155 -0.125484 0.474496 -1.584314 -0.013721 -4.779417 -0.374693 -0.140136 -3.631753 -3.361182 -0.006496 -0.081140 -9999.0 -9999.0 -9999.0 -9999.0
-9999.0 -9999.0 -9999.0 -9999.0 -9999.0 -9999.0 -9999.0 -9999.0 -9999.0 -0.010560 -0.031956 0.299358 3.483220 -0.001402 -0.005053 -0.100593 3.247791 1.206660 4.029794 7.800950 7.300708 7.279574 4.744554 3.135255 -0.652705 -0.478640 -0.177663 -0.001519 1.059892 3.159542 1.870481 -1.613824 -0.038072 -0.057183 -0.057232 -0.003697 -0.002081 2.971578 -0.019535 -0.003164 -0.462170 -0.625370 -0.068951 1.324268 2.556810 2.634638 2.321546 1.016076 -0.002451 0.697313 -2.498273 -3.702689 -0.656992 -0.829680 -0.157538 -4.661051 -3.038015 -2.433632 -0.002276 -9999.0 -9999.0 -9999.0 -9999.0
-9999.0 -9999.0 -9999.0 -9999.0 -9999.0 -9999.0 -9999.0 -9999.0 -9999.0 -9999.0 -0.041093 -0.004053 -0.058088 -0.003202 -0.002312 -0.002815 -0.001298 2.281696 4.818143 5.430490 7.331894 2.684356 -0.002040 -0.225453 -0.292838 -0.002160 0.660657 1.574922 1.937588 -1.175364 -1.512551 -1.945208 -1.990873 -0.054558 -0.046173 -0.005393 -0.005378 -0.007055 0.008862 -0.042127 -0.042685 -0.006488 -0.000684 -0.005516 -0.002517 -0.002181 1.619536 5.041637 3.546021 0.700292 -1.460131 -3.202583 -0.209695 -0.777190 -0.910202 -0.102173 -0.058140 -0.805482 -0.545610 -0.002007 -9999.0 -9999.0 -9999.0
-9999.0 -9999.0 -9999.0 -9999.0 -9999.0 -9999.0 -9999.0 -9999.0 -9999.0 -9999.0 -0.056764 -0.021839 -0.006886 -0.003462 3.940957 -0.004003 -0.003237 2.544963 5.225607 6.286280 3.356537 1.471872 -0.002622 -0.047163 -0.002089 1.126831 2.235250 -0.002251 -0.867156 -1.723483 -0.037424 -0.038509 -2.601377 -0.056167 -0.037557 -0.009864 -0.721814 -0.198688 -1.643282 -0.048092 -0.041819 3.746727 -0.348456 -0.003037 -0.014419 -0.350726 -0.001058 -0.002501 2.964092 2.749222 -0.002535 -1.501074 -2.454975 -0.091278 -1.403092 -0.769746 -0.079244 -0.175909 0.955833 2.392593 -9999.0 -9999.0 -9999.0
-9999.0 -9999.0 -9999.0 -9999.0 -9999.0 -9999.0 -9999.0 -9999.0 -0.037351 -0.042263 -0.050351 -0.040942 -1.848377 -0.152500 -0.045844 1.539028 2.873152 8.098891 6.425650 6.731288 5.086601 4.009647 3.114736 1.368520 0.937237 1.856128 4.167275 -0.438520 -1.440464 -1.638863 -0.790896 -0.039944 -0.039736 -0.053035 -0.048391 -0.021111 3.705414 -0.108706 -2.106505 -0.003280 2.075467 -0.013030 -1.633777 -0.002445 3.564155 -0.003940 -1.930412 -0.084342 -0.002370 2.770706 0.885767 -2.084319 -3.579027 -4.157228 -0.531004 -0.061005 -0.004908 -0.002894 1.149903 4.274312 -9999.0 -9999.0 -9999.0
-9999.0 -9999.0 -9999.0 -9999.0 -9999.0 -9999.0 -9999.0 -9999.0 -2.174590 -1.011573 -1.544333 -0.048704 -0.031404 -1.289772 -0.521984 -0.002208 1.872836 2.459448 5.478177 7.264149 11.377333 10.139901 9.801172 9.003758 3.336828 3.273329 0.783701 -0.116319 -3.209162 -0.047708 -0.059755 -0.002424 -0.036719 0.454611 -0.034949 -0.013269 4.879111 -0.007738 -0.092478 -0.005484 -0.038332 -1.157176 1.225984 -0.004292 -0.026424 -0.395423 -2.062693 -0.009312 -0.079401 1.417663 2.304413 -0.015647 -4.151654 -0.070925 -0.035006 -1.684448 -0.189779 -0.002567 3.074130 5.740656 7.103016 -9999.0 -9999.0
-9999.0 -9999.0 -9999.0 -9999.0 -9999.0 -9999.0 -9999.0 -9999.0 -0.038101 -0.030052 -0.051514 -1.970466 -0.049047 -1.481711 -0.134943 -0.429376 0.215380 3.595225 5.403266 11.084357 7.721355 10.454289 10.630306 6.343292 8.020716 3.184316 0.304028 -0.819441 -2.531271 -0.038060 1.339319 -0.017804 -1.208567 -0.722326 -0.004229 4.167182 -0.007046 1.608392 -0.042908 -0.379736 -0.007818 2.189080 -0.029594 -0.036606 -1.539138 -0.031575 -0.003577 -0.040340 -1.406883 -0.001928 2.510231 0.736338 -2.960362 -3.979731 -0.211845 -0.086424 1.508655 2.913006 5.714563 5.984060 6.570232 -9999.0 -9999.0
-9999.0 -9999.0 -9999.0 -9999.0 -9999.0 -9999.0 -9999.0 -9999.0 -0.023359 -0.008559 -0.208241 -3.721055 -0.033616 -0.500821 -0.432295 0.181547 3.946704 5.197009 7.841159 5.654675 7.142692 7.521466 9.979748 9.258313 3.579156 0.970137 -0.002233 -1.558561 -0.007336 -0.534787 -0.202686 -0.207700 -0.003857 -0.075679 -0.049468 3.544668 5.647660 4.038149 0.639693 -0.003853 -0.002093 -0.002065 -0.002409 3.483449 -0.034636 2.078928 -0.002818 2.754797 -0.032012 -0.198012 -0.001905 2.202156 0.838245 -0.091726 1.107443 2.044604 3.725019 4.713926 5.655233 6.295032 5.286251 2.633192 -9999.0
-9999.0 -9999.0 -9999.0 -9999.0 -9999.0 -9999.0 -9999.0 -9999.0 -0.147737 -0.043040 -1.426960 -1.170444 -0.411543 -0.137111 3.254777 2.707942 5.452019 2.376396 0.763283 2.844782 4.721082 6.891040 7.137609 6.840539 7.348331 -0.003930 -0.681110 -0.002093 -0.001291 -0.012919 -0.195286 0.565753 2.589454 1.630023 0.800597 1.771074 3.878830 6.038961 5.423818 2.538569 1.061365 0.800489 0.505957 -0.002625 -0.151946 2.008868 -0.066228 -0.208222 -0.061203 0.547684 1.936609 1.671901 1.908654 2.218247 2.848047 3.205574 3.872181 4.732108 5.479936 5.642493 4.155847 2.031143 -9999.0
-9999.0 -9999.0 -0.005176 -0.032428 -2.615162 -0.755512 -2.243280 -1.720743 -0.056627 -0.049310 -1.529620 -0.003781 -0.108368 -0.002339 4.480246 1.985879 -0.002356 -0.816255 -0.081283 -0.002441 2.715195 5.421257 6.068698 6.117992 4.922079 1.995472 -0.003876 -0.003373 2.461920 4.328709 -0.002283 0.676050 6.436827 3.368123 4.869696 4.600183 7.650723 8.303327 7.217375 4.535280 5.359143 5.280175 4.224536 2.927273 -0.002219 0.671856 2.000360 1.395727 2.853414 3.914317 5.139107 4.369846 3.567228 3.084205 2.994432 7.233459 3.653266 4.095981 3.820323 3.495457 5.247792 1.227740 -9999.0
-9999.0 -0.257793 -0.446078 -0.420600 -0.511171 -0.703023 -1.003937 -1.495966 -2.322310 -0.052037 -1.554833 -0.476445 -0.000243 3.713589 3.511634 -0.327113 -0.446864 -1.529995 -0.409893 -0.002388 2.478871 4.237773 7.121142 4.822957 8.671094 4.745641 6.756011 6.933215 5.445813 3.618982 3.985005 4.158242 5.832756 9.513923 8.284448 9.431789 11.125619 11.205665 11.230894 9.503537 8.815667 8.686625 7.958586 4.799324 3.492275 3.894003 5.004446 5.918604 7.103652 6.035054 5.234887 4.217033 3.435752 2.658994 2.587610 2.094305 0.776277 1.130780 1.890165 3.894217 0.482085 1.023319 -9999.0
-9999.0 0.788163 -0.064346 -0.078463 -0.000607 -0.123174 -2.102130 -1.883738 -0.056438 -0.055732 -1.436644 -0.845105 0.163196 3.652035 -0.082116 -3.263299 -1.488293 -1.506859 -0.681830 -0.006336 4.279862 1.918956 2.994548 3.273153 8.186295 9.519543 5.441383 6.651827 6.468141 6.398031 6.546631 6.318585 7.531922 8.433249 12.361782 11.444712 17.262116 18.305124 14.191655 13.111692 12.375191 11.324268 10.366211 8.060560 7.933899 7.805146 8.218394 7.872909 7.217075 6.319855 4.314053 1.958617 0.903272 1.435084 0.665309 -0.001866 -0.278953 -0.001915 -0.001935 -0.002004 -0.001640 -9999.0 -9999.0
