user2019/resources/simulation/Vinschgau/output-maps/TL0003N0885.asc
ncols         63
nrows         48
xllcorner     598000.000000
yllcorner     5145000.000000
cellsize      1000.000000
NODATA_value  -9999.0
[rows 0 to 27 of 48, columns 0 to 62 of 63]
-9999.0 -9999.0 -9999.0 -9999.0 -9999.0 -9999.0 -9999.0 -9999.0 -9999.0 -9999.0 -9999.0 -9999.0 -9999.0 -9999.0 -9999.0 -9999.0 -9999.0 -9999.0 -9999.0 -9999.0 -9999.0 -9999.0 -9999.0 -9999.0 -9999.0 -9999.0 -9999.0 -9999.0 -9999.0 -9999.0 -9999.0 -9999.0 -9999.0 -9999.0 -9999.0 -9999.0 -9999.0 -9999.0 -9999.0 -9999.0 -9999.0 -9999.0 -9999.0 -9999.0 -9999.0 -9999.0 -9999.0 -9999.0 -9999.0 -9999.0 -9999.0 -9999.0 -9999.0 -9999.0 -9999.0 -9999.0 -9999.0 -9999.0 -9999.0 -9999.0 -9999.0 -9999.0 -9999.0
-9999.0 -9999.0 -9999.0 -9999.0 -9999.0 -9999.0 -9999.0 -9999.0 -9999.0 -9999.0 -9999.0 -9999.0 -9999.0 -9999.0 -9999.0 -9999.0 -9999.0 -9999.0 -9999.0 -9999.0 -9999.0 -9999.0 -9999.0 -9999.0 -9999.0 -9999.0 -9999.0 -5.086991 -3.786576 -4.207335 -4.431587 -5.195005 -5.542650 -9999.0 -9999.0 -9999.0 -9999.0 -9999.0 -9999.0 -9999.0 -9999.0 -9999.0 -9999.0 -9999.0 -9999.0 -9999.0 -9999.0 -9999.0 -9999.0 -9999.0 -9999.0 -9999.0 -9999.0 -9999.0 -9999.0 -9999.0 -9999.0 -9999.0 -9999.0 -9999.0 -9999.0 -9999.0 -9999.0
-9999.0 -9999.0 -9999.0 -9999.0 -9999.0 -9999.0 -9999.0 -9999.0 -9999.0 -9999.0 -9999.0 -9999.0 -9999.0 -9999.0 -9999.0 -9999.0 -9999.0 -9999.0 -9999.0 -9999.0 -9999.0 -9999.0 -9999.0 -9999.0 -3.021757 -2.729972 -1.976900 -2.946164 -2.317581 -4.155576 -4.740465 -9999.0 -9999.0 -9999.0 -9999.0 -9999.0 -9999.0 -9999.0 -9999.0 -9999.0 -9999.0 -9999.0 -9999.0 -9999.0 -9999.0 -9999.0 -9999.0 -9999.0 -9999.0 -9999.0 -9999.0 -9999.0 -9999.0 -9999.0 -9999.0 -9999.0 -9999.0 -9999.0 -9999.0 -9999.0 -9999.0 -9999.0 -9999.0
-9999.0 -9999.0 -9999.0 -9999.0 -9999.0 -9999.0 -9999.0 -9999.0 -9999.0 -9999.0 -9999.0 -9999.0 -9999.0 -9999.0 -9999.0 -9999.0 -9999.0 -9999.0 -9999.0 -9999.0 -9999.0 -9999.0 -9999.0 -2.612629 -1.134443 -0.007594 0.519480 1.105991 -0.006094 -2.452364 -4.651307 -5.266440 -9999.0 -9999.0 -9999.0 -9999.0 -9999.0 -9999.0 -9999.0 -9999.0 -9999.0 -9999.0 -9999.0 -9999.0 -9999.0 -9999.0 -9999.0 -9999.0 -9999.0 -9999.0 -9999.0 -9999.0 -9999.0 -9999.0 -9999.0 -9999.0 -9999.0 -9999.0 -9999.0 -9999.0 -9999.0 -9999.0 -9999.0
-9999.0 -9999.0 -9999.0 -9999.0 -9999.0 -9999.0 -9999.0 -9999.0 -9999.0 -9999.0 -9999.0 -9999.0 -9999.0 -9999.0 -9999.0 -9999.0 -9999.0 -9999.0 -0.026024 -1.411701 -9999.0 -2.035635 -1.184395 -0.013036 -0.004963 1.051657 -0.020843 -0.023700 -0.005141 -0.040856 -2.825925 -4.369144 -6.139531 -8.099204 -9999.0 -9999.0 -9999.0 -9999.0 -9999.0 -9999.0 -9999.0 -9999.0 -9999.0 -9999.0 -9999.0 -9999.0 -9999.0 -9999.0 -9999.0 -9999.0 -9999.0 -9999.0 -9999.0 -9999.0 -9999.0 -9999.0 -9999.0 -9999.0 -9999.0 -9999.0 -9999.0 -9999.0 -9999.0
-9999.0 -9999.0 -9999.0 -9999.0 -9999.0 -9999.0 -9999.0 -9999.0 -9999.0 -9999.0 -9999.0 -9999.0 -9999.0 -9999.0 -9999.0 -9999.0 -9999.0 4.074839 2.392892 1.137547 -2.421076 -0.059202 -0.040763 -0.018495 -0.018180 -0.021884 -0.209400 -0.062751 -0.075804 -0.017667 -0.971037 -2.752690 -4.416641 -4.942331 -6.802825 -7.961025 -9999.0 -9999.0 -9999.0 -9999.0 -9999.0 -9999.0 -9999.0 -9999.0 -9999.0 -9999.0 -9999.0 -9999.0 -9999.0 -9999.0 -9999.0 -9999.0 -9999.0 -9999.0 -9999.0 -9999.0 -9999.0 -9999.0 -9999.0 -9999.0 -9999.0 -9999.0 -9999.0
-9999.0 -9999.0 -9999.0 -9999.0 -9999.0 -9999.0 -9999.0 -9999.0 -9999.0 -9999.0 -9999.0 -9999.0 -9999.0 -0.846816 -0.016398 1.846191 3.565155 3.760509 3.646699 -0.011968 -0.005698 -0.013480 -0.005550 -0.018121 -0.027929 -1.176019 -2.295258 -0.924794 -0.859451 -0.098510 -1.760692 -3.479430 -4.828050 -5.515005 -5.961852 -8.251552 -9999.0 -9999.0 -9999.0 -9999.0 -9999.0 -9999.0 -9999.0 -9999.0 -9999.0 -9999.0 -9999.0 -9999.0 -9999.0 -9999.0 -9999.0 -9999.0 -9999.0 -9999.0 -9999.0 -9999.0 -9999.0 -9999.0 -9999.0 -9999.0 -9999.0 -9999.0 -9999.0
-9999.0 -9999.0 -9999.0 -9999.0 -9999.0 -9999.0 -9999.0 -9999.0 -9999.0 -9999.0 -9999.0 -9999.0 -9999.0 -0.221263 1.044512 2.703181 2.871338 2.891691 3.837216 1.342673 2.662672 0.372912 0.922564 -0.003736 -0.150960 -0.096307 -3.750618 -4.573377 -5.700790 -1.794320 -1.262615 -4.213576 -6.058810 -9.500054 -7.216897 -9999.0 -9999.0 -9999.0 -9999.0 -9999.0 -9999.0 -9999.0 -9999.0 -9999.0 -9999.0 -9999.0 -9999.0 -9999.0 -9999.0 -9999.0 -9999.0 -9999.0 -9999.0 -9999.0 -9999.0 -9999.0 -9999.0 -9999.0 -9999.0 -9999.0 -9999.0 -9999.0 -9999.0
-9999.0 -9999.0 -9999.0 -9999.0 -9999.0 -9999.0 -9999.0 -9999.0 -9999.0 -9999.0 -9999.0 -9999.0 -9999.0 0.565696 0.168311 1.720610 2.250915 3.139762 4.039470 3.508753 0.624786 -0.046442 -0.022137 -0.050637 -0.020932 -0.028647 -3.459838 -5.957874 -5.245200 -8.371203 -4.778340 -10.125566 -10.492345 -12.877194 -8.677142 -9999.0 -9999.0 -9999.0 -9999.0 -9999.0 -9999.0 -9999.0 -9999.0 -9999.0 -9999.0 -9999.0 -9999.0 -9999.0 -9999.0 -9999.0 -9999.0 -9999.0 -9999.0 -9999.0 -9999.0 -9999.0 -9999.0 -9999.0 -9999.0 -9999.0 -9999.0 -9999.0 -9999.0
-9999.0 -9999.0 -9999.0 -9999.0 -9999.0 -9999.0 -9999.0 -9999.0 -9999.0 -9999.0 -9999.0 -9999.0 -0.018589 -0.041970 1.174404 -0.011811 0.585454 2.488980 3.430112 2.246768 -0.009549 -0.110751 -0.097327 -0.264240 -1.814301 -3.801704 -3.401960 -4.881030 -4.775988 -6.242866 -10.088653 -6.415504 -5.350677 -8.961899 -9999.0 -9999.0 -9999.0 -9999.0 -9999.0 -9999.0 -9999.0 -9999.0 -9999.0 -9999.0 -9999.0 -9999.0 -9999.0 -9999.0 -9999.0 -9999.0 -9999.0 -9999.0 -9999.0 -9999.0 -9999.0 -9999.0 -9999.0 -9999.0 -9999.0 -9999.0 -9999.0 -9999.0 -9999.0
-9999.0 -9999.0 -9999.0 -9999.0 -9999.0 -9999.0 -9999.0 -9999.0 -9999.0 -9999.0 -9999.0 -0.725869 0.354735 0.521446 0.350689 -0.057252 0.943526 2.430884 3.330382 1.590821 1.060228 -0.012732 -1.733518 -3.366851 -0.496289 -3.092671 -5.172375 -3.965931 -4.543045 -7.863331 -6.632708 -3.784134 -5.608547 -7.465196 -6.749855 -5.341756 -4.984205 -4.005351 -3.752777 -9999.0 -9999.0 -9999.0 -7.587665 -9999.0 -9999.0 -9999.0 -9999.0 -9999.0 -9999.0 -9999.0 -9999.0 -9999.0 -9999.0 -9999.0 -9999.0 -9999.0 -9999.0 -9999.0 -9999.0 -9999.0 -9999.0 -9999.0 -9999.0
-9999.0 -9999.0 -9999.0 -9999.0 -9999.0 -9999.0 -9999.0 -9999.0 -9999.0 -9999.0 -9999.0 -0.943442 0.808396 1.992401 1.914322 -0.718088 3.156818 3.297697 3.545071 2.255174 0.686971 -0.175527 -1.352841 -2.928132 -2.103655 -3.896411 -4.276550 -3.001968 -4.605409 -7.455567 -3.998238 -3.876049 -5.264861 -6.062600 -6.783661 -4.012889 -2.406787 -2.357247 -3.779288 -7.142950 -7.076553 -7.579332 -4.244539 -6.158178 -9999.0 -9999.0 -9999.0 -8.020975 -7.016187 -6.656352 -6.012642 -7.676119 -7.888451 -7.280647 -6.945795 -8.397321 -9999.0 -9999.0 -9999.0 -9999.0 -9999.0 -9999.0 -9999.0
-9999.0 -9999.0 -9999.0 -9999.0 -9999.0 -9999.0 -9999.0 -9999.0 -9999.0 -9999.0 -9999.0 -1.920140 -0.997183 -0.161787 -0.064642 -0.174991 -0.007419 2.641103 2.670963 2.294454 1.358702 -0.031192 -1.252818 -2.992476 -3.932827 -4.910790 -1.691993 -3.724231 -5.224076 -6.434485 -5.660871 -4.225001 -2.853164 -5.740737 -6.166475 -2.683659 -3.353922 -2.875817 -1.577776 -5.533308 -3.561462 -5.051795 -2.863491 -3.828687 -5.846588 -9999.0 -8.886854 -5.814927 -4.279398 -3.207442 -2.947381 -3.684516 -3.768900 -4.469217 -4.625450 -5.577801 -9999.0 -9999.0 -9999.0 -9999.0 -9999.0 -9999.0 -9999.0
-9999.0 -9999.0 -9999.0 -9999.0 -9999.0 -9999.0 -9999.0 -9999.0 -9999.0 -9999.0 -9999.0 -9999.0 -0.800543 -0.485072 -0.352916 -0.290467 -0.005743 1.863303 3.085247 2.310003 1.154127 -0.024538 -0.199191 -0.888688 -3.338519 -1.824365 -1.910501 -3.239606 -4.555329 -6.066000 -4.252998 -4.008212 -2.903969 -4.814760 -5.383986 -3.643358 -1.900813 -2.404331 -0.074468 -2.926891 -2.068882 -3.564159 -1.389286 -1.763645 -5.682696 -6.104725 -7.083632 -5.683829 -3.318230 -1.425663 -0.452375 -3.848722 -2.989333 -4.480757 -5.121174 -4.421398 -5.464887 -9999.0 -9999.0 -9999.0 -9999.0 -9999.0 -9999.0
-9999.0 -9999.0 -9999.0 -9999.0 -9999.0 -9999.0 -9999.0 -9999.0 -9999.0 -9999.0 -9999.0 -0.694408 -2.621509 -1.125963 -0.606956 -0.034740 -0.014334 1.112345 2.519140 3.192315 1.477580 -0.006110 -0.052258 -2.066703 -1.388469 -0.285509 -0.652474 -4.795389 -5.002540 -4.554586 -1.992931 -3.137726 -1.727463 -4.668912 -6.810813 -4.042216 -3.882824 -1.140726 -0.033165 -0.759310 -1.180001 -0.060656 -0.708449 -1.357517 -1.084375 -4.616431 -3.537912 -4.392889 -3.509450 -0.232612 -4.235964 -4.530999 -6.484463 -7.434219 -8.435701 -9.431850 -6.272848 -9999.0 -9999.0 -9999.0 -9999.0 -9999.0 -9999.0
-9999.0 -9999.0 -9999.0 -9999.0 -9999.0 -9999.0 -9999.0 -9999.0 -9999.0 -9999.0 -1.896693 -0.472521 -1.492950 -1.531863 -0.441003 -0.693231 -0.728754 -0.015680 2.653224 2.841771 0.774329 -0.012875 -0.702267 -0.850413 -0.059382 -1.800925 -2.692905 -5.175153 -3.017324 -2.187491 -2.555536 -2.629542 -2.155214 -4.682268 -8.441151 -5.627909 -2.820522 -1.673300 -0.051864 -0.022223 -0.020396 -0.002310 0.419998 0.355187 -0.148117 -4.363001 -3.442194 -1.156281 -0.659879 -0.058546 -6.617850 -6.846960 -8.928276 -10.262488 -9.765278 -4.709336 -4.508640 -9999.0 -9999.0 -9999.0 -9999.0 -9999.0 -9999.0
-9999.0 -9999.0 -9999.0 -9999.0 -9999.0 -9999.0 -9999.0 -9999.0 -9999.0 -3.707313 -1.309117 -1.566309 -0.542306 -0.959555 -0.570625 -0.409182 -0.193801 -0.046959 2.395952 3.258975 1.188484 -0.011083 -0.013192 -0.018433 -0.029581 -1.607634 -3.532627 -2.105768 -0.453012 -0.052380 -0.027864 -1.802842 -5.350142 -9.421244 -7.328005 -5.728019 -2.885386 -2.241646 -1.787910 -0.295410 -0.280477 -0.224821 -0.585502 1.040537 0.398961 -0.291265 -0.320721 -1.421551 -1.373180 -0.024677 -2.728052 -6.316606 -11.235254 -9.298873 -7.540032 -6.736601 -5.623964 -5.850978 -7.136103 -9999.0 -9999.0 -9999.0 -9999.0
-9999.0 -9999.0 -9999.0 -9999.0 -9999.0 -9999.0 -9999.0 -9999.0 -9999.0 -5.214451 -3.881717 -2.201736 -0.455921 -0.042293 -0.319721 -0.990889 -0.417282 -0.016528 3.056175 2.137088 1.771635 0.882596 -0.005346 -0.048015 -1.220981 -2.185035 -0.887757 -0.064123 -0.016871 -0.043146 -0.378525 -2.184216 -3.612087 -5.663287 -4.435117 -5.693948 -5.160292 -3.884709 -3.923893 -1.630205 -0.808221 -2.647802 -0.757947 -0.013457 1.669313 0.786259 0.456027 -0.019563 -0.043405 -0.024501 -3.047646 -6.258721 -8.825239 -7.820954 -6.666969 -7.636308 -5.584037 -4.728223 -4.815036 -9999.0 -9999.0 -9999.0 -9999.0
-9999.0 -9999.0 -9999.0 -9999.0 -9999.0 -9999.0 -9999.0 -9999.0 -9999.0 -9999.0 -4.447280 -2.178221 -0.121821 -0.635239 -0.034293 -0.184217 -0.047622 0.191485 3.863613 2.811326 1.826791 1.559096 -0.024968 -0.196988 -1.430434 -0.148199 -0.026175 -0.008011 -0.422437 -1.738086 -2.090147 -2.671403 -4.624878 -5.100225 -2.964124 -3.480978 -1.806651 -1.169786 -5.135053 -4.088906 -4.539083 -1.565100 -1.117909 -0.263346 -0.019457 -0.014191 0.508797 0.136145 1.120580 -0.026724 -1.998766 -4.735231 -7.630264 -8.595221 -7.975064 -5.848063 -3.382565 -1.774294 -2.094713 -0.123535 -9999.0 -9999.0 -9999.0
-9999.0 -9999.0 -9999.0 -9999.0 -9999.0 -9999.0 -9999.0 -9999.0 -9999.0 -9999.0 -4.668439 -3.449000 -2.167550 -0.069271 -0.020308 -0.013114 -0.015767 1.560745 4.241485 3.845043 2.636826 0.340568 -0.031464 -0.434838 -0.148329 -0.016503 0.477625 -0.018709 -1.428006 -4.305897 -4.171347 -3.895795 -5.847128 -5.856935 -4.071315 -1.294495 -1.750796 -0.305530 -2.788618 -4.954399 -3.793383 -3.181855 -1.482631 -2.617978 -0.792270 -0.374726 -0.055675 -0.019247 1.797786 0.831025 -0.031608 -2.791029 -4.921346 -7.144605 -9.237256 -8.409107 -5.918710 -1.517274 0.673740 0.566786 -9999.0 -9999.0 -9999.0
-9999.0 -9999.0 -9999.0 -9999.0 -9999.0 -9999.0 -9999.0 -9999.0 -2.913135 -4.276062 -5.210252 -2.890977 -3.449855 -1.277893 -0.055375 0.922515 1.935256 1.865501 3.518677 4.351187 4.419089 3.068413 1.898839 -0.008683 -0.020690 1.378525 -0.019928 -0.945365 -2.441799 -4.264320 -8.828928 -4.093603 -4.038587 -5.558568 -3.623692 -3.764716 -0.598137 -0.614972 -2.691465 -5.720975 -4.465982 -1.900736 -4.239910 -5.345192 -3.396857 -1.668353 -2.504614 -0.818348 -0.017840 1.066303 -0.023530 -0.845103 -3.827812 -6.716188 -7.937386 -5.082330 -5.540372 -1.083218 -0.017203 2.981805 -9999.0 -9999.0 -9999.0
-9999.0 -9999.0 -9999.0 -9999.0 -9999.0 -9999.0 -9999.0 -9999.0 -3.774243 -1.975700 -3.728816 -5.064029 -3.765324 -2.630693 -1.067980 -0.014378 0.818317 1.410719 4.794407 4.883665 4.241118 3.262200 1.952086 0.149700 2.313026 2.313693 0.294216 -0.461612 -5.809073 -4.868118 -5.654006 -5.248076 -3.527014 -5.065310 -3.027972 -2.328297 -0.475172 -0.248297 -0.657883 -2.922564 -4.217550 -7.502818 -4.924032 -2.766884 -2.130671 -1.126358 -4.607331 -3.136128 -0.435807 1.005510 0.630284 -0.362913 -4.913342 -5.709512 -3.660371 -3.811292 -1.648837 -0.055700 1.357707 3.729197 4.896835 -9999.0 -9999.0
-9999.0 -9999.0 -9999.0 -9999.0 -9999.0 -9999.0 -9999.0 -9999.0 -4.062725 -3.336147 -3.055385 -4.543157 -4.381217 -3.950817 -1.089192 -0.925995 -0.012889 0.833338 4.707001 4.325227 5.349017 4.097834 3.548548 3.454036 2.288848 2.062152 -0.004740 -1.378235 -4.943436 -4.021417 -4.693714 -1.843043 -2.891407 -2.456329 -1.567257 -1.523074 -0.039021 1.112980 -0.029750 -1.239118 -3.066076 -4.545919 -2.936833 -3.460774 -2.181099 -3.006856 -5.654737 -3.960707 -3.016818 -0.020060 1.978771 -0.025511 -4.626692 -5.052372 -2.636170 -1.280325 -0.006417 1.237940 3.368631 3.872221 4.394954 -9999.0 -9999.0
-9999.0 -9999.0 -9999.0 -9999.0 -9999.0 -9999.0 -9999.0 -9999.0 -6.607937 -2.833062 -1.023066 -5.335489 -3.438792 -1.584175 -0.378087 -0.007192 3.173209 4.467141 2.598657 5.047015 4.747866 5.167263 4.175199 3.650274 2.759671 0.377184 -0.055810 -2.136283 -1.870949 -1.103696 -1.438742 -0.705610 -0.052622 -0.099427 -0.347396 -0.861633 -0.040062 2.846839 -0.002630 -0.133269 -2.341125 -2.049592 -2.080879 -3.420534 -3.694508 -4.453312 -2.951491 -3.727133 -3.689043 -1.684810 -0.017798 1.575655 -0.025141 -1.045545 -0.020879 0.481734 1.995369 3.449481 4.484280 4.165588 3.251366 1.822017 -9999.0
-9999.0 -9999.0 -9999.0 -9999.0 -9999.0 -9999.0 -9999.0 -9999.0 -6.602811 -3.186697 -2.227354 -1.707745 -0.529729 -0.066819 -0.041723 0.856770 1.096662 1.558502 -0.005319 1.799064 4.013144 4.471539 4.798183 4.496124 1.442603 -0.013797 -1.240062 -0.156052 -0.032940 -0.056496 -0.349224 -0.025960 0.800706 -0.009728 -0.024596 -0.011031 1.040982 4.761952 4.182719 0.675086 -0.019854 -0.025713 -0.027238 -0.047794 -1.563674 -1.232167 -0.519854 -0.093547 -0.631295 -0.027791 0.003387 0.971180 1.337308 0.553391 1.166191 1.474066 2.206484 2.965803 3.559003 3.206807 3.028730 1.254132 -9999.0
-9999.0 -9999.0 -3.605480 -3.016520 -4.226519 -2.443097 -3.867007 -3.498280 -4.902285 -3.959917 -1.774220 -0.291146 -0.098593 -0.117737 -0.006022 0.449984 -0.022478 -1.355488 -0.846339 -0.012838 1.700677 4.332643 3.616657 5.545505 2.514557 1.057113 -0.015051 -0.012399 1.358296 -0.016270 -0.023024 -0.004172 1.672717 2.069232 2.221056 3.379514 4.471320 7.194124 6.175443 3.332659 2.228099 2.230912 2.743457 1.005272 -0.014242 -0.026858 0.090124 0.828993 0.992867 1.976329 2.650794 2.489825 1.906613 1.460552 1.403097 1.903789 1.986728 2.358504 1.961708 2.416304 0.318994 0.526090 -9999.0
-9999.0 -0.936190 -1.022496 -1.238697 -2.298215 -3.468240 -3.861507 -3.892697 -4.898868 -5.030549 -2.945575 -0.988965 -0.087493 -0.184161 -0.026744 -0.389712 -1.447817 -2.840862 -1.102322 -0.018510 1.514043 3.011531 1.930653 3.457828 2.835779 2.206933 1.058497 1.377894 2.495474 1.502526 1.309212 1.312230 2.714737 3.808492 4.969999 6.158735 7.653496 10.327931 7.776277 6.296114 5.484906 5.303562 4.597808 3.550634 2.371670 2.759273 2.731577 4.736012 4.127706 4.749808 3.238550 2.487731 1.752045 1.032829 0.970751 0.530896 0.337076 0.672640 0.147548 -0.026598 -0.004271 0.320326 -9999.0
-9999.0 -0.616817 -0.990039 -0.475360 -0.422481 -1.930824 -2.670200 -4.410699 -5.211896 -5.329414 -3.493970 -1.375881 -0.012867 -0.025335 -0.085172 -2.613562 -3.698159 -3.191552 -0.454387 -0.024994 -0.033233 1.178514 1.969074 0.979525 2.198611 3.082937 4.885270 4.434479 3.856455 5.482337 5.887225 5.575819 4.442491 5.320409 6.233249 8.150199 10.012543 11.075813 10.343316 9.480543 8.692852 7.806923 6.720454 7.284026 7.374947 7.122788 5.329908 5.133252 4.638667 3.983630 2.405111 1.292145 0.428635 1.087381 0.328243 -0.040412 -0.052106 -0.050004 -0.034873 -0.102578 -0.031851 -9999.0 -9999.0
