user2019/resources/simulation/Vinschgau/output-maps/TL0002N1318.asc
ncols         63
nrows         48
xllcorner     598000.000000
yllcorner     5145000.000000
cellsize      1000.000000
NODATA_value  -9999.0
[rows 0 to 27 of 48, columns 0 to 62 of 63]
-9999.0 -9999.0 -9999.0 -9999.0 -9999.0 -9999.0 -9999.0 -9999.0 -9999.0 -9999.0 -9999.0 -9999.0 -9999.0 -9999.0 -9999.0 -9999.0 -9999.0 -9999.0 -9999.0 -9999.0 -9999.0 -9999.0 -9999.0 -9999.0 -9999.0 -9999.0 -9999.0 -9999.0 -9999.0 -9999.0 -9999.0 -9999.0 -9999.0 -9999.0 -9999.0 -9999.0 -9999.0 -9999.0 -9999.0 -9999.0 -9999.0 -9999.0 -9999.0 -9999.0 -9999.0 -9999.0 -9999.0 -9999.0 -9999.0 -9999.0 -9999.0 -9999.0 -9999.0 -9999.0 -9999.0 -9999.0 -9999.0 -9999.0 -9999.0 -9999.0 -9999.0 -9999.0 -9999.0
-9999.0 -9999.0 -9999.0 -9999.0 -9999.0 -9999.0 -9999.0 -9999.0 -9999.0 -9999.0 -9999.0 -9999.0 -9999.0 -9999.0 -9999.0 -9999.0 -9999.0 -9999.0 -9999.0 -9999.0 -9999.0 -9999.0 -9999.0 -9999.0 -9999.0 -9999.0 -9999.0 -0.038170 -0.015009 0.537223 -0.028791 -0.111672 -1.177419 -9999.0 -9999.0 -9999.0 -9999.0 -9999.0 -9999.0 -9999.0 -9999.0 -9999.0 -9999.0 -9999.0 -9999.0 -9999.0 -9999.0 -9999.0 -9999.0 -9999.0 -9999.0 -9999.0 -9999.0 -9999.0 -9999.0 -9999.0 -9999.0 -9999.0 -9999.0 -9999.0 -9999.0 -9999.0 -9999.0
-9999.0 -9999.0 -9999.0 -9999.0 -9999.0 -9999.0 -9999.0 -9999.0 -9999.0 -9999.0 -9999.0 -9999.0 -9999.0 -9999.0 -9999.0 -9999.0 -9999.0 -9999.0 -9999.0 -9999.0 -9999.0 -9999.0 -9999.0 -9999.0 0.155254 0.269448 0.528251 0.149714 0.546166 0.449906 -0.057101 -9999.0 -9999.0 -9999.0 -9999.0 -9999.0 -9999.0 -9999.0 -9999.0 -9999.0 -9999.0 -9999.0 -9999.0 -9999.0 -9999.0 -9999.0 -9999.0 -9999.0 -9999.0 -9999.0 -9999.0 -9999.0 -9999.0 -9999.0 -9999.0 -9999.0 -9999.0 -9999.0 -9999.0 -9999.0 -9999.0 -9999.0 -9999.0
-9999.0 -9999.0 -9999.0 -9999.0 -9999.0 -9999.0 -9999.0 -9999.0 -9999.0 -9999.0 -9999.0 -9999.0 -9999.0 -9999.0 -9999.0 -9999.0 -9999.0 -9999.0 -9999.0 -9999.0 -9999.0 -9999.0 -9999.0 0.347927 1.116221 3.282519 3.442200 3.583324 3.870035 0.524351 -0.057115 -0.084634 -9999.0 -9999.0 -9999.0 -9999.0 -9999.0 -9999.0 -9999.0 -9999.0 -9999.0 -9999.0 -9999.0 -9999.0 -9999.0 -9999.0 -9999.0 -9999.0 -9999.0 -9999.0 -9999.0 -9999.0 -9999.0 -9999.0 -9999.0 -9999.0 -9999.0 -9999.0 -9999.0 -9999.0 -9999.0 -9999.0 -9999.0
-9999.0 -9999.0 -9999.0 -9999.0 -9999.0 -9999.0 -9999.0 -9999.0 -9999.0 -9999.0 -9999.0 -9999.0 -9999.0 -9999.0 -9999.0 -9999.0 -9999.0 -9999.0 4.364669 0.937398 -9999.0 0.658827 1.121878 2.907285 2.965664 3.668834 3.144806 3.612711 2.515573 1.097913 0.245551 -0.031501 -0.699250 -1.223956 -9999.0 -9999.0 -9999.0 -9999.0 -9999.0 -9999.0 -9999.0 -9999.0 -9999.0 -9999.0 -9999.0 -9999.0 -9999.0 -9999.0 -9999.0 -9999.0 -9999.0 -9999.0 -9999.0 -9999.0 -9999.0 -9999.0 -9999.0 -9999.0 -9999.0 -9999.0 -9999.0 -9999.0 -9999.0
-9999.0 -9999.0 -9999.0 -9999.0 -9999.0 -9999.0 -9999.0 -9999.0 -9999.0 -9999.0 -9999.0 -9999.0 -9999.0 -9999.0 -9999.0 -9999.0 -9999.0 4.991937 3.655637 3.924503 2.111188 0.379262 1.253237 2.578498 3.914349 0.139048 -0.035454 0.769452 -0.023480 1.937177 1.524723 0.367330 0.890669 -0.131857 -0.957704 -1.175209 -9999.0 -9999.0 -9999.0 -9999.0 -9999.0 -9999.0 -9999.0 -9999.0 -9999.0 -9999.0 -9999.0 -9999.0 -9999.0 -9999.0 -9999.0 -9999.0 -9999.0 -9999.0 -9999.0 -9999.0 -9999.0 -9999.0 -9999.0 -9999.0 -9999.0 -9999.0 -9999.0
-9999.0 -9999.0 -9999.0 -9999.0 -9999.0 -9999.0 -9999.0 -9999.0 -9999.0 -9999.0 -9999.0 -9999.0 -9999.0 3.267140 2.518497 3.320299 4.609353 8.953747 4.695319 3.219607 3.169793 2.860184 3.512800 4.056726 -0.010086 1.043678 -0.180767 -0.011898 -0.025408 -0.006512 -0.889399 0.805739 0.033784 -0.010301 -0.210140 -1.258225 -9999.0 -9999.0 -9999.0 -9999.0 -9999.0 -9999.0 -9999.0 -9999.0 -9999.0 -9999.0 -9999.0 -9999.0 -9999.0 -9999.0 -9999.0 -9999.0 -9999.0 -9999.0 -9999.0 -9999.0 -9999.0 -9999.0 -9999.0 -9999.0 -9999.0 -9999.0 -9999.0
-9999.0 -9999.0 -9999.0 -9999.0 -9999.0 -9999.0 -9999.0 -9999.0 -9999.0 -9999.0 -9999.0 -9999.0 -9999.0 3.762121 4.152435 4.134310 3.877164 8.554278 8.989875 4.815090 3.891140 5.473558 2.657818 1.578523 2.360527 1.315124 -0.021123 0.354867 -0.304481 -0.052384 -0.017869 -0.012746 -0.462427 -0.974306 -0.763846 -9999.0 -9999.0 -9999.0 -9999.0 -9999.0 -9999.0 -9999.0 -9999.0 -9999.0 -9999.0 -9999.0 -9999.0 -9999.0 -9999.0 -9999.0 -9999.0 -9999.0 -9999.0 -9999.0 -9999.0 -9999.0 -9999.0 -9999.0 -9999.0 -9999.0 -9999.0 -9999.0 -9999.0
-9999.0 -9999.0 -9999.0 -9999.0 -9999.0 -9999.0 -9999.0 -9999.0 -9999.0 -9999.0 -9999.0 -9999.0 -9999.0 4.125891 3.496297 5.319892 3.663090 4.400352 9.375947 4.757354 6.187434 2.711020 0.469962 -0.016388 2.191579 1.760260 1.027809 -0.515376 -0.102768 -0.696148 -0.033254 -0.882685 -1.172634 -7.711928 -1.089956 -9999.0 -9999.0 -9999.0 -9999.0 -9999.0 -9999.0 -9999.0 -9999.0 -9999.0 -9999.0 -9999.0 -9999.0 -9999.0 -9999.0 -9999.0 -9999.0 -9999.0 -9999.0 -9999.0 -9999.0 -9999.0 -9999.0 -9999.0 -9999.0 -9999.0 -9999.0 -9999.0 -9999.0
-9999.0 -9999.0 -9999.0 -9999.0 -9999.0 -9999.0 -9999.0 -9999.0 -9999.0 -9999.0 -9999.0 -9999.0 2.908501 2.970213 4.941368 3.344204 2.304152 3.947670 9.391415 5.302070 3.263500 0.210971 0.918659 -0.012584 -1.043506 -0.016046 -2.219902 -0.073282 0.010304 -0.503128 -0.270003 -0.656487 -0.081473 -1.530096 -9999.0 -9999.0 -9999.0 -9999.0 -9999.0 -9999.0 -9999.0 -9999.0 -9999.0 -9999.0 -9999.0 -9999.0 -9999.0 -9999.0 -9999.0 -9999.0 -9999.0 -9999.0 -9999.0 -9999.0 -9999.0 -9999.0 -9999.0 -9999.0 -9999.0 -9999.0 -9999.0 -9999.0 -9999.0
-9999.0 -9999.0 -9999.0 -9999.0 -9999.0 -9999.0 -9999.0 -9999.0 -9999.0 -9999.0 -9999.0 3.048118 4.397788 2.008917 4.396880 5.113889 4.539845 4.261217 9.184685 6.796228 2.589032 2.773570 1.263315 0.122454 0.752169 0.141171 -0.088544 -0.008616 -0.104742 -0.929678 -0.719940 0.066793 -0.221366 -0.992293 -0.734849 -0.177423 -0.097550 -0.154179 -0.175515 -9999.0 -9999.0 -9999.0 -1.112801 -9999.0 -9999.0 -9999.0 -9999.0 -9999.0 -9999.0 -9999.0 -9999.0 -9999.0 -9999.0 -9999.0 -9999.0 -9999.0 -9999.0 -9999.0 -9999.0 -9999.0 -9999.0 -9999.0 -9999.0
-9999.0 -9999.0 -9999.0 -9999.0 -9999.0 -9999.0 -9999.0 -9999.0 -9999.0 -9999.0 -9999.0 2.384959 4.465955 5.961570 5.646936 4.551841 6.726453 4.712711 9.321510 7.041283 6.162059 3.267578 0.772884 -1.395832 -0.822239 -0.010602 -0.023702 0.179203 0.529228 -0.925496 -0.011723 0.486045 -0.101309 -0.149830 -0.229163 -0.009440 0.554913 0.818656 -0.298965 -0.996864 -0.910181 -0.902449 -0.021167 -0.636546 -9999.0 -9999.0 -9999.0 -0.725898 -0.332237 -0.751024 -0.226353 -1.293982 -1.294044 -1.769905 -1.511197 -1.389347 -9999.0 -9999.0 -9999.0 -9999.0 -9999.0 -9999.0 -9999.0
-9999.0 -9999.0 -9999.0 -9999.0 -9999.0 -9999.0 -9999.0 -9999.0 -9999.0 -9999.0 -9999.0 2.121208 2.904364 1.454190 4.421281 5.143340 2.472188 3.908678 7.984818 6.940272 2.410460 0.034227 -0.537361 0.137329 -0.012706 0.087738 -0.703369 -2.703793 -0.174278 -0.204846 -0.334430 -1.057888 0.170544 -0.131408 -0.482484 0.336778 -0.622319 -0.736455 1.627142 -0.497152 -0.084092 -0.228755 0.207054 -0.004330 -0.136829 -9999.0 -1.378300 -0.173514 -0.018901 0.037359 0.266998 0.777267 -0.123167 -0.043184 -0.066905 -0.120988 -9999.0 -9999.0 -9999.0 -9999.0 -9999.0 -9999.0 -9999.0
-9999.0 -9999.0 -9999.0 -9999.0 -9999.0 -9999.0 -9999.0 -9999.0 -9999.0 -9999.0 -9999.0 -9999.0 2.668791 -0.004934 3.588308 4.037186 0.867610 2.949029 8.634953 6.854891 2.257681 0.608551 -0.002111 -0.183264 -1.709927 -0.816480 0.267180 0.267825 -0.039861 -0.550434 -0.026117 -0.772739 0.481384 -0.051262 -0.095236 -0.002357 -0.672610 -1.695337 2.473535 0.784284 1.122447 1.006769 -0.180489 0.561214 -0.364994 -0.197726 -0.978856 -0.124546 -1.677633 -0.248050 -0.055185 -0.925327 -2.909897 -1.656284 -1.749559 -0.014067 -0.124923 -9999.0 -9999.0 -9999.0 -9999.0 -9999.0 -9999.0
-9999.0 -9999.0 -9999.0 -9999.0 -9999.0 -9999.0 -9999.0 -9999.0 -9999.0 -9999.0 -9999.0 -0.184958 0.899956 3.667066 -0.003845 0.373971 1.800050 2.275368 8.036904 4.228311 2.529486 0.869264 -0.000997 -0.763801 -0.688749 -1.490859 -0.248087 -0.059733 -0.089852 0.329942 -0.794078 -0.830472 0.977836 -0.041477 -0.208791 -0.007016 -0.039342 -0.202173 0.018890 2.483294 -0.207864 -0.017148 -0.000761 -0.036235 1.208238 -0.050343 0.001147 0.327218 0.966337 -0.023307 -2.548079 -0.040549 -2.557773 -4.286561 -5.012422 -1.991911 -0.579612 -9999.0 -9999.0 -9999.0 -9999.0 -9999.0 -9999.0
-9999.0 -9999.0 -9999.0 -9999.0 -9999.0 -9999.0 -9999.0 -9999.0 -9999.0 -9999.0 0.469553 -0.037887 0.911897 1.205568 2.661153 -0.000000 -0.000179 0.016468 3.381629 3.885095 5.041799 3.019079 -0.429249 1.533586 -0.008797 -1.400937 -1.221829 -3.492541 0.467142 0.748443 -0.023349 -0.910423 0.605792 -0.037903 -1.179317 -0.349273 0.363140 -0.392613 -0.079184 0.239517 0.388254 1.331468 5.055452 0.969930 -0.026057 0.327061 0.023066 -0.108877 -0.083111 -0.009384 -3.673858 -0.913839 -5.482937 -2.770261 -2.115125 -0.054760 -0.035259 -9999.0 -9999.0 -9999.0 -9999.0 -9999.0 -9999.0
-9999.0 -9999.0 -9999.0 -9999.0 -9999.0 -9999.0 -9999.0 -9999.0 -9999.0 -0.004746 0.563155 -0.029055 -0.005889 -0.202843 -0.024569 -0.009829 -0.035415 3.552449 3.303234 3.917404 5.407608 0.701567 0.349863 0.957404 0.024684 -1.284492 -1.871202 0.664383 -0.036387 -0.003530 0.047289 -1.487560 -0.222541 -0.950556 -0.831687 -0.371082 0.449129 -0.840518 -0.543460 -0.025087 -0.639848 -0.243685 -0.330757 1.603260 1.307777 -0.022974 2.368567 -0.337437 -0.315747 0.082500 -1.227375 -0.655816 -2.923825 -2.524976 -1.388281 -2.728854 -1.877215 -0.456968 -1.058247 -9999.0 -9999.0 -9999.0 -9999.0
-9999.0 -9999.0 -9999.0 -9999.0 -9999.0 -9999.0 -9999.0 -9999.0 -9999.0 -0.093988 -0.011372 0.954291 1.864290 -0.007081 -0.042188 -0.231536 1.936832 0.897469 3.863680 6.450176 6.036404 5.368626 3.685243 1.527598 -0.895886 -1.003527 -0.159336 -0.009483 0.519955 1.659981 1.112498 -1.861443 0.001918 -0.135400 -0.028250 -0.453880 -0.104669 0.875432 -0.015052 1.144861 -0.423369 -1.183272 -0.088672 0.797567 2.634458 2.389745 2.205372 0.598404 -0.007514 0.199884 -2.745431 -4.527748 -2.949389 -2.763493 -0.430849 -3.616873 -1.722085 -1.230759 -0.076664 -9999.0 -9999.0 -9999.0 -9999.0
-9999.0 -9999.0 -9999.0 -9999.0 -9999.0 -9999.0 -9999.0 -9999.0 -9999.0 -9999.0 -0.029311 0.857864 -0.013204 -0.594988 0.012579 -0.033506 -0.009417 2.335091 4.640524 5.012064 6.159868 2.468461 -0.023649 -0.157407 -0.725138 -0.026352 0.162834 1.021438 0.977280 -1.414205 -1.755846 -2.541954 -2.828083 -0.078830 0.184019 1.009908 0.652245 0.873433 -0.108794 -0.007930 -0.041217 0.711643 1.405844 -0.021254 -0.011962 -0.006753 1.557734 4.067566 3.318189 0.212163 -1.701493 -1.839020 -1.741698 -3.111213 -2.892361 -0.195278 0.004636 -1.368665 -0.013984 -0.016427 -9999.0 -9999.0 -9999.0
-9999.0 -9999.0 -9999.0 -9999.0 -9999.0 -9999.0 -9999.0 -9999.0 -9999.0 -9999.0 -0.039230 0.056865 0.627645 -0.005795 2.577153 0.251735 -0.012076 2.424954 5.096607 5.635695 3.162613 1.281263 -0.030904 -0.038148 -0.027333 0.560866 1.668467 -0.006886 -1.107872 -2.547679 -0.010769 0.479024 -2.877979 -0.144981 -0.009996 1.168114 -1.333107 -0.025631 -1.297808 -0.074056 -0.004034 2.241216 -0.170010 0.531305 0.950154 -0.187523 -0.005892 -0.011088 2.959291 2.860035 0.030614 -1.299266 -3.247137 -1.000505 -3.894314 -3.045517 -0.230317 -0.386278 1.355799 1.941197 -9999.0 -9999.0 -9999.0
-9999.0 -9999.0 -9999.0 -9999.0 -9999.0 -9999.0 -9999.0 -9999.0 0.068373 -0.032027 -0.131008 0.200005 -0.494469 -0.084404 -0.043195 1.515138 2.723454 6.244641 5.918158 6.012677 4.886759 3.770553 2.867739 1.131566 0.587973 1.737591 2.576913 -0.633949 -0.964348 -2.465328 -0.763566 -0.009125 -0.008115 -0.126605 0.001236 -0.011278 2.615588 -0.011049 -2.360831 -0.441482 0.456772 0.747403 -2.492783 -0.160404 1.192914 0.738995 -2.178313 -0.118832 -0.007651 2.339610 0.328371 -0.573922 -2.236253 -4.980885 -2.573452 -0.122655 -0.306001 0.931804 0.613516 4.351648 -9999.0 -9999.0 -9999.0
-9999.0 -9999.0 -9999.0 -9999.0 -9999.0 -9999.0 -9999.0 -9999.0 -2.749917 -0.972802 -2.023045 -0.079393 -0.007485 -1.853055 -0.744095 -0.007339 1.717591 2.309658 5.282690 6.563891 9.376575 8.335484 7.439845 6.254746 3.145510 3.197504 0.627534 -0.036648 -2.750284 -0.070451 -0.134015 -0.232648 0.007887 -0.042210 0.161436 0.481628 3.721941 0.240498 -0.058814 0.247970 -0.011576 -0.268178 0.120298 0.408485 0.162909 -0.347701 -2.939022 0.128362 -0.035033 1.400664 1.747979 -0.041743 -3.335400 -0.200878 -0.065054 -1.576836 -0.494029 -0.003208 3.013681 5.750848 6.496327 -9999.0 -9999.0
-9999.0 -9999.0 -9999.0 -9999.0 -9999.0 -9999.0 -9999.0 -9999.0 -0.011082 0.004659 0.000452 -2.790551 0.056152 -2.278649 -0.350367 -0.624251 0.165023 2.951747 5.216420 9.192705 7.016428 8.774994 8.611392 5.566279 6.584350 3.042224 0.170771 -1.060053 -3.326383 -0.010077 0.175323 0.698958 -1.371800 -1.068155 0.863339 3.120330 0.005628 1.694695 -0.026799 -0.127613 0.202669 0.394685 0.219290 0.003316 -0.860180 0.159753 -0.517725 -0.010284 -1.479506 -0.017762 2.595333 0.218205 -3.438094 -3.219804 -0.057966 -0.000787 0.951817 2.435777 5.476992 6.032408 6.377720 -9999.0 -9999.0
-9999.0 -9999.0 -9999.0 -9999.0 -9999.0 -9999.0 -9999.0 -9999.0 -0.798864 0.240025 -0.130021 -3.259664 0.000487 -0.988114 -0.337992 0.023784 3.776020 5.015546 6.692384 5.483408 6.483090 6.912668 8.478831 7.606065 3.437724 0.895438 -0.053782 -1.809192 0.530585 -0.134546 -0.298859 -0.041728 -0.000610 -0.000699 -0.028504 2.337215 4.187372 3.914124 0.610363 -0.010887 0.664305 0.923129 0.884030 1.121131 -0.005208 0.367957 0.562695 0.801883 -0.009928 -0.525540 -0.011246 2.283599 0.279799 -0.040389 0.546959 1.517155 3.395009 4.753446 5.604874 6.123541 5.159235 2.577085 -9999.0
-9999.0 -9999.0 -9999.0 -9999.0 -9999.0 -9999.0 -9999.0 -9999.0 -1.112477 0.003537 -1.945744 -1.400440 -0.394090 -0.096365 1.703470 2.329788 4.144081 2.347320 0.833309 2.705025 4.565865 6.375183 6.522718 6.182573 5.624883 0.168962 -0.922475 -0.027737 0.014970 0.000512 -0.178255 0.167694 2.289711 1.064062 0.326389 1.784047 3.243593 5.867495 5.243165 2.035858 0.648014 0.696711 0.601304 0.008649 -0.404031 1.339881 -0.042810 -0.010115 -0.057901 0.119105 1.630869 1.572960 1.886688 1.633412 2.342926 2.733838 3.429866 4.609968 5.407873 5.334349 4.034201 1.983702 -9999.0
-9999.0 -9999.0 -0.001947 0.131201 -3.182401 -1.146218 -2.299166 -1.911673 -0.062356 -0.005703 -0.664743 -0.869273 -0.062154 0.105969 3.108177 1.446132 -0.019346 -1.047123 -0.147053 -0.003396 2.573833 5.306408 5.908465 5.933850 4.298078 1.834334 -0.004797 0.168847 2.453322 2.903639 -0.021377 0.740037 5.754470 3.235183 4.497764 4.452546 6.919745 8.098723 7.008761 4.330205 4.593615 4.663121 4.103749 2.880016 -0.008995 0.452217 1.526672 1.336244 3.018273 3.930755 4.586958 4.096826 3.182052 2.569167 2.478859 5.582693 3.187865 3.855837 3.754040 3.389065 4.205609 1.190916 -9999.0
-9999.0 -0.194208 -0.312050 -0.516535 -1.035648 -0.600843 -1.448812 -2.171086 -3.144863 -0.075271 -1.481199 -0.682365 -0.000613 2.439434 2.108332 -0.215258 -0.718085 -1.394583 -0.900425 -0.015558 2.349528 4.111397 6.486005 4.773427 6.903853 4.060846 5.155245 5.510366 4.781213 3.508359 3.360059 3.531034 5.269909 8.388167 7.541885 8.828119 10.443965 10.999188 10.623752 8.975613 8.084615 7.941177 7.252348 4.629798 3.344855 3.741397 4.798517 5.752581 6.441584 5.970897 5.065656 4.011503 2.967579 2.134767 2.056055 1.556343 0.629329 0.989942 1.332538 2.347955 0.372444 0.987092 -9999.0
-9999.0 1.824102 -0.003223 -0.009026 0.682635 -0.020970 -2.347360 -2.696382 -0.097520 -0.148113 -1.854440 -1.066893 0.096649 2.226841 -0.073007 -2.297189 -2.018721 -1.623481 -0.218244 -0.008434 2.869783 1.934347 2.952968 3.109115 6.688857 7.624763 5.256907 5.971058 6.136019 6.213539 6.356658 6.123814 7.131625 8.043638 11.061904 11.071653 15.393870 16.396243 13.493822 12.417949 11.715040 10.743174 9.654842 7.890066 7.754941 7.619938 7.718304 7.514038 6.891915 6.076267 4.203787 1.962454 0.773165 1.397017 0.509082 -0.039075 -0.032922 -0.052664 -0.036368 -0.089068 -0.031632 -9999.0 -9999.0
