user2019/resources/simulation/Vinschgau/output-maps/TL0007N0246.asc
ncols         63
nrows         48
xllcorner     598000.000000
yllcorner     5145000.000000
cellsize      1000.000000
NODATA_value  -9999.0
[rows 0 to 27 of 48, columns 0 to 61 of 63]
-9999.0 -9999.0 -9999.0 -9999.0 -9999.0 -9999.0 -9999.0 -9999.0 -9999.0 -9999.0 -9999.0 -9999.0 -9999.0 -9999.0 -9999.0 -9999.0 -9999.0 -9999.0 -9999.0 -9999.0 -9999.0 -9999.0 -9999.0 -9999.0 -9999.0 -9999.0 -9999.0 -9999.0 -9999.0 -9999.0 -9999.0 -9999.0 -9999.0 -9999.0 -9999.0 -9999.0 -9999.0 -9999.0 -9999.0 -9999.0 -9999.0 -9999.0 -9999.0 -9999.0 -9999.0 -9999.0 -9999.0 -9999.0 -9999.0 -9999.0 -9999.0 -9999.0 -9999.0 -9999.0 -9999.0 -9999.0 -9999.0 -9999.0 -9999.0 -9999.0 -9999.0 -9999.0
-9999.0 -9999.0 -9999.0 -9999.0 -9999.0 -9999.0 -9999.0 -9999.0 -9999.0 -9999.0 -9999.0 -9999.0 -9999.0 -9999.0 -9999.0 -9999.0 -9999.0 -9999.0 -9999.0 -9999.0 -9999.0 -9999.0 -9999.0 -9999.0 -9999.0 -9999.0 -9999.0 -6.125178 -6.345090 -6.305534 -6.975375 -8.015789 -8.046197 -9999.0 -9999.0 -9999.0 -9999.0 -9999.0 -9999.0 -9999.0 -9999.0 -9999.0 -9999.0 -9999.0 -9999.0 -9999.0 -9999.0 -9999.0 -9999.0 -9999.0 -9999.0 -9999.0 -9999.0 -9999.0 -9999.0 -9999.0 -9999.0 -9999.0 -9999.0 -9999.0 -9999.0 -9999.0
-9999.0 -9999.0 -9999.0 -9999.0 -9999.0 -9999.0 -9999.0 -9999.0 -9999.0 -9999.0 -9999.0 -9999.0 -9999.0 -9999.0 -9999.0 -9999.0 -9999.0 -9999.0 -9999.0 -9999.0 -9999.0 -9999.0 -9999.0 -9999.0 -4.083611 -4.929789 -4.694017 -5.478409 -5.130608 -5.930303 -7.083179 -9999.0 -9999.0 -9999.0 -9999.0 -9999.0 -9999.0 -9999.0 -9999.0 -9999.0 -9999.0 -9999.0 -9999.0 -9999.0 -9999.0 -9999.0 -9999.0 -9999.0 -9999.0 -9999.0 -9999.0 -9999.0 -9999.0 -9999.0 -9999.0 -9999.0 -9999.0 -9999.0 -9999.0 -9999.0 -9999.0 -9999.0
-9999.0 -9999.0 -9999.0 -9999.0 -9999.0 -9999.0 -9999.0 -9999.0 -9999.0 -9999.0 -9999.0 -9999.0 -9999.0 -9999.0 -9999.0 -9999.0 -9999.0 -9999.0 -9999.0 -9999.0 -9999.0 -9999.0 -9999.0 -4.496167 -3.469055 -1.242818 -2.892091 -3.544480 -4.025967 -5.924158 -6.826223 -6.369102 -9999.0 -9999.0 -9999.0 -9999.0 -9999.0 -9999.0 -9999.0 -9999.0 -9999.0 -9999.0 -9999.0 -9999.0 -9999.0 -9999.0 -9999.0 -9999.0 -9999.0 -9999.0 -9999.0 -9999.0 -9999.0 -9999.0 -9999.0 -9999.0 -9999.0 -9999.0 -9999.0 -9999.0 -9999.0 -9999.0
-9999.0 -9999.0 -9999.0 -9999.0 -9999.0 -9999.0 -9999.0 -9999.0 -9999.0 -9999.0 -9999.0 -9999.0 -9999.0 -9999.0 -9999.0 -9999.0 -9999.0 -9999.0 -0.010183 -1.228336 -9999.0 -4.099144 -3.622768 -1.591242 -3.410782 -2.528910 -4.662220 -4.662233 -1.034580 -3.731701 -5.515348 -6.821247 -7.209073 -8.395969 -9999.0 -9999.0 -9999.0 -9999.0 -9999.0 -9999.0 -9999.0 -9999.0 -9999.0 -9999.0 -9999.0 -9999.0 -9999.0 -9999.0 -9999.0 -9999.0 -9999.0 -9999.0 -9999.0 -9999.0 -9999.0 -9999.0 -9999.0 -9999.0 -9999.0 -9999.0 -9999.0 -9999.0
-9999.0 -9999.0 -9999.0 -9999.0 -9999.0 -9999.0 -9999.0 -9999.0 -9999.0 -9999.0 -9999.0 -9999.0 -9999.0 -9999.0 -9999.0 -9999.0 -9999.0 -0.055667 -3.558322 -3.776550 -3.740874 -1.163177 -2.373445 -4.079027 -0.691989 -5.992961 -5.883137 -4.656576 -5.987783 -4.979724 -3.885966 -5.988933 -4.859519 -7.163855 -7.908039 -8.973539 -9999.0 -9999.0 -9999.0 -9999.0 -9999.0 -9999.0 -9999.0 -9999.0 -9999.0 -9999.0 -9999.0 -9999.0 -9999.0 -9999.0 -9999.0 -9999.0 -9999.0 -9999.0 -9999.0 -9999.0 -9999.0 -9999.0 -9999.0 -9999.0 -9999.0 -9999.0
-9999.0 -9999.0 -9999.0 -9999.0 -9999.0 -9999.0 -9999.0 -9999.0 -9999.0 -9999.0 -9999.0 -9999.0 -9999.0 -4.487898 -1.459384 -3.776853 -3.585171 -3.499707 -1.440235 -4.082789 -4.008130 -3.669165 -4.036903 -3.849230 -5.873285 -6.066524 -6.948138 -6.052013 -6.810303 -5.083537 -5.597610 -6.830776 -7.376720 -9.132249 -9.278843 -9.746451 -9999.0 -9999.0 -9999.0 -9999.0 -9999.0 -9999.0 -9999.0 -9999.0 -9999.0 -9999.0 -9999.0 -9999.0 -9999.0 -9999.0 -9999.0 -9999.0 -9999.0 -9999.0 -9999.0 -9999.0 -9999.0 -9999.0 -9999.0 -9999.0 -9999.0 -9999.0
-9999.0 -9999.0 -9999.0 -9999.0 -9999.0 -9999.0 -9999.0 -9999.0 -9999.0 -9999.0 -9999.0 -9999.0 -9999.0 -1.768506 -0.981612 -1.845482 -2.065300 -1.446443 -3.603393 -2.938970 -0.360403 -5.828827 -4.332314 -5.067667 -4.271173 -5.383343 -6.186532 -7.952381 -8.408970 -7.092872 -5.897851 -9.013954 -9.168676 -9.953454 -10.008260 -9999.0 -9999.0 -9999.0 -9999.0 -9999.0 -9999.0 -9999.0 -9999.0 -9999.0 -9999.0 -9999.0 -9999.0 -9999.0 -9999.0 -9999.0 -9999.0 -9999.0 -9999.0 -9999.0 -9999.0 -9999.0 -9999.0 -9999.0 -9999.0 -9999.0 -9999.0 -9999.0
-9999.0 -9999.0 -9999.0 -9999.0 -9999.0 -9999.0 -9999.0 -9999.0 -9999.0 -9999.0 -9999.0 -9999.0 -9999.0 -1.375857 -2.708017 -0.007910 -1.654882 -3.395259 -3.563563 -0.058881 -2.208717 -6.622218 -5.246353 -4.847928 -3.716519 -2.354479 -5.872685 -8.228283 -6.220972 -8.928673 -8.683332 -10.238957 -9.921101 -10.654923 -10.175931 -9999.0 -9999.0 -9999.0 -9999.0 -9999.0 -9999.0 -9999.0 -9999.0 -9999.0 -9999.0 -9999.0 -9999.0 -9999.0 -9999.0 -9999.0 -9999.0 -9999.0 -9999.0 -9999.0 -9999.0 -9999.0 -9999.0 -9999.0 -9999.0 -9999.0 -9999.0 -9999.0
-9999.0 -9999.0 -9999.0 -9999.0 -9999.0 -9999.0 -9999.0 -9999.0 -9999.0 -9999.0 -9999.0 -9999.0 -1.861291 -1.429772 -0.837182 -5.553583 -1.149079 -2.958481 -0.179912 -3.451667 -3.741415 -5.509038 -5.330263 -4.637342 -1.960419 -7.610802 -4.831273 -5.856723 -5.867605 -8.444794 -9.007659 -7.730574 -8.060433 -9.672576 -9999.0 -9999.0 -9999.0 -9999.0 -9999.0 -9999.0 -9999.0 -9999.0 -9999.0 -9999.0 -9999.0 -9999.0 -9999.0 -9999.0 -9999.0 -9999.0 -9999.0 -9999.0 -9999.0 -9999.0 -9999.0 -9999.0 -9999.0 -9999.0 -9999.0 -9999.0 -9999.0 -9999.0
-9999.0 -9999.0 -9999.0 -9999.0 -9999.0 -9999.0 -9999.0 -9999.0 -9999.0 -9999.0 -9999.0 -3.217238 -4.205422 -0.014684 -5.228199 -5.017798 -6.378061 -3.010510 -0.068897 -3.487932 -4.148434 -1.365195 -4.960122 -6.584308 -5.209367 -5.852656 -8.249712 -5.578389 -5.870782 -9.020401 -7.188944 -6.612747 -8.191759 -9.728008 -10.130176 -10.245933 -10.237412 -9.226973 -6.642992 -9999.0 -9999.0 -9999.0 -10.312248 -9999.0 -9999.0 -9999.0 -9999.0 -9999.0 -9999.0 -9999.0 -9999.0 -9999.0 -9999.0 -9999.0 -9999.0 -9999.0 -9999.0 -9999.0 -9999.0 -9999.0 -9999.0 -9999.0
-9999.0 -9999.0 -9999.0 -9999.0 -9999.0 -9999.0 -9999.0 -9999.0 -9999.0 -9999.0 -9999.0 -4.604752 -3.931141 -2.939466 -2.394727 -5.923166 -2.192198 -4.040963 -0.069198 -1.164668 -2.941852 -0.432348 -4.210572 -5.125360 -5.304924 -6.414287 -5.623585 -5.032086 -6.132887 -8.372550 -6.680054 -7.091657 -8.020103 -8.822902 -10.961288 -9.767651 -1.654856 -0.779148 -1.385585 -11.268206 -10.628717 -11.846645 -8.548972 -9.018206 -9999.0 -9999.0 -9999.0 -0.008578 -2.719836 -3.399698 -0.523050 -2.160747 -2.159204 -0.005329 -0.005083 -1.938766 -9999.0 -9999.0 -9999.0 -9999.0 -9999.0 -9999.0
-9999.0 -9999.0 -9999.0 -9999.0 -9999.0 -9999.0 -9999.0 -9999.0 -9999.0 -9999.0 -9999.0 -3.751834 -4.662626 -5.725016 -1.385891 -5.192138 -2.708672 -3.690518 -1.270352 -0.068445 -1.564579 -2.480798 -2.263488 -3.876505 -6.710985 -5.759908 -3.058113 -6.080683 -7.498120 -6.863880 -8.242823 -7.309613 -6.887359 -9.612024 -10.609230 -8.395277 -2.718161 -2.268487 -0.108250 -2.143031 -2.194479 -9.847599 -7.413610 -7.458425 -7.361831 -9999.0 -6.560353 -3.669681 -1.596809 -0.083535 -0.864829 -0.983150 -0.041579 -0.001510 -0.037786 -0.005044 -9999.0 -9999.0 -9999.0 -9999.0 -9999.0 -9999.0
-9999.0 -9999.0 -9999.0 -9999.0 -9999.0 -9999.0 -9999.0 -9999.0 -9999.0 -9999.0 -9999.0 -9999.0 -4.021604 -1.683559 -0.245681 -1.740299 -3.293255 -3.577926 -0.341016 -0.068733 -3.748445 -2.264021 -2.666990 -2.316286 -5.407922 -3.007359 -1.118184 -7.013309 -6.657905 -6.312907 -6.468100 -6.622938 -7.235188 -8.794825 -10.731697 -10.719907 -4.624958 -3.113414 -0.055560 -1.739894 -3.829412 -7.066673 -5.817933 -5.544306 -7.031421 -5.615915 -5.309993 -3.933304 -4.159789 -2.374500 -0.901610 -0.882963 -0.007370 -0.021052 -2.277339 -2.177123 -0.434662 -9999.0 -9999.0 -9999.0 -9999.0 -9999.0
-9999.0 -9999.0 -9999.0 -9999.0 -9999.0 -9999.0 -9999.0 -9999.0 -9999.0 -9999.0 -9999.0 -0.277209 -4.925364 -5.110664 -1.572053 -1.621927 -1.815781 -4.539903 -2.854656 -0.045858 -3.704699 -2.917573 -2.721133 -4.104708 -2.668656 -1.948694 -2.298155 -7.226235 -5.716078 -5.845542 -3.914976 -4.913814 -5.046021 -8.603767 -11.107727 -10.936854 -11.965342 -3.730039 -1.812106 -0.077268 -3.620782 -0.359653 -3.002588 -5.129190 -4.910755 -5.605450 -3.894559 -3.861726 -3.370245 -3.805905 -5.396602 -5.118558 -3.806358 -5.900539 -4.925226 -5.563556 -1.671804 -9999.0 -9999.0 -9999.0 -9999.0 -9999.0
-9999.0 -9999.0 -9999.0 -9999.0 -9999.0 -9999.0 -9999.0 -9999.0 -9999.0 -9999.0 -0.810273 -1.235578 -0.065321 -4.017740 -0.067929 -2.085735 -5.124953 -4.299362 -2.723980 -0.056421 -0.113125 -0.014419 -2.690919 -0.683784 -3.021297 -1.662736 -6.090943 -6.375534 -3.184615 -2.695939 -3.924320 -6.051504 -6.941347 -8.558177 -11.080233 -10.641100 -8.875014 -3.883343 -2.519507 -0.209828 -0.127529 -5.013983 -5.687512 -2.567993 -4.961289 -5.851146 -3.892734 -3.574303 -3.933031 -3.731686 -3.759294 -5.643464 -5.546667 -5.804577 -5.343785 -0.066112 -0.021684 -9999.0 -9999.0 -9999.0 -9999.0 -9999.0
-9999.0 -9999.0 -9999.0 -9999.0 -9999.0 -9999.0 -9999.0 -9999.0 -9999.0 -5.172849 -0.795732 -0.785113 -2.147823 -1.459490 -0.074817 -4.584752 -4.771429 -0.259178 -2.732135 -0.044932 -0.065782 -3.732716 -3.729555 -1.835714 -1.859245 -6.075962 -4.193137 -2.131692 -3.724324 -3.932509 -4.346138 -6.842949 -8.840653 -9.835966 -9.271160 -9.730934 -9.594898 -9.363070 -9.748553 -7.939189 -2.047997 -7.814521 -7.542394 -0.090865 -3.485223 -4.824747 -4.327196 -3.434992 -2.869843 -3.643848 -2.181404 -3.117102 -6.210065 -4.614174 -2.792529 -1.269678 -0.018069 -0.051759 -0.306131 -9999.0 -9999.0 -9999.0
-9999.0 -9999.0 -9999.0 -9999.0 -9999.0 -9999.0 -9999.0 -9999.0 -9999.0 -5.204336 -4.963797 -5.028987 -2.750178 -1.973776 -0.456353 -0.815479 -0.003290 -3.084182 -1.029503 -0.048804 -0.047846 -0.039889 -1.762391 -1.121866 -5.787147 -3.086427 -3.378856 -3.814738 -1.523596 -4.072919 -5.813466 -5.625865 -7.309959 -6.798056 -7.392495 -7.321373 -8.267983 -7.765606 -9.589648 -8.126834 -6.149309 -8.072221 -4.835962 -5.274256 -0.050724 -0.127625 -0.124349 -3.136993 -3.947992 -3.778933 -3.546590 -2.637761 -4.548028 -3.969603 -5.431078 -0.563330 -0.351549 -0.047513 -0.042977 -9999.0 -9999.0 -9999.0
-9999.0 -9999.0 -9999.0 -9999.0 -9999.0 -9999.0 -9999.0 -9999.0 -9999.0 -9999.0 -4.902465 -4.854626 -4.228291 -2.071136 -2.863788 -0.325682 -0.144259 -2.861969 -0.031059 -0.042268 -0.349038 -3.167112 -1.370642 -3.627996 -3.286451 -3.798251 -1.933805 -0.145968 -5.185671 -6.095849 -6.665448 -3.087027 -7.239154 -7.666252 -6.119356 -4.499510 -4.794602 -5.542069 -7.903324 -8.836241 -9.097582 -5.530764 -6.202011 -5.855620 -6.870652 -7.171173 -5.234792 -2.210320 -0.115636 -3.785051 -1.623594 -1.351690 -2.524151 -4.224989 -2.774857 -4.490378 -1.731048 -2.273616 -2.669124 -0.798689 -9999.0 -9999.0
-9999.0 -9999.0 -9999.0 -9999.0 -9999.0 -9999.0 -9999.0 -9999.0 -9999.0 -9999.0 -4.895777 -4.876578 -3.867407 -1.515091 -0.123150 -3.444575 -3.279035 -2.297597 -0.018922 -0.040307 -0.198840 -2.838556 -3.876089 -3.380614 -3.355767 -0.220671 -0.121044 -3.921140 -5.231510 -7.541480 -7.147394 -4.704782 -6.261426 -7.538595 -7.440633 -6.830091 -4.676429 -4.504165 -6.535870 -7.466196 -5.525233 -5.675793 -5.194244 -6.532221 -0.892716 -4.875231 -3.611380 -6.092120 -0.129408 -0.399647 -3.848769 -1.010692 -0.078866 -2.362713 -3.683746 -1.777844 -4.541765 -0.467402 -1.077483 -0.132177 -9999.0 -9999.0
-9999.0 -9999.0 -9999.0 -9999.0 -9999.0 -9999.0 -9999.0 -9999.0 -0.052490 -0.734166 -4.889798 -3.962186 -4.298869 -4.288096 -2.106380 -0.055975 -0.208038 -0.035357 -0.029206 -0.021895 -0.017338 -0.032434 -0.061090 -3.076842 -2.434330 -0.015540 -0.246104 -5.523564 -4.592588 -6.226557 -8.432868 -6.919577 -6.103561 -6.007160 -5.050021 -7.863967 -4.641106 -4.030175 -6.244008 -5.832847 -6.772932 -6.074019 -7.247880 -7.672098 -4.111828 -1.682044 -5.866366 -1.282814 -5.407866 -0.056315 -3.477318 -2.059147 -0.092047 -3.034994 -1.836032 -0.042876 -0.085481 -0.003045 -2.995068 -0.130010 -9999.0 -9999.0
-9999.0 -9999.0 -9999.0 -9999.0 -9999.0 -9999.0 -9999.0 -9999.0 -5.308230 -0.237484 -3.637001 -6.254973 -5.382788 -3.930255 -1.992640 -3.433352 -1.354955 -2.080339 0.432776 -0.009856 -0.007256 -0.016696 -0.020682 -0.035800 -0.033180 -0.014890 -1.912284 -3.908697 -6.655847 -4.687075 -4.865331 -4.694457 -4.203589 -5.103022 -2.355366 -2.198844 -2.877705 -3.322739 -4.461525 -3.718561 -6.104347 -8.158849 -6.932141 -2.589789 -1.589012 -2.581018 -6.079863 -5.431337 -4.538185 -2.856003 -0.383021 -2.310234 -0.370632 -0.012324 -1.662190 -2.808441 -2.536308 -3.216086 -0.119055 -0.002842 -0.003168 -9999.0
-9999.0 -9999.0 -9999.0 -9999.0 -9999.0 -9999.0 -9999.0 -9999.0 -5.313528 -4.122026 -0.145829 -5.119653 -2.641650 -6.063235 -0.052460 -3.125956 -2.328359 -0.923604 -0.017135 -0.036563 -0.004456 -0.035257 -0.011569 -0.024625 -0.016820 -1.797792 -3.638903 -4.780461 -5.774566 -4.033460 -4.728263 -1.950052 -3.846727 -3.848265 -0.679189 -1.592319 -3.786740 -3.997561 -3.856440 -3.887683 -4.029241 -4.458838 -0.743548 -3.930021 -4.331180 -4.583664 -3.018422 -0.484117 -3.369902 -5.168020 -0.050401 -1.874545 -2.657376 -2.455761 -2.782166 -2.085228 -0.260985 -0.114574 -0.078958 -0.042730 -0.002713 -9999.0
-9999.0 -9999.0 -9999.0 -9999.0 -9999.0 -9999.0 -9999.0 -9999.0 -7.292922 -4.151072 -0.007372 -3.444890 -0.047414 -0.014822 -2.837284 -2.401444 -0.082515 -0.032606 -0.054640 -0.021255 -0.026218 -0.004006 -0.004902 -0.020309 -1.015956 -2.065726 -1.101547 -3.018134 -0.820379 -2.873498 -2.666208 -2.681212 -3.688834 -3.352482 -3.900676 -2.625872 -2.245659 -3.303308 -2.340186 -2.955722 -2.483106 -0.803268 -0.468530 -2.921547 -0.248591 -2.814979 -0.048869 -1.792718 -0.070031 -2.663336 -2.866576 -0.124675 -0.858241 -1.235505 -0.698877 -0.263454 -0.140507 -0.043114 -0.002025 -0.002886 -0.047337 -0.005349
-9999.0 -9999.0 -9999.0 -9999.0 -9999.0 -9999.0 -9999.0 -9999.0 -4.349290 -2.725667 -0.011774 -1.313574 -2.797778 -3.089908 -0.427555 -0.164223 -1.042503 -4.309181 -3.544466 -3.020383 -0.031102 -0.005642 -0.005676 -0.042002 -0.645898 -2.984940 -3.116182 -1.891572 -2.974029 -3.462103 -2.543754 -1.167413 -2.046913 -2.007897 -2.442619 -1.940743 -2.477876 -2.749252 -3.278482 -1.901876 -2.083908 -2.233344 -3.122377 -2.744826 -2.671541 -0.737266 -2.639660 -3.489577 -3.353421 -2.218153 -0.759801 -0.330714 -0.151431 -0.262022 -0.203010 -0.053943 -0.007703 -0.005279 -0.048040 -0.092048 -0.265272 -0.002817
-9999.0 -9999.0 -3.655438 -2.098724 -3.272031 -2.283874 -0.743960 -2.365071 -2.649459 -2.336954 -2.679169 -1.540706 -2.839741 -1.172326 -0.134514 -0.871815 -5.308686 -4.612573 -4.108285 -2.118044 -2.675778 -0.012503 -0.006951 -0.043678 -0.047347 -1.719954 -3.061432 -3.244626 -1.448368 -2.777669 -3.145848 -2.139956 -0.073319 -3.286719 -1.771318 -3.370942 -0.404958 -0.246118 -2.611625 -3.306806 -3.552605 -2.469604 -3.189879 -3.468349 -3.084275 -3.206875 -1.869644 -2.532290 -0.204144 -0.127426 -0.126009 -0.050373 -0.007936 -0.020804 -0.053754 -0.051919 -0.056048 -0.137135 -1.019491 -2.320272 -0.001956 -0.001937
-9999.0 -0.475480 -0.654857 -0.325253 -1.013769 -0.052141 -3.142366 -3.736888 -3.884832 -4.415599 -3.060372 -0.048500 -0.805068 -0.005747 -0.006364 -0.897848 -3.890955 -3.679483 -0.086740 -2.834689 -1.932418 -0.064818 -0.049725 -0.021052 -0.075642 -0.117364 -0.035734 -0.036941 -0.124294 -0.156503 -0.138254 -1.505968 -1.249565 -0.093712 -0.158298 -0.121050 -0.100843 -0.044035 -0.074241 -0.112938 -0.138315 -0.149927 -0.164909 -2.500411 -1.541364 -1.694852 -0.048592 -0.097123 -0.086276 -0.043166 -0.007127 -0.015442 -0.054585 -0.097370 -0.103255 -2.466976 -0.144738 -0.015510 -0.004308 -0.002987 -0.001833 -0.001609
-9999.0 -2.760917 -0.612932 -0.929585 -0.006264 -0.579165 -1.514097 -2.067988 -2.352413 -3.144219 -1.170338 -0.589732 -1.985726 -0.004152 -2.324465 -3.620429 -4.180151 -3.839427 -1.196820 -3.114202 -0.006361 -2.212288 -0.048409 -0.049608 -0.041543 -0.015307 -0.013690 -0.005333 -0.006066 -0.005504 -0.007541 -0.030781 -0.147083 -0.047848 -0.041912 -0.040202 -0.009530 3.922025 -0.040687 -0.040739 -0.041333 -0.041978 -0.051276 -0.028559 -0.009363 0.603763 -0.003029 -0.002627 -0.003894 -0.005125 -0.134567 -4.320658 -0.642521 -1.229593 -3.867182 -0.008618 -0.653678 -0.317871 -0.533649 -0.005414 -0.004267 -9999.0
