user2019/resources/simulation/Vinschgau/output-maps/TL0001N1106.asc
ncols         63
nrows         48
xllcorner     598000.000000
yllcorner     5145000.000000
cellsize      1000.000000
NODATA_value  -9999.0
[rows 0 to 27 of 48, columns 0 to 62 of 63]
-9999.0 -9999.0 -9999.0 -9999.0 -9999.0 -9999.0 -9999.0 -9999.0 -9999.0 -9999.0 -9999.0 -9999.0 -9999.0 -9999.0 -9999.0 -9999.0 -9999.0 -9999.0 -9999.0 -9999.0 -9999.0 -9999.0 -9999.0 -9999.0 -9999.0 -9999.0 -9999.0 -9999.0 -9999.0 -9999.0 -9999.0 -9999.0 -9999.0 -9999.0 -9999.0 -9999.0 -9999.0 -9999.0 -9999.0 -9999.0 -9999.0 -9999.0 -9999.0 -9999.0 -9999.0 -9999.0 -9999.0 -9999.0 -9999.0 -9999.0 -9999.0 -9999.0 -9999.0 -9999.0 -9999.0 -9999.0 -9999.0 -9999.0 -9999.0 -9999.0 -9999.0 -9999.0 -9999.0
-9999.0 -9999.0 -9999.0 -9999.0 -9999.0 -9999.0 -9999.0 -9999.0 -9999.0 -9999.0 -9999.0 -9999.0 -9999.0 -9999.0 -9999.0 -9999.0 -9999.0 -9999.0 -9999.0 -9999.0 -9999.0 -9999.0 -9999.0 -9999.0 -9999.0 -9999.0 -9999.0 -0.368541 -0.142650 -0.217169 -0.783583 -0.962432 -2.577177 -9999.0 -9999.0 -9999.0 -9999.0 -9999.0 -9999.0 -9999.0 -9999.0 -9999.0 -9999.0 -9999.0 -9999.0 -9999.0 -9999.0 -9999.0 -9999.0 -9999.0 -9999.0 -9999.0 -9999.0 -9999.0 -9999.0 -9999.0 -9999.0 -9999.0 -9999.0 -9999.0 -9999.0 -9999.0 -9999.0
-9999.0 -9999.0 -9999.0 -9999.0 -9999.0 -9999.0 -9999.0 -9999.0 -9999.0 -9999.0 -9999.0 -9999.0 -9999.0 -9999.0 -9999.0 -9999.0 -9999.0 -9999.0 -9999.0 -9999.0 -9999.0 -9999.0 -9999.0 -9999.0 -0.099917 -0.080334 -0.050263 -0.094999 -0.302452 -0.511592 -0.365098 -9999.0 -9999.0 -9999.0 -9999.0 -9999.0 -9999.0 -9999.0 -9999.0 -9999.0 -9999.0 -9999.0 -9999.0 -9999.0 -9999.0 -9999.0 -9999.0 -9999.0 -9999.0 -9999.0 -9999.0 -9999.0 -9999.0 -9999.0 -9999.0 -9999.0 -9999.0 -9999.0 -9999.0 -9999.0 -9999.0 -9999.0 -9999.0
-9999.0 -9999.0 -9999.0 -9999.0 -9999.0 -9999.0 -9999.0 -9999.0 -9999.0 -9999.0 -9999.0 -9999.0 -9999.0 -9999.0 -9999.0 -9999.0 -9999.0 -9999.0 -9999.0 -9999.0 -9999.0 -9999.0 -9999.0 -0.061326 0.027040 1.557672 1.994854 2.588890 1.721818 -0.057773 -1.151242 -1.059642 -9999.0 -9999.0 -9999.0 -9999.0 -9999.0 -9999.0 -9999.0 -9999.0 -9999.0 -9999.0 -9999.0 -9999.0 -9999.0 -9999.0 -9999.0 -9999.0 -9999.0 -9999.0 -9999.0 -9999.0 -9999.0 -9999.0 -9999.0 -9999.0 -9999.0 -9999.0 -9999.0 -9999.0 -9999.0 -9999.0 -9999.0
-9999.0 -9999.0 -9999.0 -9999.0 -9999.0 -9999.0 -9999.0 -9999.0 -9999.0 -9999.0 -9999.0 -9999.0 -9999.0 -9999.0 -9999.0 -9999.0 -9999.0 -9999.0 2.916112 0.027851 -9999.0 -0.025912 0.078769 1.473704 1.544442 3.098926 2.032663 2.016739 1.307256 -0.004430 -0.098845 -1.332118 -1.345777 -2.037444 -9999.0 -9999.0 -9999.0 -9999.0 -9999.0 -9999.0 -9999.0 -9999.0 -9999.0 -9999.0 -9999.0 -9999.0 -9999.0 -9999.0 -9999.0 -9999.0 -9999.0 -9999.0 -9999.0 -9999.0 -9999.0 -9999.0 -9999.0 -9999.0 -9999.0 -9999.0 -9999.0 -9999.0 -9999.0
-9999.0 -9999.0 -9999.0 -9999.0 -9999.0 -9999.0 -9999.0 -9999.0 -9999.0 -9999.0 -9999.0 -9999.0 -9999.0 -9999.0 -9999.0 -9999.0 -9999.0 4.799839 3.412314 3.251567 0.746413 -0.005477 -0.004254 0.950648 2.318650 -0.008862 -0.158413 -0.004688 -0.044037 0.855100 0.235028 -0.082736 -0.153403 -0.357800 -1.681100 -2.128051 -9999.0 -9999.0 -9999.0 -9999.0 -9999.0 -9999.0 -9999.0 -9999.0 -9999.0 -9999.0 -9999.0 -9999.0 -9999.0 -9999.0 -9999.0 -9999.0 -9999.0 -9999.0 -9999.0 -9999.0 -9999.0 -9999.0 -9999.0 -9999.0 -9999.0 -9999.0 -9999.0
-9999.0 -9999.0 -9999.0 -9999.0 -9999.0 -9999.0 -9999.0 -9999.0 -9999.0 -9999.0 -9999.0 -9999.0 -9999.0 0.855760 1.136542 3.020702 4.424081 8.153736 4.500307 2.605819 2.082634 1.346888 2.299953 2.364834 -0.023517 0.052469 -0.696245 -0.232036 -0.396120 -0.029683 -1.173844 -0.175096 -1.506776 -2.467812 -3.122808 -2.333904 -9999.0 -9999.0 -9999.0 -9999.0 -9999.0 -9999.0 -9999.0 -9999.0 -9999.0 -9999.0 -9999.0 -9999.0 -9999.0 -9999.0 -9999.0 -9999.0 -9999.0 -9999.0 -9999.0 -9999.0 -9999.0 -9999.0 -9999.0 -9999.0 -9999.0 -9999.0 -9999.0
-9999.0 -9999.0 -9999.0 -9999.0 -9999.0 -9999.0 -9999.0 -9999.0 -9999.0 -9999.0 -9999.0 -9999.0 -9999.0 1.576901 3.322839 3.750262 3.643143 6.931531 8.189042 3.870477 3.594059 4.147695 2.033981 0.674751 0.356799 -0.004482 -0.150009 -0.248502 -0.593647 -1.257051 -1.561052 -0.314925 -1.108482 -6.566778 -2.014035 -9999.0 -9999.0 -9999.0 -9999.0 -9999.0 -9999.0 -9999.0 -9999.0 -9999.0 -9999.0 -9999.0 -9999.0 -9999.0 -9999.0 -9999.0 -9999.0 -9999.0 -9999.0 -9999.0 -9999.0 -9999.0 -9999.0 -9999.0 -9999.0 -9999.0 -9999.0 -9999.0 -9999.0
-9999.0 -9999.0 -9999.0 -9999.0 -9999.0 -9999.0 -9999.0 -9999.0 -9999.0 -9999.0 -9999.0 -9999.0 -9999.0 3.389485 3.046784 4.548118 3.307186 4.063837 8.556180 4.453617 4.471198 1.757208 -0.005448 -0.037085 0.504953 -0.003523 0.107501 -0.922224 -0.881570 -5.805606 -0.389337 -6.986323 -7.229034 -8.703770 -2.502584 -9999.0 -9999.0 -9999.0 -9999.0 -9999.0 -9999.0 -9999.0 -9999.0 -9999.0 -9999.0 -9999.0 -9999.0 -9999.0 -9999.0 -9999.0 -9999.0 -9999.0 -9999.0 -9999.0 -9999.0 -9999.0 -9999.0 -9999.0 -9999.0 -9999.0 -9999.0 -9999.0 -9999.0
-9999.0 -9999.0 -9999.0 -9999.0 -9999.0 -9999.0 -9999.0 -9999.0 -9999.0 -9999.0 -9999.0 -9999.0 1.617395 2.501911 4.056710 1.780258 1.795547 3.583510 7.807313 4.616569 1.852391 -0.012899 -0.016027 -0.032964 -1.274958 -0.152927 -2.409746 -0.442055 -1.588126 -1.468912 -6.762369 -1.449712 -2.059037 -2.526933 -9999.0 -9999.0 -9999.0 -9999.0 -9999.0 -9999.0 -9999.0 -9999.0 -9999.0 -9999.0 -9999.0 -9999.0 -9999.0 -9999.0 -9999.0 -9999.0 -9999.0 -9999.0 -9999.0 -9999.0 -9999.0 -9999.0 -9999.0 -9999.0 -9999.0 -9999.0 -9999.0 -9999.0 -9999.0
-9999.0 -9999.0 -9999.0 -9999.0 -9999.0 -9999.0 -9999.0 -9999.0 -9999.0 -9999.0 -9999.0 0.892603 2.673404 1.752474 3.326829 2.895837 3.921485 3.823189 7.264989 5.880701 2.356332 1.318042 0.037297 -0.105398 -1.321851 -0.100817 -0.765466 -1.123817 -1.298576 -2.184895 -1.486395 -1.352523 -1.078188 -1.787072 -1.652060 -0.435293 -0.584871 -1.893779 -2.172578 -9999.0 -9999.0 -9999.0 -1.915858 -9999.0 -9999.0 -9999.0 -9999.0 -9999.0 -9999.0 -9999.0 -9999.0 -9999.0 -9999.0 -9999.0 -9999.0 -9999.0 -9999.0 -9999.0 -9999.0 -9999.0 -9999.0 -9999.0 -9999.0
-9999.0 -9999.0 -9999.0 -9999.0 -9999.0 -9999.0 -9999.0 -9999.0 -9999.0 -9999.0 -9999.0 0.565634 2.919157 4.488500 4.741987 1.654944 6.200406 4.501100 7.740557 5.198849 4.301268 1.175968 -0.003609 -1.789801 -3.209682 -0.155486 -0.185392 -1.034467 -1.571917 -1.822016 -1.123972 -0.330010 -1.007477 -3.866164 -1.726998 -0.850913 -0.436438 -0.071701 -0.173598 -1.713504 -1.590866 -1.811331 -0.247123 -1.178855 -9999.0 -9999.0 -9999.0 -2.882692 -2.757639 -2.310499 -4.057909 -3.019376 -3.122033 -3.265413 -4.867460 -3.312564 -9999.0 -9999.0 -9999.0 -9999.0 -9999.0 -9999.0 -9999.0
-9999.0 -9999.0 -9999.0 -9999.0 -9999.0 -9999.0 -9999.0 -9999.0 -9999.0 -9999.0 -9999.0 0.318429 0.801297 -0.004606 2.555408 2.593386 1.221606 3.719607 6.575272 5.331351 1.908323 -0.005446 -0.973659 -0.100350 -0.153461 -0.317537 -1.583817 -2.866094 -0.408105 -1.553554 -0.606728 -3.317558 -0.969423 -1.588825 -1.309636 -0.712956 -2.494505 -2.160696 0.143451 -0.576619 -1.016213 -0.721499 -0.120173 -0.229298 -2.028139 -9999.0 -2.637643 -3.921277 -0.462243 -1.350253 -0.491940 -0.137296 -0.186584 -0.326140 -2.044459 -1.899867 -9999.0 -9999.0 -9999.0 -9999.0 -9999.0 -9999.0 -9999.0
-9999.0 -9999.0 -9999.0 -9999.0 -9999.0 -9999.0 -9999.0 -9999.0 -9999.0 -9999.0 -9999.0 -9999.0 0.519456 -0.247409 1.315064 1.644425 0.380530 2.774858 6.942617 5.118884 1.998787 -0.004532 -1.304208 -2.629016 -1.930165 -1.578721 -0.046369 -0.342275 -0.948809 -1.084928 -1.030923 -3.109403 -0.095412 -0.861116 -1.670676 -1.677085 -3.117563 -2.019678 1.532466 -0.091783 -0.044360 0.087723 -2.544406 -0.043475 -0.749938 -2.100709 -2.151625 -1.862906 -4.088226 -2.671773 -0.108847 -2.997174 -3.064304 -3.634617 -4.218722 -2.902066 -1.592695 -9999.0 -9999.0 -9999.0 -9999.0 -9999.0 -9999.0
-9999.0 -9999.0 -9999.0 -9999.0 -9999.0 -9999.0 -9999.0 -9999.0 -9999.0 -9999.0 -9999.0 -2.059295 0.017912 0.919562 -0.468020 -0.005216 0.690996 2.024716 6.304403 4.028619 2.352874 0.360172 -0.094173 -1.042281 -1.600796 -1.846888 -1.134861 -0.384161 -0.559227 -0.199658 -2.057915 -2.295004 -0.180893 -0.740459 -1.928859 -1.633667 -0.149826 -2.448771 -0.006230 0.625537 -0.448729 -0.022887 -0.955988 -0.337930 0.012120 -1.344781 -0.573292 -0.183399 0.103927 -0.042756 -2.838134 -0.275669 -4.420468 -5.064466 -5.887303 -6.666001 -1.515591 -9999.0 -9999.0 -9999.0 -9999.0 -9999.0 -9999.0
-9999.0 -9999.0 -9999.0 -9999.0 -9999.0 -9999.0 -9999.0 -9999.0 -9999.0 -9999.0 0.027034 -0.695426 0.028362 0.085399 0.761291 -0.005752 -0.010697 -0.017713 3.232825 3.681105 3.456313 2.226480 -0.508783 0.255338 -0.044361 -1.583955 -1.754057 -3.841124 -0.099641 -0.028866 -1.751357 -1.844522 -0.237250 -0.475028 -2.355322 -0.588478 -0.293680 -2.826978 -0.461004 -0.003765 -0.003561 1.109527 4.162863 0.617432 -0.043242 -0.184367 -0.364544 -2.436194 -1.699690 -0.029991 -4.515573 -2.319060 -6.328446 -7.462373 -7.111611 -0.486236 -0.456591 -9999.0 -9999.0 -9999.0 -9999.0 -9999.0 -9999.0
-9999.0 -9999.0 -9999.0 -9999.0 -9999.0 -9999.0 -9999.0 -9999.0 -9999.0 -0.127441 0.008100 -1.978563 -0.526760 -0.429657 -0.129645 -0.964283 -0.061690 2.036443 3.161637 3.772588 3.781346 0.496764 -0.010757 -0.002898 -0.005013 -1.334395 -2.115279 -0.022376 -0.745646 -0.833491 -0.004551 -1.537072 -0.421796 -6.786921 -1.539290 -0.612055 -0.531021 -3.242690 -1.993100 -1.618699 -1.097749 -0.368011 -0.415239 1.382400 0.607539 -0.046135 0.574985 -0.561601 -0.544554 -0.004280 -1.883278 -1.698569 -8.079924 -4.247683 -3.245375 -4.346336 -3.791937 -1.061692 -2.796325 -9999.0 -9999.0 -9999.0 -9999.0
-9999.0 -9999.0 -9999.0 -9999.0 -9999.0 -9999.0 -9999.0 -9999.0 -9999.0 -0.158803 -0.135445 -0.006204 1.028973 -0.018007 -0.078734 -0.462424 0.570948 0.214587 3.734948 5.117090 4.463892 4.346832 2.454229 0.771255 -0.946254 -1.555847 -0.440494 -0.037498 0.222736 0.930732 0.006831 -1.910175 -1.502534 -1.330630 -2.730600 -0.662445 -0.380770 0.024877 -0.146870 -0.150414 -2.816632 -1.631554 -0.222463 0.424660 2.075479 1.722773 1.376416 -0.003729 -0.017381 -0.004066 -2.792096 -4.819234 -4.345395 -3.778889 -3.840283 -5.350586 -3.461090 -3.110170 -0.361665 -9999.0 -9999.0 -9999.0 -9999.0
-9999.0 -9999.0 -9999.0 -9999.0 -9999.0 -9999.0 -9999.0 -9999.0 -9999.0 -9999.0 -0.332742 -0.184872 -0.338472 -0.617624 -0.008477 -0.057436 -0.023674 1.279103 4.525813 4.296244 4.477531 2.291750 -0.030317 -0.247666 -0.957451 -0.044753 -0.004147 0.681069 0.053484 -1.464834 -1.806779 -2.703108 -3.132231 -0.816035 -1.009076 -0.174282 -0.024468 -0.010837 -0.393366 -1.890005 -0.236323 -0.007165 0.411471 -0.042169 -0.019209 -0.010797 1.001599 2.852966 2.122209 -0.004662 -1.746289 -3.650250 -3.459035 -4.321745 -3.854837 -3.558338 -1.443420 -1.521872 -1.289467 -0.037550 -9999.0 -9999.0 -9999.0
-9999.0 -9999.0 -9999.0 -9999.0 -9999.0 -9999.0 -9999.0 -9999.0 -9999.0 -9999.0 -0.415741 -0.109654 -0.021890 -0.015063 1.852136 -0.009474 -0.017414 2.245567 4.937775 5.260598 3.064228 1.033133 -0.037851 -0.087678 -0.045696 0.310856 1.365269 -0.013195 -1.157337 -2.849154 -0.190700 -0.270624 -4.133818 -1.291782 -0.174759 -0.105398 -1.502712 -1.874911 -1.946508 -0.494033 -0.964257 -0.205987 -2.565423 -0.054733 0.100791 -0.369451 -0.027140 -0.018284 2.316225 1.805907 -0.004619 -1.798747 -3.552744 -4.028579 -4.974018 -4.216662 -2.295060 -2.061749 0.815201 1.647592 -9999.0 -9999.0 -9999.0
-9999.0 -9999.0 -9999.0 -9999.0 -9999.0 -9999.0 -9999.0 -9999.0 -0.104210 -0.270079 -0.819903 -0.648529 -2.595177 -0.537402 -0.049420 1.288969 2.551303 5.306580 5.271198 5.747022 4.815422 3.669611 2.615817 0.821312 -0.004235 1.620801 2.022408 -0.681048 -1.676041 -2.764934 -6.130183 -0.696211 -1.560376 -1.009173 -1.766227 -0.133141 0.565871 -0.111893 -2.410944 -0.606590 -0.154679 -0.013724 -2.789409 -0.394611 0.177747 0.059885 -2.228627 -0.456474 -0.012521 1.966782 -0.003470 -0.611221 -3.988910 -5.268486 -3.855322 -1.471418 -0.774268 0.092382 0.272237 3.754741 -9999.0 -9999.0 -9999.0
-9999.0 -9999.0 -9999.0 -9999.0 -9999.0 -9999.0 -9999.0 -9999.0 -2.900281 -3.008332 -2.290887 -0.594066 -0.127986 -2.009216 -0.792168 -0.012883 1.559698 2.166160 5.234065 6.272596 8.115673 7.107736 6.145969 5.251340 3.020663 2.916264 0.552688 -0.796817 -3.880605 -0.473022 -1.485076 -0.412968 -1.479629 -0.345884 -0.092699 -0.040216 1.300799 -0.006478 -0.487787 -0.096237 -0.347888 -4.854052 -0.300425 -0.072153 -0.062282 -2.588435 -3.267240 -0.105743 -0.455613 1.224983 1.483799 -0.080688 -4.032115 -2.009837 -0.352199 -2.305557 -1.124367 -0.022707 2.210463 4.763655 6.170001 -9999.0 -9999.0
-9999.0 -9999.0 -9999.0 -9999.0 -9999.0 -9999.0 -9999.0 -9999.0 -0.234261 -0.162257 -0.109369 -3.077306 -0.736066 -2.560243 -0.660932 -0.665293 -0.010617 2.276535 5.150815 8.050422 6.730541 7.771207 7.501322 5.185739 5.255862 2.876510 0.021485 -1.109145 -4.688591 -1.072304 -0.251449 -0.192982 -1.783661 -2.127878 0.013480 0.421366 -0.006910 1.281364 -0.040089 -2.473086 -0.312177 -0.182573 -0.086463 -0.181037 -3.051423 -0.309426 -0.673763 -0.160753 -1.672797 -0.025191 2.274178 -0.003823 -2.994328 -3.846960 -1.558088 -0.765636 0.748173 2.089783 4.391736 5.047191 5.410579 -9999.0 -9999.0
-9999.0 -9999.0 -9999.0 -9999.0 -9999.0 -9999.0 -9999.0 -9999.0 -2.013347 -0.279486 -1.908893 -4.334547 -0.118113 -1.654787 -0.414118 -0.004786 3.710076 4.941174 5.126124 5.420023 6.152649 6.526236 7.493988 6.808040 3.296523 0.696804 -0.062358 -1.857581 -0.033822 -2.351044 -1.611599 -1.293085 -0.021462 -0.613820 -0.706478 0.443728 2.329098 3.731868 0.346393 -0.022214 -0.043600 -0.014773 -0.038222 0.139172 -0.141309 -0.183019 -0.094291 0.014682 -0.142227 -0.752575 -0.019350 1.891638 -0.003399 -1.377652 0.194531 1.295516 2.898706 4.305254 5.363083 5.170269 4.211838 2.268356 -9999.0
-9999.0 -9999.0 -9999.0 -9999.0 -9999.0 -9999.0 -9999.0 -9999.0 -2.821345 -0.597944 -2.100213 -1.444233 -1.952698 -0.385246 1.123349 1.840746 3.371643 2.189078 0.454901 2.561587 4.460379 5.928835 6.152868 5.851986 4.241171 -0.012661 -0.970115 -0.047200 -0.006871 -0.302371 -0.342650 -0.004234 1.677654 0.765059 -0.004234 0.730252 2.178997 5.723792 5.160360 1.610755 -0.003535 -0.004241 0.003285 -0.011620 -0.663363 0.095461 -0.158375 -1.238070 -0.125597 -0.004275 1.055840 1.338044 1.645909 1.419703 1.825489 2.405066 3.081191 3.897216 4.534429 4.239207 3.848471 1.682183 -9999.0
-9999.0 -9999.0 -0.132886 -0.352071 -3.343054 -1.789611 -2.998001 -4.075236 -0.627043 -0.956129 -2.767769 -0.797317 -0.067854 -0.005295 2.383956 1.249207 -0.026484 -1.095394 -0.346903 -0.008860 2.433626 5.135959 4.793070 5.883094 3.921407 1.701005 -0.017719 -0.007944 1.862553 2.082241 -0.028531 0.263111 4.217458 3.013732 3.304602 4.287365 6.392314 8.019607 6.925876 4.243267 3.758673 3.353400 3.409518 1.949753 -0.011728 -0.004514 1.137764 1.130835 1.912413 2.890180 3.802870 3.388759 2.773547 2.309752 2.225077 4.691419 2.868832 3.259134 2.895544 3.136917 2.983151 0.921068 -9999.0
-9999.0 -0.836255 -2.738421 -2.931724 -1.657531 -2.621334 -1.884200 -2.460775 -3.440654 -0.805374 -1.590018 -0.726919 -0.003630 1.138880 1.564871 -0.354869 -1.565148 -1.781313 -1.617085 -0.023171 2.059257 3.950106 4.844951 4.500665 6.097185 3.681808 4.070044 4.174980 4.082506 2.545374 2.535344 2.715009 4.132143 6.527308 7.175731 8.207602 10.093416 10.945279 9.995410 8.104640 7.716544 7.564548 6.538245 4.481250 3.197248 3.598696 3.821857 5.635054 6.032000 5.756487 4.208171 3.398554 2.642332 1.878510 1.809003 1.326747 0.566993 0.915055 1.068708 1.746603 0.202304 0.721161 -9999.0
-9999.0 0.398751 -0.991980 -1.164043 -0.007540 -1.458359 -2.394928 -2.980150 -0.973751 -1.204898 -2.107700 -1.110868 -0.004665 1.638642 -0.093351 -3.159049 -2.293519 -1.825522 -0.745302 -0.014447 2.185681 1.612796 2.660323 2.402338 5.307718 6.513714 5.207342 5.691871 5.367404 6.133599 6.302159 6.061686 6.145055 7.162348 9.624406 10.335012 14.206953 15.338347 13.007461 12.001008 11.252630 10.186985 9.315214 7.797226 7.705695 7.568362 7.166758 6.777413 6.088364 5.084762 3.362539 1.668726 0.684598 1.223495 0.480964 -0.043723 -0.702924 -0.066276 -0.038637 -0.174136 -0.035886 -9999.0 -9999.0
