user2019/resources/simulation/Vinschgau/output-maps/TL0007N0569.asc
ncols         63
nrows         48
xllcorner     598000.000000
yllcorner     5145000.000000
cellsize      1000.000000
NODATA_value  -9999.0
[rows 0 to 27 of 48, columns 0 to 62 of 63]
-9999.0 -9999.0 -9999.0 -9999.0 -9999.0 -9999.0 -9999.0 -9999.0 -9999.0 -9999.0 -9999.0 -9999.0 -9999.0 -9999.0 -9999.0 -9999.0 -9999.0 -9999.0 -9999.0 -9999.0 -9999.0 -9999.0 -9999.0 -9999.0 -9999.0 -9999.0 -9999.0 -9999.0 -9999.0 -9999.0 -9999.0 -9999.0 -9999.0 -9999.0 -9999.0 -9999.0 -9999.0 -9999.0 -9999.0 -9999.0 -9999.0 -9999.0 -9999.0 -9999.0 -9999.0 -9999.0 -9999.0 -9999.0 -9999.0 -9999.0 -9999.0 -9999.0 -9999.0 -9999.0 -9999.0 -9999.0 -9999.0 -9999.0 -9999.0 -9999.0 -9999.0 -9999.0 -9999.0
-9999.0 -9999.0 -9999.0 -9999.0 -9999.0 -9999.0 -9999.0 -9999.0 -9999.0 -9999.0 -9999.0 -9999.0 -9999.0 -9999.0 -9999.0 -9999.0 -9999.0 -9999.0 -9999.0 -9999.0 -9999.0 -9999.0 -9999.0 -9999.0 -9999.0 -9999.0 -9999.0 11.121130 10.189324 9.470174 8.441645 8.617551 8.017799 -9999.0 -9999.0 -9999.0 -9999.0 -9999.0 -9999.0 -9999.0 -9999.0 -9999.0 -9999.0 -9999.0 -9999.0 -9999.0 -9999.0 -9999.0 -9999.0 -9999.0 -9999.0 -9999.0 -9999.0 -9999.0 -9999.0 -9999.0 -9999.0 -9999.0 -9999.0 -9999.0 -9999.0 -9999.0 -9999.0
-9999.0 -9999.0 -9999.0 -9999.0 -9999.0 -9999.0 -9999.0 -9999.0 -9999.0 -9999.0 -9999.0 -9999.0 -9999.0 -9999.0 -9999.0 -9999.0 -9999.0 -9999.0 -9999.0 -9999.0 -9999.0 -9999.0 -9999.0 -9999.0 10.313263 10.833456 11.038398 10.914454 10.285081 9.296692 8.929268 -9999.0 -9999.0 -9999.0 -9999.0 -9999.0 -9999.0 -9999.0 -9999.0 -9999.0 -9999.0 -9999.0 -9999.0 -9999.0 -9999.0 -9999.0 -9999.0 -9999.0 -9999.0 -9999.0 -9999.0 -9999.0 -9999.0 -9999.0 -9999.0 -9999.0 -9999.0 -9999.0 -9999.0 -9999.0 -9999.0 -9999.0 -9999.0
-9999.0 -9999.0 -9999.0 -9999.0 -9999.0 -9999.0 -9999.0 -9999.0 -9999.0 -9999.0 -9999.0 -9999.0 -9999.0 -9999.0 -9999.0 -9999.0 -9999.0 -9999.0 -9999.0 -9999.0 -9999.0 -9999.0 -9999.0 10.737127 11.304561 10.795686 11.421798 11.570756 10.387345 10.729014 9.607761 8.659610 -9999.0 -9999.0 -9999.0 -9999.0 -9999.0 -9999.0 -9999.0 -9999.0 -9999.0 -9999.0 -9999.0 -9999.0 -9999.0 -9999.0 -9999.0 -9999.0 -9999.0 -9999.0 -9999.0 -9999.0 -9999.0 -9999.0 -9999.0 -9999.0 -9999.0 -9999.0 -9999.0 -9999.0 -9999.0 -9999.0 -9999.0
-9999.0 -9999.0 -9999.0 -9999.0 -9999.0 -9999.0 -9999.0 -9999.0 -9999.0 -9999.0 -9999.0 -9999.0 -9999.0 -9999.0 -9999.0 -9999.0 -9999.0 -9999.0 12.374187 10.042208 -9999.0 10.224956 10.741143 10.748408 11.381574 13.190399 13.742844 13.737333 12.456032 11.103736 10.620650 9.322693 9.416558 8.604004 -9999.0 -9999.0 -9999.0 -9999.0 -9999.0 -9999.0 -9999.0 -9999.0 -9999.0 -9999.0 -9999.0 -9999.0 -9999.0 -9999.0 -9999.0 -9999.0 -9999.0 -9999.0 -9999.0 -9999.0 -9999.0 -9999.0 -9999.0 -9999.0 -9999.0 -9999.0 -9999.0 -9999.0 -9999.0
-9999.0 -9999.0 -9999.0 -9999.0 -9999.0 -9999.0 -9999.0 -9999.0 -9999.0 -9999.0 -9999.0 -9999.0 -9999.0 -9999.0 -9999.0 -9999.0 -9999.0 10.904269 8.720333 10.363819 11.578603 6.272939 9.718278 11.303750 15.059161 7.802114 6.519412 9.016208 6.846150 9.735365 10.486339 9.195609 9.477544 8.761894 7.924774 6.918507 -9999.0 -9999.0 -9999.0 -9999.0 -9999.0 -9999.0 -9999.0 -9999.0 -9999.0 -9999.0 -9999.0 -9999.0 -9999.0 -9999.0 -9999.0 -9999.0 -9999.0 -9999.0 -9999.0 -9999.0 -9999.0 -9999.0 -9999.0 -9999.0 -9999.0 -9999.0 -9999.0
-9999.0 -9999.0 -9999.0 -9999.0 -9999.0 -9999.0 -9999.0 -9999.0 -9999.0 -9999.0 -9999.0 -9999.0 -9999.0 9.932164 8.916404 8.290636 9.913359 20.000646 10.602796 10.687127 11.028167 12.168217 13.482608 14.927116 7.374988 9.720632 4.432917 3.320028 4.693632 6.117713 7.435914 8.534149 8.300926 7.376449 7.454339 7.103480 -9999.0 -9999.0 -9999.0 -9999.0 -9999.0 -9999.0 -9999.0 -9999.0 -9999.0 -9999.0 -9999.0 -9999.0 -9999.0 -9999.0 -9999.0 -9999.0 -9999.0 -9999.0 -9999.0 -9999.0 -9999.0 -9999.0 -9999.0 -9999.0 -9999.0 -9999.0 -9999.0
-9999.0 -9999.0 -9999.0 -9999.0 -9999.0 -9999.0 -9999.0 -9999.0 -9999.0 -9999.0 -9999.0 -9999.0 -9999.0 9.950757 9.700751 8.566859 8.325311 15.563745 19.976136 13.400807 10.330822 13.373956 8.867246 8.212606 10.264940 8.833139 9.607145 8.197025 9.820519 3.684073 2.687203 7.305665 6.982670 6.594954 6.646280 -9999.0 -9999.0 -9999.0 -9999.0 -9999.0 -9999.0 -9999.0 -9999.0 -9999.0 -9999.0 -9999.0 -9999.0 -9999.0 -9999.0 -9999.0 -9999.0 -9999.0 -9999.0 -9999.0 -9999.0 -9999.0 -9999.0 -9999.0 -9999.0 -9999.0 -9999.0 -9999.0 -9999.0
-9999.0 -9999.0 -9999.0 -9999.0 -9999.0 -9999.0 -9999.0 -9999.0 -9999.0 -9999.0 -9999.0 -9999.0 -9999.0 9.112485 10.729477 10.349418 7.577138 8.886350 20.050859 10.221453 13.410411 9.938055 6.956349 6.628381 9.911263 6.186149 9.736581 8.522264 9.101513 8.756031 6.982396 6.511180 6.379408 2.221503 6.423139 -9999.0 -9999.0 -9999.0 -9999.0 -9999.0 -9999.0 -9999.0 -9999.0 -9999.0 -9999.0 -9999.0 -9999.0 -9999.0 -9999.0 -9999.0 -9999.0 -9999.0 -9999.0 -9999.0 -9999.0 -9999.0 -9999.0 -9999.0 -9999.0 -9999.0 -9999.0 -9999.0 -9999.0
-9999.0 -9999.0 -9999.0 -9999.0 -9999.0 -9999.0 -9999.0 -9999.0 -9999.0 -9999.0 -9999.0 -9999.0 7.890995 10.161729 9.451487 7.504313 5.439537 7.744610 16.153657 11.300896 10.194666 5.199668 4.059551 4.505310 7.542701 8.231666 4.326504 8.575508 8.718745 7.027474 6.531743 9.291162 7.214269 7.157554 -9999.0 -9999.0 -9999.0 -9999.0 -9999.0 -9999.0 -9999.0 -9999.0 -9999.0 -9999.0 -9999.0 -9999.0 -9999.0 -9999.0 -9999.0 -9999.0 -9999.0 -9999.0 -9999.0 -9999.0 -9999.0 -9999.0 -9999.0 -9999.0 -9999.0 -9999.0 -9999.0 -9999.0 -9999.0
-9999.0 -9999.0 -9999.0 -9999.0 -9999.0 -9999.0 -9999.0 -9999.0 -9999.0 -9999.0 -9999.0 8.556067 6.822185 6.661855 6.333731 8.582025 6.599639 6.936812 15.953058 9.321608 7.458688 9.823701 9.663301 9.509395 5.825378 8.501944 7.469646 9.828716 8.265518 7.028511 9.790393 9.238363 8.158565 8.246259 9.499770 11.515344 11.733072 12.975340 12.795865 -9999.0 -9999.0 -9999.0 10.294262 -9999.0 -9999.0 -9999.0 -9999.0 -9999.0 -9999.0 -9999.0 -9999.0 -9999.0 -9999.0 -9999.0 -9999.0 -9999.0 -9999.0 -9999.0 -9999.0 -9999.0 -9999.0 -9999.0 -9999.0
-9999.0 -9999.0 -9999.0 -9999.0 -9999.0 -9999.0 -9999.0 -9999.0 -9999.0 -9999.0 -9999.0 7.360265 6.510088 6.330561 6.684466 7.973262 8.417086 8.370632 16.021067 13.628370 13.461455 11.118568 9.522543 3.860548 2.308736 8.966418 9.926821 9.548720 8.751089 7.727866 9.082236 8.685536 9.185219 8.562010 9.510690 10.989764 14.407896 13.942836 12.819784 11.424009 11.446016 11.168319 10.514444 10.242682 -9999.0 -9999.0 -9999.0 7.793413 8.297444 8.895674 8.578230 8.169962 8.089448 7.880653 7.942006 7.521899 -9999.0 -9999.0 -9999.0 -9999.0 -9999.0 -9999.0 -9999.0
-9999.0 -9999.0 -9999.0 -9999.0 -9999.0 -9999.0 -9999.0 -9999.0 -9999.0 -9999.0 -9999.0 7.980504 8.534577 3.855112 8.232844 8.654299 4.089879 4.980951 13.584437 14.504983 7.149803 7.293897 2.785037 9.853989 8.808951 11.849505 3.541837 5.620645 8.915487 8.068134 9.982605 2.126584 10.679032 8.670832 11.474374 12.723223 9.688507 10.468434 14.478216 12.148063 12.865543 11.504800 11.423458 10.299445 8.690095 -9999.0 8.322553 8.602486 9.359089 9.978612 10.218522 10.364337 9.812277 9.568331 9.522057 9.107710 -9999.0 -9999.0 -9999.0 -9999.0 -9999.0 -9999.0 -9999.0
-9999.0 -9999.0 -9999.0 -9999.0 -9999.0 -9999.0 -9999.0 -9999.0 -9999.0 -9999.0 -9999.0 -9999.0 8.112804 3.038909 9.065001 9.099075 3.221435 5.489118 14.694206 14.735455 7.332459 7.903407 7.682382 5.584331 2.112997 2.151946 10.942208 8.759366 8.409484 10.177531 10.010027 3.322038 10.860896 9.630267 9.242552 11.799924 8.477260 10.728115 19.678228 12.111003 14.419406 13.488201 7.738487 11.114405 10.285798 8.561218 9.268452 8.808475 2.269901 7.468877 8.862714 6.582922 7.525580 1.015940 2.205134 8.598889 9.089047 -9999.0 -9999.0 -9999.0 -9999.0 -9999.0 -9999.0
-9999.0 -9999.0 -9999.0 -9999.0 -9999.0 -9999.0 -9999.0 -9999.0 -9999.0 -9999.0 -9999.0 3.055962 8.392532 8.988221 3.850955 3.956550 6.170555 5.445874 15.158090 9.518055 7.965021 6.629440 7.682868 2.217501 4.020269 7.864808 6.608009 8.557985 10.004772 11.146448 3.772968 6.988606 11.074805 9.112986 8.621366 10.654462 11.610142 9.698405 11.080964 15.212962 9.421925 10.399441 9.317474 9.171893 11.326558 8.990480 9.576875 10.004319 10.550676 9.035998 2.654939 8.347521 1.692689 2.747245 2.941563 8.373946 9.167528 -9999.0 -9999.0 -9999.0 -9999.0 -9999.0 -9999.0
-9999.0 -9999.0 -9999.0 -9999.0 -9999.0 -9999.0 -9999.0 -9999.0 -9999.0 -9999.0 9.607919 2.326271 9.636478 9.768349 10.416161 6.696025 6.366551 5.414890 8.931361 9.967104 14.737853 12.739005 5.649354 12.728703 8.844548 7.608387 1.987076 3.005931 10.870763 11.054178 7.744442 6.992108 9.162550 7.870832 8.456582 11.144583 12.650445 8.777388 7.785121 11.796769 11.716797 10.773458 17.472818 8.490417 8.009702 11.307825 10.480046 7.434396 8.293768 8.729035 3.527230 7.986756 2.545714 6.751292 8.013109 9.931524 9.345910 -9999.0 -9999.0 -9999.0 -9999.0 -9999.0 -9999.0
-9999.0 -9999.0 -9999.0 -9999.0 -9999.0 -9999.0 -9999.0 -9999.0 -9999.0 8.810293 9.046958 2.118879 6.289001 3.219415 2.238890 2.684257 1.676817 13.254166 9.094550 10.484903 15.503395 8.105087 7.632527 10.356877 9.044879 4.171391 2.283214 11.265471 8.320810 9.098854 9.174465 1.322809 8.912565 7.993075 10.143373 10.459607 10.079060 3.670848 5.313849 7.885501 7.318447 6.085662 5.915229 9.428329 8.383034 8.370717 13.645027 7.530062 8.034771 9.770036 1.141605 8.488291 4.605292 7.904429 9.074965 2.332476 1.615547 9.915955 9.175189 -9999.0 -9999.0 -9999.0 -9999.0
-9999.0 -9999.0 -9999.0 -9999.0 -9999.0 -9999.0 -9999.0 -9999.0 -9999.0 7.890768 8.231817 9.513767 12.242942 7.682766 4.473985 2.633297 12.356091 9.217246 10.045647 17.584280 17.260198 16.873293 14.079818 12.384806 2.720651 4.113067 6.363805 9.237232 10.455352 12.334081 10.604326 1.465473 8.461045 8.448456 9.179223 11.827409 12.146297 12.856605 9.907488 10.786558 6.310711 3.087430 8.053619 9.644698 9.589524 11.605310 11.322036 10.494581 9.902876 9.623495 1.840445 2.192339 7.410410 8.471394 9.127140 2.225507 1.797622 1.097527 10.679496 -9999.0 -9999.0 -9999.0 -9999.0
-9999.0 -9999.0 -9999.0 -9999.0 -9999.0 -9999.0 -9999.0 -9999.0 -9999.0 -9999.0 9.217535 9.354601 6.988203 6.607216 8.516426 7.447736 8.370682 10.541506 11.089092 13.332999 16.488927 9.246813 7.184995 3.318194 4.304036 9.169116 10.377817 10.732130 10.656185 1.273840 2.411710 4.901791 2.296750 8.586726 9.582839 10.113865 11.613191 10.904528 10.819305 8.801612 8.352372 11.419897 11.390018 7.548346 6.867086 7.429719 8.452255 14.757345 12.169490 9.888595 5.820579 6.618947 8.425550 8.180715 8.162564 9.413258 10.569787 10.320140 10.428372 10.783451 -9999.0 -9999.0 -9999.0
-9999.0 -9999.0 -9999.0 -9999.0 -9999.0 -9999.0 -9999.0 -9999.0 -9999.0 -9999.0 8.721358 9.232797 10.179019 7.555109 14.965306 7.664788 7.465386 9.691676 12.334100 13.702514 10.696035 8.919054 7.380271 7.733390 9.077373 10.959983 11.632914 7.363000 2.540835 1.916010 9.042777 9.572411 3.174117 7.992019 9.295629 9.097004 7.593766 7.412454 2.263715 8.206736 9.363988 9.817868 4.242549 9.875521 10.471879 5.902538 8.160386 7.459247 9.799839 12.279419 10.091615 1.310151 2.225034 9.559290 8.653211 9.931293 9.532433 9.143419 10.860284 13.006166 -9999.0 -9999.0 -9999.0
-9999.0 -9999.0 -9999.0 -9999.0 -9999.0 -9999.0 -9999.0 -9999.0 9.818298 10.045646 10.191486 9.304792 2.505954 2.611726 6.062701 9.556095 10.193038 17.863104 14.505017 14.374815 12.489328 11.437617 10.447540 8.774358 10.796402 10.321027 13.503884 5.777459 3.722594 1.942778 9.275924 8.526865 8.889094 9.190940 8.846214 8.656547 11.094963 7.384822 2.413521 9.605580 8.848633 9.150175 3.429758 9.602455 12.401651 11.273862 1.761682 7.527765 7.914243 12.604898 10.757944 7.822522 1.581271 2.528011 10.860222 11.011750 11.533084 13.828746 12.229496 12.485995 -9999.0 -9999.0 -9999.0
-9999.0 -9999.0 -9999.0 -9999.0 -9999.0 -9999.0 -9999.0 -9999.0 1.392036 1.971090 1.793573 9.435627 10.029094 3.712952 6.038705 7.929647 9.127003 9.796903 12.740927 15.125157 21.874039 20.173746 17.911860 16.915435 11.164616 10.791352 8.446271 7.778985 2.467179 9.616335 9.459291 11.226088 8.923815 10.386312 9.171372 10.373373 11.343454 8.055658 2.375306 9.240490 8.420471 7.539410 9.360886 10.111104 10.705489 2.018117 2.692900 10.218126 8.522565 9.950317 12.829953 10.109209 0.719129 11.347918 12.909943 10.317861 10.315027 11.483872 13.973547 16.227583 16.850212 -9999.0 -9999.0
-9999.0 -9999.0 -9999.0 -9999.0 -9999.0 -9999.0 -9999.0 -9999.0 9.526087 10.847099 9.745408 2.663020 10.458547 1.504202 2.978225 6.590307 8.702335 12.439419 13.133523 21.277974 15.763359 20.962055 20.595917 14.867515 18.616711 10.381878 7.850724 2.643071 2.880131 10.251807 11.684710 10.362364 2.262046 3.391801 9.932712 10.748733 1.840170 7.841646 1.983875 2.697041 8.427405 9.839867 9.316254 9.635486 2.328827 9.277999 10.470349 10.586265 2.324848 8.823574 12.351501 11.966033 4.756151 3.871984 11.770164 12.448626 13.331724 14.114257 15.738827 15.454747 16.442724 -9999.0 -9999.0
-9999.0 -9999.0 -9999.0 -9999.0 -9999.0 -9999.0 -9999.0 -9999.0 9.513100 10.754810 8.115556 2.224710 10.662056 5.409121 7.332811 9.026970 11.534321 13.329392 16.431940 13.375371 15.247840 15.868373 21.263369 20.458386 11.692674 9.131236 7.016680 2.547959 11.740736 7.822034 3.605771 5.700440 8.295365 8.166963 2.296751 11.284748 12.238104 8.767634 3.903711 2.563078 9.224501 9.774124 9.514432 11.073068 10.015585 11.000191 10.787521 10.979165 12.069986 9.568941 10.189967 12.988586 13.117880 12.692229 14.073155 14.614911 15.255978 13.970361 14.888802 16.328272 14.762073 11.451226 -9999.0
-9999.0 -9999.0 -9999.0 -9999.0 -9999.0 -9999.0 -9999.0 -9999.0 9.450134 10.387377 4.357450 6.641796 7.610710 8.238526 15.164687 13.046731 15.326159 10.250245 8.897126 10.598927 12.824150 15.686055 15.929017 15.815986 17.643250 8.914362 6.410148 9.238573 10.078431 9.236738 6.157221 8.933671 10.175632 8.859040 5.176211 5.544978 9.285735 9.896338 8.700834 8.387738 7.302897 1.626286 8.428232 7.702846 2.530910 11.468032 8.331791 9.413189 9.755080 11.896398 13.681516 13.075905 13.677651 15.818983 15.812187 15.920992 16.552904 16.378150 15.831036 14.757057 12.162460 10.410522 -9999.0
-9999.0 -9999.0 10.722160 10.624463 1.903334 2.257014 6.739494 2.009379 10.346971 10.015858 3.598745 8.662493 8.595099 11.495028 17.396184 11.948566 8.423085 6.529234 8.411535 8.785505 11.027534 13.790078 15.434190 14.859296 14.089574 10.686005 8.989804 8.865946 10.009802 14.324150 7.306052 7.750420 14.279714 8.147750 10.777631 8.813571 12.246326 11.164496 9.563020 7.868545 10.293154 10.315409 8.447496 9.918672 6.746849 9.350611 10.911747 9.180455 12.865447 14.536505 16.002661 16.719922 16.537818 16.667745 16.611314 21.498406 15.313091 14.776032 13.770193 11.705063 14.728514 9.298720 -9999.0
-9999.0 7.307846 7.030165 6.863733 2.517944 7.195245 6.616720 2.255858 2.466119 9.901246 2.664571 7.566097 10.034171 15.589177 15.755066 8.070982 7.975034 2.255920 5.983171 8.882468 11.531697 12.489817 18.139849 14.197816 20.486861 14.469981 18.304715 18.530595 13.283502 12.397134 12.352955 11.792058 11.363750 15.590981 13.296702 14.242483 14.794279 13.143690 14.280451 13.542161 13.176669 12.779114 12.205496 9.765948 9.407321 10.220383 13.442370 12.718420 15.492124 15.011820 15.908951 15.753770 15.012799 15.016341 15.007261 14.187359 11.722912 11.299639 12.162935 13.875079 8.886692 8.864802 -9999.0
-9999.0 11.265070 8.056568 8.332920 12.871063 7.835676 2.897246 2.655328 10.418774 10.946058 3.779007 7.626470 10.152106 16.090339 8.836376 2.752465 1.306588 1.998176 9.297211 8.504590 14.988975 11.647263 13.194376 15.043280 21.053428 22.162164 14.399912 15.746839 14.929782 13.611946 13.887281 13.218516 13.212142 13.669413 18.286669 15.540455 22.340201 22.700728 16.417772 16.494977 15.880417 15.094097 13.804675 13.176979 13.926318 14.302085 15.852068 15.950227 15.323113 15.325844 14.028937 12.144473 11.923293 12.467775 11.738060 10.382488 10.226439 9.287750 8.649554 7.956687 7.795698 -9999.0 -9999.0
