user2019/resources/simulation/Vinschgau/output-maps/TsL0004N0356.asc
ncols         63
nrows         48
xllcorner     598000.000000
yllcorner     5145000.000000
cellsize      1000.000000
NODATA_value  -9999.0
[rows 0 to 27 of 48, columns 0 to 62 of 63]
-9999.0 -9999.0 -9999.0 -9999.0 -9999.0 -9999.0 -9999.0 -9999.0 -9999.0 -9999.0 -9999.0 -9999.0 -9999.0 -9999.0 -9999.0 -9999.0 -9999.0 -9999.0 -9999.0 -9999.0 -9999.0 -9999.0 -9999.0 -9999.0 -9999.0 -9999.0 -9999.0 -9999.0 -9999.0 -9999.0 -9999.0 -9999.0 -9999.0 -9999.0 -9999.0 -9999.0 -9999.0 -9999.0 -9999.0 -9999.0 -9999.0 -9999.0 -9999.0 -9999.0 -9999.0 -9999.0 -9999.0 -9999.0 -9999.0 -9999.0 -9999.0 -9999.0 -9999.0 -9999.0 -9999.0 -9999.0 -9999.0 -9999.0 -9999.0 -9999.0 -9999.0 -9999.0 -9999.0
-9999.0 -9999.0 -9999.0 -9999.0 -9999.0 -9999.0 -9999.0 -9999.0 -9999.0 -9999.0 -9999.0 -9999.0 -9999.0 -9999.0 -9999.0 -9999.0 -9999.0 -9999.0 -9999.0 -9999.0 -9999.0 -9999.0 -9999.0 -9999.0 -9999.0 -9999.0 -9999.0 -1.317758 -1.375303 -1.301293 -0.133586 -0.473513 -0.376832 -9999.0 -9999.0 -9999.0 -9999.0 -9999.0 -9999.0 -9999.0 -9999.0 -9999.0 -9999.0 -9999.0 -9999.0 -9999.0 -9999.0 -9999.0 -9999.0 -9999.0 -9999.0 -9999.0 -9999.0 -9999.0 -9999.0 -9999.0 -9999.0 -9999.0 -9999.0 -9999.0 -9999.0 -9999.0 -9999.0
-9999.0 -9999.0 -9999.0 -9999.0 -9999.0 -9999.0 -9999.0 -9999.0 -9999.0 -9999.0 -9999.0 -9999.0 -9999.0 -9999.0 -9999.0 -9999.0 -9999.0 -9999.0 -9999.0 -9999.0 -9999.0 -9999.0 -9999.0 -9999.0 -1.035930 -0.948725 3.483984 -0.003310 2.467237 -0.608253 -0.121410 -9999.0 -9999.0 -9999.0 -9999.0 -9999.0 -9999.0 -9999.0 -9999.0 -9999.0 -9999.0 -9999.0 -9999.0 -9999.0 -9999.0 -9999.0 -9999.0 -9999.0 -9999.0 -9999.0 -9999.0 -9999.0 -9999.0 -9999.0 -9999.0 -9999.0 -9999.0 -9999.0 -9999.0 -9999.0 -9999.0 -9999.0 -9999.0
-9999.0 -9999.0 -9999.0 -9999.0 -9999.0 -9999.0 -9999.0 -9999.0 -9999.0 -9999.0 -9999.0 -9999.0 -9999.0 -9999.0 -9999.0 -9999.0 -9999.0 -9999.0 -9999.0 -9999.0 -9999.0 -9999.0 -9999.0 -0.871607 4.849701 1.323529 3.060560 3.286020 2.932229 0.317404 -2.357583 -0.895953 -9999.0 -9999.0 -9999.0 -9999.0 -9999.0 -9999.0 -9999.0 -9999.0 -9999.0 -9999.0 -9999.0 -9999.0 -9999.0 -9999.0 -9999.0 -9999.0 -9999.0 -9999.0 -9999.0 -9999.0 -9999.0 -9999.0 -9999.0 -9999.0 -9999.0 -9999.0 -9999.0 -9999.0 -9999.0 -9999.0 -9999.0
-9999.0 -9999.0 -9999.0 -9999.0 -9999.0 -9999.0 -9999.0 -9999.0 -9999.0 -9999.0 -9999.0 -9999.0 -9999.0 -9999.0 -9999.0 -9999.0 -9999.0 -9999.0 6.060111 4.529370 -9999.0 -0.895956 2.176005 2.718070 2.747735 5.922667 3.800110 2.855939 4.539863 1.848940 2.929154 -2.417432 -2.802124 -2.870730 -9999.0 -9999.0 -9999.0 -9999.0 -9999.0 -9999.0 -9999.0 -9999.0 -9999.0 -9999.0 -9999.0 -9999.0 -9999.0 -9999.0 -9999.0 -9999.0 -9999.0 -9999.0 -9999.0 -9999.0 -9999.0 -9999.0 -9999.0 -9999.0 -9999.0 -9999.0 -9999.0 -9999.0 -9999.0
-9999.0 -9999.0 -9999.0 -9999.0 -9999.0 -9999.0 -9999.0 -9999.0 -9999.0 -9999.0 -9999.0 -9999.0 -9999.0 -9999.0 -9999.0 -9999.0 -9999.0 1.984101 1.558812 2.851865 4.316617 -0.001299 0.036398 1.977850 7.231267 -0.002320 -0.370466 -0.208081 -0.426574 -0.062602 5.522546 -0.002510 4.822377 -1.966655 -1.632142 -0.803555 -9999.0 -9999.0 -9999.0 -9999.0 -9999.0 -9999.0 -9999.0 -9999.0 -9999.0 -9999.0 -9999.0 -9999.0 -9999.0 -9999.0 -9999.0 -9999.0 -9999.0 -9999.0 -9999.0 -9999.0 -9999.0 -9999.0 -9999.0 -9999.0 -9999.0 -9999.0 -9999.0
-9999.0 -9999.0 -9999.0 -9999.0 -9999.0 -9999.0 -9999.0 -9999.0 -9999.0 -9999.0 -9999.0 -9999.0 -9999.0 -1.360547 -0.002286 -0.000576 0.352132 13.939386 2.961503 3.947219 2.519881 3.328304 4.090928 7.344255 -0.002573 -0.135924 -0.161358 -0.088606 -0.193412 -0.190382 -0.601995 -0.827901 -1.145769 -0.922300 -0.782017 -1.245415 -9999.0 -9999.0 -9999.0 -9999.0 -9999.0 -9999.0 -9999.0 -9999.0 -9999.0 -9999.0 -9999.0 -9999.0 -9999.0 -9999.0 -9999.0 -9999.0 -9999.0 -9999.0 -9999.0 -9999.0 -9999.0 -9999.0 -9999.0 -9999.0 -9999.0 -9999.0 -9999.0
-9999.0 -9999.0 -9999.0 -9999.0 -9999.0 -9999.0 -9999.0 -9999.0 -9999.0 -9999.0 -9999.0 -9999.0 -9999.0 -1.000139 0.017037 -0.000925 -0.000909 7.191455 13.806188 5.389286 4.602196 6.109287 2.652702 0.055691 0.846026 -0.685810 -1.982716 -0.219694 -0.456475 -0.314708 -0.263629 -0.881545 -0.867998 -3.699959 -1.190994 -9999.0 -9999.0 -9999.0 -9999.0 -9999.0 -9999.0 -9999.0 -9999.0 -9999.0 -9999.0 -9999.0 -9999.0 -9999.0 -9999.0 -9999.0 -9999.0 -9999.0 -9999.0 -9999.0 -9999.0 -9999.0 -9999.0 -9999.0 -9999.0 -9999.0 -9999.0 -9999.0 -9999.0
-9999.0 -9999.0 -9999.0 -9999.0 -9999.0 -9999.0 -9999.0 -9999.0 -9999.0 -9999.0 -9999.0 -9999.0 -9999.0 -0.000529 4.690423 -0.000957 -0.000860 0.000043 13.670127 3.672833 5.995364 -0.809197 -0.149062 -0.263956 -0.532118 -0.322948 -1.037366 -0.439335 -2.125388 -1.208701 -0.728332 -5.852615 -3.877424 -8.028499 -3.298101 -9999.0 -9999.0 -9999.0 -9999.0 -9999.0 -9999.0 -9999.0 -9999.0 -9999.0 -9999.0 -9999.0 -9999.0 -9999.0 -9999.0 -9999.0 -9999.0 -9999.0 -9999.0 -9999.0 -9999.0 -9999.0 -9999.0 -9999.0 -9999.0 -9999.0 -9999.0 -9999.0 -9999.0
-9999.0 -9999.0 -9999.0 -9999.0 -9999.0 -9999.0 -9999.0 -9999.0 -9999.0 -9999.0 -9999.0 -9999.0 -0.445256 3.838253 -0.022956 -2.518325 -2.368341 -0.001165 9.375917 4.061523 2.730805 -0.273762 -0.526914 -0.085652 -0.039630 -0.333184 -0.109939 -0.828816 -0.951745 -0.558187 -1.761384 -2.422784 -3.504401 -1.420032 -9999.0 -9999.0 -9999.0 -9999.0 -9999.0 -9999.0 -9999.0 -9999.0 -9999.0 -9999.0 -9999.0 -9999.0 -9999.0 -9999.0 -9999.0 -9999.0 -9999.0 -9999.0 -9999.0 -9999.0 -9999.0 -9999.0 -9999.0 -9999.0 -9999.0 -9999.0 -9999.0 -9999.0 -9999.0
-9999.0 -9999.0 -9999.0 -9999.0 -9999.0 -9999.0 -9999.0 -9999.0 -9999.0 -9999.0 -9999.0 -0.357941 -1.144200 -0.000602 -2.366996 -0.718419 -1.829323 -0.001111 9.186135 3.868664 0.298444 2.128998 -0.929538 -0.139322 -0.447346 -0.360227 -0.867608 -0.887265 -1.596027 -0.939430 -1.629092 1.232225 -2.929049 -3.115751 -3.819876 1.902370 4.090010 4.830904 6.480942 -9999.0 -9999.0 -9999.0 -4.113285 -9999.0 -9999.0 -9999.0 -9999.0 -9999.0 -9999.0 -9999.0 -9999.0 -9999.0 -9999.0 -9999.0 -9999.0 -9999.0 -9999.0 -9999.0 -9999.0 -9999.0 -9999.0 -9999.0 -9999.0
-9999.0 -9999.0 -9999.0 -9999.0 -9999.0 -9999.0 -9999.0 -9999.0 -9999.0 -9999.0 -9999.0 -1.075439 -0.963188 -0.427578 -2.850859 -0.362312 -0.174623 0.059272 9.225933 5.077084 6.857837 5.798255 -0.927601 -0.343565 -0.447745 -0.102025 -0.847289 -0.489389 -0.989024 -0.361851 -0.877756 2.457594 -1.929870 -3.207998 -4.312417 0.604084 6.087598 9.137632 6.913450 6.133350 5.493703 -4.818518 0.039715 -3.678979 -9999.0 -9999.0 -9999.0 -0.013264 -0.047246 -0.034692 -0.032665 -0.028623 -0.029235 -0.015332 -0.014179 -0.029333 -9999.0 -9999.0 -9999.0 -9999.0 -9999.0 -9999.0 -9999.0
-9999.0 -9999.0 -9999.0 -9999.0 -9999.0 -9999.0 -9999.0 -9999.0 -9999.0 -9999.0 -9999.0 -1.422931 -0.173411 -1.339235 -1.826253 -2.558851 -0.007509 -0.001295 6.274165 7.299902 1.317216 2.232654 0.008330 -0.872542 -0.157734 -0.839943 0.332487 -0.626127 -0.296938 -0.305304 -0.256169 -0.372841 2.911989 -4.108092 -3.172778 3.435503 0.260675 2.789621 10.031965 7.178445 5.381163 4.181596 3.401869 0.130975 -3.228634 -9999.0 -0.215017 -0.054147 -1.169975 -0.003064 5.573344 6.576284 -0.684474 -0.090998 -0.014815 -0.018266 -9999.0 -9999.0 -9999.0 -9999.0 -9999.0 -9999.0 -9999.0
-9999.0 -9999.0 -9999.0 -9999.0 -9999.0 -9999.0 -9999.0 -9999.0 -9999.0 -9999.0 -9999.0 -9999.0 -0.092463 -1.527506 -2.241589 -2.468387 -0.742521 -0.001540 8.173997 8.068380 1.891194 3.128922 3.143814 1.602361 -0.885662 -0.001366 6.849083 -0.140949 -0.099445 -0.982798 -1.007376 -0.003540 1.249089 -2.819862 -3.701886 3.508767 -0.005485 1.890782 12.513019 8.384331 8.896335 10.569016 0.222629 4.335936 -1.892215 -2.516427 -1.391527 -0.058982 -0.531944 0.179232 2.467764 -0.039253 0.000518 -0.021002 -0.065551 -0.078292 -0.016358 -9999.0 -9999.0 -9999.0 -9999.0 -9999.0 -9999.0
-9999.0 -9999.0 -9999.0 -9999.0 -9999.0 -9999.0 -9999.0 -9999.0 -9999.0 -9999.0 -9999.0 -1.584304 -0.155224 -0.083551 -0.001285 -0.001728 -0.001942 -0.001118 8.981129 3.765519 2.959677 2.240163 1.444955 -0.003284 0.593581 3.159293 -0.176645 -0.201596 -0.778086 -0.746103 0.000917 1.025104 5.213135 -3.179478 -3.341930 -0.000564 1.816430 0.139615 -0.006275 13.327846 2.851247 4.038677 2.454341 0.933993 5.692473 -2.833709 -1.117580 -0.995083 -0.760325 2.958573 -0.074468 -0.141286 -0.103007 -0.211064 -0.134046 -0.559902 -0.025315 -9999.0 -9999.0 -9999.0 -9999.0 -9999.0 -9999.0
-9999.0 -9999.0 -9999.0 -9999.0 -9999.0 -9999.0 -9999.0 -9999.0 -9999.0 -9999.0 -0.106019 -0.460244 -1.127446 -1.160254 -0.827248 0.537170 -0.616980 -0.017271 3.660670 4.345815 7.798069 5.448601 3.408566 9.204922 4.242705 1.584734 -0.299983 -0.815011 6.702910 7.034869 3.040618 -0.013255 -1.230593 -2.323155 -2.118823 -2.547507 5.765540 -0.003179 0.065091 3.421204 4.216435 4.856982 10.517254 0.195467 0.405486 2.695728 -1.011914 0.962089 2.354117 3.144640 -1.519343 -0.138751 -0.199944 -0.263329 -0.142085 -0.017948 -0.018050 -9999.0 -9999.0 -9999.0 -9999.0 -9999.0 -9999.0
-9999.0 -9999.0 -9999.0 -9999.0 -9999.0 -9999.0 -9999.0 -9999.0 -9999.0 -0.099150 -0.043807 -0.169798 0.827912 -0.563653 -0.000759 -0.497350 -0.065791 8.827830 5.020495 5.434519 9.229527 5.689504 4.866531 6.078682 2.931009 -0.252871 0.907158 7.692819 3.967385 4.240549 4.745337 -0.786171 -0.614575 -1.061227 -2.625851 -2.411749 -1.335210 -0.003125 -0.002975 0.135268 0.328582 -0.002234 -0.002809 3.339315 0.820045 1.420913 7.598361 2.645822 1.684438 2.811781 0.218582 -0.033362 -0.561897 -0.067573 -0.032788 -0.030496 -0.016999 -0.007855 -0.018381 -9999.0 -9999.0 -9999.0 -9999.0
-9999.0 -9999.0 -9999.0 -9999.0 -9999.0 -9999.0 -9999.0 -9999.0 -9999.0 -0.087688 -0.100847 -0.079793 8.106254 2.602578 1.092432 -0.261364 4.729009 4.143669 5.761891 12.398700 11.637146 13.220683 6.986629 6.620738 -0.182425 3.553163 4.940702 5.298095 6.415749 4.353071 4.349919 -0.001058 -0.748967 -1.735325 -1.137871 3.369751 2.318731 5.089469 -2.282493 -0.852179 -1.178403 -1.098338 1.840361 3.620680 3.134081 4.556351 5.339581 4.445297 4.033647 3.940602 -0.734541 -0.931153 -0.058926 -0.070074 -0.086095 -0.009018 -0.017413 -0.001455 -0.450548 -9999.0 -9999.0 -9999.0 -9999.0
-9999.0 -9999.0 -9999.0 -9999.0 -9999.0 -9999.0 -9999.0 -9999.0 -9999.0 -9999.0 -0.080589 -0.058908 -0.234091 2.215904 4.150372 3.141188 4.174889 5.691271 6.590438 8.529132 9.805406 4.724292 3.350235 1.623396 3.296182 5.884256 6.827225 6.916085 5.667509 -0.079918 -0.077186 -0.212922 -0.166894 -0.270778 3.498957 6.300737 7.446778 4.687767 -2.383507 -0.631410 -1.069500 3.681679 4.814208 -0.341107 -0.003386 0.151209 2.214728 5.797845 7.205805 3.710832 0.192653 0.070073 -0.026521 -0.043888 -0.100698 -0.063830 -0.035957 4.388871 4.618832 5.481746 -9999.0 -9999.0 -9999.0
-9999.0 -9999.0 -9999.0 -9999.0 -9999.0 -9999.0 -9999.0 -9999.0 -9999.0 -9999.0 -0.078716 -0.073343 -0.066812 0.111282 9.590930 4.010920 4.628418 5.308007 8.943039 9.487382 8.048211 6.156215 5.084696 5.335479 5.943582 7.647428 7.915721 4.847533 -0.011675 -0.229242 -0.162329 -0.062881 -0.854187 -0.253204 -0.195613 -0.207593 2.494935 0.303642 -0.446990 -0.295861 -1.071635 -0.655955 -0.201850 -0.147478 -0.041188 -0.204564 -0.243070 0.779776 4.127033 7.143388 4.145043 0.125445 -0.455498 -0.024382 -0.038232 -0.024091 -0.087170 -0.023504 5.541997 6.351425 -9999.0 -9999.0 -9999.0
-9999.0 -9999.0 -9999.0 -9999.0 -9999.0 -9999.0 -9999.0 -9999.0 4.428477 -0.613250 -0.180065 -0.063670 -0.046492 -0.225389 1.365559 4.941069 6.449311 14.346352 12.201896 11.767260 11.224244 8.862206 7.073382 5.737977 6.830923 8.612354 9.098930 1.871183 -0.234698 -0.065765 -0.656200 -0.113940 -0.072387 -0.081040 -0.064462 -0.752366 -0.317413 1.383984 -0.969225 -0.939517 -0.090987 -0.097417 -0.161723 -0.535979 -0.865170 -0.335568 -0.086082 -0.033559 2.606411 5.015431 4.731312 2.363410 -0.151390 -0.037091 -0.021234 5.119170 -0.295722 8.728198 6.312115 7.961256 -9999.0 -9999.0 -9999.0
-9999.0 -9999.0 -9999.0 -9999.0 -9999.0 -9999.0 -9999.0 -9999.0 -0.043625 2.332686 -0.251628 -0.127763 -0.083330 -0.109557 -0.002955 3.249838 5.454772 6.330805 9.939636 12.963533 20.431401 17.968461 15.060142 13.370939 8.236803 8.550889 5.282819 3.765421 -0.182874 -0.329316 -0.061210 -0.812125 -0.156081 -0.174216 -0.136375 -0.726822 7.859540 3.262303 -0.004833 -0.748303 -0.144800 -1.579122 -0.160591 -0.270796 6.629822 -0.043685 -0.080235 -0.066827 -0.065465 4.459986 7.032303 4.154409 -0.002038 -0.084836 8.552408 5.062620 4.308941 5.601052 8.643415 11.452768 12.542955 -9999.0 -9999.0
-9999.0 -9999.0 -9999.0 -9999.0 -9999.0 -9999.0 -9999.0 -9999.0 -0.085587 -0.269182 5.164930 -0.050630 -0.268049 -0.053723 4.648257 4.403836 5.849683 8.052169 11.716413 18.985085 14.027753 18.237882 18.448440 12.619804 14.146037 6.158987 4.842372 1.584409 -0.261874 -0.235888 -0.678043 7.080174 -0.245179 -0.000873 -0.231934 8.096336 -0.181459 4.381875 -0.002782 -0.340420 -0.057212 -0.042213 -0.036814 -0.060666 -0.071022 -0.072421 -0.036771 -0.023740 -0.048376 3.432416 6.859949 5.688788 2.567814 1.868585 5.807858 6.157985 7.676451 8.818046 10.421371 10.133417 11.454267 -9999.0 -9999.0
-9999.0 -9999.0 -9999.0 -9999.0 -9999.0 -9999.0 -9999.0 -9999.0 -0.152481 -0.128701 3.152422 2.239374 7.270093 4.020651 4.497114 5.935846 8.976802 9.525423 9.516079 10.372214 11.664419 13.197593 17.348243 16.164614 7.887094 5.536976 3.428495 3.166714 7.996252 4.123645 3.160999 3.451721 4.195509 4.022475 -0.257998 -0.029483 7.983765 5.549355 2.712251 -0.072087 -0.039448 -0.332671 -0.605425 3.454416 -0.031001 -0.344576 -0.639609 6.748651 4.620309 3.598809 5.055119 8.612896 7.154056 4.535207 8.223125 9.078354 10.172217 8.376910 10.480486 11.275636 7.907974 5.515014 -9999.0
-9999.0 -9999.0 -9999.0 -9999.0 -9999.0 -9999.0 -9999.0 -9999.0 -0.058790 -0.118129 2.936610 3.350467 4.302884 4.834907 10.457399 8.327333 8.288359 5.621863 3.998414 6.716761 9.337529 12.388891 12.584423 11.249372 13.156012 5.973347 4.699465 5.687758 6.179421 5.037235 3.405328 4.448023 5.869676 4.616562 3.956118 4.524102 5.331646 6.861272 5.557825 4.773233 3.717125 3.617627 3.997929 3.181323 -0.004482 6.923443 3.174911 4.033383 3.785947 6.196460 8.497058 8.323024 9.144998 10.376595 10.295936 8.888429 10.962976 11.042288 9.197759 9.095363 6.945539 5.516161 -9999.0
-9999.0 -9999.0 -0.522213 -0.441900 -0.092864 -0.160087 1.233496 -0.058703 -0.358436 -0.041675 1.917844 4.356397 5.263174 7.446964 14.603870 6.014860 4.643242 -0.042682 -0.118759 4.018310 7.017299 8.908982 11.269004 11.745976 9.324468 7.325874 5.990874 5.878652 5.458585 9.126087 4.641574 3.605945 9.258600 4.627881 6.303259 6.136993 8.264322 8.865852 7.201449 5.135112 6.310522 6.128452 4.601576 5.079988 2.350230 4.033366 5.262382 3.480799 7.188707 8.462797 10.644031 8.890634 10.859423 10.640128 9.854782 15.800622 8.343574 7.979606 7.771486 6.498495 7.779757 5.138946 -9999.0
-9999.0 3.062547 2.427060 1.607421 1.625581 2.197890 -0.264103 -0.044771 -0.048837 -0.059457 -0.125426 4.213460 5.487928 12.035647 11.073162 4.753081 -0.113642 -0.053078 3.105126 5.629026 7.499649 7.886490 11.533255 10.201033 15.901860 10.778006 14.723632 14.397926 8.290314 5.772903 7.537174 7.171385 6.953268 11.525079 9.014132 9.604662 11.982017 11.942744 10.193580 9.432077 9.762058 8.945608 8.122313 5.006899 5.404692 4.702722 6.552121 7.128685 9.787926 7.636255 10.249363 9.847592 8.091548 7.935282 7.822152 6.627878 5.162736 4.881438 4.566337 5.216280 2.561273 4.100175 -9999.0
-9999.0 -0.249083 3.874319 4.143617 6.580880 3.902818 1.760737 -0.065184 -0.538078 -0.529755 1.783344 4.269406 6.397120 11.593576 5.529297 -0.001665 -0.039929 -0.126193 5.242834 5.003248 7.690277 6.952148 8.121426 9.153804 17.364463 19.142156 12.869707 12.647017 10.851514 9.441095 11.538038 10.253302 8.084890 8.457717 13.083233 11.720551 19.298938 21.113492 13.455888 13.668194 11.707782 10.562436 10.283071 9.418079 11.925270 10.778519 11.234308 11.318233 10.329323 10.262035 7.009240 5.064846 4.981241 6.543898 6.247661 4.042333 4.890457 2.706063 1.935455 -0.013275 -0.013041 -9999.0 -9999.0
