user2019/resources/simulation/Vinschgau/output-maps/TsL0008N0385.asc
ncols         63
nrows         48
xllcorner     598000.000000
yllcorner     5145000.000000
cellsize      1000.000000
NODATA_value  -9999.0
[rows 0 to 27 of 48, columns 0 to 62 of 63]
-9999.0 -9999.0 -9999.0 -9999.0 -9999.0 -9999.0 -9999.0 -9999.0 -9999.0 -9999.0 -9999.0 -9999.0 -9999.0 -9999.0 -9999.0 -9999.0 -9999.0 -9999.0 -9999.0 -9999.0 -9999.0 -9999.0 -9999.0 -9999.0 -9999.0 -9999.0 -9999.0 -9999.0 -9999.0 -9999.0 -9999.0 -9999.0 -9999.0 -9999.0 -9999.0 -9999.0 -9999.0 -9999.0 -9999.0 -9999.0 -9999.0 -9999.0 -9999.0 -9999.0 -9999.0 -9999.0 -9999.0 -9999.0 -9999.0 -9999.0 -9999.0 -9999.0 -9999.0 -9999.0 -9999.0 -9999.0 -9999.0 -9999.0 -9999.0 -9999.0 -9999.0 -9999.0 -9999.0
-9999.0 -9999.0 -9999.0 -9999.0 -9999.0 -9999.0 -9999.0 -9999.0 -9999.0 -9999.0 -9999.0 -9999.0 -9999.0 -9999.0 -9999.0 -9999.0 -9999.0 -9999.0 -9999.0 -9999.0 -9999.0 -9999.0 -9999.0 -9999.0 -9999.0 -9999.0 -9999.0 -1.026087 -0.032029 -0.005638 -0.821564 -0.382029 -0.420916 -9999.0 -9999.0 -9999.0 -9999.0 -9999.0 -9999.0 -9999.0 -9999.0 -9999.0 -9999.0 -9999.0 -9999.0 -9999.0 -9999.0 -9999.0 -9999.0 -9999.0 -9999.0 -9999.0 -9999.0 -9999.0 -9999.0 -9999.0 -9999.0 -9999.0 -9999.0 -9999.0 -9999.0 -9999.0 -9999.0
-9999.0 -9999.0 -9999.0 -9999.0 -9999.0 -9999.0 -9999.0 -9999.0 -9999.0 -9999.0 -9999.0 -9999.0 -9999.0 -9999.0 -9999.0 -9999.0 -9999.0 -9999.0 -9999.0 -9999.0 -9999.0 -9999.0 -9999.0 -9999.0 -0.218488 -0.003062 1.820119 -0.002742 -0.002580 -0.003445 -1.014309 -9999.0 -9999.0 -9999.0 -9999.0 -9999.0 -9999.0 -9999.0 -9999.0 -9999.0 -9999.0 -9999.0 -9999.0 -9999.0 -9999.0 -9999.0 -9999.0 -9999.0 -9999.0 -9999.0 -9999.0 -9999.0 -9999.0 -9999.0 -9999.0 -9999.0 -9999.0 -9999.0 -9999.0 -9999.0 -9999.0 -9999.0 -9999.0
-9999.0 -9999.0 -9999.0 -9999.0 -9999.0 -9999.0 -9999.0 -9999.0 -9999.0 -9999.0 -9999.0 -9999.0 -9999.0 -9999.0 -9999.0 -9999.0 -9999.0 -9999.0 -9999.0 -9999.0 -9999.0 -9999.0 -9999.0 -0.004890 1.695000 -0.037923 -0.002544 1.831477 -0.002510 -0.002526 -0.111442 -1.533689 -9999.0 -9999.0 -9999.0 -9999.0 -9999.0 -9999.0 -9999.0 -9999.0 -9999.0 -9999.0 -9999.0 -9999.0 -9999.0 -9999.0 -9999.0 -9999.0 -9999.0 -9999.0 -9999.0 -9999.0 -9999.0 -9999.0 -9999.0 -9999.0 -9999.0 -9999.0 -9999.0 -9999.0 -9999.0 -9999.0 -9999.0
-9999.0 -9999.0 -9999.0 -9999.0 -9999.0 -9999.0 -9999.0 -9999.0 -9999.0 -9999.0 -9999.0 -9999.0 -9999.0 -9999.0 -9999.0 -9999.0 -9999.0 -9999.0 4.323030 3.527091 -9999.0 -0.017690 0.133835 -0.002483 -0.003015 6.099637 -0.005771 -0.008969 -0.002078 -0.004876 -0.002175 -0.392478 -0.017306 -2.740649 -9999.0 -9999.0 -9999.0 -9999.0 -9999.0 -9999.0 -9999.0 -9999.0 -9999.0 -9999.0 -9999.0 -9999.0 -9999.0 -9999.0 -9999.0 -9999.0 -9999.0 -9999.0 -9999.0 -9999.0 -9999.0 -9999.0 -9999.0 -9999.0 -9999.0 -9999.0 -9999.0 -9999.0 -9999.0
-9999.0 -9999.0 -9999.0 -9999.0 -9999.0 -9999.0 -9999.0 -9999.0 -9999.0 -9999.0 -9999.0 -9999.0 -9999.0 -9999.0 -9999.0 -9999.0 -9999.0 -0.022393 -0.004330 5.654629 6.221018 -0.196659 -0.006665 -0.003031 6.779902 -0.228402 -1.060305 -0.992749 -0.913939 -0.123956 3.458516 -0.002579 3.330739 -0.005000 -1.872777 -0.718707 -9999.0 -9999.0 -9999.0 -9999.0 -9999.0 -9999.0 -9999.0 -9999.0 -9999.0 -9999.0 -9999.0 -9999.0 -9999.0 -9999.0 -9999.0 -9999.0 -9999.0 -9999.0 -9999.0 -9999.0 -9999.0 -9999.0 -9999.0 -9999.0 -9999.0 -9999.0 -9999.0
-9999.0 -9999.0 -9999.0 -9999.0 -9999.0 -9999.0 -9999.0 -9999.0 -9999.0 -9999.0 -9999.0 -9999.0 -9999.0 -0.902089 -0.074209 -0.079722 -0.025985 14.299944 -0.024978 4.227269 0.306418 1.581506 5.695102 8.020809 -0.274494 -1.070667 -0.699447 -1.284225 -0.485492 -1.199361 -0.595926 -1.460079 -1.622546 -1.085659 -1.229895 -1.525903 -9999.0 -9999.0 -9999.0 -9999.0 -9999.0 -9999.0 -9999.0 -9999.0 -9999.0 -9999.0 -9999.0 -9999.0 -9999.0 -9999.0 -9999.0 -9999.0 -9999.0 -9999.0 -9999.0 -9999.0 -9999.0 -9999.0 -9999.0 -9999.0 -9999.0 -9999.0 -9999.0
-9999.0 -9999.0 -9999.0 -9999.0 -9999.0 -9999.0 -9999.0 -9999.0 -9999.0 -9999.0 -9999.0 -9999.0 -9999.0 -0.006129 -0.007471 -0.095812 -0.097933 5.773289 15.287725 4.920673 5.043043 4.061018 -0.006258 -0.116640 -0.015006 -0.195230 -0.022371 -0.484007 -0.327026 -0.461049 -1.146114 -0.837462 -0.783025 -2.835427 -1.342546 -9999.0 -9999.0 -9999.0 -9999.0 -9999.0 -9999.0 -9999.0 -9999.0 -9999.0 -9999.0 -9999.0 -9999.0 -9999.0 -9999.0 -9999.0 -9999.0 -9999.0 -9999.0 -9999.0 -9999.0 -9999.0 -9999.0 -9999.0 -9999.0 -9999.0 -9999.0 -9999.0 -9999.0
-9999.0 -9999.0 -9999.0 -9999.0 -9999.0 -9999.0 -9999.0 -9999.0 -9999.0 -9999.0 -9999.0 -9999.0 -9999.0 -0.004659 5.082982 -0.005448 -0.273718 -0.080881 14.869152 -0.009597 4.419242 -0.544201 -0.333638 -0.850512 -0.338391 -0.727730 -0.004550 -0.288725 -0.798002 -0.925446 -0.755595 -4.501473 -2.919659 -7.477250 -2.743224 -9999.0 -9999.0 -9999.0 -9999.0 -9999.0 -9999.0 -9999.0 -9999.0 -9999.0 -9999.0 -9999.0 -9999.0 -9999.0 -9999.0 -9999.0 -9999.0 -9999.0 -9999.0 -9999.0 -9999.0 -9999.0 -9999.0 -9999.0 -9999.0 -9999.0 -9999.0 -9999.0 -9999.0
-9999.0 -9999.0 -9999.0 -9999.0 -9999.0 -9999.0 -9999.0 -9999.0 -9999.0 -9999.0 -9999.0 -9999.0 -0.017566 3.673946 -0.193549 -0.750808 -0.727193 -0.081391 9.153331 7.344936 -0.003528 -1.068505 -0.984619 -0.811647 -0.181004 -0.407009 -0.753894 -1.805845 -0.004035 -0.395800 -1.632099 -2.233868 -0.843964 -1.813936 -9999.0 -9999.0 -9999.0 -9999.0 -9999.0 -9999.0 -9999.0 -9999.0 -9999.0 -9999.0 -9999.0 -9999.0 -9999.0 -9999.0 -9999.0 -9999.0 -9999.0 -9999.0 -9999.0 -9999.0 -9999.0 -9999.0 -9999.0 -9999.0 -9999.0 -9999.0 -9999.0 -9999.0 -9999.0
-9999.0 -9999.0 -9999.0 -9999.0 -9999.0 -9999.0 -9999.0 -9999.0 -9999.0 -9999.0 -9999.0 -1.212878 -0.418901 -0.081104 -1.494191 -1.094545 -1.559595 -0.123246 7.886646 4.899853 -0.040141 -0.006739 -0.031438 -0.435794 -0.323397 -1.535862 -0.607644 -0.219251 -0.038136 -0.708828 -1.817439 -0.002752 -1.350878 -2.920290 -1.000715 -0.005962 4.630042 7.480398 9.524719 -9999.0 -9999.0 -9999.0 -3.510026 -9999.0 -9999.0 -9999.0 -9999.0 -9999.0 -9999.0 -9999.0 -9999.0 -9999.0 -9999.0 -9999.0 -9999.0 -9999.0 -9999.0 -9999.0 -9999.0 -9999.0 -9999.0 -9999.0 -9999.0
-9999.0 -9999.0 -9999.0 -9999.0 -9999.0 -9999.0 -9999.0 -9999.0 -9999.0 -9999.0 -9999.0 -1.529932 -1.310769 -0.170209 -0.848179 -0.550445 -0.032590 -0.031276 7.422801 0.549136 7.063335 4.325786 -0.020944 -1.396780 -1.160599 -1.044177 -0.010311 -0.002934 -0.474055 -0.710589 -0.005040 -0.002296 -0.003708 -3.101214 -2.722669 -0.002641 6.886602 10.963791 9.329383 9.125880 8.288021 -0.492136 -0.003338 -2.532589 -9999.0 -9999.0 -9999.0 -0.004957 -0.134546 -0.556195 -0.690152 -0.095741 -0.090787 -0.002958 -0.002791 -0.090853 -9999.0 -9999.0 -9999.0 -9999.0 -9999.0 -9999.0 -9999.0
-9999.0 -9999.0 -9999.0 -9999.0 -9999.0 -9999.0 -9999.0 -9999.0 -9999.0 -9999.0 -9999.0 -1.528752 -0.399225 -0.680718 -1.539222 -2.129943 -0.395132 -0.134388 7.282733 5.120939 -0.036746 -0.003755 -0.066530 -0.005556 -0.231644 -0.004518 -0.064114 -0.574924 -1.152905 -0.973143 -0.730784 -0.523103 0.158049 -2.581211 -0.054780 4.190025 -0.018177 0.835017 12.278294 9.523271 8.061679 4.667047 2.539349 -0.002375 -3.064518 -9999.0 -0.232762 -1.008590 -0.019310 -0.002394 3.906309 4.655126 0.656688 0.752328 -0.002756 -0.002216 -9999.0 -9999.0 -9999.0 -9999.0 -9999.0 -9999.0 -9999.0
-9999.0 -9999.0 -9999.0 -9999.0 -9999.0 -9999.0 -9999.0 -9999.0 -9999.0 -9999.0 -9999.0 -9999.0 -0.331821 -1.213112 -0.021504 -0.624818 -0.873243 -0.112287 7.238759 4.712129 -0.010666 -0.002209 -0.002094 -0.015727 -0.636692 -0.070002 5.633247 -0.992372 -1.304649 -1.615120 -0.008321 -0.352002 -0.002539 -0.085027 -3.440270 -0.002268 -0.075247 -0.004375 12.819537 9.846403 9.443695 12.126402 -0.012325 4.593030 -0.003842 -2.135455 -1.725641 -0.676611 -0.867716 -0.010018 -0.003041 -0.112434 -0.004573 -0.003246 -0.141510 -0.159966 -0.018294 -9999.0 -9999.0 -9999.0 -9999.0 -9999.0 -9999.0
-9999.0 -9999.0 -9999.0 -9999.0 -9999.0 -9999.0 -9999.0 -9999.0 -9999.0 -9999.0 -9999.0 -0.643103 -0.297612 -0.829946 -0.208873 -0.175675 -0.067185 -0.143760 8.412779 -0.008159 -0.004280 -0.016625 -0.040486 -0.034817 -0.070277 -0.004326 -0.306835 -0.317265 -0.010823 -0.003652 -0.064077 -0.029912 4.304234 -0.466178 -2.928530 -0.008285 -0.002982 -0.013786 -0.076416 13.099848 2.001939 3.765434 0.993200 0.617761 6.606671 -0.920772 -0.005655 -0.002504 -0.002818 1.234779 -0.140183 -0.200105 -0.183363 -0.203624 -0.178270 -0.322489 -0.085638 -9999.0 -9999.0 -9999.0 -9999.0 -9999.0 -9999.0
-9999.0 -9999.0 -9999.0 -9999.0 -9999.0 -9999.0 -9999.0 -9999.0 -9999.0 -9999.0 -0.357570 -0.268838 -0.007339 -1.035036 -0.006027 -0.006072 -0.249684 -0.238378 -0.003940 -0.005783 4.202549 -0.002966 -0.006260 7.840596 1.040873 -0.082829 -0.965788 -0.447055 4.040103 4.494314 -0.004220 -0.200254 -0.041938 -2.596731 -2.381708 -0.097760 4.989464 -0.180845 -0.077415 3.941360 5.322160 4.895765 9.743021 -0.052287 -0.005271 -0.002401 -0.004762 -0.003786 -0.002612 0.780715 -0.374134 -0.177648 -0.201273 -0.230364 -0.184715 -0.003474 -0.003436 -9999.0 -9999.0 -9999.0 -9999.0 -9999.0 -9999.0
-9999.0 -9999.0 -9999.0 -9999.0 -9999.0 -9999.0 -9999.0 -9999.0 -9999.0 -0.176234 -0.659360 -0.504400 -0.006868 -0.297498 -0.109256 -0.359317 -0.789292 5.743098 3.213835 -0.005832 4.823270 2.972215 2.681106 4.855373 -0.047909 -0.334447 -0.083293 6.190514 1.024867 0.466680 3.459112 -0.708216 -0.807061 -0.882941 -2.743152 -1.811168 -0.056980 -0.193875 -0.673313 -0.049951 -0.012516 -0.363037 -0.132968 2.196313 0.390548 0.769436 8.517463 0.481358 -0.003860 -0.004995 -0.008457 -0.138577 -0.312327 -0.128851 -0.095582 -0.209696 -0.002501 -0.102456 -0.073689 -9999.0 -9999.0 -9999.0 -9999.0
-9999.0 -9999.0 -9999.0 -9999.0 -9999.0 -9999.0 -9999.0 -9999.0 -9999.0 -0.600082 -0.169563 -0.856496 7.182011 -0.002863 -0.007778 -0.213997 2.952257 2.783156 4.650193 9.720418 9.141109 12.680138 2.526705 3.929848 -0.253962 -0.007035 -0.002069 2.658260 4.577877 -0.007136 -0.002224 -0.493151 -1.716715 -2.259936 -0.005367 6.519429 5.504560 3.897722 -2.794443 -0.006887 -0.877460 -1.456996 -0.003722 -0.002671 -0.011794 1.772934 5.704288 4.718041 3.498887 2.486272 -0.461524 -0.719913 -0.122144 -0.134335 -0.143924 -0.007410 -0.024609 -0.003157 3.449359 -9999.0 -9999.0 -9999.0 -9999.0
-9999.0 -9999.0 -9999.0 -9999.0 -9999.0 -9999.0 -9999.0 -9999.0 -9999.0 -9999.0 -0.304279 -0.939597 -0.174381 -0.064819 2.931211 -0.003188 -0.002753 3.172390 5.725568 5.116363 4.431580 4.155332 -0.009141 -0.026412 -0.009171 3.056972 3.907077 5.591704 1.254991 -0.802218 -0.904886 -0.347068 -0.634369 -0.386637 -0.002295 4.777655 6.490290 3.658793 -0.003587 -1.072975 -1.150598 0.918373 -0.002342 -0.617967 -0.227818 -0.091857 -0.004448 -0.002710 7.512309 3.962829 -0.030600 -0.008694 -0.459347 -0.107434 -0.183684 -0.127741 -0.103879 3.330291 3.848408 3.565175 -9999.0 -9999.0 -9999.0
-9999.0 -9999.0 -9999.0 -9999.0 -9999.0 -9999.0 -9999.0 -9999.0 -9999.0 -9999.0 -0.370799 -0.703557 -0.605419 -0.083280 7.293646 -0.004315 1.091073 -0.003501 7.496477 7.111794 4.946099 3.301402 -0.003603 1.279063 2.520844 4.971580 4.536380 -0.004008 -0.325995 -0.386210 -0.239527 -0.833781 -0.311124 -0.257568 -0.414145 -1.141097 -0.003512 -0.012592 -0.409509 -0.585310 -1.575827 -0.005829 -1.113017 -0.301477 -0.811918 -0.343683 -0.205667 -0.020458 4.081197 7.501245 4.646011 -0.007155 -0.157650 -0.387645 -0.101070 -0.139413 -0.153355 -0.016905 5.655092 4.163355 -9999.0 -9999.0 -9999.0
-9999.0 -9999.0 -9999.0 -9999.0 -9999.0 -9999.0 -9999.0 -9999.0 2.630601 -0.002498 -1.010695 -0.709486 -0.313154 -0.163826 -0.122127 -0.006260 5.239973 13.534841 9.644023 9.610877 8.690459 7.092612 5.013813 1.656341 4.081227 4.883464 5.357643 -0.167206 -0.197550 -1.418433 -0.378313 -0.365387 -1.018899 -0.406875 -1.604150 -0.578890 -0.009716 -0.007336 -1.456060 -2.032389 -0.537489 -0.676093 -0.248555 -0.312307 -0.002993 -0.006983 -0.328235 -0.446513 -0.004011 -0.004161 4.097559 1.678174 -0.075143 -0.418793 -0.612719 6.288190 0.205844 8.251324 6.917529 7.965946 -9999.0 -9999.0 -9999.0
-9999.0 -9999.0 -9999.0 -9999.0 -9999.0 -9999.0 -9999.0 -9999.0 -0.576412 -0.007682 -0.170188 -0.187975 -0.273934 -0.125336 -0.148175 -0.006287 2.145241 3.412302 8.665263 10.593507 17.159350 15.555047 14.035202 13.145253 6.217351 5.897455 -0.022243 -0.005857 -0.620057 -0.189794 -1.473363 -0.003684 -0.527550 -1.340656 -0.526296 -0.006783 5.778636 -0.002744 -0.114822 -0.029588 -0.197828 -1.064159 -0.175197 -0.017684 3.264307 -0.721036 -0.159415 -0.180351 -0.018578 3.483420 7.375702 2.944994 -0.107375 2.133568 8.423413 3.287293 3.035400 4.531084 9.258250 10.963037 11.707914 -9999.0 -9999.0
-9999.0 -9999.0 -9999.0 -9999.0 -9999.0 -9999.0 -9999.0 -9999.0 -0.161823 -0.003226 3.447210 -0.695096 -0.002863 -0.635541 -0.002477 1.015390 3.207795 6.721450 9.587193 15.160169 11.550559 15.380042 16.771501 10.464471 13.383444 4.751764 -0.003759 -0.154360 -0.016422 -0.002347 -0.003208 3.331524 -0.212047 -0.113133 -0.010468 6.842946 -0.144330 2.466646 -0.241789 -0.385094 -0.616014 -0.496998 -1.120237 -0.536301 -0.197306 -0.191027 -1.039997 -0.400089 -0.394498 0.483312 2.429930 6.095437 1.981885 -0.002632 4.969843 2.473315 8.167900 9.165400 10.755255 9.637264 10.933919 -9999.0 -9999.0
-9999.0 -9999.0 -9999.0 -9999.0 -9999.0 -9999.0 -9999.0 -9999.0 -0.171949 -0.005518 -0.005275 -0.011220 3.760567 -0.007821 2.414291 3.602478 7.693402 8.075782 -0.002752 7.825672 9.246268 10.847616 15.148782 14.428390 3.882238 0.438390 -0.012524 -0.018417 7.068984 -0.002221 -0.005175 -0.004286 2.847431 -0.002033 -0.083975 3.027318 6.217539 2.420041 -0.008496 -0.114089 -0.976823 -0.006375 -0.004257 2.174204 -0.438886 -0.007224 -0.002391 4.226502 4.416221 2.879448 0.897799 8.327110 7.725457 -0.002162 8.740025 9.583845 10.521333 7.364496 9.884933 10.801693 7.881979 5.167724 -9999.0
-9999.0 -9999.0 -9999.0 -9999.0 -9999.0 -9999.0 -9999.0 -9999.0 -1.283955 -0.009257 -0.002951 -0.003449 2.002437 2.401955 10.522926 5.523251 -0.003506 3.834106 -0.004866 4.420680 7.138818 9.652696 10.380113 8.528206 12.259019 1.301338 -0.005423 1.636788 4.021814 0.878805 -0.017648 -0.002465 5.008102 0.945352 -0.002081 1.612979 2.888161 4.554380 4.022891 1.429138 -0.002167 1.318902 2.120977 1.745141 -0.038413 4.517022 0.833801 3.158311 2.926600 4.588502 8.821690 7.991205 8.993520 10.828415 10.834428 7.887909 10.692775 10.660315 8.400751 9.094644 7.272842 4.991595 -9999.0
-9999.0 -9999.0 -0.002900 -0.004237 -0.343105 -0.132146 -0.063894 -0.131151 -0.006954 -0.409254 -0.016882 -0.007631 3.401210 6.473735 13.451366 -0.002757 1.292464 -0.212136 -0.135458 -0.005432 4.913592 6.942159 9.294913 5.719721 2.221920 5.150392 1.848190 1.923951 3.470861 8.625899 -0.003151 -0.006412 5.927423 0.764722 4.803480 2.905025 6.896211 6.462365 5.134806 2.540362 3.715537 5.332936 3.571236 3.467973 -0.003954 2.740335 4.248409 -0.076831 7.602239 8.961324 10.793180 8.437979 10.712222 10.473126 9.752013 14.376846 4.946603 7.200600 7.876171 6.490134 7.677739 4.439535 -9999.0
-9999.0 -0.004567 -0.006177 -0.010654 -0.010198 -0.008368 -0.142469 -0.915505 -1.031892 -0.691807 -0.128112 -0.006285 -0.001099 10.253181 8.926851 0.575092 -0.105479 -0.261202 -0.012651 1.223397 5.596103 6.419892 8.633809 7.685132 14.451760 8.943590 13.552670 13.122553 7.647435 1.923706 6.438937 5.648064 5.720145 10.264593 7.950583 7.477177 10.215798 9.042858 8.148444 6.881815 8.346048 7.842013 7.355824 3.844228 3.839909 4.389682 -0.002105 7.026513 9.750174 5.750535 9.600036 9.172790 4.297637 0.000347 -0.001630 4.478609 2.055692 2.955853 4.363563 5.579212 1.175642 1.778521 -9999.0
-9999.0 -0.004064 -0.002867 0.001546 4.923440 -0.002653 -0.103505 -0.162381 -0.004262 -0.002184 -0.014985 0.662907 5.184024 9.365419 4.140585 -0.126731 -0.403490 -0.083635 1.432116 1.299687 2.311927 3.307077 -0.002822 0.905078 13.643057 15.763167 10.109313 10.502611 9.165149 8.172032 9.833526 8.678121 6.611324 2.764237 11.031868 9.023879 16.118366 17.837997 11.656089 11.653666 10.512209 8.752216 9.301761 8.100928 10.122655 10.161270 10.477796 10.676391 9.412698 9.543718 5.216699 1.332472 -0.002220 4.654442 6.282393 0.883638 1.415169 -0.003869 -0.006799 -0.002244 0.510357 -9999.0 -9999.0
