user2019/resources/simulation/Vinschgau/output-maps/TsL0001N0075.asc
ncols         63
nrows         48
xllcorner     598000.000000
yllcorner     5145000.000000
cellsize      1000.000000
NODATA_value  -9999.0
[rows 0 to 27 of 48, columns 0 to 61 of 63]
-9999.0 -9999.0 -9999.0 -9999.0 -9999.0 -9999.0 -9999.0 -9999.0 -9999.0 -9999.0 -9999.0 -9999.0 -9999.0 -9999.0 -9999.0 -9999.0 -9999.0 -9999.0 -9999.0 -9999.0 -9999.0 -9999.0 -9999.0 -9999.0 -9999.0 -9999.0 -9999.0 -9999.0 -9999.0 -9999.0 -9999.0 -9999.0 -9999.0 -9999.0 -9999.0 -9999.0 -9999.0 -9999.0 -9999.0 -9999.0 -9999.0 -9999.0 -9999.0 -9999.0 -9999.0 -9999.0 -9999.0 -9999.0 -9999.0 -9999.0 -9999.0 -9999.0 -9999.0 -9999.0 -9999.0 -9999.0 -9999.0 -9999.0 -9999.0 -9999.0 -9999.0 -9999.0
-9999.0 -9999.0 -9999.0 -9999.0 -9999.0 -9999.0 -9999.0 -9999.0 -9999.0 -9999.0 -9999.0 -9999.0 -9999.0 -9999.0 -9999.0 -9999.0 -9999.0 -9999.0 -9999.0 -9999.0 -9999.0 -9999.0 -9999.0 -9999.0 -9999.0 -9999.0 -9999.0 -0.670406 -0.937526 -0.917913 -0.784592 -0.811617 -0.872818 -9999.0 -9999.0 -9999.0 -9999.0 -9999.0 -9999.0 -9999.0 -9999.0 -9999.0 -9999.0 -9999.0 -9999.0 -9999.0 -9999.0 -9999.0 -9999.0 -9999.0 -9999.0 -9999.0 -9999.0 -9999.0 -9999.0 -9999.0 -9999.0 -9999.0 -9999.0 -9999.0 -9999.0 -9999.0
-9999.0 -9999.0 -9999.0 -9999.0 -9999.0 -9999.0 -9999.0 -9999.0 -9999.0 -9999.0 -9999.0 -9999.0 -9999.0 -9999.0 -9999.0 -9999.0 -9999.0 -9999.0 -9999.0 -9999.0 -9999.0 -9999.0 -9999.0 -9999.0 -0.175919 -0.641559 -0.846436 -0.972350 -0.760961 -0.887652 -0.807628 -9999.0 -9999.0 -9999.0 -9999.0 -9999.0 -9999.0 -9999.0 -9999.0 -9999.0 -9999.0 -9999.0 -9999.0 -9999.0 -9999.0 -9999.0 -9999.0 -9999.0 -9999.0 -9999.0 -9999.0 -9999.0 -9999.0 -9999.0 -9999.0 -9999.0 -9999.0 -9999.0 -9999.0 -9999.0 -9999.0 -9999.0
-9999.0 -9999.0 -9999.0 -9999.0 -9999.0 -9999.0 -9999.0 -9999.0 -9999.0 -9999.0 -9999.0 -9999.0 -9999.0 -9999.0 -9999.0 -9999.0 -9999.0 -9999.0 -9999.0 -9999.0 -9999.0 -9999.0 -9999.0 -0.508524 -0.093219 -0.004735 -0.010798 -0.005766 -0.020358 -1.005339 -0.949308 -0.733980 -9999.0 -9999.0 -9999.0 -9999.0 -9999.0 -9999.0 -9999.0 -9999.0 -9999.0 -9999.0 -9999.0 -9999.0 -9999.0 -9999.0 -9999.0 -9999.0 -9999.0 -9999.0 -9999.0 -9999.0 -9999.0 -9999.0 -9999.0 -9999.0 -9999.0 -9999.0 -9999.0 -9999.0 -9999.0 -9999.0
-9999.0 -9999.0 -9999.0 -9999.0 -9999.0 -9999.0 -9999.0 -9999.0 -9999.0 -9999.0 -9999.0 -9999.0 -9999.0 -9999.0 -9999.0 -9999.0 -9999.0 -9999.0 -0.010232 -0.050288 -9999.0 -0.307530 -0.170707 -0.002039 -0.010924 -0.032131 -0.183262 -0.176483 -0.034365 -0.038075 -0.906643 -1.011011 -0.909097 -1.083554 -9999.0 -9999.0 -9999.0 -9999.0 -9999.0 -9999.0 -9999.0 -9999.0 -9999.0 -9999.0 -9999.0 -9999.0 -9999.0 -9999.0 -9999.0 -9999.0 -9999.0 -9999.0 -9999.0 -9999.0 -9999.0 -9999.0 -9999.0 -9999.0 -9999.0 -9999.0 -9999.0 -9999.0
-9999.0 -9999.0 -9999.0 -9999.0 -9999.0 -9999.0 -9999.0 -9999.0 -9999.0 -9999.0 -9999.0 -9999.0 -9999.0 -9999.0 -9999.0 -9999.0 -9999.0 -0.823586 -0.083101 -0.046614 -0.632448 -0.152291 -0.053552 -0.082219 -0.036509 -0.025210 -0.016609 -0.014384 -0.178955 -0.198876 -0.016025 -0.957203 -0.798734 -1.056912 -0.886288 -1.335199 -9999.0 -9999.0 -9999.0 -9999.0 -9999.0 -9999.0 -9999.0 -9999.0 -9999.0 -9999.0 -9999.0 -9999.0 -9999.0 -9999.0 -9999.0 -9999.0 -9999.0 -9999.0 -9999.0 -9999.0 -9999.0 -9999.0 -9999.0 -9999.0 -9999.0 -9999.0
-9999.0 -9999.0 -9999.0 -9999.0 -9999.0 -9999.0 -9999.0 -9999.0 -9999.0 -9999.0 -9999.0 -9999.0 -9999.0 -0.100408 -0.041369 -0.461004 -0.484874 -0.006119 -0.624708 -0.016424 -0.015112 -0.009495 -0.091000 -0.036429 -0.294112 -0.549174 -0.812017 -0.695282 -0.718302 -0.055425 -0.132317 -0.273638 -0.711339 -0.928739 -1.672512 -2.038560 -9999.0 -9999.0 -9999.0 -9999.0 -9999.0 -9999.0 -9999.0 -9999.0 -9999.0 -9999.0 -9999.0 -9999.0 -9999.0 -9999.0 -9999.0 -9999.0 -9999.0 -9999.0 -9999.0 -9999.0 -9999.0 -9999.0 -9999.0 -9999.0 -9999.0 -9999.0
-9999.0 -9999.0 -9999.0 -9999.0 -9999.0 -9999.0 -9999.0 -9999.0 -9999.0 -9999.0 -9999.0 -9999.0 -9999.0 -0.040650 -0.014216 -0.279123 -0.326453 -0.031629 -0.165054 -0.079682 -0.407783 -0.239629 -0.349794 -0.093066 -0.092071 -0.278020 -0.861510 -0.748224 -0.831361 -0.736862 -0.490454 -0.947070 -1.774197 -2.363348 -2.293982 -9999.0 -9999.0 -9999.0 -9999.0 -9999.0 -9999.0 -9999.0 -9999.0 -9999.0 -9999.0 -9999.0 -9999.0 -9999.0 -9999.0 -9999.0 -9999.0 -9999.0 -9999.0 -9999.0 -9999.0 -9999.0 -9999.0 -9999.0 -9999.0 -9999.0 -9999.0 -9999.0
-9999.0 -9999.0 -9999.0 -9999.0 -9999.0 -9999.0 -9999.0 -9999.0 -9999.0 -9999.0 -9999.0 -9999.0 -9999.0 -0.036681 -0.025392 -0.015588 -0.210990 -0.819830 -0.194470 -0.648281 -0.045570 -0.457325 -0.014231 -0.022404 -0.023803 -0.026041 -0.743558 -0.812482 -0.844636 -1.218505 -0.858562 -2.119743 -2.155103 -2.530205 -2.658596 -9999.0 -9999.0 -9999.0 -9999.0 -9999.0 -9999.0 -9999.0 -9999.0 -9999.0 -9999.0 -9999.0 -9999.0 -9999.0 -9999.0 -9999.0 -9999.0 -9999.0 -9999.0 -9999.0 -9999.0 -9999.0 -9999.0 -9999.0 -9999.0 -9999.0 -9999.0 -9999.0
-9999.0 -9999.0 -9999.0 -9999.0 -9999.0 -9999.0 -9999.0 -9999.0 -9999.0 -9999.0 -9999.0 -9999.0 -0.030150 -0.015912 -0.021066 -0.678720 -0.028131 -0.686843 -0.013649 -1.833965 -0.052551 -0.543834 -0.174862 -0.288897 -0.169981 -0.815900 -0.246950 -0.699867 -0.971028 -1.031408 -0.898154 -0.970252 -1.130588 -1.424632 -9999.0 -9999.0 -9999.0 -9999.0 -9999.0 -9999.0 -9999.0 -9999.0 -9999.0 -9999.0 -9999.0 -9999.0 -9999.0 -9999.0 -9999.0 -9999.0 -9999.0 -9999.0 -9999.0 -9999.0 -9999.0 -9999.0 -9999.0 -9999.0 -9999.0 -9999.0 -9999.0 -9999.0
-9999.0 -9999.0 -9999.0 -9999.0 -9999.0 -9999.0 -9999.0 -9999.0 -9999.0 -9999.0 -9999.0 -0.018605 -0.105504 -0.025702 -0.390294 -0.161199 -0.468616 -0.608778 -0.013694 -2.129076 -0.246220 -0.011998 -0.496570 -0.765745 -0.430664 -0.753112 -0.783070 -0.726163 -0.777551 -1.553809 -0.772080 -0.977611 -1.028032 -1.561938 -1.239076 -1.371222 -1.963131 -2.254872 -2.561344 -9999.0 -9999.0 -9999.0 -1.332146 -9999.0 -9999.0 -9999.0 -9999.0 -9999.0 -9999.0 -9999.0 -9999.0 -9999.0 -9999.0 -9999.0 -9999.0 -9999.0 -9999.0 -9999.0 -9999.0 -9999.0 -9999.0 -9999.0
-9999.0 -9999.0 -9999.0 -9999.0 -9999.0 -9999.0 -9999.0 -9999.0 -9999.0 -9999.0 -9999.0 -0.207811 -0.042600 -0.047317 -0.048596 -0.061541 -0.047730 -0.392414 -0.016381 -0.013786 -0.049940 -0.024337 -0.311071 -0.538084 -0.612935 -0.724824 -0.681438 -0.878321 -0.721694 -0.761469 -0.885301 -0.900443 -1.006742 -1.088041 -1.347741 -1.529747 -2.084089 -5.009454 -5.469239 -5.194394 -3.459571 -2.618993 -1.290470 -1.101831 -9999.0 -9999.0 -9999.0 -0.050001 -0.024745 -0.158636 -0.014252 -0.015719 -0.037914 -0.005026 -0.004815 -0.004575 -9999.0 -9999.0 -9999.0 -9999.0 -9999.0 -9999.0
-9999.0 -9999.0 -9999.0 -9999.0 -9999.0 -9999.0 -9999.0 -9999.0 -9999.0 -9999.0 -9999.0 -0.124598 -0.139096 -0.575346 -0.147948 -0.523749 -0.079837 -0.608645 -0.024013 -0.013954 -0.326332 -0.043303 -0.096675 -0.344177 -0.704357 -0.644707 -0.279932 -0.292069 -0.727021 -0.798776 -0.832472 -0.924428 -1.017644 -1.225767 -1.431156 -2.501881 -5.790611 -4.478048 -3.451062 -7.071109 -2.990587 -1.547499 -1.140543 -1.118892 -1.011948 -9999.0 -0.635425 -0.098537 -0.018033 -0.016438 -0.016010 -0.032066 -0.004957 0.002006 0.001325 -0.004184 -9999.0 -9999.0 -9999.0 -9999.0 -9999.0 -9999.0
-9999.0 -9999.0 -9999.0 -9999.0 -9999.0 -9999.0 -9999.0 -9999.0 -9999.0 -9999.0 -9999.0 -9999.0 -0.031858 -0.101759 -0.017266 -0.019729 -0.113882 -0.468626 -0.013686 -0.015188 -0.277248 -0.035785 -0.020312 -0.057993 -0.642551 -0.128996 -0.017622 -0.762133 -0.694505 -0.614024 -0.934643 -0.947750 -1.059607 -1.199586 -1.119557 -1.939169 -6.375542 -3.870779 -4.125968 -7.785768 -2.143110 -1.984483 -1.759282 -0.038552 -0.916683 -0.540319 -0.430357 -0.128788 -0.295681 -0.093126 -0.115927 -0.009268 -0.017475 -0.010055 -0.066514 -0.190237 -0.006907 -9999.0 -9999.0 -9999.0 -9999.0 -9999.0
-9999.0 -9999.0 -9999.0 -9999.0 -9999.0 -9999.0 -9999.0 -9999.0 -9999.0 -9999.0 -9999.0 -0.062264 -0.550406 -0.029806 -0.035034 -0.049835 -0.053784 -0.556035 -0.026977 -0.325120 -0.319669 -0.028256 -0.040263 -0.137020 -0.135411 -0.038363 -0.121434 -0.749514 -0.757561 -0.821398 -0.582642 -0.608592 -0.109212 -1.163899 -2.168993 -1.564247 -4.115351 -5.195730 -2.080794 -5.274735 -3.870456 -2.103221 -0.856891 -1.732531 -0.015954 -0.571702 -0.166998 -0.639714 -0.030442 -1.098088 -0.402318 -0.569113 -0.350253 -0.541474 -0.539481 -0.614447 -0.006897 -9999.0 -9999.0 -9999.0 -9999.0 -9999.0
-9999.0 -9999.0 -9999.0 -9999.0 -9999.0 -9999.0 -9999.0 -9999.0 -9999.0 -9999.0 -0.014983 -0.009501 -0.014424 -0.243373 -0.007848 -0.046858 -0.283632 -0.040363 -0.397505 -0.574102 -0.037546 -0.048610 -0.019823 -0.009400 -0.012832 -0.093159 -0.677299 -0.685653 -0.055119 -0.052193 -0.063198 -0.265857 -0.876017 -1.016750 -2.845007 -1.506542 -2.485094 -6.197620 -3.309269 -1.717344 -0.763310 -2.398553 -1.643571 -2.013305 -0.094585 -0.991375 -0.129283 -0.520804 -0.085611 -0.088677 -0.297395 -0.590806 -0.601958 -0.670840 -0.631243 -0.003844 -0.004001 -9999.0 -9999.0 -9999.0 -9999.0 -9999.0
-9999.0 -9999.0 -9999.0 -9999.0 -9999.0 -9999.0 -9999.0 -9999.0 -9999.0 -0.535002 -0.030725 -0.014207 -0.030051 -0.020475 -0.015641 -0.060574 -0.040110 -0.016112 -0.388488 -0.461430 -0.014456 -0.023650 -0.022977 -0.024862 -0.082242 -0.507898 -0.847480 -0.035902 -0.023380 -0.031404 -0.066084 -0.737941 -1.242965 -1.624389 -1.270783 -2.099467 -1.272262 -1.525009 -1.499572 -3.002741 -2.373323 -0.929479 -1.074323 -0.834435 -1.683919 -0.046307 -0.004538 -0.357303 -0.470302 -0.080485 -0.314622 -0.080586 -0.698672 -0.389485 -0.047983 -0.018655 -0.006944 0.000669 -0.001604 -9999.0 -9999.0 -9999.0
-9999.0 -9999.0 -9999.0 -9999.0 -9999.0 -9999.0 -9999.0 -9999.0 -9999.0 -0.499752 -0.489459 -0.411936 -0.014013 -0.025081 -0.009629 -0.012059 -0.004231 -0.048912 -0.252002 -0.003989 -0.004600 -0.012377 -0.097571 -0.040509 -0.240410 -0.183666 -0.019101 -0.010587 -0.028400 -0.160967 -0.480178 -0.863107 -0.785569 -0.928655 -0.911253 -0.941323 -1.016389 -0.963296 -1.150457 -1.038302 -0.246743 -0.962241 -0.235593 -0.595121 -0.284610 -0.627499 -0.484611 -0.044837 -0.031089 -0.207374 -0.055056 -0.074210 -0.136646 -0.395345 -0.521009 -0.057995 -0.007399 -0.007741 0.000958 -9999.0 -9999.0 -9999.0
-9999.0 -9999.0 -9999.0 -9999.0 -9999.0 -9999.0 -9999.0 -9999.0 -9999.0 -9999.0 -0.530634 -0.159836 -0.046280 -0.166782 -0.039788 -0.009436 -0.016105 -0.084863 -0.317795 -0.029299 -0.009593 -0.162515 -0.025357 -0.019606 -0.149824 -0.010445 -0.035965 -0.028082 -0.173118 -0.538645 -0.617375 -0.163133 -0.772201 -0.753855 -0.924281 -0.114039 -0.124688 -0.604237 -1.027804 -0.933774 -0.964065 -0.357807 -0.276522 -0.103796 -0.806753 -2.981614 -0.270827 -0.152419 -0.257556 -0.051094 -0.035479 -0.031066 -0.007639 -0.038343 -0.232182 -0.542183 -0.045700 -0.035243 -0.014307 -0.006759 -9999.0 -9999.0
-9999.0 -9999.0 -9999.0 -9999.0 -9999.0 -9999.0 -9999.0 -9999.0 -9999.0 -9999.0 -0.555739 -0.437148 -0.045098 -0.026055 -0.031773 -0.174579 -0.108596 -0.151385 -0.004937 -0.002581 -0.178545 -0.021942 -0.004964 -0.023576 -0.012884 -0.044963 -0.226214 -0.164716 -0.165502 -0.765955 -0.745778 -0.237723 -0.679868 -0.760841 -0.789679 -0.671435 -0.470551 -0.972703 -1.023738 -0.791251 -0.554663 -0.349974 -0.105507 -0.644985 -0.038000 -0.021270 -0.037038 -0.944497 -1.180797 -0.294072 -0.033662 -0.017616 -0.010180 -0.039379 -0.070693 -0.003264 -0.550193 -0.006268 -0.491836 -0.212721 -9999.0 -9999.0
-9999.0 -9999.0 -9999.0 -9999.0 -9999.0 -9999.0 -9999.0 -9999.0 -0.022757 -0.011981 -0.088500 -0.111229 -0.019818 -0.020918 -0.032523 -0.303804 -0.367318 -0.001656 -0.002248 0.135437 -0.003783 -0.140192 -0.068626 -0.008478 -0.020323 -0.212799 -0.065089 -0.083029 -0.201478 -0.751964 -0.831369 -0.740163 -0.673196 -0.720339 -0.465065 -0.767918 -0.078189 -0.695499 -0.935426 -0.632371 -0.685983 -0.657223 -0.718724 -0.725610 -0.392455 -0.010051 -0.483365 -0.009129 -0.220829 -0.204340 -0.018231 -0.008182 -0.008937 -0.039845 -0.001347 0.001802 0.000839 -0.006959 -0.016732 -0.005121 -9999.0 -9999.0
-9999.0 -9999.0 -9999.0 -9999.0 -9999.0 -9999.0 -9999.0 -9999.0 -0.009457 -0.008598 -0.352455 -0.642739 -0.513001 -0.023797 -0.010334 -0.154054 -0.131665 -0.185090 0.260668 0.536942 0.035962 0.185848 -0.002806 -0.016918 -0.203261 -0.086162 -0.618308 -0.101745 -0.706068 -0.417403 -0.426615 -0.651800 -0.315585 -0.467473 -0.085345 -0.074061 -0.088434 -0.095956 -0.710628 -0.130729 -0.726478 -0.756783 -0.650335 -0.030650 -0.050608 -0.019035 -0.600569 -0.511272 -0.119663 -0.669469 -0.255846 -0.015657 -0.010137 -0.001891 -0.016849 -0.011036 -0.006066 -0.034829 -0.086691 1.604257 1.980644 -9999.0
-9999.0 -9999.0 -9999.0 -9999.0 -9999.0 -9999.0 -9999.0 -9999.0 -0.640517 -0.021092 -0.008952 -0.182211 -0.040836 -0.320721 -0.008151 -0.023491 -0.240007 -0.021436 0.501067 0.053607 1.097399 0.283608 0.188808 0.151750 -0.002470 -0.230971 -0.259960 -0.192110 -0.849940 -0.721638 -0.664354 -0.069659 -0.738499 -0.644320 -0.031819 -0.010896 -0.033768 -0.077677 -0.326709 -0.360309 -0.367591 -0.434762 -0.035219 -0.253374 -0.353664 -0.426747 -0.119441 -0.016523 -0.070503 -0.151320 -0.004333 -0.016794 -0.005751 -0.022659 -0.021655 -0.017131 -0.040315 -0.033311 0.936505 1.433991 1.955961 -9999.0
-9999.0 -9999.0 -9999.0 -9999.0 -9999.0 -9999.0 -9999.0 -9999.0 -0.632481 -0.049992 -0.020275 -0.600710 -0.008282 -0.007652 -0.012848 -0.200561 -0.018250 0.639696 -0.020710 0.823231 0.690056 1.188204 0.530816 0.258374 -0.017549 -0.035632 -0.024425 -0.254739 -0.028494 -0.012194 -0.533880 -0.296239 -0.011438 -0.025334 -0.562553 -0.099309 -0.119114 -0.056068 -0.038876 -0.556983 -0.039161 -0.019383 -0.024262 -0.516759 -0.023262 -0.119595 -0.008470 -0.159287 -0.011686 -0.044834 -0.036397 -0.002435 -0.013776 -0.017095 -0.081776 -0.018983 0.608567 1.904842 2.831084 1.877219 -0.006121 -0.450544
-9999.0 -9999.0 -9999.0 -9999.0 -9999.0 -9999.0 -9999.0 -9999.0 -0.223654 -0.031103 -0.015486 -0.009788 -0.014023 -0.127466 -0.027334 -0.217499 -0.258480 -0.338284 -0.145441 -0.174018 -0.004114 0.820313 0.823601 0.769663 -0.012433 -0.012332 -0.064417 -0.011928 -0.012920 -0.023564 -0.040803 -0.023037 -0.056188 -0.029151 -0.213288 -0.016364 -0.029276 -0.016642 -0.030080 -0.025946 -0.099157 -0.017401 -0.022875 -0.022984 -0.677828 -0.014517 -0.035992 -0.041309 -0.010193 -0.017842 -0.025692 -0.097372 0.901640 -0.015273 -0.001812 0.343706 1.479049 1.644129 1.259425 -0.005037 -0.078977 -0.022439
-9999.0 -9999.0 -0.438928 -0.115256 -0.030935 -0.204432 -0.010162 -0.311074 -0.107574 -0.068796 -0.028910 -0.168700 -0.064403 -0.034077 -0.005887 -0.155092 -0.127585 -0.029401 -0.024715 -0.084319 -0.161534 0.902964 0.768342 1.141924 -0.004123 -0.028162 -0.021864 -0.039351 -0.212255 -0.037711 -0.005014 -0.014807 -0.013497 -0.064658 -0.018898 -0.051638 -0.017442 -0.013756 -0.024586 -0.042800 -0.060877 -0.026953 -0.025064 -0.040065 -0.011180 -0.023808 -0.017817 -0.064515 -0.228605 -0.074813 -0.001581 1.086284 1.307679 1.019243 1.052464 0.582391 0.843904 -0.002153 -0.076829 -0.124761 -0.016091 -0.023240
-9999.0 -0.021739 -0.016315 -0.009022 -0.024331 -0.012145 -0.016887 -0.177484 -0.239749 -0.408703 -0.018506 -0.015739 -0.090269 -0.010470 -0.013541 -0.023568 -0.021638 -0.061774 -0.016637 -0.068552 -0.102087 -0.003950 -0.001711 1.090717 -0.001709 -0.105425 -0.002743 -0.002339 -0.083651 -0.014584 -0.030660 -0.025025 -0.036278 -0.001319 -0.015105 -0.003722 -0.006583 -0.003774 -0.005740 -0.013890 -0.016319 -0.019407 -0.105441 -0.036724 -0.031323 -0.027909 -0.107701 -0.009685 0.637317 1.270947 1.300902 1.137019 0.759050 -0.010829 -0.009492 -0.030291 -0.153747 -0.285664 -0.016129 -0.028739 -0.005758 -0.008626
-9999.0 -0.014141 -0.034570 -0.017620 -0.005803 -0.031209 -0.015476 -0.518759 -0.212697 -0.264599 -0.032210 -0.018523 -0.094063 -0.013500 -0.066477 -0.027516 -0.155404 -0.308867 -0.020367 -0.061645 -0.014669 -0.195549 -0.011647 -0.033848 -0.001293 -0.003078 1.211715 0.378048 0.288525 1.048204 0.749793 -0.005704 -0.005639 -0.004303 -0.002554 0.038562 0.225402 0.036735 0.492552 0.214165 0.385285 0.132018 -0.003070 -0.001233 0.847787 1.285710 1.165895 1.561214 1.429397 1.323036 -0.003899 -0.141840 -0.310209 -0.016201 -0.321222 -0.024016 -0.023539 -0.040048 -0.011159 -0.005253 -0.004562 -9999.0
