user2019/resources/simulation/Vinschgau/output-maps/TsL0007N1215.asc
ncols         63
nrows         48
xllcorner     598000.000000
yllcorner     5145000.000000
cellsize      1000.000000
NODATA_value  -9999.0
[rows 0 to 27 of 48, columns 0 to 62 of 63]
-9999.0 -9999.0 -9999.0 -9999.0 -9999.0 -9999.0 -9999.0 -9999.0 -9999.0 -9999.0 -9999.0 -9999.0 -9999.0 -9999.0 -9999.0 -9999.0 -9999.0 -9999.0 -9999.0 -9999.0 -9999.0 -9999.0 -9999.0 -9999.0 -9999.0 -9999.0 -9999.0 -9999.0 -9999.0 -9999.0 -9999.0 -9999.0 -9999.0 -9999.0 -9999.0 -9999.0 -9999.0 -9999.0 -9999.0 -9999.0 -9999.0 -9999.0 -9999.0 -9999.0 -9999.0 -9999.0 -9999.0 -9999.0 -9999.0 -9999.0 -9999.0 -9999.0 -9999.0 -9999.0 -9999.0 -9999.0 -9999.0 -9999.0 -9999.0 -9999.0 -9999.0 -9999.0 -9999.0
-9999.0 -9999.0 -9999.0 -9999.0 -9999.0 -9999.0 -9999.0 -9999.0 -9999.0 -9999.0 -9999.0 -9999.0 -9999.0 -9999.0 -9999.0 -9999.0 -9999.0 -9999.0 -9999.0 -9999.0 -9999.0 -9999.0 -9999.0 -9999.0 -9999.0 -9999.0 -9999.0 2.437791 0.905797 3.127365 -0.007455 -0.015412 -0.067748 -9999.0 -9999.0 -9999.0 -9999.0 -9999.0 -9999.0 -9999.0 -9999.0 -9999.0 -9999.0 -9999.0 -9999.0 -9999.0 -9999.0 -9999.0 -9999.0 -9999.0 -9999.0 -9999.0 -9999.0 -9999.0 -9999.0 -9999.0 -9999.0 -9999.0 -9999.0 -9999.0 -9999.0 -9999.0 -9999.0
-9999.0 -9999.0 -9999.0 -9999.0 -9999.0 -9999.0 -9999.0 -9999.0 -9999.0 -9999.0 -9999.0 -9999.0 -9999.0 -9999.0 -9999.0 -9999.0 -9999.0 -9999.0 -9999.0 -9999.0 -9999.0 -9999.0 -9999.0 -9999.0 -0.000361 1.045074 1.171273 0.317719 0.417573 1.167992 -0.009960 -9999.0 -9999.0 -9999.0 -9999.0 -9999.0 -9999.0 -9999.0 -9999.0 -9999.0 -9999.0 -9999.0 -9999.0 -9999.0 -9999.0 -9999.0 -9999.0 -9999.0 -9999.0 -9999.0 -9999.0 -9999.0 -9999.0 -9999.0 -9999.0 -9999.0 -9999.0 -9999.0 -9999.0 -9999.0 -9999.0 -9999.0 -9999.0
-9999.0 -9999.0 -9999.0 -9999.0 -9999.0 -9999.0 -9999.0 -9999.0 -9999.0 -9999.0 -9999.0 -9999.0 -9999.0 -9999.0 -9999.0 -9999.0 -9999.0 -9999.0 -9999.0 -9999.0 -9999.0 -9999.0 -9999.0 1.124526 1.388645 3.870331 4.162463 4.321496 4.484048 1.413904 -0.005393 -0.030749 -9999.0 -9999.0 -9999.0 -9999.0 -9999.0 -9999.0 -9999.0 -9999.0 -9999.0 -9999.0 -9999.0 -9999.0 -9999.0 -9999.0 -9999.0 -9999.0 -9999.0 -9999.0 -9999.0 -9999.0 -9999.0 -9999.0 -9999.0 -9999.0 -9999.0 -9999.0 -9999.0 -9999.0 -9999.0 -9999.0 -9999.0
-9999.0 -9999.0 -9999.0 -9999.0 -9999.0 -9999.0 -9999.0 -9999.0 -9999.0 -9999.0 -9999.0 -9999.0 -9999.0 -9999.0 -9999.0 -9999.0 -9999.0 -9999.0 6.754205 1.631371 -9999.0 1.247725 1.393567 3.798419 3.723050 4.608779 4.651283 4.856660 2.664120 1.092784 1.168310 -0.003479 0.856422 1.083738 -9999.0 -9999.0 -9999.0 -9999.0 -9999.0 -9999.0 -9999.0 -9999.0 -9999.0 -9999.0 -9999.0 -9999.0 -9999.0 -9999.0 -9999.0 -9999.0 -9999.0 -9999.0 -9999.0 -9999.0 -9999.0 -9999.0 -9999.0 -9999.0 -9999.0 -9999.0 -9999.0 -9999.0 -9999.0
-9999.0 -9999.0 -9999.0 -9999.0 -9999.0 -9999.0 -9999.0 -9999.0 -9999.0 -9999.0 -9999.0 -9999.0 -9999.0 -9999.0 -9999.0 -9999.0 -9999.0 5.412481 4.076941 4.923556 5.766731 -0.003046 1.523062 3.575580 5.404097 -0.003753 -0.067780 -0.002294 -0.046108 2.403009 1.983180 1.207914 3.502463 2.064848 0.847652 0.968894 -9999.0 -9999.0 -9999.0 -9999.0 -9999.0 -9999.0 -9999.0 -9999.0 -9999.0 -9999.0 -9999.0 -9999.0 -9999.0 -9999.0 -9999.0 -9999.0 -9999.0 -9999.0 -9999.0 -9999.0 -9999.0 -9999.0 -9999.0 -9999.0 -9999.0 -9999.0 -9999.0
-9999.0 -9999.0 -9999.0 -9999.0 -9999.0 -9999.0 -9999.0 -9999.0 -9999.0 -9999.0 -9999.0 -9999.0 -9999.0 5.451627 3.257196 3.776368 5.121408 12.728258 5.175031 4.358805 4.044296 3.529213 4.510212 5.575401 -0.002450 1.407458 0.019138 -0.074778 -0.048960 -0.003194 -0.220908 1.244001 0.937241 -0.005486 1.029140 0.962998 -9999.0 -9999.0 -9999.0 -9999.0 -9999.0 -9999.0 -9999.0 -9999.0 -9999.0 -9999.0 -9999.0 -9999.0 -9999.0 -9999.0 -9999.0 -9999.0 -9999.0 -9999.0 -9999.0 -9999.0 -9999.0 -9999.0 -9999.0 -9999.0 -9999.0 -9999.0 -9999.0
-9999.0 -9999.0 -9999.0 -9999.0 -9999.0 -9999.0 -9999.0 -9999.0 -9999.0 -9999.0 -9999.0 -9999.0 -9999.0 6.194056 5.225828 4.489133 4.297459 11.451603 12.817826 6.190378 4.436868 7.941430 3.020106 1.553886 2.377958 0.536679 0.946751 3.062544 1.122333 -0.085878 -0.562532 -0.002102 0.866542 -0.010498 0.759467 -9999.0 -9999.0 -9999.0 -9999.0 -9999.0 -9999.0 -9999.0 -9999.0 -9999.0 -9999.0 -9999.0 -9999.0 -9999.0 -9999.0 -9999.0 -9999.0 -9999.0 -9999.0 -9999.0 -9999.0 -9999.0 -9999.0 -9999.0 -9999.0 -9999.0 -9999.0 -9999.0 -9999.0
-9999.0 -9999.0 -9999.0 -9999.0 -9999.0 -9999.0 -9999.0 -9999.0 -9999.0 -9999.0 -9999.0 -9999.0 -9999.0 5.370078 5.421448 6.559081 4.168484 4.843253 13.253799 5.190362 9.125253 3.812407 -0.003773 -0.003859 2.585662 1.749391 4.241645 1.049294 -0.025566 0.791310 -0.013310 -3.505833 -0.037263 -5.238462 0.998688 -9999.0 -9999.0 -9999.0 -9999.0 -9999.0 -9999.0 -9999.0 -9999.0 -9999.0 -9999.0 -9999.0 -9999.0 -9999.0 -9999.0 -9999.0 -9999.0 -9999.0 -9999.0 -9999.0 -9999.0 -9999.0 -9999.0 -9999.0 -9999.0 -9999.0 -9999.0 -9999.0 -9999.0
-9999.0 -9999.0 -9999.0 -9999.0 -9999.0 -9999.0 -9999.0 -9999.0 -9999.0 -9999.0 -9999.0 -9999.0 4.253518 4.946319 6.275837 4.578120 2.767376 4.422378 12.394961 6.753836 4.417131 -0.003721 0.417815 -0.027679 -0.306163 0.934683 -1.450141 -0.009579 -0.003450 0.853497 -0.380267 0.853699 -0.033920 1.083204 -9999.0 -9999.0 -9999.0 -9999.0 -9999.0 -9999.0 -9999.0 -9999.0 -9999.0 -9999.0 -9999.0 -9999.0 -9999.0 -9999.0 -9999.0 -9999.0 -9999.0 -9999.0 -9999.0 -9999.0 -9999.0 -9999.0 -9999.0 -9999.0 -9999.0 -9999.0 -9999.0 -9999.0 -9999.0
-9999.0 -9999.0 -9999.0 -9999.0 -9999.0 -9999.0 -9999.0 -9999.0 -9999.0 -9999.0 -9999.0 5.294538 5.645447 2.895987 5.817421 8.044437 6.078018 4.775644 11.852552 8.268415 3.141871 3.210284 3.037658 1.113698 0.543333 1.122229 -0.022817 -0.001308 -0.037930 0.895113 0.928714 0.875986 1.029759 0.986501 0.854903 1.174878 -0.006760 0.881307 0.977607 -9999.0 -9999.0 -9999.0 0.964638 -9999.0 -9999.0 -9999.0 -9999.0 -9999.0 -9999.0 -9999.0 -9999.0 -9999.0 -9999.0 -9999.0 -9999.0 -9999.0 -9999.0 -9999.0 -9999.0 -9999.0 -9999.0 -9999.0 -9999.0
-9999.0 -9999.0 -9999.0 -9999.0 -9999.0 -9999.0 -9999.0 -9999.0 -9999.0 -9999.0 -9999.0 4.716769 5.295816 6.970906 6.681885 7.652922 7.978919 5.255518 12.179887 9.093727 8.853469 5.331500 1.313402 -1.059261 -0.632951 0.802844 -0.001576 1.094070 3.084627 1.012396 -0.001816 -0.000615 -0.027971 -0.038034 -0.033300 0.758893 1.298417 2.822014 0.958041 0.933682 1.006180 1.062681 -0.004148 0.921291 -9999.0 -9999.0 -9999.0 -0.069404 -0.047902 0.581602 -0.046642 -0.010493 -0.007441 -0.102993 -0.109466 -0.010903 -9999.0 -9999.0 -9999.0 -9999.0 -9999.0 -9999.0 -9999.0
-9999.0 -9999.0 -9999.0 -9999.0 -9999.0 -9999.0 -9999.0 -9999.0 -9999.0 -9999.0 -9999.0 4.189009 5.148455 0.818353 7.392794 8.466876 3.065193 4.179505 10.658833 9.038242 2.520833 0.243568 -0.153714 0.343557 0.878362 2.656535 -0.426856 -1.928999 1.568794 -0.031513 1.113649 -0.857352 1.099611 -0.034254 0.877031 1.198586 -0.476194 -0.783311 3.781655 1.136757 0.960745 0.560772 1.127304 -0.001318 -0.039548 -9999.0 0.993435 -0.042767 -0.010521 -0.000790 1.121726 3.258236 0.849422 -0.019880 -0.025749 -0.036546 -9999.0 -9999.0 -9999.0 -9999.0 -9999.0 -9999.0 -9999.0
-9999.0 -9999.0 -9999.0 -9999.0 -9999.0 -9999.0 -9999.0 -9999.0 -9999.0 -9999.0 -9999.0 -9999.0 4.757831 -0.029908 6.251916 6.633584 1.043257 3.202290 11.376907 8.831030 2.457998 1.102221 -0.081019 -0.539368 -1.334983 -0.397175 1.042054 1.168743 -0.005264 0.953052 -0.001956 -0.474803 1.242039 -0.026966 -0.034295 0.987741 -0.390675 -1.015785 4.957830 2.635704 2.868489 4.037472 -0.365244 1.174678 0.970880 -0.040264 0.725576 -0.036594 -1.322339 -0.347826 -0.009729 -2.068080 -2.144541 -1.714479 -1.270665 -0.032731 -0.040080 -9999.0 -9999.0 -9999.0 -9999.0 -9999.0 -9999.0
-9999.0 -9999.0 -9999.0 -9999.0 -9999.0 -9999.0 -9999.0 -9999.0 -9999.0 -9999.0 -9999.0 -0.261329 1.454558 6.294607 -0.048850 0.786522 2.098916 2.499391 10.844267 4.401156 2.739850 0.762072 -0.004546 -0.245393 -0.332773 -0.910397 -0.418016 -0.006547 -0.021516 2.993677 -0.360458 -1.011788 1.421349 -0.023922 -0.034248 -0.003431 0.942049 -0.075530 0.604921 4.856614 -0.054427 -0.013459 -0.075114 0.109090 2.811818 -0.004787 -0.001564 2.866322 3.741046 -0.014688 -1.472862 -0.004376 -2.404090 -4.065288 -4.557883 -3.838868 0.737796 -9999.0 -9999.0 -9999.0 -9999.0 -9999.0 -9999.0
-9999.0 -9999.0 -9999.0 -9999.0 -9999.0 -9999.0 -9999.0 -9999.0 -9999.0 -9999.0 -0.002380 -0.103854 1.373608 2.136758 4.835786 -0.023341 -0.025119 -0.002984 3.580529 4.044442 6.650197 4.783738 -0.268193 3.085881 -0.002912 -0.639247 -0.604350 -2.334754 1.233114 1.546623 -0.811799 -0.904807 1.273572 -0.023333 1.081319 1.151462 1.244294 -0.302109 -0.341644 0.954885 1.096777 2.276272 7.780285 0.975624 -0.023263 3.055330 1.010271 -0.435335 -0.368618 -0.001263 -3.388849 0.546539 -4.968375 -4.654768 -0.633204 -0.022062 -0.023871 -9999.0 -9999.0 -9999.0 -9999.0 -9999.0 -9999.0
-9999.0 -9999.0 -9999.0 -9999.0 -9999.0 -9999.0 -9999.0 -9999.0 -9999.0 0.989997 -0.002712 -0.058561 -0.050621 -0.073443 -0.181769 -0.076956 -0.024879 5.652559 3.513311 4.099629 7.112796 0.917623 0.295604 1.339643 0.367265 -0.962778 -1.186863 2.012188 -0.063257 -0.027850 0.594868 -1.163751 1.258573 0.909414 1.074007 1.116268 1.219555 -0.437770 -0.315007 -0.122503 -0.614173 -0.332449 -0.221073 1.610531 1.082473 -0.021755 4.304826 -0.100936 -0.094880 0.643901 -1.383948 0.691369 -4.355091 -0.099617 -0.052283 -3.676192 -3.176637 0.900076 -0.009162 -9999.0 -9999.0 -9999.0 -9999.0
-9999.0 -9999.0 -9999.0 -9999.0 -9999.0 -9999.0 -9999.0 -9999.0 -9999.0 0.991135 0.934803 2.440720 3.926594 -0.001431 -0.027087 -0.077779 4.081686 1.383160 4.087349 8.361899 7.865411 7.752775 5.150648 3.490875 -0.581352 -0.365077 -0.130880 -0.001566 1.203466 3.511396 2.746679 -1.538485 0.525282 -0.031634 -0.011414 1.116950 2.209865 3.908052 0.931225 1.491870 -0.395102 -0.474192 -0.055478 1.479808 2.669788 2.801182 2.491114 1.202202 -0.017686 0.858321 -2.427383 -3.448300 -0.296643 -0.463770 -0.006412 -4.678077 -2.916638 -1.445672 1.839366 -9999.0 -9999.0 -9999.0 -9999.0
-9999.0 -9999.0 -9999.0 -9999.0 -9999.0 -9999.0 -9999.0 -9999.0 -9999.0 -9999.0 -0.002010 1.376061 -0.044605 -0.222154 -0.005689 -0.024533 -0.001326 2.480705 4.872170 5.672219 7.924767 2.763100 -0.002085 -0.247669 -0.225426 -0.024110 0.802359 1.718412 2.741455 -1.101927 -1.435884 -1.770095 -1.732736 -0.024821 -0.001270 1.426497 1.226246 1.312800 2.221456 -0.001498 -0.002831 1.244240 1.428601 -0.020365 -0.002687 -0.002234 1.709194 5.442617 3.946206 0.896873 -1.390468 -1.492536 -0.071284 -0.388150 -0.526101 -0.051778 -0.027863 -0.636356 -0.415666 -0.002368 -9999.0 -9999.0 -9999.0
-9999.0 -9999.0 -9999.0 -9999.0 -9999.0 -9999.0 -9999.0 -9999.0 -9999.0 -9999.0 -0.019013 1.039380 1.203026 -0.023063 4.325736 -0.004150 -0.003341 2.603800 5.283113 6.490977 3.411446 1.536915 -0.002697 -0.043233 -0.016373 1.270481 2.376111 -0.002286 -0.794591 -1.472707 -0.001326 -0.000901 -1.910820 -0.029587 -0.001191 1.420678 -0.561821 -0.120729 -1.511225 -0.013860 -0.001218 4.835172 -0.313504 1.284540 1.328913 -0.269578 -0.001082 -0.002646 3.047617 2.940296 -0.002228 -1.320346 -2.205428 -0.015925 -0.886006 -0.376098 -0.045849 -0.114463 0.981280 2.515348 -9999.0 -9999.0 -9999.0
-9999.0 -9999.0 -9999.0 -9999.0 -9999.0 -9999.0 -9999.0 -9999.0 -0.001041 -0.002361 -0.014231 -0.001288 -1.670058 -0.084988 -0.044464 1.589688 2.932827 8.559646 6.660204 6.924379 5.140375 4.069889 3.186608 1.463690 1.111776 1.899357 4.499093 -0.431720 -1.339266 -1.397440 -0.006883 -0.001431 -0.001352 -0.025731 -0.001596 0.953029 4.441716 -0.091558 -2.029392 1.174500 3.230704 1.244723 -1.418914 1.755087 4.464540 1.172533 -1.854204 -0.063203 -0.002353 2.930412 1.039561 -2.038115 -3.276071 -3.904989 -0.200602 -0.028381 0.924178 1.311469 1.330963 4.387210 -9999.0 -9999.0 -9999.0
-9999.0 -9999.0 -9999.0 -9999.0 -9999.0 -9999.0 -9999.0 -9999.0 -1.991676 -0.820123 -1.468930 -0.021979 0.943316 -1.116267 -0.457541 -0.002261 1.930304 2.516235 5.531507 7.462410 12.025765 10.748135 10.422541 9.557696 3.398218 3.337111 0.819944 -0.085697 -3.083797 -0.014584 -0.033201 1.653025 0.886447 2.376903 -0.000654 1.156298 5.547671 -0.018440 -0.064006 1.184388 -0.001272 -0.130506 2.694664 1.235529 0.941485 -0.317042 -1.808992 1.082549 -0.057540 1.450775 2.433094 -0.028112 -4.203098 -0.042212 0.813799 -1.627461 -0.135666 -0.014819 3.264789 6.035434 7.295093 -9999.0 -9999.0
-9999.0 -9999.0 -9999.0 -9999.0 -9999.0 -9999.0 -9999.0 -9999.0 -0.001338 -0.000581 -0.026054 -1.715390 -0.020596 -1.267021 -0.100441 -0.414365 0.254858 3.817519 5.452918 11.699225 7.916726 11.004196 11.175661 6.551932 8.529593 3.239081 0.347013 -0.747408 -2.202913 -0.001250 2.739198 1.233450 -0.698907 -0.445512 1.350683 4.965074 -0.011380 1.682863 -0.042687 -0.252429 1.176255 3.232466 0.729451 -0.002062 -1.014776 -0.000391 1.119022 -0.003677 -1.126264 -0.002019 2.559990 0.880492 -3.029413 -4.034985 -0.087004 -0.056641 1.623659 3.056310 5.986884 6.274730 6.832485 -9999.0 -9999.0
-9999.0 -9999.0 -9999.0 -9999.0 -9999.0 -9999.0 -9999.0 -9999.0 0.637297 1.124123 -0.115608 -2.737840 -0.000998 -0.370817 -0.279295 0.211710 4.000585 5.245063 8.395799 5.704156 7.343846 7.728022 10.493669 9.745599 3.633020 1.016697 -0.002281 -1.482082 1.168456 -0.469131 -0.114792 -0.118196 -0.003341 -0.054161 -0.034443 4.271043 6.507493 4.096875 0.709966 -0.018271 2.219160 2.338767 1.943444 4.400891 -0.001313 3.211795 1.344467 3.690142 0.882535 -0.148865 -0.001930 2.264979 0.979124 -0.065491 1.237263 2.168772 3.878608 4.802953 5.720135 6.558616 5.544782 2.699295 -9999.0
-9999.0 -9999.0 -9999.0 -9999.0 -9999.0 -9999.0 -9999.0 -9999.0 -0.073481 -0.002139 -1.260456 -1.098811 -0.405826 -0.133925 3.588896 2.865336 5.830264 2.419722 0.825585 2.899940 4.773438 7.100155 7.341155 7.037419 7.856709 0.096947 -0.610053 -0.016859 -0.001315 -0.029872 -0.135117 0.784877 2.775764 1.756351 0.988835 2.001307 4.167464 6.097038 5.476574 2.696511 1.253901 1.019754 1.097725 0.137281 -0.116100 3.212067 -0.047946 -0.149227 -0.046932 0.732140 2.121496 1.731896 1.961665 2.354661 2.983407 3.351855 4.025333 4.915748 5.751068 5.916908 4.209030 2.103640 -9999.0
-9999.0 -9999.0 1.073607 -0.000534 -2.437277 -0.486403 -1.664220 -1.611885 -0.029679 -0.024073 -1.165491 -0.386778 -0.107163 -0.019073 4.829553 2.105548 -0.002529 -0.746213 -0.064138 -0.002505 2.770788 5.478722 6.356502 6.165448 5.123636 2.047884 -0.004008 -0.003468 2.549302 4.688980 -0.002330 0.776054 6.903186 3.427828 5.171092 4.664367 7.847517 8.354658 7.275080 4.592250 5.595399 5.570855 4.302658 3.109154 -0.002331 0.895270 2.149642 1.439378 3.063499 4.219912 5.358321 4.607822 3.722992 3.228629 3.135422 7.720275 3.804582 4.253073 4.018153 3.555502 5.664747 1.295321 -9999.0
-9999.0 -0.167902 -0.341122 -0.344492 -0.387053 -0.705067 -1.153908 -1.400073 -2.071905 -0.024219 -1.416898 -0.490665 -0.001158 4.127011 3.830756 -0.243072 -0.440965 -0.959250 -0.316781 -0.002438 2.541640 4.296135 7.731966 4.894357 9.126077 4.935205 7.238726 7.435554 5.650374 3.889601 4.232058 4.390029 6.080186 10.072420 8.468183 9.653450 11.329083 11.254526 11.455581 9.780883 9.003186 8.871660 8.169023 4.858286 3.552003 3.952171 5.270763 5.969170 7.283285 6.097308 5.496480 4.389298 3.588742 2.801903 2.728433 2.219561 0.810483 1.166641 2.021293 4.235411 0.530364 1.085627 -9999.0
-9999.0 3.203918 -0.047226 -0.059037 -0.000525 -0.085463 -2.026592 -1.636234 -0.033610 -0.025330 -1.355937 -0.774861 0.254744 3.998431 -0.081491 -3.279849 -1.365672 -1.335739 -0.692767 -0.006746 4.630146 1.980260 3.067485 3.455251 8.856850 10.124061 5.488624 6.842089 6.703413 6.446767 6.593578 6.367243 7.804516 8.700766 12.926132 11.693218 17.888333 18.907067 14.399480 13.315532 12.588345 11.548337 10.544290 8.111241 7.980558 7.851476 8.434455 8.104134 7.460372 6.576677 4.562613 2.016979 0.942958 1.484498 0.695309 -0.002186 -0.373903 -0.003023 -0.001964 -0.005166 -0.002108 -9999.0 -9999.0
