user2019/resources/simulation/Vinschgau/output-maps/TsL0006N0704.asc
ncols         63
nrows         48
xllcorner     598000.000000
yllcorner     5145000.000000
cellsize      1000.000000
NODATA_value  -9999.0
[rows 0 to 28 of 48, columns 0 to 62 of 63]
-9999.0 -9999.0 -9999.0 -9999.0 -9999.0 -9999.0 -9999.0 -9999.0 -9999.0 -9999.0 -9999.0 -9999.0 -9999.0 -9999.0 -9999.0 -9999.0 -9999.0 -9999.0 -9999.0 -9999.0 -9999.0 -9999.0 -9999.0 -9999.0 -9999.0 -9999.0 -9999.0 -9999.0 -9999.0 -9999.0 -9999.0 -9999.0 -9999.0 -9999.0 -9999.0 -9999.0 -9999.0 -9999.0 -9999.0 -9999.0 -9999.0 -9999.0 -9999.0 -9999.0 -9999.0 -9999.0 -9999.0 -9999.0 -9999.0 -9999.0 -9999.0 -9999.0 -9999.0 -9999.0 -9999.0 -9999.0 -9999.0 -9999.0 -9999.0 -9999.0 -9999.0 -9999.0 -9999.0
-9999.0 -9999.0 -9999.0 -9999.0 -9999.0 -9999.0 -9999.0 -9999.0 -9999.0 -9999.0 -9999.0 -9999.0 -9999.0 -9999.0 -9999.0 -9999.0 -9999.0 -9999.0 -9999.0 -9999.0 -9999.0 -9999.0 -9999.0 -9999.0 -9999.0 -9999.0 -9999.0 8.923364 8.145309 7.670793 5.629222 4.718528 5.147782 -9999.0 -9999.0 -9999.0 -9999.0 -9999.0 -9999.0 -9999.0 -9999.0 -9999.0 -9999.0 -9999.0 -9999.0 -9999.0 -9999.0 -9999.0 -9999.0 -9999.0 -9999.0 -9999.0 -9999.0 -9999.0 -9999.0 -9999.0 -9999.0 -9999.0 -9999.0 -9999.0 -9999.0 -9999.0 -9999.0
-9999.0 -9999.0 -9999.0 -9999.0 -9999.0 -9999.0 -9999.0 -9999.0 -9999.0 -9999.0 -9999.0 -9999.0 -9999.0 -9999.0 -9999.0 -9999.0 -9999.0 -9999.0 -9999.0 -9999.0 -9999.0 -9999.0 -9999.0 -9999.0 8.319237 9.201240 9.555428 9.292578 8.727131 8.236832 6.030023 -9999.0 -9999.0 -9999.0 -9999.0 -9999.0 -9999.0 -9999.0 -9999.0 -9999.0 -9999.0 -9999.0 -9999.0 -9999.0 -9999.0 -9999.0 -9999.0 -9999.0 -9999.0 -9999.0 -9999.0 -9999.0 -9999.0 -9999.0 -9999.0 -9999.0 -9999.0 -9999.0 -9999.0 -9999.0 -9999.0 -9999.0 -9999.0
-9999.0 -9999.0 -9999.0 -9999.0 -9999.0 -9999.0 -9999.0 -9999.0 -9999.0 -9999.0 -9999.0 -9999.0 -9999.0 -9999.0 -9999.0 -9999.0 -9999.0 -9999.0 -9999.0 -9999.0 -9999.0 -9999.0 -9999.0 9.046456 10.143158 9.805308 9.720450 9.872249 8.775070 9.249435 7.689766 6.271692 -9999.0 -9999.0 -9999.0 -9999.0 -9999.0 -9999.0 -9999.0 -9999.0 -9999.0 -9999.0 -9999.0 -9999.0 -9999.0 -9999.0 -9999.0 -9999.0 -9999.0 -9999.0 -9999.0 -9999.0 -9999.0 -9999.0 -9999.0 -9999.0 -9999.0 -9999.0 -9999.0 -9999.0 -9999.0 -9999.0 -9999.0
-9999.0 -9999.0 -9999.0 -9999.0 -9999.0 -9999.0 -9999.0 -9999.0 -9999.0 -9999.0 -9999.0 -9999.0 -9999.0 -9999.0 -9999.0 -9999.0 -9999.0 -9999.0 11.256608 9.929698 -9999.0 8.758628 9.673257 9.895874 9.925432 11.264880 9.709699 9.653918 11.541831 9.439138 9.176766 7.415373 8.353807 6.962746 -9999.0 -9999.0 -9999.0 -9999.0 -9999.0 -9999.0 -9999.0 -9999.0 -9999.0 -9999.0 -9999.0 -9999.0 -9999.0 -9999.0 -9999.0 -9999.0 -9999.0 -9999.0 -9999.0 -9999.0 -9999.0 -9999.0 -9999.0 -9999.0 -9999.0 -9999.0 -9999.0 -9999.0 -9999.0
-9999.0 -9999.0 -9999.0 -9999.0 -9999.0 -9999.0 -9999.0 -9999.0 -9999.0 -9999.0 -9999.0 -9999.0 -9999.0 -9999.0 -9999.0 -9999.0 -9999.0 11.567877 9.921953 10.908962 11.198941 7.959605 9.292973 9.266128 12.787134 8.099332 6.995798 7.445392 6.697166 8.515416 9.658045 8.387854 8.906737 7.313796 5.422889 3.521375 -9999.0 -9999.0 -9999.0 -9999.0 -9999.0 -9999.0 -9999.0 -9999.0 -9999.0 -9999.0 -9999.0 -9999.0 -9999.0 -9999.0 -9999.0 -9999.0 -9999.0 -9999.0 -9999.0 -9999.0 -9999.0 -9999.0 -9999.0 -9999.0 -9999.0 -9999.0 -9999.0
-9999.0 -9999.0 -9999.0 -9999.0 -9999.0 -9999.0 -9999.0 -9999.0 -9999.0 -9999.0 -9999.0 -9999.0 -9999.0 8.649896 9.060234 9.772276 11.752108 17.002470 11.211655 10.144288 10.075488 10.651357 11.112965 12.506791 7.536907 6.895803 6.794245 6.248230 7.039969 7.149296 7.583424 6.468291 6.156296 4.341019 4.309636 2.818833 -9999.0 -9999.0 -9999.0 -9999.0 -9999.0 -9999.0 -9999.0 -9999.0 -9999.0 -9999.0 -9999.0 -9999.0 -9999.0 -9999.0 -9999.0 -9999.0 -9999.0 -9999.0 -9999.0 -9999.0 -9999.0 -9999.0 -9999.0 -9999.0 -9999.0 -9999.0 -9999.0
-9999.0 -9999.0 -9999.0 -9999.0 -9999.0 -9999.0 -9999.0 -9999.0 -9999.0 -9999.0 -9999.0 -9999.0 -9999.0 9.628244 9.884757 9.977104 10.410915 12.865882 17.140500 11.942559 11.293142 10.021777 9.344301 7.904523 8.488414 7.375392 7.835914 5.456785 5.608661 5.247740 6.337164 4.004302 3.461435 1.706533 3.201950 -9999.0 -9999.0 -9999.0 -9999.0 -9999.0 -9999.0 -9999.0 -9999.0 -9999.0 -9999.0 -9999.0 -9999.0 -9999.0 -9999.0 -9999.0 -9999.0 -9999.0 -9999.0 -9999.0 -9999.0 -9999.0 -9999.0 -9999.0 -9999.0 -9999.0 -9999.0 -9999.0 -9999.0
-9999.0 -9999.0 -9999.0 -9999.0 -9999.0 -9999.0 -9999.0 -9999.0 -9999.0 -9999.0 -9999.0 -9999.0 -9999.0 9.790765 10.884016 10.316373 9.645621 11.005585 17.912675 11.846740 10.879468 9.877447 7.360829 7.353823 8.659898 7.648527 7.673654 4.583644 7.252620 3.481490 3.455668 0.047730 0.587943 0.034722 2.214506 -9999.0 -9999.0 -9999.0 -9999.0 -9999.0 -9999.0 -9999.0 -9999.0 -9999.0 -9999.0 -9999.0 -9999.0 -9999.0 -9999.0 -9999.0 -9999.0 -9999.0 -9999.0 -9999.0 -9999.0 -9999.0 -9999.0 -9999.0 -9999.0 -9999.0 -9999.0 -9999.0 -9999.0
-9999.0 -9999.0 -9999.0 -9999.0 -9999.0 -9999.0 -9999.0 -9999.0 -9999.0 -9999.0 -9999.0 -9999.0 7.299443 10.551864 9.294772 8.373780 7.730099 9.856791 14.183063 10.726377 9.207781 7.400015 7.100783 6.945637 7.852251 4.953113 6.282514 6.422527 7.524989 3.424258 0.477967 6.363804 5.772759 2.780264 -9999.0 -9999.0 -9999.0 -9999.0 -9999.0 -9999.0 -9999.0 -9999.0 -9999.0 -9999.0 -9999.0 -9999.0 -9999.0 -9999.0 -9999.0 -9999.0 -9999.0 -9999.0 -9999.0 -9999.0 -9999.0 -9999.0 -9999.0 -9999.0 -9999.0 -9999.0 -9999.0 -9999.0 -9999.0
-9999.0 -9999.0 -9999.0 -9999.0 -9999.0 -9999.0 -9999.0 -9999.0 -9999.0 -9999.0 -9999.0 7.303290 6.175757 8.422103 6.475145 7.447422 8.950468 9.339162 14.257759 10.532342 8.839752 9.480149 8.082397 6.510856 7.170349 6.403686 3.249824 7.544658 6.999644 2.449014 6.048291 8.076293 6.074302 5.190201 6.021526 7.102145 8.248734 9.583554 9.632874 -9999.0 -9999.0 -9999.0 7.434638 -9999.0 -9999.0 -9999.0 -9999.0 -9999.0 -9999.0 -9999.0 -9999.0 -9999.0 -9999.0 -9999.0 -9999.0 -9999.0 -9999.0 -9999.0 -9999.0 -9999.0 -9999.0 -9999.0 -9999.0
-9999.0 -9999.0 -9999.0 -9999.0 -9999.0 -9999.0 -9999.0 -9999.0 -9999.0 -9999.0 -9999.0 6.833049 5.687588 6.719221 8.133400 6.227221 9.025408 9.859243 14.142452 11.735556 11.578715 10.225022 8.174647 5.335464 5.724339 6.510914 8.006915 8.075015 6.576304 4.365559 7.377917 7.986499 7.376306 5.238893 5.991168 7.231553 9.442665 12.817467 10.890449 8.401470 9.260010 8.010289 7.781900 7.852201 -9999.0 -9999.0 -9999.0 5.081454 5.627582 6.458181 6.560797 7.119793 5.880696 6.045695 5.390407 4.911341 -9999.0 -9999.0 -9999.0 -9999.0 -9999.0 -9999.0 -9999.0
-9999.0 -9999.0 -9999.0 -9999.0 -9999.0 -9999.0 -9999.0 -9999.0 -9999.0 -9999.0 -9999.0 7.458788 6.480935 5.594776 7.998216 8.462421 5.920314 8.507321 11.892243 13.162017 9.015195 8.228618 7.087115 8.538539 5.531895 10.050752 7.111300 6.094069 5.126034 4.982160 6.367110 6.066428 8.101330 5.569786 7.493008 8.682753 7.800479 8.810895 14.639091 9.587725 10.371957 8.559943 8.995603 8.752183 6.585958 -9999.0 3.803631 5.816423 7.503143 8.649759 9.172480 9.319330 8.481337 7.897837 7.650611 6.642168 -9999.0 -9999.0 -9999.0 -9999.0 -9999.0 -9999.0 -9999.0
-9999.0 -9999.0 -9999.0 -9999.0 -9999.0 -9999.0 -9999.0 -9999.0 -9999.0 -9999.0 -9999.0 -9999.0 6.569938 4.835311 9.543334 9.037714 7.245418 8.867988 12.670276 13.267369 9.097394 8.457540 8.269357 7.333933 5.609110 7.075658 9.957466 5.826438 5.795296 8.074105 7.795212 6.398693 7.693535 6.232408 4.427684 6.632454 6.550515 9.034012 15.272776 12.208258 12.368713 13.015540 8.029022 10.249071 9.113573 6.920360 6.919620 5.799410 5.584843 7.564107 8.845736 6.007525 7.627000 5.488700 4.830669 4.677595 6.099633 -9999.0 -9999.0 -9999.0 -9999.0 -9999.0 -9999.0
-9999.0 -9999.0 -9999.0 -9999.0 -9999.0 -9999.0 -9999.0 -9999.0 -9999.0 -9999.0 -9999.0 5.978084 5.763247 7.715120 5.584910 5.692452 7.809362 8.032958 12.150878 10.977781 9.085494 8.349266 7.831858 6.812525 7.226982 8.070371 6.692369 4.997604 7.835261 9.541935 6.986625 7.464041 9.014501 5.711513 3.985075 6.237215 6.089638 8.142952 10.367236 15.501798 8.966931 10.141999 9.566126 8.681821 11.011640 7.284314 8.006173 8.484909 8.942016 8.411876 4.741283 3.837900 3.840866 2.886004 2.277040 1.330825 5.803544 -9999.0 -9999.0 -9999.0 -9999.0 -9999.0 -9999.0
-9999.0 -9999.0 -9999.0 -9999.0 -9999.0 -9999.0 -9999.0 -9999.0 -9999.0 -9999.0 7.999218 6.624425 9.289592 8.718300 9.723811 8.181761 7.337287 7.687370 10.557516 10.963877 12.080468 10.254233 7.239696 11.335031 8.862799 7.628781 5.727731 5.482786 9.817083 10.198506 8.157870 7.130706 6.732171 4.836543 3.162243 6.651272 8.841311 7.176117 8.299911 10.806875 10.971697 10.178762 11.394332 9.621231 8.681516 9.725413 7.986138 7.773832 8.641351 8.727626 4.846359 3.222233 1.759423 0.073428 2.097152 6.873861 6.709031 -9999.0 -9999.0 -9999.0 -9999.0 -9999.0 -9999.0
-9999.0 -9999.0 -9999.0 -9999.0 -9999.0 -9999.0 -9999.0 -9999.0 -9999.0 6.061911 6.901354 6.438520 7.672181 6.772495 7.228685 6.762440 6.415172 11.129623 10.395832 11.241127 12.427517 9.072867 8.917622 10.379288 8.462646 6.440762 6.303779 10.583482 8.603037 9.068691 9.451717 5.644439 3.664710 2.493240 7.187291 6.202203 6.246632 6.151241 6.230040 7.620641 8.421147 7.671900 7.572156 10.348374 9.646123 8.959319 11.935579 7.901819 7.680453 9.540559 6.345444 5.020657 0.141866 2.972734 5.060457 4.836815 5.734509 8.877052 7.619948 -9999.0 -9999.0 -9999.0 -9999.0
-9999.0 -9999.0 -9999.0 -9999.0 -9999.0 -9999.0 -9999.0 -9999.0 -9999.0 5.896536 5.755169 6.995420 11.004504 8.513567 7.743529 7.080832 10.441091 9.394011 10.878793 14.445634 14.216748 14.542527 10.398201 9.976288 6.829280 7.373468 8.346370 9.268265 10.534589 8.568918 8.316860 5.503574 5.677842 5.659859 6.830797 9.986916 9.839828 10.151691 6.139654 7.508584 6.209300 5.576208 8.225896 9.366789 10.637489 11.878266 11.566456 10.153912 9.383194 9.234565 5.007455 3.708013 3.019931 3.520963 3.971447 3.669061 5.716568 6.905731 10.335343 -9999.0 -9999.0 -9999.0 -9999.0
-9999.0 -9999.0 -9999.0 -9999.0 -9999.0 -9999.0 -9999.0 -9999.0 -9999.0 -9999.0 6.477097 7.358503 7.040469 8.323588 8.905663 8.081260 8.505770 10.236720 11.324689 12.799232 12.154197 10.051696 8.223234 7.628961 7.566389 9.179546 10.266866 10.999423 8.525378 5.993963 5.605916 6.462281 3.538591 4.556230 7.800108 9.093135 10.054227 8.938470 8.297736 3.940849 3.761194 9.163416 9.059850 7.141730 8.060115 8.271282 9.105185 10.652342 11.899897 9.657458 5.834775 5.844955 4.785786 3.561094 1.586527 4.437920 5.828053 9.027386 9.292909 9.580689 -9999.0 -9999.0 -9999.0
-9999.0 -9999.0 -9999.0 -9999.0 -9999.0 -9999.0 -9999.0 -9999.0 -9999.0 -9999.0 5.829886 6.579542 7.085102 7.568675 12.968900 8.757341 8.551322 10.144452 11.673647 13.231353 11.266282 9.556855 8.455218 8.566387 8.983564 10.774256 11.762599 8.725009 6.473146 3.836379 5.003819 6.889085 4.818306 3.584750 5.221826 6.301856 8.007161 7.250463 5.310227 4.246731 6.449953 8.242900 5.920988 5.866337 7.432298 6.838098 7.386024 8.066189 9.907061 11.408178 9.348739 6.225187 4.911318 5.171507 4.798908 7.236141 3.718893 7.212556 10.450897 11.851362 -9999.0 -9999.0 -9999.0
-9999.0 -9999.0 -9999.0 -9999.0 -9999.0 -9999.0 -9999.0 -9999.0 9.091698 8.606713 7.560788 6.505309 6.377603 6.774540 7.271675 10.179654 10.713376 14.971339 13.486316 13.779350 12.789114 11.357409 10.629368 9.548177 10.379090 11.363604 11.518137 7.069524 6.123683 4.468402 3.673177 5.145470 5.839126 5.577819 6.145188 3.778937 8.264944 7.343303 4.206710 7.158117 5.792701 6.159521 3.966707 4.423657 10.386417 8.239482 4.867005 6.468160 8.278566 11.214480 9.678724 6.908459 5.596738 2.997870 7.883842 8.427074 9.603268 10.995901 10.692907 11.982350 -9999.0 -9999.0 -9999.0
-9999.0 -9999.0 -9999.0 -9999.0 -9999.0 -9999.0 -9999.0 -9999.0 5.982091 6.899077 5.662796 5.039174 6.136778 7.056626 6.900895 8.539920 9.520957 9.969573 12.349549 14.117112 16.850786 15.942190 14.597756 14.095451 11.290532 11.786249 9.615066 7.721435 5.203085 6.687462 6.490989 9.560402 6.412963 8.118992 6.640024 7.660253 9.747098 8.000394 6.037277 7.170641 4.038199 0.063045 4.594963 7.576318 9.245743 5.719483 4.165226 6.277425 7.158707 9.546942 11.283693 8.250668 4.921074 7.528796 10.024389 8.025699 8.455443 9.801081 12.427371 14.315946 15.019351 -9999.0 -9999.0
-9999.0 -9999.0 -9999.0 -9999.0 -9999.0 -9999.0 -9999.0 -9999.0 5.333121 8.114314 9.188369 5.043995 8.191247 5.686593 7.879727 7.370004 9.184057 11.269891 12.836697 16.416949 14.505289 16.412661 15.946159 13.587735 15.601365 10.694214 9.108157 6.664449 5.828484 8.358147 9.856768 8.776539 5.357038 5.672882 7.432468 9.713838 6.274915 8.252196 5.530682 4.985014 5.443171 6.162807 6.189293 6.346995 4.653627 5.675362 8.140724 7.475943 5.040236 6.040058 11.362632 10.149108 5.973090 5.575534 9.262522 9.958590 11.356344 12.543146 13.548670 14.049318 14.517843 -9999.0 -9999.0
-9999.0 -9999.0 -9999.0 -9999.0 -9999.0 -9999.0 -9999.0 -9999.0 5.348425 7.459515 7.847977 6.106840 8.581566 7.154511 7.893033 9.377686 11.475574 12.798200 11.763949 12.996906 13.692688 14.211498 16.197533 15.883674 10.990224 9.241768 7.631120 6.093968 10.516955 7.697320 7.104238 7.157484 8.169483 8.037926 5.789640 9.080740 9.999493 8.842749 5.969607 5.658066 6.891750 7.836668 7.901982 10.416271 7.524581 9.401365 8.770659 10.282530 9.072919 7.796533 8.783971 11.430126 10.949212 9.778547 11.397657 11.871135 12.858770 12.795862 13.834759 14.368631 12.754510 10.720536 -9999.0
-9999.0 -9999.0 -9999.0 -9999.0 -9999.0 -9999.0 -9999.0 -9999.0 6.128362 7.216102 7.471659 6.975244 7.810090 8.401121 12.622674 11.385296 11.181023 10.213517 8.987968 10.267483 12.126395 13.599821 13.783750 13.527011 13.183306 8.701546 6.826213 8.509944 9.520980 8.999629 6.827935 8.407937 9.879428 8.367693 7.240045 7.488921 8.372774 9.569683 8.458798 7.794848 7.039529 7.246655 7.918042 7.704163 5.943067 9.784368 7.682085 8.514160 8.301858 10.182888 11.398755 10.819413 11.460199 12.479016 12.580939 12.888581 13.558475 13.756333 13.403376 12.608501 11.587517 7.270305 -9999.0
-9999.0 -9999.0 8.711961 8.463260 5.814815 6.592932 6.617019 5.721264 7.652447 6.440240 6.692258 8.765164 8.568187 10.377115 14.397111 10.591160 8.546974 6.623666 6.908635 8.618380 10.248529 11.592154 13.420888 13.574987 12.432745 9.868977 8.728951 8.786928 9.583680 11.471664 7.732340 7.957984 11.910268 8.622868 10.106626 8.581316 10.940427 10.494723 9.099586 7.452111 9.289669 9.939054 8.815614 9.643246 7.101325 8.693170 10.245447 9.233619 11.426337 12.510171 13.031901 13.804090 13.551342 13.337967 12.896029 15.176689 12.411764 12.314458 11.613854 11.342839 11.295930 6.977512 -9999.0
-9999.0 7.415865 7.257750 7.100498 6.897536 7.208120 6.270249 4.805711 4.274694 5.848680 6.010291 7.446364 9.720062 12.514670 11.997780 7.624686 6.452976 5.754187 7.304534 8.526326 10.190800 10.795845 13.722880 12.267811 15.528240 12.569164 14.862113 14.836233 11.800148 10.988149 11.237761 10.753017 10.797732 13.595112 11.869802 12.499604 12.826901 12.087517 12.477609 12.122796 12.017864 11.894690 11.656459 9.780103 9.459654 10.113418 12.288483 11.980552 13.216877 12.638839 13.237391 12.908319 12.090303 11.871095 11.739381 10.934687 9.823189 10.078194 10.255933 10.132343 9.003269 9.609471 -9999.0
-9999.0 8.258968 8.107739 8.279264 11.326403 7.947714 5.731123 5.497228 7.951469 8.117406 6.365178 7.463999 9.613439 12.101569 8.075967 6.013878 5.136380 6.107930 8.246929 8.338453 9.872552 9.699605 10.570487 11.536474 15.220236 16.537490 13.377549 13.977599 13.500296 11.656425 12.955820 12.176083 12.192107 12.356392 14.492305 13.462864 16.236511 18.265045 14.173728 14.222540 13.817567 13.565613 12.965755 12.632957 13.526736 13.150125 14.639758 14.620980 13.363820 13.338315 11.566486 10.411270 9.958679 10.566580 9.747947 8.454116 8.613933 7.855050 7.983866 7.711646 7.954006 -9999.0 -9999.0
-9999.0 7.577057 7.230680 7.821544 9.110503 10.613424 11.267313 6.461841 6.790934 6.857040 7.819055 8.914168 11.084025 10.383363 6.897372 5.280485 4.851061 5.813735 6.039706 7.793884 7.563220 7.961657 9.914276 14.057142 14.614530 12.463275 12.803417 12.949976 13.219485 13.073589 13.387858 14.175918 13.632951 12.707326 13.595507 13.495344 13.776457 16.536666 14.049807 14.287768 14.438681 17.046940 14.272029 14.726139 14.689747 14.097898 12.692016 12.187856 11.239108 10.486230 9.281041 8.798591 8.210124 9.497783 7.717995 6.638446 6.562417 6.245754 6.364672 -9999.0 -9999.0 -9999.0 -9999.0
