user2019/resources/simulation/Vinschgau/output-maps/TsL0005N1379.asc
ncols         63
nrows         48
xllcorner     598000.000000
yllcorner     5145000.000000
cellsize      1000.000000
NODATA_value  -9999.0
[rows 0 to 27 of 48, columns 0 to 62 of 63]
-9999.0 -9999.0 -9999.0 -9999.0 -9999.0 -9999.0 -9999.0 -9999.0 -9999.0 -9999.0 -9999.0 -9999.0 -9999.0 -9999.0 -9999.0 -9999.0 -9999.0 -9999.0 -9999.0 -9999.0 -9999.0 -9999.0 -9999.0 -9999.0 -9999.0 -9999.0 -9999.0 -9999.0 -9999.0 -9999.0 -9999.0 -9999.0 -9999.0 -9999.0 -9999.0 -9999.0 -9999.0 -9999.0 -9999.0 -9999.0 -9999.0 -9999.0 -9999.0 -9999.0 -9999.0 -9999.0 -9999.0 -9999.0 -9999.0 -9999.0 -9999.0 -9999.0 -9999.0 -9999.0 -9999.0 -9999.0 -9999.0 -9999.0 -9999.0 -9999.0 -9999.0 -9999.0 -9999.0
-9999.0 -9999.0 -9999.0 -9999.0 -9999.0 -9999.0 -9999.0 -9999.0 -9999.0 -9999.0 -9999.0 -9999.0 -9999.0 -9999.0 -9999.0 -9999.0 -9999.0 -9999.0 -9999.0 -9999.0 -9999.0 -9999.0 -9999.0 -9999.0 -9999.0 -9999.0 -9999.0 0.067265 0.160500 0.453267 -0.005171 -0.031145 -2.014842 -9999.0 -9999.0 -9999.0 -9999.0 -9999.0 -9999.0 -9999.0 -9999.0 -9999.0 -9999.0 -9999.0 -9999.0 -9999.0 -9999.0 -9999.0 -9999.0 -9999.0 -9999.0 -9999.0 -9999.0 -9999.0 -9999.0 -9999.0 -9999.0 -9999.0 -9999.0 -9999.0 -9999.0 -9999.0 -9999.0
-9999.0 -9999.0 -9999.0 -9999.0 -9999.0 -9999.0 -9999.0 -9999.0 -9999.0 -9999.0 -9999.0 -9999.0 -9999.0 -9999.0 -9999.0 -9999.0 -9999.0 -9999.0 -9999.0 -9999.0 -9999.0 -9999.0 -9999.0 -9999.0 0.536078 0.692518 0.965417 0.542109 0.948916 0.936342 -0.007559 -9999.0 -9999.0 -9999.0 -9999.0 -9999.0 -9999.0 -9999.0 -9999.0 -9999.0 -9999.0 -9999.0 -9999.0 -9999.0 -9999.0 -9999.0 -9999.0 -9999.0 -9999.0 -9999.0 -9999.0 -9999.0 -9999.0 -9999.0 -9999.0 -9999.0 -9999.0 -9999.0 -9999.0 -9999.0 -9999.0 -9999.0 -9999.0
-9999.0 -9999.0 -9999.0 -9999.0 -9999.0 -9999.0 -9999.0 -9999.0 -9999.0 -9999.0 -9999.0 -9999.0 -9999.0 -9999.0 -9999.0 -9999.0 -9999.0 -9999.0 -9999.0 -9999.0 -9999.0 -9999.0 -9999.0 0.771794 1.431158 3.227351 3.596524 3.716037 3.799255 0.998496 -0.007384 -0.018324 -9999.0 -9999.0 -9999.0 -9999.0 -9999.0 -9999.0 -9999.0 -9999.0 -9999.0 -9999.0 -9999.0 -9999.0 -9999.0 -9999.0 -9999.0 -9999.0 -9999.0 -9999.0 -9999.0 -9999.0 -9999.0 -9999.0 -9999.0 -9999.0 -9999.0 -9999.0 -9999.0 -9999.0 -9999.0 -9999.0 -9999.0
-9999.0 -9999.0 -9999.0 -9999.0 -9999.0 -9999.0 -9999.0 -9999.0 -9999.0 -9999.0 -9999.0 -9999.0 -9999.0 -9999.0 -9999.0 -9999.0 -9999.0 -9999.0 4.349373 1.394597 -9999.0 1.059747 1.426383 2.808250 3.009997 3.674138 3.232676 3.525446 2.704944 1.173293 0.735171 -0.005823 -0.013538 -0.008035 -9999.0 -9999.0 -9999.0 -9999.0 -9999.0 -9999.0 -9999.0 -9999.0 -9999.0 -9999.0 -9999.0 -9999.0 -9999.0 -9999.0 -9999.0 -9999.0 -9999.0 -9999.0 -9999.0 -9999.0 -9999.0 -9999.0 -9999.0 -9999.0 -9999.0 -9999.0 -9999.0 -9999.0 -9999.0
-9999.0 -9999.0 -9999.0 -9999.0 -9999.0 -9999.0 -9999.0 -9999.0 -9999.0 -9999.0 -9999.0 -9999.0 -9999.0 -9999.0 -9999.0 -9999.0 -9999.0 5.008954 3.675431 3.812271 1.615792 0.511725 1.262023 2.444035 3.871061 0.294965 -0.037783 0.997297 -0.025801 2.129236 1.806630 0.848335 0.694241 -0.003899 -0.020006 -0.050037 -9999.0 -9999.0 -9999.0 -9999.0 -9999.0 -9999.0 -9999.0 -9999.0 -9999.0 -9999.0 -9999.0 -9999.0 -9999.0 -9999.0 -9999.0 -9999.0 -9999.0 -9999.0 -9999.0 -9999.0 -9999.0 -9999.0 -9999.0 -9999.0 -9999.0 -9999.0 -9999.0
-9999.0 -9999.0 -9999.0 -9999.0 -9999.0 -9999.0 -9999.0 -9999.0 -9999.0 -9999.0 -9999.0 -9999.0 -9999.0 2.771888 2.431209 3.290959 4.583650 8.284779 4.675650 3.157979 3.108089 2.809177 3.411566 3.953392 -0.007017 1.363493 -0.136505 -0.022620 -0.020580 0.033299 -1.065452 1.197832 0.354991 0.004627 -0.015354 -0.103118 -9999.0 -9999.0 -9999.0 -9999.0 -9999.0 -9999.0 -9999.0 -9999.0 -9999.0 -9999.0 -9999.0 -9999.0 -9999.0 -9999.0 -9999.0 -9999.0 -9999.0 -9999.0 -9999.0 -9999.0 -9999.0 -9999.0 -9999.0 -9999.0 -9999.0 -9999.0 -9999.0
-9999.0 -9999.0 -9999.0 -9999.0 -9999.0 -9999.0 -9999.0 -9999.0 -9999.0 -9999.0 -9999.0 -9999.0 -9999.0 3.428391 4.174466 4.108109 3.896159 8.154534 8.373392 4.758220 3.846212 5.166732 2.670982 1.609331 2.367885 1.391111 0.194193 0.284570 -0.006641 -0.095937 -0.030307 0.002358 -0.041271 -0.429069 -0.169965 -9999.0 -9999.0 -9999.0 -9999.0 -9999.0 -9999.0 -9999.0 -9999.0 -9999.0 -9999.0 -9999.0 -9999.0 -9999.0 -9999.0 -9999.0 -9999.0 -9999.0 -9999.0 -9999.0 -9999.0 -9999.0 -9999.0 -9999.0 -9999.0 -9999.0 -9999.0 -9999.0 -9999.0
-9999.0 -9999.0 -9999.0 -9999.0 -9999.0 -9999.0 -9999.0 -9999.0 -9999.0 -9999.0 -9999.0 -9999.0 -9999.0 4.027494 3.570218 5.241665 3.616568 4.359294 8.641717 4.729077 5.931240 2.536601 0.652785 -0.013027 2.137866 1.751180 0.790873 -0.008837 -0.025083 -0.094223 -0.006377 -0.664174 -0.699700 -8.015183 -0.750879 -9999.0 -9999.0 -9999.0 -9999.0 -9999.0 -9999.0 -9999.0 -9999.0 -9999.0 -9999.0 -9999.0 -9999.0 -9999.0 -9999.0 -9999.0 -9999.0 -9999.0 -9999.0 -9999.0 -9999.0 -9999.0 -9999.0 -9999.0 -9999.0 -9999.0 -9999.0 -9999.0 -9999.0
-9999.0 -9999.0 -9999.0 -9999.0 -9999.0 -9999.0 -9999.0 -9999.0 -9999.0 -9999.0 -9999.0 -9999.0 2.757541 3.054661 4.861306 3.260458 2.255955 3.943114 8.852043 5.223245 3.204442 0.502336 1.030675 -0.008890 -1.189029 0.129129 -2.337411 -0.009207 0.313800 -0.054092 -0.630367 -0.020293 -0.047232 -0.022027 -9999.0 -9999.0 -9999.0 -9999.0 -9999.0 -9999.0 -9999.0 -9999.0 -9999.0 -9999.0 -9999.0 -9999.0 -9999.0 -9999.0 -9999.0 -9999.0 -9999.0 -9999.0 -9999.0 -9999.0 -9999.0 -9999.0 -9999.0 -9999.0 -9999.0 -9999.0 -9999.0 -9999.0 -9999.0
-9999.0 -9999.0 -9999.0 -9999.0 -9999.0 -9999.0 -9999.0 -9999.0 -9999.0 -9999.0 -9999.0 2.760575 4.265100 3.745040 4.323483 4.616258 4.270017 4.209113 8.831414 6.600336 2.551461 2.792144 1.523167 0.493771 1.178944 0.576566 -0.024388 0.043631 -0.016065 -0.221644 -0.012250 0.389775 -0.011637 -0.013325 -0.017508 -0.004103 -0.023484 0.036025 0.353050 -9999.0 -9999.0 -9999.0 -0.025394 -9999.0 -9999.0 -9999.0 -9999.0 -9999.0 -9999.0 -9999.0 -9999.0 -9999.0 -9999.0 -9999.0 -9999.0 -9999.0 -9999.0 -9999.0 -9999.0 -9999.0 -9999.0 -9999.0 -9999.0
-9999.0 -9999.0 -9999.0 -9999.0 -9999.0 -9999.0 -9999.0 -9999.0 -9999.0 -9999.0 -9999.0 2.435868 4.333238 5.865090 5.607650 3.643989 6.580912 4.648601 8.864133 6.904373 5.970120 3.016584 1.171125 -1.468135 -0.902335 0.086867 0.007820 0.600171 0.492972 -0.017959 0.021862 0.964748 -0.048876 -0.062153 -0.079475 0.025164 0.975493 1.087113 0.205450 -0.013552 -0.007631 -0.016974 -0.005123 -0.011672 -9999.0 -9999.0 -9999.0 -1.291834 -1.414848 -0.350073 -0.798459 -1.687174 -1.432778 -2.133241 -2.210216 -1.740850 -9999.0 -9999.0 -9999.0 -9999.0 -9999.0 -9999.0 -9999.0
-9999.0 -9999.0 -9999.0 -9999.0 -9999.0 -9999.0 -9999.0 -9999.0 -9999.0 -9999.0 -9999.0 2.234828 2.498908 1.723060 4.260260 4.330274 2.322170 3.825963 7.675046 6.825054 2.406737 0.230373 -0.575294 0.511000 0.070381 0.129166 -0.770247 -2.836138 -0.002812 -0.063592 -0.006394 -1.289177 0.617332 -0.062730 -0.035110 0.754315 -0.303026 -0.717601 1.564400 -0.004414 0.255469 -0.032816 0.599205 0.044836 -0.098653 -9999.0 -0.609253 -0.222209 -0.004927 0.362904 0.761110 0.632594 0.186747 -0.006938 -0.002265 -0.061960 -9999.0 -9999.0 -9999.0 -9999.0 -9999.0 -9999.0 -9999.0
-9999.0 -9999.0 -9999.0 -9999.0 -9999.0 -9999.0 -9999.0 -9999.0 -9999.0 -9999.0 -9999.0 -9999.0 2.533255 0.003941 3.466196 3.647646 0.821293 2.873350 8.277896 6.750029 2.236849 0.871298 -0.017663 -0.132702 -1.817854 -0.887994 0.713883 0.713931 -0.006448 -0.012177 0.004568 -0.782701 0.921980 -0.006649 -0.052634 0.163643 -0.719166 -0.608158 2.498306 0.921913 1.191580 0.624193 -0.132082 0.992804 -0.010488 -0.193609 -0.334704 -0.062595 -1.805456 -0.208986 -0.054033 -0.781007 -3.041323 -1.314436 -1.914752 -0.003965 -0.044722 -9999.0 -9999.0 -9999.0 -9999.0 -9999.0 -9999.0
-9999.0 -9999.0 -9999.0 -9999.0 -9999.0 -9999.0 -9999.0 -9999.0 -9999.0 -9999.0 -9999.0 -0.145268 1.224492 3.070374 0.014904 0.598895 1.776584 2.224860 7.627086 4.204644 2.502347 0.928803 -0.002621 -0.812648 -0.754141 -0.477340 -0.159382 -0.008522 -0.012224 0.266349 -0.865025 -0.798552 1.393075 -0.006347 -0.095799 0.021019 0.079394 -0.135517 0.073787 2.203437 -0.134881 0.039450 -0.006298 -0.044239 1.537117 -0.007185 0.210781 0.301493 0.744303 -0.031447 -2.711461 -0.007536 -2.772037 -4.474513 -5.182130 -2.622479 -0.065169 -9999.0 -9999.0 -9999.0 -9999.0 -9999.0 -9999.0
-9999.0 -9999.0 -9999.0 -9999.0 -9999.0 -9999.0 -9999.0 -9999.0 -9999.0 -9999.0 0.587294 -0.049724 1.340891 1.502581 2.466234 -0.000071 -0.000380 0.117816 3.336428 3.856179 4.960088 3.181074 -0.415562 1.742500 -0.014824 -1.550969 -1.257262 -3.655888 0.887208 1.123152 -0.035160 -0.393183 1.047966 -0.006689 -0.099090 -0.005102 0.774019 -0.424149 -0.118100 0.310166 0.470245 1.232998 4.807946 1.036134 -0.023329 0.322716 0.340940 -0.104843 -0.099947 -0.009713 -3.812052 -0.732367 -5.655622 -3.564788 -3.039267 -0.007398 -0.006141 -9999.0 -9999.0 -9999.0 -9999.0 -9999.0 -9999.0
-9999.0 -9999.0 -9999.0 -9999.0 -9999.0 -9999.0 -9999.0 -9999.0 -9999.0 0.224328 1.111827 -0.035494 -0.015694 -0.164211 -0.031598 -0.020080 -0.032196 3.347608 3.253557 3.883547 5.318954 0.675027 0.401870 1.044076 0.064345 -1.340017 -2.003534 1.083368 -0.051881 -0.008537 0.117589 -1.540284 -0.004854 -0.163943 -0.007624 -0.005518 0.835631 -0.915514 -0.612945 -0.033158 -0.560201 -0.175031 -0.304427 1.716859 1.353996 -0.024716 2.345573 -0.304739 -0.288457 0.164713 -1.235236 -0.103975 -3.768800 -3.613577 -2.524475 -2.931364 -2.017973 -0.047187 -1.306548 -9999.0 -9999.0 -9999.0 -9999.0
-9999.0 -9999.0 -9999.0 -9999.0 -9999.0 -9999.0 -9999.0 -9999.0 -9999.0 0.296606 0.153216 1.213181 1.921043 -0.006059 -0.042657 -0.197886 2.021874 1.076584 3.814127 6.282892 5.904145 5.199851 3.626455 1.598925 -0.950818 -1.068501 -0.131634 -0.011741 0.583820 1.677277 1.334361 -1.915754 0.144520 -0.061296 -0.005085 -0.005050 0.023445 0.542019 0.055483 1.397595 -0.452540 -1.242345 -0.097876 0.825937 2.630890 2.535904 2.351507 0.814615 -0.006952 0.304174 -2.790935 -4.693172 -3.695532 -3.251228 -0.163531 -3.841764 -1.813806 -1.270542 0.042694 -9999.0 -9999.0 -9999.0 -9999.0
-9999.0 -9999.0 -9999.0 -9999.0 -9999.0 -9999.0 -9999.0 -9999.0 -9999.0 -9999.0 0.002132 1.178973 -0.017698 -0.566829 0.156109 -0.031102 -0.007139 2.345719 4.591534 4.981846 6.029676 2.398626 -0.012665 -0.104393 -0.796783 -0.024393 0.246243 1.103369 1.173162 -1.476918 -1.822727 -2.670466 -3.022834 -0.011673 0.562062 1.371732 1.059665 1.296841 0.039025 0.027072 -0.007230 1.036069 1.446469 -0.023540 -0.008238 -0.005964 1.518061 4.021503 3.270604 0.419203 -1.749342 -1.960643 -2.710276 -3.799798 -3.425708 -0.503073 0.009695 -1.519659 -0.025516 -0.015577 -9999.0 -9999.0 -9999.0
-9999.0 -9999.0 -9999.0 -9999.0 -9999.0 -9999.0 -9999.0 -9999.0 -9999.0 -9999.0 -0.006262 0.380814 0.959134 -0.009088 2.645853 0.316177 -0.007139 2.391101 5.055403 5.596261 3.126846 1.254042 -0.017046 -0.045138 -0.022629 0.604068 1.732287 -0.007117 -1.163444 -2.741808 0.012864 0.824327 -3.032164 -0.061909 0.027065 1.423048 -1.483577 -0.034505 -1.321601 -0.010094 0.090350 1.648049 -0.145131 0.892526 1.316500 -0.130056 -0.008340 -0.008736 2.913861 2.906393 0.080528 -1.330320 -3.436784 -1.867677 -4.556083 -3.700754 -1.091908 -0.423495 1.446785 2.019132 -9999.0 -9999.0 -9999.0
-9999.0 -9999.0 -9999.0 -9999.0 -9999.0 -9999.0 -9999.0 -9999.0 0.463080 0.000003 -0.031063 0.535363 -0.884437 -0.096864 -0.037634 1.554800 2.675235 6.024434 5.855471 5.953598 4.846494 3.728621 2.833157 1.115415 0.780338 1.732852 2.668851 -0.676482 -1.025526 -2.653651 -0.353248 0.022284 0.030556 -0.054999 0.191594 0.104895 2.328054 -0.020589 -2.414148 -0.004127 0.314980 1.058016 -2.672277 -0.003570 0.679457 0.950715 -2.237446 -0.113955 -0.007070 2.374179 0.407344 -0.596794 -2.421930 -5.157927 -3.269933 -0.041282 -0.030903 1.241431 0.676657 4.329882 -9999.0 -9999.0 -9999.0
-9999.0 -9999.0 -9999.0 -9999.0 -9999.0 -9999.0 -9999.0 -9999.0 -2.899671 -0.825107 -2.175519 -0.012594 0.147089 -2.017196 -0.805029 -0.006375 1.679692 2.264749 5.223348 6.490011 9.134876 8.218930 7.410790 6.241603 3.095606 3.186960 0.645151 -0.047895 -2.919030 -0.008689 -0.061877 -0.003138 0.303057 0.049191 0.525854 0.870254 3.476406 0.295978 -0.084439 0.726176 0.022260 -0.016239 0.136479 0.821964 0.334902 -0.369082 -3.123288 0.467912 -0.049238 1.470296 1.820418 -0.047186 -3.390925 -0.449078 0.064567 -1.636316 -0.546070 -0.007631 3.185662 5.741560 6.432722 -9999.0 -9999.0
-9999.0 -9999.0 -9999.0 -9999.0 -9999.0 -9999.0 -9999.0 -9999.0 0.019269 -0.000039 -0.002576 -2.990652 0.409802 -2.468331 -0.359718 -0.662582 0.309897 2.871021 5.164125 8.907608 6.951268 8.592379 8.451483 5.515372 6.449099 3.012584 0.191194 -1.114281 -3.472355 0.031601 0.188917 1.058853 -1.419312 -1.104095 1.218977 2.974342 0.038628 1.825673 -0.022697 -0.112126 0.653574 0.297323 0.589683 -0.000127 -0.937431 0.516155 -0.004881 -0.004099 -1.607239 -0.009685 2.655716 0.302069 -2.362024 -3.276546 -0.081914 -0.006879 1.018537 2.540397 5.419352 6.043973 6.361996 -9999.0 -9999.0
-9999.0 -9999.0 -9999.0 -9999.0 -9999.0 -9999.0 -9999.0 -9999.0 -0.406120 0.612699 -0.110431 -3.398829 0.282232 -1.054294 -0.146621 0.076711 3.723722 4.971751 6.513569 5.439188 6.411580 6.853354 8.303516 7.448490 3.408711 0.906051 -0.030399 -1.865948 0.933563 -0.101720 -0.261936 -0.063656 -0.002471 0.001536 -0.041688 2.118064 3.757984 3.869775 0.681009 -0.016782 1.122611 1.281581 1.256971 0.710866 0.133039 0.295919 0.942286 0.588054 0.071275 -0.566827 -0.005997 2.324312 0.343650 -0.052797 0.570776 1.572970 3.547513 4.745984 5.582033 6.111202 5.199175 2.568178 -9999.0
-9999.0 -9999.0 -9999.0 -9999.0 -9999.0 -9999.0 -9999.0 -9999.0 -1.907327 0.236993 -2.099241 -1.459935 -0.252819 -0.133366 1.762450 2.452196 4.200357 2.333153 0.832738 2.660739 4.519354 6.320481 6.463138 6.131698 5.480003 0.189084 -0.973231 -0.023140 0.056320 0.025655 -0.121468 0.254481 2.680133 1.161600 0.596758 1.735953 3.138033 5.815639 5.201853 2.361152 0.862885 0.844554 0.780636 0.082739 -0.402369 1.557392 -0.063477 -0.021064 -0.082569 0.206543 1.797531 1.545887 1.899466 1.645162 2.385847 2.781847 3.532957 4.636395 5.411886 5.284090 4.005483 1.978804 -9999.0
-9999.0 -9999.0 0.514508 0.493309 -3.340805 -1.204757 -2.221816 -1.917333 -0.004590 -0.003583 -0.724482 -0.374625 -0.091197 0.146181 3.289595 1.508999 -0.012446 -1.106335 -0.129282 0.070332 2.526943 5.263689 5.886344 5.891199 4.264592 1.807975 0.088465 0.272624 2.436732 3.218634 -0.011021 0.726559 5.683312 3.213724 4.457866 4.406399 6.847602 8.056544 6.962042 4.290142 4.497961 4.573857 4.064099 3.024737 -0.000571 0.640497 1.632731 1.483739 2.913175 3.892490 4.520161 4.075185 3.258412 2.597605 2.510222 5.522076 3.235958 3.915362 3.806025 3.365545 4.164500 1.189755 -9999.0
-9999.0 -0.155532 -0.253727 -0.557433 -1.097105 -1.126962 -1.821099 -2.369874 -3.350757 -0.011988 -1.519213 -0.739307 -0.003576 2.505107 2.234501 -0.138159 -0.790379 -1.456264 -0.972709 -0.007395 2.306784 4.064234 6.402695 4.751081 6.724419 4.016789 5.016207 5.356035 4.736137 3.576700 3.293573 3.462425 5.195649 8.231261 7.510057 8.776720 10.386364 10.954924 10.583057 8.930504 8.036381 7.902296 7.207032 4.591121 3.302238 3.697240 4.786068 5.706868 6.385029 5.946324 5.051166 4.050269 3.022874 2.169391 2.091597 1.605107 0.626182 0.985054 1.384205 2.399145 0.371114 0.978861 -9999.0
-9999.0 1.918252 -0.012614 -0.018871 0.920259 -0.032202 -2.403905 -2.883037 -0.007493 -0.032072 -2.043144 -1.131347 0.129184 2.335094 -0.057035 -2.356547 -2.199745 -1.752930 -0.214094 -0.010710 2.887101 1.942562 2.934116 3.181819 6.499260 7.381621 5.213229 5.908754 6.140499 6.169786 6.313993 6.081220 7.094184 7.987038 10.879979 11.035119 15.119953 16.136046 13.431750 12.359899 11.658268 10.701403 9.617373 7.852602 7.713574 7.573957 7.667574 7.503124 6.865758 6.050597 4.241234 1.966838 0.759596 1.406489 0.506555 -0.020925 -0.416883 -0.041172 -0.022425 -0.055221 -0.016956 -9999.0 -9999.0
