user2019/resources/simulation/Vinschgau/output-maps/TsL0006N0597.asc
ncols         63
nrows         48
xllcorner     598000.000000
yllcorner     5145000.000000
cellsize      1000.000000
NODATA_value  -9999.0
[rows 0 to 27 of 48, columns 0 to 62 of 63]
-9999.0 -9999.0 -9999.0 -9999.0 -9999.0 -9999.0 -9999.0 -9999.0 -9999.0 -9999.0 -9999.0 -9999.0 -9999.0 -9999.0 -9999.0 -9999.0 -9999.0 -9999.0 -9999.0 -9999.0 -9999.0 -9999.0 -9999.0 -9999.0 -9999.0 -9999.0 -9999.0 -9999.0 -9999.0 -9999.0 -9999.0 -9999.0 -9999.0 -9999.0 -9999.0 -9999.0 -9999.0 -9999.0 -9999.0 -9999.0 -9999.0 -9999.0 -9999.0 -9999.0 -9999.0 -9999.0 -9999.0 -9999.0 -9999.0 -9999.0 -9999.0 -9999.0 -9999.0 -9999.0 -9999.0 -9999.0 -9999.0 -9999.0 -9999.0 -9999.0 -9999.0 -9999.0 -9999.0
-9999.0 -9999.0 -9999.0 -9999.0 -9999.0 -9999.0 -9999.0 -9999.0 -9999.0 -9999.0 -9999.0 -9999.0 -9999.0 -9999.0 -9999.0 -9999.0 -9999.0 -9999.0 -9999.0 -9999.0 -9999.0 -9999.0 -9999.0 -9999.0 -9999.0 -9999.0 -9999.0 9.252217 10.589137 10.239523 9.652752 8.765110 9.084482 -9999.0 -9999.0 -9999.0 -9999.0 -9999.0 -9999.0 -9999.0 -9999.0 -9999.0 -9999.0 -9999.0 -9999.0 -9999.0 -9999.0 -9999.0 -9999.0 -9999.0 -9999.0 -9999.0 -9999.0 -9999.0 -9999.0 -9999.0 -9999.0 -9999.0 -9999.0 -9999.0 -9999.0 -9999.0 -9999.0
-9999.0 -9999.0 -9999.0 -9999.0 -9999.0 -9999.0 -9999.0 -9999.0 -9999.0 -9999.0 -9999.0 -9999.0 -9999.0 -9999.0 -9999.0 -9999.0 -9999.0 -9999.0 -9999.0 -9999.0 -9999.0 -9999.0 -9999.0 -9999.0 10.963869 11.651739 12.076415 11.824477 11.905535 11.503471 9.615103 -9999.0 -9999.0 -9999.0 -9999.0 -9999.0 -9999.0 -9999.0 -9999.0 -9999.0 -9999.0 -9999.0 -9999.0 -9999.0 -9999.0 -9999.0 -9999.0 -9999.0 -9999.0 -9999.0 -9999.0 -9999.0 -9999.0 -9999.0 -9999.0 -9999.0 -9999.0 -9999.0 -9999.0 -9999.0 -9999.0 -9999.0 -9999.0
-9999.0 -9999.0 -9999.0 -9999.0 -9999.0 -9999.0 -9999.0 -9999.0 -9999.0 -9999.0 -9999.0 -9999.0 -9999.0 -9999.0 -9999.0 -9999.0 -9999.0 -9999.0 -9999.0 -9999.0 -9999.0 -9999.0 -9999.0 11.238143 12.191661 12.057561 12.476446 12.537647 12.277292 12.710514 10.401011 9.554084 -9999.0 -9999.0 -9999.0 -9999.0 -9999.0 -9999.0 -9999.0 -9999.0 -9999.0 -9999.0 -9999.0 -9999.0 -9999.0 -9999.0 -9999.0 -9999.0 -9999.0 -9999.0 -9999.0 -9999.0 -9999.0 -9999.0 -9999.0 -9999.0 -9999.0 -9999.0 -9999.0 -9999.0 -9999.0 -9999.0 -9999.0
-9999.0 -9999.0 -9999.0 -9999.0 -9999.0 -9999.0 -9999.0 -9999.0 -9999.0 -9999.0 -9999.0 -9999.0 -9999.0 -9999.0 -9999.0 -9999.0 -9999.0 -9999.0 13.087728 11.602472 -9999.0 11.044012 11.907778 12.003241 12.318355 13.776948 14.768398 14.792466 14.131420 12.499723 11.839313 10.421933 8.929577 8.180155 -9999.0 -9999.0 -9999.0 -9999.0 -9999.0 -9999.0 -9999.0 -9999.0 -9999.0 -9999.0 -9999.0 -9999.0 -9999.0 -9999.0 -9999.0 -9999.0 -9999.0 -9999.0 -9999.0 -9999.0 -9999.0 -9999.0 -9999.0 -9999.0 -9999.0 -9999.0 -9999.0 -9999.0 -9999.0
-9999.0 -9999.0 -9999.0 -9999.0 -9999.0 -9999.0 -9999.0 -9999.0 -9999.0 -9999.0 -9999.0 -9999.0 -9999.0 -9999.0 -9999.0 -9999.0 -9999.0 11.631980 9.897667 9.753136 11.792896 9.542737 10.971382 11.995571 16.780147 9.023546 7.904636 10.146783 8.252921 10.852823 12.896989 11.524124 10.566970 9.785871 8.626287 7.428839 -9999.0 -9999.0 -9999.0 -9999.0 -9999.0 -9999.0 -9999.0 -9999.0 -9999.0 -9999.0 -9999.0 -9999.0 -9999.0 -9999.0 -9999.0 -9999.0 -9999.0 -9999.0 -9999.0 -9999.0 -9999.0 -9999.0 -9999.0 -9999.0 -9999.0 -9999.0 -9999.0
-9999.0 -9999.0 -9999.0 -9999.0 -9999.0 -9999.0 -9999.0 -9999.0 -9999.0 -9999.0 -9999.0 -9999.0 -9999.0 10.560721 10.153256 9.267952 10.699585 19.901729 11.268922 12.067161 11.969954 12.938707 13.984696 16.620065 8.519881 10.936082 6.948159 3.909106 8.899170 9.762336 8.964136 10.603640 10.021008 8.974574 8.263449 7.627289 -9999.0 -9999.0 -9999.0 -9999.0 -9999.0 -9999.0 -9999.0 -9999.0 -9999.0 -9999.0 -9999.0 -9999.0 -9999.0 -9999.0 -9999.0 -9999.0 -9999.0 -9999.0 -9999.0 -9999.0 -9999.0 -9999.0 -9999.0 -9999.0 -9999.0 -9999.0 -9999.0
-9999.0 -9999.0 -9999.0 -9999.0 -9999.0 -9999.0 -9999.0 -9999.0 -9999.0 -9999.0 -9999.0 -9999.0 -9999.0 11.118498 10.695769 9.305298 9.058198 16.594693 20.200231 14.016562 11.292592 14.141053 9.737834 9.335309 11.545393 10.358647 11.237093 8.854694 8.198281 6.952440 3.658731 8.817657 7.824220 7.358626 7.728064 -9999.0 -9999.0 -9999.0 -9999.0 -9999.0 -9999.0 -9999.0 -9999.0 -9999.0 -9999.0 -9999.0 -9999.0 -9999.0 -9999.0 -9999.0 -9999.0 -9999.0 -9999.0 -9999.0 -9999.0 -9999.0 -9999.0 -9999.0 -9999.0 -9999.0 -9999.0 -9999.0 -9999.0
-9999.0 -9999.0 -9999.0 -9999.0 -9999.0 -9999.0 -9999.0 -9999.0 -9999.0 -9999.0 -9999.0 -9999.0 -9999.0 10.367439 11.646682 11.123825 8.368318 9.670732 19.638867 10.850804 13.628983 10.027277 7.152706 7.741494 11.011303 4.075367 10.511523 8.182724 9.831512 7.438134 8.511266 6.900455 6.946577 4.102527 7.137156 -9999.0 -9999.0 -9999.0 -9999.0 -9999.0 -9999.0 -9999.0 -9999.0 -9999.0 -9999.0 -9999.0 -9999.0 -9999.0 -9999.0 -9999.0 -9999.0 -9999.0 -9999.0 -9999.0 -9999.0 -9999.0 -9999.0 -9999.0 -9999.0 -9999.0 -9999.0 -9999.0 -9999.0
-9999.0 -9999.0 -9999.0 -9999.0 -9999.0 -9999.0 -9999.0 -9999.0 -9999.0 -9999.0 -9999.0 -9999.0 9.657718 11.044401 10.530971 8.718690 6.609299 8.619242 16.932028 10.831973 11.120122 8.195603 3.801152 3.007697 8.892847 9.384232 3.463959 9.382918 10.600052 7.972174 7.679622 8.652669 9.234886 7.498095 -9999.0 -9999.0 -9999.0 -9999.0 -9999.0 -9999.0 -9999.0 -9999.0 -9999.0 -9999.0 -9999.0 -9999.0 -9999.0 -9999.0 -9999.0 -9999.0 -9999.0 -9999.0 -9999.0 -9999.0 -9999.0 -9999.0 -9999.0 -9999.0 -9999.0 -9999.0 -9999.0 -9999.0 -9999.0
-9999.0 -9999.0 -9999.0 -9999.0 -9999.0 -9999.0 -9999.0 -9999.0 -9999.0 -9999.0 -9999.0 10.144592 7.822505 8.043523 7.721023 9.709919 6.511441 7.977471 16.896522 10.500772 8.745396 11.123986 11.118194 9.585824 8.197143 10.049604 8.152524 10.495809 10.310435 7.411082 8.415184 10.483692 8.894096 8.677664 8.815181 9.394684 12.087308 13.591373 14.030457 -9999.0 -9999.0 -9999.0 8.474683 -9999.0 -9999.0 -9999.0 -9999.0 -9999.0 -9999.0 -9999.0 -9999.0 -9999.0 -9999.0 -9999.0 -9999.0 -9999.0 -9999.0 -9999.0 -9999.0 -9999.0 -9999.0 -9999.0 -9999.0
-9999.0 -9999.0 -9999.0 -9999.0 -9999.0 -9999.0 -9999.0 -9999.0 -9999.0 -9999.0 -9999.0 9.725688 7.403260 8.113807 7.687434 8.237091 9.238890 9.227626 16.649773 14.074085 14.198823 12.142326 11.258436 0.690938 4.666569 10.067780 10.329931 10.978874 9.961182 8.158576 10.287721 11.248631 10.135989 9.394178 10.409669 12.314126 16.013461 17.008690 13.810792 11.837346 12.117784 10.268923 10.777977 8.822773 -9999.0 -9999.0 -9999.0 8.729156 9.675617 9.039050 9.953022 9.291687 9.187392 9.602253 9.893946 9.136678 -9999.0 -9999.0 -9999.0 -9999.0 -9999.0 -9999.0 -9999.0
-9999.0 -9999.0 -9999.0 -9999.0 -9999.0 -9999.0 -9999.0 -9999.0 -9999.0 -9999.0 -9999.0 10.048439 9.094735 5.774014 10.021443 9.710786 5.902822 6.319450 14.087608 15.713791 7.741497 8.506508 5.150389 11.022910 9.487092 9.544968 2.641486 7.396449 9.011065 9.139288 8.319613 6.989767 11.568077 9.428253 9.159026 14.237865 10.579031 11.728934 17.218270 14.689976 14.562224 11.552706 13.399871 11.302370 9.676126 -9999.0 7.740635 9.513748 10.827599 11.708546 12.146195 11.861551 11.458511 11.142995 10.915529 10.702466 -9999.0 -9999.0 -9999.0 -9999.0 -9999.0 -9999.0 -9999.0
-9999.0 -9999.0 -9999.0 -9999.0 -9999.0 -9999.0 -9999.0 -9999.0 -9999.0 -9999.0 -9999.0 -9999.0 9.725729 4.175305 10.639513 10.434813 4.351454 6.312543 15.296374 15.973815 7.887346 9.074567 8.920616 7.895020 2.632615 2.671082 12.743984 9.992727 9.904956 9.016707 10.521387 2.639580 12.134556 10.517151 10.042966 12.751209 9.126510 11.334587 22.048955 14.559498 17.069184 15.603001 9.531751 14.185424 9.265682 9.823576 9.154158 9.527257 2.977177 9.432086 10.787951 8.558583 9.541111 3.707765 7.357770 10.258518 10.757201 -9999.0 -9999.0 -9999.0 -9999.0 -9999.0 -9999.0
-9999.0 -9999.0 -9999.0 -9999.0 -9999.0 -9999.0 -9999.0 -9999.0 -9999.0 -9999.0 -9999.0 2.963522 8.701463 9.947434 6.283834 6.332513 7.424820 6.508693 15.315691 10.218433 8.455626 7.672554 8.806509 2.799474 2.724407 8.980532 7.979927 9.102882 10.101697 10.119955 2.691479 8.737269 12.772694 9.846937 9.153147 12.006763 12.785297 10.319533 11.990326 19.697860 10.108843 11.414385 11.222577 9.822883 13.271574 10.138448 10.998056 10.722155 11.537123 10.681319 7.154441 9.844306 6.436150 2.686755 4.148039 8.216440 9.770043 -9999.0 -9999.0 -9999.0 -9999.0 -9999.0 -9999.0
-9999.0 -9999.0 -9999.0 -9999.0 -9999.0 -9999.0 -9999.0 -9999.0 -9999.0 -9999.0 10.742440 4.657892 10.653670 10.307516 11.248880 8.029660 7.563885 6.389675 9.678876 10.568854 15.142710 13.524998 6.427207 13.055389 9.578981 8.724528 2.378746 4.864680 11.370816 12.146853 9.266182 8.680465 11.137608 9.257207 8.833555 8.714876 14.084014 9.504187 8.778550 12.965322 12.647871 11.696358 17.891891 10.256984 10.170138 11.820473 11.229128 9.399338 10.393189 10.928875 5.441181 8.726250 2.707250 6.023746 8.551304 11.404440 11.268112 -9999.0 -9999.0 -9999.0 -9999.0 -9999.0 -9999.0
-9999.0 -9999.0 -9999.0 -9999.0 -9999.0 -9999.0 -9999.0 -9999.0 -9999.0 9.081313 10.307531 2.253600 7.909104 6.373470 2.551045 2.359200 4.399121 12.751335 10.025589 11.077424 16.827022 9.063858 7.950622 11.367968 9.990864 5.934791 4.775016 12.269655 9.364209 10.086035 10.901594 2.585211 8.460264 7.756035 8.802397 8.717643 10.782032 7.848423 4.053102 9.462259 9.085490 7.700538 7.590284 10.878382 10.448147 10.494655 15.492146 9.815227 9.837349 11.789866 4.944369 9.619477 5.527053 8.367664 9.163765 7.489737 8.375835 11.043321 10.497254 -9999.0 -9999.0 -9999.0 -9999.0
-9999.0 -9999.0 -9999.0 -9999.0 -9999.0 -9999.0 -9999.0 -9999.0 -9999.0 9.281031 9.167896 10.011993 13.073831 8.695159 7.814918 5.115180 12.193991 9.667735 10.874754 18.201476 18.130079 18.172738 14.757233 13.297738 6.023481 2.572853 8.847041 10.026797 11.721839 13.349914 12.230235 2.965746 10.054139 9.277964 10.191396 11.496936 11.360283 11.320183 10.570392 11.710536 8.022128 2.552234 9.560012 11.143106 11.007710 13.392387 13.229719 12.392538 11.595838 11.693691 6.425145 2.886561 8.849230 9.860965 9.146181 2.565928 4.760576 4.838214 12.017159 -9999.0 -9999.0 -9999.0 -9999.0
-9999.0 -9999.0 -9999.0 -9999.0 -9999.0 -9999.0 -9999.0 -9999.0 -9999.0 -9999.0 9.347658 10.538594 8.008349 7.616164 9.600369 8.795508 9.029177 10.774990 11.825039 13.939180 17.206664 9.940967 7.357428 6.491908 2.550675 9.856382 11.590137 12.268399 12.305636 1.422803 2.793959 7.754116 2.636427 9.003669 10.902206 12.251989 13.937760 12.720600 11.710820 9.442023 8.766768 12.343720 13.039481 8.854559 8.579847 9.316487 9.890259 15.843562 14.116532 11.849773 7.733695 8.969976 9.896405 9.561342 9.724071 10.132379 11.667740 11.885533 12.286770 12.289541 -9999.0 -9999.0 -9999.0
-9999.0 -9999.0 -9999.0 -9999.0 -9999.0 -9999.0 -9999.0 -9999.0 -9999.0 -9999.0 9.279498 9.971399 10.572271 8.653289 15.897888 8.783187 8.346264 10.319444 12.601688 14.385418 11.240462 9.692155 8.181888 9.371633 10.017070 12.220445 13.124702 8.744569 6.432044 1.930368 9.509914 10.851443 3.062575 8.768663 9.423481 10.686178 9.557675 9.204753 6.920122 8.973745 10.189058 11.422407 0.191914 10.591397 11.786219 7.631140 9.725334 9.203995 11.440465 14.235165 12.209165 0.236905 7.759216 10.295269 9.774547 9.987677 9.783634 10.537582 12.861153 14.828348 -9999.0 -9999.0 -9999.0
-9999.0 -9999.0 -9999.0 -9999.0 -9999.0 -9999.0 -9999.0 -9999.0 11.394716 10.528591 9.606153 10.201407 3.350423 3.582367 7.162681 10.151912 11.050520 18.651570 14.897458 14.943283 12.940669 12.136996 11.169321 9.344326 11.508336 11.850114 15.146890 7.290238 2.471641 2.329662 7.747231 9.450750 10.006911 9.289302 9.902704 8.820866 12.164854 9.425347 5.086451 9.380765 9.033035 10.681867 6.196409 8.348272 11.112340 12.981023 3.644485 9.098637 9.776064 13.897307 12.749966 9.522721 8.821647 3.670736 10.551407 12.104794 11.751211 15.333398 13.695932 14.446562 -9999.0 -9999.0 -9999.0
-9999.0 -9999.0 -9999.0 -9999.0 -9999.0 -9999.0 -9999.0 -9999.0 2.848076 2.880286 2.690979 9.081858 9.738619 2.594684 6.827868 8.307976 10.072374 10.568209 13.331575 15.567856 22.455677 20.698210 19.117604 18.208079 11.779484 11.980272 9.725531 9.250438 4.838528 10.440296 9.975900 9.573091 10.538020 9.278488 10.688914 11.306712 13.871645 10.248306 3.397310 10.548242 9.397191 7.371517 8.701906 11.154509 12.955066 7.924719 6.558873 10.857797 10.043261 11.701809 14.728156 11.911450 4.235370 12.298943 14.183361 11.356311 11.776724 12.913973 15.605472 17.608849 18.158924 -9999.0 -9999.0
-9999.0 -9999.0 -9999.0 -9999.0 -9999.0 -9999.0 -9999.0 -9999.0 9.388583 11.559167 11.164502 3.875065 11.406450 2.940885 3.008284 7.288218 9.656200 13.152012 13.662621 21.672975 16.290802 21.145085 21.106036 15.440112 19.852324 11.272387 8.909253 6.500838 3.328294 11.141138 9.908677 11.946206 6.800391 7.088725 11.458657 13.427824 1.188455 10.048668 2.811845 7.584501 10.182743 9.216417 10.536574 11.176323 7.074796 10.897386 11.082683 11.329311 7.857755 10.412822 13.676788 13.821494 9.347035 8.878155 13.228494 13.998051 15.049397 16.084441 17.557572 17.589075 17.794502 -9999.0 -9999.0
-9999.0 -9999.0 -9999.0 -9999.0 -9999.0 -9999.0 -9999.0 -9999.0 7.683741 10.866310 9.380738 3.568160 11.684156 8.742923 8.121054 9.498141 12.514473 14.081168 16.638775 13.795018 15.762857 16.435264 21.439530 21.018118 12.453707 9.967472 7.652981 2.314273 12.561644 9.082488 3.260332 8.789718 9.800450 10.090134 3.699131 13.164667 14.344248 10.919316 0.390169 8.198229 10.673941 11.146887 11.365277 11.037736 11.507389 10.241803 12.056287 11.899967 13.166822 11.067410 11.743572 14.577002 14.794979 14.155347 15.775806 16.184351 16.893132 15.447800 16.427672 17.672541 16.358744 13.113845 -9999.0
-9999.0 -9999.0 -9999.0 -9999.0 -9999.0 -9999.0 -9999.0 -9999.0 9.542006 10.720745 0.216595 7.642814 8.767700 9.461310 15.867001 14.029124 15.969151 11.154935 9.834792 11.447487 13.372532 16.237330 16.584166 16.622315 18.950126 9.932648 7.567640 9.855306 10.719630 10.616440 7.258223 10.261297 11.642339 10.730668 0.232562 0.245045 11.271119 12.215548 11.313318 10.965298 9.902031 0.422905 10.529083 10.012647 7.988844 13.008748 10.031336 11.190679 11.272811 13.489869 15.261242 14.499085 15.220742 17.320186 17.338353 17.284790 17.835208 17.714627 17.362848 16.431101 14.016128 12.196243 -9999.0
-9999.0 -9999.0 10.395764 11.268867 6.838798 4.956940 8.175412 6.876667 10.685758 10.492455 0.225769 9.582896 9.884725 12.735635 18.717850 12.821560 9.160922 7.271147 8.987096 9.667156 11.835362 14.587911 16.092180 15.347446 15.123251 11.666424 10.067306 9.872496 11.214536 15.376514 8.509044 8.686832 15.470159 10.061574 12.631217 10.773382 14.116165 13.730640 12.390214 10.441542 12.362008 12.559271 10.787125 12.053090 8.645245 10.916196 12.497004 11.003191 14.533741 16.122273 17.405298 17.923946 17.858722 17.919873 17.785986 22.704384 16.638893 16.680556 15.637547 13.646377 17.016790 11.156080 -9999.0
-9999.0 8.368497 8.205423 8.071048 7.369170 8.386536 7.930155 2.626218 2.843585 9.875121 3.933589 8.695106 10.996385 16.814692 17.081580 9.249763 9.081282 2.657423 8.754248 9.802511 12.364901 13.712013 19.785111 14.841343 21.263310 15.517576 19.643530 19.616870 14.801321 13.743749 13.729836 13.152080 12.928020 17.367142 14.684847 16.097785 17.056932 15.789657 16.544799 15.490570 15.110383 14.930118 14.405490 11.349145 11.296624 12.038908 14.941040 14.492428 17.235441 16.309239 17.131284 16.977981 16.342660 16.339446 16.314030 15.551444 13.260639 12.927813 13.649616 15.758907 10.706400 10.735992 -9999.0
-9999.0 12.007137 9.116987 9.350661 13.798425 9.085387 5.436405 3.877795 10.707657 10.397647 8.007950 8.574303 11.167581 17.329500 10.062825 7.378017 2.973569 2.715968 10.220708 9.457344 15.120554 12.735694 14.233361 16.081938 22.087985 22.884041 15.130221 16.571510 15.950005 14.903661 14.987411 14.415822 14.299555 15.550726 20.544069 17.532177 24.503136 25.172177 18.561198 18.571617 18.026716 16.682872 15.825124 14.874819 15.469379 15.808215 17.344689 17.471503 16.549719 16.635255 15.241040 13.671362 13.135251 14.056362 13.380538 11.834894 11.878238 10.811349 10.346328 9.486158 9.390752 -9999.0 -9999.0
