user2019/resources/simulation/Vinschgau/output-maps/TsL0005N0227.asc
ncols         63
nrows         48
xllcorner     598000.000000
yllcorner     5145000.000000
cellsize      1000.000000
NODATA_value  -9999.0
[rows 0 to 27 of 48, columns 0 to 61 of 63]
-9999.0 -9999.0 -9999.0 -9999.0 -9999.0 -9999.0 -9999.0 -9999.0 -9999.0 -9999.0 -9999.0 -9999.0 -9999.0 -9999.0 -9999.0 -9999.0 -9999.0 -9999.0 -9999.0 -9999.0 -9999.0 -9999.0 -9999.0 -9999.0 -9999.0 -9999.0 -9999.0 -9999.0 -9999.0 -9999.0 -9999.0 -9999.0 -9999.0 -9999.0 -9999.0 -9999.0 -9999.0 -9999.0 -9999.0 -9999.0 -9999.0 -9999.0 -9999.0 -9999.0 -9999.0 -9999.0 -9999.0 -9999.0 -9999.0 -9999.0 -9999.0 -9999.0 -9999.0 -9999.0 -9999.0 -9999.0 -9999.0 -9999.0 -9999.0 -9999.0 -9999.0 -9999.0
-9999.0 -9999.0 -9999.0 -9999.0 -9999.0 -9999.0 -9999.0 -9999.0 -9999.0 -9999.0 -9999.0 -9999.0 -9999.0 -9999.0 -9999.0 -9999.0 -9999.0 -9999.0 -9999.0 -9999.0 -9999.0 -9999.0 -9999.0 -9999.0 -9999.0 -9999.0 -9999.0 -6.536683 -6.831783 -7.029843 -6.984561 -7.966806 -8.045384 -9999.0 -9999.0 -9999.0 -9999.0 -9999.0 -9999.0 -9999.0 -9999.0 -9999.0 -9999.0 -9999.0 -9999.0 -9999.0 -9999.0 -9999.0 -9999.0 -9999.0 -9999.0 -9999.0 -9999.0 -9999.0 -9999.0 -9999.0 -9999.0 -9999.0 -9999.0 -9999.0 -9999.0 -9999.0
-9999.0 -9999.0 -9999.0 -9999.0 -9999.0 -9999.0 -9999.0 -9999.0 -9999.0 -9999.0 -9999.0 -9999.0 -9999.0 -9999.0 -9999.0 -9999.0 -9999.0 -9999.0 -9999.0 -9999.0 -9999.0 -9999.0 -9999.0 -9999.0 -4.277493 -5.634127 -5.524062 -6.310006 -5.811413 -6.574549 -7.114896 -9999.0 -9999.0 -9999.0 -9999.0 -9999.0 -9999.0 -9999.0 -9999.0 -9999.0 -9999.0 -9999.0 -9999.0 -9999.0 -9999.0 -9999.0 -9999.0 -9999.0 -9999.0 -9999.0 -9999.0 -9999.0 -9999.0 -9999.0 -9999.0 -9999.0 -9999.0 -9999.0 -9999.0 -9999.0 -9999.0 -9999.0
-9999.0 -9999.0 -9999.0 -9999.0 -9999.0 -9999.0 -9999.0 -9999.0 -9999.0 -9999.0 -9999.0 -9999.0 -9999.0 -9999.0 -9999.0 -9999.0 -9999.0 -9999.0 -9999.0 -9999.0 -9999.0 -9999.0 -9999.0 -5.034074 -3.920078 -0.121318 -0.527023 -1.620676 -2.853335 -6.769033 -7.473006 -6.303943 -9999.0 -9999.0 -9999.0 -9999.0 -9999.0 -9999.0 -9999.0 -9999.0 -9999.0 -9999.0 -9999.0 -9999.0 -9999.0 -9999.0 -9999.0 -9999.0 -9999.0 -9999.0 -9999.0 -9999.0 -9999.0 -9999.0 -9999.0 -9999.0 -9999.0 -9999.0 -9999.0 -9999.0 -9999.0 -9999.0
-9999.0 -9999.0 -9999.0 -9999.0 -9999.0 -9999.0 -9999.0 -9999.0 -9999.0 -9999.0 -9999.0 -9999.0 -9999.0 -9999.0 -9999.0 -9999.0 -9999.0 -9999.0 -0.137116 -0.317999 -9999.0 -4.457628 -4.238177 -0.345506 -1.261749 -4.159463 -4.404062 -4.381954 -3.245317 -2.702183 -6.390666 -7.280595 -7.994616 -8.920566 -9999.0 -9999.0 -9999.0 -9999.0 -9999.0 -9999.0 -9999.0 -9999.0 -9999.0 -9999.0 -9999.0 -9999.0 -9999.0 -9999.0 -9999.0 -9999.0 -9999.0 -9999.0 -9999.0 -9999.0 -9999.0 -9999.0 -9999.0 -9999.0 -9999.0 -9999.0 -9999.0 -9999.0
-9999.0 -9999.0 -9999.0 -9999.0 -9999.0 -9999.0 -9999.0 -9999.0 -9999.0 -9999.0 -9999.0 -9999.0 -9999.0 -9999.0 -9999.0 -9999.0 -9999.0 -0.049832 -3.354144 -2.826636 -5.030572 -0.902094 -1.435081 -3.189869 -2.759834 -5.958473 -5.875828 -4.507246 -5.945776 -4.744984 -3.483660 -6.827983 -5.736021 -7.867124 -8.160887 -8.963983 -9999.0 -9999.0 -9999.0 -9999.0 -9999.0 -9999.0 -9999.0 -9999.0 -9999.0 -9999.0 -9999.0 -9999.0 -9999.0 -9999.0 -9999.0 -9999.0 -9999.0 -9999.0 -9999.0 -9999.0 -9999.0 -9999.0 -9999.0 -9999.0 -9999.0 -9999.0
-9999.0 -9999.0 -9999.0 -9999.0 -9999.0 -9999.0 -9999.0 -9999.0 -9999.0 -9999.0 -9999.0 -9999.0 -9999.0 -4.808072 -1.189070 -2.644805 -2.405512 -2.684475 -0.094972 -2.633398 -2.821118 -2.017717 -3.690388 -3.236992 -6.182815 -6.042290 -6.912859 -6.053161 -6.818594 -5.057042 -5.478365 -6.850505 -7.388570 -9.331002 -9.384931 -9.771110 -9999.0 -9999.0 -9999.0 -9999.0 -9999.0 -9999.0 -9999.0 -9999.0 -9999.0 -9999.0 -9999.0 -9999.0 -9999.0 -9999.0 -9999.0 -9999.0 -9999.0 -9999.0 -9999.0 -9999.0 -9999.0 -9999.0 -9999.0 -9999.0 -9999.0 -9999.0
-9999.0 -9999.0 -9999.0 -9999.0 -9999.0 -9999.0 -9999.0 -9999.0 -9999.0 -9999.0 -9999.0 -9999.0 -9999.0 -2.380479 -0.209597 -0.471917 -1.112173 -0.661775 -2.760494 -1.866501 -0.630434 -6.166996 -3.994176 -5.082978 -4.333844 -5.624389 -6.730831 -8.010349 -8.439887 -7.040094 -5.745775 -9.107286 -9.210946 -10.012409 -10.071380 -9999.0 -9999.0 -9999.0 -9999.0 -9999.0 -9999.0 -9999.0 -9999.0 -9999.0 -9999.0 -9999.0 -9999.0 -9999.0 -9999.0 -9999.0 -9999.0 -9999.0 -9999.0 -9999.0 -9999.0 -9999.0 -9999.0 -9999.0 -9999.0 -9999.0 -9999.0 -9999.0
-9999.0 -9999.0 -9999.0 -9999.0 -9999.0 -9999.0 -9999.0 -9999.0 -9999.0 -9999.0 -9999.0 -9999.0 -9999.0 -0.696891 -0.472460 -0.342462 -1.126152 -2.059876 -2.720490 -0.160363 -1.686340 -6.783862 -5.129139 -4.775455 -3.544064 -2.030968 -6.419371 -8.188507 -6.681841 -8.955172 -8.699933 -10.170891 -9.910173 -10.582769 -10.118184 -9999.0 -9999.0 -9999.0 -9999.0 -9999.0 -9999.0 -9999.0 -9999.0 -9999.0 -9999.0 -9999.0 -9999.0 -9999.0 -9999.0 -9999.0 -9999.0 -9999.0 -9999.0 -9999.0 -9999.0 -9999.0 -9999.0 -9999.0 -9999.0 -9999.0 -9999.0 -9999.0
-9999.0 -9999.0 -9999.0 -9999.0 -9999.0 -9999.0 -9999.0 -9999.0 -9999.0 -9999.0 -9999.0 -9999.0 -2.475935 -0.312525 -0.375054 -5.723227 -1.396069 -1.311761 -1.102309 -2.836780 -3.625958 -5.389712 -5.315547 -4.508143 -1.624165 -7.611203 -4.604492 -5.915736 -6.388059 -8.432057 -8.963212 -8.117019 -8.283102 -9.763502 -9999.0 -9999.0 -9999.0 -9999.0 -9999.0 -9999.0 -9999.0 -9999.0 -9999.0 -9999.0 -9999.0 -9999.0 -9999.0 -9999.0 -9999.0 -9999.0 -9999.0 -9999.0 -9999.0 -9999.0 -9999.0 -9999.0 -9999.0 -9999.0 -9999.0 -9999.0 -9999.0 -9999.0
-9999.0 -9999.0 -9999.0 -9999.0 -9999.0 -9999.0 -9999.0 -9999.0 -9999.0 -9999.0 -9999.0 -3.178646 -4.343978 -0.142563 -5.335410 -4.977703 -6.616166 -1.697832 -0.938341 -2.690708 -3.179146 -0.313872 -5.178637 -6.594820 -5.392073 -5.858013 -8.222058 -5.901213 -6.022502 -8.950696 -7.408652 -7.221028 -8.505041 -10.083062 -10.509805 -10.547178 -10.329179 -9.542443 -8.836024 -9999.0 -9999.0 -9999.0 -10.588572 -9999.0 -9999.0 -9999.0 -9999.0 -9999.0 -9999.0 -9999.0 -9999.0 -9999.0 -9999.0 -9999.0 -9999.0 -9999.0 -9999.0 -9999.0 -9999.0 -9999.0 -9999.0 -9999.0
-9999.0 -9999.0 -9999.0 -9999.0 -9999.0 -9999.0 -9999.0 -9999.0 -9999.0 -9999.0 -9999.0 -4.776004 -3.888439 -2.881818 -2.449392 -5.900518 -2.518398 -2.808921 -0.911400 -0.895774 -0.891402 -0.265166 -4.431922 -5.286661 -5.330333 -6.456381 -6.218870 -5.765499 -6.282942 -8.444077 -7.304777 -7.533053 -8.531903 -8.940864 -11.169665 -9.821361 -1.521489 -0.041083 -0.142783 -10.813460 -10.612606 -12.076740 -8.645969 -9.384691 -9999.0 -9999.0 -9999.0 -0.555500 -2.511145 -3.628778 -1.321699 -2.472356 -2.194955 -0.192865 -0.149098 -1.789326 -9999.0 -9999.0 -9999.0 -9999.0 -9999.0 -9999.0
-9999.0 -9999.0 -9999.0 -9999.0 -9999.0 -9999.0 -9999.0 -9999.0 -9999.0 -9999.0 -9999.0 -4.147283 -4.549508 -6.249686 -1.640325 -5.714747 -3.261437 -3.217686 -2.347689 -1.015275 -1.164041 -2.143454 -2.186305 -4.519056 -6.665457 -6.480197 -3.775950 -6.164829 -7.586469 -6.946753 -8.310169 -7.753270 -7.115842 -9.801692 -11.018694 -8.696663 -0.956415 -1.105706 -0.010605 -0.028694 -6.338155 -10.051793 -7.029623 -7.598609 -7.565947 -9999.0 -6.436443 -3.637352 -2.259902 -0.706546 -0.898288 -1.752362 -0.677394 -0.059365 -0.416671 -0.161202 -9999.0 -9999.0 -9999.0 -9999.0 -9999.0 -9999.0
-9999.0 -9999.0 -9999.0 -9999.0 -9999.0 -9999.0 -9999.0 -9999.0 -9999.0 -9999.0 -9999.0 -9999.0 -3.890330 -1.651777 -1.095367 -2.338460 -4.039149 -3.572185 -1.758073 -1.035207 -3.124783 -1.536699 -1.276444 -1.961796 -5.989140 -3.911297 -0.308962 -7.030756 -6.759060 -6.498429 -6.896655 -7.074676 -7.741463 -9.061604 -10.952742 -11.134665 -2.819851 -1.289152 -0.009665 -0.547997 -6.036664 -6.214667 -5.107223 -3.723610 -7.686718 -5.954758 -5.588556 -3.853893 -4.480811 -2.894302 -0.154640 -1.609456 -0.093167 -0.445652 -1.976674 -1.809914 -1.125646 -9999.0 -9999.0 -9999.0 -9999.0 -9999.0
-9999.0 -9999.0 -9999.0 -9999.0 -9999.0 -9999.0 -9999.0 -9999.0 -9999.0 -9999.0 -9999.0 -1.484328 -4.801962 -5.163607 -1.809448 -1.682172 -2.004721 -4.733155 -1.746067 -0.023737 -3.284791 -1.282990 -2.580591 -5.035726 -3.885276 -0.708725 -2.036654 -7.182519 -6.326991 -6.595896 -4.001990 -5.126530 -4.853548 -8.612710 -11.300495 -11.279377 -12.686493 -2.045236 -0.726400 -0.009757 -2.457373 -0.338921 -0.813485 -4.300280 -3.568263 -5.862356 -4.569316 -5.148262 -4.172997 -4.329374 -5.236740 -4.827597 -3.549199 -5.625947 -4.564466 -5.190228 -1.448921 -9999.0 -9999.0 -9999.0 -9999.0 -9999.0
-9999.0 -9999.0 -9999.0 -9999.0 -9999.0 -9999.0 -9999.0 -9999.0 -9999.0 -9999.0 -1.605063 -2.447703 -1.026897 -4.603042 -1.074437 -0.739230 -5.284278 -4.371177 -1.931421 -0.149318 -1.775045 -0.101989 -1.848612 -0.201861 -1.538093 -1.492235 -6.190271 -7.112027 -3.924255 -2.284866 -2.905905 -6.181448 -7.059119 -8.606117 -11.140867 -10.845088 -8.855609 -1.831333 -0.534542 -0.263165 -0.090238 -3.545808 -5.134341 -0.180956 -3.627313 -6.631472 -4.470506 -2.719371 -2.814080 -2.670860 -4.993314 -5.375044 -5.219769 -5.423309 -5.006463 -0.503576 -0.458526 -9999.0 -9999.0 -9999.0 -9999.0 -9999.0
-9999.0 -9999.0 -9999.0 -9999.0 -9999.0 -9999.0 -9999.0 -9999.0 -9999.0 -5.044349 -1.581335 -1.572948 -0.745074 -2.939723 -0.488891 -4.680724 -4.717019 -0.253497 -3.219339 -0.015726 -1.393685 -3.428338 -3.351889 -3.609065 -1.580462 -6.315992 -5.273037 -1.312735 -3.018122 -3.128875 -3.842122 -7.174646 -8.892290 -9.849434 -9.583157 -9.990113 -9.680558 -9.506877 -9.822979 -7.752134 -0.318950 -7.911183 -7.729957 -0.166991 -0.604388 -3.813673 -2.904335 -2.291347 -4.129468 -2.565941 -3.670136 -2.928084 -5.836737 -4.265236 -2.566084 -1.397697 -0.501578 -1.094420 -1.138839 -9999.0 -9999.0 -9999.0
-9999.0 -9999.0 -9999.0 -9999.0 -9999.0 -9999.0 -9999.0 -9999.0 -9999.0 -5.160269 -4.813319 -5.004250 -1.099891 -0.668530 -0.387617 -2.041407 -0.090376 -2.056814 -0.512869 -0.072116 -0.065525 -0.009348 -1.350966 -0.816619 -5.986906 -3.244164 -1.877534 -2.910388 -3.698042 -3.960590 -6.061369 -6.520718 -7.388283 -6.829380 -7.878712 -7.699934 -8.718421 -8.022224 -9.764175 -8.277926 -5.816563 -8.183831 -3.264254 -4.993106 -0.052578 -0.129605 -0.133763 -3.703380 -3.030097 -2.572179 -4.451454 -3.891101 -4.275536 -3.618081 -5.124451 -0.605327 -1.158122 -0.217666 -0.917564 -9999.0 -9999.0 -9999.0
-9999.0 -9999.0 -9999.0 -9999.0 -9999.0 -9999.0 -9999.0 -9999.0 -9999.0 -9999.0 -4.799578 -4.880537 -4.325999 -2.056496 -1.706368 -0.208144 -0.196978 -2.622584 -0.008568 -0.021407 -1.352538 -3.223496 -1.297701 -3.579445 -3.854730 -2.888001 -2.547268 -0.173702 -5.650760 -6.200824 -6.737890 -2.796560 -7.214739 -7.645947 -6.641437 -4.514674 -4.045165 -5.047335 -8.333228 -8.911208 -9.041250 -5.722960 -6.184681 -5.846275 -7.094523 -7.542587 -5.665234 -0.484288 -0.114863 -3.600347 -2.186352 -2.997650 -2.479783 -3.993801 -2.313675 -4.160625 -1.506845 -0.864580 -1.185022 -0.109649 -9999.0 -9999.0
-9999.0 -9999.0 -9999.0 -9999.0 -9999.0 -9999.0 -9999.0 -9999.0 -9999.0 -9999.0 -4.796123 -4.797764 -3.668137 -1.489157 -1.861218 -3.177440 -2.356925 -3.292828 -0.006167 -0.012105 -0.224355 -4.032573 -3.586371 -1.999181 -2.208459 -0.378820 -0.123067 -4.045432 -5.744188 -7.571390 -7.134951 -4.631197 -6.929203 -7.434237 -7.424069 -6.912285 -3.624041 -4.444685 -7.177315 -7.401306 -5.527011 -5.860148 -5.102765 -6.517239 -1.706019 -4.840875 -3.427384 -6.285808 -0.138701 -1.388875 -3.344851 -2.318896 -1.401961 -2.256762 -3.350513 -1.768201 -4.189884 -1.277473 -0.347950 -0.140414 -9999.0 -9999.0
-9999.0 -9999.0 -9999.0 -9999.0 -9999.0 -9999.0 -9999.0 -9999.0 -0.287072 -2.011714 -5.403941 -3.803163 -4.248485 -4.343606 -2.037984 -0.116599 -0.396449 -0.007907 -0.008605 -0.007529 -0.005537 -0.011149 -0.153767 -4.337908 -3.924081 -0.007041 -1.040271 -5.904532 -4.861332 -6.327786 -8.378322 -6.918975 -6.117937 -5.994425 -5.106130 -7.905515 -4.588967 -3.896315 -7.163678 -6.024454 -6.766630 -6.073721 -7.197693 -7.538628 -4.746700 -1.525285 -5.768293 -1.558987 -5.737095 -0.090708 -2.925638 -1.626558 -1.337547 -2.867426 -1.970404 -0.914838 -1.195162 -0.059732 -2.509652 -0.016948 -9999.0 -9999.0
-9999.0 -9999.0 -9999.0 -9999.0 -9999.0 -9999.0 -9999.0 -9999.0 -5.282901 -0.279981 -5.148405 -6.137541 -5.265775 -3.830841 -2.023342 -3.686767 -0.447772 -2.151969 -0.004613 -0.004147 1.130438 -0.001062 -0.005325 -0.009683 -0.022328 -0.006728 -1.545363 -4.514465 -6.877987 -5.031752 -4.981837 -5.705606 -4.368009 -5.334705 -2.345917 -2.748135 -3.791392 -2.430124 -5.628372 -4.100122 -5.923509 -7.978168 -6.801796 -2.739490 -2.237062 -2.264736 -5.924062 -5.295750 -4.504076 -2.595555 -1.539355 -1.097175 -1.282300 -0.413914 -1.663468 -1.830583 -1.197302 -2.691495 -0.117465 -0.003850 -0.002531 -9999.0
-9999.0 -9999.0 -9999.0 -9999.0 -9999.0 -9999.0 -9999.0 -9999.0 -5.187119 -4.340801 -0.241909 -5.529211 -3.449649 -6.046683 -0.138751 -2.174611 -2.040352 -2.285814 -0.003632 -0.005453 -0.001941 -0.004099 -0.001508 -0.007709 -0.002212 -3.146377 -3.204490 -5.348121 -6.950591 -5.220563 -5.677756 -2.687117 -5.142961 -5.483901 -1.465667 -0.746608 -3.998607 -3.103978 -5.171421 -4.516454 -4.063313 -4.438974 -1.661125 -3.696889 -4.126970 -4.399204 -3.382500 -1.473269 -3.076185 -5.331713 -0.054120 -2.747425 -1.759499 -3.748431 -4.021089 -3.797782 -0.285890 -0.118836 -0.023377 -0.008777 -0.003671 -9999.0
-9999.0 -9999.0 -9999.0 -9999.0 -9999.0 -9999.0 -9999.0 -9999.0 -7.226439 -4.349114 -0.074483 -5.224025 -0.258068 -0.072549 -1.701221 -1.532251 -0.009633 -0.003001 -0.063820 -0.002958 -0.009798 -0.002461 0.092334 -0.003873 -2.244084 -0.582315 -1.232212 -3.931436 -0.183109 -1.478085 -3.738066 -4.061886 -2.523408 -1.820792 -5.071932 -4.138459 -3.970176 -2.401902 -3.060707 -4.817954 -2.996965 -1.776507 -1.507813 -4.948773 -1.547444 -3.438081 -1.197280 -3.514659 -1.045780 -2.276683 -2.046246 -0.125089 -0.530828 -2.629597 -0.522408 -0.294349 -0.137803 -0.006596 1.834275 -0.004177 -0.041283 -0.071454
-9999.0 -9999.0 -9999.0 -9999.0 -9999.0 -9999.0 -9999.0 -9999.0 -4.562252 -2.762523 -0.147981 -0.148079 -1.167806 -3.011118 -2.669912 -0.209472 -0.698261 -4.961101 -3.237838 -3.206296 -0.006818 -0.006028 -0.004605 -0.007200 -3.124568 -2.465403 -1.806118 -0.406844 -3.460015 -2.715899 -3.242461 -0.213861 -2.937018 -0.665513 -2.142321 -1.884216 -1.571532 -2.204871 -2.730311 -1.595577 -1.947348 -1.788507 -1.701429 -1.803390 -4.567158 -1.409921 -2.033306 -2.574695 -2.155518 -3.306434 -0.507840 -0.223783 -0.134982 -0.259996 -0.245650 -0.067324 -0.036972 -0.034446 -0.044342 -0.074203 -1.065990 -0.069655
-9999.0 -9999.0 -4.586345 -2.701972 -3.337289 -3.688508 -1.812527 -4.054913 -3.537799 -2.162536 -2.970901 -0.944481 -1.686892 -1.601009 -0.264177 -0.182655 -5.682566 -4.499180 -4.039473 -1.303331 -2.438725 -0.002537 -0.007318 -0.008651 -0.018208 -0.534537 -3.876124 -3.876089 -0.300381 -2.875261 -1.484681 -0.258814 -1.309660 -3.468620 -2.530377 -3.269615 -0.830634 -0.782976 -2.596674 -2.066425 -2.463456 -3.139561 -3.028692 -2.908235 -1.790190 -1.864898 -2.069447 -0.899847 -0.165019 -0.134812 -0.136929 -0.052684 -0.036831 -0.039370 -0.062443 -0.055519 -0.078184 -0.162473 -1.795379 -1.683796 -0.050063 -0.046270
-9999.0 -0.383326 -0.380025 -0.336534 -1.844074 -0.243726 -3.216983 -3.699015 -3.913000 -4.296249 -3.132645 -0.430572 -0.695691 -0.528899 -0.059975 -0.657613 -3.833339 -3.584261 -0.238221 -1.734852 -3.126845 -0.006351 -0.049226 -0.002820 -0.023937 -0.036546 -0.004325 -0.004310 -0.169273 -0.184131 -0.160067 -2.417749 -2.859491 -0.147143 -0.197151 -0.125469 -0.158223 -0.009018 -0.050826 -0.105468 -0.164516 -0.185746 -0.192967 -3.021499 -0.865963 -0.174155 -0.046865 -0.011889 -0.105562 -0.007698 -0.037606 -0.041199 -0.068750 -0.082032 -0.122631 -3.574937 -0.144708 -0.192806 -0.106296 -0.158277 -0.075391 -0.046200
-9999.0 -2.564241 -0.171699 -0.166460 -0.097926 -0.144124 -1.560019 -4.028746 -3.706992 -4.765336 -2.534193 -0.099818 -0.857706 -0.056420 -1.987026 -3.806676 -4.063978 -4.423173 -0.205932 -2.433249 -0.095824 -0.963566 -0.006753 -0.048114 -0.005068 0.205590 -0.001916 -0.005564 -0.007606 -0.001764 -0.002510 -0.005449 -0.161961 -0.049139 -0.010747 -0.010318 -0.001181 4.417601 -0.005267 -0.005833 -0.006547 -0.008305 -0.042386 -0.005628 -0.003841 -0.002487 1.502078 1.163493 -0.034123 -0.035800 -0.154658 -4.811497 -0.263727 -3.434142 -3.628981 -0.479753 -1.164312 -0.544497 -1.358224 -0.150879 -0.121587 -9999.0
