user2019/resources/simulation/Vinschgau/output-maps/TsL0005N0657.asc
ncols         63
nrows         48
xllcorner     598000.000000
yllcorner     5145000.000000
cellsize      1000.000000
NODATA_value  -9999.0
[rows 0 to 27 of 48, columns 0 to 62 of 63]
-9999.0 -9999.0 -9999.0 -9999.0 -9999.0 -9999.0 -9999.0 -9999.0 -9999.0 -9999.0 -9999.0 -9999.0 -9999.0 -9999.0 -9999.0 -9999.0 -9999.0 -9999.0 -9999.0 -9999.0 -9999.0 -9999.0 -9999.0 -9999.0 -9999.0 -9999.0 -9999.0 -9999.0 -9999.0 -9999.0 -9999.0 -9999.0 -9999.0 -9999.0 -9999.0 -9999.0 -9999.0 -9999.0 -9999.0 -9999.0 -9999.0 -9999.0 -9999.0 -9999.0 -9999.0 -9999.0 -9999.0 -9999.0 -9999.0 -9999.0 -9999.0 -9999.0 -9999.0 -9999.0 -9999.0 -9999.0 -9999.0 -9999.0 -9999.0 -9999.0 -9999.0 -9999.0 -9999.0
-9999.0 -9999.0 -9999.0 -9999.0 -9999.0 -9999.0 -9999.0 -9999.0 -9999.0 -9999.0 -9999.0 -9999.0 -9999.0 -9999.0 -9999.0 -9999.0 -9999.0 -9999.0 -9999.0 -9999.0 -9999.0 -9999.0 -9999.0 -9999.0 -9999.0 -9999.0 -9999.0 8.743285 10.215095 9.685601 9.177551 7.895558 8.486632 -9999.0 -9999.0 -9999.0 -9999.0 -9999.0 -9999.0 -9999.0 -9999.0 -9999.0 -9999.0 -9999.0 -9999.0 -9999.0 -9999.0 -9999.0 -9999.0 -9999.0 -9999.0 -9999.0 -9999.0 -9999.0 -9999.0 -9999.0 -9999.0 -9999.0 -9999.0 -9999.0 -9999.0 -9999.0 -9999.0
-9999.0 -9999.0 -9999.0 -9999.0 -9999.0 -9999.0 -9999.0 -9999.0 -9999.0 -9999.0 -9999.0 -9999.0 -9999.0 -9999.0 -9999.0 -9999.0 -9999.0 -9999.0 -9999.0 -9999.0 -9999.0 -9999.0 -9999.0 -9999.0 10.366620 10.919397 11.961281 11.837037 11.283420 11.150992 9.178212 -9999.0 -9999.0 -9999.0 -9999.0 -9999.0 -9999.0 -9999.0 -9999.0 -9999.0 -9999.0 -9999.0 -9999.0 -9999.0 -9999.0 -9999.0 -9999.0 -9999.0 -9999.0 -9999.0 -9999.0 -9999.0 -9999.0 -9999.0 -9999.0 -9999.0 -9999.0 -9999.0 -9999.0 -9999.0 -9999.0 -9999.0 -9999.0
-9999.0 -9999.0 -9999.0 -9999.0 -9999.0 -9999.0 -9999.0 -9999.0 -9999.0 -9999.0 -9999.0 -9999.0 -9999.0 -9999.0 -9999.0 -9999.0 -9999.0 -9999.0 -9999.0 -9999.0 -9999.0 -9999.0 -9999.0 10.735369 11.689747 12.872987 13.371941 13.353163 13.078184 12.870058 10.543990 9.190123 -9999.0 -9999.0 -9999.0 -9999.0 -9999.0 -9999.0 -9999.0 -9999.0 -9999.0 -9999.0 -9999.0 -9999.0 -9999.0 -9999.0 -9999.0 -9999.0 -9999.0 -9999.0 -9999.0 -9999.0 -9999.0 -9999.0 -9999.0 -9999.0 -9999.0 -9999.0 -9999.0 -9999.0 -9999.0 -9999.0 -9999.0
-9999.0 -9999.0 -9999.0 -9999.0 -9999.0 -9999.0 -9999.0 -9999.0 -9999.0 -9999.0 -9999.0 -9999.0 -9999.0 -9999.0 -9999.0 -9999.0 -9999.0 -9999.0 13.040330 12.130141 -9999.0 10.358145 11.178557 12.864161 13.130707 14.660742 13.681722 13.761134 15.732358 13.500560 11.508676 10.109671 8.602010 7.838671 -9999.0 -9999.0 -9999.0 -9999.0 -9999.0 -9999.0 -9999.0 -9999.0 -9999.0 -9999.0 -9999.0 -9999.0 -9999.0 -9999.0 -9999.0 -9999.0 -9999.0 -9999.0 -9999.0 -9999.0 -9999.0 -9999.0 -9999.0 -9999.0 -9999.0 -9999.0 -9999.0 -9999.0 -9999.0
-9999.0 -9999.0 -9999.0 -9999.0 -9999.0 -9999.0 -9999.0 -9999.0 -9999.0 -9999.0 -9999.0 -9999.0 -9999.0 -9999.0 -9999.0 -9999.0 -9999.0 14.030820 11.778848 11.077523 12.770584 10.667685 12.007980 12.622158 16.152961 11.122340 10.070039 11.153436 10.378656 11.694406 12.662913 11.258807 10.251833 9.289763 7.519974 6.187576 -9999.0 -9999.0 -9999.0 -9999.0 -9999.0 -9999.0 -9999.0 -9999.0 -9999.0 -9999.0 -9999.0 -9999.0 -9999.0 -9999.0 -9999.0 -9999.0 -9999.0 -9999.0 -9999.0 -9999.0 -9999.0 -9999.0 -9999.0 -9999.0 -9999.0 -9999.0 -9999.0
-9999.0 -9999.0 -9999.0 -9999.0 -9999.0 -9999.0 -9999.0 -9999.0 -9999.0 -9999.0 -9999.0 -9999.0 -9999.0 9.571699 10.567516 11.671780 13.223101 17.558926 13.557352 13.147076 12.855137 13.836743 14.696920 15.892718 10.422253 10.513643 8.474514 8.861123 10.566111 11.136633 10.153010 10.385863 9.955187 8.591468 7.955831 6.199761 -9999.0 -9999.0 -9999.0 -9999.0 -9999.0 -9999.0 -9999.0 -9999.0 -9999.0 -9999.0 -9999.0 -9999.0 -9999.0 -9999.0 -9999.0 -9999.0 -9999.0 -9999.0 -9999.0 -9999.0 -9999.0 -9999.0 -9999.0 -9999.0 -9999.0 -9999.0 -9999.0
-9999.0 -9999.0 -9999.0 -9999.0 -9999.0 -9999.0 -9999.0 -9999.0 -9999.0 -9999.0 -9999.0 -9999.0 -9999.0 10.361311 11.690469 11.841005 11.650222 13.977812 18.031370 14.791518 13.061511 13.512740 11.409599 11.456843 12.543830 10.213000 11.283521 8.287415 7.229474 8.318982 8.910647 8.326310 7.186115 5.635307 4.865921 -9999.0 -9999.0 -9999.0 -9999.0 -9999.0 -9999.0 -9999.0 -9999.0 -9999.0 -9999.0 -9999.0 -9999.0 -9999.0 -9999.0 -9999.0 -9999.0 -9999.0 -9999.0 -9999.0 -9999.0 -9999.0 -9999.0 -9999.0 -9999.0 -9999.0 -9999.0 -9999.0 -9999.0
-9999.0 -9999.0 -9999.0 -9999.0 -9999.0 -9999.0 -9999.0 -9999.0 -9999.0 -9999.0 -9999.0 -9999.0 -9999.0 11.711189 12.073668 12.422429 10.972677 12.262454 17.893827 12.978842 12.945396 11.830104 9.088841 9.833450 12.148824 10.152730 9.861902 7.226124 9.353152 6.228092 8.263075 4.263710 5.263908 3.280644 5.184979 -9999.0 -9999.0 -9999.0 -9999.0 -9999.0 -9999.0 -9999.0 -9999.0 -9999.0 -9999.0 -9999.0 -9999.0 -9999.0 -9999.0 -9999.0 -9999.0 -9999.0 -9999.0 -9999.0 -9999.0 -9999.0 -9999.0 -9999.0 -9999.0 -9999.0 -9999.0 -9999.0 -9999.0
-9999.0 -9999.0 -9999.0 -9999.0 -9999.0 -9999.0 -9999.0 -9999.0 -9999.0 -9999.0 -9999.0 -9999.0 11.106412 11.622986 11.865613 9.185944 8.379371 11.211648 15.844344 12.091990 12.216720 10.037663 9.340572 9.259801 10.259021 9.415688 8.971724 9.259571 10.763713 7.127080 6.184527 7.763685 9.242028 5.932231 -9999.0 -9999.0 -9999.0 -9999.0 -9999.0 -9999.0 -9999.0 -9999.0 -9999.0 -9999.0 -9999.0 -9999.0 -9999.0 -9999.0 -9999.0 -9999.0 -9999.0 -9999.0 -9999.0 -9999.0 -9999.0 -9999.0 -9999.0 -9999.0 -9999.0 -9999.0 -9999.0 -9999.0 -9999.0
-9999.0 -9999.0 -9999.0 -9999.0 -9999.0 -9999.0 -9999.0 -9999.0 -9999.0 -9999.0 -9999.0 9.343166 9.053266 9.608842 8.568958 8.835773 8.307982 10.434071 15.932735 11.839370 9.728473 11.003565 10.566492 8.783999 9.482298 9.980713 7.977146 9.836705 10.624844 5.904570 7.354246 10.388073 8.576151 7.225326 7.475528 8.750217 11.159866 12.428630 11.861170 -9999.0 -9999.0 -9999.0 7.054415 -9999.0 -9999.0 -9999.0 -9999.0 -9999.0 -9999.0 -9999.0 -9999.0 -9999.0 -9999.0 -9999.0 -9999.0 -9999.0 -9999.0 -9999.0 -9999.0 -9999.0 -9999.0 -9999.0 -9999.0
-9999.0 -9999.0 -9999.0 -9999.0 -9999.0 -9999.0 -9999.0 -9999.0 -9999.0 -9999.0 -9999.0 9.443414 8.860939 9.644654 9.097592 7.723573 10.068337 11.605416 15.659117 13.919277 13.692242 12.092653 10.726638 7.393954 8.100767 9.557623 9.747197 10.618751 9.525527 5.947771 9.886464 11.421174 9.735419 8.581452 8.466027 11.348914 14.288115 15.402405 13.664171 10.886931 10.658673 8.803772 10.145758 8.694779 -9999.0 -9999.0 -9999.0 7.396534 8.133893 8.199658 9.478349 7.892686 7.647456 8.514378 8.600085 6.963414 -9999.0 -9999.0 -9999.0 -9999.0 -9999.0 -9999.0 -9999.0
-9999.0 -9999.0 -9999.0 -9999.0 -9999.0 -9999.0 -9999.0 -9999.0 -9999.0 -9999.0 -9999.0 9.679813 7.920681 7.550773 9.565371 8.805231 7.755876 8.968100 13.617625 15.603540 10.178824 9.993294 8.725525 10.674142 8.925294 9.758073 8.929015 8.717491 8.454796 6.832973 7.447864 8.518074 11.500960 8.818678 7.873408 12.815395 11.423111 12.762682 17.650809 12.780223 13.309752 10.974077 11.839526 11.139577 9.309116 -9999.0 6.022886 8.733806 10.437456 11.633136 11.972278 11.401615 11.603136 11.039058 10.720561 10.215395 -9999.0 -9999.0 -9999.0 -9999.0 -9999.0 -9999.0 -9999.0
-9999.0 -9999.0 -9999.0 -9999.0 -9999.0 -9999.0 -9999.0 -9999.0 -9999.0 -9999.0 -9999.0 -9999.0 8.928101 7.261126 10.749911 9.553552 7.042851 8.834512 14.508211 15.894211 10.204965 10.497999 10.347870 9.409508 7.847401 8.811547 12.886321 9.725515 9.476278 8.073396 9.820194 8.744654 11.172194 9.603035 7.922528 11.045083 9.824846 12.356747 19.917621 15.759477 15.056022 14.176744 10.836946 12.756222 9.453427 9.265136 7.774720 8.854986 8.542704 10.322060 11.703872 9.426961 10.611514 9.032113 8.597443 9.724445 10.025868 -9999.0 -9999.0 -9999.0 -9999.0 -9999.0 -9999.0
-9999.0 -9999.0 -9999.0 -9999.0 -9999.0 -9999.0 -9999.0 -9999.0 -9999.0 -9999.0 -9999.0 7.442035 8.077023 9.018194 8.104510 8.196911 8.912249 9.035734 14.265847 12.506250 10.662305 9.993104 10.137075 9.247722 8.951077 10.087471 9.306317 8.841786 10.038131 9.320727 9.067635 9.782725 12.236629 9.577456 6.038858 10.719662 9.898157 11.143524 13.105496 18.142650 11.315900 12.627746 12.610852 10.995173 13.326587 10.265266 10.958409 10.289775 10.650916 11.469255 8.424631 9.270466 7.742879 6.997139 5.629669 6.722250 9.209665 -9999.0 -9999.0 -9999.0 -9999.0 -9999.0 -9999.0
-9999.0 -9999.0 -9999.0 -9999.0 -9999.0 -9999.0 -9999.0 -9999.0 -9999.0 -9999.0 10.374645 8.330991 10.435752 9.878242 10.495610 9.477632 9.001862 8.847069 12.175210 12.638858 14.542592 13.245463 9.182983 12.541807 10.663084 10.099218 8.318952 7.379570 11.125721 11.675792 10.297120 9.777464 10.834943 8.987398 7.567869 7.705852 12.536142 10.343967 11.320104 14.336067 14.123638 12.995287 15.888624 12.602683 11.018631 12.524825 11.044962 10.466840 11.314677 11.970837 8.213576 7.596874 5.229802 5.563108 6.717767 10.521520 11.051506 -9999.0 -9999.0 -9999.0 -9999.0 -9999.0 -9999.0
-9999.0 -9999.0 -9999.0 -9999.0 -9999.0 -9999.0 -9999.0 -9999.0 -9999.0 8.574166 9.691142 8.281873 9.423729 8.473200 8.841556 8.618929 8.195522 12.154917 11.688091 13.214697 15.255531 11.102969 10.288044 12.559350 11.176599 8.403592 8.825323 11.820460 10.506170 11.005463 12.119046 8.191001 7.702760 4.907303 6.870878 7.728526 9.895934 9.314810 9.334590 10.564515 11.362168 10.058174 9.901528 13.302564 12.495022 11.535401 14.154017 10.879976 10.607551 12.695788 9.955366 8.839935 5.121800 6.015120 7.726340 8.672364 9.680210 10.414025 9.259270 -9999.0 -9999.0 -9999.0 -9999.0
-9999.0 -9999.0 -9999.0 -9999.0 -9999.0 -9999.0 -9999.0 -9999.0 -9999.0 9.185153 8.802185 9.532991 12.654990 10.081418 9.551816 8.938027 11.752694 10.867733 12.056644 17.371194 17.284326 17.295418 14.182801 12.857469 8.675190 9.519771 10.113853 10.973076 12.695840 12.562934 11.860002 7.990102 9.834390 8.927275 9.634187 11.077875 11.012452 10.128713 9.467465 10.910275 9.036026 8.233572 10.707707 12.046991 13.140489 14.523399 14.270343 13.342274 12.408799 12.586544 8.520632 6.281032 7.304695 8.132538 8.319031 7.797807 9.710141 10.691447 11.690391 -9999.0 -9999.0 -9999.0 -9999.0
-9999.0 -9999.0 -9999.0 -9999.0 -9999.0 -9999.0 -9999.0 -9999.0 -9999.0 -9999.0 8.864907 10.071320 9.212040 10.028928 10.774405 10.217414 10.214513 11.891611 13.790917 15.261407 15.342319 11.450626 9.749767 9.255007 9.643726 10.819314 11.938472 13.426270 12.016078 8.251096 7.944502 9.258813 6.772638 8.012915 10.655569 11.779208 12.584393 12.321413 11.472191 8.774335 7.798918 11.394208 12.049374 9.860712 10.460044 10.673485 11.621379 14.603985 15.055013 12.779271 9.557523 9.856870 8.599882 7.262490 7.030395 9.045312 10.611409 12.458593 13.025690 13.015793 -9999.0 -9999.0 -9999.0
-9999.0 -9999.0 -9999.0 -9999.0 -9999.0 -9999.0 -9999.0 -9999.0 -9999.0 -9999.0 8.849568 9.659474 9.986860 9.834324 15.339440 11.064134 10.221876 12.479346 15.178806 15.877286 13.612043 11.567724 10.253606 10.812223 10.650399 12.387175 14.143018 10.691253 8.765946 7.021478 8.805029 10.212708 7.665274 8.049478 8.410123 9.933173 10.487091 10.083094 8.415494 8.562152 9.590513 10.583094 8.068615 9.785499 11.032214 9.618793 10.451823 10.918891 13.015928 14.957731 12.966967 9.547327 8.960962 9.142625 9.025117 8.762414 8.582022 11.037097 14.183452 15.379265 -9999.0 -9999.0 -9999.0
-9999.0 -9999.0 -9999.0 -9999.0 -9999.0 -9999.0 -9999.0 -9999.0 11.418686 10.572820 9.522374 9.795221 8.934963 9.272647 9.413793 12.342849 13.301597 17.786543 16.086270 16.241692 15.275041 14.129045 12.831448 11.843804 12.620017 13.341162 14.486746 9.275810 8.878324 7.560878 4.843898 8.801104 9.529628 8.260193 9.309661 7.779266 11.168039 10.330778 7.021520 10.321290 8.031992 9.861273 7.319971 8.003983 10.442360 11.810234 8.015156 9.705196 11.400878 14.380448 13.293653 11.159976 9.943703 6.591860 9.149374 11.583387 10.957434 14.068652 14.249987 15.719310 -9999.0 -9999.0 -9999.0
-9999.0 -9999.0 -9999.0 -9999.0 -9999.0 -9999.0 -9999.0 -9999.0 8.505911 9.457725 8.313008 8.557660 9.337144 9.565874 9.103019 10.428597 12.083811 12.784548 15.413432 16.669372 20.754548 19.489883 17.707796 17.240760 14.085790 13.828082 11.547025 10.324451 7.869471 9.897119 8.953219 8.776177 10.207537 8.215647 9.967589 10.449829 12.620777 11.002222 9.166807 10.230706 8.374965 0.934679 7.517694 10.570419 12.241767 9.140370 7.687512 10.128628 10.602402 13.046426 15.096210 12.389342 9.395525 11.236475 13.280477 11.962553 12.315397 13.433864 16.060704 18.084800 18.713498 -9999.0 -9999.0
-9999.0 -9999.0 -9999.0 -9999.0 -9999.0 -9999.0 -9999.0 -9999.0 8.772099 11.156108 11.807511 7.712319 11.198710 8.207230 10.179554 9.843921 11.598687 14.082146 15.746639 19.909512 17.284844 19.753695 19.602355 16.367214 18.667313 12.381967 10.940300 8.887718 7.816286 10.710896 9.089450 11.515254 8.324935 8.454374 10.780587 12.645206 7.083049 11.456435 8.795029 8.494571 9.363484 7.997558 9.669751 10.203820 8.146759 10.181397 11.320707 10.491066 8.750048 11.873923 15.101683 14.221618 10.822530 10.372340 13.558040 14.186621 15.324190 16.504156 17.832775 18.359532 18.473687 -9999.0 -9999.0
-9999.0 -9999.0 -9999.0 -9999.0 -9999.0 -9999.0 -9999.0 -9999.0 6.657555 10.572795 10.647559 8.374630 11.770635 10.146072 10.394920 11.427544 14.264099 15.797146 15.686970 15.926222 16.588429 17.319609 19.997605 19.843644 14.227216 11.247050 9.765917 8.432768 12.077374 10.217311 9.687439 9.924536 10.788839 10.885369 9.204874 11.996456 12.712711 12.004211 7.924102 9.108353 10.217909 10.349311 10.682707 10.056793 11.104116 9.500851 11.330303 11.035894 12.313992 11.483269 12.971864 15.625586 15.347506 14.244992 16.044271 16.236917 17.355470 17.288193 18.380784 18.354506 17.012022 14.793886 -9999.0
-9999.0 -9999.0 -9999.0 -9999.0 -9999.0 -9999.0 -9999.0 -9999.0 8.501798 10.414390 9.126914 9.656523 10.757630 11.307800 15.141054 14.215842 15.327853 12.290942 11.516089 13.220365 15.380920 17.008116 17.462048 17.642316 17.944983 11.667834 9.623376 10.780585 11.597277 11.624658 9.243932 10.953365 12.385105 11.344047 7.770484 7.858203 11.368970 12.986487 12.279533 11.147220 10.243577 9.480248 11.017695 10.727624 9.359674 12.227750 10.669158 11.795410 11.762610 13.825315 15.499043 15.807552 16.320177 17.388383 17.174480 17.295662 17.929108 18.027536 17.849978 16.913311 15.649769 14.045511 -9999.0
-9999.0 -9999.0 10.505326 10.861009 8.661849 8.887744 9.477674 8.655220 10.135071 10.111270 8.893088 11.548091 11.594130 13.452474 17.796904 13.870484 11.194197 9.340376 9.763153 10.856155 13.516276 16.514953 17.025511 17.384592 16.117900 13.490263 11.772101 10.845254 11.982323 14.600278 10.226879 10.291336 14.535449 11.459094 12.888857 11.679560 13.913814 14.223354 13.049242 11.187717 12.440761 12.850365 11.990167 12.455261 10.273851 11.483768 12.924498 12.360670 14.949509 16.543438 17.891667 18.414123 17.902463 17.830813 17.622058 20.847332 16.780438 16.855181 15.896280 15.230495 16.195746 13.191863 -9999.0
-9999.0 9.563265 9.539710 9.405381 9.255819 9.666260 9.232174 7.899872 7.410983 9.445644 9.160614 10.435185 12.733373 16.051637 16.470636 11.094339 10.063364 9.144273 10.230051 10.899467 13.723974 14.768438 18.711336 16.586854 19.606796 16.223741 18.454488 18.207623 14.813693 13.725250 14.327479 13.655647 13.421669 16.386677 14.616051 15.371142 16.069623 16.016121 16.139855 15.578691 15.121774 14.878873 14.619459 12.777212 12.545943 13.374474 15.407155 15.889949 17.849441 18.416534 17.432210 17.111593 16.419913 16.372063 16.323876 15.821109 14.624204 14.521370 14.231434 14.954937 12.725879 12.879887 -9999.0
-9999.0 11.386134 10.407990 10.656347 13.245369 10.523377 7.993900 8.070875 10.420243 10.157321 9.238519 10.256852 12.742720 16.570081 11.741392 9.329011 8.854876 9.126820 11.059975 11.165048 13.765134 13.030920 14.945734 16.252702 19.872643 20.559906 16.878256 17.235530 16.658419 15.967400 16.806895 16.129630 14.798792 15.101709 17.818092 17.293953 21.594293 22.374012 17.831320 18.112097 17.698384 16.587635 15.963481 16.420126 17.375781 17.924039 18.253208 18.192770 16.938127 17.000794 15.960942 14.844851 14.579071 15.059903 14.619403 13.169870 13.057446 12.208133 12.009642 11.467261 11.531021 -9999.0 -9999.0
