user2019/resources/simulation/Vinschgau/output-maps/TsL0002N0563.asc
ncols         63
nrows         48
xllcorner     598000.000000
yllcorner     5145000.000000
cellsize      1000.000000
NODATA_value  -9999.0
[rows 0 to 28 of 48, columns 0 to 62 of 63]
-9999.0 -9999.0 -9999.0 -9999.0 -9999.0 -9999.0 -9999.0 -9999.0 -9999.0 -9999.0 -9999.0 -9999.0 -9999.0 -9999.0 -9999.0 -9999.0 -9999.0 -9999.0 -9999.0 -9999.0 -9999.0 -9999.0 -9999.0 -9999.0 -9999.0 -9999.0 -9999.0 -9999.0 -9999.0 -9999.0 -9999.0 -9999.0 -9999.0 -9999.0 -9999.0 -9999.0 -9999.0 -9999.0 -9999.0 -9999.0 -9999.0 -9999.0 -9999.0 -9999.0 -9999.0 -9999.0 -9999.0 -9999.0 -9999.0 -9999.0 -9999.0 -9999.0 -9999.0 -9999.0 -9999.0 -9999.0 -9999.0 -9999.0 -9999.0 -9999.0 -9999.0 -9999.0 -9999.0
-9999.0 -9999.0 -9999.0 -9999.0 -9999.0 -9999.0 -9999.0 -9999.0 -9999.0 -9999.0 -9999.0 -9999.0 -9999.0 -9999.0 -9999.0 -9999.0 -9999.0 -9999.0 -9999.0 -9999.0 -9999.0 -9999.0 -9999.0 -9999.0 -9999.0 -9999.0 -9999.0 4.165675 3.810453 2.195705 2.243130 2.544434 2.048289 -9999.0 -9999.0 -9999.0 -9999.0 -9999.0 -9999.0 -9999.0 -9999.0 -9999.0 -9999.0 -9999.0 -9999.0 -9999.0 -9999.0 -9999.0 -9999.0 -9999.0 -9999.0 -9999.0 -9999.0 -9999.0 -9999.0 -9999.0 -9999.0 -9999.0 -9999.0 -9999.0 -9999.0 -9999.0 -9999.0
-9999.0 -9999.0 -9999.0 -9999.0 -9999.0 -9999.0 -9999.0 -9999.0 -9999.0 -9999.0 -9999.0 -9999.0 -9999.0 -9999.0 -9999.0 -9999.0 -9999.0 -9999.0 -9999.0 -9999.0 -9999.0 -9999.0 -9999.0 -9999.0 3.995927 4.375425 5.009936 4.326623 3.375846 3.433953 3.484926 -9999.0 -9999.0 -9999.0 -9999.0 -9999.0 -9999.0 -9999.0 -9999.0 -9999.0 -9999.0 -9999.0 -9999.0 -9999.0 -9999.0 -9999.0 -9999.0 -9999.0 -9999.0 -9999.0 -9999.0 -9999.0 -9999.0 -9999.0 -9999.0 -9999.0 -9999.0 -9999.0 -9999.0 -9999.0 -9999.0 -9999.0 -9999.0
-9999.0 -9999.0 -9999.0 -9999.0 -9999.0 -9999.0 -9999.0 -9999.0 -9999.0 -9999.0 -9999.0 -9999.0 -9999.0 -9999.0 -9999.0 -9999.0 -9999.0 -9999.0 -9999.0 -9999.0 -9999.0 -9999.0 -9999.0 4.194792 5.072473 6.832174 6.976362 7.134093 7.252664 5.279624 3.797951 3.233333 -9999.0 -9999.0 -9999.0 -9999.0 -9999.0 -9999.0 -9999.0 -9999.0 -9999.0 -9999.0 -9999.0 -9999.0 -9999.0 -9999.0 -9999.0 -9999.0 -9999.0 -9999.0 -9999.0 -9999.0 -9999.0 -9999.0 -9999.0 -9999.0 -9999.0 -9999.0 -9999.0 -9999.0 -9999.0 -9999.0 -9999.0
-9999.0 -9999.0 -9999.0 -9999.0 -9999.0 -9999.0 -9999.0 -9999.0 -9999.0 -9999.0 -9999.0 -9999.0 -9999.0 -9999.0 -9999.0 -9999.0 -9999.0 -9999.0 6.769655 4.403602 -9999.0 3.833180 4.469576 6.799447 7.062864 8.820811 7.909581 8.184473 8.788390 7.302523 4.984747 3.631129 3.089157 2.441826 -9999.0 -9999.0 -9999.0 -9999.0 -9999.0 -9999.0 -9999.0 -9999.0 -9999.0 -9999.0 -9999.0 -9999.0 -9999.0 -9999.0 -9999.0 -9999.0 -9999.0 -9999.0 -9999.0 -9999.0 -9999.0 -9999.0 -9999.0 -9999.0 -9999.0 -9999.0 -9999.0 -9999.0 -9999.0
-9999.0 -9999.0 -9999.0 -9999.0 -9999.0 -9999.0 -9999.0 -9999.0 -9999.0 -9999.0 -9999.0 -9999.0 -9999.0 -9999.0 -9999.0 -9999.0 -9999.0 7.197108 5.390670 7.148606 5.759986 4.152645 5.807048 6.728184 8.654097 4.288732 3.258600 5.734424 3.571765 6.644862 4.722969 3.419640 2.579935 2.008133 0.677218 0.460554 -9999.0 -9999.0 -9999.0 -9999.0 -9999.0 -9999.0 -9999.0 -9999.0 -9999.0 -9999.0 -9999.0 -9999.0 -9999.0 -9999.0 -9999.0 -9999.0 -9999.0 -9999.0 -9999.0 -9999.0 -9999.0 -9999.0 -9999.0 -9999.0 -9999.0 -9999.0 -9999.0
-9999.0 -9999.0 -9999.0 -9999.0 -9999.0 -9999.0 -9999.0 -9999.0 -9999.0 -9999.0 -9999.0 -9999.0 -9999.0 3.026956 5.418152 4.808762 6.288230 11.065307 6.851449 7.051751 6.954590 7.606994 9.040711 8.791796 3.958738 4.822972 4.754482 2.538933 4.387927 4.299362 4.469165 3.714474 2.982090 2.221970 1.796793 0.471563 -9999.0 -9999.0 -9999.0 -9999.0 -9999.0 -9999.0 -9999.0 -9999.0 -9999.0 -9999.0 -9999.0 -9999.0 -9999.0 -9999.0 -9999.0 -9999.0 -9999.0 -9999.0 -9999.0 -9999.0 -9999.0 -9999.0 -9999.0 -9999.0 -9999.0 -9999.0 -9999.0
-9999.0 -9999.0 -9999.0 -9999.0 -9999.0 -9999.0 -9999.0 -9999.0 -9999.0 -9999.0 -9999.0 -9999.0 -9999.0 3.386807 5.821885 4.891089 4.628397 8.060749 11.336185 8.759994 6.551696 8.396977 5.486313 4.800636 6.667036 5.785283 4.149511 1.756447 3.259152 3.535788 2.152650 2.132488 1.221147 0.432752 0.519818 -9999.0 -9999.0 -9999.0 -9999.0 -9999.0 -9999.0 -9999.0 -9999.0 -9999.0 -9999.0 -9999.0 -9999.0 -9999.0 -9999.0 -9999.0 -9999.0 -9999.0 -9999.0 -9999.0 -9999.0 -9999.0 -9999.0 -9999.0 -9999.0 -9999.0 -9999.0 -9999.0 -9999.0
-9999.0 -9999.0 -9999.0 -9999.0 -9999.0 -9999.0 -9999.0 -9999.0 -9999.0 -9999.0 -9999.0 -9999.0 -9999.0 5.406552 5.131778 6.415952 3.949174 5.295433 10.839243 6.488720 7.469354 7.162395 3.734017 3.310881 6.447455 5.989402 2.569811 2.809397 2.952670 2.363307 2.024170 0.474665 0.385073 -0.813296 0.361443 -9999.0 -9999.0 -9999.0 -9999.0 -9999.0 -9999.0 -9999.0 -9999.0 -9999.0 -9999.0 -9999.0 -9999.0 -9999.0 -9999.0 -9999.0 -9999.0 -9999.0 -9999.0 -9999.0 -9999.0 -9999.0 -9999.0 -9999.0 -9999.0 -9999.0 -9999.0 -9999.0 -9999.0
-9999.0 -9999.0 -9999.0 -9999.0 -9999.0 -9999.0 -9999.0 -9999.0 -9999.0 -9999.0 -9999.0 -9999.0 4.624777 4.477035 5.784277 4.434651 2.063140 4.195462 8.179152 8.291468 6.552528 4.232431 3.738398 3.805038 4.279482 3.525375 3.248330 3.367142 3.007843 1.125371 1.513229 0.996643 2.100190 0.424698 -9999.0 -9999.0 -9999.0 -9999.0 -9999.0 -9999.0 -9999.0 -9999.0 -9999.0 -9999.0 -9999.0 -9999.0 -9999.0 -9999.0 -9999.0 -9999.0 -9999.0 -9999.0 -9999.0 -9999.0 -9999.0 -9999.0 -9999.0 -9999.0 -9999.0 -9999.0 -9999.0 -9999.0 -9999.0
-9999.0 -9999.0 -9999.0 -9999.0 -9999.0 -9999.0 -9999.0 -9999.0 -9999.0 -9999.0 -9999.0 1.725994 2.688505 3.200405 3.577117 2.136000 3.937902 3.518179 8.217031 5.573190 4.107687 6.317447 3.113657 2.971518 3.317870 2.832291 2.580116 2.410756 3.189458 2.518857 1.678874 2.846515 1.932156 0.596948 0.684025 4.327467 2.521307 3.674626 4.998217 -9999.0 -9999.0 -9999.0 2.387620 -9999.0 -9999.0 -9999.0 -9999.0 -9999.0 -9999.0 -9999.0 -9999.0 -9999.0 -9999.0 -9999.0 -9999.0 -9999.0 -9999.0 -9999.0 -9999.0 -9999.0 -9999.0 -9999.0 -9999.0
-9999.0 -9999.0 -9999.0 -9999.0 -9999.0 -9999.0 -9999.0 -9999.0 -9999.0 -9999.0 -9999.0 1.778855 4.074012 3.203548 4.336943 1.025035 5.092309 4.732876 8.039364 8.391039 6.975206 4.904495 3.158075 1.226034 1.186970 2.453647 3.462132 2.926984 2.798666 2.823901 2.421591 3.759139 3.719413 1.697099 1.960351 3.476987 5.169607 5.438870 4.677680 4.233111 3.756959 2.850754 4.114414 4.367472 -9999.0 -9999.0 -9999.0 0.646424 1.178458 1.590428 2.351505 1.124856 0.971955 0.976274 1.177726 0.571036 -9999.0 -9999.0 -9999.0 -9999.0 -9999.0 -9999.0 -9999.0
-9999.0 -9999.0 -9999.0 -9999.0 -9999.0 -9999.0 -9999.0 -9999.0 -9999.0 -9999.0 -9999.0 1.851745 1.980328 0.411008 1.639828 1.604662 0.446057 1.415218 8.063728 8.883076 3.917167 3.585238 1.401564 3.082149 3.013175 4.443016 2.222665 2.759648 1.963113 2.472901 2.728967 0.959170 5.328850 3.514398 4.217879 4.095824 4.807350 5.691017 6.310515 6.600250 4.743796 2.553103 4.554437 4.791973 3.414783 -9999.0 0.414243 2.009495 3.182488 3.996362 4.378864 4.075051 3.983081 3.514446 3.502285 3.078309 -9999.0 -9999.0 -9999.0 -9999.0 -9999.0 -9999.0 -9999.0
-9999.0 -9999.0 -9999.0 -9999.0 -9999.0 -9999.0 -9999.0 -9999.0 -9999.0 -9999.0 -9999.0 -9999.0 1.668096 0.252459 3.041679 2.519245 0.166689 2.331395 7.491829 9.243728 4.109990 4.148353 3.947069 2.654186 0.439986 0.979404 4.986750 3.080391 2.449818 3.047101 3.464975 2.284993 5.340537 4.054760 2.711258 3.146435 3.763616 5.640630 9.476880 5.488553 5.637792 6.230553 4.000720 5.993627 4.750119 1.867449 0.848127 2.113959 2.003200 4.261633 5.714312 3.943027 4.440677 2.267483 2.463743 3.397506 3.244277 -9999.0 -9999.0 -9999.0 -9999.0 -9999.0 -9999.0
-9999.0 -9999.0 -9999.0 -9999.0 -9999.0 -9999.0 -9999.0 -9999.0 -9999.0 -9999.0 -9999.0 0.367089 2.020533 1.703406 0.696227 0.736008 2.290094 1.744241 8.180044 5.989508 4.693746 2.986807 4.212486 1.656839 2.912189 3.977255 3.303947 3.512473 3.569515 2.137836 2.533732 3.618612 6.198444 4.068076 1.775431 3.352630 3.304818 4.668159 6.323757 6.838235 4.444793 5.245801 5.735830 5.892747 6.624166 4.175602 3.604337 3.042682 3.501614 5.853362 2.034924 3.181350 1.017924 0.790432 0.441454 0.986236 2.736027 -9999.0 -9999.0 -9999.0 -9999.0 -9999.0 -9999.0
-9999.0 -9999.0 -9999.0 -9999.0 -9999.0 -9999.0 -9999.0 -9999.0 -9999.0 -9999.0 2.987289 1.060228 3.513267 3.063766 3.812836 2.860016 2.821843 2.060699 5.382257 6.290466 9.442895 7.179504 2.360022 6.054773 5.261364 4.254282 1.034828 0.414625 4.147350 4.805257 4.172333 3.937073 4.031535 2.512050 2.940699 4.070116 3.970884 4.049360 4.083550 7.050015 7.013754 7.523788 10.657330 5.479078 5.161923 6.149969 3.589493 4.218588 5.134427 6.259830 1.646229 1.879281 0.224184 0.785491 1.090847 3.538181 3.988494 -9999.0 -9999.0 -9999.0 -9999.0 -9999.0 -9999.0
-9999.0 -9999.0 -9999.0 -9999.0 -9999.0 -9999.0 -9999.0 -9999.0 -9999.0 1.687236 2.592617 1.770123 2.865463 1.613026 1.954156 2.454030 1.097131 6.101357 5.661435 6.806059 10.037694 4.462746 4.159411 6.378997 5.826568 1.232171 1.187248 5.081577 4.241613 5.684447 6.218103 0.711498 4.215401 2.613255 2.591829 3.516771 4.562770 2.572189 2.855355 4.413701 4.263857 3.051489 2.914570 6.006861 5.549642 5.357111 7.737999 4.767669 4.950272 7.139667 2.833652 2.718470 0.486758 0.519129 1.688134 0.184514 2.897352 3.479505 2.378437 -9999.0 -9999.0 -9999.0 -9999.0
-9999.0 -9999.0 -9999.0 -9999.0 -9999.0 -9999.0 -9999.0 -9999.0 -9999.0 2.239295 1.878758 2.535000 5.156640 4.454619 3.063168 1.279167 5.292850 5.533665 6.576861 10.270846 10.326567 9.792830 8.854384 6.802115 0.720745 3.272239 3.916597 5.692534 6.904579 7.772446 6.275678 0.435781 3.126123 3.217036 2.594180 4.773616 5.008578 5.849466 3.583766 5.498689 3.635148 1.778919 4.024495 6.278188 6.644538 7.907286 7.887462 6.851042 6.368337 7.248350 1.695049 0.897775 1.218346 1.755721 2.856007 1.326208 3.428527 0.624054 4.374009 -9999.0 -9999.0 -9999.0 -9999.0
-9999.0 -9999.0 -9999.0 -9999.0 -9999.0 -9999.0 -9999.0 -9999.0 -9999.0 -9999.0 2.853923 2.971594 3.381915 3.046719 5.258501 4.288371 4.824221 6.813039 7.597042 9.083748 10.335617 5.778437 3.696704 1.088771 3.412461 5.560337 6.758309 7.558378 6.382139 0.627338 1.057009 2.921367 0.249972 1.801296 3.307853 4.218950 5.478774 6.217941 5.483084 2.547937 2.616074 5.280674 5.542646 4.741317 4.382505 4.787724 5.834937 9.729904 9.103526 6.788138 3.180726 4.162916 2.312048 1.644455 1.742852 3.133358 4.769968 6.956187 7.190255 7.455535 -9999.0 -9999.0 -9999.0
-9999.0 -9999.0 -9999.0 -9999.0 -9999.0 -9999.0 -9999.0 -9999.0 -9999.0 -9999.0 2.099041 2.802270 4.124660 4.031598 8.813997 4.272192 3.993309 6.017114 8.531608 9.605575 6.865474 5.117004 3.606296 4.240711 5.242561 7.289568 8.435319 4.105198 1.035930 0.511813 2.440458 3.578170 0.716885 2.991559 3.314373 3.824523 4.402787 4.791288 1.732642 3.379301 2.817167 4.006784 3.389402 4.518137 5.084209 3.270293 5.075445 4.564092 6.820127 9.558125 7.312363 3.467518 0.287015 3.120604 1.682428 1.900219 3.045550 5.904192 8.057504 9.689547 -9999.0 -9999.0 -9999.0
-9999.0 -9999.0 -9999.0 -9999.0 -9999.0 -9999.0 -9999.0 -9999.0 3.728024 4.157248 3.394755 3.124672 2.947165 3.176279 2.674965 5.898996 6.568440 10.516064 9.911767 10.049802 8.576595 7.462052 6.445282 4.481128 6.198499 7.260005 8.689538 2.691894 2.897841 0.529257 2.661630 2.367611 2.893842 2.915297 2.728248 2.979592 5.929425 4.594397 0.464178 4.713434 2.104957 3.699863 1.329841 3.572386 5.753541 5.543273 1.329129 4.539481 5.203673 9.542904 7.888525 5.162925 3.641088 1.804702 2.502278 4.788222 4.382547 7.064263 9.061638 9.680809 -9999.0 -9999.0 -9999.0
-9999.0 -9999.0 -9999.0 -9999.0 -9999.0 -9999.0 -9999.0 -9999.0 2.382534 2.745023 1.231161 3.407247 4.126907 4.127501 2.952831 4.652434 5.768556 6.272890 9.084450 10.554537 12.480207 12.464866 10.827489 9.479658 6.943103 7.508625 5.002781 4.618415 1.394035 3.860445 3.217648 4.336887 3.260196 3.622135 3.232310 4.129060 5.746372 5.377689 2.129543 3.620244 2.591316 2.683413 1.878060 3.615235 5.120683 2.348200 1.168125 4.070550 5.576298 7.138428 10.180980 7.304315 0.293410 4.716464 6.422806 6.609721 6.895329 8.066575 10.703784 12.954340 13.103080 -9999.0 -9999.0
-9999.0 -9999.0 -9999.0 -9999.0 -9999.0 -9999.0 -9999.0 -9999.0 3.085038 4.387529 5.106439 1.442628 4.092733 1.196891 4.426196 3.416137 5.168907 7.912669 9.256979 12.268789 11.073098 13.201527 12.847020 9.720653 11.322048 6.949353 4.242646 1.030813 1.164137 3.116023 4.226611 4.106723 1.588986 1.850756 3.926381 5.489215 0.489857 5.631603 2.226406 2.568940 3.320981 1.973758 3.265591 4.077342 2.193724 3.978239 5.066628 4.386569 3.065106 6.006258 9.531789 9.137294 4.158815 0.694489 8.585443 9.289087 10.201607 10.787650 12.643260 12.207961 13.112871 -9999.0 -9999.0
-9999.0 -9999.0 -9999.0 -9999.0 -9999.0 -9999.0 -9999.0 -9999.0 2.093219 3.919367 4.823579 2.000536 4.465748 3.526001 3.837098 5.754585 8.129836 9.531385 10.565594 9.534866 10.700428 11.134764 13.448816 12.841991 7.726268 5.566222 3.716449 1.700016 5.592846 4.065448 3.163670 3.420711 4.828379 5.195865 2.126476 5.648150 7.038824 6.565585 3.901307 2.657979 4.883125 3.760006 3.913357 5.643052 4.757787 4.315554 4.394938 4.231549 5.870917 6.576904 7.582826 10.220576 10.197561 9.059534 10.984571 11.530401 12.164839 11.098772 11.909805 13.086939 11.948758 8.717930 -9999.0
-9999.0 -9999.0 -9999.0 -9999.0 -9999.0 -9999.0 -9999.0 -9999.0 2.742706 3.869648 5.068490 3.692671 4.452381 5.055792 9.532844 9.437760 10.623411 7.030725 5.556133 6.959269 8.837324 10.931563 11.132355 11.010270 10.705401 5.095709 2.910158 5.542247 6.406727 5.687198 3.127646 5.301088 6.771982 5.910567 5.116602 6.177064 7.222202 7.924269 6.792741 6.464358 5.777942 0.484833 5.655753 5.156485 2.780198 5.671031 5.093261 6.291318 6.753704 8.852789 10.609484 9.901165 10.932593 12.824622 12.771001 12.769500 13.471167 13.293093 13.014539 12.079687 9.612967 7.755669 -9999.0
-9999.0 -9999.0 4.493509 4.268397 1.251733 1.689081 3.573610 1.805132 3.102568 3.777224 4.690297 5.307938 5.569732 8.082173 11.919058 9.175634 5.500780 3.449811 4.949562 5.206851 7.115157 9.738764 10.934555 10.712306 9.598065 6.591694 5.128018 5.142516 6.532593 9.199952 4.146863 4.693920 8.903462 5.375977 7.680288 6.841988 10.038750 9.527101 7.989192 6.135768 8.121698 7.718619 6.130259 7.139596 4.415995 6.394773 7.443932 6.314149 9.856940 11.231826 12.391812 12.930288 13.430301 13.576622 13.601873 15.124644 12.335078 11.869518 10.766118 8.783758 10.206937 6.525204 -9999.0
-9999.0 4.179726 3.395275 3.234952 2.218805 3.714837 3.508488 1.488513 1.182336 3.200984 3.563055 4.535993 6.791455 10.393057 11.470647 5.202354 4.897727 3.652250 3.836210 5.203931 7.345297 8.682160 12.386438 9.834157 12.795310 9.601622 10.663795 10.673772 9.688939 8.762279 8.158793 8.021510 8.099260 10.512063 10.676183 11.415644 12.546514 11.687368 11.833463 11.530388 10.931183 10.008244 9.597082 7.484656 6.854991 7.541578 10.188090 9.964686 12.277169 11.802595 12.662190 12.821761 12.031798 11.997545 12.065005 11.424533 9.139448 8.664917 9.306504 9.498281 6.279563 6.144951 -9999.0
-9999.0 4.803842 4.479136 4.646239 7.777663 4.579800 0.766715 1.706366 4.449512 4.625124 1.946009 4.764606 7.371214 11.581141 6.135063 0.187109 2.043599 1.749493 5.282426 4.703263 9.728822 7.767516 8.938035 10.636035 12.195847 12.460454 10.234801 10.819457 10.784949 10.021677 10.401895 9.871534 10.447354 11.059232 13.735429 13.111872 15.906276 16.650482 14.702300 14.016924 13.567380 12.880464 11.143885 10.498750 10.906553 11.144619 12.204164 12.590303 12.341996 12.484220 10.837578 9.481260 9.253116 9.782840 9.280161 7.662113 7.685662 6.574721 6.097400 5.185191 5.125860 -9999.0 -9999.0
-9999.0 4.187282 4.154573 3.411817 4.875812 7.040940 6.744518 2.068872 2.089784 3.074405 5.099040 6.006000 9.284159 9.276257 4.580355 2.652588 1.874697 3.320471 2.690365 4.387059 4.994100 5.939183 7.948053 11.980528 12.274022 10.599098 10.698401 10.661436 10.672592 10.729795 10.882673 11.439582 11.391439 11.503235 12.263948 13.052665 13.949941 16.272557 14.523500 14.221684 13.791486 15.084887 12.882119 12.699433 12.463087 12.228378 11.796712 11.564414 9.870354 8.303150 7.421511 9.284455 7.056794 9.360583 6.810954 5.736065 5.380902 4.598413 4.208313 -9999.0 -9999.0 -9999.0 -9999.0
