user2019/resources/simulation/Vinschgau/output-maps/TsL0004N1335.asc
ncols         63
nrows         48
xllcorner     598000.000000
yllcorner     5145000.000000
cellsize      1000.000000
NODATA_value  -9999.0
[rows 0 to 27 of 48, columns 0 to 62 of 63]
-9999.0 -9999.0 -9999.0 -9999.0 -9999.0 -9999.0 -9999.0 -9999.0 -9999.0 -9999.0 -9999.0 -9999.0 -9999.0 -9999.0 -9999.0 -9999.0 -9999.0 -9999.0 -9999.0 -9999.0 -9999.0 -9999.0 -9999.0 -9999.0 -9999.0 -9999.0 -9999.0 -9999.0 -9999.0 -9999.0 -9999.0 -9999.0 -9999.0 -9999.0 -9999.0 -9999.0 -9999.0 -9999.0 -9999.0 -9999.0 -9999.0 -9999.0 -9999.0 -9999.0 -9999.0 -9999.0 -9999.0 -9999.0 -9999.0 -9999.0 -9999.0 -9999.0 -9999.0 -9999.0 -9999.0 -9999.0 -9999.0 -9999.0 -9999.0 -9999.0 -9999.0 -9999.0 -9999.0
-9999.0 -9999.0 -9999.0 -9999.0 -9999.0 -9999.0 -9999.0 -9999.0 -9999.0 -9999.0 -9999.0 -9999.0 -9999.0 -9999.0 -9999.0 -9999.0 -9999.0 -9999.0 -9999.0 -9999.0 -9999.0 -9999.0 -9999.0 -9999.0 -9999.0 -9999.0 -9999.0 -0.002353 0.443852 0.392434 0.144344 -0.001495 -0.108378 -9999.0 -9999.0 -9999.0 -9999.0 -9999.0 -9999.0 -9999.0 -9999.0 -9999.0 -9999.0 -9999.0 -9999.0 -9999.0 -9999.0 -9999.0 -9999.0 -9999.0 -9999.0 -9999.0 -9999.0 -9999.0 -9999.0 -9999.0 -9999.0 -9999.0 -9999.0 -9999.0 -9999.0 -9999.0 -9999.0
-9999.0 -9999.0 -9999.0 -9999.0 -9999.0 -9999.0 -9999.0 -9999.0 -9999.0 -9999.0 -9999.0 -9999.0 -9999.0 -9999.0 -9999.0 -9999.0 -9999.0 -9999.0 -9999.0 -9999.0 -9999.0 -9999.0 -9999.0 -9999.0 0.632947 0.706029 0.844385 0.626884 0.836617 0.805166 0.074569 -9999.0 -9999.0 -9999.0 -9999.0 -9999.0 -9999.0 -9999.0 -9999.0 -9999.0 -9999.0 -9999.0 -9999.0 -9999.0 -9999.0 -9999.0 -9999.0 -9999.0 -9999.0 -9999.0 -9999.0 -9999.0 -9999.0 -9999.0 -9999.0 -9999.0 -9999.0 -9999.0 -9999.0 -9999.0 -9999.0 -9999.0 -9999.0
-9999.0 -9999.0 -9999.0 -9999.0 -9999.0 -9999.0 -9999.0 -9999.0 -9999.0 -9999.0 -9999.0 -9999.0 -9999.0 -9999.0 -9999.0 -9999.0 -9999.0 -9999.0 -9999.0 -9999.0 -9999.0 -9999.0 -9999.0 0.744359 1.090280 3.214992 3.395980 3.514432 3.784517 0.834348 0.086242 -0.003493 -9999.0 -9999.0 -9999.0 -9999.0 -9999.0 -9999.0 -9999.0 -9999.0 -9999.0 -9999.0 -9999.0 -9999.0 -9999.0 -9999.0 -9999.0 -9999.0 -9999.0 -9999.0 -9999.0 -9999.0 -9999.0 -9999.0 -9999.0 -9999.0 -9999.0 -9999.0 -9999.0 -9999.0 -9999.0 -9999.0 -9999.0
-9999.0 -9999.0 -9999.0 -9999.0 -9999.0 -9999.0 -9999.0 -9999.0 -9999.0 -9999.0 -9999.0 -9999.0 -9999.0 -9999.0 -9999.0 -9999.0 -9999.0 -9999.0 3.669350 1.079504 -9999.0 0.897128 1.090954 2.793400 2.883812 3.564954 2.836527 3.198072 2.587670 1.107966 0.708637 0.132707 -0.002880 -0.687363 -9999.0 -9999.0 -9999.0 -9999.0 -9999.0 -9999.0 -9999.0 -9999.0 -9999.0 -9999.0 -9999.0 -9999.0 -9999.0 -9999.0 -9999.0 -9999.0 -9999.0 -9999.0 -9999.0 -9999.0 -9999.0 -9999.0 -9999.0 -9999.0 -9999.0 -9999.0 -9999.0 -9999.0 -9999.0
-9999.0 -9999.0 -9999.0 -9999.0 -9999.0 -9999.0 -9999.0 -9999.0 -9999.0 -9999.0 -9999.0 -9999.0 -9999.0 -9999.0 -9999.0 -9999.0 -9999.0 4.938501 3.603360 3.969862 1.527073 0.408701 1.244098 2.498615 3.545127 0.182381 -0.030969 0.866687 -0.022606 2.040774 1.304285 0.765350 0.515840 -0.003061 -0.014452 -0.933676 -9999.0 -9999.0 -9999.0 -9999.0 -9999.0 -9999.0 -9999.0 -9999.0 -9999.0 -9999.0 -9999.0 -9999.0 -9999.0 -9999.0 -9999.0 -9999.0 -9999.0 -9999.0 -9999.0 -9999.0 -9999.0 -9999.0 -9999.0 -9999.0 -9999.0 -9999.0 -9999.0
-9999.0 -9999.0 -9999.0 -9999.0 -9999.0 -9999.0 -9999.0 -9999.0 -9999.0 -9999.0 -9999.0 -9999.0 -9999.0 1.980549 2.441545 3.271200 4.562239 8.175479 4.657156 3.165973 3.104456 2.801416 3.432963 3.621425 -0.007479 1.070037 -0.000075 -0.013898 -0.011327 0.073508 -0.773585 0.963879 0.536056 0.186272 0.144166 -0.946443 -9999.0 -9999.0 -9999.0 -9999.0 -9999.0 -9999.0 -9999.0 -9999.0 -9999.0 -9999.0 -9999.0 -9999.0 -9999.0 -9999.0 -9999.0 -9999.0 -9999.0 -9999.0 -9999.0 -9999.0 -9999.0 -9999.0 -9999.0 -9999.0 -9999.0 -9999.0 -9999.0
-9999.0 -9999.0 -9999.0 -9999.0 -9999.0 -9999.0 -9999.0 -9999.0 -9999.0 -9999.0 -9999.0 -9999.0 -9999.0 2.592893 4.040304 4.069189 3.800216 7.437467 8.256898 4.813908 3.831931 4.918184 2.624883 1.570290 2.344223 1.335423 0.462488 0.329408 -0.000652 -0.043045 -0.022277 0.226641 -0.001496 -0.003487 -0.002570 -9999.0 -9999.0 -9999.0 -9999.0 -9999.0 -9999.0 -9999.0 -9999.0 -9999.0 -9999.0 -9999.0 -9999.0 -9999.0 -9999.0 -9999.0 -9999.0 -9999.0 -9999.0 -9999.0 -9999.0 -9999.0 -9999.0 -9999.0 -9999.0 -9999.0 -9999.0 -9999.0 -9999.0
-9999.0 -9999.0 -9999.0 -9999.0 -9999.0 -9999.0 -9999.0 -9999.0 -9999.0 -9999.0 -9999.0 -9999.0 -9999.0 4.010023 3.374946 5.237509 3.585559 4.343703 8.519757 4.712320 5.266962 2.758251 0.535847 -0.013020 2.144043 1.729152 0.521148 -0.002199 -0.003708 -0.002710 0.054153 -0.001352 -0.005892 -7.258097 -0.708934 -9999.0 -9999.0 -9999.0 -9999.0 -9999.0 -9999.0 -9999.0 -9999.0 -9999.0 -9999.0 -9999.0 -9999.0 -9999.0 -9999.0 -9999.0 -9999.0 -9999.0 -9999.0 -9999.0 -9999.0 -9999.0 -9999.0 -9999.0 -9999.0 -9999.0 -9999.0 -9999.0 -9999.0
-9999.0 -9999.0 -9999.0 -9999.0 -9999.0 -9999.0 -9999.0 -9999.0 -9999.0 -9999.0 -9999.0 -9999.0 2.746739 2.856040 4.868679 3.288627 2.230080 3.858337 8.113429 5.378054 3.241670 0.323331 0.932693 -0.007728 -0.958933 0.442131 -2.269015 0.049733 0.498018 -0.001245 -0.016356 -0.002233 -0.003341 -1.507853 -9999.0 -9999.0 -9999.0 -9999.0 -9999.0 -9999.0 -9999.0 -9999.0 -9999.0 -9999.0 -9999.0 -9999.0 -9999.0 -9999.0 -9999.0 -9999.0 -9999.0 -9999.0 -9999.0 -9999.0 -9999.0 -9999.0 -9999.0 -9999.0 -9999.0 -9999.0 -9999.0 -9999.0 -9999.0
-9999.0 -9999.0 -9999.0 -9999.0 -9999.0 -9999.0 -9999.0 -9999.0 -9999.0 -9999.0 -9999.0 2.031127 4.283722 2.111461 4.334367 3.823211 4.510692 4.185245 8.081229 6.849776 2.529355 2.754955 1.015018 0.590381 0.901907 0.643994 -0.003574 0.365430 -0.001399 -0.003693 -0.003342 0.532708 0.141506 -0.013238 -0.003062 0.181775 0.015305 0.351131 0.419928 -9999.0 -9999.0 -9999.0 -1.068930 -9999.0 -9999.0 -9999.0 -9999.0 -9999.0 -9999.0 -9999.0 -9999.0 -9999.0 -9999.0 -9999.0 -9999.0 -9999.0 -9999.0 -9999.0 -9999.0 -9999.0 -9999.0 -9999.0 -9999.0
-9999.0 -9999.0 -9999.0 -9999.0 -9999.0 -9999.0 -9999.0 -9999.0 -9999.0 -9999.0 -9999.0 1.799029 4.337150 5.839402 5.568032 2.646905 6.539791 4.615992 8.128763 6.457623 5.275543 2.248475 0.971290 -1.454266 -0.892373 0.422515 0.257416 0.641536 0.552017 -0.004355 0.285110 0.813839 -0.003797 -0.004323 -0.005722 0.319035 0.823008 0.611761 0.311403 -0.070387 -0.011403 -0.036418 0.129467 -0.002511 -9999.0 -9999.0 -9999.0 -0.014842 -0.029169 -0.001484 -0.029277 -0.004521 -0.004630 -0.026995 -0.097782 -0.005907 -9999.0 -9999.0 -9999.0 -9999.0 -9999.0 -9999.0 -9999.0
-9999.0 -9999.0 -9999.0 -9999.0 -9999.0 -9999.0 -9999.0 -9999.0 -9999.0 -9999.0 -9999.0 1.630300 1.866624 1.266071 3.490038 3.344806 2.104098 3.737699 7.238471 6.385186 2.317665 0.182417 -0.311373 0.629556 0.415319 0.002134 -0.594114 -2.814600 0.202815 -0.005015 -0.001775 -1.314039 0.647601 -0.004404 -0.001452 0.708937 -0.436183 -0.079855 1.072266 -0.003855 0.443256 0.029448 0.634135 0.367842 -0.007057 -9999.0 -1.643955 -0.012432 0.119823 0.520521 0.692698 0.514109 0.430266 0.069957 0.054354 -0.004400 -9999.0 -9999.0 -9999.0 -9999.0 -9999.0 -9999.0 -9999.0
-9999.0 -9999.0 -9999.0 -9999.0 -9999.0 -9999.0 -9999.0 -9999.0 -9999.0 -9999.0 -9999.0 -9999.0 1.856947 0.027980 2.509499 2.726861 0.711687 2.786077 7.559335 6.315417 2.149589 0.475044 -0.011383 -0.061347 -1.753943 -0.757703 0.495319 0.688537 0.112904 -0.002075 0.222350 -0.642663 0.782420 0.051343 -0.003742 0.452327 -0.511210 -0.799820 1.812641 0.679148 0.848534 0.467047 -0.061712 0.861301 0.104540 -0.012464 -0.007480 -0.004833 -1.731344 -0.067452 -0.036205 -1.095163 -3.034713 -1.640564 -1.805935 0.071796 -0.004080 -9999.0 -9999.0 -9999.0 -9999.0 -9999.0 -9999.0
-9999.0 -9999.0 -9999.0 -9999.0 -9999.0 -9999.0 -9999.0 -9999.0 -9999.0 -9999.0 -9999.0 -0.060390 1.035160 2.391813 0.028746 0.375146 1.538877 2.135460 6.933582 4.127041 2.419639 0.799413 0.012239 -0.644550 -0.565643 -0.782590 -0.065314 0.059811 0.019163 0.309985 -0.727531 -0.550117 1.036443 0.072361 -0.006474 0.306270 0.400677 -0.060265 0.147453 1.591689 -0.060456 0.071857 -0.000228 -0.002776 1.114927 0.081924 0.456633 0.320346 0.638157 -0.022134 -2.589374 0.086538 -2.647603 -4.343452 -5.067059 -0.039224 -0.001320 -9999.0 -9999.0 -9999.0 -9999.0 -9999.0 -9999.0
-9999.0 -9999.0 -9999.0 -9999.0 -9999.0 -9999.0 -9999.0 -9999.0 -9999.0 -9999.0 0.559419 -0.032622 1.054951 1.159631 1.791856 0.027337 0.021390 0.054150 3.259697 3.779442 4.540586 2.698948 -0.424574 1.270179 -0.010166 -1.504043 -1.231690 -3.545990 0.618842 0.882755 -0.030439 -0.091579 0.865389 0.055454 -0.067174 -0.002061 0.724595 -0.117437 -0.092432 0.278535 0.359612 1.271306 4.767239 0.914186 -0.020753 0.334344 0.523881 -0.054005 -0.052917 -0.008446 -3.735274 -0.002118 -5.532332 -2.057379 -1.085017 0.035616 0.074544 -9999.0 -9999.0 -9999.0 -9999.0 -9999.0 -9999.0
-9999.0 -9999.0 -9999.0 -9999.0 -9999.0 -9999.0 -9999.0 -9999.0 -9999.0 0.485418 0.768610 -0.026843 -0.008674 -0.062578 -0.027875 -0.014578 -0.027405 2.674087 3.180250 3.808750 4.901149 0.590556 0.256343 0.804172 0.149860 -1.348183 -1.918762 0.874477 -0.032038 -0.003914 0.172622 -1.545273 0.170450 -0.008911 -0.009999 -0.002028 0.763107 -0.795592 -0.365619 -0.026298 -0.379184 -0.186941 -0.311977 1.540109 1.231167 -0.019586 1.614798 -0.080053 -0.076557 0.195461 -1.211323 -0.001520 -1.952221 -1.351475 -0.003623 -2.808400 -1.922640 -0.001195 -0.002239 -9999.0 -9999.0 -9999.0 -9999.0
-9999.0 -9999.0 -9999.0 -9999.0 -9999.0 -9999.0 -9999.0 -9999.0 -9999.0 0.511609 0.442825 0.884506 1.608310 -0.005596 -0.031129 -0.065219 1.434985 0.782367 3.741823 5.871361 5.493973 4.806550 3.278787 1.349973 -0.956900 -1.006682 -0.058607 -0.009339 0.458316 1.455173 0.954613 -1.925840 0.444869 -0.004185 0.125222 -0.002342 -0.002176 0.433174 0.395879 1.052728 -0.143189 -1.219430 -0.047770 0.700180 2.550095 2.279718 2.089994 0.478415 -0.005985 0.266878 -2.801273 -4.569414 -2.385787 -2.427380 -0.000934 -3.720714 -1.743262 -1.259146 0.223305 -9999.0 -9999.0 -9999.0 -9999.0
-9999.0 -9999.0 -9999.0 -9999.0 -9999.0 -9999.0 -9999.0 -9999.0 -9999.0 -9999.0 0.215366 0.930355 -0.012511 -0.628599 0.132086 -0.026335 -0.006981 2.129020 4.520566 4.806627 5.634161 2.334810 -0.017474 -0.117678 -0.627288 -0.021978 0.237449 0.957926 0.885857 -1.484593 -1.830600 -2.651841 -2.886882 0.005525 0.629380 1.021285 0.887186 1.017745 0.113282 0.334969 0.133477 0.888271 1.121926 -0.018730 -0.008444 -0.006051 1.436323 3.645689 3.100413 0.282819 -1.761602 -1.850064 -0.016931 -2.571480 -2.646095 -0.029595 0.279523 -1.487592 -0.018807 -0.014111 -9999.0 -9999.0 -9999.0
-9999.0 -9999.0 -9999.0 -9999.0 -9999.0 -9999.0 -9999.0 -9999.0 -9999.0 -9999.0 0.096577 0.543212 0.841998 -0.005856 2.343371 0.181453 -0.008370 2.310192 4.982210 5.432100 3.046928 1.159155 -0.021969 -0.027947 -0.021891 0.496055 1.589908 -0.007228 -1.172447 -2.605744 0.292880 0.771797 -2.935852 -0.004397 0.327307 1.085402 -1.415837 -0.026946 -1.303903 0.038941 0.408578 1.690212 -0.060105 0.774594 1.001900 -0.115317 -0.006008 -0.009154 2.842066 2.688425 0.151714 -1.307315 -3.321283 -0.001753 -3.760937 -2.667650 -0.029363 -0.131035 1.334519 1.892828 -9999.0 -9999.0 -9999.0
-9999.0 -9999.0 -9999.0 -9999.0 -9999.0 -9999.0 -9999.0 -9999.0 0.572613 0.170172 -0.004252 0.614050 -0.163452 -0.047348 -0.034697 1.445198 2.601753 5.640237 5.686412 5.794278 4.767739 3.639334 2.734503 0.995955 0.459713 1.659460 2.418041 -0.678743 -0.952197 -2.521466 -0.001916 0.312673 0.341630 -0.004024 0.457406 0.426184 1.657554 -0.016712 -2.424190 -0.002321 0.334954 0.897449 -2.541150 -0.001959 0.527272 0.779864 -2.245681 -0.053532 -0.006960 2.221647 0.331135 -0.602015 -2.304869 -5.035549 -1.995403 -0.006176 0.093584 0.970091 0.454382 4.248736 -9999.0 -9999.0 -9999.0
-9999.0 -9999.0 -9999.0 -9999.0 -9999.0 -9999.0 -9999.0 -9999.0 -2.930625 -0.785553 -2.062576 0.012942 0.437681 -1.999557 -0.812211 -0.006499 1.600871 2.188243 5.152298 6.328453 8.450186 7.716536 6.840063 5.647397 3.014065 3.106807 0.572174 -0.032024 -2.813028 0.043596 -0.004346 -0.002449 0.520125 0.058683 0.632343 0.798897 2.734788 0.245752 -0.042540 0.712805 0.322933 0.113365 0.198831 0.747727 0.423309 -0.089240 -2.984840 0.582757 -0.031251 1.347120 1.710711 -0.031963 -3.395837 -0.029648 0.364071 -1.640476 -0.301246 -0.003740 2.879957 5.561504 6.278733 -9999.0 -9999.0
-9999.0 -9999.0 -9999.0 -9999.0 -9999.0 -9999.0 -9999.0 -9999.0 0.299456 0.246622 0.072308 -2.874557 0.406257 -2.347433 -0.087487 -0.669489 0.122134 2.705486 5.094973 8.284346 6.790535 8.163948 7.978451 5.328058 6.048656 2.937389 0.126347 -1.123468 -3.384566 0.337290 0.272708 0.893720 -1.409428 -1.042624 0.990473 2.176008 0.087427 1.664337 -0.023093 -0.056689 0.685263 0.307321 0.664261 0.243851 -0.825055 0.636793 -0.003113 0.217498 -1.554853 -0.013524 2.530217 0.269017 -2.930213 -3.283727 -0.041594 -0.000880 0.926576 2.307548 5.261069 5.860654 6.199256 -9999.0 -9999.0
-9999.0 -9999.0 -9999.0 -9999.0 -9999.0 -9999.0 -9999.0 -9999.0 -0.002483 0.642054 -0.055452 -3.323545 0.432590 -0.995657 -0.453850 0.058761 3.653337 4.901903 6.157604 5.372627 6.256428 6.691144 7.910373 7.066366 3.335582 0.809713 -0.034923 -1.877770 0.819831 -0.054733 -0.072730 -0.035764 0.012592 0.020376 -0.026159 1.494830 3.015723 3.795140 0.546905 -0.011169 0.869598 0.931352 0.959276 0.534920 0.393873 0.317226 0.618040 0.436625 0.387493 -0.326054 -0.008304 2.211721 0.293273 -0.033723 0.534415 1.467733 3.283160 4.668456 5.513229 5.947150 4.999128 2.489842 -9999.0
-9999.0 -9999.0 -9999.0 -9999.0 -9999.0 -9999.0 -9999.0 -9999.0 -0.072916 0.365882 -2.084423 -1.473191 -0.375199 -0.119585 1.584017 2.213542 3.814932 2.253818 0.757052 2.588123 4.450056 6.157184 6.304326 5.975953 5.113084 0.108994 -0.984890 -0.022112 0.131534 0.038735 -0.116458 0.240875 2.273064 1.009770 0.349951 1.540075 2.970108 5.744759 5.128145 2.001263 0.510627 0.561644 0.472173 0.101938 -0.111873 1.120783 -0.035525 -0.015988 -0.041790 0.211330 1.477667 1.468868 1.804113 1.498287 2.263840 2.647371 3.289851 4.450267 5.239923 5.137126 3.934323 1.896471 -9999.0
-9999.0 -9999.0 0.478791 0.609967 -3.330123 -1.181847 -2.294570 -1.859188 0.009833 0.185035 -0.542862 -0.696766 -0.083449 0.139864 2.744875 1.463680 -0.015614 -1.114354 -0.057163 0.040780 2.452972 5.193249 5.713022 5.823765 4.103208 1.729032 0.045102 0.122221 2.347668 2.619280 -0.015885 0.635643 5.250982 3.129533 4.289119 4.330374 6.687949 7.985130 6.887712 4.209193 4.326284 4.403515 3.982157 2.745492 -0.007291 0.366726 1.416946 1.295942 2.762773 3.715820 4.365169 3.905031 3.050307 2.442639 2.374100 4.905358 3.052774 3.719491 3.596965 3.290619 3.778120 1.100685 -9999.0
-9999.0 -0.061952 -0.072883 -0.286592 -1.048450 -1.002563 -1.465976 -2.252295 -3.234418 -0.003186 -1.496906 -0.746391 -0.000188 2.234618 2.134725 -0.142388 -0.626895 -1.436483 -0.882776 -0.011354 2.230138 3.993383 5.970991 4.676649 6.345241 3.851307 4.611644 4.940499 4.577035 3.345622 3.142680 3.294218 5.032935 7.812619 7.332285 8.601579 10.220980 10.884491 10.411715 8.758787 7.858129 7.713403 7.047968 4.517094 3.225588 3.623208 4.602183 5.637613 6.222104 5.877123 4.883851 3.866186 2.829420 2.034653 1.963233 1.522190 0.570861 0.927484 1.301855 2.156373 0.297318 0.887788 -9999.0
-9999.0 1.401791 -0.005504 -0.013115 0.764754 -0.025299 -2.417452 -2.776738 -0.003321 -0.007002 -1.940908 -1.144806 0.086884 2.145251 -0.055470 -2.358465 -2.080826 -1.702161 -0.119549 -0.009550 2.632493 1.852502 2.857335 2.967496 5.878050 6.757362 5.144329 5.748219 5.949644 6.100332 6.245574 6.010350 6.916041 7.826292 10.470724 10.857375 14.466838 15.474184 13.271752 12.196517 11.486663 10.529286 9.440047 7.780708 7.644027 7.506096 7.506882 7.323716 6.699899 5.891801 4.040892 1.881385 0.698847 1.345998 0.469289 -0.027092 -0.178130 -0.042216 -0.028951 -0.053057 -0.022668 -9999.0 -9999.0
