user2019/resources/simulation/Vinschgau/output-maps/TsL0004N0735.asc
ncols         63
nrows         48
xllcorner     598000.000000
yllcorner     5145000.000000
cellsize      1000.000000
NODATA_value  -9999.0
[rows 0 to 27 of 48, columns 0 to 62 of 63]
-9999.0 -9999.0 -9999.0 -9999.0 -9999.0 -9999.0 -9999.0 -9999.0 -9999.0 -9999.0 -9999.0 -9999.0 -9999.0 -9999.0 -9999.0 -9999.0 -9999.0 -9999.0 -9999.0 -9999.0 -9999.0 -9999.0 -9999.0 -9999.0 -9999.0 -9999.0 -9999.0 -9999.0 -9999.0 -9999.0 -9999.0 -9999.0 -9999.0 -9999.0 -9999.0 -9999.0 -9999.0 -9999.0 -9999.0 -9999.0 -9999.0 -9999.0 -9999.0 -9999.0 -9999.0 -9999.0 -9999.0 -9999.0 -9999.0 -9999.0 -9999.0 -9999.0 -9999.0 -9999.0 -9999.0 -9999.0 -9999.0 -9999.0 -9999.0 -9999.0 -9999.0 -9999.0 -9999.0
-9999.0 -9999.0 -9999.0 -9999.0 -9999.0 -9999.0 -9999.0 -9999.0 -9999.0 -9999.0 -9999.0 -9999.0 -9999.0 -9999.0 -9999.0 -9999.0 -9999.0 -9999.0 -9999.0 -9999.0 -9999.0 -9999.0 -9999.0 -9999.0 -9999.0 -9999.0 -9999.0 -2.732827 -0.006982 -3.050830 -1.594082 -3.222147 -2.082050 -9999.0 -9999.0 -9999.0 -9999.0 -9999.0 -9999.0 -9999.0 -9999.0 -9999.0 -9999.0 -9999.0 -9999.0 -9999.0 -9999.0 -9999.0 -9999.0 -9999.0 -9999.0 -9999.0 -9999.0 -9999.0 -9999.0 -9999.0 -9999.0 -9999.0 -9999.0 -9999.0 -9999.0 -9999.0 -9999.0
-9999.0 -9999.0 -9999.0 -9999.0 -9999.0 -9999.0 -9999.0 -9999.0 -9999.0 -9999.0 -9999.0 -9999.0 -9999.0 -9999.0 -9999.0 -9999.0 -9999.0 -9999.0 -9999.0 -9999.0 -9999.0 -9999.0 -9999.0 -9999.0 0.083384 0.265973 0.304341 0.281633 -0.001737 -0.003393 -1.156901 -9999.0 -9999.0 -9999.0 -9999.0 -9999.0 -9999.0 -9999.0 -9999.0 -9999.0 -9999.0 -9999.0 -9999.0 -9999.0 -9999.0 -9999.0 -9999.0 -9999.0 -9999.0 -9999.0 -9999.0 -9999.0 -9999.0 -9999.0 -9999.0 -9999.0 -9999.0 -9999.0 -9999.0 -9999.0 -9999.0 -9999.0 -9999.0
-9999.0 -9999.0 -9999.0 -9999.0 -9999.0 -9999.0 -9999.0 -9999.0 -9999.0 -9999.0 -9999.0 -9999.0 -9999.0 -9999.0 -9999.0 -9999.0 -9999.0 -9999.0 -9999.0 -9999.0 -9999.0 -9999.0 -9999.0 0.249554 0.465871 1.729001 1.804841 1.880320 0.412241 0.290640 -0.003850 -1.688503 -9999.0 -9999.0 -9999.0 -9999.0 -9999.0 -9999.0 -9999.0 -9999.0 -9999.0 -9999.0 -9999.0 -9999.0 -9999.0 -9999.0 -9999.0 -9999.0 -9999.0 -9999.0 -9999.0 -9999.0 -9999.0 -9999.0 -9999.0 -9999.0 -9999.0 -9999.0 -9999.0 -9999.0 -9999.0 -9999.0 -9999.0
-9999.0 -9999.0 -9999.0 -9999.0 -9999.0 -9999.0 -9999.0 -9999.0 -9999.0 -9999.0 -9999.0 -9999.0 -9999.0 -9999.0 -9999.0 -9999.0 -9999.0 -9999.0 1.684692 0.456340 -9999.0 0.147794 0.382578 1.460630 1.134352 2.460433 1.630730 1.588134 2.325994 0.591799 -0.003070 -1.608027 -3.696423 -4.677827 -9999.0 -9999.0 -9999.0 -9999.0 -9999.0 -9999.0 -9999.0 -9999.0 -9999.0 -9999.0 -9999.0 -9999.0 -9999.0 -9999.0 -9999.0 -9999.0 -9999.0 -9999.0 -9999.0 -9999.0 -9999.0 -9999.0 -9999.0 -9999.0 -9999.0 -9999.0 -9999.0 -9999.0 -9999.0
-9999.0 -9999.0 -9999.0 -9999.0 -9999.0 -9999.0 -9999.0 -9999.0 -9999.0 -9999.0 -9999.0 -9999.0 -9999.0 -9999.0 -9999.0 -9999.0 -9999.0 4.402146 2.564040 2.299155 0.308750 0.259312 0.555971 0.504704 2.540662 0.267341 0.158486 0.104678 0.104530 0.487185 0.373494 -0.003852 -2.580719 -3.887231 -5.046667 -6.327296 -9999.0 -9999.0 -9999.0 -9999.0 -9999.0 -9999.0 -9999.0 -9999.0 -9999.0 -9999.0 -9999.0 -9999.0 -9999.0 -9999.0 -9999.0 -9999.0 -9999.0 -9999.0 -9999.0 -9999.0 -9999.0 -9999.0 -9999.0 -9999.0 -9999.0 -9999.0 -9999.0
-9999.0 -9999.0 -9999.0 -9999.0 -9999.0 -9999.0 -9999.0 -9999.0 -9999.0 -9999.0 -9999.0 -9999.0 -9999.0 0.228365 1.310887 2.298686 4.088612 5.233267 4.050971 1.927327 1.406144 1.385354 1.113082 2.455022 0.219782 0.148361 -0.735686 -0.009103 0.179338 0.117075 0.202584 -0.003548 -1.422307 -1.471605 -4.051491 -6.514473 -9999.0 -9999.0 -9999.0 -9999.0 -9999.0 -9999.0 -9999.0 -9999.0 -9999.0 -9999.0 -9999.0 -9999.0 -9999.0 -9999.0 -9999.0 -9999.0 -9999.0 -9999.0 -9999.0 -9999.0 -9999.0 -9999.0 -9999.0 -9999.0 -9999.0 -9999.0 -9999.0
-9999.0 -9999.0 -9999.0 -9999.0 -9999.0 -9999.0 -9999.0 -9999.0 -9999.0 -9999.0 -9999.0 -9999.0 -9999.0 0.550754 2.373960 2.961820 3.113335 4.280437 5.329125 3.505193 2.848918 2.137694 1.351171 0.479982 0.242598 0.055142 0.087999 -3.593203 -3.652584 -0.878374 -0.010106 -1.473474 -4.607065 -5.561653 -5.649100 -9999.0 -9999.0 -9999.0 -9999.0 -9999.0 -9999.0 -9999.0 -9999.0 -9999.0 -9999.0 -9999.0 -9999.0 -9999.0 -9999.0 -9999.0 -9999.0 -9999.0 -9999.0 -9999.0 -9999.0 -9999.0 -9999.0 -9999.0 -9999.0 -9999.0 -9999.0 -9999.0 -9999.0
-9999.0 -9999.0 -9999.0 -9999.0 -9999.0 -9999.0 -9999.0 -9999.0 -9999.0 -9999.0 -9999.0 -9999.0 -9999.0 2.159120 2.353090 3.192477 2.608177 3.357659 5.485043 3.701413 2.337372 0.894702 -0.003975 0.133499 0.800347 0.181608 -2.455476 -4.592224 -1.309350 -5.556010 -1.539084 -4.962043 -5.697296 -2.337219 -6.643387 -9999.0 -9999.0 -9999.0 -9999.0 -9999.0 -9999.0 -9999.0 -9999.0 -9999.0 -9999.0 -9999.0 -9999.0 -9999.0 -9999.0 -9999.0 -9999.0 -9999.0 -9999.0 -9999.0 -9999.0 -9999.0 -9999.0 -9999.0 -9999.0 -9999.0 -9999.0 -9999.0 -9999.0
-9999.0 -9999.0 -9999.0 -9999.0 -9999.0 -9999.0 -9999.0 -9999.0 -9999.0 -9999.0 -9999.0 -9999.0 1.002683 1.762864 2.638114 0.919125 0.831282 2.849550 4.969147 3.705426 1.551612 0.217940 0.041117 0.130629 0.251961 -0.019880 -0.010722 -1.236432 -0.011964 -4.843222 -1.130234 -4.786178 -1.697842 -6.391401 -9999.0 -9999.0 -9999.0 -9999.0 -9999.0 -9999.0 -9999.0 -9999.0 -9999.0 -9999.0 -9999.0 -9999.0 -9999.0 -9999.0 -9999.0 -9999.0 -9999.0 -9999.0 -9999.0 -9999.0 -9999.0 -9999.0 -9999.0 -9999.0 -9999.0 -9999.0 -9999.0 -9999.0 -9999.0
-9999.0 -9999.0 -9999.0 -9999.0 -9999.0 -9999.0 -9999.0 -9999.0 -9999.0 -9999.0 -9999.0 0.108189 0.565352 1.732060 1.201120 0.339660 1.549253 2.669622 5.117862 2.728247 1.280150 1.348315 -0.001629 -0.005967 0.071781 -1.328598 -1.226999 -1.555436 -0.009151 -5.345526 -4.906463 -0.009290 -4.087698 -5.391702 -4.994716 -4.033027 -0.003917 0.153037 0.206123 -9999.0 -9999.0 -9999.0 -5.588197 -9999.0 -9999.0 -9999.0 -9999.0 -9999.0 -9999.0 -9999.0 -9999.0 -9999.0 -9999.0 -9999.0 -9999.0 -9999.0 -9999.0 -9999.0 -9999.0 -9999.0 -9999.0 -9999.0 -9999.0
-9999.0 -9999.0 -9999.0 -9999.0 -9999.0 -9999.0 -9999.0 -9999.0 -9999.0 -9999.0 -9999.0 0.078818 0.441588 1.618375 1.374781 -0.004221 3.297306 3.229188 5.117672 3.366860 1.980144 0.499026 -0.001595 -0.540943 -0.881189 -1.521604 -0.006969 -0.006764 -2.649527 -4.596122 -1.547385 -0.002646 -1.238860 -1.811938 -1.635037 -1.543192 0.337783 0.590541 0.266447 -3.622253 -3.486235 -4.438241 -1.567432 -3.624203 -9999.0 -9999.0 -9999.0 -1.902545 -2.016734 -4.827427 -1.834967 -5.500310 -5.713336 -1.764153 -2.808585 -6.267767 -9999.0 -9999.0 -9999.0 -9999.0 -9999.0 -9999.0 -9999.0
-9999.0 -9999.0 -9999.0 -9999.0 -9999.0 -9999.0 -9999.0 -9999.0 -9999.0 -9999.0 -9999.0 0.095620 -0.002879 0.068865 0.447918 0.325595 0.202825 2.183867 3.902932 4.340492 1.668051 0.176023 0.048162 -0.006801 -1.492235 -1.559371 -0.015443 -0.073652 -3.947376 -1.497674 -4.199222 -0.903333 -0.005420 -1.341524 -4.555983 -0.004785 -0.008295 0.120079 1.176591 -1.982266 0.261744 -0.005970 -0.010594 -1.521672 -1.384483 -9999.0 -6.898028 -1.775000 -1.588981 -0.017041 -0.004007 -2.555356 -1.437447 -1.651453 -1.569376 -1.767407 -9999.0 -9999.0 -9999.0 -9999.0 -9999.0 -9999.0 -9999.0
-9999.0 -9999.0 -9999.0 -9999.0 -9999.0 -9999.0 -9999.0 -9999.0 -9999.0 -9999.0 -9999.0 -9999.0 0.057268 -0.002011 0.617587 0.503209 0.118532 1.758699 3.720366 4.399517 1.336282 0.182130 0.149520 -0.005008 -0.612391 -0.878257 0.514174 -1.317257 -1.601395 -4.534433 -1.590419 -0.059188 -0.006561 -1.652282 -1.673896 -1.475887 -0.008045 0.523278 2.067398 0.299423 0.585665 0.358913 -0.005438 -0.001698 -4.016359 -1.840280 -5.238011 -1.761207 -1.020903 -0.007007 0.338845 -0.833219 -0.005525 -0.938836 -1.026376 -1.516396 -1.749294 -9999.0 -9999.0 -9999.0 -9999.0 -9999.0 -9999.0
-9999.0 -9999.0 -9999.0 -9999.0 -9999.0 -9999.0 -9999.0 -9999.0 -9999.0 -9999.0 -9999.0 -0.027427 -0.034371 0.071905 0.069541 0.092387 0.316783 0.590047 3.191445 3.372533 1.555347 0.185434 0.192884 0.073275 -0.002369 0.098583 -0.007502 -1.155544 -0.005115 -3.230938 -0.018151 -0.002550 0.182624 -1.617922 -1.497247 -1.504552 -0.006293 0.258443 1.018098 1.655988 0.123401 0.281607 0.125392 -1.335120 0.426437 -0.016303 -1.462310 -3.422333 -2.718321 0.161839 -3.725126 -1.542325 -1.113465 -4.552876 -4.592521 -1.849482 -4.562738 -9999.0 -9999.0 -9999.0 -9999.0 -9999.0 -9999.0
-9999.0 -9999.0 -9999.0 -9999.0 -9999.0 -9999.0 -9999.0 -9999.0 -9999.0 -9999.0 0.257267 -0.005416 0.149079 0.215205 0.515603 0.326480 0.184703 0.193811 2.731885 3.103982 2.559163 1.270710 0.083807 0.625397 0.210270 0.141093 -0.944623 -3.651259 -0.004666 0.100411 0.128886 -0.003797 -0.004462 -1.583174 -5.513627 -4.209264 -0.010809 -0.122777 0.103657 0.190850 0.202690 0.701332 1.541018 0.257383 -0.001845 -1.162235 -1.420590 -0.004514 0.128346 0.088426 -4.305347 -5.481884 -5.019628 -3.340441 -5.244817 -1.639358 -1.613983 -9999.0 -9999.0 -9999.0 -9999.0 -9999.0 -9999.0
-9999.0 -9999.0 -9999.0 -9999.0 -9999.0 -9999.0 -9999.0 -9999.0 -9999.0 -1.474150 -0.003078 -0.004107 0.113373 0.095580 0.100234 0.035640 0.103779 0.998771 2.488685 3.447742 2.838318 0.427972 0.285965 0.856405 0.398400 -0.433730 -0.003233 0.198446 0.100127 0.267442 0.111315 -2.569181 -3.992758 -6.614530 -4.525402 -4.203650 -1.238059 -0.887056 -0.835605 -0.002459 -0.005357 0.094005 0.070940 1.187635 0.606854 0.243546 0.743421 0.194784 0.177042 0.944131 -0.890601 -4.650858 -4.223458 -7.139870 -5.612546 -1.134725 -1.029643 -4.137979 -4.292285 -9999.0 -9999.0 -9999.0 -9999.0
-9999.0 -9999.0 -9999.0 -9999.0 -9999.0 -9999.0 -9999.0 -9999.0 -9999.0 -1.425739 -1.464008 -0.004916 1.034217 0.180753 0.198275 0.113176 0.561422 0.702523 3.008399 4.569999 4.269883 3.589836 2.030921 0.512563 -0.006882 0.070392 0.214907 0.329432 0.216435 0.303990 0.264014 -1.100370 -1.451386 -1.342320 -1.616113 -2.124258 -2.242048 -2.836313 -0.009088 -0.004097 -0.650895 -0.002454 0.178935 0.160444 1.706920 1.339988 0.948131 0.264529 0.106614 0.136847 -2.273676 -1.381183 -6.903878 -4.247372 -4.479916 -1.864271 -0.993877 -0.024756 -1.797946 -9999.0 -9999.0 -9999.0 -9999.0
-9999.0 -9999.0 -9999.0 -9999.0 -9999.0 -9999.0 -9999.0 -9999.0 -9999.0 -9999.0 -1.556012 -0.003511 -0.001922 0.234902 0.332388 0.224231 0.266413 1.498411 3.642337 4.424423 3.551306 1.488997 0.211775 -0.001440 0.103491 0.326996 0.098954 0.449128 0.283281 -0.997568 -1.071719 -0.015353 -1.155969 -1.652276 -0.005721 0.153308 0.489611 0.205111 -1.619766 -1.493607 -1.120511 -0.003526 0.325247 0.033165 -0.001845 0.098281 0.120417 2.564883 2.700567 0.134228 -2.710474 -0.972917 -5.557077 -6.602373 -3.896774 -1.730401 -1.356723 0.314422 0.295363 0.371371 -9999.0 -9999.0 -9999.0
-9999.0 -9999.0 -9999.0 -9999.0 -9999.0 -9999.0 -9999.0 -9999.0 -9999.0 -9999.0 -1.585827 -1.414421 -0.005624 0.064854 2.448780 0.294500 0.284773 2.109617 4.248542 4.861525 2.992567 0.803738 0.233836 0.230941 0.280707 1.096851 1.121616 0.097972 -0.918555 -0.703344 -1.499906 -0.006355 -3.838538 -1.360058 -1.504572 -0.003699 0.021254 0.101988 -0.957970 -1.208009 -1.500332 -0.815077 -0.016188 -0.082161 -0.003332 -0.726489 0.076789 -0.003271 0.997932 2.404312 0.084236 -0.911595 -1.205217 -5.165157 -5.647875 -5.025833 -1.323204 -0.003934 0.775872 2.425990 -9999.0 -9999.0 -9999.0
-9999.0 -9999.0 -9999.0 -9999.0 -9999.0 -9999.0 -9999.0 -9999.0 -0.004424 -0.004980 -0.007982 -0.367232 -0.012857 -0.007477 -0.662251 1.712752 1.791666 4.360373 5.190269 5.202565 4.643795 3.042369 2.110630 0.388042 0.694685 1.467086 1.901003 -0.777037 -0.866019 -1.114440 -4.366083 -1.505079 -1.523143 -1.347428 -1.475010 -0.856866 0.083002 0.196098 -0.652830 -2.803084 -3.484454 -0.006540 -3.698644 -3.064335 -0.001380 0.155717 -0.624216 -0.004627 -0.002476 2.975298 0.115688 -0.739196 -1.067334 -3.284173 -4.795539 -1.623752 -3.220691 0.627704 0.166443 3.213405 -9999.0 -9999.0 -9999.0
-9999.0 -9999.0 -9999.0 -9999.0 -9999.0 -9999.0 -9999.0 -9999.0 -1.594320 -0.401634 -1.052775 -1.209995 -0.821536 -0.003971 0.041572 0.151895 1.130123 1.615385 4.402325 5.624365 6.404679 5.869600 4.528578 3.233744 2.534704 2.056344 0.175602 0.107629 -3.741250 -1.671488 -1.343592 -2.780037 -1.341752 -3.856755 -0.008699 -0.004363 0.442320 0.099056 -0.003135 -0.009668 -1.529948 -1.705613 -3.775836 -0.005781 0.151059 -0.009309 -3.811597 -1.361006 0.074412 0.514954 2.442770 0.160199 -2.610633 -1.391960 -0.001360 -1.885793 0.227054 0.046881 2.760727 5.742531 6.260919 -9999.0 -9999.0
-9999.0 -9999.0 -9999.0 -9999.0 -9999.0 -9999.0 -9999.0 -9999.0 -1.484471 -0.002160 -0.005179 -0.760649 -0.004581 -2.565225 0.065821 0.060829 0.207178 1.457165 4.792925 6.414050 6.036983 6.545917 5.963314 4.788266 4.990715 2.172075 0.410977 -0.357136 -3.138557 -1.475624 -3.386576 0.142833 -0.976438 -0.893193 -0.002158 0.724873 0.173116 1.712096 -0.006301 -0.005587 -0.022281 -3.534581 -0.011747 -0.004161 -0.884621 -1.323082 -2.681823 -0.027028 -0.552377 0.162370 2.017900 0.103051 -1.081338 -0.875105 0.151449 0.059472 0.310250 2.501987 4.460161 5.285038 6.170647 -9999.0 -9999.0
-9999.0 -9999.0 -9999.0 -9999.0 -9999.0 -9999.0 -9999.0 -9999.0 -5.098011 -0.012072 -0.006095 -3.301910 -0.009791 -0.855297 -0.685505 0.171403 3.145479 4.608779 4.337929 5.217115 5.575738 6.056227 6.610712 5.996866 3.285798 0.826200 0.179201 -0.008583 0.387494 -0.002446 -0.006238 -0.001959 0.233215 0.308935 -0.001750 0.539012 1.177158 2.321185 0.226754 0.076947 0.097586 0.058480 -0.000889 0.110373 0.116250 -1.730190 -0.005028 -2.499740 0.148268 0.198467 0.064542 1.525507 0.120868 0.387399 1.069800 1.914668 3.426918 3.955136 5.200730 5.983465 4.367168 2.238139 -9999.0
-9999.0 -9999.0 -9999.0 -9999.0 -9999.0 -9999.0 -9999.0 -9999.0 -1.542487 -1.198122 -0.003813 -0.453513 -0.708041 -0.016140 1.342462 2.242231 3.289911 2.002021 0.622646 1.939732 4.324735 5.662849 5.832613 5.614997 3.760228 0.376326 0.056151 0.291912 0.472864 0.414909 0.126930 0.303027 0.778564 0.689605 0.387120 0.990710 2.136868 3.692401 2.685358 1.558553 0.501428 0.288143 0.433224 0.225443 0.102100 0.538346 0.068490 0.248332 0.257684 0.108897 2.013651 1.596210 1.274391 2.297902 3.064328 3.468510 4.400165 4.989678 4.800038 4.156078 2.021365 0.718452 -9999.0
-9999.0 -9999.0 -0.002669 -0.006930 -0.914064 -0.001334 -0.730498 -1.023918 -1.692112 -1.489569 -0.011647 -0.004061 -0.008514 0.892580 3.252169 2.445485 -0.004818 -0.003545 0.079687 0.268456 1.913488 4.370184 5.309737 5.977122 4.074022 1.463681 0.328357 0.356187 1.589710 1.699516 0.264254 0.396524 3.314562 1.179192 2.739954 3.248700 5.157512 5.368038 3.922308 3.109188 3.139377 2.685366 1.731480 1.663376 0.261681 0.423809 0.375177 0.386740 2.616934 3.434800 4.403590 4.696025 4.139873 3.769440 3.640406 4.516177 3.588401 3.725162 1.553647 1.619230 0.987633 0.161462 -9999.0
-9999.0 0.086457 -0.011500 -0.083882 -0.019947 -0.010488 -0.841803 -1.079261 -1.233681 -1.650816 -0.934446 -0.785052 0.523313 2.105676 2.318212 -0.643546 -0.019909 -0.007485 0.159427 0.270961 2.032701 3.111002 4.195357 4.122471 5.331531 3.884494 3.953527 4.182549 3.873927 3.149528 2.930077 1.502637 2.135097 5.133423 5.642097 7.150950 8.285423 8.854609 7.784258 7.245118 6.437718 5.583781 4.924348 2.657865 1.830515 2.977982 4.432179 4.530467 5.524712 4.360743 5.018807 4.444992 3.316117 2.777231 2.726839 1.900910 0.838512 1.060911 0.538019 0.378823 0.079180 0.112037 -9999.0
-9999.0 0.205434 0.062741 0.195626 0.881672 -0.001354 -0.685808 -0.554941 -0.008080 -0.009321 -0.641800 -0.383557 0.397363 2.374142 -0.002810 -1.096960 -1.041804 -0.003693 -0.002956 0.094566 0.572004 1.353465 1.292724 1.313637 4.755206 5.654227 5.370874 5.523390 5.494620 5.001029 5.838733 5.348838 4.958870 5.726954 7.152469 8.074464 9.950158 12.267699 9.841085 10.041589 9.121939 7.750858 6.656034 6.868897 7.352162 6.712036 6.926603 6.665267 6.030519 5.582919 3.474771 0.840419 0.840821 0.901710 0.749122 -0.005376 -0.002073 -0.007184 -0.006319 -0.618072 -0.011516 -9999.0 -9999.0
