user2019/resources/simulation/Vinschgau/output-maps/TsL0005N0540.asc
ncols         63
nrows         48
xllcorner     598000.000000
yllcorner     5145000.000000
cellsize      1000.000000
NODATA_value  -9999.0
[rows 0 to 27 of 48, columns 0 to 62 of 63]
-9999.0 -9999.0 -9999.0 -9999.0 -9999.0 -9999.0 -9999.0 -9999.0 -9999.0 -9999.0 -9999.0 -9999.0 -9999.0 -9999.0 -9999.0 -9999.0 -9999.0 -9999.0 -9999.0 -9999.0 -9999.0 -9999.0 -9999.0 -9999.0 -9999.0 -9999.0 -9999.0 -9999.0 -9999.0 -9999.0 -9999.0 -9999.0 -9999.0 -9999.0 -9999.0 -9999.0 -9999.0 -9999.0 -9999.0 -9999.0 -9999.0 -9999.0 -9999.0 -9999.0 -9999.0 -9999.0 -9999.0 -9999.0 -9999.0 -9999.0 -9999.0 -9999.0 -9999.0 -9999.0 -9999.0 -9999.0 -9999.0 -9999.0 -9999.0 -9999.0 -9999.0 -9999.0 -9999.0
-9999.0 -9999.0 -9999.0 -9999.0 -9999.0 -9999.0 -9999.0 -9999.0 -9999.0 -9999.0 -9999.0 -9999.0 -9999.0 -9999.0 -9999.0 -9999.0 -9999.0 -9999.0 -9999.0 -9999.0 -9999.0 -9999.0 -9999.0 -9999.0 -9999.0 -9999.0 -9999.0 13.325502 13.811293 13.529407 12.429833 12.099008 10.763968 -9999.0 -9999.0 -9999.0 -9999.0 -9999.0 -9999.0 -9999.0 -9999.0 -9999.0 -9999.0 -9999.0 -9999.0 -9999.0 -9999.0 -9999.0 -9999.0 -9999.0 -9999.0 -9999.0 -9999.0 -9999.0 -9999.0 -9999.0 -9999.0 -9999.0 -9999.0 -9999.0 -9999.0 -9999.0 -9999.0
-9999.0 -9999.0 -9999.0 -9999.0 -9999.0 -9999.0 -9999.0 -9999.0 -9999.0 -9999.0 -9999.0 -9999.0 -9999.0 -9999.0 -9999.0 -9999.0 -9999.0 -9999.0 -9999.0 -9999.0 -9999.0 -9999.0 -9999.0 -9999.0 14.254968 14.514857 14.772219 14.331883 13.020026 12.280954 12.678674 -9999.0 -9999.0 -9999.0 -9999.0 -9999.0 -9999.0 -9999.0 -9999.0 -9999.0 -9999.0 -9999.0 -9999.0 -9999.0 -9999.0 -9999.0 -9999.0 -9999.0 -9999.0 -9999.0 -9999.0 -9999.0 -9999.0 -9999.0 -9999.0 -9999.0 -9999.0 -9999.0 -9999.0 -9999.0 -9999.0 -9999.0 -9999.0
-9999.0 -9999.0 -9999.0 -9999.0 -9999.0 -9999.0 -9999.0 -9999.0 -9999.0 -9999.0 -9999.0 -9999.0 -9999.0 -9999.0 -9999.0 -9999.0 -9999.0 -9999.0 -9999.0 -9999.0 -9999.0 -9999.0 -9999.0 14.516505 15.335852 13.710672 13.822478 14.019307 12.824307 14.502686 12.920172 12.345004 -9999.0 -9999.0 -9999.0 -9999.0 -9999.0 -9999.0 -9999.0 -9999.0 -9999.0 -9999.0 -9999.0 -9999.0 -9999.0 -9999.0 -9999.0 -9999.0 -9999.0 -9999.0 -9999.0 -9999.0 -9999.0 -9999.0 -9999.0 -9999.0 -9999.0 -9999.0 -9999.0 -9999.0 -9999.0 -9999.0 -9999.0
-9999.0 -9999.0 -9999.0 -9999.0 -9999.0 -9999.0 -9999.0 -9999.0 -9999.0 -9999.0 -9999.0 -9999.0 -9999.0 -9999.0 -9999.0 -9999.0 -9999.0 -9999.0 16.537488 14.358298 -9999.0 14.568856 15.123622 13.748815 14.110738 15.832854 16.417614 16.300953 14.718470 13.576738 14.156610 13.031791 11.978388 9.412061 -9999.0 -9999.0 -9999.0 -9999.0 -9999.0 -9999.0 -9999.0 -9999.0 -9999.0 -9999.0 -9999.0 -9999.0 -9999.0 -9999.0 -9999.0 -9999.0 -9999.0 -9999.0 -9999.0 -9999.0 -9999.0 -9999.0 -9999.0 -9999.0 -9999.0 -9999.0 -9999.0 -9999.0 -9999.0
-9999.0 -9999.0 -9999.0 -9999.0 -9999.0 -9999.0 -9999.0 -9999.0 -9999.0 -9999.0 -9999.0 -9999.0 -9999.0 -9999.0 -9999.0 -9999.0 -9999.0 14.925887 12.982203 15.660973 15.538051 12.167063 13.037147 14.335540 17.460120 11.646361 10.302645 12.087142 10.342384 12.678483 14.714585 11.971242 11.500686 12.557725 11.241063 9.110439 -9999.0 -9999.0 -9999.0 -9999.0 -9999.0 -9999.0 -9999.0 -9999.0 -9999.0 -9999.0 -9999.0 -9999.0 -9999.0 -9999.0 -9999.0 -9999.0 -9999.0 -9999.0 -9999.0 -9999.0 -9999.0 -9999.0 -9999.0 -9999.0 -9999.0 -9999.0 -9999.0
-9999.0 -9999.0 -9999.0 -9999.0 -9999.0 -9999.0 -9999.0 -9999.0 -9999.0 -9999.0 -9999.0 -9999.0 -9999.0 14.363070 12.611239 12.478797 14.092624 22.981995 14.663713 14.204837 14.272488 15.109581 16.545444 17.458102 11.339788 14.536111 11.682778 11.189830 11.226643 11.663091 9.992275 11.674096 10.819015 10.020958 9.721397 9.301737 -9999.0 -9999.0 -9999.0 -9999.0 -9999.0 -9999.0 -9999.0 -9999.0 -9999.0 -9999.0 -9999.0 -9999.0 -9999.0 -9999.0 -9999.0 -9999.0 -9999.0 -9999.0 -9999.0 -9999.0 -9999.0 -9999.0 -9999.0 -9999.0 -9999.0 -9999.0 -9999.0
-9999.0 -9999.0 -9999.0 -9999.0 -9999.0 -9999.0 -9999.0 -9999.0 -9999.0 -9999.0 -9999.0 -9999.0 -9999.0 14.770835 13.342436 12.773127 12.683550 18.807303 23.219215 16.434117 14.474611 17.040390 13.064636 12.359677 13.518230 12.431700 13.724342 12.043956 12.642320 10.460099 10.760875 10.567839 9.934001 8.304788 8.592439 -9999.0 -9999.0 -9999.0 -9999.0 -9999.0 -9999.0 -9999.0 -9999.0 -9999.0 -9999.0 -9999.0 -9999.0 -9999.0 -9999.0 -9999.0 -9999.0 -9999.0 -9999.0 -9999.0 -9999.0 -9999.0 -9999.0 -9999.0 -9999.0 -9999.0 -9999.0 -9999.0 -9999.0
-9999.0 -9999.0 -9999.0 -9999.0 -9999.0 -9999.0 -9999.0 -9999.0 -9999.0 -9999.0 -9999.0 -9999.0 -9999.0 13.056032 14.071206 13.914072 11.808889 13.269788 23.165848 14.476949 17.498056 15.038130 11.373796 10.970286 13.395972 12.844591 14.418096 12.372637 12.839269 11.673864 10.434448 8.884474 7.643815 -0.434540 7.329354 -9999.0 -9999.0 -9999.0 -9999.0 -9999.0 -9999.0 -9999.0 -9999.0 -9999.0 -9999.0 -9999.0 -9999.0 -9999.0 -9999.0 -9999.0 -9999.0 -9999.0 -9999.0 -9999.0 -9999.0 -9999.0 -9999.0 -9999.0 -9999.0 -9999.0 -9999.0 -9999.0 -9999.0
-9999.0 -9999.0 -9999.0 -9999.0 -9999.0 -9999.0 -9999.0 -9999.0 -9999.0 -9999.0 -9999.0 -9999.0 12.463579 13.476621 13.205904 11.998393 9.850739 12.007314 19.375195 16.084362 13.962696 11.595739 11.885313 11.626217 11.207633 13.199819 9.993360 12.968912 12.082206 10.644259 9.940026 11.801377 9.622597 7.577657 -9999.0 -9999.0 -9999.0 -9999.0 -9999.0 -9999.0 -9999.0 -9999.0 -9999.0 -9999.0 -9999.0 -9999.0 -9999.0 -9999.0 -9999.0 -9999.0 -9999.0 -9999.0 -9999.0 -9999.0 -9999.0 -9999.0 -9999.0 -9999.0 -9999.0 -9999.0 -9999.0 -9999.0 -9999.0
-9999.0 -9999.0 -9999.0 -9999.0 -9999.0 -9999.0 -9999.0 -9999.0 -9999.0 -9999.0 -9999.0 13.535760 12.061097 10.755944 11.430455 13.598062 11.711450 11.361630 18.824197 13.427455 12.080061 13.525756 14.987510 14.049330 12.116055 13.960018 12.261244 14.124326 11.959582 10.918952 12.212376 11.347960 10.410335 10.761882 12.100354 14.815369 14.227342 16.134482 16.804506 -9999.0 -9999.0 -9999.0 11.870407 -9999.0 -9999.0 -9999.0 -9999.0 -9999.0 -9999.0 -9999.0 -9999.0 -9999.0 -9999.0 -9999.0 -9999.0 -9999.0 -9999.0 -9999.0 -9999.0 -9999.0 -9999.0 -9999.0 -9999.0
-9999.0 -9999.0 -9999.0 -9999.0 -9999.0 -9999.0 -9999.0 -9999.0 -9999.0 -9999.0 -9999.0 12.885535 11.850386 11.495755 11.822989 12.351018 12.493995 12.432596 18.959415 17.051789 17.799079 16.186728 15.022895 9.379734 9.778858 14.115533 14.085217 14.443879 12.511236 11.473151 13.327373 11.837087 12.140394 11.386681 10.871665 12.719585 17.759560 18.894543 17.378407 14.843684 14.245299 12.632491 12.259181 13.361219 -9999.0 -9999.0 -9999.0 8.422121 10.618818 12.025351 11.893011 11.849443 10.845527 9.691714 9.678416 10.225834 -9999.0 -9999.0 -9999.0 -9999.0 -9999.0 -9999.0 -9999.0
-9999.0 -9999.0 -9999.0 -9999.0 -9999.0 -9999.0 -9999.0 -9999.0 -9999.0 -9999.0 -9999.0 12.363622 13.173335 8.954030 13.435894 13.389225 9.620489 10.437360 17.125950 17.583664 11.581631 11.823454 10.397610 14.982218 13.997025 15.065653 10.610080 9.704575 13.721434 11.994679 13.335259 8.102993 14.000214 11.379077 14.563590 15.234786 11.380777 12.604634 20.541238 16.996448 17.257316 13.988371 13.636963 13.175607 11.544773 -9999.0 9.326727 11.208965 13.212872 13.859349 14.819524 13.679397 13.921188 13.845546 12.799163 12.965482 -9999.0 -9999.0 -9999.0 -9999.0 -9999.0 -9999.0 -9999.0
-9999.0 -9999.0 -9999.0 -9999.0 -9999.0 -9999.0 -9999.0 -9999.0 -9999.0 -9999.0 -9999.0 -9999.0 13.002214 8.735440 13.821306 13.843012 8.370566 10.474767 18.423751 17.863973 12.229955 12.543744 12.254551 11.243474 9.778317 10.862162 14.801453 14.536248 13.511321 13.709256 13.845833 8.604029 14.406053 12.584216 11.645637 14.090624 10.504961 12.890783 21.928332 18.326779 18.180996 17.645825 9.790240 14.504915 13.751296 11.897340 11.590702 11.890981 8.702230 10.367527 11.094563 9.527569 10.090425 9.481797 8.682766 12.548663 13.254309 -9999.0 -9999.0 -9999.0 -9999.0 -9999.0 -9999.0
-9999.0 -9999.0 -9999.0 -9999.0 -9999.0 -9999.0 -9999.0 -9999.0 -9999.0 -9999.0 -9999.0 8.821256 12.727814 13.801295 9.275649 9.812372 10.852935 10.754987 19.120870 13.645417 12.849230 12.155755 12.442378 11.009615 11.277678 12.265703 11.190751 13.637274 13.952062 15.192106 10.105766 9.706910 15.017589 12.491577 10.746563 13.168734 16.196767 12.232836 13.179107 20.609326 12.088469 12.813372 12.028250 11.980603 15.120565 12.623018 12.731254 14.259995 15.109532 11.331160 8.781300 12.655238 0.238715 0.396293 1.285560 12.231238 12.812615 -9999.0 -9999.0 -9999.0 -9999.0 -9999.0 -9999.0
-9999.0 -9999.0 -9999.0 -9999.0 -9999.0 -9999.0 -9999.0 -9999.0 -9999.0 -9999.0 13.540295 10.098949 14.372406 14.248890 15.020155 10.703047 10.648181 10.326611 13.397168 14.132684 18.036570 16.905100 11.001201 17.343546 13.080540 12.005506 10.775691 10.032362 15.748111 15.955724 10.961742 10.139312 14.392044 12.304590 11.290868 14.788007 15.553574 10.955435 10.753044 13.884345 14.255850 14.295365 20.791978 11.264122 10.556483 15.068329 14.056888 10.339476 11.143902 11.524188 8.390162 11.557519 6.889372 10.569883 11.280151 13.302121 13.221145 -9999.0 -9999.0 -9999.0 -9999.0 -9999.0 -9999.0
-9999.0 -9999.0 -9999.0 -9999.0 -9999.0 -9999.0 -9999.0 -9999.0 -9999.0 13.164312 13.303978 9.932356 10.777353 9.747206 10.520304 10.685218 10.462962 17.106805 13.774388 14.875931 18.692572 13.020466 12.952149 14.387525 13.443682 10.845303 10.509161 16.643281 12.507817 12.834078 12.791183 9.088885 13.279518 11.349604 12.060622 13.512186 13.301908 8.780595 9.604561 10.385191 10.747580 9.739675 9.543892 12.560232 11.460963 10.816992 16.327744 10.355253 10.633525 12.348976 9.704739 11.899982 8.488098 9.983237 11.995555 9.179361 0.297160 14.158211 13.059828 -9999.0 -9999.0 -9999.0 -9999.0
-9999.0 -9999.0 -9999.0 -9999.0 -9999.0 -9999.0 -9999.0 -9999.0 -9999.0 12.143692 12.273378 14.159194 15.331631 11.811632 11.053673 10.701751 16.491386 13.208541 14.651103 20.441869 20.295883 20.098437 18.098905 17.228491 11.472946 12.004475 12.644689 13.537768 14.443835 16.178185 15.540244 9.114297 13.362250 12.404011 13.226052 15.263621 15.692601 16.625456 12.968190 14.474810 9.168523 8.812424 10.359578 12.200010 12.444945 13.804601 13.681926 12.875905 12.284222 12.607165 8.438449 7.219331 10.171895 11.021744 12.695572 8.530800 11.032000 11.600109 15.489882 -9999.0 -9999.0 -9999.0 -9999.0
-9999.0 -9999.0 -9999.0 -9999.0 -9999.0 -9999.0 -9999.0 -9999.0 -9999.0 -9999.0 13.287336 14.540262 11.525314 10.861988 12.567098 11.650805 12.518825 14.377275 15.631593 16.998816 19.829267 14.548397 12.699245 12.206636 12.362398 13.874701 14.905932 15.322379 16.388729 10.464968 9.815919 10.180022 0.281299 12.550080 14.263203 14.428717 14.967470 14.664215 14.226316 12.780643 11.958246 14.702241 13.853835 10.383285 10.349823 10.780219 11.836024 17.049222 14.885903 13.155399 9.576409 10.365458 12.082140 11.544753 11.086671 12.966504 14.239997 13.364475 13.756459 14.241897 -9999.0 -9999.0 -9999.0
-9999.0 -9999.0 -9999.0 -9999.0 -9999.0 -9999.0 -9999.0 -9999.0 -9999.0 -9999.0 13.110101 14.253108 15.259433 11.867178 17.552820 12.343168 12.270696 14.134435 16.913597 17.548155 15.538077 13.937956 12.696324 13.041155 13.848755 15.790676 16.450900 13.867418 11.247129 9.558180 14.067751 13.772051 9.067809 11.867661 13.306261 12.691439 10.059874 10.339003 8.587349 11.980875 13.010682 13.058859 8.966450 13.901837 14.842771 9.666492 11.333580 11.323274 13.647738 15.183144 13.151050 11.270163 9.320749 13.116285 12.235780 13.017883 13.380034 12.902073 14.734394 16.041847 -9999.0 -9999.0 -9999.0
-9999.0 -9999.0 -9999.0 -9999.0 -9999.0 -9999.0 -9999.0 -9999.0 15.236477 14.442106 13.739043 14.381468 10.883945 11.214249 11.072137 13.659064 14.554804 20.633635 17.887039 18.131025 17.214304 16.250750 15.344558 13.892560 15.110466 16.656955 19.158487 12.339446 11.630635 0.319907 13.135588 13.151757 13.700733 12.325506 12.387886 12.704486 15.473525 10.768230 7.069827 12.334225 11.982152 12.382119 7.977499 12.555945 14.919581 14.059894 8.055789 10.895770 12.118776 15.196814 13.905952 11.777110 0.347311 9.315333 14.016549 14.570171 15.539360 17.518931 15.649844 16.381047 -9999.0 -9999.0 -9999.0
-9999.0 -9999.0 -9999.0 -9999.0 -9999.0 -9999.0 -9999.0 -9999.0 10.661161 11.057265 9.326179 13.577254 14.793549 11.673395 10.915726 12.673406 13.765905 14.402552 17.157330 18.788029 25.030786 23.057055 21.218860 20.455304 16.332501 16.751112 14.897063 13.278235 11.107908 14.689907 13.503837 14.742158 13.158868 13.796352 12.950781 14.158030 14.699210 11.204908 9.896253 12.641285 11.301588 10.763753 11.883463 13.229984 13.860270 9.800792 0.437288 13.434262 11.904338 14.188732 16.032424 13.626793 0.616983 14.966608 16.399170 13.786104 13.981051 15.161614 17.330376 19.003618 19.588153 -9999.0 -9999.0
-9999.0 -9999.0 -9999.0 -9999.0 -9999.0 -9999.0 -9999.0 -9999.0 13.938388 14.482693 14.735945 9.112637 14.332293 10.272048 12.277195 11.412426 13.216883 15.796300 17.380020 24.504569 19.497575 23.812603 23.757530 18.748081 21.793688 15.860543 14.152729 11.696562 10.929940 15.374398 15.567888 14.582334 0.311540 0.310174 13.742554 14.689329 10.895237 11.962230 9.356237 9.141502 12.098558 12.106000 12.537214 12.964785 0.276139 13.023845 13.711844 14.127003 10.630291 13.096974 15.848614 15.437193 0.698915 12.189103 15.336430 15.952706 16.744550 17.778000 18.986303 18.492923 19.288484 -9999.0 -9999.0
-9999.0 -9999.0 -9999.0 -9999.0 -9999.0 -9999.0 -9999.0 -9999.0 13.271498 15.655560 11.711155 10.656888 14.404086 11.471652 12.184122 13.505519 15.748985 17.274230 19.869260 17.688080 18.995348 19.595210 24.120367 23.507007 16.501095 14.408472 12.656387 11.025918 16.767595 12.558325 11.909093 11.773991 12.108685 11.937102 0.321290 15.323453 16.477561 12.935845 10.497481 9.771935 12.568918 12.920239 13.148224 14.018325 13.360654 14.065625 14.145960 14.455545 15.629258 12.877617 14.286637 16.966061 16.737520 16.092847 17.611460 18.112856 18.674258 17.643500 18.399698 19.204402 18.024118 15.439774 -9999.0
-9999.0 -9999.0 -9999.0 -9999.0 -9999.0 -9999.0 -9999.0 -9999.0 12.766341 15.413918 12.103595 11.238651 11.930316 12.907650 18.349453 16.094172 18.692668 14.813330 13.657805 15.134779 17.220829 19.224153 19.649972 19.634334 21.257198 13.867798 11.733616 13.460887 14.006609 13.791832 11.285151 13.197372 13.836683 12.707465 11.819206 12.393170 13.253129 14.234816 13.388949 12.455301 11.340547 11.326943 11.741620 11.211771 0.297179 14.986326 11.726915 12.527951 12.907021 14.936004 16.738409 16.887353 17.822546 19.131042 19.324871 19.164468 19.587594 19.386703 18.838286 18.251787 16.432359 14.630017 -9999.0
-9999.0 -9999.0 14.955038 15.282431 10.110834 9.866043 10.731284 0.290657 14.514327 15.128649 12.145759 12.424981 12.784921 15.218370 19.955061 15.324067 13.137676 11.332254 12.526455 13.477976 15.434529 17.888796 18.914544 19.055385 17.801513 15.277197 13.711042 13.588842 14.586973 18.062100 12.080012 12.346239 17.070046 13.217479 14.629786 13.411135 15.887605 15.710320 14.526277 12.551278 13.889986 14.039124 12.629847 13.610265 10.800832 12.680768 14.192352 13.437971 15.836423 17.404301 18.863543 19.378862 19.542952 19.765995 19.772356 24.284942 18.639045 18.551667 17.680448 16.198827 18.766195 13.697374 -9999.0
-9999.0 11.114133 11.081099 10.988951 10.709151 10.978419 10.634930 0.324821 0.622938 14.045244 11.304668 12.124338 13.824515 18.455092 18.638960 12.751813 12.231514 11.446535 12.166783 13.387419 15.647245 16.598615 20.615823 17.966669 23.146301 17.776257 20.972148 20.964061 16.874143 15.759955 15.505420 15.038924 15.044370 18.339773 16.627065 17.263768 18.267807 17.646455 17.841625 17.000358 16.558165 16.504869 15.925475 13.873022 13.338198 14.030687 16.018499 16.382552 18.272773 18.194628 18.757982 18.825860 18.319407 18.363904 18.421841 17.822111 15.927725 15.705368 16.091498 18.005073 13.408140 13.352197 -9999.0
-9999.0 16.244728 12.083866 12.247009 15.826750 11.607488 9.284103 0.380414 14.330291 14.549873 11.088566 11.897157 14.328966 18.873786 13.374942 11.026141 11.012494 11.391210 13.367508 13.447857 18.242430 15.561901 16.602492 17.919357 23.496543 24.663802 18.207032 18.594045 18.009636 17.272182 17.545090 16.878231 16.186268 16.467209 20.270004 18.542329 24.683941 25.057206 19.837050 19.546009 18.820020 17.712518 17.719182 16.681824 17.325389 17.547789 18.282382 18.481079 18.213006 18.325065 17.500906 16.138619 16.044162 16.555090 16.167350 14.687561 14.654232 13.543415 13.242747 12.391516 12.314999 -9999.0 -9999.0
