user2019/resources/simulation/Vinschgau/output-maps/TsL0003N1320.asc
ncols         63
nrows         48
xllcorner     598000.000000
yllcorner     5145000.000000
cellsize      1000.000000
NODATA_value  -9999.0
[rows 0 to 27 of 48, columns 0 to 62 of 63]
-9999.0 -9999.0 -9999.0 -9999.0 -9999.0 -9999.0 -9999.0 -9999.0 -9999.0 -9999.0 -9999.0 -9999.0 -9999.0 -9999.0 -9999.0 -9999.0 -9999.0 -9999.0 -9999.0 -9999.0 -9999.0 -9999.0 -9999.0 -9999.0 -9999.0 -9999.0 -9999.0 -9999.0 -9999.0 -9999.0 -9999.0 -9999.0 -9999.0 -9999.0 -9999.0 -9999.0 -9999.0 -9999.0 -9999.0 -9999.0 -9999.0 -9999.0 -9999.0 -9999.0 -9999.0 -9999.0 -9999.0 -9999.0 -9999.0 -9999.0 -9999.0 -9999.0 -9999.0 -9999.0 -9999.0 -9999.0 -9999.0 -9999.0 -9999.0 -9999.0 -9999.0 -9999.0 -9999.0
-9999.0 -9999.0 -9999.0 -9999.0 -9999.0 -9999.0 -9999.0 -9999.0 -9999.0 -9999.0 -9999.0 -9999.0 -9999.0 -9999.0 -9999.0 -9999.0 -9999.0 -9999.0 -9999.0 -9999.0 -9999.0 -9999.0 -9999.0 -9999.0 -9999.0 -9999.0 -9999.0 4.294856 0.067862 5.439802 -0.005257 -0.010818 -0.142942 -9999.0 -9999.0 -9999.0 -9999.0 -9999.0 -9999.0 -9999.0 -9999.0 -9999.0 -9999.0 -9999.0 -9999.0 -9999.0 -9999.0 -9999.0 -9999.0 -9999.0 -9999.0 -9999.0 -9999.0 -9999.0 -9999.0 -9999.0 -9999.0 -9999.0 -9999.0 -9999.0 -9999.0 -9999.0 -9999.0
-9999.0 -9999.0 -9999.0 -9999.0 -9999.0 -9999.0 -9999.0 -9999.0 -9999.0 -9999.0 -9999.0 -9999.0 -9999.0 -9999.0 -9999.0 -9999.0 -9999.0 -9999.0 -9999.0 -9999.0 -9999.0 -9999.0 -9999.0 -9999.0 2.561745 3.456338 4.658416 2.523258 4.636196 4.403269 -0.005651 -9999.0 -9999.0 -9999.0 -9999.0 -9999.0 -9999.0 -9999.0 -9999.0 -9999.0 -9999.0 -9999.0 -9999.0 -9999.0 -9999.0 -9999.0 -9999.0 -9999.0 -9999.0 -9999.0 -9999.0 -9999.0 -9999.0 -9999.0 -9999.0 -9999.0 -9999.0 -9999.0 -9999.0 -9999.0 -9999.0 -9999.0 -9999.0
-9999.0 -9999.0 -9999.0 -9999.0 -9999.0 -9999.0 -9999.0 -9999.0 -9999.0 -9999.0 -9999.0 -9999.0 -9999.0 -9999.0 -9999.0 -9999.0 -9999.0 -9999.0 -9999.0 -9999.0 -9999.0 -9999.0 -9999.0 3.947200 6.394444 5.254777 5.558166 5.727360 5.858270 5.152272 -0.005767 -0.004569 -9999.0 -9999.0 -9999.0 -9999.0 -9999.0 -9999.0 -9999.0 -9999.0 -9999.0 -9999.0 -9999.0 -9999.0 -9999.0 -9999.0 -9999.0 -9999.0 -9999.0 -9999.0 -9999.0 -9999.0 -9999.0 -9999.0 -9999.0 -9999.0 -9999.0 -9999.0 -9999.0 -9999.0 -9999.0 -9999.0 -9999.0
-9999.0 -9999.0 -9999.0 -9999.0 -9999.0 -9999.0 -9999.0 -9999.0 -9999.0 -9999.0 -9999.0 -9999.0 -9999.0 -9999.0 -9999.0 -9999.0 -9999.0 -9999.0 11.271863 6.343593 -9999.0 5.302685 6.511088 4.878396 5.004348 5.744774 7.541428 8.164118 4.232677 2.953783 3.537636 -0.005730 1.597927 3.262920 -9999.0 -9999.0 -9999.0 -9999.0 -9999.0 -9999.0 -9999.0 -9999.0 -9999.0 -9999.0 -9999.0 -9999.0 -9999.0 -9999.0 -9999.0 -9999.0 -9999.0 -9999.0 -9999.0 -9999.0 -9999.0 -9999.0 -9999.0 -9999.0 -9999.0 -9999.0 -9999.0 -9999.0 -9999.0
-9999.0 -9999.0 -9999.0 -9999.0 -9999.0 -9999.0 -9999.0 -9999.0 -9999.0 -9999.0 -9999.0 -9999.0 -9999.0 -9999.0 -9999.0 -9999.0 -9999.0 5.945454 4.610974 5.543575 8.371350 1.938863 3.252443 4.682419 8.581408 0.857497 -0.032494 2.519285 -0.022340 3.572137 7.048999 4.293558 6.129257 3.911580 1.786113 2.697834 -9999.0 -9999.0 -9999.0 -9999.0 -9999.0 -9999.0 -9999.0 -9999.0 -9999.0 -9999.0 -9999.0 -9999.0 -9999.0 -9999.0 -9999.0 -9999.0 -9999.0 -9999.0 -9999.0 -9999.0 -9999.0 -9999.0 -9999.0 -9999.0 -9999.0 -9999.0 -9999.0
-9999.0 -9999.0 -9999.0 -9999.0 -9999.0 -9999.0 -9999.0 -9999.0 -9999.0 -9999.0 -9999.0 -9999.0 -9999.0 11.534173 4.691256 4.258929 5.557430 15.678253 5.593535 5.294252 5.196010 4.878142 5.566417 8.987400 -0.008528 6.156812 -0.025292 -0.009733 -0.014416 -0.006708 -0.173229 5.196905 0.876047 0.011943 1.550795 2.031678 -9999.0 -9999.0 -9999.0 -9999.0 -9999.0 -9999.0 -9999.0 -9999.0 -9999.0 -9999.0 -9999.0 -9999.0 -9999.0 -9999.0 -9999.0 -9999.0 -9999.0 -9999.0 -9999.0 -9999.0 -9999.0 -9999.0 -9999.0 -9999.0 -9999.0 -9999.0 -9999.0
-9999.0 -9999.0 -9999.0 -9999.0 -9999.0 -9999.0 -9999.0 -9999.0 -9999.0 -9999.0 -9999.0 -9999.0 -9999.0 11.973317 6.522294 5.130243 4.933344 16.320386 15.735926 7.173709 4.897546 10.440776 3.510759 2.421370 4.289342 3.221815 0.070508 4.967423 1.713639 -0.041911 -0.019001 0.021139 1.490058 1.587148 1.605818 -9999.0 -9999.0 -9999.0 -9999.0 -9999.0 -9999.0 -9999.0 -9999.0 -9999.0 -9999.0 -9999.0 -9999.0 -9999.0 -9999.0 -9999.0 -9999.0 -9999.0 -9999.0 -9999.0 -9999.0 -9999.0 -9999.0 -9999.0 -9999.0 -9999.0 -9999.0 -9999.0 -9999.0
-9999.0 -9999.0 -9999.0 -9999.0 -9999.0 -9999.0 -9999.0 -9999.0 -9999.0 -9999.0 -9999.0 -9999.0 -9999.0 6.502415 7.065059 7.628851 4.708442 5.441293 16.375971 5.755203 13.552033 4.319789 1.300017 -0.012627 4.107783 3.636668 6.540559 1.687894 -0.005135 1.557285 -0.004406 1.218543 1.802553 -5.261396 2.138839 -9999.0 -9999.0 -9999.0 -9999.0 -9999.0 -9999.0 -9999.0 -9999.0 -9999.0 -9999.0 -9999.0 -9999.0 -9999.0 -9999.0 -9999.0 -9999.0 -9999.0 -9999.0 -9999.0 -9999.0 -9999.0 -9999.0 -9999.0 -9999.0 -9999.0 -9999.0 -9999.0 -9999.0
-9999.0 -9999.0 -9999.0 -9999.0 -9999.0 -9999.0 -9999.0 -9999.0 -9999.0 -9999.0 -9999.0 -9999.0 5.353947 6.630117 7.312966 5.770433 3.375836 5.142333 17.633517 7.410283 5.345695 1.637025 3.012731 -0.009392 -0.201539 0.066873 -1.144442 -0.005844 0.077283 1.495002 -0.030742 1.647838 -0.003803 2.894333 -9999.0 -9999.0 -9999.0 -9999.0 -9999.0 -9999.0 -9999.0 -9999.0 -9999.0 -9999.0 -9999.0 -9999.0 -9999.0 -9999.0 -9999.0 -9999.0 -9999.0 -9999.0 -9999.0 -9999.0 -9999.0 -9999.0 -9999.0 -9999.0 -9999.0 -9999.0 -9999.0 -9999.0 -9999.0
-9999.0 -9999.0 -9999.0 -9999.0 -9999.0 -9999.0 -9999.0 -9999.0 -9999.0 -9999.0 -9999.0 10.799529 6.809603 3.364373 6.905667 14.254164 6.609114 5.353611 17.046761 8.662215 3.587947 4.739425 7.457592 2.845642 2.532210 2.533877 -0.005442 0.049342 -0.003845 1.717290 1.757619 1.504582 1.583815 2.040760 1.750852 2.057933 -0.007344 -0.009455 2.599018 -9999.0 -9999.0 -9999.0 3.302948 -9999.0 -9999.0 -9999.0 -9999.0 -9999.0 -9999.0 -9999.0 -9999.0 -9999.0 -9999.0 -9999.0 -9999.0 -9999.0 -9999.0 -9999.0 -9999.0 -9999.0 -9999.0 -9999.0 -9999.0
-9999.0 -9999.0 -9999.0 -9999.0 -9999.0 -9999.0 -9999.0 -9999.0 -9999.0 -9999.0 -9999.0 9.699761 6.703535 8.297167 8.040000 14.198732 9.178406 5.799235 17.229524 12.583125 13.556184 10.517386 5.312147 -0.218571 -0.133813 0.062018 0.029024 2.862320 4.836941 1.851371 0.030096 4.240320 -0.004833 -0.006482 -0.019932 0.044188 5.102019 7.143091 1.971491 2.644419 2.624001 3.163255 -0.005302 1.641718 -9999.0 -9999.0 -9999.0 -0.020354 -0.033866 1.309176 -0.031086 1.125501 1.408544 -0.030974 -0.101152 1.617292 -9999.0 -9999.0 -9999.0 -9999.0 -9999.0 -9999.0 -9999.0
-9999.0 -9999.0 -9999.0 -9999.0 -9999.0 -9999.0 -9999.0 -9999.0 -9999.0 -9999.0 -9999.0 9.300514 10.720799 3.898944 13.042780 15.135742 5.236943 4.766253 14.087209 12.375287 3.053884 0.379204 -0.095452 2.298463 0.062110 4.612644 -0.111120 -1.513891 2.597425 -0.008793 1.706511 -0.170072 2.649819 -0.006049 1.597720 3.914059 -0.101660 -0.203229 8.329063 2.969720 -0.008872 -0.015394 2.971966 0.049585 -0.030496 -9999.0 3.279261 -0.031132 -0.004663 0.947723 4.510660 5.735548 -0.009611 -0.005174 -0.007690 -0.006096 -9999.0 -9999.0 -9999.0 -9999.0 -9999.0 -9999.0 -9999.0
-9999.0 -9999.0 -9999.0 -9999.0 -9999.0 -9999.0 -9999.0 -9999.0 -9999.0 -9999.0 -9999.0 -9999.0 9.987108 -0.005474 12.283923 12.949181 1.743204 3.775788 16.215130 12.101400 2.932573 2.408083 -0.006368 -0.065326 -0.338949 -0.123376 2.664983 4.851385 -0.005467 1.676158 -0.006351 -0.118107 5.608829 -0.004567 -0.004526 0.071468 -0.106442 -0.097841 8.552571 7.205180 7.448558 6.626320 -0.064087 4.600913 1.593486 -0.031433 1.687088 -0.009012 -0.320375 -0.070237 -0.039469 -0.123613 -1.659702 -0.298839 -0.408828 -0.003647 -0.004967 -9999.0 -9999.0 -9999.0 -9999.0 -9999.0 -9999.0
-9999.0 -9999.0 -9999.0 -9999.0 -9999.0 -9999.0 -9999.0 -9999.0 -9999.0 -9999.0 -9999.0 -0.063565 6.485450 11.651010 -0.004631 2.179995 4.218339 3.022684 15.509335 4.854225 3.195236 1.508883 -0.001317 -0.120467 -0.109016 -0.283074 -0.072252 -0.005746 -0.005843 4.958581 -0.121147 -0.237522 6.060817 -0.004775 -0.026751 0.037795 0.062485 -0.065015 0.133881 9.622954 -0.065806 -0.006034 -0.000338 -0.004905 6.825952 -0.005504 0.066829 4.865431 6.221362 -0.021785 -1.065405 -0.005800 -1.145769 -2.861468 -3.514865 -0.113288 1.348575 -9999.0 -9999.0 -9999.0 -9999.0 -9999.0 -9999.0
-9999.0 -9999.0 -9999.0 -9999.0 -9999.0 -9999.0 -9999.0 -9999.0 -9999.0 -9999.0 3.533408 -0.034027 6.263128 7.198362 9.802733 -0.000206 -0.000222 0.398496 4.041108 4.501006 9.917299 7.274433 -0.115771 7.268989 -0.008253 -0.331519 -0.191658 -1.947068 6.014672 5.943409 -0.027474 -0.212090 5.016898 -0.004694 2.004384 2.124945 4.382036 -0.081890 -0.054533 1.351439 1.827274 2.728099 9.896136 1.524851 -0.022581 4.879745 0.947362 -0.055002 -0.100296 -0.008305 -2.162016 1.283403 -3.990082 -0.161890 -0.006293 -0.004739 -0.004603 -9999.0 -9999.0 -9999.0 -9999.0 -9999.0 -9999.0
-9999.0 -9999.0 -9999.0 -9999.0 -9999.0 -9999.0 -9999.0 -9999.0 -9999.0 0.108361 4.635444 -0.027074 -0.005989 -0.065809 -0.025628 -0.011530 -0.030632 10.430311 3.965276 4.537366 10.318741 1.382008 1.028613 2.920686 0.133463 -0.745228 -0.438448 5.346981 -0.033006 -0.003457 0.455358 -0.946718 2.129913 1.825559 2.988198 1.926695 4.490097 -0.127499 -0.095426 -0.024953 -0.362031 -0.083127 -0.096747 2.211358 1.932978 -0.018951 8.835968 -0.079168 -0.076489 0.737207 -0.191062 1.224953 -0.167178 -0.001103 -0.001112 -1.327980 -0.485214 1.543069 0.760977 -9999.0 -9999.0 -9999.0 -9999.0
-9999.0 -9999.0 -9999.0 -9999.0 -9999.0 -9999.0 -9999.0 -9999.0 -9999.0 1.190010 0.069184 6.519690 6.006018 -0.006366 -0.034875 -0.067950 7.946441 2.782327 4.522117 11.464252 10.982225 10.612818 8.121868 5.344171 -0.372593 -0.147566 -0.060467 -0.008399 1.944573 5.430237 5.039024 -1.310020 0.066868 -0.005197 -0.004795 2.197307 3.930112 6.379675 0.061535 6.469259 -0.085983 -0.179096 -0.050209 2.354136 3.184889 4.166829 4.073929 2.354718 -0.006703 1.310198 -2.208522 -3.114908 -0.008157 -0.226658 -0.001296 -2.184516 -0.373836 -0.193115 2.998233 -9999.0 -9999.0 -9999.0 -9999.0
-9999.0 -9999.0 -9999.0 -9999.0 -9999.0 -9999.0 -9999.0 -9999.0 -9999.0 -9999.0 -0.006276 5.949467 -0.010340 -0.246805 0.033037 -0.029308 -0.007945 4.329167 5.292109 6.897864 11.037245 3.152342 -0.020368 -0.069334 -0.112482 -0.023398 1.136504 2.575037 4.688949 -0.884678 -1.204279 -1.346205 -1.409579 -0.004945 2.723370 6.184856 5.196765 5.606122 3.602050 0.044620 -0.006138 5.129850 5.370924 -0.017558 -0.009887 -0.006365 2.202005 8.431946 5.319785 1.525382 -1.159229 -0.487459 -0.002512 -0.185868 -0.243567 -0.030873 0.028324 -0.297122 -0.015273 -0.013424 -9999.0 -9999.0 -9999.0
-9999.0 -9999.0 -9999.0 -9999.0 -9999.0 -9999.0 -9999.0 -9999.0 -9999.0 -9999.0 -0.004925 1.483199 4.944368 -0.005479 6.513156 0.888503 -0.009916 3.066815 5.722974 7.605697 3.858126 2.052885 -0.026104 -0.031709 -0.024139 1.999875 3.232971 -0.006910 -0.580709 -1.166246 0.038125 4.073139 -1.323237 -0.005618 0.045792 6.089286 -0.256606 -0.025642 -0.204855 -0.005714 0.059766 7.811568 -0.062388 5.182428 5.763651 -0.073906 -0.005630 -0.009738 3.566002 4.806323 0.238707 -0.215787 -1.864375 -0.000980 -0.259218 -0.036606 -0.030711 -0.082760 1.775613 3.343338 -9999.0 -9999.0 -9999.0
-9999.0 -9999.0 -9999.0 -9999.0 -9999.0 -9999.0 -9999.0 -9999.0 1.449117 -0.005955 -0.012903 2.745159 -0.102451 -0.049507 -0.036678 2.081955 3.401325 11.400572 7.910663 8.015178 5.586180 4.573177 3.742268 2.131672 2.324775 2.269362 6.335837 -0.194890 -0.146202 -1.049327 1.511309 0.040761 0.044163 -0.005737 0.069155 0.068263 9.344126 -0.014141 -1.799177 2.342649 5.302608 5.083200 -0.986427 3.289715 7.020203 4.221689 -1.632008 -0.055241 -0.007213 3.874869 1.580414 -0.169915 -0.909552 -3.556118 -0.005119 -0.006537 1.564019 5.653296 2.276505 4.938545 -9999.0 -9999.0 -9999.0
-9999.0 -9999.0 -9999.0 -9999.0 -9999.0 -9999.0 -9999.0 -9999.0 -1.420499 -0.128872 -0.591167 -0.005488 0.069429 -0.659257 -0.242187 -0.006847 2.369475 2.966673 5.931777 8.580534 16.404629 14.292159 14.212386 13.344908 3.880462 3.791317 1.132631 -0.033388 -1.256334 -0.005450 -0.005634 3.347904 0.260767 4.164800 2.531269 4.477439 10.707541 1.331894 -0.042678 3.618160 0.042456 -0.015665 4.614496 4.646368 2.119934 -0.078892 -1.468074 2.455918 -0.031989 1.898042 3.127372 -0.035221 -2.842163 -0.030979 -0.009169 -0.259517 -0.094130 -0.003195 4.875900 7.494851 8.369720 -9999.0 -9999.0
-9999.0 -9999.0 -9999.0 -9999.0 -9999.0 -9999.0 -9999.0 -9999.0 0.040158 0.023009 0.007736 -1.306078 1.145967 -0.780853 -0.078306 -0.175681 0.770693 5.012783 5.860327 15.782119 9.017996 14.126521 14.487404 7.807751 11.570768 3.671747 0.687853 -0.533765 -1.778848 0.042702 4.642281 4.949860 -0.217665 -0.153799 5.575436 10.003002 0.013257 2.217046 -0.024472 -0.057707 3.201869 5.486650 3.055561 0.022659 -0.130014 2.511827 2.609731 0.016410 -0.256909 -0.015633 3.079964 1.286907 -3.134713 -2.728283 -0.042400 -0.000343 2.257686 4.041699 7.391593 7.725508 8.085426 -9999.0 -9999.0
-9999.0 -9999.0 -9999.0 -9999.0 -9999.0 -9999.0 -9999.0 -9999.0 1.447427 3.306135 -0.058006 -1.737400 0.041051 -0.146527 -0.093532 0.293956 4.400566 5.646855 11.284356 6.086711 8.443380 8.864608 13.402520 12.516906 4.050389 1.496549 -0.039866 -1.239482 4.693176 -0.058742 -0.075742 -0.036453 0.001493 -0.000303 -0.026402 9.337551 11.606349 4.571099 1.214571 -0.009714 5.875383 6.621582 6.387050 6.931520 0.038378 5.287386 6.457953 6.094789 0.057762 -0.095159 -0.009796 2.837254 1.440190 -0.035477 1.724808 2.871540 5.102906 5.287203 6.141555 7.826928 6.925791 3.149322 -9999.0
-9999.0 -9999.0 -9999.0 -9999.0 -9999.0 -9999.0 -9999.0 -9999.0 -0.085388 0.032518 -0.743319 -0.855539 -0.108893 -0.059875 5.254621 4.044896 8.157111 2.929659 1.436847 3.335054 5.180217 8.272328 8.458258 8.115051 10.643082 0.739668 -0.385703 -0.024536 0.034618 -0.000188 -0.072484 1.178174 4.077084 2.607656 1.877170 3.942605 5.392232 6.530533 5.897073 3.806224 2.473314 2.569751 2.299390 0.024936 -0.085220 7.300115 -0.036604 -0.012566 -0.041975 0.979074 3.475792 2.174410 2.452962 3.237798 3.755538 4.176522 5.026946 6.286180 7.088909 7.224179 4.626840 2.572859 -9999.0
-9999.0 -9999.0 4.138693 2.284884 -1.869339 -0.170564 -0.832736 -0.437550 -0.003970 0.014655 -0.107563 -0.484271 -0.048883 0.883863 7.382854 2.566168 -0.017363 -0.536929 -0.058475 0.002502 3.213946 5.916122 7.705171 6.551361 6.221163 2.474810 0.186406 0.765551 3.084374 7.312660 -0.018557 1.395442 10.393440 3.897105 6.541680 5.136093 8.989890 8.770509 7.688990 5.033150 6.760651 6.778110 4.775490 4.775795 -0.008023 2.121266 3.164008 1.889085 5.040530 5.850385 6.490110 5.861808 4.843333 4.132310 3.963430 11.359331 4.742207 5.498708 5.569451 3.970522 8.734234 1.805527 -9999.0
-9999.0 -0.064851 -0.076165 -0.093338 -0.153038 -0.123545 -0.597084 -0.749366 -1.682989 -0.004592 -0.259077 -0.218489 -0.000299 6.206563 5.092961 -0.080570 -0.115375 -0.229542 -0.133811 -0.013604 2.993290 4.741674 11.149380 5.346173 11.872664 6.057494 10.200854 10.560933 6.757974 5.382036 5.396230 5.605136 7.309180 13.401371 9.568719 10.904904 12.531880 11.666326 12.688969 11.087265 10.204067 9.990162 9.290317 5.291937 4.015282 4.395205 6.625276 6.374837 8.387494 6.514189 6.771170 5.649084 4.541748 3.626305 3.523802 2.840230 1.089408 1.460149 2.649985 6.119054 0.924667 1.618211 -9999.0
-9999.0 7.342542 -0.002577 -0.010272 3.943609 -0.050231 -1.785970 -1.235814 -0.004283 -0.009631 -0.459876 -0.534422 0.550332 5.617019 -0.051258 -1.818270 -0.626480 -0.291405 -0.305951 -0.008760 6.623406 2.497651 3.523066 4.821066 13.055815 14.145061 5.878990 7.936451 7.990243 6.847626 6.985788 6.771686 9.113864 9.966431 16.087979 13.044499 22.102172 23.081921 15.535751 14.485465 13.803850 12.733654 11.729190 8.521654 8.373803 8.244621 9.591963 9.314397 8.624566 7.795781 5.921147 2.509118 1.269114 1.829736 0.901565 -0.032332 -0.326293 -0.042386 -0.033257 -0.055210 -0.026840 -9999.0 -9999.0
