user2019/resources/simulation/Vinschgau/output-maps/TsL0006N0093.asc
ncols         63
nrows         48
xllcorner     598000.000000
yllcorner     5145000.000000
cellsize      1000.000000
NODATA_value  -9999.0
[rows 0 to 27 of 48, columns 0 to 62 of 63]
-9999.0 -9999.0 -9999.0 -9999.0 -9999.0 -9999.0 -9999.0 -9999.0 -9999.0 -9999.0 -9999.0 -9999.0 -9999.0 -9999.0 -9999.0 -9999.0 -9999.0 -9999.0 -9999.0 -9999.0 -9999.0 -9999.0 -9999.0 -9999.0 -9999.0 -9999.0 -9999.0 -9999.0 -9999.0 -9999.0 -9999.0 -9999.0 -9999.0 -9999.0 -9999.0 -9999.0 -9999.0 -9999.0 -9999.0 -9999.0 -9999.0 -9999.0 -9999.0 -9999.0 -9999.0 -9999.0 -9999.0 -9999.0 -9999.0 -9999.0 -9999.0 -9999.0 -9999.0 -9999.0 -9999.0 -9999.0 -9999.0 -9999.0 -9999.0 -9999.0 -9999.0 -9999.0 -9999.0
-9999.0 -9999.0 -9999.0 -9999.0 -9999.0 -9999.0 -9999.0 -9999.0 -9999.0 -9999.0 -9999.0 -9999.0 -9999.0 -9999.0 -9999.0 -9999.0 -9999.0 -9999.0 -9999.0 -9999.0 -9999.0 -9999.0 -9999.0 -9999.0 -9999.0 -9999.0 -9999.0 -0.888182 -0.962941 -0.965176 -0.858594 -0.886198 -0.987787 -9999.0 -9999.0 -9999.0 -9999.0 -9999.0 -9999.0 -9999.0 -9999.0 -9999.0 -9999.0 -9999.0 -9999.0 -9999.0 -9999.0 -9999.0 -9999.0 -9999.0 -9999.0 -9999.0 -9999.0 -9999.0 -9999.0 -9999.0 -9999.0 -9999.0 -9999.0 -9999.0 -9999.0 -9999.0 -9999.0
-9999.0 -9999.0 -9999.0 -9999.0 -9999.0 -9999.0 -9999.0 -9999.0 -9999.0 -9999.0 -9999.0 -9999.0 -9999.0 -9999.0 -9999.0 -9999.0 -9999.0 -9999.0 -9999.0 -9999.0 -9999.0 -9999.0 -9999.0 -9999.0 -0.019320 -0.986915 -1.127460 -1.102315 -1.119732 -1.018360 -0.870606 -9999.0 -9999.0 -9999.0 -9999.0 -9999.0 -9999.0 -9999.0 -9999.0 -9999.0 -9999.0 -9999.0 -9999.0 -9999.0 -9999.0 -9999.0 -9999.0 -9999.0 -9999.0 -9999.0 -9999.0 -9999.0 -9999.0 -9999.0 -9999.0 -9999.0 -9999.0 -9999.0 -9999.0 -9999.0 -9999.0 -9999.0 -9999.0
-9999.0 -9999.0 -9999.0 -9999.0 -9999.0 -9999.0 -9999.0 -9999.0 -9999.0 -9999.0 -9999.0 -9999.0 -9999.0 -9999.0 -9999.0 -9999.0 -9999.0 -9999.0 -9999.0 -9999.0 -9999.0 -9999.0 -9999.0 -0.624174 -0.092033 0.002513 0.001206 0.003766 -0.005158 -1.043050 -1.013231 -0.898183 -9999.0 -9999.0 -9999.0 -9999.0 -9999.0 -9999.0 -9999.0 -9999.0 -9999.0 -9999.0 -9999.0 -9999.0 -9999.0 -9999.0 -9999.0 -9999.0 -9999.0 -9999.0 -9999.0 -9999.0 -9999.0 -9999.0 -9999.0 -9999.0 -9999.0 -9999.0 -9999.0 -9999.0 -9999.0 -9999.0 -9999.0
-9999.0 -9999.0 -9999.0 -9999.0 -9999.0 -9999.0 -9999.0 -9999.0 -9999.0 -9999.0 -9999.0 -9999.0 -9999.0 -9999.0 -9999.0 -9999.0 -9999.0 -9999.0 0.027031 -0.003925 -9999.0 -0.441804 -0.111658 0.005146 0.014412 0.018216 -0.033877 -0.029020 0.036806 -0.008718 -1.057212 -1.008615 -1.008691 -1.065525 -9999.0 -9999.0 -9999.0 -9999.0 -9999.0 -9999.0 -9999.0 -9999.0 -9999.0 -9999.0 -9999.0 -9999.0 -9999.0 -9999.0 -9999.0 -9999.0 -9999.0 -9999.0 -9999.0 -9999.0 -9999.0 -9999.0 -9999.0 -9999.0 -9999.0 -9999.0 -9999.0 -9999.0 -9999.0
-9999.0 -9999.0 -9999.0 -9999.0 -9999.0 -9999.0 -9999.0 -9999.0 -9999.0 -9999.0 -9999.0 -9999.0 -9999.0 -9999.0 -9999.0 -9999.0 -9999.0 -1.223611 -0.001718 -0.950436 -0.961579 -0.024446 -0.006439 -0.005446 0.020885 -0.035434 -0.478527 -0.013274 -0.952257 -0.048023 -0.023464 -1.009051 -1.113950 -1.070093 -1.008167 -2.115101 -9999.0 -9999.0 -9999.0 -9999.0 -9999.0 -9999.0 -9999.0 -9999.0 -9999.0 -9999.0 -9999.0 -9999.0 -9999.0 -9999.0 -9999.0 -9999.0 -9999.0 -9999.0 -9999.0 -9999.0 -9999.0 -9999.0 -9999.0 -9999.0 -9999.0 -9999.0 -9999.0
-9999.0 -9999.0 -9999.0 -9999.0 -9999.0 -9999.0 -9999.0 -9999.0 -9999.0 -9999.0 -9999.0 -9999.0 -9999.0 -0.827921 -0.005729 -0.007282 -0.008094 -0.502775 -1.255315 0.015206 0.018662 0.032446 0.010531 0.010962 -1.286545 -0.979080 -0.902438 -0.873182 -0.877810 -0.063282 -0.075038 -1.063870 -0.958948 -1.551210 -2.563856 -2.869946 -9999.0 -9999.0 -9999.0 -9999.0 -9999.0 -9999.0 -9999.0 -9999.0 -9999.0 -9999.0 -9999.0 -9999.0 -9999.0 -9999.0 -9999.0 -9999.0 -9999.0 -9999.0 -9999.0 -9999.0 -9999.0 -9999.0 -9999.0 -9999.0 -9999.0 -9999.0 -9999.0
-9999.0 -9999.0 -9999.0 -9999.0 -9999.0 -9999.0 -9999.0 -9999.0 -9999.0 -9999.0 -9999.0 -9999.0 -9999.0 -0.009501 0.029810 -0.006606 -0.006819 0.085137 -1.072968 -0.003859 -1.331505 -0.394379 -0.002682 -0.013485 -0.016955 -0.948374 -1.002143 -1.114098 -1.366857 -0.891146 -0.714750 -1.389806 -2.638561 -3.237429 -3.165022 -9999.0 -9999.0 -9999.0 -9999.0 -9999.0 -9999.0 -9999.0 -9999.0 -9999.0 -9999.0 -9999.0 -9999.0 -9999.0 -9999.0 -9999.0 -9999.0 -9999.0 -9999.0 -9999.0 -9999.0 -9999.0 -9999.0 -9999.0 -9999.0 -9999.0 -9999.0 -9999.0 -9999.0
-9999.0 -9999.0 -9999.0 -9999.0 -9999.0 -9999.0 -9999.0 -9999.0 -9999.0 -9999.0 -9999.0 -9999.0 -9999.0 0.000453 0.035850 0.058396 -0.007747 -0.008836 -1.279235 -0.013832 -0.002454 -1.084047 -0.024426 -0.424753 -0.013118 -0.008291 -0.967277 -1.349940 -0.983718 -2.018518 -1.093940 -2.945028 -2.957429 -3.351805 -3.518976 -9999.0 -9999.0 -9999.0 -9999.0 -9999.0 -9999.0 -9999.0 -9999.0 -9999.0 -9999.0 -9999.0 -9999.0 -9999.0 -9999.0 -9999.0 -9999.0 -9999.0 -9999.0 -9999.0 -9999.0 -9999.0 -9999.0 -9999.0 -9999.0 -9999.0 -9999.0 -9999.0 -9999.0
-9999.0 -9999.0 -9999.0 -9999.0 -9999.0 -9999.0 -9999.0 -9999.0 -9999.0 -9999.0 -9999.0 -9999.0 -0.004691 0.017978 0.014566 -1.160775 -0.005935 -0.008413 0.103193 -1.823990 -0.007700 -1.033090 -0.877550 -0.439665 -0.024659 -0.911643 -0.350595 -0.902341 -0.993390 -1.821018 -1.305044 -1.035395 -1.178810 -2.368421 -9999.0 -9999.0 -9999.0 -9999.0 -9999.0 -9999.0 -9999.0 -9999.0 -9999.0 -9999.0 -9999.0 -9999.0 -9999.0 -9999.0 -9999.0 -9999.0 -9999.0 -9999.0 -9999.0 -9999.0 -9999.0 -9999.0 -9999.0 -9999.0 -9999.0 -9999.0 -9999.0 -9999.0 -9999.0
-9999.0 -9999.0 -9999.0 -9999.0 -9999.0 -9999.0 -9999.0 -9999.0 -9999.0 -9999.0 -9999.0 -0.032532 -0.155921 0.010984 -1.090173 -0.991319 -1.008925 -0.009101 0.171870 -1.804538 -0.364962 0.007108 -0.907178 -0.868411 -0.932233 -0.889000 -0.914349 -0.933925 -1.149697 -2.370222 -0.956244 -1.204720 -1.175109 -2.651250 -2.173053 -3.352744 -4.463502 -3.663499 -3.326202 -9999.0 -9999.0 -9999.0 -2.514649 -9999.0 -9999.0 -9999.0 -9999.0 -9999.0 -9999.0 -9999.0 -9999.0 -9999.0 -9999.0 -9999.0 -9999.0 -9999.0 -9999.0 -9999.0 -9999.0 -9999.0 -9999.0 -9999.0 -9999.0
-9999.0 -9999.0 -9999.0 -9999.0 -9999.0 -9999.0 -9999.0 -9999.0 -9999.0 -9999.0 -9999.0 -0.724948 -0.176544 -0.003393 -0.008913 -0.802167 -0.006786 -0.006097 0.169243 0.110024 0.025176 0.001922 -0.604369 -0.960336 -0.969909 -0.864408 -0.939987 -0.987780 -0.938012 -1.122723 -1.092163 -1.247785 -1.297588 -1.250097 -1.898936 -4.010975 -3.667073 -6.682429 -7.805009 -8.125073 -6.373997 -4.553375 -1.826224 -1.524693 -9999.0 -9999.0 -9999.0 -0.006507 -0.007509 -0.270789 -0.006468 -0.186574 -0.170283 0.005032 0.005379 -0.016618 -9999.0 -9999.0 -9999.0 -9999.0 -9999.0 -9999.0 -9999.0
-9999.0 -9999.0 -9999.0 -9999.0 -9999.0 -9999.0 -9999.0 -9999.0 -9999.0 -9999.0 -9999.0 -0.513445 -0.780607 -1.031719 -0.034906 -1.030736 -0.010621 -0.006110 0.053737 0.117880 -0.006107 -0.005525 -0.027801 -0.505417 -0.858287 -0.941225 -0.985706 -0.973444 -0.905522 -0.898774 -1.250206 -1.182123 -1.374891 -1.386457 -3.069656 -3.031243 -8.418540 -5.539773 -4.941597 -12.227050 -4.361374 -4.596733 -1.912359 -1.403483 -1.118303 -9999.0 -0.755354 -0.017772 -0.006471 -0.003589 -0.002144 -0.304747 0.000304 0.002221 0.001389 -0.001826 -9999.0 -9999.0 -9999.0 -9999.0 -9999.0 -9999.0 -9999.0
-9999.0 -9999.0 -9999.0 -9999.0 -9999.0 -9999.0 -9999.0 -9999.0 -9999.0 -9999.0 -9999.0 -9999.0 -0.380424 -0.035980 -0.006114 -0.012614 -0.053594 -0.008152 0.116383 0.122782 -0.004069 -0.005101 -0.003188 -0.011857 -1.032197 -0.512608 0.004674 -0.904979 -0.866920 -0.943648 -1.052261 -1.317801 -1.269906 -1.347346 -1.782186 -4.375812 -9.781553 -5.222211 -4.277838 -8.077301 -3.841611 -2.865931 -2.491502 -0.008248 -1.189460 -0.851137 -0.803709 -0.248472 -0.590480 -0.859869 -0.018815 -0.012184 -0.003790 -0.008805 -0.116784 -0.277803 -0.006822 -9999.0 -9999.0 -9999.0 -9999.0 -9999.0 -9999.0
-9999.0 -9999.0 -9999.0 -9999.0 -9999.0 -9999.0 -9999.0 -9999.0 -9999.0 -9999.0 -9999.0 -0.018272 -0.834221 -0.632983 -0.009473 -0.008737 -0.007650 -0.022360 0.081424 -1.316835 -0.006091 0.014353 -0.007367 -0.748470 -0.225120 -0.005145 -0.033040 -0.881331 -0.939451 -0.989129 -1.298485 -1.407803 -0.509464 -1.308770 -3.395406 -3.707346 -6.900384 -8.575171 -1.958774 -4.754058 -3.238868 -3.512154 -2.530097 -1.894705 -0.000268 -0.886867 -0.289147 -0.867697 -0.346864 -1.213759 -0.687594 -0.654440 -0.632673 -0.621425 -0.574654 -0.582248 -0.063074 -9999.0 -9999.0 -9999.0 -9999.0 -9999.0 -9999.0
-9999.0 -9999.0 -9999.0 -9999.0 -9999.0 -9999.0 -9999.0 -9999.0 -9999.0 -9999.0 -0.011709 -0.014923 -0.008368 -0.806149 -0.005323 -0.005774 -1.063441 -0.015412 -0.006378 -0.010458 0.131560 0.004099 -0.005820 0.011575 -0.001915 -0.015828 -0.909246 -0.951175 -0.020394 -0.002934 -0.009082 -1.206029 -1.103505 -1.132922 -3.894811 -3.224994 -4.255359 -9.022756 -5.625504 -4.282379 -3.998515 -3.156087 -1.953726 -2.417027 -0.011636 -1.069317 -0.045988 -1.191343 -0.006812 -0.019219 -0.664914 -0.639944 -0.628549 -0.627337 -0.582672 -0.002297 -0.002762 -9999.0 -9999.0 -9999.0 -9999.0 -9999.0 -9999.0
-9999.0 -9999.0 -9999.0 -9999.0 -9999.0 -9999.0 -9999.0 -9999.0 -9999.0 -0.733556 -0.014351 -0.013731 -0.006062 -0.016463 -0.007624 -0.785258 -0.707766 0.002521 -0.004153 -1.067003 0.156619 -0.002593 -0.001488 0.002844 -0.012069 -0.973465 -1.193016 -0.000581 -0.003773 -0.005009 -0.007342 -1.052527 -2.176274 -2.545247 -2.293715 -3.365199 -1.614807 -2.419322 -2.112872 -3.365748 -4.715839 -1.613646 -1.273520 -3.700020 -2.004622 -0.005231 0.016973 -0.864830 -0.882094 -0.005075 -0.795921 -0.251411 -0.642906 -0.542377 -0.225369 -0.016281 -0.004803 0.000945 -0.001352 -9999.0 -9999.0 -9999.0 -9999.0
-9999.0 -9999.0 -9999.0 -9999.0 -9999.0 -9999.0 -9999.0 -9999.0 -9999.0 -0.784768 -0.757765 -0.827657 0.020722 -0.006004 -0.008634 -0.014265 0.005030 -0.007428 -0.005347 0.178968 0.170954 0.062569 -0.007063 -0.004654 -0.976014 -0.458219 -0.006563 -0.001402 -0.000529 -0.039039 -1.176868 -1.046903 -0.936710 -1.022864 -1.215266 -1.406295 -1.648245 -1.599986 -1.834206 -1.300350 -0.161832 -1.135671 -1.071341 -1.595142 -1.571528 -0.019231 -0.006660 -0.002235 -0.001563 -0.010898 -0.606846 -0.344703 -0.406774 -0.503771 -0.563130 -0.009699 -0.006376 -0.004825 0.001453 -9999.0 -9999.0 -9999.0 -9999.0
-9999.0 -9999.0 -9999.0 -9999.0 -9999.0 -9999.0 -9999.0 -9999.0 -9999.0 -9999.0 -0.758108 -0.773283 -0.291502 -0.007762 -0.005601 -0.006940 -0.005926 0.003805 -3.281014 -0.008313 0.131737 0.016821 -0.003007 -0.005700 -0.054258 -0.003106 0.004153 -0.002826 -0.985590 -1.045505 -0.907790 -0.043706 -0.872983 -0.858436 -1.095977 -0.498424 -0.068738 -1.394703 -1.231977 -1.054272 -1.228983 -0.738767 -0.906928 -0.953249 -1.158796 -1.718752 -1.320733 -0.003216 -3.045228 -0.002576 -0.620419 -0.254505 -0.079510 -0.241505 -0.279476 -0.535168 -0.018374 -0.002935 -0.000912 -0.002491 -9999.0 -9999.0 -9999.0
-9999.0 -9999.0 -9999.0 -9999.0 -9999.0 -9999.0 -9999.0 -9999.0 -9999.0 -9999.0 -0.759907 -0.772660 -0.367497 -0.006487 0.081027 -0.002271 -0.007769 0.022211 -0.020145 -0.005410 -0.008100 0.017808 0.001573 -0.006548 -0.004343 -0.000704 -0.006037 -0.006062 -1.027112 -0.913563 -0.878088 -0.423992 -0.961746 -0.840055 -0.862972 -1.050519 -1.566223 -1.318657 -1.065943 -0.882145 -0.852098 -0.912409 -0.480419 -0.841948 -0.016618 -0.584204 -0.013323 -1.128335 -3.949851 -0.375053 -0.002662 -0.012393 -0.010137 -0.187886 -0.272503 -0.009092 -0.544511 -0.003880 -1.965239 -0.002374 -9999.0 -9999.0 -9999.0
-9999.0 -9999.0 -9999.0 -9999.0 -9999.0 -9999.0 -9999.0 -9999.0 -0.006977 -0.008675 -0.657819 -0.279847 -0.363731 -0.464030 -0.006925 -0.004973 -0.002833 0.069505 -0.004686 -0.004851 -0.031922 -3.398216 -0.007751 0.030625 0.006996 -1.728055 0.006881 -0.579162 -0.463586 -0.871213 -1.522100 -0.809866 -0.795679 -0.795062 -0.673508 -0.887594 -0.341744 -1.259126 -0.941272 -0.845562 -0.810689 -0.900557 -0.808102 -0.828187 -0.617732 -0.007230 -0.749494 -0.008590 -0.915287 -0.003120 0.001521 -0.016736 -0.008362 -0.075987 -0.005992 0.001793 0.001339 0.000281 0.010027 -0.006656 -9999.0 -9999.0 -9999.0
-9999.0 -9999.0 -9999.0 -9999.0 -9999.0 -9999.0 -9999.0 -9999.0 -0.479507 -0.011332 -0.811335 -0.770718 -0.812881 -0.017065 -0.009902 -0.005477 0.017004 0.008507 -1.772500 0.212999 0.363902 0.247736 -0.008496 0.021510 -3.761843 -0.919708 -0.004295 -0.504139 -0.892458 -0.692468 -0.689202 -0.892176 -0.334833 -0.757794 -0.009196 -0.008823 -0.342871 -0.141588 -0.850723 -0.139004 -0.729037 -0.823528 -0.740268 -0.006549 -0.009761 -0.013704 -0.711760 -0.673809 -0.335726 -0.002979 -0.002949 -0.008144 -0.014045 -0.000167 -0.018588 -0.097598 -0.008788 -0.002006 -0.810675 0.488396 0.568784 -9999.0 -9999.0
-9999.0 -9999.0 -9999.0 -9999.0 -9999.0 -9999.0 -9999.0 -9999.0 -0.768507 -0.494166 -0.005200 -0.701898 -0.306733 -0.759320 -0.005401 -0.006581 -0.004765 0.008265 -0.010658 0.300086 0.283358 0.285246 0.191238 -0.006036 -0.004011 -0.004766 -0.001993 -0.943723 -0.996351 -0.927025 -0.895201 -0.010581 -0.921189 -0.844406 -0.007149 -0.003020 -0.291624 -0.008296 -0.774863 -0.617353 -0.412232 -0.668251 -0.007711 -0.365568 -0.436737 -0.714889 -0.247196 -0.004708 -0.047653 -0.081821 -0.003733 0.016960 -0.027147 -0.426559 -0.001879 0.017722 -0.002676 -0.002685 0.163671 0.332244 0.529822 -9999.0 -9999.0
-9999.0 -9999.0 -9999.0 -9999.0 -9999.0 -9999.0 -9999.0 -9999.0 -0.764587 -0.582203 -0.001156 -0.868986 -0.004928 -0.004834 -0.001773 -0.004699 -3.447791 -0.005373 -0.008721 -0.009356 0.214276 0.286225 0.288538 0.241357 0.083091 0.017576 -0.005107 -0.965283 -0.001324 -0.003920 -0.876885 -0.858481 -0.003328 -0.007706 -0.781084 -0.264457 -0.300482 -0.001629 -0.584535 -0.696592 -0.006892 -0.006222 -0.004964 -0.706144 -0.006400 -0.250272 -0.000268 -0.269344 -0.002433 -0.603387 -0.001053 -0.003365 0.021473 0.016074 -0.003689 -0.002490 0.136425 -0.001930 0.400792 0.507495 0.125609 0.038641 -9999.0
-9999.0 -9999.0 -9999.0 -9999.0 -9999.0 -9999.0 -9999.0 -9999.0 -0.531629 -0.015268 -0.004894 -0.003437 -0.001554 -0.003158 0.042635 0.047426 0.000693 -0.007095 0.010201 0.045931 -0.013514 0.246868 0.257017 0.246049 0.055232 0.004012 -0.011681 -0.005250 0.001485 -0.001398 -0.009652 -0.003109 -0.001966 -0.004630 -0.762162 -0.352557 -0.021799 0.030358 -0.387294 -0.255661 -0.583832 -0.318672 -0.009320 -0.330279 -0.743816 -0.004442 -0.516493 -0.003243 -0.006870 -0.002019 -0.001767 -0.969306 -0.002597 -0.001278 0.094883 0.145407 0.419027 0.444950 0.278330 0.102298 -0.013137 0.030234 -9999.0
-9999.0 -9999.0 -0.716284 -0.021038 -0.065999 -0.457185 -0.018725 -0.786751 -0.345814 -0.012180 -0.019193 -0.004808 -0.002363 0.015981 0.119422 0.067969 -0.382385 -0.411477 -0.360109 -0.001633 0.047208 -0.007642 0.239021 -0.006959 -0.004085 0.016560 0.000358 -0.002894 -0.003753 0.020435 -0.005617 -0.001873 0.084140 -0.002620 0.010501 -0.002206 0.015934 0.031121 0.006401 -0.004243 -0.003965 -0.002430 -0.584913 -0.001622 -0.008104 -0.004692 0.008643 -0.002159 -1.487277 -0.003723 0.117704 0.275403 0.338279 0.191249 0.173644 0.296415 0.208172 0.130449 -0.001502 -0.034580 0.027713 0.001255 -9999.0
-9999.0 -0.008474 -0.008155 -0.011342 -0.020294 -0.007271 -0.066785 -0.391157 -0.411267 -0.659189 -0.033366 -0.004278 0.046334 0.223193 0.126181 0.002258 -0.223681 -0.314846 -0.008502 -0.001659 0.043682 -0.005421 0.142189 -0.001014 0.189759 -0.008565 0.121200 0.110464 -0.009096 0.056040 0.036339 0.030852 0.039431 0.137709 0.064178 0.083953 0.063603 0.077047 0.103632 0.017082 0.011349 0.055325 0.047345 0.007962 0.020515 -0.001685 -0.007926 -0.010560 0.153918 -0.003379 0.300365 0.279665 0.195305 -0.000770 -0.000759 -0.002889 0.026088 0.015112 0.018971 -0.002279 0.001791 0.001818 -9999.0
-9999.0 -0.011119 -0.004269 -0.003947 0.046463 -0.004329 -0.016320 -0.845290 -0.374250 -0.657487 -0.200602 -0.004162 -0.001638 0.124795 -0.117325 -0.325785 -0.609359 -0.779408 -0.002766 -0.002147 0.045518 0.073199 -0.008630 -0.002774 0.178224 0.274698 -0.001745 0.245235 0.238274 -0.007530 -0.005975 -0.007269 -0.006449 0.049541 0.262995 0.414993 0.693531 0.964969 0.436970 0.386243 0.265407 0.291587 0.116548 -0.005279 0.030514 0.177694 0.467043 0.540704 0.333695 0.306376 -0.002201 -1.154569 -0.001597 -0.013083 -0.002318 0.012986 0.010979 -0.006603 -0.005054 -0.001310 -0.000736 -9999.0 -9999.0
