user2019/resources/simulation/Vinschgau/output-maps/TsL0004N0793.asc
ncols         63
nrows         48
xllcorner     598000.000000
yllcorner     5145000.000000
cellsize      1000.000000
NODATA_value  -9999.0
[rows 0 to 27 of 48, columns 0 to 62 of 63]
-9999.0 -9999.0 -9999.0 -9999.0 -9999.0 -9999.0 -9999.0 -9999.0 -9999.0 -9999.0 -9999.0 -9999.0 -9999.0 -9999.0 -9999.0 -9999.0 -9999.0 -9999.0 -9999.0 -9999.0 -9999.0 -9999.0 -9999.0 -9999.0 -9999.0 -9999.0 -9999.0 -9999.0 -9999.0 -9999.0 -9999.0 -9999.0 -9999.0 -9999.0 -9999.0 -9999.0 -9999.0 -9999.0 -9999.0 -9999.0 -9999.0 -9999.0 -9999.0 -9999.0 -9999.0 -9999.0 -9999.0 -9999.0 -9999.0 -9999.0 -9999.0 -9999.0 -9999.0 -9999.0 -9999.0 -9999.0 -9999.0 -9999.0 -9999.0 -9999.0 -9999.0 -9999.0 -9999.0
-9999.0 -9999.0 -9999.0 -9999.0 -9999.0 -9999.0 -9999.0 -9999.0 -9999.0 -9999.0 -9999.0 -9999.0 -9999.0 -9999.0 -9999.0 -9999.0 -9999.0 -9999.0 -9999.0 -9999.0 -9999.0 -9999.0 -9999.0 -9999.0 -9999.0 -9999.0 -9999.0 -5.244967 -3.306691 -5.314695 -4.420556 -5.198707 -5.662213 -9999.0 -9999.0 -9999.0 -9999.0 -9999.0 -9999.0 -9999.0 -9999.0 -9999.0 -9999.0 -9999.0 -9999.0 -9999.0 -9999.0 -9999.0 -9999.0 -9999.0 -9999.0 -9999.0 -9999.0 -9999.0 -9999.0 -9999.0 -9999.0 -9999.0 -9999.0 -9999.0 -9999.0 -9999.0 -9999.0
-9999.0 -9999.0 -9999.0 -9999.0 -9999.0 -9999.0 -9999.0 -9999.0 -9999.0 -9999.0 -9999.0 -9999.0 -9999.0 -9999.0 -9999.0 -9999.0 -9999.0 -9999.0 -9999.0 -9999.0 -9999.0 -9999.0 -9999.0 -9999.0 -2.240847 -2.104841 -1.361160 -2.219183 -3.624666 -3.811914 -3.962328 -9999.0 -9999.0 -9999.0 -9999.0 -9999.0 -9999.0 -9999.0 -9999.0 -9999.0 -9999.0 -9999.0 -9999.0 -9999.0 -9999.0 -9999.0 -9999.0 -9999.0 -9999.0 -9999.0 -9999.0 -9999.0 -9999.0 -9999.0 -9999.0 -9999.0 -9999.0 -9999.0 -9999.0 -9999.0 -9999.0 -9999.0 -9999.0
-9999.0 -9999.0 -9999.0 -9999.0 -9999.0 -9999.0 -9999.0 -9999.0 -9999.0 -9999.0 -9999.0 -9999.0 -9999.0 -9999.0 -9999.0 -9999.0 -9999.0 -9999.0 -9999.0 -9999.0 -9999.0 -9999.0 -9999.0 -2.019349 -0.901537 0.125373 0.457434 0.642724 -0.105432 -1.897453 -3.912959 -4.626806 -9999.0 -9999.0 -9999.0 -9999.0 -9999.0 -9999.0 -9999.0 -9999.0 -9999.0 -9999.0 -9999.0 -9999.0 -9999.0 -9999.0 -9999.0 -9999.0 -9999.0 -9999.0 -9999.0 -9999.0 -9999.0 -9999.0 -9999.0 -9999.0 -9999.0 -9999.0 -9999.0 -9999.0 -9999.0 -9999.0 -9999.0
-9999.0 -9999.0 -9999.0 -9999.0 -9999.0 -9999.0 -9999.0 -9999.0 -9999.0 -9999.0 -9999.0 -9999.0 -9999.0 -9999.0 -9999.0 -9999.0 -9999.0 -9999.0 0.083587 -1.143674 -9999.0 -1.359976 -0.960233 0.011683 0.125735 0.951338 0.025092 0.020391 0.067154 -0.003616 -2.202040 -3.680542 -6.398309 -8.685898 -9999.0 -9999.0 -9999.0 -9999.0 -9999.0 -9999.0 -9999.0 -9999.0 -9999.0 -9999.0 -9999.0 -9999.0 -9999.0 -9999.0 -9999.0 -9999.0 -9999.0 -9999.0 -9999.0 -9999.0 -9999.0 -9999.0 -9999.0 -9999.0 -9999.0 -9999.0 -9999.0 -9999.0 -9999.0
-9999.0 -9999.0 -9999.0 -9999.0 -9999.0 -9999.0 -9999.0 -9999.0 -9999.0 -9999.0 -9999.0 -9999.0 -9999.0 -9999.0 -9999.0 -9999.0 -9999.0 3.913578 2.008812 1.085527 -2.529906 -0.005364 -0.003692 -0.002279 0.062572 -0.002908 -0.087350 -0.038577 -0.041505 0.001668 -2.285043 -3.949378 -4.779900 -5.336334 -7.285503 -8.573741 -9999.0 -9999.0 -9999.0 -9999.0 -9999.0 -9999.0 -9999.0 -9999.0 -9999.0 -9999.0 -9999.0 -9999.0 -9999.0 -9999.0 -9999.0 -9999.0 -9999.0 -9999.0 -9999.0 -9999.0 -9999.0 -9999.0 -9999.0 -9999.0 -9999.0 -9999.0 -9999.0
-9999.0 -9999.0 -9999.0 -9999.0 -9999.0 -9999.0 -9999.0 -9999.0 -9999.0 -9999.0 -9999.0 -9999.0 -9999.0 -0.084665 0.003066 1.713636 3.463662 3.102577 3.492651 0.122914 0.077158 0.016506 0.203803 0.055915 -0.002602 -0.964997 -1.802875 -0.830741 -0.259437 -0.011353 -1.287340 -2.654811 -4.618987 -5.634302 -6.394368 -8.752840 -9999.0 -9999.0 -9999.0 -9999.0 -9999.0 -9999.0 -9999.0 -9999.0 -9999.0 -9999.0 -9999.0 -9999.0 -9999.0 -9999.0 -9999.0 -9999.0 -9999.0 -9999.0 -9999.0 -9999.0 -9999.0 -9999.0 -9999.0 -9999.0 -9999.0 -9999.0 -9999.0
-9999.0 -9999.0 -9999.0 -9999.0 -9999.0 -9999.0 -9999.0 -9999.0 -9999.0 -9999.0 -9999.0 -9999.0 -9999.0 -0.029278 1.012645 2.414328 2.705738 2.386582 3.141417 1.441079 2.281276 0.435961 0.840293 -0.000352 -0.002705 -0.029832 -3.288130 -4.948456 -5.976661 -1.376963 -1.866601 -3.833397 -6.358128 -9.560403 -8.095986 -9999.0 -9999.0 -9999.0 -9999.0 -9999.0 -9999.0 -9999.0 -9999.0 -9999.0 -9999.0 -9999.0 -9999.0 -9999.0 -9999.0 -9999.0 -9999.0 -9999.0 -9999.0 -9999.0 -9999.0 -9999.0 -9999.0 -9999.0 -9999.0 -9999.0 -9999.0 -9999.0 -9999.0
-9999.0 -9999.0 -9999.0 -9999.0 -9999.0 -9999.0 -9999.0 -9999.0 -9999.0 -9999.0 -9999.0 -9999.0 -9999.0 0.591723 0.373390 1.744106 1.993391 2.980194 3.347148 3.361518 0.480044 0.001313 -0.006204 -0.009821 -0.000496 -0.017926 -3.487702 -6.300646 -4.466932 -8.532469 -4.774832 -9.805376 -10.392566 -9.403033 -9.201947 -9999.0 -9999.0 -9999.0 -9999.0 -9999.0 -9999.0 -9999.0 -9999.0 -9999.0 -9999.0 -9999.0 -9999.0 -9999.0 -9999.0 -9999.0 -9999.0 -9999.0 -9999.0 -9999.0 -9999.0 -9999.0 -9999.0 -9999.0 -9999.0 -9999.0 -9999.0 -9999.0 -9999.0
-9999.0 -9999.0 -9999.0 -9999.0 -9999.0 -9999.0 -9999.0 -9999.0 -9999.0 -9999.0 -9999.0 -9999.0 -0.000294 0.102411 1.200865 0.007350 0.449077 2.283892 2.888480 2.123656 0.047961 -0.011418 -0.059873 -0.110838 -1.434403 -3.282291 -2.631932 -4.070638 -4.369367 -6.650104 -9.465320 -6.793685 -6.738844 -9.576481 -9999.0 -9999.0 -9999.0 -9999.0 -9999.0 -9999.0 -9999.0 -9999.0 -9999.0 -9999.0 -9999.0 -9999.0 -9999.0 -9999.0 -9999.0 -9999.0 -9999.0 -9999.0 -9999.0 -9999.0 -9999.0 -9999.0 -9999.0 -9999.0 -9999.0 -9999.0 -9999.0 -9999.0 -9999.0
-9999.0 -9999.0 -9999.0 -9999.0 -9999.0 -9999.0 -9999.0 -9999.0 -9999.0 -9999.0 -9999.0 -0.284012 0.378571 0.582763 0.455878 -0.001278 0.824054 2.201121 3.016577 1.556383 0.735064 0.015737 -1.479612 -3.003052 -1.956699 -2.800146 -5.550882 -3.413021 -4.061507 -8.241169 -7.005686 -4.275639 -6.451732 -7.904617 -7.204645 -6.258990 -4.522151 -3.808510 -3.703201 -9999.0 -9999.0 -9999.0 -8.093863 -9999.0 -9999.0 -9999.0 -9999.0 -9999.0 -9999.0 -9999.0 -9999.0 -9999.0 -9999.0 -9999.0 -9999.0 -9999.0 -9999.0 -9999.0 -9999.0 -9999.0 -9999.0 -9999.0 -9999.0
-9999.0 -9999.0 -9999.0 -9999.0 -9999.0 -9999.0 -9999.0 -9999.0 -9999.0 -9999.0 -9999.0 -0.613117 0.679894 1.587340 1.720080 -0.039892 2.844099 2.824218 3.079612 2.095199 0.512864 -0.018079 -1.120794 -1.621007 -3.215897 -3.360112 -3.641784 -4.121503 -4.947668 -7.896816 -3.564402 -3.543298 -4.460734 -6.069132 -6.645157 -3.828421 -2.497514 -2.674594 -3.751597 -7.471214 -7.465870 -8.005782 -4.024959 -6.398333 -9999.0 -9999.0 -9999.0 -6.732416 -7.039980 -7.002761 -5.864627 -8.031694 -8.334527 -6.234146 -5.889856 -8.845533 -9999.0 -9999.0 -9999.0 -9999.0 -9999.0 -9999.0 -9999.0
-9999.0 -9999.0 -9999.0 -9999.0 -9999.0 -9999.0 -9999.0 -9999.0 -9999.0 -9999.0 -9999.0 -1.179938 -0.672628 -0.309094 -0.002292 -0.007079 0.003906 2.233415 2.383270 2.176630 1.183283 -0.004308 -0.767398 -2.222063 -3.371960 -4.939530 -1.141873 -2.892577 -5.478196 -6.298912 -5.925530 -3.956369 -2.903625 -5.417322 -6.471632 -4.092146 -2.721861 -2.538771 -1.791168 -5.598546 -3.364528 -4.894690 -3.696508 -3.313990 -5.457881 -9999.0 -9.437704 -5.803871 -3.757031 -2.988382 -2.729482 -4.185919 -3.339511 -3.739161 -4.923715 -5.375491 -9999.0 -9999.0 -9999.0 -9999.0 -9999.0 -9999.0 -9999.0
-9999.0 -9999.0 -9999.0 -9999.0 -9999.0 -9999.0 -9999.0 -9999.0 -9999.0 -9999.0 -9999.0 -9999.0 -0.447872 -0.809428 -0.036197 -0.036006 -0.002255 1.544953 2.547720 2.203002 0.930549 -0.014565 -0.849959 -0.793474 -1.985704 -0.878170 -1.635263 -2.906027 -4.111689 -6.351370 -3.599465 -3.162492 -2.709290 -4.355641 -5.250750 -3.211072 -1.610178 -0.323968 0.028003 -3.072165 -2.381716 -3.444820 -2.947985 -1.309297 -5.934103 -5.715350 -7.488326 -5.459431 -3.402914 -2.076078 -0.211332 -3.012863 -2.417612 -2.699232 -4.291318 -4.293268 -4.420947 -9999.0 -9999.0 -9999.0 -9999.0 -9999.0 -9999.0
-9999.0 -9999.0 -9999.0 -9999.0 -9999.0 -9999.0 -9999.0 -9999.0 -9999.0 -9999.0 -9999.0 -0.634107 -2.030625 -0.926285 -0.959083 -0.027101 -0.001777 0.844850 2.028616 2.900714 1.156664 -0.009495 -0.031986 -1.653940 -0.830926 -1.716106 -0.655762 -4.063004 -4.182311 -4.668315 -1.215368 -2.348097 -3.241723 -4.130909 -6.748118 -3.972546 -3.445118 -1.203088 0.001059 -0.485153 -1.213625 -0.039655 -0.886662 -1.207233 -0.780107 -3.874899 -4.756962 -4.682586 -3.593435 -0.053415 -4.127871 -3.975071 -5.270557 -6.737930 -8.186692 -7.726639 -6.665928 -9999.0 -9999.0 -9999.0 -9999.0 -9999.0 -9999.0
-9999.0 -9999.0 -9999.0 -9999.0 -9999.0 -9999.0 -9999.0 -9999.0 -9999.0 -9999.0 -1.587697 -0.316745 -1.220738 -1.191187 -0.041710 -0.344603 -0.672836 -0.003041 2.335066 2.566148 0.813517 0.082726 -0.389934 -0.201618 -0.011100 -1.564392 -2.059083 -5.066141 -2.812484 -1.746137 -1.661780 -1.684264 -2.095696 -4.389533 -8.921658 -5.914585 -2.671833 -1.539610 -0.067783 -0.002030 -0.001834 0.049945 0.299694 0.222685 -0.072104 -4.287408 -3.066561 -2.764305 -1.626040 -0.022985 -5.109963 -7.230274 -8.753706 -8.937105 -9.734562 -4.620343 -5.844185 -9999.0 -9999.0 -9999.0 -9999.0 -9999.0 -9999.0
-9999.0 -9999.0 -9999.0 -9999.0 -9999.0 -9999.0 -9999.0 -9999.0 -9999.0 -3.228325 -1.617194 -1.813840 -1.510391 -0.606552 -1.615891 -0.076491 -0.118675 -0.000375 2.019441 2.980130 1.122567 -0.001960 -0.002774 0.000307 -0.001874 -1.640646 -2.373552 -1.718282 -0.159195 -0.507295 -0.002546 -1.872824 -5.603812 -8.640052 -7.741895 -6.008575 -3.804306 -3.299099 -1.385989 -0.266322 -0.221107 -0.143944 -0.209298 0.803184 0.195089 -0.070943 -0.036923 -1.161026 -1.074349 0.003037 -2.914798 -6.714809 -9.530582 -9.758140 -7.927179 -6.060139 -4.079290 -6.040937 -7.462103 -9999.0 -9999.0 -9999.0 -9999.0
-9999.0 -9999.0 -9999.0 -9999.0 -9999.0 -9999.0 -9999.0 -9999.0 -9999.0 -5.449706 -5.195954 -2.072169 -0.014870 -0.005420 -0.163383 -0.627004 -0.044676 0.000394 2.557288 2.072773 1.727831 0.753729 0.149260 -0.003157 -1.218948 -0.961542 -0.567411 -0.010086 -0.001488 -0.002694 -0.045340 -2.261022 -3.399499 -5.289559 -4.156176 -5.828100 -5.280035 -3.805185 -3.388830 -1.847044 -0.987092 -2.035254 -0.278893 -0.000694 1.485301 0.699047 0.355004 -0.002649 -0.006808 -0.001904 -3.113260 -6.049465 -9.241504 -8.017654 -7.102440 -5.000896 -4.562656 -3.318419 -4.772207 -9999.0 -9999.0 -9999.0 -9999.0
-9999.0 -9999.0 -9999.0 -9999.0 -9999.0 -9999.0 -9999.0 -9999.0 -9999.0 -9999.0 -3.691302 -2.367707 -0.115149 -0.516547 -0.003010 -0.105971 -0.005697 0.206109 3.258668 2.798638 1.723843 1.146370 -0.002613 -0.078594 -0.850918 -0.071027 -0.002148 0.003163 -0.043251 -1.538981 -2.148645 -2.199685 -4.300530 -4.868782 -4.059300 -3.275204 -1.286838 -0.933818 -5.203425 -3.592445 -3.825895 -1.205432 -0.861734 -0.064844 -0.013699 -0.002456 0.279599 0.370574 1.051807 -0.002384 -2.073720 -3.399383 -8.011741 -8.981548 -7.994472 -5.961876 -4.051863 -1.489220 -1.798012 -0.056936 -9999.0 -9999.0 -9999.0
-9999.0 -9999.0 -9999.0 -9999.0 -9999.0 -9999.0 -9999.0 -9999.0 -9999.0 -9999.0 -4.322954 -2.996611 -1.715074 -1.431741 0.076322 -0.002801 -0.003341 1.342409 3.759910 3.429544 2.413742 0.098029 -0.003920 -0.248221 -0.071412 0.002454 0.426798 -0.014526 -1.414948 -3.810258 -3.519077 -3.534722 -5.145296 -5.610895 -3.457915 -2.396475 -1.507006 -0.878049 -2.285214 -4.288302 -3.278881 -3.147915 -2.716753 -2.400075 -0.861549 -0.424139 -0.037109 -0.013471 1.462258 0.799238 -0.031139 -2.353390 -4.270257 -7.539962 -9.610590 -8.775647 -5.750148 -1.273269 0.631600 0.582104 -9999.0 -9999.0 -9999.0
-9999.0 -9999.0 -9999.0 -9999.0 -9999.0 -9999.0 -9999.0 -9999.0 -2.165632 -3.644766 -4.777208 -2.571250 -2.722518 -2.596852 -0.892270 0.819786 1.565768 1.633944 3.517326 4.014812 4.229187 2.501663 1.506526 -0.001981 -0.001474 1.311107 0.028897 -0.678973 -1.833756 -4.192543 -8.592325 -3.804293 -3.436436 -5.050135 -4.875661 -3.248753 -0.045599 -0.055430 -2.750012 -5.943972 -4.743460 -3.246945 -4.140823 -5.608034 -3.285205 -1.422043 -2.557229 -0.511024 -0.013051 1.179391 -0.017075 -1.142753 -2.796521 -6.618106 -8.312550 -4.800566 -5.701534 -0.856766 -0.001444 2.393174 -9999.0 -9999.0 -9999.0
-9999.0 -9999.0 -9999.0 -9999.0 -9999.0 -9999.0 -9999.0 -9999.0 -3.461130 -1.882068 -3.321817 -4.366886 -3.216373 -1.790617 -0.572250 -0.002275 0.584514 1.121038 4.185178 4.501123 3.847601 3.129894 1.653006 0.415029 1.904162 2.083242 0.176222 -0.306908 -4.252263 -4.059878 -5.167989 -5.438595 -4.653164 -5.273811 -2.809844 -1.887394 -0.289807 -0.584684 -0.793411 -2.696124 -3.573257 -6.974064 -5.205593 -2.553674 -2.289503 -0.938331 -4.494025 -2.812422 -0.136944 0.795681 0.613499 -0.325488 -3.680902 -5.134330 -3.227540 -3.067666 -1.328417 -0.035034 1.296653 3.829822 4.631092 -9999.0 -9999.0
-9999.0 -9999.0 -9999.0 -9999.0 -9999.0 -9999.0 -9999.0 -9999.0 -3.453551 -3.170071 -2.430375 -4.156958 -3.918577 -3.729075 -0.684742 -0.843068 -0.003334 0.672507 4.400075 3.981830 4.957586 3.967013 3.268746 3.122440 2.151603 1.769034 0.000023 -0.964356 -4.800951 -3.467089 -4.786983 -1.538137 -2.134353 -1.953369 -1.478709 -1.075212 -0.158019 1.063056 -0.028350 -1.032756 -2.805240 -4.711452 -2.164010 -2.973589 -1.257786 -2.182796 -5.877559 -2.894251 -1.665541 -0.002149 1.852703 -0.017301 -2.617817 -3.546472 -1.335318 -0.533414 0.001686 1.191549 3.220320 3.580663 4.396089 -9999.0 -9999.0
-9999.0 -9999.0 -9999.0 -9999.0 -9999.0 -9999.0 -9999.0 -9999.0 -6.978605 -2.598644 -1.970531 -4.694125 -4.132822 -1.382878 -0.443052 -0.001077 2.579228 4.036881 2.487702 4.867790 4.330176 4.777571 4.082168 3.480694 2.500079 0.214748 -0.022003 -2.180277 -1.363001 -0.932590 -1.243529 -0.666724 -0.051771 -0.791968 -0.497559 -0.191145 0.004340 2.521863 0.001130 -0.044228 -1.829642 -1.672576 -1.672998 -3.334349 -2.601138 -4.493597 -2.772342 -3.617443 -3.260215 -1.388457 -0.002327 1.474118 -0.002757 -0.165406 -0.001913 0.308964 1.675927 2.967096 4.186091 4.172571 3.177461 1.666540 -9999.0
-9999.0 -9999.0 -9999.0 -9999.0 -9999.0 -9999.0 -9999.0 -9999.0 -5.513105 -2.266289 -1.864946 -1.761596 -2.241463 -0.844610 -0.002258 0.852912 1.121758 1.311698 0.000124 1.495720 3.770493 4.223506 4.413338 4.142183 1.246890 -0.002679 -0.650171 -0.077095 -0.002241 -0.750420 -0.114098 -0.018983 0.327150 -0.001478 -0.001830 0.003678 0.922274 4.274126 3.600245 0.610054 -0.001554 -0.001987 -0.016232 -0.004519 -1.315882 -0.842287 -0.174121 -0.991004 -0.222147 -0.002566 0.127629 0.868241 1.241281 0.497465 1.138412 1.560809 2.335188 3.034637 3.507571 3.068842 2.726573 1.076798 -9999.0
-9999.0 -9999.0 -3.223596 -2.233927 -3.291413 -1.415219 -3.054341 -2.599475 -4.055739 -3.339645 -1.103804 -1.108910 -1.421374 -0.297373 0.163635 0.572985 -0.013450 -0.693170 -0.550524 -0.002397 1.417960 3.921221 3.607697 5.425367 2.396993 0.845859 -0.003643 -0.001994 1.145043 0.024636 -0.002640 -0.000538 1.217581 1.748682 2.089701 3.040325 4.292687 6.352783 5.246619 2.920910 2.081206 2.103064 2.402923 0.895354 -0.001898 -0.001939 0.122083 0.634767 0.887559 1.893145 2.565091 2.599887 2.011180 1.594737 1.538118 1.783028 1.824226 2.312759 1.797739 2.177756 0.366485 0.367198 -9999.0
-9999.0 -0.593251 -0.894828 -0.769654 -1.374774 -2.781118 -3.043539 -2.825614 -3.796615 -4.574191 -2.150804 -0.713402 -0.220213 0.031720 0.053329 -0.336326 -0.863577 -1.600405 -0.916094 -0.002642 1.262371 2.592435 1.907152 3.140055 2.617292 2.068531 0.945991 1.237275 2.344717 1.419418 1.201613 1.127608 1.972056 3.335718 4.742251 5.993584 7.365551 9.280434 7.543202 6.141637 5.278390 5.073053 4.338603 3.065035 2.003104 2.453110 2.719575 4.135191 3.963977 4.162111 3.263239 2.553612 1.580681 0.957624 0.918032 0.536213 0.283761 0.584603 0.164985 0.004600 -0.001461 0.162355 -9999.0
-9999.0 -0.500012 -1.493280 -0.363873 -0.069566 -1.644723 -2.646662 -3.203059 -4.283297 -5.042776 -2.500678 -0.973558 -0.014433 0.059424 -0.058106 -2.602315 -3.159120 -1.768439 -0.302618 -0.047261 0.003396 0.955367 1.602077 0.903503 1.987460 2.792005 4.767343 4.301435 3.844221 4.727547 5.596018 5.112695 4.063381 5.008332 5.934578 7.884389 9.433005 10.530217 9.998675 9.185149 8.399319 7.512442 6.350645 6.921982 7.212363 6.705266 5.290003 5.068491 4.574179 3.956951 2.329796 1.135443 0.349640 0.748020 0.277129 -0.029448 -0.161568 -0.035012 -0.025841 -0.058518 -0.023584 -9999.0 -9999.0
