user2019/resources/simulation/Vinschgau/output-maps/TsL0003N1239.asc
ncols         63
nrows         48
xllcorner     598000.000000
yllcorner     5145000.000000
cellsize      1000.000000
NODATA_value  -9999.0
[rows 0 to 27 of 48, columns 0 to 62 of 63]
-9999.0 -9999.0 -9999.0 -9999.0 -9999.0 -9999.0 -9999.0 -9999.0 -9999.0 -9999.0 -9999.0 -9999.0 -9999.0 -9999.0 -9999.0 -9999.0 -9999.0 -9999.0 -9999.0 -9999.0 -9999.0 -9999.0 -9999.0 -9999.0 -9999.0 -9999.0 -9999.0 -9999.0 -9999.0 -9999.0 -9999.0 -9999.0 -9999.0 -9999.0 -9999.0 -9999.0 -9999.0 -9999.0 -9999.0 -9999.0 -9999.0 -9999.0 -9999.0 -9999.0 -9999.0 -9999.0 -9999.0 -9999.0 -9999.0 -9999.0 -9999.0 -9999.0 -9999.0 -9999.0 -9999.0 -9999.0 -9999.0 -9999.0 -9999.0 -9999.0 -9999.0 -9999.0 -9999.0
-9999.0 -9999.0 -9999.0 -9999.0 -9999.0 -9999.0 -9999.0 -9999.0 -9999.0 -9999.0 -9999.0 -9999.0 -9999.0 -9999.0 -9999.0 -9999.0 -9999.0 -9999.0 -9999.0 -9999.0 -9999.0 -9999.0 -9999.0 -9999.0 -9999.0 -9999.0 -9999.0 0.298999 0.361813 0.628586 0.224135 0.223437 -0.000363 -9999.0 -9999.0 -9999.0 -9999.0 -9999.0 -9999.0 -9999.0 -9999.0 -9999.0 -9999.0 -9999.0 -9999.0 -9999.0 -9999.0 -9999.0 -9999.0 -9999.0 -9999.0 -9999.0 -9999.0 -9999.0 -9999.0 -9999.0 -9999.0 -9999.0 -9999.0 -9999.0 -9999.0 -9999.0 -9999.0
-9999.0 -9999.0 -9999.0 -9999.0 -9999.0 -9999.0 -9999.0 -9999.0 -9999.0 -9999.0 -9999.0 -9999.0 -9999.0 -9999.0 -9999.0 -9999.0 -9999.0 -9999.0 -9999.0 -9999.0 -9999.0 -9999.0 -9999.0 -9999.0 0.441511 0.463451 0.504766 0.435251 0.504007 0.476613 0.197661 -9999.0 -9999.0 -9999.0 -9999.0 -9999.0 -9999.0 -9999.0 -9999.0 -9999.0 -9999.0 -9999.0 -9999.0 -9999.0 -9999.0 -9999.0 -9999.0 -9999.0 -9999.0 -9999.0 -9999.0 -9999.0 -9999.0 -9999.0 -9999.0 -9999.0 -9999.0 -9999.0 -9999.0 -9999.0 -9999.0 -9999.0 -9999.0
-9999.0 -9999.0 -9999.0 -9999.0 -9999.0 -9999.0 -9999.0 -9999.0 -9999.0 -9999.0 -9999.0 -9999.0 -9999.0 -9999.0 -9999.0 -9999.0 -9999.0 -9999.0 -9999.0 -9999.0 -9999.0 -9999.0 -9999.0 0.476032 0.719133 3.095427 3.295536 3.370955 3.689083 0.637838 0.198713 0.146321 -9999.0 -9999.0 -9999.0 -9999.0 -9999.0 -9999.0 -9999.0 -9999.0 -9999.0 -9999.0 -9999.0 -9999.0 -9999.0 -9999.0 -9999.0 -9999.0 -9999.0 -9999.0 -9999.0 -9999.0 -9999.0 -9999.0 -9999.0 -9999.0 -9999.0 -9999.0 -9999.0 -9999.0 -9999.0 -9999.0 -9999.0
-9999.0 -9999.0 -9999.0 -9999.0 -9999.0 -9999.0 -9999.0 -9999.0 -9999.0 -9999.0 -9999.0 -9999.0 -9999.0 -9999.0 -9999.0 -9999.0 -9999.0 -9999.0 3.398305 0.768750 -9999.0 0.571910 0.748586 2.985279 2.900130 3.642191 2.660114 2.990508 2.088373 0.603548 0.514908 0.258761 -0.001085 -0.011827 -9999.0 -9999.0 -9999.0 -9999.0 -9999.0 -9999.0 -9999.0 -9999.0 -9999.0 -9999.0 -9999.0 -9999.0 -9999.0 -9999.0 -9999.0 -9999.0 -9999.0 -9999.0 -9999.0 -9999.0 -9999.0 -9999.0 -9999.0 -9999.0 -9999.0 -9999.0 -9999.0 -9999.0 -9999.0
-9999.0 -9999.0 -9999.0 -9999.0 -9999.0 -9999.0 -9999.0 -9999.0 -9999.0 -9999.0 -9999.0 -9999.0 -9999.0 -9999.0 -9999.0 -9999.0 -9999.0 4.960210 3.614546 4.137664 2.229593 0.211824 1.008253 2.794114 3.500303 0.081184 -0.024313 0.584855 -0.018144 1.882174 0.950364 0.545197 0.782942 0.275797 -0.001827 -0.003197 -9999.0 -9999.0 -9999.0 -9999.0 -9999.0 -9999.0 -9999.0 -9999.0 -9999.0 -9999.0 -9999.0 -9999.0 -9999.0 -9999.0 -9999.0 -9999.0 -9999.0 -9999.0 -9999.0 -9999.0 -9999.0 -9999.0 -9999.0 -9999.0 -9999.0 -9999.0 -9999.0
-9999.0 -9999.0 -9999.0 -9999.0 -9999.0 -9999.0 -9999.0 -9999.0 -9999.0 -9999.0 -9999.0 -9999.0 -9999.0 1.414589 2.566302 3.344843 4.652241 8.840904 4.748696 3.327562 3.154360 2.805605 3.549464 3.496675 -0.006073 0.772233 0.030980 -0.010138 -0.012360 0.031322 -0.041806 0.562173 0.394586 0.260741 0.208993 -0.004476 -9999.0 -9999.0 -9999.0 -9999.0 -9999.0 -9999.0 -9999.0 -9999.0 -9999.0 -9999.0 -9999.0 -9999.0 -9999.0 -9999.0 -9999.0 -9999.0 -9999.0 -9999.0 -9999.0 -9999.0 -9999.0 -9999.0 -9999.0 -9999.0 -9999.0 -9999.0 -9999.0
-9999.0 -9999.0 -9999.0 -9999.0 -9999.0 -9999.0 -9999.0 -9999.0 -9999.0 -9999.0 -9999.0 -9999.0 -9999.0 2.204092 4.136618 4.023367 3.797351 7.362564 8.903638 5.173540 3.935803 5.220538 2.659087 1.384927 1.927254 0.402806 0.364752 0.540380 0.227048 -0.021080 -0.038429 0.300680 0.136456 0.104338 -0.000864 -9999.0 -9999.0 -9999.0 -9999.0 -9999.0 -9999.0 -9999.0 -9999.0 -9999.0 -9999.0 -9999.0 -9999.0 -9999.0 -9999.0 -9999.0 -9999.0 -9999.0 -9999.0 -9999.0 -9999.0 -9999.0 -9999.0 -9999.0 -9999.0 -9999.0 -9999.0 -9999.0 -9999.0
-9999.0 -9999.0 -9999.0 -9999.0 -9999.0 -9999.0 -9999.0 -9999.0 -9999.0 -9999.0 -9999.0 -9999.0 -9999.0 4.249759 3.621162 5.490287 3.660302 4.417839 9.199065 4.795739 5.226058 3.179669 0.215148 -0.016514 2.176530 1.454428 1.118994 0.175836 0.154594 0.117598 0.184699 -0.000425 -0.000438 -5.705330 -0.004134 -9999.0 -9999.0 -9999.0 -9999.0 -9999.0 -9999.0 -9999.0 -9999.0 -9999.0 -9999.0 -9999.0 -9999.0 -9999.0 -9999.0 -9999.0 -9999.0 -9999.0 -9999.0 -9999.0 -9999.0 -9999.0 -9999.0 -9999.0 -9999.0 -9999.0 -9999.0 -9999.0 -9999.0
-9999.0 -9999.0 -9999.0 -9999.0 -9999.0 -9999.0 -9999.0 -9999.0 -9999.0 -9999.0 -9999.0 -9999.0 3.067871 3.112218 5.149368 3.591877 2.305573 3.867712 8.051416 5.779719 3.543209 0.033663 0.197540 -0.004817 -0.046874 0.363072 -2.038668 0.187441 0.360065 0.136456 -0.000330 0.098436 0.036756 -0.221157 -9999.0 -9999.0 -9999.0 -9999.0 -9999.0 -9999.0 -9999.0 -9999.0 -9999.0 -9999.0 -9999.0 -9999.0 -9999.0 -9999.0 -9999.0 -9999.0 -9999.0 -9999.0 -9999.0 -9999.0 -9999.0 -9999.0 -9999.0 -9999.0 -9999.0 -9999.0 -9999.0 -9999.0 -9999.0
-9999.0 -9999.0 -9999.0 -9999.0 -9999.0 -9999.0 -9999.0 -9999.0 -9999.0 -9999.0 -9999.0 1.617083 4.578191 2.285887 4.626106 3.681280 5.049066 4.270524 7.949492 7.379008 2.622068 2.705357 0.815724 0.449285 0.619001 0.432631 0.167616 0.342613 0.045245 -0.002270 -0.001362 0.386694 0.297527 -0.002639 -0.000965 0.265863 0.238073 0.321082 0.377110 -9999.0 -9999.0 -9999.0 -0.003985 -9999.0 -9999.0 -9999.0 -9999.0 -9999.0 -9999.0 -9999.0 -9999.0 -9999.0 -9999.0 -9999.0 -9999.0 -9999.0 -9999.0 -9999.0 -9999.0 -9999.0 -9999.0 -9999.0 -9999.0
-9999.0 -9999.0 -9999.0 -9999.0 -9999.0 -9999.0 -9999.0 -9999.0 -9999.0 -9999.0 -9999.0 1.288509 4.278989 6.045635 5.736485 2.642400 6.771008 4.704279 8.055553 6.440949 5.126029 1.883523 0.653176 -1.146503 -0.745426 0.361512 0.308287 0.427822 0.700291 -0.002093 0.313689 0.475230 0.139682 0.033257 0.031942 0.325409 0.616800 0.681965 0.321725 -0.002481 -0.002103 -0.002944 0.265747 -0.001105 -9999.0 -9999.0 -9999.0 -0.003683 -0.000344 0.089342 -0.000282 -0.002332 -0.001792 -0.002355 -0.000637 -0.005015 -9999.0 -9999.0 -9999.0 -9999.0 -9999.0 -9999.0 -9999.0
-9999.0 -9999.0 -9999.0 -9999.0 -9999.0 -9999.0 -9999.0 -9999.0 -9999.0 -9999.0 -9999.0 1.175030 1.348696 0.850565 3.271034 3.277151 1.964995 3.701434 7.405881 6.384437 2.222334 0.151254 -0.038714 0.440173 0.360465 0.312895 -1.103221 -2.633180 0.283500 0.077615 0.215118 -0.981670 0.426833 0.033579 0.134640 0.493470 -0.067204 -0.044178 0.791843 0.205958 0.363295 0.232558 0.426148 0.338214 0.022042 -9999.0 -0.475143 -0.000256 0.203381 0.381404 0.457058 0.709897 0.328857 0.181406 0.167702 0.029136 -9999.0 -9999.0 -9999.0 -9999.0 -9999.0 -9999.0 -9999.0
-9999.0 -9999.0 -9999.0 -9999.0 -9999.0 -9999.0 -9999.0 -9999.0 -9999.0 -9999.0 -9999.0 -9999.0 1.536307 0.027494 2.103202 2.436038 0.610372 2.743246 7.462346 6.295579 2.089109 0.277008 -0.023579 -0.052546 -1.566244 -0.221366 0.452864 0.552658 0.212298 -0.000880 0.299522 -1.370739 0.594028 0.185815 0.124050 0.374241 -1.069638 -1.637599 1.911468 0.429485 0.652310 0.907525 -0.051203 0.506976 0.170923 -0.000267 -0.002067 0.028163 -1.544272 -0.055605 -0.021399 -1.542351 -2.867926 -1.988137 -1.594489 0.080211 0.035699 -9999.0 -9999.0 -9999.0 -9999.0 -9999.0 -9999.0
-9999.0 -9999.0 -9999.0 -9999.0 -9999.0 -9999.0 -9999.0 -9999.0 -9999.0 -9999.0 -9999.0 -0.036427 0.779597 2.214107 -0.000107 0.249543 1.167987 2.083749 6.885726 4.072654 2.366452 0.460486 -0.000112 -0.056715 -0.054257 -1.547024 -0.057224 0.193800 0.173912 0.445797 -0.187906 -0.901427 0.701369 0.192671 0.031483 0.325814 0.360566 -0.026613 0.153037 1.168372 -0.028263 -0.006562 -0.013669 0.034075 0.797133 0.208843 0.369456 0.549963 0.745232 -0.012103 -2.287857 0.243137 -2.350087 -5.105130 -5.757606 -5.051069 0.112841 -9999.0 -9999.0 -9999.0 -9999.0 -9999.0 -9999.0
-9999.0 -9999.0 -9999.0 -9999.0 -9999.0 -9999.0 -9999.0 -9999.0 -9999.0 -9999.0 0.502794 -0.024159 0.721983 0.843881 1.363976 0.028823 0.026898 -0.008097 3.217259 3.724416 4.451086 2.835375 -0.373483 0.945410 -0.009003 -1.081659 -0.800980 -3.181118 0.599369 0.664071 -0.723701 -1.525003 0.621657 0.185900 -0.003656 0.218551 0.589488 -0.048449 -0.374520 0.268584 0.365521 1.512165 5.124819 0.756149 -0.014758 0.514626 0.385341 -0.042868 -0.043379 -0.004072 -3.427932 -0.001120 -6.189698 -6.557691 -0.003270 0.174620 0.187520 -9999.0 -9999.0 -9999.0 -9999.0 -9999.0 -9999.0
-9999.0 -9999.0 -9999.0 -9999.0 -9999.0 -9999.0 -9999.0 -9999.0 -9999.0 0.381953 0.572401 -0.016762 -0.002783 -0.029671 -0.041188 -0.019740 -0.017564 2.338281 3.143478 3.764040 4.837004 0.541218 0.060287 0.446972 0.151174 -1.296879 -1.711034 0.678990 -0.019395 -0.000422 0.169790 -1.496248 0.263811 -0.001365 -0.002325 0.205678 0.524500 -0.361292 -0.760326 -0.034478 -0.857077 -0.402960 -0.261851 1.301365 0.854342 -0.015133 1.213151 -0.033622 -0.032690 0.181341 -0.884327 -0.000496 -6.832654 -1.008646 -0.001133 -4.502120 -2.285260 -0.000778 -0.001020 -9999.0 -9999.0 -9999.0 -9999.0
-9999.0 -9999.0 -9999.0 -9999.0 -9999.0 -9999.0 -9999.0 -9999.0 -9999.0 0.374185 0.361671 0.714342 1.753029 -0.002773 -0.019608 -0.030283 1.204823 0.543357 3.712760 5.884400 5.472988 4.935200 3.080571 1.668760 -0.897400 -0.389776 -0.031814 -0.004124 0.556141 1.760165 1.047353 -1.877357 0.368107 0.038424 0.211082 0.196875 0.285768 0.793378 0.353498 0.754695 -0.110878 -0.749904 -0.024631 0.770809 2.440712 2.001202 1.669842 0.374911 -0.003883 0.227446 -2.757049 -4.214254 -0.507207 -0.010834 0.111649 -4.021690 -3.641890 -0.952070 0.286105 -9999.0 -9999.0 -9999.0 -9999.0
-9999.0 -9999.0 -9999.0 -9999.0 -9999.0 -9999.0 -9999.0 -9999.0 -9999.0 -9999.0 0.296613 0.660424 -0.009839 -0.629827 0.067524 -0.017444 -0.004407 1.743188 4.494843 4.766194 5.596077 2.358747 -0.017255 -0.234016 -0.048695 -0.013692 0.214375 1.015250 0.972478 -1.433087 -1.777231 -2.473451 -2.515348 0.172669 0.425744 0.678788 0.591620 0.599741 0.294471 0.337973 0.283692 0.543778 1.012314 -0.013716 -0.007794 -0.004997 1.366114 3.395540 3.058906 0.221139 -1.719309 -2.032990 -0.001560 -0.240251 -0.012611 -0.000260 0.275050 -1.090090 -0.030615 -0.010700 -9999.0 -9999.0 -9999.0
-9999.0 -9999.0 -9999.0 -9999.0 -9999.0 -9999.0 -9999.0 -9999.0 -9999.0 -9999.0 0.200308 0.394694 0.523693 -0.000337 2.575948 0.039881 -0.007614 2.257993 4.942069 5.449805 3.014513 1.104485 -0.020726 -0.019056 -0.013627 0.610934 1.640831 -0.007001 -1.122018 -2.240323 0.322550 0.490827 -2.616345 0.143130 0.332707 0.658116 -0.889485 -0.028976 -2.121311 0.185951 0.357387 2.361878 -0.037235 0.623584 0.611705 -0.184926 -0.002053 -0.009024 2.771970 2.081320 0.136272 -1.026447 -2.974551 -0.000576 -0.799096 -0.364124 -0.000278 -0.034072 1.169907 1.935419 -9999.0 -9999.0 -9999.0
-9999.0 -9999.0 -9999.0 -9999.0 -9999.0 -9999.0 -9999.0 -9999.0 0.418910 0.287026 0.204634 0.427933 -2.389325 -0.025024 -0.030370 1.297399 2.555600 5.779079 5.682386 5.837982 4.739640 3.607328 2.694962 0.924580 0.295446 1.619603 2.654921 -0.730221 -1.888906 -2.175755 0.106942 0.328517 0.336377 0.156860 0.375191 0.361409 1.136268 -0.035329 -2.374584 0.219934 0.521837 0.531339 -2.234782 0.273328 1.160458 0.503370 -2.194749 -0.026187 -0.006758 2.238804 0.356875 -0.720539 -2.080026 -4.687359 -0.014823 0.114820 0.146137 0.654700 0.532408 4.139390 -9999.0 -9999.0 -9999.0
-9999.0 -9999.0 -9999.0 -9999.0 -9999.0 -9999.0 -9999.0 -9999.0 -2.766471 -1.285773 -2.491072 0.171675 0.359961 -1.792452 -0.752029 -0.005083 1.558839 2.142513 5.134938 6.370717 8.339373 7.729219 6.888327 5.732451 2.981729 3.032893 0.537728 -0.024089 -2.553236 0.183417 0.033650 0.262176 0.392433 0.303059 0.444580 0.493404 2.315158 0.123105 -0.022943 0.523866 0.333973 0.258968 0.332529 0.569970 0.417538 -0.047923 -2.619219 0.408236 -0.018679 1.191728 1.772044 -0.019378 -4.467248 -0.000271 0.306847 -2.399270 -0.037089 -0.000352 2.465336 5.369785 6.299748 -9999.0 -9999.0
-9999.0 -9999.0 -9999.0 -9999.0 -9999.0 -9999.0 -9999.0 -9999.0 0.322505 0.324653 0.151192 -2.514282 0.325695 -2.055663 -0.033431 -0.695018 0.047970 2.732553 5.073574 8.208391 6.831365 8.226013 8.064029 5.358051 6.037433 2.885547 0.078562 -1.072949 -3.031965 0.330204 0.348384 0.528235 -1.067594 -0.424436 0.654832 1.899423 0.025043 1.461698 -0.023113 -0.035489 0.481097 0.373382 0.453851 0.263055 -0.397417 0.445732 0.194748 0.257850 -1.316999 -0.013237 2.341528 0.247132 -3.429896 -4.319610 -0.021489 -0.000331 1.016602 2.326615 5.165788 5.646672 6.094467 -9999.0 -9999.0
-9999.0 -9999.0 -9999.0 -9999.0 -9999.0 -9999.0 -9999.0 -9999.0 -0.000666 0.437303 -0.028276 -3.020242 0.379205 -0.385886 -0.437744 0.043742 3.629266 4.877681 6.152306 5.352457 6.292916 6.705603 7.958498 7.153504 3.292746 0.693443 -0.029706 -1.829721 0.494218 -1.126068 -0.032669 -0.028166 0.069616 -0.002876 -0.016488 1.015496 2.869302 3.742489 0.414360 -0.007233 0.694366 0.731566 0.715576 1.108652 0.359258 0.366054 0.623756 0.717853 0.337943 -0.038312 -0.008431 2.011300 0.324363 -0.018859 0.673712 1.551160 3.071415 4.571395 5.452453 5.833552 4.817342 2.408196 -9999.0
-9999.0 -9999.0 -9999.0 -9999.0 -9999.0 -9999.0 -9999.0 -9999.0 -0.000426 0.296116 -1.936062 -1.428914 -0.547882 -0.113672 1.871852 2.072967 3.914354 2.112093 0.483837 2.543105 4.422213 6.141473 6.322844 6.005909 5.214410 0.043497 -0.933447 -0.014313 0.072086 -0.000092 -0.179135 0.214712 2.044690 1.056826 0.254610 1.175700 3.014110 5.719370 5.094485 1.911424 0.391779 0.260086 0.523585 0.080863 -0.035441 0.822865 -0.020400 -0.025811 -0.022245 0.191037 1.269689 1.410470 1.670577 1.559509 2.330393 2.687706 3.270926 4.236003 5.073348 5.078049 3.878729 1.809117 -9999.0
-9999.0 -9999.0 0.446541 0.433144 -3.196529 -0.699667 -2.193075 -2.739587 0.062511 0.243465 -0.253252 -0.935416 -0.114666 0.046545 2.932854 1.562161 -0.014717 -1.063828 -0.027218 -0.005488 2.408268 5.150498 5.595555 5.803787 4.116498 1.683969 -0.008355 0.044164 2.247745 2.742053 -0.015711 0.502619 4.996397 3.065552 4.254551 4.290915 6.737128 7.962283 6.866274 4.172494 4.382702 4.438557 3.932447 2.259849 -0.006266 0.223495 1.426944 1.150956 2.234164 3.516012 4.376264 3.813043 2.931787 2.469211 2.418206 4.852706 3.058000 3.460662 3.315150 3.237776 3.641838 1.001364 -9999.0
-9999.0 -0.031252 -0.056859 -0.060695 -0.476156 -0.835499 -1.831647 -2.460991 -2.885566 0.162979 -2.744025 -0.832303 -0.000134 2.492098 2.414870 -0.318937 -0.222850 -1.143259 -0.227725 -0.011401 2.182842 3.950369 5.777088 4.610797 6.457047 3.874848 4.646972 4.933568 4.602371 3.137880 3.187274 3.314443 5.047640 7.716332 7.364940 8.602656 10.232511 10.863580 10.413695 8.759298 7.867369 7.760623 7.079588 4.485102 3.183459 3.587961 4.485608 5.610934 6.233766 5.821067 4.761108 3.610648 2.832119 2.081487 2.015307 1.608308 0.551060 0.902100 1.389083 2.404584 0.242442 0.781768 -9999.0
-9999.0 1.386468 -0.000555 -0.019208 0.557290 -0.031860 -2.372190 -2.442625 0.045915 0.129795 -2.245887 -1.098966 0.059073 2.405133 -0.087841 -3.510586 -2.230814 -1.524672 -0.720950 -0.008817 2.886854 1.708880 2.785417 2.669920 5.710124 6.682919 5.124089 5.783921 5.827387 6.076047 6.223833 5.987157 6.875369 7.796134 10.453162 10.784790 14.353412 15.361073 13.311785 12.225598 11.504193 10.531602 9.424158 7.752909 7.620769 7.484693 7.499579 7.255965 6.647060 5.804430 3.859838 1.756903 0.670070 1.285603 0.464174 -0.024171 -0.206388 -0.049157 -0.028161 -0.119945 -0.021330 -9999.0 -9999.0
