user2019/resources/simulation/Vinschgau/output-maps/TsL0005N0855.asc
ncols         63
nrows         48
xllcorner     598000.000000
yllcorner     5145000.000000
cellsize      1000.000000
NODATA_value  -9999.0
[rows 0 to 27 of 48, columns 0 to 62 of 63]
-9999.0 -9999.0 -9999.0 -9999.0 -9999.0 -9999.0 -9999.0 -9999.0 -9999.0 -9999.0 -9999.0 -9999.0 -9999.0 -9999.0 -9999.0 -9999.0 -9999.0 -9999.0 -9999.0 -9999.0 -9999.0 -9999.0 -9999.0 -9999.0 -9999.0 -9999.0 -9999.0 -9999.0 -9999.0 -9999.0 -9999.0 -9999.0 -9999.0 -9999.0 -9999.0 -9999.0 -9999.0 -9999.0 -9999.0 -9999.0 -9999.0 -9999.0 -9999.0 -9999.0 -9999.0 -9999.0 -9999.0 -9999.0 -9999.0 -9999.0 -9999.0 -9999.0 -9999.0 -9999.0 -9999.0 -9999.0 -9999.0 -9999.0 -9999.0 -9999.0 -9999.0 -9999.0 -9999.0
-9999.0 -9999.0 -9999.0 -9999.0 -9999.0 -9999.0 -9999.0 -9999.0 -9999.0 -9999.0 -9999.0 -9999.0 -9999.0 -9999.0 -9999.0 -9999.0 -9999.0 -9999.0 -9999.0 -9999.0 -9999.0 -9999.0 -9999.0 -9999.0 -9999.0 -9999.0 -9999.0 -6.107003 -4.640655 -5.218054 -5.317783 -6.063457 -6.303502 -9999.0 -9999.0 -9999.0 -9999.0 -9999.0 -9999.0 -9999.0 -9999.0 -9999.0 -9999.0 -9999.0 -9999.0 -9999.0 -9999.0 -9999.0 -9999.0 -9999.0 -9999.0 -9999.0 -9999.0 -9999.0 -9999.0 -9999.0 -9999.0 -9999.0 -9999.0 -9999.0 -9999.0 -9999.0 -9999.0
-9999.0 -9999.0 -9999.0 -9999.0 -9999.0 -9999.0 -9999.0 -9999.0 -9999.0 -9999.0 -9999.0 -9999.0 -9999.0 -9999.0 -9999.0 -9999.0 -9999.0 -9999.0 -9999.0 -9999.0 -9999.0 -9999.0 -9999.0 -9999.0 -3.283112 -2.650428 -2.245040 -2.955017 -3.563050 -4.921236 -5.613907 -9999.0 -9999.0 -9999.0 -9999.0 -9999.0 -9999.0 -9999.0 -9999.0 -9999.0 -9999.0 -9999.0 -9999.0 -9999.0 -9999.0 -9999.0 -9999.0 -9999.0 -9999.0 -9999.0 -9999.0 -9999.0 -9999.0 -9999.0 -9999.0 -9999.0 -9999.0 -9999.0 -9999.0 -9999.0 -9999.0 -9999.0 -9999.0
-9999.0 -9999.0 -9999.0 -9999.0 -9999.0 -9999.0 -9999.0 -9999.0 -9999.0 -9999.0 -9999.0 -9999.0 -9999.0 -9999.0 -9999.0 -9999.0 -9999.0 -9999.0 -9999.0 -9999.0 -9999.0 -9999.0 -9999.0 -2.511942 -1.521738 -0.001974 0.304384 0.683162 -0.008321 -3.003275 -5.543821 -6.159384 -9999.0 -9999.0 -9999.0 -9999.0 -9999.0 -9999.0 -9999.0 -9999.0 -9999.0 -9999.0 -9999.0 -9999.0 -9999.0 -9999.0 -9999.0 -9999.0 -9999.0 -9999.0 -9999.0 -9999.0 -9999.0 -9999.0 -9999.0 -9999.0 -9999.0 -9999.0 -9999.0 -9999.0 -9999.0 -9999.0 -9999.0
-9999.0 -9999.0 -9999.0 -9999.0 -9999.0 -9999.0 -9999.0 -9999.0 -9999.0 -9999.0 -9999.0 -9999.0 -9999.0 -9999.0 -9999.0 -9999.0 -9999.0 -9999.0 -0.001847 -2.067335 -9999.0 -2.248352 -1.796548 -0.006711 0.000483 0.806536 -0.002896 -0.002033 0.000266 -0.004092 -3.538901 -5.242101 -7.163566 -9.611364 -9999.0 -9999.0 -9999.0 -9999.0 -9999.0 -9999.0 -9999.0 -9999.0 -9999.0 -9999.0 -9999.0 -9999.0 -9999.0 -9999.0 -9999.0 -9999.0 -9999.0 -9999.0 -9999.0 -9999.0 -9999.0 -9999.0 -9999.0 -9999.0 -9999.0 -9999.0 -9999.0 -9999.0 -9999.0
-9999.0 -9999.0 -9999.0 -9999.0 -9999.0 -9999.0 -9999.0 -9999.0 -9999.0 -9999.0 -9999.0 -9999.0 -9999.0 -9999.0 -9999.0 -9999.0 -9999.0 3.934508 2.153932 0.902653 -3.389733 -0.005032 -0.004020 -0.004011 -0.002176 -0.003083 -0.155391 -0.054575 -0.008526 -0.002167 -1.777989 -4.268693 -5.269468 -5.955825 -7.936428 -9.216975 -9999.0 -9999.0 -9999.0 -9999.0 -9999.0 -9999.0 -9999.0 -9999.0 -9999.0 -9999.0 -9999.0 -9999.0 -9999.0 -9999.0 -9999.0 -9999.0 -9999.0 -9999.0 -9999.0 -9999.0 -9999.0 -9999.0 -9999.0 -9999.0 -9999.0 -9999.0 -9999.0
-9999.0 -9999.0 -9999.0 -9999.0 -9999.0 -9999.0 -9999.0 -9999.0 -9999.0 -9999.0 -9999.0 -9999.0 -9999.0 -1.520246 -0.003205 1.736788 3.428700 2.711289 3.508875 -0.006954 -0.003893 -0.004454 0.003943 -0.002999 -0.002630 -1.788713 -2.405411 -1.063522 -0.936164 -0.009727 -1.713066 -4.069197 -5.574257 -6.281461 -6.803050 -9.530061 -9999.0 -9999.0 -9999.0 -9999.0 -9999.0 -9999.0 -9999.0 -9999.0 -9999.0 -9999.0 -9999.0 -9999.0 -9999.0 -9999.0 -9999.0 -9999.0 -9999.0 -9999.0 -9999.0 -9999.0 -9999.0 -9999.0 -9999.0 -9999.0 -9999.0 -9999.0 -9999.0
-9999.0 -9999.0 -9999.0 -9999.0 -9999.0 -9999.0 -9999.0 -9999.0 -9999.0 -9999.0 -9999.0 -9999.0 -9999.0 -0.112941 0.812437 2.497390 2.727405 2.117330 2.781947 1.162679 2.532342 0.182240 0.834342 -0.002846 -0.003380 -0.025249 -4.602206 -5.540540 -6.667605 -1.840373 -1.348786 -5.033597 -7.005184 -10.031259 -8.281568 -9999.0 -9999.0 -9999.0 -9999.0 -9999.0 -9999.0 -9999.0 -9999.0 -9999.0 -9999.0 -9999.0 -9999.0 -9999.0 -9999.0 -9999.0 -9999.0 -9999.0 -9999.0 -9999.0 -9999.0 -9999.0 -9999.0 -9999.0 -9999.0 -9999.0 -9999.0 -9999.0 -9999.0
-9999.0 -9999.0 -9999.0 -9999.0 -9999.0 -9999.0 -9999.0 -9999.0 -9999.0 -9999.0 -9999.0 -9999.0 -9999.0 0.338076 0.109810 1.488624 2.075596 3.042073 2.973553 3.411888 0.287733 -0.064935 -0.003123 -0.004482 -0.002661 -0.004833 -4.445470 -6.947881 -6.160498 -8.941258 -5.628363 -10.561483 -11.024092 -12.504406 -9.904942 -9999.0 -9999.0 -9999.0 -9999.0 -9999.0 -9999.0 -9999.0 -9999.0 -9999.0 -9999.0 -9999.0 -9999.0 -9999.0 -9999.0 -9999.0 -9999.0 -9999.0 -9999.0 -9999.0 -9999.0 -9999.0 -9999.0 -9999.0 -9999.0 -9999.0 -9999.0 -9999.0 -9999.0
-9999.0 -9999.0 -9999.0 -9999.0 -9999.0 -9999.0 -9999.0 -9999.0 -9999.0 -9999.0 -9999.0 -9999.0 -0.004759 -0.001007 0.943375 -0.002664 0.486673 2.365131 2.618239 2.053511 -0.004227 -0.008729 -0.116845 -0.233172 -1.261152 -4.628824 -3.429809 -5.772214 -5.543754 -7.214045 -10.551223 -7.473491 -6.266525 -10.460024 -9999.0 -9999.0 -9999.0 -9999.0 -9999.0 -9999.0 -9999.0 -9999.0 -9999.0 -9999.0 -9999.0 -9999.0 -9999.0 -9999.0 -9999.0 -9999.0 -9999.0 -9999.0 -9999.0 -9999.0 -9999.0 -9999.0 -9999.0 -9999.0 -9999.0 -9999.0 -9999.0 -9999.0 -9999.0
-9999.0 -9999.0 -9999.0 -9999.0 -9999.0 -9999.0 -9999.0 -9999.0 -9999.0 -9999.0 -9999.0 -0.929038 0.188081 0.349223 0.183777 -0.068668 0.637438 2.250909 2.640853 1.376663 0.843716 -0.002201 -1.939775 -4.174250 -0.719700 -3.936473 -6.041950 -4.837922 -4.890251 -9.013318 -7.710768 -5.470477 -6.660645 -8.700147 -7.850768 -6.408539 -5.916013 -5.081380 -4.721453 -9999.0 -9999.0 -9999.0 -8.850689 -9999.0 -9999.0 -9999.0 -9999.0 -9999.0 -9999.0 -9999.0 -9999.0 -9999.0 -9999.0 -9999.0 -9999.0 -9999.0 -9999.0 -9999.0 -9999.0 -9999.0 -9999.0 -9999.0 -9999.0
-9999.0 -9999.0 -9999.0 -9999.0 -9999.0 -9999.0 -9999.0 -9999.0 -9999.0 -9999.0 -9999.0 -1.631414 0.599453 1.744257 1.658818 -1.407335 2.842238 3.049847 2.766509 1.771679 0.317162 -0.087638 -1.979093 -2.846558 -2.331498 -4.755294 -5.153127 -3.883439 -5.406479 -8.639293 -4.868283 -4.588551 -6.171419 -7.021434 -7.853381 -4.880016 -3.170074 -3.212204 -4.873663 -8.344736 -8.301850 -8.807457 -5.111717 -7.185153 -9999.0 -9999.0 -9999.0 -6.606477 -8.047851 -7.682636 -6.921743 -8.791592 -9.030304 -5.881456 -5.555826 -9.611471 -9999.0 -9999.0 -9999.0 -9999.0 -9999.0 -9999.0 -9999.0
-9999.0 -9999.0 -9999.0 -9999.0 -9999.0 -9999.0 -9999.0 -9999.0 -9999.0 -9999.0 -9999.0 -2.555760 -1.208869 -0.132460 -0.070627 -0.355309 -0.002072 2.454859 2.128244 1.808573 1.254164 -0.003309 -1.386237 -3.217591 -4.777694 -5.921157 -1.504150 -3.819193 -6.194070 -7.461084 -6.628133 -4.415343 -3.698635 -6.649429 -7.176387 -3.573238 -3.538653 -3.095839 -1.939774 -6.555154 -4.535916 -5.982715 -3.726236 -4.685049 -6.743257 -9999.0 -10.277509 -6.696475 -5.145204 -4.069326 -3.800815 -4.646669 -4.635505 -5.344163 -5.507422 -6.485876 -9999.0 -9999.0 -9999.0 -9999.0 -9999.0 -9999.0 -9999.0
-9999.0 -9999.0 -9999.0 -9999.0 -9999.0 -9999.0 -9999.0 -9999.0 -9999.0 -9999.0 -9999.0 -9999.0 -1.394062 -0.618430 -0.761529 -0.179577 -0.003439 1.701080 2.332174 1.844827 1.040230 -0.003761 -0.267426 -1.048506 -3.388966 -1.601309 -2.407082 -4.068872 -5.431858 -7.087620 -5.117695 -4.191832 -3.738498 -5.697585 -6.251388 -4.489828 -1.702988 -2.190042 -0.117154 -3.845634 -2.643558 -4.557515 -2.112839 -2.082055 -6.700048 -7.046421 -8.197398 -6.570177 -3.576227 -1.420477 -0.276200 -4.012121 -2.893263 -4.198623 -5.298862 -5.252077 -6.346998 -9999.0 -9999.0 -9999.0 -9999.0 -9999.0 -9999.0
-9999.0 -9999.0 -9999.0 -9999.0 -9999.0 -9999.0 -9999.0 -9999.0 -9999.0 -9999.0 -9999.0 -0.792661 -2.830424 -1.575944 -0.534198 -0.023325 -0.002252 0.985588 1.806339 3.037830 1.327531 -0.002960 -0.123981 -2.107217 -1.504813 -0.428478 -0.727091 -5.652110 -5.907264 -5.557369 -1.578543 -3.253008 -4.084895 -5.538912 -7.812058 -4.890158 -4.751049 -1.108639 -0.016519 -1.333951 -1.128753 -0.050560 -0.919955 -1.492027 -1.687943 -5.493854 -4.485758 -5.410176 -4.493125 -0.368315 -4.448114 -5.360732 -6.610080 -7.766532 -8.860200 -9.563897 -7.275704 -9999.0 -9999.0 -9999.0 -9999.0 -9999.0 -9999.0
-9999.0 -9999.0 -9999.0 -9999.0 -9999.0 -9999.0 -9999.0 -9999.0 -9999.0 -9999.0 -1.941133 -0.434360 -2.139594 -2.130168 -0.858414 -0.743574 -0.754981 -0.003363 2.480316 2.694471 0.412783 0.002306 -0.785079 -1.015773 -0.006627 -1.295374 -2.900022 -5.382116 -3.852369 -2.533119 -2.376627 -2.266184 -2.816367 -5.527872 -9.688341 -6.601492 -3.627206 -1.867878 -0.051550 -0.002480 -0.002375 0.000396 0.138585 0.253268 -0.119826 -5.360828 -4.294821 -1.408718 -1.576215 -0.006880 -5.919100 -7.820002 -9.353555 -10.475016 -10.241383 -5.583046 -5.394136 -9999.0 -9999.0 -9999.0 -9999.0 -9999.0 -9999.0
-9999.0 -9999.0 -9999.0 -9999.0 -9999.0 -9999.0 -9999.0 -9999.0 -9999.0 -4.559029 -1.957225 -2.127039 -0.490287 -0.753451 -0.680292 -0.278048 -0.176123 -0.005551 2.220306 3.125329 0.760306 -0.005372 -0.003716 -0.003128 -0.002275 -1.691438 -3.593321 -2.231003 -0.636633 -0.045261 -0.002231 -1.888935 -6.287316 -9.274844 -8.559311 -6.725892 -4.904124 -2.591886 -1.478870 -0.290873 -0.298688 -0.166616 -0.654936 0.924912 0.286281 -0.340712 -0.635432 -1.275664 -1.252807 -0.002040 -2.991842 -7.302821 -11.433708 -10.464729 -8.539975 -7.012769 -5.784150 -6.829166 -8.156753 -9999.0 -9999.0 -9999.0 -9999.0
-9999.0 -9999.0 -9999.0 -9999.0 -9999.0 -9999.0 -9999.0 -9999.0 -9999.0 -6.004176 -4.804009 -2.837911 -0.449671 -0.003664 -0.220372 -0.774031 -0.784326 -0.002272 2.803287 1.686199 1.332801 0.428836 0.001500 -0.006031 -1.303886 -1.763189 -0.710853 -0.007258 -0.002088 -0.004325 -0.445799 -2.270774 -4.455865 -6.583323 -5.332671 -6.735625 -6.188375 -4.879260 -4.759774 -2.226842 -0.845568 -2.811768 -0.630654 -0.001975 1.573952 0.603471 0.274465 -0.003303 -0.004927 -0.002076 -3.134687 -6.456707 -9.891249 -8.726298 -7.438288 -7.769385 -5.729141 -4.547852 -5.781394 -9999.0 -9999.0 -9999.0 -9999.0
-9999.0 -9999.0 -9999.0 -9999.0 -9999.0 -9999.0 -9999.0 -9999.0 -9999.0 -9999.0 -5.315780 -2.981309 -0.078857 -0.559182 -0.003251 -0.165901 -0.004249 0.087254 3.578507 2.622472 1.399432 1.375046 -0.002591 -0.093595 -1.537960 -0.121376 -0.002266 -0.001141 -0.489741 -1.817232 -2.173102 -2.588486 -4.814255 -5.978117 -3.891887 -4.201832 -2.161722 -1.799729 -6.144847 -4.937946 -5.380835 -2.058174 -1.206377 -0.106036 -0.003183 -0.002832 0.398216 0.095453 0.946464 -0.002561 -2.086013 -3.606988 -8.645310 -9.600921 -8.859955 -6.701117 -5.265329 -1.761314 -2.212430 -0.095599 -9999.0 -9999.0 -9999.0
-9999.0 -9999.0 -9999.0 -9999.0 -9999.0 -9999.0 -9999.0 -9999.0 -9999.0 -9999.0 -5.550801 -4.274657 -2.239408 -0.077191 0.002272 -0.004205 -0.003716 1.434189 4.002379 3.532553 2.523471 0.204774 -0.003282 -0.306219 -0.121530 -0.001960 0.312618 -0.005745 -1.509715 -4.488244 -5.006223 -4.567025 -5.252565 -6.785827 -4.909971 -1.888290 -1.776588 -0.454937 -3.035057 -5.832478 -4.657574 -3.932122 -3.576986 -3.293811 -1.224835 -0.450169 -0.009047 -0.003217 1.651782 0.674472 -0.020250 -2.966873 -5.102591 -8.132872 -10.263970 -9.440518 -6.749022 -1.278803 0.631555 0.417605 -9999.0 -9999.0 -9999.0
-9999.0 -9999.0 -9999.0 -9999.0 -9999.0 -9999.0 -9999.0 -9999.0 -3.157258 -5.151472 -6.113589 -3.560223 -3.594111 -3.394092 -0.065938 0.834717 1.734147 1.356673 3.334110 4.065509 4.312808 2.865621 1.698241 -0.005515 -0.002823 1.323312 -0.001610 -1.016674 -2.558954 -4.454213 -9.309456 -4.946000 -4.893785 -6.485243 -4.508767 -4.586114 -0.755236 -0.382240 -2.780680 -6.761215 -5.446109 -2.555165 -4.444343 -6.311248 -4.372521 -2.149268 -2.588478 -0.655257 -0.003376 0.940025 -0.005768 -0.927379 -3.997969 -6.916006 -8.952466 -5.955337 -6.509161 -1.195921 -0.002035 2.383275 -9999.0 -9999.0 -9999.0
-9999.0 -9999.0 -9999.0 -9999.0 -9999.0 -9999.0 -9999.0 -9999.0 -3.974857 -2.180192 -3.934908 -5.927647 -4.583824 -2.122807 -1.081624 -0.002726 0.693962 1.264761 4.638742 4.589963 3.521168 2.711942 1.273174 0.094777 2.134268 2.206674 0.211348 -0.421231 -4.948052 -5.755004 -6.559720 -6.290466 -4.578832 -6.096822 -3.815120 -2.328108 -0.571673 -0.364108 -0.842718 -3.711358 -5.082302 -7.872583 -5.913313 -3.515760 -2.618891 -1.221575 -4.809038 -3.903019 -0.596923 0.906455 0.472299 -0.457457 -3.705796 -6.586893 -4.477337 -4.153113 -1.358665 -0.008157 1.195141 3.592949 4.641886 -9999.0 -9999.0
-9999.0 -9999.0 -9999.0 -9999.0 -9999.0 -9999.0 -9999.0 -9999.0 -4.892228 -3.006629 -3.537492 -4.749959 -5.113049 -4.147883 -1.003380 -1.009697 -0.004423 0.612927 4.586433 3.661518 5.057462 3.592523 2.967140 3.147165 1.816507 1.920993 -0.002274 -1.454690 -5.150031 -4.906281 -5.714799 -1.994018 -3.064161 -2.718866 -1.922512 -1.921057 -0.044318 1.054081 -0.018835 -1.284223 -3.916037 -5.570079 -3.416698 -3.133644 -1.847429 -3.578708 -6.692700 -4.706035 -2.875401 -0.001910 1.905042 -0.003320 -4.622222 -3.572818 -2.339694 -0.866340 -0.000808 1.074769 3.182796 3.391359 4.233986 -9999.0 -9999.0
-9999.0 -9999.0 -9999.0 -9999.0 -9999.0 -9999.0 -9999.0 -9999.0 -7.594283 -3.570996 -1.769664 -4.992631 -4.668729 -1.670999 -0.455861 -0.002203 2.910421 4.330866 2.188683 4.951658 4.462005 4.890940 3.715693 3.140091 2.595519 0.280289 -0.005286 -2.225488 -2.237944 -1.310167 -1.254662 -0.721566 -0.059646 -0.238273 -0.534632 -1.483548 -0.003567 2.697788 -0.001524 -0.070257 -2.842544 -2.307671 -2.574677 -4.439008 -4.363092 -5.472416 -3.781556 -4.721448 -4.521534 -1.424887 -0.002395 1.508971 -0.002594 -1.188804 -0.003739 0.317398 1.829330 2.898736 4.336010 4.006226 3.078048 1.732919 -9999.0
-9999.0 -9999.0 -9999.0 -9999.0 -9999.0 -9999.0 -9999.0 -9999.0 -7.504701 -3.765422 -2.179531 -1.791859 -0.683592 -0.080029 -0.003823 0.704150 0.748248 1.435503 -0.003972 1.651066 3.903469 4.179432 4.520036 4.218881 0.966922 -0.004304 -1.310116 -0.130086 -0.002418 -0.075735 -0.267440 -0.004711 0.599227 -0.001647 -0.002245 -0.002214 0.834999 4.554725 3.937534 0.490244 -0.002150 -0.001453 -0.006232 -0.010986 -1.345741 -1.766062 -0.707967 -0.183897 -0.815892 -0.002488 0.012326 0.894247 1.271273 0.392604 1.020369 1.346596 2.078018 2.812052 3.390382 3.022538 2.899077 1.163772 -9999.0
-9999.0 -9999.0 -4.472909 -3.350873 -4.379624 -1.873640 -4.043286 -3.696058 -5.761881 -4.717429 -1.425563 -0.316924 -0.090485 -0.402582 0.001097 0.324573 -0.002978 -1.418012 -0.689964 -0.003046 1.558546 4.153627 3.434776 5.462921 2.235453 0.936545 -0.004333 -0.003699 1.260055 -0.001398 -0.002719 -0.002842 0.942828 1.931243 2.023362 3.218734 4.257617 6.810800 5.732337 3.139638 2.016719 2.038905 2.605255 0.812486 -0.002520 -0.002315 0.044439 0.738369 0.798997 1.795168 2.463738 2.337797 1.760629 1.323414 1.274632 1.377726 1.849259 2.196315 1.782547 2.314563 0.168377 0.438054 -9999.0
-9999.0 -0.738193 -1.169905 -1.357962 -1.782684 -3.647097 -4.033370 -4.059626 -5.091773 -5.891204 -2.991173 -1.062425 -0.062269 -0.226724 -0.000198 -0.457418 -1.473132 -2.615534 -1.103518 -0.002892 1.380129 2.833988 1.579927 3.285321 2.313863 1.938023 0.574134 0.890563 2.287784 1.310489 1.091519 1.092853 2.478562 3.342320 4.745330 5.946373 7.404565 10.086066 7.561984 6.087388 5.254316 5.079603 4.375665 3.343961 2.201669 2.616130 2.554316 4.490928 3.921111 4.554237 3.082808 2.342726 1.610489 0.886968 0.824353 0.384917 0.277438 0.604161 0.075386 -0.001750 -0.002370 0.231472 -9999.0
-9999.0 -1.241963 -1.056932 -0.381198 -0.334307 -2.428421 -2.757697 -4.572513 -6.085609 -6.230721 -3.559603 -1.452849 -0.003188 -0.000110 -0.051875 -2.664371 -3.884085 -3.167025 -0.416839 -0.029700 -0.001698 1.078700 1.835701 0.831243 1.597975 2.416178 4.801216 4.200586 3.677583 5.223044 5.770216 5.432067 4.203557 5.088087 5.772533 7.931891 9.318213 10.368114 10.106782 9.235966 8.457947 7.579324 6.466208 7.156005 7.285629 6.985101 5.145201 4.952714 4.466206 3.820195 2.233592 1.213120 0.365040 1.030744 0.268023 -0.008918 -0.039213 -0.028539 -0.007840 -0.073681 -0.005617 -9999.0 -9999.0
