user2019/resources/simulation/Vinschgau/output-maps/TsL0004N0149.asc
ncols         63
nrows         48
xllcorner     598000.000000
yllcorner     5145000.000000
cellsize      1000.000000
NODATA_value  -9999.0
[rows 0 to 27 of 48, columns 0 to 61 of 63]
-9999.0 -9999.0 -9999.0 -9999.0 -9999.0 -9999.0 -9999.0 -9999.0 -9999.0 -9999.0 -9999.0 -9999.0 -9999.0 -9999.0 -9999.0 -9999.0 -9999.0 -9999.0 -9999.0 -9999.0 -9999.0 -9999.0 -9999.0 -9999.0 -9999.0 -9999.0 -9999.0 -9999.0 -9999.0 -9999.0 -9999.0 -9999.0 -9999.0 -9999.0 -9999.0 -9999.0 -9999.0 -9999.0 -9999.0 -9999.0 -9999.0 -9999.0 -9999.0 -9999.0 -9999.0 -9999.0 -9999.0 -9999.0 -9999.0 -9999.0 -9999.0 -9999.0 -9999.0 -9999.0 -9999.0 -9999.0 -9999.0 -9999.0 -9999.0 -9999.0 -9999.0 -9999.0
-9999.0 -9999.0 -9999.0 -9999.0 -9999.0 -9999.0 -9999.0 -9999.0 -9999.0 -9999.0 -9999.0 -9999.0 -9999.0 -9999.0 -9999.0 -9999.0 -9999.0 -9999.0 -9999.0 -9999.0 -9999.0 -9999.0 -9999.0 -9999.0 -9999.0 -9999.0 -9999.0 -1.982182 -2.269535 -3.326612 -3.422168 -4.366595 -4.593556 -9999.0 -9999.0 -9999.0 -9999.0 -9999.0 -9999.0 -9999.0 -9999.0 -9999.0 -9999.0 -9999.0 -9999.0 -9999.0 -9999.0 -9999.0 -9999.0 -9999.0 -9999.0 -9999.0 -9999.0 -9999.0 -9999.0 -9999.0 -9999.0 -9999.0 -9999.0 -9999.0 -9999.0 -9999.0
-9999.0 -9999.0 -9999.0 -9999.0 -9999.0 -9999.0 -9999.0 -9999.0 -9999.0 -9999.0 -9999.0 -9999.0 -9999.0 -9999.0 -9999.0 -9999.0 -9999.0 -9999.0 -9999.0 -9999.0 -9999.0 -9999.0 -9999.0 -9999.0 -1.318480 -1.484667 -2.358119 -2.591188 -2.105897 -2.989207 -2.657482 -9999.0 -9999.0 -9999.0 -9999.0 -9999.0 -9999.0 -9999.0 -9999.0 -9999.0 -9999.0 -9999.0 -9999.0 -9999.0 -9999.0 -9999.0 -9999.0 -9999.0 -9999.0 -9999.0 -9999.0 -9999.0 -9999.0 -9999.0 -9999.0 -9999.0 -9999.0 -9999.0 -9999.0 -9999.0 -9999.0 -9999.0
-9999.0 -9999.0 -9999.0 -9999.0 -9999.0 -9999.0 -9999.0 -9999.0 -9999.0 -9999.0 -9999.0 -9999.0 -9999.0 -9999.0 -9999.0 -9999.0 -9999.0 -9999.0 -9999.0 -9999.0 -9999.0 -9999.0 -9999.0 -1.430301 -1.438925 -0.301746 -0.310539 -0.318159 -1.431161 -3.807797 -3.383613 -1.536710 -9999.0 -9999.0 -9999.0 -9999.0 -9999.0 -9999.0 -9999.0 -9999.0 -9999.0 -9999.0 -9999.0 -9999.0 -9999.0 -9999.0 -9999.0 -9999.0 -9999.0 -9999.0 -9999.0 -9999.0 -9999.0 -9999.0 -9999.0 -9999.0 -9999.0 -9999.0 -9999.0 -9999.0 -9999.0 -9999.0
-9999.0 -9999.0 -9999.0 -9999.0 -9999.0 -9999.0 -9999.0 -9999.0 -9999.0 -9999.0 -9999.0 -9999.0 -9999.0 -9999.0 -9999.0 -9999.0 -9999.0 -9999.0 -0.116663 -0.316128 -9999.0 -1.332191 -1.379260 -0.110128 -0.237051 -4.635184 -1.625415 -1.559350 -0.798150 -1.381960 -4.102329 -2.947137 -4.529766 -5.208900 -9999.0 -9999.0 -9999.0 -9999.0 -9999.0 -9999.0 -9999.0 -9999.0 -9999.0 -9999.0 -9999.0 -9999.0 -9999.0 -9999.0 -9999.0 -9999.0 -9999.0 -9999.0 -9999.0 -9999.0 -9999.0 -9999.0 -9999.0 -9999.0 -9999.0 -9999.0 -9999.0 -9999.0
-9999.0 -9999.0 -9999.0 -9999.0 -9999.0 -9999.0 -9999.0 -9999.0 -9999.0 -9999.0 -9999.0 -9999.0 -9999.0 -9999.0 -9999.0 -9999.0 -9999.0 -1.269821 -1.913944 -1.860631 -1.469200 -0.651736 -1.256092 -1.520250 -0.699913 -1.984605 -1.508054 -1.453986 -1.549789 -1.668146 -1.650566 -4.061703 -4.470142 -4.958261 -4.009181 -5.551927 -9999.0 -9999.0 -9999.0 -9999.0 -9999.0 -9999.0 -9999.0 -9999.0 -9999.0 -9999.0 -9999.0 -9999.0 -9999.0 -9999.0 -9999.0 -9999.0 -9999.0 -9999.0 -9999.0 -9999.0 -9999.0 -9999.0 -9999.0 -9999.0 -9999.0 -9999.0
-9999.0 -9999.0 -9999.0 -9999.0 -9999.0 -9999.0 -9999.0 -9999.0 -9999.0 -9999.0 -9999.0 -9999.0 -9999.0 -1.270237 -0.618933 -0.590095 -0.824298 -2.253622 -1.248226 -1.151013 -0.200898 -0.237097 -1.694877 -0.499473 -2.630805 -1.697795 -2.712649 -1.385762 -1.900019 -1.422295 -1.609230 -2.060919 -3.206797 -5.494983 -6.140959 -6.251051 -9999.0 -9999.0 -9999.0 -9999.0 -9999.0 -9999.0 -9999.0 -9999.0 -9999.0 -9999.0 -9999.0 -9999.0 -9999.0 -9999.0 -9999.0 -9999.0 -9999.0 -9999.0 -9999.0 -9999.0 -9999.0 -9999.0 -9999.0 -9999.0 -9999.0 -9999.0
-9999.0 -9999.0 -9999.0 -9999.0 -9999.0 -9999.0 -9999.0 -9999.0 -9999.0 -9999.0 -9999.0 -9999.0 -9999.0 -1.189719 -0.088977 -0.584572 -0.606698 -0.243984 -2.656537 -2.565251 -5.353665 -2.077285 -1.234136 -1.750423 -1.570822 -1.431281 -2.613437 -4.634693 -4.858936 -2.497179 -1.494257 -5.232190 -6.116870 -6.677696 -6.596114 -9999.0 -9999.0 -9999.0 -9999.0 -9999.0 -9999.0 -9999.0 -9999.0 -9999.0 -9999.0 -9999.0 -9999.0 -9999.0 -9999.0 -9999.0 -9999.0 -9999.0 -9999.0 -9999.0 -9999.0 -9999.0 -9999.0 -9999.0 -9999.0 -9999.0 -9999.0 -9999.0
-9999.0 -9999.0 -9999.0 -9999.0 -9999.0 -9999.0 -9999.0 -9999.0 -9999.0 -9999.0 -9999.0 -9999.0 -9999.0 -0.343135 -0.225026 -0.130066 -0.626803 -0.680674 -2.610579 -0.742993 -0.911845 -3.181302 -1.740207 -1.418307 -1.424922 -1.002174 -2.612133 -4.683837 -2.635684 -5.492312 -4.922165 -6.312436 -6.399105 -6.875715 -6.989629 -9999.0 -9999.0 -9999.0 -9999.0 -9999.0 -9999.0 -9999.0 -9999.0 -9999.0 -9999.0 -9999.0 -9999.0 -9999.0 -9999.0 -9999.0 -9999.0 -9999.0 -9999.0 -9999.0 -9999.0 -9999.0 -9999.0 -9999.0 -9999.0 -9999.0 -9999.0 -9999.0
-9999.0 -9999.0 -9999.0 -9999.0 -9999.0 -9999.0 -9999.0 -9999.0 -9999.0 -9999.0 -9999.0 -9999.0 -1.221950 -0.235290 -0.119813 -1.749093 -0.297828 -0.655749 -0.122750 -4.034516 -1.734670 -1.432214 -1.342790 -1.395459 -0.811295 -4.043099 -1.454432 -1.489428 -2.908908 -5.080460 -5.111318 -4.175582 -4.678984 -6.044374 -9999.0 -9999.0 -9999.0 -9999.0 -9999.0 -9999.0 -9999.0 -9999.0 -9999.0 -9999.0 -9999.0 -9999.0 -9999.0 -9999.0 -9999.0 -9999.0 -9999.0 -9999.0 -9999.0 -9999.0 -9999.0 -9999.0 -9999.0 -9999.0 -9999.0 -9999.0 -9999.0 -9999.0
-9999.0 -9999.0 -9999.0 -9999.0 -9999.0 -9999.0 -9999.0 -9999.0 -9999.0 -9999.0 -9999.0 -1.243400 -1.403660 -0.293316 -1.495265 -1.441806 -3.227112 -0.588008 -0.099843 -3.694603 -1.935539 -0.274950 -1.283724 -2.935099 -1.349539 -1.509407 -4.272469 -1.445321 -1.721275 -5.595136 -2.955017 -4.023711 -4.723980 -6.715331 -6.975953 -8.445758 -10.471737 -11.577928 -11.517391 -9999.0 -9999.0 -9999.0 -7.086030 -9999.0 -9999.0 -9999.0 -9999.0 -9999.0 -9999.0 -9999.0 -9999.0 -9999.0 -9999.0 -9999.0 -9999.0 -9999.0 -9999.0 -9999.0 -9999.0 -9999.0 -9999.0 -9999.0
-9999.0 -9999.0 -9999.0 -9999.0 -9999.0 -9999.0 -9999.0 -9999.0 -9999.0 -9999.0 -9999.0 -1.372463 -1.431497 -1.370632 -1.172948 -1.818832 -0.938588 -1.752349 -0.119464 -0.146846 -0.189221 -0.113862 -1.361911 -1.360576 -1.415658 -2.576847 -1.936620 -2.141030 -2.309468 -4.737340 -3.734953 -4.598691 -6.029494 -4.662165 -7.255320 -9.261346 -10.866316 -13.104590 -14.142145 -13.583290 -12.544779 -9.452993 -7.367997 -6.006871 -9999.0 -9999.0 -9999.0 -0.223477 -1.155964 -1.120277 -0.660282 -1.205810 -1.170885 -0.084017 -0.043885 -1.073478 -9999.0 -9999.0 -9999.0 -9999.0 -9999.0 -9999.0
-9999.0 -9999.0 -9999.0 -9999.0 -9999.0 -9999.0 -9999.0 -9999.0 -9999.0 -9999.0 -9999.0 -1.313179 -1.315568 -2.631689 -0.720143 -1.751377 -1.428536 -1.759837 -0.100145 -0.137180 -0.515156 -1.471725 -1.442393 -1.417709 -3.155570 -2.887701 -1.470329 -2.170554 -3.912504 -2.921593 -4.847257 -4.503714 -4.676756 -6.054347 -8.078159 -10.150479 -9.126403 -6.044742 -6.233610 -14.160480 -11.374436 -11.232830 -7.211957 -6.292298 -2.821950 -9999.0 -2.506330 -1.184975 -1.049622 -0.424280 -0.951687 -1.081989 -0.047527 -0.006691 -0.005126 -0.015326 -9999.0 -9999.0 -9999.0 -9999.0 -9999.0 -9999.0
-9999.0 -9999.0 -9999.0 -9999.0 -9999.0 -9999.0 -9999.0 -9999.0 -9999.0 -9999.0 -9999.0 -9999.0 -1.336838 -0.746181 -0.244370 -1.191341 -1.499595 -1.671881 -0.123481 -0.509876 -1.520792 -1.430435 -1.282317 -1.526197 -1.975516 -1.430947 -0.330290 -3.475072 -2.735110 -2.586336 -2.601964 -4.120946 -4.794835 -5.367236 -7.286817 -9.885735 -8.436756 -6.461760 -5.350897 -8.681334 -10.056884 -9.842705 -8.365587 -2.006879 -4.874803 -1.382083 -1.249189 -1.216656 -1.120028 -1.171695 -0.612960 -0.508972 -0.194536 -0.154243 -1.086050 -1.123779 -0.102463 -9999.0 -9999.0 -9999.0 -9999.0 -9999.0
-9999.0 -9999.0 -9999.0 -9999.0 -9999.0 -9999.0 -9999.0 -9999.0 -9999.0 -9999.0 -9999.0 -0.635749 -1.331101 -1.251452 -1.213807 -1.233462 -1.374490 -1.585644 -0.145730 -0.678252 -1.719019 -0.233451 -1.295776 -1.454004 -1.400071 -0.853725 -0.830954 -3.332059 -2.153302 -2.951403 -2.615103 -3.077250 -2.418539 -5.081824 -7.743275 -9.368340 -12.731703 -7.732317 -3.289833 -9.095958 -8.913446 -7.228829 -7.657554 -7.743949 -1.704193 -1.299002 -1.225814 -1.338126 -1.155085 -3.462709 -1.479708 -1.246141 -1.198192 -2.367433 -1.452181 -2.290103 -1.045805 -9999.0 -9999.0 -9999.0 -9999.0 -9999.0
-9999.0 -9999.0 -9999.0 -9999.0 -9999.0 -9999.0 -9999.0 -9999.0 -9999.0 -9999.0 -0.413578 -1.243969 -0.456264 -1.265869 -0.116729 -0.770036 -1.597256 -1.600985 -0.588492 -0.576682 -0.147028 -0.245726 -1.522045 -0.187101 -0.915179 -0.804176 -2.012221 -4.212446 -1.409780 -1.302626 -1.735302 -1.853658 -2.830675 -5.159916 -7.661666 -8.435186 -10.655228 -8.327973 -4.941294 -4.273612 -4.425084 -7.278943 -6.418715 -2.227800 -2.197028 -4.361700 -1.205022 -2.660547 -1.227206 -1.575771 -1.331959 -2.274400 -2.025885 -2.491043 -2.011830 -0.007129 -0.012969 -9999.0 -9999.0 -9999.0 -9999.0 -9999.0
-9999.0 -9999.0 -9999.0 -9999.0 -9999.0 -9999.0 -9999.0 -9999.0 -9999.0 -1.263350 -0.439299 -0.538311 -0.951664 -1.395898 -0.303832 -1.468823 -1.346382 -0.128088 -1.594764 -0.644060 -0.376040 -1.568555 -1.452860 -1.417016 -0.687686 -2.479437 -2.701330 -0.732276 -1.496632 -1.520775 -2.380360 -3.890872 -5.745279 -6.120043 -6.418728 -7.418271 -6.688811 -8.124373 -8.171109 -8.874519 -4.131194 -5.169401 -5.249323 -2.361453 -7.105168 -3.645270 -0.502049 -2.534168 -1.495867 -0.794044 -1.221997 -1.122890 -2.686627 -1.221164 -1.096206 -1.041497 -0.067425 -0.500071 -0.822486 -9999.0 -9999.0 -9999.0
-9999.0 -9999.0 -9999.0 -9999.0 -9999.0 -9999.0 -9999.0 -9999.0 -9999.0 -1.250430 -1.246792 -1.197185 -0.228316 -1.079819 -0.803184 -1.143081 -0.103357 -1.440906 -1.932658 -0.364910 -0.473959 -2.585899 -0.502686 -0.313154 -2.039595 -1.610695 -1.558790 -0.996944 -2.445228 -1.632582 -2.418136 -4.497171 -3.520593 -2.520924 -4.498168 -6.216052 -7.030532 -6.978925 -6.400679 -4.493289 -1.963307 -4.321255 -2.544798 -4.369648 -1.349140 -3.946012 -5.864409 -4.775066 -1.286685 -1.786101 -1.069129 -1.230420 -1.197388 -1.208573 -1.863310 -0.253760 -0.065062 -0.090101 -0.603953 -9999.0 -9999.0 -9999.0
-9999.0 -9999.0 -9999.0 -9999.0 -9999.0 -9999.0 -9999.0 -9999.0 -9999.0 -9999.0 -1.228692 -1.211254 -1.453853 -0.731569 -1.619251 -0.734525 -0.365542 -0.143266 -1.571391 -0.916208 -0.192103 -1.706628 -0.351665 -1.416540 -1.660835 -1.585480 -2.203387 -4.879240 -1.707358 -1.621659 -2.546347 -0.961154 -3.357047 -3.826682 -3.090414 -1.739993 -1.790739 -3.485888 -5.211104 -4.942063 -5.283013 -1.572420 -2.140609 -1.521485 -4.135696 -6.032058 -3.338572 -1.260798 -5.482937 -2.883543 -1.185839 -1.078163 -1.203113 -1.147625 -1.264028 -1.170763 -0.973306 -0.932788 -0.235549 -0.068426 -9999.0 -9999.0
-9999.0 -9999.0 -9999.0 -9999.0 -9999.0 -9999.0 -9999.0 -9999.0 -9999.0 -9999.0 -1.238643 -1.250039 -1.306842 -0.845894 -0.350499 -1.180037 -1.482276 -0.230976 -0.397768 -1.524639 -1.979009 -1.338938 -0.211473 -1.548854 -1.494314 -4.328400 -2.772134 -1.807425 -1.695966 -3.706834 -3.441304 -1.406049 -3.964742 -3.604563 -3.656064 -2.387017 -3.038990 -4.175125 -4.542293 -3.245745 -1.246671 -1.333002 -1.383298 -2.773406 -0.502605 -1.183677 -1.259953 -2.693821 -5.249530 -4.396428 -2.881973 -1.067388 -0.562354 -1.125927 -1.199107 -1.143208 -1.129431 -0.054059 -3.397130 -0.512057 -9999.0 -9999.0
-9999.0 -9999.0 -9999.0 -9999.0 -9999.0 -9999.0 -9999.0 -9999.0 -0.321899 -1.113820 -1.550615 -1.367886 -1.353412 -1.367336 -1.022082 -0.662071 -1.540895 -2.134979 -0.072975 -0.071338 -0.231233 -1.277706 -4.467926 -1.483982 -1.657620 -1.215208 -0.788964 -1.839094 -1.563522 -2.153706 -4.931205 -3.096849 -2.139362 -1.589974 -1.219380 -4.064708 -1.305810 -2.940193 -4.317618 -1.508873 -2.981771 -1.489133 -3.523193 -3.950738 -1.140692 -0.704929 -1.667909 -0.551601 -1.992569 -1.747905 -0.837216 -1.142931 -0.251671 -1.184363 -1.158170 -0.010436 -0.594920 -0.052808 -1.169864 -4.061789 -9999.0 -9999.0
-9999.0 -9999.0 -9999.0 -9999.0 -9999.0 -9999.0 -9999.0 -9999.0 -1.420801 -0.779629 -1.827174 -2.276154 -1.313621 -1.482733 -1.156961 -1.541163 -0.234359 -0.683501 -0.231741 -0.067941 -0.066878 -0.095090 -2.588544 -4.011547 -0.865569 -0.368159 -0.761876 -1.817028 -3.178825 -1.397118 -1.339533 -2.345209 -1.267092 -1.253279 -1.086996 -1.160987 -1.312910 -1.608341 -2.275608 -1.240664 -1.972884 -4.042698 -3.300192 -1.070735 -1.182892 -1.078800 -2.140097 -1.321730 -1.127115 -1.279256 -3.073639 -1.254711 -0.755504 -0.011766 -1.029720 -1.167922 -1.041099 -1.125881 -3.922680 -0.059310 -0.060159 -9999.0
-9999.0 -9999.0 -9999.0 -9999.0 -9999.0 -9999.0 -9999.0 -9999.0 -1.255342 -1.266637 -0.634202 -1.759982 -1.359156 -2.182423 -0.210767 -1.552060 -2.668455 -1.749906 -0.212161 -0.062326 -0.060733 -0.085677 -0.485145 -1.794262 -0.113866 -2.449739 -1.513368 -1.654289 -4.614063 -1.834402 -2.012504 -1.316732 -1.928084 -3.183575 -0.568906 -0.949337 -1.174873 -1.975542 -1.553229 -1.239665 -1.240041 -1.233709 -0.542498 -1.173444 -1.225885 -1.256094 -1.174349 -0.082620 -1.123341 -1.375042 -2.318611 -1.370213 -1.183362 -1.037536 -1.600278 -1.039350 -2.399738 -4.220811 -3.003650 -1.832450 -0.059356 -9999.0
-9999.0 -9999.0 -9999.0 -9999.0 -9999.0 -9999.0 -9999.0 -9999.0 -3.727807 -1.241289 -0.289660 -2.934935 -0.103275 -0.272626 -1.374410 -2.579361 -2.291259 -0.184708 -3.222083 -0.071628 -0.941844 -0.067898 -0.080642 -0.182545 -0.862322 -0.259826 -0.354065 -2.017936 -0.322357 -1.220739 -1.801804 -1.349352 -1.387450 -1.445594 -1.246493 -1.252657 -1.187700 -0.672752 -2.198363 -1.315878 -1.292461 -0.864188 -0.650567 -1.432125 -0.272507 -1.201332 -0.194504 -1.084295 -0.115758 -1.190326 -0.332879 -3.651787 -2.328945 -0.728769 -3.242524 -4.605679 -4.140126 -2.839320 -0.097610 -0.062794 -2.083256 -0.092572
-9999.0 -9999.0 -9999.0 -9999.0 -9999.0 -9999.0 -9999.0 -9999.0 -1.373464 -1.227179 -0.281019 -0.315500 -0.229346 -1.635655 -0.213957 -1.538204 -1.476358 -2.137732 -0.759382 -1.462514 -0.876021 -0.074911 -0.089077 -1.946995 -2.181191 -0.296612 -1.572023 -0.697539 -0.611718 -0.294662 -1.337214 -0.295273 -2.713167 -0.596920 -1.726318 -1.284646 -1.231860 -0.290835 -3.404102 -1.267744 -1.724749 -1.436758 -1.291430 -1.364096 -1.340032 -0.921842 -1.274378 -1.163719 -1.263934 -2.857685 -3.224914 -5.281622 -4.348508 -5.016465 -4.876035 -3.611366 -1.487833 -0.946733 -2.202593 -3.258829 -3.621698 -0.025560
-9999.0 -9999.0 -1.203851 -1.236619 -1.205389 -1.245175 -1.201390 -1.262641 -1.307952 -1.093299 -1.281906 -0.688641 -0.644130 -0.309062 -2.829340 -1.276261 -1.896121 -1.375549 -1.325327 -0.279599 -1.277124 -2.397719 -0.179287 -2.279589 -1.643035 -3.636004 -0.682923 -1.355221 -4.572051 -0.240598 -0.853399 -0.304741 -0.729841 -1.604454 -1.427648 -1.158937 -1.356016 -1.169448 -1.717791 -1.357241 -1.163889 -1.422665 -4.589993 -0.661227 -1.260151 -1.250347 -1.297068 -0.603728 -4.124299 -4.521181 -3.722459 -3.014542 -1.677892 -2.699824 -2.849058 -3.639869 -3.360294 -2.994649 -3.876658 -3.422468 -0.018920 -0.022648
-9999.0 -0.715086 -0.656531 -0.880976 -1.236462 -0.279045 -1.245799 -1.272034 -1.261389 -1.193771 -1.197551 -0.109819 -0.315715 -0.089270 -0.336916 -0.283709 -1.318536 -1.254649 -0.297242 -0.515298 -1.835549 -3.784040 -2.507988 -0.842188 -2.114597 -3.646015 -2.689471 -2.523315 -4.030883 -2.132136 -2.815665 -1.427546 -1.610400 -1.060490 -1.692336 -1.124259 -1.985561 -2.115883 -1.171430 -0.711489 -0.624962 -2.300816 -2.828006 -1.670202 -2.096891 -4.377343 -3.690330 -3.733365 -2.801686 -2.343422 -1.275555 -1.853266 -3.526703 -3.981107 -4.033335 -2.183454 -0.592912 -0.337688 -0.118288 -0.095242 -0.030977 -0.023822
-9999.0 -1.271423 -0.288555 -0.291266 -0.107023 -0.314656 -1.292196 -1.392845 -1.321481 -1.206643 -1.293772 -0.262568 -0.577699 -0.118967 -1.536103 -1.257828 -1.155976 -1.274656 -0.308831 -1.313993 -0.296974 -0.962114 -4.385838 -2.708670 -2.202505 -2.623929 -0.079618 -0.077644 -0.077052 -2.424785 -2.473202 -1.067308 -3.005748 -2.720932 -1.858759 -1.893455 -1.842764 -1.492082 -1.976420 -1.808344 -1.802470 -1.677906 -2.657298 -0.908934 -0.739848 -2.009238 -0.056325 -0.056403 -0.080759 -0.592190 -3.018933 -2.908443 -0.765296 -2.510583 -1.276479 -0.335024 -0.316196 -0.184600 -0.083149 -0.043762 -0.011070 -9999.0
