user2019/resources/simulation/Vinschgau/output-maps/TsL0004N0573.asc
ncols         63
nrows         48
xllcorner     598000.000000
yllcorner     5145000.000000
cellsize      1000.000000
NODATA_value  -9999.0
[rows 0 to 27 of 48, columns 0 to 62 of 63]
-9999.0 -9999.0 -9999.0 -9999.0 -9999.0 -9999.0 -9999.0 -9999.0 -9999.0 -9999.0 -9999.0 -9999.0 -9999.0 -9999.0 -9999.0 -9999.0 -9999.0 -9999.0 -9999.0 -9999.0 -9999.0 -9999.0 -9999.0 -9999.0 -9999.0 -9999.0 -9999.0 -9999.0 -9999.0 -9999.0 -9999.0 -9999.0 -9999.0 -9999.0 -9999.0 -9999.0 -9999.0 -9999.0 -9999.0 -9999.0 -9999.0 -9999.0 -9999.0 -9999.0 -9999.0 -9999.0 -9999.0 -9999.0 -9999.0 -9999.0 -9999.0 -9999.0 -9999.0 -9999.0 -9999.0 -9999.0 -9999.0 -9999.0 -9999.0 -9999.0 -9999.0 -9999.0 -9999.0
-9999.0 -9999.0 -9999.0 -9999.0 -9999.0 -9999.0 -9999.0 -9999.0 -9999.0 -9999.0 -9999.0 -9999.0 -9999.0 -9999.0 -9999.0 -9999.0 -9999.0 -9999.0 -9999.0 -9999.0 -9999.0 -9999.0 -9999.0 -9999.0 -9999.0 -9999.0 -9999.0 6.561696 8.318926 6.109449 6.480251 6.214199 6.001604 -9999.0 -9999.0 -9999.0 -9999.0 -9999.0 -9999.0 -9999.0 -9999.0 -9999.0 -9999.0 -9999.0 -9999.0 -9999.0 -9999.0 -9999.0 -9999.0 -9999.0 -9999.0 -9999.0 -9999.0 -9999.0 -9999.0 -9999.0 -9999.0 -9999.0 -9999.0 -9999.0 -9999.0 -9999.0 -9999.0
-9999.0 -9999.0 -9999.0 -9999.0 -9999.0 -9999.0 -9999.0 -9999.0 -9999.0 -9999.0 -9999.0 -9999.0 -9999.0 -9999.0 -9999.0 -9999.0 -9999.0 -9999.0 -9999.0 -9999.0 -9999.0 -9999.0 -9999.0 -9999.0 8.366104 8.824035 9.580310 8.974899 8.965577 7.857974 7.696253 -9999.0 -9999.0 -9999.0 -9999.0 -9999.0 -9999.0 -9999.0 -9999.0 -9999.0 -9999.0 -9999.0 -9999.0 -9999.0 -9999.0 -9999.0 -9999.0 -9999.0 -9999.0 -9999.0 -9999.0 -9999.0 -9999.0 -9999.0 -9999.0 -9999.0 -9999.0 -9999.0 -9999.0 -9999.0 -9999.0 -9999.0 -9999.0
-9999.0 -9999.0 -9999.0 -9999.0 -9999.0 -9999.0 -9999.0 -9999.0 -9999.0 -9999.0 -9999.0 -9999.0 -9999.0 -9999.0 -9999.0 -9999.0 -9999.0 -9999.0 -9999.0 -9999.0 -9999.0 -9999.0 -9999.0 8.535967 9.777415 10.185011 10.360821 10.364247 10.570797 9.642904 8.375349 6.983828 -9999.0 -9999.0 -9999.0 -9999.0 -9999.0 -9999.0 -9999.0 -9999.0 -9999.0 -9999.0 -9999.0 -9999.0 -9999.0 -9999.0 -9999.0 -9999.0 -9999.0 -9999.0 -9999.0 -9999.0 -9999.0 -9999.0 -9999.0 -9999.0 -9999.0 -9999.0 -9999.0 -9999.0 -9999.0 -9999.0 -9999.0
-9999.0 -9999.0 -9999.0 -9999.0 -9999.0 -9999.0 -9999.0 -9999.0 -9999.0 -9999.0 -9999.0 -9999.0 -9999.0 -9999.0 -9999.0 -9999.0 -9999.0 -9999.0 11.301546 8.583799 -9999.0 8.258636 9.247449 10.213236 10.470173 11.624845 11.821806 11.978893 12.102131 10.652735 9.431264 7.835124 5.210485 4.092584 -9999.0 -9999.0 -9999.0 -9999.0 -9999.0 -9999.0 -9999.0 -9999.0 -9999.0 -9999.0 -9999.0 -9999.0 -9999.0 -9999.0 -9999.0 -9999.0 -9999.0 -9999.0 -9999.0 -9999.0 -9999.0 -9999.0 -9999.0 -9999.0 -9999.0 -9999.0 -9999.0 -9999.0 -9999.0
-9999.0 -9999.0 -9999.0 -9999.0 -9999.0 -9999.0 -9999.0 -9999.0 -9999.0 -9999.0 -9999.0 -9999.0 -9999.0 -9999.0 -9999.0 -9999.0 -9999.0 10.836770 9.140038 10.763845 9.393213 7.874282 9.326991 10.172793 12.928074 8.101007 7.007257 9.071973 7.270969 9.838421 9.225182 7.849492 6.550255 5.709221 4.167962 3.053944 -9999.0 -9999.0 -9999.0 -9999.0 -9999.0 -9999.0 -9999.0 -9999.0 -9999.0 -9999.0 -9999.0 -9999.0 -9999.0 -9999.0 -9999.0 -9999.0 -9999.0 -9999.0 -9999.0 -9999.0 -9999.0 -9999.0 -9999.0 -9999.0 -9999.0 -9999.0 -9999.0
-9999.0 -9999.0 -9999.0 -9999.0 -9999.0 -9999.0 -9999.0 -9999.0 -9999.0 -9999.0 -9999.0 -9999.0 -9999.0 7.369911 8.714851 8.477323 9.963060 14.996752 10.525002 10.403485 10.340078 10.993232 12.021264 12.809427 7.583746 9.052781 6.760014 0.866693 6.252576 8.200351 7.787119 7.883570 7.042671 6.180166 5.241404 3.183729 -9999.0 -9999.0 -9999.0 -9999.0 -9999.0 -9999.0 -9999.0 -9999.0 -9999.0 -9999.0 -9999.0 -9999.0 -9999.0 -9999.0 -9999.0 -9999.0 -9999.0 -9999.0 -9999.0 -9999.0 -9999.0 -9999.0 -9999.0 -9999.0 -9999.0 -9999.0 -9999.0
-9999.0 -9999.0 -9999.0 -9999.0 -9999.0 -9999.0 -9999.0 -9999.0 -9999.0 -9999.0 -9999.0 -9999.0 -9999.0 7.987098 9.328403 8.691016 8.433661 12.705368 15.225793 12.165649 10.273783 12.029576 9.169575 8.512884 10.056130 9.127557 8.344143 5.523246 5.302270 6.219141 0.636610 6.072774 4.624565 3.368174 3.832747 -9999.0 -9999.0 -9999.0 -9999.0 -9999.0 -9999.0 -9999.0 -9999.0 -9999.0 -9999.0 -9999.0 -9999.0 -9999.0 -9999.0 -9999.0 -9999.0 -9999.0 -9999.0 -9999.0 -9999.0 -9999.0 -9999.0 -9999.0 -9999.0 -9999.0 -9999.0 -9999.0 -9999.0
-9999.0 -9999.0 -9999.0 -9999.0 -9999.0 -9999.0 -9999.0 -9999.0 -9999.0 -9999.0 -9999.0 -9999.0 -9999.0 8.941467 9.057228 9.959559 7.743747 9.006439 14.829477 10.315253 11.843781 10.357101 7.422824 7.062969 9.927292 0.479198 6.496742 4.682617 6.870303 3.923770 5.653330 3.029597 2.689460 1.246983 2.887702 -9999.0 -9999.0 -9999.0 -9999.0 -9999.0 -9999.0 -9999.0 -9999.0 -9999.0 -9999.0 -9999.0 -9999.0 -9999.0 -9999.0 -9999.0 -9999.0 -9999.0 -9999.0 -9999.0 -9999.0 -9999.0 -9999.0 -9999.0 -9999.0 -9999.0 -9999.0 -9999.0 -9999.0
-9999.0 -9999.0 -9999.0 -9999.0 -9999.0 -9999.0 -9999.0 -9999.0 -9999.0 -9999.0 -9999.0 -9999.0 8.133203 8.480952 9.242428 7.828988 5.703985 7.884848 12.907456 11.612438 10.008849 6.897891 0.299270 0.491970 7.768990 7.360084 0.385171 6.969834 7.298487 4.612536 4.753529 4.581343 5.717688 3.238943 -9999.0 -9999.0 -9999.0 -9999.0 -9999.0 -9999.0 -9999.0 -9999.0 -9999.0 -9999.0 -9999.0 -9999.0 -9999.0 -9999.0 -9999.0 -9999.0 -9999.0 -9999.0 -9999.0 -9999.0 -9999.0 -9999.0 -9999.0 -9999.0 -9999.0 -9999.0 -9999.0 -9999.0 -9999.0
-9999.0 -9999.0 -9999.0 -9999.0 -9999.0 -9999.0 -9999.0 -9999.0 -9999.0 -9999.0 -9999.0 5.883187 7.484914 6.522775 6.996841 5.507999 6.264011 7.188786 12.926600 8.804077 7.997214 9.866795 7.522882 7.259897 6.875079 7.015428 6.022554 6.874281 7.252154 3.541895 4.409025 7.052886 5.156233 4.033822 5.178911 7.708361 6.880299 8.279389 9.312596 -9999.0 -9999.0 -9999.0 5.288118 -9999.0 -9999.0 -9999.0 -9999.0 -9999.0 -9999.0 -9999.0 -9999.0 -9999.0 -9999.0 -9999.0 -9999.0 -9999.0 -9999.0 -9999.0 -9999.0 -9999.0 -9999.0 -9999.0 -9999.0
-9999.0 -9999.0 -9999.0 -9999.0 -9999.0 -9999.0 -9999.0 -9999.0 -9999.0 -9999.0 -9999.0 5.617594 7.382007 6.484222 7.533658 4.752834 8.271289 8.415480 12.753095 12.534141 11.904866 9.715343 7.590623 3.497970 4.525593 6.742182 7.494151 7.351673 6.551247 3.997083 6.551354 8.113664 7.471976 5.964313 5.951078 7.839049 10.327878 10.751772 9.367315 7.108391 6.863859 6.147749 7.846140 6.603324 -9999.0 -9999.0 -9999.0 4.382253 5.226800 4.559317 5.741351 4.459861 4.357906 5.353640 5.356158 4.230258 -9999.0 -9999.0 -9999.0 -9999.0 -9999.0 -9999.0 -9999.0
-9999.0 -9999.0 -9999.0 -9999.0 -9999.0 -9999.0 -9999.0 -9999.0 -9999.0 -9999.0 -9999.0 5.883704 5.819993 4.114368 5.764694 5.506242 4.117973 5.701140 12.184429 12.971937 7.780170 7.186729 4.930773 7.685442 6.433135 7.580809 0.267785 6.133313 5.614228 5.522124 5.198908 4.912721 9.402553 6.791629 7.354291 8.974091 8.453142 9.346536 11.662625 9.599740 9.326449 7.139181 9.011143 8.745024 6.619515 -9999.0 3.702991 5.474542 6.699810 8.013396 8.458578 7.734796 8.034286 7.411020 7.440556 6.755839 -9999.0 -9999.0 -9999.0 -9999.0 -9999.0 -9999.0 -9999.0
-9999.0 -9999.0 -9999.0 -9999.0 -9999.0 -9999.0 -9999.0 -9999.0 -9999.0 -9999.0 -9999.0 -9999.0 5.742677 3.784648 6.849532 6.482459 3.818361 6.058278 12.879714 13.314755 7.952936 7.781562 7.612035 6.349427 3.655549 0.356622 9.606532 7.229284 6.352052 5.258371 7.725640 0.274367 9.445962 7.464797 6.505021 7.673333 7.344490 9.325595 15.123686 9.611735 10.959441 10.299671 7.437025 10.252736 7.242501 6.054106 4.232918 5.562448 0.277640 7.491286 8.837471 7.016053 7.707358 0.244466 5.204836 7.201884 6.829991 -9999.0 -9999.0 -9999.0 -9999.0 -9999.0 -9999.0
-9999.0 -9999.0 -9999.0 -9999.0 -9999.0 -9999.0 -9999.0 -9999.0 -9999.0 -9999.0 -9999.0 3.218774 5.749996 5.952652 4.480310 4.541996 5.768245 6.189677 13.133831 9.909506 8.592302 7.059649 7.744662 0.633113 0.573743 7.544144 6.789379 6.749627 7.597723 6.594101 0.330315 7.075429 10.583625 7.574756 5.578158 7.706905 7.758174 8.249058 9.935143 12.493942 7.956581 8.956802 9.105857 9.085465 10.920384 7.225974 7.417179 6.460179 7.060283 8.928037 4.949600 6.642094 3.672644 3.451755 3.382782 4.159845 5.948029 -9999.0 -9999.0 -9999.0 -9999.0 -9999.0 -9999.0
-9999.0 -9999.0 -9999.0 -9999.0 -9999.0 -9999.0 -9999.0 -9999.0 -9999.0 -9999.0 7.580173 0.356960 7.609987 7.277939 8.472798 6.364882 6.239666 5.895781 9.308880 10.297225 13.614163 12.000242 6.436966 10.990428 8.753089 7.720776 0.181748 3.849083 8.942481 9.914568 7.635857 7.297151 8.199603 6.090051 5.249084 7.358456 8.764824 7.527710 7.584828 10.611307 10.347796 10.283814 13.938824 9.104155 8.339962 9.337008 8.203065 7.468907 8.335926 9.212613 3.968650 4.669538 2.997114 4.028104 4.027886 7.357042 7.794446 -9999.0 -9999.0 -9999.0 -9999.0 -9999.0 -9999.0
-9999.0 -9999.0 -9999.0 -9999.0 -9999.0 -9999.0 -9999.0 -9999.0 -9999.0 5.540150 6.849203 0.264831 6.379977 5.185152 0.270644 0.301015 2.143934 10.902964 9.631080 10.881356 14.182019 8.583359 8.268528 9.984379 9.066617 5.404913 4.169867 10.083215 8.389845 9.026392 9.430437 0.475438 5.267879 3.821579 4.959508 6.275392 8.593643 5.427770 0.480509 7.692330 7.854990 6.645951 6.494186 9.615164 9.078895 8.550847 11.974659 7.852185 7.963633 10.016129 0.348830 5.372553 2.338975 3.878818 4.533885 4.108349 5.498180 6.742612 5.564388 -9999.0 -9999.0 -9999.0 -9999.0
-9999.0 -9999.0 -9999.0 -9999.0 -9999.0 -9999.0 -9999.0 -9999.0 -9999.0 6.077327 5.815209 6.820459 9.665725 7.877521 6.447088 5.112330 10.326066 9.042828 10.609136 14.869653 14.925637 14.429176 12.809728 11.797464 5.382754 0.458938 7.486037 8.959804 10.114761 11.284537 9.919058 0.686163 7.106898 6.232966 6.190477 7.611367 8.220630 9.513030 7.361147 9.575991 6.608383 0.288973 7.501478 9.364538 10.069278 11.110937 11.024348 10.078342 9.475812 10.039944 4.295000 3.477658 4.483288 5.501796 5.680363 3.668594 0.521033 0.192502 7.704786 -9999.0 -9999.0 -9999.0 -9999.0
-9999.0 -9999.0 -9999.0 -9999.0 -9999.0 -9999.0 -9999.0 -9999.0 -9999.0 -9999.0 6.347135 7.392754 6.846042 7.065333 8.737984 7.762942 8.336999 10.294320 11.659052 12.981143 14.724898 10.048596 7.888883 6.037754 0.392056 8.774216 9.924389 10.701295 10.002032 0.315418 0.485317 6.333630 3.520708 5.546151 7.405990 8.504235 9.611379 10.217867 7.691591 6.043120 5.810217 9.477651 9.493909 7.695389 7.737559 8.063888 9.101619 13.085474 12.054268 10.143570 6.353895 6.960537 4.780602 4.573337 5.132472 6.436812 8.266120 9.855135 10.231564 10.551745 -9999.0 -9999.0 -9999.0
-9999.0 -9999.0 -9999.0 -9999.0 -9999.0 -9999.0 -9999.0 -9999.0 -9999.0 -9999.0 5.888791 7.015373 8.739798 7.514058 12.952391 8.285653 8.034382 10.098914 12.716429 13.581753 11.256616 9.518319 8.004591 8.160398 8.694406 10.317947 11.354590 7.861298 5.405876 3.471430 6.631062 7.837230 3.921790 5.296391 6.446500 7.736929 7.568344 7.598943 3.962738 6.031304 6.301349 7.649564 0.323508 7.942170 8.963175 6.481869 8.028796 7.904331 10.113284 12.330678 10.236878 0.174881 4.105209 5.759042 4.966665 4.846766 6.204854 8.654347 11.239479 12.693561 -9999.0 -9999.0 -9999.0
-9999.0 -9999.0 -9999.0 -9999.0 -9999.0 -9999.0 -9999.0 -9999.0 8.326847 7.951331 7.146998 7.434421 0.275844 0.306129 6.719134 9.921546 10.697069 15.092810 13.854368 14.070395 13.022468 12.043531 11.123963 9.287531 10.055075 10.263160 12.045312 6.409546 0.363530 3.718520 4.138161 6.311240 6.536745 5.747109 6.295973 6.178228 9.891413 7.587758 3.324708 4.827778 4.857731 7.324374 3.693432 4.620118 7.859656 9.324775 1.706474 7.333380 8.400011 12.149083 10.697167 8.037849 5.575475 3.855345 5.043050 8.117172 7.334929 11.858768 11.957356 12.822376 -9999.0 -9999.0 -9999.0
-9999.0 -9999.0 -9999.0 -9999.0 -9999.0 -9999.0 -9999.0 -9999.0 0.150629 0.236028 4.118984 7.039980 8.231120 0.533242 6.840803 8.582289 9.783248 10.353597 13.196011 14.600612 18.041969 17.355401 15.893742 14.545420 11.390591 11.066265 8.692271 7.870220 4.228968 7.166315 6.341988 5.832418 7.064299 5.324901 6.910611 7.381900 9.666821 8.271784 0.284229 6.488208 5.586816 4.678263 4.662563 7.314422 8.990693 5.401851 3.737225 7.409538 8.309396 10.144712 12.731866 9.781715 0.257151 7.951442 9.741260 8.861264 9.838881 11.169640 13.750099 15.698429 16.136856 -9999.0 -9999.0
-9999.0 -9999.0 -9999.0 -9999.0 -9999.0 -9999.0 -9999.0 -9999.0 7.351584 8.881781 9.719575 4.008735 8.630377 0.153685 0.296076 7.393648 9.206488 11.774946 13.479238 17.594959 15.208314 17.849009 17.617909 13.985000 16.116421 10.943738 8.272788 5.581475 4.374265 7.613918 6.255788 8.423113 4.029241 4.226258 7.694230 9.387023 1.163590 8.465438 1.301107 4.528010 6.154741 4.625043 6.484531 7.434678 3.999717 7.390946 5.597111 7.574017 5.131468 8.972310 12.208218 11.633605 6.961554 6.326910 10.815313 11.567406 12.674124 13.882873 15.418427 15.468226 15.978263 -9999.0 -9999.0
-9999.0 -9999.0 -9999.0 -9999.0 -9999.0 -9999.0 -9999.0 -9999.0 4.748472 9.100817 8.349142 0.323107 8.890564 7.547571 8.002771 9.625705 12.166393 13.639334 14.688151 13.802883 14.738302 15.264864 17.749978 17.217140 12.178047 9.764546 7.778098 0.343995 10.357309 7.614530 0.280655 6.948219 8.103150 8.225760 0.197669 9.076185 10.480220 9.112647 0.448722 4.487640 6.432457 6.796560 7.183117 6.073320 7.007559 5.822509 7.959222 7.193976 9.215809 9.022890 10.114189 12.695943 12.408058 11.558853 13.061927 13.754553 14.573406 13.839701 14.821656 15.832894 14.677405 11.863889 -9999.0
-9999.0 -9999.0 -9999.0 -9999.0 -9999.0 -9999.0 -9999.0 -9999.0 6.475739 8.679850 0.434216 7.564858 8.323050 8.892469 14.095440 12.809099 14.369164 10.979968 9.629463 11.166824 13.192257 15.014286 15.272789 15.217211 15.418293 9.439935 7.075977 9.037585 9.794062 9.183049 6.488827 8.563245 9.923305 8.837566 0.390034 0.414317 9.281808 10.166106 9.328850 8.435472 7.481461 0.428107 8.256290 7.836736 4.439330 8.955972 7.874925 9.091209 9.251827 11.377378 13.054642 12.472799 13.247696 14.797538 14.890263 14.996135 15.724909 15.681359 15.506988 14.686245 12.730128 11.098350 -9999.0
-9999.0 -9999.0 8.897337 8.901137 4.891516 5.280180 7.040562 5.041533 7.690581 7.857878 0.357882 9.142037 9.331842 11.485563 15.839649 12.249335 9.419828 7.386276 8.410662 9.394426 11.459149 14.158419 14.951598 14.850272 13.754231 11.024000 9.385556 9.233864 10.467900 13.126007 7.809467 8.161665 12.417216 8.624094 10.330140 9.171122 11.904860 11.382595 10.079804 8.128397 10.138996 10.126119 8.997131 9.775245 7.077725 9.200230 10.693023 9.320483 12.411486 13.741697 14.906313 15.455521 15.627377 15.676168 15.618774 18.284437 14.623811 14.558610 13.880148 12.343767 14.435930 10.223980 -9999.0
-9999.0 7.508466 7.293962 7.245462 5.426374 7.191118 6.931076 4.047079 4.219335 7.151807 0.539948 8.272806 10.504822 14.291106 15.135623 8.960196 8.301675 0.251442 7.687905 9.415833 11.783487 13.093108 16.883100 14.359822 17.139499 13.729402 15.384444 15.241718 13.162980 12.120678 11.637415 11.148206 11.057698 13.846589 12.872011 13.425785 14.192423 13.215969 13.993497 13.148733 12.767652 12.289128 12.010049 10.116400 9.593287 10.348832 12.757582 12.831258 14.818328 14.609052 15.057224 15.062731 14.307391 14.210586 14.220030 13.527986 11.498113 11.353117 11.948128 13.418650 9.778251 9.887102 -9999.0
-9999.0 9.648062 7.924863 8.569018 11.765639 8.032732 5.175854 4.596050 8.266175 8.390365 6.681980 8.428703 10.969045 15.291169 9.754328 6.618917 0.549440 0.196215 9.001610 9.034192 13.949741 12.244373 13.607910 14.769610 17.788276 18.038957 14.277892 14.673601 14.368307 13.663611 13.509557 12.803361 12.463337 13.515022 16.610849 14.887865 18.705357 19.217354 16.003022 15.584990 15.265401 14.889777 13.464126 13.099229 13.579821 13.913451 14.890585 15.215917 14.774779 14.839901 13.788238 11.982743 11.705085 12.242297 11.564939 9.987080 10.154018 9.237438 8.976020 8.502768 8.608242 -9999.0 -9999.0
