user2019/resources/simulation/Vinschgau/output-maps/TsL0001N1429.asc
ncols         63
nrows         48
xllcorner     598000.000000
yllcorner     5145000.000000
cellsize      1000.000000
NODATA_value  -9999.0
[rows 0 to 27 of 48, columns 0 to 62 of 63]
-9999.0 -9999.0 -9999.0 -9999.0 -9999.0 -9999.0 -9999.0 -9999.0 -9999.0 -9999.0 -9999.0 -9999.0 -9999.0 -9999.0 -9999.0 -9999.0 -9999.0 -9999.0 -9999.0 -9999.0 -9999.0 -9999.0 -9999.0 -9999.0 -9999.0 -9999.0 -9999.0 -9999.0 -9999.0 -9999.0 -9999.0 -9999.0 -9999.0 -9999.0 -9999.0 -9999.0 -9999.0 -9999.0 -9999.0 -9999.0 -9999.0 -9999.0 -9999.0 -9999.0 -9999.0 -9999.0 -9999.0 -9999.0 -9999.0 -9999.0 -9999.0 -9999.0 -9999.0 -9999.0 -9999.0 -9999.0 -9999.0 -9999.0 -9999.0 -9999.0 -9999.0 -9999.0 -9999.0
-9999.0 -9999.0 -9999.0 -9999.0 -9999.0 -9999.0 -9999.0 -9999.0 -9999.0 -9999.0 -9999.0 -9999.0 -9999.0 -9999.0 -9999.0 -9999.0 -9999.0 -9999.0 -9999.0 -9999.0 -9999.0 -9999.0 -9999.0 -9999.0 -9999.0 -9999.0 -9999.0 -3.271182 -1.009295 -1.273128 -2.093568 -3.791731 -5.093283 -9999.0 -9999.0 -9999.0 -9999.0 -9999.0 -9999.0 -9999.0 -9999.0 -9999.0 -9999.0 -9999.0 -9999.0 -9999.0 -9999.0 -9999.0 -9999.0 -9999.0 -9999.0 -9999.0 -9999.0 -9999.0 -9999.0 -9999.0 -9999.0 -9999.0 -9999.0 -9999.0 -9999.0 -9999.0 -9999.0
-9999.0 -9999.0 -9999.0 -9999.0 -9999.0 -9999.0 -9999.0 -9999.0 -9999.0 -9999.0 -9999.0 -9999.0 -9999.0 -9999.0 -9999.0 -9999.0 -9999.0 -9999.0 -9999.0 -9999.0 -9999.0 -9999.0 -9999.0 -9999.0 -0.348071 -0.341531 -0.334767 -0.354245 -0.307924 -0.536392 -2.455205 -9999.0 -9999.0 -9999.0 -9999.0 -9999.0 -9999.0 -9999.0 -9999.0 -9999.0 -9999.0 -9999.0 -9999.0 -9999.0 -9999.0 -9999.0 -9999.0 -9999.0 -9999.0 -9999.0 -9999.0 -9999.0 -9999.0 -9999.0 -9999.0 -9999.0 -9999.0 -9999.0 -9999.0 -9999.0 -9999.0 -9999.0 -9999.0
-9999.0 -9999.0 -9999.0 -9999.0 -9999.0 -9999.0 -9999.0 -9999.0 -9999.0 -9999.0 -9999.0 -9999.0 -9999.0 -9999.0 -9999.0 -9999.0 -9999.0 -9999.0 -9999.0 -9999.0 -9999.0 -9999.0 -9999.0 -0.361596 -0.262196 1.720221 2.182116 2.316960 2.301004 -0.841263 -2.363983 -3.430396 -9999.0 -9999.0 -9999.0 -9999.0 -9999.0 -9999.0 -9999.0 -9999.0 -9999.0 -9999.0 -9999.0 -9999.0 -9999.0 -9999.0 -9999.0 -9999.0 -9999.0 -9999.0 -9999.0 -9999.0 -9999.0 -9999.0 -9999.0 -9999.0 -9999.0 -9999.0 -9999.0 -9999.0 -9999.0 -9999.0 -9999.0
-9999.0 -9999.0 -9999.0 -9999.0 -9999.0 -9999.0 -9999.0 -9999.0 -9999.0 -9999.0 -9999.0 -9999.0 -9999.0 -9999.0 -9999.0 -9999.0 -9999.0 -9999.0 0.004098 -0.369672 -9999.0 -0.370468 -0.305266 1.355947 1.615441 2.219162 0.217388 0.463089 1.283410 -0.027948 -0.946612 -2.044811 -4.367450 -6.015940 -9999.0 -9999.0 -9999.0 -9999.0 -9999.0 -9999.0 -9999.0 -9999.0 -9999.0 -9999.0 -9999.0 -9999.0 -9999.0 -9999.0 -9999.0 -9999.0 -9999.0 -9999.0 -9999.0 -9999.0 -9999.0 -9999.0 -9999.0 -9999.0 -9999.0 -9999.0 -9999.0 -9999.0 -9999.0
-9999.0 -9999.0 -9999.0 -9999.0 -9999.0 -9999.0 -9999.0 -9999.0 -9999.0 -9999.0 -9999.0 -9999.0 -9999.0 -9999.0 -9999.0 -9999.0 -9999.0 4.376114 3.053916 2.500488 -1.621971 -0.045655 -0.029325 0.682629 0.684567 -0.025686 -0.096589 -0.032885 -0.051242 0.696867 -0.148005 -0.894181 -1.213558 -3.187507 -4.888319 -6.054548 -9999.0 -9999.0 -9999.0 -9999.0 -9999.0 -9999.0 -9999.0 -9999.0 -9999.0 -9999.0 -9999.0 -9999.0 -9999.0 -9999.0 -9999.0 -9999.0 -9999.0 -9999.0 -9999.0 -9999.0 -9999.0 -9999.0 -9999.0 -9999.0 -9999.0 -9999.0 -9999.0
-9999.0 -9999.0 -9999.0 -9999.0 -9999.0 -9999.0 -9999.0 -9999.0 -9999.0 -9999.0 -9999.0 -9999.0 -9999.0 -0.882075 0.704178 2.612075 3.907407 4.635084 4.028275 1.418117 1.411177 1.165770 1.759180 0.835864 -0.034701 -0.283261 -1.521496 -0.151405 -0.259767 -0.058024 -1.820094 -0.212626 -0.828522 -1.786354 -3.645187 -6.359380 -9999.0 -9999.0 -9999.0 -9999.0 -9999.0 -9999.0 -9999.0 -9999.0 -9999.0 -9999.0 -9999.0 -9999.0 -9999.0 -9999.0 -9999.0 -9999.0 -9999.0 -9999.0 -9999.0 -9999.0 -9999.0 -9999.0 -9999.0 -9999.0 -9999.0 -9999.0 -9999.0
-9999.0 -9999.0 -9999.0 -9999.0 -9999.0 -9999.0 -9999.0 -9999.0 -9999.0 -9999.0 -9999.0 -9999.0 -9999.0 -0.413311 2.528416 3.410139 3.251161 3.525877 4.677852 2.814292 3.112584 1.917377 2.049876 0.970017 0.778024 -0.024242 -1.019305 -2.470448 -3.897317 -0.879873 -0.175304 -1.939205 -4.152787 -6.001075 -5.285444 -9999.0 -9999.0 -9999.0 -9999.0 -9999.0 -9999.0 -9999.0 -9999.0 -9999.0 -9999.0 -9999.0 -9999.0 -9999.0 -9999.0 -9999.0 -9999.0 -9999.0 -9999.0 -9999.0 -9999.0 -9999.0 -9999.0 -9999.0 -9999.0 -9999.0 -9999.0 -9999.0 -9999.0
-9999.0 -9999.0 -9999.0 -9999.0 -9999.0 -9999.0 -9999.0 -9999.0 -9999.0 -9999.0 -9999.0 -9999.0 -9999.0 2.264233 1.035785 3.468808 2.896613 3.597017 4.865541 3.995431 1.588445 1.115624 0.060904 -0.055364 0.619959 0.281451 -1.141727 -4.165003 -3.457655 -4.727028 -2.457006 -6.530467 -6.735212 -10.627916 -6.781229 -9999.0 -9999.0 -9999.0 -9999.0 -9999.0 -9999.0 -9999.0 -9999.0 -9999.0 -9999.0 -9999.0 -9999.0 -9999.0 -9999.0 -9999.0 -9999.0 -9999.0 -9999.0 -9999.0 -9999.0 -9999.0 -9999.0 -9999.0 -9999.0 -9999.0 -9999.0 -9999.0 -9999.0
-9999.0 -9999.0 -9999.0 -9999.0 -9999.0 -9999.0 -9999.0 -9999.0 -9999.0 -9999.0 -9999.0 -9999.0 0.921744 0.433429 3.017324 1.284629 1.480183 3.170756 4.116210 3.545993 1.447374 -0.115573 -0.043233 -0.155512 -1.958183 -1.005743 -3.054255 -2.610365 -0.321603 -4.383601 -5.885779 -4.590749 -3.849120 -7.005275 -9999.0 -9999.0 -9999.0 -9999.0 -9999.0 -9999.0 -9999.0 -9999.0 -9999.0 -9999.0 -9999.0 -9999.0 -9999.0 -9999.0 -9999.0 -9999.0 -9999.0 -9999.0 -9999.0 -9999.0 -9999.0 -9999.0 -9999.0 -9999.0 -9999.0 -9999.0 -9999.0 -9999.0 -9999.0
-9999.0 -9999.0 -9999.0 -9999.0 -9999.0 -9999.0 -9999.0 -9999.0 -9999.0 -9999.0 -9999.0 -0.438481 2.393361 2.503125 2.370676 -0.087764 2.617132 3.428838 4.116396 4.973907 1.837891 1.198513 -0.843370 -1.553137 -0.021793 -0.933641 -3.445741 -1.345292 -3.848327 -5.915061 -4.745994 -0.762740 -3.685760 -5.382952 -4.847821 -3.538312 -3.386070 -2.254095 -2.000847 -9999.0 -9999.0 -9999.0 -5.686774 -9999.0 -9999.0 -9999.0 -9999.0 -9999.0 -9999.0 -9999.0 -9999.0 -9999.0 -9999.0 -9999.0 -9999.0 -9999.0 -9999.0 -9999.0 -9999.0 -9999.0 -9999.0 -9999.0 -9999.0
-9999.0 -9999.0 -9999.0 -9999.0 -9999.0 -9999.0 -9999.0 -9999.0 -9999.0 -9999.0 -9999.0 -0.450152 2.669426 4.145149 3.872023 -0.900088 4.897168 3.928514 4.163767 3.430524 1.596388 -0.347951 -0.264356 -2.432577 -1.609827 -0.965881 -1.989016 -0.903695 -0.936972 -5.436586 -1.591303 -0.353127 -3.551746 -4.657533 -5.368008 -1.665046 -0.751522 -1.476260 -2.011230 -5.145633 -5.132790 -5.619316 -1.947521 -4.303396 -9999.0 -9999.0 -9999.0 -7.371989 -5.749678 -5.078638 -4.865345 -6.415698 -6.650858 -6.705258 -6.155215 -7.018346 -9999.0 -9999.0 -9999.0 -9999.0 -9999.0 -9999.0 -9999.0
-9999.0 -9999.0 -9999.0 -9999.0 -9999.0 -9999.0 -9999.0 -9999.0 -9999.0 -9999.0 -9999.0 -0.432042 -0.715626 0.180448 -0.340555 -0.433838 0.660223 3.418740 4.002913 3.405910 2.081035 -0.027993 -1.404602 -0.333054 -0.999334 -3.059589 -1.560239 -3.536185 -3.410116 -4.963517 -3.878485 -1.817326 -0.597359 -4.473046 -4.360637 -0.858705 -1.025120 -1.189278 -0.965681 -3.832732 -1.741033 -3.941332 -0.601655 -0.815318 -4.659745 -9999.0 -7.113787 -4.660217 -2.001991 -0.781942 -1.135705 -1.154478 -1.875222 -2.259164 -2.777431 -4.321081 -9999.0 -9999.0 -9999.0 -9999.0 -9999.0 -9999.0 -9999.0
-9999.0 -9999.0 -9999.0 -9999.0 -9999.0 -9999.0 -9999.0 -9999.0 -9999.0 -9999.0 -9999.0 -9999.0 -0.407992 -0.019349 -0.630482 -0.481584 0.396822 2.477990 3.767514 3.446072 1.909795 -0.026472 -0.026516 -0.967442 -2.825155 -1.685122 -0.214936 -1.581283 -2.227786 -4.286566 -1.929682 -1.568765 -1.219917 -2.533840 -3.729270 -0.879939 -1.517724 -0.945970 -0.037299 -1.846629 -0.883907 -2.083101 -0.968629 -0.280377 -3.908602 -4.861943 -5.478853 -4.485376 -2.785808 -1.080679 -0.376519 -1.426612 -3.738272 -2.176778 -2.875810 -1.664461 -4.135416 -9999.0 -9999.0 -9999.0 -9999.0 -9999.0 -9999.0
-9999.0 -9999.0 -9999.0 -9999.0 -9999.0 -9999.0 -9999.0 -9999.0 -9999.0 -9999.0 -9999.0 -1.108944 -0.438318 -0.881352 -0.016065 -0.059659 0.287603 1.867982 3.312180 3.892819 2.178224 0.633511 -0.017350 -1.619173 -1.556278 -0.623922 -1.013212 -2.521206 -2.978563 -2.484223 -1.657556 -1.917768 -0.364822 -2.367838 -5.354818 -1.654608 -1.694953 -1.050241 -0.019294 -0.779740 -1.062234 -0.108894 -0.017863 -0.916963 -0.562855 -2.330396 -0.804836 -2.193129 -1.177004 -0.089807 -3.763864 -2.316692 -3.803799 -5.503957 -6.265157 -6.312919 -4.414225 -9999.0 -9999.0 -9999.0 -9999.0 -9999.0 -9999.0
-9999.0 -9999.0 -9999.0 -9999.0 -9999.0 -9999.0 -9999.0 -9999.0 -9999.0 -9999.0 -0.055485 -0.296436 -0.360391 -0.387091 -0.398667 -0.075945 -0.124526 -0.026239 3.014747 3.552355 1.853055 0.396163 -0.690255 -0.203357 -0.046163 -2.216962 -2.169774 -4.791425 -1.588879 -0.717964 -0.087149 -1.796005 -0.395091 -2.424035 -6.540721 -3.851416 -0.942612 -1.259282 -0.085632 -0.005099 -0.009058 0.372406 1.809600 0.807264 -0.100505 -1.997333 -0.949389 -0.808771 -0.154988 -0.054298 -4.892618 -5.520380 -6.741681 -7.020017 -6.711224 -2.522553 -2.277964 -9999.0 -9999.0 -9999.0 -9999.0 -9999.0 -9999.0
-9999.0 -9999.0 -9999.0 -9999.0 -9999.0 -9999.0 -9999.0 -9999.0 -9999.0 -0.973830 -0.256273 -0.149828 -0.073130 -1.057457 -0.047435 -0.036877 -0.178430 -0.062869 2.936057 3.578555 2.205521 0.340760 0.156013 -0.023730 -0.014461 -1.596208 -3.040440 -0.395375 -0.268579 -0.034965 -0.010039 -1.795077 -3.545330 -5.735774 -5.235615 -3.866187 -0.790252 -1.717932 -1.404776 -0.114366 -0.023288 -0.414215 -0.566444 1.582709 1.066753 -0.111421 -0.370266 -1.186304 -1.163935 -0.009153 -2.118389 -4.513340 -7.675902 -7.897578 -6.353578 -3.989696 -3.033780 -4.111466 -5.997452 -9999.0 -9999.0 -9999.0 -9999.0
-9999.0 -9999.0 -9999.0 -9999.0 -9999.0 -9999.0 -9999.0 -9999.0 -9999.0 -1.929617 -0.969282 -0.782879 -0.003003 -0.038876 -0.303001 -1.096403 -0.210229 -0.022253 3.499083 3.181431 2.814777 1.994774 0.621357 -0.008625 -1.209090 -1.902014 -0.975320 -0.053403 -0.007023 -0.009284 -0.086437 -2.173698 -0.607331 -4.264035 -2.098952 -3.949445 -3.367293 -1.715006 -1.034533 -0.368584 -1.264392 -2.145522 -0.776711 -0.010763 2.360669 1.440534 1.203068 -0.023811 -0.032887 -0.011207 -3.043337 -5.788514 -7.490651 -6.485166 -4.780287 -4.904873 -2.844357 -2.183543 -3.045556 -9999.0 -9999.0 -9999.0 -9999.0
-9999.0 -9999.0 -9999.0 -9999.0 -9999.0 -9999.0 -9999.0 -9999.0 -9999.0 -9999.0 -2.046213 -0.488512 -0.115922 -0.783041 -0.039796 -0.167228 -0.080142 1.129037 4.280393 3.819093 2.953428 2.020444 -0.035939 -0.229889 -1.593556 -0.103974 -0.008338 -0.000255 -0.023118 -1.726755 -2.077799 -3.376653 -4.120158 -3.022614 -0.663972 -0.366486 -0.357518 -0.203300 -3.310963 -1.680571 -2.319591 -0.275033 -0.005152 -0.110150 -0.026793 -0.015817 1.205701 1.185830 2.050777 -0.025103 -1.996534 -3.006985 -6.457424 -7.273485 -6.610107 -4.708245 -0.290024 -2.187621 -0.047001 -0.075010 -9999.0 -9999.0 -9999.0
-9999.0 -9999.0 -9999.0 -9999.0 -9999.0 -9999.0 -9999.0 -9999.0 -9999.0 -9999.0 -2.298789 -0.867994 -0.334202 -0.059767 -0.007362 0.025074 -0.024651 2.079294 4.754962 4.378635 2.783033 0.876220 -0.046204 -0.459100 -0.104366 -0.006008 0.656752 -0.019099 -1.416771 -3.820068 -1.823231 -0.275937 -4.167597 -4.278884 -1.706236 -0.051820 -2.166557 -0.118307 -2.254369 -2.683822 -0.936695 -0.912756 -0.985441 -0.884634 -0.185007 -0.344136 -0.053135 -0.024923 2.621683 1.721873 -0.011052 -2.316408 -4.494892 -5.965186 -7.916212 -7.190769 -4.795449 -1.231184 1.262832 1.028225 -9999.0 -9999.0 -9999.0
-9999.0 -9999.0 -9999.0 -9999.0 -9999.0 -9999.0 -9999.0 -9999.0 -0.316494 -1.946158 -3.849532 -0.287348 -1.525194 -0.766072 -0.061474 1.278919 2.346973 2.914071 4.652996 4.730888 4.505568 3.342019 2.409805 0.622115 -0.027666 1.461643 -0.005262 -0.932609 -1.893356 -3.743481 -5.471717 -1.715315 -1.562004 -3.772646 -0.506424 -0.961229 -0.635516 -0.028249 -2.679444 -3.931264 -2.208941 -0.240611 -3.776554 -3.576977 -2.073173 -0.020418 -2.493387 -0.884376 -0.018254 1.375616 -0.005913 -0.841076 -3.448432 -6.227611 -6.819846 -3.760764 -3.865520 -0.185065 -0.023525 4.061248 -9999.0 -9999.0 -9999.0
-9999.0 -9999.0 -9999.0 -9999.0 -9999.0 -9999.0 -9999.0 -9999.0 -3.664664 -1.520440 -3.227432 -2.901243 -0.908448 -2.680772 -1.062232 -0.017560 1.365913 1.947808 4.911409 5.271274 4.947530 4.571002 3.241152 1.909252 2.744210 2.894259 0.371825 -0.289395 -4.006383 -2.607298 -4.372439 -3.511546 -0.863245 -3.252922 -0.326125 -0.321867 -0.045190 -0.004435 -0.565962 -0.959961 -1.800935 -3.500423 -3.072067 -0.931571 -0.303373 -1.208389 -4.220185 -0.896366 -0.250943 1.253872 0.838997 -0.343544 -3.638884 -4.653431 -1.780713 -2.035834 -1.372462 -0.051744 2.057894 4.677808 5.301106 -9999.0 -9999.0
-9999.0 -9999.0 -9999.0 -9999.0 -9999.0 -9999.0 -9999.0 -9999.0 -1.775341 -0.851947 -0.642083 -4.041361 -0.283180 -3.536355 -1.218863 -0.924116 0.019097 1.626633 4.857880 4.987958 5.739603 5.325365 4.885541 4.154828 3.379797 2.705207 -0.006749 -1.367912 -4.598922 -1.514110 -2.800164 -0.259319 -2.368874 -1.956172 -0.261639 -0.320529 -0.033454 1.619421 -0.037686 -0.891550 -0.972812 -2.581853 -0.337400 -1.066916 -1.742556 -0.326867 -3.960795 -0.966532 -2.616986 -0.029919 2.433991 -0.005420 -2.579684 -3.511671 -0.623991 -0.061519 0.053498 1.627965 4.284608 5.012399 5.315354 -9999.0 -9999.0
-9999.0 -9999.0 -9999.0 -9999.0 -9999.0 -9999.0 -9999.0 -9999.0 -5.040859 -0.866611 -0.879608 -4.484703 -0.314271 -1.869214 -0.351595 -0.006195 3.424772 4.671307 3.619561 5.144709 5.219922 5.668937 5.291012 4.418273 3.104412 0.603778 -0.080616 -2.128524 -0.324208 -0.754735 -1.152648 -0.359638 -0.029457 -0.010473 -0.146551 -0.791071 -0.034483 3.555354 0.432950 -0.044559 -0.770672 -0.759341 -0.719836 -2.083248 -0.362043 -2.375855 -1.606839 -1.355947 -0.911213 -1.361480 -0.025804 2.084332 -0.012683 -0.451756 -0.002739 0.605246 2.538746 4.491636 5.323733 5.067869 4.102981 2.285144 -9999.0
-9999.0 -9999.0 -9999.0 -9999.0 -9999.0 -9999.0 -9999.0 -9999.0 -5.413132 -0.283381 -2.914494 -1.704460 -0.502927 -0.083266 -0.004438 1.401973 1.512080 2.072639 0.525332 2.357533 4.222558 5.167511 5.284621 4.945603 2.374373 -0.022651 -1.234444 -0.114261 -0.021365 -0.007633 -0.328686 -0.008252 1.701034 0.057947 -0.031279 0.412868 1.828021 5.497316 4.879684 1.258995 -0.024904 -0.029647 -0.023379 -0.047900 -1.264701 -0.608401 -0.363518 -0.033068 -0.546066 -0.009654 0.678181 1.256794 1.639841 0.608683 1.420454 1.811106 2.550663 3.601831 4.373512 4.136330 3.717574 1.684971 -9999.0
-9999.0 -9999.0 -1.889526 -0.339565 -4.203239 -2.078307 -3.235966 -2.937295 -2.696120 -1.073465 -1.484799 -0.465693 -0.063606 -0.003889 0.458354 0.637287 -0.030948 -1.348402 -0.945670 -0.016719 2.219973 4.973089 4.789044 5.590528 3.067981 1.496895 -0.024984 0.000090 2.144405 0.321523 -0.033844 0.404876 2.769699 2.890897 3.201955 4.075527 5.596910 7.729482 6.625744 3.940255 3.179252 3.291600 3.739574 1.865130 -0.021851 -0.033688 0.631488 1.301861 1.661285 2.746621 3.386732 2.983027 2.228393 1.586015 1.525605 1.961455 2.273090 2.900586 2.687990 3.088858 1.210999 0.883665 -9999.0
-9999.0 -1.028246 -1.134736 -1.375584 -1.935416 -1.220694 -3.364362 -3.423741 -4.404683 -2.975708 -2.537075 -0.982188 -0.005104 -0.006909 -0.000917 -0.354664 -1.554022 -2.396243 -1.769252 -0.028665 1.999914 3.764486 3.487885 4.473184 3.694484 2.793405 1.905933 2.262399 3.531902 2.414840 2.012389 2.203652 3.962013 5.170230 6.285290 7.516097 9.136935 10.633232 9.321087 7.638289 6.766549 6.671164 5.974658 4.269544 2.979695 3.384536 3.667688 5.412963 5.236014 5.687787 3.999902 3.030317 2.043798 1.171564 1.102998 0.676853 0.374565 0.731054 0.423690 -0.006152 0.075347 0.667874 -9999.0
-9999.0 -0.024427 -0.039914 -0.036264 -0.015641 -0.284946 -2.663363 -3.948520 -3.518102 -3.950828 -3.086604 -1.372694 -0.006861 -0.004038 -0.090558 -2.599869 -3.233294 -2.743740 -0.475108 -0.019127 0.257093 1.666808 2.654787 2.121760 2.637204 3.485142 4.913935 4.715951 5.028193 5.867316 6.013208 5.770026 5.889974 6.814290 7.819314 9.844286 11.191286 12.245092 12.197008 11.112107 10.402827 9.499437 8.382238 7.547919 7.417804 7.278188 6.541075 6.420261 5.808892 4.999147 3.178378 1.704437 0.503601 1.167660 0.282517 -0.055324 -0.333553 -0.072064 -0.048685 -0.131335 -0.044997 -9999.0 -9999.0
