user2019/resources/simulation/Vinschgau/output-maps/TsL0003N0991.asc
ncols         63
nrows         48
xllcorner     598000.000000
yllcorner     5145000.000000
cellsize      1000.000000
NODATA_value  -9999.0
[rows 0 to 27 of 48, columns 0 to 62 of 63]
-9999.0 -9999.0 -9999.0 -9999.0 -9999.0 -9999.0 -9999.0 -9999.0 -9999.0 -9999.0 -9999.0 -9999.0 -9999.0 -9999.0 -9999.0 -9999.0 -9999.0 -9999.0 -9999.0 -9999.0 -9999.0 -9999.0 -9999.0 -9999.0 -9999.0 -9999.0 -9999.0 -9999.0 -9999.0 -9999.0 -9999.0 -9999.0 -9999.0 -9999.0 -9999.0 -9999.0 -9999.0 -9999.0 -9999.0 -9999.0 -9999.0 -9999.0 -9999.0 -9999.0 -9999.0 -9999.0 -9999.0 -9999.0 -9999.0 -9999.0 -9999.0 -9999.0 -9999.0 -9999.0 -9999.0 -9999.0 -9999.0 -9999.0 -9999.0 -9999.0 -9999.0 -9999.0 -9999.0
-9999.0 -9999.0 -9999.0 -9999.0 -9999.0 -9999.0 -9999.0 -9999.0 -9999.0 -9999.0 -9999.0 -9999.0 -9999.0 -9999.0 -9999.0 -9999.0 -9999.0 -9999.0 -9999.0 -9999.0 -9999.0 -9999.0 -9999.0 -9999.0 -9999.0 -9999.0 -9999.0 -5.187203 -5.088172 -4.899034 -5.558979 -5.554800 -5.485971 -9999.0 -9999.0 -9999.0 -9999.0 -9999.0 -9999.0 -9999.0 -9999.0 -9999.0 -9999.0 -9999.0 -9999.0 -9999.0 -9999.0 -9999.0 -9999.0 -9999.0 -9999.0 -9999.0 -9999.0 -9999.0 -9999.0 -9999.0 -9999.0 -9999.0 -9999.0 -9999.0 -9999.0 -9999.0 -9999.0
-9999.0 -9999.0 -9999.0 -9999.0 -9999.0 -9999.0 -9999.0 -9999.0 -9999.0 -9999.0 -9999.0 -9999.0 -9999.0 -9999.0 -9999.0 -9999.0 -9999.0 -9999.0 -9999.0 -9999.0 -9999.0 -9999.0 -9999.0 -9999.0 -2.931750 -2.452149 -1.914899 -2.579881 -3.948045 -4.064555 -5.374404 -9999.0 -9999.0 -9999.0 -9999.0 -9999.0 -9999.0 -9999.0 -9999.0 -9999.0 -9999.0 -9999.0 -9999.0 -9999.0 -9999.0 -9999.0 -9999.0 -9999.0 -9999.0 -9999.0 -9999.0 -9999.0 -9999.0 -9999.0 -9999.0 -9999.0 -9999.0 -9999.0 -9999.0 -9999.0 -9999.0 -9999.0 -9999.0
-9999.0 -9999.0 -9999.0 -9999.0 -9999.0 -9999.0 -9999.0 -9999.0 -9999.0 -9999.0 -9999.0 -9999.0 -9999.0 -9999.0 -9999.0 -9999.0 -9999.0 -9999.0 -9999.0 -9999.0 -9999.0 -9999.0 -9999.0 -2.210228 -0.113918 0.259182 0.739218 1.230421 0.506254 -1.874482 -5.555881 -5.839026 -9999.0 -9999.0 -9999.0 -9999.0 -9999.0 -9999.0 -9999.0 -9999.0 -9999.0 -9999.0 -9999.0 -9999.0 -9999.0 -9999.0 -9999.0 -9999.0 -9999.0 -9999.0 -9999.0 -9999.0 -9999.0 -9999.0 -9999.0 -9999.0 -9999.0 -9999.0 -9999.0 -9999.0 -9999.0 -9999.0 -9999.0
-9999.0 -9999.0 -9999.0 -9999.0 -9999.0 -9999.0 -9999.0 -9999.0 -9999.0 -9999.0 -9999.0 -9999.0 -9999.0 -9999.0 -9999.0 -9999.0 -9999.0 -9999.0 0.174646 -0.882647 -9999.0 -1.641871 -0.302179 -0.006135 0.386426 1.348332 -0.000952 -0.002674 0.029658 -0.023416 -2.367620 -4.926587 -5.705285 -7.532263 -9999.0 -9999.0 -9999.0 -9999.0 -9999.0 -9999.0 -9999.0 -9999.0 -9999.0 -9999.0 -9999.0 -9999.0 -9999.0 -9999.0 -9999.0 -9999.0 -9999.0 -9999.0 -9999.0 -9999.0 -9999.0 -9999.0 -9999.0 -9999.0 -9999.0 -9999.0 -9999.0 -9999.0 -9999.0
-9999.0 -9999.0 -9999.0 -9999.0 -9999.0 -9999.0 -9999.0 -9999.0 -9999.0 -9999.0 -9999.0 -9999.0 -9999.0 -9999.0 -9999.0 -9999.0 -9999.0 4.182530 2.736559 1.439762 -0.950475 -0.067405 -0.025200 -0.014432 -0.002897 -0.019282 -0.293615 -0.026867 -0.233251 -0.010782 -0.074048 -2.189942 -4.244341 -5.147259 -6.390410 -7.414098 -9999.0 -9999.0 -9999.0 -9999.0 -9999.0 -9999.0 -9999.0 -9999.0 -9999.0 -9999.0 -9999.0 -9999.0 -9999.0 -9999.0 -9999.0 -9999.0 -9999.0 -9999.0 -9999.0 -9999.0 -9999.0 -9999.0 -9999.0 -9999.0 -9999.0 -9999.0 -9999.0
-9999.0 -9999.0 -9999.0 -9999.0 -9999.0 -9999.0 -9999.0 -9999.0 -9999.0 -9999.0 -9999.0 -9999.0 -9999.0 -0.044531 -0.010163 2.185988 3.711385 3.993610 3.807666 0.532419 0.288425 -0.003699 0.533468 -0.003112 -0.022330 -0.486497 -2.022089 -2.826978 -1.287534 -0.040577 -2.015199 -3.376352 -3.149478 -5.186452 -4.991437 -7.593023 -9999.0 -9999.0 -9999.0 -9999.0 -9999.0 -9999.0 -9999.0 -9999.0 -9999.0 -9999.0 -9999.0 -9999.0 -9999.0 -9999.0 -9999.0 -9999.0 -9999.0 -9999.0 -9999.0 -9999.0 -9999.0 -9999.0 -9999.0 -9999.0 -9999.0 -9999.0 -9999.0
-9999.0 -9999.0 -9999.0 -9999.0 -9999.0 -9999.0 -9999.0 -9999.0 -9999.0 -9999.0 -9999.0 -9999.0 -9999.0 -0.009728 1.291619 2.969050 2.977421 2.767546 4.032872 1.617985 2.833124 0.809539 1.110855 0.018396 -0.025328 -0.064210 -3.552953 -5.007516 -5.220026 -1.469791 -0.852849 -5.009938 -5.474197 -8.856916 -6.580699 -9999.0 -9999.0 -9999.0 -9999.0 -9999.0 -9999.0 -9999.0 -9999.0 -9999.0 -9999.0 -9999.0 -9999.0 -9999.0 -9999.0 -9999.0 -9999.0 -9999.0 -9999.0 -9999.0 -9999.0 -9999.0 -9999.0 -9999.0 -9999.0 -9999.0 -9999.0 -9999.0 -9999.0
-9999.0 -9999.0 -9999.0 -9999.0 -9999.0 -9999.0 -9999.0 -9999.0 -9999.0 -9999.0 -9999.0 -9999.0 -9999.0 0.900650 0.751964 2.078588 2.475458 3.242367 4.219220 3.711537 0.905495 0.032454 -0.020556 -0.073378 -0.014013 -0.033731 -3.536724 -5.501172 -5.775575 -7.892774 -5.256625 -9.286357 -9.717212 -11.560903 -7.925530 -9999.0 -9999.0 -9999.0 -9999.0 -9999.0 -9999.0 -9999.0 -9999.0 -9999.0 -9999.0 -9999.0 -9999.0 -9999.0 -9999.0 -9999.0 -9999.0 -9999.0 -9999.0 -9999.0 -9999.0 -9999.0 -9999.0 -9999.0 -9999.0 -9999.0 -9999.0 -9999.0 -9999.0
-9999.0 -9999.0 -9999.0 -9999.0 -9999.0 -9999.0 -9999.0 -9999.0 -9999.0 -9999.0 -9999.0 -9999.0 -0.010772 -0.000133 1.578773 -0.002776 0.753307 2.754945 3.238329 2.736195 0.057750 -0.035485 -0.083857 -1.203518 -2.008779 -3.497446 -3.274470 -5.460703 -4.694639 -5.725372 -9.301695 -5.969093 -4.712625 -8.251743 -9999.0 -9999.0 -9999.0 -9999.0 -9999.0 -9999.0 -9999.0 -9999.0 -9999.0 -9999.0 -9999.0 -9999.0 -9999.0 -9999.0 -9999.0 -9999.0 -9999.0 -9999.0 -9999.0 -9999.0 -9999.0 -9999.0 -9999.0 -9999.0 -9999.0 -9999.0 -9999.0 -9999.0 -9999.0
-9999.0 -9999.0 -9999.0 -9999.0 -9999.0 -9999.0 -9999.0 -9999.0 -9999.0 -9999.0 -9999.0 -1.696410 0.896783 0.785340 0.892095 -0.000395 1.459094 2.840981 3.387764 1.807495 1.484556 -0.006349 -0.718533 -3.033480 -2.105267 -4.554411 -5.433706 -5.155549 -4.539654 -7.132317 -6.146237 -3.302849 -5.072491 -6.867450 -6.284044 -4.913400 -5.639260 -5.477494 -5.347612 -9999.0 -9999.0 -9999.0 -7.116604 -9999.0 -9999.0 -9999.0 -9999.0 -9999.0 -9999.0 -9999.0 -9999.0 -9999.0 -9999.0 -9999.0 -9999.0 -9999.0 -9999.0 -9999.0 -9999.0 -9999.0 -9999.0 -9999.0 -9999.0
-9999.0 -9999.0 -9999.0 -9999.0 -9999.0 -9999.0 -9999.0 -9999.0 -9999.0 -9999.0 -9999.0 -0.656155 1.111397 2.436315 2.250129 -0.025483 3.949407 3.629145 3.373431 2.373547 0.975919 -0.017028 -0.960138 -2.728924 -3.700767 -5.025736 -4.991032 -4.500222 -3.552857 -6.862521 -5.165423 -3.797210 -5.082813 -5.375622 -6.033784 -5.082861 -4.002194 -1.954503 -3.685390 -6.641733 -6.632757 -7.044484 -5.066402 -5.648066 -9999.0 -9999.0 -9999.0 -7.622890 -6.347945 -6.129266 -5.429525 -7.125243 -7.375941 -7.142728 -6.787809 -7.758910 -9999.0 -9999.0 -9999.0 -9999.0 -9999.0 -9999.0 -9999.0
-9999.0 -9999.0 -9999.0 -9999.0 -9999.0 -9999.0 -9999.0 -9999.0 -9999.0 -9999.0 -9999.0 -2.407554 -0.047996 -0.579883 -0.020248 -0.004146 -0.003024 3.046663 2.785522 2.355325 1.422123 -0.021745 -1.602365 -2.830175 -5.077392 -4.477502 -1.801359 -3.649187 -4.762554 -5.768166 -5.193854 -4.151923 -4.372575 -5.141414 -5.705119 -4.232795 -3.290193 -2.952447 -0.282000 -5.195253 -5.043840 -5.576296 -4.355234 -4.935189 -5.239940 -9999.0 -8.215758 -5.218157 -5.160531 -4.665144 -2.901287 -3.456757 -5.070603 -5.237687 -5.461735 -4.968868 -9999.0 -9999.0 -9999.0 -9999.0 -9999.0 -9999.0 -9999.0
-9999.0 -9999.0 -9999.0 -9999.0 -9999.0 -9999.0 -9999.0 -9999.0 -9999.0 -9999.0 -9999.0 -9999.0 -2.053336 -1.312069 -0.013779 -0.012109 -0.006444 2.167581 3.017820 2.399169 1.268017 -0.017367 -0.592192 -2.728323 -3.121755 -1.944340 -2.191824 -4.573615 -5.492988 -5.623727 -5.307157 -3.933316 -2.969321 -5.502128 -4.801683 -4.780638 -1.766340 -2.799103 -0.011815 -2.775127 -3.143334 -3.105523 -3.298615 -1.339722 -5.275886 -5.435665 -6.616670 -5.100530 -3.070067 -1.222588 -0.451542 -3.781390 -3.713727 -4.444736 -4.407573 -5.397095 -4.925548 -9999.0 -9999.0 -9999.0 -9999.0 -9999.0 -9999.0
-9999.0 -9999.0 -9999.0 -9999.0 -9999.0 -9999.0 -9999.0 -9999.0 -9999.0 -9999.0 -9999.0 -1.668749 -1.937356 -2.075023 -1.699664 -0.022137 -0.008801 1.272095 2.491132 3.502711 1.765393 -0.004093 -0.489963 -1.858953 -1.787294 -2.463887 -2.478404 -4.695887 -5.614781 -4.410065 -1.913497 -3.092752 -3.327991 -5.316280 -6.040820 -5.044749 -5.027969 -2.669665 -0.023538 -0.034798 -1.296910 -0.032133 -1.727729 -1.277824 -0.074227 -4.644893 -4.891314 -4.045745 -3.055594 -0.112908 -4.021819 -5.085874 -6.240287 -6.957964 -7.858768 -8.614525 -5.746894 -9999.0 -9999.0 -9999.0 -9999.0 -9999.0 -9999.0
-9999.0 -9999.0 -9999.0 -9999.0 -9999.0 -9999.0 -9999.0 -9999.0 -9999.0 -9999.0 -2.003469 -1.228335 -1.120386 -0.928974 -0.027887 -0.870582 -0.920768 -0.017144 2.788155 3.133394 1.031055 0.119562 -0.718500 -0.052210 -0.047834 -2.182340 -2.454121 -5.074514 -2.647257 -1.532859 -2.539897 -2.619794 -1.493386 -5.296808 -7.756572 -5.179844 -4.298528 -1.438822 -0.116407 -0.016502 -0.015562 0.167114 1.050540 0.399398 -0.140871 -3.911656 -3.339859 -2.949273 -2.436039 -0.035273 -6.249958 -6.356819 -8.324802 -9.477666 -9.178535 -5.383203 -5.434703 -9999.0 -9999.0 -9999.0 -9999.0 -9999.0 -9999.0
-9999.0 -9999.0 -9999.0 -9999.0 -9999.0 -9999.0 -9999.0 -9999.0 -9999.0 -4.948546 -1.525449 -2.779830 -0.421820 -1.178929 -0.985282 -1.296561 -0.324208 -0.000653 2.503818 3.354854 1.315723 -0.008567 -0.012257 -0.014799 -0.020991 -1.621210 -3.300355 -1.449600 -1.341050 -0.191414 -0.019704 -1.818648 -4.871662 -9.038955 -6.752663 -5.223610 -4.122953 -1.989048 -1.625796 -1.683495 -0.218094 -0.425620 -0.596144 1.131472 0.420636 -0.173177 -0.030303 -1.329496 -1.305565 -0.018874 -2.389510 -5.842994 -10.274529 -8.694694 -7.062029 -6.211225 -5.360478 -5.391116 -6.669160 -9999.0 -9999.0 -9999.0 -9999.0
-9999.0 -9999.0 -9999.0 -9999.0 -9999.0 -9999.0 -9999.0 -9999.0 -9999.0 -5.176032 -4.979881 -1.382058 -0.020168 -0.027455 -0.461893 -1.222558 -0.030943 -0.012922 3.159601 2.152152 1.828006 0.999648 0.202441 -0.020306 -1.234252 -2.175505 -1.053878 -0.037047 -0.012840 -0.018861 -0.037121 -2.198617 -4.835541 -5.078607 -5.297769 -5.284485 -4.739298 -3.436296 -4.858394 -3.164924 -1.069604 -2.428343 -1.086041 -0.009130 1.709748 0.855344 0.525496 -0.015328 -0.027871 -0.018049 -3.065861 -6.078078 -8.286261 -7.212582 -5.770356 -7.267813 -5.145532 -4.440291 -4.390291 -9999.0 -9999.0 -9999.0 -9999.0
-9999.0 -9999.0 -9999.0 -9999.0 -9999.0 -9999.0 -9999.0 -9999.0 -9999.0 -9999.0 -5.128463 -3.674117 -0.237013 -0.677894 -0.023768 -0.298159 -0.030096 0.348155 4.089141 2.858794 1.944313 1.802776 -0.022891 -0.237988 -1.830373 -0.140837 -0.018389 -0.003913 -0.036805 -1.751964 -2.103237 -3.490662 -4.411824 -5.548141 -4.424875 -2.970839 -1.443413 -0.346616 -4.685719 -5.179293 -5.088666 -1.271482 -0.043385 -0.154149 -0.017721 -0.015017 0.608742 0.637765 1.200749 -0.018862 -2.019221 -4.884604 -7.168157 -8.071676 -7.373957 -5.280872 -4.464734 -2.294293 -2.038403 -0.066094 -9999.0 -9999.0 -9999.0
-9999.0 -9999.0 -9999.0 -9999.0 -9999.0 -9999.0 -9999.0 -9999.0 -9999.0 -9999.0 -5.384193 -4.653994 -1.671962 -0.054198 -0.000478 -0.013484 -0.017177 1.688595 4.483749 3.998237 2.665186 0.400506 -0.028154 -0.597521 -0.142090 -0.012434 0.546689 -0.016861 -1.441617 -4.102049 -4.907649 -3.807173 -5.576754 -5.229117 -4.895073 -2.866672 -2.286243 -2.315035 -2.541819 -4.865257 -5.021389 -3.017500 -3.247630 -2.091139 -0.053512 -0.364486 -0.032924 -0.017485 1.992269 0.927684 -0.022384 -2.589520 -4.766888 -6.676018 -8.727955 -7.944681 -5.355269 -1.392031 1.067548 0.875710 -9999.0 -9999.0 -9999.0
-9999.0 -9999.0 -9999.0 -9999.0 -9999.0 -9999.0 -9999.0 -9999.0 -4.432404 -5.302317 -4.937898 -4.260014 -3.391900 -1.140471 -0.063044 0.958223 2.029007 1.882882 3.592511 4.455589 4.434225 3.192321 1.956591 0.017138 -0.016245 1.344747 -0.000425 -0.958147 -2.150801 -4.078114 -8.260671 -5.142012 -5.097103 -5.842141 -4.929829 -3.486612 -0.050722 -0.942545 -2.705569 -5.282199 -4.931811 -1.866543 -4.074156 -4.895289 -2.860677 -1.675766 -2.518368 -1.136171 -0.015956 1.139574 -0.016488 -0.862800 -5.160802 -6.518746 -7.519653 -5.444608 -5.136905 -0.078949 -0.012823 3.175941 -9999.0 -9999.0 -9999.0
-9999.0 -9999.0 -9999.0 -9999.0 -9999.0 -9999.0 -9999.0 -9999.0 -3.710465 -1.748444 -3.463452 -4.835567 -3.711209 -2.798365 -1.086846 -0.015399 1.006409 1.682507 4.859365 4.995361 4.065653 3.272278 1.955238 0.674435 2.450472 2.414413 0.298020 -1.734023 -5.646790 -5.228409 -5.082165 -4.889445 -4.826555 -5.197435 -4.443706 -1.855236 -0.034403 -0.789900 -1.558575 -2.585747 -5.212208 -6.882036 -4.977866 -2.321777 -2.583807 -1.384777 -4.496116 -2.965456 -1.372064 1.014392 0.701457 -0.756743 -5.374431 -5.202514 -3.520124 -3.461727 -1.587993 -0.035613 1.426482 3.852847 4.989414 -9999.0 -9999.0
-9999.0 -9999.0 -9999.0 -9999.0 -9999.0 -9999.0 -9999.0 -9999.0 -4.914458 -3.336080 -3.522271 -4.284205 -4.304315 -3.818372 -1.369707 -0.947569 -0.011959 0.863257 4.762092 4.155101 5.471220 4.198361 3.573954 3.670745 2.333798 2.351904 -0.005346 -1.392567 -5.867170 -5.153802 -4.364601 -1.057880 -2.661534 -2.233348 -0.695275 -0.076238 -0.025146 1.089395 -0.037780 -2.972588 -4.423028 -4.193214 -2.966033 -3.502627 -2.017229 -4.397162 -5.282595 -5.025051 -2.849740 -0.019846 2.016052 -0.017877 -4.405861 -5.217219 -2.365137 -1.228580 -0.001687 1.308799 3.441736 4.128089 4.459013 -9999.0 -9999.0
-9999.0 -9999.0 -9999.0 -9999.0 -9999.0 -9999.0 -9999.0 -9999.0 -6.170673 -2.568735 -2.412282 -5.902401 -3.329368 -2.131118 -0.372600 -0.006732 3.329867 4.554617 2.648567 5.074395 4.888421 5.291169 4.146745 3.704521 2.888384 0.379432 -0.105039 -2.153008 -1.657794 -2.904317 -1.300942 -1.439889 -0.032312 -0.843576 -1.157035 -0.076679 -0.000421 3.049474 0.075722 -0.068309 -1.664176 -1.279833 -1.365818 -2.873637 -3.451818 -4.083687 -2.629830 -4.361836 -3.353084 -1.537974 -0.017855 1.592908 -0.017390 -1.834517 -0.014933 0.541844 2.077488 3.789436 4.740149 4.232424 3.308455 1.880088 -9999.0
-9999.0 -9999.0 -9999.0 -9999.0 -9999.0 -9999.0 -9999.0 -9999.0 -6.035419 -4.443112 -2.903005 -1.725869 -0.530082 -0.162539 -0.015798 0.950488 1.282403 1.723630 0.154022 2.089545 4.077233 4.650626 4.923950 4.613568 1.514974 -0.015359 -1.258420 -0.159395 -0.023031 -0.781735 -0.344289 -0.018529 0.888369 -0.003730 -0.017872 -0.006154 1.092800 5.222195 4.708121 0.750318 -0.015415 -0.020278 -0.034739 -0.028242 -1.429654 -0.085036 -1.252126 -1.892241 -1.079158 -0.019453 0.234638 0.982784 1.340894 0.609125 1.180068 1.474934 2.258298 3.031678 3.642037 3.278354 3.242128 1.302758 -9999.0
-9999.0 -9999.0 -4.791162 -4.497297 -4.175111 -2.354337 -3.801355 -3.200208 -5.219427 -4.980937 -1.717363 -0.325077 -0.107821 -0.041325 0.237807 0.516039 -0.020669 -1.371606 -0.986017 -0.013456 1.965000 4.665381 3.748675 5.548725 2.673569 1.243927 -0.017055 -0.012210 1.402953 0.001439 -0.021518 -0.005530 1.950167 2.302541 2.285183 3.741162 4.558284 7.535352 6.510583 3.757060 2.282597 2.304466 2.908923 1.071849 -0.015492 -0.019065 0.305860 0.846650 1.047136 2.017273 2.687636 2.476388 1.944284 1.503770 1.444265 1.971576 2.058484 2.419084 2.023019 2.527072 0.725462 0.556406 -9999.0
-9999.0 -1.143388 -1.277800 -1.569824 -2.206282 -1.220897 -3.302700 -3.671130 -4.655183 -5.673460 -2.795289 -1.004494 -0.028922 -0.016165 -0.007446 -0.380525 -1.800210 -2.672050 -1.589472 -0.018950 1.682348 3.422382 2.542175 3.793000 2.915151 2.342024 1.071913 1.396583 2.582696 1.570043 1.323723 1.363113 2.864700 3.967228 5.133124 6.290863 8.417777 10.540285 7.951607 6.390351 5.685341 5.474774 4.743276 3.987878 2.706818 3.020748 2.791537 5.180994 4.250505 5.136048 3.284105 2.548739 1.821831 1.086606 1.024554 0.586873 0.329367 0.665831 0.300782 -0.003646 -0.004182 0.348423 -9999.0
-9999.0 -1.547353 -1.995412 -0.210959 -0.039692 -1.059322 -2.687417 -4.186369 -5.581041 -5.645258 -3.332790 -1.393938 -0.008801 -0.004405 -0.167671 -4.288515 -3.479117 -2.988883 -1.399083 -0.042053 -0.000116 1.243520 2.125827 1.468550 2.183068 2.857058 4.878077 4.465794 3.926546 5.705688 5.935722 5.665846 4.607464 5.499016 6.361129 8.394555 9.927984 10.977820 11.077986 10.267432 9.345237 8.154814 7.388533 7.401737 7.377804 7.199942 5.511894 5.260289 4.736670 4.063534 2.467131 1.315442 0.423643 1.094799 0.312431 -0.037710 -0.066138 -0.105042 -0.060959 -0.205852 -0.036777 -9999.0 -9999.0
