user2019/resources/simulation/Vinschgau/output-maps/TsL0002N0007.asc
ncols         63
nrows         48
xllcorner     598000.000000
yllcorner     5145000.000000
cellsize      1000.000000
NODATA_value  -9999.0
[rows 0 to 27 of 48, columns 0 to 62 of 63]
-9999.0 -9999.0 -9999.0 -9999.0 -9999.0 -9999.0 -9999.0 -9999.0 -9999.0 -9999.0 -9999.0 -9999.0 -9999.0 -9999.0 -9999.0 -9999.0 -9999.0 -9999.0 -9999.0 -9999.0 -9999.0 -9999.0 -9999.0 -9999.0 -9999.0 -9999.0 -9999.0 -9999.0 -9999.0 -9999.0 -9999.0 -9999.0 -9999.0 -9999.0 -9999.0 -9999.0 -9999.0 -9999.0 -9999.0 -9999.0 -9999.0 -9999.0 -9999.0 -9999.0 -9999.0 -9999.0 -9999.0 -9999.0 -9999.0 -9999.0 -9999.0 -9999.0 -9999.0 -9999.0 -9999.0 -9999.0 -9999.0 -9999.0 -9999.0 -9999.0 -9999.0 -9999.0 -9999.0
-9999.0 -9999.0 -9999.0 -9999.0 -9999.0 -9999.0 -9999.0 -9999.0 -9999.0 -9999.0 -9999.0 -9999.0 -9999.0 -9999.0 -9999.0 -9999.0 -9999.0 -9999.0 -9999.0 -9999.0 -9999.0 -9999.0 -9999.0 -9999.0 -9999.0 -9999.0 -9999.0 -2.361858 -0.855583 -1.797581 -3.587175 -5.179496 -5.385342 -9999.0 -9999.0 -9999.0 -9999.0 -9999.0 -9999.0 -9999.0 -9999.0 -9999.0 -9999.0 -9999.0 -9999.0 -9999.0 -9999.0 -9999.0 -9999.0 -9999.0 -9999.0 -9999.0 -9999.0 -9999.0 -9999.0 -9999.0 -9999.0 -9999.0 -9999.0 -9999.0 -9999.0 -9999.0 -9999.0
-9999.0 -9999.0 -9999.0 -9999.0 -9999.0 -9999.0 -9999.0 -9999.0 -9999.0 -9999.0 -9999.0 -9999.0 -9999.0 -9999.0 -9999.0 -9999.0 -9999.0 -9999.0 -9999.0 -9999.0 -9999.0 -9999.0 -9999.0 -9999.0 -0.027840 0.093142 -0.020389 -0.089884 -0.030994 -0.262514 -3.843113 -9999.0 -9999.0 -9999.0 -9999.0 -9999.0 -9999.0 -9999.0 -9999.0 -9999.0 -9999.0 -9999.0 -9999.0 -9999.0 -9999.0 -9999.0 -9999.0 -9999.0 -9999.0 -9999.0 -9999.0 -9999.0 -9999.0 -9999.0 -9999.0 -9999.0 -9999.0 -9999.0 -9999.0 -9999.0 -9999.0 -9999.0 -9999.0
-9999.0 -9999.0 -9999.0 -9999.0 -9999.0 -9999.0 -9999.0 -9999.0 -9999.0 -9999.0 -9999.0 -9999.0 -9999.0 -9999.0 -9999.0 -9999.0 -9999.0 -9999.0 -9999.0 -9999.0 -9999.0 -9999.0 -9999.0 0.056658 0.182785 0.125742 0.162597 0.172238 0.169411 -0.033492 -1.005869 -2.057045 -9999.0 -9999.0 -9999.0 -9999.0 -9999.0 -9999.0 -9999.0 -9999.0 -9999.0 -9999.0 -9999.0 -9999.0 -9999.0 -9999.0 -9999.0 -9999.0 -9999.0 -9999.0 -9999.0 -9999.0 -9999.0 -9999.0 -9999.0 -9999.0 -9999.0 -9999.0 -9999.0 -9999.0 -9999.0 -9999.0 -9999.0
-9999.0 -9999.0 -9999.0 -9999.0 -9999.0 -9999.0 -9999.0 -9999.0 -9999.0 -9999.0 -9999.0 -9999.0 -9999.0 -9999.0 -9999.0 -9999.0 -9999.0 -9999.0 0.253430 0.185466 -9999.0 -0.220820 0.123223 0.158654 0.153441 0.248325 0.053326 0.044321 0.359726 0.137756 -0.029918 -0.942449 -0.775520 -3.337930 -9999.0 -9999.0 -9999.0 -9999.0 -9999.0 -9999.0 -9999.0 -9999.0 -9999.0 -9999.0 -9999.0 -9999.0 -9999.0 -9999.0 -9999.0 -9999.0 -9999.0 -9999.0 -9999.0 -9999.0 -9999.0 -9999.0 -9999.0 -9999.0 -9999.0 -9999.0 -9999.0 -9999.0 -9999.0
-9999.0 -9999.0 -9999.0 -9999.0 -9999.0 -9999.0 -9999.0 -9999.0 -9999.0 -9999.0 -9999.0 -9999.0 -9999.0 -9999.0 -9999.0 -9999.0 -9999.0 0.661743 0.151544 0.332583 0.185452 -0.014245 0.097079 0.103207 0.302076 -0.011275 -0.427401 -0.000768 -0.788474 -0.006371 -0.011562 -0.091050 -0.577100 0.113305 -6.719994 -6.303028 -9999.0 -9999.0 -9999.0 -9999.0 -9999.0 -9999.0 -9999.0 -9999.0 -9999.0 -9999.0 -9999.0 -9999.0 -9999.0 -9999.0 -9999.0 -9999.0 -9999.0 -9999.0 -9999.0 -9999.0 -9999.0 -9999.0 -9999.0 -9999.0 -9999.0 -9999.0 -9999.0
-9999.0 -9999.0 -9999.0 -9999.0 -9999.0 -9999.0 -9999.0 -9999.0 -9999.0 -9999.0 -9999.0 -9999.0 -9999.0 -0.554739 0.056904 0.030912 0.175040 1.320640 0.218866 0.156130 0.144126 0.196155 0.320577 0.305379 -0.032741 -3.094591 -1.537247 -0.054452 -0.037851 -0.019245 0.049880 -3.086960 -4.017977 -5.625571 -6.710053 -6.794241 -9999.0 -9999.0 -9999.0 -9999.0 -9999.0 -9999.0 -9999.0 -9999.0 -9999.0 -9999.0 -9999.0 -9999.0 -9999.0 -9999.0 -9999.0 -9999.0 -9999.0 -9999.0 -9999.0 -9999.0 -9999.0 -9999.0 -9999.0 -9999.0 -9999.0 -9999.0 -9999.0
-9999.0 -9999.0 -9999.0 -9999.0 -9999.0 -9999.0 -9999.0 -9999.0 -9999.0 -9999.0 -9999.0 -9999.0 -9999.0 -0.017576 0.113587 -0.006489 0.003625 0.244821 1.428544 0.208588 0.165372 0.056377 0.062709 -0.011038 0.088628 -0.011051 -0.017597 -5.132151 -5.160052 -0.971114 -0.055561 -3.647636 -6.331232 -6.826995 -6.869747 -9999.0 -9999.0 -9999.0 -9999.0 -9999.0 -9999.0 -9999.0 -9999.0 -9999.0 -9999.0 -9999.0 -9999.0 -9999.0 -9999.0 -9999.0 -9999.0 -9999.0 -9999.0 -9999.0 -9999.0 -9999.0 -9999.0 -9999.0 -9999.0 -9999.0 -9999.0 -9999.0 -9999.0
-9999.0 -9999.0 -9999.0 -9999.0 -9999.0 -9999.0 -9999.0 -9999.0 -9999.0 -9999.0 -9999.0 -9999.0 -9999.0 0.070394 0.145689 0.080574 -0.050802 0.085011 0.933381 0.185530 0.166588 -0.025150 -0.034132 -0.406795 0.093670 0.077706 -0.081935 -5.210966 -0.116166 -5.678627 -3.529491 -6.420200 -6.452876 -6.651080 -7.056471 -9999.0 -9999.0 -9999.0 -9999.0 -9999.0 -9999.0 -9999.0 -9999.0 -9999.0 -9999.0 -9999.0 -9999.0 -9999.0 -9999.0 -9999.0 -9999.0 -9999.0 -9999.0 -9999.0 -9999.0 -9999.0 -9999.0 -9999.0 -9999.0 -9999.0 -9999.0 -9999.0 -9999.0
-9999.0 -9999.0 -9999.0 -9999.0 -9999.0 -9999.0 -9999.0 -9999.0 -9999.0 -9999.0 -9999.0 -9999.0 -0.010851 0.142635 0.061561 -0.026109 -1.547671 -0.012551 0.323314 1.288952 0.078844 -0.235663 -0.019559 -0.235046 0.076924 -3.265498 -0.104195 -0.586759 0.055120 -5.552730 -3.317806 -3.069436 -0.231559 -6.247480 -9999.0 -9999.0 -9999.0 -9999.0 -9999.0 -9999.0 -9999.0 -9999.0 -9999.0 -9999.0 -9999.0 -9999.0 -9999.0 -9999.0 -9999.0 -9999.0 -9999.0 -9999.0 -9999.0 -9999.0 -9999.0 -9999.0 -9999.0 -9999.0 -9999.0 -9999.0 -9999.0 -9999.0 -9999.0
-9999.0 -9999.0 -9999.0 -9999.0 -9999.0 -9999.0 -9999.0 -9999.0 -9999.0 -9999.0 -9999.0 -0.600653 -0.185556 -0.012555 -1.011954 -2.064904 -1.703373 -0.258841 0.304647 1.322714 0.027442 0.134099 -0.327383 -3.406533 -0.011201 -2.433203 -3.164138 -0.043809 -0.030089 -5.755006 -3.996924 0.065468 -3.960046 -6.640316 -3.165101 -2.520804 -0.020519 -0.010097 -0.012068 -9999.0 -9999.0 -9999.0 -6.917572 -9999.0 -9999.0 -9999.0 -9999.0 -9999.0 -9999.0 -9999.0 -9999.0 -9999.0 -9999.0 -9999.0 -9999.0 -9999.0 -9999.0 -9999.0 -9999.0 -9999.0 -9999.0 -9999.0 -9999.0
-9999.0 -9999.0 -9999.0 -9999.0 -9999.0 -9999.0 -9999.0 -9999.0 -9999.0 -9999.0 -9999.0 -1.327650 -0.378181 0.038777 -0.270763 -2.686909 -0.016089 -0.015473 0.279416 0.228655 0.315165 0.176648 -0.246510 -1.489394 -1.079947 -3.508979 -0.130996 0.081479 -3.248500 -5.307153 -0.010455 0.076746 -0.051503 -4.011623 -1.534166 -0.024002 0.155545 0.205095 0.161483 -1.530614 -0.943670 -3.595972 -0.017607 -6.649816 -9999.0 -9999.0 -9999.0 -3.027621 -0.625411 -3.153710 -0.055500 -3.091185 -3.421770 -0.279754 -0.059234 -5.345303 -9999.0 -9999.0 -9999.0 -9999.0 -9999.0 -9999.0 -9999.0
-9999.0 -9999.0 -9999.0 -9999.0 -9999.0 -9999.0 -9999.0 -9999.0 -9999.0 -9999.0 -9999.0 -0.644912 -1.477247 -1.241430 -1.368460 -0.744729 -1.163378 -0.368793 0.220406 0.258750 0.083854 0.029880 -0.218998 -0.032282 -2.833915 -1.161530 -0.223467 -0.981532 -5.019319 -4.262207 -5.452392 -1.121912 0.014288 -0.870729 -4.528185 -0.010475 -0.593424 -0.509160 0.241084 -1.128422 0.108625 -0.032343 0.125831 -0.074404 -0.763826 -9999.0 -4.510928 -0.567695 0.128863 0.216194 0.286590 0.265410 0.289541 0.234812 0.206746 -0.016755 -9999.0 -9999.0 -9999.0 -9999.0 -9999.0 -9999.0 -9999.0
-9999.0 -9999.0 -9999.0 -9999.0 -9999.0 -9999.0 -9999.0 -9999.0 -9999.0 -9999.0 -9999.0 -9999.0 -1.351247 -1.966809 -0.020760 -0.621019 -2.499396 -0.392687 0.321433 0.294961 0.097891 0.080022 0.075425 -0.020009 -1.087843 -0.224936 0.261318 -4.697702 -3.720108 -3.331041 -0.064797 -0.519893 -0.028069 -0.741551 -1.719254 -0.772321 -2.236221 -1.164095 -0.011822 0.077965 0.107861 0.232048 -0.090522 0.161833 -0.568215 -0.393213 -3.357360 -0.594223 -1.226953 -0.020686 0.053934 -1.106229 -0.011171 -1.229942 -1.477527 -1.051739 -1.450364 -9999.0 -9999.0 -9999.0 -9999.0 -9999.0 -9999.0
-9999.0 -9999.0 -9999.0 -9999.0 -9999.0 -9999.0 -9999.0 -9999.0 -9999.0 -9999.0 -9999.0 -1.245073 -1.716491 -1.804737 -0.537990 -0.540122 -0.141968 -0.177816 0.266938 0.651156 0.154873 0.084302 -0.009776 -0.247729 -0.116591 0.029718 -0.387076 -2.796273 -0.009382 -0.529390 -0.292130 -0.044031 0.200645 -0.723618 -4.693412 -0.795757 -2.645473 -1.250391 -0.177322 0.282901 -0.017905 0.100978 0.104138 -0.805055 0.257845 -0.031858 0.100282 0.178658 0.137543 0.034084 -3.231563 -1.207250 -2.042036 -3.762605 -2.526677 -3.335889 -3.775237 -9999.0 -9999.0 -9999.0 -9999.0 -9999.0 -9999.0
-9999.0 -9999.0 -9999.0 -9999.0 -9999.0 -9999.0 -9999.0 -9999.0 -9999.0 -9999.0 -0.084717 -0.457813 0.111187 -0.258592 -0.010990 -0.011571 -0.338577 -0.913915 0.190362 1.056139 0.314095 0.167669 -0.181970 0.226599 0.086874 -0.017912 -1.033852 -2.983747 0.195727 0.184329 0.031221 -0.291064 -0.501106 -4.167287 -6.732989 -1.857219 -0.016106 -1.208686 -1.079211 0.113272 0.160234 0.057343 0.063634 0.119398 0.002888 0.152919 0.106930 -0.012319 0.080094 0.064703 -2.611905 -3.369554 -2.675536 -3.269057 -3.207024 0.086052 0.043085 -9999.0 -9999.0 -9999.0 -9999.0 -9999.0 -9999.0
-9999.0 -9999.0 -9999.0 -9999.0 -9999.0 -9999.0 -9999.0 -9999.0 -9999.0 -1.160504 -0.773255 -0.900804 -0.010772 -0.466016 -0.042047 -0.417339 -1.057113 0.185742 0.731141 1.521478 0.382723 0.112460 0.108801 0.174199 -0.005747 -0.907167 -0.432545 0.201112 0.073374 0.104435 0.112666 -2.141973 -5.852471 -5.987264 -5.929230 -6.092204 -0.731327 -1.296830 -1.660013 -0.575378 -0.019999 -1.014568 -1.060254 0.110398 0.119844 0.062077 0.417507 -0.012184 -0.020226 0.107295 -0.045444 -3.029203 -3.222483 -4.362272 -4.201409 -1.022408 -0.041463 0.208583 -0.004231 -9999.0 -9999.0 -9999.0 -9999.0
-9999.0 -9999.0 -9999.0 -9999.0 -9999.0 -9999.0 -9999.0 -9999.0 -9999.0 -0.760693 -1.386165 -0.415149 0.331452 0.062678 -0.012713 -0.298579 0.190560 0.121284 1.648697 1.014355 1.089140 1.235532 0.101051 0.129402 -0.531230 -0.058623 0.020098 0.103406 0.169102 -0.008599 -0.010660 -1.822038 -3.545965 -1.766133 -0.036768 0.108231 -1.275014 -0.865365 -3.376601 -0.699170 -1.361704 -2.137809 -0.041472 0.064406 0.149208 0.305129 0.280978 0.171754 0.114121 0.094539 -2.846090 -1.116112 -4.578450 -1.588827 -3.330671 -1.400484 -0.077650 0.038766 0.456286 -9999.0 -9999.0 -9999.0 -9999.0
-9999.0 -9999.0 -9999.0 -9999.0 -9999.0 -9999.0 -9999.0 -9999.0 -9999.0 -9999.0 -0.713499 -0.020119 -0.062865 0.102680 0.122939 0.036174 0.074127 0.206298 2.548507 2.347674 0.767925 1.202714 0.037635 -0.015688 -0.041551 0.078928 0.159990 0.386268 0.033321 -1.049284 -1.791708 -0.387339 -2.654096 -3.208943 0.102824 0.188261 0.202413 0.159731 -2.592104 -3.380631 -4.331892 0.036990 0.053785 -0.878602 -0.014707 -0.010115 0.116631 0.097094 0.969522 0.177239 -0.640536 -0.022786 -2.480742 -4.939764 -0.696699 -1.496725 -2.173008 0.131867 0.158395 0.141224 -9999.0 -9999.0 -9999.0
-9999.0 -9999.0 -9999.0 -9999.0 -9999.0 -9999.0 -9999.0 -9999.0 -9999.0 -9999.0 -0.608688 -0.258337 -0.411259 0.027354 0.316385 0.117584 0.095867 0.956265 3.154968 2.882479 1.932130 0.390096 0.063135 0.055741 0.062012 0.179482 0.942122 0.076024 -0.677369 -2.155775 -2.641368 -1.894429 -2.744427 -3.012889 -3.188047 -3.244789 -0.011029 -0.032796 -1.033429 -2.968363 -0.595537 -2.161448 -1.136799 -2.664744 -2.853436 -1.000950 -0.277140 0.029776 0.752603 0.784400 0.179471 -0.014056 -0.227565 -2.821391 -5.837260 -2.788810 -1.195078 -0.009160 0.922881 1.336065 -9999.0 -9999.0 -9999.0
-9999.0 -9999.0 -9999.0 -9999.0 -9999.0 -9999.0 -9999.0 -9999.0 0.202505 0.186317 -0.021302 -0.128804 -0.263530 -0.024368 0.007365 0.731051 1.200829 1.962727 3.064229 3.232842 3.443259 2.650140 1.893698 0.131205 0.159979 1.006436 0.236693 -0.322757 -0.860711 -1.668746 -5.057045 -2.854664 -3.357678 -3.959911 -0.370960 -2.995784 -0.032046 -0.011775 -3.455473 -3.138537 -4.681524 -2.753368 -3.770928 -4.437016 0.128941 0.038116 -2.517226 -0.834147 0.078124 0.729326 0.191607 -0.010587 -0.024923 -1.406692 -0.034442 0.318741 0.200658 0.366744 0.260368 2.730671 -9999.0 -9999.0 -9999.0
-9999.0 -9999.0 -9999.0 -9999.0 -9999.0 -9999.0 -9999.0 -9999.0 -1.626680 -0.006884 -0.302110 -2.045916 -0.512016 -0.011707 -0.030652 0.130656 0.733922 1.185853 3.591141 3.665421 3.106185 3.436486 2.587077 1.380479 1.888234 1.944622 0.165038 -0.012965 -2.588871 -0.044753 -0.316150 0.121131 -0.021969 -2.699034 -0.035515 0.130441 0.239252 0.069846 -0.454955 -0.010724 -1.446255 -4.099100 -3.866829 -0.007161 0.191385 -1.095935 -3.375108 -2.391987 -0.076400 0.363228 0.954337 0.118417 -1.426561 0.154857 0.376710 0.099473 0.130713 0.203970 1.818909 3.638235 3.831305 -9999.0 -9999.0
-9999.0 -9999.0 -9999.0 -9999.0 -9999.0 -9999.0 -9999.0 -9999.0 -1.075255 0.120836 0.200008 -0.478959 0.157376 -1.958220 0.082107 0.027394 0.200499 1.302603 3.747321 2.499807 4.191856 3.652345 3.642128 3.402781 2.956604 2.005830 0.139252 -0.338881 -2.103276 0.127926 0.119395 0.182845 -0.485729 -0.445807 0.109786 0.284877 -0.220995 0.076920 -1.144704 -1.031019 -2.875040 -3.677295 -0.052896 -2.596018 -1.494077 -1.632038 -0.002405 -0.016755 -1.190758 0.098318 1.620758 0.298787 -0.033476 -0.596379 0.179024 0.239324 1.099638 2.101447 3.435925 3.919503 3.876328 -9999.0 -9999.0
-9999.0 -9999.0 -9999.0 -9999.0 -9999.0 -9999.0 -9999.0 -9999.0 -5.295653 0.064017 0.092595 -1.543844 0.225802 0.071177 0.121028 0.530741 2.930282 3.506639 0.911467 4.106901 3.755779 4.145227 4.064196 3.891961 3.072658 0.851630 0.036529 -0.421427 0.244812 0.070840 -0.011378 -0.010312 0.122550 0.099974 -0.071323 0.202303 0.204037 0.123669 -0.241118 -0.149450 -0.017245 0.177071 0.191014 0.249290 -0.008028 0.136542 0.212094 0.206591 0.193419 0.066283 0.135759 1.755749 0.778578 0.198017 1.299525 2.019358 2.894361 2.925057 3.790461 3.847777 2.856602 1.365234 -9999.0
-9999.0 -9999.0 -9999.0 -9999.0 -9999.0 -9999.0 -9999.0 -9999.0 -0.415040 0.062153 0.067010 0.034509 0.142285 0.201874 0.615130 2.127953 0.507634 1.893891 0.502539 1.957744 3.566458 3.938028 4.304017 4.634702 2.158985 0.357277 -0.014023 0.112086 0.181536 0.176548 -0.022687 0.110592 0.250218 0.124315 0.071443 0.085103 0.125260 0.383569 0.192816 0.099460 0.039222 0.047063 0.100514 0.071843 -0.105075 0.243194 0.034952 0.127805 0.096357 0.217658 0.785808 1.147152 1.862806 2.210632 2.736846 2.827338 3.224837 3.363761 3.423991 2.890061 2.529660 0.944531 -9999.0
-9999.0 -9999.0 0.174006 0.126968 -0.320059 -0.024438 -0.010208 -0.068995 0.123308 -0.009714 0.018372 0.239137 0.252686 1.202020 2.149628 1.593623 0.202955 -0.012921 -0.014744 0.195304 1.994310 4.394157 4.015869 3.144982 3.132693 1.630574 0.193857 0.182667 1.421034 0.376486 0.067106 0.094466 0.326762 0.186909 0.292811 0.154751 1.106485 1.594559 0.666258 0.093099 0.195625 0.237393 0.198217 0.195243 -0.013369 0.120746 0.237878 0.207493 1.092383 2.114796 2.852620 3.122369 3.042165 2.911148 2.836713 2.062121 2.621156 2.597346 2.001217 2.118179 0.265993 0.325956 -9999.0
-9999.0 0.038274 0.045502 0.013595 -0.011661 0.048517 -0.022896 -0.497664 -0.802901 -0.126105 -0.026790 0.106751 1.443451 1.412584 1.117371 0.160358 -0.011285 -0.045238 0.055257 0.189069 1.901925 3.418127 2.438036 3.552305 3.094259 2.782178 1.951127 1.931905 2.670159 1.706917 1.231397 0.747170 1.415004 1.670882 2.076374 2.469378 3.123222 3.299670 3.110977 2.312776 1.897684 2.136849 2.015114 0.630083 0.209790 0.709010 1.803562 2.996534 3.392646 2.650955 3.010675 2.781998 2.346552 2.100912 2.050693 1.490829 0.762055 0.821315 0.411959 0.158398 0.175118 0.223515 -9999.0
-9999.0 0.095150 0.113174 0.134079 0.286910 0.116123 -0.528590 -0.217749 0.169581 0.176428 -0.010791 0.098752 1.488512 1.161985 0.408145 -0.013547 -0.331482 -0.018048 0.152272 0.237616 0.208416 2.022905 2.799915 2.397012 2.464165 2.987324 3.507141 3.612139 3.510342 4.030348 3.830730 3.201577 2.871728 2.914765 2.824051 3.758881 3.616012 4.747932 4.834670 4.357578 4.156624 3.985563 3.531719 3.222690 3.534879 3.754940 3.880127 3.976014 3.194565 3.134792 2.054460 1.195154 0.567935 1.480936 0.801555 0.130270 0.160864 0.095351 0.092824 0.052624 0.072456 -9999.0 -9999.0
