user2019/resources/simulation/Vinschgau/output-maps/TsL0001N0052.asc
ncols         63
nrows         48
xllcorner     598000.000000
yllcorner     5145000.000000
cellsize      1000.000000
NODATA_value  -9999.0
[rows 0 to 27 of 48, columns 0 to 61 of 63]
-9999.0 -9999.0 -9999.0 -9999.0 -9999.0 -9999.0 -9999.0 -9999.0 -9999.0 -9999.0 -9999.0 -9999.0 -9999.0 -9999.0 -9999.0 -9999.0 -9999.0 -9999.0 -9999.0 -9999.0 -9999.0 -9999.0 -9999.0 -9999.0 -9999.0 -9999.0 -9999.0 -9999.0 -9999.0 -9999.0 -9999.0 -9999.0 -9999.0 -9999.0 -9999.0 -9999.0 -9999.0 -9999.0 -9999.0 -9999.0 -9999.0 -9999.0 -9999.0 -9999.0 -9999.0 -9999.0 -9999.0 -9999.0 -9999.0 -9999.0 -9999.0 -9999.0 -9999.0 -9999.0 -9999.0 -9999.0 -9999.0 -9999.0 -9999.0 -9999.0 -9999.0 -9999.0
-9999.0 -9999.0 -9999.0 -9999.0 -9999.0 -9999.0 -9999.0 -9999.0 -9999.0 -9999.0 -9999.0 -9999.0 -9999.0 -9999.0 -9999.0 -9999.0 -9999.0 -9999.0 -9999.0 -9999.0 -9999.0 -9999.0 -9999.0 -9999.0 -9999.0 -9999.0 -9999.0 -1.708266 -0.449210 -1.934085 -1.409736 -1.212648 -1.304659 -9999.0 -9999.0 -9999.0 -9999.0 -9999.0 -9999.0 -9999.0 -9999.0 -9999.0 -9999.0 -9999.0 -9999.0 -9999.0 -9999.0 -9999.0 -9999.0 -9999.0 -9999.0 -9999.0 -9999.0 -9999.0 -9999.0 -9999.0 -9999.0 -9999.0 -9999.0 -9999.0 -9999.0 -9999.0
-9999.0 -9999.0 -9999.0 -9999.0 -9999.0 -9999.0 -9999.0 -9999.0 -9999.0 -9999.0 -9999.0 -9999.0 -9999.0 -9999.0 -9999.0 -9999.0 -9999.0 -9999.0 -9999.0 -9999.0 -9999.0 -9999.0 -9999.0 -9999.0 -0.296042 -0.144730 -0.438865 -0.183339 -0.218503 -1.568274 -1.369389 -9999.0 -9999.0 -9999.0 -9999.0 -9999.0 -9999.0 -9999.0 -9999.0 -9999.0 -9999.0 -9999.0 -9999.0 -9999.0 -9999.0 -9999.0 -9999.0 -9999.0 -9999.0 -9999.0 -9999.0 -9999.0 -9999.0 -9999.0 -9999.0 -9999.0 -9999.0 -9999.0 -9999.0 -9999.0 -9999.0 -9999.0
-9999.0 -9999.0 -9999.0 -9999.0 -9999.0 -9999.0 -9999.0 -9999.0 -9999.0 -9999.0 -9999.0 -9999.0 -9999.0 -9999.0 -9999.0 -9999.0 -9999.0 -9999.0 -9999.0 -9999.0 -9999.0 -9999.0 -9999.0 -0.165980 -0.054430 -0.006413 -0.005664 -0.005847 -0.024565 -0.738783 -1.963082 -1.362043 -9999.0 -9999.0 -9999.0 -9999.0 -9999.0 -9999.0 -9999.0 -9999.0 -9999.0 -9999.0 -9999.0 -9999.0 -9999.0 -9999.0 -9999.0 -9999.0 -9999.0 -9999.0 -9999.0 -9999.0 -9999.0 -9999.0 -9999.0 -9999.0 -9999.0 -9999.0 -9999.0 -9999.0 -9999.0 -9999.0
-9999.0 -9999.0 -9999.0 -9999.0 -9999.0 -9999.0 -9999.0 -9999.0 -9999.0 -9999.0 -9999.0 -9999.0 -9999.0 -9999.0 -9999.0 -9999.0 -9999.0 -9999.0 -0.029742 -0.029551 -9999.0 -0.493941 -0.049291 -0.005672 -0.006064 -0.004600 -0.545456 -0.641162 -0.005148 -0.037721 -0.799837 -1.482958 -1.699945 -1.679678 -9999.0 -9999.0 -9999.0 -9999.0 -9999.0 -9999.0 -9999.0 -9999.0 -9999.0 -9999.0 -9999.0 -9999.0 -9999.0 -9999.0 -9999.0 -9999.0 -9999.0 -9999.0 -9999.0 -9999.0 -9999.0 -9999.0 -9999.0 -9999.0 -9999.0 -9999.0 -9999.0 -9999.0
-9999.0 -9999.0 -9999.0 -9999.0 -9999.0 -9999.0 -9999.0 -9999.0 -9999.0 -9999.0 -9999.0 -9999.0 -9999.0 -9999.0 -9999.0 -9999.0 -9999.0 -0.006073 -0.008678 -0.366418 -0.605446 -0.097497 -0.053275 -0.011526 -0.002554 -2.745624 -1.474253 -0.556004 -1.307210 -1.289204 -0.083115 -0.616907 -0.456689 -1.866752 -1.655483 -1.290924 -9999.0 -9999.0 -9999.0 -9999.0 -9999.0 -9999.0 -9999.0 -9999.0 -9999.0 -9999.0 -9999.0 -9999.0 -9999.0 -9999.0 -9999.0 -9999.0 -9999.0 -9999.0 -9999.0 -9999.0 -9999.0 -9999.0 -9999.0 -9999.0 -9999.0 -9999.0
-9999.0 -9999.0 -9999.0 -9999.0 -9999.0 -9999.0 -9999.0 -9999.0 -9999.0 -9999.0 -9999.0 -9999.0 -9999.0 -0.768968 -0.054121 -0.015535 -0.008528 8.179873 -0.007475 -0.024895 -0.007452 -0.005044 -0.005822 -0.007836 -0.855545 -1.526090 -1.536547 -1.311032 -1.285982 -0.597356 -0.673454 -1.734152 -1.642991 -1.704777 -1.486447 -1.487776 -9999.0 -9999.0 -9999.0 -9999.0 -9999.0 -9999.0 -9999.0 -9999.0 -9999.0 -9999.0 -9999.0 -9999.0 -9999.0 -9999.0 -9999.0 -9999.0 -9999.0 -9999.0 -9999.0 -9999.0 -9999.0 -9999.0 -9999.0 -9999.0 -9999.0 -9999.0
-9999.0 -9999.0 -9999.0 -9999.0 -9999.0 -9999.0 -9999.0 -9999.0 -9999.0 -9999.0 -9999.0 -9999.0 -9999.0 -0.041617 -0.019153 -0.013211 -0.013538 2.288384 8.026536 -0.007757 -0.007092 -0.110084 -0.017702 -0.036694 -0.184274 -1.542000 -1.548124 -1.300242 -1.194152 -1.457788 -0.801274 -1.495774 -1.354940 -1.740457 -1.663675 -9999.0 -9999.0 -9999.0 -9999.0 -9999.0 -9999.0 -9999.0 -9999.0 -9999.0 -9999.0 -9999.0 -9999.0 -9999.0 -9999.0 -9999.0 -9999.0 -9999.0 -9999.0 -9999.0 -9999.0 -9999.0 -9999.0 -9999.0 -9999.0 -9999.0 -9999.0 -9999.0
-9999.0 -9999.0 -9999.0 -9999.0 -9999.0 -9999.0 -9999.0 -9999.0 -9999.0 -9999.0 -9999.0 -9999.0 -9999.0 -0.038975 -0.036833 -0.041229 -0.019252 -0.015203 8.361954 -0.009595 -0.083443 -1.832936 -0.158514 -0.853320 -0.461430 -0.075653 -1.557665 -1.125749 -0.494472 -1.053743 -1.381795 -1.391902 -1.396078 -1.667075 -1.890008 -9999.0 -9999.0 -9999.0 -9999.0 -9999.0 -9999.0 -9999.0 -9999.0 -9999.0 -9999.0 -9999.0 -9999.0 -9999.0 -9999.0 -9999.0 -9999.0 -9999.0 -9999.0 -9999.0 -9999.0 -9999.0 -9999.0 -9999.0 -9999.0 -9999.0 -9999.0 -9999.0
-9999.0 -9999.0 -9999.0 -9999.0 -9999.0 -9999.0 -9999.0 -9999.0 -9999.0 -9999.0 -9999.0 -9999.0 -0.038711 -0.025976 -0.114086 -1.633492 -0.350985 -0.021890 7.812989 -0.049224 -0.217104 -1.110187 -1.333634 -0.463969 -0.626955 -1.289548 -0.379247 -1.054829 -1.809108 -1.187935 -1.239585 -0.780649 -2.278528 -1.678064 -9999.0 -9999.0 -9999.0 -9999.0 -9999.0 -9999.0 -9999.0 -9999.0 -9999.0 -9999.0 -9999.0 -9999.0 -9999.0 -9999.0 -9999.0 -9999.0 -9999.0 -9999.0 -9999.0 -9999.0 -9999.0 -9999.0 -9999.0 -9999.0 -9999.0 -9999.0 -9999.0 -9999.0
-9999.0 -9999.0 -9999.0 -9999.0 -9999.0 -9999.0 -9999.0 -9999.0 -9999.0 -9999.0 -9999.0 -0.473712 -0.059618 -0.135383 -1.692335 -1.429114 -1.563119 -0.033207 5.961035 -0.009257 -0.021106 -0.042046 -1.150916 -0.836613 -1.150911 -0.980981 -1.110187 -1.130877 -1.052940 -1.235499 -1.622107 -0.154019 -1.882884 -2.137468 -2.416364 -2.237319 -2.829932 -1.224028 -1.814664 -9999.0 -9999.0 -9999.0 -2.224678 -9999.0 -9999.0 -9999.0 -9999.0 -9999.0 -9999.0 -9999.0 -9999.0 -9999.0 -9999.0 -9999.0 -9999.0 -9999.0 -9999.0 -9999.0 -9999.0 -9999.0 -9999.0 -9999.0
-9999.0 -9999.0 -9999.0 -9999.0 -9999.0 -9999.0 -9999.0 -9999.0 -9999.0 -9999.0 -9999.0 -1.212636 -0.585699 -0.205383 -0.042603 -0.889424 -0.043538 -0.011119 6.095643 -0.003711 -0.028164 -0.005256 -0.742675 -0.830333 -1.008211 -1.044077 -1.158047 -0.534363 -1.464084 -1.075397 -0.644108 -1.970573 -0.667235 -2.225250 -2.629262 -1.924265 3.263097 3.829240 2.001097 -5.917912 -3.184607 -0.929536 -1.008832 -2.123247 -9999.0 -9999.0 -9999.0 -0.027998 -0.012979 -0.078230 -0.013519 -0.006349 -0.005856 -0.005963 -0.005376 -0.005806 -9999.0 -9999.0 -9999.0 -9999.0 -9999.0 -9999.0
-9999.0 -9999.0 -9999.0 -9999.0 -9999.0 -9999.0 -9999.0 -9999.0 -9999.0 -9999.0 -9999.0 -1.135818 -0.737753 -1.062758 -0.690210 -0.361891 -0.055982 -0.148403 1.937246 -0.002682 -0.021401 -0.038836 -0.047129 -0.132552 -0.921873 -1.423617 -0.048754 -1.689550 -0.861700 -1.205055 -1.062770 -1.720756 -0.089884 -2.834547 -2.506621 -0.117268 -0.011224 -0.014310 5.289941 3.284509 2.550546 -1.704807 -0.069249 -0.777950 -1.494737 -9999.0 -0.010962 -0.031049 -0.062499 -0.026124 -0.020202 -0.577476 -0.009945 -0.000634 0.007753 -0.005297 -9999.0 -9999.0 -9999.0 -9999.0 -9999.0 -9999.0
-9999.0 -9999.0 -9999.0 -9999.0 -9999.0 -9999.0 -9999.0 -9999.0 -9999.0 -9999.0 -9999.0 -9999.0 -0.812617 -0.724462 -0.031352 -0.050081 -0.069569 -0.242379 8.569898 -0.002647 -0.025112 -0.037354 -0.038004 -0.041927 -1.671132 -0.041429 -0.008145 -0.923374 -0.934582 -1.272602 -1.491667 -1.281406 -1.872507 -2.459134 -2.319983 -2.846489 -1.941817 -0.029922 5.298373 -0.002331 1.815430 -0.352923 -0.013771 -0.063904 -2.109000 -0.986247 -0.564455 -0.036044 -0.244314 -0.188747 -0.128835 -0.011000 -0.099957 -0.011179 -0.089647 -0.160975 -0.005987 -9999.0 -9999.0 -9999.0 -9999.0 -9999.0
-9999.0 -9999.0 -9999.0 -9999.0 -9999.0 -9999.0 -9999.0 -9999.0 -9999.0 -9999.0 -9999.0 -0.048259 -0.442125 -1.452550 -0.038222 -0.038148 -0.053486 -0.133342 6.480558 -0.006847 -0.014908 -0.070645 -0.044757 -0.046525 -0.040906 -0.036969 -0.587009 -0.932726 -1.281103 -0.395852 -0.079379 -0.354506 -0.059908 -2.459702 -2.400901 -2.656271 -3.874541 -0.134546 -0.012539 5.348945 -0.021595 -0.008228 -0.011618 -1.170409 -0.040341 -0.896924 -0.203974 -0.419124 -0.440919 -0.366142 -0.484192 -0.626309 -0.375832 -0.584487 -0.557604 -0.669744 -0.004927 -9999.0 -9999.0 -9999.0 -9999.0 -9999.0
-9999.0 -9999.0 -9999.0 -9999.0 -9999.0 -9999.0 -9999.0 -9999.0 -9999.0 -9999.0 -0.375450 -0.040518 -0.011246 -0.940352 -0.026372 -0.053083 -0.092362 -0.536700 -0.009749 -0.005817 3.458376 -0.055443 -0.039839 -0.002720 -0.026913 -0.562286 -1.336942 -1.315576 -0.025717 -0.026913 -0.051527 -1.428938 -1.610916 -2.017820 -2.266846 -2.427640 -2.204276 -1.184096 -0.062803 -0.004912 -0.005488 -0.736854 -2.769906 -0.009140 -0.019524 -1.605257 -0.174888 -0.068603 -0.063007 -0.075154 -0.447072 -0.597311 -0.656964 -0.694363 -0.628420 -0.004363 -0.004999 -9999.0 -9999.0 -9999.0 -9999.0 -9999.0
-9999.0 -9999.0 -9999.0 -9999.0 -9999.0 -9999.0 -9999.0 -9999.0 -9999.0 -0.540780 -0.435223 -0.575916 -0.038069 -0.034513 -0.039558 -1.311888 -1.084594 -0.010447 -0.007019 -0.004359 4.857170 -0.131161 -0.052475 -0.038000 -0.277744 -1.575846 -0.045517 -0.006738 -0.050654 -0.048657 -0.046353 -1.918204 -1.299120 -1.207075 -1.931985 -2.233898 -2.545252 -2.783777 -2.925783 -3.777995 -0.037493 -2.564907 -1.868583 -0.008876 -0.008533 -0.021908 -0.036436 -0.127157 -0.254077 -0.020680 -1.194479 -0.006226 -0.748578 -0.047728 -0.006464 -0.012553 -0.007625 0.004571 -0.002565 -9999.0 -9999.0 -9999.0
-9999.0 -9999.0 -9999.0 -9999.0 -9999.0 -9999.0 -9999.0 -9999.0 -9999.0 -1.003410 -0.353387 -1.104112 -0.024330 -0.038005 -0.028270 -0.027359 -0.004353 -0.042963 -0.003774 7.693504 7.157372 8.697347 -0.093251 -0.041070 -1.486044 -0.039063 -0.037271 -0.047957 -0.011490 -0.528942 -1.268489 -1.121691 -1.133337 -1.647555 -0.415008 -0.619636 -0.652012 -0.704537 -2.123036 -2.282476 -1.295319 -1.856118 -0.079685 -0.023640 -0.009336 -0.002945 -0.003514 -0.007529 -0.008685 -0.027873 -0.838748 -0.228141 -0.007849 -0.066302 -0.560921 -0.026184 -0.008709 -0.013687 0.005156 -9999.0 -9999.0 -9999.0
-9999.0 -9999.0 -9999.0 -9999.0 -9999.0 -9999.0 -9999.0 -9999.0 -9999.0 -9999.0 -0.639604 -1.188480 -0.041897 -0.019717 -0.039061 -0.027744 -0.029323 -0.008018 3.822683 3.692930 2.690798 -0.012339 -0.043389 -0.041508 -0.039146 -0.049363 -0.008211 -0.009775 -0.810574 -1.041065 -1.168669 -0.801073 -1.270445 -0.999624 -0.573680 -0.051701 -0.053201 -0.092231 -2.458152 -1.400917 -1.387563 -0.111732 -0.332981 -0.931958 -2.299209 -2.571245 -0.009952 -0.010460 -0.001521 -0.011254 -0.361100 -0.260487 -0.005587 -0.007168 -0.195366 -0.512775 -0.075811 -0.034921 -0.035418 -0.024360 -9999.0 -9999.0
-9999.0 -9999.0 -9999.0 -9999.0 -9999.0 -9999.0 -9999.0 -9999.0 -9999.0 -9999.0 -0.628908 -0.861329 -0.589908 -0.037902 -0.002295 -0.046231 -0.048801 -0.007870 4.443206 4.273573 -0.006844 -0.045072 -0.037989 -0.039467 -0.038411 -0.007712 -0.008618 -0.024400 -1.402757 -1.237946 -1.026912 -0.362967 -1.729742 -1.090874 -1.133841 -1.428066 -0.149928 -2.931776 -1.803874 -1.011237 -0.594048 -1.223790 -0.687631 -0.973622 -0.391946 -0.092250 -0.257468 -1.344647 -0.004237 -0.002858 -0.014241 -0.180346 -0.018985 -0.004765 -0.005990 -0.004196 -0.587175 -0.007813 -0.003409 4.010181 -9999.0 -9999.0
-9999.0 -9999.0 -9999.0 -9999.0 -9999.0 -9999.0 -9999.0 -9999.0 -0.011704 -0.043709 -1.269607 -0.442375 -0.922179 -1.053888 -0.053322 -0.006499 -0.004737 10.908087 5.622889 5.222467 4.310376 2.211842 -0.006258 -0.045360 -0.036630 -0.005467 -0.007060 -0.885708 -0.594994 -0.911256 -0.921387 -0.987415 -0.619658 -0.448719 -0.484824 -1.163202 -0.290490 -2.613377 -2.019934 -1.321260 -0.486034 -0.909734 -0.970869 -0.867232 -0.778695 -0.090807 -0.885236 -0.011479 -0.011229 -0.001856 -0.011155 -0.252490 -0.021249 -0.012774 -0.001900 -0.001557 0.005622 -0.011126 -0.003914 5.444729 -9999.0 -9999.0
-9999.0 -9999.0 -9999.0 -9999.0 -9999.0 -9999.0 -9999.0 -9999.0 -0.857290 -0.021849 -0.857192 -0.413682 -0.282477 -0.026873 -0.027566 -0.120947 -0.011702 -0.009618 4.615571 5.876893 14.258985 10.459275 8.375255 -0.005008 -0.005387 2.481161 -0.013250 -0.276500 -1.184546 -0.612818 -0.468317 -1.184072 -0.382066 -0.755100 -0.173745 -0.034652 -0.044877 -0.110833 -1.311049 -0.104457 -0.879494 -0.978409 -0.805891 -0.078499 -0.061566 -0.019684 -0.611113 -0.616358 -0.342795 -0.004851 0.117618 -0.047361 -0.020809 -0.003203 -0.057860 -0.153570 -0.046297 -0.004881 5.089567 7.024428 6.925934 -9999.0
-9999.0 -9999.0 -9999.0 -9999.0 -9999.0 -9999.0 -9999.0 -9999.0 -0.545293 -0.810828 -0.009582 -1.066027 -0.061704 -0.769659 -0.020522 -0.029622 -0.040695 -0.002664 4.919184 10.746786 6.185019 9.705738 10.566448 5.203118 10.217801 -0.004892 -0.018078 -0.120232 -1.382716 -0.341225 -1.052386 -0.041104 -0.394067 -0.481837 -0.082156 -0.037835 -0.407781 -0.018577 -1.662441 -0.537226 -0.094142 -0.232050 -0.019054 -0.318656 -0.344503 -0.429854 -0.131266 -0.008121 -0.071099 -0.009523 3.117486 -0.006228 -0.270605 -0.210878 -0.003811 -0.003995 3.466653 5.720262 6.423296 6.692143 5.850436 -9999.0
-9999.0 -9999.0 -9999.0 -9999.0 -9999.0 -9999.0 -9999.0 -9999.0 -0.625648 -0.800748 -0.026110 -0.881330 -0.022870 -0.014043 -0.024253 -0.009060 4.641464 4.094877 1.414014 4.688024 5.184355 5.950322 9.312141 9.236429 2.130940 -0.047820 -0.045307 -0.042206 -0.009382 -0.036810 -0.072995 -0.234483 -0.049024 -0.053813 -1.168596 -0.057434 -0.060854 -0.010426 -1.513012 -0.924751 -0.047405 -0.049115 -0.062806 -0.888070 -0.032588 -0.038918 -0.015850 -0.451413 -0.019535 -0.159162 -0.007250 4.590968 -0.002223 -0.003549 3.761687 5.433911 6.177234 5.179699 6.182951 5.551256 4.015402 1.797267
-9999.0 -9999.0 -9999.0 -9999.0 -9999.0 -9999.0 -9999.0 -9999.0 -0.509395 -0.248663 -0.018425 -0.016034 -0.024319 -0.024912 -0.008249 3.637984 -0.003204 -0.003430 -0.014092 -0.003882 4.156311 5.687505 5.852533 5.793938 4.845285 -0.039699 -0.039817 -0.030841 -0.036163 -0.036837 -0.054087 -0.049342 -0.006008 -0.056773 -0.337101 -0.203194 -0.060533 -0.007336 -0.092898 -0.216317 -0.407740 -0.258942 -0.052119 -0.140294 -1.027031 -0.044786 -0.178109 -0.008634 -0.047271 -0.003966 2.461887 4.392395 4.374131 6.252852 4.460814 4.400626 5.986082 5.621374 5.260640 3.928347 2.789808 -0.004810
-9999.0 -9999.0 -0.578748 -0.096191 -0.502195 -0.043849 -0.023444 -0.336250 -0.506069 -0.137586 -0.039559 -0.024445 -0.012586 -0.003443 9.086145 -0.003128 -0.085421 -0.651838 -0.467162 -0.044177 -0.003725 5.559259 5.481558 4.337839 3.842306 -0.007886 -0.037561 -0.058487 -0.004310 -0.006082 -0.060986 -0.046361 5.725504 -0.009719 -0.006254 -0.013256 -0.004804 1.573793 -0.013779 -0.061532 -0.008575 -0.005876 -0.025756 -0.009201 -0.055868 -0.049030 -0.004186 -0.004427 4.491039 6.563169 7.005314 7.044034 6.916407 4.927363 3.448574 8.954368 4.266105 3.728677 2.450767 3.103593 -0.004713 -0.008703
-9999.0 -0.026764 -0.025702 -0.024167 -0.015794 -0.022029 -0.593328 -0.444644 -0.404756 -0.356640 -0.389997 -0.015871 -0.002786 5.977871 -0.003463 -0.005329 -0.512103 -0.503034 -0.019997 -0.036027 1.832510 5.080091 7.197941 5.164366 10.027136 5.114370 10.801344 11.705714 5.575862 0.477076 -0.004466 -0.004953 2.172686 10.831060 5.000348 5.201524 5.176010 3.496686 4.843928 4.353340 4.654705 5.411452 4.751013 -0.005571 -0.005425 -0.003748 5.765592 5.846576 7.668694 4.542360 4.708193 4.617569 4.354678 2.667268 2.064672 -0.002113 -0.001985 -0.002061 -0.010255 -0.032874 -0.002489 -0.003118
-9999.0 -0.293131 -0.037189 -0.037395 -0.004066 -0.029671 -0.039130 -0.294515 -0.122132 -1.338744 -0.271680 -0.016122 -0.002805 -0.003421 -0.005102 -0.530056 -0.233807 -0.122307 -0.024669 -0.013712 -0.002868 3.571366 5.617392 4.442272 10.981608 13.728498 5.922563 6.592682 6.115443 5.985683 5.746034 4.981404 5.952773 5.488955 10.525931 6.152185 14.475155 17.130381 6.606292 6.716971 7.062653 6.736612 6.392333 4.992990 5.733645 6.083827 8.170191 7.538946 4.278035 4.391486 3.199944 2.616122 -0.002135 1.856481 -0.004411 -0.007788 -0.013857 -0.030334 -0.008240 -0.006132 -0.005642 -9999.0
