user2019/resources/simulation/Vinschgau/output-maps/TsL0005N0691.asc
ncols         63
nrows         48
xllcorner     598000.000000
yllcorner     5145000.000000
cellsize      1000.000000
NODATA_value  -9999.0
[rows 0 to 27 of 48, columns 0 to 62 of 63]
-9999.0 -9999.0 -9999.0 -9999.0 -9999.0 -9999.0 -9999.0 -9999.0 -9999.0 -9999.0 -9999.0 -9999.0 -9999.0 -9999.0 -9999.0 -9999.0 -9999.0 -9999.0 -9999.0 -9999.0 -9999.0 -9999.0 -9999.0 -9999.0 -9999.0 -9999.0 -9999.0 -9999.0 -9999.0 -9999.0 -9999.0 -9999.0 -9999.0 -9999.0 -9999.0 -9999.0 -9999.0 -9999.0 -9999.0 -9999.0 -9999.0 -9999.0 -9999.0 -9999.0 -9999.0 -9999.0 -9999.0 -9999.0 -9999.0 -9999.0 -9999.0 -9999.0 -9999.0 -9999.0 -9999.0 -9999.0 -9999.0 -9999.0 -9999.0 -9999.0 -9999.0 -9999.0 -9999.0
-9999.0 -9999.0 -9999.0 -9999.0 -9999.0 -9999.0 -9999.0 -9999.0 -9999.0 -9999.0 -9999.0 -9999.0 -9999.0 -9999.0 -9999.0 -9999.0 -9999.0 -9999.0 -9999.0 -9999.0 -9999.0 -9999.0 -9999.0 -9999.0 -9999.0 -9999.0 -9999.0 6.217794 7.831901 7.239355 6.351117 4.590598 5.401574 -9999.0 -9999.0 -9999.0 -9999.0 -9999.0 -9999.0 -9999.0 -9999.0 -9999.0 -9999.0 -9999.0 -9999.0 -9999.0 -9999.0 -9999.0 -9999.0 -9999.0 -9999.0 -9999.0 -9999.0 -9999.0 -9999.0 -9999.0 -9999.0 -9999.0 -9999.0 -9999.0 -9999.0 -9999.0 -9999.0
-9999.0 -9999.0 -9999.0 -9999.0 -9999.0 -9999.0 -9999.0 -9999.0 -9999.0 -9999.0 -9999.0 -9999.0 -9999.0 -9999.0 -9999.0 -9999.0 -9999.0 -9999.0 -9999.0 -9999.0 -9999.0 -9999.0 -9999.0 -9999.0 7.881951 8.694016 9.450687 8.742458 9.179634 9.056931 6.333309 -9999.0 -9999.0 -9999.0 -9999.0 -9999.0 -9999.0 -9999.0 -9999.0 -9999.0 -9999.0 -9999.0 -9999.0 -9999.0 -9999.0 -9999.0 -9999.0 -9999.0 -9999.0 -9999.0 -9999.0 -9999.0 -9999.0 -9999.0 -9999.0 -9999.0 -9999.0 -9999.0 -9999.0 -9999.0 -9999.0 -9999.0 -9999.0
-9999.0 -9999.0 -9999.0 -9999.0 -9999.0 -9999.0 -9999.0 -9999.0 -9999.0 -9999.0 -9999.0 -9999.0 -9999.0 -9999.0 -9999.0 -9999.0 -9999.0 -9999.0 -9999.0 -9999.0 -9999.0 -9999.0 -9999.0 8.919353 9.639869 10.180143 9.779061 10.161552 9.700293 9.352811 7.641682 6.539639 -9999.0 -9999.0 -9999.0 -9999.0 -9999.0 -9999.0 -9999.0 -9999.0 -9999.0 -9999.0 -9999.0 -9999.0 -9999.0 -9999.0 -9999.0 -9999.0 -9999.0 -9999.0 -9999.0 -9999.0 -9999.0 -9999.0 -9999.0 -9999.0 -9999.0 -9999.0 -9999.0 -9999.0 -9999.0 -9999.0 -9999.0
-9999.0 -9999.0 -9999.0 -9999.0 -9999.0 -9999.0 -9999.0 -9999.0 -9999.0 -9999.0 -9999.0 -9999.0 -9999.0 -9999.0 -9999.0 -9999.0 -9999.0 -9999.0 11.058465 10.396086 -9999.0 8.101157 9.050041 9.260705 9.764813 11.856226 10.507518 10.495594 12.429143 9.471572 9.338689 7.685082 6.218322 4.498387 -9999.0 -9999.0 -9999.0 -9999.0 -9999.0 -9999.0 -9999.0 -9999.0 -9999.0 -9999.0 -9999.0 -9999.0 -9999.0 -9999.0 -9999.0 -9999.0 -9999.0 -9999.0 -9999.0 -9999.0 -9999.0 -9999.0 -9999.0 -9999.0 -9999.0 -9999.0 -9999.0 -9999.0 -9999.0
-9999.0 -9999.0 -9999.0 -9999.0 -9999.0 -9999.0 -9999.0 -9999.0 -9999.0 -9999.0 -9999.0 -9999.0 -9999.0 -9999.0 -9999.0 -9999.0 -9999.0 10.991923 9.235129 9.071474 10.754324 7.775940 8.705799 9.227870 13.760246 7.884923 6.990307 7.973633 7.160614 9.112642 10.597034 9.192309 8.326724 6.907683 4.880232 2.688973 -9999.0 -9999.0 -9999.0 -9999.0 -9999.0 -9999.0 -9999.0 -9999.0 -9999.0 -9999.0 -9999.0 -9999.0 -9999.0 -9999.0 -9999.0 -9999.0 -9999.0 -9999.0 -9999.0 -9999.0 -9999.0 -9999.0 -9999.0 -9999.0 -9999.0 -9999.0 -9999.0
-9999.0 -9999.0 -9999.0 -9999.0 -9999.0 -9999.0 -9999.0 -9999.0 -9999.0 -9999.0 -9999.0 -9999.0 -9999.0 7.410010 8.225412 9.251676 11.025580 14.770809 10.644670 10.431758 10.087111 10.240503 10.801903 13.355232 7.375834 7.319843 5.658019 6.612604 6.863855 7.519530 8.234313 7.389878 7.118088 5.144654 4.459967 2.459457 -9999.0 -9999.0 -9999.0 -9999.0 -9999.0 -9999.0 -9999.0 -9999.0 -9999.0 -9999.0 -9999.0 -9999.0 -9999.0 -9999.0 -9999.0 -9999.0 -9999.0 -9999.0 -9999.0 -9999.0 -9999.0 -9999.0 -9999.0 -9999.0 -9999.0 -9999.0 -9999.0
-9999.0 -9999.0 -9999.0 -9999.0 -9999.0 -9999.0 -9999.0 -9999.0 -9999.0 -9999.0 -9999.0 -9999.0 -9999.0 8.430829 8.993823 9.223739 9.599040 11.780043 15.248521 11.971476 10.867252 10.516048 9.421405 8.196882 9.010339 8.025986 8.752279 5.410698 3.935424 5.673150 6.832859 4.865370 3.200145 0.238135 2.603150 -9999.0 -9999.0 -9999.0 -9999.0 -9999.0 -9999.0 -9999.0 -9999.0 -9999.0 -9999.0 -9999.0 -9999.0 -9999.0 -9999.0 -9999.0 -9999.0 -9999.0 -9999.0 -9999.0 -9999.0 -9999.0 -9999.0 -9999.0 -9999.0 -9999.0 -9999.0 -9999.0 -9999.0
-9999.0 -9999.0 -9999.0 -9999.0 -9999.0 -9999.0 -9999.0 -9999.0 -9999.0 -9999.0 -9999.0 -9999.0 -9999.0 8.625767 10.630079 9.939647 8.756691 10.198904 15.487240 11.229843 10.618134 9.516111 7.529653 7.011280 8.612751 8.124282 7.490935 3.606228 6.959160 0.725635 3.788160 0.136976 0.312426 0.061150 0.196909 -9999.0 -9999.0 -9999.0 -9999.0 -9999.0 -9999.0 -9999.0 -9999.0 -9999.0 -9999.0 -9999.0 -9999.0 -9999.0 -9999.0 -9999.0 -9999.0 -9999.0 -9999.0 -9999.0 -9999.0 -9999.0 -9999.0 -9999.0 -9999.0 -9999.0 -9999.0 -9999.0 -9999.0
-9999.0 -9999.0 -9999.0 -9999.0 -9999.0 -9999.0 -9999.0 -9999.0 -9999.0 -9999.0 -9999.0 -9999.0 1.557200 10.313572 8.496696 7.131779 6.583936 9.099189 13.760342 10.325625 9.322143 7.472251 7.347823 6.713120 8.433433 5.716491 6.859126 6.597797 8.493172 2.654833 0.453961 5.310744 6.804758 1.107343 -9999.0 -9999.0 -9999.0 -9999.0 -9999.0 -9999.0 -9999.0 -9999.0 -9999.0 -9999.0 -9999.0 -9999.0 -9999.0 -9999.0 -9999.0 -9999.0 -9999.0 -9999.0 -9999.0 -9999.0 -9999.0 -9999.0 -9999.0 -9999.0 -9999.0 -9999.0 -9999.0 -9999.0 -9999.0
-9999.0 -9999.0 -9999.0 -9999.0 -9999.0 -9999.0 -9999.0 -9999.0 -9999.0 -9999.0 -9999.0 6.993595 1.612723 8.274871 1.410619 6.275438 6.315198 7.856538 13.999285 10.391841 8.137356 9.163459 8.099871 5.928405 7.605003 7.247864 2.899759 7.391872 8.231277 0.209967 4.752953 8.358797 6.076358 4.680416 5.042843 6.218784 9.024166 10.137104 10.325324 -9999.0 -9999.0 -9999.0 4.693633 -9999.0 -9999.0 -9999.0 -9999.0 -9999.0 -9999.0 -9999.0 -9999.0 -9999.0 -9999.0 -9999.0 -9999.0 -9999.0 -9999.0 -9999.0 -9999.0 -9999.0 -9999.0 -9999.0 -9999.0
-9999.0 -9999.0 -9999.0 -9999.0 -9999.0 -9999.0 -9999.0 -9999.0 -9999.0 -9999.0 -9999.0 7.117574 1.497510 1.645696 7.346422 4.004650 7.778104 8.338881 13.738452 12.049686 11.702248 10.085182 8.306820 5.145790 6.110774 6.718464 7.411965 8.463267 6.915027 3.207121 7.634737 9.014151 7.501991 5.949247 5.976065 7.723441 10.192868 12.548317 10.922774 8.075947 6.311029 6.197769 8.036662 6.116722 -9999.0 -9999.0 -9999.0 3.583506 5.262378 5.463590 6.877332 4.737205 4.179181 5.186240 5.118434 0.356671 -9999.0 -9999.0 -9999.0 -9999.0 -9999.0 -9999.0 -9999.0
-9999.0 -9999.0 -9999.0 -9999.0 -9999.0 -9999.0 -9999.0 -9999.0 -9999.0 -9999.0 -9999.0 7.553755 5.292619 1.310208 7.344634 6.697740 1.665559 7.873753 11.780498 13.636173 8.804561 8.370751 7.077032 8.334833 5.722016 8.239388 7.223877 6.691099 5.097935 4.769180 4.468426 6.493570 9.169085 6.138252 5.351901 9.228924 8.539387 9.580811 14.269704 10.102238 11.412508 8.518496 9.292671 8.877253 6.738068 -9999.0 0.284967 5.946804 8.066258 9.384450 9.877760 9.122019 9.351926 8.806396 8.416150 7.479400 -9999.0 -9999.0 -9999.0 -9999.0 -9999.0 -9999.0 -9999.0
-9999.0 -9999.0 -9999.0 -9999.0 -9999.0 -9999.0 -9999.0 -9999.0 -9999.0 -9999.0 -9999.0 -9999.0 6.380830 1.431415 8.838286 7.546892 5.982898 7.664771 12.513454 13.879499 8.717253 8.830593 8.758447 7.666566 5.765687 7.079494 10.941248 6.739928 6.609689 5.480747 7.490964 6.813073 8.683174 7.088406 4.757237 7.330677 7.151024 9.409435 16.053816 12.433709 11.710290 11.537231 8.565394 10.487843 7.076138 6.799556 5.251352 6.062981 6.216119 8.359191 9.778868 6.966111 8.641763 6.448254 5.735470 5.729211 6.771956 -9999.0 -9999.0 -9999.0 -9999.0 -9999.0 -9999.0
-9999.0 -9999.0 -9999.0 -9999.0 -9999.0 -9999.0 -9999.0 -9999.0 -9999.0 -9999.0 -9999.0 5.917172 4.926903 6.738242 1.458707 1.571128 7.518858 7.719940 12.070779 10.937726 9.159222 8.494400 8.247403 7.379618 7.216173 8.396219 7.243090 5.518213 8.059694 6.799343 7.247186 8.020448 10.103007 6.882351 3.719855 6.917521 6.804607 7.939731 10.442781 14.871814 8.815570 10.465879 10.266056 9.115933 11.184258 7.654509 8.669762 7.732843 7.886776 9.306812 5.586074 1.621930 4.608274 3.109667 0.236877 0.379419 5.849143 -9999.0 -9999.0 -9999.0 -9999.0 -9999.0 -9999.0
-9999.0 -9999.0 -9999.0 -9999.0 -9999.0 -9999.0 -9999.0 -9999.0 -9999.0 -9999.0 8.047270 6.792445 8.548929 8.117597 8.718527 8.115110 7.333997 7.329638 10.220644 11.007603 12.756217 11.073041 7.404905 11.526100 8.965601 8.202661 6.185923 5.063939 9.174124 9.780454 8.654893 7.812704 8.113979 6.083595 2.709921 5.058371 8.927747 7.701031 8.701418 11.404649 11.639615 10.355436 11.684730 10.354563 9.246843 8.123932 8.593152 8.591799 9.531753 9.913358 5.626449 0.231421 0.261453 0.295865 0.372958 7.594582 8.175099 -9999.0 -9999.0 -9999.0 -9999.0 -9999.0 -9999.0
-9999.0 -9999.0 -9999.0 -9999.0 -9999.0 -9999.0 -9999.0 -9999.0 -9999.0 5.721192 7.062434 6.628062 7.983299 6.911539 7.355047 6.914507 6.384863 10.805221 9.755900 11.242607 13.210591 9.120367 8.661606 10.705614 8.924920 6.598676 6.862218 9.917460 8.863361 9.377303 10.213772 6.259642 3.824401 0.391418 4.492236 5.060615 6.965622 6.772910 6.750917 8.158062 9.090282 7.891416 7.886850 10.752504 10.121245 9.507029 12.165302 8.851836 8.481676 10.711919 7.655340 5.611673 0.292394 0.413538 3.533533 5.787187 6.847807 7.337136 5.673966 -9999.0 -9999.0 -9999.0 -9999.0
-9999.0 -9999.0 -9999.0 -9999.0 -9999.0 -9999.0 -9999.0 -9999.0 -9999.0 6.426304 5.928506 6.998700 10.985215 8.451794 7.984097 7.196304 10.019623 9.159009 10.404553 14.977422 15.030292 15.173514 11.172789 10.475273 6.908513 7.674797 8.576462 9.362574 10.989303 9.484929 9.400004 6.131806 6.870379 6.146385 7.492737 9.200356 8.887875 7.642770 6.214851 8.080683 6.851992 5.870422 8.588643 9.831940 11.237688 12.633317 12.455106 11.219300 10.310203 10.484982 5.985318 4.731309 0.364316 0.595992 1.499051 4.399761 6.781950 8.106291 8.634252 -9999.0 -9999.0 -9999.0 -9999.0
-9999.0 -9999.0 -9999.0 -9999.0 -9999.0 -9999.0 -9999.0 -9999.0 -9999.0 -9999.0 6.096254 7.495741 7.331115 8.588104 9.035815 8.466475 8.450564 10.111792 11.159590 13.155212 12.886313 9.765105 8.029069 7.538958 7.772919 9.379116 10.366503 11.664411 9.542972 6.312852 6.021697 7.298523 4.200351 4.914392 8.473330 9.823438 10.700771 9.965853 8.909054 1.258310 3.868134 8.875088 9.671972 7.724853 8.739860 8.904687 9.786762 11.772125 13.172173 10.832135 6.976587 7.243235 4.828606 0.310859 0.606321 4.918462 6.749735 10.168165 10.717585 10.722931 -9999.0 -9999.0 -9999.0
-9999.0 -9999.0 -9999.0 -9999.0 -9999.0 -9999.0 -9999.0 -9999.0 -9999.0 -9999.0 6.062113 6.907326 7.096311 7.932279 13.536844 8.758191 8.556911 9.843486 11.665583 13.664483 11.316865 9.608644 8.472068 8.832536 9.091388 10.880345 12.455340 9.143880 6.915982 4.336918 5.578518 7.570474 5.418059 3.435050 5.474560 7.080400 8.908154 8.286584 6.415593 3.890826 7.031382 8.150715 6.770723 6.351286 8.028792 7.590472 8.250142 8.945902 11.072563 12.833994 10.919528 7.679493 6.217769 5.616939 0.723200 4.529471 3.692196 8.349216 11.846001 13.278176 -9999.0 -9999.0 -9999.0
-9999.0 -9999.0 -9999.0 -9999.0 -9999.0 -9999.0 -9999.0 -9999.0 9.188123 8.516175 7.338915 6.840312 6.854265 7.251578 7.661928 10.545183 10.852908 15.453796 13.795419 14.125342 12.766068 11.255530 10.443363 9.334550 10.413469 11.778658 12.552364 7.499990 6.721796 5.224898 2.016940 5.613273 6.697324 5.374163 6.917469 4.167185 8.648302 8.571853 5.159797 5.791637 5.334041 7.084736 4.790380 3.012837 7.642215 9.189183 5.723408 7.362028 9.290018 12.308590 11.134810 8.288900 7.064393 4.248078 5.384209 8.924294 7.612944 11.154077 11.716527 13.392101 -9999.0 -9999.0 -9999.0
-9999.0 -9999.0 -9999.0 -9999.0 -9999.0 -9999.0 -9999.0 -9999.0 6.166048 7.464656 6.072073 5.103811 6.189696 7.551447 7.214936 8.626163 9.543247 9.923347 12.367734 14.402101 16.349080 15.750711 15.078802 14.713928 11.156122 12.136366 10.096263 8.383060 5.453677 6.741761 6.280784 6.520300 7.546784 5.773516 7.727256 8.288917 10.784381 9.390566 7.426115 8.139768 5.231555 0.246253 4.248817 8.114508 10.139225 6.882054 4.841882 6.830849 8.239979 10.854583 12.782095 9.841974 6.367250 8.074360 10.220303 8.942853 9.669034 10.967612 13.590837 15.371673 16.237024 -9999.0 -9999.0
-9999.0 -9999.0 -9999.0 -9999.0 -9999.0 -9999.0 -9999.0 -9999.0 5.519522 8.489694 9.572619 5.357082 8.694453 5.901066 8.391375 7.844077 9.502960 11.622919 12.963084 16.994603 14.863966 17.034246 16.297428 13.916031 16.491165 10.668317 9.266638 6.965785 6.271349 8.440942 6.789846 9.537215 6.357107 6.560289 8.630372 11.020784 7.672396 9.774480 7.245576 6.724162 7.137937 5.418305 7.324694 7.547448 5.820892 7.108301 7.555354 7.690296 5.947545 0.494287 12.656765 11.848988 7.606284 6.958592 10.844478 11.619878 12.968238 13.878744 15.066113 15.491080 15.889252 -9999.0 -9999.0
-9999.0 -9999.0 -9999.0 -9999.0 -9999.0 -9999.0 -9999.0 -9999.0 3.223816 7.799113 8.735927 5.971571 9.288788 7.905049 8.416427 9.619713 11.568610 13.079941 12.496069 13.149982 14.107570 14.626573 16.963498 16.830039 11.370988 9.302379 7.840008 6.578502 10.989427 8.433226 7.748589 8.108866 9.209039 9.322749 7.428811 10.528594 11.390766 10.508301 8.024659 7.619889 8.373417 8.610434 8.887002 10.143976 8.766420 7.210383 8.923143 8.234042 9.966586 9.094359 10.184015 12.924733 12.567656 11.301827 12.991473 13.665860 14.614890 14.322962 15.145371 15.712723 14.274245 12.122993 -9999.0
-9999.0 -9999.0 -9999.0 -9999.0 -9999.0 -9999.0 -9999.0 -9999.0 5.442082 7.567603 8.144041 7.458421 8.732865 9.340052 13.039460 12.327260 12.326081 10.399238 9.465007 10.260164 12.401777 14.158336 14.370277 14.286418 14.349995 9.175058 7.405276 8.783922 9.824789 9.850958 7.380635 9.228975 10.907491 9.718869 8.697629 9.025216 10.168929 11.692266 10.660730 9.860078 8.929720 8.822827 9.603458 9.088560 7.417723 10.022741 8.726592 9.889267 9.567791 11.446426 12.715691 12.343387 13.136142 13.966053 14.511398 14.745983 15.210050 15.279163 14.940105 14.146219 12.989870 0.689653 -9999.0
-9999.0 -9999.0 8.110408 8.264189 6.186388 6.871086 7.219892 6.335813 7.495423 6.994124 7.326188 9.733422 9.601228 11.476132 15.678259 11.637107 9.229514 7.149559 7.445724 8.865590 10.721319 12.272523 14.183688 13.987605 13.267838 10.406905 9.265868 8.962857 10.193731 12.630452 8.409305 8.597787 12.877240 9.986187 11.630582 10.433818 12.819447 13.127431 11.957315 10.091546 11.277030 11.605975 10.530629 10.959616 8.365885 9.723664 11.204029 10.331843 12.575070 13.588463 14.419545 15.319061 15.317500 15.184720 14.645812 16.881429 14.179421 14.019338 13.247422 12.591556 12.957806 0.720790 -9999.0
-9999.0 7.551118 7.585704 7.323248 7.203027 7.694765 6.856343 5.312077 4.661977 6.081240 6.702588 8.276661 10.892515 13.908499 13.720049 8.454801 7.309135 6.371379 7.975005 8.899832 10.512006 11.719067 14.945937 13.232400 16.631896 13.420576 15.883500 15.785101 12.694363 11.904672 11.870587 11.272795 11.913573 15.040792 13.388743 14.234917 15.027870 15.039856 15.190218 14.298263 13.742325 13.737984 13.387449 10.928962 10.696157 10.832577 13.073729 12.778285 14.574152 13.998612 14.664323 14.489567 13.848826 13.716807 13.622698 12.814092 11.534971 11.577477 11.797402 11.575263 9.905208 10.434799 -9999.0
-9999.0 8.749837 8.616568 8.855157 12.087963 8.650089 5.919927 5.703631 7.733824 7.506912 6.747156 8.084003 10.778659 13.759528 9.115032 6.925362 5.931534 6.603461 9.029019 9.215655 11.001980 10.965537 12.054719 13.110980 16.783175 17.645294 13.812703 14.664068 14.359481 12.477682 13.488904 12.920323 13.379320 13.770518 16.317134 15.591094 18.762710 21.217912 16.875661 16.403004 16.008930 15.462240 14.672010 13.832821 14.431629 14.111470 15.809459 15.840901 14.539008 14.642890 13.120597 11.786934 11.425628 12.301050 11.529062 9.987468 10.240208 9.130782 9.069477 8.679034 8.790051 -9999.0 -9999.0
