user2019/resources/simulation/Vinschgau/output-maps/TsL0006N0648.asc
ncols         63
nrows         48
xllcorner     598000.000000
yllcorner     5145000.000000
cellsize      1000.000000
NODATA_value  -9999.0
[rows 0 to 27 of 48, columns 0 to 62 of 63]
-9999.0 -9999.0 -9999.0 -9999.0 -9999.0 -9999.0 -9999.0 -9999.0 -9999.0 -9999.0 -9999.0 -9999.0 -9999.0 -9999.0 -9999.0 -9999.0 -9999.0 -9999.0 -9999.0 -9999.0 -9999.0 -9999.0 -9999.0 -9999.0 -9999.0 -9999.0 -9999.0 -9999.0 -9999.0 -9999.0 -9999.0 -9999.0 -9999.0 -9999.0 -9999.0 -9999.0 -9999.0 -9999.0 -9999.0 -9999.0 -9999.0 -9999.0 -9999.0 -9999.0 -9999.0 -9999.0 -9999.0 -9999.0 -9999.0 -9999.0 -9999.0 -9999.0 -9999.0 -9999.0 -9999.0 -9999.0 -9999.0 -9999.0 -9999.0 -9999.0 -9999.0 -9999.0 -9999.0
-9999.0 -9999.0 -9999.0 -9999.0 -9999.0 -9999.0 -9999.0 -9999.0 -9999.0 -9999.0 -9999.0 -9999.0 -9999.0 -9999.0 -9999.0 -9999.0 -9999.0 -9999.0 -9999.0 -9999.0 -9999.0 -9999.0 -9999.0 -9999.0 -9999.0 -9999.0 -9999.0 9.811889 10.377265 10.236144 9.074849 8.148631 8.603072 -9999.0 -9999.0 -9999.0 -9999.0 -9999.0 -9999.0 -9999.0 -9999.0 -9999.0 -9999.0 -9999.0 -9999.0 -9999.0 -9999.0 -9999.0 -9999.0 -9999.0 -9999.0 -9999.0 -9999.0 -9999.0 -9999.0 -9999.0 -9999.0 -9999.0 -9999.0 -9999.0 -9999.0 -9999.0 -9999.0
-9999.0 -9999.0 -9999.0 -9999.0 -9999.0 -9999.0 -9999.0 -9999.0 -9999.0 -9999.0 -9999.0 -9999.0 -9999.0 -9999.0 -9999.0 -9999.0 -9999.0 -9999.0 -9999.0 -9999.0 -9999.0 -9999.0 -9999.0 -9999.0 10.974329 11.443826 11.960953 11.550579 11.425445 10.668518 9.170957 -9999.0 -9999.0 -9999.0 -9999.0 -9999.0 -9999.0 -9999.0 -9999.0 -9999.0 -9999.0 -9999.0 -9999.0 -9999.0 -9999.0 -9999.0 -9999.0 -9999.0 -9999.0 -9999.0 -9999.0 -9999.0 -9999.0 -9999.0 -9999.0 -9999.0 -9999.0 -9999.0 -9999.0 -9999.0 -9999.0 -9999.0 -9999.0
-9999.0 -9999.0 -9999.0 -9999.0 -9999.0 -9999.0 -9999.0 -9999.0 -9999.0 -9999.0 -9999.0 -9999.0 -9999.0 -9999.0 -9999.0 -9999.0 -9999.0 -9999.0 -9999.0 -9999.0 -9999.0 -9999.0 -9999.0 11.219114 12.289929 12.550109 13.027628 13.286429 12.681918 11.771156 9.656322 8.970444 -9999.0 -9999.0 -9999.0 -9999.0 -9999.0 -9999.0 -9999.0 -9999.0 -9999.0 -9999.0 -9999.0 -9999.0 -9999.0 -9999.0 -9999.0 -9999.0 -9999.0 -9999.0 -9999.0 -9999.0 -9999.0 -9999.0 -9999.0 -9999.0 -9999.0 -9999.0 -9999.0 -9999.0 -9999.0 -9999.0 -9999.0
-9999.0 -9999.0 -9999.0 -9999.0 -9999.0 -9999.0 -9999.0 -9999.0 -9999.0 -9999.0 -9999.0 -9999.0 -9999.0 -9999.0 -9999.0 -9999.0 -9999.0 -9999.0 13.370005 11.325012 -9999.0 10.931483 11.797672 12.719038 12.955953 14.429305 13.975014 14.077589 14.853920 13.062438 11.578683 9.862740 8.978246 6.014404 -9999.0 -9999.0 -9999.0 -9999.0 -9999.0 -9999.0 -9999.0 -9999.0 -9999.0 -9999.0 -9999.0 -9999.0 -9999.0 -9999.0 -9999.0 -9999.0 -9999.0 -9999.0 -9999.0 -9999.0 -9999.0 -9999.0 -9999.0 -9999.0 -9999.0 -9999.0 -9999.0 -9999.0 -9999.0
-9999.0 -9999.0 -9999.0 -9999.0 -9999.0 -9999.0 -9999.0 -9999.0 -9999.0 -9999.0 -9999.0 -9999.0 -9999.0 -9999.0 -9999.0 -9999.0 -9999.0 13.384872 12.043851 11.851393 11.253769 10.822489 11.822984 12.647813 15.200453 10.741518 9.789385 11.267567 10.059505 11.988316 12.636769 10.688961 10.121763 9.193295 6.821382 5.103240 -9999.0 -9999.0 -9999.0 -9999.0 -9999.0 -9999.0 -9999.0 -9999.0 -9999.0 -9999.0 -9999.0 -9999.0 -9999.0 -9999.0 -9999.0 -9999.0 -9999.0 -9999.0 -9999.0 -9999.0 -9999.0 -9999.0 -9999.0 -9999.0 -9999.0 -9999.0 -9999.0
-9999.0 -9999.0 -9999.0 -9999.0 -9999.0 -9999.0 -9999.0 -9999.0 -9999.0 -9999.0 -9999.0 -9999.0 -9999.0 10.215997 11.388386 11.316692 12.603242 18.642942 13.042727 12.950873 12.918376 13.466510 14.479600 14.984272 10.199484 11.108710 9.296702 9.382139 10.449320 11.121018 10.613193 10.639348 9.773094 8.684131 7.963529 4.978641 -9999.0 -9999.0 -9999.0 -9999.0 -9999.0 -9999.0 -9999.0 -9999.0 -9999.0 -9999.0 -9999.0 -9999.0 -9999.0 -9999.0 -9999.0 -9999.0 -9999.0 -9999.0 -9999.0 -9999.0 -9999.0 -9999.0 -9999.0 -9999.0 -9999.0 -9999.0 -9999.0
-9999.0 -9999.0 -9999.0 -9999.0 -9999.0 -9999.0 -9999.0 -9999.0 -9999.0 -9999.0 -9999.0 -9999.0 -9999.0 10.844563 12.204729 11.486583 11.312050 15.327482 18.799973 14.263244 12.904291 13.918266 11.657548 11.117032 12.463180 11.368251 10.261437 8.801329 8.615330 9.050697 9.150697 8.395009 7.527524 5.308731 5.825448 -9999.0 -9999.0 -9999.0 -9999.0 -9999.0 -9999.0 -9999.0 -9999.0 -9999.0 -9999.0 -9999.0 -9999.0 -9999.0 -9999.0 -9999.0 -9999.0 -9999.0 -9999.0 -9999.0 -9999.0 -9999.0 -9999.0 -9999.0 -9999.0 -9999.0 -9999.0 -9999.0 -9999.0
-9999.0 -9999.0 -9999.0 -9999.0 -9999.0 -9999.0 -9999.0 -9999.0 -9999.0 -9999.0 -9999.0 -9999.0 -9999.0 11.918215 12.329482 12.607428 10.727606 11.770119 18.674305 12.831642 13.747687 11.296283 9.761150 9.842115 12.283490 11.111816 10.210715 7.952099 9.107383 7.441033 8.107234 0.643083 4.259503 0.586240 4.328657 -9999.0 -9999.0 -9999.0 -9999.0 -9999.0 -9999.0 -9999.0 -9999.0 -9999.0 -9999.0 -9999.0 -9999.0 -9999.0 -9999.0 -9999.0 -9999.0 -9999.0 -9999.0 -9999.0 -9999.0 -9999.0 -9999.0 -9999.0 -9999.0 -9999.0 -9999.0 -9999.0 -9999.0
-9999.0 -9999.0 -9999.0 -9999.0 -9999.0 -9999.0 -9999.0 -9999.0 -9999.0 -9999.0 -9999.0 -9999.0 11.272071 11.751891 12.305426 10.519862 8.660278 11.009496 16.458895 12.716927 12.412701 10.404428 9.750947 9.928778 10.738742 9.218553 9.414321 8.923836 10.205201 7.300302 4.209522 7.581778 8.171157 3.689584 -9999.0 -9999.0 -9999.0 -9999.0 -9999.0 -9999.0 -9999.0 -9999.0 -9999.0 -9999.0 -9999.0 -9999.0 -9999.0 -9999.0 -9999.0 -9999.0 -9999.0 -9999.0 -9999.0 -9999.0 -9999.0 -9999.0 -9999.0 -9999.0 -9999.0 -9999.0 -9999.0 -9999.0 -9999.0
-9999.0 -9999.0 -9999.0 -9999.0 -9999.0 -9999.0 -9999.0 -9999.0 -9999.0 -9999.0 -9999.0 9.834588 9.930775 9.995520 10.048374 9.557812 8.958790 10.090456 16.423300 11.879585 10.511585 12.060487 10.672120 9.565759 10.073505 9.969913 7.701088 9.759485 10.224788 4.486667 7.539942 10.314592 8.323603 6.009226 6.824232 9.366310 9.532489 11.864247 8.615889 -9999.0 -9999.0 -9999.0 6.651572 -9999.0 -9999.0 -9999.0 -9999.0 -9999.0 -9999.0 -9999.0 -9999.0 -9999.0 -9999.0 -9999.0 -9999.0 -9999.0 -9999.0 -9999.0 -9999.0 -9999.0 -9999.0 -9999.0 -9999.0
-9999.0 -9999.0 -9999.0 -9999.0 -9999.0 -9999.0 -9999.0 -9999.0 -9999.0 -9999.0 -9999.0 9.455565 10.071110 9.976729 10.390100 8.403794 11.165594 11.553487 16.344269 14.314550 14.092949 12.005066 10.877520 7.583801 8.332538 9.564120 9.688512 10.561926 9.720413 6.237492 9.697080 10.904501 9.156611 7.250493 6.665906 10.745861 14.444705 14.817639 12.277779 8.175014 7.633636 6.826200 9.091447 7.417127 -9999.0 -9999.0 -9999.0 5.457961 6.430123 7.481697 8.028425 6.566107 6.229944 6.548827 6.766797 2.663520 -9999.0 -9999.0 -9999.0 -9999.0 -9999.0 -9999.0 -9999.0
-9999.0 -9999.0 -9999.0 -9999.0 -9999.0 -9999.0 -9999.0 -9999.0 -9999.0 -9999.0 -9999.0 9.559763 9.057640 7.703052 9.737522 9.362842 8.127208 9.307519 14.440882 15.237480 10.500007 9.970683 8.785378 10.683301 9.298118 9.782715 9.051962 9.004103 8.758666 7.315647 8.396967 8.576567 11.322355 7.879234 8.289801 12.850194 10.519124 11.547652 16.017439 9.980302 11.670225 8.909738 11.417578 9.692093 7.468229 -9999.0 4.153604 7.163033 9.657197 10.931253 11.104316 10.753208 10.674094 10.179850 9.840384 9.262055 -9999.0 -9999.0 -9999.0 -9999.0 -9999.0 -9999.0 -9999.0
-9999.0 -9999.0 -9999.0 -9999.0 -9999.0 -9999.0 -9999.0 -9999.0 -9999.0 -9999.0 -9999.0 -9999.0 9.477583 7.345073 10.185706 9.978173 7.250972 9.254236 15.633384 15.502021 10.671970 10.537569 10.309782 9.552288 7.793190 8.941812 12.599314 9.912835 9.048751 8.563633 9.591834 8.814202 11.107048 9.348476 7.940972 11.332728 9.351947 11.274776 18.100971 12.931684 13.861214 12.050811 9.626207 12.283286 8.142257 7.421838 6.586883 7.628453 8.025352 9.990796 11.164785 9.465591 10.127074 8.897001 8.686448 9.674957 9.469454 -9999.0 -9999.0 -9999.0 -9999.0 -9999.0 -9999.0
-9999.0 -9999.0 -9999.0 -9999.0 -9999.0 -9999.0 -9999.0 -9999.0 -9999.0 -9999.0 -9999.0 7.323181 8.794507 9.534224 8.152230 8.309120 9.212653 9.429496 15.363925 12.588805 11.153696 10.400216 10.574992 8.823464 9.095166 10.522207 9.632338 8.661150 9.511906 10.083430 9.071997 9.947912 11.687274 9.171899 6.210837 10.366578 10.875087 10.495020 11.998369 16.726181 10.223447 11.082739 11.106353 9.809424 12.605052 8.673589 10.165510 10.500601 11.255758 10.864590 7.963057 9.199210 7.787531 6.734517 0.981917 8.023182 9.098665 -9999.0 -9999.0 -9999.0 -9999.0 -9999.0 -9999.0
-9999.0 -9999.0 -9999.0 -9999.0 -9999.0 -9999.0 -9999.0 -9999.0 -9999.0 -9999.0 10.989433 8.370001 10.548160 10.255562 11.111133 9.604108 9.370256 8.917114 12.003871 12.779319 14.499831 13.376916 9.252248 13.199077 11.087366 10.535291 8.382715 7.393421 11.047268 11.731452 10.576678 10.085202 10.713014 8.481661 5.061631 8.287982 12.557274 9.551205 9.992181 12.582197 12.652931 11.708652 15.741700 11.285723 10.392851 10.551201 10.911326 9.791721 10.852262 11.425847 7.556269 7.912060 0.934585 0.828713 7.327522 10.228224 10.353528 -9999.0 -9999.0 -9999.0 -9999.0 -9999.0 -9999.0
-9999.0 -9999.0 -9999.0 -9999.0 -9999.0 -9999.0 -9999.0 -9999.0 -9999.0 9.035902 10.401823 8.472660 9.404933 8.393114 8.843309 8.834836 8.620419 13.261007 12.298756 13.239971 15.667317 11.306775 10.901716 12.566745 11.543985 8.846347 8.465969 12.050816 10.643113 11.325429 11.917249 8.067435 8.245198 5.560839 6.256900 7.939640 10.355802 8.625825 8.364336 9.878041 10.076903 8.979340 8.711281 11.763403 11.322306 10.402448 13.847503 9.841901 9.957568 12.206647 9.051648 8.468010 1.069885 2.572723 8.265328 8.508095 9.526095 10.757839 9.778750 -9999.0 -9999.0 -9999.0 -9999.0
-9999.0 -9999.0 -9999.0 -9999.0 -9999.0 -9999.0 -9999.0 -9999.0 -9999.0 8.932527 9.151621 10.432857 13.060789 10.393267 9.585427 9.023981 12.473368 11.519493 13.253025 17.038130 16.944936 16.754721 14.541003 13.180620 9.242192 9.395145 10.517505 11.489076 12.790192 13.101097 11.984576 7.980863 9.569186 8.031485 9.119609 8.936386 9.458963 11.061282 8.932702 10.964876 8.654682 7.556311 9.690938 11.623155 12.299617 13.257892 13.242399 12.315247 11.693182 12.220104 7.949732 1.290726 6.293996 7.577375 8.919367 7.652378 9.549043 10.347667 12.085680 -9999.0 -9999.0 -9999.0 -9999.0
-9999.0 -9999.0 -9999.0 -9999.0 -9999.0 -9999.0 -9999.0 -9999.0 -9999.0 -9999.0 9.088842 10.811634 9.779255 10.297600 10.943642 10.262889 10.832684 12.624647 14.151705 15.011292 16.448740 12.279245 10.662316 9.990742 9.648343 11.404607 12.579199 13.332441 12.256895 8.626768 8.182226 9.332558 6.559699 8.074482 10.359306 11.278579 12.122719 12.064021 8.531127 8.177346 7.307176 11.646407 12.208982 9.562469 9.784788 10.326993 11.132600 14.838588 14.074494 12.257288 8.924840 9.185857 8.515507 5.261796 6.079581 9.353781 11.304145 12.379310 12.556482 12.891056 -9999.0 -9999.0 -9999.0
-9999.0 -9999.0 -9999.0 -9999.0 -9999.0 -9999.0 -9999.0 -9999.0 -9999.0 -9999.0 9.151775 10.255431 11.129339 10.442427 15.200576 11.196904 10.776498 12.694058 14.866968 15.467924 13.379205 12.007012 10.703130 10.769670 11.354084 13.101068 14.085339 11.267998 9.180384 7.142909 9.246719 10.814428 7.336737 7.358392 8.756565 10.555546 10.246039 9.766113 7.697658 7.214179 9.067312 10.356292 6.428734 10.213837 11.379117 8.786329 10.502407 10.514475 12.596724 14.204430 12.373372 7.717649 8.728646 9.102918 8.231346 9.415099 9.596936 11.266807 13.895084 15.063024 -9999.0 -9999.0 -9999.0
-9999.0 -9999.0 -9999.0 -9999.0 -9999.0 -9999.0 -9999.0 -9999.0 11.272124 10.307099 9.306989 10.711281 9.364117 9.660807 10.028449 12.620199 13.133850 17.531404 15.849331 15.887484 14.742257 13.891578 13.167410 11.821862 12.767950 13.856181 14.741235 9.747316 9.044760 7.453683 0.943427 8.996067 9.234780 8.126154 9.154573 8.387948 11.742069 9.984587 6.573992 7.347391 8.385349 10.095695 6.776941 8.063763 11.242741 12.079880 7.626229 9.886788 11.075414 14.342407 12.995480 10.646859 9.817485 1.388121 10.153370 11.642661 12.109694 14.723916 13.961446 15.431646 -9999.0 -9999.0 -9999.0
-9999.0 -9999.0 -9999.0 -9999.0 -9999.0 -9999.0 -9999.0 -9999.0 8.872905 9.462365 8.172632 9.331351 10.544195 10.100642 9.651841 11.193396 12.456771 12.827614 15.214610 16.348894 20.324209 18.733786 17.223941 16.677301 13.687734 14.200064 12.094785 10.652003 8.100180 9.472565 8.570838 9.411670 9.631008 8.800566 9.653057 10.544215 12.432928 10.697895 8.515363 9.686196 7.613022 6.015285 8.153264 10.554615 11.921831 9.032861 7.362075 10.776538 10.692015 12.997266 14.829899 12.185233 9.439978 11.665146 13.637167 11.701626 12.221446 13.340101 15.691188 17.765233 18.102135 -9999.0 -9999.0
-9999.0 -9999.0 -9999.0 -9999.0 -9999.0 -9999.0 -9999.0 -9999.0 9.782590 11.860633 11.507792 7.948504 11.736865 8.771228 10.468243 10.016812 11.936027 14.040683 15.312169 20.020431 16.810331 19.182253 18.938395 15.862050 18.109530 13.383233 11.684780 9.389923 7.850068 10.332898 9.950946 11.527189 8.124557 7.996673 10.746236 12.109534 0.250918 10.967481 8.328867 7.970730 8.624620 8.487832 9.446599 10.354807 8.098515 10.074899 9.744372 10.811634 9.089877 11.733459 15.009758 14.074204 10.833604 10.531513 13.518590 14.211279 15.344081 16.235201 17.570510 17.918980 17.916480 -9999.0 -9999.0
-9999.0 -9999.0 -9999.0 -9999.0 -9999.0 -9999.0 -9999.0 -9999.0 8.409688 11.411676 10.758492 8.591105 12.185003 10.518852 10.654528 12.133226 14.565275 15.635972 16.526832 15.528022 16.402451 16.887170 19.389636 19.007876 14.208500 12.297970 10.541676 8.732363 12.586392 10.264468 9.472730 9.847538 10.474648 10.732098 8.637610 11.367320 12.619928 11.736661 0.460151 8.599123 9.422916 10.071453 10.334078 10.774863 10.014604 10.343410 11.211058 11.831266 11.731618 11.167866 13.003867 15.617834 15.144495 14.241145 15.986816 16.361287 17.088864 16.434578 17.590136 17.782062 16.636697 14.331349 -9999.0
-9999.0 -9999.0 -9999.0 -9999.0 -9999.0 -9999.0 -9999.0 -9999.0 8.883632 11.382790 7.940464 10.057963 11.058014 11.770866 15.806661 14.835361 15.941377 13.251206 12.012502 13.448129 14.969593 16.701398 16.959064 17.068182 17.191025 11.964800 9.805532 11.294483 12.096464 11.791678 9.504324 11.256556 12.343987 11.270950 0.249196 0.256485 11.023439 12.677967 11.705638 10.854444 9.757485 7.530743 10.452877 9.994511 8.727981 12.314909 10.383524 11.406233 11.313233 13.348863 15.136162 15.442643 16.245853 17.175839 17.235256 17.284792 17.814443 17.789281 17.573901 16.668567 15.134887 13.417924 -9999.0
-9999.0 -9999.0 10.587464 11.160367 8.900245 9.184733 9.626321 8.771983 10.395717 11.020788 7.973551 11.856424 12.026738 13.819973 17.830421 14.254720 11.661806 9.965005 10.610535 11.804594 13.602480 15.957223 16.687920 16.524616 15.546760 13.190533 11.909206 11.716196 12.792434 14.556605 10.404290 10.712370 14.741986 11.514880 12.654917 11.373126 13.731216 13.781682 12.404308 10.738346 12.036239 12.315890 11.478974 12.240034 9.735791 11.198700 12.910470 12.272399 14.475498 16.068823 17.306833 17.747480 17.778611 17.825987 17.726177 20.860464 16.826918 16.664873 15.711610 14.825942 15.598519 12.403919 -9999.0
-9999.0 9.832803 9.663049 9.571851 9.354886 9.877202 9.494451 8.112524 7.630005 10.136880 9.745860 11.042961 13.069752 16.263313 16.612214 11.548741 10.640163 9.482296 10.496651 11.788334 13.848968 15.242665 18.727457 16.217699 19.028251 15.554469 17.493340 17.569981 15.244165 14.160932 13.804864 13.450275 13.506422 16.039249 14.575257 15.310752 15.919505 15.525399 15.681506 14.941596 14.692116 14.663828 14.244280 12.437335 12.224763 12.977326 14.967021 15.508386 17.103596 17.330695 17.184083 17.103900 16.550569 16.461932 16.460377 15.885056 14.355335 14.142577 14.146030 14.667711 11.850160 12.001657 -9999.0
-9999.0 12.047525 10.527366 10.796172 13.379427 10.580566 8.301971 8.174732 10.562898 10.507482 9.849804 10.957476 13.245279 16.822238 12.203417 10.058392 9.223237 9.528767 11.495964 11.791800 14.756883 13.752907 15.657194 16.369889 20.223652 20.587503 16.189342 16.501636 16.151493 15.934578 15.803529 15.206223 14.716568 15.066393 17.968179 16.886031 21.227275 21.744256 17.496940 17.525307 17.233432 16.207858 15.725618 15.381256 15.941009 16.395897 17.176231 17.294515 16.785937 16.855617 15.912032 14.785558 14.574716 14.973132 14.502313 13.077893 12.998151 12.090932 11.662019 10.838753 10.734187 -9999.0 -9999.0
