user2019/resources/simulation/Vinschgau/output-maps/TsL0006N0559.asc
ncols         63
nrows         48
xllcorner     598000.000000
yllcorner     5145000.000000
cellsize      1000.000000
NODATA_value  -9999.0
[rows 0 to 27 of 48, columns 0 to 62 of 63]
-9999.0 -9999.0 -9999.0 -9999.0 -9999.0 -9999.0 -9999.0 -9999.0 -9999.0 -9999.0 -9999.0 -9999.0 -9999.0 -9999.0 -9999.0 -9999.0 -9999.0 -9999.0 -9999.0 -9999.0 -9999.0 -9999.0 -9999.0 -9999.0 -9999.0 -9999.0 -9999.0 -9999.0 -9999.0 -9999.0 -9999.0 -9999.0 -9999.0 -9999.0 -9999.0 -9999.0 -9999.0 -9999.0 -9999.0 -9999.0 -9999.0 -9999.0 -9999.0 -9999.0 -9999.0 -9999.0 -9999.0 -9999.0 -9999.0 -9999.0 -9999.0 -9999.0 -9999.0 -9999.0 -9999.0 -9999.0 -9999.0 -9999.0 -9999.0 -9999.0 -9999.0 -9999.0 -9999.0
-9999.0 -9999.0 -9999.0 -9999.0 -9999.0 -9999.0 -9999.0 -9999.0 -9999.0 -9999.0 -9999.0 -9999.0 -9999.0 -9999.0 -9999.0 -9999.0 -9999.0 -9999.0 -9999.0 -9999.0 -9999.0 -9999.0 -9999.0 -9999.0 -9999.0 -9999.0 -9999.0 9.613973 11.072253 9.760348 9.711689 9.303994 9.110868 -9999.0 -9999.0 -9999.0 -9999.0 -9999.0 -9999.0 -9999.0 -9999.0 -9999.0 -9999.0 -9999.0 -9999.0 -9999.0 -9999.0 -9999.0 -9999.0 -9999.0 -9999.0 -9999.0 -9999.0 -9999.0 -9999.0 -9999.0 -9999.0 -9999.0 -9999.0 -9999.0 -9999.0 -9999.0 -9999.0
-9999.0 -9999.0 -9999.0 -9999.0 -9999.0 -9999.0 -9999.0 -9999.0 -9999.0 -9999.0 -9999.0 -9999.0 -9999.0 -9999.0 -9999.0 -9999.0 -9999.0 -9999.0 -9999.0 -9999.0 -9999.0 -9999.0 -9999.0 -9999.0 11.528635 12.482266 12.746078 12.573597 11.228896 10.856205 9.944462 -9999.0 -9999.0 -9999.0 -9999.0 -9999.0 -9999.0 -9999.0 -9999.0 -9999.0 -9999.0 -9999.0 -9999.0 -9999.0 -9999.0 -9999.0 -9999.0 -9999.0 -9999.0 -9999.0 -9999.0 -9999.0 -9999.0 -9999.0 -9999.0 -9999.0 -9999.0 -9999.0 -9999.0 -9999.0 -9999.0 -9999.0 -9999.0
-9999.0 -9999.0 -9999.0 -9999.0 -9999.0 -9999.0 -9999.0 -9999.0 -9999.0 -9999.0 -9999.0 -9999.0 -9999.0 -9999.0 -9999.0 -9999.0 -9999.0 -9999.0 -9999.0 -9999.0 -9999.0 -9999.0 -9999.0 12.121835 13.158571 11.732887 12.253201 12.210442 11.483161 12.772177 11.065534 9.473084 -9999.0 -9999.0 -9999.0 -9999.0 -9999.0 -9999.0 -9999.0 -9999.0 -9999.0 -9999.0 -9999.0 -9999.0 -9999.0 -9999.0 -9999.0 -9999.0 -9999.0 -9999.0 -9999.0 -9999.0 -9999.0 -9999.0 -9999.0 -9999.0 -9999.0 -9999.0 -9999.0 -9999.0 -9999.0 -9999.0 -9999.0
-9999.0 -9999.0 -9999.0 -9999.0 -9999.0 -9999.0 -9999.0 -9999.0 -9999.0 -9999.0 -9999.0 -9999.0 -9999.0 -9999.0 -9999.0 -9999.0 -9999.0 -9999.0 13.347806 11.552413 -9999.0 10.845095 11.544948 11.550009 12.304334 13.611647 15.116769 15.091106 13.452678 12.073350 12.307434 9.820676 9.624957 7.886198 -9999.0 -9999.0 -9999.0 -9999.0 -9999.0 -9999.0 -9999.0 -9999.0 -9999.0 -9999.0 -9999.0 -9999.0 -9999.0 -9999.0 -9999.0 -9999.0 -9999.0 -9999.0 -9999.0 -9999.0 -9999.0 -9999.0 -9999.0 -9999.0 -9999.0 -9999.0 -9999.0 -9999.0 -9999.0
-9999.0 -9999.0 -9999.0 -9999.0 -9999.0 -9999.0 -9999.0 -9999.0 -9999.0 -9999.0 -9999.0 -9999.0 -9999.0 -9999.0 -9999.0 -9999.0 -9999.0 11.508777 9.641226 9.434402 11.810488 2.913330 10.753159 12.096592 16.543834 8.844537 7.618218 9.958989 7.914064 10.839729 12.177105 10.801874 10.163902 9.649381 8.777474 8.183574 -9999.0 -9999.0 -9999.0 -9999.0 -9999.0 -9999.0 -9999.0 -9999.0 -9999.0 -9999.0 -9999.0 -9999.0 -9999.0 -9999.0 -9999.0 -9999.0 -9999.0 -9999.0 -9999.0 -9999.0 -9999.0 -9999.0 -9999.0 -9999.0 -9999.0 -9999.0 -9999.0
-9999.0 -9999.0 -9999.0 -9999.0 -9999.0 -9999.0 -9999.0 -9999.0 -9999.0 -9999.0 -9999.0 -9999.0 -9999.0 10.101546 9.883750 9.095392 10.596743 20.537271 11.220565 11.703965 11.984722 12.981323 14.009314 16.425432 8.449813 11.696671 7.227912 2.409938 4.800543 3.568425 8.575727 10.291287 9.927321 8.745189 8.293051 7.733225 -9999.0 -9999.0 -9999.0 -9999.0 -9999.0 -9999.0 -9999.0 -9999.0 -9999.0 -9999.0 -9999.0 -9999.0 -9999.0 -9999.0 -9999.0 -9999.0 -9999.0 -9999.0 -9999.0 -9999.0 -9999.0 -9999.0 -9999.0 -9999.0 -9999.0 -9999.0 -9999.0
-9999.0 -9999.0 -9999.0 -9999.0 -9999.0 -9999.0 -9999.0 -9999.0 -9999.0 -9999.0 -9999.0 -9999.0 -9999.0 10.561556 10.652847 9.279313 9.052915 17.065424 20.622902 14.254281 11.086223 14.757961 9.861699 9.250130 11.358308 10.023627 11.167432 8.797155 8.805422 2.804690 2.257633 8.672052 8.375137 7.026306 7.684998 -9999.0 -9999.0 -9999.0 -9999.0 -9999.0 -9999.0 -9999.0 -9999.0 -9999.0 -9999.0 -9999.0 -9999.0 -9999.0 -9999.0 -9999.0 -9999.0 -9999.0 -9999.0 -9999.0 -9999.0 -9999.0 -9999.0 -9999.0 -9999.0 -9999.0 -9999.0 -9999.0 -9999.0
-9999.0 -9999.0 -9999.0 -9999.0 -9999.0 -9999.0 -9999.0 -9999.0 -9999.0 -9999.0 -9999.0 -9999.0 -9999.0 9.930756 12.250293 11.239093 8.292863 9.591326 20.387495 10.857465 14.849572 10.831974 8.045220 7.694003 10.982743 9.793521 10.296993 8.991576 10.072235 8.615088 8.652496 6.925127 7.119085 2.674076 7.135811 -9999.0 -9999.0 -9999.0 -9999.0 -9999.0 -9999.0 -9999.0 -9999.0 -9999.0 -9999.0 -9999.0 -9999.0 -9999.0 -9999.0 -9999.0 -9999.0 -9999.0 -9999.0 -9999.0 -9999.0 -9999.0 -9999.0 -9999.0 -9999.0 -9999.0 -9999.0 -9999.0 -9999.0
-9999.0 -9999.0 -9999.0 -9999.0 -9999.0 -9999.0 -9999.0 -9999.0 -9999.0 -9999.0 -9999.0 -9999.0 8.918636 11.553049 10.350018 8.296378 6.365303 8.516535 17.571562 10.625278 11.235024 8.005123 7.322499 4.142629 8.702980 9.754749 6.849631 9.569993 10.367180 8.713545 7.529773 9.362147 8.932881 7.022959 -9999.0 -9999.0 -9999.0 -9999.0 -9999.0 -9999.0 -9999.0 -9999.0 -9999.0 -9999.0 -9999.0 -9999.0 -9999.0 -9999.0 -9999.0 -9999.0 -9999.0 -9999.0 -9999.0 -9999.0 -9999.0 -9999.0 -9999.0 -9999.0 -9999.0 -9999.0 -9999.0 -9999.0 -9999.0
-9999.0 -9999.0 -9999.0 -9999.0 -9999.0 -9999.0 -9999.0 -9999.0 -9999.0 -9999.0 -9999.0 9.799080 7.549897 7.811870 7.224065 9.459585 5.811548 7.769406 17.347354 10.299931 8.483894 10.972901 10.592444 9.839290 6.733810 10.207032 8.731086 10.435177 10.108662 7.150597 9.614695 10.572189 8.987687 8.402286 9.047836 9.242670 12.379935 13.889229 13.973103 -9999.0 -9999.0 -9999.0 9.030949 -9999.0 -9999.0 -9999.0 -9999.0 -9999.0 -9999.0 -9999.0 -9999.0 -9999.0 -9999.0 -9999.0 -9999.0 -9999.0 -9999.0 -9999.0 -9999.0 -9999.0 -9999.0 -9999.0 -9999.0
-9999.0 -9999.0 -9999.0 -9999.0 -9999.0 -9999.0 -9999.0 -9999.0 -9999.0 -9999.0 -9999.0 8.890472 6.960819 7.508835 7.559634 8.727732 8.871343 9.010899 17.272912 14.200248 14.377367 12.035490 10.752034 4.214172 1.799888 10.006762 10.284628 11.128402 9.938224 7.846573 10.320445 10.588706 10.793822 9.696687 10.575404 12.144435 16.379165 15.838717 14.046304 11.554539 11.742558 10.957455 11.668169 9.366267 -9999.0 -9999.0 -9999.0 8.508556 9.322597 9.539621 10.003009 8.906074 8.812968 9.177497 9.314103 8.738568 -9999.0 -9999.0 -9999.0 -9999.0 -9999.0 -9999.0 -9999.0
-9999.0 -9999.0 -9999.0 -9999.0 -9999.0 -9999.0 -9999.0 -9999.0 -9999.0 -9999.0 -9999.0 9.760024 9.139193 2.599235 9.480690 9.113367 2.965115 5.966841 14.184143 15.870247 7.653074 8.535318 2.309056 10.923649 9.668996 10.599430 5.965998 6.955580 9.216758 9.002183 9.280349 1.365014 12.510740 10.239123 11.749591 13.773640 10.789345 11.660527 17.647940 13.628904 14.135703 11.965132 12.963826 11.919205 9.990034 -9999.0 7.943334 9.753319 10.625379 11.633406 12.012230 11.737367 11.260094 10.719954 10.461001 10.448888 -9999.0 -9999.0 -9999.0 -9999.0 -9999.0 -9999.0 -9999.0
-9999.0 -9999.0 -9999.0 -9999.0 -9999.0 -9999.0 -9999.0 -9999.0 -9999.0 -9999.0 -9999.0 -9999.0 9.479720 2.152302 10.010509 10.119018 3.890494 6.380710 15.272374 16.113776 8.533391 9.261286 9.034609 6.499325 2.494049 1.469350 12.824489 10.214300 9.855662 10.035297 10.490170 5.654818 12.701144 11.081609 10.424299 12.513882 9.558952 12.022379 22.031266 13.537775 17.396539 15.309129 9.035516 13.564088 9.431533 9.826990 9.175867 9.940350 4.312188 8.677389 10.000736 7.609085 8.461511 1.579892 3.763021 10.064475 10.504601 -9999.0 -9999.0 -9999.0 -9999.0 -9999.0 -9999.0
-9999.0 -9999.0 -9999.0 -9999.0 -9999.0 -9999.0 -9999.0 -9999.0 -9999.0 -9999.0 -9999.0 3.870675 9.355802 9.413140 2.448155 2.406416 7.446527 6.391107 15.697654 10.257442 9.143429 7.880608 8.988101 1.715914 6.545637 9.144602 7.850808 9.553575 10.702716 10.027757 6.282335 8.250278 12.961149 10.618301 9.951145 11.909105 12.395135 10.829467 12.277466 19.166774 10.303777 11.349710 10.747086 10.417472 13.695338 9.678434 10.975086 10.608240 11.500814 10.151677 1.950930 9.761684 2.608539 3.122240 3.125285 8.794439 10.041943 -9999.0 -9999.0 -9999.0 -9999.0 -9999.0 -9999.0
-9999.0 -9999.0 -9999.0 -9999.0 -9999.0 -9999.0 -9999.0 -9999.0 -9999.0 -9999.0 11.036850 1.873943 10.255417 10.078585 10.805232 8.011592 7.671334 6.550627 9.829556 10.696169 15.596959 13.843063 6.817769 14.286272 9.757146 8.854273 1.238694 3.343829 11.524087 12.148446 9.009621 8.280796 10.878136 8.987924 9.629775 11.309026 13.728652 9.814345 8.928171 12.951312 12.533412 12.009003 18.928203 9.629584 9.386557 12.553566 11.186847 8.711960 9.546426 9.971843 4.465658 9.125332 3.174979 7.950869 9.359183 11.083043 10.800503 -9999.0 -9999.0 -9999.0 -9999.0 -9999.0 -9999.0
-9999.0 -9999.0 -9999.0 -9999.0 -9999.0 -9999.0 -9999.0 -9999.0 -9999.0 9.722352 10.403456 5.376776 7.708770 2.409137 5.780454 7.161683 1.786062 14.333090 10.116805 11.298307 16.976958 9.238843 8.859558 11.541738 10.259918 5.068948 1.586446 12.329418 9.417411 10.048453 10.464570 0.698592 8.394611 7.985843 9.047960 8.816853 11.787436 6.114203 8.290091 9.177895 8.664207 7.438703 7.285855 10.539829 9.647231 9.731919 15.768000 8.810826 9.037890 10.939973 1.369241 9.090842 7.137956 8.808937 9.743115 4.096897 3.801690 10.511206 10.024884 -9999.0 -9999.0 -9999.0 -9999.0
-9999.0 -9999.0 -9999.0 -9999.0 -9999.0 -9999.0 -9999.0 -9999.0 -9999.0 9.243627 9.493557 10.263736 13.852703 8.898998 6.368737 1.912993 12.663179 10.123089 11.043913 18.820661 18.580283 18.309803 15.581348 13.733272 0.889506 6.915818 6.702337 10.342604 11.706338 13.891989 12.557740 1.331949 10.033593 9.659579 10.113484 12.057448 12.283936 13.733395 11.138853 13.087730 7.704948 1.741413 9.356438 10.887526 10.564942 12.781914 12.506515 11.663985 11.031820 10.836297 2.847412 3.385584 8.706922 10.072315 9.648875 3.577771 4.882286 3.323776 12.207950 -9999.0 -9999.0 -9999.0 -9999.0
-9999.0 -9999.0 -9999.0 -9999.0 -9999.0 -9999.0 -9999.0 -9999.0 -9999.0 -9999.0 9.964197 10.930473 8.357432 7.598725 10.018564 8.865767 9.380356 11.706749 12.016663 14.320525 17.841329 10.426171 8.417198 1.225367 7.102858 10.458228 11.637551 12.076052 12.621230 0.911653 4.860923 5.763782 2.621288 9.670024 11.136347 11.858945 13.408396 13.279806 11.547315 9.604825 9.637801 13.420922 13.226708 8.898870 7.945597 8.641777 9.677240 16.157462 13.365368 11.021834 6.806612 7.985116 9.581778 9.886008 9.673375 10.555778 12.231439 11.285542 11.497363 11.557348 -9999.0 -9999.0 -9999.0
-9999.0 -9999.0 -9999.0 -9999.0 -9999.0 -9999.0 -9999.0 -9999.0 -9999.0 -9999.0 9.991802 10.494561 11.070804 9.004515 16.343095 8.845163 8.638976 10.662610 13.055435 14.737998 11.698483 10.042126 8.571615 8.474563 10.264358 12.215150 12.945132 8.790033 1.054221 1.630887 9.810447 11.263552 3.950194 9.138906 9.711708 10.843448 8.879825 8.711576 1.717261 9.193329 10.377724 11.300918 7.324426 10.654525 11.787071 6.923051 9.266408 8.486135 10.748901 13.529489 11.370871 1.913470 4.619055 10.246866 9.697419 10.063914 10.499327 10.007029 11.768788 14.012629 -9999.0 -9999.0 -9999.0
-9999.0 -9999.0 -9999.0 -9999.0 -9999.0 -9999.0 -9999.0 -9999.0 11.532287 10.686326 10.507868 10.928265 6.772844 7.050570 7.384382 10.453890 11.231364 19.164773 15.390370 15.376791 13.350181 12.488050 11.517214 9.936606 11.954259 11.572018 15.231902 7.221688 6.392354 2.762531 8.908581 9.868424 10.126288 9.996199 10.159401 9.829111 12.804620 8.677973 3.058530 9.605155 9.183884 10.855235 3.595521 9.373885 12.190780 13.006338 1.140966 8.539523 9.036883 13.547985 11.969433 8.915972 3.938346 3.731158 10.068728 12.769717 12.622557 14.775251 12.928930 13.375109 -9999.0 -9999.0 -9999.0
-9999.0 -9999.0 -9999.0 -9999.0 -9999.0 -9999.0 -9999.0 -9999.0 5.454533 5.633316 1.383279 10.044351 10.594763 8.970824 7.218106 9.125242 10.245303 10.839493 13.610487 16.061214 23.085625 20.936288 19.265386 18.268594 12.225164 12.020074 9.818680 9.225278 1.981588 10.303339 10.387281 9.706467 10.455456 9.639819 10.707881 11.321610 13.432719 9.450779 1.430952 10.231674 9.350842 8.556049 8.956178 11.157272 12.562425 1.393383 3.656649 11.460502 9.680302 10.984919 13.988915 11.298839 1.182744 12.932348 13.992302 11.085208 11.107941 12.420328 14.691349 17.089262 17.642960 -9999.0 -9999.0
-9999.0 -9999.0 -9999.0 -9999.0 -9999.0 -9999.0 -9999.0 -9999.0 10.270305 12.087307 11.120465 2.264144 11.978217 0.804728 7.844930 7.804606 9.809643 13.510910 13.918056 22.577392 16.601787 21.570784 21.347971 15.673377 19.931848 11.541283 9.199429 1.046885 3.821211 10.902254 9.983799 12.169478 3.367725 4.135337 11.802505 12.898960 0.972698 9.256341 0.942509 2.218951 9.952946 9.497517 10.589707 11.368488 3.181340 11.107761 9.555300 11.777640 3.984063 9.748988 13.156353 13.135882 1.184088 1.240879 12.879992 13.554836 14.424218 15.110739 16.794939 16.387629 17.269640 -9999.0 -9999.0
-9999.0 -9999.0 -9999.0 -9999.0 -9999.0 -9999.0 -9999.0 -9999.0 8.475351 11.623372 9.398192 4.194029 12.198042 6.377213 8.445017 10.203220 12.560559 14.148260 17.640104 14.075118 16.157662 16.721838 21.896524 21.303011 12.743531 10.320224 8.041081 5.042614 13.052428 9.199923 6.616144 6.594346 9.682709 9.576153 0.671663 13.104341 14.094434 10.096928 7.433348 1.749435 10.025954 10.702076 11.080673 10.117991 11.011810 10.010731 12.110133 12.152679 13.851843 10.441848 11.222684 13.968555 14.254769 13.743263 15.152256 15.719364 16.344936 14.754718 15.586737 17.181026 15.764882 12.435032 -9999.0
-9999.0 -9999.0 -9999.0 -9999.0 -9999.0 -9999.0 -9999.0 -9999.0 10.318522 11.670815 9.811038 7.673708 8.775767 9.436308 16.078722 14.095392 16.639038 11.350728 10.042987 11.639728 13.695185 16.614916 16.820553 16.846176 19.069307 10.114601 7.739163 10.448308 11.342595 10.610182 7.302527 10.265861 11.496335 10.266076 9.248571 9.713394 10.587573 11.270248 10.325819 10.113514 8.721152 0.945174 9.819033 9.275014 3.607494 12.628419 9.288526 10.650672 10.871269 13.038821 14.792730 14.013630 14.664389 16.851241 16.922271 16.877359 17.479104 17.277401 16.734939 15.831554 13.222845 11.475607 -9999.0
-9999.0 -9999.0 11.217970 11.669532 1.565342 1.741178 8.131252 3.340724 11.170224 11.455635 9.309960 9.639029 9.753821 12.693724 18.819388 12.927697 9.374679 7.575063 9.677812 9.934881 12.042106 14.561608 16.414675 15.594743 15.146512 11.827307 10.170453 10.051352 11.138136 15.377129 8.622216 9.036854 15.673877 9.564803 11.964412 10.151679 13.505782 12.591489 11.281386 9.334109 11.442106 11.776261 9.881259 11.289836 7.840272 10.299201 11.919894 10.324770 14.018354 15.560588 16.992405 17.587603 17.486873 17.605244 17.504965 22.965145 16.231474 15.819905 14.736384 12.667815 16.014169 10.216760 -9999.0
-9999.0 8.439056 8.317060 7.910261 1.715415 8.626817 8.008047 3.140353 2.665537 10.809965 6.676928 8.706236 10.960386 16.881974 17.154620 9.234994 9.242287 6.002673 6.420567 10.049562 12.563340 13.518455 19.564622 14.982615 21.476595 15.512429 19.595755 19.702016 14.459188 13.549480 13.493979 12.930442 12.679014 17.085652 14.526329 15.356601 16.077252 14.539305 15.426381 14.744486 14.490202 14.036934 13.577083 11.037271 10.559494 11.297392 14.391227 13.688480 16.507627 15.672525 16.781582 16.657792 15.948934 15.958458 15.941108 15.201975 12.695089 12.289767 13.248408 15.177595 9.929810 9.852292 -9999.0
-9999.0 13.022180 9.417870 9.598229 14.573888 9.241499 1.215979 3.319973 11.088010 10.887536 1.612683 8.524157 11.015162 17.475868 9.937786 1.044796 1.526116 1.224723 10.623675 9.801515 16.029051 12.781975 14.148053 16.139658 22.614821 23.409423 15.129305 16.527526 15.919608 14.434845 14.618118 14.045558 13.971869 14.561405 19.644147 16.549751 23.737403 24.102205 17.532849 17.590870 16.949755 16.182830 15.170871 14.047770 14.610756 14.942298 16.710200 16.854409 16.225800 16.267648 14.907652 13.129544 12.894428 13.449368 12.750352 11.359177 11.258879 10.288361 9.723452 8.950928 8.842280 -9999.0 -9999.0
