user2019/resources/simulation/Vinschgau/output-maps/TsL0008N0170.asc
ncols         63
nrows         48
xllcorner     598000.000000
yllcorner     5145000.000000
cellsize      1000.000000
NODATA_value  -9999.0
[rows 0 to 27 of 48, columns 0 to 61 of 63]
-9999.0 -9999.0 -9999.0 -9999.0 -9999.0 -9999.0 -9999.0 -9999.0 -9999.0 -9999.0 -9999.0 -9999.0 -9999.0 -9999.0 -9999.0 -9999.0 -9999.0 -9999.0 -9999.0 -9999.0 -9999.0 -9999.0 -9999.0 -9999.0 -9999.0 -9999.0 -9999.0 -9999.0 -9999.0 -9999.0 -9999.0 -9999.0 -9999.0 -9999.0 -9999.0 -9999.0 -9999.0 -9999.0 -9999.0 -9999.0 -9999.0 -9999.0 -9999.0 -9999.0 -9999.0 -9999.0 -9999.0 -9999.0 -9999.0 -9999.0 -9999.0 -9999.0 -9999.0 -9999.0 -9999.0 -9999.0 -9999.0 -9999.0 -9999.0 -9999.0 -9999.0 -9999.0
-9999.0 -9999.0 -9999.0 -9999.0 -9999.0 -9999.0 -9999.0 -9999.0 -9999.0 -9999.0 -9999.0 -9999.0 -9999.0 -9999.0 -9999.0 -9999.0 -9999.0 -9999.0 -9999.0 -9999.0 -9999.0 -9999.0 -9999.0 -9999.0 -9999.0 -9999.0 -9999.0 -2.728498 -3.034983 -4.017592 -3.961724 -4.864703 -5.128564 -9999.0 -9999.0 -9999.0 -9999.0 -9999.0 -9999.0 -9999.0 -9999.0 -9999.0 -9999.0 -9999.0 -9999.0 -9999.0 -9999.0 -9999.0 -9999.0 -9999.0 -9999.0 -9999.0 -9999.0 -9999.0 -9999.0 -9999.0 -9999.0 -9999.0 -9999.0 -9999.0 -9999.0 -9999.0
-9999.0 -9999.0 -9999.0 -9999.0 -9999.0 -9999.0 -9999.0 -9999.0 -9999.0 -9999.0 -9999.0 -9999.0 -9999.0 -9999.0 -9999.0 -9999.0 -9999.0 -9999.0 -9999.0 -9999.0 -9999.0 -9999.0 -9999.0 -9999.0 -0.007807 -1.858629 -3.076995 -3.238024 -2.797745 -3.667082 -3.244614 -9999.0 -9999.0 -9999.0 -9999.0 -9999.0 -9999.0 -9999.0 -9999.0 -9999.0 -9999.0 -9999.0 -9999.0 -9999.0 -9999.0 -9999.0 -9999.0 -9999.0 -9999.0 -9999.0 -9999.0 -9999.0 -9999.0 -9999.0 -9999.0 -9999.0 -9999.0 -9999.0 -9999.0 -9999.0 -9999.0 -9999.0
-9999.0 -9999.0 -9999.0 -9999.0 -9999.0 -9999.0 -9999.0 -9999.0 -9999.0 -9999.0 -9999.0 -9999.0 -9999.0 -9999.0 -9999.0 -9999.0 -9999.0 -9999.0 -9999.0 -9999.0 -9999.0 -9999.0 -9999.0 -1.038633 -0.313743 -0.001955 -0.002010 -0.002345 -0.851357 -4.583333 -4.113269 -2.138000 -9999.0 -9999.0 -9999.0 -9999.0 -9999.0 -9999.0 -9999.0 -9999.0 -9999.0 -9999.0 -9999.0 -9999.0 -9999.0 -9999.0 -9999.0 -9999.0 -9999.0 -9999.0 -9999.0 -9999.0 -9999.0 -9999.0 -9999.0 -9999.0 -9999.0 -9999.0 -9999.0 -9999.0 -9999.0 -9999.0
-9999.0 -9999.0 -9999.0 -9999.0 -9999.0 -9999.0 -9999.0 -9999.0 -9999.0 -9999.0 -9999.0 -9999.0 -9999.0 -9999.0 -9999.0 -9999.0 -9999.0 -9999.0 -0.001825 -0.002024 -9999.0 -0.020598 -0.018444 -0.002009 -0.002008 -6.516425 -0.004720 -0.004234 -0.001796 -0.019802 -4.735512 -3.678805 -5.145329 -5.832596 -9999.0 -9999.0 -9999.0 -9999.0 -9999.0 -9999.0 -9999.0 -9999.0 -9999.0 -9999.0 -9999.0 -9999.0 -9999.0 -9999.0 -9999.0 -9999.0 -9999.0 -9999.0 -9999.0 -9999.0 -9999.0 -9999.0 -9999.0 -9999.0 -9999.0 -9999.0 -9999.0 -9999.0
-9999.0 -9999.0 -9999.0 -9999.0 -9999.0 -9999.0 -9999.0 -9999.0 -9999.0 -9999.0 -9999.0 -9999.0 -9999.0 -9999.0 -9999.0 -9999.0 -9999.0 -0.010679 -4.422361 -3.112944 -2.336485 -0.002251 -0.003670 -2.340960 -0.001871 -2.809196 -1.340469 -0.008570 -2.079769 -0.005421 -0.580163 -4.624486 -5.178908 -5.644230 -4.594519 -6.038643 -9999.0 -9999.0 -9999.0 -9999.0 -9999.0 -9999.0 -9999.0 -9999.0 -9999.0 -9999.0 -9999.0 -9999.0 -9999.0 -9999.0 -9999.0 -9999.0 -9999.0 -9999.0 -9999.0 -9999.0 -9999.0 -9999.0 -9999.0 -9999.0 -9999.0 -9999.0
-9999.0 -9999.0 -9999.0 -9999.0 -9999.0 -9999.0 -9999.0 -9999.0 -9999.0 -9999.0 -9999.0 -9999.0 -9999.0 -0.952795 -0.002355 -0.002405 -0.003260 -3.721761 -0.012157 -0.004157 -0.002010 -0.002009 -3.488255 -0.002661 -3.355594 -2.358153 -3.369839 -1.914979 -2.596825 -0.027117 -0.352808 -2.788631 -3.869487 -6.129434 -6.701560 -6.758259 -9999.0 -9999.0 -9999.0 -9999.0 -9999.0 -9999.0 -9999.0 -9999.0 -9999.0 -9999.0 -9999.0 -9999.0 -9999.0 -9999.0 -9999.0 -9999.0 -9999.0 -9999.0 -9999.0 -9999.0 -9999.0 -9999.0 -9999.0 -9999.0 -9999.0 -9999.0
-9999.0 -9999.0 -9999.0 -9999.0 -9999.0 -9999.0 -9999.0 -9999.0 -9999.0 -9999.0 -9999.0 -9999.0 -9999.0 -0.003403 -0.002008 -0.002210 -0.002204 -0.001831 -4.179032 -5.239464 -6.689388 -3.092799 -0.004602 -0.700405 -0.031961 -1.894713 -3.362491 -5.181003 -5.430655 -3.174588 -1.205022 -5.848064 -6.698628 -7.226138 -7.174401 -9999.0 -9999.0 -9999.0 -9999.0 -9999.0 -9999.0 -9999.0 -9999.0 -9999.0 -9999.0 -9999.0 -9999.0 -9999.0 -9999.0 -9999.0 -9999.0 -9999.0 -9999.0 -9999.0 -9999.0 -9999.0 -9999.0 -9999.0 -9999.0 -9999.0 -9999.0 -9999.0
-9999.0 -9999.0 -9999.0 -9999.0 -9999.0 -9999.0 -9999.0 -9999.0 -9999.0 -9999.0 -9999.0 -9999.0 -9999.0 -0.002207 -0.002008 -0.001901 -0.002196 -0.002502 -4.107808 -0.003630 -0.002786 -3.837898 -0.450638 -0.103929 -0.005826 -0.002950 -3.411361 -5.253745 -3.412332 -6.048058 -5.524524 -6.900889 -6.953804 -7.427681 -7.514620 -9999.0 -9999.0 -9999.0 -9999.0 -9999.0 -9999.0 -9999.0 -9999.0 -9999.0 -9999.0 -9999.0 -9999.0 -9999.0 -9999.0 -9999.0 -9999.0 -9999.0 -9999.0 -9999.0 -9999.0 -9999.0 -9999.0 -9999.0 -9999.0 -9999.0 -9999.0 -9999.0
-9999.0 -9999.0 -9999.0 -9999.0 -9999.0 -9999.0 -9999.0 -9999.0 -9999.0 -9999.0 -9999.0 -9999.0 -0.003608 -0.002008 -0.002008 -2.278045 -0.002085 -0.002183 -0.001762 -5.298279 -0.005663 -1.340384 -1.689579 -0.019951 -0.002333 -4.679183 -0.020258 -2.098297 -3.727064 -5.572774 -5.685453 -4.798132 -5.449665 -6.672432 -9999.0 -9999.0 -9999.0 -9999.0 -9999.0 -9999.0 -9999.0 -9999.0 -9999.0 -9999.0 -9999.0 -9999.0 -9999.0 -9999.0 -9999.0 -9999.0 -9999.0 -9999.0 -9999.0 -9999.0 -9999.0 -9999.0 -9999.0 -9999.0 -9999.0 -9999.0 -9999.0 -9999.0
-9999.0 -9999.0 -9999.0 -9999.0 -9999.0 -9999.0 -9999.0 -9999.0 -9999.0 -9999.0 -9999.0 -0.005998 -0.015535 -0.001956 -1.407887 -1.059927 -3.753531 -0.002173 -0.001378 -4.982382 -3.598656 -0.002014 -1.582703 -3.474422 -1.880341 -2.113193 -4.870607 -2.009677 -2.373036 -6.101304 -3.740031 -4.781273 -5.339190 -7.379810 -7.772816 -9.386284 -11.007989 -11.888922 -11.793694 -9999.0 -9999.0 -9999.0 -7.745165 -9999.0 -9999.0 -9999.0 -9999.0 -9999.0 -9999.0 -9999.0 -9999.0 -9999.0 -9999.0 -9999.0 -9999.0 -9999.0 -9999.0 -9999.0 -9999.0 -9999.0 -9999.0 -9999.0
-9999.0 -9999.0 -9999.0 -9999.0 -9999.0 -9999.0 -9999.0 -9999.0 -9999.0 -9999.0 -9999.0 -0.325617 -0.010286 -0.004221 -0.003314 -2.399891 -0.002978 -0.109766 -0.001618 -0.001659 -0.002008 -0.002009 -0.119822 -1.488487 -1.447177 -3.131677 -2.731012 -2.864822 -3.003847 -5.305475 -4.461855 -5.428431 -6.713692 -5.473259 -8.154679 -9.867215 -11.130077 -10.509462 -11.829761 -13.767817 -12.837460 -10.279000 -8.156793 -6.567075 -9999.0 -9999.0 -9999.0 -0.002790 -0.004042 -0.011081 -0.002575 -0.005666 -0.005728 -0.002060 -0.001951 -0.006371 -9999.0 -9999.0 -9999.0 -9999.0 -9999.0 -9999.0
-9999.0 -9999.0 -9999.0 -9999.0 -9999.0 -9999.0 -9999.0 -9999.0 -9999.0 -9999.0 -9999.0 -0.038340 -0.198866 -3.218185 -0.002299 -2.360020 -0.006096 -0.029487 -0.002840 -0.001880 -0.002841 -0.011099 -0.014789 -0.291639 -3.728204 -3.626704 -1.812058 -2.872766 -4.533924 -3.471645 -5.425451 -5.175019 -5.730941 -6.704905 -8.836498 -11.524677 -8.834761 -5.914339 -5.503038 -10.070592 -11.976101 -11.898014 -8.193908 -7.158377 -3.608113 -9999.0 -2.967042 -0.006788 -0.003498 -0.002213 -0.004757 -0.039950 -0.002008 -0.000997 -0.000711 -0.002008 -9999.0 -9999.0 -9999.0 -9999.0 -9999.0 -9999.0
-9999.0 -9999.0 -9999.0 -9999.0 -9999.0 -9999.0 -9999.0 -9999.0 -9999.0 -9999.0 -9999.0 -9999.0 -0.017831 -0.002407 -0.002021 -0.003452 -0.427248 -0.242054 -0.001864 -0.001672 -0.147119 -0.007708 -0.004279 -0.009838 -2.700100 -0.902111 -0.002009 -4.139045 -3.340606 -3.389353 -3.321533 -4.848483 -5.671775 -6.089358 -8.000382 -10.782486 -9.045430 -6.903221 -5.193165 -8.391060 -11.356066 -11.197768 -9.617989 -2.101016 -5.738830 -1.551404 -1.431484 -0.008642 -0.065213 -1.337078 -0.002148 -0.002258 -0.002703 -0.002021 -0.004710 -0.004870 -0.002019 -9999.0 -9999.0 -9999.0 -9999.0 -9999.0
-9999.0 -9999.0 -9999.0 -9999.0 -9999.0 -9999.0 -9999.0 -9999.0 -9999.0 -9999.0 -9999.0 -0.002344 -0.997904 -1.580270 -0.004176 -0.003897 -0.003934 -1.692360 -0.002008 -0.007521 -3.067950 -0.002175 -0.003517 -2.123585 -0.045976 -0.002737 -0.002620 -3.944962 -2.927954 -3.692153 -3.730286 -4.115705 -3.642292 -5.706670 -8.366286 -10.226072 -13.561880 -8.318117 -2.841291 -7.343346 -10.318610 -8.696426 -8.858111 -8.714784 -0.154415 -1.431230 -0.021805 -1.988258 -0.072717 -4.366495 -2.025517 -1.532314 -0.019158 -2.768043 -1.791450 -2.611664 -0.004560 -9999.0 -9999.0 -9999.0 -9999.0 -9999.0
-9999.0 -9999.0 -9999.0 -9999.0 -9999.0 -9999.0 -9999.0 -9999.0 -9999.0 -9999.0 -0.002029 -0.004529 -0.002206 -0.638040 -0.002017 -0.003189 -1.605090 -0.018795 -0.002195 -0.003590 -0.000948 -0.002595 -0.024670 -0.002010 -0.003084 -0.002190 -2.720768 -4.876773 -0.959552 -0.005142 -0.872185 -2.560672 -3.618621 -5.832988 -8.307283 -9.070459 -11.314273 -9.198744 -6.498211 -5.590471 -5.687690 -9.249199 -8.047150 -0.485878 -3.687822 -5.211720 -0.013982 -3.817102 -0.322917 -1.768646 -1.840628 -2.635695 -2.394947 -2.820744 -2.350982 -0.002009 -0.002009 -9999.0 -9999.0 -9999.0 -9999.0 -9999.0
-9999.0 -9999.0 -9999.0 -9999.0 -9999.0 -9999.0 -9999.0 -9999.0 -9999.0 -1.487763 -0.002034 -0.002037 -0.003319 -0.008335 -0.002022 -0.740755 -0.678187 -0.002011 -2.937460 -0.007493 -0.001896 -0.847716 -1.681068 -0.015485 -0.002108 -3.204856 -3.631338 -0.003296 -0.400756 -0.007726 -4.988398 -4.576341 -6.387872 -6.795729 -6.989567 -8.084924 -7.534194 -9.005532 -9.016713 -9.702896 -6.334783 -5.973563 -5.976179 -4.219013 -8.204486 -5.128875 -0.002649 -3.441777 -2.328029 -0.001984 -1.829015 -0.008519 -3.036488 -1.390448 -0.008504 -0.003799 -0.002016 -0.002334 -0.002679 -9999.0 -9999.0 -9999.0
-9999.0 -9999.0 -9999.0 -9999.0 -9999.0 -9999.0 -9999.0 -9999.0 -9999.0 -1.727527 -1.108998 -1.313791 -0.002008 -0.003543 -0.002921 -0.003803 -0.002009 -0.009200 -4.787017 -0.001966 -0.001958 -5.827145 -0.002026 -0.002271 -2.739181 -1.145535 -0.006480 -0.004703 -5.405635 -0.004362 -3.323201 -5.287892 -4.188898 -3.269699 -5.256533 -7.115406 -7.870383 -7.732915 -7.026858 -5.312198 -0.014668 -5.034021 -3.930779 -5.727884 -0.006153 -6.010788 -6.861891 -6.367655 -0.031863 -2.277234 -0.834665 -0.023011 -1.214200 -0.227079 -2.235244 -0.002024 -0.002020 -0.002017 -0.002541 -9999.0 -9999.0 -9999.0
-9999.0 -9999.0 -9999.0 -9999.0 -9999.0 -9999.0 -9999.0 -9999.0 -9999.0 -9999.0 -1.118501 -1.249949 -0.081035 -0.003203 -1.208964 -0.002519 -0.002170 -0.002191 -3.154807 -0.003824 -0.001790 -2.841316 -0.002189 -0.005693 -1.017463 -0.006707 -6.060345 -7.160636 -2.312848 -2.305303 -3.240741 -0.003082 -3.936757 -4.366172 -3.851663 -3.031057 -2.317255 -4.580714 -6.126280 -5.650885 -5.943766 -1.880547 -2.963244 -2.156512 -4.853892 -6.712749 -4.564907 -0.001870 -6.365799 -4.868091 -1.840746 -0.020446 -0.005306 -0.912421 -0.005713 -0.907089 -0.003321 -0.003928 -0.002169 -0.002010 -9999.0 -9999.0
-9999.0 -9999.0 -9999.0 -9999.0 -9999.0 -9999.0 -9999.0 -9999.0 -9999.0 -9999.0 -1.172059 -1.161243 -0.011546 -0.002598 -0.000987 -0.007195 -0.025869 -0.002857 -2.219552 -0.003836 -3.394982 -1.588022 -0.003332 -0.005662 -0.005213 -7.079314 -4.739449 -0.970035 -2.076017 -4.346522 -4.089026 -0.031515 -4.693757 -4.159445 -4.260780 -3.138558 -4.524066 -4.886370 -5.303413 -3.852074 -1.337712 -1.982583 -0.444670 -3.392006 -0.002049 -0.842368 -0.005703 -3.478528 -4.950000 -6.345159 -4.339371 -0.005965 -0.002381 -0.005371 -0.032471 -0.003871 -0.745838 -0.002013 -5.526329 -0.001728 -9999.0 -9999.0
-9999.0 -9999.0 -9999.0 -9999.0 -9999.0 -9999.0 -9999.0 -9999.0 -0.002104 -0.004554 -2.150127 -0.010187 -0.132293 -0.439592 -0.003259 -0.002907 -5.204662 -4.144976 -0.002653 -0.002968 -2.486517 -3.585285 -6.133903 -2.716931 -2.409092 -4.114632 -0.001858 -1.851703 -0.125621 -2.816210 -5.476937 -3.662130 -2.705067 -2.115410 -0.474295 -4.709706 -0.052461 -3.755538 -4.928948 -2.179580 -3.572706 -2.095310 -4.072651 -4.472286 -0.588955 -0.002351 -2.282745 -0.002316 -3.134331 -0.002163 -0.003985 -0.191162 -0.002031 -0.007962 -0.003979 -0.001111 -0.002565 -0.002009 -1.647419 -5.085526 -9999.0 -9999.0
-9999.0 -9999.0 -9999.0 -9999.0 -9999.0 -9999.0 -9999.0 -9999.0 -2.118338 -0.002867 -2.579469 -2.840169 -1.507804 -0.009589 -0.003478 -0.008528 -0.002453 -0.003388 -2.382407 -0.002442 -0.002474 -0.003720 -3.702503 -6.333909 -3.942595 -3.224651 -0.002715 -1.411406 -3.845738 -0.957835 -0.749650 -3.185487 -0.041123 -1.438393 -0.003306 -0.003772 -1.174128 -1.696857 -3.039001 -0.009579 -2.456410 -4.596893 -3.741764 -0.003874 -0.004662 -0.003829 -2.688040 -1.816248 -0.084104 -0.007459 -5.636092 -0.005511 -0.002822 -0.001636 -0.019640 -2.130319 -0.006858 -0.434686 -6.145783 -0.000071 -0.000053 -9999.0
-9999.0 -9999.0 -9999.0 -9999.0 -9999.0 -9999.0 -9999.0 -9999.0 -1.655231 -0.294548 -0.002622 -2.340210 -0.012065 -2.912039 -0.002018 -1.834589 -6.276047 -2.840757 -2.388399 -0.002429 -0.002110 -0.003388 -0.013405 -0.067385 -0.003481 -4.403081 -0.020213 -1.926143 -5.405304 -2.583578 -2.833305 -0.006318 -2.606626 -3.862280 -0.002208 -0.003447 -0.014744 -3.347413 -2.165155 -0.429589 -0.026409 -0.513704 -0.002157 -0.010352 -0.018714 -0.148218 -0.008147 -0.002015 -0.005495 -1.949194 -0.002161 -3.000601 -1.711514 -1.514645 -3.579892 -0.021139 -5.602361 -5.352347 -2.344105 -0.000630 -0.000054 -9999.0
-9999.0 -9999.0 -9999.0 -9999.0 -9999.0 -9999.0 -9999.0 -9999.0 -4.257302 -0.238662 -0.002031 -3.739595 -0.002015 -0.002015 -0.016610 -5.830043 -3.475098 -2.293579 -0.004366 -0.004225 -0.003255 -0.000477 -0.000183 -0.001654 -0.002121 -0.002116 -0.002106 -3.071058 -0.002013 -0.006972 -2.715845 -2.223405 -1.735644 -0.008928 -1.660138 -0.021625 -0.313576 -0.002916 -2.976294 -1.704357 -0.004898 -0.002912 -0.002658 -2.069248 -0.002019 -0.009584 -0.002023 -0.015131 -0.002014 -2.014216 -0.002232 -3.774894 -5.773352 -0.001774 -6.234805 -6.129465 -3.818872 -0.002173 -0.000033 -0.000053 -0.002340 -0.001658
-9999.0 -9999.0 -9999.0 -9999.0 -9999.0 -9999.0 -9999.0 -9999.0 -0.095351 -0.004762 -0.002015 -0.002692 -0.002539 -2.269475 -0.002974 -0.010601 -0.001459 -3.312603 -0.003054 -0.006075 -2.268687 -0.000570 -0.000574 -0.002411 -2.707543 -0.002168 -0.445364 -0.002481 -0.003427 -0.002446 -0.774211 -0.002012 -5.381424 -0.002465 -2.554421 -1.796452 -0.907215 -0.002198 -4.791733 -0.467753 -2.557467 -2.323872 -1.008013 -2.359461 -1.897631 -0.003359 -2.023172 -0.018621 -0.030123 -4.933603 -5.931316 -7.071839 -3.791364 -5.189185 -4.088671 -0.001876 -0.000549 -0.000478 -0.000571 -3.381500 -5.621507 -0.001521
-9999.0 -9999.0 -1.347121 -0.005443 -0.007199 -0.052876 -0.004247 -0.795231 -0.010692 -0.003582 -0.006130 -0.001678 -0.003747 -0.002017 -2.966026 -0.001381 -3.343844 -0.140808 -0.014966 -0.002170 -0.005488 -0.468053 -0.000607 -0.003389 -0.003720 -6.099705 -0.005770 -2.108936 -6.731159 -0.002015 -0.003566 -0.002132 -0.001741 -3.565813 -2.454151 -2.325958 -2.244869 -0.007970 -3.350961 -0.372827 -1.219635 -3.877444 -5.905373 -0.003614 -0.575041 -0.015524 -3.534159 -0.002375 -6.344723 -4.070663 -3.997094 -0.001460 -0.000558 -0.000570 -0.000487 -0.000921 -0.002002 -0.003681 -4.917536 -5.413735 -0.001081 -0.000709
-9999.0 -0.002792 -0.002860 -0.003027 -0.006483 -0.002061 -0.007861 -0.012299 -0.016863 -0.167902 -0.006289 -0.002055 -0.001151 0.004018 0.000234 -0.002177 -0.011508 -0.009285 -0.002024 -0.002966 -0.747685 -4.406832 -0.002386 -0.000685 -0.007006 -4.149529 -2.321925 -1.901612 -5.147603 -2.826537 -5.824881 -2.934208 -0.045153 -0.003694 -4.261935 -0.003828 -4.202645 -4.057342 -0.002099 -0.002604 -4.331201 -5.371597 -5.570348 -3.946737 -4.782473 -6.860744 -0.003960 -3.043909 -3.223858 -0.002409 -0.000491 -0.000396 -0.002376 -0.002653 -0.002667 -0.003758 -0.001791 -0.001763 -0.001530 -0.001732 -0.000574 -0.000580
-9999.0 -0.004237 -0.002016 -0.002013 -0.001099 -0.002014 -0.021248 -1.547015 -0.019954 -1.568202 -0.011650 -0.002096 -0.003093 0.001719 -1.828092 -0.015450 -0.059593 -0.662326 -0.002011 -0.006983 -0.001758 -0.002146 -0.006782 -0.002739 -0.002013 -0.000350 -0.002115 -0.000587 -0.000627 -3.170702 -2.460070 -2.655679 -3.390426 -0.004025 -0.001903 -0.002479 -0.000144 0.002790 -0.001738 -0.001771 -0.002031 -0.000957 -4.082467 -0.010086 -0.009582 -1.501067 -0.000080 0.002284 -0.000289 -0.000467 -0.021913 -3.369138 -0.001824 -1.195644 -0.007932 -0.001848 -0.002060 -0.002035 -0.002033 -0.001996 -0.001937 -9999.0
