user2019/resources/simulation/Vinschgau/output-maps/TsL0008N1009.asc
ncols         63
nrows         48
xllcorner     598000.000000
yllcorner     5145000.000000
cellsize      1000.000000
NODATA_value  -9999.0
[rows 0 to 27 of 48, columns 0 to 62 of 63]
-9999.0 -9999.0 -9999.0 -9999.0 -9999.0 -9999.0 -9999.0 -9999.0 -9999.0 -9999.0 -9999.0 -9999.0 -9999.0 -9999.0 -9999.0 -9999.0 -9999.0 -9999.0 -9999.0 -9999.0 -9999.0 -9999.0 -9999.0 -9999.0 -9999.0 -9999.0 -9999.0 -9999.0 -9999.0 -9999.0 -9999.0 -9999.0 -9999.0 -9999.0 -9999.0 -9999.0 -9999.0 -9999.0 -9999.0 -9999.0 -9999.0 -9999.0 -9999.0 -9999.0 -9999.0 -9999.0 -9999.0 -9999.0 -9999.0 -9999.0 -9999.0 -9999.0 -9999.0 -9999.0 -9999.0 -9999.0 -9999.0 -9999.0 -9999.0 -9999.0 -9999.0 -9999.0 -9999.0
-9999.0 -9999.0 -9999.0 -9999.0 -9999.0 -9999.0 -9999.0 -9999.0 -9999.0 -9999.0 -9999.0 -9999.0 -9999.0 -9999.0 -9999.0 -9999.0 -9999.0 -9999.0 -9999.0 -9999.0 -9999.0 -9999.0 -9999.0 -9999.0 -9999.0 -9999.0 -9999.0 -3.370647 -3.577048 -3.469108 -4.172265 -4.084992 -4.127191 -9999.0 -9999.0 -9999.0 -9999.0 -9999.0 -9999.0 -9999.0 -9999.0 -9999.0 -9999.0 -9999.0 -9999.0 -9999.0 -9999.0 -9999.0 -9999.0 -9999.0 -9999.0 -9999.0 -9999.0 -9999.0 -9999.0 -9999.0 -9999.0 -9999.0 -9999.0 -9999.0 -9999.0 -9999.0 -9999.0
-9999.0 -9999.0 -9999.0 -9999.0 -9999.0 -9999.0 -9999.0 -9999.0 -9999.0 -9999.0 -9999.0 -9999.0 -9999.0 -9999.0 -9999.0 -9999.0 -9999.0 -9999.0 -9999.0 -9999.0 -9999.0 -9999.0 -9999.0 -9999.0 -1.726573 -1.428435 -1.120419 -1.516780 -2.430848 -2.733787 -4.101292 -9999.0 -9999.0 -9999.0 -9999.0 -9999.0 -9999.0 -9999.0 -9999.0 -9999.0 -9999.0 -9999.0 -9999.0 -9999.0 -9999.0 -9999.0 -9999.0 -9999.0 -9999.0 -9999.0 -9999.0 -9999.0 -9999.0 -9999.0 -9999.0 -9999.0 -9999.0 -9999.0 -9999.0 -9999.0 -9999.0 -9999.0 -9999.0
-9999.0 -9999.0 -9999.0 -9999.0 -9999.0 -9999.0 -9999.0 -9999.0 -9999.0 -9999.0 -9999.0 -9999.0 -9999.0 -9999.0 -9999.0 -9999.0 -9999.0 -9999.0 -9999.0 -9999.0 -9999.0 -9999.0 -9999.0 -1.287658 -1.139279 0.570017 1.106278 1.701802 0.779778 -1.120364 -4.039966 -4.190845 -9999.0 -9999.0 -9999.0 -9999.0 -9999.0 -9999.0 -9999.0 -9999.0 -9999.0 -9999.0 -9999.0 -9999.0 -9999.0 -9999.0 -9999.0 -9999.0 -9999.0 -9999.0 -9999.0 -9999.0 -9999.0 -9999.0 -9999.0 -9999.0 -9999.0 -9999.0 -9999.0 -9999.0 -9999.0 -9999.0 -9999.0
-9999.0 -9999.0 -9999.0 -9999.0 -9999.0 -9999.0 -9999.0 -9999.0 -9999.0 -9999.0 -9999.0 -9999.0 -9999.0 -9999.0 -9999.0 -9999.0 -9999.0 -9999.0 0.860536 -1.101014 -9999.0 -0.989827 -1.127036 0.094476 0.729024 1.831389 -0.000972 -0.000756 0.246252 -0.002040 -1.502689 -3.956378 -4.127257 -5.378168 -9999.0 -9999.0 -9999.0 -9999.0 -9999.0 -9999.0 -9999.0 -9999.0 -9999.0 -9999.0 -9999.0 -9999.0 -9999.0 -9999.0 -9999.0 -9999.0 -9999.0 -9999.0 -9999.0 -9999.0 -9999.0 -9999.0 -9999.0 -9999.0 -9999.0 -9999.0 -9999.0 -9999.0 -9999.0
-9999.0 -9999.0 -9999.0 -9999.0 -9999.0 -9999.0 -9999.0 -9999.0 -9999.0 -9999.0 -9999.0 -9999.0 -9999.0 -9999.0 -9999.0 -9999.0 -9999.0 4.363001 2.947270 1.807504 -0.784880 -0.000983 -0.002034 -0.002309 0.235431 -0.002159 -0.278641 -0.001708 -0.002324 -0.000789 -1.034374 -1.285983 -2.730864 -3.217849 -4.620556 -5.431645 -9999.0 -9999.0 -9999.0 -9999.0 -9999.0 -9999.0 -9999.0 -9999.0 -9999.0 -9999.0 -9999.0 -9999.0 -9999.0 -9999.0 -9999.0 -9999.0 -9999.0 -9999.0 -9999.0 -9999.0 -9999.0 -9999.0 -9999.0 -9999.0 -9999.0 -9999.0 -9999.0
-9999.0 -9999.0 -9999.0 -9999.0 -9999.0 -9999.0 -9999.0 -9999.0 -9999.0 -9999.0 -9999.0 -9999.0 -9999.0 -0.237140 -0.001771 2.377003 3.921272 5.796051 3.978443 1.034059 0.641994 -0.002052 0.913265 0.312314 -0.001836 -0.837549 -1.669477 -2.515435 -0.953539 -0.001947 -1.708141 -2.164565 -1.920159 -3.890077 -3.757611 -5.626149 -9999.0 -9999.0 -9999.0 -9999.0 -9999.0 -9999.0 -9999.0 -9999.0 -9999.0 -9999.0 -9999.0 -9999.0 -9999.0 -9999.0 -9999.0 -9999.0 -9999.0 -9999.0 -9999.0 -9999.0 -9999.0 -9999.0 -9999.0 -9999.0 -9999.0 -9999.0 -9999.0
-9999.0 -9999.0 -9999.0 -9999.0 -9999.0 -9999.0 -9999.0 -9999.0 -9999.0 -9999.0 -9999.0 -9999.0 -9999.0 -0.001503 1.709690 3.165520 3.192168 4.290191 5.852106 2.060719 3.086368 1.795548 1.284701 0.143362 -0.001864 -0.003523 -2.223579 -3.380655 -3.866404 -1.140236 -2.406284 -3.727162 -3.998281 -8.110711 -4.899113 -9999.0 -9999.0 -9999.0 -9999.0 -9999.0 -9999.0 -9999.0 -9999.0 -9999.0 -9999.0 -9999.0 -9999.0 -9999.0 -9999.0 -9999.0 -9999.0 -9999.0 -9999.0 -9999.0 -9999.0 -9999.0 -9999.0 -9999.0 -9999.0 -9999.0 -9999.0 -9999.0 -9999.0
-9999.0 -9999.0 -9999.0 -9999.0 -9999.0 -9999.0 -9999.0 -9999.0 -9999.0 -9999.0 -9999.0 -9999.0 -9999.0 1.338810 1.628467 2.488713 2.679056 3.460194 6.093336 3.904498 2.332782 -0.002443 -0.002174 -0.002176 -0.001537 -0.001453 -2.484422 -4.008918 -4.262982 -7.112655 -3.968425 -8.690279 -8.993396 -11.543544 -5.933854 -9999.0 -9999.0 -9999.0 -9999.0 -9999.0 -9999.0 -9999.0 -9999.0 -9999.0 -9999.0 -9999.0 -9999.0 -9999.0 -9999.0 -9999.0 -9999.0 -9999.0 -9999.0 -9999.0 -9999.0 -9999.0 -9999.0 -9999.0 -9999.0 -9999.0 -9999.0 -9999.0 -9999.0
-9999.0 -9999.0 -9999.0 -9999.0 -9999.0 -9999.0 -9999.0 -9999.0 -9999.0 -9999.0 -9999.0 -9999.0 -0.002301 -0.000008 2.006496 0.025320 0.956208 2.945253 4.847920 3.220035 0.395139 -0.002029 -0.018564 -0.003788 -1.721063 -2.205856 -2.985182 -4.092675 -3.346732 -4.195915 -8.578069 -4.319475 -4.442305 -6.060779 -9999.0 -9999.0 -9999.0 -9999.0 -9999.0 -9999.0 -9999.0 -9999.0 -9999.0 -9999.0 -9999.0 -9999.0 -9999.0 -9999.0 -9999.0 -9999.0 -9999.0 -9999.0 -9999.0 -9999.0 -9999.0 -9999.0 -9999.0 -9999.0 -9999.0 -9999.0 -9999.0 -9999.0 -9999.0
-9999.0 -9999.0 -9999.0 -9999.0 -9999.0 -9999.0 -9999.0 -9999.0 -9999.0 -9999.0 -9999.0 -0.397904 1.269407 1.069061 1.318496 -0.000552 1.968383 3.044834 4.704797 2.910672 1.721288 -0.000634 -0.999499 -1.835745 -1.783303 -3.197702 -3.960661 -3.772773 -3.220860 -5.340461 -4.452532 -2.059568 -3.991458 -5.004093 -4.558447 -4.017862 -4.058542 -3.708286 -3.796973 -9999.0 -9999.0 -9999.0 -5.136878 -9999.0 -9999.0 -9999.0 -9999.0 -9999.0 -9999.0 -9999.0 -9999.0 -9999.0 -9999.0 -9999.0 -9999.0 -9999.0 -9999.0 -9999.0 -9999.0 -9999.0 -9999.0 -9999.0 -9999.0
-9999.0 -9999.0 -9999.0 -9999.0 -9999.0 -9999.0 -9999.0 -9999.0 -9999.0 -9999.0 -9999.0 -0.602583 1.482184 2.863760 2.676479 -0.120480 4.335014 3.873044 4.840382 3.260715 2.346851 -0.002337 -0.977875 -2.278955 -3.372259 -3.681481 -3.503362 -3.121153 -2.780668 -5.044581 -3.774299 -2.539780 -4.210520 -4.828366 -4.902328 -3.769111 -2.691770 -1.249077 -2.310701 -4.808768 -4.886444 -5.105805 -3.887719 -4.079906 -9999.0 -9999.0 -9999.0 -6.069345 -4.910648 -4.535151 -4.305570 -5.393459 -5.579277 -5.322742 -4.966832 -5.873735 -9999.0 -9999.0 -9999.0 -9999.0 -9999.0 -9999.0 -9999.0
-9999.0 -9999.0 -9999.0 -9999.0 -9999.0 -9999.0 -9999.0 -9999.0 -9999.0 -9999.0 -9999.0 -1.392908 -0.277440 -0.008311 -0.000597 -0.003151 0.224998 3.238096 3.925969 3.262295 1.541169 -0.002224 -1.170205 -1.668026 -3.406252 -2.999831 -1.365004 -3.291304 -3.735097 -4.801130 -3.857566 -3.807680 -3.038130 -4.262207 -4.185941 -2.911578 -2.920526 -2.515405 -1.028166 -3.611983 -3.605977 -4.019005 -3.018798 -3.636421 -4.314861 -9999.0 -6.043580 -4.486909 -3.929600 -2.224789 -1.734207 -2.672705 -3.077536 -3.970020 -4.176594 -4.243141 -9999.0 -9999.0 -9999.0 -9999.0 -9999.0 -9999.0 -9999.0
-9999.0 -9999.0 -9999.0 -9999.0 -9999.0 -9999.0 -9999.0 -9999.0 -9999.0 -9999.0 -9999.0 -9999.0 -1.073331 -0.000903 -0.003908 -0.002284 -0.002225 2.358695 4.469991 3.261669 1.424961 -0.002242 -0.425803 -2.003188 -2.674835 -1.500394 -1.253407 -2.107847 -4.064676 -4.106859 -3.755279 -3.557533 -1.750035 -4.259321 -4.257252 -3.535438 -2.627317 -2.353333 -0.002387 -1.656655 -2.261610 -1.864416 -2.929658 -0.951099 -3.977601 -4.426263 -4.866810 -4.205721 -2.649660 -1.298893 -0.000671 -3.425430 -3.358737 -4.099447 -4.246177 -4.149759 -4.295693 -9999.0 -9999.0 -9999.0 -9999.0 -9999.0 -9999.0
-9999.0 -9999.0 -9999.0 -9999.0 -9999.0 -9999.0 -9999.0 -9999.0 -9999.0 -9999.0 -9999.0 -0.003595 -1.138277 -0.874057 -1.283819 -0.001129 -0.000870 1.444422 3.953802 3.599326 1.927644 -0.002113 -0.001324 -1.439078 -1.344200 -2.111362 -0.003112 -3.930252 -4.137043 -2.800845 -1.473777 -2.717091 -2.101657 -4.098512 -4.709462 -3.772722 -2.801328 -1.299755 -0.004951 -0.238252 -1.192720 -0.002242 -1.374918 -0.887725 -1.157645 -3.850525 -3.494384 -2.627578 -1.900339 -0.006709 -3.613350 -3.843499 -5.631018 -6.381531 -7.280935 -8.293577 -4.204302 -9999.0 -9999.0 -9999.0 -9999.0 -9999.0 -9999.0
-9999.0 -9999.0 -9999.0 -9999.0 -9999.0 -9999.0 -9999.0 -9999.0 -9999.0 -9999.0 -1.129709 -1.856972 -1.128234 -1.270993 -0.005244 -0.002327 -0.003243 -0.002228 2.932457 3.226949 1.801536 0.520084 -0.570320 -0.254576 -0.001107 -1.850903 -2.042167 -4.736206 -1.584079 -0.942431 -2.168685 -2.259156 -0.910125 -3.998739 -5.794398 -3.841794 -1.978838 -1.189841 -0.159488 -0.001700 -0.001968 0.538240 2.294305 0.503381 -0.002024 -2.560506 -2.023494 -2.552275 -2.069395 -0.001031 -5.606851 -4.786848 -7.751137 -9.005393 -8.481002 -4.026000 -4.062615 -9999.0 -9999.0 -9999.0 -9999.0 -9999.0 -9999.0
-9999.0 -9999.0 -9999.0 -9999.0 -9999.0 -9999.0 -9999.0 -9999.0 -9999.0 -3.522044 -1.145687 -2.406736 -1.119638 -0.935873 -0.002329 -0.004788 -0.002183 -0.000426 2.684736 3.473389 2.110296 -0.003605 -0.002175 -0.001729 -0.000742 -1.471875 -2.857530 -0.905080 -1.155712 -0.001535 -0.000926 -1.669042 -3.466731 -8.140713 -4.903358 -3.983989 -2.815978 -1.677658 -1.209937 -0.352987 -0.405482 -0.311788 -0.462495 1.272644 0.550160 -0.005825 -0.009300 -0.955122 -0.933747 -0.000565 -1.984531 -4.306484 -9.879191 -6.806860 -5.443155 -5.618727 -4.756772 -3.907326 -5.053941 -9999.0 -9999.0 -9999.0 -9999.0
-9999.0 -9999.0 -9999.0 -9999.0 -9999.0 -9999.0 -9999.0 -9999.0 -9999.0 -3.797725 -3.302458 -0.866903 -0.000546 -0.001183 -0.003240 -0.900611 -0.003244 -0.001030 3.321621 3.019519 2.661399 2.095199 0.894172 -0.000460 -1.085176 -1.727192 -0.938955 -0.001139 -0.001061 -0.000575 -0.007389 -2.046289 -3.503008 -4.258204 -4.062893 -3.739246 -3.268063 -2.514138 -2.657411 -1.985832 -0.534484 -2.012025 -0.639981 -0.001115 1.811820 1.195067 0.872047 -0.002299 -0.002287 -0.000994 -2.916392 -5.741266 -6.588128 -5.576159 -4.326043 -6.610894 -4.555947 -3.845546 -2.977928 -9999.0 -9999.0 -9999.0 -9999.0
-9999.0 -9999.0 -9999.0 -9999.0 -9999.0 -9999.0 -9999.0 -9999.0 -9999.0 -9999.0 -3.860787 -2.381429 -0.002424 -0.000747 -0.002261 -0.002204 -0.001086 0.708322 4.241045 3.200491 2.735376 1.972415 -0.001759 -0.239914 -1.386892 -0.002015 -0.001127 -0.000666 -0.007913 -1.604568 -1.953395 -3.132426 -4.045579 -4.290657 -3.054466 -1.986971 -0.904069 -0.983614 -3.221434 -3.824933 -3.461586 -0.909443 -0.002827 -0.004173 -0.001458 -0.001768 0.753148 1.377379 1.554633 -0.002199 -1.869310 -4.356552 -5.559563 -6.454105 -5.743476 -4.133108 -2.984786 -1.976365 -1.697597 -0.001315 -9999.0 -9999.0 -9999.0
-9999.0 -9999.0 -9999.0 -9999.0 -9999.0 -9999.0 -9999.0 -9999.0 -9999.0 -9999.0 -4.108041 -2.140757 -0.991140 -0.002480 0.019419 -0.002907 -0.002499 1.830685 4.612243 4.396227 2.825820 0.601518 -0.002287 -0.009673 -0.002021 -0.001032 0.834707 -0.001932 -1.292219 -3.742143 -3.662795 -2.524556 -4.988844 -4.325032 -3.487711 -1.734060 -1.917453 -1.995732 -2.119801 -4.033530 -3.629752 -1.877755 -2.898178 -1.221867 -0.005271 -0.267727 -0.000847 -0.001477 2.118739 1.251189 -0.002383 -2.231824 -4.437756 -5.103878 -7.101029 -6.297372 -3.872783 -1.020964 1.168782 1.150060 -9999.0 -9999.0 -9999.0
-9999.0 -9999.0 -9999.0 -9999.0 -9999.0 -9999.0 -9999.0 -9999.0 -2.980526 -3.857855 -4.047485 -2.923734 -3.024773 -1.042650 -0.056798 1.067318 2.190865 2.970738 3.944063 4.881355 4.594290 3.385043 2.176448 0.203002 -0.001675 1.456908 0.080360 -0.813739 -1.727331 -3.741586 -7.580061 -3.738192 -3.746688 -4.357635 -3.533343 -2.186835 -0.292977 -0.011799 -2.549284 -3.771532 -3.460855 -1.135072 -3.708004 -3.438797 -1.696481 -0.953280 -2.368105 -0.917161 -0.001549 1.390633 -0.002032 -0.723689 -4.642861 -6.160404 -5.890398 -4.054068 -3.778186 -0.828740 -0.001649 3.296850 -9999.0 -9999.0 -9999.0
-9999.0 -9999.0 -9999.0 -9999.0 -9999.0 -9999.0 -9999.0 -9999.0 -3.350038 -2.699155 -3.055402 -3.959456 -2.247297 -2.433617 -0.935223 -0.001788 1.169059 1.839655 5.023580 5.424603 5.421186 4.334917 3.293454 2.205108 2.630002 2.543231 0.416668 -0.684788 -5.026297 -4.166568 -4.267164 -3.416543 -3.430631 -3.295488 -3.047965 -1.090834 -0.029526 -0.003760 -1.149127 -1.527911 -3.769796 -6.326015 -3.118095 -1.356233 -1.503692 -0.988535 -4.176579 -1.781738 -0.859415 1.131967 1.006837 -0.006086 -4.825494 -4.070835 -2.219780 -2.832592 -1.279097 -0.002375 1.753381 4.122879 5.368840 -9999.0 -9999.0
-9999.0 -9999.0 -9999.0 -9999.0 -9999.0 -9999.0 -9999.0 -9999.0 -3.415005 -2.113496 -2.723349 -3.870815 -2.940263 -3.464845 -0.972365 -0.796027 -0.003225 1.292578 4.914403 5.440753 5.896798 5.183679 4.763019 4.154625 3.277246 2.500136 -0.001607 -1.242960 -5.483850 -3.684686 -2.875198 -1.399581 -2.212157 -1.801603 -1.037581 -0.503650 -0.003325 1.196699 -0.007425 -2.588183 -3.044376 -2.736333 -1.711530 -2.236538 -1.585005 -2.263972 -3.737199 -2.767760 -2.453773 -0.001317 2.104727 -0.002031 -3.817434 -4.658485 -1.845442 -0.817782 0.088278 1.632035 3.792794 4.382968 4.743855 -9999.0 -9999.0
-9999.0 -9999.0 -9999.0 -9999.0 -9999.0 -9999.0 -9999.0 -9999.0 -4.571176 -1.510870 -0.006668 -5.306615 -1.972941 -1.692390 -0.273519 -0.001827 3.488652 4.703841 3.412520 5.202886 5.285249 5.673435 5.079938 4.677338 3.024572 0.518777 -0.001902 -1.995846 -0.995376 -2.518613 -0.940113 -1.163001 -0.003555 -0.023438 -0.466550 -0.289143 -0.001018 3.231338 0.209228 -0.002943 -1.015697 -1.088980 -1.130405 -1.707929 -2.121169 -2.666124 -1.569179 -2.794848 -2.086031 -1.140421 -0.001677 1.707132 -0.001903 -0.010511 -0.000591 0.852909 2.411631 3.868232 4.823520 4.515597 3.624462 2.003424 -9999.0
-9999.0 -9999.0 -9999.0 -9999.0 -9999.0 -9999.0 -9999.0 -9999.0 -4.386354 -2.318939 -2.564010 -1.576369 -0.404810 -0.199422 -0.000388 1.246794 1.920346 1.865510 0.281331 2.238778 4.211348 5.003646 5.308085 5.010835 2.497745 -0.002986 -1.102432 -0.002014 -0.001114 -0.002756 -0.256732 -0.000875 1.212340 -0.000563 -0.001830 -0.001830 1.508310 5.371369 4.872141 1.088214 -0.001698 -0.002298 -0.002545 -0.002483 -1.038134 -1.014109 -1.065381 -1.535900 -0.645670 -0.002063 0.576153 1.122080 1.463288 0.951194 1.465094 1.723912 2.517571 3.312645 3.919325 3.629769 3.391279 1.429764 -9999.0
-9999.0 -9999.0 -2.578803 -2.117121 -3.792607 -1.910859 -3.226328 -2.763004 -4.156629 -3.658237 -1.300806 -0.001068 -0.141849 -0.001941 1.011404 0.761351 -0.001370 -1.228479 -0.799220 -0.001947 2.117535 4.788523 4.038816 5.688218 3.067524 1.400492 -0.002965 -0.002575 1.540670 0.501083 -0.001961 -0.001931 2.660868 2.459846 2.657888 3.900920 4.970073 7.686522 6.683341 3.937786 2.708732 2.683489 3.061056 1.428406 -0.001431 -0.001933 0.635277 0.966504 1.419800 2.370276 3.063715 2.795401 2.230289 1.780935 1.696513 2.916477 2.318837 2.717553 2.362453 2.662615 1.505690 0.688692 -9999.0
-9999.0 -1.016554 -2.316433 -1.143794 -1.762991 -1.061179 -2.859350 -3.258542 -4.226498 -4.050943 -2.442487 -0.861303 -0.000151 -0.000254 -0.000069 -0.285881 -1.389186 -2.241606 -1.230003 -0.001992 1.851463 3.565188 3.135543 3.878122 3.991952 2.782951 2.096931 2.368108 2.974343 1.912629 1.750160 1.780355 3.236061 4.817181 5.557044 6.666883 8.854560 10.695622 8.301515 6.757143 6.169218 5.886561 5.134195 4.141393 2.866804 3.169197 3.105127 5.322683 4.645591 5.211781 3.575735 2.825387 2.086500 1.347343 1.276674 0.855407 0.434993 0.773355 0.572717 -0.000224 -0.001249 0.483493 -9999.0
-9999.0 -0.926469 -1.514851 -0.009406 -0.000486 -0.895841 -2.529501 -3.759820 -4.173997 -4.188749 -2.956131 -1.245288 -0.001779 -0.000068 -0.163875 -3.807402 -3.097116 -2.555949 -0.931893 -0.003649 0.348395 1.357058 2.225327 1.723227 3.311359 4.142418 5.024057 4.886468 4.248587 5.851117 6.084362 5.818932 4.937818 5.794943 7.183629 8.708235 11.225715 12.324801 11.348618 10.603360 9.653002 8.462709 7.802652 7.529650 7.519219 7.346220 5.834875 5.557724 5.025587 4.350265 2.778087 1.429258 0.534391 1.192831 0.417096 -0.001979 -0.271590 -0.002170 -0.001713 -0.002116 -0.001436 -9999.0 -9999.0
