user2019/resources/simulation/Vinschgau/output-maps/TsL0005N0830.asc
ncols         63
nrows         48
xllcorner     598000.000000
yllcorner     5145000.000000
cellsize      1000.000000
NODATA_value  -9999.0
[rows 0 to 27 of 48, columns 0 to 62 of 63]
-9999.0 -9999.0 -9999.0 -9999.0 -9999.0 -9999.0 -9999.0 -9999.0 -9999.0 -9999.0 -9999.0 -9999.0 -9999.0 -9999.0 -9999.0 -9999.0 -9999.0 -9999.0 -9999.0 -9999.0 -9999.0 -9999.0 -9999.0 -9999.0 -9999.0 -9999.0 -9999.0 -9999.0 -9999.0 -9999.0 -9999.0 -9999.0 -9999.0 -9999.0 -9999.0 -9999.0 -9999.0 -9999.0 -9999.0 -9999.0 -9999.0 -9999.0 -9999.0 -9999.0 -9999.0 -9999.0 -9999.0 -9999.0 -9999.0 -9999.0 -9999.0 -9999.0 -9999.0 -9999.0 -9999.0 -9999.0 -9999.0 -9999.0 -9999.0 -9999.0 -9999.0 -9999.0 -9999.0
-9999.0 -9999.0 -9999.0 -9999.0 -9999.0 -9999.0 -9999.0 -9999.0 -9999.0 -9999.0 -9999.0 -9999.0 -9999.0 -9999.0 -9999.0 -9999.0 -9999.0 -9999.0 -9999.0 -9999.0 -9999.0 -9999.0 -9999.0 -9999.0 -9999.0 -9999.0 -9999.0 -5.161007 -3.514421 -4.353619 -4.469593 -5.220277 -5.524537 -9999.0 -9999.0 -9999.0 -9999.0 -9999.0 -9999.0 -9999.0 -9999.0 -9999.0 -9999.0 -9999.0 -9999.0 -9999.0 -9999.0 -9999.0 -9999.0 -9999.0 -9999.0 -9999.0 -9999.0 -9999.0 -9999.0 -9999.0 -9999.0 -9999.0 -9999.0 -9999.0 -9999.0 -9999.0 -9999.0
-9999.0 -9999.0 -9999.0 -9999.0 -9999.0 -9999.0 -9999.0 -9999.0 -9999.0 -9999.0 -9999.0 -9999.0 -9999.0 -9999.0 -9999.0 -9999.0 -9999.0 -9999.0 -9999.0 -9999.0 -9999.0 -9999.0 -9999.0 -9999.0 -1.998452 -1.848274 -1.246034 -1.963776 -3.350496 -4.060200 -4.713338 -9999.0 -9999.0 -9999.0 -9999.0 -9999.0 -9999.0 -9999.0 -9999.0 -9999.0 -9999.0 -9999.0 -9999.0 -9999.0 -9999.0 -9999.0 -9999.0 -9999.0 -9999.0 -9999.0 -9999.0 -9999.0 -9999.0 -9999.0 -9999.0 -9999.0 -9999.0 -9999.0 -9999.0 -9999.0 -9999.0 -9999.0 -9999.0
-9999.0 -9999.0 -9999.0 -9999.0 -9999.0 -9999.0 -9999.0 -9999.0 -9999.0 -9999.0 -9999.0 -9999.0 -9999.0 -9999.0 -9999.0 -9999.0 -9999.0 -9999.0 -9999.0 -9999.0 -9999.0 -9999.0 -9999.0 -1.779593 -0.732598 0.015936 0.353916 0.642964 -0.009974 -1.706331 -4.568638 -5.268467 -9999.0 -9999.0 -9999.0 -9999.0 -9999.0 -9999.0 -9999.0 -9999.0 -9999.0 -9999.0 -9999.0 -9999.0 -9999.0 -9999.0 -9999.0 -9999.0 -9999.0 -9999.0 -9999.0 -9999.0 -9999.0 -9999.0 -9999.0 -9999.0 -9999.0 -9999.0 -9999.0 -9999.0 -9999.0 -9999.0 -9999.0
-9999.0 -9999.0 -9999.0 -9999.0 -9999.0 -9999.0 -9999.0 -9999.0 -9999.0 -9999.0 -9999.0 -9999.0 -9999.0 -9999.0 -9999.0 -9999.0 -9999.0 -9999.0 0.007005 -0.872326 -9999.0 -1.424858 -0.757100 -0.005348 0.027923 0.906562 0.001116 0.001340 0.008241 -0.003552 -1.925583 -4.297204 -6.262858 -8.384488 -9999.0 -9999.0 -9999.0 -9999.0 -9999.0 -9999.0 -9999.0 -9999.0 -9999.0 -9999.0 -9999.0 -9999.0 -9999.0 -9999.0 -9999.0 -9999.0 -9999.0 -9999.0 -9999.0 -9999.0 -9999.0 -9999.0 -9999.0 -9999.0 -9999.0 -9999.0 -9999.0 -9999.0 -9999.0
-9999.0 -9999.0 -9999.0 -9999.0 -9999.0 -9999.0 -9999.0 -9999.0 -9999.0 -9999.0 -9999.0 -9999.0 -9999.0 -9999.0 -9999.0 -9999.0 -9999.0 3.958267 2.107776 1.054205 -2.112278 -0.002922 -0.003525 -0.003351 0.008000 -0.002961 -0.050269 -0.052183 -0.004859 -0.001512 -1.347287 -4.243720 -4.422043 -5.091104 -6.986949 -8.171196 -9999.0 -9999.0 -9999.0 -9999.0 -9999.0 -9999.0 -9999.0 -9999.0 -9999.0 -9999.0 -9999.0 -9999.0 -9999.0 -9999.0 -9999.0 -9999.0 -9999.0 -9999.0 -9999.0 -9999.0 -9999.0 -9999.0 -9999.0 -9999.0 -9999.0 -9999.0 -9999.0
-9999.0 -9999.0 -9999.0 -9999.0 -9999.0 -9999.0 -9999.0 -9999.0 -9999.0 -9999.0 -9999.0 -9999.0 -9999.0 -0.619001 -0.002456 1.753022 3.466272 3.606257 3.528493 0.006248 0.003156 -0.001984 0.050051 0.002330 -0.002416 -0.754714 -2.093802 -0.907736 -0.818101 -0.004466 -1.519580 -2.528840 -4.811355 -5.519676 -6.009911 -8.489986 -9999.0 -9999.0 -9999.0 -9999.0 -9999.0 -9999.0 -9999.0 -9999.0 -9999.0 -9999.0 -9999.0 -9999.0 -9999.0 -9999.0 -9999.0 -9999.0 -9999.0 -9999.0 -9999.0 -9999.0 -9999.0 -9999.0 -9999.0 -9999.0 -9999.0 -9999.0 -9999.0
-9999.0 -9999.0 -9999.0 -9999.0 -9999.0 -9999.0 -9999.0 -9999.0 -9999.0 -9999.0 -9999.0 -9999.0 -9999.0 -0.193190 0.872629 2.465609 2.756894 2.426398 3.637620 1.226224 2.498309 0.201885 0.839264 -0.002623 -0.002619 -0.010698 -3.508851 -4.679099 -5.775389 -1.310409 -0.966423 -4.214910 -6.167803 -9.643490 -7.385020 -9999.0 -9999.0 -9999.0 -9999.0 -9999.0 -9999.0 -9999.0 -9999.0 -9999.0 -9999.0 -9999.0 -9999.0 -9999.0 -9999.0 -9999.0 -9999.0 -9999.0 -9999.0 -9999.0 -9999.0 -9999.0 -9999.0 -9999.0 -9999.0 -9999.0 -9999.0 -9999.0 -9999.0
-9999.0 -9999.0 -9999.0 -9999.0 -9999.0 -9999.0 -9999.0 -9999.0 -9999.0 -9999.0 -9999.0 -9999.0 -9999.0 0.417024 0.150258 1.569250 2.059053 3.059553 3.939328 3.436460 0.281707 -0.092745 -0.002834 -0.003195 -0.002493 -0.004163 -3.550246 -6.068904 -5.218710 -8.559872 -4.822167 -10.307041 -10.686659 -11.955996 -8.785386 -9999.0 -9999.0 -9999.0 -9999.0 -9999.0 -9999.0 -9999.0 -9999.0 -9999.0 -9999.0 -9999.0 -9999.0 -9999.0 -9999.0 -9999.0 -9999.0 -9999.0 -9999.0 -9999.0 -9999.0 -9999.0 -9999.0 -9999.0 -9999.0 -9999.0 -9999.0 -9999.0 -9999.0
-9999.0 -9999.0 -9999.0 -9999.0 -9999.0 -9999.0 -9999.0 -9999.0 -9999.0 -9999.0 -9999.0 -9999.0 -0.004025 0.006543 0.999067 -0.001724 0.493054 2.363042 2.980469 2.143061 0.000491 -0.004328 -0.138654 -0.187486 -1.186484 -3.642069 -2.621980 -4.855117 -4.754903 -6.360258 -10.170362 -6.518281 -5.615721 -9.318367 -9999.0 -9999.0 -9999.0 -9999.0 -9999.0 -9999.0 -9999.0 -9999.0 -9999.0 -9999.0 -9999.0 -9999.0 -9999.0 -9999.0 -9999.0 -9999.0 -9999.0 -9999.0 -9999.0 -9999.0 -9999.0 -9999.0 -9999.0 -9999.0 -9999.0 -9999.0 -9999.0 -9999.0 -9999.0
-9999.0 -9999.0 -9999.0 -9999.0 -9999.0 -9999.0 -9999.0 -9999.0 -9999.0 -9999.0 -9999.0 -0.572247 0.196413 0.396846 0.210379 -0.004721 0.799339 2.239976 2.914491 1.489118 0.804177 0.001164 -1.292497 -2.953046 -0.927243 -3.014707 -5.238035 -3.838028 -3.147743 -8.052925 -6.716568 -4.644375 -6.031215 -7.662236 -6.856954 -5.746487 -4.983739 -3.920470 -3.838782 -9999.0 -9999.0 -9999.0 -7.717250 -9999.0 -9999.0 -9999.0 -9999.0 -9999.0 -9999.0 -9999.0 -9999.0 -9999.0 -9999.0 -9999.0 -9999.0 -9999.0 -9999.0 -9999.0 -9999.0 -9999.0 -9999.0 -9999.0 -9999.0
-9999.0 -9999.0 -9999.0 -9999.0 -9999.0 -9999.0 -9999.0 -9999.0 -9999.0 -9999.0 -9999.0 -0.680979 0.621344 1.693038 1.682102 -0.581711 2.865777 2.949431 3.126480 1.948664 0.311516 -0.041099 -0.882922 -1.915515 -2.030982 -3.785450 -4.104950 -3.024951 -4.631549 -7.658748 -3.967099 -3.730396 -5.255879 -6.112056 -6.765604 -4.010595 -1.762265 -1.662950 -3.634340 -7.304054 -7.210138 -7.642016 -4.233669 -6.278141 -9999.0 -9999.0 -9999.0 -5.247800 -7.031670 -6.753241 -6.041669 -7.810869 -8.022602 -5.016012 -4.747341 -8.547617 -9999.0 -9999.0 -9999.0 -9999.0 -9999.0 -9999.0 -9999.0
-9999.0 -9999.0 -9999.0 -9999.0 -9999.0 -9999.0 -9999.0 -9999.0 -9999.0 -9999.0 -9999.0 -1.170016 -0.680898 -0.315497 -0.006438 -0.169057 -0.001605 2.410273 2.316098 2.025990 1.252561 -0.002621 -0.771793 -1.990088 -3.832380 -4.949085 -1.319884 -3.029883 -5.337705 -6.501044 -5.724780 -4.220766 -2.803129 -5.782385 -6.244309 -2.930668 -3.183576 -2.765226 -1.223743 -5.649679 -3.439697 -5.081200 -2.914658 -3.702895 -5.877804 -9999.0 -8.990214 -5.823779 -4.252097 -3.164364 -2.900159 -3.804835 -3.773987 -4.421404 -4.689655 -5.609370 -9999.0 -9999.0 -9999.0 -9999.0 -9999.0 -9999.0 -9999.0
-9999.0 -9999.0 -9999.0 -9999.0 -9999.0 -9999.0 -9999.0 -9999.0 -9999.0 -9999.0 -9999.0 -9999.0 -0.592075 -0.248281 -0.211774 -0.202770 -0.003001 1.682138 2.580311 2.038095 1.028970 -0.003246 -0.284899 -0.717653 -2.227973 -1.405577 -1.756058 -3.214612 -4.562918 -6.149646 -4.116881 -3.861955 -2.793406 -4.825916 -5.388879 -3.610699 -1.433055 -1.916093 -0.194673 -2.681936 -1.623610 -3.499290 -3.370331 -1.353907 -5.804799 -6.120993 -7.189893 -5.677513 -3.405706 -0.954930 -0.203572 -3.623108 -2.744346 -3.085433 -5.084057 -4.436001 -5.398802 -9999.0 -9999.0 -9999.0 -9999.0 -9999.0 -9999.0
-9999.0 -9999.0 -9999.0 -9999.0 -9999.0 -9999.0 -9999.0 -9999.0 -9999.0 -9999.0 -9999.0 -0.639619 -1.748376 -0.963290 -0.347946 -0.020367 -0.002033 0.967342 2.046610 3.009009 1.291670 -0.002563 -0.081303 -1.462428 -0.852380 -0.346756 -0.596623 -4.778241 -4.933592 -4.611837 -1.395716 -2.402903 -3.172318 -4.683685 -6.803921 -4.053794 -3.849080 -0.915878 -0.015147 -0.866987 -0.926053 -0.032299 -0.923762 -0.996514 -0.721324 -4.568041 -3.998006 -4.493335 -3.563060 -0.309639 -4.259760 -4.519001 -5.776953 -7.412929 -8.577332 -9.275075 -6.406105 -9999.0 -9999.0 -9999.0 -9999.0 -9999.0 -9999.0
-9999.0 -9999.0 -9999.0 -9999.0 -9999.0 -9999.0 -9999.0 -9999.0 -9999.0 -9999.0 -1.142667 -0.339723 -0.897165 -0.872391 -0.203892 -0.250557 -0.263431 -0.003200 2.453422 2.669091 0.549156 0.015210 -0.679842 -0.213186 -0.003884 -1.153744 -2.511912 -5.211623 -2.709429 -1.504160 -1.814777 -1.846950 -1.479923 -4.713221 -8.661011 -5.694865 -2.454734 -1.410670 -0.055930 -0.002265 -0.002190 0.012447 0.133554 0.236638 -0.155883 -4.457868 -3.214596 -1.206625 -1.776768 -0.004158 -5.247551 -6.955163 -9.082159 -10.052739 -9.972940 -4.715668 -4.637979 -9999.0 -9999.0 -9999.0 -9999.0 -9999.0 -9999.0
-9999.0 -9999.0 -9999.0 -9999.0 -9999.0 -9999.0 -9999.0 -9999.0 -9999.0 -3.569848 -0.831910 -1.345039 -0.708088 -0.249836 -0.287247 -0.167095 -0.172049 -0.002084 2.174110 3.098757 0.929691 -0.004827 -0.003203 -0.002868 -0.002007 -1.607803 -2.551523 -1.470116 -0.500287 -0.046175 -0.001979 -1.805676 -5.444364 -8.360187 -7.424139 -5.806867 -4.115223 -2.572853 -1.238544 -0.246703 -0.149894 -0.157741 -0.522803 0.907439 0.269944 -0.059820 -0.182564 -1.097995 -1.071375 -0.001844 -2.856899 -6.453402 -11.116003 -9.385391 -7.617979 -6.634243 -5.005143 -5.956200 -7.252011 -9999.0 -9999.0 -9999.0 -9999.0
-9999.0 -9999.0 -9999.0 -9999.0 -9999.0 -9999.0 -9999.0 -9999.0 -9999.0 -5.225384 -4.204115 -1.474440 -0.218227 -0.002587 -0.184405 -0.281602 -0.199539 -0.002045 2.740236 1.928405 1.549176 0.593528 0.017871 -0.002879 -1.215275 -1.572209 -0.228969 -0.004045 -0.001876 -0.002269 -0.292343 -2.187466 -3.639569 -5.694369 -4.432748 -5.771945 -5.226047 -3.922476 -3.785089 -1.157412 -0.706413 -2.227333 -0.210529 -0.001579 1.563184 0.666790 0.326400 -0.003032 -0.003487 -0.001890 -3.051191 -6.279935 -8.973163 -7.851276 -6.701378 -6.753927 -5.657397 -4.213274 -4.896833 -9999.0 -9999.0 -9999.0 -9999.0
-9999.0 -9999.0 -9999.0 -9999.0 -9999.0 -9999.0 -9999.0 -9999.0 -9999.0 -9999.0 -4.348685 -1.878859 -0.112149 -0.278613 -0.002466 -0.172037 -0.002732 0.093733 3.480896 2.719934 1.568611 1.319853 -0.002393 -0.027066 -0.918243 -0.015280 -0.002050 -0.000418 -0.168953 -1.723847 -2.089341 -2.446946 -4.623943 -5.091663 -3.352010 -3.156554 -0.919296 -0.758825 -5.239355 -4.072650 -4.499633 -0.891695 -0.723755 -0.093683 -0.002771 -0.002652 0.377775 0.137295 0.990698 -0.002326 -2.000541 -3.468518 -7.766745 -8.716161 -7.988607 -5.862675 -4.394688 -1.618222 -1.621927 -0.007580 -9999.0 -9999.0 -9999.0
-9999.0 -9999.0 -9999.0 -9999.0 -9999.0 -9999.0 -9999.0 -9999.0 -9999.0 -9999.0 -4.656940 -3.214918 -1.547211 -0.149244 0.018900 -0.003860 -0.003462 1.429531 3.938829 3.577359 2.535908 0.207110 -0.002911 -0.199596 -0.017724 -0.001590 0.359534 -0.005356 -1.424961 -4.284364 -4.115080 -3.363184 -4.634687 -5.898547 -3.950353 -1.013735 -1.599826 -0.302412 -2.772776 -4.951914 -3.707201 -3.140844 -3.103700 -1.771701 -0.734296 -0.387149 -0.005518 -0.002813 1.602601 0.718535 -0.020351 -2.782781 -4.901767 -7.268631 -9.372846 -8.500968 -5.914647 -1.125414 0.654893 0.484972 -9999.0 -9999.0 -9999.0
-9999.0 -9999.0 -9999.0 -9999.0 -9999.0 -9999.0 -9999.0 -9999.0 -1.943626 -4.114825 -5.188615 -1.887426 -3.011584 -2.806624 -0.078989 0.845630 1.709078 1.584974 3.444607 4.153163 4.332342 2.768056 1.680572 -0.004942 -0.002674 1.344767 0.003884 -0.872270 -1.957266 -4.301009 -8.924974 -4.081370 -3.981723 -5.529030 -3.690915 -3.630565 -0.483485 -0.198633 -2.694653 -5.840999 -4.538376 -1.280793 -4.263651 -5.414759 -3.341290 -1.372104 -2.504582 -0.270831 -0.002980 1.023386 -0.005204 -0.861334 -3.764825 -6.744202 -8.020337 -5.083470 -5.603842 -0.694102 -0.001868 2.406995 -9999.0 -9999.0 -9999.0
-9999.0 -9999.0 -9999.0 -9999.0 -9999.0 -9999.0 -9999.0 -9999.0 -3.771941 -1.736801 -3.715526 -5.028196 -3.522819 -1.954517 -0.584922 -0.002533 0.682322 1.241010 4.578473 4.668138 3.850124 2.992002 1.545256 0.170290 2.083094 2.190751 0.207872 -0.334295 -4.380386 -4.837828 -5.637782 -5.331031 -4.854196 -5.143856 -2.362294 -1.607490 -0.258898 -0.242510 -0.690329 -2.280659 -4.155118 -7.585924 -5.001567 -1.937650 -1.922010 -1.051936 -4.640839 -2.720469 -0.426876 0.890567 0.523538 -0.179891 -3.652588 -5.673809 -3.461545 -3.720157 -1.223029 -0.005008 1.238166 3.674853 4.725961 -9999.0 -9999.0
-9999.0 -9999.0 -9999.0 -9999.0 -9999.0 -9999.0 -9999.0 -9999.0 -3.971552 -2.324774 -2.613497 -4.525759 -3.877965 -3.955571 -0.674580 -0.915901 -0.004077 0.681944 4.575200 4.007146 5.127463 3.899416 3.220723 3.229476 2.023887 1.889653 -0.001878 -1.323063 -4.982661 -3.904723 -4.753024 -1.279678 -2.411602 -2.419944 -1.247991 -0.841744 -0.053151 1.075556 -0.018937 -0.890385 -2.858210 -4.619813 -1.912221 -2.448910 -1.455840 -1.974887 -5.765202 -3.005205 -1.982239 -0.001803 1.904119 -0.002947 -4.063084 -3.517276 -1.828334 -0.742972 -0.000236 1.126737 3.214537 3.467443 4.298616 -9999.0 -9999.0
-9999.0 -9999.0 -9999.0 -9999.0 -9999.0 -9999.0 -9999.0 -9999.0 -6.677289 -2.260374 -2.088616 -4.836557 -4.375627 -0.967507 -0.390201 -0.001791 2.785521 4.288115 2.376629 4.964142 4.518809 4.952418 4.000742 3.510166 2.589014 0.281323 -0.003587 -2.135380 -1.044395 -0.921687 -1.078833 -0.559519 -0.068425 -0.420195 -0.420546 -0.607753 -0.001685 2.662252 -0.001320 -0.032976 -1.629370 -1.441729 -1.443648 -3.404427 -2.422982 -4.510568 -2.618522 -3.767238 -3.352772 -1.223530 -0.002237 1.519087 -0.002379 -0.402512 -0.003299 0.360419 1.865406 2.935764 4.283914 4.070565 3.126948 1.732669 -9999.0
-9999.0 -9999.0 -9999.0 -9999.0 -9999.0 -9999.0 -9999.0 -9999.0 -6.508833 -2.049546 -1.412980 -1.705172 -1.576494 -0.098977 -0.001833 0.758161 0.897637 1.412860 -0.003540 1.620380 3.900492 4.234204 4.582205 4.288943 1.145326 -0.003951 -1.086062 -0.027047 -0.001986 -0.179063 -0.133869 -0.004137 0.304368 -0.001346 -0.002065 -0.002096 0.883857 4.477352 3.831934 0.535305 -0.001980 -0.001168 -0.004014 -0.002109 -1.170339 -0.933016 -0.552858 -0.226135 -0.648941 -0.002187 0.038011 0.913208 1.285533 0.449286 1.073437 1.428595 2.164248 2.876573 3.424417 3.058867 2.863315 1.161303 -9999.0
-9999.0 -9999.0 -3.474775 -1.987943 -3.830321 -1.684423 -3.695713 -3.455678 -4.582855 -3.391376 -1.251821 -0.865154 -0.124589 -0.244200 0.014912 0.406256 -0.002591 -1.208669 -0.226610 -0.002638 1.535592 4.089813 3.482883 5.496433 2.367686 0.933933 -0.003978 -0.003393 1.250115 0.001335 -0.002564 -0.002461 1.091220 1.892829 2.068629 3.181175 4.305303 6.660985 5.563943 3.082766 2.062761 2.077926 2.559599 0.855833 -0.002246 -0.002106 0.050347 0.730773 0.837783 1.851260 2.525454 2.458429 1.842296 1.413422 1.362231 1.605768 1.903490 2.240424 1.813451 2.294882 0.179499 0.441489 -9999.0
-9999.0 -0.241390 -0.970484 -1.147470 -1.593366 -3.179144 -3.687199 -3.706119 -4.813906 -5.007156 -2.116413 -0.947485 -0.073409 -0.004033 0.012095 -0.397275 -1.220580 -1.887158 -0.951980 -0.002745 1.365992 2.768888 1.744347 3.225811 2.628782 2.061093 0.834334 1.119483 2.329341 1.359376 1.171737 1.145756 2.476819 3.424658 4.778572 6.000961 7.430453 9.884372 7.589738 6.141012 5.301148 5.107788 4.391010 3.266794 2.159267 2.588639 2.628779 4.375292 3.964265 4.448447 3.159455 2.414761 1.664782 0.942667 0.849263 0.443102 0.289652 0.609827 0.079763 -0.001075 -0.002025 0.236598 -9999.0
-9999.0 -0.449650 -1.022450 -0.231280 -0.200705 -1.800217 -2.666119 -4.126768 -4.937670 -5.330898 -2.715956 -1.333400 -0.002956 0.013039 -0.048051 -2.611471 -3.672859 -2.097692 -0.324260 -0.035409 -0.001411 1.052363 1.783723 0.882579 1.825788 2.786915 4.839874 4.349471 3.766153 5.023093 5.760789 5.381732 4.167548 5.063926 5.890854 7.947223 9.570202 10.669138 10.104105 9.257168 8.473298 7.587911 6.459029 7.116023 7.309675 6.945464 5.227422 5.010434 4.525086 3.883007 2.280698 1.212358 0.379271 1.013080 0.290610 -0.006857 -0.064814 -0.016532 -0.006421 -0.052379 -0.004740 -9999.0 -9999.0
