user2019/resources/simulation/Vinschgau/output-maps/TsL0006N1430.asc
ncols         63
nrows         48
xllcorner     598000.000000
yllcorner     5145000.000000
cellsize      1000.000000
NODATA_value  -9999.0
[rows 0 to 27 of 48, columns 0 to 62 of 63]
-9999.0 -9999.0 -9999.0 -9999.0 -9999.0 -9999.0 -9999.0 -9999.0 -9999.0 -9999.0 -9999.0 -9999.0 -9999.0 -9999.0 -9999.0 -9999.0 -9999.0 -9999.0 -9999.0 -9999.0 -9999.0 -9999.0 -9999.0 -9999.0 -9999.0 -9999.0 -9999.0 -9999.0 -9999.0 -9999.0 -9999.0 -9999.0 -9999.0 -9999.0 -9999.0 -9999.0 -9999.0 -9999.0 -9999.0 -9999.0 -9999.0 -9999.0 -9999.0 -9999.0 -9999.0 -9999.0 -9999.0 -9999.0 -9999.0 -9999.0 -9999.0 -9999.0 -9999.0 -9999.0 -9999.0 -9999.0 -9999.0 -9999.0 -9999.0 -9999.0 -9999.0 -9999.0 -9999.0
-9999.0 -9999.0 -9999.0 -9999.0 -9999.0 -9999.0 -9999.0 -9999.0 -9999.0 -9999.0 -9999.0 -9999.0 -9999.0 -9999.0 -9999.0 -9999.0 -9999.0 -9999.0 -9999.0 -9999.0 -9999.0 -9999.0 -9999.0 -9999.0 -9999.0 -9999.0 -9999.0 -1.741128 -0.007251 -0.816993 -0.807490 -1.775431 -3.582007 -9999.0 -9999.0 -9999.0 -9999.0 -9999.0 -9999.0 -9999.0 -9999.0 -9999.0 -9999.0 -9999.0 -9999.0 -9999.0 -9999.0 -9999.0 -9999.0 -9999.0 -9999.0 -9999.0 -9999.0 -9999.0 -9999.0 -9999.0 -9999.0 -9999.0 -9999.0 -9999.0 -9999.0 -9999.0 -9999.0
-9999.0 -9999.0 -9999.0 -9999.0 -9999.0 -9999.0 -9999.0 -9999.0 -9999.0 -9999.0 -9999.0 -9999.0 -9999.0 -9999.0 -9999.0 -9999.0 -9999.0 -9999.0 -9999.0 -9999.0 -9999.0 -9999.0 -9999.0 -9999.0 -0.002919 0.007248 0.053020 -0.002289 0.055365 0.023598 -0.897303 -9999.0 -9999.0 -9999.0 -9999.0 -9999.0 -9999.0 -9999.0 -9999.0 -9999.0 -9999.0 -9999.0 -9999.0 -9999.0 -9999.0 -9999.0 -9999.0 -9999.0 -9999.0 -9999.0 -9999.0 -9999.0 -9999.0 -9999.0 -9999.0 -9999.0 -9999.0 -9999.0 -9999.0 -9999.0 -9999.0 -9999.0 -9999.0
-9999.0 -9999.0 -9999.0 -9999.0 -9999.0 -9999.0 -9999.0 -9999.0 -9999.0 -9999.0 -9999.0 -9999.0 -9999.0 -9999.0 -9999.0 -9999.0 -9999.0 -9999.0 -9999.0 -9999.0 -9999.0 -9999.0 -9999.0 0.013332 0.309231 2.416511 2.936595 3.101552 3.025342 0.022494 -0.880943 -1.782293 -9999.0 -9999.0 -9999.0 -9999.0 -9999.0 -9999.0 -9999.0 -9999.0 -9999.0 -9999.0 -9999.0 -9999.0 -9999.0 -9999.0 -9999.0 -9999.0 -9999.0 -9999.0 -9999.0 -9999.0 -9999.0 -9999.0 -9999.0 -9999.0 -9999.0 -9999.0 -9999.0 -9999.0 -9999.0 -9999.0 -9999.0
-9999.0 -9999.0 -9999.0 -9999.0 -9999.0 -9999.0 -9999.0 -9999.0 -9999.0 -9999.0 -9999.0 -9999.0 -9999.0 -9999.0 -9999.0 -9999.0 -9999.0 -9999.0 2.708262 0.215204 -9999.0 0.070159 0.286141 2.073039 2.354400 2.998857 1.927623 2.183447 1.949061 0.487689 -0.000904 -0.797310 -2.379235 -3.524462 -9999.0 -9999.0 -9999.0 -9999.0 -9999.0 -9999.0 -9999.0 -9999.0 -9999.0 -9999.0 -9999.0 -9999.0 -9999.0 -9999.0 -9999.0 -9999.0 -9999.0 -9999.0 -9999.0 -9999.0 -9999.0 -9999.0 -9999.0 -9999.0 -9999.0 -9999.0 -9999.0 -9999.0 -9999.0
-9999.0 -9999.0 -9999.0 -9999.0 -9999.0 -9999.0 -9999.0 -9999.0 -9999.0 -9999.0 -9999.0 -9999.0 -9999.0 -9999.0 -9999.0 -9999.0 -9999.0 4.722500 3.400863 2.928254 0.215731 0.080040 0.485308 1.471780 2.447267 0.104351 -0.058645 0.380156 -0.030945 1.333157 0.641492 0.007167 -0.581999 -1.709623 -2.707461 -3.757719 -9999.0 -9999.0 -9999.0 -9999.0 -9999.0 -9999.0 -9999.0 -9999.0 -9999.0 -9999.0 -9999.0 -9999.0 -9999.0 -9999.0 -9999.0 -9999.0 -9999.0 -9999.0 -9999.0 -9999.0 -9999.0 -9999.0 -9999.0 -9999.0 -9999.0 -9999.0 -9999.0
-9999.0 -9999.0 -9999.0 -9999.0 -9999.0 -9999.0 -9999.0 -9999.0 -9999.0 -9999.0 -9999.0 -9999.0 -9999.0 1.111061 1.482950 2.933910 4.225429 6.733216 4.336900 2.178751 2.155958 1.912235 2.521739 2.616439 -0.006483 0.236383 -1.162000 -0.063971 -0.203537 -0.006007 -1.512358 0.160852 -0.001483 -0.733363 -2.004238 -4.117029 -9999.0 -9999.0 -9999.0 -9999.0 -9999.0 -9999.0 -9999.0 -9999.0 -9999.0 -9999.0 -9999.0 -9999.0 -9999.0 -9999.0 -9999.0 -9999.0 -9999.0 -9999.0 -9999.0 -9999.0 -9999.0 -9999.0 -9999.0 -9999.0 -9999.0 -9999.0 -9999.0
-9999.0 -9999.0 -9999.0 -9999.0 -9999.0 -9999.0 -9999.0 -9999.0 -9999.0 -9999.0 -9999.0 -9999.0 -9999.0 1.795534 3.397051 3.751085 3.629663 6.443115 6.777752 3.652947 3.477340 3.770942 2.353697 1.275074 1.487821 0.647995 -0.006865 -1.420883 -2.085866 -0.694866 -0.173162 -0.756584 -2.275253 -4.098498 -3.265036 -9999.0 -9999.0 -9999.0 -9999.0 -9999.0 -9999.0 -9999.0 -9999.0 -9999.0 -9999.0 -9999.0 -9999.0 -9999.0 -9999.0 -9999.0 -9999.0 -9999.0 -9999.0 -9999.0 -9999.0 -9999.0 -9999.0 -9999.0 -9999.0 -9999.0 -9999.0 -9999.0 -9999.0
-9999.0 -9999.0 -9999.0 -9999.0 -9999.0 -9999.0 -9999.0 -9999.0 -9999.0 -9999.0 -9999.0 -9999.0 -9999.0 3.096748 2.250933 4.273708 3.251332 3.952709 7.051560 4.340007 4.341003 1.535200 0.362620 -0.009714 1.310079 0.964452 -0.499527 -2.248981 -1.760763 -2.630593 -0.896484 -4.670633 -4.642001 -10.076218 -4.415728 -9999.0 -9999.0 -9999.0 -9999.0 -9999.0 -9999.0 -9999.0 -9999.0 -9999.0 -9999.0 -9999.0 -9999.0 -9999.0 -9999.0 -9999.0 -9999.0 -9999.0 -9999.0 -9999.0 -9999.0 -9999.0 -9999.0 -9999.0 -9999.0 -9999.0 -9999.0 -9999.0 -9999.0
-9999.0 -9999.0 -9999.0 -9999.0 -9999.0 -9999.0 -9999.0 -9999.0 -9999.0 -9999.0 -9999.0 -9999.0 1.811452 1.678109 3.847286 2.158965 1.857885 3.592831 7.130737 4.125162 2.204413 0.116888 0.347384 -0.013972 -1.630777 -0.016688 -2.748662 -0.941505 -0.001407 -2.420443 -4.008573 -2.481754 -2.392418 -4.555271 -9999.0 -9999.0 -9999.0 -9999.0 -9999.0 -9999.0 -9999.0 -9999.0 -9999.0 -9999.0 -9999.0 -9999.0 -9999.0 -9999.0 -9999.0 -9999.0 -9999.0 -9999.0 -9999.0 -9999.0 -9999.0 -9999.0 -9999.0 -9999.0 -9999.0 -9999.0 -9999.0 -9999.0 -9999.0
-9999.0 -9999.0 -9999.0 -9999.0 -9999.0 -9999.0 -9999.0 -9999.0 -9999.0 -9999.0 -9999.0 1.112032 3.241738 3.079124 3.243020 2.732980 3.155968 3.802967 7.112768 5.457384 2.196750 1.927207 0.285979 -0.001642 0.527285 -0.000912 -1.777219 -0.660487 -2.387234 -3.835677 -2.542673 -0.001183 -2.026484 -3.112894 -2.627332 -1.893514 -1.741324 -0.907472 -0.799974 -9999.0 -9999.0 -9999.0 -3.299621 -9999.0 -9999.0 -9999.0 -9999.0 -9999.0 -9999.0 -9999.0 -9999.0 -9999.0 -9999.0 -9999.0 -9999.0 -9999.0 -9999.0 -9999.0 -9999.0 -9999.0 -9999.0 -9999.0 -9999.0
-9999.0 -9999.0 -9999.0 -9999.0 -9999.0 -9999.0 -9999.0 -9999.0 -9999.0 -9999.0 -9999.0 0.849951 3.456727 4.983822 4.699159 1.797308 5.734766 4.301189 7.164143 5.500778 4.390509 1.657314 0.126880 -1.996014 -1.223680 -0.072919 -0.763265 -0.000863 -0.729175 -3.245246 -0.692821 0.050412 -1.885386 -3.033853 -3.387235 -0.712225 0.025174 0.002118 -0.727739 -2.861048 -2.758738 -3.193630 -0.761640 -2.332646 -9999.0 -9999.0 -9999.0 -4.517289 -3.853951 -3.266927 -3.290478 -4.618985 -4.777769 -4.410403 -4.196932 -5.032111 -9999.0 -9999.0 -9999.0 -9999.0 -9999.0 -9999.0 -9999.0
-9999.0 -9999.0 -9999.0 -9999.0 -9999.0 -9999.0 -9999.0 -9999.0 -9999.0 -9999.0 -9999.0 0.735375 0.865364 1.184649 2.262242 2.669132 1.690476 3.717123 6.248212 5.438187 2.314509 0.014171 -1.031799 -0.000894 -0.378234 -1.635592 -1.166821 -3.173422 -1.856146 -3.143156 -2.064349 -1.427599 -0.000837 -2.935474 -2.353130 0.002356 -0.752099 -1.013323 0.246204 -2.049270 -0.588777 -1.784160 -0.000869 -0.603702 -3.129542 -9999.0 -4.567650 -3.092626 -0.775189 -0.001290 -0.000745 -0.624949 -0.033131 -0.828515 -0.863566 -2.815617 -9999.0 -9999.0 -9999.0 -9999.0 -9999.0 -9999.0 -9999.0
-9999.0 -9999.0 -9999.0 -9999.0 -9999.0 -9999.0 -9999.0 -9999.0 -9999.0 -9999.0 -9999.0 -9999.0 0.966218 -0.005057 1.575671 1.836451 0.707906 2.767633 6.626064 5.416356 2.150366 0.521435 -0.028485 -0.674348 -2.402420 -1.276909 0.028646 -0.001288 -0.840854 -2.299621 -0.753820 -1.170335 -0.000738 -0.923238 -2.070942 -0.005070 -1.175776 -0.964794 1.241403 -0.392152 0.078079 -0.543945 -0.687115 0.068820 -2.130220 -3.240011 -3.409569 -2.939698 -2.378838 -0.754978 -0.176708 -1.064228 -3.345230 -1.776704 -2.473739 -0.121658 -2.631249 -9999.0 -9999.0 -9999.0 -9999.0 -9999.0 -9999.0
-9999.0 -9999.0 -9999.0 -9999.0 -9999.0 -9999.0 -9999.0 -9999.0 -9999.0 -9999.0 -9999.0 -0.764142 0.085145 1.077661 -0.004805 0.271900 1.210319 2.132491 6.134326 4.115627 2.415169 0.862572 -0.005550 -1.254844 -1.157163 -0.511155 -0.708046 -0.910116 -1.478062 -1.417915 -1.255091 -1.651223 0.276458 -0.885706 -3.468947 -0.714028 -0.701464 -0.749228 -0.005529 0.754853 -0.758968 -0.010116 -0.014619 -0.530804 0.381645 -0.880401 -0.003053 -1.324611 -0.481162 -0.082831 -3.404968 -0.849574 -3.423571 -5.199083 -5.938414 -4.707373 -2.438284 -9999.0 -9999.0 -9999.0 -9999.0 -9999.0 -9999.0
-9999.0 -9999.0 -9999.0 -9999.0 -9999.0 -9999.0 -9999.0 -9999.0 -9999.0 -9999.0 -0.000080 -0.242087 0.171259 0.263837 1.004066 -0.000819 -0.002600 0.070566 3.245367 3.772331 3.709261 2.088478 -0.536875 0.569131 -0.012839 -1.844136 -1.785701 -4.450828 -0.000890 0.061488 -0.054915 -1.522036 0.057876 -0.891726 -4.285502 -2.043271 -0.001033 -0.905854 -0.092656 0.018600 0.109813 0.762224 3.290916 1.005562 -0.027235 -1.287221 -0.001854 -0.573546 -0.129805 -0.008194 -4.564160 -3.792805 -6.415765 -5.458638 -5.043473 -0.892718 -0.853121 -9999.0 -9999.0 -9999.0 -9999.0 -9999.0 -9999.0
-9999.0 -9999.0 -9999.0 -9999.0 -9999.0 -9999.0 -9999.0 -9999.0 -9999.0 -0.003712 0.137218 -0.083019 -0.021372 -0.741829 -0.038226 -0.025764 -0.073592 2.007011 3.169299 3.799349 4.067170 0.584087 0.401077 0.637899 -0.001500 -1.429565 -2.629422 0.070975 -0.243661 -0.012945 -0.000798 -1.630555 -1.926498 -3.577478 -2.782411 -2.053711 0.008853 -1.321675 -1.036215 -0.064916 -0.227923 -0.310779 -0.430843 1.771596 1.295271 -0.075843 1.025709 -0.864012 -0.838007 0.004868 -1.749910 -2.575750 -5.957240 -5.868714 -4.666247 -3.659586 -2.648998 -2.250533 -4.335909 -9999.0 -9999.0 -9999.0 -9999.0
-9999.0 -9999.0 -9999.0 -9999.0 -9999.0 -9999.0 -9999.0 -9999.0 -9999.0 -0.023099 -0.006703 0.104736 0.792400 -0.005996 -0.217820 -0.763404 0.791599 0.699617 3.730662 5.053620 4.671659 3.923633 2.331701 0.580814 -1.043117 -1.477299 -0.673911 -0.009654 0.209808 0.636625 0.473362 -2.004381 -0.005310 -2.665629 -0.807384 -2.103850 -1.791108 -0.680273 -0.530899 0.278173 -0.913142 -1.743492 -0.535049 0.394631 2.557779 2.130256 1.928594 0.519383 -0.008337 0.019371 -2.879905 -5.456186 -5.774447 -4.795211 -3.201300 -4.532563 -2.492900 -1.790350 -1.680446 -9999.0 -9999.0 -9999.0 -9999.0
-9999.0 -9999.0 -9999.0 -9999.0 -9999.0 -9999.0 -9999.0 -9999.0 -9999.0 -9999.0 -0.779128 0.110900 -0.023337 -0.498947 -0.002695 -0.070271 -0.006799 1.887990 4.508976 4.529383 4.786745 2.272067 -0.005199 -0.178754 -1.188191 -0.028678 0.008229 0.641215 0.318954 -1.560445 -1.907147 -3.010227 -3.775063 -1.488463 -0.000809 0.261938 0.077453 0.213778 -1.801394 -0.713005 -0.840626 0.083543 0.434455 -0.046468 -0.006080 -0.005569 1.439224 2.850237 2.808239 0.147342 -1.830202 -2.694639 -4.840881 -5.668995 -4.916770 -3.162810 -0.003640 -1.840419 -0.038725 -0.012638 -9999.0 -9999.0 -9999.0
-9999.0 -9999.0 -9999.0 -9999.0 -9999.0 -9999.0 -9999.0 -9999.0 -9999.0 -9999.0 -0.843255 -0.001482 0.055186 -0.013510 1.421757 0.251316 -0.006579 2.306081 4.972015 5.103870 3.025191 1.151336 -0.005630 -0.330001 -0.024482 0.217824 1.269042 -0.003135 -1.250175 -3.480263 -0.732593 0.032399 -3.822862 -2.581202 -0.701197 0.349719 -1.767529 -0.073504 -1.863655 -1.079095 -0.053525 0.241976 -0.688790 0.007629 0.243692 -0.265286 -0.007580 -0.005929 2.839107 2.465396 -0.001584 -1.982957 -4.154030 -4.395394 -6.313658 -5.510400 -3.253404 -0.910448 1.415356 1.579516 -9999.0 -9999.0 -9999.0
-9999.0 -9999.0 -9999.0 -9999.0 -9999.0 -9999.0 -9999.0 -9999.0 -0.001390 -0.781634 -1.771421 0.003114 -1.104736 -0.525125 -0.040057 1.486573 2.587122 4.806513 5.389362 5.457696 4.746216 3.622997 2.714754 0.973345 0.494065 1.652032 1.277147 -0.772451 -1.511967 -3.399117 -3.579885 -0.712343 -0.706374 -1.899630 -0.003884 -0.013441 0.940684 -0.025239 -2.507016 -2.118371 -1.307491 0.094200 -3.425279 -1.891466 -0.130276 0.078868 -2.324964 -0.606481 -0.003380 1.975432 0.068672 -0.690800 -3.125749 -5.880642 -5.123630 -2.018205 -2.084793 0.224089 0.460301 4.268074 -9999.0 -9999.0 -9999.0
-9999.0 -9999.0 -9999.0 -9999.0 -9999.0 -9999.0 -9999.0 -9999.0 -3.227469 -1.136866 -2.862219 -1.410418 -0.005734 -2.280743 -0.888948 -0.005786 1.596782 2.180625 5.145243 6.003268 7.612614 6.773789 5.696815 4.527968 3.002153 3.104486 0.553057 -0.230781 -3.683754 -0.930795 -2.781721 -1.856692 -0.002027 -1.730172 0.000350 0.033833 2.218194 0.018806 -0.424419 -0.000916 -0.744149 -1.707007 -1.639168 0.001521 -0.000205 -0.867329 -3.894011 -0.001157 -0.214555 1.434234 1.362429 -0.247308 -3.520294 -3.105395 -0.204754 -1.526635 -1.076902 -0.008666 2.797780 5.337115 5.982621 -9999.0 -9999.0
-9999.0 -9999.0 -9999.0 -9999.0 -9999.0 -9999.0 -9999.0 -9999.0 -0.709433 -0.000830 -0.003142 -3.659665 0.000484 -3.185797 -0.864856 -0.755205 0.246630 2.389245 5.083799 7.477561 6.464651 7.295575 7.002269 4.965802 5.193555 2.927915 0.091478 -1.201336 -4.258915 -0.708623 -1.527717 0.095046 -1.943072 -1.559244 0.154550 1.731576 -0.007280 1.821124 -0.023186 -0.635743 -0.000906 -1.397774 0.002061 -0.003070 -1.340459 -0.001704 -2.114554 -0.010559 -2.245503 -0.004340 2.607413 0.018403 -2.470284 -3.393477 -0.466127 -0.014867 0.552922 2.277110 4.976744 5.650396 5.950863 -9999.0 -9999.0
-9999.0 -9999.0 -9999.0 -9999.0 -9999.0 -9999.0 -9999.0 -9999.0 -3.107058 -0.000884 -0.603845 -4.150691 -0.005488 -1.443200 -0.269641 0.007123 3.649891 4.893169 5.336782 5.354478 5.931878 6.381749 7.107879 6.225782 3.319376 0.820360 -0.013763 -1.952701 0.049192 -0.539257 -0.837217 -0.301683 -0.003603 -0.009711 -0.157944 0.724641 2.454857 3.786442 0.662848 -0.021139 0.048419 0.133240 0.123207 -0.172899 -0.008310 -1.356662 -0.000822 -0.659786 -0.025542 -1.012925 -0.004862 2.280148 0.013711 -0.278303 0.063758 1.131566 3.194703 4.681018 5.512684 5.702810 4.769138 2.487958 -9999.0
-9999.0 -9999.0 -9999.0 -9999.0 -9999.0 -9999.0 -9999.0 -9999.0 -3.710413 -0.004953 -2.426722 -1.533711 -0.382141 -0.082739 0.631989 2.058486 3.069506 2.275561 0.741334 2.579972 4.435247 5.866135 5.991939 5.650147 4.224205 0.121283 -1.061446 -0.027783 -0.004738 -0.001163 -0.252526 0.009615 2.444901 0.699108 0.356708 1.241019 2.646541 5.730173 5.115774 1.988319 0.573042 0.430801 0.573005 -0.010175 -0.934220 0.377512 -0.301299 -0.031161 -0.403795 0.000987 1.423551 1.470248 1.840456 1.199618 1.975643 2.374127 3.170073 4.241144 5.008832 4.822887 3.927092 1.894545 -9999.0
-9999.0 -9999.0 -0.003721 -0.003006 -3.668875 -1.650930 -2.919609 -2.535989 -0.991462 -0.008365 -1.102817 -0.420973 -0.067232 -0.000106 2.200705 1.041650 -0.009241 -1.186545 -0.650783 0.024065 2.446531 5.183564 5.462451 5.803700 3.779060 1.724604 0.030885 0.227359 2.368203 2.153895 -0.005196 0.641698 4.535910 3.127231 3.964524 4.317726 6.358778 7.964939 6.871452 4.196234 4.003797 4.094947 3.983306 2.600220 -0.002232 0.380413 1.314382 1.498504 2.433574 3.457448 4.080850 3.653282 2.871240 2.196657 2.100570 4.187574 2.874271 3.523647 3.372395 3.294444 2.941450 1.103169 -9999.0
-9999.0 -0.716778 -0.800085 -1.003345 -1.512778 -0.875467 -2.967293 -3.048496 -4.012505 -1.458521 -2.181651 -0.817925 -0.005625 1.234739 0.893999 -0.273391 -1.182114 -1.983624 -1.346355 -0.005603 2.227996 3.985965 5.263994 4.676446 5.480942 3.519728 3.742819 4.109007 4.258194 3.136125 2.772768 2.973092 4.720274 7.018429 7.034591 8.274333 9.894919 10.866441 10.075151 8.407037 7.542315 7.427759 6.715293 4.503196 3.217444 3.615780 4.358178 5.631568 5.941177 5.878621 4.643012 3.656489 2.655847 1.750329 1.668976 1.147338 0.535091 0.895017 0.906391 1.117351 0.274007 0.893534 -9999.0
-9999.0 0.751120 -0.019423 -0.024601 0.167184 -0.222817 -2.487319 -3.564150 -1.926439 -1.953948 -2.720681 -1.201289 0.049201 1.026110 -0.064274 -2.485844 -2.882911 -2.324584 -0.358580 -0.010947 1.658476 1.865712 2.859309 2.785601 5.069949 5.953710 5.127047 5.435457 5.722519 6.089639 6.233682 5.997805 6.622242 7.527781 9.677871 10.566725 13.714974 14.756572 12.933940 11.854164 11.157429 10.229337 9.136774 7.764874 7.629469 7.496980 7.228091 7.086635 6.454523 5.636510 3.831524 1.897360 0.677422 1.318795 0.413307 -0.006198 -0.404777 -0.030602 -0.007425 -0.047917 -0.004640 -9999.0 -9999.0
