user2019/resources/simulation/Vinschgau/output-maps/TsL0004N0065.asc
ncols         63
nrows         48
xllcorner     598000.000000
yllcorner     5145000.000000
cellsize      1000.000000
NODATA_value  -9999.0
[rows 0 to 27 of 48, columns 0 to 62 of 63]
-9999.0 -9999.0 -9999.0 -9999.0 -9999.0 -9999.0 -9999.0 -9999.0 -9999.0 -9999.0 -9999.0 -9999.0 -9999.0 -9999.0 -9999.0 -9999.0 -9999.0 -9999.0 -9999.0 -9999.0 -9999.0 -9999.0 -9999.0 -9999.0 -9999.0 -9999.0 -9999.0 -9999.0 -9999.0 -9999.0 -9999.0 -9999.0 -9999.0 -9999.0 -9999.0 -9999.0 -9999.0 -9999.0 -9999.0 -9999.0 -9999.0 -9999.0 -9999.0 -9999.0 -9999.0 -9999.0 -9999.0 -9999.0 -9999.0 -9999.0 -9999.0 -9999.0 -9999.0 -9999.0 -9999.0 -9999.0 -9999.0 -9999.0 -9999.0 -9999.0 -9999.0 -9999.0 -9999.0
-9999.0 -9999.0 -9999.0 -9999.0 -9999.0 -9999.0 -9999.0 -9999.0 -9999.0 -9999.0 -9999.0 -9999.0 -9999.0 -9999.0 -9999.0 -9999.0 -9999.0 -9999.0 -9999.0 -9999.0 -9999.0 -9999.0 -9999.0 -9999.0 -9999.0 -9999.0 -9999.0 -0.606427 -0.853702 -0.961604 -0.802113 -0.854062 -0.783802 -9999.0 -9999.0 -9999.0 -9999.0 -9999.0 -9999.0 -9999.0 -9999.0 -9999.0 -9999.0 -9999.0 -9999.0 -9999.0 -9999.0 -9999.0 -9999.0 -9999.0 -9999.0 -9999.0 -9999.0 -9999.0 -9999.0 -9999.0 -9999.0 -9999.0 -9999.0 -9999.0 -9999.0 -9999.0 -9999.0
-9999.0 -9999.0 -9999.0 -9999.0 -9999.0 -9999.0 -9999.0 -9999.0 -9999.0 -9999.0 -9999.0 -9999.0 -9999.0 -9999.0 -9999.0 -9999.0 -9999.0 -9999.0 -9999.0 -9999.0 -9999.0 -9999.0 -9999.0 -9999.0 -0.064067 -0.355857 -0.662134 -1.012539 -0.231801 -0.538156 -0.805018 -9999.0 -9999.0 -9999.0 -9999.0 -9999.0 -9999.0 -9999.0 -9999.0 -9999.0 -9999.0 -9999.0 -9999.0 -9999.0 -9999.0 -9999.0 -9999.0 -9999.0 -9999.0 -9999.0 -9999.0 -9999.0 -9999.0 -9999.0 -9999.0 -9999.0 -9999.0 -9999.0 -9999.0 -9999.0 -9999.0 -9999.0 -9999.0
-9999.0 -9999.0 -9999.0 -9999.0 -9999.0 -9999.0 -9999.0 -9999.0 -9999.0 -9999.0 -9999.0 -9999.0 -9999.0 -9999.0 -9999.0 -9999.0 -9999.0 -9999.0 -9999.0 -9999.0 -9999.0 -9999.0 -9999.0 -0.192031 -0.038634 -0.004338 -0.004916 0.004242 -0.015944 -0.809709 -1.154510 -0.554016 -9999.0 -9999.0 -9999.0 -9999.0 -9999.0 -9999.0 -9999.0 -9999.0 -9999.0 -9999.0 -9999.0 -9999.0 -9999.0 -9999.0 -9999.0 -9999.0 -9999.0 -9999.0 -9999.0 -9999.0 -9999.0 -9999.0 -9999.0 -9999.0 -9999.0 -9999.0 -9999.0 -9999.0 -9999.0 -9999.0 -9999.0
-9999.0 -9999.0 -9999.0 -9999.0 -9999.0 -9999.0 -9999.0 -9999.0 -9999.0 -9999.0 -9999.0 -9999.0 -9999.0 -9999.0 -9999.0 -9999.0 -9999.0 -9999.0 0.079397 -0.006632 -9999.0 -0.117055 -0.055463 0.014900 0.079811 0.223563 -0.034389 -0.034912 0.214622 -0.018805 -0.961123 -0.993462 -1.310935 -1.438002 -9999.0 -9999.0 -9999.0 -9999.0 -9999.0 -9999.0 -9999.0 -9999.0 -9999.0 -9999.0 -9999.0 -9999.0 -9999.0 -9999.0 -9999.0 -9999.0 -9999.0 -9999.0 -9999.0 -9999.0 -9999.0 -9999.0 -9999.0 -9999.0 -9999.0 -9999.0 -9999.0 -9999.0 -9999.0
-9999.0 -9999.0 -9999.0 -9999.0 -9999.0 -9999.0 -9999.0 -9999.0 -9999.0 -9999.0 -9999.0 -9999.0 -9999.0 -9999.0 -9999.0 -9999.0 -9999.0 1.746253 0.454871 0.001963 -0.133725 -0.037270 -0.020967 -0.007094 0.093409 -0.007960 -0.034338 -0.027348 -0.043555 -0.036995 -0.012402 -0.708890 -0.865295 -1.242527 -0.779525 -1.035067 -9999.0 -9999.0 -9999.0 -9999.0 -9999.0 -9999.0 -9999.0 -9999.0 -9999.0 -9999.0 -9999.0 -9999.0 -9999.0 -9999.0 -9999.0 -9999.0 -9999.0 -9999.0 -9999.0 -9999.0 -9999.0 -9999.0 -9999.0 -9999.0 -9999.0 -9999.0 -9999.0
-9999.0 -9999.0 -9999.0 -9999.0 -9999.0 -9999.0 -9999.0 -9999.0 -9999.0 -9999.0 -9999.0 -9999.0 -9999.0 -0.061662 -0.009927 0.108029 1.010749 1.394102 1.332340 0.060908 0.104842 0.159791 0.201188 0.072895 -0.024904 -0.275970 -0.714683 -0.263900 -0.521293 -0.049412 -0.036754 -0.084339 -0.433942 -0.859828 -1.232527 -1.658411 -9999.0 -9999.0 -9999.0 -9999.0 -9999.0 -9999.0 -9999.0 -9999.0 -9999.0 -9999.0 -9999.0 -9999.0 -9999.0 -9999.0 -9999.0 -9999.0 -9999.0 -9999.0 -9999.0 -9999.0 -9999.0 -9999.0 -9999.0 -9999.0 -9999.0 -9999.0 -9999.0
-9999.0 -9999.0 -9999.0 -9999.0 -9999.0 -9999.0 -9999.0 -9999.0 -9999.0 -9999.0 -9999.0 -9999.0 -9999.0 -0.011298 0.157006 0.189181 0.183830 1.019093 1.431044 0.411094 0.596261 -0.009101 0.083816 -0.007968 -0.019880 -0.056035 -0.833979 -0.717339 -0.844695 -0.692115 -0.106343 -0.812946 -1.316581 -2.029308 -1.880659 -9999.0 -9999.0 -9999.0 -9999.0 -9999.0 -9999.0 -9999.0 -9999.0 -9999.0 -9999.0 -9999.0 -9999.0 -9999.0 -9999.0 -9999.0 -9999.0 -9999.0 -9999.0 -9999.0 -9999.0 -9999.0 -9999.0 -9999.0 -9999.0 -9999.0 -9999.0 -9999.0 -9999.0
-9999.0 -9999.0 -9999.0 -9999.0 -9999.0 -9999.0 -9999.0 -9999.0 -9999.0 -9999.0 -9999.0 -9999.0 -9999.0 -0.006411 0.134076 0.114087 0.070879 0.248642 1.393999 0.993297 -0.005066 -0.033496 -0.012410 -0.042995 -0.031979 -0.015420 -0.584425 -0.768981 -1.016947 -0.932772 -0.796035 -1.766519 -1.761843 -2.180481 -2.252823 -9999.0 -9999.0 -9999.0 -9999.0 -9999.0 -9999.0 -9999.0 -9999.0 -9999.0 -9999.0 -9999.0 -9999.0 -9999.0 -9999.0 -9999.0 -9999.0 -9999.0 -9999.0 -9999.0 -9999.0 -9999.0 -9999.0 -9999.0 -9999.0 -9999.0 -9999.0 -9999.0 -9999.0
-9999.0 -9999.0 -9999.0 -9999.0 -9999.0 -9999.0 -9999.0 -9999.0 -9999.0 -9999.0 -9999.0 -9999.0 -0.005971 0.047732 0.049206 -0.054884 -0.006837 0.139726 1.202220 0.215265 -0.007373 -0.134014 -0.103727 -0.110748 -0.039646 -0.669163 -0.087378 -0.395957 -0.806092 -0.818909 -0.920646 -0.987668 -1.104315 -1.021068 -9999.0 -9999.0 -9999.0 -9999.0 -9999.0 -9999.0 -9999.0 -9999.0 -9999.0 -9999.0 -9999.0 -9999.0 -9999.0 -9999.0 -9999.0 -9999.0 -9999.0 -9999.0 -9999.0 -9999.0 -9999.0 -9999.0 -9999.0 -9999.0 -9999.0 -9999.0 -9999.0 -9999.0 -9999.0
-9999.0 -9999.0 -9999.0 -9999.0 -9999.0 -9999.0 -9999.0 -9999.0 -9999.0 -9999.0 -9999.0 -0.034462 -0.025352 -0.002595 -0.049106 -0.052297 -0.030281 0.099312 1.229851 0.554837 0.057689 -0.006540 -0.078074 -0.533014 -0.143027 -0.439081 -0.735554 -0.425371 -0.353991 -1.208757 -0.708512 -1.012146 -0.890757 -1.081285 -1.248297 -1.568367 -1.842090 -1.265184 -0.477461 -9999.0 -9999.0 -9999.0 -1.288535 -9999.0 -9999.0 -9999.0 -9999.0 -9999.0 -9999.0 -9999.0 -9999.0 -9999.0 -9999.0 -9999.0 -9999.0 -9999.0 -9999.0 -9999.0 -9999.0 -9999.0 -9999.0 -9999.0 -9999.0
-9999.0 -9999.0 -9999.0 -9999.0 -9999.0 -9999.0 -9999.0 -9999.0 -9999.0 -9999.0 -9999.0 -0.052382 -0.034013 -0.006872 -0.010207 -0.054507 -0.009054 0.286245 1.232469 0.641350 0.138264 0.002305 -0.058349 -0.248150 -0.118195 -0.464077 -0.555960 -0.662012 -0.476145 -0.695901 -0.899224 -0.586945 -1.240615 -1.081972 -1.339789 -1.275695 -0.373423 -0.892962 -1.489999 -4.007218 -2.251945 -2.123379 -1.304872 -0.997730 -9999.0 -9999.0 -9999.0 -0.013151 -0.010616 -0.026702 -0.008754 -0.009993 -0.009254 -0.004443 -0.004401 -0.010369 -9999.0 -9999.0 -9999.0 -9999.0 -9999.0 -9999.0 -9999.0
-9999.0 -9999.0 -9999.0 -9999.0 -9999.0 -9999.0 -9999.0 -9999.0 -9999.0 -9999.0 -9999.0 -0.049310 -0.101090 -0.048293 -0.036582 -0.057727 -0.016916 0.107421 0.725461 0.803058 0.133377 -0.006762 -0.027683 -0.149154 -0.615512 -0.473479 -0.059272 -0.078771 -0.524263 -0.611355 -0.728343 -0.419819 -0.879576 -1.125059 -1.313077 -1.324414 -2.374056 -0.277301 -0.017485 -4.410715 -1.111967 -1.915306 -0.418096 -1.094353 -0.700027 -9999.0 -0.512053 -0.020496 -0.007302 -0.004837 -0.006064 -0.061735 0.000980 0.009801 0.006835 -0.003109 -9999.0 -9999.0 -9999.0 -9999.0 -9999.0 -9999.0 -9999.0
-9999.0 -9999.0 -9999.0 -9999.0 -9999.0 -9999.0 -9999.0 -9999.0 -9999.0 -9999.0 -9999.0 -9999.0 -0.051460 -0.034671 -0.006577 -0.010052 -0.055445 0.034354 1.285373 0.976030 0.123720 -0.006439 -0.004445 -0.020854 -0.382010 -0.070241 -0.000586 -0.526310 -0.576638 -0.500188 -0.716582 -0.356587 -0.873798 -1.019836 -1.029115 -1.812293 -3.296784 -0.244036 0.121386 -3.591857 -0.553858 -0.117693 -1.060240 -0.013821 -0.936828 -0.257238 -0.257735 -0.040358 -0.078026 -0.048090 -0.036122 -0.017995 -0.024153 -0.012925 -0.097717 -0.149186 -0.007809 -9999.0 -9999.0 -9999.0 -9999.0 -9999.0 -9999.0
-9999.0 -9999.0 -9999.0 -9999.0 -9999.0 -9999.0 -9999.0 -9999.0 -9999.0 -9999.0 -9999.0 -0.018864 -0.222085 -0.051599 -0.011731 -0.010680 -0.011878 -0.002587 1.258485 1.648276 0.219638 0.068881 -0.010144 -0.039793 -0.037723 -0.009890 -0.040805 -0.635274 -0.587096 -0.692052 -0.329239 -0.070306 -0.027823 -0.969182 -1.611444 -1.643822 -2.640492 -1.636276 -0.013733 -0.012100 -1.920131 -0.008365 -0.005474 -0.589485 -0.010456 -0.210107 -0.038911 -0.424741 -0.046590 -0.072896 -0.333789 -0.575115 -0.301772 -0.572767 -0.593157 -0.678891 -0.008485 -9999.0 -9999.0 -9999.0 -9999.0 -9999.0 -9999.0
-9999.0 -9999.0 -9999.0 -9999.0 -9999.0 -9999.0 -9999.0 -9999.0 -9999.0 -9999.0 -0.031861 -0.012971 -0.006685 -0.053392 -0.005842 -0.010031 -0.041587 -0.015546 0.766308 1.646733 0.872316 -0.004985 -0.007843 0.000739 -0.006382 -0.031057 -0.416750 -0.534852 -0.010590 -0.012730 -0.021564 -0.046564 -0.373052 -0.901728 -2.405243 -1.632947 -1.496989 -3.327397 -0.014330 -0.005056 0.146710 0.124443 0.171848 0.314127 -0.030550 -1.014032 -0.027546 -0.220599 -0.015691 -0.013865 -0.031329 -0.638293 -0.619312 -0.695538 -0.659124 -0.000892 -0.003581 -9999.0 -9999.0 -9999.0 -9999.0 -9999.0 -9999.0
-9999.0 -9999.0 -9999.0 -9999.0 -9999.0 -9999.0 -9999.0 -9999.0 -9999.0 -0.322077 -0.049615 -0.032345 -0.009637 -0.012632 -0.009005 -0.040231 -0.065002 0.001716 1.059337 1.887315 0.990014 -0.004246 -0.003872 0.009423 -0.023314 -0.155965 -0.685584 -0.004855 -0.011262 -0.011335 -0.005487 -0.190365 -0.875722 -1.272335 -0.988343 -1.527411 -1.015796 -1.131430 -1.014218 -2.354633 -0.005342 -0.066679 -0.099339 0.682013 0.187986 -0.013353 0.079527 -0.203091 -0.081866 -0.003686 -0.072677 -0.009716 -0.757969 -0.146566 -0.010970 -0.017681 -0.006041 0.003788 -0.001632 -9999.0 -9999.0 -9999.0 -9999.0
-9999.0 -9999.0 -9999.0 -9999.0 -9999.0 -9999.0 -9999.0 -9999.0 -9999.0 -0.208708 -0.178229 -0.191992 0.060318 -0.008512 -0.011948 -0.010551 0.010624 -0.006852 1.829172 1.774487 1.547541 0.929212 -0.006206 -0.005694 -0.158915 -0.072396 -0.016198 -0.006693 0.020263 -0.034186 -0.050441 -0.482061 -0.650312 -0.671291 -1.118749 -1.241004 -1.228859 -0.984094 -0.934955 -0.307115 -0.061063 -0.634799 -0.063990 -0.007314 1.181010 0.552580 0.325806 0.023774 -0.005460 -0.004991 -0.040233 -0.033170 -0.013809 -0.218481 -0.598415 -0.023205 -0.007752 -0.008521 0.005597 -9999.0 -9999.0 -9999.0 -9999.0
-9999.0 -9999.0 -9999.0 -9999.0 -9999.0 -9999.0 -9999.0 -9999.0 -9999.0 -9999.0 -0.259855 -0.167904 -0.025451 0.024909 -0.006799 -0.009801 -0.007658 0.067916 2.831292 2.552688 1.661078 0.726872 -0.006608 -0.005289 -0.057873 -0.008274 0.041623 0.126101 -0.043998 -0.270879 -0.349534 -0.049397 -0.731104 -0.780652 -0.837548 -0.030866 -0.069322 -0.171696 -0.960728 -0.796682 -0.810840 -0.062034 -0.036489 -0.052295 -0.051960 -0.015146 0.091512 0.172155 1.384923 -0.004267 -0.065604 -0.047964 -0.008940 -0.012322 -0.199105 -0.613208 -0.070754 -0.012252 -0.003866 -0.004351 -9999.0 -9999.0 -9999.0
-9999.0 -9999.0 -9999.0 -9999.0 -9999.0 -9999.0 -9999.0 -9999.0 -9999.0 -9999.0 -0.294981 -0.217699 -0.069075 -0.008585 0.194091 0.021168 -0.004674 0.782902 3.406211 3.071632 1.441065 0.087104 0.000386 -0.010754 -0.008308 0.102350 0.823620 -0.005941 -0.056155 -0.711961 -0.688621 -0.078851 -0.521980 -0.806744 -0.752470 -0.319476 -0.062913 -0.290532 -0.926713 -0.749326 -0.312755 -0.109342 -0.090723 -0.477725 -0.060041 -0.040837 -0.029657 -0.048913 1.198814 1.409227 -0.005487 -0.028788 -0.014146 -0.008167 -0.010549 -0.006282 -0.637312 -0.006228 1.389849 1.066754 -9999.0 -9999.0 -9999.0
-9999.0 -9999.0 -9999.0 -9999.0 -9999.0 -9999.0 -9999.0 -9999.0 -0.007416 -0.008512 -0.112408 -0.065349 -0.047551 -0.048913 -0.010820 0.594499 1.117842 2.081615 3.380939 3.428310 3.160176 1.345158 1.088677 0.092793 0.036137 1.471090 0.103505 -0.045112 -0.062362 -0.613062 -0.840574 -0.708274 -0.558742 -0.681459 -0.269181 -0.757653 -0.060603 -0.087567 -0.697481 -0.337372 -0.647654 -0.439084 -0.666015 -0.730481 -0.067624 -0.011578 -0.373606 -0.013391 -0.001960 1.708607 0.091858 -0.010883 -0.013945 -0.019825 -0.000947 0.009689 0.005015 -0.003354 0.388284 3.632534 -9999.0 -9999.0 -9999.0
-9999.0 -9999.0 -9999.0 -9999.0 -9999.0 -9999.0 -9999.0 -9999.0 -0.038506 -0.010311 -0.152233 -0.501840 -0.196587 -0.014023 -0.012149 -0.002409 0.529634 0.583776 3.683391 3.918846 4.261970 3.506298 1.771692 0.620044 1.170624 2.295861 0.388661 -0.037970 -0.550710 -0.156921 -0.299911 -0.744804 -0.092414 -0.385421 -0.025612 -0.037808 -0.043610 -0.027748 -0.449248 -0.039241 -0.782057 -0.825799 -0.748936 -0.011228 -0.028091 -0.029562 -0.556868 -0.424549 -0.042917 1.295195 1.924952 -0.014103 -0.016701 0.001770 -0.042033 -0.008411 -0.013248 -0.001903 2.649207 4.703533 4.932054 -9999.0 -9999.0
-9999.0 -9999.0 -9999.0 -9999.0 -9999.0 -9999.0 -9999.0 -9999.0 -0.499671 -0.043597 -0.006569 -0.121310 -0.039536 -0.231210 -0.007388 -0.010662 0.139120 0.425878 3.803419 4.183441 4.330584 4.057829 3.689048 2.990974 2.694697 1.796906 0.110505 -0.052427 -0.840997 -0.769523 -0.637516 -0.037595 -0.802060 -0.825051 -0.010933 -0.016531 -0.057667 -0.011354 -0.124878 -0.121392 -0.225167 -0.295889 -0.010119 -0.104434 -0.217336 -0.292117 -0.017118 -0.005359 -0.076213 0.125197 3.484443 0.664657 -0.026269 -0.052602 -0.001164 0.557818 0.366123 3.140409 4.462498 4.771370 4.916578 -9999.0 -9999.0
-9999.0 -9999.0 -9999.0 -9999.0 -9999.0 -9999.0 -9999.0 -9999.0 -0.586014 -0.069812 -0.004860 -0.316034 -0.005998 -0.006632 -0.002241 0.478537 3.077345 3.955623 2.660221 4.109856 4.026266 4.399922 4.282825 3.745427 2.341216 0.385522 -0.006911 -0.064120 -0.007459 -0.011336 -0.196892 -0.063397 -0.014848 -0.017991 -0.244285 -0.061136 -0.074644 0.030486 -0.055844 -0.505986 -0.014299 -0.006279 -0.004484 -0.758508 -0.007948 -0.010596 0.000513 -0.040206 -0.002130 -0.034101 0.646259 3.968822 1.135613 0.218327 2.850920 3.697896 4.542557 5.068305 5.609806 4.909710 3.637313 1.428061 -9999.0
-9999.0 -9999.0 -9999.0 -9999.0 -9999.0 -9999.0 -9999.0 -9999.0 -0.110812 -0.041672 -0.004833 -0.003783 -0.001489 0.090142 0.398551 2.193625 1.848993 1.934233 0.414578 1.766190 3.464262 4.227070 4.360982 4.221354 0.783375 0.031229 -0.025648 -0.007752 -0.003892 -0.005007 -0.018373 -0.012494 0.009806 -0.016262 -0.057237 -0.051269 -0.022401 0.590796 -0.007014 -0.033904 -0.088758 -0.048778 -0.018914 -0.036205 -0.387812 -0.009467 -0.045063 -0.014967 -0.012440 0.070108 0.701624 3.257537 4.265596 4.207118 4.474199 4.485732 5.006178 4.964570 4.707749 3.814349 2.844631 0.717464 -9999.0
-9999.0 -9999.0 -0.093916 -0.032063 -0.041523 -0.093036 -0.010609 -0.139974 -0.042827 -0.035986 -0.031080 0.223891 0.223279 0.547287 1.928183 1.981785 0.083706 -0.048299 -0.045576 -0.000696 1.874342 4.414956 4.237509 4.347840 2.800896 0.695071 -0.001952 -0.001625 1.308796 0.103949 -0.011979 -0.002903 0.770610 0.132824 0.155898 -0.002170 0.433626 1.393597 0.642501 -0.016571 -0.015705 -0.004064 -0.004282 0.000705 -0.014622 -0.015867 0.186406 0.500277 1.609758 3.100774 4.246974 4.832899 4.984078 4.532804 4.526435 5.121044 4.682871 4.252317 3.175732 2.703311 0.166513 0.012670 -9999.0
-9999.0 -0.010237 -0.010304 -0.010276 -0.016494 -0.007410 -0.036560 -0.073679 -0.099134 -0.234337 -0.040545 -0.005038 1.195419 1.478120 1.201130 0.006872 -0.040247 -0.059717 -0.024070 -0.001196 1.624764 3.904234 3.525312 4.553364 3.849567 2.815177 1.879329 2.041315 2.769998 1.420624 0.793614 0.461890 0.681296 2.246143 2.336885 2.562626 3.115665 3.846842 3.138584 0.415080 0.472841 2.299873 2.124152 0.744526 0.384578 1.338455 2.165821 4.095208 4.581620 4.651613 4.649858 4.582749 4.500593 3.849336 3.894016 3.306846 0.828042 1.921331 0.711746 -0.003212 0.002894 0.002537 -9999.0
-9999.0 -0.027198 -0.005733 -0.005278 0.016330 -0.005444 -0.018610 -0.314211 -0.124921 -0.082174 -0.041122 -0.005097 0.833996 1.161154 0.369066 -0.044696 -0.109106 -0.122181 -0.003977 0.398526 0.784497 3.048095 4.297590 3.605453 4.030728 4.317677 4.524033 4.055155 3.965443 4.353694 4.128868 3.500529 3.228738 3.399583 3.739819 4.395039 5.290977 5.816287 5.391634 4.892249 4.820563 4.663727 4.193307 3.914380 4.315450 4.653284 4.669675 4.958657 4.702172 4.627116 3.683825 2.988814 1.334079 3.512251 0.436925 0.910544 0.937062 -0.007412 -0.005997 -0.004608 -0.002804 -9999.0 -9999.0
