user2019/resources/simulation/Vinschgau/output-maps/TsL0004N1200.asc
ncols         63
nrows         48
xllcorner     598000.000000
yllcorner     5145000.000000
cellsize      1000.000000
NODATA_value  -9999.0
[rows 0 to 27 of 48, columns 0 to 62 of 63]
-9999.0 -9999.0 -9999.0 -9999.0 -9999.0 -9999.0 -9999.0 -9999.0 -9999.0 -9999.0 -9999.0 -9999.0 -9999.0 -9999.0 -9999.0 -9999.0 -9999.0 -9999.0 -9999.0 -9999.0 -9999.0 -9999.0 -9999.0 -9999.0 -9999.0 -9999.0 -9999.0 -9999.0 -9999.0 -9999.0 -9999.0 -9999.0 -9999.0 -9999.0 -9999.0 -9999.0 -9999.0 -9999.0 -9999.0 -9999.0 -9999.0 -9999.0 -9999.0 -9999.0 -9999.0 -9999.0 -9999.0 -9999.0 -9999.0 -9999.0 -9999.0 -9999.0 -9999.0 -9999.0 -9999.0 -9999.0 -9999.0 -9999.0 -9999.0 -9999.0 -9999.0 -9999.0 -9999.0
-9999.0 -9999.0 -9999.0 -9999.0 -9999.0 -9999.0 -9999.0 -9999.0 -9999.0 -9999.0 -9999.0 -9999.0 -9999.0 -9999.0 -9999.0 -9999.0 -9999.0 -9999.0 -9999.0 -9999.0 -9999.0 -9999.0 -9999.0 -9999.0 -9999.0 -9999.0 -9999.0 3.225518 0.392273 4.477052 -0.000095 -0.000312 -0.041840 -9999.0 -9999.0 -9999.0 -9999.0 -9999.0 -9999.0 -9999.0 -9999.0 -9999.0 -9999.0 -9999.0 -9999.0 -9999.0 -9999.0 -9999.0 -9999.0 -9999.0 -9999.0 -9999.0 -9999.0 -9999.0 -9999.0 -9999.0 -9999.0 -9999.0 -9999.0 -9999.0 -9999.0 -9999.0 -9999.0
-9999.0 -9999.0 -9999.0 -9999.0 -9999.0 -9999.0 -9999.0 -9999.0 -9999.0 -9999.0 -9999.0 -9999.0 -9999.0 -9999.0 -9999.0 -9999.0 -9999.0 -9999.0 -9999.0 -9999.0 -9999.0 -9999.0 -9999.0 -9999.0 1.812982 2.151773 2.709105 1.770970 2.765280 2.267085 -0.000280 -9999.0 -9999.0 -9999.0 -9999.0 -9999.0 -9999.0 -9999.0 -9999.0 -9999.0 -9999.0 -9999.0 -9999.0 -9999.0 -9999.0 -9999.0 -9999.0 -9999.0 -9999.0 -9999.0 -9999.0 -9999.0 -9999.0 -9999.0 -9999.0 -9999.0 -9999.0 -9999.0 -9999.0 -9999.0 -9999.0 -9999.0 -9999.0
-9999.0 -9999.0 -9999.0 -9999.0 -9999.0 -9999.0 -9999.0 -9999.0 -9999.0 -9999.0 -9999.0 -9999.0 -9999.0 -9999.0 -9999.0 -9999.0 -9999.0 -9999.0 -9999.0 -9999.0 -9999.0 -9999.0 -9999.0 2.379369 4.249347 4.614604 4.926521 5.091087 5.183292 2.974940 -0.000296 -0.000471 -9999.0 -9999.0 -9999.0 -9999.0 -9999.0 -9999.0 -9999.0 -9999.0 -9999.0 -9999.0 -9999.0 -9999.0 -9999.0 -9999.0 -9999.0 -9999.0 -9999.0 -9999.0 -9999.0 -9999.0 -9999.0 -9999.0 -9999.0 -9999.0 -9999.0 -9999.0 -9999.0 -9999.0 -9999.0 -9999.0 -9999.0
-9999.0 -9999.0 -9999.0 -9999.0 -9999.0 -9999.0 -9999.0 -9999.0 -9999.0 -9999.0 -9999.0 -9999.0 -9999.0 -9999.0 -9999.0 -9999.0 -9999.0 -9999.0 9.523237 4.035590 -9999.0 3.591223 4.294352 4.469352 4.470241 5.367950 6.214309 6.556491 3.121797 1.490813 2.507267 -0.000075 -0.001078 -0.001185 -9999.0 -9999.0 -9999.0 -9999.0 -9999.0 -9999.0 -9999.0 -9999.0 -9999.0 -9999.0 -9999.0 -9999.0 -9999.0 -9999.0 -9999.0 -9999.0 -9999.0 -9999.0 -9999.0 -9999.0 -9999.0 -9999.0 -9999.0 -9999.0 -9999.0 -9999.0 -9999.0 -9999.0 -9999.0
-9999.0 -9999.0 -9999.0 -9999.0 -9999.0 -9999.0 -9999.0 -9999.0 -9999.0 -9999.0 -9999.0 -9999.0 -9999.0 -9999.0 -9999.0 -9999.0 -9999.0 5.793514 4.442808 5.417316 8.205703 0.487592 2.036481 4.227290 7.085223 -0.004960 -0.043563 0.958942 -0.032714 2.810025 4.755965 2.771100 5.036731 2.512651 -0.001758 -0.001897 -9999.0 -9999.0 -9999.0 -9999.0 -9999.0 -9999.0 -9999.0 -9999.0 -9999.0 -9999.0 -9999.0 -9999.0 -9999.0 -9999.0 -9999.0 -9999.0 -9999.0 -9999.0 -9999.0 -9999.0 -9999.0 -9999.0 -9999.0 -9999.0 -9999.0 -9999.0 -9999.0
-9999.0 -9999.0 -9999.0 -9999.0 -9999.0 -9999.0 -9999.0 -9999.0 -9999.0 -9999.0 -9999.0 -9999.0 -9999.0 8.455040 3.968566 4.153484 5.510101 15.788854 5.541876 5.096119 4.810730 4.216253 5.257514 7.316425 -0.009140 4.112585 -0.006416 -0.038155 -0.021495 -0.001854 -0.169261 3.089621 1.033484 -0.000096 0.969817 -0.001990 -9999.0 -9999.0 -9999.0 -9999.0 -9999.0 -9999.0 -9999.0 -9999.0 -9999.0 -9999.0 -9999.0 -9999.0 -9999.0 -9999.0 -9999.0 -9999.0 -9999.0 -9999.0 -9999.0 -9999.0 -9999.0 -9999.0 -9999.0 -9999.0 -9999.0 -9999.0 -9999.0
-9999.0 -9999.0 -9999.0 -9999.0 -9999.0 -9999.0 -9999.0 -9999.0 -9999.0 -9999.0 -9999.0 -9999.0 -9999.0 9.335107 6.168978 4.892469 4.717833 15.089323 15.836278 7.032549 4.820379 10.093641 3.314117 1.783476 2.859629 1.237045 0.590197 4.231798 1.254801 -0.044231 -0.397253 0.028681 -0.000664 -0.010774 -0.001432 -9999.0 -9999.0 -9999.0 -9999.0 -9999.0 -9999.0 -9999.0 -9999.0 -9999.0 -9999.0 -9999.0 -9999.0 -9999.0 -9999.0 -9999.0 -9999.0 -9999.0 -9999.0 -9999.0 -9999.0 -9999.0 -9999.0 -9999.0 -9999.0 -9999.0 -9999.0 -9999.0 -9999.0
-9999.0 -9999.0 -9999.0 -9999.0 -9999.0 -9999.0 -9999.0 -9999.0 -9999.0 -9999.0 -9999.0 -9999.0 -9999.0 6.334854 6.822430 7.473151 4.607165 5.240385 16.480382 5.555465 12.348439 4.228919 0.361350 -0.018063 3.090969 2.200788 6.220516 -0.000633 -0.000412 -0.002733 -0.000250 -2.336671 -0.328999 -5.777812 -0.001417 -9999.0 -9999.0 -9999.0 -9999.0 -9999.0 -9999.0 -9999.0 -9999.0 -9999.0 -9999.0 -9999.0 -9999.0 -9999.0 -9999.0 -9999.0 -9999.0 -9999.0 -9999.0 -9999.0 -9999.0 -9999.0 -9999.0 -9999.0 -9999.0 -9999.0 -9999.0 -9999.0 -9999.0
-9999.0 -9999.0 -9999.0 -9999.0 -9999.0 -9999.0 -9999.0 -9999.0 -9999.0 -9999.0 -9999.0 -9999.0 5.226540 6.376188 7.191905 5.448425 3.193189 4.903632 16.331818 7.370960 5.149728 -0.006407 0.497773 -0.014042 -0.206309 0.250099 -1.065997 -0.000362 0.070647 -0.000729 -0.826125 -0.001075 -0.000538 -0.001230 -9999.0 -9999.0 -9999.0 -9999.0 -9999.0 -9999.0 -9999.0 -9999.0 -9999.0 -9999.0 -9999.0 -9999.0 -9999.0 -9999.0 -9999.0 -9999.0 -9999.0 -9999.0 -9999.0 -9999.0 -9999.0 -9999.0 -9999.0 -9999.0 -9999.0 -9999.0 -9999.0 -9999.0 -9999.0
-9999.0 -9999.0 -9999.0 -9999.0 -9999.0 -9999.0 -9999.0 -9999.0 -9999.0 -9999.0 -9999.0 8.121990 6.623066 3.321140 6.773259 11.640837 6.806159 5.224555 15.522154 8.838195 3.527004 3.805329 4.402672 2.252786 0.671989 1.503289 -0.000362 0.236923 -0.000476 -0.001498 -0.000929 1.230005 0.830211 -0.001390 -0.001168 1.778234 -0.001358 0.374780 0.791117 -9999.0 -9999.0 -9999.0 -0.001513 -9999.0 -9999.0 -9999.0 -9999.0 -9999.0 -9999.0 -9999.0 -9999.0 -9999.0 -9999.0 -9999.0 -9999.0 -9999.0 -9999.0 -9999.0 -9999.0 -9999.0 -9999.0 -9999.0 -9999.0
-9999.0 -9999.0 -9999.0 -9999.0 -9999.0 -9999.0 -9999.0 -9999.0 -9999.0 -9999.0 -9999.0 7.100624 6.201576 7.808610 7.480156 11.690694 9.056755 5.734678 16.029522 11.556499 11.954249 7.848626 3.765084 -0.529650 -0.503818 0.296861 0.033094 1.679157 4.225866 -0.001241 0.062455 2.177970 -0.000466 -0.000627 -0.000536 0.116669 3.074506 4.094140 0.650841 -0.001532 -0.001206 -0.000996 -0.000087 -0.000867 -9999.0 -9999.0 -9999.0 -0.006103 -0.012321 -0.002167 -0.012893 -0.024316 -0.022310 -0.063000 -0.077738 -0.014476 -9999.0 -9999.0 -9999.0 -9999.0 -9999.0 -9999.0 -9999.0
-9999.0 -9999.0 -9999.0 -9999.0 -9999.0 -9999.0 -9999.0 -9999.0 -9999.0 -9999.0 -9999.0 6.526693 8.055581 2.143501 10.841604 12.827803 4.155778 4.631592 13.569189 11.451057 2.839358 -0.003443 -0.113401 1.735689 0.308830 3.714004 -0.174715 -1.453500 1.812486 -0.000530 1.171313 -1.841632 1.563062 -0.000537 -0.000760 2.730374 -0.368252 -0.184067 6.001223 1.199779 1.000848 0.010426 1.763956 0.150672 -0.003509 -9999.0 -0.000920 -0.005955 -0.000101 1.041659 2.104143 4.674536 0.037929 -0.000249 -0.000344 -0.000615 -9999.0 -9999.0 -9999.0 -9999.0 -9999.0 -9999.0 -9999.0
-9999.0 -9999.0 -9999.0 -9999.0 -9999.0 -9999.0 -9999.0 -9999.0 -9999.0 -9999.0 -9999.0 -9999.0 7.328338 -0.002496 9.436337 10.100212 1.469449 3.631330 14.914193 11.144645 2.781384 1.543867 -0.045008 -0.139082 -0.557616 -0.181487 2.922226 2.052806 -0.000087 -0.000739 0.029944 -0.202129 2.448464 -0.000371 -0.000492 1.092093 -0.170862 -0.408481 7.102722 3.542650 5.027634 6.081593 -0.208304 2.646920 -0.000653 -0.004630 -0.002309 -0.000702 -0.527029 -0.133837 -0.027059 -1.572436 -1.619470 -1.245436 -1.674624 -0.000385 -0.000504 -9999.0 -9999.0 -9999.0 -9999.0 -9999.0 -9999.0
-9999.0 -9999.0 -9999.0 -9999.0 -9999.0 -9999.0 -9999.0 -9999.0 -9999.0 -9999.0 -9999.0 -0.118374 4.434112 9.192263 -0.018296 1.030676 2.960696 2.878926 14.310241 4.718619 3.066521 1.031254 -0.006120 -0.150633 -0.168809 -0.475425 -0.258977 -0.000306 -0.000318 4.179269 -0.178835 -0.859819 3.623323 -0.000279 -0.000563 -0.000087 1.058449 -0.064861 0.640066 7.565046 -0.049581 -0.010013 -0.057366 -0.001005 4.000125 -0.000306 0.672418 4.097167 5.552399 -0.017977 -0.902639 -0.000612 -3.456574 -3.460584 -3.886741 -3.058892 -0.001032 -9999.0 -9999.0 -9999.0 -9999.0 -9999.0 -9999.0
-9999.0 -9999.0 -9999.0 -9999.0 -9999.0 -9999.0 -9999.0 -9999.0 -9999.0 -9999.0 3.109580 -0.068264 4.081896 4.695874 7.455455 -0.000292 -0.000343 -0.006780 3.919798 4.363169 8.703080 6.298034 -0.165346 5.039901 -0.023988 -0.351144 -0.322635 -1.764867 2.481564 3.402018 -0.415352 -0.492057 3.005382 -0.000293 -0.001530 1.596534 2.841377 -0.139546 -0.211613 1.341740 1.493843 2.782740 9.624595 1.202218 -0.019536 4.202064 0.940226 -0.105799 -0.246631 -0.011786 -3.466744 -0.002869 -4.295441 -3.111121 -0.446657 -0.000313 -0.000258 -9999.0 -9999.0 -9999.0 -9999.0 -9999.0 -9999.0
-9999.0 -9999.0 -9999.0 -9999.0 -9999.0 -9999.0 -9999.0 -9999.0 -9999.0 0.780754 3.382859 -0.024909 -0.020390 -0.067363 -0.127992 -0.076974 -0.021963 8.251089 3.850410 4.423182 9.217048 1.246413 0.490718 1.976699 -0.002220 -0.728910 -0.552910 3.349942 -0.042044 -0.019558 0.651636 -0.928716 1.904071 -0.001684 -0.000902 1.318498 2.913136 -0.186143 -0.169514 -0.089271 -0.454626 -0.128090 -0.146015 1.899993 1.292230 -0.020038 6.306952 -0.087041 -0.082489 0.815404 -0.475294 -0.001176 -3.550166 -0.077679 -0.025071 -3.121444 -2.678606 -0.000607 -0.023678 -9999.0 -9999.0 -9999.0 -9999.0
-9999.0 -9999.0 -9999.0 -9999.0 -9999.0 -9999.0 -9999.0 -9999.0 -9999.0 0.965293 0.549642 3.780697 5.649682 -0.008526 -0.024433 -0.070902 6.218493 2.005056 4.427020 10.668444 10.076877 10.146064 6.765121 4.723808 -0.368936 -0.193909 -0.107753 -0.012265 1.644939 4.791474 3.736802 -1.295621 0.555027 -0.000524 -0.000100 1.213421 3.013387 5.884127 0.691667 3.931250 -0.162617 -0.236133 -0.039504 1.979301 2.953203 3.440886 3.095798 1.670673 -0.008313 1.173440 -2.193737 -2.981809 -0.144382 -0.297217 -0.001930 -4.143965 -2.579586 -1.111798 2.368292 -9999.0 -9999.0 -9999.0 -9999.0
-9999.0 -9999.0 -9999.0 -9999.0 -9999.0 -9999.0 -9999.0 -9999.0 -9999.0 -9999.0 0.029071 3.611063 -0.018695 -0.251247 -0.003212 -0.021552 -0.009615 3.187420 5.210718 6.519669 10.065240 3.101802 -0.015644 -0.203376 -0.140516 -0.019614 1.089493 2.184746 3.763874 -0.865063 -1.184080 -1.291842 -1.258571 -0.000343 1.667941 3.733939 3.488625 3.779316 2.852879 0.163387 -0.001041 3.602749 4.477677 -0.019506 -0.010596 -0.007078 2.015778 7.093261 4.669871 1.199333 -1.147478 -2.856877 -0.045032 -0.182453 -0.322558 -0.009652 0.127193 -0.333807 -0.238289 -0.015576 -9999.0 -9999.0 -9999.0
-9999.0 -9999.0 -9999.0 -9999.0 -9999.0 -9999.0 -9999.0 -9999.0 -9999.0 -9999.0 -0.000104 1.299397 3.467925 -0.012194 5.699317 -0.005961 -0.008649 2.929545 5.603648 7.373271 3.761264 1.912074 -0.020609 -0.024664 -0.018267 1.715079 2.921102 -0.008743 -0.567723 -1.015398 0.056228 2.621389 -1.362588 -0.000492 0.167626 4.151188 -0.299149 -0.183592 -0.493232 -0.000362 0.542581 6.684831 -0.112533 3.165999 3.794802 -0.131404 -0.010700 -0.009830 3.356122 3.525798 -0.000195 -0.594818 -1.730505 -0.024101 -0.387206 -0.171924 -0.015719 -0.102828 1.146934 2.931072 -9999.0 -9999.0 -9999.0
-9999.0 -9999.0 -9999.0 -9999.0 -9999.0 -9999.0 -9999.0 -9999.0 1.535045 0.017180 -0.000305 2.073721 -1.153132 -0.074407 -0.038617 1.861312 3.276952 10.966243 7.593596 7.840304 5.495693 4.475129 3.618075 1.927705 1.633433 2.144081 5.869482 -0.223694 -1.329925 -0.910826 -0.012593 0.137622 0.094289 -0.000405 0.726911 0.762080 6.663765 -0.071707 -1.784792 1.415345 4.702191 3.341836 -0.831737 2.795674 6.808692 3.720600 -1.612659 -0.049168 -0.007792 3.504160 1.450734 -1.824450 -3.042667 -3.419621 -0.111557 -0.000301 0.066781 4.066118 1.837882 4.662814 -9999.0 -9999.0 -9999.0
-9999.0 -9999.0 -9999.0 -9999.0 -9999.0 -9999.0 -9999.0 -9999.0 -1.463534 -0.573223 -0.670757 -0.000335 0.700538 -0.620006 -0.261166 -0.006948 2.258312 2.849276 5.874322 8.399410 15.352430 13.499318 13.451873 12.706005 3.775111 3.622882 1.046104 -0.067683 -2.675500 -0.000350 -0.000507 1.883420 0.870081 2.751571 1.905751 3.011440 7.830185 0.715956 -0.035067 2.559694 0.051332 -0.062435 3.532857 2.961994 2.316066 -0.127214 -1.279028 2.242791 -0.033725 1.666429 2.863684 -0.024245 -3.953731 -0.008569 0.035177 -1.055851 -0.109814 -0.011431 3.789502 6.771303 8.160147 -9999.0 -9999.0
-9999.0 -9999.0 -9999.0 -9999.0 -9999.0 -9999.0 -9999.0 -9999.0 0.101882 0.710817 -0.000264 -1.174826 0.874228 -0.640948 -0.088542 -0.212152 0.420157 4.751990 5.791917 14.856685 8.839527 13.540950 13.897497 7.566799 10.739328 3.546285 0.545028 -0.522782 -1.631974 0.072990 3.546463 3.021340 -0.367000 -0.223713 4.002796 7.089957 -0.002510 1.851800 -0.035514 -0.410647 2.497272 4.761781 2.061114 0.371595 -1.372452 1.832278 1.036587 -0.001733 -0.461506 -0.012310 2.787058 1.203322 -2.708167 -3.766551 -0.041971 -0.024408 2.042040 3.586145 6.747180 6.979206 7.573910 -9999.0 -9999.0
-9999.0 -9999.0 -9999.0 -9999.0 -9999.0 -9999.0 -9999.0 -9999.0 -0.001787 2.560319 -0.091636 -3.059700 1.156323 -0.196520 -0.159870 0.293934 4.325950 5.572388 10.452435 6.022194 8.249059 8.623051 12.813456 12.046665 3.935967 1.287023 -0.035262 -1.227122 3.285295 -0.120984 -0.113477 -0.100224 -0.003364 -0.023356 -0.020910 6.567621 9.432495 4.428000 0.928392 -0.015034 3.376109 3.759850 3.633296 6.583523 0.542616 4.753235 2.698133 5.456920 0.299262 -0.113198 -0.009105 2.506504 1.347437 -0.028841 1.598848 2.590315 4.479150 5.077333 5.998120 7.295632 6.237305 2.974685 -9999.0
-9999.0 -9999.0 -9999.0 -9999.0 -9999.0 -9999.0 -9999.0 -9999.0 -0.033827 0.417441 -0.806688 -0.846785 -0.158702 -0.080927 4.810868 3.508454 7.340189 2.712998 1.108517 3.219270 5.095376 7.963300 8.227629 7.913162 10.078932 -0.007106 -0.388135 -0.018575 -0.003616 -0.006933 -0.103209 1.075105 3.250749 2.227216 1.329024 2.707635 5.117400 6.441849 5.800745 3.238627 1.736409 1.366109 1.502711 -0.001491 -0.096808 4.770557 -0.027457 -0.101496 -0.030975 0.928695 2.674520 2.026709 2.219407 2.928493 3.442047 3.867788 4.639340 5.606620 6.458699 6.664310 4.497386 2.385179 -9999.0
-9999.0 -9999.0 1.487005 1.748006 -1.922469 -0.250709 -1.552471 -0.663817 -0.000334 -0.000114 -0.405380 -0.513990 -0.069082 0.383886 6.194909 2.483158 -0.013731 -0.522854 -0.055372 -0.005751 3.097575 5.790396 7.142965 6.486778 5.981370 2.362458 -0.007071 -0.005617 2.846631 6.049002 -0.014062 1.061212 8.726066 3.746690 6.019040 5.006679 8.792086 8.696555 7.618166 4.939005 6.561597 6.500840 4.631312 3.732865 -0.007590 1.222404 2.667131 1.693770 3.748915 4.913659 6.212339 5.378408 4.373522 3.835654 3.698147 10.112881 4.404289 4.895005 4.657011 3.837433 7.428416 1.582074 -9999.0
-9999.0 -0.115973 -0.167717 -0.164686 -0.202752 -0.211886 -0.695449 -0.734538 -1.546891 -0.000345 -0.563555 -0.240012 -0.004480 5.368972 4.825378 -0.135665 -0.182035 -0.495231 -0.174040 -0.010714 2.870760 4.611945 9.630274 5.189157 11.427002 5.828325 9.491391 9.658790 6.526111 4.626549 5.128214 5.321819 7.008837 12.282104 9.388085 10.593818 12.232651 11.598639 12.385608 10.719972 9.953651 9.809265 9.069484 5.189270 3.886632 4.284642 6.069089 6.293949 8.164547 6.380610 6.236106 5.053093 4.195689 3.362321 3.278500 2.654171 1.020552 1.383918 2.475351 5.594990 0.777162 1.392002 -9999.0
-9999.0 5.297507 -0.017195 -0.047925 2.352997 -0.049926 -1.774962 -1.117345 -0.000457 -0.000293 -0.552455 -0.528419 0.418700 5.158867 -0.070764 -3.089177 -0.666723 -0.508029 -0.357609 -0.011940 5.957208 2.246239 3.361778 4.125426 11.724575 13.218050 5.812818 7.757331 7.531516 6.774462 6.918470 6.700245 8.697611 9.591398 15.297316 12.564842 21.132008 22.149486 15.348609 14.259533 13.549191 12.482565 11.465999 8.433525 8.303243 8.178422 9.309639 8.920425 8.246969 7.335730 5.246394 2.276829 1.176150 1.660152 0.863911 -0.025633 -0.326207 -0.044942 -0.031187 -0.073059 -0.021615 -9999.0 -9999.0
