user2019/resources/simulation/Vinschgau/output-maps/TsL0001N1026.asc
ncols         63
nrows         48
xllcorner     598000.000000
yllcorner     5145000.000000
cellsize      1000.000000
NODATA_value  -9999.0
[rows 0 to 27 of 48, columns 0 to 62 of 63]
-9999.0 -9999.0 -9999.0 -9999.0 -9999.0 -9999.0 -9999.0 -9999.0 -9999.0 -9999.0 -9999.0 -9999.0 -9999.0 -9999.0 -9999.0 -9999.0 -9999.0 -9999.0 -9999.0 -9999.0 -9999.0 -9999.0 -9999.0 -9999.0 -9999.0 -9999.0 -9999.0 -9999.0 -9999.0 -9999.0 -9999.0 -9999.0 -9999.0 -9999.0 -9999.0 -9999.0 -9999.0 -9999.0 -9999.0 -9999.0 -9999.0 -9999.0 -9999.0 -9999.0 -9999.0 -9999.0 -9999.0 -9999.0 -9999.0 -9999.0 -9999.0 -9999.0 -9999.0 -9999.0 -9999.0 -9999.0 -9999.0 -9999.0 -9999.0 -9999.0 -9999.0 -9999.0 -9999.0
-9999.0 -9999.0 -9999.0 -9999.0 -9999.0 -9999.0 -9999.0 -9999.0 -9999.0 -9999.0 -9999.0 -9999.0 -9999.0 -9999.0 -9999.0 -9999.0 -9999.0 -9999.0 -9999.0 -9999.0 -9999.0 -9999.0 -9999.0 -9999.0 -9999.0 -9999.0 -9999.0 -0.003633 -0.007865 -0.006006 -0.250969 -0.715459 -0.186878 -9999.0 -9999.0 -9999.0 -9999.0 -9999.0 -9999.0 -9999.0 -9999.0 -9999.0 -9999.0 -9999.0 -9999.0 -9999.0 -9999.0 -9999.0 -9999.0 -9999.0 -9999.0 -9999.0 -9999.0 -9999.0 -9999.0 -9999.0 -9999.0 -9999.0 -9999.0 -9999.0 -9999.0 -9999.0 -9999.0
-9999.0 -9999.0 -9999.0 -9999.0 -9999.0 -9999.0 -9999.0 -9999.0 -9999.0 -9999.0 -9999.0 -9999.0 -9999.0 -9999.0 -9999.0 -9999.0 -9999.0 -9999.0 -9999.0 -9999.0 -9999.0 -9999.0 -9999.0 -9999.0 -0.007191 -0.008657 -0.011485 -0.013986 -0.010559 -0.014736 -0.459998 -9999.0 -9999.0 -9999.0 -9999.0 -9999.0 -9999.0 -9999.0 -9999.0 -9999.0 -9999.0 -9999.0 -9999.0 -9999.0 -9999.0 -9999.0 -9999.0 -9999.0 -9999.0 -9999.0 -9999.0 -9999.0 -9999.0 -9999.0 -9999.0 -9999.0 -9999.0 -9999.0 -9999.0 -9999.0 -9999.0 -9999.0 -9999.0
-9999.0 -9999.0 -9999.0 -9999.0 -9999.0 -9999.0 -9999.0 -9999.0 -9999.0 -9999.0 -9999.0 -9999.0 -9999.0 -9999.0 -9999.0 -9999.0 -9999.0 -9999.0 -9999.0 -9999.0 -9999.0 -9999.0 -9999.0 -0.006837 -0.004893 2.140413 2.618771 3.334083 2.167587 -0.012777 -0.012003 -0.760825 -9999.0 -9999.0 -9999.0 -9999.0 -9999.0 -9999.0 -9999.0 -9999.0 -9999.0 -9999.0 -9999.0 -9999.0 -9999.0 -9999.0 -9999.0 -9999.0 -9999.0 -9999.0 -9999.0 -9999.0 -9999.0 -9999.0 -9999.0 -9999.0 -9999.0 -9999.0 -9999.0 -9999.0 -9999.0 -9999.0 -9999.0
-9999.0 -9999.0 -9999.0 -9999.0 -9999.0 -9999.0 -9999.0 -9999.0 -9999.0 -9999.0 -9999.0 -9999.0 -9999.0 -9999.0 -9999.0 -9999.0 -9999.0 -9999.0 5.919926 -0.003451 -9999.0 -0.010177 -0.003578 1.833062 2.169029 3.675182 3.427836 3.065842 1.581122 -0.011091 -0.012787 -0.014698 -0.007780 -0.004095 -9999.0 -9999.0 -9999.0 -9999.0 -9999.0 -9999.0 -9999.0 -9999.0 -9999.0 -9999.0 -9999.0 -9999.0 -9999.0 -9999.0 -9999.0 -9999.0 -9999.0 -9999.0 -9999.0 -9999.0 -9999.0 -9999.0 -9999.0 -9999.0 -9999.0 -9999.0 -9999.0 -9999.0 -9999.0
-9999.0 -9999.0 -9999.0 -9999.0 -9999.0 -9999.0 -9999.0 -9999.0 -9999.0 -9999.0 -9999.0 -9999.0 -9999.0 -9999.0 -9999.0 -9999.0 -9999.0 5.271433 3.824365 3.057193 1.079739 -0.016255 -0.011201 -0.003047 3.935460 -0.013600 -0.036466 -0.011280 -0.169822 -0.002202 -0.004909 -0.006168 -0.003263 -0.030582 -0.006651 -0.012244 -9999.0 -9999.0 -9999.0 -9999.0 -9999.0 -9999.0 -9999.0 -9999.0 -9999.0 -9999.0 -9999.0 -9999.0 -9999.0 -9999.0 -9999.0 -9999.0 -9999.0 -9999.0 -9999.0 -9999.0 -9999.0 -9999.0 -9999.0 -9999.0 -9999.0 -9999.0 -9999.0
-9999.0 -9999.0 -9999.0 -9999.0 -9999.0 -9999.0 -9999.0 -9999.0 -9999.0 -9999.0 -9999.0 -9999.0 -9999.0 0.851621 -0.001747 3.356797 4.873856 11.807276 4.909966 3.216300 2.348294 1.811648 2.483483 4.004132 -0.017351 -0.003745 -0.533815 -2.013519 -0.058573 -0.014404 -0.804446 -0.011163 -0.007206 -0.013156 -0.605828 -0.037796 -9999.0 -9999.0 -9999.0 -9999.0 -9999.0 -9999.0 -9999.0 -9999.0 -9999.0 -9999.0 -9999.0 -9999.0 -9999.0 -9999.0 -9999.0 -9999.0 -9999.0 -9999.0 -9999.0 -9999.0 -9999.0 -9999.0 -9999.0 -9999.0 -9999.0 -9999.0 -9999.0
-9999.0 -9999.0 -9999.0 -9999.0 -9999.0 -9999.0 -9999.0 -9999.0 -9999.0 -9999.0 -9999.0 -9999.0 -9999.0 1.164772 3.541918 4.122608 4.138262 10.985778 11.868076 4.213713 4.052044 5.715937 2.005357 0.846469 -0.002549 -0.010857 -0.007915 -0.012481 -0.003422 -0.119622 -2.256343 -0.011501 -0.009235 -5.908796 -0.067940 -9999.0 -9999.0 -9999.0 -9999.0 -9999.0 -9999.0 -9999.0 -9999.0 -9999.0 -9999.0 -9999.0 -9999.0 -9999.0 -9999.0 -9999.0 -9999.0 -9999.0 -9999.0 -9999.0 -9999.0 -9999.0 -9999.0 -9999.0 -9999.0 -9999.0 -9999.0 -9999.0 -9999.0
-9999.0 -9999.0 -9999.0 -9999.0 -9999.0 -9999.0 -9999.0 -9999.0 -9999.0 -9999.0 -9999.0 -9999.0 -9999.0 3.322825 5.260603 4.703042 3.653659 4.471934 12.370507 4.889284 8.007411 1.459700 -0.011644 -0.018767 -0.004664 -0.009676 -0.000303 -0.005366 -0.022141 -4.765650 -0.519211 -6.931088 -6.856844 -11.065043 -0.075211 -9999.0 -9999.0 -9999.0 -9999.0 -9999.0 -9999.0 -9999.0 -9999.0 -9999.0 -9999.0 -9999.0 -9999.0 -9999.0 -9999.0 -9999.0 -9999.0 -9999.0 -9999.0 -9999.0 -9999.0 -9999.0 -9999.0 -9999.0 -9999.0 -9999.0 -9999.0 -9999.0 -9999.0
-9999.0 -9999.0 -9999.0 -9999.0 -9999.0 -9999.0 -9999.0 -9999.0 -9999.0 -9999.0 -9999.0 -9999.0 -0.004277 4.473206 3.959276 2.096447 1.951642 3.953927 11.946785 4.973911 2.135195 -0.012507 -0.554474 -0.016538 -0.904760 -0.008527 -2.053030 -0.013571 -0.033316 -0.395028 -6.544108 -0.006146 -1.051636 -0.020845 -9999.0 -9999.0 -9999.0 -9999.0 -9999.0 -9999.0 -9999.0 -9999.0 -9999.0 -9999.0 -9999.0 -9999.0 -9999.0 -9999.0 -9999.0 -9999.0 -9999.0 -9999.0 -9999.0 -9999.0 -9999.0 -9999.0 -9999.0 -9999.0 -9999.0 -9999.0 -9999.0 -9999.0 -9999.0
-9999.0 -9999.0 -9999.0 -9999.0 -9999.0 -9999.0 -9999.0 -9999.0 -9999.0 -9999.0 -9999.0 -0.001634 2.957367 2.422134 3.274253 3.408254 4.012013 4.105627 11.110489 5.079597 2.668809 1.240092 -0.004969 -0.006435 -0.854028 -0.024143 -0.016876 -0.052580 -0.029275 -0.123550 -0.005654 -0.023532 -0.472710 -0.008199 -0.884888 -0.162280 -0.013326 -0.008731 -0.029352 -9999.0 -9999.0 -9999.0 -0.004561 -9999.0 -9999.0 -9999.0 -9999.0 -9999.0 -9999.0 -9999.0 -9999.0 -9999.0 -9999.0 -9999.0 -9999.0 -9999.0 -9999.0 -9999.0 -9999.0 -9999.0 -9999.0 -9999.0 -9999.0
-9999.0 -9999.0 -9999.0 -9999.0 -9999.0 -9999.0 -9999.0 -9999.0 -9999.0 -9999.0 -9999.0 -0.003102 3.062038 4.710636 4.696770 1.178830 6.942236 4.935008 11.900740 7.634975 7.671951 -0.001332 -0.009479 -0.953008 -2.543831 -0.009055 -0.009157 -0.019045 -0.006955 -0.017387 -0.072195 -0.015043 -0.017342 -1.109417 -0.017760 -0.011059 -0.013150 -0.010856 -0.008010 -0.006301 -0.004497 -0.004470 -0.158900 -0.006222 -9999.0 -9999.0 -9999.0 -0.017948 -1.383517 -1.148610 -0.096398 -0.339264 -0.853866 -0.255508 -1.754116 -1.349044 -9999.0 -9999.0 -9999.0 -9999.0 -9999.0 -9999.0 -9999.0
-9999.0 -9999.0 -9999.0 -9999.0 -9999.0 -9999.0 -9999.0 -9999.0 -9999.0 -9999.0 -9999.0 -0.003567 0.844585 -0.013846 1.348167 2.106681 2.166493 4.110718 8.737227 7.697015 2.146818 -0.010252 -0.090598 -0.014376 -0.008642 -0.001159 -2.070711 -2.268271 -0.083836 -0.063738 -0.003447 -2.712449 -0.021553 -1.149356 -0.773525 -0.016477 -1.820074 -1.304622 -0.003851 -0.002794 -0.038447 -0.013911 -0.018294 -0.009215 -0.077925 -9999.0 -0.007435 -1.301649 -0.221299 -0.015618 -0.008067 -0.004375 -0.008569 -0.012750 -0.543519 -1.045580 -9999.0 -9999.0 -9999.0 -9999.0 -9999.0 -9999.0 -9999.0
-9999.0 -9999.0 -9999.0 -9999.0 -9999.0 -9999.0 -9999.0 -9999.0 -9999.0 -9999.0 -9999.0 -9999.0 -0.004024 -0.103012 1.165615 1.248765 -0.005067 3.190490 10.913517 7.480247 2.086096 -0.008683 -0.376652 -1.679567 -1.383981 -0.220626 -0.005779 -0.007049 -0.269898 -0.005051 -0.009465 -2.442903 -0.013637 -0.489852 -0.862414 -0.040169 -2.379635 -1.124282 -0.002778 -0.006707 -0.010597 0.559457 -1.850753 -0.011010 -0.003716 -1.203549 -0.014340 -1.068695 -3.184122 -1.862408 -0.018514 -2.395515 -2.380336 -3.066907 -3.611743 -0.505164 -0.989401 -9999.0 -9999.0 -9999.0 -9999.0 -9999.0 -9999.0
-9999.0 -9999.0 -9999.0 -9999.0 -9999.0 -9999.0 -9999.0 -9999.0 -9999.0 -9999.0 -9999.0 -0.167867 -0.004166 -0.002460 -0.177698 -0.008471 -0.002163 2.197655 9.935511 4.311760 2.648534 0.446659 -0.009716 -0.213373 -0.124455 -1.154076 -1.406108 -0.014681 -0.012813 -0.005987 -1.969047 -1.618975 -0.009975 -0.464932 -0.043395 -0.093245 -0.008593 -0.050974 -0.010120 -0.002392 -0.054326 -0.029157 -0.364887 -0.963790 -0.008638 -0.012145 -0.031306 -0.004280 0.549164 -0.013978 -2.315422 -0.013036 -3.905302 -4.640858 -5.542708 -7.273921 -0.015278 -9999.0 -9999.0 -9999.0 -9999.0 -9999.0 -9999.0
-9999.0 -9999.0 -9999.0 -9999.0 -9999.0 -9999.0 -9999.0 -9999.0 -9999.0 -9999.0 -0.004896 -1.420223 -0.003832 -0.002876 0.630517 -0.023410 -0.029665 -0.013045 3.589351 3.950475 5.613962 3.915206 -0.157766 -0.002055 -0.012728 -0.976964 -0.800150 -3.737135 -0.013619 -0.006197 -1.077748 -1.225840 -0.011046 -0.586931 -0.127191 -0.003033 -0.013154 -2.030966 -1.465561 -0.008355 -0.007290 1.724042 6.462242 0.958814 -0.016344 -0.000936 -0.006692 -1.709963 -1.024949 -0.012562 -3.741985 -0.316347 -6.015703 -7.575320 -6.370789 -0.389019 -0.383860 -9999.0 -9999.0 -9999.0 -9999.0 -9999.0 -9999.0
-9999.0 -9999.0 -9999.0 -9999.0 -9999.0 -9999.0 -9999.0 -9999.0 -9999.0 -0.007735 -0.008510 -1.324028 -0.787215 -0.059564 -0.593429 -0.348761 -0.015945 0.887813 3.499502 4.122661 5.998894 0.135715 -0.011523 -0.006491 -0.010490 -1.029129 -1.559993 -0.004718 -1.215326 -0.070121 -0.010125 -1.228256 -0.003178 -5.468849 -0.003756 -0.003222 -0.016657 -2.471101 -0.093885 -0.021212 -0.427580 -0.064153 -0.105438 1.852004 0.994834 -0.014347 -0.001916 -0.075504 -0.069338 -0.010216 -0.757265 -0.021339 -8.655960 -0.993098 -0.524286 -3.810564 -3.057582 -0.005089 -0.234465 -9999.0 -9999.0 -9999.0 -9999.0
-9999.0 -9999.0 -9999.0 -9999.0 -9999.0 -9999.0 -9999.0 -9999.0 -9999.0 -0.055943 -0.008002 -0.005469 -0.001308 -0.013371 -0.017129 -0.059482 -0.002147 -0.004475 4.011724 7.305940 6.754552 6.556563 4.107604 -0.004157 -0.642740 -0.407881 -0.064691 -0.013576 -0.003708 -0.003862 -0.006010 -1.593085 -0.050485 -1.012771 -0.165345 -0.002639 -0.001538 -0.000277 -0.008159 -0.009700 -0.499411 -0.733760 -0.024247 -0.002292 2.288915 2.583435 2.162959 -0.006878 -0.010627 -0.010107 -2.478251 -4.665168 -1.519293 -0.716581 -1.214549 -4.746278 -2.784413 -2.148136 -0.001595 -9999.0 -9999.0 -9999.0 -9999.0
-9999.0 -9999.0 -9999.0 -9999.0 -9999.0 -9999.0 -9999.0 -9999.0 -9999.0 -9999.0 -0.010338 -0.009056 -0.315605 -0.367523 -0.010414 -0.015751 -0.011547 2.092745 4.881426 4.929477 6.638106 2.625101 -0.016694 -0.042371 -0.140487 -0.013893 -0.009261 1.166849 -0.006111 -1.171629 -1.500404 -2.095441 -2.810742 -0.596972 -0.018144 -0.009012 -0.009132 -0.008982 -0.001800 -0.086628 -0.011212 -0.009003 -0.002370 -0.014259 -0.013950 -0.012227 1.291345 4.665207 2.884767 -0.009675 -1.423711 -2.729233 -0.792272 -1.559071 -0.949880 -0.047014 -0.027201 -0.958655 -0.664579 -0.013135 -9999.0 -9999.0 -9999.0
-9999.0 -9999.0 -9999.0 -9999.0 -9999.0 -9999.0 -9999.0 -9999.0 -9999.0 -9999.0 -0.218139 -0.006774 -0.009843 -0.012492 3.331455 -0.011133 -0.013197 2.511123 5.234302 6.334417 3.500013 1.402871 -0.017209 -0.016042 -0.013798 -0.002948 2.049339 -0.013314 -0.856527 -2.544455 -0.009996 -0.012825 -3.223281 -0.030289 -0.008924 -0.007951 -0.834781 -1.188365 -0.839880 -0.015477 -0.038783 -0.000583 -1.933405 -0.012830 -0.004870 -0.054288 -0.011734 -0.013761 2.597529 2.468807 -0.010085 -1.001676 -3.469515 -0.412639 -2.220505 -1.307154 -0.113866 -0.126242 1.556488 2.383016 -9999.0 -9999.0 -9999.0
-9999.0 -9999.0 -9999.0 -9999.0 -9999.0 -9999.0 -9999.0 -9999.0 -0.013747 -0.010074 -0.014130 -0.017473 -1.958966 -0.059298 -0.021728 1.596728 2.859087 7.476133 5.896579 6.894025 5.265500 4.158788 3.062870 1.370446 -0.008143 1.910266 3.491244 -0.393600 -0.496375 -2.622917 -5.514274 -0.074275 -0.078627 -0.019168 -0.031308 -0.007898 -0.002027 -0.215607 -2.087285 -0.003062 -0.005164 -0.009692 -2.441572 -0.002168 0.590371 -0.004714 -1.922416 -0.058607 -0.012817 2.626725 -0.007715 -0.318453 -3.113337 -4.970486 -0.964653 -0.025568 -0.003173 -0.003096 -0.003105 3.826215 -9999.0 -9999.0 -9999.0
-9999.0 -9999.0 -9999.0 -9999.0 -9999.0 -9999.0 -9999.0 -9999.0 -2.236359 -2.298904 -1.776180 -0.014544 -0.007621 -1.367663 -0.479419 -0.012494 1.868775 2.509094 5.657156 7.447005 11.882093 9.704351 9.207853 8.630213 3.441075 3.127421 0.879594 -0.662401 -3.199960 -0.022046 -0.946299 -0.002098 -0.029266 -0.001829 -0.017536 -0.010630 -0.001623 -0.028282 -0.038070 -0.006526 -0.009639 -4.684306 -0.001330 -0.012568 -0.006159 -0.109719 -3.214580 -0.006441 -0.019374 1.567964 2.160999 -0.018866 -3.276628 -0.030404 -0.008191 -1.100322 -0.302536 -0.011435 2.955592 5.499318 7.207426 -9999.0 -9999.0
-9999.0 -9999.0 -9999.0 -9999.0 -9999.0 -9999.0 -9999.0 -9999.0 -0.009188 -0.009190 -0.643317 -2.552136 -0.015583 -2.256375 -0.085458 -0.341860 -0.010911 3.005888 5.528645 11.607417 7.900283 10.472735 10.267606 6.336768 7.425377 3.161408 -0.004278 -0.806405 -4.408422 -0.009883 -0.001008 -0.008882 -0.910291 -0.476196 -0.008041 -0.002311 -0.038607 1.581026 -0.044440 -1.787406 -0.013179 -0.000755 -0.013272 -0.009457 -0.337054 -0.006542 -0.002886 -0.008221 -1.212639 -0.015617 2.531136 -0.009280 -2.091495 -3.004938 -0.430918 -0.164694 1.448120 2.864285 5.199691 5.734986 6.162987 -9999.0 -9999.0
-9999.0 -9999.0 -9999.0 -9999.0 -9999.0 -9999.0 -9999.0 -9999.0 -1.022178 -0.011676 -1.215460 -3.531131 -0.006565 -0.416483 -0.056943 -0.005853 4.109189 5.315045 7.176326 5.792918 7.221395 7.571572 9.890624 9.561017 3.632975 1.040693 -0.024588 -1.525056 -0.004692 -1.637008 -0.083156 -0.569598 -0.010479 -0.083281 -0.016638 -0.001890 3.082791 3.998286 0.688706 -0.013076 -0.005254 -0.009097 -0.009412 0.600604 -0.007331 -0.000738 -0.013445 -0.000629 -0.007397 -0.074102 -0.014289 2.149341 -0.009409 -0.300820 -0.002911 2.031549 3.717528 4.428134 5.449519 5.926903 4.999636 2.539413 -9999.0
-9999.0 -9999.0 -9999.0 -9999.0 -9999.0 -9999.0 -9999.0 -9999.0 -1.485173 -0.016914 -1.461211 -1.121215 -0.085245 -0.024750 -0.003233 2.571838 5.069542 2.471493 0.767991 2.881176 4.805434 6.877225 7.202081 6.923018 6.376970 -0.012719 -0.643791 -0.014147 -0.010000 -0.062104 -0.049681 -0.009061 2.400175 1.150572 -0.009047 -0.002216 3.098772 6.042092 5.529107 2.357651 -0.006973 -0.009244 -0.023947 -0.013320 -0.087234 -0.003072 -0.032095 -0.604282 -0.021124 -0.009682 1.839807 1.671880 1.935254 2.266534 2.547967 2.839869 3.793593 4.683155 5.290441 5.016725 4.056033 1.974384 -9999.0
-9999.0 -9999.0 -0.007251 -0.012522 -2.620884 -0.604503 -2.268619 -1.480600 -0.416628 -0.064506 -1.709263 -0.617576 -0.021802 -0.020391 4.091085 1.933934 -0.016118 -0.807254 -0.046625 -0.010916 2.768733 5.404054 5.524240 6.289520 5.000349 2.058157 -0.013340 -0.010284 2.081701 3.740423 -0.016023 -0.004913 6.007300 3.201395 4.115717 4.615088 6.700559 8.341819 7.359207 4.647367 4.348572 4.125547 3.618473 2.765589 -0.012337 -0.009405 1.882240 1.430277 2.786481 3.733841 4.570193 4.310730 3.591963 3.100889 2.901318 7.429140 3.592720 4.036513 3.670140 3.240644 4.979268 1.246653 -9999.0
-9999.0 -0.087077 -1.981103 -1.620516 -0.458123 -0.085800 -1.357174 -1.996840 -2.944220 -0.544461 -1.295622 -0.430262 -0.010175 -0.001746 1.168993 -0.060187 -0.233972 -0.994437 -0.277699 -0.014550 2.550209 4.227007 6.556700 4.559601 8.775297 4.720247 6.474898 6.548804 4.564746 3.402220 3.418528 3.443154 4.757318 8.707545 7.616883 8.651043 11.068481 11.371627 10.287892 8.484038 8.381277 7.922368 6.785916 4.811415 3.553891 3.806492 4.666148 5.949074 6.495855 5.919264 5.005670 4.170767 3.375079 2.609814 2.495365 1.997057 0.855260 1.202460 1.740348 2.653196 -0.003540 1.058323 -9999.0
-9999.0 -0.004769 -0.466051 -0.177935 -0.005153 -0.382891 -2.065037 -2.463479 -0.017602 -0.020964 -1.725645 -0.794963 -0.005499 2.563315 -0.031280 -2.446718 -1.845307 -1.255205 -0.061756 -0.062808 3.723491 1.861447 2.829093 3.096444 8.644658 10.208455 5.623553 6.874882 5.918985 6.466329 6.690764 6.438194 6.520533 7.416355 11.390971 10.726769 17.618649 19.182500 13.325224 12.674505 11.739326 10.586161 10.048679 8.128663 8.111376 7.960730 7.765922 7.186619 6.549933 5.809540 4.150241 1.908587 0.983246 1.582890 0.781048 -0.021303 -0.125847 -0.023101 -0.019860 -0.031162 -0.018478 -9999.0 -9999.0
