user2019/resources/simulation/Vinschgau/output-maps/TsL0001N1108.asc
ncols         63
nrows         48
xllcorner     598000.000000
yllcorner     5145000.000000
cellsize      1000.000000
NODATA_value  -9999.0
[rows 0 to 27 of 48, columns 0 to 62 of 63]
-9999.0 -9999.0 -9999.0 -9999.0 -9999.0 -9999.0 -9999.0 -9999.0 -9999.0 -9999.0 -9999.0 -9999.0 -9999.0 -9999.0 -9999.0 -9999.0 -9999.0 -9999.0 -9999.0 -9999.0 -9999.0 -9999.0 -9999.0 -9999.0 -9999.0 -9999.0 -9999.0 -9999.0 -9999.0 -9999.0 -9999.0 -9999.0 -9999.0 -9999.0 -9999.0 -9999.0 -9999.0 -9999.0 -9999.0 -9999.0 -9999.0 -9999.0 -9999.0 -9999.0 -9999.0 -9999.0 -9999.0 -9999.0 -9999.0 -9999.0 -9999.0 -9999.0 -9999.0 -9999.0 -9999.0 -9999.0 -9999.0 -9999.0 -9999.0 -9999.0 -9999.0 -9999.0 -9999.0
-9999.0 -9999.0 -9999.0 -9999.0 -9999.0 -9999.0 -9999.0 -9999.0 -9999.0 -9999.0 -9999.0 -9999.0 -9999.0 -9999.0 -9999.0 -9999.0 -9999.0 -9999.0 -9999.0 -9999.0 -9999.0 -9999.0 -9999.0 -9999.0 -9999.0 -9999.0 -9999.0 1.805857 0.955647 1.855155 0.703173 -0.001532 -0.004847 -9999.0 -9999.0 -9999.0 -9999.0 -9999.0 -9999.0 -9999.0 -9999.0 -9999.0 -9999.0 -9999.0 -9999.0 -9999.0 -9999.0 -9999.0 -9999.0 -9999.0 -9999.0 -9999.0 -9999.0 -9999.0 -9999.0 -9999.0 -9999.0 -9999.0 -9999.0 -9999.0 -9999.0 -9999.0 -9999.0
-9999.0 -9999.0 -9999.0 -9999.0 -9999.0 -9999.0 -9999.0 -9999.0 -9999.0 -9999.0 -9999.0 -9999.0 -9999.0 -9999.0 -9999.0 -9999.0 -9999.0 -9999.0 -9999.0 -9999.0 -9999.0 -9999.0 -9999.0 -9999.0 1.036375 1.083664 1.152360 1.039972 0.911843 0.641541 -0.003919 -9999.0 -9999.0 -9999.0 -9999.0 -9999.0 -9999.0 -9999.0 -9999.0 -9999.0 -9999.0 -9999.0 -9999.0 -9999.0 -9999.0 -9999.0 -9999.0 -9999.0 -9999.0 -9999.0 -9999.0 -9999.0 -9999.0 -9999.0 -9999.0 -9999.0 -9999.0 -9999.0 -9999.0 -9999.0 -9999.0 -9999.0 -9999.0
-9999.0 -9999.0 -9999.0 -9999.0 -9999.0 -9999.0 -9999.0 -9999.0 -9999.0 -9999.0 -9999.0 -9999.0 -9999.0 -9999.0 -9999.0 -9999.0 -9999.0 -9999.0 -9999.0 -9999.0 -9999.0 -9999.0 -9999.0 1.121487 1.483883 3.680052 4.261502 5.035900 3.547182 1.114731 0.647304 -0.002091 -9999.0 -9999.0 -9999.0 -9999.0 -9999.0 -9999.0 -9999.0 -9999.0 -9999.0 -9999.0 -9999.0 -9999.0 -9999.0 -9999.0 -9999.0 -9999.0 -9999.0 -9999.0 -9999.0 -9999.0 -9999.0 -9999.0 -9999.0 -9999.0 -9999.0 -9999.0 -9999.0 -9999.0 -9999.0 -9999.0 -9999.0
-9999.0 -9999.0 -9999.0 -9999.0 -9999.0 -9999.0 -9999.0 -9999.0 -9999.0 -9999.0 -9999.0 -9999.0 -9999.0 -9999.0 -9999.0 -9999.0 -9999.0 -9999.0 10.304762 1.771602 -9999.0 1.214100 2.935747 3.827932 3.596104 5.559295 6.600572 6.594269 2.996952 -0.002919 1.034457 -0.003886 1.139424 2.159091 -9999.0 -9999.0 -9999.0 -9999.0 -9999.0 -9999.0 -9999.0 -9999.0 -9999.0 -9999.0 -9999.0 -9999.0 -9999.0 -9999.0 -9999.0 -9999.0 -9999.0 -9999.0 -9999.0 -9999.0 -9999.0 -9999.0 -9999.0 -9999.0 -9999.0 -9999.0 -9999.0 -9999.0 -9999.0
-9999.0 -9999.0 -9999.0 -9999.0 -9999.0 -9999.0 -9999.0 -9999.0 -9999.0 -9999.0 -9999.0 -9999.0 -9999.0 -9999.0 -9999.0 -9999.0 -9999.0 5.932922 4.520267 5.217630 6.734980 -0.003786 -0.002570 2.956199 7.133226 -0.006600 -0.018116 -0.003165 -0.023298 2.426081 4.305389 1.069058 1.858174 1.709078 1.382255 1.781425 -9999.0 -9999.0 -9999.0 -9999.0 -9999.0 -9999.0 -9999.0 -9999.0 -9999.0 -9999.0 -9999.0 -9999.0 -9999.0 -9999.0 -9999.0 -9999.0 -9999.0 -9999.0 -9999.0 -9999.0 -9999.0 -9999.0 -9999.0 -9999.0 -9999.0 -9999.0 -9999.0
-9999.0 -9999.0 -9999.0 -9999.0 -9999.0 -9999.0 -9999.0 -9999.0 -9999.0 -9999.0 -9999.0 -9999.0 -9999.0 7.455532 3.303828 4.176443 5.617205 16.206074 5.636449 5.246623 4.448075 3.395434 4.687036 7.098881 -0.011381 2.468287 -0.002560 -0.514917 -0.009725 -0.009423 -0.090509 0.881102 0.866807 -0.001786 0.495467 1.400129 -9999.0 -9999.0 -9999.0 -9999.0 -9999.0 -9999.0 -9999.0 -9999.0 -9999.0 -9999.0 -9999.0 -9999.0 -9999.0 -9999.0 -9999.0 -9999.0 -9999.0 -9999.0 -9999.0 -9999.0 -9999.0 -9999.0 -9999.0 -9999.0 -9999.0 -9999.0 -9999.0
-9999.0 -9999.0 -9999.0 -9999.0 -9999.0 -9999.0 -9999.0 -9999.0 -9999.0 -9999.0 -9999.0 -9999.0 -9999.0 9.119280 6.046684 4.919874 4.850646 16.061692 16.290673 6.761319 4.821402 10.047876 3.068838 1.561339 2.133894 -0.002860 0.929649 1.792285 1.669112 -0.049632 -0.454859 0.760701 1.255198 -3.081511 0.822824 -9999.0 -9999.0 -9999.0 -9999.0 -9999.0 -9999.0 -9999.0 -9999.0 -9999.0 -9999.0 -9999.0 -9999.0 -9999.0 -9999.0 -9999.0 -9999.0 -9999.0 -9999.0 -9999.0 -9999.0 -9999.0 -9999.0 -9999.0 -9999.0 -9999.0 -9999.0 -9999.0 -9999.0
-9999.0 -9999.0 -9999.0 -9999.0 -9999.0 -9999.0 -9999.0 -9999.0 -9999.0 -9999.0 -9999.0 -9999.0 -9999.0 6.270899 7.719434 7.313854 4.538675 5.308740 16.928813 5.662274 12.731876 3.620533 -0.004406 -0.012242 2.343689 -0.001967 3.822226 1.598695 -0.001199 -2.250063 0.133932 -4.180367 -3.751588 -8.487953 1.857843 -9999.0 -9999.0 -9999.0 -9999.0 -9999.0 -9999.0 -9999.0 -9999.0 -9999.0 -9999.0 -9999.0 -9999.0 -9999.0 -9999.0 -9999.0 -9999.0 -9999.0 -9999.0 -9999.0 -9999.0 -9999.0 -9999.0 -9999.0 -9999.0 -9999.0 -9999.0 -9999.0 -9999.0
-9999.0 -9999.0 -9999.0 -9999.0 -9999.0 -9999.0 -9999.0 -9999.0 -9999.0 -9999.0 -9999.0 -9999.0 4.423609 7.301734 6.921987 4.288935 3.071738 4.894540 17.380764 7.021523 4.131282 -0.006952 -0.031124 -0.008255 -0.103089 0.889304 -1.143613 0.624663 -0.003474 0.867437 -3.585492 1.503633 -0.003544 1.952053 -9999.0 -9999.0 -9999.0 -9999.0 -9999.0 -9999.0 -9999.0 -9999.0 -9999.0 -9999.0 -9999.0 -9999.0 -9999.0 -9999.0 -9999.0 -9999.0 -9999.0 -9999.0 -9999.0 -9999.0 -9999.0 -9999.0 -9999.0 -9999.0 -9999.0 -9999.0 -9999.0 -9999.0 -9999.0
-9999.0 -9999.0 -9999.0 -9999.0 -9999.0 -9999.0 -9999.0 -9999.0 -9999.0 -9999.0 -9999.0 7.336160 5.195803 3.585703 6.296994 11.652296 6.411972 5.091519 15.963168 8.122782 3.589587 3.251379 2.169210 1.001935 -0.109777 0.032782 -0.001618 -0.003220 -0.003274 0.874411 1.629292 -0.002251 1.542882 1.769587 1.599647 1.717158 0.603254 0.082437 -0.003734 -9999.0 -9999.0 -9999.0 1.882095 -9999.0 -9999.0 -9999.0 -9999.0 -9999.0 -9999.0 -9999.0 -9999.0 -9999.0 -9999.0 -9999.0 -9999.0 -9999.0 -9999.0 -9999.0 -9999.0 -9999.0 -9999.0 -9999.0 -9999.0
-9999.0 -9999.0 -9999.0 -9999.0 -9999.0 -9999.0 -9999.0 -9999.0 -9999.0 -9999.0 -9999.0 6.309531 5.393466 7.376004 7.644031 9.838139 9.234220 5.836793 17.142579 11.356934 12.100947 7.323476 1.274023 -0.078186 -1.711957 0.932280 0.914179 -0.001830 0.817122 1.504353 0.850911 0.471688 -0.002035 -0.004183 0.427197 0.870521 0.975765 1.149592 0.896465 1.695979 1.858548 1.936232 -0.003371 1.478274 -9999.0 -9999.0 -9999.0 0.889859 -0.003144 0.749538 -0.004933 0.750724 0.787968 -0.003585 -0.012540 0.850939 -9999.0 -9999.0 -9999.0 -9999.0 -9999.0 -9999.0 -9999.0
-9999.0 -9999.0 -9999.0 -9999.0 -9999.0 -9999.0 -9999.0 -9999.0 -9999.0 -9999.0 -9999.0 5.293499 7.241198 -0.001614 11.322066 11.676992 3.875991 4.721836 13.709963 11.588300 2.676911 -0.003663 -0.018530 1.035501 0.921628 1.811689 -0.058746 -1.446377 1.681844 -0.001918 1.646435 -1.828285 -0.002384 -0.002975 1.509323 -0.000967 -1.009595 -0.514847 4.336642 1.658621 -0.003469 0.222425 0.333512 -0.002861 -0.003574 -9999.0 2.085792 -0.004777 0.767285 -0.002909 -0.002027 1.635366 -0.003079 -0.001445 -0.004045 -0.003224 -9999.0 -9999.0 -9999.0 -9999.0 -9999.0 -9999.0 -9999.0
-9999.0 -9999.0 -9999.0 -9999.0 -9999.0 -9999.0 -9999.0 -9999.0 -9999.0 -9999.0 -9999.0 -9999.0 6.110181 -0.011700 9.132308 9.710020 1.387676 3.750924 15.684249 11.066883 2.814737 -0.002874 -0.067610 -1.111368 -0.205985 -0.040148 1.133197 0.867574 0.723350 1.606550 0.856428 -1.600783 1.008363 -0.001279 -0.002584 0.881452 -1.575671 -0.346627 7.933470 1.060447 1.146988 3.564394 -1.045205 1.144864 1.620622 -0.003292 0.837229 -0.003013 -2.582115 -1.155288 -0.009757 -1.573360 -1.573553 -2.210472 -2.779219 -0.006150 -0.002860 -9999.0 -9999.0 -9999.0 -9999.0 -9999.0 -9999.0
-9999.0 -9999.0 -9999.0 -9999.0 -9999.0 -9999.0 -9999.0 -9999.0 -9999.0 -9999.0 -9999.0 -0.016598 1.412541 7.223729 -0.010511 -0.002853 2.962578 2.916985 14.828722 4.790307 3.158738 1.058189 -0.013591 -0.021743 -0.032525 -0.404379 -0.468670 0.605246 0.717803 1.832175 -0.039405 -0.815337 0.918257 -0.001270 -0.001604 0.735180 0.900455 -0.024594 -0.003942 6.756166 -0.012093 -0.007366 -0.025681 -0.001613 1.793497 -0.002693 -0.002093 1.833260 3.691341 -0.008389 -1.050974 -0.003157 -2.064474 -2.509429 -3.099631 -5.059950 0.783877 -9999.0 -9999.0 -9999.0 -9999.0 -9999.0 -9999.0
-9999.0 -9999.0 -9999.0 -9999.0 -9999.0 -9999.0 -9999.0 -9999.0 -9999.0 -9999.0 1.698895 -0.010675 1.734229 3.093239 6.785975 -0.003480 -0.005400 -0.009538 4.017357 4.430054 8.679741 6.814588 -0.049481 4.513988 -0.020309 -0.250252 -0.079108 -1.984887 1.026342 1.178990 -0.320698 -0.450326 0.806876 -0.000974 1.339963 1.655951 0.877839 -1.314561 -0.231230 -0.001977 -0.001501 2.748082 9.867280 1.221150 -0.008788 1.795252 0.973543 -0.937540 -0.289480 -0.008413 -1.870911 0.721709 -3.555679 -5.255464 -3.892376 0.622621 0.221658 -9999.0 -9999.0 -9999.0 -9999.0 -9999.0 -9999.0
-9999.0 -9999.0 -9999.0 -9999.0 -9999.0 -9999.0 -9999.0 -9999.0 -9999.0 0.963450 1.275485 -0.529780 -0.018996 -0.012518 -0.046862 -0.010376 -0.008499 8.737427 3.950193 4.528551 9.136382 1.331970 -0.007324 0.494924 -0.003359 -0.698678 -0.349574 1.193890 -0.010032 -0.007119 -0.002841 -0.898463 1.636208 -2.843017 1.936483 1.668317 0.359990 -1.739903 -0.030350 -0.312007 -0.664537 -0.037775 -0.040184 2.075560 1.231078 -0.008433 5.628726 -0.013859 -0.013322 -0.002614 -0.088527 0.752696 -6.200408 0.776039 0.674837 -1.925808 -2.181649 1.507710 0.712063 -9999.0 -9999.0 -9999.0 -9999.0
-9999.0 -9999.0 -9999.0 -9999.0 -9999.0 -9999.0 -9999.0 -9999.0 -9999.0 0.926731 0.940006 1.215395 6.139725 -0.007238 -0.008991 -0.012304 5.744786 1.835391 4.517886 10.969610 10.129486 10.634947 6.962944 4.617791 -0.321298 -0.042526 -0.013016 -0.007416 1.683509 4.894928 2.140591 -1.260433 -0.003538 -0.002442 -0.001726 1.711189 1.802401 2.696162 0.923614 0.916171 -1.366511 -0.064347 -0.010411 2.038594 2.707683 3.578696 3.170177 -0.002284 -0.007024 -0.002857 -2.157364 -3.114353 -0.000405 -0.006816 -0.001230 -2.916965 -1.169079 -1.730204 1.711617 -9999.0 -9999.0 -9999.0 -9999.0
-9999.0 -9999.0 -9999.0 -9999.0 -9999.0 -9999.0 -9999.0 -9999.0 -9999.0 -9999.0 -0.002468 0.943680 -0.022292 -0.209431 -0.005171 -0.008603 -0.007428 3.182303 5.297743 6.517814 9.889729 3.135541 -0.012968 -0.435895 -0.018517 -0.009071 -0.002112 2.292972 2.049816 -0.843611 -1.161928 -1.274458 -1.425889 0.076889 -0.001814 0.955376 1.201972 1.225133 1.767975 -0.003772 0.609757 1.226739 5.231325 -0.008247 -0.010584 -0.007773 1.728606 7.332842 4.066690 -0.003492 -1.106242 -2.136186 0.603026 -0.000586 -0.007209 -0.009637 -0.003082 -0.195785 -0.069667 -0.008078 -9999.0 -9999.0 -9999.0
-9999.0 -9999.0 -9999.0 -9999.0 -9999.0 -9999.0 -9999.0 -9999.0 -9999.0 -9999.0 -0.003507 0.881872 1.187818 -0.007454 5.986033 -0.006929 -0.009836 3.020484 5.666585 7.643909 3.911926 1.979770 -0.013023 -0.008134 -0.008044 1.867146 3.058261 -0.009108 -0.533711 -1.186801 0.873297 0.860058 -2.415003 -0.002225 0.898750 0.972252 -0.134451 -0.272836 -0.097901 0.415057 -0.002939 1.746670 -1.123803 1.088038 3.176123 -0.029048 -0.007800 -0.010331 3.000876 3.582489 -0.002903 -0.103168 -1.889298 0.656980 -0.001330 -0.000396 -0.003912 -0.025293 1.269136 3.219708 -9999.0 -9999.0 -9999.0
-9999.0 -9999.0 -9999.0 -9999.0 -9999.0 -9999.0 -9999.0 -9999.0 0.997045 -0.003154 -0.000215 -0.000286 -1.139119 -0.017353 -0.016370 1.947430 3.360600 11.532096 7.539627 8.232546 5.666698 4.647233 3.679289 2.048774 -0.002787 2.232777 6.409282 -0.130049 -0.071943 -1.059003 -2.981211 0.872745 -0.003646 -0.000238 0.903872 0.909346 5.585524 -0.023315 -1.748035 1.716286 1.824935 1.165160 -0.986999 1.719835 4.330183 2.520705 -1.587323 -0.012427 -0.008632 3.618736 -0.001218 -0.100134 -2.434616 -3.554233 0.211606 -0.002736 1.620717 3.053050 1.805800 4.407082 -9999.0 -9999.0 -9999.0
-9999.0 -9999.0 -9999.0 -9999.0 -9999.0 -9999.0 -9999.0 -9999.0 -1.365978 -1.508342 -0.551774 0.507029 0.934450 -0.587185 -0.180904 -0.008694 2.351494 2.955685 6.031428 8.758426 16.664835 14.241849 14.273828 14.135779 3.902398 3.641958 1.172422 -0.011873 -1.348103 0.615204 -0.002419 1.774986 -0.002344 1.813068 1.046282 1.164745 7.305668 -0.003806 -0.011865 1.041423 0.895254 -2.305847 1.796643 1.087570 1.108088 -1.164284 -1.495436 0.973883 -0.009725 1.801625 3.075747 -0.009737 -2.136489 -0.003322 0.851028 -0.373836 -0.743151 -0.007761 3.834920 6.606860 8.438484 -9999.0 -9999.0
-9999.0 -9999.0 -9999.0 -9999.0 -9999.0 -9999.0 -9999.0 -9999.0 0.878377 0.927636 -0.003390 -1.298481 0.169730 -0.764385 -0.014351 -0.100810 -0.007258 4.666087 5.932922 16.096902 9.203590 14.254926 14.566077 7.919150 11.029395 3.634267 0.504041 -0.485320 -3.275892 0.896310 1.820324 0.948944 -0.107801 -0.054890 1.310566 4.995208 -0.004121 1.819744 -0.032212 -0.967188 0.870378 1.875462 1.062635 0.952745 -1.617424 1.004429 1.697470 0.932632 -0.106784 -0.012260 2.811658 -0.001842 -1.101154 -1.900342 -0.211441 -0.021344 2.337123 3.732898 6.361450 6.853665 7.324392 -9999.0 -9999.0
-9999.0 -9999.0 -9999.0 -9999.0 -9999.0 -9999.0 -9999.0 -9999.0 0.753608 0.968054 -0.578999 -2.530067 0.983304 -0.047396 -0.210573 -0.003978 4.471793 5.707812 10.326168 6.153475 8.538796 8.856726 13.418601 12.858827 4.033453 1.392658 -0.018533 -1.186753 1.174952 -0.841256 -0.027181 -0.010579 -0.008550 -0.017307 -0.008848 5.513389 9.320072 4.508490 0.997330 -0.007513 1.164039 1.238488 1.229748 4.132323 0.969654 1.861321 1.044475 2.496040 0.934361 -0.016414 -0.010776 2.480935 -0.001921 -0.139078 1.590570 2.858423 4.674871 4.937766 6.013706 7.070637 6.098435 2.955432 -9999.0
-9999.0 -9999.0 -9999.0 -9999.0 -9999.0 -9999.0 -9999.0 -9999.0 -0.004280 -0.002094 -0.603431 -0.804481 -0.178427 -0.119984 5.185262 3.659882 7.649258 2.885987 1.147084 3.315931 5.193004 8.173583 8.477333 8.211292 9.993154 -0.008388 -0.327006 -0.008182 -0.004335 -0.012944 -0.028419 -0.002173 3.260327 2.533745 -0.002568 2.696807 4.483548 6.499954 5.958999 3.373654 -0.001738 -0.002192 0.462071 -0.006331 -0.015178 3.149793 -0.011045 -0.053977 -0.009777 -0.002356 2.770046 2.057100 2.280115 3.222139 3.265833 3.921050 4.813037 5.726807 6.375291 6.206905 4.554889 2.385060 -9999.0
-9999.0 -9999.0 0.781912 1.021712 -1.728139 -0.060989 -1.520620 -2.591281 0.622986 -0.003379 -1.346252 -0.542376 -0.015924 -0.003344 6.591720 2.707689 -0.012714 -0.493921 -0.011846 -0.006750 3.200587 5.841902 6.785404 6.640718 6.257335 2.486993 -0.009931 -0.006116 2.581046 6.345826 -0.012565 1.010032 8.910076 3.808450 5.411863 5.097537 8.884816 8.839516 7.753018 5.105475 6.237680 5.522613 4.198545 3.797536 -0.008231 -0.002578 2.832115 1.770017 3.787020 4.771708 5.954006 5.388623 4.585850 4.071245 3.882020 10.902337 4.581026 5.050276 4.737749 3.834578 7.779741 1.646460 -9999.0
-9999.0 -0.014852 -1.210881 -1.406679 -0.056828 -1.115911 -0.401847 -0.747607 -1.685734 -0.000951 -0.121128 -0.157546 -0.002837 5.015841 5.373791 -0.033741 -0.045441 -0.100166 -0.038841 -0.011320 2.828729 4.692990 9.595508 5.195166 12.169704 6.099162 10.031138 9.978731 6.381837 4.568930 4.899988 5.081929 6.365318 12.013378 9.673018 10.587851 12.640761 11.767577 12.361172 10.397750 10.311451 10.097733 8.871674 5.268361 3.999688 4.379187 5.885474 6.369184 8.377090 6.409585 6.115454 5.194082 4.373647 3.557493 3.467278 2.824639 1.130238 1.487556 2.594461 6.001784 0.856499 1.461591 -9999.0
-9999.0 5.048910 -0.007830 -0.008076 0.809449 -0.011364 -1.733135 -1.221494 -0.001597 -0.002018 -0.415345 -0.484658 0.009729 5.517200 -0.020384 -2.061501 -0.612557 -0.135160 -0.079602 -0.008397 6.237772 2.252693 3.359832 4.225130 12.453864 14.483976 5.967442 8.134420 7.506637 6.902292 7.074760 6.855786 8.302456 9.303969 15.465344 12.529444 22.407973 23.572219 15.444441 14.480096 13.733174 12.511171 11.854285 8.543097 8.462555 8.334632 9.348888 8.843833 8.095656 7.056610 5.229621 2.303646 1.277208 1.732497 0.983305 -0.016748 -0.014728 -0.017632 -0.015194 -0.035915 -0.014370 -9999.0 -9999.0
