user2019/resources/simulation/Vinschgau/output-maps/TsL0008N0537.asc
ncols         63
nrows         48
xllcorner     598000.000000
yllcorner     5145000.000000
cellsize      1000.000000
NODATA_value  -9999.0
[rows 0 to 27 of 48, columns 0 to 62 of 63]
-9999.0 -9999.0 -9999.0 -9999.0 -9999.0 -9999.0 -9999.0 -9999.0 -9999.0 -9999.0 -9999.0 -9999.0 -9999.0 -9999.0 -9999.0 -9999.0 -9999.0 -9999.0 -9999.0 -9999.0 -9999.0 -9999.0 -9999.0 -9999.0 -9999.0 -9999.0 -9999.0 -9999.0 -9999.0 -9999.0 -9999.0 -9999.0 -9999.0 -9999.0 -9999.0 -9999.0 -9999.0 -9999.0 -9999.0 -9999.0 -9999.0 -9999.0 -9999.0 -9999.0 -9999.0 -9999.0 -9999.0 -9999.0 -9999.0 -9999.0 -9999.0 -9999.0 -9999.0 -9999.0 -9999.0 -9999.0 -9999.0 -9999.0 -9999.0 -9999.0 -9999.0 -9999.0 -9999.0
-9999.0 -9999.0 -9999.0 -9999.0 -9999.0 -9999.0 -9999.0 -9999.0 -9999.0 -9999.0 -9999.0 -9999.0 -9999.0 -9999.0 -9999.0 -9999.0 -9999.0 -9999.0 -9999.0 -9999.0 -9999.0 -9999.0 -9999.0 -9999.0 -9999.0 -9999.0 -9999.0 13.578151 13.783346 13.179972 12.070610 11.649226 10.539873 -9999.0 -9999.0 -9999.0 -9999.0 -9999.0 -9999.0 -9999.0 -9999.0 -9999.0 -9999.0 -9999.0 -9999.0 -9999.0 -9999.0 -9999.0 -9999.0 -9999.0 -9999.0 -9999.0 -9999.0 -9999.0 -9999.0 -9999.0 -9999.0 -9999.0 -9999.0 -9999.0 -9999.0 -9999.0 -9999.0
-9999.0 -9999.0 -9999.0 -9999.0 -9999.0 -9999.0 -9999.0 -9999.0 -9999.0 -9999.0 -9999.0 -9999.0 -9999.0 -9999.0 -9999.0 -9999.0 -9999.0 -9999.0 -9999.0 -9999.0 -9999.0 -9999.0 -9999.0 -9999.0 13.994567 14.314532 14.549042 14.214867 12.338341 12.261184 12.402682 -9999.0 -9999.0 -9999.0 -9999.0 -9999.0 -9999.0 -9999.0 -9999.0 -9999.0 -9999.0 -9999.0 -9999.0 -9999.0 -9999.0 -9999.0 -9999.0 -9999.0 -9999.0 -9999.0 -9999.0 -9999.0 -9999.0 -9999.0 -9999.0 -9999.0 -9999.0 -9999.0 -9999.0 -9999.0 -9999.0 -9999.0 -9999.0
-9999.0 -9999.0 -9999.0 -9999.0 -9999.0 -9999.0 -9999.0 -9999.0 -9999.0 -9999.0 -9999.0 -9999.0 -9999.0 -9999.0 -9999.0 -9999.0 -9999.0 -9999.0 -9999.0 -9999.0 -9999.0 -9999.0 -9999.0 14.289287 15.054335 12.820844 13.135077 13.257255 11.437884 14.492405 12.783657 11.940512 -9999.0 -9999.0 -9999.0 -9999.0 -9999.0 -9999.0 -9999.0 -9999.0 -9999.0 -9999.0 -9999.0 -9999.0 -9999.0 -9999.0 -9999.0 -9999.0 -9999.0 -9999.0 -9999.0 -9999.0 -9999.0 -9999.0 -9999.0 -9999.0 -9999.0 -9999.0 -9999.0 -9999.0 -9999.0 -9999.0 -9999.0
-9999.0 -9999.0 -9999.0 -9999.0 -9999.0 -9999.0 -9999.0 -9999.0 -9999.0 -9999.0 -9999.0 -9999.0 -9999.0 -9999.0 -9999.0 -9999.0 -9999.0 -9999.0 15.849135 14.164131 -9999.0 14.334717 14.833161 12.887201 13.318710 15.268696 15.943956 15.697531 13.596964 12.739888 14.129731 12.986048 12.130101 10.307795 -9999.0 -9999.0 -9999.0 -9999.0 -9999.0 -9999.0 -9999.0 -9999.0 -9999.0 -9999.0 -9999.0 -9999.0 -9999.0 -9999.0 -9999.0 -9999.0 -9999.0 -9999.0 -9999.0 -9999.0 -9999.0 -9999.0 -9999.0 -9999.0 -9999.0 -9999.0 -9999.0 -9999.0 -9999.0
-9999.0 -9999.0 -9999.0 -9999.0 -9999.0 -9999.0 -9999.0 -9999.0 -9999.0 -9999.0 -9999.0 -9999.0 -9999.0 -9999.0 -9999.0 -9999.0 -9999.0 13.102778 11.446669 14.173675 16.551541 11.015334 12.165302 13.721280 17.385125 10.145593 8.703436 10.559506 8.590587 11.414031 13.396951 11.841583 11.636583 12.921764 11.024964 9.742178 -9999.0 -9999.0 -9999.0 -9999.0 -9999.0 -9999.0 -9999.0 -9999.0 -9999.0 -9999.0 -9999.0 -9999.0 -9999.0 -9999.0 -9999.0 -9999.0 -9999.0 -9999.0 -9999.0 -9999.0 -9999.0 -9999.0 -9999.0 -9999.0 -9999.0 -9999.0 -9999.0
-9999.0 -9999.0 -9999.0 -9999.0 -9999.0 -9999.0 -9999.0 -9999.0 -9999.0 -9999.0 -9999.0 -9999.0 -9999.0 14.262410 11.442358 11.041647 12.660917 23.930884 12.737322 13.428269 13.508861 14.444694 15.958470 17.527486 9.826455 13.960744 10.517595 9.763532 10.024872 10.297773 8.834274 11.284884 10.797097 9.758478 9.538703 9.557044 -9999.0 -9999.0 -9999.0 -9999.0 -9999.0 -9999.0 -9999.0 -9999.0 -9999.0 -9999.0 -9999.0 -9999.0 -9999.0 -9999.0 -9999.0 -9999.0 -9999.0 -9999.0 -9999.0 -9999.0 -9999.0 -9999.0 -9999.0 -9999.0 -9999.0 -9999.0 -9999.0
-9999.0 -9999.0 -9999.0 -9999.0 -9999.0 -9999.0 -9999.0 -9999.0 -9999.0 -9999.0 -9999.0 -9999.0 -9999.0 14.587000 12.240749 11.376690 11.216653 18.201550 24.106897 15.977917 13.107342 16.602629 11.423429 10.825024 12.218211 11.049260 13.552212 12.662877 12.375272 9.103187 9.125438 10.828416 10.091781 7.361996 8.246591 -9999.0 -9999.0 -9999.0 -9999.0 -9999.0 -9999.0 -9999.0 -9999.0 -9999.0 -9999.0 -9999.0 -9999.0 -9999.0 -9999.0 -9999.0 -9999.0 -9999.0 -9999.0 -9999.0 -9999.0 -9999.0 -9999.0 -9999.0 -9999.0 -9999.0 -9999.0 -9999.0 -9999.0
-9999.0 -9999.0 -9999.0 -9999.0 -9999.0 -9999.0 -9999.0 -9999.0 -9999.0 -9999.0 -9999.0 -9999.0 -9999.0 12.221808 13.700744 12.998421 10.515046 11.795546 23.905462 12.505996 17.109394 13.604111 9.473589 9.409039 12.011529 11.207441 14.581045 11.959755 12.291944 11.082182 10.414838 7.147409 6.022025 -0.780874 6.652216 -9999.0 -9999.0 -9999.0 -9999.0 -9999.0 -9999.0 -9999.0 -9999.0 -9999.0 -9999.0 -9999.0 -9999.0 -9999.0 -9999.0 -9999.0 -9999.0 -9999.0 -9999.0 -9999.0 -9999.0 -9999.0 -9999.0 -9999.0 -9999.0 -9999.0 -9999.0 -9999.0 -9999.0
-9999.0 -9999.0 -9999.0 -9999.0 -9999.0 -9999.0 -9999.0 -9999.0 -9999.0 -9999.0 -9999.0 -9999.0 11.709043 13.045530 12.028427 10.836361 8.400689 10.666975 19.123246 14.969841 13.029668 10.399876 10.630076 10.297286 9.740415 12.530071 8.596498 12.309978 11.829964 10.852894 8.695229 11.758228 9.392114 8.285422 -9999.0 -9999.0 -9999.0 -9999.0 -9999.0 -9999.0 -9999.0 -9999.0 -9999.0 -9999.0 -9999.0 -9999.0 -9999.0 -9999.0 -9999.0 -9999.0 -9999.0 -9999.0 -9999.0 -9999.0 -9999.0 -9999.0 -9999.0 -9999.0 -9999.0 -9999.0 -9999.0 -9999.0 -9999.0
-9999.0 -9999.0 -9999.0 -9999.0 -9999.0 -9999.0 -9999.0 -9999.0 -9999.0 -9999.0 -9999.0 13.105179 10.476316 9.601972 10.168883 13.178653 10.851576 9.925465 18.402408 12.434795 10.455892 11.850727 14.494317 13.482944 9.846964 13.297354 11.039892 13.700633 11.335965 9.936411 11.902258 11.272267 10.560263 10.732445 12.436040 14.196652 14.230970 16.284960 17.019152 -9999.0 -9999.0 -9999.0 12.991222 -9999.0 -9999.0 -9999.0 -9999.0 -9999.0 -9999.0 -9999.0 -9999.0 -9999.0 -9999.0 -9999.0 -9999.0 -9999.0 -9999.0 -9999.0 -9999.0 -9999.0 -9999.0 -9999.0 -9999.0
-9999.0 -9999.0 -9999.0 -9999.0 -9999.0 -9999.0 -9999.0 -9999.0 -9999.0 -9999.0 -9999.0 12.453740 10.443610 9.922252 10.722161 11.953985 11.549175 11.364729 18.362159 15.952317 17.268398 15.803327 14.187328 7.643970 8.198015 13.397660 13.440522 13.324296 12.032386 10.700617 12.595928 11.588509 11.779323 10.989771 10.587419 12.435867 17.760919 19.655962 17.809605 14.817912 14.248608 13.169418 12.207660 14.297637 -9999.0 -9999.0 -9999.0 8.606033 10.942051 12.152397 11.781404 11.900477 11.612570 9.784608 9.946964 11.245226 -9999.0 -9999.0 -9999.0 -9999.0 -9999.0 -9999.0 -9999.0
-9999.0 -9999.0 -9999.0 -9999.0 -9999.0 -9999.0 -9999.0 -9999.0 -9999.0 -9999.0 -9999.0 12.366293 12.685456 8.048151 12.849758 13.136596 8.566524 8.929937 16.543825 16.985118 8.456657 10.683823 9.064431 14.365414 13.129077 14.950038 9.227243 8.326927 13.054388 11.132305 12.978444 7.124558 13.725128 10.956869 14.430204 14.791804 11.074527 12.411968 21.109713 17.643547 17.801968 13.498827 13.626942 13.432578 11.582418 -9999.0 10.076991 11.107722 13.325947 13.813882 14.699017 14.459873 14.059488 14.078284 13.487231 13.086169 -9999.0 -9999.0 -9999.0 -9999.0 -9999.0 -9999.0 -9999.0
-9999.0 -9999.0 -9999.0 -9999.0 -9999.0 -9999.0 -9999.0 -9999.0 -9999.0 -9999.0 -9999.0 -9999.0 12.521919 7.281705 13.889417 13.724898 7.013268 8.993070 16.497594 17.156977 10.366505 11.298503 10.875152 9.722790 7.934611 9.376536 13.988678 13.587571 12.518916 13.117663 13.419547 7.484730 14.216649 12.323773 11.150695 13.694586 10.018560 12.597409 22.743710 18.813830 19.162295 18.612800 9.408856 14.660656 14.794671 11.847481 11.863840 11.918989 7.995145 9.613365 10.492639 8.656075 9.006881 8.336658 6.058779 12.468440 13.121094 -9999.0 -9999.0 -9999.0 -9999.0 -9999.0 -9999.0
-9999.0 -9999.0 -9999.0 -9999.0 -9999.0 -9999.0 -9999.0 -9999.0 -9999.0 -9999.0 -9999.0 7.015061 12.218251 13.635207 8.268243 8.517958 9.693766 9.032586 18.171470 11.391994 10.841053 10.056011 10.687486 9.545517 9.705925 10.549425 9.274096 12.476571 13.001693 15.040969 8.837915 8.621407 14.529295 12.088909 10.096500 12.834851 16.032019 11.795368 11.275919 21.319780 11.981935 12.817204 11.726746 11.749160 15.361285 12.716601 12.718444 14.726872 15.566709 11.109414 8.581444 12.622003 0.327876 0.551900 1.577908 10.767331 13.609798 -9999.0 -9999.0 -9999.0 -9999.0 -9999.0 -9999.0
-9999.0 -9999.0 -9999.0 -9999.0 -9999.0 -9999.0 -9999.0 -9999.0 -9999.0 -9999.0 12.759606 8.939300 14.222955 14.026930 14.730918 9.705562 9.447418 8.684915 11.691523 11.833789 16.579174 15.127753 9.077674 16.537546 11.550494 9.981903 9.029721 8.445247 15.191702 15.376735 9.675246 8.864305 13.861946 11.741339 11.136724 14.479703 15.199340 10.363593 9.725842 13.258089 14.118415 14.415450 21.691224 8.886914 10.062439 15.958573 14.128529 9.713150 10.121382 10.908327 8.125711 11.779972 3.860656 9.886616 11.425179 13.820639 13.407909 -9999.0 -9999.0 -9999.0 -9999.0 -9999.0 -9999.0
-9999.0 -9999.0 -9999.0 -9999.0 -9999.0 -9999.0 -9999.0 -9999.0 -9999.0 12.726108 12.928767 8.502635 9.516175 8.233866 8.911506 9.179402 9.076647 16.482181 11.946753 12.684425 17.329442 11.131209 10.890615 12.989263 11.600457 8.317358 8.258969 15.790623 11.111912 11.416290 11.573632 7.260473 12.793037 10.659596 12.196337 13.859195 12.710182 8.056712 8.742829 9.668748 9.949776 8.918967 8.860762 11.795135 10.584163 10.480633 16.484317 10.046779 10.227567 11.591554 9.118210 11.422176 5.110124 10.784492 12.558304 6.449338 0.407065 15.001098 13.210613 -9999.0 -9999.0 -9999.0 -9999.0
-9999.0 -9999.0 -9999.0 -9999.0 -9999.0 -9999.0 -9999.0 -9999.0 -9999.0 11.699466 11.870584 13.597154 14.887221 10.839415 9.926459 9.512370 15.969415 11.966245 12.747637 19.720828 19.400379 19.781758 16.929964 16.154529 9.007689 10.067223 10.416673 11.860179 13.009112 15.037863 14.672533 7.216844 12.804722 11.760590 12.701099 15.084934 15.865463 17.030935 12.846688 14.186595 8.210064 8.296134 10.123327 11.583921 10.644716 13.237719 13.183728 12.633937 11.937398 11.913649 7.577073 4.003277 10.790071 11.058569 12.346174 5.078188 10.153431 10.772926 15.975257 -9999.0 -9999.0 -9999.0 -9999.0
-9999.0 -9999.0 -9999.0 -9999.0 -9999.0 -9999.0 -9999.0 -9999.0 -9999.0 -9999.0 12.827503 13.864479 10.275622 7.593473 11.670335 10.169534 11.330053 13.084725 13.728364 15.459062 18.693029 12.344659 10.286287 9.779475 10.307266 11.947325 13.061484 13.651355 15.194341 8.061480 7.663244 8.340728 0.812928 11.564958 13.465768 12.990808 14.958049 14.485868 14.977239 12.520809 11.484134 14.652519 13.612727 9.760770 9.255992 9.544765 10.695665 16.748152 14.395374 12.562988 8.740016 9.720070 12.436160 11.981668 10.732430 12.955168 13.663716 12.621747 13.201338 13.567984 -9999.0 -9999.0 -9999.0
-9999.0 -9999.0 -9999.0 -9999.0 -9999.0 -9999.0 -9999.0 -9999.0 -9999.0 -9999.0 12.423961 13.860200 14.445371 10.681244 16.988636 10.702659 10.557727 12.335087 15.117976 15.968429 13.514625 11.899205 10.418533 11.322386 11.917719 13.797942 14.392597 11.042779 8.374003 7.227942 12.886177 12.780287 7.538328 11.189616 12.466239 11.961591 9.232325 9.475225 7.810451 11.891654 12.876315 13.143980 8.114017 13.817335 14.268693 8.618382 10.499742 10.146628 12.323269 14.768172 12.644812 10.597475 6.064291 13.655573 11.641065 12.474054 12.934460 12.092672 13.729875 15.232523 -9999.0 -9999.0 -9999.0
-9999.0 -9999.0 -9999.0 -9999.0 -9999.0 -9999.0 -9999.0 -9999.0 14.824889 14.165313 13.182094 13.507579 9.567404 9.875799 9.434333 11.548386 13.041768 20.670257 16.519173 16.614755 15.306596 14.431714 13.395006 11.852939 13.389475 13.485490 17.281400 9.450884 9.543086 0.508352 11.742304 12.466901 12.995094 11.858031 12.247878 11.657712 15.181012 9.773760 5.732725 12.328790 12.777705 12.024882 7.190816 12.187272 15.432805 13.729182 7.096086 9.992270 10.919125 13.970843 13.266610 10.717078 0.705446 7.692929 13.406541 15.144214 16.353902 17.277872 15.073381 15.436226 -9999.0 -9999.0 -9999.0
-9999.0 -9999.0 -9999.0 -9999.0 -9999.0 -9999.0 -9999.0 -9999.0 9.680622 9.892489 6.687458 13.181518 14.211070 10.505291 9.313978 10.988029 12.021735 12.698763 15.708462 17.247641 24.140857 22.065901 20.666749 19.943915 14.222478 13.790874 11.754886 11.103212 9.035267 13.402849 12.507331 14.001977 12.714134 13.320130 12.907377 13.906615 14.496840 10.276200 9.060803 12.886164 11.366493 10.148590 12.426313 13.695775 13.740080 9.006319 0.628344 13.847471 11.084000 12.848358 15.337691 12.899258 0.837035 15.003636 16.469979 13.105978 13.160180 14.428878 16.761891 18.050882 18.809455 -9999.0 -9999.0
-9999.0 -9999.0 -9999.0 -9999.0 -9999.0 -9999.0 -9999.0 -9999.0 13.513234 14.175262 14.369052 6.549490 13.913868 7.561977 11.365785 10.098321 11.704618 14.914184 16.007680 23.566482 17.870291 22.776138 23.003689 17.155789 20.977381 13.207521 11.500366 9.095154 8.867305 14.306886 14.933806 14.222351 0.570504 0.560770 13.756817 14.430495 9.820809 10.679628 8.032986 7.432752 12.116846 12.569603 12.788175 12.612056 0.511837 13.400910 13.544608 14.058003 9.401774 11.867142 14.167012 14.738120 0.891607 10.834897 14.657688 15.141155 16.122032 16.926517 18.069338 17.520948 18.325276 -9999.0 -9999.0
-9999.0 -9999.0 -9999.0 -9999.0 -9999.0 -9999.0 -9999.0 -9999.0 12.629324 15.208425 10.491999 9.793210 14.173063 9.346154 11.108656 12.129366 14.339344 15.889620 18.435818 15.663527 17.324315 17.856404 22.975689 22.327726 14.217517 12.033590 10.244184 8.736865 15.842927 11.030555 10.500717 10.103560 11.165119 10.743003 0.539131 15.061843 16.257519 11.561838 9.107669 7.696640 12.521489 13.269470 13.529913 14.525427 13.237664 14.486553 14.644335 15.678260 15.530999 12.017718 12.964357 15.828325 16.029401 14.832588 16.869443 17.407365 17.932775 16.019527 16.849600 18.189241 17.110387 14.316763 -9999.0
-9999.0 -9999.0 -9999.0 -9999.0 -9999.0 -9999.0 -9999.0 -9999.0 12.129875 14.794064 11.193033 10.359724 11.179766 11.951581 18.291817 15.159431 17.700333 13.137153 11.851754 13.316296 15.358450 17.590525 17.902944 17.877164 20.824227 11.814918 9.587274 11.944113 12.601771 12.179957 9.427501 11.847303 12.728758 11.598186 10.956316 11.376342 12.376911 12.855554 11.927898 11.647517 10.527244 10.635685 11.084285 10.689650 0.546472 15.222390 10.906863 11.987626 12.230964 14.299545 16.159064 15.709603 16.689455 18.230624 18.497121 17.853651 18.391825 18.251733 17.263085 17.453055 15.392943 13.525350 -9999.0
-9999.0 -9999.0 15.066268 15.061960 9.182461 6.909859 9.848628 0.370571 14.076039 14.615941 11.425906 11.026144 12.122129 14.655181 20.468981 14.253440 11.962407 9.823728 11.247794 11.695146 13.729723 15.931024 17.148561 16.901513 16.155658 13.554077 11.879388 11.728102 12.441762 17.294070 10.306892 10.566654 16.361190 11.497482 13.568725 11.895716 14.901595 14.298768 13.037736 11.218559 13.167798 13.362629 11.315839 12.843785 9.852308 12.031630 13.385149 11.890733 15.105014 16.573176 18.226076 18.269218 18.360339 18.528634 18.473092 23.686173 17.282068 17.266462 16.780621 15.094349 18.275208 12.583408 -9999.0
-9999.0 10.265204 10.163236 10.117866 9.905132 10.257879 9.728241 0.416948 0.748993 13.886220 10.253326 11.224133 12.609185 18.032236 18.538939 11.950225 11.444267 10.414406 11.042901 11.835688 14.258194 14.748684 18.817645 15.904326 23.000450 16.810353 20.871777 20.857543 15.473705 14.334132 14.688156 14.131762 13.919054 17.881722 15.642593 16.350941 17.434045 16.249778 16.734507 15.899567 15.692485 15.486124 14.736805 12.473500 12.112978 12.709494 14.709804 14.855106 17.304808 16.374416 17.504507 17.549622 16.937511 16.973028 16.992408 16.694497 14.538151 14.256349 14.941395 17.409949 12.182093 12.218661 -9999.0
-9999.0 15.356426 11.096209 11.411047 15.377923 10.929123 8.104901 0.527491 14.041677 14.405264 10.238089 11.086957 13.627389 18.828811 12.746367 10.100096 10.119617 10.472537 12.333604 11.658989 16.688845 13.786428 14.707284 16.630800 23.065125 24.295918 16.865934 17.548401 16.583725 15.788615 16.446542 15.776451 15.015762 15.116537 19.191019 17.117699 24.326592 24.725109 18.534245 18.671721 17.579037 16.492800 16.362152 15.327854 16.110716 16.561256 17.211442 17.382324 16.938911 17.108666 16.273190 14.579785 14.461105 15.130957 14.970607 13.183331 13.356958 12.180809 12.025387 11.083654 11.081639 -9999.0 -9999.0
