user2019/resources/simulation/Vinschgau/output-maps/TsL0006N1352.asc
ncols         63
nrows         48
xllcorner     598000.000000
yllcorner     5145000.000000
cellsize      1000.000000
NODATA_value  -9999.0
[rows 0 to 27 of 48, columns 0 to 62 of 63]
-9999.0 -9999.0 -9999.0 -9999.0 -9999.0 -9999.0 -9999.0 -9999.0 -9999.0 -9999.0 -9999.0 -9999.0 -9999.0 -9999.0 -9999.0 -9999.0 -9999.0 -9999.0 -9999.0 -9999.0 -9999.0 -9999.0 -9999.0 -9999.0 -9999.0 -9999.0 -9999.0 -9999.0 -9999.0 -9999.0 -9999.0 -9999.0 -9999.0 -9999.0 -9999.0 -9999.0 -9999.0 -9999.0 -9999.0 -9999.0 -9999.0 -9999.0 -9999.0 -9999.0 -9999.0 -9999.0 -9999.0 -9999.0 -9999.0 -9999.0 -9999.0 -9999.0 -9999.0 -9999.0 -9999.0 -9999.0 -9999.0 -9999.0 -9999.0 -9999.0 -9999.0 -9999.0 -9999.0
-9999.0 -9999.0 -9999.0 -9999.0 -9999.0 -9999.0 -9999.0 -9999.0 -9999.0 -9999.0 -9999.0 -9999.0 -9999.0 -9999.0 -9999.0 -9999.0 -9999.0 -9999.0 -9999.0 -9999.0 -9999.0 -9999.0 -9999.0 -9999.0 -9999.0 -9999.0 -9999.0 0.333685 0.585134 0.781121 0.050572 -0.000553 -1.475758 -9999.0 -9999.0 -9999.0 -9999.0 -9999.0 -9999.0 -9999.0 -9999.0 -9999.0 -9999.0 -9999.0 -9999.0 -9999.0 -9999.0 -9999.0 -9999.0 -9999.0 -9999.0 -9999.0 -9999.0 -9999.0 -9999.0 -9999.0 -9999.0 -9999.0 -9999.0 -9999.0 -9999.0 -9999.0 -9999.0
-9999.0 -9999.0 -9999.0 -9999.0 -9999.0 -9999.0 -9999.0 -9999.0 -9999.0 -9999.0 -9999.0 -9999.0 -9999.0 -9999.0 -9999.0 -9999.0 -9999.0 -9999.0 -9999.0 -9999.0 -9999.0 -9999.0 -9999.0 -9999.0 0.900142 1.029327 1.267942 0.896227 1.256710 1.219958 -0.000619 -9999.0 -9999.0 -9999.0 -9999.0 -9999.0 -9999.0 -9999.0 -9999.0 -9999.0 -9999.0 -9999.0 -9999.0 -9999.0 -9999.0 -9999.0 -9999.0 -9999.0 -9999.0 -9999.0 -9999.0 -9999.0 -9999.0 -9999.0 -9999.0 -9999.0 -9999.0 -9999.0 -9999.0 -9999.0 -9999.0 -9999.0 -9999.0
-9999.0 -9999.0 -9999.0 -9999.0 -9999.0 -9999.0 -9999.0 -9999.0 -9999.0 -9999.0 -9999.0 -9999.0 -9999.0 -9999.0 -9999.0 -9999.0 -9999.0 -9999.0 -9999.0 -9999.0 -9999.0 -9999.0 -9999.0 1.100774 1.766614 3.480294 3.777963 3.952403 4.100530 1.297603 -0.000625 -0.000561 -9999.0 -9999.0 -9999.0 -9999.0 -9999.0 -9999.0 -9999.0 -9999.0 -9999.0 -9999.0 -9999.0 -9999.0 -9999.0 -9999.0 -9999.0 -9999.0 -9999.0 -9999.0 -9999.0 -9999.0 -9999.0 -9999.0 -9999.0 -9999.0 -9999.0 -9999.0 -9999.0 -9999.0 -9999.0 -9999.0 -9999.0
-9999.0 -9999.0 -9999.0 -9999.0 -9999.0 -9999.0 -9999.0 -9999.0 -9999.0 -9999.0 -9999.0 -9999.0 -9999.0 -9999.0 -9999.0 -9999.0 -9999.0 -9999.0 5.104880 1.701401 -9999.0 1.373809 1.769970 3.121463 3.230719 3.948343 3.701003 4.087528 2.813556 1.374764 1.046155 0.042472 -0.007221 -0.064873 -9999.0 -9999.0 -9999.0 -9999.0 -9999.0 -9999.0 -9999.0 -9999.0 -9999.0 -9999.0 -9999.0 -9999.0 -9999.0 -9999.0 -9999.0 -9999.0 -9999.0 -9999.0 -9999.0 -9999.0 -9999.0 -9999.0 -9999.0 -9999.0 -9999.0 -9999.0 -9999.0 -9999.0 -9999.0
-9999.0 -9999.0 -9999.0 -9999.0 -9999.0 -9999.0 -9999.0 -9999.0 -9999.0 -9999.0 -9999.0 -9999.0 -9999.0 -9999.0 -9999.0 -9999.0 -9999.0 5.106013 3.777335 4.073952 2.746721 0.647235 1.513118 2.795310 4.424885 0.308142 -0.036554 1.127765 -0.027378 2.245836 2.219813 1.152098 1.174696 0.308209 -0.165276 -0.482515 -9999.0 -9999.0 -9999.0 -9999.0 -9999.0 -9999.0 -9999.0 -9999.0 -9999.0 -9999.0 -9999.0 -9999.0 -9999.0 -9999.0 -9999.0 -9999.0 -9999.0 -9999.0 -9999.0 -9999.0 -9999.0 -9999.0 -9999.0 -9999.0 -9999.0 -9999.0 -9999.0
-9999.0 -9999.0 -9999.0 -9999.0 -9999.0 -9999.0 -9999.0 -9999.0 -9999.0 -9999.0 -9999.0 -9999.0 -9999.0 3.970164 2.738224 3.408483 4.697338 9.636669 4.785779 3.481090 3.379428 3.073096 3.737649 4.631459 -0.005356 1.699932 -0.228559 -0.033503 -0.021161 0.016905 -0.835834 1.507590 0.733389 0.201575 0.145363 -0.538234 -9999.0 -9999.0 -9999.0 -9999.0 -9999.0 -9999.0 -9999.0 -9999.0 -9999.0 -9999.0 -9999.0 -9999.0 -9999.0 -9999.0 -9999.0 -9999.0 -9999.0 -9999.0 -9999.0 -9999.0 -9999.0 -9999.0 -9999.0 -9999.0 -9999.0 -9999.0 -9999.0
-9999.0 -9999.0 -9999.0 -9999.0 -9999.0 -9999.0 -9999.0 -9999.0 -9999.0 -9999.0 -9999.0 -9999.0 -9999.0 4.529995 4.436153 4.226732 3.998426 9.173893 9.701980 5.068755 4.000725 5.991473 2.748111 1.694592 2.611271 1.643379 0.611204 0.548553 0.146766 -0.072133 -0.032245 0.224322 0.028692 -0.539749 -0.254783 -9999.0 -9999.0 -9999.0 -9999.0 -9999.0 -9999.0 -9999.0 -9999.0 -9999.0 -9999.0 -9999.0 -9999.0 -9999.0 -9999.0 -9999.0 -9999.0 -9999.0 -9999.0 -9999.0 -9999.0 -9999.0 -9999.0 -9999.0 -9999.0 -9999.0 -9999.0 -9999.0 -9999.0
-9999.0 -9999.0 -9999.0 -9999.0 -9999.0 -9999.0 -9999.0 -9999.0 -9999.0 -9999.0 -9999.0 -9999.0 -9999.0 4.356363 3.858416 5.549407 3.752247 4.493846 10.078278 4.854620 6.940550 2.830170 0.677617 -0.008287 2.407141 1.997985 1.324605 0.079989 -0.000582 -0.042781 -0.000567 -0.597785 -0.608941 -7.579865 -0.558718 -9999.0 -9999.0 -9999.0 -9999.0 -9999.0 -9999.0 -9999.0 -9999.0 -9999.0 -9999.0 -9999.0 -9999.0 -9999.0 -9999.0 -9999.0 -9999.0 -9999.0 -9999.0 -9999.0 -9999.0 -9999.0 -9999.0 -9999.0 -9999.0 -9999.0 -9999.0 -9999.0 -9999.0
-9999.0 -9999.0 -9999.0 -9999.0 -9999.0 -9999.0 -9999.0 -9999.0 -9999.0 -9999.0 -9999.0 -9999.0 3.153078 3.345262 5.189446 3.603567 2.396766 4.074220 10.001170 5.534601 3.495106 0.551228 1.263084 -0.014590 -0.945784 0.570135 -2.106521 -0.000628 0.655661 0.018134 -0.002024 -0.007488 -0.000461 -0.607712 -9999.0 -9999.0 -9999.0 -9999.0 -9999.0 -9999.0 -9999.0 -9999.0 -9999.0 -9999.0 -9999.0 -9999.0 -9999.0 -9999.0 -9999.0 -9999.0 -9999.0 -9999.0 -9999.0 -9999.0 -9999.0 -9999.0 -9999.0 -9999.0 -9999.0 -9999.0 -9999.0 -9999.0 -9999.0
-9999.0 -9999.0 -9999.0 -9999.0 -9999.0 -9999.0 -9999.0 -9999.0 -9999.0 -9999.0 -9999.0 3.754960 4.623472 3.293272 4.666963 5.930459 4.672346 4.352432 9.834035 6.928082 2.702379 3.022649 2.030911 0.867994 1.252539 0.923959 -0.000622 0.453767 -0.002397 -0.396990 -0.008288 0.742376 0.146069 -0.024602 -0.010543 0.222666 -0.001285 0.466630 0.544127 -9999.0 -9999.0 -9999.0 -0.410939 -9999.0 -9999.0 -9999.0 -9999.0 -9999.0 -9999.0 -9999.0 -9999.0 -9999.0 -9999.0 -9999.0 -9999.0 -9999.0 -9999.0 -9999.0 -9999.0 -9999.0 -9999.0 -9999.0 -9999.0
-9999.0 -9999.0 -9999.0 -9999.0 -9999.0 -9999.0 -9999.0 -9999.0 -9999.0 -9999.0 -9999.0 3.165357 4.670794 6.226738 5.922653 5.273930 6.936184 4.803347 9.913087 7.628562 6.942019 4.091279 1.494672 -1.216435 -0.743090 0.537999 0.290813 0.934104 0.731295 -0.015172 0.339241 1.223767 -0.000583 -0.000507 -0.000711 0.378090 1.264727 1.512591 0.570339 -0.055583 -0.011999 -0.027825 0.042705 0.008767 -9999.0 -9999.0 -9999.0 -0.821905 -0.787858 -0.466526 -0.012835 -1.217322 -1.232049 -1.678558 -1.603537 -1.323585 -9999.0 -9999.0 -9999.0 -9999.0 -9999.0 -9999.0 -9999.0
-9999.0 -9999.0 -9999.0 -9999.0 -9999.0 -9999.0 -9999.0 -9999.0 -9999.0 -9999.0 -9999.0 2.853186 3.454635 1.965793 5.301166 6.009990 2.720408 3.961498 8.573121 7.528432 2.476008 0.256381 -0.489377 0.880327 0.527290 0.367840 -0.614080 -2.559338 0.260319 -0.000621 0.138715 -1.033595 0.929996 -0.000548 0.023208 1.053995 -0.398473 -0.667174 2.249814 0.119646 0.633688 -0.001361 0.914511 0.447167 -0.001018 -9999.0 -0.628532 -0.002006 0.031263 0.715216 0.916553 1.016056 0.490058 -0.000579 -0.000408 -0.000511 -9999.0 -9999.0 -9999.0 -9999.0 -9999.0 -9999.0 -9999.0
-9999.0 -9999.0 -9999.0 -9999.0 -9999.0 -9999.0 -9999.0 -9999.0 -9999.0 -9999.0 -9999.0 -9999.0 3.404344 -0.003567 4.529473 4.852943 0.935804 3.002480 9.249380 7.424111 2.323417 0.993710 -0.028977 -0.191122 -1.532761 -0.705552 0.725294 0.872745 0.018510 0.036965 0.243947 -0.624726 1.068123 -0.000558 -0.000584 0.582100 -0.606109 -0.518332 3.184809 1.231276 1.601270 1.340182 -0.209815 1.292414 0.100758 -0.001565 -0.499844 -0.000527 -1.516214 -0.263154 -0.022485 -0.630084 -2.753818 -1.317710 -1.598785 -0.001974 -0.003222 -9999.0 -9999.0 -9999.0 -9999.0 -9999.0 -9999.0
-9999.0 -9999.0 -9999.0 -9999.0 -9999.0 -9999.0 -9999.0 -9999.0 -9999.0 -9999.0 -9999.0 -0.199290 1.603303 4.168888 -0.003574 0.677717 2.084585 2.331680 8.704177 4.283413 2.591890 0.970372 -0.005671 -0.676119 -0.601872 -0.667293 -0.226621 -0.000628 -0.000632 0.491343 -0.687563 -0.657894 1.708078 -0.000575 -0.000652 0.347860 0.515794 -0.226814 0.195860 3.146148 -0.230589 0.058838 -0.018601 -0.045395 1.924803 -0.000624 0.594250 0.523181 1.216133 -0.023054 -2.396956 -0.000633 -2.435595 -4.155343 -4.859039 -1.856264 -0.006057 -9999.0 -9999.0 -9999.0 -9999.0 -9999.0 -9999.0
-9999.0 -9999.0 -9999.0 -9999.0 -9999.0 -9999.0 -9999.0 -9999.0 -9999.0 -9999.0 0.537476 -0.037068 1.660383 1.883288 3.328163 0.013575 -0.002558 0.119364 3.427078 3.934969 5.562991 3.563025 -0.375224 2.166010 -0.012721 -1.282954 -1.072333 -3.337273 1.063266 1.449393 -0.045311 -0.358196 1.343170 -0.000579 -0.475563 0.151005 1.087578 -0.384471 -0.104141 0.403979 0.560450 1.477786 5.577196 1.056558 -0.019033 0.554659 0.726508 -0.130638 -0.100093 -0.007491 -3.517683 -0.581884 -5.329652 -2.567320 -2.163134 -0.000567 -0.000560 -9999.0 -9999.0 -9999.0 -9999.0 -9999.0 -9999.0
-9999.0 -9999.0 -9999.0 -9999.0 -9999.0 -9999.0 -9999.0 -9999.0 -9999.0 0.649587 1.209026 -0.031583 -0.022222 -0.223177 -0.040356 -0.025234 -0.020071 4.238593 3.352592 3.965548 5.933948 0.762977 0.453103 1.238880 0.195602 -1.220235 -1.698712 1.380096 -0.041655 -0.014487 0.228758 -1.421947 0.220258 -0.328104 -0.009782 0.139097 1.155581 -0.733287 -0.497502 -0.033863 -0.454175 -0.200813 -0.291608 1.720768 1.408582 -0.027696 3.144776 -0.347480 -0.329453 0.268934 -1.071462 -0.015312 -2.719939 -2.511516 -1.570304 -2.616103 -1.706442 0.033492 -1.060135 -9999.0 -9999.0 -9999.0 -9999.0
-9999.0 -9999.0 -9999.0 -9999.0 -9999.0 -9999.0 -9999.0 -9999.0 -9999.0 0.587409 0.581802 1.598490 2.276334 -0.004516 -0.022354 -0.251718 2.554698 1.217167 3.912913 6.949280 6.544745 5.922088 4.159508 1.993056 -0.833869 -0.865429 -0.173080 -0.009210 0.702511 2.084101 1.671481 -1.794680 0.558319 -0.000567 0.033712 0.136086 0.304843 1.139748 0.502961 1.782541 -0.395296 -1.033766 -0.077575 0.980629 2.688627 2.658890 2.509731 0.962373 -0.005407 0.394482 -2.676155 -4.405334 -2.748936 -2.354678 -0.002181 -3.488973 -1.527325 -1.064800 0.301494 -9999.0 -9999.0 -9999.0 -9999.0
-9999.0 -9999.0 -9999.0 -9999.0 -9999.0 -9999.0 -9999.0 -9999.0 -9999.0 -9999.0 0.226598 1.511316 -0.023203 -0.423946 0.180408 -0.019864 -0.005586 2.582182 4.689625 5.209155 6.665061 2.518657 -0.004672 -0.135288 -0.630867 -0.018795 0.340783 1.238154 1.451382 -1.352143 -1.693359 -2.393668 -2.715114 -0.000577 0.884630 1.698445 1.358686 1.596651 0.313842 0.391950 0.094726 1.360609 1.783698 -0.026392 -0.004625 -0.004662 1.615615 4.529105 3.559095 0.461637 -1.632233 -1.690612 -1.976332 -2.775477 -2.451947 -0.004105 0.194889 -1.239608 -0.031927 -0.012002 -9999.0 -9999.0 -9999.0
-9999.0 -9999.0 -9999.0 -9999.0 -9999.0 -9999.0 -9999.0 -9999.0 -9999.0 -9999.0 0.005183 0.755210 1.276912 -0.014561 3.030200 0.351535 -0.006028 2.473228 5.139866 5.840074 3.218179 1.355389 -0.005023 -0.029800 -0.017359 0.735728 1.869495 -0.002893 -1.044033 -2.438078 0.327694 1.135485 -2.718119 -0.000602 0.392521 1.777102 -1.186955 -0.035465 -1.136025 -0.000624 0.518093 2.680758 -0.189612 1.225570 1.602153 -0.166514 -0.006735 -0.004339 3.009474 3.151706 0.175953 -1.143233 -3.121239 -1.168386 -3.451695 -2.710340 -0.414370 -0.384123 1.441596 2.126577 -9999.0 -9999.0 -9999.0
-9999.0 -9999.0 -9999.0 -9999.0 -9999.0 -9999.0 -9999.0 -9999.0 0.799438 0.175362 -0.000566 0.875440 -0.577391 -0.075360 -0.035632 1.592524 2.778295 6.754928 6.115516 6.206985 4.939319 3.840849 2.949875 1.238523 0.904878 1.785305 3.033589 -0.574923 -0.836924 -2.349856 -0.460883 0.362055 0.404436 -0.000604 0.591100 0.551954 3.259014 -0.027382 -2.292050 0.162538 0.597426 1.387089 -2.344714 0.248360 1.586336 1.187061 -2.113644 -0.120579 -0.002687 2.518679 0.500976 -0.513626 -2.116676 -4.859429 -2.389618 -0.000409 0.076669 1.561804 0.806969 4.404022 -9999.0 -9999.0 -9999.0
-9999.0 -9999.0 -9999.0 -9999.0 -9999.0 -9999.0 -9999.0 -9999.0 -2.624428 -0.665644 -1.882688 -0.000612 0.572852 -1.714977 -0.682919 -0.004974 1.770640 2.361369 5.332590 6.750464 10.007068 8.971681 8.199277 7.118074 3.202807 3.253840 0.686570 -0.035901 -2.605318 -0.000599 -0.000529 0.255844 0.700026 0.332492 0.891227 1.190511 4.490776 0.240134 -0.062370 1.052353 0.374003 0.004061 0.379756 1.143396 0.360556 -0.351477 -2.796867 0.831888 -0.040591 1.478989 1.933015 -0.026789 -3.277317 -0.005612 0.417769 -1.392068 -0.463622 -0.006940 3.386234 5.943831 6.673845 -9999.0 -9999.0
-9999.0 -9999.0 -9999.0 -9999.0 -9999.0 -9999.0 -9999.0 -9999.0 0.349513 0.150257 0.001237 -2.666070 0.395237 -2.130778 -0.351875 -0.561323 0.303807 3.152737 5.263120 9.754293 7.206457 9.305092 9.192267 5.787575 7.083005 3.099856 0.229604 -0.995883 -3.165924 0.404451 0.403791 1.366287 -1.193019 -0.926154 1.551591 3.940341 0.057894 1.817760 -0.020188 -0.155216 0.996078 0.551100 0.950041 0.153394 -0.748006 0.891900 0.131770 0.128598 -1.316587 -0.003117 2.657436 0.390552 -2.380725 -3.160272 -0.056941 -0.017563 1.119440 2.644264 5.671324 6.228361 6.565286 -9999.0 -9999.0
-9999.0 -9999.0 -9999.0 -9999.0 -9999.0 -9999.0 -9999.0 -9999.0 -0.476928 0.944947 -0.125922 -3.100305 0.589270 -0.846970 -0.282875 0.092027 3.825591 5.064959 7.137390 5.524978 6.666349 7.101951 8.963405 8.099438 3.488560 0.965743 -0.010532 -1.740051 1.237936 -0.122857 -0.318795 -0.048457 -0.002140 -0.011430 -0.031882 2.995406 4.910919 3.965241 0.714048 -0.021538 1.448490 1.653670 1.604588 1.535529 0.516207 0.530595 1.166363 1.066589 0.495746 -0.485361 -0.004360 2.362481 0.439898 -0.037197 0.688284 1.687683 3.675272 4.803876 5.649269 6.311550 5.381375 2.631777 -9999.0
-9999.0 -9999.0 -9999.0 -9999.0 -9999.0 -9999.0 -9999.0 -9999.0 -1.359709 0.505902 -1.842157 -1.335622 -0.291443 -0.127511 2.106643 2.579861 4.628551 2.406471 0.911213 2.754110 4.605531 6.561486 6.710363 6.375040 6.173670 0.237802 -0.855202 -0.017404 0.174053 -0.002179 -0.155222 0.348426 2.746138 1.286445 0.651666 2.044388 3.469873 5.915927 5.303902 2.423109 1.012651 1.045535 0.845515 0.112522 -0.400962 2.006665 -0.046293 -0.026745 -0.059364 0.279452 1.957903 1.623362 1.952817 1.815086 2.517899 2.911325 3.647619 4.810359 5.600144 5.534619 4.088464 2.042266 -9999.0
-9999.0 -9999.0 0.700803 0.857767 -3.063291 -0.990734 -2.051438 -1.618796 -0.002372 0.102042 -0.571917 -0.462621 -0.080293 0.057404 3.684063 1.592723 -0.005200 -0.987012 -0.157377 0.071427 2.622260 5.347936 6.101706 5.977514 4.500519 1.893192 0.087821 0.289051 2.512346 3.580449 -0.004737 0.804439 6.230609 3.300369 4.725442 4.506144 7.127036 8.154583 7.070318 4.398200 4.828442 4.894399 4.166538 3.170816 -0.003244 0.769610 1.751083 1.459992 3.236896 4.139422 4.777326 4.286251 3.405303 2.751609 2.653467 6.162702 3.371170 4.068187 4.006425 3.442199 4.701223 1.252910 -9999.0
-9999.0 -0.213396 -0.301420 -0.471663 -0.893710 -0.643214 -1.357242 -2.040222 -3.012835 -0.000559 -1.253168 -0.625349 -0.005839 2.875674 2.482881 -0.172720 -0.631968 -1.221537 -0.771096 -0.005114 2.400039 4.158807 6.976356 4.822152 7.372538 4.261338 5.654463 6.001346 4.994910 3.753906 3.572569 3.741479 5.478458 8.883218 7.769880 9.032757 10.660869 11.053250 10.835468 9.187655 8.307803 8.155410 7.470534 4.685962 3.398838 3.792550 4.995994 5.799689 6.639763 6.015152 5.251437 4.213863 3.153803 2.312840 2.232201 1.713946 0.671860 1.032813 1.495632 2.777640 0.427414 1.045520 -9999.0
-9999.0 2.388225 -0.021051 -0.023868 1.162379 -0.034234 -2.278004 -2.558240 -0.002703 -0.000553 -1.710405 -1.004840 0.150082 2.644454 -0.059771 -2.243702 -1.896251 -1.450178 -0.496859 -0.011097 3.273927 1.996540 3.001791 3.335118 7.269007 8.197378 5.298798 6.161777 6.355046 6.263945 6.407166 6.176598 7.336940 8.237312 11.553627 11.274360 15.977417 16.982660 13.690752 12.617807 11.918380 10.950152 9.881571 7.936298 7.797334 7.667932 7.905759 7.711539 7.076766 6.260299 4.414042 2.019641 0.813647 1.443210 0.544128 -0.005382 -0.266260 -0.026609 -0.006398 -0.040364 -0.004133 -9999.0 -9999.0
