user2019/resources/simulation/Vinschgau/output-maps/TsL0007N0256.asc
ncols         63
nrows         48
xllcorner     598000.000000
yllcorner     5145000.000000
cellsize      1000.000000
NODATA_value  -9999.0
[rows 0 to 27 of 48, columns 0 to 61 of 63]
-9999.0 -9999.0 -9999.0 -9999.0 -9999.0 -9999.0 -9999.0 -9999.0 -9999.0 -9999.0 -9999.0 -9999.0 -9999.0 -9999.0 -9999.0 -9999.0 -9999.0 -9999.0 -9999.0 -9999.0 -9999.0 -9999.0 -9999.0 -9999.0 -9999.0 -9999.0 -9999.0 -9999.0 -9999.0 -9999.0 -9999.0 -9999.0 -9999.0 -9999.0 -9999.0 -9999.0 -9999.0 -9999.0 -9999.0 -9999.0 -9999.0 -9999.0 -9999.0 -9999.0 -9999.0 -9999.0 -9999.0 -9999.0 -9999.0 -9999.0 -9999.0 -9999.0 -9999.0 -9999.0 -9999.0 -9999.0 -9999.0 -9999.0 -9999.0 -9999.0 -9999.0 -9999.0
-9999.0 -9999.0 -9999.0 -9999.0 -9999.0 -9999.0 -9999.0 -9999.0 -9999.0 -9999.0 -9999.0 -9999.0 -9999.0 -9999.0 -9999.0 -9999.0 -9999.0 -9999.0 -9999.0 -9999.0 -9999.0 -9999.0 -9999.0 -9999.0 -9999.0 -9999.0 -9999.0 -6.358325 -6.611625 -6.555917 -7.126562 -8.110754 -8.091804 -9999.0 -9999.0 -9999.0 -9999.0 -9999.0 -9999.0 -9999.0 -9999.0 -9999.0 -9999.0 -9999.0 -9999.0 -9999.0 -9999.0 -9999.0 -9999.0 -9999.0 -9999.0 -9999.0 -9999.0 -9999.0 -9999.0 -9999.0 -9999.0 -9999.0 -9999.0 -9999.0 -9999.0 -9999.0
-9999.0 -9999.0 -9999.0 -9999.0 -9999.0 -9999.0 -9999.0 -9999.0 -9999.0 -9999.0 -9999.0 -9999.0 -9999.0 -9999.0 -9999.0 -9999.0 -9999.0 -9999.0 -9999.0 -9999.0 -9999.0 -9999.0 -9999.0 -9999.0 -4.531306 -5.276515 -5.135036 -5.819165 -5.459105 -6.252682 -7.204940 -9999.0 -9999.0 -9999.0 -9999.0 -9999.0 -9999.0 -9999.0 -9999.0 -9999.0 -9999.0 -9999.0 -9999.0 -9999.0 -9999.0 -9999.0 -9999.0 -9999.0 -9999.0 -9999.0 -9999.0 -9999.0 -9999.0 -9999.0 -9999.0 -9999.0 -9999.0 -9999.0 -9999.0 -9999.0 -9999.0 -9999.0
-9999.0 -9999.0 -9999.0 -9999.0 -9999.0 -9999.0 -9999.0 -9999.0 -9999.0 -9999.0 -9999.0 -9999.0 -9999.0 -9999.0 -9999.0 -9999.0 -9999.0 -9999.0 -9999.0 -9999.0 -9999.0 -9999.0 -9999.0 -4.899082 -4.024023 -2.348304 -4.574860 -4.981340 -4.949805 -6.317295 -7.002803 -6.483522 -9999.0 -9999.0 -9999.0 -9999.0 -9999.0 -9999.0 -9999.0 -9999.0 -9999.0 -9999.0 -9999.0 -9999.0 -9999.0 -9999.0 -9999.0 -9999.0 -9999.0 -9999.0 -9999.0 -9999.0 -9999.0 -9999.0 -9999.0 -9999.0 -9999.0 -9999.0 -9999.0 -9999.0 -9999.0 -9999.0
-9999.0 -9999.0 -9999.0 -9999.0 -9999.0 -9999.0 -9999.0 -9999.0 -9999.0 -9999.0 -9999.0 -9999.0 -9999.0 -9999.0 -9999.0 -9999.0 -9999.0 -9999.0 -0.026883 -2.441309 -9999.0 -4.459314 -3.702791 -3.100621 -4.915831 -1.914454 -4.881983 -4.877425 -1.097886 -4.777982 -6.008893 -7.099764 -7.492577 -8.338561 -9999.0 -9999.0 -9999.0 -9999.0 -9999.0 -9999.0 -9999.0 -9999.0 -9999.0 -9999.0 -9999.0 -9999.0 -9999.0 -9999.0 -9999.0 -9999.0 -9999.0 -9999.0 -9999.0 -9999.0 -9999.0 -9999.0 -9999.0 -9999.0 -9999.0 -9999.0 -9999.0 -9999.0
-9999.0 -9999.0 -9999.0 -9999.0 -9999.0 -9999.0 -9999.0 -9999.0 -9999.0 -9999.0 -9999.0 -9999.0 -9999.0 -9999.0 -9999.0 -9999.0 -9999.0 -2.022587 -4.482366 -4.513910 -4.026047 -2.323328 -3.489353 -4.364298 -1.157632 -5.974622 -6.058916 -4.953149 -6.135582 -5.228126 -4.599162 -6.340795 -5.615021 -7.417536 -8.089658 -9.028413 -9999.0 -9999.0 -9999.0 -9999.0 -9999.0 -9999.0 -9999.0 -9999.0 -9999.0 -9999.0 -9999.0 -9999.0 -9999.0 -9999.0 -9999.0 -9999.0 -9999.0 -9999.0 -9999.0 -9999.0 -9999.0 -9999.0 -9999.0 -9999.0 -9999.0 -9999.0
-9999.0 -9999.0 -9999.0 -9999.0 -9999.0 -9999.0 -9999.0 -9999.0 -9999.0 -9999.0 -9999.0 -9999.0 -9999.0 -4.543826 -2.194698 -4.452183 -3.881005 -3.922395 -3.410481 -4.836851 -4.954965 -4.697451 -4.568897 -4.527409 -5.642367 -6.207229 -7.081150 -6.228899 -6.968376 -5.306578 -5.776767 -6.970792 -7.483797 -9.215400 -9.314223 -9.772352 -9999.0 -9999.0 -9999.0 -9999.0 -9999.0 -9999.0 -9999.0 -9999.0 -9999.0 -9999.0 -9999.0 -9999.0 -9999.0 -9999.0 -9999.0 -9999.0 -9999.0 -9999.0 -9999.0 -9999.0 -9999.0 -9999.0 -9999.0 -9999.0 -9999.0 -9999.0
-9999.0 -9999.0 -9999.0 -9999.0 -9999.0 -9999.0 -9999.0 -9999.0 -9999.0 -9999.0 -9999.0 -9999.0 -9999.0 -2.327154 -1.756815 -2.843549 -2.677124 -2.131073 -3.963932 -4.194944 -1.210448 -5.582028 -4.434779 -5.000226 -4.428136 -5.512406 -6.082766 -8.004834 -8.476416 -7.216465 -6.107441 -9.090127 -9.278335 -10.076454 -10.052183 -9999.0 -9999.0 -9999.0 -9999.0 -9999.0 -9999.0 -9999.0 -9999.0 -9999.0 -9999.0 -9999.0 -9999.0 -9999.0 -9999.0 -9999.0 -9999.0 -9999.0 -9999.0 -9999.0 -9999.0 -9999.0 -9999.0 -9999.0 -9999.0 -9999.0 -9999.0 -9999.0
-9999.0 -9999.0 -9999.0 -9999.0 -9999.0 -9999.0 -9999.0 -9999.0 -9999.0 -9999.0 -9999.0 -9999.0 -9999.0 -2.428579 -4.162777 -0.009721 -2.317225 -3.639633 -3.947817 -0.435511 -2.687166 -6.633621 -5.278628 -5.004601 -3.991533 -2.778958 -5.922812 -8.311903 -6.315242 -9.043865 -8.770417 -10.344375 -10.046402 -10.817811 -10.285621 -9999.0 -9999.0 -9999.0 -9999.0 -9999.0 -9999.0 -9999.0 -9999.0 -9999.0 -9999.0 -9999.0 -9999.0 -9999.0 -9999.0 -9999.0 -9999.0 -9999.0 -9999.0 -9999.0 -9999.0 -9999.0 -9999.0 -9999.0 -9999.0 -9999.0 -9999.0 -9999.0
-9999.0 -9999.0 -9999.0 -9999.0 -9999.0 -9999.0 -9999.0 -9999.0 -9999.0 -9999.0 -9999.0 -9999.0 -2.426014 -2.749121 -0.862249 -5.664774 -1.121579 -3.944150 -0.111260 -3.831116 -4.013533 -5.760542 -5.449905 -4.850241 -2.522553 -7.709278 -5.126127 -5.984435 -5.908848 -8.526538 -9.179253 -7.866684 -8.149573 -9.656199 -9999.0 -9999.0 -9999.0 -9999.0 -9999.0 -9999.0 -9999.0 -9999.0 -9999.0 -9999.0 -9999.0 -9999.0 -9999.0 -9999.0 -9999.0 -9999.0 -9999.0 -9999.0 -9999.0 -9999.0 -9999.0 -9999.0 -9999.0 -9999.0 -9999.0 -9999.0 -9999.0 -9999.0
-9999.0 -9999.0 -9999.0 -9999.0 -9999.0 -9999.0 -9999.0 -9999.0 -9999.0 -9999.0 -9999.0 -3.464003 -4.283756 -0.027828 -5.393202 -5.215769 -6.449461 -3.882952 -0.051487 -3.861481 -4.651526 -2.011651 -5.094183 -6.605510 -5.235699 -5.960034 -8.367654 -5.668499 -6.086213 -9.140097 -7.345632 -6.746025 -8.219759 -9.794271 -10.239876 -10.346398 -9.785354 -10.047750 -6.339447 -9999.0 -9999.0 -9999.0 -10.357187 -9999.0 -9999.0 -9999.0 -9999.0 -9999.0 -9999.0 -9999.0 -9999.0 -9999.0 -9999.0 -9999.0 -9999.0 -9999.0 -9999.0 -9999.0 -9999.0 -9999.0 -9999.0 -9999.0
-9999.0 -9999.0 -9999.0 -9999.0 -9999.0 -9999.0 -9999.0 -9999.0 -9999.0 -9999.0 -9999.0 -4.783225 -4.163933 -3.196917 -2.922179 -6.090044 -3.032316 -4.430376 -0.051808 -1.202191 -3.937073 -0.829626 -4.318653 -5.054810 -5.354297 -6.455526 -5.783479 -5.151592 -6.210671 -8.387420 -6.787120 -7.156198 -8.226291 -8.724373 -10.869182 -10.178013 -2.820630 -2.840054 -3.717281 -11.910217 -11.668401 -11.642041 -9.028409 -9.017160 -9999.0 -9999.0 -9999.0 -0.008974 -3.073700 -3.534844 -0.815774 -2.272526 -2.351535 -0.005397 -0.005145 -2.112936 -9999.0 -9999.0 -9999.0 -9999.0 -9999.0 -9999.0
-9999.0 -9999.0 -9999.0 -9999.0 -9999.0 -9999.0 -9999.0 -9999.0 -9999.0 -9999.0 -9999.0 -3.883908 -4.837333 -5.653732 -1.926151 -5.263120 -3.110942 -4.407332 -1.889167 -0.052514 -1.913660 -3.194400 -2.841722 -3.896044 -6.823920 -5.776005 -3.589192 -6.098104 -7.569787 -6.964820 -8.206363 -7.158395 -7.202301 -9.418858 -10.159399 -8.810708 -4.122837 -3.720982 -2.044077 -4.707442 -3.778076 -9.867864 -8.126015 -7.762866 -7.346332 -9999.0 -6.681730 -3.942288 -1.889044 -0.164445 -1.022517 -0.894081 -0.032653 -0.001648 -0.030252 -0.005214 -9999.0 -9999.0 -9999.0 -9999.0 -9999.0 -9999.0
-9999.0 -9999.0 -9999.0 -9999.0 -9999.0 -9999.0 -9999.0 -9999.0 -9999.0 -9999.0 -9999.0 -9999.0 -4.230809 -2.025069 -0.684783 -2.068359 -3.756199 -3.958366 -0.502498 -0.052701 -4.190259 -3.017356 -3.578874 -2.969741 -5.417991 -3.257611 -1.989826 -7.031686 -6.636648 -6.464066 -6.612667 -6.709293 -7.404068 -8.765218 -10.607332 -10.565647 -5.712462 -4.171499 -0.613150 -3.754547 -4.020428 -7.849380 -6.637095 -6.052485 -7.046896 -5.636910 -5.295668 -4.063406 -4.179547 -2.659212 -2.186851 -1.326771 -0.007203 -0.031265 -2.625965 -2.535091 -0.395645 -9999.0 -9999.0 -9999.0 -9999.0 -9999.0
-9999.0 -9999.0 -9999.0 -9999.0 -9999.0 -9999.0 -9999.0 -9999.0 -9999.0 -9999.0 -9999.0 -0.620315 -5.104787 -5.145543 -2.187691 -2.230507 -2.488728 -4.443547 -3.474813 -0.038366 -3.702491 -3.632823 -2.986794 -4.089411 -3.047481 -3.008192 -2.715847 -7.310405 -5.806298 -5.941885 -4.493684 -5.126564 -5.573745 -8.453949 -11.016199 -10.561173 -11.529429 -4.852054 -2.863027 -0.423507 -4.234003 -2.399365 -4.296896 -5.815880 -5.225477 -5.838496 -3.941156 -3.890525 -3.482168 -4.032546 -5.575289 -5.368751 -4.103733 -6.098170 -5.184340 -5.810783 -1.898934 -9999.0 -9999.0 -9999.0 -9999.0 -9999.0
-9999.0 -9999.0 -9999.0 -9999.0 -9999.0 -9999.0 -9999.0 -9999.0 -9999.0 -9999.0 -0.584441 -1.472951 -0.096971 -3.981503 -0.308990 -3.092546 -5.149455 -4.365716 -3.655566 -0.046014 -0.208340 -0.025313 -3.472807 -1.322195 -3.810442 -2.174663 -6.115380 -6.281011 -3.754565 -3.596469 -4.718296 -6.032706 -6.935870 -8.580436 -11.096936 -10.332774 -8.552753 -4.995517 -3.478461 -1.043549 -0.098078 -4.841023 -5.341149 -4.026302 -5.559630 -6.110140 -3.935193 -4.309326 -4.680100 -4.073441 -3.666554 -5.886868 -5.798154 -6.064315 -5.569426 -0.115195 -0.038505 -9999.0 -9999.0 -9999.0 -9999.0 -9999.0
-9999.0 -9999.0 -9999.0 -9999.0 -9999.0 -9999.0 -9999.0 -9999.0 -9999.0 -5.198593 -0.562634 -0.596391 -3.314504 -1.439572 -0.072091 -4.554959 -4.786727 -0.900722 -3.396284 -0.037473 -0.051443 -4.340898 -4.095884 -2.454777 -2.174845 -6.016774 -4.260081 -3.210127 -4.488864 -4.700808 -4.839666 -6.788072 -8.931744 -9.911452 -8.953912 -9.503192 -9.417539 -9.001920 -9.472576 -7.617187 -2.681544 -7.638788 -7.222278 -0.062281 -4.459542 -5.538863 -5.177272 -4.286949 -3.058192 -4.185248 -2.067131 -3.342901 -6.483683 -4.841915 -2.972650 -1.415148 -0.021264 -0.037328 -0.374929 -9999.0 -9999.0 -9999.0
-9999.0 -9999.0 -9999.0 -9999.0 -9999.0 -9999.0 -9999.0 -9999.0 -9999.0 -5.189658 -4.995254 -4.963833 -3.862193 -2.895188 -0.804886 -0.683978 -0.003430 -3.748349 -2.312367 -0.038368 -0.037912 -0.025863 -2.035132 -1.712084 -5.744729 -3.670983 -4.070389 -4.415700 -2.212617 -4.151700 -5.633064 -5.426985 -7.343997 -6.882520 -7.556831 -7.603358 -8.459932 -7.927347 -9.464756 -8.016183 -6.355935 -8.108239 -5.352982 -4.971426 -0.043044 -0.087946 -0.080637 -4.092484 -4.626792 -3.975199 -3.522119 -2.429324 -4.781501 -4.223128 -5.617230 -0.549452 -0.234733 -0.038000 -0.033354 -9999.0 -9999.0 -9999.0
-9999.0 -9999.0 -9999.0 -9999.0 -9999.0 -9999.0 -9999.0 -9999.0 -9999.0 -9999.0 -4.851020 -4.738832 -4.014025 -2.349804 -3.550289 -0.924297 -0.771816 -3.431330 -0.023527 -0.034853 -0.295806 -3.354095 -1.587057 -3.556484 -3.633260 -4.524079 -3.220302 -0.086139 -5.069134 -6.209363 -6.689719 -3.336449 -7.331378 -7.727092 -6.289827 -5.205371 -5.483336 -6.155566 -8.137892 -8.860451 -9.205432 -5.745624 -6.076909 -5.936484 -6.665257 -6.604214 -4.779516 -2.766109 -0.075793 -4.180957 -1.901612 -1.035976 -2.712132 -4.427781 -3.179555 -4.701203 -2.048027 -2.933536 -3.405974 -1.449119 -9999.0 -9999.0
-9999.0 -9999.0 -9999.0 -9999.0 -9999.0 -9999.0 -9999.0 -9999.0 -9999.0 -9999.0 -4.841768 -4.801314 -3.946439 -1.618609 -0.127700 -4.117813 -3.441272 -3.101092 -0.011048 -0.033256 -0.116354 -3.633293 -4.577609 -4.136116 -4.064253 -2.133652 -0.085533 -3.874179 -5.273907 -7.700412 -7.229977 -4.848479 -6.249075 -7.678528 -7.477823 -6.884079 -5.262943 -4.947645 -6.363908 -7.615742 -5.590699 -5.667774 -5.387299 -6.646651 -1.255418 -4.973938 -3.789045 -5.841357 -0.079966 -0.375210 -4.146526 -0.761326 -0.073451 -2.553938 -3.922062 -1.896433 -4.782676 -0.215812 -1.807221 -0.093918 -9999.0 -9999.0
-9999.0 -9999.0 -9999.0 -9999.0 -9999.0 -9999.0 -9999.0 -9999.0 -0.051643 -0.490474 -4.631344 -4.048071 -4.303290 -4.063889 -2.066491 -0.046079 -0.105501 -0.024407 -0.024106 -0.018911 -0.012301 -0.022794 -0.035402 -3.969518 -3.210714 -0.011314 -1.328707 -5.595332 -4.706196 -6.305855 -8.550613 -6.969147 -6.180547 -6.106053 -5.227366 -7.982563 -4.770561 -4.378996 -6.275753 -5.992666 -6.803893 -6.181867 -7.345524 -7.805260 -4.254597 -2.109426 -5.979527 -1.651625 -4.944635 -0.047231 -3.801062 -2.589177 -0.115658 -3.224801 -1.805443 -0.034334 -0.069028 -0.003105 -3.110980 -0.084639 -9999.0 -9999.0
-9999.0 -9999.0 -9999.0 -9999.0 -9999.0 -9999.0 -9999.0 -9999.0 -5.331100 -0.445762 -3.279589 -6.313976 -5.419452 -3.859580 -1.972878 -3.316455 -2.060782 -2.313010 0.112873 -0.008130 -0.004873 -0.010805 -0.015013 -0.023036 -0.022669 -0.010186 -1.960823 -4.098109 -6.680013 -4.864698 -4.941651 -4.858176 -4.410341 -5.314750 -2.860742 -2.773216 -3.233261 -3.818327 -4.681609 -4.053031 -6.319453 -8.355930 -7.060090 -3.012516 -2.036312 -2.916371 -6.210376 -5.522887 -4.494377 -2.874713 -0.276594 -2.950129 -0.316143 -0.035326 -2.189300 -3.327389 -3.378370 -3.647031 -0.079317 -0.002834 -0.002072 -9999.0
-9999.0 -9999.0 -9999.0 -9999.0 -9999.0 -9999.0 -9999.0 -9999.0 -5.425609 -4.024899 -0.263292 -4.886496 -2.520908 -6.042816 -0.485264 -3.757731 -2.240438 -0.929138 -0.007867 -0.016159 -0.003655 -0.014808 -0.007365 -0.014599 -0.010241 -2.209721 -3.826709 -4.786304 -5.595234 -4.082995 -4.824628 -2.495290 -3.795719 -4.037626 -1.305326 -2.645563 -3.861455 -4.254407 -4.098249 -3.990791 -4.300316 -4.655535 -1.239238 -4.193265 -4.572062 -4.802797 -3.204486 -0.401764 -3.597957 -4.669420 -0.042672 -2.415423 -3.253492 -2.326503 -3.198192 -2.490134 -0.633587 -0.077614 -0.040507 -0.035800 -0.002552 -9999.0
-9999.0 -9999.0 -9999.0 -9999.0 -9999.0 -9999.0 -9999.0 -9999.0 -7.305415 -4.061186 -0.009045 -3.011185 -0.038681 -0.018588 -3.493569 -3.074391 -0.061762 -0.016281 -0.046304 -0.017598 -0.022648 -0.003500 -0.004031 -0.014447 -1.600682 -2.431963 -1.432999 -3.115055 -2.112354 -3.797057 -2.902944 -2.680719 -4.481563 -4.150447 -4.095928 -2.998432 -2.340605 -3.752351 -2.617963 -2.938681 -2.936422 -1.140676 -0.772080 -3.074634 -0.452502 -2.978572 -0.153444 -1.679668 -0.099193 -3.138139 -2.854751 -0.086638 -1.338372 -1.481323 -0.658394 -0.134303 -0.093886 -0.036070 0.431432 -0.002586 -0.040967 -0.005515
-9999.0 -9999.0 -9999.0 -9999.0 -9999.0 -9999.0 -9999.0 -9999.0 -4.389724 -2.851045 -0.012028 -2.415953 -3.553623 -3.377791 -0.187822 -0.100545 -0.992879 -3.729318 -3.480137 -2.688060 -0.019362 -0.005354 -0.005364 -0.034205 -0.224246 -3.660555 -3.754057 -2.996835 -3.788181 -4.037688 -2.885494 -2.473072 -2.939738 -2.963777 -2.892804 -2.498516 -3.156118 -2.734333 -3.174727 -2.368949 -2.519849 -2.922032 -3.774009 -3.527056 -2.858376 -0.798328 -3.256512 -4.128936 -4.083089 -2.982971 -1.348391 -0.155557 -0.093789 -0.131439 -0.107481 -0.045257 -0.007753 -0.005292 -0.039081 -0.072655 -0.633465 -0.002870
-9999.0 -9999.0 -3.512854 -2.202377 -3.315507 -2.073305 -0.968730 -2.139586 -2.557898 -2.532077 -2.610681 -1.445392 -2.906449 -1.590934 -0.055457 -0.697529 -4.814878 -4.680459 -4.094911 -2.291369 -2.625642 -0.008775 -0.006626 -0.036393 -0.040744 -2.456558 -3.578638 -3.954472 -2.466521 -2.086393 -4.012569 -3.247167 -0.083481 -3.814303 -2.682369 -3.717087 -1.434650 -0.129180 -2.375818 -3.596220 -3.929746 -3.134607 -3.618416 -3.747895 -3.876408 -3.971745 -2.884169 -3.340674 -0.603658 -0.082629 -0.082191 -0.042660 -0.007960 -0.020703 -0.045415 -0.041485 -0.047236 -0.096313 -0.901307 -2.086767 -0.002016 -0.001972
-9999.0 -0.829097 -1.329473 -0.598013 -1.012235 -0.075649 -3.240311 -3.832991 -3.962163 -4.462978 -3.088302 -0.054696 -0.657899 -0.005722 -0.008380 -1.226841 -3.943963 -3.759264 -0.675574 -3.397962 -2.136154 -0.046560 -0.040304 -0.020343 -0.052424 -0.078974 -0.027117 -0.028255 -0.073449 -0.099001 -0.776763 -2.429710 -1.842303 -0.064512 -0.091184 -0.085573 -0.062177 -0.031429 -0.057488 -0.082130 -0.085190 -0.089304 -0.100774 -3.000426 -1.595007 -2.504639 -0.041547 -0.077379 -0.037988 -0.036111 -0.007188 -0.015502 -0.046452 -0.062772 -0.064022 -1.638125 -0.436026 -0.018317 -0.004411 -0.003128 -0.001901 -0.001670
-9999.0 -2.946510 -1.709078 -2.210291 -0.008302 -1.477367 -1.810808 -2.009207 -2.194304 -2.831251 -1.006482 -1.149852 -1.816066 -0.005165 -2.226698 -3.697106 -4.258343 -3.793148 -2.526849 -3.503406 -0.007207 -2.184895 -0.041672 -0.042220 -0.028514 -0.009162 -0.011997 -0.005327 -0.005555 0.228042 0.214594 -0.023803 -0.096187 -0.039328 -0.034807 -0.033078 -0.006683 4.250978 -0.027905 -0.027060 -0.035065 -0.035428 -0.032306 -0.021421 -0.006667 0.529759 0.977901 0.858975 -0.003898 -0.005139 -0.095221 -3.375229 -0.440493 -1.228075 -2.944993 -0.009611 -0.449686 -0.349008 -0.373654 -0.005611 -0.004352 -9999.0
