user2019/resources/simulation/Vinschgau/output-maps/TsL0006N0636.asc
ncols         63
nrows         48
xllcorner     598000.000000
yllcorner     5145000.000000
cellsize      1000.000000
NODATA_value  -9999.0
[rows 0 to 27 of 48, columns 0 to 62 of 63]
-9999.0 -9999.0 -9999.0 -9999.0 -9999.0 -9999.0 -9999.0 -9999.0 -9999.0 -9999.0 -9999.0 -9999.0 -9999.0 -9999.0 -9999.0 -9999.0 -9999.0 -9999.0 -9999.0 -9999.0 -9999.0 -9999.0 -9999.0 -9999.0 -9999.0 -9999.0 -9999.0 -9999.0 -9999.0 -9999.0 -9999.0 -9999.0 -9999.0 -9999.0 -9999.0 -9999.0 -9999.0 -9999.0 -9999.0 -9999.0 -9999.0 -9999.0 -9999.0 -9999.0 -9999.0 -9999.0 -9999.0 -9999.0 -9999.0 -9999.0 -9999.0 -9999.0 -9999.0 -9999.0 -9999.0 -9999.0 -9999.0 -9999.0 -9999.0 -9999.0 -9999.0 -9999.0 -9999.0
-9999.0 -9999.0 -9999.0 -9999.0 -9999.0 -9999.0 -9999.0 -9999.0 -9999.0 -9999.0 -9999.0 -9999.0 -9999.0 -9999.0 -9999.0 -9999.0 -9999.0 -9999.0 -9999.0 -9999.0 -9999.0 -9999.0 -9999.0 -9999.0 -9999.0 -9999.0 -9999.0 12.879329 12.392551 11.109097 10.110879 9.263504 9.672412 -9999.0 -9999.0 -9999.0 -9999.0 -9999.0 -9999.0 -9999.0 -9999.0 -9999.0 -9999.0 -9999.0 -9999.0 -9999.0 -9999.0 -9999.0 -9999.0 -9999.0 -9999.0 -9999.0 -9999.0 -9999.0 -9999.0 -9999.0 -9999.0 -9999.0 -9999.0 -9999.0 -9999.0 -9999.0 -9999.0
-9999.0 -9999.0 -9999.0 -9999.0 -9999.0 -9999.0 -9999.0 -9999.0 -9999.0 -9999.0 -9999.0 -9999.0 -9999.0 -9999.0 -9999.0 -9999.0 -9999.0 -9999.0 -9999.0 -9999.0 -9999.0 -9999.0 -9999.0 -9999.0 12.631524 13.153518 13.563041 13.305748 11.945572 11.625042 11.179406 -9999.0 -9999.0 -9999.0 -9999.0 -9999.0 -9999.0 -9999.0 -9999.0 -9999.0 -9999.0 -9999.0 -9999.0 -9999.0 -9999.0 -9999.0 -9999.0 -9999.0 -9999.0 -9999.0 -9999.0 -9999.0 -9999.0 -9999.0 -9999.0 -9999.0 -9999.0 -9999.0 -9999.0 -9999.0 -9999.0 -9999.0 -9999.0
-9999.0 -9999.0 -9999.0 -9999.0 -9999.0 -9999.0 -9999.0 -9999.0 -9999.0 -9999.0 -9999.0 -9999.0 -9999.0 -9999.0 -9999.0 -9999.0 -9999.0 -9999.0 -9999.0 -9999.0 -9999.0 -9999.0 -9999.0 12.922446 14.190800 13.236397 13.795125 14.343547 13.175235 13.309826 11.867400 11.189605 -9999.0 -9999.0 -9999.0 -9999.0 -9999.0 -9999.0 -9999.0 -9999.0 -9999.0 -9999.0 -9999.0 -9999.0 -9999.0 -9999.0 -9999.0 -9999.0 -9999.0 -9999.0 -9999.0 -9999.0 -9999.0 -9999.0 -9999.0 -9999.0 -9999.0 -9999.0 -9999.0 -9999.0 -9999.0 -9999.0 -9999.0
-9999.0 -9999.0 -9999.0 -9999.0 -9999.0 -9999.0 -9999.0 -9999.0 -9999.0 -9999.0 -9999.0 -9999.0 -9999.0 -9999.0 -9999.0 -9999.0 -9999.0 -9999.0 14.647399 12.970733 -9999.0 11.824444 12.993570 13.599739 13.638253 15.370156 14.697164 14.759897 16.004385 13.826706 13.257327 12.110238 10.937583 8.955526 -9999.0 -9999.0 -9999.0 -9999.0 -9999.0 -9999.0 -9999.0 -9999.0 -9999.0 -9999.0 -9999.0 -9999.0 -9999.0 -9999.0 -9999.0 -9999.0 -9999.0 -9999.0 -9999.0 -9999.0 -9999.0 -9999.0 -9999.0 -9999.0 -9999.0 -9999.0 -9999.0 -9999.0 -9999.0
-9999.0 -9999.0 -9999.0 -9999.0 -9999.0 -9999.0 -9999.0 -9999.0 -9999.0 -9999.0 -9999.0 -9999.0 -9999.0 -9999.0 -9999.0 -9999.0 -9999.0 13.539574 12.089987 11.531679 12.482529 11.161814 12.474924 13.524874 16.959760 10.892833 9.801720 11.298121 10.095050 11.987301 13.650360 11.803510 12.084643 11.457451 9.610030 7.684017 -9999.0 -9999.0 -9999.0 -9999.0 -9999.0 -9999.0 -9999.0 -9999.0 -9999.0 -9999.0 -9999.0 -9999.0 -9999.0 -9999.0 -9999.0 -9999.0 -9999.0 -9999.0 -9999.0 -9999.0 -9999.0 -9999.0 -9999.0 -9999.0 -9999.0 -9999.0 -9999.0
-9999.0 -9999.0 -9999.0 -9999.0 -9999.0 -9999.0 -9999.0 -9999.0 -9999.0 -9999.0 -9999.0 -9999.0 -9999.0 11.439546 11.850964 11.432552 12.853394 20.911738 13.190711 13.599130 13.344374 14.272494 15.499832 16.891704 10.309031 11.960451 10.301477 8.623188 10.738929 11.317444 10.248032 10.969015 10.496023 9.347432 9.062767 7.497819 -9999.0 -9999.0 -9999.0 -9999.0 -9999.0 -9999.0 -9999.0 -9999.0 -9999.0 -9999.0 -9999.0 -9999.0 -9999.0 -9999.0 -9999.0 -9999.0 -9999.0 -9999.0 -9999.0 -9999.0 -9999.0 -9999.0 -9999.0 -9999.0 -9999.0 -9999.0 -9999.0
-9999.0 -9999.0 -9999.0 -9999.0 -9999.0 -9999.0 -9999.0 -9999.0 -9999.0 -9999.0 -9999.0 -9999.0 -9999.0 11.999728 12.425972 11.533630 11.278156 16.810115 20.947323 15.373348 13.686137 14.377772 11.601382 11.133594 12.814854 11.494797 11.925164 9.740287 10.287571 8.810665 8.486829 8.998571 8.684535 7.052468 7.770423 -9999.0 -9999.0 -9999.0 -9999.0 -9999.0 -9999.0 -9999.0 -9999.0 -9999.0 -9999.0 -9999.0 -9999.0 -9999.0 -9999.0 -9999.0 -9999.0 -9999.0 -9999.0 -9999.0 -9999.0 -9999.0 -9999.0 -9999.0 -9999.0 -9999.0 -9999.0 -9999.0 -9999.0
-9999.0 -9999.0 -9999.0 -9999.0 -9999.0 -9999.0 -9999.0 -9999.0 -9999.0 -9999.0 -9999.0 -9999.0 -9999.0 12.140006 13.167089 12.651640 10.693763 11.993847 20.968205 13.048357 14.544203 10.882834 9.657893 9.591987 12.436635 10.985485 11.653308 9.483841 11.001724 8.909657 8.928753 1.050530 6.874714 0.728713 7.128800 -9999.0 -9999.0 -9999.0 -9999.0 -9999.0 -9999.0 -9999.0 -9999.0 -9999.0 -9999.0 -9999.0 -9999.0 -9999.0 -9999.0 -9999.0 -9999.0 -9999.0 -9999.0 -9999.0 -9999.0 -9999.0 -9999.0 -9999.0 -9999.0 -9999.0 -9999.0 -9999.0 -9999.0
-9999.0 -9999.0 -9999.0 -9999.0 -9999.0 -9999.0 -9999.0 -9999.0 -9999.0 -9999.0 -9999.0 -9999.0 11.722264 12.569900 12.446172 10.865445 8.864034 11.107157 17.402288 12.676596 12.463426 10.056695 9.100074 9.512273 10.190471 9.587440 8.441557 10.263764 11.136996 8.296222 3.832140 10.205479 9.432683 7.420110 -9999.0 -9999.0 -9999.0 -9999.0 -9999.0 -9999.0 -9999.0 -9999.0 -9999.0 -9999.0 -9999.0 -9999.0 -9999.0 -9999.0 -9999.0 -9999.0 -9999.0 -9999.0 -9999.0 -9999.0 -9999.0 -9999.0 -9999.0 -9999.0 -9999.0 -9999.0 -9999.0 -9999.0 -9999.0
-9999.0 -9999.0 -9999.0 -9999.0 -9999.0 -9999.0 -9999.0 -9999.0 -9999.0 -9999.0 -9999.0 10.854531 9.699233 9.722260 10.244497 10.420871 8.885187 10.493284 17.181002 11.893550 10.974005 12.495199 11.682055 10.380166 9.671120 10.607721 8.420555 11.487672 10.726447 2.827734 10.282379 11.533199 10.062357 9.241910 10.326352 11.856537 13.731524 15.106686 15.132133 -9999.0 -9999.0 -9999.0 10.125908 -9999.0 -9999.0 -9999.0 -9999.0 -9999.0 -9999.0 -9999.0 -9999.0 -9999.0 -9999.0 -9999.0 -9999.0 -9999.0 -9999.0 -9999.0 -9999.0 -9999.0 -9999.0 -9999.0 -9999.0
-9999.0 -9999.0 -9999.0 -9999.0 -9999.0 -9999.0 -9999.0 -9999.0 -9999.0 -9999.0 -9999.0 10.255280 9.461218 9.476445 10.561773 9.127726 11.508340 12.036918 17.054653 15.511544 14.745803 13.066597 11.866437 7.177757 7.885423 10.682822 11.453155 11.618133 10.554722 8.019973 11.480263 11.594546 10.858809 9.480829 10.130944 13.024168 17.246900 18.032871 16.266910 13.143216 13.287553 12.353125 12.549108 10.455259 -9999.0 -9999.0 -9999.0 8.472746 9.228863 10.433490 10.201970 9.978714 9.746239 8.669971 8.967025 5.882264 -9999.0 -9999.0 -9999.0 -9999.0 -9999.0 -9999.0 -9999.0
-9999.0 -9999.0 -9999.0 -9999.0 -9999.0 -9999.0 -9999.0 -9999.0 -9999.0 -9999.0 -9999.0 10.456039 9.678621 7.768311 10.711345 10.591140 8.345171 9.517524 15.990941 16.142290 10.261711 10.039519 8.791298 11.870478 10.202696 12.430132 8.851446 8.771094 10.234041 8.930840 10.735615 8.460028 12.378141 9.594689 11.309718 15.343119 11.736505 12.950271 19.474329 14.732075 16.138386 13.589424 14.193912 12.874781 10.242363 -9999.0 9.240127 9.791009 11.257402 12.506728 12.866258 12.888668 12.450580 11.791900 11.253247 10.445954 -9999.0 -9999.0 -9999.0 -9999.0 -9999.0 -9999.0 -9999.0
-9999.0 -9999.0 -9999.0 -9999.0 -9999.0 -9999.0 -9999.0 -9999.0 -9999.0 -9999.0 -9999.0 -9999.0 10.216352 7.185618 11.413671 11.286503 7.142128 9.377599 17.040244 16.348680 10.552191 10.585917 10.316864 9.563673 7.273702 8.611935 13.330063 10.322086 10.574444 11.420892 11.533121 8.512865 12.166917 11.074073 10.373721 13.457262 10.172778 12.434259 21.140775 16.535179 17.607398 17.534279 11.080458 14.571683 11.181928 9.949313 10.466431 10.029755 8.237242 10.510827 11.850249 9.550609 10.477689 8.703909 8.724823 10.274752 10.643856 -9999.0 -9999.0 -9999.0 -9999.0 -9999.0 -9999.0
-9999.0 -9999.0 -9999.0 -9999.0 -9999.0 -9999.0 -9999.0 -9999.0 -9999.0 -9999.0 -9999.0 7.216407 9.586474 10.678020 8.297354 8.565844 9.411349 9.259522 15.867408 12.120062 10.542857 9.747392 10.213202 8.336612 8.703334 10.414893 9.342666 9.810061 11.317017 12.692646 8.882949 10.029043 12.763514 10.838879 8.667967 12.326933 12.896852 11.725196 13.010515 20.778865 11.902558 12.856728 12.451324 11.762734 15.167064 10.953217 11.730249 12.799456 13.276741 11.616984 8.090546 9.958629 7.579286 6.604823 6.282994 9.004930 10.518985 -9999.0 -9999.0 -9999.0 -9999.0 -9999.0 -9999.0
-9999.0 -9999.0 -9999.0 -9999.0 -9999.0 -9999.0 -9999.0 -9999.0 -9999.0 -9999.0 11.385515 8.366550 11.903322 11.410408 12.218073 9.814993 9.252808 8.738368 11.716306 12.255096 15.120740 13.519382 8.639089 14.402614 11.129711 9.989452 7.594631 7.293975 12.572201 13.144020 10.597225 9.902099 11.231820 9.885406 7.567229 11.357105 14.985358 10.614850 10.678372 14.224718 14.375799 13.002882 17.510248 11.724434 11.363654 12.723154 12.181089 10.413485 11.435154 11.917963 7.906233 9.150741 5.677306 1.470355 9.013015 11.610990 11.467112 -9999.0 -9999.0 -9999.0 -9999.0 -9999.0 -9999.0
-9999.0 -9999.0 -9999.0 -9999.0 -9999.0 -9999.0 -9999.0 -9999.0 -9999.0 10.026291 10.888203 8.044908 9.524625 8.528897 8.618636 8.473839 8.243441 14.083909 12.112545 12.890337 16.294655 10.870261 10.281985 12.725810 11.119887 7.894111 8.071263 13.439741 10.824703 11.477241 12.076464 7.289477 9.167746 7.689388 9.978810 10.980146 11.124800 9.273323 8.817776 10.634937 10.756764 9.424692 9.255002 12.653213 11.957962 11.526795 16.382548 10.825366 10.850908 12.630193 9.347314 9.394015 1.708055 5.734341 10.465192 8.575277 9.785417 11.935475 11.106523 -9999.0 -9999.0 -9999.0 -9999.0
-9999.0 -9999.0 -9999.0 -9999.0 -9999.0 -9999.0 -9999.0 -9999.0 -9999.0 9.594567 9.878572 11.216254 13.820201 10.837506 9.960326 9.225901 13.418966 11.773292 13.008952 18.125409 17.947415 18.358315 14.742678 13.688098 8.289866 8.866759 10.355776 11.544560 12.949322 13.187864 12.289588 7.146584 10.316654 9.564135 11.153247 12.204640 12.767888 14.217472 11.124923 11.925638 9.140412 7.955920 10.785475 12.245293 12.368914 14.369065 14.328400 13.405428 12.584179 12.556192 7.739489 6.936814 8.592449 9.155516 9.962356 7.459923 9.631093 10.488768 13.400695 -9999.0 -9999.0 -9999.0 -9999.0
-9999.0 -9999.0 -9999.0 -9999.0 -9999.0 -9999.0 -9999.0 -9999.0 -9999.0 -9999.0 10.412939 11.505635 9.540699 9.490372 11.406205 10.584742 11.048143 12.809456 14.062237 15.048476 17.013307 11.542097 9.804926 9.127435 9.089381 11.359884 12.756325 13.438371 12.525447 7.506824 7.179221 8.862727 6.147566 9.522572 11.734977 12.557827 14.107080 13.826037 11.659812 9.835404 8.945646 13.669329 12.956969 10.069063 9.788072 10.587769 11.331943 15.507939 14.908375 13.048450 8.829521 9.542131 10.195191 3.732682 5.258435 10.098755 11.618927 12.797501 13.036127 13.541225 -9999.0 -9999.0 -9999.0
-9999.0 -9999.0 -9999.0 -9999.0 -9999.0 -9999.0 -9999.0 -9999.0 -9999.0 -9999.0 10.380665 10.789856 11.487852 10.170573 16.249385 10.818341 10.441158 12.308931 14.860509 15.490731 12.956282 11.480207 9.952816 10.831841 11.317303 13.263532 14.101217 10.339020 8.118347 6.199066 10.088461 11.241590 7.079587 8.431801 10.002666 10.802128 10.624855 10.058033 7.853202 9.100393 10.905919 12.317720 3.956368 10.845534 12.043776 8.826291 10.601741 10.338988 12.393010 14.873148 12.781502 5.197605 8.765364 10.136721 9.549774 10.983351 9.987891 11.345259 13.756525 15.413308 -9999.0 -9999.0 -9999.0
-9999.0 -9999.0 -9999.0 -9999.0 -9999.0 -9999.0 -9999.0 -9999.0 12.218353 11.601487 10.866812 10.907811 8.800562 9.135250 9.145850 11.976918 13.091253 19.254552 16.114016 15.969498 14.448599 13.620361 12.729618 11.591129 12.944162 13.067336 14.951349 8.658592 8.246762 6.720607 2.206772 9.974065 10.569248 9.522899 10.593543 9.009949 12.519530 10.237936 6.142559 9.844967 10.486009 10.730087 6.898992 9.567489 13.251877 12.841320 7.228074 9.977918 10.853754 14.479654 13.321756 10.424482 9.905042 7.442681 11.802490 12.883320 13.648282 16.468355 14.674739 15.269367 -9999.0 -9999.0 -9999.0
-9999.0 -9999.0 -9999.0 -9999.0 -9999.0 -9999.0 -9999.0 -9999.0 8.404082 9.171986 7.611251 9.909552 10.677749 9.408505 9.064180 10.634305 11.875127 12.354840 15.278760 16.482538 21.544879 19.961886 17.998479 18.232564 13.636025 13.484806 11.203631 10.114214 7.433017 11.151386 10.608118 12.435051 10.961495 11.382590 11.034234 11.991783 13.689430 10.967220 8.442513 10.788823 9.238788 7.322077 9.914961 11.862870 13.159754 9.182516 7.366866 11.352564 10.775425 12.840227 15.280708 12.431164 8.819865 13.083184 15.562103 12.346954 12.860937 14.038839 16.419904 18.114688 18.616021 -9999.0 -9999.0
-9999.0 -9999.0 -9999.0 -9999.0 -9999.0 -9999.0 -9999.0 -9999.0 10.100686 12.288933 12.124125 7.218330 12.052600 8.178705 10.114753 9.428174 11.368943 14.320942 15.299172 20.799482 16.913186 20.298906 20.309694 16.038468 19.505487 12.750523 10.839500 8.350232 7.511772 11.925549 12.690016 12.473492 7.933802 8.009269 11.820005 13.316320 0.785648 10.762368 7.801744 7.998917 9.881358 10.780607 10.666196 11.046125 7.981024 10.984683 11.205975 11.860779 8.923271 11.719341 14.537390 14.237166 10.284444 10.138012 14.030136 14.401107 15.842611 16.817244 18.062220 18.305808 18.312093 -9999.0 -9999.0
-9999.0 -9999.0 -9999.0 -9999.0 -9999.0 -9999.0 -9999.0 -9999.0 10.074064 11.924094 10.373536 7.990358 12.706269 10.246051 9.932683 11.626241 14.244975 15.685643 16.172372 15.061097 16.302925 16.893508 20.488765 20.092753 13.556374 11.491848 9.658016 7.706119 13.704258 10.193239 9.154429 9.747407 10.749885 10.907547 8.377191 13.511812 14.348299 11.518416 0.461951 8.576199 10.693917 11.056905 11.433639 12.830628 11.338329 12.195271 12.483555 13.350548 13.823313 11.822924 12.564693 15.285530 15.641768 14.504927 16.325659 16.608794 17.145919 16.068996 17.488372 18.199310 17.014016 14.281508 -9999.0
-9999.0 -9999.0 -9999.0 -9999.0 -9999.0 -9999.0 -9999.0 -9999.0 10.098829 11.686748 4.670818 9.219934 10.244565 10.931173 17.070292 14.992306 15.611972 12.650169 11.324360 12.926965 14.522343 16.679611 16.919965 17.034489 18.262920 11.277666 8.950834 11.256073 12.117749 11.668479 8.906368 11.304701 12.506234 11.400860 0.552728 0.614960 11.308234 12.452789 11.442054 11.082566 10.173593 5.449305 10.985557 10.480669 9.106347 13.975347 11.056529 11.845980 12.047220 14.065161 15.746711 15.312114 15.903794 17.601706 17.413295 17.283375 17.973312 18.011923 17.796463 17.049662 15.123602 13.503861 -9999.0
-9999.0 -9999.0 11.773836 12.057891 8.657211 8.928909 9.437647 8.283376 11.715282 11.287859 4.570216 10.854551 11.109433 13.551322 18.742713 13.500239 10.724904 8.968851 10.097772 11.109704 13.156788 15.612307 16.562093 16.229900 15.451969 12.820379 11.348513 11.232110 12.398116 15.197673 10.048296 10.432802 15.430826 11.016019 12.999231 11.035800 14.277100 13.523837 12.060431 10.479111 12.742139 12.746870 11.336846 12.660944 9.858038 12.030225 13.671706 12.317008 15.131895 16.788242 18.034065 18.128163 17.944069 17.941566 17.708717 21.489357 16.681007 16.692328 15.950814 14.721214 16.603333 12.648304 -9999.0
-9999.0 10.135299 9.724997 9.548859 9.486452 9.779167 9.189846 7.259218 6.845070 10.930509 9.000871 10.072445 12.032030 16.432639 16.571290 10.516535 10.058684 8.502845 10.056335 11.153229 13.482525 14.586256 19.301928 15.626288 20.302769 15.834369 19.053905 19.283198 15.708946 14.561436 14.473798 13.993949 13.643903 17.035156 14.726518 16.019364 16.653538 15.338462 15.896356 15.597372 15.450896 15.005147 14.682133 12.479281 12.191970 13.033770 15.537109 15.549728 17.968615 17.302902 17.348009 17.088388 16.384389 16.333359 16.273657 15.612933 13.884894 13.949170 14.238734 15.497846 12.177533 12.359805 -9999.0
-9999.0 12.502059 10.476725 10.757926 14.767459 10.424298 7.467575 7.548605 11.673385 11.797730 9.201963 10.221256 12.334573 16.785030 11.132567 8.826979 8.092914 8.613136 11.253532 10.794503 14.480814 12.690381 14.490680 15.977327 20.778155 21.629051 15.998074 16.998496 16.496596 16.266241 16.283107 15.712702 14.874355 15.089817 19.370269 17.345690 22.603341 23.127851 17.720377 18.165570 17.780306 16.469817 16.046128 15.525409 16.273458 16.919940 18.002957 17.964050 16.904231 16.976220 15.927475 14.339203 14.086589 14.599049 14.061959 12.727397 12.608860 11.805818 11.572977 11.017574 11.098162 -9999.0 -9999.0
