user2019/resources/simulation/Vinschgau/output-maps/TsL0007N0856.asc
ncols         63
nrows         48
xllcorner     598000.000000
yllcorner     5145000.000000
cellsize      1000.000000
NODATA_value  -9999.0
[rows 0 to 27 of 48, columns 0 to 62 of 63]
-9999.0 -9999.0 -9999.0 -9999.0 -9999.0 -9999.0 -9999.0 -9999.0 -9999.0 -9999.0 -9999.0 -9999.0 -9999.0 -9999.0 -9999.0 -9999.0 -9999.0 -9999.0 -9999.0 -9999.0 -9999.0 -9999.0 -9999.0 -9999.0 -9999.0 -9999.0 -9999.0 -9999.0 -9999.0 -9999.0 -9999.0 -9999.0 -9999.0 -9999.0 -9999.0 -9999.0 -9999.0 -9999.0 -9999.0 -9999.0 -9999.0 -9999.0 -9999.0 -9999.0 -9999.0 -9999.0 -9999.0 -9999.0 -9999.0 -9999.0 -9999.0 -9999.0 -9999.0 -9999.0 -9999.0 -9999.0 -9999.0 -9999.0 -9999.0 -9999.0 -9999.0 -9999.0 -9999.0
-9999.0 -9999.0 -9999.0 -9999.0 -9999.0 -9999.0 -9999.0 -9999.0 -9999.0 -9999.0 -9999.0 -9999.0 -9999.0 -9999.0 -9999.0 -9999.0 -9999.0 -9999.0 -9999.0 -9999.0 -9999.0 -9999.0 -9999.0 -9999.0 -9999.0 -9999.0 -9999.0 -5.904673 -4.478271 -5.030194 -5.187091 -5.941136 -6.165532 -9999.0 -9999.0 -9999.0 -9999.0 -9999.0 -9999.0 -9999.0 -9999.0 -9999.0 -9999.0 -9999.0 -9999.0 -9999.0 -9999.0 -9999.0 -9999.0 -9999.0 -9999.0 -9999.0 -9999.0 -9999.0 -9999.0 -9999.0 -9999.0 -9999.0 -9999.0 -9999.0 -9999.0 -9999.0 -9999.0
-9999.0 -9999.0 -9999.0 -9999.0 -9999.0 -9999.0 -9999.0 -9999.0 -9999.0 -9999.0 -9999.0 -9999.0 -9999.0 -9999.0 -9999.0 -9999.0 -9999.0 -9999.0 -9999.0 -9999.0 -9999.0 -9999.0 -9999.0 -9999.0 -2.758318 -1.843355 -1.330266 -2.260534 -3.634182 -4.771422 -5.479253 -9999.0 -9999.0 -9999.0 -9999.0 -9999.0 -9999.0 -9999.0 -9999.0 -9999.0 -9999.0 -9999.0 -9999.0 -9999.0 -9999.0 -9999.0 -9999.0 -9999.0 -9999.0 -9999.0 -9999.0 -9999.0 -9999.0 -9999.0 -9999.0 -9999.0 -9999.0 -9999.0 -9999.0 -9999.0 -9999.0 -9999.0 -9999.0
-9999.0 -9999.0 -9999.0 -9999.0 -9999.0 -9999.0 -9999.0 -9999.0 -9999.0 -9999.0 -9999.0 -9999.0 -9999.0 -9999.0 -9999.0 -9999.0 -9999.0 -9999.0 -9999.0 -9999.0 -9999.0 -9999.0 -9999.0 -1.558912 -0.878358 0.009373 0.326269 0.673343 -0.002808 -2.665819 -5.399226 -6.030602 -9999.0 -9999.0 -9999.0 -9999.0 -9999.0 -9999.0 -9999.0 -9999.0 -9999.0 -9999.0 -9999.0 -9999.0 -9999.0 -9999.0 -9999.0 -9999.0 -9999.0 -9999.0 -9999.0 -9999.0 -9999.0 -9999.0 -9999.0 -9999.0 -9999.0 -9999.0 -9999.0 -9999.0 -9999.0 -9999.0 -9999.0
-9999.0 -9999.0 -9999.0 -9999.0 -9999.0 -9999.0 -9999.0 -9999.0 -9999.0 -9999.0 -9999.0 -9999.0 -9999.0 -9999.0 -9999.0 -9999.0 -9999.0 -9999.0 0.005957 -1.236202 -9999.0 -1.330844 -1.068746 -0.003991 0.010358 0.835285 0.000640 0.000732 0.005798 -0.002483 -3.297009 -5.101475 -6.968070 -9.349610 -9999.0 -9999.0 -9999.0 -9999.0 -9999.0 -9999.0 -9999.0 -9999.0 -9999.0 -9999.0 -9999.0 -9999.0 -9999.0 -9999.0 -9999.0 -9999.0 -9999.0 -9999.0 -9999.0 -9999.0 -9999.0 -9999.0 -9999.0 -9999.0 -9999.0 -9999.0 -9999.0 -9999.0 -9999.0
-9999.0 -9999.0 -9999.0 -9999.0 -9999.0 -9999.0 -9999.0 -9999.0 -9999.0 -9999.0 -9999.0 -9999.0 -9999.0 -9999.0 -9999.0 -9999.0 -9999.0 3.953966 2.148932 0.931479 -3.118262 -0.000809 -0.002375 -0.002252 0.005182 -0.002332 -0.002424 -0.001598 -0.002245 -0.000179 -0.996160 -4.439985 -5.064676 -5.760318 -7.726717 -8.988782 -9999.0 -9999.0 -9999.0 -9999.0 -9999.0 -9999.0 -9999.0 -9999.0 -9999.0 -9999.0 -9999.0 -9999.0 -9999.0 -9999.0 -9999.0 -9999.0 -9999.0 -9999.0 -9999.0 -9999.0 -9999.0 -9999.0 -9999.0 -9999.0 -9999.0 -9999.0 -9999.0
-9999.0 -9999.0 -9999.0 -9999.0 -9999.0 -9999.0 -9999.0 -9999.0 -9999.0 -9999.0 -9999.0 -9999.0 -9999.0 -0.941010 -0.001783 1.749398 3.448649 2.924009 3.526639 -0.002792 -0.000741 -0.002763 0.018465 -0.000490 -0.001857 -1.067776 -2.365969 -1.043916 -0.568012 -0.001852 -0.998222 -3.844574 -5.439566 -6.152969 -6.630810 -9.302743 -9999.0 -9999.0 -9999.0 -9999.0 -9999.0 -9999.0 -9999.0 -9999.0 -9999.0 -9999.0 -9999.0 -9999.0 -9999.0 -9999.0 -9999.0 -9999.0 -9999.0 -9999.0 -9999.0 -9999.0 -9999.0 -9999.0 -9999.0 -9999.0 -9999.0 -9999.0 -9999.0
-9999.0 -9999.0 -9999.0 -9999.0 -9999.0 -9999.0 -9999.0 -9999.0 -9999.0 -9999.0 -9999.0 -9999.0 -9999.0 -0.000289 0.839470 2.494153 2.744843 2.293982 2.994781 1.174914 2.527035 0.232567 0.843870 -0.002071 -0.001797 -0.002581 -4.445045 -5.355734 -6.481701 -1.775203 -1.315037 -4.911398 -6.831900 -9.958601 -8.095999 -9999.0 -9999.0 -9999.0 -9999.0 -9999.0 -9999.0 -9999.0 -9999.0 -9999.0 -9999.0 -9999.0 -9999.0 -9999.0 -9999.0 -9999.0 -9999.0 -9999.0 -9999.0 -9999.0 -9999.0 -9999.0 -9999.0 -9999.0 -9999.0 -9999.0 -9999.0 -9999.0 -9999.0
-9999.0 -9999.0 -9999.0 -9999.0 -9999.0 -9999.0 -9999.0 -9999.0 -9999.0 -9999.0 -9999.0 -9999.0 -9999.0 0.371384 0.173411 1.535809 2.079228 3.047476 3.204718 3.427119 0.387883 -0.060371 -0.002236 -0.002233 -0.001593 -0.001451 -4.247209 -6.757304 -6.018830 -8.861238 -5.510620 -10.522703 -10.961921 -12.457363 -9.678367 -9999.0 -9999.0 -9999.0 -9999.0 -9999.0 -9999.0 -9999.0 -9999.0 -9999.0 -9999.0 -9999.0 -9999.0 -9999.0 -9999.0 -9999.0 -9999.0 -9999.0 -9999.0 -9999.0 -9999.0 -9999.0 -9999.0 -9999.0 -9999.0 -9999.0 -9999.0 -9999.0 -9999.0
-9999.0 -9999.0 -9999.0 -9999.0 -9999.0 -9999.0 -9999.0 -9999.0 -9999.0 -9999.0 -9999.0 -9999.0 -0.002749 0.004060 0.968074 -0.001410 0.491835 2.368815 2.814534 2.078257 -0.002048 -0.002083 -0.083757 -0.001513 -0.019099 -4.484737 -3.348823 -5.634437 -5.404636 -7.034205 -10.511842 -7.269711 -6.164018 -10.208385 -9999.0 -9999.0 -9999.0 -9999.0 -9999.0 -9999.0 -9999.0 -9999.0 -9999.0 -9999.0 -9999.0 -9999.0 -9999.0 -9999.0 -9999.0 -9999.0 -9999.0 -9999.0 -9999.0 -9999.0 -9999.0 -9999.0 -9999.0 -9999.0 -9999.0 -9999.0 -9999.0 -9999.0 -9999.0
-9999.0 -9999.0 -9999.0 -9999.0 -9999.0 -9999.0 -9999.0 -9999.0 -9999.0 -9999.0 -9999.0 -0.003260 0.216882 0.382675 0.224405 -0.000205 0.664561 2.256045 2.819309 1.397154 0.838339 0.000294 -1.179377 -4.002079 -0.813416 -3.797608 -5.920304 -4.689722 -4.425453 -8.816152 -7.501785 -5.328485 -6.528145 -8.479024 -7.638644 -6.273045 -5.759512 -4.810930 -4.540347 -9999.0 -9999.0 -9999.0 -8.607279 -9999.0 -9999.0 -9999.0 -9999.0 -9999.0 -9999.0 -9999.0 -9999.0 -9999.0 -9999.0 -9999.0 -9999.0 -9999.0 -9999.0 -9999.0 -9999.0 -9999.0 -9999.0 -9999.0 -9999.0
-9999.0 -9999.0 -9999.0 -9999.0 -9999.0 -9999.0 -9999.0 -9999.0 -9999.0 -9999.0 -9999.0 -0.992262 0.613555 1.730114 1.677791 -0.892093 2.861680 3.030856 2.984371 1.897770 0.422182 -0.000751 -1.176726 -2.624027 -2.290637 -4.611290 -4.999239 -3.749813 -5.235655 -8.426261 -4.732194 -4.440461 -6.034573 -6.887824 -7.701811 -4.752994 -2.963054 -2.796140 -4.572676 -8.118244 -8.064646 -8.565931 -4.980948 -6.993092 -9999.0 -9999.0 -9999.0 -4.610529 -7.896535 -7.490588 -6.788453 -8.587185 -8.816505 -3.393170 -3.203661 -9.400904 -9999.0 -9999.0 -9999.0 -9999.0 -9999.0 -9999.0 -9999.0
-9999.0 -9999.0 -9999.0 -9999.0 -9999.0 -9999.0 -9999.0 -9999.0 -9999.0 -9999.0 -9999.0 -1.358724 -0.558432 -0.109787 -0.001119 -0.000990 -0.000840 2.450456 2.221034 1.956669 1.261938 -0.001805 -0.840667 -2.669751 -4.637289 -5.716981 -0.915265 -3.720109 -6.008874 -7.315455 -6.438370 -4.382883 -3.564108 -6.518926 -6.979373 -3.472692 -3.486404 -3.006230 -1.051146 -6.352468 -4.306955 -5.825857 -3.605174 -4.541543 -6.614277 -9999.0 -10.016397 -6.565537 -5.010460 -3.931636 -3.669888 -4.466835 -4.509144 -5.204279 -5.385328 -6.355955 -9999.0 -9999.0 -9999.0 -9999.0 -9999.0 -9999.0 -9999.0
-9999.0 -9999.0 -9999.0 -9999.0 -9999.0 -9999.0 -9999.0 -9999.0 -9999.0 -9999.0 -9999.0 -9999.0 -0.848497 -0.002902 -0.000492 -0.000325 -0.002087 1.702882 2.484758 1.979754 1.043706 -0.001934 -0.157726 -0.637915 -3.241222 -0.973337 -1.382994 -3.944253 -5.299635 -6.888085 -4.970311 -4.143735 -3.602892 -5.566384 -6.124433 -4.359561 -1.133993 -1.019323 -0.003331 -3.584918 -1.864639 -4.327962 -2.371821 -1.237250 -6.504012 -6.911874 -7.982403 -6.436330 -3.549590 -1.245485 -0.001533 -3.957997 -1.726945 -3.839232 -5.264878 -5.120739 -6.198511 -9999.0 -9999.0 -9999.0 -9999.0 -9999.0 -9999.0
-9999.0 -9999.0 -9999.0 -9999.0 -9999.0 -9999.0 -9999.0 -9999.0 -9999.0 -9999.0 -9999.0 -0.005536 -2.225183 -0.995273 -0.340262 -0.001061 -0.000847 0.987467 1.927422 3.035244 1.324839 -0.002135 -0.000921 -1.917044 -0.914015 -0.265997 -0.005353 -5.520783 -5.762934 -5.355585 -0.965129 -3.144472 -3.968705 -5.409384 -7.668693 -4.767194 -4.592726 -0.589384 -0.006699 -0.727683 -0.606393 -0.009467 -0.581423 -1.319181 -1.027180 -5.355925 -4.390877 -5.209049 -4.291289 -0.220962 -4.405529 -5.233894 -6.506467 -7.697050 -8.804882 -9.524737 -7.094527 -9999.0 -9999.0 -9999.0 -9999.0 -9999.0 -9999.0
-9999.0 -9999.0 -9999.0 -9999.0 -9999.0 -9999.0 -9999.0 -9999.0 -9999.0 -9999.0 -1.019049 -0.006319 -1.270816 -1.265891 -0.000747 -0.000910 -0.001300 -0.002263 2.474663 2.693285 0.547758 0.016532 -0.764527 -0.001667 -0.001061 -0.030076 -2.843417 -5.342860 -3.691552 -2.062108 -2.046163 -1.819373 -2.608121 -5.404617 -9.464371 -6.410333 -3.457952 -1.808353 -0.039091 -0.001725 -0.001532 0.006177 0.226665 0.256376 -0.001312 -5.163697 -4.137006 -1.377298 -1.289657 -0.000987 -5.816756 -7.635643 -9.300877 -10.398485 -10.173153 -5.449420 -5.272950 -9999.0 -9999.0 -9999.0 -9999.0 -9999.0 -9999.0
-9999.0 -9999.0 -9999.0 -9999.0 -9999.0 -9999.0 -9999.0 -9999.0 -9999.0 -4.413189 -1.161505 -1.251727 -0.277023 -0.005296 -0.005650 -0.002033 -0.001002 -0.000189 2.214028 3.125273 0.881356 -0.003266 -0.001680 -0.001748 -0.000282 -1.675302 -3.464943 -1.557218 -0.386685 -0.001082 -0.000917 -1.870854 -6.110760 -9.094395 -8.326314 -6.535724 -4.768180 -2.588235 -1.087896 -0.008301 -0.199658 -0.002135 -0.630720 0.926022 0.286621 -0.158013 -0.001562 -0.771700 -0.758105 -0.000175 -2.964254 -7.120020 -11.392236 -10.251671 -8.348775 -6.965286 -5.689547 -6.651546 -7.967082 -9999.0 -9999.0 -9999.0 -9999.0
-9999.0 -9999.0 -9999.0 -9999.0 -9999.0 -9999.0 -9999.0 -9999.0 -9999.0 -5.870528 -4.705093 -2.583201 -0.000089 -0.001175 -0.001329 -0.008802 -0.000527 -0.001032 2.792543 1.843084 1.477974 0.548805 0.012546 -0.000219 -1.287213 -1.075355 -0.002605 -0.001093 -0.001098 -0.000546 -0.031511 -2.254664 -4.330174 -6.448713 -5.195037 -6.530293 -5.983651 -4.676105 -4.619170 -1.988558 -0.008608 -2.728362 -0.003092 -0.001205 1.575401 0.639754 0.299572 -0.002009 -0.001945 -0.000992 -3.116386 -6.429339 -9.698820 -8.594479 -7.293644 -7.649938 -5.744744 -4.509606 -5.598592 -9999.0 -9999.0 -9999.0 -9999.0
-9999.0 -9999.0 -9999.0 -9999.0 -9999.0 -9999.0 -9999.0 -9999.0 -9999.0 -9999.0 -5.176602 -2.825749 -0.000949 -0.002399 -0.001748 -0.001316 -0.001065 0.116719 3.555788 2.691371 1.518538 1.369538 -0.001826 -0.003269 -0.936891 -0.001188 -0.001157 -0.000357 -0.008760 -1.800567 -2.157388 -1.496854 -4.786324 -5.844872 -3.792290 -4.030897 -1.286749 -1.077149 -5.951580 -4.807677 -5.250855 -1.220946 -0.004776 -0.010799 -0.001134 -0.001840 0.398002 0.160774 0.958216 -0.001714 -2.067146 -3.579559 -8.456963 -9.421144 -8.722002 -6.573641 -5.112423 -1.021687 -2.106538 -0.001125 -9999.0 -9999.0 -9999.0
-9999.0 -9999.0 -9999.0 -9999.0 -9999.0 -9999.0 -9999.0 -9999.0 -9999.0 -9999.0 -5.419295 -4.124827 -1.329045 -0.018786 0.021666 -0.002814 -0.002581 1.438679 3.987469 3.574325 2.533138 0.212873 -0.002478 -0.001682 -0.001296 -0.001103 0.345525 -0.002034 -1.493897 -4.458958 -4.873583 -4.381847 -5.163073 -6.651694 -4.769259 -1.676932 -1.030151 -0.280503 -2.995906 -5.699994 -4.515410 -3.770277 -3.478890 -3.070999 -0.006488 -0.436743 -0.000787 -0.001152 1.645810 0.685282 -0.003503 -2.937666 -5.074788 -7.949678 -10.078809 -9.246266 -6.624223 -0.789166 0.641072 0.458839 -9999.0 -9999.0 -9999.0
-9999.0 -9999.0 -9999.0 -9999.0 -9999.0 -9999.0 -9999.0 -9999.0 -2.634292 -4.998633 -5.983133 -3.331848 -3.518449 -3.315768 -0.073287 0.849248 1.733435 1.458761 3.408974 4.118359 4.324154 2.849329 1.702026 -0.003420 -0.001742 1.335157 0.003458 -0.993471 -2.485683 -4.431303 -9.238680 -4.815180 -4.756965 -6.342230 -4.380867 -4.447697 -0.007960 -0.002506 -2.764190 -6.561612 -5.251388 -2.342676 -4.403751 -6.122559 -4.153268 -1.238698 -2.572545 -0.002566 -0.001213 0.995681 -0.002351 -0.912379 -3.966794 -6.889805 -8.754878 -5.826112 -6.322536 -0.012208 -0.001322 2.392881 -9999.0 -9999.0 -9999.0
-9999.0 -9999.0 -9999.0 -9999.0 -9999.0 -9999.0 -9999.0 -9999.0 -3.941775 -2.122968 -3.901026 -5.796867 -4.434270 -1.235247 -0.995919 -0.001906 0.696909 1.264424 4.631926 4.637522 3.731969 2.896974 1.434652 0.163310 2.127693 2.207565 0.216812 -0.004126 -4.814945 -5.616496 -6.420451 -6.080978 -4.548941 -5.889237 -3.612589 -1.378162 -0.006308 -0.001506 -0.514474 -3.514841 -4.944245 -7.841270 -5.716802 -3.298007 -1.496993 -0.738617 -4.770571 -3.736780 -0.366712 0.907674 0.496199 -0.001284 -3.695745 -6.446435 -4.331256 -4.064381 -0.857694 -0.001908 1.205722 3.648963 4.700819 -9999.0 -9999.0
-9999.0 -9999.0 -9999.0 -9999.0 -9999.0 -9999.0 -9999.0 -9999.0 -4.755642 -1.785039 -3.414718 -4.715769 -4.923018 -4.105010 -0.567152 -0.991301 -0.003075 0.646435 4.588227 3.872902 5.101773 3.783361 3.107888 3.196950 1.935376 1.918897 -0.001518 -1.433114 -5.111166 -4.756852 -5.504613 -1.340646 -2.984354 -2.662823 -1.138954 -1.128068 -0.033539 1.060955 -0.002569 -1.113535 -3.761919 -5.362818 -3.030130 -1.785303 -1.483100 -3.269324 -6.488479 -4.477761 -2.654270 -0.001100 1.909459 -0.002313 -4.550667 -3.562037 -2.107276 -0.360707 -0.000124 1.099997 3.203005 3.443787 4.285279 -9999.0 -9999.0
-9999.0 -9999.0 -9999.0 -9999.0 -9999.0 -9999.0 -9999.0 -9999.0 -7.398534 -3.390522 -1.100657 -4.955728 -4.718831 -0.987954 -0.441165 -0.001477 2.884028 4.324138 2.313900 4.960582 4.502999 4.937627 3.893831 3.354654 2.598415 0.286348 -0.001936 -2.208068 -1.324067 -1.247668 -0.772664 -0.469090 -0.039446 -0.003062 -0.314692 -0.918291 -0.000395 2.694338 -0.000766 -0.005412 -2.465494 -1.748739 -2.185058 -4.214509 -4.070900 -5.264040 -3.617540 -4.513630 -4.354677 -0.956989 -0.001731 1.515910 -0.001871 -0.003113 -0.000599 0.340754 1.848807 2.922558 4.327466 4.057330 3.112234 1.738594 -9999.0
-9999.0 -9999.0 -9999.0 -9999.0 -9999.0 -9999.0 -9999.0 -9999.0 -7.350866 -3.481545 -1.269417 -1.775055 -0.753792 -0.088332 -0.000198 0.739063 0.852835 1.435179 -0.002319 1.648687 3.906705 4.231783 4.568435 4.268983 1.050870 -0.002897 -1.275486 -0.001149 -0.001136 -0.001002 -0.061540 -0.000868 0.579400 -0.000655 -0.001403 -0.001363 0.848636 4.540319 3.921626 0.515037 -0.001311 -0.001368 -0.001657 -0.007210 -0.825862 -1.072375 -0.428541 -0.122004 -0.492462 -0.001644 0.024540 0.904441 1.279615 0.419315 1.047373 1.403448 2.137883 2.864764 3.427201 3.044109 2.895548 1.168636 -9999.0
-9999.0 -9999.0 -4.328157 -2.874231 -4.306405 -1.158337 -3.993087 -3.662769 -5.587419 -4.531675 -0.862476 -0.007802 -0.100268 -0.000654 0.007558 0.380654 -0.001221 -1.387156 -0.002143 -0.001971 1.558169 4.138572 3.479641 5.478899 2.316561 0.941964 -0.002951 -0.002608 1.263266 0.000127 -0.001988 -0.001912 1.030203 1.928104 2.049047 3.215183 4.285024 6.777549 5.704063 3.133731 2.030597 2.049744 2.600524 0.835904 -0.001164 -0.001480 0.063523 0.741856 0.810218 1.822583 2.493979 2.418923 1.820389 1.385915 1.335275 1.532058 1.888314 2.228658 1.802056 2.314999 0.245186 0.445062 -9999.0
-9999.0 -0.005226 -0.712799 -0.826341 -1.103208 -3.582130 -3.983541 -4.013614 -5.053955 -5.756775 -2.886380 -1.042974 -0.000203 0.005149 0.015689 -0.444888 -0.887167 -2.313605 -0.006809 -0.002154 1.382153 2.823295 1.690459 3.274494 2.469006 2.000094 0.726609 1.014800 2.312934 1.346172 1.129564 1.121246 2.486199 3.411486 4.768798 5.983706 7.426508 10.036375 7.589318 6.125222 5.282486 5.101523 4.392745 3.330270 2.196781 2.614835 2.610351 4.466727 3.947011 4.515665 3.139103 2.396055 1.649628 0.928158 0.860676 0.421332 0.286908 0.611514 0.106804 -0.000069 -0.000290 0.238960 -9999.0
-9999.0 -0.689934 -0.641713 -0.006530 -0.000548 -2.158414 -2.740827 -4.515591 -5.914631 -6.098357 -3.458117 -1.432688 -0.001949 0.016816 -0.013175 -2.654442 -3.852237 -2.991771 -0.005901 -0.003157 -0.000045 1.076384 1.817668 0.868147 1.758756 2.644942 4.817660 4.283625 3.741677 5.175578 5.772059 5.423786 4.208165 5.097237 5.866742 7.957493 9.482566 10.556659 10.120647 9.259683 8.479987 7.602093 6.478398 7.146772 7.296876 6.978202 5.207591 5.002503 4.513646 3.869477 2.267277 1.218013 0.374766 1.025678 0.277736 -0.001051 -0.002573 -0.001227 -0.001809 -0.001493 -0.000805 -9999.0 -9999.0
