user2019/resources/simulation/Vinschgau/output-maps/TsL0005N1358.asc
ncols         63
nrows         48
xllcorner     598000.000000
yllcorner     5145000.000000
cellsize      1000.000000
NODATA_value  -9999.0
[rows 0 to 27 of 48, columns 0 to 62 of 63]
-9999.0 -9999.0 -9999.0 -9999.0 -9999.0 -9999.0 -9999.0 -9999.0 -9999.0 -9999.0 -9999.0 -9999.0 -9999.0 -9999.0 -9999.0 -9999.0 -9999.0 -9999.0 -9999.0 -9999.0 -9999.0 -9999.0 -9999.0 -9999.0 -9999.0 -9999.0 -9999.0 -9999.0 -9999.0 -9999.0 -9999.0 -9999.0 -9999.0 -9999.0 -9999.0 -9999.0 -9999.0 -9999.0 -9999.0 -9999.0 -9999.0 -9999.0 -9999.0 -9999.0 -9999.0 -9999.0 -9999.0 -9999.0 -9999.0 -9999.0 -9999.0 -9999.0 -9999.0 -9999.0 -9999.0 -9999.0 -9999.0 -9999.0 -9999.0 -9999.0 -9999.0 -9999.0 -9999.0
-9999.0 -9999.0 -9999.0 -9999.0 -9999.0 -9999.0 -9999.0 -9999.0 -9999.0 -9999.0 -9999.0 -9999.0 -9999.0 -9999.0 -9999.0 -9999.0 -9999.0 -9999.0 -9999.0 -9999.0 -9999.0 -9999.0 -9999.0 -9999.0 -9999.0 -9999.0 -9999.0 -0.003659 0.275439 0.740670 0.002648 -0.001150 -1.037701 -9999.0 -9999.0 -9999.0 -9999.0 -9999.0 -9999.0 -9999.0 -9999.0 -9999.0 -9999.0 -9999.0 -9999.0 -9999.0 -9999.0 -9999.0 -9999.0 -9999.0 -9999.0 -9999.0 -9999.0 -9999.0 -9999.0 -9999.0 -9999.0 -9999.0 -9999.0 -9999.0 -9999.0 -9999.0 -9999.0
-9999.0 -9999.0 -9999.0 -9999.0 -9999.0 -9999.0 -9999.0 -9999.0 -9999.0 -9999.0 -9999.0 -9999.0 -9999.0 -9999.0 -9999.0 -9999.0 -9999.0 -9999.0 -9999.0 -9999.0 -9999.0 -9999.0 -9999.0 -9999.0 0.453180 0.527858 0.732181 0.451858 0.736001 0.735443 -0.003534 -9999.0 -9999.0 -9999.0 -9999.0 -9999.0 -9999.0 -9999.0 -9999.0 -9999.0 -9999.0 -9999.0 -9999.0 -9999.0 -9999.0 -9999.0 -9999.0 -9999.0 -9999.0 -9999.0 -9999.0 -9999.0 -9999.0 -9999.0 -9999.0 -9999.0 -9999.0 -9999.0 -9999.0 -9999.0 -9999.0 -9999.0 -9999.0
-9999.0 -9999.0 -9999.0 -9999.0 -9999.0 -9999.0 -9999.0 -9999.0 -9999.0 -9999.0 -9999.0 -9999.0 -9999.0 -9999.0 -9999.0 -9999.0 -9999.0 -9999.0 -9999.0 -9999.0 -9999.0 -9999.0 -9999.0 0.570280 1.691709 3.674993 4.049486 4.223114 4.288521 0.855210 -0.003637 -0.005002 -9999.0 -9999.0 -9999.0 -9999.0 -9999.0 -9999.0 -9999.0 -9999.0 -9999.0 -9999.0 -9999.0 -9999.0 -9999.0 -9999.0 -9999.0 -9999.0 -9999.0 -9999.0 -9999.0 -9999.0 -9999.0 -9999.0 -9999.0 -9999.0 -9999.0 -9999.0 -9999.0 -9999.0 -9999.0 -9999.0 -9999.0
-9999.0 -9999.0 -9999.0 -9999.0 -9999.0 -9999.0 -9999.0 -9999.0 -9999.0 -9999.0 -9999.0 -9999.0 -9999.0 -9999.0 -9999.0 -9999.0 -9999.0 -9999.0 5.999275 1.463664 -9999.0 0.903692 1.697104 3.321773 3.476220 4.188983 4.283230 4.675269 2.987272 1.557329 0.544122 -0.000650 -0.111195 -0.310461 -9999.0 -9999.0 -9999.0 -9999.0 -9999.0 -9999.0 -9999.0 -9999.0 -9999.0 -9999.0 -9999.0 -9999.0 -9999.0 -9999.0 -9999.0 -9999.0 -9999.0 -9999.0 -9999.0 -9999.0 -9999.0 -9999.0 -9999.0 -9999.0 -9999.0 -9999.0 -9999.0 -9999.0 -9999.0
-9999.0 -9999.0 -9999.0 -9999.0 -9999.0 -9999.0 -9999.0 -9999.0 -9999.0 -9999.0 -9999.0 -9999.0 -9999.0 -9999.0 -9999.0 -9999.0 -9999.0 5.230394 3.899917 4.322243 3.942874 0.684466 1.703181 2.982969 5.006085 0.364043 -0.034557 1.313572 -0.024640 2.390766 2.491777 0.628793 1.579966 -0.008340 -0.289895 -0.353538 -9999.0 -9999.0 -9999.0 -9999.0 -9999.0 -9999.0 -9999.0 -9999.0 -9999.0 -9999.0 -9999.0 -9999.0 -9999.0 -9999.0 -9999.0 -9999.0 -9999.0 -9999.0 -9999.0 -9999.0 -9999.0 -9999.0 -9999.0 -9999.0 -9999.0 -9999.0 -9999.0
-9999.0 -9999.0 -9999.0 -9999.0 -9999.0 -9999.0 -9999.0 -9999.0 -9999.0 -9999.0 -9999.0 -9999.0 -9999.0 5.114802 2.949714 3.514614 4.805102 11.121075 4.881182 3.663702 3.577853 3.268863 3.930883 5.233930 -0.006576 1.540121 -0.216204 -0.021293 -0.018389 0.006460 -0.676993 1.203312 0.377342 0.081645 -0.001793 -0.389336 -9999.0 -9999.0 -9999.0 -9999.0 -9999.0 -9999.0 -9999.0 -9999.0 -9999.0 -9999.0 -9999.0 -9999.0 -9999.0 -9999.0 -9999.0 -9999.0 -9999.0 -9999.0 -9999.0 -9999.0 -9999.0 -9999.0 -9999.0 -9999.0 -9999.0 -9999.0 -9999.0
-9999.0 -9999.0 -9999.0 -9999.0 -9999.0 -9999.0 -9999.0 -9999.0 -9999.0 -9999.0 -9999.0 -9999.0 -9999.0 5.689669 4.730707 4.352541 4.153549 10.339734 11.166289 5.264709 4.107501 6.616146 2.839540 1.783011 2.795017 1.837165 0.288415 0.125470 -0.003921 -0.095154 -0.027147 0.078755 -0.045512 -0.439249 -0.369131 -9999.0 -9999.0 -9999.0 -9999.0 -9999.0 -9999.0 -9999.0 -9999.0 -9999.0 -9999.0 -9999.0 -9999.0 -9999.0 -9999.0 -9999.0 -9999.0 -9999.0 -9999.0 -9999.0 -9999.0 -9999.0 -9999.0 -9999.0 -9999.0 -9999.0 -9999.0 -9999.0 -9999.0
-9999.0 -9999.0 -9999.0 -9999.0 -9999.0 -9999.0 -9999.0 -9999.0 -9999.0 -9999.0 -9999.0 -9999.0 -9999.0 4.607088 4.183055 5.769099 3.880267 4.612278 11.642920 4.963483 7.951653 3.055902 0.776542 -0.012585 2.578274 2.173275 1.874550 -0.022106 -0.005408 -0.298286 -0.003011 -0.478528 -0.483886 -7.287857 -0.401504 -9999.0 -9999.0 -9999.0 -9999.0 -9999.0 -9999.0 -9999.0 -9999.0 -9999.0 -9999.0 -9999.0 -9999.0 -9999.0 -9999.0 -9999.0 -9999.0 -9999.0 -9999.0 -9999.0 -9999.0 -9999.0 -9999.0 -9999.0 -9999.0 -9999.0 -9999.0 -9999.0 -9999.0
-9999.0 -9999.0 -9999.0 -9999.0 -9999.0 -9999.0 -9999.0 -9999.0 -9999.0 -9999.0 -9999.0 -9999.0 3.412094 3.676081 5.406373 3.806208 2.522944 4.237690 11.284670 5.870373 3.661507 0.614340 1.481399 -0.007518 -0.763155 0.265149 -1.888134 -0.003657 0.340640 -0.099095 -0.164808 -0.116472 -0.004389 -0.430045 -9999.0 -9999.0 -9999.0 -9999.0 -9999.0 -9999.0 -9999.0 -9999.0 -9999.0 -9999.0 -9999.0 -9999.0 -9999.0 -9999.0 -9999.0 -9999.0 -9999.0 -9999.0 -9999.0 -9999.0 -9999.0 -9999.0 -9999.0 -9999.0 -9999.0 -9999.0 -9999.0 -9999.0 -9999.0
-9999.0 -9999.0 -9999.0 -9999.0 -9999.0 -9999.0 -9999.0 -9999.0 -9999.0 -9999.0 -9999.0 4.743515 4.859594 3.568765 4.886120 7.254714 5.001342 4.484841 10.997850 7.196960 2.806871 3.207572 2.421817 0.432651 1.519080 0.475321 -0.005494 0.206208 -0.002052 -0.416606 -0.115508 0.390033 -0.002286 -0.265306 -0.183574 -0.003254 -0.006018 0.169587 0.199525 -9999.0 -9999.0 -9999.0 -0.318170 -9999.0 -9999.0 -9999.0 -9999.0 -9999.0 -9999.0 -9999.0 -9999.0 -9999.0 -9999.0 -9999.0 -9999.0 -9999.0 -9999.0 -9999.0 -9999.0 -9999.0 -9999.0 -9999.0 -9999.0
-9999.0 -9999.0 -9999.0 -9999.0 -9999.0 -9999.0 -9999.0 -9999.0 -9999.0 -9999.0 -9999.0 3.893740 4.898761 6.450153 6.151873 6.741386 7.229003 4.942381 11.119220 8.377794 7.955579 5.045511 1.077310 -0.894312 -0.538233 0.249804 0.112988 0.498044 0.339981 -0.272215 0.145917 0.758589 -0.005277 -0.007573 -0.021115 0.162856 0.864669 1.731291 0.192046 -0.280096 -0.161340 -0.250849 -0.000051 -0.101217 -9999.0 -9999.0 -9999.0 -0.732675 -0.653898 -0.386928 -0.381187 -0.846045 -0.860775 -1.262836 -1.141115 -0.906608 -9999.0 -9999.0 -9999.0 -9999.0 -9999.0 -9999.0 -9999.0
-9999.0 -9999.0 -9999.0 -9999.0 -9999.0 -9999.0 -9999.0 -9999.0 -9999.0 -9999.0 -9999.0 3.490729 4.465669 2.433491 6.403604 7.571278 3.149469 4.119073 9.436884 8.251419 2.579277 0.148111 -0.361489 0.441390 0.242045 -0.002899 -0.439124 -2.294400 -0.002957 -0.009710 -0.005078 -0.715513 0.506370 -0.007651 -0.094877 0.585314 -0.348531 -0.262603 2.862735 -0.080989 0.293718 -0.001418 0.497060 0.205138 -0.014489 -9999.0 -0.400508 -0.023353 -0.002971 0.373967 0.545023 1.232635 0.206656 -0.003395 -0.000955 -0.007418 -9999.0 -9999.0 -9999.0 -9999.0 -9999.0 -9999.0 -9999.0
-9999.0 -9999.0 -9999.0 -9999.0 -9999.0 -9999.0 -9999.0 -9999.0 -9999.0 -9999.0 -9999.0 -9999.0 4.280174 -0.004596 5.639100 6.124039 1.093228 3.154205 10.389493 8.123989 2.438690 1.307613 -0.018290 -0.183373 -1.225528 -0.498572 0.419369 0.479782 -0.003399 -0.086784 0.091771 -0.442843 0.957454 -0.003021 -0.004970 0.279331 -0.413781 -0.712495 3.916108 1.363634 1.778436 2.146333 -0.192796 0.771536 -0.006200 -0.068958 -0.403177 -0.008742 -1.192880 -0.224112 -0.041567 -0.440864 -2.464284 -0.932555 -1.319473 -0.003223 -0.004918 -9999.0 -9999.0 -9999.0 -9999.0 -9999.0 -9999.0
-9999.0 -9999.0 -9999.0 -9999.0 -9999.0 -9999.0 -9999.0 -9999.0 -9999.0 -9999.0 -9999.0 -0.193023 1.248834 5.141071 -0.004519 0.837998 2.454131 2.466794 9.844795 4.387215 2.707190 1.085569 -0.002094 -0.481154 -0.430415 -0.750250 -0.202928 -0.003553 -0.004442 -0.002031 -0.487400 -0.595101 1.659752 -0.003144 -0.031215 0.147703 0.231104 -0.201583 0.095829 4.041349 -0.204104 0.021408 -0.006186 -0.104473 2.195064 -0.003522 0.299474 0.031117 1.658004 -0.026385 -2.066490 -0.003650 -2.152389 -3.852275 -4.540240 -1.204580 -0.119193 -9999.0 -9999.0 -9999.0 -9999.0 -9999.0 -9999.0
-9999.0 -9999.0 -9999.0 -9999.0 -9999.0 -9999.0 -9999.0 -9999.0 -9999.0 -9999.0 0.352043 -0.038808 1.366966 1.862900 4.232108 0.008404 -0.000118 0.164540 3.546743 4.040618 6.213237 4.098793 -0.296521 2.425323 -0.013268 -1.034427 -0.781241 -3.006604 1.054620 1.241364 -0.034948 -0.550336 0.977309 -0.003137 -0.399265 -0.006385 0.576929 -0.295371 -0.104794 0.290348 0.574262 1.752973 6.536490 1.153216 -0.020538 0.153806 0.358911 -0.146868 -0.080930 -0.009112 -3.217237 -0.472384 -5.007642 -1.698505 -1.474399 -0.003238 -0.003089 -9999.0 -9999.0 -9999.0 -9999.0 -9999.0 -9999.0
-9999.0 -9999.0 -9999.0 -9999.0 -9999.0 -9999.0 -9999.0 -9999.0 -9999.0 0.312495 0.970484 -0.030435 -0.015115 -0.204471 -0.032203 -0.019261 -0.026539 5.242488 3.471094 4.072450 6.586518 0.877290 0.576958 1.533547 0.098474 -1.090806 -1.394142 1.061021 -0.039765 -0.008363 0.118384 -1.292379 -0.002906 -0.352544 -0.117425 -0.006671 0.690979 -0.519637 -0.365107 -0.030297 -0.255649 -0.178674 -0.237395 1.851398 1.518157 -0.022828 3.985149 -0.273894 -0.262223 0.142716 -0.769117 -0.304878 -1.812879 -1.679270 -1.146491 -2.321123 -1.419291 -0.006647 -0.789590 -9999.0 -9999.0 -9999.0 -9999.0
-9999.0 -9999.0 -9999.0 -9999.0 -9999.0 -9999.0 -9999.0 -9999.0 -9999.0 0.247658 0.275093 1.645170 2.653902 -0.005559 -0.032210 -0.218797 3.110621 1.523942 4.030316 7.654877 7.220961 6.637768 4.723394 2.230527 -0.707800 -0.608419 -0.175855 -0.010536 0.786372 2.379323 1.941775 -1.661047 0.274850 -0.006495 -0.002819 -0.010949 -0.003791 1.739793 0.227936 1.903766 -0.304530 -0.737425 -0.116570 1.162829 2.781863 2.924480 2.797899 1.240555 -0.006215 0.254897 -2.545952 -4.117536 -1.894311 -1.619375 -0.114724 -3.197904 -1.220163 -0.777257 -0.001989 -9999.0 -9999.0 -9999.0 -9999.0
-9999.0 -9999.0 -9999.0 -9999.0 -9999.0 -9999.0 -9999.0 -9999.0 -9999.0 -9999.0 0.080396 1.393335 -0.017071 -0.400949 0.101276 -0.025573 -0.006668 2.891398 4.805199 5.479926 7.317032 2.626259 -0.012163 -0.129002 -0.448007 -0.021345 0.197990 1.412885 1.504656 -1.225639 -1.557714 -2.126560 -2.430097 -0.004323 0.477453 1.681784 0.899380 1.303752 -0.002987 0.169509 0.019148 0.925204 1.964823 -0.021683 -0.008040 -0.005668 1.726362 5.116847 3.830307 0.449634 -1.497771 -1.397737 -1.376385 -1.871487 -1.693013 -0.044969 0.086587 -0.975621 -0.024155 -0.014594 -9999.0 -9999.0 -9999.0
-9999.0 -9999.0 -9999.0 -9999.0 -9999.0 -9999.0 -9999.0 -9999.0 -9999.0 -9999.0 -0.003234 0.378068 0.795034 -0.008599 3.473337 0.468268 -0.006954 2.588949 5.252994 6.116320 3.336756 1.485603 -0.016520 -0.031930 -0.020441 0.826258 2.043847 -0.007229 -0.919233 -2.163588 0.132526 0.638515 -2.391415 -0.006849 0.169625 1.755107 -0.923153 -0.031359 -0.830243 -0.003899 0.244665 3.721541 -0.185172 0.780125 1.473182 -0.148329 -0.008021 -0.008415 3.113178 3.432014 0.092236 -0.853066 -2.845144 -0.845275 -2.338399 -1.828742 -0.519461 -0.294629 1.514834 2.275153 -9999.0 -9999.0 -9999.0
-9999.0 -9999.0 -9999.0 -9999.0 -9999.0 -9999.0 -9999.0 -9999.0 0.403123 0.060964 -0.001261 0.445964 -0.404810 -0.112804 -0.036462 1.695921 2.899739 7.485324 6.409537 6.493116 5.061185 3.975942 3.092544 1.394663 1.180597 1.870341 3.393596 -0.467862 -0.598675 -2.063681 -0.384232 0.153282 0.177704 -0.005890 0.295326 0.257027 4.144042 -0.021064 -2.156663 -0.009385 0.394724 1.010198 -2.008156 -0.003753 2.575412 0.955980 -1.981795 -0.147672 -0.006595 2.718161 0.450816 -0.408229 -1.855328 -4.567231 -1.628473 -0.002771 -0.002698 1.377952 1.007361 4.511502 -9999.0 -9999.0 -9999.0
-9999.0 -9999.0 -9999.0 -9999.0 -9999.0 -9999.0 -9999.0 -9999.0 -2.352946 -0.465517 -1.581978 -0.004440 0.272577 -1.428777 -0.556246 -0.006051 1.885104 2.479132 5.444679 7.046969 11.016115 9.785740 9.098801 8.033288 3.332422 3.353555 0.757865 -0.037575 -2.297097 -0.003563 -0.007096 -0.006563 0.345355 -0.004279 0.449114 0.652222 5.522098 0.265910 -0.075656 0.544545 0.157357 -0.000838 -0.003217 0.630115 0.185936 -0.277863 -2.477763 0.421231 -0.038438 1.571283 2.067197 -0.035201 -3.161231 -0.130338 0.198426 -1.080680 -0.344179 -0.007741 3.710457 6.201784 6.947655 -9999.0 -9999.0
-9999.0 -9999.0 -9999.0 -9999.0 -9999.0 -9999.0 -9999.0 -9999.0 0.145805 0.065569 -0.002162 -2.347752 0.246330 -1.784615 -0.276649 -0.444153 0.436783 3.455864 5.378234 10.708582 7.496427 10.052828 10.021769 6.111581 7.783416 3.207576 0.281672 -0.871177 -2.847954 0.178016 -0.003381 0.950275 -0.881768 -0.634700 1.226246 4.914046 0.027744 1.914259 -0.022210 -0.163082 0.513660 0.128862 0.481388 0.061506 -0.531309 0.447473 -0.043411 0.045310 -1.012766 -0.009229 2.749589 0.269120 -2.200068 -3.037708 -0.071039 -0.006788 1.238864 2.873348 5.951852 6.476656 6.807317 -9999.0 -9999.0
-9999.0 -9999.0 -9999.0 -9999.0 -9999.0 -9999.0 -9999.0 -9999.0 -0.389472 0.505398 -0.151165 -2.791788 0.289550 -0.598664 -0.200772 0.050539 3.933448 5.176275 7.759542 5.631998 6.951445 7.386790 9.652308 8.770665 3.593337 1.067296 -0.028956 -1.600106 0.718759 -0.138151 -0.257592 -0.048010 -0.002125 -0.001272 -0.033687 3.873731 6.020899 4.084738 0.817991 -0.015882 1.132297 1.643316 1.528176 2.442430 0.235165 0.040043 1.302416 1.501742 0.230073 -0.354902 -0.005883 2.469075 0.363365 -0.040728 0.756255 1.824116 3.953629 4.896672 5.741985 6.552778 5.645274 2.726632 -9999.0
-9999.0 -9999.0 -9999.0 -9999.0 -9999.0 -9999.0 -9999.0 -9999.0 -0.970228 0.255119 -1.612809 -1.198359 -0.224920 -0.111269 2.376804 2.834180 5.128535 2.507384 1.011415 2.867017 4.717010 6.841619 6.991263 6.648511 6.834183 0.323103 -0.725595 -0.020628 0.085989 -0.000080 -0.150863 0.204796 3.059696 1.462123 0.833004 2.352641 3.776630 6.034641 5.410576 2.708486 1.298896 1.323153 1.081589 0.061664 -0.306604 2.397510 -0.047399 -0.020632 -0.071799 0.158430 2.275452 1.728288 2.054310 2.022209 2.676609 3.076363 3.879990 5.051162 5.838549 5.796780 4.190561 2.139411 -9999.0
-9999.0 -9999.0 0.296230 0.429998 -2.812064 -0.703123 -1.654287 -1.312945 -0.003421 0.031567 -0.411446 -0.450431 -0.084891 0.051521 4.292491 1.658928 -0.011875 -0.864901 -0.167518 0.038053 2.738220 5.458814 6.364060 6.085640 4.768056 2.002284 0.074412 0.408674 2.626463 4.205071 -0.010526 0.919095 6.905246 3.414913 5.009453 4.627245 7.423591 8.268499 7.180994 4.511935 5.133921 5.193124 4.280841 3.467993 -0.005804 1.021358 1.980080 1.577121 3.527239 4.425755 5.053597 4.536128 3.641973 2.950013 2.828810 6.971475 3.576311 4.304647 4.283546 3.542760 5.290830 1.354306 -9999.0
-9999.0 -0.197912 -0.245835 -0.349856 -0.629946 -0.354734 -1.101077 -1.753374 -2.715881 -0.004454 -0.950498 -0.507676 -0.003602 3.265972 2.652158 -0.162565 -0.456449 -0.918993 -0.544087 -0.007110 2.516996 4.271721 7.629477 4.920800 8.078019 4.546613 6.365231 6.731424 5.267372 4.038953 3.858549 4.042005 5.770815 9.612106 8.066507 9.338344 10.961260 11.167912 11.130265 9.488584 8.616342 8.460497 7.755001 4.799423 3.517742 3.909083 5.264817 5.911219 6.923840 6.110120 5.494715 4.444825 3.364580 2.485697 2.397234 1.824186 0.734093 1.098928 1.606676 3.145859 0.510829 1.153099 -9999.0
-9999.0 2.736365 -0.012881 -0.017777 0.883905 -0.029771 -2.141627 -2.258727 -0.003670 -0.002584 -1.410398 -0.870991 0.158713 2.913000 -0.060772 -2.132408 -1.606508 -1.124140 -0.292121 -0.010813 3.681068 2.095921 3.099182 3.583786 8.165767 9.130144 5.410327 6.445034 6.636654 6.374667 6.516354 6.288716 7.628785 8.511223 12.271090 11.569415 16.967815 17.977344 13.982469 12.913793 12.222035 11.235214 10.178737 8.048240 7.909504 7.778505 8.174972 7.981106 7.331920 6.504958 4.669618 2.112515 0.888220 1.505621 0.589195 -0.020183 -0.247234 -0.039023 -0.021850 -0.058071 -0.016511 -9999.0 -9999.0
