user2019/resources/simulation/Vinschgau/output-maps/TsL0004N0967.asc
ncols         63
nrows         48
xllcorner     598000.000000
yllcorner     5145000.000000
cellsize      1000.000000
NODATA_value  -9999.0
[rows 0 to 27 of 48, columns 0 to 62 of 63]
-9999.0 -9999.0 -9999.0 -9999.0 -9999.0 -9999.0 -9999.0 -9999.0 -9999.0 -9999.0 -9999.0 -9999.0 -9999.0 -9999.0 -9999.0 -9999.0 -9999.0 -9999.0 -9999.0 -9999.0 -9999.0 -9999.0 -9999.0 -9999.0 -9999.0 -9999.0 -9999.0 -9999.0 -9999.0 -9999.0 -9999.0 -9999.0 -9999.0 -9999.0 -9999.0 -9999.0 -9999.0 -9999.0 -9999.0 -9999.0 -9999.0 -9999.0 -9999.0 -9999.0 -9999.0 -9999.0 -9999.0 -9999.0 -9999.0 -9999.0 -9999.0 -9999.0 -9999.0 -9999.0 -9999.0 -9999.0 -9999.0 -9999.0 -9999.0 -9999.0 -9999.0 -9999.0 -9999.0
-9999.0 -9999.0 -9999.0 -9999.0 -9999.0 -9999.0 -9999.0 -9999.0 -9999.0 -9999.0 -9999.0 -9999.0 -9999.0 -9999.0 -9999.0 -9999.0 -9999.0 -9999.0 -9999.0 -9999.0 -9999.0 -9999.0 -9999.0 -9999.0 -9999.0 -9999.0 -9999.0 -5.079368 -4.219966 -4.213273 -4.281986 -5.009215 -5.695297 -9999.0 -9999.0 -9999.0 -9999.0 -9999.0 -9999.0 -9999.0 -9999.0 -9999.0 -9999.0 -9999.0 -9999.0 -9999.0 -9999.0 -9999.0 -9999.0 -9999.0 -9999.0 -9999.0 -9999.0 -9999.0 -9999.0 -9999.0 -9999.0 -9999.0 -9999.0 -9999.0 -9999.0 -9999.0 -9999.0
-9999.0 -9999.0 -9999.0 -9999.0 -9999.0 -9999.0 -9999.0 -9999.0 -9999.0 -9999.0 -9999.0 -9999.0 -9999.0 -9999.0 -9999.0 -9999.0 -9999.0 -9999.0 -9999.0 -9999.0 -9999.0 -9999.0 -9999.0 -9999.0 -4.335617 -4.456843 -4.203022 -4.079112 -4.166177 -4.337160 -4.575406 -9999.0 -9999.0 -9999.0 -9999.0 -9999.0 -9999.0 -9999.0 -9999.0 -9999.0 -9999.0 -9999.0 -9999.0 -9999.0 -9999.0 -9999.0 -9999.0 -9999.0 -9999.0 -9999.0 -9999.0 -9999.0 -9999.0 -9999.0 -9999.0 -9999.0 -9999.0 -9999.0 -9999.0 -9999.0 -9999.0 -9999.0 -9999.0
-9999.0 -9999.0 -9999.0 -9999.0 -9999.0 -9999.0 -9999.0 -9999.0 -9999.0 -9999.0 -9999.0 -9999.0 -9999.0 -9999.0 -9999.0 -9999.0 -9999.0 -9999.0 -9999.0 -9999.0 -9999.0 -9999.0 -9999.0 -3.082285 -1.405628 0.111458 0.636282 0.902560 -0.000730 -2.567175 -4.508965 -5.051688 -9999.0 -9999.0 -9999.0 -9999.0 -9999.0 -9999.0 -9999.0 -9999.0 -9999.0 -9999.0 -9999.0 -9999.0 -9999.0 -9999.0 -9999.0 -9999.0 -9999.0 -9999.0 -9999.0 -9999.0 -9999.0 -9999.0 -9999.0 -9999.0 -9999.0 -9999.0 -9999.0 -9999.0 -9999.0 -9999.0 -9999.0
-9999.0 -9999.0 -9999.0 -9999.0 -9999.0 -9999.0 -9999.0 -9999.0 -9999.0 -9999.0 -9999.0 -9999.0 -9999.0 -9999.0 -9999.0 -9999.0 -9999.0 -9999.0 -0.005143 -1.857999 -9999.0 -2.394493 -1.519116 -0.010970 0.273339 1.206329 -0.011229 -0.011903 -0.003186 -0.027422 -4.093846 -4.225756 -6.127040 -8.096691 -9999.0 -9999.0 -9999.0 -9999.0 -9999.0 -9999.0 -9999.0 -9999.0 -9999.0 -9999.0 -9999.0 -9999.0 -9999.0 -9999.0 -9999.0 -9999.0 -9999.0 -9999.0 -9999.0 -9999.0 -9999.0 -9999.0 -9999.0 -9999.0 -9999.0 -9999.0 -9999.0 -9999.0 -9999.0
-9999.0 -9999.0 -9999.0 -9999.0 -9999.0 -9999.0 -9999.0 -9999.0 -9999.0 -9999.0 -9999.0 -9999.0 -9999.0 -9999.0 -9999.0 -9999.0 -9999.0 4.135824 2.660984 1.187684 -2.324635 -0.059435 -0.027123 -0.015159 -0.009100 -0.017038 -0.179444 -0.037553 -0.109848 -0.012425 -1.934682 -4.280209 -3.883632 -5.014191 -6.843319 -7.949211 -9999.0 -9999.0 -9999.0 -9999.0 -9999.0 -9999.0 -9999.0 -9999.0 -9999.0 -9999.0 -9999.0 -9999.0 -9999.0 -9999.0 -9999.0 -9999.0 -9999.0 -9999.0 -9999.0 -9999.0 -9999.0 -9999.0 -9999.0 -9999.0 -9999.0 -9999.0 -9999.0
-9999.0 -9999.0 -9999.0 -9999.0 -9999.0 -9999.0 -9999.0 -9999.0 -9999.0 -9999.0 -9999.0 -9999.0 -9999.0 -0.157748 -0.012243 2.066798 3.644967 3.671914 3.742407 0.175914 0.046776 -0.005132 0.365692 -0.009877 -0.019189 -1.555947 -2.191333 -0.738692 -0.969971 -0.047326 -2.062457 -3.635741 -4.362345 -4.440497 -5.427239 -8.160422 -9999.0 -9999.0 -9999.0 -9999.0 -9999.0 -9999.0 -9999.0 -9999.0 -9999.0 -9999.0 -9999.0 -9999.0 -9999.0 -9999.0 -9999.0 -9999.0 -9999.0 -9999.0 -9999.0 -9999.0 -9999.0 -9999.0 -9999.0 -9999.0 -9999.0 -9999.0 -9999.0
-9999.0 -9999.0 -9999.0 -9999.0 -9999.0 -9999.0 -9999.0 -9999.0 -9999.0 -9999.0 -9999.0 -9999.0 -9999.0 -0.049563 1.176994 2.883115 2.930005 2.693278 3.711455 1.483085 2.759428 0.643281 1.044047 -0.003707 -0.081726 -0.623716 -4.615104 -4.530220 -5.634004 -1.648470 -1.053701 -4.046804 -5.926097 -9.185917 -7.084050 -9999.0 -9999.0 -9999.0 -9999.0 -9999.0 -9999.0 -9999.0 -9999.0 -9999.0 -9999.0 -9999.0 -9999.0 -9999.0 -9999.0 -9999.0 -9999.0 -9999.0 -9999.0 -9999.0 -9999.0 -9999.0 -9999.0 -9999.0 -9999.0 -9999.0 -9999.0 -9999.0 -9999.0
-9999.0 -9999.0 -9999.0 -9999.0 -9999.0 -9999.0 -9999.0 -9999.0 -9999.0 -9999.0 -9999.0 -9999.0 -9999.0 0.760423 0.592851 1.909712 2.397222 3.198080 3.894454 3.637914 0.800670 -0.009894 -0.038990 -0.094588 -0.014774 -0.018726 -4.308687 -5.920971 -5.094769 -8.187885 -4.549939 -9.701586 -10.127843 -12.144714 -8.511660 -9999.0 -9999.0 -9999.0 -9999.0 -9999.0 -9999.0 -9999.0 -9999.0 -9999.0 -9999.0 -9999.0 -9999.0 -9999.0 -9999.0 -9999.0 -9999.0 -9999.0 -9999.0 -9999.0 -9999.0 -9999.0 -9999.0 -9999.0 -9999.0 -9999.0 -9999.0 -9999.0 -9999.0
-9999.0 -9999.0 -9999.0 -9999.0 -9999.0 -9999.0 -9999.0 -9999.0 -9999.0 -9999.0 -9999.0 -9999.0 -0.014319 -0.013622 1.402762 -0.005818 0.674675 2.672960 3.176539 2.408915 -0.005135 -0.050206 -0.801548 -0.813222 -1.754200 -4.171037 -3.363672 -4.722084 -4.237578 -6.163475 -9.693044 -6.404945 -5.123550 -8.881702 -9999.0 -9999.0 -9999.0 -9999.0 -9999.0 -9999.0 -9999.0 -9999.0 -9999.0 -9999.0 -9999.0 -9999.0 -9999.0 -9999.0 -9999.0 -9999.0 -9999.0 -9999.0 -9999.0 -9999.0 -9999.0 -9999.0 -9999.0 -9999.0 -9999.0 -9999.0 -9999.0 -9999.0 -9999.0
-9999.0 -9999.0 -9999.0 -9999.0 -9999.0 -9999.0 -9999.0 -9999.0 -9999.0 -9999.0 -9999.0 -0.590745 0.714810 0.671618 0.707066 -0.021446 1.229237 2.714311 3.279425 1.692096 1.325046 -0.006329 -1.714239 -3.889428 -1.683515 -4.582561 -4.996147 -4.661266 -4.754162 -7.682231 -6.601968 -4.378746 -5.501198 -7.394612 -6.740699 -5.315602 -4.854229 -5.122379 -5.325455 -9999.0 -9999.0 -9999.0 -7.619671 -9999.0 -9999.0 -9999.0 -9999.0 -9999.0 -9999.0 -9999.0 -9999.0 -9999.0 -9999.0 -9999.0 -9999.0 -9999.0 -9999.0 -9999.0 -9999.0 -9999.0 -9999.0 -9999.0 -9999.0
-9999.0 -9999.0 -9999.0 -9999.0 -9999.0 -9999.0 -9999.0 -9999.0 -9999.0 -9999.0 -9999.0 -0.507971 1.000221 2.272865 2.119482 -0.135003 3.585556 3.528607 3.304804 2.256268 0.858454 -0.055242 -1.842814 -2.877709 -2.013135 -4.636145 -4.155922 -4.530667 -3.867870 -7.382389 -3.875368 -4.036184 -5.110133 -5.834274 -6.537566 -3.880696 -3.976999 -2.698681 -4.189684 -7.132128 -7.106203 -7.556550 -4.098584 -6.089773 -9999.0 -9999.0 -9999.0 -8.202620 -6.832852 -6.579228 -5.854739 -7.605010 -7.855576 -7.665876 -7.277685 -8.283260 -9999.0 -9999.0 -9999.0 -9999.0 -9999.0 -9999.0 -9999.0
-9999.0 -9999.0 -9999.0 -9999.0 -9999.0 -9999.0 -9999.0 -9999.0 -9999.0 -9999.0 -9999.0 -0.956037 -0.677525 -0.780385 -0.046459 -0.040059 -0.003825 2.945206 2.673623 2.249925 1.405272 -0.021289 -1.745724 -4.484435 -3.834753 -4.897446 -1.947097 -3.727708 -5.170301 -6.242197 -5.604332 -4.226776 -4.360058 -5.565727 -6.132773 -4.337449 -3.362979 -3.011018 -1.779751 -5.587259 -4.804465 -4.912746 -4.384754 -4.157562 -5.668861 -9999.0 -8.808378 -5.640137 -4.138240 -4.440832 -4.502466 -3.674313 -4.250635 -4.336831 -4.472330 -5.384393 -9999.0 -9999.0 -9999.0 -9999.0 -9999.0 -9999.0 -9999.0
-9999.0 -9999.0 -9999.0 -9999.0 -9999.0 -9999.0 -9999.0 -9999.0 -9999.0 -9999.0 -9999.0 -9999.0 -0.170601 -0.398031 -0.063659 -0.058061 -0.005493 2.100134 2.938303 2.289761 1.230592 -0.016572 -1.051848 -1.226188 -3.271531 -2.089582 -2.620099 -4.309867 -4.397244 -6.043521 -4.120764 -4.011887 -4.184182 -4.647417 -5.203012 -4.483279 -1.912510 -2.673852 -0.036041 -3.306538 -2.309139 -3.633762 -3.183332 -2.068499 -5.679226 -5.888554 -7.077751 -5.515931 -3.217127 -1.365776 -0.468012 -3.854356 -3.017925 -4.520897 -3.502694 -4.268217 -5.321393 -9999.0 -9999.0 -9999.0 -9999.0 -9999.0 -9999.0
-9999.0 -9999.0 -9999.0 -9999.0 -9999.0 -9999.0 -9999.0 -9999.0 -9999.0 -9999.0 -9999.0 -0.984934 -2.668782 -0.243436 -0.730627 -0.025947 -0.009811 1.214818 2.405551 3.423847 1.654067 -0.005523 -0.053504 -2.006964 -1.931079 -1.386504 -0.904691 -4.623208 -4.855803 -4.568249 -2.059388 -3.163764 -3.591808 -4.501005 -6.548844 -3.889784 -3.782208 -1.404770 -0.026315 -0.120699 -1.408994 -0.046990 -1.676070 -1.369141 -1.267847 -4.468138 -4.462340 -4.475480 -3.569433 -0.166405 -4.177445 -4.367546 -6.493218 -7.256657 -8.171606 -8.974763 -6.190326 -9999.0 -9999.0 -9999.0 -9999.0 -9999.0 -9999.0
-9999.0 -9999.0 -9999.0 -9999.0 -9999.0 -9999.0 -9999.0 -9999.0 -9999.0 -9999.0 -2.381342 -1.150902 -2.001411 -1.924890 -0.077339 -0.937609 -0.970716 -0.013917 2.758296 3.035819 0.907176 -0.005176 -0.735279 -0.115621 -0.049869 -1.813786 -2.600925 -5.170594 -4.204059 -2.218400 -2.608314 -2.688832 -2.272786 -4.497791 -8.329259 -5.585600 -4.348789 -1.586293 -0.149635 -0.015450 -0.014910 0.080931 0.747003 0.390134 -0.192186 -4.376291 -4.635830 -1.065352 -2.239798 -0.046020 -6.492551 -6.788664 -8.643440 -9.844863 -9.499807 -4.567353 -4.371683 -9999.0 -9999.0 -9999.0 -9999.0 -9999.0 -9999.0
-9999.0 -9999.0 -9999.0 -9999.0 -9999.0 -9999.0 -9999.0 -9999.0 -9999.0 -4.779366 -1.787303 -2.836571 -1.072033 -1.218696 -0.965829 -0.500001 -0.317628 -0.021835 2.458927 3.329986 1.203089 -0.008069 -0.010198 -0.014347 -0.019715 -1.637425 -3.455278 -2.152863 -1.855685 -0.064706 -0.018320 -1.834799 -5.274026 -9.369975 -7.266714 -5.649366 -4.273529 -2.135254 -1.770002 -1.369362 -0.077996 -0.374664 -0.614201 1.123162 0.420761 -0.262471 -0.071872 -1.475993 -1.450035 -0.017242 -2.534042 -6.269978 -10.670243 -9.204622 -7.493480 -6.501392 -5.602652 -5.795117 -7.094726 -9999.0 -9999.0 -9999.0 -9999.0
-9999.0 -9999.0 -9999.0 -9999.0 -9999.0 -9999.0 -9999.0 -9999.0 -9999.0 -5.384765 -4.202270 -2.137065 -0.074430 -0.032552 -0.658920 -1.297586 -0.079141 -0.012649 3.154108 2.063788 1.730303 0.908790 0.127460 -0.033624 -1.250513 -2.320271 -0.917038 -0.048597 -0.012768 -0.029783 -0.067338 -2.215098 -4.766819 -5.494701 -4.297254 -5.691765 -5.153398 -3.895956 -3.798341 -1.578067 -1.114429 -2.572854 -0.765057 -0.008773 1.710433 0.809611 0.482022 -0.014988 -0.035547 -0.016465 -3.081469 -6.195519 -8.754465 -7.648643 -6.191327 -7.556205 -5.415852 -4.646828 -4.781291 -9999.0 -9999.0 -9999.0 -9999.0
-9999.0 -9999.0 -9999.0 -9999.0 -9999.0 -9999.0 -9999.0 -9999.0 -9999.0 -9999.0 -4.254437 -3.913877 -0.338166 -0.635796 -0.028380 -0.298361 -0.039717 0.295485 4.052682 2.812269 1.835129 1.778568 -0.018582 -0.250997 -1.973225 -0.194300 -0.017040 -0.004427 -0.070541 -1.767612 -2.119451 -3.565293 -4.548094 -4.930923 -4.422025 -3.634771 -2.149671 -1.517783 -5.098118 -3.943662 -4.380964 -2.010805 -0.590681 -0.228306 -0.014870 -0.012147 0.590730 0.488860 1.151011 -0.017682 -2.034028 -5.075559 -7.598318 -8.515725 -7.806477 -5.689665 -3.723748 -2.339545 -2.111152 -0.076614 -9999.0 -9999.0 -9999.0
-9999.0 -9999.0 -9999.0 -9999.0 -9999.0 -9999.0 -9999.0 -9999.0 -9999.0 -9999.0 -4.470037 -4.366144 -2.348283 -0.060013 -0.010041 -0.010103 -0.014264 1.631462 4.438870 3.929646 2.654002 0.387766 -0.023599 -0.668662 -0.194638 -0.012373 0.495091 -0.014888 -1.457387 -4.234120 -4.019636 -3.918839 -5.785989 -5.667282 -3.929536 -1.822736 -2.319122 -1.538379 -2.692360 -4.782567 -4.822766 -3.328756 -1.270091 -2.798264 -0.831626 -0.387047 -0.043219 -0.014700 1.983775 0.872711 -0.025774 -2.721182 -4.869244 -7.098886 -9.173290 -8.376596 -5.759906 -1.534979 1.050772 0.804644 -9999.0 -9999.0 -9999.0
-9999.0 -9999.0 -9999.0 -9999.0 -9999.0 -9999.0 -9999.0 -9999.0 -3.867318 -4.164668 -5.014320 -4.315248 -3.463114 -1.029809 -0.051366 0.947342 2.001075 1.801197 3.534862 4.390001 4.426487 3.167322 1.940501 -0.007961 -0.015347 1.345680 -0.010174 -0.973805 -2.324813 -4.197085 -8.586728 -3.951174 -3.905705 -5.386805 -4.862782 -3.647283 -0.082944 -0.473614 -2.722843 -5.699903 -4.465828 -3.687996 -4.202155 -5.297748 -3.418195 -2.217680 -2.534530 -0.819376 -0.013667 1.088381 -0.016495 -0.876828 -5.775208 -6.646402 -7.935938 -4.956171 -5.519793 -1.279588 -0.012982 3.112705 -9999.0 -9999.0 -9999.0
-9999.0 -9999.0 -9999.0 -9999.0 -9999.0 -9999.0 -9999.0 -9999.0 -3.779044 -1.892199 -3.627336 -4.862329 -4.363878 -2.864315 -1.102341 -0.012369 0.933151 1.630756 4.848399 4.933819 4.010873 3.175011 1.848296 0.584637 2.404707 2.385970 0.298636 -1.083209 -5.891497 -4.712564 -5.493830 -5.291686 -4.562053 -5.096464 -4.446704 -2.546876 -0.087993 -0.504122 -0.864100 -4.358859 -4.069621 -7.193885 -4.913813 -4.260930 -2.963780 -1.528779 -4.591847 -3.634541 -0.975505 1.025918 0.656641 -0.832074 -5.536673 -5.593235 -4.321750 -3.699306 -1.685237 -0.052232 1.379999 3.802493 4.935172 -9999.0 -9999.0
-9999.0 -9999.0 -9999.0 -9999.0 -9999.0 -9999.0 -9999.0 -9999.0 -3.930599 -3.590582 -2.787531 -4.445980 -4.555219 -3.931097 -1.489648 -0.963111 -0.009270 0.824641 4.748216 4.105478 5.408274 3.996064 3.471513 3.570306 2.242403 2.246299 -0.003666 -1.408313 -5.551429 -4.667518 -4.758552 -2.128636 -2.810458 -2.383060 -1.718133 -1.630747 -0.032288 1.100994 -0.025859 -1.162678 -4.489092 -4.598577 -4.391809 -3.762022 -2.161699 -4.205003 -5.680717 -4.159247 -2.988656 -0.016010 2.011979 -0.016934 -4.652766 -5.395666 -2.622774 -1.260006 -0.003764 1.263939 3.400823 4.062119 4.417912 -9999.0 -9999.0
-9999.0 -9999.0 -9999.0 -9999.0 -9999.0 -9999.0 -9999.0 -9999.0 -6.590910 -4.025841 -2.330793 -6.094380 -4.507209 -2.237313 -0.394354 -0.004220 3.310164 4.537442 2.560080 5.065040 4.820401 5.231731 4.066930 3.573659 2.860366 0.377281 -0.076257 -2.169426 -2.305864 -1.017231 -1.443756 -1.258994 -0.040950 -0.902342 -1.027818 -0.511344 -0.016951 2.965820 0.066584 -0.071895 -2.351445 -2.104026 -2.425478 -3.461115 -4.266343 -4.499004 -4.318632 -3.783512 -4.252909 -1.675859 -0.014573 1.588639 -0.016194 -1.901049 -0.014615 0.496395 2.035934 3.730343 4.674776 4.190866 3.268957 1.862509 -9999.0
-9999.0 -9999.0 -9999.0 -9999.0 -9999.0 -9999.0 -9999.0 -9999.0 -6.461602 -4.055857 -2.939390 -1.740417 -0.548289 -0.119520 -0.026079 0.898937 1.152837 1.685591 0.144943 2.035503 4.059308 4.576845 4.863331 4.552269 1.419729 -0.012071 -1.274227 -0.217620 -0.025850 -0.071741 -0.365021 -0.017855 0.836129 -0.005586 -0.016682 -0.005623 1.050630 5.150938 4.648739 0.697922 -0.014743 -0.022320 -0.369255 -0.037771 -1.580456 -1.362796 -0.997215 -1.599251 -0.798119 -0.018278 0.179862 0.975705 1.335873 0.570782 1.153250 1.449960 2.211276 2.991407 3.599080 3.237151 3.184817 1.287629 -9999.0
-9999.0 -9999.0 -4.154072 -4.473966 -4.245958 -2.496494 -3.877541 -3.375264 -4.787009 -3.852399 -1.853049 -0.251286 -0.119053 -0.571133 0.153363 0.464969 -0.016939 -1.386149 -0.869167 -0.010285 1.915586 4.611154 3.694051 5.543771 2.605530 1.189874 -0.013906 -0.008828 1.381900 -0.007304 -0.017545 -0.004765 1.801496 2.232211 2.239440 3.657420 4.506777 7.480394 6.472023 3.701222 2.240137 2.257947 2.871001 1.027846 -0.012256 -0.017825 0.249054 0.853745 1.018750 1.982594 2.652384 2.449091 1.907548 1.465545 1.403047 1.858216 2.014443 2.378923 1.982679 2.493418 0.596325 0.545580 -9999.0
-9999.0 -1.161590 -1.418524 -1.711965 -2.348500 -1.365474 -3.870648 -3.819802 -4.812597 -4.883429 -2.908172 -1.018509 -0.029655 -0.057767 -0.013281 -0.401577 -1.933578 -2.812305 -1.512847 -0.015591 1.625798 3.326751 2.325303 3.710458 2.761425 2.265313 0.993927 1.309641 2.533044 1.520488 1.287310 1.320487 2.806047 3.862697 5.055793 6.220173 8.131982 10.501772 7.868848 6.334393 5.562766 5.396329 4.679628 3.917042 2.647495 2.941339 2.747616 5.127347 4.187926 5.027410 3.246324 2.508729 1.777845 1.041735 0.979572 0.541459 0.327918 0.664593 0.246127 -0.012285 -0.003649 0.338139 -9999.0
-9999.0 -0.118179 -1.037431 -0.129336 -0.071236 -1.174713 -2.703293 -4.340092 -5.096149 -5.193595 -3.455117 -1.407874 -0.009147 -0.012525 -0.132381 -4.349180 -3.621875 -3.134214 -0.963942 -0.050262 -0.008897 1.218690 2.085833 1.388732 2.100729 2.813697 4.875570 4.413462 3.876862 5.668714 5.922430 5.647008 4.544790 5.430962 6.262115 8.291883 9.871595 10.913195 10.796938 10.041688 9.060063 7.976220 6.991530 7.377842 7.373943 7.182418 5.400297 5.198729 4.684451 4.018063 2.426517 1.309603 0.421735 1.086406 0.315028 -0.035798 -0.258059 -0.097618 -0.044283 -0.151144 -0.030957 -9999.0 -9999.0
