user2019/resources/simulation/Vinschgau/output-maps/TsL0004N1288.asc
ncols         63
nrows         48
xllcorner     598000.000000
yllcorner     5145000.000000
cellsize      1000.000000
NODATA_value  -9999.0
[rows 0 to 27 of 48, columns 0 to 62 of 63]
-9999.0 -9999.0 -9999.0 -9999.0 -9999.0 -9999.0 -9999.0 -9999.0 -9999.0 -9999.0 -9999.0 -9999.0 -9999.0 -9999.0 -9999.0 -9999.0 -9999.0 -9999.0 -9999.0 -9999.0 -9999.0 -9999.0 -9999.0 -9999.0 -9999.0 -9999.0 -9999.0 -9999.0 -9999.0 -9999.0 -9999.0 -9999.0 -9999.0 -9999.0 -9999.0 -9999.0 -9999.0 -9999.0 -9999.0 -9999.0 -9999.0 -9999.0 -9999.0 -9999.0 -9999.0 -9999.0 -9999.0 -9999.0 -9999.0 -9999.0 -9999.0 -9999.0 -9999.0 -9999.0 -9999.0 -9999.0 -9999.0 -9999.0 -9999.0 -9999.0 -9999.0 -9999.0 -9999.0
-9999.0 -9999.0 -9999.0 -9999.0 -9999.0 -9999.0 -9999.0 -9999.0 -9999.0 -9999.0 -9999.0 -9999.0 -9999.0 -9999.0 -9999.0 -9999.0 -9999.0 -9999.0 -9999.0 -9999.0 -9999.0 -9999.0 -9999.0 -9999.0 -9999.0 -9999.0 -9999.0 4.146262 0.762635 5.182447 0.090463 0.042187 -0.006300 -9999.0 -9999.0 -9999.0 -9999.0 -9999.0 -9999.0 -9999.0 -9999.0 -9999.0 -9999.0 -9999.0 -9999.0 -9999.0 -9999.0 -9999.0 -9999.0 -9999.0 -9999.0 -9999.0 -9999.0 -9999.0 -9999.0 -9999.0 -9999.0 -9999.0 -9999.0 -9999.0 -9999.0 -9999.0 -9999.0
-9999.0 -9999.0 -9999.0 -9999.0 -9999.0 -9999.0 -9999.0 -9999.0 -9999.0 -9999.0 -9999.0 -9999.0 -9999.0 -9999.0 -9999.0 -9999.0 -9999.0 -9999.0 -9999.0 -9999.0 -9999.0 -9999.0 -9999.0 -9999.0 2.402417 3.119884 3.871940 2.336829 3.654729 3.611933 0.068035 -9999.0 -9999.0 -9999.0 -9999.0 -9999.0 -9999.0 -9999.0 -9999.0 -9999.0 -9999.0 -9999.0 -9999.0 -9999.0 -9999.0 -9999.0 -9999.0 -9999.0 -9999.0 -9999.0 -9999.0 -9999.0 -9999.0 -9999.0 -9999.0 -9999.0 -9999.0 -9999.0 -9999.0 -9999.0 -9999.0 -9999.0 -9999.0
-9999.0 -9999.0 -9999.0 -9999.0 -9999.0 -9999.0 -9999.0 -9999.0 -9999.0 -9999.0 -9999.0 -9999.0 -9999.0 -9999.0 -9999.0 -9999.0 -9999.0 -9999.0 -9999.0 -9999.0 -9999.0 -9999.0 -9999.0 3.488599 5.215444 4.979767 5.159378 5.313302 5.610119 4.142048 0.070116 0.007896 -9999.0 -9999.0 -9999.0 -9999.0 -9999.0 -9999.0 -9999.0 -9999.0 -9999.0 -9999.0 -9999.0 -9999.0 -9999.0 -9999.0 -9999.0 -9999.0 -9999.0 -9999.0 -9999.0 -9999.0 -9999.0 -9999.0 -9999.0 -9999.0 -9999.0 -9999.0 -9999.0 -9999.0 -9999.0 -9999.0 -9999.0
-9999.0 -9999.0 -9999.0 -9999.0 -9999.0 -9999.0 -9999.0 -9999.0 -9999.0 -9999.0 -9999.0 -9999.0 -9999.0 -9999.0 -9999.0 -9999.0 -9999.0 -9999.0 9.968887 5.170309 -9999.0 4.383284 5.326968 4.662274 4.672919 5.435424 6.463924 7.308609 3.627407 2.480038 3.133306 0.085335 -0.002391 2.030869 -9999.0 -9999.0 -9999.0 -9999.0 -9999.0 -9999.0 -9999.0 -9999.0 -9999.0 -9999.0 -9999.0 -9999.0 -9999.0 -9999.0 -9999.0 -9999.0 -9999.0 -9999.0 -9999.0 -9999.0 -9999.0 -9999.0 -9999.0 -9999.0 -9999.0 -9999.0 -9999.0 -9999.0 -9999.0
-9999.0 -9999.0 -9999.0 -9999.0 -9999.0 -9999.0 -9999.0 -9999.0 -9999.0 -9999.0 -9999.0 -9999.0 -9999.0 -9999.0 -9999.0 -9999.0 -9999.0 5.773912 4.438290 5.359904 7.848155 1.547938 2.841134 4.485185 7.737592 0.606371 -0.028436 1.941184 -0.020904 3.091730 5.893127 3.577430 5.745030 3.689698 0.023428 1.840347 -9999.0 -9999.0 -9999.0 -9999.0 -9999.0 -9999.0 -9999.0 -9999.0 -9999.0 -9999.0 -9999.0 -9999.0 -9999.0 -9999.0 -9999.0 -9999.0 -9999.0 -9999.0 -9999.0 -9999.0 -9999.0 -9999.0 -9999.0 -9999.0 -9999.0 -9999.0 -9999.0
-9999.0 -9999.0 -9999.0 -9999.0 -9999.0 -9999.0 -9999.0 -9999.0 -9999.0 -9999.0 -9999.0 -9999.0 -9999.0 10.041135 4.430665 4.140367 5.445622 15.198266 5.486175 5.051336 4.910324 4.597513 5.330884 8.176092 -0.006846 5.085465 -0.003826 -0.014109 -0.014421 -0.005586 -0.202795 4.345681 1.728387 0.098156 1.777563 0.928061 -9999.0 -9999.0 -9999.0 -9999.0 -9999.0 -9999.0 -9999.0 -9999.0 -9999.0 -9999.0 -9999.0 -9999.0 -9999.0 -9999.0 -9999.0 -9999.0 -9999.0 -9999.0 -9999.0 -9999.0 -9999.0 -9999.0 -9999.0 -9999.0 -9999.0 -9999.0 -9999.0
-9999.0 -9999.0 -9999.0 -9999.0 -9999.0 -9999.0 -9999.0 -9999.0 -9999.0 -9999.0 -9999.0 -9999.0 -9999.0 10.353182 6.131162 4.926611 4.737667 15.026415 15.244522 6.934485 4.782417 9.867145 3.388679 2.220399 3.855473 2.443538 0.766517 4.901407 2.199180 -0.031392 -0.023699 0.092855 -0.001609 -0.003360 -0.002278 -9999.0 -9999.0 -9999.0 -9999.0 -9999.0 -9999.0 -9999.0 -9999.0 -9999.0 -9999.0 -9999.0 -9999.0 -9999.0 -9999.0 -9999.0 -9999.0 -9999.0 -9999.0 -9999.0 -9999.0 -9999.0 -9999.0 -9999.0 -9999.0 -9999.0 -9999.0 -9999.0 -9999.0
-9999.0 -9999.0 -9999.0 -9999.0 -9999.0 -9999.0 -9999.0 -9999.0 -9999.0 -9999.0 -9999.0 -9999.0 -9999.0 6.229947 6.530331 7.380040 4.576240 5.312121 15.872151 5.626215 12.367963 4.295420 1.024442 -0.014470 3.858812 3.256950 6.214270 0.945972 0.022044 -0.002730 0.060946 -0.015127 -0.002405 -5.178844 0.994302 -9999.0 -9999.0 -9999.0 -9999.0 -9999.0 -9999.0 -9999.0 -9999.0 -9999.0 -9999.0 -9999.0 -9999.0 -9999.0 -9999.0 -9999.0 -9999.0 -9999.0 -9999.0 -9999.0 -9999.0 -9999.0 -9999.0 -9999.0 -9999.0 -9999.0 -9999.0 -9999.0 -9999.0
-9999.0 -9999.0 -9999.0 -9999.0 -9999.0 -9999.0 -9999.0 -9999.0 -9999.0 -9999.0 -9999.0 -9999.0 5.104809 6.078709 7.060733 5.527438 3.228379 4.951164 16.311822 7.289189 5.141361 0.820865 1.943444 -0.008093 -0.243391 0.684709 -1.177827 0.050575 0.576029 -0.001568 -0.003341 -0.002005 0.004863 2.157355 -9999.0 -9999.0 -9999.0 -9999.0 -9999.0 -9999.0 -9999.0 -9999.0 -9999.0 -9999.0 -9999.0 -9999.0 -9999.0 -9999.0 -9999.0 -9999.0 -9999.0 -9999.0 -9999.0 -9999.0 -9999.0 -9999.0 -9999.0 -9999.0 -9999.0 -9999.0 -9999.0 -9999.0 -9999.0
-9999.0 -9999.0 -9999.0 -9999.0 -9999.0 -9999.0 -9999.0 -9999.0 -9999.0 -9999.0 -9999.0 9.081765 6.563658 3.191857 6.636308 12.652861 6.585951 5.215966 15.681645 8.634600 3.471931 4.391656 5.990314 2.701147 1.771470 2.644867 0.039013 0.135906 -0.000243 -0.001997 -0.001671 1.925500 1.482253 0.665256 -0.001799 2.855109 0.041186 0.618217 2.019419 -9999.0 -9999.0 -9999.0 2.436367 -9999.0 -9999.0 -9999.0 -9999.0 -9999.0 -9999.0 -9999.0 -9999.0 -9999.0 -9999.0 -9999.0 -9999.0 -9999.0 -9999.0 -9999.0 -9999.0 -9999.0 -9999.0 -9999.0 -9999.0
-9999.0 -9999.0 -9999.0 -9999.0 -9999.0 -9999.0 -9999.0 -9999.0 -9999.0 -9999.0 -9999.0 8.005289 6.423598 8.053300 7.766427 12.718362 8.903640 5.668576 15.920997 11.734941 12.267616 9.127661 4.440042 -0.329043 -0.194577 0.495668 0.096643 2.777104 4.826860 -0.001692 0.103093 3.298196 0.006135 0.002313 0.005265 0.166072 4.092475 5.816123 1.729298 1.527233 1.386711 2.077205 0.083767 -0.001968 -9999.0 -9999.0 -9999.0 -0.004947 -0.003161 -0.004491 -0.002462 -0.003530 -0.003016 -0.110336 -0.131675 -0.002251 -9999.0 -9999.0 -9999.0 -9999.0 -9999.0 -9999.0 -9999.0
-9999.0 -9999.0 -9999.0 -9999.0 -9999.0 -9999.0 -9999.0 -9999.0 -9999.0 -9999.0 -9999.0 7.658953 9.054063 2.996179 11.467082 13.512299 4.798465 4.632494 13.262172 11.539712 2.917756 0.512098 -0.128234 2.051570 0.560477 4.463589 -0.157835 -1.569957 3.069185 0.002363 2.101037 -0.228834 2.635952 0.002307 -0.001443 3.401974 -0.189551 -0.173292 7.196092 2.414942 1.145767 0.039091 2.832519 0.155964 -0.002753 -9999.0 2.542043 -0.002464 0.078756 1.525258 3.117505 5.389049 0.431037 0.061276 0.060813 0.001165 -9999.0 -9999.0 -9999.0 -9999.0 -9999.0 -9999.0 -9999.0
-9999.0 -9999.0 -9999.0 -9999.0 -9999.0 -9999.0 -9999.0 -9999.0 -9999.0 -9999.0 -9999.0 -9999.0 8.383103 -0.003681 10.567390 11.252187 1.565856 3.641720 14.914893 11.294039 2.805522 1.770820 -0.014981 -0.126632 -0.464522 -0.178420 2.416644 3.591160 0.080390 -0.001662 0.093174 -0.182081 4.010438 0.059014 0.018914 1.309584 -0.147620 -0.444915 7.340740 6.108458 6.445262 6.231252 -0.079266 3.761807 0.540997 -0.002882 -0.002088 0.000200 -0.445642 -0.091442 -0.029582 -0.564646 -1.732199 -0.745882 -0.503862 0.027099 -0.003120 -9999.0 -9999.0 -9999.0 -9999.0 -9999.0 -9999.0
-9999.0 -9999.0 -9999.0 -9999.0 -9999.0 -9999.0 -9999.0 -9999.0 -9999.0 -9999.0 -9999.0 -0.073535 5.435720 10.233917 -0.002811 1.598548 3.680566 2.893335 14.301259 4.737167 3.071726 1.272579 -0.000087 -0.170816 -0.153751 -0.460427 -0.146549 0.064628 0.043268 4.856555 -0.174508 -0.497048 4.757749 0.065813 -0.000298 0.107524 0.826688 -0.072714 0.514238 8.431250 -0.073931 0.016940 -0.002101 0.002640 5.416709 0.068053 0.441424 4.744957 5.800314 -0.016467 -1.073542 0.073110 -1.166411 -2.918396 -3.640845 -2.621398 -0.002232 -9999.0 -9999.0 -9999.0 -9999.0 -9999.0 -9999.0
-9999.0 -9999.0 -9999.0 -9999.0 -9999.0 -9999.0 -9999.0 -9999.0 -9999.0 -9999.0 3.081991 -0.027430 5.120445 5.934323 8.188786 -0.000062 -0.000069 -0.005326 3.925547 4.385557 9.072059 6.466892 -0.158272 6.028175 -0.009815 -0.407521 -0.282940 -1.957282 4.451775 4.755376 -0.068244 -0.588473 3.997771 0.061163 -0.001370 2.331986 3.656454 -0.107309 -0.085861 1.228508 1.551886 2.668456 9.277067 1.361310 -0.019191 4.768961 1.788361 -0.059155 -0.203950 -0.007610 -2.173557 -0.003909 -4.133748 -0.293552 -0.110361 0.052459 0.064558 -9999.0 -9999.0 -9999.0 -9999.0 -9999.0 -9999.0
-9999.0 -9999.0 -9999.0 -9999.0 -9999.0 -9999.0 -9999.0 -9999.0 -9999.0 1.429945 3.808440 -0.022332 -0.008291 -0.074660 -0.039913 -0.017124 -0.021856 9.016654 3.854978 4.425913 9.498786 1.256919 0.835218 2.420188 0.456247 -0.779436 -0.551044 4.304437 -0.025856 -0.001266 0.598492 -0.980291 2.803958 -0.001657 1.961340 2.093362 3.762903 -0.186136 -0.129576 -0.029494 -0.407482 -0.141640 -0.131460 2.020889 1.711785 -0.018227 7.162926 -0.101050 -0.096761 0.751220 -0.281052 -0.004632 -0.415650 -0.006055 -0.007689 -1.389441 -0.669987 -0.001739 -0.005483 -9999.0 -9999.0 -9999.0 -9999.0
-9999.0 -9999.0 -9999.0 -9999.0 -9999.0 -9999.0 -9999.0 -9999.0 -9999.0 1.650851 1.003781 5.257082 5.358097 -0.005258 -0.024928 -0.079330 6.657271 2.202449 4.414917 10.701070 10.210442 9.878683 7.273224 4.726582 -0.411189 -0.218904 -0.068291 -0.007347 1.676072 4.825916 4.274541 -1.346558 0.741572 0.003764 0.081860 2.119232 3.865776 6.015632 0.765168 5.185591 -0.146376 -0.266515 -0.045715 2.054949 3.062719 3.688432 3.509914 1.868212 -0.005688 1.168582 -2.243955 -3.147996 -0.208998 -0.354830 -0.001285 -2.223921 -0.588987 -0.288946 3.329056 -9999.0 -9999.0 -9999.0 -9999.0
-9999.0 -9999.0 -9999.0 -9999.0 -9999.0 -9999.0 -9999.0 -9999.0 -9999.0 -9999.0 0.091238 4.762874 -0.012791 -0.271242 0.098910 -0.021294 -0.006514 3.857219 5.187061 6.593473 10.273687 3.057224 -0.016505 -0.093552 -0.159338 -0.018088 1.024392 2.265993 4.096870 -0.915574 -1.236411 -1.405912 -1.428194 0.041261 2.405471 4.856764 4.275416 4.582996 3.699947 0.131374 0.079380 4.244012 4.776246 -0.016053 -0.008142 -0.005580 2.080833 7.573054 5.019317 1.285657 -1.196589 -0.570067 -0.047858 -0.331883 -0.378397 -0.001618 0.642732 -0.388855 -0.018739 -0.012146 -9999.0 -9999.0 -9999.0
-9999.0 -9999.0 -9999.0 -9999.0 -9999.0 -9999.0 -9999.0 -9999.0 -9999.0 -9999.0 0.073738 2.131593 4.155161 -0.003372 5.789021 0.624835 -0.007514 2.945129 5.614701 7.315308 3.740784 1.911190 -0.021172 -0.026106 -0.018504 1.745504 2.946653 -0.007436 -0.615674 -1.181230 0.112559 2.942478 -1.335823 0.004678 0.157420 5.196759 -0.345393 -0.030557 -0.312752 0.049059 0.414537 7.266181 -0.071472 4.248078 4.176278 -0.098748 -0.004064 -0.008749 3.458724 4.201320 0.465453 -0.317787 -1.893984 -0.024520 -0.505877 -0.239196 -0.002898 -0.106613 1.612665 3.060826 -9999.0 -9999.0 -9999.0
-9999.0 -9999.0 -9999.0 -9999.0 -9999.0 -9999.0 -9999.0 -9999.0 1.278007 0.088354 0.036426 1.993885 -0.157234 -0.044483 -0.035000 1.917787 3.285395 10.686255 7.615196 7.731111 5.469059 4.438187 3.590908 1.943451 1.828036 2.159548 5.723630 -0.241468 -0.218941 -1.074260 -0.003251 0.109142 0.122479 0.029630 0.696887 1.147411 7.838362 -0.024205 -1.836685 2.365019 5.190071 4.251822 -1.002669 3.503946 6.592634 3.187244 -1.664779 -0.057118 -0.006583 3.581114 1.399718 -0.226433 -0.940830 -3.585957 -0.174003 0.002672 0.244756 4.762974 1.933656 4.809309 -9999.0 -9999.0 -9999.0
-9999.0 -9999.0 -9999.0 -9999.0 -9999.0 -9999.0 -9999.0 -9999.0 -1.554502 -0.558045 -0.684308 0.042659 1.195246 -0.721689 -0.289572 -0.005847 2.255867 2.851859 5.833668 8.294576 15.213640 13.392360 13.183804 12.275822 3.758210 3.669066 1.030504 -0.027182 -1.259296 0.053985 0.002504 3.223611 1.458181 4.024177 1.908654 3.800957 9.161053 0.902326 -0.035115 3.201680 0.140127 0.059948 4.503586 3.842322 2.116839 -0.101621 -1.466978 2.614888 -0.025113 1.741615 2.874477 -0.025100 -2.926203 -0.002157 0.209921 -1.289728 -0.125768 -0.001508 4.204301 7.140739 8.096270 -9999.0 -9999.0
-9999.0 -9999.0 -9999.0 -9999.0 -9999.0 -9999.0 -9999.0 -9999.0 0.115329 0.366347 0.056717 -1.340892 1.688482 -0.805345 -0.099405 -0.227762 0.514207 4.715767 5.758924 14.696083 8.733424 13.355938 13.630669 7.475150 10.812303 3.556379 0.576439 -0.569793 -1.791075 0.112670 4.517141 4.064829 -0.326222 -0.226843 4.690757 8.271378 0.051620 2.026859 -0.023076 -0.063239 3.027852 5.279163 2.720222 0.265759 -0.189172 2.339311 2.162565 0.109589 -0.372643 -0.012266 2.919314 1.149607 -3.124920 -2.872731 -0.034286 -0.000440 2.013355 3.698507 7.086827 7.375116 7.782300 -9999.0 -9999.0
-9999.0 -9999.0 -9999.0 -9999.0 -9999.0 -9999.0 -9999.0 -9999.0 -0.002934 3.089847 -0.063313 -1.751218 0.717957 -0.216605 -0.134577 0.230062 4.300760 5.543185 10.592215 5.990062 8.166397 8.576487 12.691975 11.821288 3.940882 1.356208 -0.035933 -1.278625 3.939871 -0.123255 -0.094536 -0.029881 0.016223 -0.000356 -0.023378 7.898866 10.323899 4.454669 1.038268 -0.009788 4.706337 5.294137 5.108964 6.489453 0.172612 5.103857 4.817752 5.757319 0.563593 -0.128850 -0.007857 2.642165 1.281075 -0.027315 1.541528 2.616839 4.601413 5.168313 6.036344 7.518878 6.545055 3.031059 -9999.0
-9999.0 -9999.0 -9999.0 -9999.0 -9999.0 -9999.0 -9999.0 -9999.0 -0.012813 0.929918 -0.926730 -0.894422 -0.162116 -0.080621 4.699547 3.621568 7.444339 2.808588 1.275393 3.226200 5.081379 7.978462 8.175008 7.836560 9.949069 0.554261 -0.429681 -0.019061 0.204909 0.046281 -0.093918 1.066030 3.546338 2.281426 1.496759 3.520992 5.096145 6.423815 5.789682 3.404853 1.927921 1.769502 1.909134 0.065790 -0.110803 5.866349 -0.028291 -0.021673 -0.034150 0.895917 2.893815 2.056815 2.296117 2.947184 3.490421 3.910771 4.711447 5.934592 6.759751 6.942984 4.515857 2.448076 -9999.0
-9999.0 -9999.0 3.116570 1.975751 -2.055176 -0.256043 -0.956857 -0.681611 0.015155 0.099897 -0.174930 -0.536707 -0.062642 0.743574 6.469915 2.409655 -0.014245 -0.569325 -0.064186 -0.005251 3.103176 5.808022 7.385281 6.452322 5.933191 2.358321 -0.005938 0.544441 2.947438 6.348775 -0.014722 1.240390 9.484801 3.765578 6.227257 5.019524 8.695792 8.662664 7.582589 4.914920 6.463048 6.482349 4.652770 4.249732 -0.006565 1.503790 2.801463 1.718438 4.661154 5.485215 6.209983 5.544866 4.453799 3.848295 3.702611 10.259049 4.452214 5.128317 5.160772 3.863831 7.917713 1.674984 -9999.0
-9999.0 -0.074282 -0.120482 -0.127937 -0.227795 -0.419335 -0.706024 -0.799514 -1.712299 0.036627 -0.528776 -0.265215 -0.000353 5.530269 4.675512 -0.129320 -0.164044 -0.339332 -0.195727 -0.010237 2.876776 4.634548 10.294190 5.233684 11.172649 5.761392 9.447978 9.758210 6.472457 4.994124 5.088258 5.302197 7.015998 12.584861 9.275374 10.586775 12.222762 11.559861 12.374910 10.769152 9.874451 9.697364 8.996027 5.181366 3.898369 4.284220 6.284722 6.272020 8.092497 6.409345 6.459264 5.299806 4.246684 3.366370 3.273015 2.636433 1.005694 1.373756 2.445782 5.528708 0.810158 1.482956 -9999.0
-9999.0 6.328510 -0.004992 -0.014135 3.421862 -0.035018 -1.825345 -1.277214 0.009141 0.023355 -0.558723 -0.573276 0.449674 5.092794 -0.063627 -1.862595 -0.694114 -0.419572 -0.185543 -0.009737 5.982573 2.345848 3.408147 4.419184 11.923577 13.052437 5.778358 7.655130 7.623970 6.744926 6.884438 6.666771 8.793426 9.668061 15.335993 12.710334 20.985389 21.964824 15.246045 14.184833 13.493746 12.435870 11.405132 8.414924 8.271464 8.144210 9.307812 8.991922 8.354688 7.502755 5.577129 2.384344 1.177247 1.731651 0.834080 -0.026170 -0.061081 -0.048943 -0.030636 -0.067449 -0.021763 -9999.0 -9999.0
