user2019/resources/simulation/Vinschgau/output-maps/TsL0006N0397.asc
ncols         63
nrows         48
xllcorner     598000.000000
yllcorner     5145000.000000
cellsize      1000.000000
NODATA_value  -9999.0
[rows 0 to 27 of 48, columns 0 to 62 of 63]
-9999.0 -9999.0 -9999.0 -9999.0 -9999.0 -9999.0 -9999.0 -9999.0 -9999.0 -9999.0 -9999.0 -9999.0 -9999.0 -9999.0 -9999.0 -9999.0 -9999.0 -9999.0 -9999.0 -9999.0 -9999.0 -9999.0 -9999.0 -9999.0 -9999.0 -9999.0 -9999.0 -9999.0 -9999.0 -9999.0 -9999.0 -9999.0 -9999.0 -9999.0 -9999.0 -9999.0 -9999.0 -9999.0 -9999.0 -9999.0 -9999.0 -9999.0 -9999.0 -9999.0 -9999.0 -9999.0 -9999.0 -9999.0 -9999.0 -9999.0 -9999.0 -9999.0 -9999.0 -9999.0 -9999.0 -9999.0 -9999.0 -9999.0 -9999.0 -9999.0 -9999.0 -9999.0 -9999.0
-9999.0 -9999.0 -9999.0 -9999.0 -9999.0 -9999.0 -9999.0 -9999.0 -9999.0 -9999.0 -9999.0 -9999.0 -9999.0 -9999.0 -9999.0 -9999.0 -9999.0 -9999.0 -9999.0 -9999.0 -9999.0 -9999.0 -9999.0 -9999.0 -9999.0 -9999.0 -9999.0 5.565646 5.734167 4.294122 -2.126259 -0.492287 -0.935381 -9999.0 -9999.0 -9999.0 -9999.0 -9999.0 -9999.0 -9999.0 -9999.0 -9999.0 -9999.0 -9999.0 -9999.0 -9999.0 -9999.0 -9999.0 -9999.0 -9999.0 -9999.0 -9999.0 -9999.0 -9999.0 -9999.0 -9999.0 -9999.0 -9999.0 -9999.0 -9999.0 -9999.0 -9999.0 -9999.0
-9999.0 -9999.0 -9999.0 -9999.0 -9999.0 -9999.0 -9999.0 -9999.0 -9999.0 -9999.0 -9999.0 -9999.0 -9999.0 -9999.0 -9999.0 -9999.0 -9999.0 -9999.0 -9999.0 -9999.0 -9999.0 -9999.0 -9999.0 -9999.0 6.057150 7.434106 8.355809 7.028138 5.925002 5.393651 -2.287733 -9999.0 -9999.0 -9999.0 -9999.0 -9999.0 -9999.0 -9999.0 -9999.0 -9999.0 -9999.0 -9999.0 -9999.0 -9999.0 -9999.0 -9999.0 -9999.0 -9999.0 -9999.0 -9999.0 -9999.0 -9999.0 -9999.0 -9999.0 -9999.0 -9999.0 -9999.0 -9999.0 -9999.0 -9999.0 -9999.0 -9999.0 -9999.0
-9999.0 -9999.0 -9999.0 -9999.0 -9999.0 -9999.0 -9999.0 -9999.0 -9999.0 -9999.0 -9999.0 -9999.0 -9999.0 -9999.0 -9999.0 -9999.0 -9999.0 -9999.0 -9999.0 -9999.0 -9999.0 -9999.0 -9999.0 6.345971 8.148925 4.232002 4.800982 5.734174 3.192891 7.532810 4.495587 -2.968609 -9999.0 -9999.0 -9999.0 -9999.0 -9999.0 -9999.0 -9999.0 -9999.0 -9999.0 -9999.0 -9999.0 -9999.0 -9999.0 -9999.0 -9999.0 -9999.0 -9999.0 -9999.0 -9999.0 -9999.0 -9999.0 -9999.0 -9999.0 -9999.0 -9999.0 -9999.0 -9999.0 -9999.0 -9999.0 -9999.0 -9999.0
-9999.0 -9999.0 -9999.0 -9999.0 -9999.0 -9999.0 -9999.0 -9999.0 -9999.0 -9999.0 -9999.0 -9999.0 -9999.0 -9999.0 -9999.0 -9999.0 -9999.0 -9999.0 9.587561 8.849601 -9999.0 6.087347 7.945049 5.039499 4.501294 7.225367 5.570998 5.546401 5.867541 4.112468 6.025277 4.335458 3.688285 -0.681077 -9999.0 -9999.0 -9999.0 -9999.0 -9999.0 -9999.0 -9999.0 -9999.0 -9999.0 -9999.0 -9999.0 -9999.0 -9999.0 -9999.0 -9999.0 -9999.0 -9999.0 -9999.0 -9999.0 -9999.0 -9999.0 -9999.0 -9999.0 -9999.0 -9999.0 -9999.0 -9999.0 -9999.0 -9999.0
-9999.0 -9999.0 -9999.0 -9999.0 -9999.0 -9999.0 -9999.0 -9999.0 -9999.0 -9999.0 -9999.0 -9999.0 -9999.0 -9999.0 -9999.0 -9999.0 -9999.0 4.588047 4.316318 9.154499 10.001920 0.183917 3.629543 3.971131 9.620557 -0.003153 -0.109406 -0.003869 -0.042942 2.116366 7.140446 5.666003 5.789055 3.607371 -3.214707 -0.539067 -9999.0 -9999.0 -9999.0 -9999.0 -9999.0 -9999.0 -9999.0 -9999.0 -9999.0 -9999.0 -9999.0 -9999.0 -9999.0 -9999.0 -9999.0 -9999.0 -9999.0 -9999.0 -9999.0 -9999.0 -9999.0 -9999.0 -9999.0 -9999.0 -9999.0 -9999.0 -9999.0
-9999.0 -9999.0 -9999.0 -9999.0 -9999.0 -9999.0 -9999.0 -9999.0 -9999.0 -9999.0 -9999.0 -9999.0 -9999.0 5.329594 3.209040 2.063183 3.939967 15.317257 4.170658 6.916687 5.352009 6.015628 8.195250 9.506577 -0.009698 -0.011950 -1.766890 -0.119984 -1.416705 -0.187789 1.336578 -0.020928 -0.151580 -0.828630 -1.435338 -0.911881 -9999.0 -9999.0 -9999.0 -9999.0 -9999.0 -9999.0 -9999.0 -9999.0 -9999.0 -9999.0 -9999.0 -9999.0 -9999.0 -9999.0 -9999.0 -9999.0 -9999.0 -9999.0 -9999.0 -9999.0 -9999.0 -9999.0 -9999.0 -9999.0 -9999.0 -9999.0 -9999.0
-9999.0 -9999.0 -9999.0 -9999.0 -9999.0 -9999.0 -9999.0 -9999.0 -9999.0 -9999.0 -9999.0 -9999.0 -9999.0 5.836993 3.811734 2.221288 2.256403 10.564260 16.160674 8.350304 6.167071 7.743713 2.942807 1.140985 2.622761 2.128084 5.950617 -1.465831 -0.442100 -0.924734 -0.966564 -0.611949 -0.617791 -0.551534 -0.715792 -9999.0 -9999.0 -9999.0 -9999.0 -9999.0 -9999.0 -9999.0 -9999.0 -9999.0 -9999.0 -9999.0 -9999.0 -9999.0 -9999.0 -9999.0 -9999.0 -9999.0 -9999.0 -9999.0 -9999.0 -9999.0 -9999.0 -9999.0 -9999.0 -9999.0 -9999.0 -9999.0 -9999.0
-9999.0 -9999.0 -9999.0 -9999.0 -9999.0 -9999.0 -9999.0 -9999.0 -9999.0 -9999.0 -9999.0 -9999.0 -9999.0 3.744612 6.879833 2.702808 -0.006602 2.798086 15.471038 4.455347 9.154313 2.544997 0.948572 -0.016036 3.733946 2.570890 4.973017 -0.420034 5.352160 -0.145807 -0.772722 -0.716656 -0.449371 -4.954619 -0.716402 -9999.0 -9999.0 -9999.0 -9999.0 -9999.0 -9999.0 -9999.0 -9999.0 -9999.0 -9999.0 -9999.0 -9999.0 -9999.0 -9999.0 -9999.0 -9999.0 -9999.0 -9999.0 -9999.0 -9999.0 -9999.0 -9999.0 -9999.0 -9999.0 -9999.0 -9999.0 -9999.0 -9999.0
-9999.0 -9999.0 -9999.0 -9999.0 -9999.0 -9999.0 -9999.0 -9999.0 -9999.0 -9999.0 -9999.0 -9999.0 3.345157 6.218040 -0.001983 2.080504 -0.081608 1.802684 11.736967 9.965465 3.835148 -0.817037 1.568817 -0.513441 1.857386 -0.878577 -0.913325 1.291694 5.069063 -0.545529 -0.280737 3.168701 3.873094 -1.660422 -9999.0 -9999.0 -9999.0 -9999.0 -9999.0 -9999.0 -9999.0 -9999.0 -9999.0 -9999.0 -9999.0 -9999.0 -9999.0 -9999.0 -9999.0 -9999.0 -9999.0 -9999.0 -9999.0 -9999.0 -9999.0 -9999.0 -9999.0 -9999.0 -9999.0 -9999.0 -9999.0 -9999.0 -9999.0
-9999.0 -9999.0 -9999.0 -9999.0 -9999.0 -9999.0 -9999.0 -9999.0 -9999.0 -9999.0 -9999.0 -0.008358 1.344120 1.541870 -0.030981 -2.223544 0.477491 -0.006428 11.228380 5.906287 2.774055 2.986830 5.012345 -1.359149 2.169913 3.007965 -0.213158 4.716017 4.714332 -0.391153 0.430707 4.729999 3.366537 -1.491979 2.656048 2.564319 7.549337 8.447208 9.766667 -9999.0 -9999.0 -9999.0 -0.006691 -9999.0 -9999.0 -9999.0 -9999.0 -9999.0 -9999.0 -9999.0 -9999.0 -9999.0 -9999.0 -9999.0 -9999.0 -9999.0 -9999.0 -9999.0 -9999.0 -9999.0 -9999.0 -9999.0 -9999.0
-9999.0 -9999.0 -9999.0 -9999.0 -9999.0 -9999.0 -9999.0 -9999.0 -9999.0 -9999.0 -9999.0 -0.023558 -0.061576 2.367381 -0.003554 -0.391275 3.440553 2.940218 11.097959 8.511760 10.718234 8.954991 6.085027 -0.059723 -0.017604 -0.187005 5.772839 5.907438 4.549902 -1.025940 4.108054 5.681726 4.462714 -0.047420 3.306866 3.456693 7.472714 10.973324 9.926187 9.711273 9.072827 4.219366 3.315186 3.431201 -9999.0 -9999.0 -9999.0 -0.246330 -0.939788 -2.328449 -0.296035 -1.121751 -0.144658 -0.014167 -0.008076 -0.034185 -9999.0 -9999.0 -9999.0 -9999.0 -9999.0 -9999.0 -9999.0
-9999.0 -9999.0 -9999.0 -9999.0 -9999.0 -9999.0 -9999.0 -9999.0 -9999.0 -9999.0 -9999.0 3.443745 -0.371412 -0.005891 -0.008447 3.892549 -0.003377 -0.007868 8.622338 9.883269 1.900319 2.999516 2.082358 5.342801 -0.909403 6.751058 2.038742 0.956701 -2.447863 -1.867002 -1.489285 -0.014707 5.797593 3.691517 4.492857 5.064289 -0.001548 4.382238 12.851723 10.128323 8.974686 6.409177 5.074312 5.133842 2.989749 -9999.0 -0.110205 -2.742276 4.340508 6.129530 7.167531 7.147853 6.811327 6.792931 5.859611 -0.498037 -9999.0 -9999.0 -9999.0 -9999.0 -9999.0 -9999.0 -9999.0
-9999.0 -9999.0 -9999.0 -9999.0 -9999.0 -9999.0 -9999.0 -9999.0 -9999.0 -9999.0 -9999.0 -9999.0 -1.220463 -0.089814 5.902433 5.367174 -0.138658 -0.002637 9.663995 9.946239 2.958227 3.949773 3.729414 2.499431 -0.002815 2.062191 7.951687 0.847599 0.729260 3.855964 4.519171 -0.002909 5.616236 3.807985 -1.393146 3.487378 -0.007789 2.883047 15.044369 10.679759 10.469217 10.061424 1.079112 6.929919 5.461596 3.816460 1.222683 -2.055388 -0.021975 1.791974 2.736369 -0.284413 1.523976 -0.089682 -0.025310 -0.037281 -0.027758 -9999.0 -9999.0 -9999.0 -9999.0 -9999.0 -9999.0
-9999.0 -9999.0 -9999.0 -9999.0 -9999.0 -9999.0 -9999.0 -9999.0 -9999.0 -9999.0 -9999.0 -0.035535 -0.110255 -2.196143 -0.001594 -0.001655 1.801412 -0.004303 11.440824 4.169891 3.696623 2.793578 2.859265 2.296101 2.278898 2.440965 -0.003856 -1.036767 5.730726 4.584741 1.355492 1.648870 7.263233 3.808820 -2.580973 3.116724 3.977054 1.188599 1.371386 12.104533 4.096316 5.439934 3.368315 2.349088 8.220834 5.061398 4.481380 5.104520 5.139555 3.813693 -0.905780 -0.060622 -0.055902 -0.055450 -0.051675 -0.070797 -0.043342 -9999.0 -9999.0 -9999.0 -9999.0 -9999.0 -9999.0
-9999.0 -9999.0 -9999.0 -9999.0 -9999.0 -9999.0 -9999.0 -9999.0 -9999.0 -9999.0 3.841260 1.377696 6.376190 5.921621 5.964827 2.200355 1.377994 1.298961 3.946681 4.436252 9.953431 6.892720 2.002878 10.227149 4.139841 1.827919 1.237035 0.825630 8.605474 8.430201 2.268953 1.245456 4.404673 -0.003801 -1.798417 2.219971 7.279411 -0.042601 -0.209600 4.855835 5.724868 5.958012 11.219161 1.163074 2.464340 7.504589 4.474725 1.765873 2.597830 4.030648 0.729116 -0.051561 -0.055298 -0.059285 -0.052594 2.615263 3.029113 -9999.0 -9999.0 -9999.0 -9999.0 -9999.0 -9999.0
-9999.0 -9999.0 -9999.0 -9999.0 -9999.0 -9999.0 -9999.0 -9999.0 -9999.0 -0.774576 -0.023890 -0.012596 2.190524 0.906639 -0.002539 1.574144 -0.240526 7.833199 5.406582 4.921702 10.665335 4.772770 4.400314 5.944394 3.257068 1.461662 1.955903 9.205382 3.614875 4.234881 5.240373 -0.082825 -1.050208 -0.418391 1.219683 2.522268 3.177540 -0.041723 -0.081002 1.134429 1.040252 -0.001829 0.871046 3.767419 3.271471 3.637238 9.770100 3.777364 2.436176 3.722527 1.980214 -1.480237 -0.069724 -0.042972 -0.035902 -0.037768 -0.002413 5.423322 -0.855179 -9999.0 -9999.0 -9999.0 -9999.0
-9999.0 -9999.0 -9999.0 -9999.0 -9999.0 -9999.0 -9999.0 -9999.0 -9999.0 -1.918867 -0.759437 2.186481 8.436788 3.053047 2.628925 1.600023 7.740756 4.840623 6.539053 14.097907 13.544633 14.199829 8.269764 8.309651 1.794346 2.484700 3.136697 4.378837 6.234649 5.231505 5.690060 -0.080386 2.598618 0.604857 4.053518 8.645846 8.341064 8.116100 1.808192 3.916901 -0.034660 -0.806977 2.070300 3.142640 3.139221 5.879276 6.918107 6.332341 5.252546 5.152578 0.698254 -0.009421 -0.041470 -0.025791 -0.045749 -0.027125 -0.004017 2.578530 7.293841 -9999.0 -9999.0 -9999.0 -9999.0
-9999.0 -9999.0 -9999.0 -9999.0 -9999.0 -9999.0 -9999.0 -9999.0 -9999.0 -9999.0 -1.382208 4.641892 1.492409 1.533141 5.002080 3.001249 3.156471 6.238446 7.593242 8.871707 10.860421 5.961896 2.756985 2.365962 2.435031 3.640607 4.989786 7.165121 6.365108 -0.025223 -0.064649 -0.004554 -1.702962 -0.933311 5.792981 7.219921 9.505674 8.376896 6.762243 -1.780581 -0.535214 6.947609 5.168171 0.856406 0.724851 1.475400 2.117879 6.822025 8.267622 5.442576 1.249819 2.229976 -0.006893 -0.038434 -0.053816 -0.019932 -0.399072 1.419915 2.066848 3.110002 -9999.0 -9999.0 -9999.0
-9999.0 -9999.0 -9999.0 -9999.0 -9999.0 -9999.0 -9999.0 -9999.0 -9999.0 -9999.0 -1.553297 2.021944 0.612771 2.454972 10.336832 3.224159 3.890709 4.911513 9.039323 10.466334 7.322783 5.240180 3.170609 4.500626 3.581427 6.851848 7.485427 2.845272 1.025358 -1.068708 -0.996287 4.595016 1.015493 -0.650145 -1.263792 -0.004032 1.992504 2.299707 0.371592 -1.306370 3.817892 4.285493 -0.049927 -1.349005 -0.003330 0.473076 1.976302 1.831117 4.980093 8.541804 6.120733 1.925296 1.392555 2.781623 -0.128056 -1.826299 -0.040079 1.584986 6.813900 8.057597 -9999.0 -9999.0 -9999.0
-9999.0 -9999.0 -9999.0 -9999.0 -9999.0 -9999.0 -9999.0 -9999.0 8.887030 7.771623 5.392040 1.934147 0.291916 1.604739 1.563422 4.028338 6.694179 15.170350 11.861054 11.704066 9.773187 8.154576 6.774329 4.422729 5.902120 6.525753 8.980207 1.403305 1.376366 -0.035772 -0.083947 -1.433338 2.682292 -1.665392 3.865505 -0.202263 4.826622 2.021618 -1.031540 3.869583 -1.840058 -0.078095 -1.180048 -0.074054 4.831507 4.564465 -0.926368 -0.001891 2.456440 5.213815 6.441186 3.364705 1.762209 -0.075784 4.834891 7.949618 6.450060 9.279214 8.304039 8.638113 -9999.0 -9999.0 -9999.0
-9999.0 -9999.0 -9999.0 -9999.0 -9999.0 -9999.0 -9999.0 -9999.0 1.135148 2.142740 1.598765 -0.237237 -1.416416 1.645770 1.771960 3.142451 5.209580 5.904229 9.657051 12.289871 19.564812 18.061022 16.431042 13.976193 7.439454 7.241887 3.343886 2.223150 1.030580 5.254514 2.994903 5.062057 4.997179 3.959573 4.940069 4.966916 7.311495 2.724980 1.481468 4.848581 -0.303239 -0.167365 -0.262146 4.715256 7.230957 -0.006908 -1.092299 -0.527498 2.420181 5.344863 9.053024 4.237236 1.479423 7.210521 9.100980 2.411618 3.211331 6.909125 10.298220 12.061670 12.918344 -9999.0 -9999.0
-9999.0 -9999.0 -9999.0 -9999.0 -9999.0 -9999.0 -9999.0 -9999.0 -1.084622 5.503360 6.936409 1.138470 6.161574 0.826934 2.660070 3.230207 5.218771 8.370650 10.268663 17.886712 13.060609 18.102399 18.535983 12.156663 15.003196 6.770359 3.781763 1.433108 2.493208 7.572702 5.342127 7.379832 1.011585 1.427291 5.226916 8.186026 1.896774 3.807670 -0.020185 0.873843 -0.099200 -2.390479 2.867230 -0.003604 -0.922274 -1.682837 6.208265 5.981742 -0.074992 3.591623 7.145532 8.090118 3.382167 2.984612 7.558346 5.103764 9.481724 10.115113 12.052559 11.795446 12.300103 -9999.0 -9999.0
-9999.0 -9999.0 -9999.0 -9999.0 -9999.0 -9999.0 -9999.0 -9999.0 -0.205787 4.864224 1.758876 1.968891 7.835860 2.515203 3.109028 5.528203 8.626537 8.994302 7.739373 9.657940 11.522005 12.583283 17.728960 17.236885 7.347605 4.636163 2.690298 1.702751 9.742200 2.443273 2.370807 2.287835 3.875412 3.294265 1.984806 8.634330 8.913092 4.340119 1.390819 1.707351 5.481033 4.883628 5.431513 9.230853 5.982910 6.681754 6.909385 7.061051 8.339968 3.161457 4.947387 9.381628 9.450102 4.972813 10.258723 10.901032 11.577598 9.691519 10.931125 12.136996 10.367835 7.370150 -9999.0
-9999.0 -9999.0 -9999.0 -9999.0 -9999.0 -9999.0 -9999.0 -9999.0 -0.022532 4.836791 1.692343 2.049838 3.156216 3.401679 11.718857 8.657421 7.489774 6.253261 3.671143 6.474488 8.744317 11.415649 12.360058 11.815008 14.967615 4.713515 2.406358 4.360949 5.609873 4.178087 2.125229 3.125165 6.175735 3.848330 2.596454 3.526015 3.306910 5.706324 4.830965 2.515329 2.704553 2.893115 3.653062 3.779087 2.165997 8.750095 3.430908 4.171652 3.397383 7.450941 10.067131 9.497176 10.258508 12.250113 12.175889 11.364824 12.435655 12.214879 10.708589 10.731063 8.393483 6.584114 -9999.0
-9999.0 -9999.0 7.506330 6.893360 1.298942 2.438514 2.103488 1.774138 5.297030 4.876300 2.071056 3.055700 4.850641 7.697941 14.021400 5.330468 4.202948 1.865027 2.406753 3.544890 6.817737 8.808641 10.886712 10.280574 8.582132 7.000329 4.854797 4.895478 6.023677 10.961612 3.252278 2.807164 9.241346 3.833468 6.952775 4.777008 8.214098 7.192156 5.802287 2.533841 6.032853 6.484491 4.429098 6.232697 2.477182 4.590868 6.789668 3.475856 8.979282 10.486246 12.050044 11.734052 12.487340 12.535529 12.247542 17.435904 10.022476 10.192455 9.449758 7.720921 10.059440 5.013598 -9999.0
-9999.0 2.837389 2.595714 2.579222 2.503983 2.153237 1.324874 -0.011789 -0.089012 3.161712 1.876694 1.775638 4.798648 11.702340 11.771334 2.525035 1.836441 1.732157 3.012365 4.715452 7.380332 7.656052 12.379585 9.248101 16.998658 11.316481 15.663666 14.930574 9.556245 7.292226 8.364479 7.635658 7.295373 11.776556 9.293755 9.578621 10.849327 9.383456 10.104528 9.126160 9.302077 9.148979 8.307060 5.869184 5.556086 6.225272 6.153616 8.585729 11.346342 8.624677 11.371140 11.344870 9.632801 8.684539 8.177864 9.216087 7.035051 6.751293 7.364840 4.853293 3.688865 4.089629 -9999.0
-9999.0 5.218373 2.936869 3.401834 8.881038 2.858881 1.279672 1.797762 6.729600 7.582270 2.333382 3.133822 6.127458 11.992884 5.142576 1.537731 1.206039 2.417065 2.761970 4.442032 8.190883 6.529559 5.782754 7.995984 16.278339 18.541461 11.270102 12.475638 10.734536 9.438180 11.013173 10.001607 8.578735 7.687012 12.800794 10.703288 18.030017 19.327713 12.487260 12.357251 11.657404 10.186869 9.902806 9.337864 11.079903 11.351791 11.359726 11.680069 10.874797 11.123909 8.842390 6.650274 6.375055 8.151941 8.050166 5.133860 5.232051 3.480016 1.389705 1.794301 2.956087 -9999.0 -9999.0
