user2019/resources/simulation/Vinschgau/output-maps/TsL0001N0564.asc
ncols         63
nrows         48
xllcorner     598000.000000
yllcorner     5145000.000000
cellsize      1000.000000
NODATA_value  -9999.0
[rows 0 to 27 of 48, columns 0 to 62 of 63]
-9999.0 -9999.0 -9999.0 -9999.0 -9999.0 -9999.0 -9999.0 -9999.0 -9999.0 -9999.0 -9999.0 -9999.0 -9999.0 -9999.0 -9999.0 -9999.0 -9999.0 -9999.0 -9999.0 -9999.0 -9999.0 -9999.0 -9999.0 -9999.0 -9999.0 -9999.0 -9999.0 -9999.0 -9999.0 -9999.0 -9999.0 -9999.0 -9999.0 -9999.0 -9999.0 -9999.0 -9999.0 -9999.0 -9999.0 -9999.0 -9999.0 -9999.0 -9999.0 -9999.0 -9999.0 -9999.0 -9999.0 -9999.0 -9999.0 -9999.0 -9999.0 -9999.0 -9999.0 -9999.0 -9999.0 -9999.0 -9999.0 -9999.0 -9999.0 -9999.0 -9999.0 -9999.0 -9999.0
-9999.0 -9999.0 -9999.0 -9999.0 -9999.0 -9999.0 -9999.0 -9999.0 -9999.0 -9999.0 -9999.0 -9999.0 -9999.0 -9999.0 -9999.0 -9999.0 -9999.0 -9999.0 -9999.0 -9999.0 -9999.0 -9999.0 -9999.0 -9999.0 -9999.0 -9999.0 -9999.0 19.985724 18.593424 15.682720 13.834116 13.574022 13.913709 -9999.0 -9999.0 -9999.0 -9999.0 -9999.0 -9999.0 -9999.0 -9999.0 -9999.0 -9999.0 -9999.0 -9999.0 -9999.0 -9999.0 -9999.0 -9999.0 -9999.0 -9999.0 -9999.0 -9999.0 -9999.0 -9999.0 -9999.0 -9999.0 -9999.0 -9999.0 -9999.0 -9999.0 -9999.0 -9999.0
-9999.0 -9999.0 -9999.0 -9999.0 -9999.0 -9999.0 -9999.0 -9999.0 -9999.0 -9999.0 -9999.0 -9999.0 -9999.0 -9999.0 -9999.0 -9999.0 -9999.0 -9999.0 -9999.0 -9999.0 -9999.0 -9999.0 -9999.0 -9999.0 18.556733 18.961314 18.938179 19.467080 19.168653 15.646729 15.466148 -9999.0 -9999.0 -9999.0 -9999.0 -9999.0 -9999.0 -9999.0 -9999.0 -9999.0 -9999.0 -9999.0 -9999.0 -9999.0 -9999.0 -9999.0 -9999.0 -9999.0 -9999.0 -9999.0 -9999.0 -9999.0 -9999.0 -9999.0 -9999.0 -9999.0 -9999.0 -9999.0 -9999.0 -9999.0 -9999.0 -9999.0 -9999.0
-9999.0 -9999.0 -9999.0 -9999.0 -9999.0 -9999.0 -9999.0 -9999.0 -9999.0 -9999.0 -9999.0 -9999.0 -9999.0 -9999.0 -9999.0 -9999.0 -9999.0 -9999.0 -9999.0 -9999.0 -9999.0 -9999.0 -9999.0 19.022144 19.845862 12.999676 13.629437 14.210272 11.445310 17.913804 16.485743 13.308926 -9999.0 -9999.0 -9999.0 -9999.0 -9999.0 -9999.0 -9999.0 -9999.0 -9999.0 -9999.0 -9999.0 -9999.0 -9999.0 -9999.0 -9999.0 -9999.0 -9999.0 -9999.0 -9999.0 -9999.0 -9999.0 -9999.0 -9999.0 -9999.0 -9999.0 -9999.0 -9999.0 -9999.0 -9999.0 -9999.0 -9999.0
-9999.0 -9999.0 -9999.0 -9999.0 -9999.0 -9999.0 -9999.0 -9999.0 -9999.0 -9999.0 -9999.0 -9999.0 -9999.0 -9999.0 -9999.0 -9999.0 -9999.0 -9999.0 17.911225 15.988161 -9999.0 18.568892 19.376640 12.605056 13.243027 16.345220 18.559629 18.246283 13.892667 12.481881 18.171363 16.215010 15.209696 14.717180 -9999.0 -9999.0 -9999.0 -9999.0 -9999.0 -9999.0 -9999.0 -9999.0 -9999.0 -9999.0 -9999.0 -9999.0 -9999.0 -9999.0 -9999.0 -9999.0 -9999.0 -9999.0 -9999.0 -9999.0 -9999.0 -9999.0 -9999.0 -9999.0 -9999.0 -9999.0 -9999.0 -9999.0 -9999.0
-9999.0 -9999.0 -9999.0 -9999.0 -9999.0 -9999.0 -9999.0 -9999.0 -9999.0 -9999.0 -9999.0 -9999.0 -9999.0 -9999.0 -9999.0 -9999.0 -9999.0 11.078722 8.345144 11.489698 19.428930 9.021106 11.217804 13.581731 20.215924 8.003339 6.550843 10.108934 7.115604 10.203197 16.181905 15.843741 16.306069 14.703924 12.571596 12.100086 -9999.0 -9999.0 -9999.0 -9999.0 -9999.0 -9999.0 -9999.0 -9999.0 -9999.0 -9999.0 -9999.0 -9999.0 -9999.0 -9999.0 -9999.0 -9999.0 -9999.0 -9999.0 -9999.0 -9999.0 -9999.0 -9999.0 -9999.0 -9999.0 -9999.0 -9999.0 -9999.0
-9999.0 -9999.0 -9999.0 -9999.0 -9999.0 -9999.0 -9999.0 -9999.0 -9999.0 -9999.0 -9999.0 -9999.0 -9999.0 17.111193 9.660551 7.818600 9.812396 28.216907 10.728398 11.130108 12.313611 14.227196 16.288436 19.819550 7.425167 15.908725 9.252409 6.563365 8.813295 8.871721 7.792331 14.005693 14.213992 13.202197 12.728092 10.658485 -9999.0 -9999.0 -9999.0 -9999.0 -9999.0 -9999.0 -9999.0 -9999.0 -9999.0 -9999.0 -9999.0 -9999.0 -9999.0 -9999.0 -9999.0 -9999.0 -9999.0 -9999.0 -9999.0 -9999.0 -9999.0 -9999.0 -9999.0 -9999.0 -9999.0 -9999.0 -9999.0
-9999.0 -9999.0 -9999.0 -9999.0 -9999.0 -9999.0 -9999.0 -9999.0 -9999.0 -9999.0 -9999.0 -9999.0 -9999.0 17.156234 10.560834 8.344202 8.020114 21.783155 27.770268 15.538017 10.988023 16.742213 8.824080 8.173188 11.350580 9.838345 16.309515 14.087829 18.436808 7.498861 5.781862 12.682848 10.878812 10.244546 11.402710 -9999.0 -9999.0 -9999.0 -9999.0 -9999.0 -9999.0 -9999.0 -9999.0 -9999.0 -9999.0 -9999.0 -9999.0 -9999.0 -9999.0 -9999.0 -9999.0 -9999.0 -9999.0 -9999.0 -9999.0 -9999.0 -9999.0 -9999.0 -9999.0 -9999.0 -9999.0 -9999.0 -9999.0
-9999.0 -9999.0 -9999.0 -9999.0 -9999.0 -9999.0 -9999.0 -9999.0 -9999.0 -9999.0 -9999.0 -9999.0 -9999.0 10.171803 14.737234 10.827464 7.143817 8.478521 28.743241 10.122591 18.341533 10.398666 6.715900 6.556847 10.940111 9.654276 15.345808 13.971221 14.501874 14.750819 11.791238 12.225862 10.463342 10.266486 11.649458 -9999.0 -9999.0 -9999.0 -9999.0 -9999.0 -9999.0 -9999.0 -9999.0 -9999.0 -9999.0 -9999.0 -9999.0 -9999.0 -9999.0 -9999.0 -9999.0 -9999.0 -9999.0 -9999.0 -9999.0 -9999.0 -9999.0 -9999.0 -9999.0 -9999.0 -9999.0 -9999.0 -9999.0
-9999.0 -9999.0 -9999.0 -9999.0 -9999.0 -9999.0 -9999.0 -9999.0 -9999.0 -9999.0 -9999.0 -9999.0 9.977357 14.250253 9.806406 7.577507 4.519628 7.197759 22.918247 12.662026 10.561033 7.921085 7.543997 8.141400 7.382549 13.967062 5.942398 12.965116 14.642750 11.023477 11.522622 13.350850 11.062884 10.445960 -9999.0 -9999.0 -9999.0 -9999.0 -9999.0 -9999.0 -9999.0 -9999.0 -9999.0 -9999.0 -9999.0 -9999.0 -9999.0 -9999.0 -9999.0 -9999.0 -9999.0 -9999.0 -9999.0 -9999.0 -9999.0 -9999.0 -9999.0 -9999.0 -9999.0 -9999.0 -9999.0 -9999.0 -9999.0
-9999.0 -9999.0 -9999.0 -9999.0 -9999.0 -9999.0 -9999.0 -9999.0 -9999.0 -9999.0 -9999.0 12.300162 6.241105 5.930648 6.958516 13.206335 8.550985 6.044256 22.084386 9.029485 6.951002 10.148706 16.598445 17.783491 7.371371 14.037451 11.509291 18.392318 13.321047 11.768722 16.727678 16.639576 13.838182 14.386892 16.326536 20.374865 23.482954 25.442079 26.877263 -9999.0 -9999.0 -9999.0 17.221629 -9999.0 -9999.0 -9999.0 -9999.0 -9999.0 -9999.0 -9999.0 -9999.0 -9999.0 -9999.0 -9999.0 -9999.0 -9999.0 -9999.0 -9999.0 -9999.0 -9999.0 -9999.0 -9999.0 -9999.0
-9999.0 -9999.0 -9999.0 -9999.0 -9999.0 -9999.0 -9999.0 -9999.0 -9999.0 -9999.0 -9999.0 10.576396 7.593871 5.972093 7.414715 13.213041 9.476207 8.054247 22.625376 16.896632 19.006008 17.546408 14.910378 6.086844 4.832405 16.311315 17.703517 16.718076 14.277309 13.024883 16.427820 14.275935 13.756739 13.628544 15.448351 21.410348 30.347981 29.021811 26.945074 17.163172 17.295252 17.675777 18.121344 15.435590 -9999.0 -9999.0 -9999.0 12.934223 13.336482 13.628616 12.996887 13.070056 12.697269 12.689834 12.626425 13.012476 -9999.0 -9999.0 -9999.0 -9999.0 -9999.0 -9999.0 -9999.0
-9999.0 -9999.0 -9999.0 -9999.0 -9999.0 -9999.0 -9999.0 -9999.0 -9999.0 -9999.0 -9999.0 11.818885 13.650596 4.347290 11.399397 14.335925 4.559836 3.235859 17.851443 17.661395 6.196218 6.859220 5.928219 17.713519 16.160117 22.518530 6.948352 5.658211 12.971137 13.144547 19.086069 6.028233 17.962500 12.788840 17.086139 26.172752 13.321047 13.235621 27.768926 20.076679 27.361132 18.430215 21.256207 16.705454 13.485995 -9999.0 13.045189 13.274531 16.795042 17.145722 17.322715 17.111468 16.449089 16.498346 16.348291 15.100503 -9999.0 -9999.0 -9999.0 -9999.0 -9999.0 -9999.0 -9999.0
-9999.0 -9999.0 -9999.0 -9999.0 -9999.0 -9999.0 -9999.0 -9999.0 -9999.0 -9999.0 -9999.0 -9999.0 13.267783 2.972697 13.926768 14.564927 2.054700 4.583940 21.618305 17.805408 6.508604 7.883963 7.781302 6.443939 4.632286 6.194241 15.902724 13.699131 13.833377 16.533038 18.993568 6.988650 18.044898 16.290529 14.328974 23.541626 11.619210 13.347192 28.532778 24.350450 29.717034 23.503568 9.669499 18.592732 15.443458 13.229434 13.218715 13.311409 6.582917 8.589143 10.103140 7.038353 8.328296 0.953362 1.086622 14.273873 14.653182 -9999.0 -9999.0 -9999.0 -9999.0 -9999.0 -9999.0
-9999.0 -9999.0 -9999.0 -9999.0 -9999.0 -9999.0 -9999.0 -9999.0 -9999.0 -9999.0 -9999.0 3.727913 13.614819 14.008335 4.868599 4.936387 6.411703 3.838667 21.807018 8.804232 7.239972 5.501246 7.466161 5.571516 7.865205 8.561955 6.539828 14.402117 17.834991 22.037419 7.194371 8.017062 18.304511 15.127735 14.034857 20.604585 25.588017 12.981411 14.152459 28.966530 12.957409 13.408559 10.354374 10.610705 18.505814 15.255614 16.703304 17.151237 18.008246 10.504251 5.427572 14.124611 2.081386 3.586067 3.755089 14.073590 15.598958 -9999.0 -9999.0 -9999.0 -9999.0 -9999.0 -9999.0
-9999.0 -9999.0 -9999.0 -9999.0 -9999.0 -9999.0 -9999.0 -9999.0 -9999.0 -9999.0 15.799359 4.965944 16.598052 17.233125 19.087927 7.085402 6.318437 4.640881 8.680292 9.613458 18.456267 14.350219 5.190782 20.901020 9.818950 7.147256 4.574988 4.512182 19.659006 20.195456 8.739035 7.343455 14.139347 12.353710 13.170633 19.800421 25.720511 12.137842 8.517348 15.158767 15.118081 11.832297 23.540413 8.422777 8.537095 18.563075 19.385383 8.530951 9.338367 8.825543 5.338120 13.858374 3.601520 11.490361 14.822020 17.188120 15.414466 -9999.0 -9999.0 -9999.0 -9999.0 -9999.0 -9999.0
-9999.0 -9999.0 -9999.0 -9999.0 -9999.0 -9999.0 -9999.0 -9999.0 -9999.0 14.265976 15.275929 5.851342 6.385166 5.451187 6.352526 6.006259 5.878833 21.106295 8.894692 10.425921 18.930639 7.963509 7.223288 11.498076 8.983009 4.130087 5.409191 20.461644 9.136505 10.190595 9.376180 3.039387 16.052213 13.725200 17.024565 19.515692 17.985871 7.907671 9.442315 9.292339 7.084543 5.692103 5.840116 9.889241 8.437759 9.320700 20.805102 8.918311 9.574654 9.939851 6.021519 14.589744 11.161852 13.533097 15.863607 3.817875 1.150731 16.365184 15.316682 -9999.0 -9999.0 -9999.0 -9999.0
-9999.0 -9999.0 -9999.0 -9999.0 -9999.0 -9999.0 -9999.0 -9999.0 -9999.0 13.145337 13.986096 17.987681 18.386493 8.298006 7.183604 6.568569 20.411112 10.335784 9.984156 23.477705 22.493585 22.638742 17.157557 14.321081 3.537615 8.130750 8.741042 10.281062 11.465227 14.963273 13.221930 2.939177 14.002661 13.120095 15.390754 20.496112 20.741567 22.776442 18.396549 18.369000 6.862726 5.881126 10.189859 11.110270 9.539093 13.304954 12.735965 12.129235 11.757418 9.542047 3.841468 3.473625 12.236054 15.469745 15.585667 1.445153 7.984313 1.204547 17.169617 -9999.0 -9999.0 -9999.0 -9999.0
-9999.0 -9999.0 -9999.0 -9999.0 -9999.0 -9999.0 -9999.0 -9999.0 -9999.0 -9999.0 16.634649 16.009500 7.463811 5.667102 9.090712 8.197908 9.579005 11.543484 11.174682 14.468379 20.582712 8.744806 6.492336 4.281149 8.447478 10.141621 11.352127 10.854387 13.162951 3.154154 3.522886 5.882153 2.866762 14.553578 16.978087 17.415102 20.578471 17.693645 17.625235 15.493930 15.188183 20.219524 17.175523 8.464665 6.753550 7.399483 8.387004 19.028590 13.101160 9.932634 5.455800 7.458426 14.626230 15.214520 14.604044 16.663386 17.284477 11.365488 11.099453 11.976425 -9999.0 -9999.0 -9999.0
-9999.0 -9999.0 -9999.0 -9999.0 -9999.0 -9999.0 -9999.0 -9999.0 -9999.0 -9999.0 15.387312 15.620363 18.218121 8.243639 19.728721 7.410596 7.198606 9.712029 12.663139 14.561631 10.739992 8.799311 7.035088 8.992224 10.261279 12.027967 11.546058 5.964011 3.501500 3.364697 16.671383 16.270389 4.850009 12.366234 17.942210 15.673599 8.713385 8.405702 5.144569 12.591187 15.380843 16.703848 6.410935 17.880502 18.608595 6.000100 8.584670 6.726156 8.990527 12.833916 10.352436 7.032024 5.236590 16.012912 14.449022 16.318465 16.205664 10.145609 10.489602 13.611064 -9999.0 -9999.0 -9999.0
-9999.0 -9999.0 -9999.0 -9999.0 -9999.0 -9999.0 -9999.0 -9999.0 15.827738 17.964606 17.721231 15.742180 6.877928 7.272696 5.286593 9.213117 10.534587 24.382609 16.291545 15.743009 12.840762 11.664002 10.400126 8.709869 12.308572 9.438337 15.281564 4.506824 6.161830 3.924376 15.207057 15.445020 14.838233 14.757499 16.224505 16.844332 19.883123 7.496662 1.567818 15.087508 16.299796 15.864568 4.938905 18.320251 23.945344 17.562188 3.363417 8.337294 7.434238 13.682843 11.122970 7.339015 7.198202 5.655067 17.767486 18.311718 18.776488 19.936952 13.586400 12.090855 -9999.0 -9999.0 -9999.0
-9999.0 -9999.0 -9999.0 -9999.0 -9999.0 -9999.0 -9999.0 -9999.0 6.296331 6.819853 5.227399 17.156569 18.153431 8.225174 5.906000 7.495840 9.000760 9.911647 13.585916 16.999743 30.328125 26.646366 22.868814 22.194175 11.490840 9.822896 6.761723 7.440003 5.065897 17.433101 17.397275 22.428547 15.365490 22.108680 16.331040 19.907716 18.505918 8.482079 5.747227 16.226328 15.576760 14.314477 18.612972 16.933891 18.202026 6.012854 4.616070 16.863661 9.405207 9.341124 13.078253 10.304817 4.961508 18.584321 19.390345 11.424403 11.096069 12.232653 15.276174 17.101723 18.029804 -9999.0 -9999.0
-9999.0 -9999.0 -9999.0 -9999.0 -9999.0 -9999.0 -9999.0 -9999.0 17.962342 17.103208 13.529989 6.512838 17.319971 5.918054 9.165893 6.529701 8.730533 14.472598 14.022998 29.490701 17.597568 27.977088 27.470969 16.788729 24.306587 9.970350 6.522244 3.750217 6.333829 18.097452 22.922894 17.650629 5.632615 6.265735 17.208485 18.209082 6.541740 7.838065 4.363325 6.037153 15.345440 19.964909 16.550844 16.562509 5.853828 15.563077 20.671867 19.687668 7.319156 8.177658 11.997313 12.166978 7.112050 6.496901 12.618918 13.208221 14.050432 14.721366 16.854349 15.847739 17.158753 -9999.0 -9999.0
-9999.0 -9999.0 -9999.0 -9999.0 -9999.0 -9999.0 -9999.0 -9999.0 19.038700 17.008552 7.936461 5.647345 17.462431 8.082331 6.397918 8.725399 11.715773 14.272596 20.449104 13.890801 17.041947 17.731375 28.402683 26.829316 12.090583 8.848545 6.547330 4.897843 20.747670 8.581058 7.259635 7.918692 9.071696 8.479837 6.091317 20.660481 21.675265 9.100119 5.719934 6.287591 17.399828 16.802895 17.068568 21.900815 18.665011 22.402678 17.597248 18.147380 21.192276 11.096510 10.026272 13.054184 13.464978 13.228989 14.784090 15.225674 15.891830 13.229568 14.666779 17.065849 15.105045 11.001686 -9999.0
-9999.0 -9999.0 -9999.0 -9999.0 -9999.0 -9999.0 -9999.0 -9999.0 17.806352 17.045680 9.183406 6.613242 6.755585 7.310933 20.045543 14.139284 17.721639 9.892874 8.502986 10.764138 13.528511 17.676090 17.817035 17.373552 22.641163 9.000925 6.085530 10.326795 11.070579 9.329662 5.992157 9.747329 11.125098 9.251875 8.979287 10.360877 11.467523 10.312691 8.422719 9.451337 9.281672 7.002332 9.600850 8.597313 6.597827 20.679615 9.281654 10.438356 11.195411 13.119900 14.782399 13.429503 13.557716 16.651893 16.280323 16.181533 17.041080 16.942154 16.338966 15.264538 11.931491 10.134788 -9999.0
-9999.0 -9999.0 18.906564 19.311955 5.997736 7.075838 7.261216 5.846931 19.010378 16.677595 8.726871 7.540066 7.663763 11.896797 21.711471 11.540523 7.856148 6.040686 9.427546 8.650299 11.426141 14.705641 16.857532 16.083152 15.367504 11.114060 9.155287 9.041856 10.127779 18.184310 7.003019 7.720925 18.513159 7.500822 11.253328 9.319662 13.958627 11.566931 9.386137 8.491117 12.096534 11.392611 8.165477 10.560725 7.006668 10.934388 11.544861 8.618832 14.100384 16.069975 17.623940 18.054462 17.089502 17.120190 16.936865 26.838129 15.412596 14.805585 13.644082 11.495179 16.856831 8.475995 -9999.0
-9999.0 8.503614 7.600583 7.950972 7.387637 8.171621 7.100873 5.232037 5.080999 16.084616 7.730647 6.655274 8.738443 18.750020 17.772099 6.848506 7.820319 7.295030 9.033182 8.846767 12.166637 12.774896 22.647647 14.720607 27.380182 16.292306 24.635760 25.596213 14.215386 13.340120 14.273742 13.607848 12.195444 19.606909 14.733246 16.060470 16.565421 13.849747 15.345853 14.839534 14.706562 13.640382 12.977586 9.850216 9.794889 10.664404 14.935099 13.106418 17.043731 15.566704 16.805718 16.160509 15.111394 15.115174 15.011842 14.119530 10.951955 10.487852 12.155766 16.158752 8.195722 8.258257 -9999.0
-9999.0 16.787087 8.734271 8.695686 17.151916 8.104873 3.400128 6.033013 18.652778 19.451468 7.468933 7.470366 9.848404 18.477466 7.568918 4.390979 5.953670 7.482575 9.984846 7.751932 18.975163 11.487650 13.050363 15.822802 28.725786 31.071465 15.712919 18.102276 16.303624 14.650589 15.460638 14.735406 14.516444 14.938643 23.436456 17.037842 30.449663 30.572584 17.786086 18.307116 17.452150 16.407840 14.480291 14.254612 15.434541 15.930981 17.754453 17.362176 16.058274 15.768818 14.177870 11.790616 11.708602 11.791460 11.062268 9.678465 9.605269 8.599694 8.088700 7.309222 7.269478 -9999.0 -9999.0
