user2019/resources/simulation/Vinschgau/output-maps/TsL0007N1066.asc
ncols         63
nrows         48
xllcorner     598000.000000
yllcorner     5145000.000000
cellsize      1000.000000
NODATA_value  -9999.0
[rows 0 to 27 of 48, columns 0 to 62 of 63]
-9999.0 -9999.0 -9999.0 -9999.0 -9999.0 -9999.0 -9999.0 -9999.0 -9999.0 -9999.0 -9999.0 -9999.0 -9999.0 -9999.0 -9999.0 -9999.0 -9999.0 -9999.0 -9999.0 -9999.0 -9999.0 -9999.0 -9999.0 -9999.0 -9999.0 -9999.0 -9999.0 -9999.0 -9999.0 -9999.0 -9999.0 -9999.0 -9999.0 -9999.0 -9999.0 -9999.0 -9999.0 -9999.0 -9999.0 -9999.0 -9999.0 -9999.0 -9999.0 -9999.0 -9999.0 -9999.0 -9999.0 -9999.0 -9999.0 -9999.0 -9999.0 -9999.0 -9999.0 -9999.0 -9999.0 -9999.0 -9999.0 -9999.0 -9999.0 -9999.0 -9999.0 -9999.0 -9999.0
-9999.0 -9999.0 -9999.0 -9999.0 -9999.0 -9999.0 -9999.0 -9999.0 -9999.0 -9999.0 -9999.0 -9999.0 -9999.0 -9999.0 -9999.0 -9999.0 -9999.0 -9999.0 -9999.0 -9999.0 -9999.0 -9999.0 -9999.0 -9999.0 -9999.0 -9999.0 -9999.0 -1.161299 -1.398092 -2.143388 -2.723330 -2.513550 -2.774569 -9999.0 -9999.0 -9999.0 -9999.0 -9999.0 -9999.0 -9999.0 -9999.0 -9999.0 -9999.0 -9999.0 -9999.0 -9999.0 -9999.0 -9999.0 -9999.0 -9999.0 -9999.0 -9999.0 -9999.0 -9999.0 -9999.0 -9999.0 -9999.0 -9999.0 -9999.0 -9999.0 -9999.0 -9999.0 -9999.0
-9999.0 -9999.0 -9999.0 -9999.0 -9999.0 -9999.0 -9999.0 -9999.0 -9999.0 -9999.0 -9999.0 -9999.0 -9999.0 -9999.0 -9999.0 -9999.0 -9999.0 -9999.0 -9999.0 -9999.0 -9999.0 -9999.0 -9999.0 -9999.0 -0.307898 -0.561975 -0.776789 -0.222600 -1.143272 -1.346913 -2.528763 -9999.0 -9999.0 -9999.0 -9999.0 -9999.0 -9999.0 -9999.0 -9999.0 -9999.0 -9999.0 -9999.0 -9999.0 -9999.0 -9999.0 -9999.0 -9999.0 -9999.0 -9999.0 -9999.0 -9999.0 -9999.0 -9999.0 -9999.0 -9999.0 -9999.0 -9999.0 -9999.0 -9999.0 -9999.0 -9999.0 -9999.0 -9999.0
-9999.0 -9999.0 -9999.0 -9999.0 -9999.0 -9999.0 -9999.0 -9999.0 -9999.0 -9999.0 -9999.0 -9999.0 -9999.0 -9999.0 -9999.0 -9999.0 -9999.0 -9999.0 -9999.0 -9999.0 -9999.0 -9999.0 -9999.0 -0.280626 -0.211529 1.345463 1.756419 2.416635 1.562045 -0.309545 -2.213699 -2.581617 -9999.0 -9999.0 -9999.0 -9999.0 -9999.0 -9999.0 -9999.0 -9999.0 -9999.0 -9999.0 -9999.0 -9999.0 -9999.0 -9999.0 -9999.0 -9999.0 -9999.0 -9999.0 -9999.0 -9999.0 -9999.0 -9999.0 -9999.0 -9999.0 -9999.0 -9999.0 -9999.0 -9999.0 -9999.0 -9999.0 -9999.0
-9999.0 -9999.0 -9999.0 -9999.0 -9999.0 -9999.0 -9999.0 -9999.0 -9999.0 -9999.0 -9999.0 -9999.0 -9999.0 -9999.0 -9999.0 -9999.0 -9999.0 -9999.0 2.794640 -0.064634 -9999.0 -0.195463 -0.091028 1.075120 1.391279 2.666776 1.808758 1.713689 1.119117 -0.002737 -0.478354 -2.446642 -2.359597 -2.894070 -9999.0 -9999.0 -9999.0 -9999.0 -9999.0 -9999.0 -9999.0 -9999.0 -9999.0 -9999.0 -9999.0 -9999.0 -9999.0 -9999.0 -9999.0 -9999.0 -9999.0 -9999.0 -9999.0 -9999.0 -9999.0 -9999.0 -9999.0 -9999.0 -9999.0 -9999.0 -9999.0 -9999.0 -9999.0
-9999.0 -9999.0 -9999.0 -9999.0 -9999.0 -9999.0 -9999.0 -9999.0 -9999.0 -9999.0 -9999.0 -9999.0 -9999.0 -9999.0 -9999.0 -9999.0 -9999.0 4.728015 3.332893 2.519845 0.430674 -0.002447 -0.002550 -0.003355 2.102469 -0.002339 -0.401075 -0.001837 -0.003195 0.304124 -0.088559 -0.873462 -1.749907 -1.412389 -2.581574 -3.268962 -9999.0 -9999.0 -9999.0 -9999.0 -9999.0 -9999.0 -9999.0 -9999.0 -9999.0 -9999.0 -9999.0 -9999.0 -9999.0 -9999.0 -9999.0 -9999.0 -9999.0 -9999.0 -9999.0 -9999.0 -9999.0 -9999.0 -9999.0 -9999.0 -9999.0 -9999.0 -9999.0
-9999.0 -9999.0 -9999.0 -9999.0 -9999.0 -9999.0 -9999.0 -9999.0 -9999.0 -9999.0 -9999.0 -9999.0 -9999.0 -0.036372 0.744954 2.873492 4.338419 7.871529 4.395219 2.308472 1.563414 1.162334 1.769323 2.207210 -0.001839 -0.065806 -1.186083 -2.419285 -0.389358 -0.002111 -1.256244 -0.737459 -1.897294 -2.116810 -3.196162 -3.263306 -9999.0 -9999.0 -9999.0 -9999.0 -9999.0 -9999.0 -9999.0 -9999.0 -9999.0 -9999.0 -9999.0 -9999.0 -9999.0 -9999.0 -9999.0 -9999.0 -9999.0 -9999.0 -9999.0 -9999.0 -9999.0 -9999.0 -9999.0 -9999.0 -9999.0 -9999.0 -9999.0
-9999.0 -9999.0 -9999.0 -9999.0 -9999.0 -9999.0 -9999.0 -9999.0 -9999.0 -9999.0 -9999.0 -9999.0 -9999.0 -0.012473 2.613483 3.617761 3.565007 6.333220 7.948848 3.395932 3.510667 3.302318 1.708141 0.567648 -0.002034 -0.063147 -0.641828 -2.341084 -1.810530 -1.436253 -2.629961 -1.994231 -2.199113 -6.682521 -3.263872 -9999.0 -9999.0 -9999.0 -9999.0 -9999.0 -9999.0 -9999.0 -9999.0 -9999.0 -9999.0 -9999.0 -9999.0 -9999.0 -9999.0 -9999.0 -9999.0 -9999.0 -9999.0 -9999.0 -9999.0 -9999.0 -9999.0 -9999.0 -9999.0 -9999.0 -9999.0 -9999.0 -9999.0
-9999.0 -9999.0 -9999.0 -9999.0 -9999.0 -9999.0 -9999.0 -9999.0 -9999.0 -9999.0 -9999.0 -9999.0 -9999.0 2.549196 2.956494 3.870002 3.124613 3.941335 8.224918 4.351575 4.178306 1.209512 -0.002355 -0.002353 -0.001635 -0.001544 -0.153946 -2.048087 -2.751374 -5.909933 -2.061455 -7.210894 -7.462433 -9.734274 -3.633035 -9999.0 -9999.0 -9999.0 -9999.0 -9999.0 -9999.0 -9999.0 -9999.0 -9999.0 -9999.0 -9999.0 -9999.0 -9999.0 -9999.0 -9999.0 -9999.0 -9999.0 -9999.0 -9999.0 -9999.0 -9999.0 -9999.0 -9999.0 -9999.0 -9999.0 -9999.0 -9999.0 -9999.0
-9999.0 -9999.0 -9999.0 -9999.0 -9999.0 -9999.0 -9999.0 -9999.0 -9999.0 -9999.0 -9999.0 -9999.0 0.912504 2.307335 3.150467 1.427655 1.470185 3.429437 6.941935 4.387110 1.475889 -0.002398 -0.403612 -0.048103 -1.369187 -0.701360 -2.481384 -2.474665 -2.043770 -3.470796 -7.140454 -2.419692 -2.876956 -3.415640 -9999.0 -9999.0 -9999.0 -9999.0 -9999.0 -9999.0 -9999.0 -9999.0 -9999.0 -9999.0 -9999.0 -9999.0 -9999.0 -9999.0 -9999.0 -9999.0 -9999.0 -9999.0 -9999.0 -9999.0 -9999.0 -9999.0 -9999.0 -9999.0 -9999.0 -9999.0 -9999.0 -9999.0 -9999.0
-9999.0 -9999.0 -9999.0 -9999.0 -9999.0 -9999.0 -9999.0 -9999.0 -9999.0 -9999.0 -9999.0 -0.051552 2.209305 1.749404 2.428376 2.032639 3.442138 3.595969 6.775319 4.908910 2.195040 0.970912 -0.127374 -0.327949 -1.402632 -1.752224 -2.020547 -2.299214 -1.869869 -3.085035 -2.490466 -1.983904 -3.189418 -2.785117 -3.049849 -2.910782 -2.202592 -2.219903 -2.369118 -9999.0 -9999.0 -9999.0 -2.909954 -9999.0 -9999.0 -9999.0 -9999.0 -9999.0 -9999.0 -9999.0 -9999.0 -9999.0 -9999.0 -9999.0 -9999.0 -9999.0 -9999.0 -9999.0 -9999.0 -9999.0 -9999.0 -9999.0 -9999.0
-9999.0 -9999.0 -9999.0 -9999.0 -9999.0 -9999.0 -9999.0 -9999.0 -9999.0 -9999.0 -9999.0 -0.055173 2.299628 3.729866 4.184713 -0.003350 5.804966 4.339145 6.948981 4.841518 4.136696 -0.005093 -0.162438 -1.649295 -3.252896 -2.191677 -1.499771 -1.730751 -1.959690 -2.816800 -2.050852 -1.167081 -2.573719 -3.373327 -2.974950 -2.240490 -1.277689 -0.598679 -1.028455 -2.662544 -2.650502 -2.853585 -2.559430 -2.216906 -9999.0 -9999.0 -9999.0 -3.958477 -3.123630 -3.875573 -2.785535 -3.497142 -3.807494 -3.471009 -4.122855 -3.842659 -9999.0 -9999.0 -9999.0 -9999.0 -9999.0 -9999.0 -9999.0
-9999.0 -9999.0 -9999.0 -9999.0 -9999.0 -9999.0 -9999.0 -9999.0 -9999.0 -9999.0 -9999.0 -0.083734 -0.041933 -0.044591 0.686492 0.725086 1.076493 3.576632 5.571857 4.828749 1.754762 -0.003295 -1.554959 -0.244895 -1.264312 -0.998162 -2.953057 -2.910854 -1.449898 -3.204446 -1.851930 -3.386419 -1.658189 -2.192217 -2.719386 -1.547352 -2.549726 -2.141271 -0.053748 -1.655244 -2.220880 -2.117081 -1.678457 -1.911045 -2.385901 -9999.0 -3.554551 -4.210374 -2.300557 -1.908765 -1.768904 -1.856293 -2.218983 -2.157653 -2.574430 -2.172712 -9999.0 -9999.0 -9999.0 -9999.0 -9999.0 -9999.0 -9999.0
-9999.0 -9999.0 -9999.0 -9999.0 -9999.0 -9999.0 -9999.0 -9999.0 -9999.0 -9999.0 -9999.0 -9999.0 -0.075012 -0.316296 -0.015076 -0.012935 0.178808 2.653111 6.442539 4.776563 1.770879 -0.003696 -1.325603 -2.631938 -2.046419 -1.467461 -0.097035 -0.762566 -2.326853 -2.205723 -2.384566 -3.172080 -1.547932 -2.692573 -2.409840 -2.014787 -3.034584 -1.986707 1.046000 -0.182482 -1.124574 -0.107997 -2.595760 -0.683587 -1.911267 -2.508857 -2.952314 -2.291110 -4.111533 -2.705637 -0.008391 -3.053310 -3.106613 -3.695593 -4.277323 -2.291879 -2.175232 -9999.0 -9999.0 -9999.0 -9999.0 -9999.0 -9999.0
-9999.0 -9999.0 -9999.0 -9999.0 -9999.0 -9999.0 -9999.0 -9999.0 -9999.0 -9999.0 -9999.0 -1.824003 -0.102859 -0.053124 -0.405589 -0.001194 0.440855 1.821369 5.799752 3.900206 2.244241 0.218311 -0.001805 -1.444433 -1.506738 -1.902623 -2.198329 -2.187444 -2.360736 -0.862447 -2.992586 -2.349410 -0.665886 -2.391504 -2.633246 -2.515884 -1.229071 -2.072699 -0.008138 -0.007100 -1.046979 -0.038148 -1.006551 -1.831624 -0.158714 -2.074006 -2.103965 -0.753259 -0.107281 -0.029801 -2.916373 -2.257071 -4.633856 -5.218387 -6.085395 -7.053767 -2.589453 -9999.0 -9999.0 -9999.0 -9999.0 -9999.0 -9999.0
-9999.0 -9999.0 -9999.0 -9999.0 -9999.0 -9999.0 -9999.0 -9999.0 -9999.0 -9999.0 -0.093277 -2.194361 -0.099332 -0.071421 -0.020251 -0.077088 -0.097548 -0.002349 3.145603 3.540834 3.228849 2.052755 -0.446689 -0.046400 -0.001253 -1.629864 -1.426882 -4.200471 -0.266532 -0.483590 -1.808224 -1.896196 -0.560053 -2.264678 -3.341424 -2.120117 -0.925575 -2.869653 -0.887762 -0.001761 -0.002510 1.059511 3.967478 0.607309 -0.099621 -0.543530 -0.556064 -2.478601 -1.747335 -0.001080 -4.587613 -2.989105 -6.534167 -7.732486 -7.253508 -2.415210 -2.296958 -9999.0 -9999.0 -9999.0 -9999.0 -9999.0 -9999.0
-9999.0 -9999.0 -9999.0 -9999.0 -9999.0 -9999.0 -9999.0 -9999.0 -9999.0 -1.368759 -0.467612 -2.039368 -1.526195 -0.680221 -0.176143 -0.526045 -0.054000 1.615849 3.069467 3.683023 3.535531 0.216168 -0.002555 -0.001803 -0.001539 -1.344846 -2.229561 -0.085044 -0.640114 -0.524744 -0.000959 -1.540102 -1.507960 -6.751580 -2.627355 -2.402110 -1.434623 -3.286293 -1.708535 -1.755079 -1.135231 -0.396527 -0.349399 1.482244 0.610588 -0.041071 -0.022966 -0.753813 -0.807439 -0.001491 -1.389151 -2.663588 -8.428449 -4.643704 -3.641324 -4.462928 -3.833382 -2.070618 -3.249338 -9999.0 -9999.0 -9999.0 -9999.0
-9999.0 -9999.0 -9999.0 -9999.0 -9999.0 -9999.0 -9999.0 -9999.0 -9999.0 -2.230616 -0.923336 -0.106862 -0.015814 -0.001226 -0.068771 -0.668008 -0.024218 -0.001075 3.645830 4.476961 4.095182 3.704155 2.286593 -0.000493 -0.957126 -1.324986 -0.659794 -0.001214 -0.001096 -0.001072 -0.027854 -1.919166 -2.129419 -2.088211 -2.440497 -1.761516 -1.219536 -0.205313 -0.978510 -0.640540 -2.559538 -1.399920 -0.322926 0.049197 1.965202 1.693687 1.346349 -0.003262 -0.014087 -0.001023 -2.791386 -5.052931 -4.612212 -5.404208 -3.995315 -5.500462 -3.556016 -2.897230 -1.083503 -9999.0 -9999.0 -9999.0 -9999.0
-9999.0 -9999.0 -9999.0 -9999.0 -9999.0 -9999.0 -9999.0 -9999.0 -9999.0 -9999.0 -2.006338 -0.864308 -0.153601 -0.332596 -0.003500 -0.050942 -0.001131 1.216875 4.447531 3.875274 4.160900 2.177249 -0.001783 -0.512883 -1.375452 -0.004360 -0.001163 0.663308 -0.023922 -1.480930 -1.825877 -2.747632 -3.283200 -2.688408 -1.692002 -0.665608 -0.125159 -0.434026 -1.200181 -2.003342 -1.879445 -0.265932 -0.022545 -0.039999 -0.001672 -0.001854 0.897677 2.682642 2.047780 -0.002743 -1.746609 -3.484876 -3.742961 -4.701517 -5.503409 -3.197477 -1.679288 -1.585002 -1.342956 -0.001621 -9999.0 -9999.0 -9999.0
-9999.0 -9999.0 -9999.0 -9999.0 -9999.0 -9999.0 -9999.0 -9999.0 -9999.0 -9999.0 -2.578168 -0.817167 -0.152948 -0.072359 1.683879 -0.003102 -0.002636 2.123415 4.841066 5.083378 3.013106 0.913197 -0.002289 -0.087450 -0.005649 -0.001031 1.331809 -0.001994 -1.168261 -2.998319 -1.792059 -1.137858 -4.026218 -2.480834 -1.798584 -0.333508 -1.557420 -1.918252 -2.155119 -2.245697 -1.966035 -0.391196 -2.619771 -0.260408 -0.062058 -0.465884 -0.000899 -0.001691 2.217223 1.748030 -0.012432 -1.515412 -3.892573 -3.909899 -5.192795 -4.427795 -2.457542 -1.381250 0.953259 1.640387 -9999.0 -9999.0 -9999.0
-9999.0 -9999.0 -9999.0 -9999.0 -9999.0 -9999.0 -9999.0 -9999.0 -1.606652 -2.184266 -2.120678 -1.497526 -2.654432 -1.528875 -0.055277 1.232188 2.454130 4.654836 4.818496 5.585992 4.772167 3.605037 2.499932 0.696341 -0.001748 1.589091 1.881559 -0.689525 -1.429381 -2.946289 -6.332428 -2.021885 -2.278339 -2.418814 -2.127868 -0.729940 -0.040273 -0.486568 -2.418744 -1.735337 -0.963998 -0.551268 -2.901412 -1.446692 -0.082218 -0.072716 -2.241393 -1.343554 -0.001767 1.887860 -0.002385 -0.606763 -3.826170 -5.416740 -4.070084 -2.197416 -1.871212 -0.067149 -0.001876 3.576325 -9999.0 -9999.0 -9999.0
-9999.0 -9999.0 -9999.0 -9999.0 -9999.0 -9999.0 -9999.0 -9999.0 -2.983150 -3.044471 -2.404760 -2.310112 -0.766458 -2.075813 -0.809213 -0.001872 1.454553 2.076652 5.183076 6.110476 7.368441 6.350762 5.526086 4.646191 2.942435 2.764379 0.544344 -0.468315 -3.960963 -2.463820 -2.128637 -1.351795 -2.072521 -1.141443 -1.639550 -0.344683 -0.023532 -0.079232 -1.384790 -0.294630 -2.253417 -5.160070 -0.997603 -0.582512 -0.147754 -2.738650 -3.622126 -0.396342 -0.258881 1.222355 1.478866 -0.070417 -4.057203 -2.295908 -1.214220 -2.073355 -1.184633 -0.018236 2.180398 4.642085 5.995704 -9999.0 -9999.0
-9999.0 -9999.0 -9999.0 -9999.0 -9999.0 -9999.0 -9999.0 -9999.0 -1.886558 -0.694836 -0.578094 -3.213815 -1.517003 -2.691161 -1.465838 -0.670238 -0.003457 1.871589 5.085979 7.303430 6.578895 7.139709 6.875709 4.972735 4.689923 2.779961 -0.001670 -1.118951 -4.805508 -2.237110 -0.837251 -0.803437 -1.590884 -1.464431 -0.198512 -0.043756 -0.107318 1.287379 -0.116757 -2.504027 -1.566935 -0.599823 -0.320609 -0.775253 -2.065470 -0.783217 -1.763226 -1.223444 -1.812572 -0.001449 2.225675 -0.002144 -2.895679 -3.860860 -1.423084 -0.693840 0.744461 2.083632 4.286397 4.922133 5.263607 -9999.0 -9999.0
-9999.0 -9999.0 -9999.0 -9999.0 -9999.0 -9999.0 -9999.0 -9999.0 -2.816620 -0.664064 -0.984617 -4.368249 -0.435800 -1.373086 -1.379220 -0.001925 3.658531 4.877662 4.760132 5.367336 5.968965 6.332643 6.879189 6.352579 3.226403 0.665303 -0.001968 -1.866975 -0.088573 -2.384380 -1.538248 -2.109351 -0.021139 -0.691113 -0.240643 -0.038441 2.086765 3.608614 0.335106 -0.061978 -0.094725 -0.436669 -0.407262 -0.076709 -0.586161 -0.582575 -0.290088 -0.413389 -0.661829 -1.249309 -0.001728 1.841186 -0.001951 -1.374350 -0.000604 1.299049 2.880716 4.136081 5.170723 5.032569 4.126909 2.188725 -9999.0
-9999.0 -9999.0 -9999.0 -9999.0 -9999.0 -9999.0 -9999.0 -9999.0 -2.934117 -1.765680 -2.185148 -1.456978 -0.645215 -0.968323 -0.000392 1.769598 3.209064 2.116101 0.407229 2.471636 4.389639 5.694769 5.963987 5.681654 3.840277 -0.003159 -0.976587 -0.006529 -0.001145 -0.236854 -0.441796 -0.000916 1.664489 0.703932 -0.002363 0.636939 2.053156 5.626011 5.095235 1.597925 -0.002161 -0.010532 -0.041231 -0.008324 -1.440680 -0.074127 -0.331086 -1.301505 -0.212869 -0.002526 1.030094 1.278071 1.602086 1.413037 1.835365 2.113652 3.015387 3.812710 4.427788 4.131277 3.725727 1.611330 -9999.0
-9999.0 -9999.0 -0.808129 -0.469549 -3.413609 -1.333152 -2.904110 -3.377070 -2.630101 -2.191560 -2.510033 -0.581843 -0.152246 -0.056975 2.300741 1.243296 -0.001562 -1.109385 -0.481084 -0.002045 2.345579 5.028394 4.605673 5.843775 3.755369 1.630780 -0.003130 -0.002724 1.726514 2.015670 -0.002002 0.136835 4.004742 2.856777 3.200949 4.182523 5.790936 7.926294 6.884577 4.172159 3.284001 3.206013 3.251168 1.922600 -0.001603 -0.002489 1.114580 1.085309 1.882437 2.838967 3.572406 3.297248 2.720171 2.265740 2.173621 4.501635 2.807362 3.201386 2.845209 2.932240 2.840921 0.863323 -9999.0
-9999.0 -1.615675 -2.770955 -1.719375 -1.430348 -2.252655 -2.078129 -2.594342 -3.575910 -2.470282 -1.739612 -0.743510 -0.000848 -0.002943 1.367180 -0.333193 -1.331893 -1.642863 -1.346987 -0.002072 2.074740 3.841945 4.590177 4.274512 5.673154 3.493488 3.558646 3.761325 3.567723 2.463323 2.299415 2.358998 3.821648 6.186811 6.703952 7.685972 9.877772 10.901462 9.402805 7.581130 7.330996 7.046993 5.961734 4.395421 3.110138 3.410907 3.663717 5.548188 5.602775 5.587873 4.087442 3.320584 2.580460 1.838551 1.761756 1.312721 0.554068 0.896356 1.051267 1.542523 0.156374 0.659147 -9999.0
-9999.0 -0.070929 -1.255052 -0.419012 -0.006741 -0.456154 -2.404643 -3.102931 -2.127062 -2.299743 -2.260641 -1.128437 -0.001820 1.456368 -0.167857 -3.182166 -2.424507 -1.952956 -0.744635 -0.004131 2.008081 1.536324 2.475487 2.298411 5.025916 5.928565 5.169519 5.546005 4.933632 6.051119 6.255541 6.003186 5.567350 6.499667 8.668728 9.796770 13.353912 14.607985 12.420548 11.655985 10.779652 9.626379 9.019724 7.728690 7.668086 7.522429 6.751923 6.292784 5.614236 4.894016 3.281027 1.597601 0.660965 1.262378 0.488852 -0.002273 -0.282861 -0.002594 -0.001761 -0.003236 -0.001777 -9999.0 -9999.0
