user2019/resources/simulation/Vinschgau/output-maps/TsL0004N0254.asc
ncols         63
nrows         48
xllcorner     598000.000000
yllcorner     5145000.000000
cellsize      1000.000000
NODATA_value  -9999.0
[rows 0 to 27 of 48, columns 0 to 61 of 63]
-9999.0 -9999.0 -9999.0 -9999.0 -9999.0 -9999.0 -9999.0 -9999.0 -9999.0 -9999.0 -9999.0 -9999.0 -9999.0 -9999.0 -9999.0 -9999.0 -9999.0 -9999.0 -9999.0 -9999.0 -9999.0 -9999.0 -9999.0 -9999.0 -9999.0 -9999.0 -9999.0 -9999.0 -9999.0 -9999.0 -9999.0 -9999.0 -9999.0 -9999.0 -9999.0 -9999.0 -9999.0 -9999.0 -9999.0 -9999.0 -9999.0 -9999.0 -9999.0 -9999.0 -9999.0 -9999.0 -9999.0 -9999.0 -9999.0 -9999.0 -9999.0 -9999.0 -9999.0 -9999.0 -9999.0 -9999.0 -9999.0 -9999.0 -9999.0 -9999.0 -9999.0 -9999.0
-9999.0 -9999.0 -9999.0 -9999.0 -9999.0 -9999.0 -9999.0 -9999.0 -9999.0 -9999.0 -9999.0 -9999.0 -9999.0 -9999.0 -9999.0 -9999.0 -9999.0 -9999.0 -9999.0 -9999.0 -9999.0 -9999.0 -9999.0 -9999.0 -9999.0 -9999.0 -9999.0 -6.383131 -6.726758 -6.644514 -7.172888 -8.131813 -8.079653 -9999.0 -9999.0 -9999.0 -9999.0 -9999.0 -9999.0 -9999.0 -9999.0 -9999.0 -9999.0 -9999.0 -9999.0 -9999.0 -9999.0 -9999.0 -9999.0 -9999.0 -9999.0 -9999.0 -9999.0 -9999.0 -9999.0 -9999.0 -9999.0 -9999.0 -9999.0 -9999.0 -9999.0 -9999.0
-9999.0 -9999.0 -9999.0 -9999.0 -9999.0 -9999.0 -9999.0 -9999.0 -9999.0 -9999.0 -9999.0 -9999.0 -9999.0 -9999.0 -9999.0 -9999.0 -9999.0 -9999.0 -9999.0 -9999.0 -9999.0 -9999.0 -9999.0 -9999.0 -4.745325 -5.477219 -5.581258 -6.136812 -5.853323 -6.510543 -7.202741 -9999.0 -9999.0 -9999.0 -9999.0 -9999.0 -9999.0 -9999.0 -9999.0 -9999.0 -9999.0 -9999.0 -9999.0 -9999.0 -9999.0 -9999.0 -9999.0 -9999.0 -9999.0 -9999.0 -9999.0 -9999.0 -9999.0 -9999.0 -9999.0 -9999.0 -9999.0 -9999.0 -9999.0 -9999.0 -9999.0 -9999.0
-9999.0 -9999.0 -9999.0 -9999.0 -9999.0 -9999.0 -9999.0 -9999.0 -9999.0 -9999.0 -9999.0 -9999.0 -9999.0 -9999.0 -9999.0 -9999.0 -9999.0 -9999.0 -9999.0 -9999.0 -9999.0 -9999.0 -9999.0 -5.192333 -4.765292 -4.113546 -5.378273 -5.701544 -5.666747 -6.718442 -6.993740 -6.424776 -9999.0 -9999.0 -9999.0 -9999.0 -9999.0 -9999.0 -9999.0 -9999.0 -9999.0 -9999.0 -9999.0 -9999.0 -9999.0 -9999.0 -9999.0 -9999.0 -9999.0 -9999.0 -9999.0 -9999.0 -9999.0 -9999.0 -9999.0 -9999.0 -9999.0 -9999.0 -9999.0 -9999.0 -9999.0 -9999.0
-9999.0 -9999.0 -9999.0 -9999.0 -9999.0 -9999.0 -9999.0 -9999.0 -9999.0 -9999.0 -9999.0 -9999.0 -9999.0 -9999.0 -9999.0 -9999.0 -9999.0 -9999.0 -2.377465 -3.479001 -9999.0 -4.680372 -3.669267 -4.132247 -5.199371 -0.952501 -5.221275 -5.188435 -0.435025 -5.690689 -6.542313 -7.215982 -7.601594 -8.111036 -9999.0 -9999.0 -9999.0 -9999.0 -9999.0 -9999.0 -9999.0 -9999.0 -9999.0 -9999.0 -9999.0 -9999.0 -9999.0 -9999.0 -9999.0 -9999.0 -9999.0 -9999.0 -9999.0 -9999.0 -9999.0 -9999.0 -9999.0 -9999.0 -9999.0 -9999.0 -9999.0 -9999.0
-9999.0 -9999.0 -9999.0 -9999.0 -9999.0 -9999.0 -9999.0 -9999.0 -9999.0 -9999.0 -9999.0 -9999.0 -9999.0 -9999.0 -9999.0 -9999.0 -9999.0 -3.070390 -4.612913 -5.431493 -4.162700 -3.153706 -4.608775 -4.549115 -0.213869 -6.160475 -6.156533 -5.116826 -6.232237 -5.511039 -5.413420 -6.764357 -6.459235 -7.615079 -8.134993 -9.021506 -9999.0 -9999.0 -9999.0 -9999.0 -9999.0 -9999.0 -9999.0 -9999.0 -9999.0 -9999.0 -9999.0 -9999.0 -9999.0 -9999.0 -9999.0 -9999.0 -9999.0 -9999.0 -9999.0 -9999.0 -9999.0 -9999.0 -9999.0 -9999.0 -9999.0 -9999.0
-9999.0 -9999.0 -9999.0 -9999.0 -9999.0 -9999.0 -9999.0 -9999.0 -9999.0 -9999.0 -9999.0 -9999.0 -9999.0 -4.527373 -3.015015 -4.331143 -3.838139 -3.663492 -3.680653 -5.470118 -4.703147 -4.637501 -4.167958 -3.970918 -5.680908 -6.261758 -7.118655 -6.300244 -7.037292 -5.431054 -5.910881 -7.051559 -7.503276 -9.251146 -9.308262 -9.745698 -9999.0 -9999.0 -9999.0 -9999.0 -9999.0 -9999.0 -9999.0 -9999.0 -9999.0 -9999.0 -9999.0 -9999.0 -9999.0 -9999.0 -9999.0 -9999.0 -9999.0 -9999.0 -9999.0 -9999.0 -9999.0 -9999.0 -9999.0 -9999.0 -9999.0 -9999.0
-9999.0 -9999.0 -9999.0 -9999.0 -9999.0 -9999.0 -9999.0 -9999.0 -9999.0 -9999.0 -9999.0 -9999.0 -9999.0 -2.709249 -3.512809 -3.629301 -3.362038 -2.753173 -3.508339 -4.094675 -1.474919 -5.968689 -4.892791 -5.297227 -4.787078 -5.583793 -5.767771 -8.005326 -8.487072 -7.246910 -6.201870 -9.118327 -9.319990 -10.125191 -10.053668 -9999.0 -9999.0 -9999.0 -9999.0 -9999.0 -9999.0 -9999.0 -9999.0 -9999.0 -9999.0 -9999.0 -9999.0 -9999.0 -9999.0 -9999.0 -9999.0 -9999.0 -9999.0 -9999.0 -9999.0 -9999.0 -9999.0 -9999.0 -9999.0 -9999.0 -9999.0 -9999.0
-9999.0 -9999.0 -9999.0 -9999.0 -9999.0 -9999.0 -9999.0 -9999.0 -9999.0 -9999.0 -9999.0 -9999.0 -9999.0 -3.551031 -4.648654 -1.085373 -3.053884 -3.736134 -3.639051 -0.999727 -3.392985 -6.652886 -5.392505 -5.071612 -4.137553 -2.996798 -5.844711 -8.336801 -6.217141 -9.087550 -8.796331 -10.384763 -10.099190 -10.887869 -10.328362 -9999.0 -9999.0 -9999.0 -9999.0 -9999.0 -9999.0 -9999.0 -9999.0 -9999.0 -9999.0 -9999.0 -9999.0 -9999.0 -9999.0 -9999.0 -9999.0 -9999.0 -9999.0 -9999.0 -9999.0 -9999.0 -9999.0 -9999.0 -9999.0 -9999.0 -9999.0 -9999.0
-9999.0 -9999.0 -9999.0 -9999.0 -9999.0 -9999.0 -9999.0 -9999.0 -9999.0 -9999.0 -9999.0 -9999.0 -2.829823 -3.973519 -1.662240 -5.761270 -1.993814 -4.441537 -0.002711 -3.461084 -4.444326 -5.897180 -5.500035 -4.944125 -2.838097 -7.747742 -5.291170 -5.958717 -5.863215 -8.549508 -9.263766 -7.901250 -8.103856 -9.556830 -9999.0 -9999.0 -9999.0 -9999.0 -9999.0 -9999.0 -9999.0 -9999.0 -9999.0 -9999.0 -9999.0 -9999.0 -9999.0 -9999.0 -9999.0 -9999.0 -9999.0 -9999.0 -9999.0 -9999.0 -9999.0 -9999.0 -9999.0 -9999.0 -9999.0 -9999.0 -9999.0 -9999.0
-9999.0 -9999.0 -9999.0 -9999.0 -9999.0 -9999.0 -9999.0 -9999.0 -9999.0 -9999.0 -9999.0 -3.578584 -4.348750 -1.361262 -5.492065 -5.328781 -6.485246 -4.495216 -0.001927 -3.504314 -5.066261 -3.845554 -5.125207 -6.579425 -5.212798 -5.971860 -8.419758 -5.604176 -6.185053 -9.185592 -7.363273 -7.171880 -8.166925 -9.781079 -10.472600 -10.924750 -9.497207 -9.369632 -2.236453 -9999.0 -9999.0 -9999.0 -10.460506 -9999.0 -9999.0 -9999.0 -9999.0 -9999.0 -9999.0 -9999.0 -9999.0 -9999.0 -9999.0 -9999.0 -9999.0 -9999.0 -9999.0 -9999.0 -9999.0 -9999.0 -9999.0 -9999.0
-9999.0 -9999.0 -9999.0 -9999.0 -9999.0 -9999.0 -9999.0 -9999.0 -9999.0 -9999.0 -9999.0 -4.858956 -4.292891 -3.378381 -3.227014 -6.152098 -3.943107 -4.644130 -0.002128 -1.571870 -4.230460 -1.591667 -4.308828 -4.904431 -5.312242 -6.427825 -5.832996 -5.211119 -6.194203 -8.349484 -6.986788 -7.486494 -8.570725 -8.570765 -11.051632 -10.524634 -0.423435 -0.960639 -1.394990 -11.398586 -11.407374 -11.995349 -9.831960 -9.017923 -9999.0 -9999.0 -9999.0 -0.375520 -3.219781 -3.544715 -0.920752 -2.325477 -2.444439 -0.107929 -0.101772 -2.195837 -9999.0 -9999.0 -9999.0 -9999.0 -9999.0 -9999.0
-9999.0 -9999.0 -9999.0 -9999.0 -9999.0 -9999.0 -9999.0 -9999.0 -9999.0 -9999.0 -9999.0 -3.919392 -4.918873 -5.657839 -2.148411 -5.301174 -3.711027 -4.911055 -0.756855 -0.018599 -3.022873 -4.119603 -3.601180 -3.650893 -6.860734 -5.689785 -4.416780 -6.082707 -7.582149 -6.955353 -8.145831 -7.264068 -7.951375 -9.254397 -10.184146 -7.752668 -3.530240 -3.147816 -0.630014 -1.897989 -0.798272 -9.664685 -8.596027 -8.568699 -7.177893 -9999.0 -6.717427 -3.994928 -1.924059 -0.064032 -1.030790 -0.519652 -0.031738 -0.018595 -0.022973 -0.037831 -9999.0 -9999.0 -9999.0 -9999.0 -9999.0 -9999.0
-9999.0 -9999.0 -9999.0 -9999.0 -9999.0 -9999.0 -9999.0 -9999.0 -9999.0 -9999.0 -9999.0 -9999.0 -4.352988 -2.160226 -1.226025 -2.206716 -4.479578 -4.478397 -0.150806 -0.005931 -4.394358 -4.030946 -4.535592 -3.864859 -5.264814 -3.766565 -3.552883 -7.002470 -6.545427 -6.465549 -6.718295 -7.108583 -7.748728 -8.788636 -10.593368 -10.872236 -5.242869 -3.551589 -0.161233 -1.742720 -0.825543 -6.945627 -6.414283 -6.652586 -7.171467 -5.452139 -5.129926 -4.053636 -4.079276 -3.333855 -3.303251 -1.607294 -0.023543 -0.446788 -2.834508 -2.755708 -0.828514 -9999.0 -9999.0 -9999.0 -9999.0 -9999.0
-9999.0 -9999.0 -9999.0 -9999.0 -9999.0 -9999.0 -9999.0 -9999.0 -9999.0 -9999.0 -9999.0 -0.586867 -5.209085 -5.140400 -2.778324 -2.874308 -3.349983 -4.889866 -3.241725 -0.117733 -3.330086 -3.968326 -3.240612 -4.076829 -3.555115 -4.115907 -2.908584 -7.331596 -5.717219 -5.991515 -5.467304 -5.904650 -6.334744 -8.222017 -10.951039 -10.886110 -11.447357 -4.277929 -2.321857 -0.094068 -3.694416 -2.020272 -4.618325 -5.687706 -5.508239 -5.883535 -3.791236 -3.826750 -3.469278 -4.880712 -5.652286 -5.501331 -4.280414 -6.191181 -5.307974 -5.928898 -2.008486 -9999.0 -9999.0 -9999.0 -9999.0 -9999.0
-9999.0 -9999.0 -9999.0 -9999.0 -9999.0 -9999.0 -9999.0 -9999.0 -9999.0 -9999.0 -0.976615 -1.508734 -0.100115 -3.896137 -0.507701 -4.043261 -5.186689 -4.628074 -3.694792 -0.014086 -0.093831 -1.906286 -4.638504 -3.101829 -4.705685 -2.521745 -6.068635 -6.052719 -4.431708 -4.482342 -5.432031 -6.118989 -6.898573 -8.540140 -11.073982 -10.431267 -7.738340 -4.646403 -3.590149 -0.665560 -0.098339 -4.628506 -5.553956 -4.402703 -5.810747 -6.468351 -3.887333 -5.310652 -4.973602 -4.851026 -3.451703 -6.000795 -5.916838 -6.188009 -5.676319 -0.203740 -0.146323 -9999.0 -9999.0 -9999.0 -9999.0 -9999.0
-9999.0 -9999.0 -9999.0 -9999.0 -9999.0 -9999.0 -9999.0 -9999.0 -9999.0 -5.202607 -0.947641 -0.999478 -4.358730 -1.140753 -0.072229 -4.543387 -4.771637 -2.106588 -3.454573 -0.004118 -0.004895 -4.299862 -3.886432 -1.803590 -2.558278 -5.923897 -4.510501 -4.280039 -4.938799 -4.819002 -4.707971 -6.746980 -8.955959 -9.936220 -8.648827 -9.384135 -9.573720 -9.324168 -9.746808 -7.796904 -2.976231 -7.782079 -7.340413 -0.319188 -4.732058 -5.410045 -5.116361 -5.421200 -3.570629 -4.120047 -2.002124 -3.446418 -6.615054 -4.951733 -3.063156 -1.498006 -0.056664 -0.020699 -0.491858 -9999.0 -9999.0 -9999.0
-9999.0 -9999.0 -9999.0 -9999.0 -9999.0 -9999.0 -9999.0 -9999.0 -9999.0 -5.179193 -5.010223 -4.909281 -3.767077 -3.920608 -0.989108 -0.345592 -0.045961 -4.267259 -2.526785 -0.000645 -0.000660 -0.000365 -2.712725 -2.481985 -5.669382 -4.656845 -4.841941 -4.353040 -1.550745 -4.512520 -5.668878 -5.366611 -7.314776 -6.823261 -7.835140 -8.223795 -9.034245 -8.621291 -9.412312 -8.051338 -6.537562 -8.111232 -6.010409 -5.179992 -0.107915 -0.004510 -0.006128 -3.886145 -4.734710 -4.441231 -3.334210 -2.055149 -4.891566 -4.361183 -5.705494 -0.953481 -0.451627 -0.024924 -0.011973 -9999.0 -9999.0 -9999.0
-9999.0 -9999.0 -9999.0 -9999.0 -9999.0 -9999.0 -9999.0 -9999.0 -9999.0 -9999.0 -4.813162 -4.651497 -3.871288 -4.059885 -4.179173 -1.464758 -1.791124 -3.072641 -0.298520 -0.000543 -0.314885 -3.662895 -1.696463 -3.471805 -4.431554 -4.663072 -2.984089 -0.008049 -5.134451 -6.258030 -6.661687 -3.390551 -7.347111 -7.716398 -6.642565 -6.041662 -6.438218 -7.122101 -8.367622 -8.831432 -9.240466 -6.145724 -6.287294 -5.989036 -6.686842 -6.641504 -5.118135 -3.302107 -0.002220 -3.945552 -2.308437 -0.312020 -2.794161 -4.524136 -3.430323 -4.816088 -2.238952 -3.589413 -3.458933 -2.989523 -9999.0 -9999.0
-9999.0 -9999.0 -9999.0 -9999.0 -9999.0 -9999.0 -9999.0 -9999.0 -9999.0 -9999.0 -4.799017 -4.755447 -4.000219 -1.683426 -0.042083 -3.952275 -3.520084 -3.226945 -0.001093 -0.003228 -0.003406 -4.111337 -4.671700 -5.338601 -4.839926 -2.003665 -0.002734 -4.331935 -5.273395 -7.765486 -7.245991 -4.866718 -6.121567 -7.732847 -7.445598 -6.894228 -5.873377 -5.866035 -6.103757 -7.664885 -5.506019 -5.606112 -5.475327 -6.682620 -1.496960 -4.992708 -3.880827 -5.822285 -0.009955 -0.060451 -3.950333 -0.226223 -0.060007 -2.645248 -4.044508 -1.947205 -4.914462 -0.393691 -1.902736 -0.005326 -9999.0 -9999.0
-9999.0 -9999.0 -9999.0 -9999.0 -9999.0 -9999.0 -9999.0 -9999.0 -0.050525 -0.143252 -4.410281 -4.102250 -4.322972 -3.908129 -2.049547 -0.105016 -0.024206 -0.000049 -0.004090 -0.003710 -0.004896 -0.003890 -1.457663 -4.275072 -3.093311 -0.005528 -0.592683 -5.691829 -4.665070 -6.270199 -8.597786 -6.953807 -6.172469 -6.101321 -5.229371 -8.025739 -4.788562 -5.121738 -6.186547 -5.930394 -6.774796 -6.205824 -7.375729 -7.856913 -4.203028 -2.354916 -6.023946 -1.833630 -5.134168 -0.015848 -3.760141 -3.412840 -0.164507 -3.328296 -1.747528 -0.035179 -0.026911 -0.041992 -2.720213 -0.000841 -9999.0 -9999.0
-9999.0 -9999.0 -9999.0 -9999.0 -9999.0 -9999.0 -9999.0 -9999.0 -5.338357 -0.428505 -2.836064 -6.344080 -5.439437 -3.829025 -1.925330 -3.584761 -2.646154 -2.936981 0.086082 0.500850 2.600879 1.245299 -0.002848 -0.000465 -0.004616 -0.003564 -1.506231 -4.508653 -6.629979 -4.808081 -4.856123 -4.813380 -4.399186 -5.339696 -3.086279 -3.035063 -3.924225 -4.598788 -4.759709 -4.078253 -6.424495 -8.440228 -7.110621 -3.183466 -2.475398 -3.088268 -6.265098 -5.549964 -4.448418 -3.161259 -0.058918 -4.052566 -0.172049 -0.090619 -2.802280 -4.215542 -4.336142 -3.381553 -0.001453 0.029864 1.239943 -9999.0
-9999.0 -9999.0 -9999.0 -9999.0 -9999.0 -9999.0 -9999.0 -9999.0 -5.479344 -3.918629 -0.085502 -4.676096 -2.352790 -6.031391 -1.096678 -4.586031 -2.170084 -0.288378 0.047046 1.957023 1.192286 1.561731 1.495892 -0.003725 0.710009 -2.203000 -4.104560 -4.742317 -5.318012 -3.957644 -4.761156 -3.054512 -3.416028 -4.101576 -1.605619 -3.550648 -3.793737 -4.549725 -4.179912 -3.876044 -4.398628 -4.710039 -1.478447 -4.313867 -4.700999 -4.919646 -3.220604 -0.774760 -3.712567 -4.885306 -0.000438 -2.051538 -4.421551 -2.505335 -2.871514 -2.026275 -0.097719 -0.000539 -0.000050 -0.000006 0.363540 -9999.0
-9999.0 -9999.0 -9999.0 -9999.0 -9999.0 -9999.0 -9999.0 -9999.0 -7.309798 -3.945561 -2.085909 -2.387604 -0.038768 -1.121871 -3.962658 -3.267418 -0.199694 0.046459 -0.004130 0.176372 -0.001728 1.117756 1.829614 0.807828 -2.019334 -2.968109 -1.575319 -3.527090 -3.381823 -4.669422 -3.294349 -2.915080 -4.900053 -4.846479 -4.084386 -3.083597 -2.375869 -3.435452 -3.036552 -2.534820 -3.105279 -1.056378 -0.619830 -2.943708 -0.864153 -2.934652 -0.152013 -1.375718 -0.077228 -4.186971 -3.200158 -0.000396 -0.608230 -0.577745 -0.061407 -0.020053 -0.000384 -0.000305 1.052309 0.184300 -0.000317 -0.740347
-9999.0 -9999.0 -9999.0 -9999.0 -9999.0 -9999.0 -9999.0 -9999.0 -4.349782 -2.861308 -0.236911 -3.457228 -3.488179 -3.556358 -0.031174 -0.006511 -1.331424 -4.125137 -3.864344 -3.048433 -0.004484 0.129155 0.113135 -0.000634 -0.036140 -3.781563 -4.892488 -4.243096 -3.596985 -3.862028 -3.378401 -3.485488 -2.430236 -3.889470 -3.701824 -3.321653 -3.864098 -1.936737 -2.403658 -3.133122 -3.145382 -3.885046 -4.279463 -4.536445 -2.762438 -0.464136 -4.302610 -4.208591 -4.712424 -2.610751 -0.716343 -0.012906 -0.000391 -0.005235 -0.000601 -0.000362 -0.000050 -0.000032 -0.000064 -0.000351 -0.692036 -0.036347
-9999.0 -9999.0 -3.306424 -2.148353 -3.276207 -1.708523 -0.859485 -1.733015 -2.356002 -2.601089 -2.483803 -2.779675 -2.799613 -1.335081 -0.000065 -1.169066 -4.944655 -4.705333 -4.025789 -2.838000 -2.947914 0.427100 0.001383 -0.000529 -0.000586 -2.794108 -3.457598 -4.000110 -2.478432 -0.557849 -4.818251 -3.846199 -0.038741 -3.246475 -1.940464 -2.800804 -0.590287 -0.007360 -1.161934 -3.778398 -3.231949 -2.271901 -2.941291 -3.178969 -4.693836 -4.462803 -2.469734 -3.233565 -0.136655 -0.000779 -0.000456 -0.000359 -0.000049 -0.000160 -0.000377 -0.000072 -0.003080 -0.002306 -0.554658 -2.228010 -0.026800 -0.018390
-9999.0 -0.988764 -1.859854 -0.654319 -0.726510 -0.092288 -3.236778 -3.861721 -3.975372 -4.455324 -3.032757 -0.079093 -1.561875 -0.009242 -0.809510 -1.471414 -3.945488 -3.743596 -1.194880 -3.670665 -2.082451 -0.002882 -0.000077 0.000521 0.000001 -0.000330 0.000299 -0.000315 -0.002357 -0.109924 -0.355661 -1.875281 -1.132345 -0.000072 -0.004215 -0.001785 -0.000107 1.781254 0.024601 -0.003458 -0.005732 -0.003278 -0.005013 -2.390116 -0.975511 -2.270191 -0.004543 -0.005001 -0.000439 -0.000543 -0.000067 -0.000281 -0.003854 -0.020849 -0.021524 -1.385921 -1.448545 -0.895183 -0.422906 -0.251458 -0.020370 -0.017615
-9999.0 -3.035134 -2.853532 -3.593564 -2.706466 -2.741363 -2.002410 -1.743510 -1.842777 -2.307628 -0.540191 -2.601120 -1.773139 -0.783692 -2.615655 -3.718217 -4.273888 -3.702695 -3.537563 -3.583315 -1.204462 -1.796310 -0.004359 -0.000471 1.307280 2.828661 0.620145 -0.001279 -0.000011 0.229371 0.559618 -0.003415 -0.001093 -0.000912 0.008170 1.225438 4.321219 7.066765 2.132536 1.906279 1.539873 0.962597 -0.000072 -0.002944 0.752288 1.561514 1.850442 1.755195 -0.000051 -0.000056 -0.000829 -3.393536 -1.379424 -1.039691 -3.466605 -0.591403 -0.862888 -0.576394 -0.757252 -0.111163 -0.041147 -9999.0
