user2019/resources/simulation/Vinschgau/output-maps/TsL0002N0388.asc
ncols         63
nrows         48
xllcorner     598000.000000
yllcorner     5145000.000000
cellsize      1000.000000
NODATA_value  -9999.0
[rows 0 to 27 of 48, columns 0 to 62 of 63]
-9999.0 -9999.0 -9999.0 -9999.0 -9999.0 -9999.0 -9999.0 -9999.0 -9999.0 -9999.0 -9999.0 -9999.0 -9999.0 -9999.0 -9999.0 -9999.0 -9999.0 -9999.0 -9999.0 -9999.0 -9999.0 -9999.0 -9999.0 -9999.0 -9999.0 -9999.0 -9999.0 -9999.0 -9999.0 -9999.0 -9999.0 -9999.0 -9999.0 -9999.0 -9999.0 -9999.0 -9999.0 -9999.0 -9999.0 -9999.0 -9999.0 -9999.0 -9999.0 -9999.0 -9999.0 -9999.0 -9999.0 -9999.0 -9999.0 -9999.0 -9999.0 -9999.0 -9999.0 -9999.0 -9999.0 -9999.0 -9999.0 -9999.0 -9999.0 -9999.0 -9999.0 -9999.0 -9999.0
-9999.0 -9999.0 -9999.0 -9999.0 -9999.0 -9999.0 -9999.0 -9999.0 -9999.0 -9999.0 -9999.0 -9999.0 -9999.0 -9999.0 -9999.0 -9999.0 -9999.0 -9999.0 -9999.0 -9999.0 -9999.0 -9999.0 -9999.0 -9999.0 -9999.0 -9999.0 -9999.0 10.353666 10.076184 10.175896 -0.730839 -0.268935 -0.364730 -9999.0 -9999.0 -9999.0 -9999.0 -9999.0 -9999.0 -9999.0 -9999.0 -9999.0 -9999.0 -9999.0 -9999.0 -9999.0 -9999.0 -9999.0 -9999.0 -9999.0 -9999.0 -9999.0 -9999.0 -9999.0 -9999.0 -9999.0 -9999.0 -9999.0 -9999.0 -9999.0 -9999.0 -9999.0 -9999.0
-9999.0 -9999.0 -9999.0 -9999.0 -9999.0 -9999.0 -9999.0 -9999.0 -9999.0 -9999.0 -9999.0 -9999.0 -9999.0 -9999.0 -9999.0 -9999.0 -9999.0 -9999.0 -9999.0 -9999.0 -9999.0 -9999.0 -9999.0 -9999.0 12.323513 12.966475 12.138401 10.164384 10.469249 9.443515 -0.866156 -9999.0 -9999.0 -9999.0 -9999.0 -9999.0 -9999.0 -9999.0 -9999.0 -9999.0 -9999.0 -9999.0 -9999.0 -9999.0 -9999.0 -9999.0 -9999.0 -9999.0 -9999.0 -9999.0 -9999.0 -9999.0 -9999.0 -9999.0 -9999.0 -9999.0 -9999.0 -9999.0 -9999.0 -9999.0 -9999.0 -9999.0 -9999.0
-9999.0 -9999.0 -9999.0 -9999.0 -9999.0 -9999.0 -9999.0 -9999.0 -9999.0 -9999.0 -9999.0 -9999.0 -9999.0 -9999.0 -9999.0 -9999.0 -9999.0 -9999.0 -9999.0 -9999.0 -9999.0 -9999.0 -9999.0 12.714258 12.261130 7.283208 7.636649 7.824690 4.893015 9.947187 9.274242 -0.567324 -9999.0 -9999.0 -9999.0 -9999.0 -9999.0 -9999.0 -9999.0 -9999.0 -9999.0 -9999.0 -9999.0 -9999.0 -9999.0 -9999.0 -9999.0 -9999.0 -9999.0 -9999.0 -9999.0 -9999.0 -9999.0 -9999.0 -9999.0 -9999.0 -9999.0 -9999.0 -9999.0 -9999.0 -9999.0 -9999.0 -9999.0
-9999.0 -9999.0 -9999.0 -9999.0 -9999.0 -9999.0 -9999.0 -9999.0 -9999.0 -9999.0 -9999.0 -9999.0 -9999.0 -9999.0 -9999.0 -9999.0 -9999.0 -9999.0 14.898432 11.972463 -9999.0 12.567756 12.311373 7.450269 7.229604 8.566698 10.133129 10.177127 7.844952 6.122937 9.364425 8.948621 9.483567 -1.114872 -9999.0 -9999.0 -9999.0 -9999.0 -9999.0 -9999.0 -9999.0 -9999.0 -9999.0 -9999.0 -9999.0 -9999.0 -9999.0 -9999.0 -9999.0 -9999.0 -9999.0 -9999.0 -9999.0 -9999.0 -9999.0 -9999.0 -9999.0 -9999.0 -9999.0 -9999.0 -9999.0 -9999.0 -9999.0
-9999.0 -9999.0 -9999.0 -9999.0 -9999.0 -9999.0 -9999.0 -9999.0 -9999.0 -9999.0 -9999.0 -9999.0 -9999.0 -9999.0 -9999.0 -9999.0 -9999.0 6.273647 5.401775 8.411543 12.819509 3.388698 6.202483 6.611254 12.590788 -0.001598 -0.022161 0.731733 -0.021968 3.450214 11.131150 9.464144 10.334678 9.434789 -0.759605 -1.546582 -9999.0 -9999.0 -9999.0 -9999.0 -9999.0 -9999.0 -9999.0 -9999.0 -9999.0 -9999.0 -9999.0 -9999.0 -9999.0 -9999.0 -9999.0 -9999.0 -9999.0 -9999.0 -9999.0 -9999.0 -9999.0 -9999.0 -9999.0 -9999.0 -9999.0 -9999.0 -9999.0
-9999.0 -9999.0 -9999.0 -9999.0 -9999.0 -9999.0 -9999.0 -9999.0 -9999.0 -9999.0 -9999.0 -9999.0 -9999.0 10.207778 4.359447 3.850211 5.623854 21.763628 6.055122 7.322883 7.439291 7.913238 10.123224 11.928319 -0.002940 -0.387733 -0.701654 -0.082952 -0.431291 -0.129349 2.373061 -0.459877 -0.503175 -1.682075 -2.129082 -2.148116 -9999.0 -9999.0 -9999.0 -9999.0 -9999.0 -9999.0 -9999.0 -9999.0 -9999.0 -9999.0 -9999.0 -9999.0 -9999.0 -9999.0 -9999.0 -9999.0 -9999.0 -9999.0 -9999.0 -9999.0 -9999.0 -9999.0 -9999.0 -9999.0 -9999.0 -9999.0 -9999.0
-9999.0 -9999.0 -9999.0 -9999.0 -9999.0 -9999.0 -9999.0 -9999.0 -9999.0 -9999.0 -9999.0 -9999.0 -9999.0 11.527933 6.081060 4.137863 4.350966 17.272534 21.633488 10.681727 6.898202 10.256181 4.378809 2.366082 4.711302 3.391058 10.309739 -0.615300 -0.267215 -0.380858 -0.780482 -1.362882 -1.606231 -0.769857 -1.790997 -9999.0 -9999.0 -9999.0 -9999.0 -9999.0 -9999.0 -9999.0 -9999.0 -9999.0 -9999.0 -9999.0 -9999.0 -9999.0 -9999.0 -9999.0 -9999.0 -9999.0 -9999.0 -9999.0 -9999.0 -9999.0 -9999.0 -9999.0 -9999.0 -9999.0 -9999.0 -9999.0 -9999.0
-9999.0 -9999.0 -9999.0 -9999.0 -9999.0 -9999.0 -9999.0 -9999.0 -9999.0 -9999.0 -9999.0 -9999.0 -9999.0 5.265278 11.432228 4.415888 1.904141 4.613322 22.350231 6.561689 11.948329 3.795756 1.933167 -0.001572 5.057120 4.099651 9.561256 -0.926580 10.392316 -0.061730 -1.696828 -0.828726 -0.511995 -4.998167 -1.330397 -9999.0 -9999.0 -9999.0 -9999.0 -9999.0 -9999.0 -9999.0 -9999.0 -9999.0 -9999.0 -9999.0 -9999.0 -9999.0 -9999.0 -9999.0 -9999.0 -9999.0 -9999.0 -9999.0 -9999.0 -9999.0 -9999.0 -9999.0 -9999.0 -9999.0 -9999.0 -9999.0 -9999.0
-9999.0 -9999.0 -9999.0 -9999.0 -9999.0 -9999.0 -9999.0 -9999.0 -9999.0 -9999.0 -9999.0 -9999.0 4.680272 8.391083 2.966444 1.937163 -0.003155 3.320713 18.895120 10.373542 5.214275 -0.787358 2.592008 -0.312202 3.078875 -1.268275 -0.635279 -0.551611 8.521987 -1.316561 -0.145491 8.443165 6.327986 -3.301907 -9999.0 -9999.0 -9999.0 -9999.0 -9999.0 -9999.0 -9999.0 -9999.0 -9999.0 -9999.0 -9999.0 -9999.0 -9999.0 -9999.0 -9999.0 -9999.0 -9999.0 -9999.0 -9999.0 -9999.0 -9999.0 -9999.0 -9999.0 -9999.0 -9999.0 -9999.0 -9999.0 -9999.0 -9999.0
-9999.0 -9999.0 -9999.0 -9999.0 -9999.0 -9999.0 -9999.0 -9999.0 -9999.0 -9999.0 -9999.0 -0.287478 2.557499 2.654685 -0.001132 -0.313693 -0.072849 1.816566 17.462098 7.150937 3.836112 4.813551 8.267583 -0.416628 3.660519 3.330743 -0.083644 9.407529 7.387438 -0.787660 -0.658337 10.203021 7.529117 -1.127133 8.067709 9.312506 15.075012 15.217951 15.696835 -9999.0 -9999.0 -9999.0 -0.822519 -9999.0 -9999.0 -9999.0 -9999.0 -9999.0 -9999.0 -9999.0 -9999.0 -9999.0 -9999.0 -9999.0 -9999.0 -9999.0 -9999.0 -9999.0 -9999.0 -9999.0 -9999.0 -9999.0 -9999.0
-9999.0 -9999.0 -9999.0 -9999.0 -9999.0 -9999.0 -9999.0 -9999.0 -9999.0 -9999.0 -9999.0 -0.503257 -0.056386 3.038704 1.334806 -0.210746 4.538994 4.264558 18.367456 13.091369 15.089937 10.240901 9.619329 -0.005818 -0.002678 -0.372257 11.611042 10.359729 8.263410 -2.146925 9.805907 7.800802 8.545679 -0.533180 8.761478 8.445191 10.324930 16.226721 15.857044 15.017550 14.415495 12.737954 9.136456 6.686925 -9999.0 -9999.0 -9999.0 -0.121019 -0.490257 -0.762622 -0.408953 -0.453121 -0.064227 -0.008575 -0.007848 -0.007666 -9999.0 -9999.0 -9999.0 -9999.0 -9999.0 -9999.0 -9999.0
-9999.0 -9999.0 -9999.0 -9999.0 -9999.0 -9999.0 -9999.0 -9999.0 -9999.0 -9999.0 -9999.0 4.805317 -0.176363 -0.000398 4.716691 6.725195 -0.001426 1.710800 12.610243 13.059839 3.673189 1.503779 1.696967 9.279263 -0.304295 13.618067 2.651868 -0.000863 -0.878475 -0.955049 -0.593928 -0.003742 8.814360 4.392395 9.384695 9.234342 -0.001509 7.484316 16.742781 13.347811 14.280328 12.319420 10.267581 9.048477 1.432663 -9999.0 -0.036361 -0.287750 9.775225 9.798664 10.781923 10.542535 9.612841 10.142719 9.589359 -0.058198 -9999.0 -9999.0 -9999.0 -9999.0 -9999.0 -9999.0 -9999.0
-9999.0 -9999.0 -9999.0 -9999.0 -9999.0 -9999.0 -9999.0 -9999.0 -9999.0 -9999.0 -9999.0 -9999.0 -0.457057 -0.004048 10.743592 9.799050 -0.006261 2.290145 15.498762 12.944878 4.184780 2.937975 2.668491 2.161236 -0.002822 2.339476 12.575572 -0.319751 -0.401839 8.611466 9.643102 -0.003215 8.733302 8.340745 -0.724077 7.359165 -0.005259 7.182694 22.471092 13.989365 15.448993 17.503583 2.574762 9.975513 9.334126 6.156196 -0.630892 -0.613252 -0.004358 4.327843 5.197651 -0.305360 3.463285 -0.020939 -0.006546 -0.006754 -0.008612 -9999.0 -9999.0 -9999.0 -9999.0 -9999.0 -9999.0
-9999.0 -9999.0 -9999.0 -9999.0 -9999.0 -9999.0 -9999.0 -9999.0 -9999.0 -9999.0 -9999.0 -0.004560 -0.024140 -0.296524 0.828606 0.975720 3.069690 2.038541 17.498884 5.773016 4.762794 4.045113 1.997419 1.809023 2.452038 2.110052 1.059115 -0.500583 11.992944 10.762916 2.810846 3.756380 11.269995 7.384605 -1.032447 8.135045 9.317370 2.916244 4.406529 21.757595 7.394745 7.967157 5.093036 4.134322 9.809804 7.137544 9.632683 10.241387 10.815294 6.267275 -0.319188 -0.010037 -0.007529 -0.013676 -0.012494 -0.018643 -0.007505 -9999.0 -9999.0 -9999.0 -9999.0 -9999.0 -9999.0
-9999.0 -9999.0 -9999.0 -9999.0 -9999.0 -9999.0 -9999.0 -9999.0 -9999.0 -9999.0 8.737484 0.575305 10.836035 10.057834 11.720891 3.976813 1.760022 2.285689 5.701496 6.417609 13.814349 10.977324 2.140553 16.839504 3.626984 1.495556 -0.002789 0.790053 12.801428 11.015197 2.801978 1.983317 6.974404 -0.574844 -3.568072 9.117657 11.840594 -0.020480 -0.035039 6.725799 7.477573 7.171565 16.089213 3.067907 3.270527 10.535808 10.261130 4.367594 5.322349 4.543874 -0.003105 -0.012627 -0.013783 -0.015061 -0.012845 1.914113 1.587224 -9999.0 -9999.0 -9999.0 -9999.0 -9999.0 -9999.0
-9999.0 -9999.0 -9999.0 -9999.0 -9999.0 -9999.0 -9999.0 -9999.0 -9999.0 -0.293014 -0.281306 0.462116 2.185784 -0.003377 1.736111 1.258708 -0.158274 14.422720 6.239798 7.187262 14.679085 1.894189 1.072135 1.082320 0.672628 0.074614 0.940056 15.754332 2.574357 3.162958 5.915411 -0.008733 -1.212688 -0.958273 1.529820 7.708454 8.122585 -0.020598 -0.012560 2.356217 2.040958 0.257270 1.508522 4.808089 4.156986 5.152536 16.573581 6.536023 6.212954 5.518172 1.613749 -0.573437 -0.018376 -0.010164 -0.007989 -0.060679 -0.001735 9.510306 -0.245743 -9999.0 -9999.0 -9999.0 -9999.0
-9999.0 -9999.0 -9999.0 -9999.0 -9999.0 -9999.0 -9999.0 -9999.0 -9999.0 -0.604480 -0.281813 -0.282075 15.483214 2.839715 2.659481 2.136941 10.951748 1.124162 7.246653 20.339364 18.909566 18.995590 11.393665 10.550637 1.385673 3.386364 3.070533 3.578812 8.632501 9.164842 8.522406 -0.007821 -0.002324 -0.534235 10.013047 15.643649 15.506445 14.597547 7.013123 8.546202 -0.002543 -0.325726 5.130065 5.882940 4.704541 8.026032 8.503579 8.552008 8.144856 5.537031 -0.004631 -0.009367 -0.009544 -0.007260 -0.010870 -0.005795 1.200673 2.224705 12.837379 -9999.0 -9999.0 -9999.0 -9999.0
-9999.0 -9999.0 -9999.0 -9999.0 -9999.0 -9999.0 -9999.0 -9999.0 -9999.0 -9999.0 -0.474410 8.269269 1.590696 3.682580 4.426624 2.834300 2.406518 8.669289 8.206073 11.123419 15.523152 6.114967 0.709078 1.999516 3.542140 3.973130 1.043384 8.546961 8.986655 -0.002254 -0.004273 -0.000684 -0.662954 -0.345253 9.847299 12.939010 13.145462 10.558739 10.820865 -0.600543 -0.269146 12.049899 12.557227 2.704992 1.700463 2.526444 3.888858 12.059381 9.155616 6.551811 1.694017 1.692314 -0.768657 -0.008970 -0.007728 -0.006973 -0.030199 0.856492 0.893045 1.125571 -9999.0 -9999.0 -9999.0
-9999.0 -9999.0 -9999.0 -9999.0 -9999.0 -9999.0 -9999.0 -9999.0 -9999.0 -9999.0 -0.527777 -0.304072 -0.276044 1.053283 15.237639 4.604420 4.803647 6.745293 9.482947 11.824600 7.601913 5.633319 2.292987 4.053259 3.822336 10.276516 9.537182 5.031252 0.922088 -0.626539 -0.281802 10.339188 0.627745 -0.626376 -0.387338 -0.207297 4.935651 4.174522 -0.002953 -0.921816 8.574398 11.837652 -0.002594 -0.340038 8.227166 -0.000874 3.981602 3.487774 6.072148 9.448429 7.126104 2.060417 -0.004149 -0.418296 -0.133609 -0.582231 -0.007638 1.107986 8.149535 10.321490 -9999.0 -9999.0 -9999.0
-9999.0 -9999.0 -9999.0 -9999.0 -9999.0 -9999.0 -9999.0 -9999.0 11.656613 10.850194 10.114789 1.563404 1.187236 1.560156 0.885622 6.049249 7.459599 21.096525 14.076965 13.157360 9.523280 7.931401 6.637480 1.039449 1.413119 9.210788 12.641116 1.559866 -0.001019 -0.005982 -0.020240 -0.397503 -0.360017 -0.580110 7.013077 -0.052276 14.432627 3.705791 -0.131869 5.838689 -0.562248 -0.297368 -0.445100 -0.017312 10.945227 13.098553 -0.418194 2.540816 4.415194 9.097195 7.784613 0.978873 1.871868 -0.205569 11.207458 13.968758 13.891710 16.688745 10.467277 9.911076 -9999.0 -9999.0 -9999.0
-9999.0 -9999.0 -9999.0 -9999.0 -9999.0 -9999.0 -9999.0 -9999.0 1.363351 2.347500 1.072258 -0.052228 -0.395257 1.815655 2.667414 4.784085 6.137361 6.764164 10.038268 14.030237 25.874230 21.936327 19.901629 17.494767 8.170775 8.713415 6.323785 1.861931 -0.001321 8.701348 3.555576 10.926911 8.959647 9.210768 8.989628 10.107293 15.175876 4.922032 1.484673 8.876938 -0.068289 -0.047870 -0.104989 9.768212 14.436653 -0.001377 -0.400362 -0.331003 0.592930 6.670789 9.767521 0.721337 -0.003907 13.770477 16.284942 1.168191 1.058390 9.356936 12.410958 13.887196 15.423072 -9999.0 -9999.0
-9999.0 -9999.0 -9999.0 -9999.0 -9999.0 -9999.0 -9999.0 -9999.0 -0.302067 12.988995 9.457458 0.400450 12.474028 -0.114269 2.169534 4.095306 6.402202 11.026208 10.592959 25.055264 14.367888 22.460997 22.264202 13.296499 19.197332 7.581236 5.394778 1.214948 1.692618 10.145412 10.672277 13.559769 -0.001351 2.037576 12.359969 15.437909 1.713629 5.304356 -0.001224 1.174646 -0.374442 -0.702633 6.640764 -0.311413 -0.394029 -0.421255 8.877340 10.703804 -0.093296 4.789078 8.764550 9.270663 0.838277 0.741875 9.472157 0.797768 11.409706 12.078640 13.813253 13.457009 13.853861 -9999.0 -9999.0
-9999.0 -9999.0 -9999.0 -9999.0 -9999.0 -9999.0 -9999.0 -9999.0 -0.104138 11.844367 1.590902 1.637968 13.328004 3.070343 0.755378 6.905979 9.664376 9.553335 13.632647 10.105275 13.365466 14.048880 21.982668 20.875888 7.896587 5.618576 1.539729 1.349037 16.689094 2.558250 1.835157 2.375877 1.873546 0.669041 2.115365 17.098284 19.157382 6.835175 3.147171 -0.000849 9.677283 12.439157 12.601097 13.903754 11.707085 12.679267 12.760709 14.111272 16.484383 1.775783 5.816463 10.417633 10.824136 0.789271 12.189011 12.683635 13.329806 11.122649 11.788418 13.584324 11.533780 8.366770 -9999.0
-9999.0 -9999.0 -9999.0 -9999.0 -9999.0 -9999.0 -9999.0 -9999.0 -0.425221 12.006189 1.816312 2.610607 0.974574 0.903149 17.329661 11.359373 12.005933 6.902485 5.229168 7.138502 9.399688 13.348821 13.768349 13.113542 17.911235 5.413627 2.140310 3.567516 1.029846 0.690345 2.781709 0.709421 8.772716 0.733558 1.700842 2.535917 0.920253 8.326810 7.213711 0.807550 0.796536 2.564711 0.796580 1.698488 2.198713 16.723101 2.027498 0.979020 1.366245 10.036023 12.619874 10.589982 11.204858 14.084121 13.804887 13.309587 13.862906 13.618712 12.342173 11.767723 9.170236 7.559124 -9999.0
-9999.0 -9999.0 11.432008 12.208980 1.179364 2.822701 1.230840 1.401921 10.428153 11.273166 2.299561 6.101999 6.602806 10.155450 18.728376 7.573873 5.388832 1.815250 2.233608 5.405484 7.611631 9.483653 12.159408 10.922866 10.951590 7.625467 5.911316 6.281722 7.228861 14.019557 1.056646 5.187584 15.149754 5.855507 9.522790 7.575573 12.060206 9.941406 8.610565 6.539509 9.209465 9.194975 6.512224 8.401051 4.356707 0.847272 9.254933 5.905988 11.030195 12.633474 14.089229 13.850469 13.955143 14.010370 13.668258 22.469719 12.061433 11.654042 10.683843 8.505922 12.510423 6.628217 -9999.0
-9999.0 4.624503 3.735838 3.111353 4.323464 3.398085 1.620822 -0.003598 -0.007862 -0.223951 2.177783 1.477036 7.652590 16.161722 14.207759 0.784300 1.587933 1.372136 3.472653 6.058679 8.423472 8.756790 16.566344 10.088876 21.507462 13.112018 20.604772 20.971894 10.858141 9.402509 10.849448 10.496789 9.831230 16.899945 12.219290 13.503309 14.765962 12.825106 13.609647 12.787195 13.104198 11.744889 10.736673 7.665469 7.563739 7.854845 10.646892 9.794424 13.194420 10.158421 12.798488 12.739020 11.688357 11.364610 11.197193 10.730707 8.602130 8.195007 8.811070 11.449897 4.947908 5.397505 -9999.0
-9999.0 12.389427 1.724838 0.762966 14.956657 0.930328 0.014379 1.099409 11.764114 12.155704 2.594907 2.809457 8.043943 14.950463 6.792976 1.440294 -0.001212 3.204014 2.024580 5.897482 12.732576 8.207978 9.279974 11.070180 22.210485 26.088357 11.762513 14.656380 12.545185 10.254205 12.052693 11.346889 10.997196 10.968028 18.068788 13.680996 27.169531 29.478869 16.087660 16.403854 14.769189 13.147207 12.327225 11.208950 12.867774 12.924655 13.351134 13.451921 12.287772 12.401233 10.364257 8.291552 8.324389 9.632505 9.058809 6.156671 6.164986 0.757260 0.717204 0.714429 0.886398 -9999.0 -9999.0
