user2019/resources/simulation/Vinschgau/output-maps/TsL0007N1161.asc
ncols         63
nrows         48
xllcorner     598000.000000
yllcorner     5145000.000000
cellsize      1000.000000
NODATA_value  -9999.0
[rows 0 to 27 of 48, columns 0 to 62 of 63]
-9999.0 -9999.0 -9999.0 -9999.0 -9999.0 -9999.0 -9999.0 -9999.0 -9999.0 -9999.0 -9999.0 -9999.0 -9999.0 -9999.0 -9999.0 -9999.0 -9999.0 -9999.0 -9999.0 -9999.0 -9999.0 -9999.0 -9999.0 -9999.0 -9999.0 -9999.0 -9999.0 -9999.0 -9999.0 -9999.0 -9999.0 -9999.0 -9999.0 -9999.0 -9999.0 -9999.0 -9999.0 -9999.0 -9999.0 -9999.0 -9999.0 -9999.0 -9999.0 -9999.0 -9999.0 -9999.0 -9999.0 -9999.0 -9999.0 -9999.0 -9999.0 -9999.0 -9999.0 -9999.0 -9999.0 -9999.0 -9999.0 -9999.0 -9999.0 -9999.0 -9999.0 -9999.0 -9999.0
-9999.0 -9999.0 -9999.0 -9999.0 -9999.0 -9999.0 -9999.0 -9999.0 -9999.0 -9999.0 -9999.0 -9999.0 -9999.0 -9999.0 -9999.0 -9999.0 -9999.0 -9999.0 -9999.0 -9999.0 -9999.0 -9999.0 -9999.0 -9999.0 -9999.0 -9999.0 -9999.0 0.903695 -0.033546 1.208693 -0.102858 -0.071514 -0.476578 -9999.0 -9999.0 -9999.0 -9999.0 -9999.0 -9999.0 -9999.0 -9999.0 -9999.0 -9999.0 -9999.0 -9999.0 -9999.0 -9999.0 -9999.0 -9999.0 -9999.0 -9999.0 -9999.0 -9999.0 -9999.0 -9999.0 -9999.0 -9999.0 -9999.0 -9999.0 -9999.0 -9999.0 -9999.0 -9999.0
-9999.0 -9999.0 -9999.0 -9999.0 -9999.0 -9999.0 -9999.0 -9999.0 -9999.0 -9999.0 -9999.0 -9999.0 -9999.0 -9999.0 -9999.0 -9999.0 -9999.0 -9999.0 -9999.0 -9999.0 -9999.0 -9999.0 -9999.0 -9999.0 -0.028237 -0.025885 -0.026199 -0.026138 -0.035334 -0.044058 -0.057320 -9999.0 -9999.0 -9999.0 -9999.0 -9999.0 -9999.0 -9999.0 -9999.0 -9999.0 -9999.0 -9999.0 -9999.0 -9999.0 -9999.0 -9999.0 -9999.0 -9999.0 -9999.0 -9999.0 -9999.0 -9999.0 -9999.0 -9999.0 -9999.0 -9999.0 -9999.0 -9999.0 -9999.0 -9999.0 -9999.0 -9999.0 -9999.0
-9999.0 -9999.0 -9999.0 -9999.0 -9999.0 -9999.0 -9999.0 -9999.0 -9999.0 -9999.0 -9999.0 -9999.0 -9999.0 -9999.0 -9999.0 -9999.0 -9999.0 -9999.0 -9999.0 -9999.0 -9999.0 -9999.0 -9999.0 -0.023843 -0.001450 3.162380 3.598033 3.922171 3.116506 -0.001637 -0.050769 -0.083499 -9999.0 -9999.0 -9999.0 -9999.0 -9999.0 -9999.0 -9999.0 -9999.0 -9999.0 -9999.0 -9999.0 -9999.0 -9999.0 -9999.0 -9999.0 -9999.0 -9999.0 -9999.0 -9999.0 -9999.0 -9999.0 -9999.0 -9999.0 -9999.0 -9999.0 -9999.0 -9999.0 -9999.0 -9999.0 -9999.0 -9999.0
-9999.0 -9999.0 -9999.0 -9999.0 -9999.0 -9999.0 -9999.0 -9999.0 -9999.0 -9999.0 -9999.0 -9999.0 -9999.0 -9999.0 -9999.0 -9999.0 -9999.0 -9999.0 5.622656 -0.000721 -9999.0 -0.002788 -0.000964 3.177411 3.004886 4.218736 3.889459 3.938018 2.232997 -0.003378 -0.005180 -0.052177 -0.011746 -0.013073 -9999.0 -9999.0 -9999.0 -9999.0 -9999.0 -9999.0 -9999.0 -9999.0 -9999.0 -9999.0 -9999.0 -9999.0 -9999.0 -9999.0 -9999.0 -9999.0 -9999.0 -9999.0 -9999.0 -9999.0 -9999.0 -9999.0 -9999.0 -9999.0 -9999.0 -9999.0 -9999.0 -9999.0 -9999.0
-9999.0 -9999.0 -9999.0 -9999.0 -9999.0 -9999.0 -9999.0 -9999.0 -9999.0 -9999.0 -9999.0 -9999.0 -9999.0 -9999.0 -9999.0 -9999.0 -9999.0 5.242399 3.894455 4.527377 4.500569 -0.002973 -0.003085 2.320434 4.359673 -0.003075 -0.095420 -0.002247 -0.013271 1.872173 -0.000265 -0.003605 1.343694 0.846375 -0.014093 -0.017865 -9999.0 -9999.0 -9999.0 -9999.0 -9999.0 -9999.0 -9999.0 -9999.0 -9999.0 -9999.0 -9999.0 -9999.0 -9999.0 -9999.0 -9999.0 -9999.0 -9999.0 -9999.0 -9999.0 -9999.0 -9999.0 -9999.0 -9999.0 -9999.0 -9999.0 -9999.0 -9999.0
-9999.0 -9999.0 -9999.0 -9999.0 -9999.0 -9999.0 -9999.0 -9999.0 -9999.0 -9999.0 -9999.0 -9999.0 -9999.0 3.406367 2.311202 3.539377 4.923364 11.668734 4.976995 3.902512 3.423681 2.595196 3.909477 4.421093 -0.002123 -0.000778 -0.119841 -0.425044 -0.067658 -0.002670 -0.429160 -0.030384 -0.043357 -0.089824 -0.009033 -0.042606 -9999.0 -9999.0 -9999.0 -9999.0 -9999.0 -9999.0 -9999.0 -9999.0 -9999.0 -9999.0 -9999.0 -9999.0 -9999.0 -9999.0 -9999.0 -9999.0 -9999.0 -9999.0 -9999.0 -9999.0 -9999.0 -9999.0 -9999.0 -9999.0 -9999.0 -9999.0 -9999.0
-9999.0 -9999.0 -9999.0 -9999.0 -9999.0 -9999.0 -9999.0 -9999.0 -9999.0 -9999.0 -9999.0 -9999.0 -9999.0 4.799380 4.675291 4.261336 4.114529 10.015015 11.774493 5.503550 4.140800 6.832112 2.706372 1.165788 1.714584 -0.011080 -0.025632 1.100081 0.627422 -0.255745 -0.493488 -0.041457 -0.007797 -4.467759 -0.058437 -9999.0 -9999.0 -9999.0 -9999.0 -9999.0 -9999.0 -9999.0 -9999.0 -9999.0 -9999.0 -9999.0 -9999.0 -9999.0 -9999.0 -9999.0 -9999.0 -9999.0 -9999.0 -9999.0 -9999.0 -9999.0 -9999.0 -9999.0 -9999.0 -9999.0 -9999.0 -9999.0 -9999.0
-9999.0 -9999.0 -9999.0 -9999.0 -9999.0 -9999.0 -9999.0 -9999.0 -9999.0 -9999.0 -9999.0 -9999.0 -9999.0 4.792204 4.806558 5.943083 3.901357 4.606397 12.158270 4.966016 7.682677 3.274323 -0.003069 -0.003043 1.612201 0.627588 2.160695 0.256633 -0.063845 -3.950858 -0.051846 -4.551654 -4.655450 -6.494865 -0.067136 -9999.0 -9999.0 -9999.0 -9999.0 -9999.0 -9999.0 -9999.0 -9999.0 -9999.0 -9999.0 -9999.0 -9999.0 -9999.0 -9999.0 -9999.0 -9999.0 -9999.0 -9999.0 -9999.0 -9999.0 -9999.0 -9999.0 -9999.0 -9999.0 -9999.0 -9999.0 -9999.0 -9999.0
-9999.0 -9999.0 -9999.0 -9999.0 -9999.0 -9999.0 -9999.0 -9999.0 -9999.0 -9999.0 -9999.0 -9999.0 3.531206 4.314905 5.624263 3.432219 2.436440 4.145821 10.933411 6.202485 3.512807 -0.003056 -0.040485 -0.030036 -0.512429 -0.026984 -1.662833 -0.051153 -0.092161 -0.013684 -4.351889 -0.012556 -0.102986 -0.030595 -9999.0 -9999.0 -9999.0 -9999.0 -9999.0 -9999.0 -9999.0 -9999.0 -9999.0 -9999.0 -9999.0 -9999.0 -9999.0 -9999.0 -9999.0 -9999.0 -9999.0 -9999.0 -9999.0 -9999.0 -9999.0 -9999.0 -9999.0 -9999.0 -9999.0 -9999.0 -9999.0 -9999.0 -9999.0
-9999.0 -9999.0 -9999.0 -9999.0 -9999.0 -9999.0 -9999.0 -9999.0 -9999.0 -9999.0 -9999.0 1.740461 4.589311 2.605451 5.094386 6.268089 5.518617 4.464202 10.177124 7.720557 2.923240 2.415740 1.171751 -0.008238 -0.150141 -0.036085 -0.053175 -0.046893 -0.080457 -0.062245 -0.012227 -0.042958 0.588771 -0.013100 -0.013067 0.753171 -0.055610 -0.033346 -0.067176 -9999.0 -9999.0 -9999.0 -0.015441 -9999.0 -9999.0 -9999.0 -9999.0 -9999.0 -9999.0 -9999.0 -9999.0 -9999.0 -9999.0 -9999.0 -9999.0 -9999.0 -9999.0 -9999.0 -9999.0 -9999.0 -9999.0 -9999.0 -9999.0
-9999.0 -9999.0 -9999.0 -9999.0 -9999.0 -9999.0 -9999.0 -9999.0 -9999.0 -9999.0 -9999.0 1.589521 4.544195 6.355355 6.053638 5.283094 7.449893 5.040557 10.714516 7.767162 7.211569 4.116647 -0.001485 -1.552951 -2.242490 -0.037903 -0.038521 -0.043097 1.231116 -0.014601 -0.047406 -0.040237 -0.063061 -0.179585 -0.083471 -0.048028 -0.028980 1.024221 -0.004644 -0.011562 -0.008690 -0.014082 -0.057000 -0.007599 -9999.0 -9999.0 -9999.0 -0.283745 -0.305031 -0.080508 -0.308302 -0.338591 -0.319184 -0.579270 -0.849363 -0.363110 -9999.0 -9999.0 -9999.0 -9999.0 -9999.0 -9999.0 -9999.0
-9999.0 -9999.0 -9999.0 -9999.0 -9999.0 -9999.0 -9999.0 -9999.0 -9999.0 -9999.0 -9999.0 1.495765 1.665030 0.640728 5.907123 6.135404 2.249036 4.020348 9.401772 7.809067 2.293138 -0.006169 -0.268463 -0.026598 -0.034096 0.940802 -1.486989 -2.135112 0.803008 -0.077077 0.596559 -2.586749 -0.037313 -0.090967 -0.008782 -0.046128 -1.773640 -1.386773 1.415923 0.635657 -0.041300 -0.056777 -0.053049 -0.045508 -0.144986 -9999.0 -0.083260 -0.212996 -0.075111 -0.046575 -0.026908 1.254029 -0.042397 -0.056746 -0.108667 -0.124171 -9999.0 -9999.0 -9999.0 -9999.0 -9999.0 -9999.0 -9999.0
-9999.0 -9999.0 -9999.0 -9999.0 -9999.0 -9999.0 -9999.0 -9999.0 -9999.0 -9999.0 -9999.0 -9999.0 1.649021 -0.040651 4.565691 5.038898 0.765526 3.063019 9.927688 7.601445 2.310913 0.554448 -0.240292 -0.596377 -1.459703 -0.631691 -0.003205 -0.004359 -0.062435 -0.006271 -0.041559 -2.383926 -0.005814 -0.130047 -0.119520 -0.052358 -1.469354 -1.263516 4.035566 0.924889 1.041531 1.853987 -0.620817 -0.024017 0.498383 -0.144414 -0.074584 -0.108998 -2.363092 -0.482950 -0.009492 -2.277610 -2.344168 -2.908073 -3.474982 -0.149970 -0.110087 -9999.0 -9999.0 -9999.0 -9999.0 -9999.0 -9999.0
-9999.0 -9999.0 -9999.0 -9999.0 -9999.0 -9999.0 -9999.0 -9999.0 -9999.0 -9999.0 -9999.0 -0.401866 -0.001152 3.781109 -0.072509 -0.001368 1.638259 2.339875 9.439086 4.269879 2.624072 0.626359 -0.003497 -0.378856 -0.374721 -1.147045 -0.526548 -0.047069 -0.052018 1.066616 -1.509176 -1.580598 -0.005035 -0.078547 -0.092214 -0.084721 -0.033093 -0.326475 -0.008040 3.258441 -0.118778 -0.026411 -0.295984 -0.080405 1.131229 -0.046567 -0.067877 1.084042 1.844498 -0.016126 -1.755482 -0.046750 -3.835821 -3.624478 -4.218470 -4.865818 -0.031573 -9999.0 -9999.0 -9999.0 -9999.0 -9999.0 -9999.0
-9999.0 -9999.0 -9999.0 -9999.0 -9999.0 -9999.0 -9999.0 -9999.0 -9999.0 -9999.0 -0.010565 -0.221083 -0.001024 -0.000491 1.677747 -0.028313 -0.029858 -0.002695 3.464961 3.912258 5.401689 4.052680 -0.403808 1.236049 -0.002320 -0.852607 -1.492790 -2.698682 -0.002343 -0.001188 -1.044119 -1.138074 -0.002752 -0.063958 -0.033515 0.621344 -0.005861 -0.457449 -0.304091 0.627755 0.776047 2.000243 6.947557 0.819474 -0.028632 1.097169 -0.026508 -0.396724 -0.509938 -0.001186 -3.854402 -0.099688 -4.566284 -5.099664 -5.319383 -0.054558 -0.074130 -9999.0 -9999.0 -9999.0 -9999.0 -9999.0 -9999.0
-9999.0 -9999.0 -9999.0 -9999.0 -9999.0 -9999.0 -9999.0 -9999.0 -9999.0 -0.032819 -0.017854 -0.119778 -0.090426 -0.123028 -0.440678 -0.166514 -0.029312 4.558627 3.399499 3.989852 5.877074 0.791116 0.140300 0.940929 -0.001730 -1.038799 -1.293235 0.724347 -0.181210 -0.038364 -0.001005 -1.238645 0.743682 -0.244864 -0.008188 0.599660 -0.024732 -1.342039 -1.332024 -0.328755 -0.691561 -0.351703 -0.323395 1.551763 0.858332 -0.024126 2.153535 -0.177272 -0.168681 -0.000487 -1.474620 -0.056880 -5.406264 -0.934795 -0.535430 -2.998873 -3.277546 -0.009827 -0.285756 -9999.0 -9999.0 -9999.0 -9999.0
-9999.0 -9999.0 -9999.0 -9999.0 -9999.0 -9999.0 -9999.0 -9999.0 -9999.0 -0.027045 -0.028766 1.022168 2.550924 -0.001343 -0.031827 -0.134502 1.373270 1.018084 3.974682 7.274296 6.731514 6.767603 4.321033 2.726615 -0.654884 -0.531225 -0.234891 -0.001425 0.912830 2.753215 1.011142 -1.612981 -0.043485 -0.073448 -0.094406 0.572684 0.862096 1.353556 -0.030923 -0.002720 -1.910535 -0.737038 -0.077638 1.156301 2.390241 2.460967 2.152880 0.867694 -0.019290 0.247814 -2.498294 -3.777360 -1.155133 -1.352861 -1.447199 -4.256136 -2.497815 -2.685674 0.828311 -9999.0 -9999.0 -9999.0 -9999.0
-9999.0 -9999.0 -9999.0 -9999.0 -9999.0 -9999.0 -9999.0 -9999.0 -9999.0 -9999.0 -0.041749 -0.004113 -0.065266 -0.240325 -0.009263 -0.028848 -0.001242 2.078665 4.769666 5.184914 6.708918 2.601376 -0.001945 -0.393716 -0.356758 -0.029868 0.327189 1.423050 0.994799 -1.178884 -1.515484 -1.974088 -2.071346 -0.068965 -0.059335 -0.010637 -0.002486 -0.004607 0.874718 -0.047143 -0.041602 -0.002911 1.167954 -0.030269 -0.002213 -0.002070 1.430930 4.629330 3.032332 0.227814 -1.460218 -3.142602 -0.667083 -1.233926 -1.388036 -0.775164 -0.083240 -0.847081 -0.597562 -0.002096 -9999.0 -9999.0 -9999.0
-9999.0 -9999.0 -9999.0 -9999.0 -9999.0 -9999.0 -9999.0 -9999.0 -9999.0 -9999.0 -0.088848 -0.028713 -0.002891 -0.028869 3.580692 -0.003675 -0.003022 2.482620 5.166205 6.121977 3.312340 1.392964 -0.002478 -0.048754 -0.013303 0.998240 2.086628 -0.002166 -0.868471 -1.802332 -0.037328 -0.044648 -3.490046 -0.070908 -0.038394 -0.025671 -0.767602 -0.422408 -1.567535 -0.053298 -0.050286 1.904757 -0.384836 -0.001685 -0.007327 -0.300403 -0.001007 -0.002219 2.704203 2.607134 -0.010393 -1.420465 -2.535346 -0.360117 -1.763473 -1.214409 -0.202567 -0.334601 0.941141 2.282733 -9999.0 -9999.0 -9999.0
-9999.0 -9999.0 -9999.0 -9999.0 -9999.0 -9999.0 -9999.0 -9999.0 -0.038903 -0.043368 -0.055752 -0.049134 -1.879802 -0.267787 -0.048593 1.489942 2.812525 7.623223 6.186535 6.598753 5.052116 3.965464 3.024857 1.235780 0.698604 1.811709 3.823222 -0.424391 -1.470371 -1.711594 -4.002935 -0.042327 -0.042844 -0.063259 -0.069066 -0.027546 1.851687 -0.210655 -2.104997 0.646510 1.132091 -0.009566 -1.696023 0.793961 2.496056 -0.001270 -1.931314 -0.132621 -0.002244 2.623388 0.553994 -2.065794 -3.388953 -4.229531 -0.995059 -0.093844 -0.004957 -0.000866 1.027085 4.018347 -9999.0 -9999.0 -9999.0
-9999.0 -9999.0 -9999.0 -9999.0 -9999.0 -9999.0 -9999.0 -9999.0 -2.199916 -2.272261 -1.291601 -0.053641 -0.027736 -1.324786 -0.522639 -0.002092 1.814460 2.409005 5.454517 7.120685 10.818904 9.609603 9.158056 8.500589 3.282660 3.189554 0.747629 -0.186169 -2.800382 -0.053196 -0.082793 0.793084 -0.043882 0.913054 -0.034825 -0.006270 3.791482 -0.028017 -0.198350 -0.004274 -0.039704 -2.735178 0.980044 -0.002617 -0.022926 -1.038589 -2.164902 -0.018788 -0.102380 1.394802 2.180893 -0.032837 -3.854865 -0.147273 -0.032093 -1.533671 -0.287975 -0.015173 2.937732 5.460628 6.955435 -9999.0 -9999.0
-9999.0 -9999.0 -9999.0 -9999.0 -9999.0 -9999.0 -9999.0 -9999.0 -0.038647 -0.027418 -0.054942 -2.044988 -0.056761 -1.527158 -0.205299 -0.416034 0.090033 3.320437 5.370210 10.563915 7.580359 9.982760 10.066039 6.160835 7.466382 3.131043 0.257924 -0.820562 -3.616501 -0.040007 0.995480 -0.024186 -1.494807 -1.553990 -0.001814 1.758961 -0.018177 1.521440 -0.046431 -0.376001 -0.021215 1.167121 -0.027219 -0.034916 -1.442046 -0.029206 0.592150 -0.041898 -1.309504 -0.001758 2.460615 0.392529 -2.175412 -3.665753 -0.776958 -0.211502 1.404333 2.767812 5.318051 5.746565 6.268949 -9999.0 -9999.0
-9999.0 -9999.0 -9999.0 -9999.0 -9999.0 -9999.0 -9999.0 -9999.0 -0.074319 -0.012392 -1.591647 -3.574353 -0.030408 -1.021867 -0.711573 0.096752 3.918418 5.163380 7.272370 5.622076 6.988142 7.354231 9.542519 8.860718 3.527273 0.925960 -0.002140 -1.557441 -0.002707 -0.591425 -0.249306 -0.279883 -0.010846 -0.112018 -0.040718 1.826994 5.057918 3.980890 0.581951 -0.021537 0.917076 0.789827 -0.001019 2.441922 -0.030957 1.103342 -0.001947 1.321048 -0.027945 -0.260596 -0.001847 2.123965 0.643084 -0.237497 0.969602 1.937674 3.584933 4.592723 5.586190 5.990604 4.959124 2.535182 -9999.0
-9999.0 -9999.0 -9999.0 -9999.0 -9999.0 -9999.0 -9999.0 -9999.0 -0.440270 -0.049701 -1.468021 -1.170114 -0.392177 -0.328319 2.911186 2.548711 5.102306 2.332708 0.667007 2.794817 4.674481 6.720286 6.974661 6.688286 6.709197 -0.003655 -0.679753 -0.014539 -0.001242 -0.039765 -0.356118 -0.000999 2.435733 1.509643 0.541870 1.608683 3.429266 5.979473 5.399401 2.375176 0.905787 0.532880 0.223963 -0.008226 -0.206276 1.204518 -0.071063 -0.340133 -0.064780 -0.002553 1.814916 1.595388 1.854307 2.106532 2.686607 3.058272 3.737299 4.575301 5.236348 5.255183 4.097880 1.926228 -9999.0
-9999.0 -9999.0 -0.013777 -0.030034 -2.644318 -1.496247 -2.266844 -3.334320 -0.074825 -0.061925 -1.614062 -0.305663 -0.115121 -0.024731 4.136728 1.875489 -0.002056 -0.819745 -0.101934 -0.002304 2.666031 5.357963 5.732321 6.089496 4.757783 1.948763 -0.003606 -0.003142 2.296438 3.956241 -0.002184 0.569741 6.002505 3.299148 4.364727 4.539681 7.435377 8.267501 7.183724 4.507476 5.126992 4.742723 4.108089 2.752506 -0.002001 -0.003362 1.852893 1.341742 2.706716 3.656894 4.840603 4.119962 3.435505 2.960968 2.868233 6.823774 3.520278 3.943002 3.650577 3.417942 4.841647 1.159636 -9999.0
-9999.0 -0.268308 -0.392387 -1.422977 -0.646005 -1.076484 -0.837637 -1.440343 -2.398857 -0.062116 -1.431338 -0.476516 -0.001007 3.217550 3.216368 -0.325690 -0.668826 -1.500962 -0.480152 -0.002280 2.347724 4.183499 6.645000 4.745809 8.242703 4.571771 6.257086 6.383089 5.171637 3.335106 3.653518 3.839734 5.400259 8.852851 8.111800 9.197331 10.983765 11.176632 10.992957 9.154047 8.653641 8.510550 7.702074 4.737786 3.440179 3.837923 4.702550 5.872260 6.933171 5.969620 4.942585 4.068832 3.301374 2.530050 2.460821 1.960666 0.742515 1.094119 1.746727 3.530450 0.427946 0.955603 -9999.0
-9999.0 1.308579 -0.077288 -0.105338 -0.005605 -0.241999 -2.099674 -1.950506 -0.071486 -0.068197 -1.189418 -0.846221 -0.001931 3.318342 -0.085934 -3.051540 -1.302817 -1.430228 -0.576683 -0.005569 3.905685 1.839936 2.914083 3.108574 7.642741 9.008832 5.413489 6.512772 6.228027 6.363273 6.517768 6.287581 7.168727 8.126101 11.791362 11.210748 16.732040 17.813871 13.990388 12.924066 12.171343 11.100814 10.217277 8.018509 7.908092 7.777260 8.002239 7.626363 6.951197 6.033369 4.087093 1.888553 0.863638 1.397460 0.644426 -0.002359 -0.226897 -0.002855 -0.001877 -0.004677 -0.002001 -9999.0 -9999.0
