user2019/resources/simulation/Vinschgau/output-maps/TsL0006N0372.asc
ncols         63
nrows         48
xllcorner     598000.000000
yllcorner     5145000.000000
cellsize      1000.000000
NODATA_value  -9999.0
[rows 0 to 27 of 48, columns 0 to 62 of 63]
-9999.0 -9999.0 -9999.0 -9999.0 -9999.0 -9999.0 -9999.0 -9999.0 -9999.0 -9999.0 -9999.0 -9999.0 -9999.0 -9999.0 -9999.0 -9999.0 -9999.0 -9999.0 -9999.0 -9999.0 -9999.0 -9999.0 -9999.0 -9999.0 -9999.0 -9999.0 -9999.0 -9999.0 -9999.0 -9999.0 -9999.0 -9999.0 -9999.0 -9999.0 -9999.0 -9999.0 -9999.0 -9999.0 -9999.0 -9999.0 -9999.0 -9999.0 -9999.0 -9999.0 -9999.0 -9999.0 -9999.0 -9999.0 -9999.0 -9999.0 -9999.0 -9999.0 -9999.0 -9999.0 -9999.0 -9999.0 -9999.0 -9999.0 -9999.0 -9999.0 -9999.0 -9999.0 -9999.0
-9999.0 -9999.0 -9999.0 -9999.0 -9999.0 -9999.0 -9999.0 -9999.0 -9999.0 -9999.0 -9999.0 -9999.0 -9999.0 -9999.0 -9999.0 -9999.0 -9999.0 -9999.0 -9999.0 -9999.0 -9999.0 -9999.0 -9999.0 -9999.0 -9999.0 -9999.0 -9999.0 -2.690878 -3.051466 -0.006616 -0.732585 -0.379915 -0.313020 -9999.0 -9999.0 -9999.0 -9999.0 -9999.0 -9999.0 -9999.0 -9999.0 -9999.0 -9999.0 -9999.0 -9999.0 -9999.0 -9999.0 -9999.0 -9999.0 -9999.0 -9999.0 -9999.0 -9999.0 -9999.0 -9999.0 -9999.0 -9999.0 -9999.0 -9999.0 -9999.0 -9999.0 -9999.0 -9999.0
-9999.0 -9999.0 -9999.0 -9999.0 -9999.0 -9999.0 -9999.0 -9999.0 -9999.0 -9999.0 -9999.0 -9999.0 -9999.0 -9999.0 -9999.0 -9999.0 -9999.0 -9999.0 -9999.0 -9999.0 -9999.0 -9999.0 -9999.0 -9999.0 -2.931619 1.562081 3.556797 2.594269 2.383768 1.016437 -1.008153 -9999.0 -9999.0 -9999.0 -9999.0 -9999.0 -9999.0 -9999.0 -9999.0 -9999.0 -9999.0 -9999.0 -9999.0 -9999.0 -9999.0 -9999.0 -9999.0 -9999.0 -9999.0 -9999.0 -9999.0 -9999.0 -9999.0 -9999.0 -9999.0 -9999.0 -9999.0 -9999.0 -9999.0 -9999.0 -9999.0 -9999.0 -9999.0
-9999.0 -9999.0 -9999.0 -9999.0 -9999.0 -9999.0 -9999.0 -9999.0 -9999.0 -9999.0 -9999.0 -9999.0 -9999.0 -9999.0 -9999.0 -9999.0 -9999.0 -9999.0 -9999.0 -9999.0 -9999.0 -9999.0 -9999.0 -0.005745 3.010051 1.270705 2.182894 2.628204 1.505375 1.977396 -3.844344 -1.753749 -9999.0 -9999.0 -9999.0 -9999.0 -9999.0 -9999.0 -9999.0 -9999.0 -9999.0 -9999.0 -9999.0 -9999.0 -9999.0 -9999.0 -9999.0 -9999.0 -9999.0 -9999.0 -9999.0 -9999.0 -9999.0 -9999.0 -9999.0 -9999.0 -9999.0 -9999.0 -9999.0 -9999.0 -9999.0 -9999.0 -9999.0
-9999.0 -9999.0 -9999.0 -9999.0 -9999.0 -9999.0 -9999.0 -9999.0 -9999.0 -9999.0 -9999.0 -9999.0 -9999.0 -9999.0 -9999.0 -9999.0 -9999.0 -9999.0 4.847175 3.768349 -9999.0 -1.303323 3.426533 2.187302 2.012435 5.014403 1.806737 -0.002463 3.657973 1.126036 2.046978 -3.808632 -2.140776 -3.284869 -9999.0 -9999.0 -9999.0 -9999.0 -9999.0 -9999.0 -9999.0 -9999.0 -9999.0 -9999.0 -9999.0 -9999.0 -9999.0 -9999.0 -9999.0 -9999.0 -9999.0 -9999.0 -9999.0 -9999.0 -9999.0 -9999.0 -9999.0 -9999.0 -9999.0 -9999.0 -9999.0 -9999.0 -9999.0
-9999.0 -9999.0 -9999.0 -9999.0 -9999.0 -9999.0 -9999.0 -9999.0 -9999.0 -9999.0 -9999.0 -9999.0 -9999.0 -9999.0 -9999.0 -9999.0 -9999.0 1.870793 2.287114 4.402298 4.990584 -0.123328 0.269012 1.266866 5.803978 -0.163958 -1.791615 -1.752499 -2.097757 -0.056147 2.835428 1.935990 2.784730 -0.006491 -2.246007 -0.763547 -9999.0 -9999.0 -9999.0 -9999.0 -9999.0 -9999.0 -9999.0 -9999.0 -9999.0 -9999.0 -9999.0 -9999.0 -9999.0 -9999.0 -9999.0 -9999.0 -9999.0 -9999.0 -9999.0 -9999.0 -9999.0 -9999.0 -9999.0 -9999.0 -9999.0 -9999.0 -9999.0
-9999.0 -9999.0 -9999.0 -9999.0 -9999.0 -9999.0 -9999.0 -9999.0 -9999.0 -9999.0 -9999.0 -9999.0 -9999.0 -2.137451 -0.011288 -0.007085 -0.003990 12.391396 1.716157 3.154346 2.915370 3.223684 4.416634 6.746758 -0.233226 -1.197424 -0.623503 -1.301477 -0.354395 -1.318288 -1.707051 -1.756081 -1.880341 -1.239936 -1.400625 -1.755200 -9999.0 -9999.0 -9999.0 -9999.0 -9999.0 -9999.0 -9999.0 -9999.0 -9999.0 -9999.0 -9999.0 -9999.0 -9999.0 -9999.0 -9999.0 -9999.0 -9999.0 -9999.0 -9999.0 -9999.0 -9999.0 -9999.0 -9999.0 -9999.0 -9999.0 -9999.0 -9999.0
-9999.0 -9999.0 -9999.0 -9999.0 -9999.0 -9999.0 -9999.0 -9999.0 -9999.0 -9999.0 -9999.0 -9999.0 -9999.0 -0.009014 0.855058 -0.010350 -0.010581 5.720002 13.377082 3.858279 3.974840 3.596519 1.226811 -0.003073 -0.002249 -0.100195 -3.513510 -0.363126 -0.303332 -0.377928 -1.336216 -0.963883 -0.821573 -4.767133 -1.764339 -9999.0 -9999.0 -9999.0 -9999.0 -9999.0 -9999.0 -9999.0 -9999.0 -9999.0 -9999.0 -9999.0 -9999.0 -9999.0 -9999.0 -9999.0 -9999.0 -9999.0 -9999.0 -9999.0 -9999.0 -9999.0 -9999.0 -9999.0 -9999.0 -9999.0 -9999.0 -9999.0 -9999.0
-9999.0 -9999.0 -9999.0 -9999.0 -9999.0 -9999.0 -9999.0 -9999.0 -9999.0 -9999.0 -9999.0 -9999.0 -9999.0 1.477567 4.118149 -0.052519 -0.168435 -0.005677 13.184320 1.938832 3.586733 -2.026749 -0.362825 -1.657458 -1.010166 -2.095621 0.474919 -0.257339 -3.430871 -1.327113 -0.742446 -6.176008 -4.886028 -8.292924 -4.770977 -9999.0 -9999.0 -9999.0 -9999.0 -9999.0 -9999.0 -9999.0 -9999.0 -9999.0 -9999.0 -9999.0 -9999.0 -9999.0 -9999.0 -9999.0 -9999.0 -9999.0 -9999.0 -9999.0 -9999.0 -9999.0 -9999.0 -9999.0 -9999.0 -9999.0 -9999.0 -9999.0 -9999.0
-9999.0 -9999.0 -9999.0 -9999.0 -9999.0 -9999.0 -9999.0 -9999.0 -9999.0 -9999.0 -9999.0 -9999.0 -0.110203 3.600879 -0.154357 -2.212650 -0.494329 -0.010098 8.005475 6.110689 2.138980 -1.215857 -1.861046 -0.809537 -0.056515 -0.295354 -0.771824 -2.070940 0.483970 -0.343965 -2.748389 -3.209189 -4.653067 -2.071387 -9999.0 -9999.0 -9999.0 -9999.0 -9999.0 -9999.0 -9999.0 -9999.0 -9999.0 -9999.0 -9999.0 -9999.0 -9999.0 -9999.0 -9999.0 -9999.0 -9999.0 -9999.0 -9999.0 -9999.0 -9999.0 -9999.0 -9999.0 -9999.0 -9999.0 -9999.0 -9999.0 -9999.0 -9999.0
-9999.0 -9999.0 -9999.0 -9999.0 -9999.0 -9999.0 -9999.0 -9999.0 -9999.0 -9999.0 -9999.0 -1.250072 -0.525889 -0.017337 -2.128813 -1.044593 -1.660384 -0.047503 7.706446 4.147645 -0.060070 1.014119 -2.659587 -0.351772 -1.056025 -1.679885 -0.674018 -2.958322 -0.021469 -0.827284 -2.089375 2.015988 -3.776762 -3.563402 -4.723716 -0.010312 2.820133 5.147713 7.760846 -9999.0 -9999.0 -9999.0 -4.199331 -9999.0 -9999.0 -9999.0 -9999.0 -9999.0 -9999.0 -9999.0 -9999.0 -9999.0 -9999.0 -9999.0 -9999.0 -9999.0 -9999.0 -9999.0 -9999.0 -9999.0 -9999.0 -9999.0 -9999.0
-9999.0 -9999.0 -9999.0 -9999.0 -9999.0 -9999.0 -9999.0 -9999.0 -9999.0 -9999.0 -9999.0 -1.757932 -1.399072 -0.198861 -2.246587 -0.588824 -0.073162 -0.004181 7.319348 5.246533 5.766589 3.116493 -0.607754 -1.939982 -2.092739 -1.073071 -2.876370 1.726304 -2.573416 -0.659631 0.600586 1.850350 0.926409 -3.591165 -5.216770 0.846849 5.568451 9.400102 7.553088 7.308654 6.876878 -4.833456 1.072356 -4.021734 -9999.0 -9999.0 -9999.0 -0.025030 -0.073516 -0.318715 -0.253826 -0.050304 -0.051132 -0.016150 -0.008502 -0.051213 -9999.0 -9999.0 -9999.0 -9999.0 -9999.0 -9999.0 -9999.0
-9999.0 -9999.0 -9999.0 -9999.0 -9999.0 -9999.0 -9999.0 -9999.0 -9999.0 -9999.0 -9999.0 -2.097819 -0.343709 -1.318693 -2.019044 -2.178754 -0.340885 -0.047314 6.151647 5.578402 -0.001699 0.335819 -0.004035 -0.007171 -0.179253 -0.117912 -0.003001 -1.563542 -1.272367 -1.018750 -0.773258 -0.744742 1.906404 -4.894062 -1.203568 2.190131 -0.042183 1.051577 10.748714 7.762452 5.750340 3.093074 2.028497 1.588542 -3.525845 -9999.0 -0.197705 -1.010702 -3.059663 2.660095 3.514578 3.861214 2.943559 -0.082088 -1.252565 -0.022615 -9999.0 -9999.0 -9999.0 -9999.0 -9999.0 -9999.0 -9999.0
-9999.0 -9999.0 -9999.0 -9999.0 -9999.0 -9999.0 -9999.0 -9999.0 -9999.0 -9999.0 -9999.0 -9999.0 -0.191680 -2.033592 -0.088691 -2.478569 -0.837857 -0.012411 6.308023 5.585765 -0.001885 1.430333 1.299271 -0.001721 -1.586947 -0.006100 3.853035 -1.005051 -1.391677 -2.588644 -0.178829 -0.289339 1.800653 -1.192563 -4.159887 2.389586 -0.016065 0.743507 10.831354 8.107594 7.554893 10.831580 -0.007110 2.773570 0.086199 -3.024963 -1.955605 -0.610246 -2.412172 -0.001396 1.877497 -0.071979 -0.003038 -0.037362 -0.096825 -0.111619 -0.033012 -9999.0 -9999.0 -9999.0 -9999.0 -9999.0 -9999.0
-9999.0 -9999.0 -9999.0 -9999.0 -9999.0 -9999.0 -9999.0 -9999.0 -9999.0 -9999.0 -9999.0 -0.629161 -0.249194 -0.723609 -0.198086 -0.156818 -0.006664 -0.075809 7.062769 1.781266 -0.001309 -0.001785 -0.007718 -0.038386 -0.008121 0.972454 -0.180803 -0.209859 -3.051638 0.990760 -0.002909 -0.002344 2.596065 -4.578844 -3.807303 -0.003095 1.495408 -0.011853 -0.004631 11.590122 1.605844 2.553478 1.793614 1.201251 4.851941 -3.546975 0.244756 2.970694 2.760561 1.858868 -0.089564 -0.168381 -0.134092 -0.161745 -0.134105 -0.293800 -0.047177 -9999.0 -9999.0 -9999.0 -9999.0 -9999.0 -9999.0
-9999.0 -9999.0 -9999.0 -9999.0 -9999.0 -9999.0 -9999.0 -9999.0 -9999.0 -9999.0 -1.782763 -0.276855 -0.010685 -2.123839 -0.007945 -0.000298 -0.366453 -0.234049 2.530030 1.978753 4.906022 2.209122 -0.005403 5.970279 2.026404 -0.015505 -2.260177 -1.885788 3.189931 3.233716 0.625188 -0.226258 -2.464917 -3.065009 -2.848298 -2.280477 2.851098 -0.173208 -0.014969 2.828799 4.110767 3.654099 7.902285 -0.001782 -0.000811 1.808808 0.825286 -0.002542 1.390246 1.818603 -1.951688 -0.133401 -0.159405 -0.191457 -0.140938 -0.022963 -0.022746 -9999.0 -9999.0 -9999.0 -9999.0 -9999.0 -9999.0
-9999.0 -9999.0 -9999.0 -9999.0 -9999.0 -9999.0 -9999.0 -9999.0 -9999.0 -0.135353 -0.508008 -1.044229 -0.000279 -0.298932 -0.031472 -0.887340 -0.759837 4.924045 2.810999 3.471596 5.961071 2.014141 1.861353 3.624446 -0.003158 -0.559926 -0.010548 3.675864 1.380498 1.690689 2.365212 -1.222916 -0.822068 -1.073255 -3.205764 -3.622548 -0.291788 -0.185103 -0.811434 -0.002164 -0.002975 -0.342064 -0.047923 2.078237 -0.003748 1.132350 6.173713 1.438534 1.430992 1.238858 -0.008234 -0.055167 -0.282663 -0.083620 -0.054766 -0.056479 -1.112752 -0.954173 -0.038802 -9999.0 -9999.0 -9999.0 -9999.0
-9999.0 -9999.0 -9999.0 -9999.0 -9999.0 -9999.0 -9999.0 -9999.0 -9999.0 -0.434949 -0.133093 -0.720676 5.840119 1.400018 0.649801 -0.248527 4.291729 2.500231 3.603228 9.630437 8.743481 10.945015 3.985311 3.324944 -0.409639 0.382414 1.778586 2.329793 3.365552 1.362440 2.284601 -0.894005 -1.936612 -2.592294 0.331965 5.300694 5.370361 4.807670 -3.204949 -0.002979 -1.620876 -1.642860 1.250232 1.346836 1.413989 3.497998 4.662115 3.477753 2.438895 2.291212 -0.372804 -2.863636 -0.077245 -0.098910 -0.098126 -0.034287 -0.208371 0.691112 4.295418 -9999.0 -9999.0 -9999.0 -9999.0
-9999.0 -9999.0 -9999.0 -9999.0 -9999.0 -9999.0 -9999.0 -9999.0 -9999.0 -9999.0 -0.124313 -1.354003 -0.212540 -0.001476 2.267564 1.699064 2.024614 3.129840 4.610436 5.314874 5.743229 2.856180 0.616746 -0.031251 0.638372 2.255162 2.959666 4.402357 2.582980 -1.328108 -1.135835 -0.199123 -0.508456 -0.289167 2.528318 3.132760 4.469349 2.445270 -0.007621 -1.162097 -1.632824 3.724961 2.701684 -1.599941 -0.172495 -0.002205 -0.002546 2.527494 6.403845 2.922237 -0.077358 0.152031 -0.085217 -0.064537 -0.132439 -0.092733 -0.065340 3.684915 4.259995 3.527472 -9999.0 -9999.0 -9999.0
-9999.0 -9999.0 -9999.0 -9999.0 -9999.0 -9999.0 -9999.0 -9999.0 -9999.0 -9999.0 -0.158264 -0.513456 -0.474788 -0.050877 7.010336 1.797592 1.711469 2.951477 6.534155 7.034804 4.288480 2.375130 1.395393 1.833098 2.151244 3.725121 3.919123 -0.000314 -0.339405 -0.254729 -0.180815 -1.754718 -1.148172 -0.226478 -0.275834 -1.242942 0.567687 -0.002074 -0.524195 -0.510216 -2.340756 -0.050870 -1.602710 -0.177956 -0.920248 -0.862872 -0.329181 -0.005190 3.266353 6.401204 3.643455 0.556217 -0.183605 -0.049624 -0.059376 -0.045288 -0.118593 -0.027142 4.981597 4.792060 -9999.0 -9999.0 -9999.0
-9999.0 -9999.0 -9999.0 -9999.0 -9999.0 -9999.0 -9999.0 -9999.0 3.635682 2.313456 -2.170481 -0.582581 -1.026348 -0.302800 -0.060840 1.679261 4.137194 11.756369 9.286783 9.126550 7.730765 5.817441 3.800678 2.105775 2.973642 4.085722 4.611036 -0.137844 -0.273285 -1.950845 -0.368145 -0.192770 -0.916051 -0.178703 -1.601385 -0.655385 -1.912436 -0.000318 -2.280368 -2.296574 -0.369309 -0.530479 -0.128942 -0.286637 2.083533 -0.005086 -0.122390 -1.229360 -0.002302 3.809142 3.303586 1.409734 -0.015354 -0.064556 -1.312311 4.773948 4.463976 6.806654 5.916118 7.305929 -9999.0 -9999.0 -9999.0
-9999.0 -9999.0 -9999.0 -9999.0 -9999.0 -9999.0 -9999.0 -9999.0 -1.124789 0.426493 -0.065539 -0.155862 -0.114463 -0.148903 -0.107100 0.026219 2.587173 2.847920 7.310157 10.047013 15.948529 14.663037 12.551248 11.179686 4.956617 4.961290 1.394908 0.920028 -2.356603 -2.803232 -1.463125 0.624594 -2.417806 -1.950890 -2.310223 -0.006599 4.073514 1.310504 -0.083520 -2.938465 -0.166175 -2.024089 -0.130773 -2.512641 3.478017 -1.190040 -0.093572 -0.095759 -0.026759 2.906295 6.444609 3.274258 -0.038445 -0.002480 6.783043 4.451091 3.674991 5.059047 8.131110 10.390183 11.140556 -9999.0 -9999.0
-9999.0 -9999.0 -9999.0 -9999.0 -9999.0 -9999.0 -9999.0 -9999.0 -0.116243 1.647943 3.000595 -2.234429 2.023951 -0.510240 2.010224 1.069120 2.383996 5.561073 8.396317 14.141801 10.913629 14.577741 15.228740 9.465863 11.817907 3.533985 0.955483 -0.114121 -0.009610 2.320320 1.343531 3.335158 -0.221466 -0.140851 -0.033998 5.094170 -0.085607 1.619669 -0.186688 -1.248489 -0.228179 -0.189954 -0.962015 -0.174985 -0.106000 -0.106388 -1.871005 -1.550034 -0.082932 2.062543 4.436246 5.306958 1.345877 0.782412 5.422421 5.691541 7.291861 8.267002 9.729191 9.343267 10.387685 -9999.0 -9999.0
-9999.0 -9999.0 -9999.0 -9999.0 -9999.0 -9999.0 -9999.0 -9999.0 -0.127689 -0.024133 0.894289 -0.110999 3.546487 1.029839 2.099230 2.766956 6.429837 6.933243 4.937003 7.230261 8.832694 10.222536 14.110586 13.292292 3.642972 2.319224 0.311788 -0.004584 4.889560 1.364268 0.619627 0.985154 1.940902 1.616189 -0.146283 4.045249 4.467457 2.172034 -0.003509 -0.035296 -2.212866 -0.170974 0.860396 3.374922 -2.336465 -2.650249 2.986484 4.257943 4.313527 2.656052 2.964438 7.463427 6.924855 4.037259 7.877390 8.700927 9.678628 7.561450 9.384931 10.250896 7.343347 4.675939 -9999.0
-9999.0 -9999.0 -9999.0 -9999.0 -9999.0 -9999.0 -9999.0 -9999.0 -1.394073 -0.023497 -0.001506 -0.002610 1.698669 2.331547 9.216338 4.942833 4.831792 2.902234 1.070868 3.326829 6.152965 8.908253 9.645399 8.117490 10.379712 2.096821 0.587130 2.197257 2.853154 2.288796 -0.003538 1.924669 3.865182 1.994393 1.344095 1.847819 2.798316 3.682707 3.209980 1.801245 1.148186 1.424936 1.828275 1.475251 -0.028734 3.652632 1.596569 2.722150 2.945131 5.518356 7.706527 7.053320 8.118594 9.848970 9.974144 8.135951 10.175790 10.130363 8.361790 8.331140 6.424941 4.441998 -9999.0
-9999.0 -9999.0 1.339568 -0.004296 -1.101869 -0.025719 -0.006088 -0.045550 -0.012044 -1.670793 -0.002950 1.534734 2.666596 5.519569 11.972611 3.742147 1.978758 -0.543950 -0.128483 0.693857 3.733535 5.917748 8.517058 6.307783 4.899988 3.867428 2.123458 2.166902 2.510153 7.015895 1.309501 -0.000602 5.159830 1.931181 3.701974 2.315834 5.853060 5.584997 4.298943 1.754756 4.278486 4.347259 2.737770 2.731878 0.348446 2.362541 3.318669 1.466913 6.332734 7.669460 9.805622 8.472498 10.175868 10.028090 9.457663 13.450978 6.108735 6.788353 7.129517 5.893614 6.835883 3.849082 -9999.0
-9999.0 1.484244 0.869809 0.337666 0.423621 0.674131 -0.084388 -1.584301 -1.140753 -0.376687 -0.118626 1.034545 3.536733 9.508068 8.399525 1.995150 -0.020219 -0.979294 0.910454 2.200886 4.392044 5.276255 8.309187 6.961492 12.817370 7.995575 11.999398 11.588823 6.303120 3.653970 5.267787 4.489488 4.695191 9.106621 6.646216 6.739984 9.231264 8.157196 7.470417 6.171799 7.336992 6.925891 6.445577 2.929754 2.897167 3.458264 4.655304 6.062862 8.807045 6.180316 9.137812 8.832618 5.828260 5.821590 5.764053 5.129001 4.203791 4.045889 3.921380 4.593220 2.071609 3.288836 -9999.0
-9999.0 1.385850 1.878541 2.010361 5.080275 1.854610 -0.001962 -0.144112 0.499550 3.043681 -0.002481 1.726957 4.412960 8.782801 3.179450 -0.099753 -1.556508 -0.019675 2.262751 2.054842 4.062731 3.394128 4.171181 4.924724 12.400161 14.380559 9.043412 9.915125 8.428054 6.954464 8.747348 7.559785 5.882811 4.817779 10.322037 8.635139 14.934747 16.460529 10.776056 10.764963 9.502961 8.389564 8.410078 7.231248 9.291970 9.112726 9.783568 10.005125 8.888852 9.034835 4.986284 4.108200 4.043190 4.811198 5.570146 1.800735 3.218491 1.460163 1.277041 -0.016939 -0.008353 -9999.0 -9999.0
