user2019/resources/simulation/Vinschgau/output-maps/TsL0006N1039.asc
ncols         63
nrows         48
xllcorner     598000.000000
yllcorner     5145000.000000
cellsize      1000.000000
NODATA_value  -9999.0
[rows 0 to 27 of 48, columns 0 to 62 of 63]
-9999.0 -9999.0 -9999.0 -9999.0 -9999.0 -9999.0 -9999.0 -9999.0 -9999.0 -9999.0 -9999.0 -9999.0 -9999.0 -9999.0 -9999.0 -9999.0 -9999.0 -9999.0 -9999.0 -9999.0 -9999.0 -9999.0 -9999.0 -9999.0 -9999.0 -9999.0 -9999.0 -9999.0 -9999.0 -9999.0 -9999.0 -9999.0 -9999.0 -9999.0 -9999.0 -9999.0 -9999.0 -9999.0 -9999.0 -9999.0 -9999.0 -9999.0 -9999.0 -9999.0 -9999.0 -9999.0 -9999.0 -9999.0 -9999.0 -9999.0 -9999.0 -9999.0 -9999.0 -9999.0 -9999.0 -9999.0 -9999.0 -9999.0 -9999.0 -9999.0 -9999.0 -9999.0 -9999.0
-9999.0 -9999.0 -9999.0 -9999.0 -9999.0 -9999.0 -9999.0 -9999.0 -9999.0 -9999.0 -9999.0 -9999.0 -9999.0 -9999.0 -9999.0 -9999.0 -9999.0 -9999.0 -9999.0 -9999.0 -9999.0 -9999.0 -9999.0 -9999.0 -9999.0 -9999.0 -9999.0 -1.322132 -1.191799 -2.190952 -3.120555 -3.733173 -3.012981 -9999.0 -9999.0 -9999.0 -9999.0 -9999.0 -9999.0 -9999.0 -9999.0 -9999.0 -9999.0 -9999.0 -9999.0 -9999.0 -9999.0 -9999.0 -9999.0 -9999.0 -9999.0 -9999.0 -9999.0 -9999.0 -9999.0 -9999.0 -9999.0 -9999.0 -9999.0 -9999.0 -9999.0 -9999.0 -9999.0
-9999.0 -9999.0 -9999.0 -9999.0 -9999.0 -9999.0 -9999.0 -9999.0 -9999.0 -9999.0 -9999.0 -9999.0 -9999.0 -9999.0 -9999.0 -9999.0 -9999.0 -9999.0 -9999.0 -9999.0 -9999.0 -9999.0 -9999.0 -9999.0 -1.069954 -1.061014 -0.808235 -0.883875 -0.978514 -1.355340 -1.655219 -9999.0 -9999.0 -9999.0 -9999.0 -9999.0 -9999.0 -9999.0 -9999.0 -9999.0 -9999.0 -9999.0 -9999.0 -9999.0 -9999.0 -9999.0 -9999.0 -9999.0 -9999.0 -9999.0 -9999.0 -9999.0 -9999.0 -9999.0 -9999.0 -9999.0 -9999.0 -9999.0 -9999.0 -9999.0 -9999.0 -9999.0 -9999.0
-9999.0 -9999.0 -9999.0 -9999.0 -9999.0 -9999.0 -9999.0 -9999.0 -9999.0 -9999.0 -9999.0 -9999.0 -9999.0 -9999.0 -9999.0 -9999.0 -9999.0 -9999.0 -9999.0 -9999.0 -9999.0 -9999.0 -9999.0 -0.566649 -0.300062 1.203571 1.656065 2.100289 1.456596 -0.657756 -1.344070 -2.666576 -9999.0 -9999.0 -9999.0 -9999.0 -9999.0 -9999.0 -9999.0 -9999.0 -9999.0 -9999.0 -9999.0 -9999.0 -9999.0 -9999.0 -9999.0 -9999.0 -9999.0 -9999.0 -9999.0 -9999.0 -9999.0 -9999.0 -9999.0 -9999.0 -9999.0 -9999.0 -9999.0 -9999.0 -9999.0 -9999.0 -9999.0
-9999.0 -9999.0 -9999.0 -9999.0 -9999.0 -9999.0 -9999.0 -9999.0 -9999.0 -9999.0 -9999.0 -9999.0 -9999.0 -9999.0 -9999.0 -9999.0 -9999.0 -9999.0 2.571388 -0.091498 -9999.0 -0.324554 -0.160582 0.894270 1.278247 2.460798 1.533966 1.401735 0.964283 -0.004646 -1.198196 -1.289406 -2.865687 -2.977506 -9999.0 -9999.0 -9999.0 -9999.0 -9999.0 -9999.0 -9999.0 -9999.0 -9999.0 -9999.0 -9999.0 -9999.0 -9999.0 -9999.0 -9999.0 -9999.0 -9999.0 -9999.0 -9999.0 -9999.0 -9999.0 -9999.0 -9999.0 -9999.0 -9999.0 -9999.0 -9999.0 -9999.0 -9999.0
-9999.0 -9999.0 -9999.0 -9999.0 -9999.0 -9999.0 -9999.0 -9999.0 -9999.0 -9999.0 -9999.0 -9999.0 -9999.0 -9999.0 -9999.0 -9999.0 -9999.0 4.677484 3.257755 2.425238 -0.011640 -0.005696 -0.004231 -0.003794 1.844349 -0.003697 -0.560876 -0.006949 -0.038469 -0.002501 -0.184983 -1.302299 -1.765390 -2.749404 -3.290604 -4.246206 -9999.0 -9999.0 -9999.0 -9999.0 -9999.0 -9999.0 -9999.0 -9999.0 -9999.0 -9999.0 -9999.0 -9999.0 -9999.0 -9999.0 -9999.0 -9999.0 -9999.0 -9999.0 -9999.0 -9999.0 -9999.0 -9999.0 -9999.0 -9999.0 -9999.0 -9999.0 -9999.0
-9999.0 -9999.0 -9999.0 -9999.0 -9999.0 -9999.0 -9999.0 -9999.0 -9999.0 -9999.0 -9999.0 -9999.0 -9999.0 -0.042377 -0.002673 2.775262 4.268063 7.532485 4.329468 1.996278 1.373881 0.968518 1.588743 1.927497 -0.002677 -0.086919 -1.037318 -2.483769 -1.408273 -0.009346 -1.338226 -0.758403 -1.099696 -1.796507 -3.379628 -3.485846 -9999.0 -9999.0 -9999.0 -9999.0 -9999.0 -9999.0 -9999.0 -9999.0 -9999.0 -9999.0 -9999.0 -9999.0 -9999.0 -9999.0 -9999.0 -9999.0 -9999.0 -9999.0 -9999.0 -9999.0 -9999.0 -9999.0 -9999.0 -9999.0 -9999.0 -9999.0 -9999.0
-9999.0 -9999.0 -9999.0 -9999.0 -9999.0 -9999.0 -9999.0 -9999.0 -9999.0 -9999.0 -9999.0 -9999.0 -9999.0 -0.012922 2.397211 3.528155 3.504732 6.076663 7.615820 3.051094 3.419726 3.014651 1.591386 0.477625 -0.007410 -0.417279 -1.544016 -2.428411 -2.508708 -1.491449 -2.694415 -1.062682 -2.350296 -6.923197 -3.147381 -9999.0 -9999.0 -9999.0 -9999.0 -9999.0 -9999.0 -9999.0 -9999.0 -9999.0 -9999.0 -9999.0 -9999.0 -9999.0 -9999.0 -9999.0 -9999.0 -9999.0 -9999.0 -9999.0 -9999.0 -9999.0 -9999.0 -9999.0 -9999.0 -9999.0 -9999.0 -9999.0 -9999.0
-9999.0 -9999.0 -9999.0 -9999.0 -9999.0 -9999.0 -9999.0 -9999.0 -9999.0 -9999.0 -9999.0 -9999.0 -9999.0 2.103212 2.801433 3.499336 3.038481 3.853579 7.871840 4.278824 3.921525 0.970298 -0.003473 -0.005134 -0.003510 -0.003431 -0.892233 -2.748856 -2.015204 -6.068245 -1.899273 -7.423558 -7.679885 -10.257289 -3.887713 -9999.0 -9999.0 -9999.0 -9999.0 -9999.0 -9999.0 -9999.0 -9999.0 -9999.0 -9999.0 -9999.0 -9999.0 -9999.0 -9999.0 -9999.0 -9999.0 -9999.0 -9999.0 -9999.0 -9999.0 -9999.0 -9999.0 -9999.0 -9999.0 -9999.0 -9999.0 -9999.0 -9999.0
-9999.0 -9999.0 -9999.0 -9999.0 -9999.0 -9999.0 -9999.0 -9999.0 -9999.0 -9999.0 -9999.0 -9999.0 0.078714 1.973295 2.819739 1.185309 1.354093 3.335673 6.666770 4.186905 1.278825 -0.009211 -0.685545 -0.092060 -1.449637 -0.830788 -2.572025 -1.502282 -2.165452 -2.652658 -7.386037 -2.970599 -3.952677 -3.580120 -9999.0 -9999.0 -9999.0 -9999.0 -9999.0 -9999.0 -9999.0 -9999.0 -9999.0 -9999.0 -9999.0 -9999.0 -9999.0 -9999.0 -9999.0 -9999.0 -9999.0 -9999.0 -9999.0 -9999.0 -9999.0 -9999.0 -9999.0 -9999.0 -9999.0 -9999.0 -9999.0 -9999.0 -9999.0
-9999.0 -9999.0 -9999.0 -9999.0 -9999.0 -9999.0 -9999.0 -9999.0 -9999.0 -9999.0 -9999.0 -0.066288 2.007055 1.659706 2.158644 -0.002800 3.145459 3.482008 6.556385 4.514059 2.063889 0.696733 -0.156854 -0.924704 -1.458711 -1.704384 -1.764283 -1.090478 -1.980536 -3.323109 -3.075283 -2.067564 -3.357086 -3.563656 -3.574095 -3.060765 -1.587096 -1.218729 -2.484381 -9999.0 -9999.0 -9999.0 -3.743478 -9999.0 -9999.0 -9999.0 -9999.0 -9999.0 -9999.0 -9999.0 -9999.0 -9999.0 -9999.0 -9999.0 -9999.0 -9999.0 -9999.0 -9999.0 -9999.0 -9999.0 -9999.0 -9999.0 -9999.0
-9999.0 -9999.0 -9999.0 -9999.0 -9999.0 -9999.0 -9999.0 -9999.0 -9999.0 -9999.0 -9999.0 -0.079495 2.115709 3.594652 3.643242 -0.021569 5.425614 4.239589 6.717492 4.658534 3.901999 -0.014288 -0.234555 -1.772752 -3.307415 -1.110281 -0.995234 -1.620530 -1.992523 -3.016521 -2.805187 -1.172397 -1.888974 -4.354999 -2.697843 -1.048017 -1.110529 -0.931546 -1.658843 -3.275653 -3.995311 -3.101285 -3.021897 -2.810953 -9999.0 -9999.0 -9999.0 -3.667609 -5.033123 -4.229082 -4.270203 -3.690725 -4.048580 -3.863175 -5.372504 -3.997733 -9999.0 -9999.0 -9999.0 -9999.0 -9999.0 -9999.0 -9999.0
-9999.0 -9999.0 -9999.0 -9999.0 -9999.0 -9999.0 -9999.0 -9999.0 -9999.0 -9999.0 -9999.0 -0.293562 -0.048294 -0.088822 -0.005496 0.398614 0.949130 3.502073 5.283264 4.650761 1.718500 -0.003078 -1.434594 -0.891670 -1.004815 -1.082699 -1.292998 -2.980643 -2.803952 -2.700682 -2.733978 -3.456650 -1.767122 -2.612430 -3.271235 -1.580334 -2.605696 -2.177147 -0.104701 -1.772132 -2.374590 -1.661777 -1.739355 -1.220413 -4.144736 -9999.0 -3.852778 -4.446007 -3.093564 -0.757570 -1.481207 -1.914594 -1.033633 -1.372405 -3.499046 -3.451991 -9999.0 -9999.0 -9999.0 -9999.0 -9999.0 -9999.0 -9999.0
-9999.0 -9999.0 -9999.0 -9999.0 -9999.0 -9999.0 -9999.0 -9999.0 -9999.0 -9999.0 -9999.0 -9999.0 -0.177056 -0.567330 -0.016256 -0.012035 -0.004285 2.590660 6.206760 4.605024 1.639003 -0.003480 -1.214620 -2.539626 -2.164721 -1.030947 -0.272436 -0.916730 -3.175520 -3.134236 -1.015429 -3.240250 -0.753231 -3.444932 -3.945646 -1.152523 -2.105226 -2.023997 0.689828 -0.516658 -0.975506 -0.349306 -2.640004 -0.839492 -2.858413 -4.389014 -3.134852 -4.195503 -4.016846 -2.700030 -0.094123 -3.122717 -3.167156 -3.774044 -4.333885 -3.326515 -4.069540 -9999.0 -9999.0 -9999.0 -9999.0 -9999.0 -9999.0
-9999.0 -9999.0 -9999.0 -9999.0 -9999.0 -9999.0 -9999.0 -9999.0 -9999.0 -9999.0 -9999.0 -1.196472 -0.226429 -0.083340 -0.610771 -0.003904 -0.002109 1.689206 5.533233 3.847048 2.172916 -0.002869 -0.037214 -0.953604 -1.186265 -1.960838 -1.333056 -1.515457 -1.604023 -1.013018 -1.508385 -2.412556 -0.672860 -3.323757 -3.050088 -2.800876 -0.726696 -1.548179 -0.011469 -0.022032 -1.564078 -0.078090 -1.078524 -1.785296 -0.166727 -1.277532 -2.315998 -1.382334 -0.342305 -0.053845 -3.024198 -1.318966 -4.811619 -5.376556 -6.243535 -7.293652 -2.634718 -9999.0 -9999.0 -9999.0 -9999.0 -9999.0 -9999.0
-9999.0 -9999.0 -9999.0 -9999.0 -9999.0 -9999.0 -9999.0 -9999.0 -9999.0 -9999.0 -0.207660 -2.232247 -0.133571 -0.149448 -0.030531 -0.158283 -0.171595 -0.003880 3.105053 3.485999 3.066799 1.862744 -0.446481 -0.052971 -0.010220 -1.687798 -1.520091 -4.316943 -0.852655 -0.608125 -1.870594 -1.963098 -0.876475 -2.391842 -3.601490 -2.932411 -1.274134 -2.851688 -0.970641 -0.003385 -0.002278 0.994977 3.758654 0.604794 -0.133888 -0.687023 -1.058546 -2.515065 -1.804260 -0.005067 -4.700930 -3.218813 -6.702021 -7.938902 -7.425373 -2.126900 -3.237088 -9999.0 -9999.0 -9999.0 -9999.0 -9999.0 -9999.0
-9999.0 -9999.0 -9999.0 -9999.0 -9999.0 -9999.0 -9999.0 -9999.0 -9999.0 -1.137624 -0.637549 -2.107838 -1.555609 -1.401839 -0.694774 -0.130959 -0.104080 -0.001607 3.005951 3.650388 3.376488 0.067309 -0.002404 -0.003653 -0.002696 -1.363705 -2.344533 -0.202231 -2.018354 -0.319303 -0.002483 -1.559185 -1.642890 -6.954072 -2.951136 -3.210103 -1.501601 -3.272938 -1.177215 -0.442254 -0.511530 -0.223988 -0.342746 1.427222 0.616991 -0.068032 -0.031300 -1.234707 -1.263547 -0.002614 -1.460336 -2.699321 -8.703475 -5.274159 -4.469820 -4.663791 -3.989984 -2.699661 -3.477506 -9999.0 -9999.0 -9999.0 -9999.0
-9999.0 -9999.0 -9999.0 -9999.0 -9999.0 -9999.0 -9999.0 -9999.0 -9999.0 -1.913917 -1.044480 -0.227111 -0.024132 -0.003287 -0.123492 -1.267936 -0.038059 -0.002837 3.577713 4.302748 3.931620 3.324567 2.087729 -0.004316 -0.976171 -1.227352 -1.228345 -0.007749 -0.002653 -0.003072 -0.042777 -1.937470 -2.401843 -2.360443 -3.095092 -1.872882 -1.312477 -0.711883 -0.738169 -0.665723 -1.388983 -1.498809 -0.304558 -0.001906 1.936445 1.637508 1.288850 -0.003145 -0.015963 -0.002479 -2.809120 -5.249166 -4.788604 -4.987277 -4.140737 -5.697584 -3.680550 -3.120596 -1.140824 -9999.0 -9999.0 -9999.0 -9999.0
-9999.0 -9999.0 -9999.0 -9999.0 -9999.0 -9999.0 -9999.0 -9999.0 -9999.0 -9999.0 -1.122366 -0.743231 -1.019791 -0.472371 -0.003214 -0.097652 -0.003749 1.146255 4.405146 3.737869 3.993808 2.117269 -0.002772 -0.617594 -0.941988 -0.045664 -0.002678 0.557675 -0.031630 -1.502792 -1.846904 -2.817132 -3.442198 -3.701238 -1.769931 -0.670515 -0.253430 -0.595350 -1.281671 -2.770592 -1.238171 -0.349274 -0.034767 -0.066912 -0.001580 -0.003318 0.870715 2.505728 1.987354 -0.002567 -1.764399 -3.586091 -4.212133 -4.751054 -4.990948 -4.339866 -2.089851 -1.664499 -1.391166 -0.031428 -9999.0 -9999.0 -9999.0
-9999.0 -9999.0 -9999.0 -9999.0 -9999.0 -9999.0 -9999.0 -9999.0 -9999.0 -9999.0 -3.197609 -1.004317 -0.270459 -0.101485 1.492622 -0.004772 -0.004175 2.047711 4.791823 4.990712 2.983392 0.842954 -0.003023 -0.141455 -0.046513 -0.002427 1.273240 -0.003254 -1.188153 -3.155603 -0.989052 -1.163411 -4.140865 -2.356454 -0.873751 -0.512154 -1.623388 -1.983036 -2.151612 -1.633958 -1.142243 -0.469344 -2.679494 -0.578818 -0.118510 -0.324970 -0.004815 -0.001599 2.194590 1.676072 -0.017145 -1.639136 -4.042770 -3.725888 -5.353530 -4.633840 -2.862803 -1.121394 1.261283 1.590473 -9999.0 -9999.0 -9999.0
-9999.0 -9999.0 -9999.0 -9999.0 -9999.0 -9999.0 -9999.0 -9999.0 -1.448072 -1.053199 -1.755209 -1.515242 -2.723999 -1.386321 -0.055569 1.209877 2.378167 4.251449 4.649858 5.487909 4.744741 3.563683 2.431830 0.648754 -0.003627 1.569132 1.653653 -0.707782 -1.218340 -3.189860 -6.515001 -2.264245 -1.318582 -2.147709 -2.343753 -0.658357 -0.045328 -0.733899 -2.437009 -1.844350 -1.130351 -0.660311 -3.068042 -1.587324 -0.278288 -0.151158 -2.260813 -1.390587 -0.001674 1.827630 -0.003486 -0.618218 -3.940983 -5.596786 -4.271979 -2.048057 -2.914474 -0.152818 -0.001839 3.492969 -9999.0 -9999.0 -9999.0
-9999.0 -9999.0 -9999.0 -9999.0 -9999.0 -9999.0 -9999.0 -9999.0 -3.042834 -3.080501 -2.511883 -1.672667 -1.030077 -2.144799 -0.830402 -0.003278 1.391944 2.027288 5.147824 6.019035 7.149572 5.978453 5.086091 4.132852 2.886999 2.715608 0.530090 -1.266459 -4.093067 -1.736350 -2.501509 -1.503750 -2.198395 -1.301331 -1.092285 -0.436807 -0.025946 -0.157245 -1.544661 -0.799420 -0.947311 -5.347383 -1.121936 -0.934471 -0.382149 -2.503431 -3.758075 -0.898814 -0.279708 1.221603 1.412971 -0.126751 -4.150510 -2.524119 -0.690318 -2.073492 -0.853003 -0.029360 2.138774 4.576700 5.910251 -9999.0 -9999.0
-9999.0 -9999.0 -9999.0 -9999.0 -9999.0 -9999.0 -9999.0 -9999.0 -0.903277 -0.709666 -0.831926 -3.328884 -1.590769 -2.886001 -1.430780 -0.686549 -0.005321 1.777504 5.050142 7.074112 6.488662 6.850030 6.482891 4.830125 4.493577 2.717096 -0.002850 -1.138541 -4.936048 -0.978849 -0.946266 -0.689604 -1.704880 -1.258290 -0.305013 -0.052706 -0.612971 1.282558 -0.079636 -2.542948 -1.424106 -0.759342 -1.320845 -0.780911 -1.099285 -1.264608 -1.868766 -1.048968 -1.947976 -0.001393 2.217839 -0.003058 -2.905855 -3.944033 -1.327992 -0.671967 0.673438 2.026757 4.211390 4.851358 5.197694 -9999.0 -9999.0
-9999.0 -9999.0 -9999.0 -9999.0 -9999.0 -9999.0 -9999.0 -9999.0 -3.026793 -1.263341 -1.412908 -4.469165 -1.314372 -1.224502 -0.425090 -0.003604 3.621220 4.843460 4.597908 5.341826 5.870796 6.243090 6.599404 6.129351 3.189359 0.642671 -0.005277 -1.885786 -0.226651 -2.423743 -1.337540 -1.897954 -0.031477 -0.586870 -0.171974 -0.041073 1.629771 3.530340 0.323423 -0.075544 -0.235685 -0.413834 -0.767993 -0.277626 -1.015515 -0.725709 -0.939026 -0.950075 -0.978241 -1.061143 -0.002894 1.817463 -0.002944 -1.180558 -0.001750 1.244553 2.816503 4.078421 5.080982 4.967820 4.060336 2.151748 -9999.0
-9999.0 -9999.0 -9999.0 -9999.0 -9999.0 -9999.0 -9999.0 -9999.0 -3.635495 -0.993743 -2.263212 -1.475494 -0.885399 -0.182511 -0.002711 1.697653 3.054373 2.059166 0.370418 2.422502 4.357146 5.591402 5.874852 5.590086 3.645871 -0.004883 -0.994672 -0.049236 -0.002458 -0.291670 -0.334074 -0.002739 1.613176 0.559172 -0.002124 0.471927 1.973480 5.569061 5.041821 1.526858 -0.001942 -0.023929 -0.139407 -0.033080 -1.386144 -0.193778 -0.336170 -1.345681 -0.214395 -0.002349 0.986181 1.249053 1.576303 1.355586 1.796905 2.084572 2.957851 3.756204 4.366775 4.054101 3.648665 1.577050 -9999.0
-9999.0 -9999.0 -1.241072 -1.431744 -3.486061 -1.416535 -2.908147 -2.252723 -2.098361 -1.739130 -2.619254 -0.545424 -0.180663 -0.099951 2.113245 1.197188 -0.001478 -1.129979 -0.883417 -0.003623 2.298071 4.977581 4.527839 5.821537 3.666044 1.583625 -0.004736 -0.004076 1.682868 1.806034 -0.003076 -0.003791 3.819195 2.753910 3.114194 4.122294 5.481738 7.869565 6.843478 4.119358 3.183643 3.129761 3.185735 1.860455 -0.001530 -0.002254 1.050697 1.066017 1.829819 2.779093 3.493897 3.247206 2.670028 2.216441 2.120953 4.345556 2.752312 3.141654 2.776287 2.857001 2.673121 0.833462 -9999.0
-9999.0 -1.299710 -2.797950 -2.375146 -1.268626 -1.522080 -2.223598 -2.727237 -3.706170 -2.407521 -1.939010 -0.762988 -0.005688 -0.019343 1.095662 -0.188463 -0.946324 -1.756779 -1.101700 -0.003479 2.070870 3.780613 4.407647 4.165317 5.396441 3.374290 3.333029 3.578552 3.456251 2.391311 2.224049 2.265154 3.712629 6.005842 6.396398 7.443882 9.676292 10.867848 9.134363 7.330632 7.049740 6.714781 5.656279 4.339381 3.059512 3.334562 3.595575 5.499617 5.338192 5.517983 4.026854 3.264797 2.525178 1.785314 1.708985 1.262368 0.539915 0.880284 0.997484 1.253151 0.076930 0.629241 -9999.0
-9999.0 -0.122327 -0.847571 -0.321119 -0.029554 -0.526509 -2.423684 -3.228189 -1.969175 -2.108758 -2.426680 -1.148550 -0.003000 1.215134 -0.186838 -3.276581 -2.542541 -2.071706 -0.462910 -0.011093 1.808328 1.500652 2.424007 2.225434 4.857232 5.745001 5.149464 5.462288 4.772281 6.008224 6.221625 5.963315 5.450182 6.339657 8.453562 9.571905 12.946240 14.284005 12.186407 11.427458 10.519574 9.385005 8.738588 7.690111 7.645739 7.488832 6.580684 6.086813 5.518816 4.819263 3.215670 1.558670 0.643597 1.278515 0.491923 -0.003470 -0.233742 -0.005835 -0.003778 -0.165574 -0.003052 -9999.0 -9999.0
