user2019/resources/simulation/Vinschgau/output-maps/TsL0002N0557.asc
ncols         63
nrows         48
xllcorner     598000.000000
yllcorner     5145000.000000
cellsize      1000.000000
NODATA_value  -9999.0
[rows 0 to 28 of 48, columns 0 to 62 of 63]
-9999.0 -9999.0 -9999.0 -9999.0 -9999.0 -9999.0 -9999.0 -9999.0 -9999.0 -9999.0 -9999.0 -9999.0 -9999.0 -9999.0 -9999.0 -9999.0 -9999.0 -9999.0 -9999.0 -9999.0 -9999.0 -9999.0 -9999.0 -9999.0 -9999.0 -9999.0 -9999.0 -9999.0 -9999.0 -9999.0 -9999.0 -9999.0 -9999.0 -9999.0 -9999.0 -9999.0 -9999.0 -9999.0 -9999.0 -9999.0 -9999.0 -9999.0 -9999.0 -9999.0 -9999.0 -9999.0 -9999.0 -9999.0 -9999.0 -9999.0 -9999.0 -9999.0 -9999.0 -9999.0 -9999.0 -9999.0 -9999.0 -9999.0 -9999.0 -9999.0 -9999.0 -9999.0 -9999.0
-9999.0 -9999.0 -9999.0 -9999.0 -9999.0 -9999.0 -9999.0 -9999.0 -9999.0 -9999.0 -9999.0 -9999.0 -9999.0 -9999.0 -9999.0 -9999.0 -9999.0 -9999.0 -9999.0 -9999.0 -9999.0 -9999.0 -9999.0 -9999.0 -9999.0 -9999.0 -9999.0 3.167573 4.140867 3.301991 3.190501 3.299350 3.282837 -9999.0 -9999.0 -9999.0 -9999.0 -9999.0 -9999.0 -9999.0 -9999.0 -9999.0 -9999.0 -9999.0 -9999.0 -9999.0 -9999.0 -9999.0 -9999.0 -9999.0 -9999.0 -9999.0 -9999.0 -9999.0 -9999.0 -9999.0 -9999.0 -9999.0 -9999.0 -9999.0 -9999.0 -9999.0 -9999.0
-9999.0 -9999.0 -9999.0 -9999.0 -9999.0 -9999.0 -9999.0 -9999.0 -9999.0 -9999.0 -9999.0 -9999.0 -9999.0 -9999.0 -9999.0 -9999.0 -9999.0 -9999.0 -9999.0 -9999.0 -9999.0 -9999.0 -9999.0 -9999.0 4.247278 5.142699 5.549144 5.225464 4.603417 4.495830 3.453912 -9999.0 -9999.0 -9999.0 -9999.0 -9999.0 -9999.0 -9999.0 -9999.0 -9999.0 -9999.0 -9999.0 -9999.0 -9999.0 -9999.0 -9999.0 -9999.0 -9999.0 -9999.0 -9999.0 -9999.0 -9999.0 -9999.0 -9999.0 -9999.0 -9999.0 -9999.0 -9999.0 -9999.0 -9999.0 -9999.0 -9999.0 -9999.0
-9999.0 -9999.0 -9999.0 -9999.0 -9999.0 -9999.0 -9999.0 -9999.0 -9999.0 -9999.0 -9999.0 -9999.0 -9999.0 -9999.0 -9999.0 -9999.0 -9999.0 -9999.0 -9999.0 -9999.0 -9999.0 -9999.0 -9999.0 4.539315 5.762768 8.265435 8.490431 8.471683 8.583480 5.581091 3.991018 3.333800 -9999.0 -9999.0 -9999.0 -9999.0 -9999.0 -9999.0 -9999.0 -9999.0 -9999.0 -9999.0 -9999.0 -9999.0 -9999.0 -9999.0 -9999.0 -9999.0 -9999.0 -9999.0 -9999.0 -9999.0 -9999.0 -9999.0 -9999.0 -9999.0 -9999.0 -9999.0 -9999.0 -9999.0 -9999.0 -9999.0 -9999.0
-9999.0 -9999.0 -9999.0 -9999.0 -9999.0 -9999.0 -9999.0 -9999.0 -9999.0 -9999.0 -9999.0 -9999.0 -9999.0 -9999.0 -9999.0 -9999.0 -9999.0 -9999.0 6.590326 4.171892 -9999.0 3.989587 4.630665 8.251231 8.637763 9.713128 9.346122 9.586302 10.041236 8.586923 5.129353 3.413820 3.282999 2.765373 -9999.0 -9999.0 -9999.0 -9999.0 -9999.0 -9999.0 -9999.0 -9999.0 -9999.0 -9999.0 -9999.0 -9999.0 -9999.0 -9999.0 -9999.0 -9999.0 -9999.0 -9999.0 -9999.0 -9999.0 -9999.0 -9999.0 -9999.0 -9999.0 -9999.0 -9999.0 -9999.0 -9999.0 -9999.0
-9999.0 -9999.0 -9999.0 -9999.0 -9999.0 -9999.0 -9999.0 -9999.0 -9999.0 -9999.0 -9999.0 -9999.0 -9999.0 -9999.0 -9999.0 -9999.0 -9999.0 8.773880 7.288652 6.533264 3.711841 5.942631 7.261603 8.316590 9.798886 6.284357 5.286069 7.284656 5.625815 8.217897 6.141850 4.436264 3.726577 2.853620 3.151800 2.756866 -9999.0 -9999.0 -9999.0 -9999.0 -9999.0 -9999.0 -9999.0 -9999.0 -9999.0 -9999.0 -9999.0 -9999.0 -9999.0 -9999.0 -9999.0 -9999.0 -9999.0 -9999.0 -9999.0 -9999.0 -9999.0 -9999.0 -9999.0 -9999.0 -9999.0 -9999.0 -9999.0
-9999.0 -9999.0 -9999.0 -9999.0 -9999.0 -9999.0 -9999.0 -9999.0 -9999.0 -9999.0 -9999.0 -9999.0 -9999.0 3.741346 6.916008 6.619955 7.934141 12.139776 8.527476 8.274565 8.505517 9.003983 9.966511 9.961087 6.025991 5.611553 5.881430 4.890604 5.930686 7.177125 6.418555 5.116493 3.964379 3.146586 2.820950 2.443696 -9999.0 -9999.0 -9999.0 -9999.0 -9999.0 -9999.0 -9999.0 -9999.0 -9999.0 -9999.0 -9999.0 -9999.0 -9999.0 -9999.0 -9999.0 -9999.0 -9999.0 -9999.0 -9999.0 -9999.0 -9999.0 -9999.0 -9999.0 -9999.0 -9999.0 -9999.0 -9999.0
-9999.0 -9999.0 -9999.0 -9999.0 -9999.0 -9999.0 -9999.0 -9999.0 -9999.0 -9999.0 -9999.0 -9999.0 -9999.0 3.961081 7.547026 6.744034 6.536685 9.861570 12.091572 10.154820 8.235499 9.868073 7.489229 6.826518 8.332698 7.357150 4.216041 2.894714 2.946635 5.431985 4.660856 3.027221 2.707246 2.358677 2.624537 -9999.0 -9999.0 -9999.0 -9999.0 -9999.0 -9999.0 -9999.0 -9999.0 -9999.0 -9999.0 -9999.0 -9999.0 -9999.0 -9999.0 -9999.0 -9999.0 -9999.0 -9999.0 -9999.0 -9999.0 -9999.0 -9999.0 -9999.0 -9999.0 -9999.0 -9999.0 -9999.0 -9999.0
-9999.0 -9999.0 -9999.0 -9999.0 -9999.0 -9999.0 -9999.0 -9999.0 -9999.0 -9999.0 -9999.0 -9999.0 -9999.0 6.873972 6.999132 7.946105 5.832249 7.025747 11.962592 8.198590 7.972615 7.788832 5.809792 5.284782 7.946870 7.454436 3.828591 2.882393 3.503575 3.012483 3.149155 2.079831 2.109396 0.128156 2.396356 -9999.0 -9999.0 -9999.0 -9999.0 -9999.0 -9999.0 -9999.0 -9999.0 -9999.0 -9999.0 -9999.0 -9999.0 -9999.0 -9999.0 -9999.0 -9999.0 -9999.0 -9999.0 -9999.0 -9999.0 -9999.0 -9999.0 -9999.0 -9999.0 -9999.0 -9999.0 -9999.0 -9999.0
-9999.0 -9999.0 -9999.0 -9999.0 -9999.0 -9999.0 -9999.0 -9999.0 -9999.0 -9999.0 -9999.0 -9999.0 6.203180 6.289661 7.379884 5.866897 4.187022 6.106097 10.076998 7.722237 8.054188 5.739381 5.153669 5.283016 6.144596 3.527807 5.039300 3.342240 4.105008 2.830128 2.676361 3.281243 3.244344 2.176074 -9999.0 -9999.0 -9999.0 -9999.0 -9999.0 -9999.0 -9999.0 -9999.0 -9999.0 -9999.0 -9999.0 -9999.0 -9999.0 -9999.0 -9999.0 -9999.0 -9999.0 -9999.0 -9999.0 -9999.0 -9999.0 -9999.0 -9999.0 -9999.0 -9999.0 -9999.0 -9999.0 -9999.0 -9999.0
-9999.0 -9999.0 -9999.0 -9999.0 -9999.0 -9999.0 -9999.0 -9999.0 -9999.0 -9999.0 -9999.0 3.313017 4.801766 5.187508 5.158442 2.685790 3.601451 5.514705 10.001328 7.666792 6.182958 7.866234 4.358707 3.553921 4.909516 4.062229 2.968803 3.828424 4.039938 2.413349 3.244198 4.280058 2.963453 2.822599 3.259030 3.084625 4.125090 3.681413 5.125645 -9999.0 -9999.0 -9999.0 2.990813 -9999.0 -9999.0 -9999.0 -9999.0 -9999.0 -9999.0 -9999.0 -9999.0 -9999.0 -9999.0 -9999.0 -9999.0 -9999.0 -9999.0 -9999.0 -9999.0 -9999.0 -9999.0 -9999.0 -9999.0
-9999.0 -9999.0 -9999.0 -9999.0 -9999.0 -9999.0 -9999.0 -9999.0 -9999.0 -9999.0 -9999.0 2.587671 4.702398 5.094343 5.722824 2.764716 6.490522 6.470484 9.969405 8.668695 7.591900 5.711759 4.436445 2.298828 0.429576 3.599014 3.575011 4.477557 3.853976 2.689409 3.852686 4.799831 3.728451 3.552871 4.071331 4.392330 4.323498 3.839614 4.025500 4.477084 5.381538 4.942214 4.773994 3.059146 -9999.0 -9999.0 -9999.0 3.023942 3.341979 3.357582 3.687249 3.282005 2.955171 3.862308 4.195955 3.344852 -9999.0 -9999.0 -9999.0 -9999.0 -9999.0 -9999.0 -9999.0
-9999.0 -9999.0 -9999.0 -9999.0 -9999.0 -9999.0 -9999.0 -9999.0 -9999.0 -9999.0 -9999.0 2.836573 3.307913 2.827589 2.722563 3.051916 2.841488 4.111515 8.583224 10.145393 5.594880 5.501703 0.665577 4.244605 3.515574 3.212796 3.763006 4.567509 2.735362 3.293860 3.047678 3.634247 5.563397 3.899024 3.960434 4.952385 6.674819 7.595611 7.712267 5.429078 4.693638 3.818580 5.622194 5.218509 3.367655 -9999.0 2.802804 3.445536 3.846721 4.863582 5.018613 4.638661 4.527844 4.095859 4.329268 4.735170 -9999.0 -9999.0 -9999.0 -9999.0 -9999.0 -9999.0 -9999.0
-9999.0 -9999.0 -9999.0 -9999.0 -9999.0 -9999.0 -9999.0 -9999.0 -9999.0 -9999.0 -9999.0 -9999.0 3.234592 2.187200 3.092480 2.999016 2.039779 4.447951 8.661461 10.485900 6.422455 6.126188 5.887999 3.873209 0.558011 0.224498 6.512468 4.203266 3.304894 3.208021 3.893997 3.702629 5.715293 4.265069 3.651390 4.328824 5.823330 7.899601 10.799886 3.180932 7.062996 7.066624 6.212475 7.056657 3.010303 3.488720 3.272665 3.517616 0.641736 5.897913 7.149916 5.458775 5.747411 0.616915 0.778615 4.073555 4.630770 -9999.0 -9999.0 -9999.0 -9999.0 -9999.0 -9999.0
-9999.0 -9999.0 -9999.0 -9999.0 -9999.0 -9999.0 -9999.0 -9999.0 -9999.0 -9999.0 -9999.0 0.847555 3.077256 3.457865 2.815564 2.870571 4.389017 4.458963 8.960210 8.084971 7.020721 5.678119 6.178217 3.700005 3.981348 6.033051 5.119983 3.141235 3.363095 3.834669 3.974496 5.553216 6.564251 4.217576 3.853810 4.257305 3.549004 6.818930 8.670394 8.427609 6.302070 7.608848 8.023373 7.526489 7.281724 3.421959 4.413243 3.971819 4.605953 7.562187 0.664504 3.659209 0.624361 0.672177 0.916227 3.052190 4.558916 -9999.0 -9999.0 -9999.0 -9999.0 -9999.0 -9999.0
-9999.0 -9999.0 -9999.0 -9999.0 -9999.0 -9999.0 -9999.0 -9999.0 -9999.0 -9999.0 4.924106 2.997333 3.651304 3.491655 4.253740 4.910427 4.897200 4.487430 7.543161 8.391017 9.567934 8.705876 4.283996 6.415778 6.460646 6.153250 0.268660 0.314963 4.896575 5.558330 6.157826 5.853299 5.182581 2.998315 2.774929 4.374865 4.848274 5.941073 6.575865 9.091767 8.781829 9.691213 12.359283 8.067724 6.970438 4.406372 4.522835 6.016897 6.896656 7.579321 0.764177 3.409214 0.705125 2.825733 3.667796 4.206994 4.418196 -9999.0 -9999.0 -9999.0 -9999.0 -9999.0 -9999.0
-9999.0 -9999.0 -9999.0 -9999.0 -9999.0 -9999.0 -9999.0 -9999.0 -9999.0 3.035746 4.221174 3.393790 4.709923 2.841158 3.530447 4.406344 3.339715 6.695918 7.903636 8.902601 11.266416 6.712795 6.529140 8.082956 7.496729 3.727059 0.784299 5.720374 6.225909 6.874169 7.660796 0.307122 2.560403 2.638435 3.195710 3.144667 5.639560 3.822450 5.060398 6.729627 7.076626 5.827566 5.688301 8.582358 7.953680 7.055832 8.647790 6.081153 6.344889 8.408601 0.330193 3.311975 2.499854 3.256364 3.725449 0.771961 0.311022 4.085379 4.989266 -9999.0 -9999.0 -9999.0 -9999.0
-9999.0 -9999.0 -9999.0 -9999.0 -9999.0 -9999.0 -9999.0 -9999.0 -9999.0 3.261828 3.292581 4.409028 7.306200 5.481346 3.748631 3.474446 5.949655 6.770809 8.783407 11.903426 11.812208 11.262421 10.331525 8.383132 0.388783 4.329166 4.419203 6.867369 8.538772 9.211661 7.703876 3.288686 4.086227 3.474212 3.546360 4.666420 5.102404 5.888610 4.595767 7.126754 5.535695 0.283717 6.214011 8.492564 8.926442 9.624672 9.458648 8.410036 7.936179 8.502202 0.236578 0.166943 3.235367 3.777236 3.297817 0.714704 0.447933 5.772851 4.578108 -9999.0 -9999.0 -9999.0 -9999.0
-9999.0 -9999.0 -9999.0 -9999.0 -9999.0 -9999.0 -9999.0 -9999.0 -9999.0 -9999.0 3.074587 4.633193 5.506258 5.632142 6.834009 5.803541 6.097937 8.642944 9.745649 10.843516 11.868209 8.160892 6.165408 0.438071 4.543555 7.212155 8.385846 8.965058 7.741737 0.356280 3.435492 3.951339 0.100427 3.410648 4.498247 5.581788 5.974413 6.593523 4.582613 3.536722 3.874704 6.647678 7.978406 6.697359 6.518695 6.974176 7.912484 11.207824 10.309890 8.205282 4.555818 4.923213 3.427469 3.622694 3.743737 3.482535 5.477569 8.130353 8.249452 8.099549 -9999.0 -9999.0 -9999.0
-9999.0 -9999.0 -9999.0 -9999.0 -9999.0 -9999.0 -9999.0 -9999.0 -9999.0 -9999.0 3.367483 4.291590 4.882722 6.142339 10.363573 6.503821 6.346598 8.233155 10.548206 11.316147 9.086812 7.489694 6.078354 5.293370 6.961290 8.892370 9.765625 6.680901 0.491055 0.537915 3.843834 5.258668 0.676925 3.265075 3.472093 5.611918 6.252280 6.113854 0.622434 3.248251 3.764238 5.754278 5.105465 4.610097 6.009517 5.248733 6.875902 6.782207 8.841499 10.596344 8.524789 0.258592 0.554942 4.002098 3.463757 3.929812 3.515019 7.044892 9.561288 10.923423 -9999.0 -9999.0 -9999.0
-9999.0 -9999.0 -9999.0 -9999.0 -9999.0 -9999.0 -9999.0 -9999.0 4.610571 3.865054 3.467540 4.681752 4.615834 4.809626 5.307908 8.080175 8.659346 12.201541 11.754355 11.826805 10.722072 9.781625 8.849395 6.905665 8.068799 9.206711 9.938034 5.139583 4.097808 0.294460 2.881623 3.595812 3.631860 3.625785 3.698604 3.819366 6.469839 6.164039 0.232108 3.240904 3.081977 4.909133 0.630623 3.020709 4.385882 7.240727 2.897653 5.996217 7.159528 10.840058 9.019357 6.166124 0.112749 0.117105 4.072324 5.102563 4.624588 7.812671 9.715787 11.193267 -9999.0 -9999.0 -9999.0
-9999.0 -9999.0 -9999.0 -9999.0 -9999.0 -9999.0 -9999.0 -9999.0 3.619465 3.746274 0.536554 3.549272 4.397725 6.243751 4.895769 6.952291 7.990495 8.502026 11.112404 12.395554 14.184514 13.435020 12.437310 11.067531 9.152171 9.600190 7.552572 6.382929 0.582537 3.554771 3.532717 2.928441 4.124835 3.073635 3.909602 4.475819 7.211028 6.915089 3.669792 3.742723 3.312826 3.386506 3.117376 4.446856 6.361018 0.212830 0.171653 4.789042 6.987597 8.766151 10.999882 7.883128 3.478346 4.947173 6.312452 7.256911 7.560789 8.936663 11.583629 13.979852 14.124482 -9999.0 -9999.0
-9999.0 -9999.0 -9999.0 -9999.0 -9999.0 -9999.0 -9999.0 -9999.0 4.141845 6.271447 5.744085 0.458064 5.516900 3.313211 5.332353 5.306834 7.357172 9.791836 11.305577 14.140508 12.912734 14.086054 13.738167 11.667157 12.824186 9.232149 6.925976 0.468286 0.316679 4.331704 3.677904 5.606429 0.275644 0.290881 4.869203 6.596195 0.206448 7.383740 0.396557 0.493406 3.583791 3.269158 3.889327 4.778512 0.473958 4.374543 3.427747 4.408330 0.160144 7.419933 10.601973 9.782366 0.409754 0.294014 8.953912 9.716972 10.910441 11.793655 13.677208 13.440430 14.154037 -9999.0 -9999.0
-9999.0 -9999.0 -9999.0 -9999.0 -9999.0 -9999.0 -9999.0 -9999.0 2.990113 5.306989 6.494958 0.419679 5.369517 4.620994 6.309298 7.884409 10.178469 11.385444 12.417320 11.609663 12.609629 13.052488 14.397617 13.932354 10.145031 8.006986 5.738820 3.694840 5.841930 6.019067 4.228242 4.391644 6.667776 6.775208 3.288834 5.663206 7.432681 8.169675 5.211839 3.609291 3.564516 4.091568 4.179408 3.495194 3.685388 3.424882 4.746410 4.590937 5.730548 7.300821 8.432463 10.987368 10.506396 9.778967 11.253002 11.959444 12.863596 12.094580 12.970445 14.059371 13.124377 10.305108 -9999.0
-9999.0 -9999.0 -9999.0 -9999.0 -9999.0 -9999.0 -9999.0 -9999.0 3.737275 5.214290 6.957752 5.388987 6.648288 7.321972 10.391267 10.904883 12.002351 9.167746 7.841589 9.265778 11.044537 12.895648 13.134046 13.056037 12.297462 7.551439 5.359756 7.148415 8.082315 7.517955 5.103800 7.209678 8.590654 7.473625 6.208402 6.582989 7.514828 9.260662 8.355518 7.086177 5.821593 0.204274 6.857994 6.289483 0.242586 5.564470 6.277558 7.574947 7.586346 9.762151 11.393678 10.450179 11.324063 12.975381 13.115709 13.162931 13.916141 13.961757 13.845704 13.170265 11.246794 9.513719 -9999.0
-9999.0 -9999.0 4.414256 4.743858 3.547696 0.194412 5.273962 0.237830 4.092815 4.809579 6.353896 7.542250 7.631316 9.708682 12.964301 10.516643 7.324455 5.453277 6.834074 7.605083 9.461777 11.939672 12.909802 12.707582 11.475960 8.954367 7.461498 7.443538 8.756654 9.706043 6.285730 6.781632 10.607825 7.586445 9.116635 8.043892 10.689100 10.522294 9.180703 7.021670 8.424275 8.953481 8.114405 8.493997 5.732561 7.290848 8.860590 8.010934 10.866996 12.103217 13.064651 13.409746 13.786244 13.817638 13.821317 15.118112 12.944207 12.734936 11.929861 10.836051 11.398734 8.338047 -9999.0
-9999.0 5.232101 5.239910 5.035832 0.184179 5.618890 5.252174 0.368311 0.356595 4.166988 4.568126 6.448428 8.901571 11.602302 12.125725 7.166156 6.417486 3.961911 4.376867 7.563126 9.619590 10.998696 14.010787 12.018833 13.779761 11.404812 12.076985 12.184085 11.258378 10.272621 9.672628 9.497642 9.777113 11.833958 11.681391 12.313491 13.274297 12.496559 12.641074 11.991566 11.770994 11.305919 10.858720 8.963934 8.318757 8.958285 11.213623 11.254371 13.155085 12.657783 13.320710 13.422436 12.627441 12.434642 12.447605 11.844817 9.614755 9.607768 10.453128 10.430015 7.910384 8.034712 -9999.0
-9999.0 6.694235 6.368623 6.488800 8.662580 6.333581 2.964137 0.331904 3.852034 4.034552 4.094105 6.130282 8.971912 12.321644 7.810785 0.407060 3.710750 3.545836 7.356880 7.368800 10.705221 10.122636 11.215859 12.516464 13.917352 14.054207 11.993696 12.450983 12.392507 11.797536 11.787775 11.203017 11.050302 11.861751 14.420991 13.874980 16.214087 16.857666 15.090347 14.605589 14.239612 13.609273 12.381256 11.627203 12.005374 12.275233 13.142052 13.480951 13.262547 13.281670 11.832883 10.318185 9.883471 10.469244 9.681510 8.033501 8.268811 7.373465 7.174698 6.475093 6.657374 -9999.0 -9999.0
-9999.0 5.361382 6.203139 5.909299 6.982667 8.413739 8.109202 4.469119 4.806171 3.734561 6.487460 7.683819 10.696484 10.434463 6.122628 4.117548 0.444107 4.255331 5.240900 7.040711 7.406796 8.300944 10.265350 13.801817 14.001840 12.393391 12.426233 12.334943 12.288424 12.294796 12.364516 12.615285 12.610121 12.574891 13.160483 13.806046 14.659876 16.545895 15.182535 14.806391 14.357483 15.710118 13.732419 13.525719 13.339862 13.178205 12.762248 12.498183 11.083211 9.755099 8.747467 9.825631 7.756650 10.033441 7.336578 6.303414 6.088807 5.486144 5.300345 -9999.0 -9999.0 -9999.0 -9999.0
