user2019/resources/simulation/Vinschgau/output-maps/TsL0005N0266.asc
ncols         63
nrows         48
xllcorner     598000.000000
yllcorner     5145000.000000
cellsize      1000.000000
NODATA_value  -9999.0
[rows 0 to 27 of 48, columns 0 to 61 of 63]
-9999.0 -9999.0 -9999.0 -9999.0 -9999.0 -9999.0 -9999.0 -9999.0 -9999.0 -9999.0 -9999.0 -9999.0 -9999.0 -9999.0 -9999.0 -9999.0 -9999.0 -9999.0 -9999.0 -9999.0 -9999.0 -9999.0 -9999.0 -9999.0 -9999.0 -9999.0 -9999.0 -9999.0 -9999.0 -9999.0 -9999.0 -9999.0 -9999.0 -9999.0 -9999.0 -9999.0 -9999.0 -9999.0 -9999.0 -9999.0 -9999.0 -9999.0 -9999.0 -9999.0 -9999.0 -9999.0 -9999.0 -9999.0 -9999.0 -9999.0 -9999.0 -9999.0 -9999.0 -9999.0 -9999.0 -9999.0 -9999.0 -9999.0 -9999.0 -9999.0 -9999.0 -9999.0
-9999.0 -9999.0 -9999.0 -9999.0 -9999.0 -9999.0 -9999.0 -9999.0 -9999.0 -9999.0 -9999.0 -9999.0 -9999.0 -9999.0 -9999.0 -9999.0 -9999.0 -9999.0 -9999.0 -9999.0 -9999.0 -9999.0 -9999.0 -9999.0 -9999.0 -9999.0 -9999.0 -7.227636 -7.565195 -7.542997 -7.645322 -8.464208 -8.451229 -9999.0 -9999.0 -9999.0 -9999.0 -9999.0 -9999.0 -9999.0 -9999.0 -9999.0 -9999.0 -9999.0 -9999.0 -9999.0 -9999.0 -9999.0 -9999.0 -9999.0 -9999.0 -9999.0 -9999.0 -9999.0 -9999.0 -9999.0 -9999.0 -9999.0 -9999.0 -9999.0 -9999.0 -9999.0
-9999.0 -9999.0 -9999.0 -9999.0 -9999.0 -9999.0 -9999.0 -9999.0 -9999.0 -9999.0 -9999.0 -9999.0 -9999.0 -9999.0 -9999.0 -9999.0 -9999.0 -9999.0 -9999.0 -9999.0 -9999.0 -9999.0 -9999.0 -9999.0 -5.936370 -6.781593 -7.233804 -7.538636 -7.217986 -7.439966 -7.804634 -9999.0 -9999.0 -9999.0 -9999.0 -9999.0 -9999.0 -9999.0 -9999.0 -9999.0 -9999.0 -9999.0 -9999.0 -9999.0 -9999.0 -9999.0 -9999.0 -9999.0 -9999.0 -9999.0 -9999.0 -9999.0 -9999.0 -9999.0 -9999.0 -9999.0 -9999.0 -9999.0 -9999.0 -9999.0 -9999.0 -9999.0
-9999.0 -9999.0 -9999.0 -9999.0 -9999.0 -9999.0 -9999.0 -9999.0 -9999.0 -9999.0 -9999.0 -9999.0 -9999.0 -9999.0 -9999.0 -9999.0 -9999.0 -9999.0 -9999.0 -9999.0 -9999.0 -9999.0 -9999.0 -6.480220 -6.565500 -5.104295 -6.078499 -6.697004 -7.569615 -7.814311 -8.175930 -7.269577 -9999.0 -9999.0 -9999.0 -9999.0 -9999.0 -9999.0 -9999.0 -9999.0 -9999.0 -9999.0 -9999.0 -9999.0 -9999.0 -9999.0 -9999.0 -9999.0 -9999.0 -9999.0 -9999.0 -9999.0 -9999.0 -9999.0 -9999.0 -9999.0 -9999.0 -9999.0 -9999.0 -9999.0 -9999.0 -9999.0
-9999.0 -9999.0 -9999.0 -9999.0 -9999.0 -9999.0 -9999.0 -9999.0 -9999.0 -9999.0 -9999.0 -9999.0 -9999.0 -9999.0 -9999.0 -9999.0 -9999.0 -9999.0 -5.039644 -6.433937 -9999.0 -5.765124 -6.098780 -6.327577 -5.596952 -1.373642 -6.225349 -6.117444 -1.275124 -7.809179 -7.496490 -8.015879 -8.614100 -9.450194 -9999.0 -9999.0 -9999.0 -9999.0 -9999.0 -9999.0 -9999.0 -9999.0 -9999.0 -9999.0 -9999.0 -9999.0 -9999.0 -9999.0 -9999.0 -9999.0 -9999.0 -9999.0 -9999.0 -9999.0 -9999.0 -9999.0 -9999.0 -9999.0 -9999.0 -9999.0 -9999.0 -9999.0
-9999.0 -9999.0 -9999.0 -9999.0 -9999.0 -9999.0 -9999.0 -9999.0 -9999.0 -9999.0 -9999.0 -9999.0 -9999.0 -9999.0 -9999.0 -9999.0 -9999.0 -3.713101 -5.895165 -7.217845 -6.352643 -5.484819 -6.267895 -5.549103 -0.496713 -6.926395 -6.874523 -5.866848 -6.994555 -6.468717 -7.624473 -7.756731 -8.029292 -8.555102 -8.820737 -9.455108 -9999.0 -9999.0 -9999.0 -9999.0 -9999.0 -9999.0 -9999.0 -9999.0 -9999.0 -9999.0 -9999.0 -9999.0 -9999.0 -9999.0 -9999.0 -9999.0 -9999.0 -9999.0 -9999.0 -9999.0 -9999.0 -9999.0 -9999.0 -9999.0 -9999.0 -9999.0
-9999.0 -9999.0 -9999.0 -9999.0 -9999.0 -9999.0 -9999.0 -9999.0 -9999.0 -9999.0 -9999.0 -9999.0 -9999.0 -5.694748 -5.455836 -5.133087 -6.278024 -4.347909 -5.227720 -7.471306 -5.231957 -5.165418 -4.314373 -1.148949 -6.802726 -6.874471 -7.607684 -6.690222 -7.573661 -6.102674 -6.675366 -7.713479 -8.121382 -9.678243 -9.751591 -10.226449 -9999.0 -9999.0 -9999.0 -9999.0 -9999.0 -9999.0 -9999.0 -9999.0 -9999.0 -9999.0 -9999.0 -9999.0 -9999.0 -9999.0 -9999.0 -9999.0 -9999.0 -9999.0 -9999.0 -9999.0 -9999.0 -9999.0 -9999.0 -9999.0 -9999.0 -9999.0
-9999.0 -9999.0 -9999.0 -9999.0 -9999.0 -9999.0 -9999.0 -9999.0 -9999.0 -9999.0 -9999.0 -9999.0 -9999.0 -4.640947 -4.707112 -6.742983 -6.015095 -4.344640 -4.950559 -4.908729 -2.226010 -6.825758 -5.852195 -6.250198 -6.374959 -6.705962 -7.281263 -8.360344 -8.795321 -7.755775 -6.901092 -9.510392 -9.603940 -10.472031 -10.430059 -9999.0 -9999.0 -9999.0 -9999.0 -9999.0 -9999.0 -9999.0 -9999.0 -9999.0 -9999.0 -9999.0 -9999.0 -9999.0 -9999.0 -9999.0 -9999.0 -9999.0 -9999.0 -9999.0 -9999.0 -9999.0 -9999.0 -9999.0 -9999.0 -9999.0 -9999.0 -9999.0
-9999.0 -9999.0 -9999.0 -9999.0 -9999.0 -9999.0 -9999.0 -9999.0 -9999.0 -9999.0 -9999.0 -9999.0 -9999.0 -6.284802 -5.780479 -1.353592 -5.362134 -6.675785 -4.811521 -1.908057 -5.935217 -7.182001 -6.244592 -5.750160 -5.057029 -4.018158 -6.912309 -8.600433 -7.434143 -9.352877 -9.188117 -10.562081 -10.360936 -11.194076 -10.508420 -9999.0 -9999.0 -9999.0 -9999.0 -9999.0 -9999.0 -9999.0 -9999.0 -9999.0 -9999.0 -9999.0 -9999.0 -9999.0 -9999.0 -9999.0 -9999.0 -9999.0 -9999.0 -9999.0 -9999.0 -9999.0 -9999.0 -9999.0 -9999.0 -9999.0 -9999.0 -9999.0
-9999.0 -9999.0 -9999.0 -9999.0 -9999.0 -9999.0 -9999.0 -9999.0 -9999.0 -9999.0 -9999.0 -9999.0 -4.516395 -5.234232 -2.561134 -6.724072 -2.948356 -6.057082 -0.178770 -5.048446 -5.848329 -6.537728 -5.853618 -5.687960 -4.562230 -8.022866 -5.807080 -6.858413 -7.249197 -8.873139 -9.565907 -8.634876 -8.961682 -10.255598 -9999.0 -9999.0 -9999.0 -9999.0 -9999.0 -9999.0 -9999.0 -9999.0 -9999.0 -9999.0 -9999.0 -9999.0 -9999.0 -9999.0 -9999.0 -9999.0 -9999.0 -9999.0 -9999.0 -9999.0 -9999.0 -9999.0 -9999.0 -9999.0 -9999.0 -9999.0 -9999.0 -9999.0
-9999.0 -9999.0 -9999.0 -9999.0 -9999.0 -9999.0 -9999.0 -9999.0 -9999.0 -9999.0 -9999.0 -4.700278 -5.568795 -4.118537 -6.520411 -5.919645 -7.156722 -7.272999 -0.065932 -5.134072 -6.758270 -5.807689 -6.100336 -7.008358 -6.105216 -6.716959 -8.667940 -6.604242 -7.331178 -9.498731 -8.063835 -8.356923 -8.951466 -10.265032 -10.803318 -11.473862 -12.063076 -9.617247 -1.931790 -9999.0 -9999.0 -9999.0 -10.931564 -9999.0 -9999.0 -9999.0 -9999.0 -9999.0 -9999.0 -9999.0 -9999.0 -9999.0 -9999.0 -9999.0 -9999.0 -9999.0 -9999.0 -9999.0 -9999.0 -9999.0 -9999.0 -9999.0
-9999.0 -9999.0 -9999.0 -9999.0 -9999.0 -9999.0 -9999.0 -9999.0 -9999.0 -9999.0 -9999.0 -5.938091 -5.299435 -5.177828 -4.977481 -6.675157 -5.810075 -6.717770 -0.070807 -1.261182 -6.184199 -4.434791 -5.486189 -5.856527 -6.085987 -7.063517 -6.847857 -6.319215 -6.968865 -8.810167 -7.960106 -8.396516 -9.413790 -9.465865 -11.555975 -11.043815 -1.014504 -1.702513 -2.251137 -11.698162 -11.900323 -12.940209 -10.548680 -9.703831 -9999.0 -9999.0 -9999.0 -0.904035 -4.117294 -4.468354 -1.983140 -2.765443 -2.624646 -0.116226 -0.047126 -2.192466 -9999.0 -9999.0 -9999.0 -9999.0 -9999.0 -9999.0
-9999.0 -9999.0 -9999.0 -9999.0 -9999.0 -9999.0 -9999.0 -9999.0 -9999.0 -9999.0 -9999.0 -5.212913 -5.504987 -6.592766 -3.751454 -6.449694 -6.619976 -6.401198 -1.454925 -0.242658 -4.226913 -6.532013 -6.098103 -5.590535 -7.182962 -6.737851 -6.230850 -6.817215 -7.863146 -7.718573 -8.517890 -7.984963 -8.951966 -10.265757 -11.320643 -7.887511 -4.534600 -4.892281 -1.628132 -3.427840 -1.549682 -10.997668 -8.614010 -9.355018 -8.357891 -9999.0 -7.060646 -5.119379 -3.968921 -2.997495 -3.720849 -3.213608 -1.335068 -0.021174 -0.021861 -0.031435 -9999.0 -9999.0 -9999.0 -9999.0 -9999.0 -9999.0
-9999.0 -9999.0 -9999.0 -9999.0 -9999.0 -9999.0 -9999.0 -9999.0 -9999.0 -9999.0 -9999.0 -9999.0 -4.888365 -3.639033 -3.071473 -4.331870 -6.119733 -7.263520 -0.742846 -0.094022 -6.000789 -6.052262 -6.098826 -6.023091 -6.388227 -5.947203 -5.987505 -7.385262 -7.092410 -7.168929 -7.389635 -7.673400 -8.308462 -9.579079 -10.882261 -11.996419 -7.092272 -5.639200 -1.761144 -2.944161 -1.276866 -5.167999 -6.417365 -8.443043 -8.255893 -6.923533 -6.407554 -5.081085 -5.277824 -5.504701 -5.100933 -2.056334 -0.634809 -0.428495 -3.075462 -2.936827 -0.667344 -9999.0 -9999.0 -9999.0 -9999.0 -9999.0
-9999.0 -9999.0 -9999.0 -9999.0 -9999.0 -9999.0 -9999.0 -9999.0 -9999.0 -9999.0 -9999.0 -3.191533 -5.606083 -5.954709 -5.708206 -5.916623 -5.836872 -6.410555 -4.273029 -1.173499 -5.210863 -5.568198 -4.606056 -6.065280 -5.550145 -5.542738 -4.445234 -7.593655 -6.695971 -6.941840 -7.031668 -7.319551 -8.115533 -9.157552 -11.312958 -11.822886 -12.285842 -5.571630 -3.739564 -0.718637 -3.371772 -2.161871 -5.018797 -6.216968 -7.379644 -7.064517 -5.708759 -5.783670 -4.926888 -6.410849 -5.869237 -5.671273 -4.483434 -6.288292 -5.407760 -6.051467 -2.130498 -9999.0 -9999.0 -9999.0 -9999.0 -9999.0
-9999.0 -9999.0 -9999.0 -9999.0 -9999.0 -9999.0 -9999.0 -9999.0 -9999.0 -9999.0 -1.552718 -3.915055 -2.851878 -5.328522 -2.568558 -6.342367 -5.717931 -5.673638 -4.518679 -1.198924 -0.580937 -3.172990 -6.254502 -4.513732 -5.361439 -3.979725 -6.720943 -7.053015 -6.280322 -6.362338 -5.671470 -6.866069 -7.572620 -9.164949 -11.531208 -11.030730 -9.297061 -5.805671 -5.021247 -1.872988 -1.229366 -6.366951 -6.888108 -5.366931 -6.609695 -7.993859 -5.672159 -6.146521 -5.009085 -6.916477 -4.868017 -6.140868 -6.039117 -6.325631 -5.775774 -0.224351 -0.378090 -9999.0 -9999.0 -9999.0 -9999.0 -9999.0
-9999.0 -9999.0 -9999.0 -9999.0 -9999.0 -9999.0 -9999.0 -9999.0 -9999.0 -5.665211 -1.484783 -1.487620 -6.454273 -4.099120 -3.158729 -5.120801 -5.407862 -3.935914 -4.495510 -0.266275 -0.369327 -5.316096 -4.783535 -1.621033 -3.950691 -6.651792 -6.818699 -5.802251 -4.908948 -4.554561 -6.022892 -7.515611 -9.301092 -10.116432 -9.607169 -10.093399 -10.047353 -9.688918 -10.251171 -8.766530 -4.578780 -8.230009 -7.879636 -2.193616 -5.613054 -5.753979 -5.214091 -6.556769 -5.394460 -5.772457 -4.540112 -3.858044 -6.763823 -4.988977 -3.158404 -1.795515 -0.048188 -0.019048 -0.545617 -9999.0 -9999.0 -9999.0
-9999.0 -9999.0 -9999.0 -9999.0 -9999.0 -9999.0 -9999.0 -9999.0 -9999.0 -5.710347 -5.422707 -5.608271 -4.144032 -6.125338 -4.354945 -3.079975 -1.457103 -4.670083 -3.556759 -0.001213 -0.000472 -0.000241 -4.746454 -4.817703 -6.332741 -6.200205 -5.530344 -4.546829 -1.685707 -5.387005 -6.229456 -6.902860 -7.851154 -7.684415 -8.464544 -9.306578 -9.548818 -9.469753 -9.687237 -8.345406 -7.262200 -8.403779 -6.723098 -6.722338 -1.622365 -0.057421 -0.361583 -2.586719 -4.748648 -6.452374 -4.678999 -3.658332 -5.010073 -4.420864 -5.781657 -0.805062 -0.638693 -0.608048 -0.386080 -9999.0 -9999.0 -9999.0
-9999.0 -9999.0 -9999.0 -9999.0 -9999.0 -9999.0 -9999.0 -9999.0 -9999.0 -9999.0 -5.448181 -5.477398 -4.912108 -4.360008 -5.765932 -4.220889 -4.299007 -2.958274 -1.771540 -0.001477 -1.143684 -5.565689 -3.328190 -4.714640 -6.330968 -4.396073 -3.257721 -1.177770 -5.938104 -6.647955 -7.019913 -4.850123 -7.762184 -8.098429 -7.595608 -7.501504 -8.070573 -8.905805 -9.033329 -9.193020 -9.564945 -6.845731 -6.973604 -6.493861 -7.097288 -7.421608 -6.534384 -5.295135 -0.008657 -4.582808 -4.042900 -2.815123 -3.149564 -4.616694 -3.636094 -4.861392 -2.427228 -3.711373 -2.855198 -3.338224 -9999.0 -9999.0
-9999.0 -9999.0 -9999.0 -9999.0 -9999.0 -9999.0 -9999.0 -9999.0 -9999.0 -9999.0 -5.468797 -5.310385 -4.460480 -3.252082 -0.076595 -5.047453 -4.749928 -3.672767 -0.003600 -0.003939 -0.373459 -2.377610 -5.442100 -6.301088 -5.486451 -2.716075 -0.006363 -6.777214 -6.319254 -8.086503 -7.514002 -5.523035 -7.096568 -7.993186 -7.784606 -7.337307 -5.681108 -7.601500 -7.800731 -8.106951 -6.466865 -6.367889 -6.082131 -7.054684 -2.316975 -5.431223 -4.576043 -6.318961 -1.275441 -0.632290 -4.487205 -2.665794 -1.036055 -2.814744 -4.142433 -2.273785 -5.035245 -0.949118 -2.424465 -0.941467 -9999.0 -9999.0
-9999.0 -9999.0 -9999.0 -9999.0 -9999.0 -9999.0 -9999.0 -9999.0 -2.774134 -2.786794 -5.408276 -4.512391 -4.733489 -4.857155 -3.500954 -1.238664 -1.160016 0.363217 -0.004944 -0.004598 -0.010595 -0.010161 -1.331202 -2.523729 -2.290630 -0.185918 -1.294560 -6.561514 -5.555768 -6.929884 -8.683286 -7.251586 -6.593903 -6.546868 -6.061524 -8.310346 -5.422692 -7.265204 -7.300003 -6.965890 -7.121976 -6.616078 -7.613947 -7.965442 -5.403656 -3.372944 -6.280497 -2.607004 -5.855036 -0.540445 -4.533325 -4.797320 -1.296845 -3.591861 -2.520720 -0.696088 -0.543951 -1.101620 -1.907171 -0.006725 -9999.0 -9999.0
-9999.0 -9999.0 -9999.0 -9999.0 -9999.0 -9999.0 -9999.0 -9999.0 -5.577927 -3.235444 -4.450886 -6.526223 -5.736721 -4.757434 -3.426411 -5.050343 -4.470633 -4.933530 -0.006090 -0.000949 2.243456 0.924225 0.094225 -0.000382 -0.109447 -0.021882 -2.736312 -6.056162 -7.213452 -5.681075 -5.803816 -5.940619 -5.358368 -6.071474 -4.194567 -4.667258 -5.604275 -6.399301 -6.063362 -5.186331 -6.641790 -8.568037 -7.282407 -4.435441 -4.669098 -3.766252 -6.465349 -5.780697 -4.820683 -4.194011 -0.529586 -5.392303 -1.342941 -0.537382 -3.799738 -4.234383 -4.231792 -2.328694 -0.012685 0.237027 0.222779 -9999.0
-9999.0 -9999.0 -9999.0 -9999.0 -9999.0 -9999.0 -9999.0 -9999.0 -5.750932 -4.804162 -2.913841 -5.492040 -3.905051 -6.239454 -2.914776 -4.924797 -2.254696 -0.416841 -0.003747 1.447222 0.174960 0.967735 1.169168 -0.005221 0.691950 -3.592205 -5.930409 -5.920529 -6.831477 -5.661579 -6.045157 -5.063793 -5.407140 -5.600342 -2.996276 -5.065826 -4.674891 -6.080621 -5.325316 -5.149206 -4.989490 -5.266640 -2.736724 -4.934439 -5.026273 -5.248497 -4.118257 -1.481990 -4.095189 -5.703669 -0.005763 -2.509452 -5.138516 -3.313400 -2.207726 -1.822907 -0.898585 -0.008349 -0.000377 -0.000200 0.112436 -9999.0
-9999.0 -9999.0 -9999.0 -9999.0 -9999.0 -9999.0 -9999.0 -9999.0 -7.397375 -4.866235 -2.936571 -4.822653 -1.542019 -2.284047 -4.082918 -3.916955 -0.309324 -0.001842 -0.359056 -0.004762 -0.002553 0.172471 1.194834 0.818690 -0.723851 -5.216867 -3.444391 -5.572381 -5.150188 -5.064470 -5.252906 -4.948749 -4.640227 -6.172495 -5.222534 -4.688717 -4.317441 -3.814682 -4.940883 -4.629343 -4.181458 -3.017775 -2.772841 -5.054973 -1.922421 -4.200863 -1.975978 -3.247410 -1.929144 -4.703250 -3.800468 -0.004363 -1.357643 -0.824762 -0.685298 -0.033646 -0.002059 -0.001040 0.354637 0.126417 -0.001763 -2.024326
-9999.0 -9999.0 -9999.0 -9999.0 -9999.0 -9999.0 -9999.0 -9999.0 -5.190089 -3.814633 -1.031335 -4.405982 -3.869062 -4.188087 -0.071245 -0.687263 -3.225205 -5.361202 -4.814173 -4.679231 -0.009126 -0.002648 0.025555 -0.001425 -0.184175 -4.919306 -6.036865 -4.995785 -3.282076 -4.634619 -5.402575 -4.608084 -2.554112 -5.478356 -5.177216 -4.500948 -4.133869 -3.222605 -4.001341 -4.736896 -4.639158 -4.633128 -4.768365 -5.373774 -4.686588 -3.084329 -5.085404 -4.033089 -4.316086 -2.208915 -0.378102 -0.421282 -0.004171 -0.010371 -0.006235 -0.002601 -0.000179 -0.000393 -0.000500 -0.003120 -1.455157 -1.331596
-9999.0 -9999.0 -4.820418 -3.832717 -4.306673 -3.963656 -3.119654 -3.987919 -4.090314 -3.456261 -3.835022 -2.943944 -3.627664 -1.285407 0.161182 -2.489409 -5.738348 -5.144357 -4.752670 -4.318972 -3.945931 -0.005187 -0.001390 -0.001673 -0.005290 -1.457963 -2.607871 -3.870532 -3.343142 -0.500689 -5.905821 -4.271356 -0.105097 -4.691015 -2.604090 -3.052996 -1.213490 -0.872454 -3.080305 -5.041428 -3.641723 -2.589755 -4.204172 -3.625818 -5.463644 -4.377690 -2.528881 -3.964387 -1.214474 -0.010841 -0.002356 -0.000348 -0.000986 -0.000155 -0.002214 0.094390 -0.013944 -0.026130 -1.736582 -4.133088 -1.017797 -0.019011
-9999.0 -3.832796 -4.191380 -3.207354 -3.664371 -2.413254 -4.130538 -4.521276 -4.667349 -5.007421 -3.922745 -1.881281 -1.953964 -0.021182 -0.549706 -2.474700 -4.620990 -4.425340 -2.795927 -3.387398 -2.706790 -0.300485 -0.000218 -0.002475 0.261584 -0.000909 1.153920 1.690797 -0.015124 -1.403866 -0.354683 -1.066811 -1.862872 0.157355 -0.509890 -0.003211 -0.000904 -0.000703 -0.000791 -0.005129 -0.263942 -0.013541 -0.788508 -3.739628 -1.976030 -2.743823 -0.198388 -0.746938 -0.000710 -0.001215 -0.000212 -0.000364 -0.021340 -0.090628 -0.288048 -2.223488 -2.973998 -1.604199 -1.559334 -0.575763 -0.021366 -0.016825
-9999.0 -4.017326 -4.677786 -4.976482 -2.644261 -4.976774 -4.522592 -4.345130 -3.895991 -4.295263 -2.952336 -3.074769 -2.229284 -1.719286 -4.522243 -4.103126 -4.716544 -4.794104 -3.488180 -3.693218 -1.679887 -2.317278 -0.024943 -0.004939 1.615533 2.374138 -0.003537 -0.002186 -0.000203 -0.001394 -0.004652 -0.004466 -0.004360 -0.001929 0.292553 -0.000347 2.083570 5.986086 0.357064 0.272621 -0.000078 -0.000393 -0.001404 -0.002123 -0.005104 0.016199 1.046998 0.919508 -0.000509 -0.001247 -0.023537 -4.992170 -2.676989 -0.833253 -4.501091 -0.991074 -2.154670 -1.141482 -0.897509 -0.133629 -0.031736 -9999.0
