user2019/resources/simulation/Vinschgau/output-maps/TsL0003N0155.asc
ncols         63
nrows         48
xllcorner     598000.000000
yllcorner     5145000.000000
cellsize      1000.000000
NODATA_value  -9999.0
[rows 0 to 27 of 48, columns 0 to 61 of 63]
-9999.0 -9999.0 -9999.0 -9999.0 -9999.0 -9999.0 -9999.0 -9999.0 -9999.0 -9999.0 -9999.0 -9999.0 -9999.0 -9999.0 -9999.0 -9999.0 -9999.0 -9999.0 -9999.0 -9999.0 -9999.0 -9999.0 -9999.0 -9999.0 -9999.0 -9999.0 -9999.0 -9999.0 -9999.0 -9999.0 -9999.0 -9999.0 -9999.0 -9999.0 -9999.0 -9999.0 -9999.0 -9999.0 -9999.0 -9999.0 -9999.0 -9999.0 -9999.0 -9999.0 -9999.0 -9999.0 -9999.0 -9999.0 -9999.0 -9999.0 -9999.0 -9999.0 -9999.0 -9999.0 -9999.0 -9999.0 -9999.0 -9999.0 -9999.0 -9999.0 -9999.0 -9999.0
-9999.0 -9999.0 -9999.0 -9999.0 -9999.0 -9999.0 -9999.0 -9999.0 -9999.0 -9999.0 -9999.0 -9999.0 -9999.0 -9999.0 -9999.0 -9999.0 -9999.0 -9999.0 -9999.0 -9999.0 -9999.0 -9999.0 -9999.0 -9999.0 -9999.0 -9999.0 -9999.0 -2.311386 -2.599043 -3.607157 -3.728684 -4.647257 -4.878879 -9999.0 -9999.0 -9999.0 -9999.0 -9999.0 -9999.0 -9999.0 -9999.0 -9999.0 -9999.0 -9999.0 -9999.0 -9999.0 -9999.0 -9999.0 -9999.0 -9999.0 -9999.0 -9999.0 -9999.0 -9999.0 -9999.0 -9999.0 -9999.0 -9999.0 -9999.0 -9999.0 -9999.0 -9999.0
-9999.0 -9999.0 -9999.0 -9999.0 -9999.0 -9999.0 -9999.0 -9999.0 -9999.0 -9999.0 -9999.0 -9999.0 -9999.0 -9999.0 -9999.0 -9999.0 -9999.0 -9999.0 -9999.0 -9999.0 -9999.0 -9999.0 -9999.0 -9999.0 -1.312576 -1.586443 -2.522428 -2.874435 -2.296645 -3.260501 -2.986747 -9999.0 -9999.0 -9999.0 -9999.0 -9999.0 -9999.0 -9999.0 -9999.0 -9999.0 -9999.0 -9999.0 -9999.0 -9999.0 -9999.0 -9999.0 -9999.0 -9999.0 -9999.0 -9999.0 -9999.0 -9999.0 -9999.0 -9999.0 -9999.0 -9999.0 -9999.0 -9999.0 -9999.0 -9999.0 -9999.0 -9999.0
-9999.0 -9999.0 -9999.0 -9999.0 -9999.0 -9999.0 -9999.0 -9999.0 -9999.0 -9999.0 -9999.0 -9999.0 -9999.0 -9999.0 -9999.0 -9999.0 -9999.0 -9999.0 -9999.0 -9999.0 -9999.0 -9999.0 -9999.0 -1.420350 -1.414227 -0.303439 -0.317604 -0.326732 -1.344386 -3.983340 -3.701543 -1.857091 -9999.0 -9999.0 -9999.0 -9999.0 -9999.0 -9999.0 -9999.0 -9999.0 -9999.0 -9999.0 -9999.0 -9999.0 -9999.0 -9999.0 -9999.0 -9999.0 -9999.0 -9999.0 -9999.0 -9999.0 -9999.0 -9999.0 -9999.0 -9999.0 -9999.0 -9999.0 -9999.0 -9999.0 -9999.0 -9999.0
-9999.0 -9999.0 -9999.0 -9999.0 -9999.0 -9999.0 -9999.0 -9999.0 -9999.0 -9999.0 -9999.0 -9999.0 -9999.0 -9999.0 -9999.0 -9999.0 -9999.0 -9999.0 -0.271266 -0.304750 -9999.0 -1.308204 -1.322494 -0.138082 -0.304676 -4.578273 -1.673556 -1.641011 -0.681781 -1.304521 -4.038543 -3.269800 -4.778485 -5.488415 -9999.0 -9999.0 -9999.0 -9999.0 -9999.0 -9999.0 -9999.0 -9999.0 -9999.0 -9999.0 -9999.0 -9999.0 -9999.0 -9999.0 -9999.0 -9999.0 -9999.0 -9999.0 -9999.0 -9999.0 -9999.0 -9999.0 -9999.0 -9999.0 -9999.0 -9999.0 -9999.0 -9999.0
-9999.0 -9999.0 -9999.0 -9999.0 -9999.0 -9999.0 -9999.0 -9999.0 -9999.0 -9999.0 -9999.0 -9999.0 -9999.0 -9999.0 -9999.0 -9999.0 -9999.0 -0.719893 -2.445990 -1.891698 -1.594570 -0.620531 -1.213377 -1.274003 -0.381987 -2.240597 -1.549930 -1.501440 -1.755732 -1.702346 -1.552687 -4.235099 -4.303851 -4.974648 -4.298207 -5.811121 -9999.0 -9999.0 -9999.0 -9999.0 -9999.0 -9999.0 -9999.0 -9999.0 -9999.0 -9999.0 -9999.0 -9999.0 -9999.0 -9999.0 -9999.0 -9999.0 -9999.0 -9999.0 -9999.0 -9999.0 -9999.0 -9999.0 -9999.0 -9999.0 -9999.0 -9999.0
-9999.0 -9999.0 -9999.0 -9999.0 -9999.0 -9999.0 -9999.0 -9999.0 -9999.0 -9999.0 -9999.0 -9999.0 -9999.0 -1.195413 -0.660502 -1.149514 -1.333950 -2.747036 -1.464660 -1.083433 -0.094905 -0.155177 -1.479912 -0.448104 -2.878260 -2.058325 -3.034803 -1.644627 -2.276375 -1.452823 -1.603903 -2.443623 -3.559627 -5.829034 -6.397713 -6.490840 -9999.0 -9999.0 -9999.0 -9999.0 -9999.0 -9999.0 -9999.0 -9999.0 -9999.0 -9999.0 -9999.0 -9999.0 -9999.0 -9999.0 -9999.0 -9999.0 -9999.0 -9999.0 -9999.0 -9999.0 -9999.0 -9999.0 -9999.0 -9999.0 -9999.0 -9999.0
-9999.0 -9999.0 -9999.0 -9999.0 -9999.0 -9999.0 -9999.0 -9999.0 -9999.0 -9999.0 -9999.0 -9999.0 -9999.0 -1.143526 -0.119285 -0.767500 -0.761937 -0.722262 -3.020515 -4.502016 -5.690799 -2.299992 -1.540837 -1.618698 -1.486871 -1.550492 -2.929226 -4.902999 -5.155715 -2.862969 -1.573951 -5.560319 -6.413754 -6.951896 -6.886737 -9999.0 -9999.0 -9999.0 -9999.0 -9999.0 -9999.0 -9999.0 -9999.0 -9999.0 -9999.0 -9999.0 -9999.0 -9999.0 -9999.0 -9999.0 -9999.0 -9999.0 -9999.0 -9999.0 -9999.0 -9999.0 -9999.0 -9999.0 -9999.0 -9999.0 -9999.0 -9999.0
-9999.0 -9999.0 -9999.0 -9999.0 -9999.0 -9999.0 -9999.0 -9999.0 -9999.0 -9999.0 -9999.0 -9999.0 -9999.0 -0.500118 -0.244132 -0.265007 -0.680719 -1.208217 -3.041426 -1.926260 -0.834611 -3.353427 -1.632439 -1.457581 -1.421508 -1.149378 -2.850215 -4.983681 -2.963830 -5.782854 -5.251251 -6.625475 -6.692736 -7.174836 -7.268214 -9999.0 -9999.0 -9999.0 -9999.0 -9999.0 -9999.0 -9999.0 -9999.0 -9999.0 -9999.0 -9999.0 -9999.0 -9999.0 -9999.0 -9999.0 -9999.0 -9999.0 -9999.0 -9999.0 -9999.0 -9999.0 -9999.0 -9999.0 -9999.0 -9999.0 -9999.0 -9999.0
-9999.0 -9999.0 -9999.0 -9999.0 -9999.0 -9999.0 -9999.0 -9999.0 -9999.0 -9999.0 -9999.0 -9999.0 -1.114948 -0.186513 -0.261071 -1.857103 -0.297697 -0.993146 -1.205788 -4.156576 -1.580888 -1.473046 -1.446940 -1.424949 -0.776304 -4.367115 -1.501144 -1.781438 -3.131840 -5.324003 -5.451360 -4.441017 -4.934823 -6.306939 -9999.0 -9999.0 -9999.0 -9999.0 -9999.0 -9999.0 -9999.0 -9999.0 -9999.0 -9999.0 -9999.0 -9999.0 -9999.0 -9999.0 -9999.0 -9999.0 -9999.0 -9999.0 -9999.0 -9999.0 -9999.0 -9999.0 -9999.0 -9999.0 -9999.0 -9999.0 -9999.0 -9999.0
-9999.0 -9999.0 -9999.0 -9999.0 -9999.0 -9999.0 -9999.0 -9999.0 -9999.0 -9999.0 -9999.0 -1.237802 -1.260608 -0.262656 -1.272548 -1.300058 -3.293977 -0.888895 -1.281398 -3.943784 -2.245099 -0.247254 -1.311875 -3.202825 -1.487370 -1.808489 -4.612506 -1.694879 -2.011014 -5.854534 -3.267718 -4.194668 -4.927408 -6.911133 -7.169555 -8.466178 -10.098688 -10.856228 -11.051642 -9999.0 -9999.0 -9999.0 -7.281091 -9999.0 -9999.0 -9999.0 -9999.0 -9999.0 -9999.0 -9999.0 -9999.0 -9999.0 -9999.0 -9999.0 -9999.0 -9999.0 -9999.0 -9999.0 -9999.0 -9999.0 -9999.0 -9999.0
-9999.0 -9999.0 -9999.0 -9999.0 -9999.0 -9999.0 -9999.0 -9999.0 -9999.0 -9999.0 -9999.0 -1.332891 -1.324480 -1.164624 -1.089463 -2.082048 -0.911679 -1.599228 -1.406366 -0.778069 -0.335236 -0.155354 -1.324545 -1.404320 -1.424120 -2.843504 -2.259436 -2.448451 -2.630200 -5.021458 -4.020906 -4.750075 -6.087599 -4.963821 -7.507759 -8.968243 -10.838864 -13.228577 -13.955403 -13.313173 -11.569368 -9.300093 -6.811551 -6.173552 -9999.0 -9999.0 -9999.0 -0.265092 -1.125271 -1.079996 -0.861890 -1.127732 -1.102873 -0.103622 -0.101049 -1.052527 -9999.0 -9999.0 -9999.0 -9999.0 -9999.0 -9999.0
-9999.0 -9999.0 -9999.0 -9999.0 -9999.0 -9999.0 -9999.0 -9999.0 -9999.0 -9999.0 -9999.0 -1.263769 -1.340677 -2.665344 -0.616329 -1.925824 -1.059544 -1.698655 -1.030421 -1.148924 -0.921389 -1.301266 -1.239496 -1.314647 -3.467968 -3.166063 -1.430539 -2.436679 -4.215583 -3.224894 -5.114316 -4.705799 -4.844623 -6.210398 -8.208963 -10.581689 -7.634653 -5.152139 -5.278961 -10.370907 -11.385022 -10.839484 -6.900292 -6.252272 -3.154287 -9999.0 -2.764419 -1.206484 -1.107925 -0.517111 -0.962473 -1.017240 -0.079946 -0.031218 -0.030921 -0.051783 -9999.0 -9999.0 -9999.0 -9999.0 -9999.0 -9999.0
-9999.0 -9999.0 -9999.0 -9999.0 -9999.0 -9999.0 -9999.0 -9999.0 -9999.0 -9999.0 -9999.0 -9999.0 -1.357633 -0.668036 -0.225399 -1.114324 -1.201836 -1.599392 -1.241304 -1.708414 -1.645737 -1.287819 -1.079088 -1.338642 -2.214162 -1.392169 -0.348489 -3.813262 -3.051443 -2.875492 -2.885520 -4.214884 -4.964133 -5.515549 -7.539769 -9.982652 -7.765336 -5.837308 -4.841723 -8.462755 -10.245496 -9.247123 -7.864906 -1.566022 -5.031760 -1.408164 -1.259906 -1.176126 -1.112878 -1.186293 -0.613441 -0.623386 -0.255494 -0.207728 -1.076809 -1.099151 -0.137699 -9999.0 -9999.0 -9999.0 -9999.0 -9999.0
-9999.0 -9999.0 -9999.0 -9999.0 -9999.0 -9999.0 -9999.0 -9999.0 -9999.0 -9999.0 -9999.0 -0.600502 -1.353608 -1.355972 -1.020707 -1.040212 -1.203003 -1.496843 -0.794931 -0.187903 -1.707085 -0.293149 -1.350720 -1.486228 -1.351965 -0.788600 -0.833812 -3.671410 -2.499724 -3.208146 -2.924721 -3.307950 -2.748023 -5.299485 -7.944101 -9.427530 -12.967895 -7.172059 -2.940862 -6.282245 -8.918684 -7.183677 -6.891231 -6.517866 -1.109845 -1.312228 -1.207684 -1.557755 -1.157871 -3.582316 -1.783902 -1.436368 -1.183719 -2.605819 -1.680068 -2.507122 -1.017949 -9999.0 -9999.0 -9999.0 -9999.0 -9999.0
-9999.0 -9999.0 -9999.0 -9999.0 -9999.0 -9999.0 -9999.0 -9999.0 -9999.0 -9999.0 -0.443581 -1.177347 -0.624918 -1.203528 -0.167146 -0.827299 -1.484805 -1.471571 -1.218718 -1.609914 -0.643564 -0.405092 -1.286547 -0.290765 -0.774673 -0.782770 -2.334281 -4.459725 -1.405111 -1.246445 -1.469622 -2.089070 -3.155110 -5.458986 -7.932859 -8.511683 -10.332432 -7.594635 -4.824258 -3.609746 -3.366147 -8.225749 -6.863780 -1.747450 -1.830047 -4.465938 -1.205476 -2.795065 -0.916748 -1.458252 -1.580597 -2.500225 -2.265138 -2.718879 -2.246561 -0.032840 -0.045078 -9999.0 -9999.0 -9999.0 -9999.0 -9999.0
-9999.0 -9999.0 -9999.0 -9999.0 -9999.0 -9999.0 -9999.0 -9999.0 -9999.0 -1.367715 -0.541112 -0.587181 -0.978226 -1.318878 -0.293134 -1.405195 -1.381138 -0.277386 -2.318314 -0.057442 -1.288783 -1.028096 -0.871534 -1.184729 -0.805221 -2.770244 -2.987423 -1.047100 -0.997460 -1.159169 -3.178232 -4.148153 -6.036557 -6.445527 -6.621285 -7.558520 -6.896185 -8.116022 -8.241323 -8.835940 -4.394921 -5.170417 -5.246597 -2.296047 -6.599361 -2.476187 -0.195984 -2.529450 -1.814101 -0.826328 -1.436818 -1.085555 -2.920511 -1.360552 -1.057011 -1.020641 -0.091014 -0.578758 -0.897074 -9999.0 -9999.0 -9999.0
-9999.0 -9999.0 -9999.0 -9999.0 -9999.0 -9999.0 -9999.0 -9999.0 -9999.0 -1.513994 -1.305469 -1.230655 -0.309342 -1.151992 -0.982341 -1.177143 -0.122474 -1.301358 -3.398458 -2.280141 -2.113500 -4.648352 -0.826416 -0.698802 -2.287127 -1.434353 -1.172176 -0.956408 -3.300101 -1.734069 -2.766960 -4.613364 -3.862386 -2.903645 -4.784425 -6.402292 -7.154047 -6.990651 -6.517474 -4.670103 -1.870781 -4.543555 -2.557135 -4.716528 -1.442193 -5.577426 -6.339862 -4.091159 -1.054844 -1.850207 -1.139949 -1.167283 -1.231409 -1.180721 -2.096506 -0.287060 -0.089196 -0.137667 -0.751805 -9999.0 -9999.0 -9999.0
-9999.0 -9999.0 -9999.0 -9999.0 -9999.0 -9999.0 -9999.0 -9999.0 -9999.0 -9999.0 -1.282174 -1.247243 -1.404346 -0.977045 -1.369954 -0.778528 -0.459239 -0.346423 -0.116769 -3.107422 -1.304097 -1.840576 -0.456316 -1.381729 -1.521394 -1.229772 -3.713375 -5.317235 -1.768405 -1.950331 -2.875337 -1.331352 -3.666226 -4.107036 -3.376971 -2.118905 -1.772094 -3.739277 -5.371970 -5.282656 -5.579189 -1.502799 -2.336016 -1.727904 -4.309240 -6.091905 -3.685796 -1.600616 -6.021415 -2.969358 -1.441053 -1.107881 -1.150085 -1.127016 -1.238536 -1.141208 -1.016425 -1.113994 -0.191638 -0.113472 -9999.0 -9999.0
-9999.0 -9999.0 -9999.0 -9999.0 -9999.0 -9999.0 -9999.0 -9999.0 -9999.0 -9999.0 -1.299407 -1.325061 -1.364189 -0.844362 -0.868523 -1.315142 -1.365853 -1.495129 -0.051349 -0.300020 -3.230072 -1.618546 -0.082053 -1.364220 -1.221134 -5.262423 -3.324444 -1.863425 -1.730948 -4.028739 -3.758631 -1.462494 -4.227397 -3.934792 -3.983085 -2.777126 -3.274405 -4.306248 -4.752502 -3.586560 -1.284831 -1.571286 -1.433058 -3.098267 -0.611296 -1.232089 -1.345207 -2.976028 -6.848844 -5.453557 -3.055639 -1.121033 -0.672648 -1.087552 -1.163726 -1.108028 -1.120483 -0.094634 -4.109482 -0.870066 -9999.0 -9999.0
-9999.0 -9999.0 -9999.0 -9999.0 -9999.0 -9999.0 -9999.0 -9999.0 -0.506699 -1.204564 -1.871256 -1.445837 -1.409286 -1.382109 -1.291300 -1.658332 -3.545029 -4.371904 -0.033604 -0.030223 -0.055342 -0.120681 -4.532650 -1.841074 -2.102933 -0.150982 -1.243885 -1.751464 -1.541410 -2.506949 -5.190168 -3.406548 -2.456215 -1.896009 -1.235171 -4.418569 -1.338630 -3.124409 -4.569787 -1.787916 -3.289799 -1.844095 -3.802580 -4.225074 -1.117258 -0.801608 -2.025376 -0.673489 -2.397775 -3.513406 -1.384621 -1.261285 -0.404107 -1.144880 -1.099927 -0.040641 -0.780041 -0.111239 -1.388181 -6.066069 -9999.0 -9999.0
-9999.0 -9999.0 -9999.0 -9999.0 -9999.0 -9999.0 -9999.0 -9999.0 -1.747771 -1.068215 -2.167421 -2.610267 -1.433048 -1.497964 -1.332983 -1.668533 -0.617436 -0.985179 -0.065316 -0.025707 -0.035403 -0.038874 -3.057884 -4.908416 -0.122213 -0.068432 -1.614366 -1.666067 -3.446166 -1.392722 -1.349536 -2.712985 -1.286526 -1.254869 -1.178289 -1.278142 -1.369193 -1.579246 -2.591763 -1.210599 -2.282937 -4.357446 -3.544745 -1.097843 -1.274826 -1.155751 -2.446101 -1.618218 -1.222987 -1.891211 -4.712001 -1.421471 -0.924081 -0.044464 -1.234304 -1.505890 -1.120198 -1.143804 -6.169092 -0.808385 -0.835370 -9999.0
-9999.0 -9999.0 -9999.0 -9999.0 -9999.0 -9999.0 -9999.0 -9999.0 -1.465263 -1.308902 -0.742620 -2.070276 -1.421701 -2.554366 -0.339866 -1.582789 -4.219279 -2.666744 -0.067829 -0.749050 -0.021920 -0.827443 -0.051307 -0.056206 -0.028888 -3.268437 -1.882003 -1.636382 -4.818966 -2.181357 -2.373636 -1.391668 -2.250434 -3.472655 -0.719350 -1.027208 -1.198606 -2.396500 -1.826877 -1.222869 -1.204500 -1.192444 -0.621229 -1.186662 -1.280672 -1.275857 -1.149182 -0.119188 -1.211701 -1.545447 -3.425460 -2.192938 -1.537103 -1.343855 -2.198113 -1.773694 -5.448608 -5.513453 -4.386103 -3.466294 -0.806087 -9999.0
-9999.0 -9999.0 -9999.0 -9999.0 -9999.0 -9999.0 -9999.0 -9999.0 -4.013213 -1.286702 -0.348486 -3.288058 -0.171801 -0.346075 -1.523402 -3.878157 -1.080428 -0.067910 -4.394501 -0.040093 -1.632304 -0.032475 -0.035192 -0.100481 -1.299816 -0.443355 -0.419706 -2.347944 -0.337264 -1.252329 -2.131068 -1.622132 -1.065680 -1.360851 -1.401773 -1.200849 -1.276827 -0.885714 -2.546382 -1.448474 -1.268807 -1.012352 -0.900012 -1.711552 -0.336060 -1.177478 -0.364083 -1.049875 -0.283354 -1.552947 -0.784565 -4.923037 -4.984015 -1.034439 -6.468423 -6.556090 -5.950137 -5.230463 -1.269461 -0.870609 -3.594474 -0.339463
-9999.0 -9999.0 -9999.0 -9999.0 -9999.0 -9999.0 -9999.0 -9999.0 -1.426129 -1.298414 -0.335312 -0.623846 -0.360360 -1.990775 -0.707444 -3.494042 -2.443655 -2.610875 -1.030328 -1.997768 -0.077634 -0.045061 -0.059196 -2.355577 -2.800116 -0.385725 -1.619327 -0.800193 -0.320204 -0.543229 -1.342680 -0.374185 -3.326605 -0.768868 -2.024138 -1.430152 -1.232476 -0.479824 -3.625671 -1.382219 -2.115239 -1.738108 -1.174585 -1.632498 -1.601467 -1.056594 -1.454192 -1.042168 -1.317931 -3.231617 -5.049318 -7.596835 -5.777261 -6.733101 -7.073798 -5.724284 -3.282544 -2.483426 -3.959018 -4.582908 -4.877162 -0.107700
-9999.0 -9999.0 -1.248415 -1.262925 -1.248275 -1.297323 -1.275594 -1.280260 -1.339278 -1.200691 -1.405648 -0.910082 -0.945582 -0.515079 -4.368663 -1.957927 -2.563496 -1.513571 -1.405790 -0.464477 -1.891287 -0.154541 -0.090626 -2.450652 -3.633511 -4.368424 -0.817315 -1.343771 -5.322141 -0.364681 -1.121007 -0.386589 -1.138588 -1.814264 -1.432462 -1.654507 -1.896725 -1.937789 -2.288404 -1.539244 -1.381318 -1.820108 -4.390308 -0.955932 -1.310931 -1.213589 -1.298935 -0.804038 -6.237637 -6.101970 -5.298764 -4.921619 -3.527232 -4.107110 -4.372237 -6.155725 -5.462304 -4.942286 -5.132868 -4.614735 -0.137516 -0.059288
-9999.0 -0.967636 -0.932947 -1.103375 -1.295157 -0.336730 -1.303975 -1.316436 -1.304636 -1.259197 -1.264343 -0.170049 -0.538153 -0.264214 -0.610493 -0.413074 -1.456349 -1.310718 -0.408624 -0.973127 -2.310437 -4.048318 -3.453386 -0.086342 -2.981744 -4.140522 -4.563471 -4.631039 -3.896615 -4.112255 -4.184379 -1.988092 -1.860519 -3.398424 -2.824620 -3.769027 -4.166673 -4.083030 -3.265330 -2.337529 -2.456914 -4.811109 -5.313944 -1.975368 -2.508816 -6.133270 -4.295974 -2.474413 -4.038211 -4.582727 -2.425355 -3.137952 -5.634083 -6.125461 -6.221312 -3.490410 -1.210573 -0.761679 -0.462472 -0.286171 -0.089865 -0.053925
-9999.0 -1.365150 -0.351693 -0.314043 -0.138312 -0.364333 -1.328773 -1.428549 -1.359393 -1.366184 -1.367130 -0.379042 -1.044138 -0.553238 -1.766164 -1.382995 -1.225718 -1.408905 -0.383548 -1.691193 -0.485461 -1.401591 -4.206640 -3.638205 -3.722050 -0.041144 -0.051086 -0.046408 -0.045413 -1.189564 -0.167912 -0.970420 -3.568486 -3.631020 -3.845007 -3.525684 -4.130282 -0.043233 -3.759579 -3.584863 -3.734497 -3.446531 -4.080566 -1.605639 -1.007192 -0.631372 -0.028569 -0.054432 -1.091257 -1.819952 -5.462985 -4.006978 -1.281815 -4.652124 -2.491609 -0.443855 -0.417954 -0.304645 -0.142978 -0.083893 -0.034875 -9999.0
