user2019/resources/simulation/Vinschgau/output-maps/TsL0001N0063.asc
ncols         63
nrows         48
xllcorner     598000.000000
yllcorner     5145000.000000
cellsize      1000.000000
NODATA_value  -9999.0
[rows 0 to 27 of 48, columns 0 to 62 of 63]
-9999.0 -9999.0 -9999.0 -9999.0 -9999.0 -9999.0 -9999.0 -9999.0 -9999.0 -9999.0 -9999.0 -9999.0 -9999.0 -9999.0 -9999.0 -9999.0 -9999.0 -9999.0 -9999.0 -9999.0 -9999.0 -9999.0 -9999.0 -9999.0 -9999.0 -9999.0 -9999.0 -9999.0 -9999.0 -9999.0 -9999.0 -9999.0 -9999.0 -9999.0 -9999.0 -9999.0 -9999.0 -9999.0 -9999.0 -9999.0 -9999.0 -9999.0 -9999.0 -9999.0 -9999.0 -9999.0 -9999.0 -9999.0 -9999.0 -9999.0 -9999.0 -9999.0 -9999.0 -9999.0 -9999.0 -9999.0 -9999.0 -9999.0 -9999.0 -9999.0 -9999.0 -9999.0 -9999.0
-9999.0 -9999.0 -9999.0 -9999.0 -9999.0 -9999.0 -9999.0 -9999.0 -9999.0 -9999.0 -9999.0 -9999.0 -9999.0 -9999.0 -9999.0 -9999.0 -9999.0 -9999.0 -9999.0 -9999.0 -9999.0 -9999.0 -9999.0 -9999.0 -9999.0 -9999.0 -9999.0 -0.686112 -1.040660 -1.197064 -0.971836 -1.035014 -0.953991 -9999.0 -9999.0 -9999.0 -9999.0 -9999.0 -9999.0 -9999.0 -9999.0 -9999.0 -9999.0 -9999.0 -9999.0 -9999.0 -9999.0 -9999.0 -9999.0 -9999.0 -9999.0 -9999.0 -9999.0 -9999.0 -9999.0 -9999.0 -9999.0 -9999.0 -9999.0 -9999.0 -9999.0 -9999.0 -9999.0
-9999.0 -9999.0 -9999.0 -9999.0 -9999.0 -9999.0 -9999.0 -9999.0 -9999.0 -9999.0 -9999.0 -9999.0 -9999.0 -9999.0 -9999.0 -9999.0 -9999.0 -9999.0 -9999.0 -9999.0 -9999.0 -9999.0 -9999.0 -9999.0 -0.101341 -0.459986 -0.777625 -1.302139 -0.361495 -0.639084 -0.966938 -9999.0 -9999.0 -9999.0 -9999.0 -9999.0 -9999.0 -9999.0 -9999.0 -9999.0 -9999.0 -9999.0 -9999.0 -9999.0 -9999.0 -9999.0 -9999.0 -9999.0 -9999.0 -9999.0 -9999.0 -9999.0 -9999.0 -9999.0 -9999.0 -9999.0 -9999.0 -9999.0 -9999.0 -9999.0 -9999.0 -9999.0 -9999.0
-9999.0 -9999.0 -9999.0 -9999.0 -9999.0 -9999.0 -9999.0 -9999.0 -9999.0 -9999.0 -9999.0 -9999.0 -9999.0 -9999.0 -9999.0 -9999.0 -9999.0 -9999.0 -9999.0 -9999.0 -9999.0 -9999.0 -9999.0 -0.227585 -0.029637 -0.002995 -0.002603 -0.001733 -0.003928 -0.930862 -1.467641 -0.612342 -9999.0 -9999.0 -9999.0 -9999.0 -9999.0 -9999.0 -9999.0 -9999.0 -9999.0 -9999.0 -9999.0 -9999.0 -9999.0 -9999.0 -9999.0 -9999.0 -9999.0 -9999.0 -9999.0 -9999.0 -9999.0 -9999.0 -9999.0 -9999.0 -9999.0 -9999.0 -9999.0 -9999.0 -9999.0 -9999.0 -9999.0
-9999.0 -9999.0 -9999.0 -9999.0 -9999.0 -9999.0 -9999.0 -9999.0 -9999.0 -9999.0 -9999.0 -9999.0 -9999.0 -9999.0 -9999.0 -9999.0 -9999.0 -9999.0 -0.001500 -0.038499 -9999.0 -0.139770 -0.067315 -0.001488 0.054713 0.073931 -0.021479 -0.024781 0.048179 -0.005881 -1.198768 -1.220772 -1.661106 -1.779210 -9999.0 -9999.0 -9999.0 -9999.0 -9999.0 -9999.0 -9999.0 -9999.0 -9999.0 -9999.0 -9999.0 -9999.0 -9999.0 -9999.0 -9999.0 -9999.0 -9999.0 -9999.0 -9999.0 -9999.0 -9999.0 -9999.0 -9999.0 -9999.0 -9999.0 -9999.0 -9999.0 -9999.0 -9999.0
-9999.0 -9999.0 -9999.0 -9999.0 -9999.0 -9999.0 -9999.0 -9999.0 -9999.0 -9999.0 -9999.0 -9999.0 -9999.0 -9999.0 -9999.0 -9999.0 -9999.0 1.374111 0.385057 0.000252 -0.144874 -0.025655 -0.020509 -0.008234 0.087297 -0.004604 -0.006299 -0.010417 -0.020556 -0.025793 -0.007974 -0.761948 -1.052397 -1.567995 -0.878008 -1.131430 -9999.0 -9999.0 -9999.0 -9999.0 -9999.0 -9999.0 -9999.0 -9999.0 -9999.0 -9999.0 -9999.0 -9999.0 -9999.0 -9999.0 -9999.0 -9999.0 -9999.0 -9999.0 -9999.0 -9999.0 -9999.0 -9999.0 -9999.0 -9999.0 -9999.0 -9999.0 -9999.0
-9999.0 -9999.0 -9999.0 -9999.0 -9999.0 -9999.0 -9999.0 -9999.0 -9999.0 -9999.0 -9999.0 -9999.0 -9999.0 -0.049643 -0.014261 0.022575 0.766768 1.450943 1.022114 0.073908 0.067775 0.105266 0.116972 0.060264 -0.008558 -0.396152 -0.862561 -0.358461 -0.651458 -0.045052 -0.025078 -0.045608 -0.551011 -1.050560 -1.292965 -1.691330 -9999.0 -9999.0 -9999.0 -9999.0 -9999.0 -9999.0 -9999.0 -9999.0 -9999.0 -9999.0 -9999.0 -9999.0 -9999.0 -9999.0 -9999.0 -9999.0 -9999.0 -9999.0 -9999.0 -9999.0 -9999.0 -9999.0 -9999.0 -9999.0 -9999.0 -9999.0 -9999.0
-9999.0 -9999.0 -9999.0 -9999.0 -9999.0 -9999.0 -9999.0 -9999.0 -9999.0 -9999.0 -9999.0 -9999.0 -9999.0 -0.016511 0.109596 0.163762 0.143371 1.053461 1.511035 0.430101 0.448292 -0.002383 -0.001399 -0.005356 -0.017275 -0.031225 -1.036231 -0.864734 -1.013839 -0.862020 -0.133188 -0.979124 -1.359062 -2.071413 -1.917236 -9999.0 -9999.0 -9999.0 -9999.0 -9999.0 -9999.0 -9999.0 -9999.0 -9999.0 -9999.0 -9999.0 -9999.0 -9999.0 -9999.0 -9999.0 -9999.0 -9999.0 -9999.0 -9999.0 -9999.0 -9999.0 -9999.0 -9999.0 -9999.0 -9999.0 -9999.0 -9999.0 -9999.0
-9999.0 -9999.0 -9999.0 -9999.0 -9999.0 -9999.0 -9999.0 -9999.0 -9999.0 -9999.0 -9999.0 -9999.0 -9999.0 -0.011412 0.126838 0.126486 -0.002051 0.249308 1.549018 0.877135 -0.001868 -0.019899 -0.002326 -0.020403 -0.021979 -0.023021 -0.677024 -0.912174 -1.252045 -1.042186 -0.958304 -1.816558 -1.804123 -2.219279 -2.297921 -9999.0 -9999.0 -9999.0 -9999.0 -9999.0 -9999.0 -9999.0 -9999.0 -9999.0 -9999.0 -9999.0 -9999.0 -9999.0 -9999.0 -9999.0 -9999.0 -9999.0 -9999.0 -9999.0 -9999.0 -9999.0 -9999.0 -9999.0 -9999.0 -9999.0 -9999.0 -9999.0 -9999.0
-9999.0 -9999.0 -9999.0 -9999.0 -9999.0 -9999.0 -9999.0 -9999.0 -9999.0 -9999.0 -9999.0 -9999.0 -0.015308 -0.002895 0.058842 -0.031152 -0.007660 -0.001558 1.314749 0.474188 -0.002536 -0.170498 -0.105071 -0.135730 -0.023944 -0.798832 -0.110417 -0.400040 -0.974635 -0.946730 -1.088519 -1.177778 -1.360959 -1.142152 -9999.0 -9999.0 -9999.0 -9999.0 -9999.0 -9999.0 -9999.0 -9999.0 -9999.0 -9999.0 -9999.0 -9999.0 -9999.0 -9999.0 -9999.0 -9999.0 -9999.0 -9999.0 -9999.0 -9999.0 -9999.0 -9999.0 -9999.0 -9999.0 -9999.0 -9999.0 -9999.0 -9999.0 -9999.0
-9999.0 -9999.0 -9999.0 -9999.0 -9999.0 -9999.0 -9999.0 -9999.0 -9999.0 -9999.0 -9999.0 -0.020918 -0.019776 -0.003222 -0.029151 -0.025370 -0.016316 -0.001876 1.386974 0.760973 -0.001624 -0.002543 -0.073257 -0.614697 -0.177045 -0.474764 -0.874703 -0.443304 -0.442717 -1.255894 -0.794782 -1.299800 -1.048237 -1.209397 -1.539002 -1.955731 -2.450549 -1.253181 -0.241669 -9999.0 -9999.0 -9999.0 -1.585939 -9999.0 -9999.0 -9999.0 -9999.0 -9999.0 -9999.0 -9999.0 -9999.0 -9999.0 -9999.0 -9999.0 -9999.0 -9999.0 -9999.0 -9999.0 -9999.0 -9999.0 -9999.0 -9999.0 -9999.0
-9999.0 -9999.0 -9999.0 -9999.0 -9999.0 -9999.0 -9999.0 -9999.0 -9999.0 -9999.0 -9999.0 -0.039526 -0.019267 -0.014072 -0.016161 -0.031885 -0.014010 0.298349 1.384721 0.734083 0.147506 -0.012364 -0.050943 -0.229515 -0.116329 -0.509973 -0.615676 -0.780495 -0.531508 -0.778218 -1.109696 -0.585264 -1.623258 -1.341076 -1.742257 -1.874747 -0.349709 -0.568082 -0.996042 -3.895437 -2.753713 -2.484002 -1.757266 -1.213269 -9999.0 -9999.0 -9999.0 -0.037703 -0.011512 -0.027066 -0.011187 -0.006979 -0.005575 -0.005051 -0.004642 -0.004788 -9999.0 -9999.0 -9999.0 -9999.0 -9999.0 -9999.0 -9999.0
-9999.0 -9999.0 -9999.0 -9999.0 -9999.0 -9999.0 -9999.0 -9999.0 -9999.0 -9999.0 -9999.0 -0.037051 -0.115279 -0.032225 -0.021786 -0.032464 -0.020541 -0.001429 0.852767 0.836810 0.125245 -0.020464 -0.039599 -0.170507 -0.729700 -0.504067 -0.052615 -0.066843 -0.580998 -0.652780 -0.863562 -0.348208 -1.152275 -1.386121 -1.645533 -1.152876 -2.109288 -0.876285 -0.670592 -3.310395 -0.350112 -2.453983 -0.634876 -1.526980 -0.802459 -9999.0 -0.522526 -0.042008 -0.010808 -0.015756 -0.025933 -0.077262 -0.005574 0.004915 0.003372 -0.004554 -9999.0 -9999.0 -9999.0 -9999.0 -9999.0 -9999.0 -9999.0
-9999.0 -9999.0 -9999.0 -9999.0 -9999.0 -9999.0 -9999.0 -9999.0 -9999.0 -9999.0 -9999.0 -9999.0 -0.030437 -0.020198 -0.012125 -0.013091 -0.072460 -0.004166 1.208083 0.967986 0.092981 -0.006625 -0.006017 -0.021445 -0.383638 -0.086983 -0.009322 -0.618857 -0.650399 -0.526430 -0.852050 -0.312246 -1.070503 -1.248918 -1.270361 -2.072053 -3.104078 -0.268351 -0.178413 -2.166855 -0.262226 -0.794822 -1.361184 -0.011393 -1.190715 -0.274595 -0.212545 -0.073448 -0.087081 -0.028981 -0.032678 -0.015901 -0.019547 -0.013074 -0.142513 -0.204675 -0.006383 -9999.0 -9999.0 -9999.0 -9999.0 -9999.0 -9999.0
-9999.0 -9999.0 -9999.0 -9999.0 -9999.0 -9999.0 -9999.0 -9999.0 -9999.0 -9999.0 -9999.0 -0.019977 -0.222981 -0.034559 -0.015471 -0.014988 -0.027404 -0.004933 1.107075 1.249550 0.346109 -0.001964 -0.015689 -0.053530 -0.048479 -0.017735 -0.026873 -0.741942 -0.655951 -0.830808 -0.322428 -0.051092 -0.026781 -1.182630 -1.756299 -2.017906 -2.752043 -2.307406 -0.047628 -0.111284 -1.326714 -0.005627 -0.006476 -0.112687 -0.007927 -0.228444 -0.057452 -0.460225 -0.053384 -0.041171 -0.476381 -0.669667 -0.392227 -0.655615 -0.658585 -0.745114 -0.004068 -9999.0 -9999.0 -9999.0 -9999.0 -9999.0 -9999.0
-9999.0 -9999.0 -9999.0 -9999.0 -9999.0 -9999.0 -9999.0 -9999.0 -9999.0 -9999.0 -0.016396 -0.014833 -0.011681 -0.036944 -0.011576 -0.012190 -0.026489 -0.004685 0.561309 1.213039 0.586318 -0.001312 -0.013720 -0.017120 -0.004655 -0.022884 -0.460660 -0.591197 -0.033381 -0.024831 -0.020214 -0.024707 -0.348044 -1.107989 -2.458030 -2.061808 -1.612006 -3.042809 -0.224031 -0.009008 -0.003253 0.382501 -0.000240 0.393815 -0.036024 -1.318816 -0.043768 -0.360418 -0.016236 -0.006362 -0.010985 -0.717534 -0.693952 -0.761875 -0.715340 -0.003829 -0.004406 -9999.0 -9999.0 -9999.0 -9999.0 -9999.0 -9999.0
-9999.0 -9999.0 -9999.0 -9999.0 -9999.0 -9999.0 -9999.0 -9999.0 -9999.0 -0.332551 -0.056510 -0.017776 -0.014803 -0.014593 -0.015068 -0.020466 -0.047970 -0.012027 0.708267 1.354691 1.032828 -0.002914 -0.002753 -0.001898 -0.018074 -0.201094 -0.800807 -0.019085 -0.007582 -0.003474 -0.003952 -0.266060 -0.969322 -1.319406 -1.163438 -1.670183 -1.208824 -1.445567 -1.386998 -1.642318 -0.006968 -0.041232 -0.077774 0.773540 -0.001443 -0.013728 -0.001165 -0.280452 -0.067915 -0.003912 -0.068634 -0.006170 -0.830645 -0.111739 -0.005106 -0.013433 -0.007004 0.001849 -0.001876 -9999.0 -9999.0 -9999.0 -9999.0
-9999.0 -9999.0 -9999.0 -9999.0 -9999.0 -9999.0 -9999.0 -9999.0 -9999.0 -0.257212 -0.222038 -0.250311 0.061459 -0.011232 -0.015613 -0.013260 -0.006081 -0.003134 1.343288 1.430892 1.246429 0.931689 -0.002194 -0.015614 -0.205885 -0.087087 -0.011896 -0.001903 -0.002290 -0.022595 -0.024328 -0.473042 -0.774743 -0.770202 -1.428744 -1.599572 -1.572217 -1.307038 -1.173955 -0.309436 -0.067347 -0.765376 -0.102069 -0.004593 1.306582 0.555984 0.396092 -0.003828 -0.003653 -0.002625 -0.028156 -0.020315 -0.009314 -0.207853 -0.677492 -0.033976 -0.007892 -0.009258 0.002585 -9999.0 -9999.0 -9999.0 -9999.0
-9999.0 -9999.0 -9999.0 -9999.0 -9999.0 -9999.0 -9999.0 -9999.0 -9999.0 -9999.0 -0.274366 -0.202073 -0.019754 -0.004140 -0.009551 -0.015390 -0.014421 -0.000751 2.410533 2.389260 1.270918 0.470392 -0.014190 -0.017191 -0.070372 -0.003425 -0.001732 0.086789 -0.026876 -0.389698 -0.500751 -0.047225 -0.872507 -0.932922 -1.053200 -0.036708 -0.100743 -0.188585 -1.219204 -0.970273 -0.985481 -0.065528 -0.021201 -0.031683 -0.027732 -0.007812 -0.001871 -0.000407 1.336897 -0.003136 -0.056208 -0.048115 -0.006307 -0.007743 -0.263185 -0.695551 -0.100106 -0.001409 -0.000713 -0.001097 -9999.0 -9999.0 -9999.0
-9999.0 -9999.0 -9999.0 -9999.0 -9999.0 -9999.0 -9999.0 -9999.0 -9999.0 -9999.0 -0.300040 -0.284358 -0.076269 -0.014258 -0.001228 -0.003258 -0.003618 0.564325 2.935254 2.830125 0.824556 -0.001990 -0.000536 -0.027454 -0.005563 0.162885 0.946605 -0.002240 -0.035838 -0.868999 -0.837983 -0.107573 -0.588158 -0.947800 -0.913022 -0.471770 -0.054005 -0.405405 -1.169395 -0.879892 -0.428620 -0.134804 -0.103566 -0.652273 -0.072939 -0.027341 -0.022143 -0.024522 1.355566 1.490635 -0.001845 -0.020775 -0.010634 -0.003999 -0.004914 -0.003547 -0.731832 -0.007829 1.869931 1.890106 -9999.0 -9999.0 -9999.0
-9999.0 -9999.0 -9999.0 -9999.0 -9999.0 -9999.0 -9999.0 -9999.0 -0.013263 -0.012386 -0.126169 -0.077921 -0.025754 -0.026436 -0.015004 0.537075 0.926665 1.743158 3.159785 3.172252 2.492247 1.029567 0.591568 -0.002274 -0.001710 1.511437 0.172456 -0.026099 -0.071490 -0.722819 -0.986180 -0.861147 -0.642047 -0.775093 -0.343910 -0.922235 -0.069009 -0.056165 -0.838735 -0.304042 -0.757454 -0.622466 -0.799089 -0.862700 -0.085957 -0.017506 -0.534600 -0.014228 -0.002096 1.826383 0.139994 -0.001443 -0.011962 -0.017412 -0.001543 0.004545 0.002293 -0.011569 0.424069 3.989577 -9999.0 -9999.0 -9999.0
-9999.0 -9999.0 -9999.0 -9999.0 -9999.0 -9999.0 -9999.0 -9999.0 -0.025845 -0.013247 -0.105739 -0.580474 -0.250057 -0.015321 -0.014878 -0.001781 0.390414 0.409692 3.232610 3.625194 4.060276 3.130575 1.040168 0.365089 0.861261 1.888836 0.600196 -0.027908 -0.653031 -0.164741 -0.358154 -0.884186 -0.110697 -0.392049 -0.048248 -0.069313 -0.031011 -0.018169 -0.588440 -0.062971 -0.929611 -0.996306 -0.886684 -0.012960 -0.021861 -0.027757 -0.651407 -0.605155 -0.026609 1.303418 2.092052 -0.001118 -0.013045 -0.002422 -0.034525 -0.000280 -0.001205 -0.000704 2.987853 5.027386 5.326096 -9999.0 -9999.0
-9999.0 -9999.0 -9999.0 -9999.0 -9999.0 -9999.0 -9999.0 -9999.0 -0.583558 -0.025332 -0.011683 -0.140330 -0.031541 -0.318950 -0.012228 -0.008334 0.076968 0.306200 3.340283 4.179805 3.996334 3.804946 3.340953 2.664977 2.610410 1.288498 0.082580 -0.032667 -1.043886 -0.937305 -0.749222 -0.050173 -0.980342 -1.034768 -0.014538 -0.010773 -0.054953 -0.002347 -0.159278 -0.124593 -0.258488 -0.367235 -0.026134 -0.150095 -0.285212 -0.383989 -0.014085 -0.010374 -0.102603 0.220601 3.370442 0.702745 -0.002339 -0.035816 -0.000580 0.514028 2.472645 3.375774 4.764351 5.151055 5.303089 -9999.0 -9999.0
-9999.0 -9999.0 -9999.0 -9999.0 -9999.0 -9999.0 -9999.0 -9999.0 -0.672941 -0.071766 -0.014434 -0.311508 -0.011559 -0.011879 -0.001708 0.385306 2.813862 3.608107 2.732038 3.625398 3.784898 4.093342 4.072068 3.545113 1.603756 0.298074 -0.016447 -0.060291 -0.026595 -0.010867 -0.285929 -0.041772 -0.004904 -0.006832 -0.307465 -0.083518 -0.096682 -0.001041 -0.036687 -0.607101 -0.019979 -0.016846 -0.016392 -0.940505 -0.011095 -0.006949 -0.006927 -0.052813 -0.017145 -0.011110 0.803669 3.853130 0.878420 0.148008 2.884938 3.808012 4.708835 5.244272 5.596902 5.221822 4.088879 1.901285 -9999.0
-9999.0 -9999.0 -9999.0 -9999.0 -9999.0 -9999.0 -9999.0 -9999.0 -0.102281 -0.044660 -0.011278 -0.012010 -0.001597 0.082177 0.405778 2.345293 2.088808 1.529428 0.357406 1.218649 2.978083 3.997124 4.108436 3.955925 0.784907 0.022081 -0.023814 -0.011686 -0.000559 -0.000542 -0.015221 -0.005372 -0.001385 -0.005109 -0.038832 -0.035385 -0.007755 0.953149 0.069851 -0.013102 -0.060629 -0.034805 -0.008244 -0.019741 -0.444464 -0.026324 -0.028604 -0.002331 -0.003029 0.074440 2.238738 3.340885 4.257007 4.211950 4.689110 4.736059 5.136754 5.153937 5.023773 4.206726 3.285200 1.173856 -9999.0
-9999.0 -9999.0 -0.073980 -0.027423 -0.035539 -0.107240 -0.012821 -0.142165 -0.038972 -0.044987 -0.021492 0.322405 0.193943 0.622770 2.207268 2.235366 0.055461 -0.030930 -0.024817 -0.001125 1.364592 3.957630 4.037712 3.933645 2.678836 0.667370 -0.000519 -0.001890 0.942953 0.104329 -0.000904 -0.000511 0.767021 0.192026 0.275486 -0.000064 0.715747 0.444946 1.155977 -0.000798 -0.001696 -0.001252 -0.000049 -0.001908 -0.002571 -0.004141 0.265997 0.565774 1.814304 3.245690 4.388771 4.919745 5.069858 4.723697 4.727434 5.183686 4.928965 4.522999 3.519597 3.094486 0.270641 0.030709 -9999.0
-9999.0 -0.016045 -0.016105 -0.014433 -0.024883 -0.012514 -0.019493 -0.081096 -0.111986 -0.288551 -0.026513 -0.011308 1.285926 1.345973 1.018864 -0.010169 -0.022153 -0.065291 -0.022550 -0.000593 1.555653 3.502332 3.539307 4.205326 3.780279 2.764256 1.515283 1.754272 2.677937 1.250214 0.792611 0.578158 1.320452 2.562978 2.640182 2.984456 3.735575 4.586202 3.817813 0.209120 0.165250 2.686570 2.433073 0.907998 0.488956 1.161813 2.345030 3.995045 4.509787 4.769494 4.727000 4.718500 4.646650 4.093409 4.141764 3.543707 2.942221 0.471136 0.900038 -0.012946 -0.005139 -0.007203 -9999.0
-9999.0 -0.017143 -0.015779 -0.004209 -0.003822 -0.016148 -0.019238 -0.309431 -0.106095 -0.063900 -0.030412 -0.011372 1.268301 0.999994 0.273125 -0.026710 -0.128632 -0.149370 -0.008191 0.412853 0.606513 2.860407 4.049568 3.746220 4.133806 4.325983 4.156695 3.874667 3.788946 3.972026 3.783950 3.225181 3.212981 3.497322 4.054219 4.816557 5.941806 6.478979 6.020596 5.438877 5.206019 4.883719 4.302447 3.892433 4.226882 4.514188 4.514851 4.806391 4.653967 4.626735 3.821744 3.088497 2.834904 3.698625 3.090578 0.630578 0.893840 -0.013801 -0.011258 -0.005822 -0.005053 -9999.0 -9999.0
