user2019/resources/simulation/Vinschgau/output-maps/TsL0006N0838.asc
ncols         63
nrows         48
xllcorner     598000.000000
yllcorner     5145000.000000
cellsize      1000.000000
NODATA_value  -9999.0
[rows 0 to 27 of 48, columns 0 to 62 of 63]
-9999.0 -9999.0 -9999.0 -9999.0 -9999.0 -9999.0 -9999.0 -9999.0 -9999.0 -9999.0 -9999.0 -9999.0 -9999.0 -9999.0 -9999.0 -9999.0 -9999.0 -9999.0 -9999.0 -9999.0 -9999.0 -9999.0 -9999.0 -9999.0 -9999.0 -9999.0 -9999.0 -9999.0 -9999.0 -9999.0 -9999.0 -9999.0 -9999.0 -9999.0 -9999.0 -9999.0 -9999.0 -9999.0 -9999.0 -9999.0 -9999.0 -9999.0 -9999.0 -9999.0 -9999.0 -9999.0 -9999.0 -9999.0 -9999.0 -9999.0 -9999.0 -9999.0 -9999.0 -9999.0 -9999.0 -9999.0 -9999.0 -9999.0 -9999.0 -9999.0 -9999.0 -9999.0 -9999.0
-9999.0 -9999.0 -9999.0 -9999.0 -9999.0 -9999.0 -9999.0 -9999.0 -9999.0 -9999.0 -9999.0 -9999.0 -9999.0 -9999.0 -9999.0 -9999.0 -9999.0 -9999.0 -9999.0 -9999.0 -9999.0 -9999.0 -9999.0 -9999.0 -9999.0 -9999.0 -9999.0 -5.902643 -4.278196 -5.059006 -5.124208 -5.878726 -6.109110 -9999.0 -9999.0 -9999.0 -9999.0 -9999.0 -9999.0 -9999.0 -9999.0 -9999.0 -9999.0 -9999.0 -9999.0 -9999.0 -9999.0 -9999.0 -9999.0 -9999.0 -9999.0 -9999.0 -9999.0 -9999.0 -9999.0 -9999.0 -9999.0 -9999.0 -9999.0 -9999.0 -9999.0 -9999.0 -9999.0
-9999.0 -9999.0 -9999.0 -9999.0 -9999.0 -9999.0 -9999.0 -9999.0 -9999.0 -9999.0 -9999.0 -9999.0 -9999.0 -9999.0 -9999.0 -9999.0 -9999.0 -9999.0 -9999.0 -9999.0 -9999.0 -9999.0 -9999.0 -9999.0 -2.281583 -2.157887 -1.883469 -2.254762 -4.151131 -4.677355 -5.385581 -9999.0 -9999.0 -9999.0 -9999.0 -9999.0 -9999.0 -9999.0 -9999.0 -9999.0 -9999.0 -9999.0 -9999.0 -9999.0 -9999.0 -9999.0 -9999.0 -9999.0 -9999.0 -9999.0 -9999.0 -9999.0 -9999.0 -9999.0 -9999.0 -9999.0 -9999.0 -9999.0 -9999.0 -9999.0 -9999.0 -9999.0 -9999.0
-9999.0 -9999.0 -9999.0 -9999.0 -9999.0 -9999.0 -9999.0 -9999.0 -9999.0 -9999.0 -9999.0 -9999.0 -9999.0 -9999.0 -9999.0 -9999.0 -9999.0 -9999.0 -9999.0 -9999.0 -9999.0 -9999.0 -9999.0 -2.100777 -0.835541 0.019340 0.307488 0.585974 -0.002768 -2.040520 -5.278952 -5.945246 -9999.0 -9999.0 -9999.0 -9999.0 -9999.0 -9999.0 -9999.0 -9999.0 -9999.0 -9999.0 -9999.0 -9999.0 -9999.0 -9999.0 -9999.0 -9999.0 -9999.0 -9999.0 -9999.0 -9999.0 -9999.0 -9999.0 -9999.0 -9999.0 -9999.0 -9999.0 -9999.0 -9999.0 -9999.0 -9999.0 -9999.0
-9999.0 -9999.0 -9999.0 -9999.0 -9999.0 -9999.0 -9999.0 -9999.0 -9999.0 -9999.0 -9999.0 -9999.0 -9999.0 -9999.0 -9999.0 -9999.0 -9999.0 -9999.0 0.011091 -1.144204 -9999.0 -1.884354 -0.857913 -0.004561 0.027049 0.825520 0.003358 0.003020 0.010531 -0.002898 -2.713037 -4.987157 -6.979093 -9.396206 -9999.0 -9999.0 -9999.0 -9999.0 -9999.0 -9999.0 -9999.0 -9999.0 -9999.0 -9999.0 -9999.0 -9999.0 -9999.0 -9999.0 -9999.0 -9999.0 -9999.0 -9999.0 -9999.0 -9999.0 -9999.0 -9999.0 -9999.0 -9999.0 -9999.0 -9999.0 -9999.0 -9999.0 -9999.0
-9999.0 -9999.0 -9999.0 -9999.0 -9999.0 -9999.0 -9999.0 -9999.0 -9999.0 -9999.0 -9999.0 -9999.0 -9999.0 -9999.0 -9999.0 -9999.0 -9999.0 3.925966 2.093017 0.918554 -2.934071 -0.002081 -0.002856 -0.002229 0.011216 -0.002273 -0.003086 -0.002918 -0.002494 -0.001228 -1.455859 -4.848993 -5.064654 -5.777848 -7.750237 -9.017388 -9999.0 -9999.0 -9999.0 -9999.0 -9999.0 -9999.0 -9999.0 -9999.0 -9999.0 -9999.0 -9999.0 -9999.0 -9999.0 -9999.0 -9999.0 -9999.0 -9999.0 -9999.0 -9999.0 -9999.0 -9999.0 -9999.0 -9999.0 -9999.0 -9999.0 -9999.0 -9999.0
-9999.0 -9999.0 -9999.0 -9999.0 -9999.0 -9999.0 -9999.0 -9999.0 -9999.0 -9999.0 -9999.0 -9999.0 -9999.0 -0.747636 -0.002166 1.729260 3.425563 2.887245 3.497912 0.005680 0.003884 -0.001615 0.054053 0.002951 -0.001742 -0.842261 -2.283390 -1.027217 -0.817222 -0.002506 -1.451026 -3.338680 -5.381087 -6.101879 -6.635375 -9.335134 -9999.0 -9999.0 -9999.0 -9999.0 -9999.0 -9999.0 -9999.0 -9999.0 -9999.0 -9999.0 -9999.0 -9999.0 -9999.0 -9999.0 -9999.0 -9999.0 -9999.0 -9999.0 -9999.0 -9999.0 -9999.0 -9999.0 -9999.0 -9999.0 -9999.0 -9999.0 -9999.0
-9999.0 -9999.0 -9999.0 -9999.0 -9999.0 -9999.0 -9999.0 -9999.0 -9999.0 -9999.0 -9999.0 -9999.0 -9999.0 -0.003480 0.819592 2.438016 2.716615 2.170009 2.921416 1.167561 2.482368 0.235961 0.830234 -0.001980 -0.001990 -0.002394 -4.253060 -5.366404 -6.481896 -1.540793 -1.159715 -4.838073 -6.839180 -9.986618 -8.125098 -9999.0 -9999.0 -9999.0 -9999.0 -9999.0 -9999.0 -9999.0 -9999.0 -9999.0 -9999.0 -9999.0 -9999.0 -9999.0 -9999.0 -9999.0 -9999.0 -9999.0 -9999.0 -9999.0 -9999.0 -9999.0 -9999.0 -9999.0 -9999.0 -9999.0 -9999.0 -9999.0 -9999.0
-9999.0 -9999.0 -9999.0 -9999.0 -9999.0 -9999.0 -9999.0 -9999.0 -9999.0 -9999.0 -9999.0 -9999.0 -9999.0 0.358540 0.211112 1.512360 2.032750 3.022057 3.177181 3.409665 0.376235 -0.090820 -0.002180 -0.002521 -0.001779 -0.002277 -4.244706 -6.767047 -5.924519 -8.879984 -5.448636 -10.546965 -10.987061 -12.105843 -9.682798 -9999.0 -9999.0 -9999.0 -9999.0 -9999.0 -9999.0 -9999.0 -9999.0 -9999.0 -9999.0 -9999.0 -9999.0 -9999.0 -9999.0 -9999.0 -9999.0 -9999.0 -9999.0 -9999.0 -9999.0 -9999.0 -9999.0 -9999.0 -9999.0 -9999.0 -9999.0 -9999.0 -9999.0
-9999.0 -9999.0 -9999.0 -9999.0 -9999.0 -9999.0 -9999.0 -9999.0 -9999.0 -9999.0 -9999.0 -9999.0 -0.002901 0.008821 0.954200 -0.001562 0.471000 2.337799 2.686881 2.044379 0.001044 -0.002923 -0.126153 -0.003832 -0.852375 -4.334298 -2.957860 -5.538296 -5.342655 -7.046709 -10.479368 -7.277705 -6.193932 -10.268513 -9999.0 -9999.0 -9999.0 -9999.0 -9999.0 -9999.0 -9999.0 -9999.0 -9999.0 -9999.0 -9999.0 -9999.0 -9999.0 -9999.0 -9999.0 -9999.0 -9999.0 -9999.0 -9999.0 -9999.0 -9999.0 -9999.0 -9999.0 -9999.0 -9999.0 -9999.0 -9999.0 -9999.0 -9999.0
-9999.0 -9999.0 -9999.0 -9999.0 -9999.0 -9999.0 -9999.0 -9999.0 -9999.0 -9999.0 -9999.0 -0.689869 0.208331 0.365779 0.223906 -0.001230 0.639955 2.216165 2.700466 1.376909 0.787334 0.002031 -1.646874 -3.743096 -0.981587 -3.682905 -5.871097 -4.555646 -3.176682 -8.834159 -7.504257 -5.255341 -6.690599 -8.505028 -7.647950 -6.423996 -5.701839 -4.751076 -4.502637 -9999.0 -9999.0 -9999.0 -8.615561 -9999.0 -9999.0 -9999.0 -9999.0 -9999.0 -9999.0 -9999.0 -9999.0 -9999.0 -9999.0 -9999.0 -9999.0 -9999.0 -9999.0 -9999.0 -9999.0 -9999.0 -9999.0 -9999.0 -9999.0
-9999.0 -9999.0 -9999.0 -9999.0 -9999.0 -9999.0 -9999.0 -9999.0 -9999.0 -9999.0 -9999.0 -0.796111 0.585870 1.672543 1.640892 -0.721095 2.809668 2.933606 2.853981 1.822111 0.401559 -0.000881 -1.654004 -1.853165 -2.232264 -4.481567 -4.845102 -3.685235 -5.234535 -8.453786 -4.644663 -4.324389 -5.945272 -6.819456 -7.606999 -4.680370 -2.589152 -2.332684 -4.466035 -8.134554 -8.077327 -8.561462 -4.903317 -7.002423 -9999.0 -9999.0 -9999.0 -5.350104 -7.815897 -7.496745 -6.718925 -8.600439 -8.831770 -4.993082 -4.706644 -9.415215 -9999.0 -9999.0 -9999.0 -9999.0 -9999.0 -9999.0 -9999.0
-9999.0 -9999.0 -9999.0 -9999.0 -9999.0 -9999.0 -9999.0 -9999.0 -9999.0 -9999.0 -9999.0 -1.589985 -0.810004 -0.494975 -0.001634 -0.001190 -0.001193 2.392712 2.157896 1.885572 1.236170 -0.001781 -0.644132 -2.267724 -4.514988 -5.703884 -1.301134 -3.380529 -6.018178 -7.246291 -6.436800 -4.368292 -3.461645 -6.450035 -6.980725 -3.517039 -3.394098 -2.953792 -1.498358 -6.355058 -4.211032 -5.790609 -3.557458 -4.404080 -6.542850 -9999.0 -10.019455 -6.494127 -4.923667 -3.837067 -3.573345 -4.485195 -4.432563 -5.102840 -5.334878 -6.284526 -9999.0 -9999.0 -9999.0 -9999.0 -9999.0 -9999.0 -9999.0
-9999.0 -9999.0 -9999.0 -9999.0 -9999.0 -9999.0 -9999.0 -9999.0 -9999.0 -9999.0 -9999.0 -9999.0 -0.702498 -0.202718 -0.007598 -0.005214 -0.002371 1.657522 2.355389 1.911165 1.011386 -0.001899 -0.304685 -0.900378 -2.677824 -1.384004 -1.979338 -3.855353 -5.222494 -6.890726 -4.833847 -4.060820 -3.477736 -5.489813 -6.052270 -4.278005 -1.378720 -1.729857 -0.032490 -3.392195 -1.959602 -4.263856 -3.538461 -1.756124 -6.515183 -6.829962 -7.990657 -6.357733 -3.565594 -0.981633 -0.004400 -3.838403 -2.480883 -2.747153 -5.231275 -5.051801 -6.085820 -9999.0 -9999.0 -9999.0 -9999.0 -9999.0 -9999.0
-9999.0 -9999.0 -9999.0 -9999.0 -9999.0 -9999.0 -9999.0 -9999.0 -9999.0 -9999.0 -9999.0 -0.560304 -2.108629 -1.348991 -0.285516 -0.002358 -0.001347 0.949409 1.832432 2.995886 1.278563 -0.001934 -0.004452 -1.483992 -1.270686 -0.396364 -0.513855 -5.432537 -5.653976 -5.349354 -1.365635 -2.781876 -3.819298 -5.332648 -7.580344 -4.700667 -4.530489 -0.896084 -0.007719 -1.090578 -0.914669 -0.012497 -0.845223 -1.063485 -1.416578 -5.249380 -4.518274 -5.214649 -4.282592 -0.358033 -4.405686 -5.153007 -6.026057 -7.661823 -8.821342 -9.420181 -7.110801 -9999.0 -9999.0 -9999.0 -9999.0 -9999.0 -9999.0
-9999.0 -9999.0 -9999.0 -9999.0 -9999.0 -9999.0 -9999.0 -9999.0 -9999.0 -9999.0 -1.131910 -0.321748 -1.728830 -1.639322 -0.011755 -0.029280 -0.503906 -0.002584 2.428163 2.655886 0.497048 0.021803 -0.751940 -0.715191 -0.002008 -0.856141 -2.744703 -5.346593 -3.480145 -1.861523 -1.704241 -1.707257 -2.127477 -5.336684 -9.491193 -6.409126 -3.227670 -1.668487 -0.047276 -0.001621 -0.001510 0.017135 0.193858 0.226456 -0.003286 -5.162502 -3.959272 -1.382527 -1.625296 -0.001794 -5.448167 -7.646180 -9.323467 -10.272655 -10.175341 -5.377960 -5.249443 -9999.0 -9999.0 -9999.0 -9999.0 -9999.0 -9999.0
-9999.0 -9999.0 -9999.0 -9999.0 -9999.0 -9999.0 -9999.0 -9999.0 -9999.0 -4.276908 -1.364010 -1.681374 -0.636314 -0.526818 -0.486162 -0.147127 -0.004001 -0.001210 2.158966 3.084815 0.818209 -0.004046 -0.001652 -0.002266 -0.001274 -1.671916 -3.004993 -1.830948 -0.574034 -0.002331 -0.001362 -1.870778 -6.114904 -8.970513 -8.328738 -6.535814 -4.695051 -2.677556 -1.230558 -0.228134 -0.209427 -0.004229 -0.599365 0.891253 0.255983 -0.003459 -0.427618 -1.121051 -1.099014 -0.000142 -2.987558 -7.138102 -11.300636 -10.250779 -8.351398 -6.904625 -5.275987 -6.655791 -7.977941 -9999.0 -9999.0 -9999.0 -9999.0
-9999.0 -9999.0 -9999.0 -9999.0 -9999.0 -9999.0 -9999.0 -9999.0 -9999.0 -5.822778 -4.771315 -1.943532 -0.004987 -0.001992 -0.004765 -0.535580 -0.008598 -0.001444 2.728042 1.781604 1.418677 0.507456 0.021791 -0.001369 -1.282132 -1.528260 -0.031662 -0.001897 -0.001252 -0.001682 -0.381828 -2.252562 -4.263667 -6.375455 -5.116106 -6.528049 -5.978831 -4.661954 -4.485876 -1.503133 -0.583683 -2.525490 -0.011721 -0.001048 1.549412 0.614462 0.278988 -0.001982 -0.001908 -0.001323 -3.116554 -6.422414 -9.716479 -8.530227 -7.284240 -7.138709 -5.818936 -4.387763 -5.594267 -9999.0 -9999.0 -9999.0 -9999.0
-9999.0 -9999.0 -9999.0 -9999.0 -9999.0 -9999.0 -9999.0 -9999.0 -9999.0 -9999.0 -5.053919 -2.615633 -0.011871 -0.376240 -0.001729 -0.003460 -0.001982 0.116071 3.474230 2.666560 1.454690 1.309065 -0.001720 -0.001606 -1.309626 -0.002093 -0.001394 -0.000089 -0.362979 -1.790090 -2.153821 -2.202686 -4.769564 -5.766246 -3.893176 -3.837632 -1.787188 -0.846713 -5.954753 -4.725349 -5.158261 -1.707314 -0.783675 -0.002098 -0.001107 -0.001967 0.364768 0.189562 0.939325 -0.001693 -2.067330 -3.589950 -8.474163 -9.431681 -8.651377 -6.508706 -4.996875 -1.491348 -1.868383 -0.001895 -9999.0 -9999.0 -9999.0
-9999.0 -9999.0 -9999.0 -9999.0 -9999.0 -9999.0 -9999.0 -9999.0 -9999.0 -9999.0 -5.336025 -3.943314 -1.883378 -0.085104 0.027524 -0.003167 -0.002811 1.406227 3.927795 3.503951 2.502918 0.178735 -0.002307 -0.007532 -0.002273 -0.001103 0.320156 -0.002310 -1.488260 -4.433686 -4.774419 -4.086365 -4.810753 -6.581121 -4.642397 -1.352672 -1.501208 -0.402518 -2.965845 -5.616091 -4.402662 -3.737568 -3.351097 -2.546612 -0.844609 -0.440156 -0.001755 -0.001125 1.597675 0.671548 -0.003344 -2.921092 -5.044395 -7.965249 -10.093744 -9.251124 -6.551796 -1.119336 0.635034 0.440662 -9999.0 -9999.0 -9999.0
-9999.0 -9999.0 -9999.0 -9999.0 -9999.0 -9999.0 -9999.0 -9999.0 -2.214130 -4.844372 -5.897909 -2.758772 -3.299793 -3.100569 -0.079156 0.830641 1.687082 1.408085 3.386220 4.063133 4.297944 2.760585 1.651635 -0.004150 -0.001988 1.323530 0.006929 -0.954545 -2.243078 -4.429297 -9.240541 -4.736908 -4.652399 -6.250062 -4.337200 -4.314248 -0.574755 -0.199244 -2.761631 -6.571517 -5.252318 -1.844702 -4.404551 -6.121939 -4.098700 -1.752079 -2.569020 -0.457793 -0.001185 0.985318 -0.002486 -0.919529 -3.914533 -6.885564 -8.759545 -5.751756 -6.317612 -0.794039 -0.001300 2.387536 -9999.0 -9999.0 -9999.0
-9999.0 -9999.0 -9999.0 -9999.0 -9999.0 -9999.0 -9999.0 -9999.0 -3.922445 -1.990637 -3.881997 -5.703400 -4.250608 -1.799467 -0.695118 -0.001859 0.662859 1.222389 4.566272 4.578221 3.616680 2.818814 1.339515 0.225074 2.063487 2.175506 0.194025 -0.310327 -4.504846 -5.520876 -6.334016 -6.080557 -5.369423 -5.888303 -3.231270 -1.945963 -0.290059 -0.042597 -0.752051 -3.139735 -4.836664 -7.827517 -5.718169 -2.830007 -2.142385 -1.053311 -4.772609 -3.479800 -0.532043 0.878026 0.481092 -0.024016 -3.693331 -6.357321 -4.173175 -3.995097 -1.183027 -0.001848 1.188475 3.639444 4.650939 -9999.0 -9999.0
-9999.0 -9999.0 -9999.0 -9999.0 -9999.0 -9999.0 -9999.0 -9999.0 -4.643460 -2.461606 -3.170087 -4.694523 -4.641274 -4.098598 -0.569284 -0.985516 -0.003445 0.617130 4.549796 3.769124 5.040937 3.713171 3.026913 3.138503 1.874608 1.876307 -0.001319 -1.402677 -5.114552 -4.624394 -5.496916 -1.628548 -2.743456 -2.634142 -1.606318 -1.551710 -0.047187 1.054852 -0.002328 -0.942549 -3.587547 -5.359562 -2.209829 -2.579599 -1.406649 -2.374811 -6.496267 -3.966229 -1.873526 -0.001081 1.890548 -0.002334 -4.356908 -3.559840 -1.737868 -0.578590 -0.000036 1.082287 3.173936 3.431384 4.263575 -9999.0 -9999.0
-9999.0 -9999.0 -9999.0 -9999.0 -9999.0 -9999.0 -9999.0 -9999.0 -7.400007 -3.062519 -2.013927 -4.963344 -5.074289 -1.299183 -0.445316 -0.001265 2.781503 4.271643 2.252759 4.936685 4.441052 4.877715 3.831300 3.285539 2.565769 0.262070 -0.002285 -2.204396 -1.862398 -1.150270 -1.102590 -0.636486 -0.054952 -0.298042 -0.493587 -0.776612 -0.000386 2.648214 -0.000737 -0.002505 -1.972187 -1.810499 -1.810871 -4.167998 -3.248777 -5.256016 -3.394833 -4.497687 -4.132680 -1.222467 -0.001645 1.501164 -0.001762 -0.020962 -0.001122 0.318033 1.824528 2.921862 4.284093 4.036233 3.085632 1.715202 -9999.0
-9999.0 -9999.0 -9999.0 -9999.0 -9999.0 -9999.0 -9999.0 -9999.0 -7.233675 -2.658671 -1.805180 -1.771639 -1.502517 -0.100760 -0.001316 0.719300 0.803770 1.398718 -0.002923 1.604598 3.874905 4.162880 4.507661 4.210990 1.002672 -0.003292 -1.197389 -0.002434 -0.001378 -0.012857 -0.004131 -0.001640 0.480144 -0.000718 -0.001387 -0.001378 0.824814 4.470887 3.835811 0.492381 -0.001298 -0.001173 -0.001611 -0.002714 -1.182312 -1.479454 -0.629738 -0.236109 -0.719328 -0.001624 0.045777 0.889201 1.265905 0.403658 1.031809 1.391540 2.128484 2.845796 3.396512 3.016801 2.853331 1.143486 -9999.0
-9999.0 -9999.0 -4.195009 -2.267999 -4.106467 -1.617152 -3.897093 -3.618595 -5.365323 -4.202390 -1.225920 -0.609133 -0.132171 -0.003725 0.016958 0.370871 -0.001196 -1.313339 -0.081509 -0.002033 1.517180 4.080529 3.451683 5.462562 2.285945 0.911249 -0.003316 -0.002736 1.233719 0.002105 -0.001908 -0.001855 0.977237 1.882382 2.021534 3.166348 4.252615 6.668420 5.578158 3.073480 2.004037 2.025175 2.552279 0.810589 -0.001140 -0.001465 0.072029 0.714534 0.786118 1.801458 2.472617 2.407720 1.806652 1.376966 1.326241 1.449719 1.866689 2.203414 1.773294 2.282340 0.242395 0.421905 -9999.0
-9999.0 -0.513976 -1.009750 -1.171311 -1.541436 -3.432845 -3.886521 -3.912498 -4.997589 -5.673200 -2.489505 -1.020468 -0.002962 0.004075 0.020988 -0.444929 -1.264937 -1.780532 -0.760989 -0.002081 1.345315 2.763011 1.639137 3.226211 2.405095 1.967903 0.666036 0.953330 2.282367 1.315479 1.105019 1.088972 2.438428 3.320556 4.730113 5.947022 7.380337 9.899921 7.545900 6.089163 5.245865 5.061862 4.350350 3.260816 2.144189 2.570557 2.585804 4.377997 3.915797 4.449794 3.120499 2.380460 1.626884 0.905678 0.833902 0.402620 0.273341 0.594103 0.102205 -0.000136 -0.001409 0.215813 -9999.0
-9999.0 -0.701451 -0.978681 -0.207692 -0.003905 -1.689913 -2.734648 -4.372184 -5.708838 -6.024885 -3.093050 -1.409862 -0.001978 0.022629 -0.005095 -2.650962 -3.826570 -2.323565 -0.306302 -0.006654 0.000167 1.041679 1.773615 0.841498 1.660398 2.542884 4.802420 4.250326 3.718233 5.028542 5.735124 5.365554 4.142729 5.037843 5.782449 7.910430 9.357276 10.432625 10.066896 9.210100 8.430256 7.551900 6.422152 7.100166 7.275812 6.927296 5.181519 4.974537 4.486657 3.845789 2.240210 1.195737 0.360940 0.996041 0.271209 -0.002187 -0.020401 -0.002376 -0.002036 -0.002578 -0.002087 -9999.0 -9999.0
