user2019/resources/simulation/Vinschgau/output-maps/TsL0005N0892.asc
ncols         63
nrows         48
xllcorner     598000.000000
yllcorner     5145000.000000
cellsize      1000.000000
NODATA_value  -9999.0
[rows 0 to 27 of 48, columns 0 to 62 of 63]
-9999.0 -9999.0 -9999.0 -9999.0 -9999.0 -9999.0 -9999.0 -9999.0 -9999.0 -9999.0 -9999.0 -9999.0 -9999.0 -9999.0 -9999.0 -9999.0 -9999.0 -9999.0 -9999.0 -9999.0 -9999.0 -9999.0 -9999.0 -9999.0 -9999.0 -9999.0 -9999.0 -9999.0 -9999.0 -9999.0 -9999.0 -9999.0 -9999.0 -9999.0 -9999.0 -9999.0 -9999.0 -9999.0 -9999.0 -9999.0 -9999.0 -9999.0 -9999.0 -9999.0 -9999.0 -9999.0 -9999.0 -9999.0 -9999.0 -9999.0 -9999.0 -9999.0 -9999.0 -9999.0 -9999.0 -9999.0 -9999.0 -9999.0 -9999.0 -9999.0 -9999.0 -9999.0 -9999.0
-9999.0 -9999.0 -9999.0 -9999.0 -9999.0 -9999.0 -9999.0 -9999.0 -9999.0 -9999.0 -9999.0 -9999.0 -9999.0 -9999.0 -9999.0 -9999.0 -9999.0 -9999.0 -9999.0 -9999.0 -9999.0 -9999.0 -9999.0 -9999.0 -9999.0 -9999.0 -9999.0 -5.550423 -4.179772 -4.677195 -4.830787 -5.578844 -5.772949 -9999.0 -9999.0 -9999.0 -9999.0 -9999.0 -9999.0 -9999.0 -9999.0 -9999.0 -9999.0 -9999.0 -9999.0 -9999.0 -9999.0 -9999.0 -9999.0 -9999.0 -9999.0 -9999.0 -9999.0 -9999.0 -9999.0 -9999.0 -9999.0 -9999.0 -9999.0 -9999.0 -9999.0 -9999.0 -9999.0
-9999.0 -9999.0 -9999.0 -9999.0 -9999.0 -9999.0 -9999.0 -9999.0 -9999.0 -9999.0 -9999.0 -9999.0 -9999.0 -9999.0 -9999.0 -9999.0 -9999.0 -9999.0 -9999.0 -9999.0 -9999.0 -9999.0 -9999.0 -9999.0 -3.419249 -3.144868 -2.467998 -3.351947 -2.681905 -4.398711 -5.150598 -9999.0 -9999.0 -9999.0 -9999.0 -9999.0 -9999.0 -9999.0 -9999.0 -9999.0 -9999.0 -9999.0 -9999.0 -9999.0 -9999.0 -9999.0 -9999.0 -9999.0 -9999.0 -9999.0 -9999.0 -9999.0 -9999.0 -9999.0 -9999.0 -9999.0 -9999.0 -9999.0 -9999.0 -9999.0 -9999.0 -9999.0 -9999.0
-9999.0 -9999.0 -9999.0 -9999.0 -9999.0 -9999.0 -9999.0 -9999.0 -9999.0 -9999.0 -9999.0 -9999.0 -9999.0 -9999.0 -9999.0 -9999.0 -9999.0 -9999.0 -9999.0 -9999.0 -9999.0 -9999.0 -9999.0 -3.024872 -1.248853 -0.005751 0.294487 0.906687 -0.007180 -2.871867 -5.073094 -5.705018 -9999.0 -9999.0 -9999.0 -9999.0 -9999.0 -9999.0 -9999.0 -9999.0 -9999.0 -9999.0 -9999.0 -9999.0 -9999.0 -9999.0 -9999.0 -9999.0 -9999.0 -9999.0 -9999.0 -9999.0 -9999.0 -9999.0 -9999.0 -9999.0 -9999.0 -9999.0 -9999.0 -9999.0 -9999.0 -9999.0 -9999.0
-9999.0 -9999.0 -9999.0 -9999.0 -9999.0 -9999.0 -9999.0 -9999.0 -9999.0 -9999.0 -9999.0 -9999.0 -9999.0 -9999.0 -9999.0 -9999.0 -9999.0 -9999.0 -0.002771 -1.921217 -9999.0 -2.495636 -1.299133 -0.008482 -0.004298 0.814266 -0.003310 -0.002405 -0.001557 -0.005021 -3.241247 -4.781513 -6.646168 -8.931647 -9999.0 -9999.0 -9999.0 -9999.0 -9999.0 -9999.0 -9999.0 -9999.0 -9999.0 -9999.0 -9999.0 -9999.0 -9999.0 -9999.0 -9999.0 -9999.0 -9999.0 -9999.0 -9999.0 -9999.0 -9999.0 -9999.0 -9999.0 -9999.0 -9999.0 -9999.0 -9999.0 -9999.0 -9999.0
-9999.0 -9999.0 -9999.0 -9999.0 -9999.0 -9999.0 -9999.0 -9999.0 -9999.0 -9999.0 -9999.0 -9999.0 -9999.0 -9999.0 -9999.0 -9999.0 -9999.0 3.975045 2.314658 0.914337 -2.934066 -0.017235 -0.004866 -0.004608 -0.003849 -0.003345 -0.158980 -0.061449 -0.073492 -0.002509 -1.263448 -3.143931 -4.694099 -5.458003 -7.402157 -8.629020 -9999.0 -9999.0 -9999.0 -9999.0 -9999.0 -9999.0 -9999.0 -9999.0 -9999.0 -9999.0 -9999.0 -9999.0 -9999.0 -9999.0 -9999.0 -9999.0 -9999.0 -9999.0 -9999.0 -9999.0 -9999.0 -9999.0 -9999.0 -9999.0 -9999.0 -9999.0 -9999.0
-9999.0 -9999.0 -9999.0 -9999.0 -9999.0 -9999.0 -9999.0 -9999.0 -9999.0 -9999.0 -9999.0 -9999.0 -9999.0 -1.030225 -0.003414 1.813133 3.456954 3.294572 3.544439 -0.008389 -0.004760 -0.004808 -0.004686 -0.003565 -0.003103 -1.302624 -2.455193 -1.018015 -0.869911 -0.135798 -1.630411 -3.683201 -5.073248 -5.776259 -6.270213 -8.959562 -9999.0 -9999.0 -9999.0 -9999.0 -9999.0 -9999.0 -9999.0 -9999.0 -9999.0 -9999.0 -9999.0 -9999.0 -9999.0 -9999.0 -9999.0 -9999.0 -9999.0 -9999.0 -9999.0 -9999.0 -9999.0 -9999.0 -9999.0 -9999.0 -9999.0 -9999.0 -9999.0
-9999.0 -9999.0 -9999.0 -9999.0 -9999.0 -9999.0 -9999.0 -9999.0 -9999.0 -9999.0 -9999.0 -9999.0 -9999.0 -0.455217 0.772039 2.602215 2.768231 2.149251 3.341009 1.103676 2.617493 0.085018 0.859385 -0.003136 -0.010238 -0.082815 -4.177026 -5.023201 -6.135198 -1.924122 -1.367081 -4.583506 -6.528895 -9.882445 -7.747362 -9999.0 -9999.0 -9999.0 -9999.0 -9999.0 -9999.0 -9999.0 -9999.0 -9999.0 -9999.0 -9999.0 -9999.0 -9999.0 -9999.0 -9999.0 -9999.0 -9999.0 -9999.0 -9999.0 -9999.0 -9999.0 -9999.0 -9999.0 -9999.0 -9999.0 -9999.0 -9999.0 -9999.0
-9999.0 -9999.0 -9999.0 -9999.0 -9999.0 -9999.0 -9999.0 -9999.0 -9999.0 -9999.0 -9999.0 -9999.0 -9999.0 0.269939 0.039916 1.439780 2.146552 3.086816 3.557568 3.473772 0.143015 -0.121251 -0.003482 -0.007981 -0.002949 -0.006029 -3.944229 -6.427920 -5.660086 -8.697221 -5.184327 -10.565538 -10.934891 -13.132101 -9.246100 -9999.0 -9999.0 -9999.0 -9999.0 -9999.0 -9999.0 -9999.0 -9999.0 -9999.0 -9999.0 -9999.0 -9999.0 -9999.0 -9999.0 -9999.0 -9999.0 -9999.0 -9999.0 -9999.0 -9999.0 -9999.0 -9999.0 -9999.0 -9999.0 -9999.0 -9999.0 -9999.0 -9999.0
-9999.0 -9999.0 -9999.0 -9999.0 -9999.0 -9999.0 -9999.0 -9999.0 -9999.0 -9999.0 -9999.0 -9999.0 -0.006458 -0.009878 0.880477 -0.003093 0.531372 2.459262 2.681126 2.140631 -0.004604 -0.117525 -0.160144 -0.216879 -1.695151 -4.192261 -3.477077 -5.306949 -4.278898 -6.705050 -10.451918 -6.902220 -5.797890 -9.859757 -9999.0 -9999.0 -9999.0 -9999.0 -9999.0 -9999.0 -9999.0 -9999.0 -9999.0 -9999.0 -9999.0 -9999.0 -9999.0 -9999.0 -9999.0 -9999.0 -9999.0 -9999.0 -9999.0 -9999.0 -9999.0 -9999.0 -9999.0 -9999.0 -9999.0 -9999.0 -9999.0 -9999.0 -9999.0
-9999.0 -9999.0 -9999.0 -9999.0 -9999.0 -9999.0 -9999.0 -9999.0 -9999.0 -9999.0 -9999.0 -0.931179 0.092271 0.246362 0.084643 -0.175617 0.673964 2.321936 2.568180 1.392675 0.982822 -0.002911 -2.146291 -3.732605 -0.278433 -3.488276 -5.560896 -4.350650 -4.810277 -8.483376 -7.112186 -3.894702 -6.112105 -8.121160 -7.251418 -5.787435 -5.408086 -4.429243 -4.325092 -9999.0 -9999.0 -9999.0 -8.195803 -9999.0 -9999.0 -9999.0 -9999.0 -9999.0 -9999.0 -9999.0 -9999.0 -9999.0 -9999.0 -9999.0 -9999.0 -9999.0 -9999.0 -9999.0 -9999.0 -9999.0 -9999.0 -9999.0 -9999.0
-9999.0 -9999.0 -9999.0 -9999.0 -9999.0 -9999.0 -9999.0 -9999.0 -9999.0 -9999.0 -9999.0 -1.145020 0.571981 1.750345 1.667339 -0.953449 2.930690 3.203471 2.797702 1.717341 0.156249 -0.386399 -1.817220 -3.073590 -2.240460 -4.295404 -4.663537 -3.377626 -4.548731 -8.081391 -4.365008 -4.112324 -5.697539 -6.519456 -7.237605 -4.383618 -2.792607 -2.875172 -4.304775 -7.763042 -7.657671 -8.095224 -4.611677 -6.673384 -9999.0 -9999.0 -9999.0 -8.671811 -7.457016 -7.139039 -6.426676 -8.232082 -8.432601 -7.972040 -7.552212 -8.998975 -9999.0 -9999.0 -9999.0 -9999.0 -9999.0 -9999.0 -9999.0
-9999.0 -9999.0 -9999.0 -9999.0 -9999.0 -9999.0 -9999.0 -9999.0 -9999.0 -9999.0 -9999.0 -2.152834 -1.139243 -0.278744 -0.183946 -0.454820 -0.002446 2.610829 2.121298 1.755710 1.316978 -0.004422 -1.265295 -3.407267 -4.316818 -5.349574 -1.918857 -3.807719 -5.697110 -6.931695 -6.086935 -4.314079 -3.258060 -6.180706 -6.617716 -3.046469 -3.437146 -2.989610 -2.098379 -6.063484 -4.006304 -5.476388 -3.226541 -4.239371 -6.279352 -9999.0 -9.511488 -6.191866 -4.654385 -3.586356 -3.336298 -4.138280 -4.169304 -4.868353 -5.025341 -6.010017 -9999.0 -9999.0 -9999.0 -9999.0 -9999.0 -9999.0 -9999.0
-9999.0 -9999.0 -9999.0 -9999.0 -9999.0 -9999.0 -9999.0 -9999.0 -9999.0 -9999.0 -9999.0 -9999.0 -0.981693 -0.438799 -0.598462 -0.532537 -0.003892 1.830132 2.356660 1.790750 1.114986 -0.004534 -0.203175 -0.931834 -3.490886 -2.053132 -1.884298 -3.627199 -4.957629 -6.528808 -4.630728 -4.089910 -3.310519 -5.226132 -5.758400 -4.016169 -2.078883 -2.499579 -0.356546 -3.561378 -2.632815 -4.021350 -1.516717 -2.249615 -6.184773 -6.557037 -7.594695 -6.062836 -3.455561 -1.565932 -0.466580 -3.927629 -2.750909 -4.570203 -5.208580 -4.786126 -5.870748 -9999.0 -9999.0 -9999.0 -9999.0 -9999.0 -9999.0
-9999.0 -9999.0 -9999.0 -9999.0 -9999.0 -9999.0 -9999.0 -9999.0 -9999.0 -9999.0 -9999.0 -0.663954 -3.035003 -1.468409 -0.640212 -0.025090 -0.002543 1.074087 1.827008 3.162707 1.446009 -0.003383 -0.099027 -2.230720 -1.547280 -0.376711 -0.618077 -5.193473 -5.398219 -5.000011 -2.169241 -3.226645 -2.105044 -5.085569 -7.240887 -4.409941 -4.284767 -1.341911 -0.018047 -0.974380 -1.387308 -0.084040 -0.735158 -1.539423 -1.465355 -5.045748 -3.917460 -4.869893 -3.951173 -0.338786 -4.365097 -4.903678 -6.782109 -7.794463 -8.805512 -9.759496 -6.773165 -9999.0 -9999.0 -9999.0 -9999.0 -9999.0 -9999.0
-9999.0 -9999.0 -9999.0 -9999.0 -9999.0 -9999.0 -9999.0 -9999.0 -9999.0 -9999.0 -1.853598 -0.554996 -2.007853 -2.016006 -0.587497 -0.608840 -0.896728 -0.003568 2.624826 2.813226 0.280575 -0.001247 -0.728286 -0.994426 -0.038130 -1.678338 -2.840700 -5.327630 -3.405125 -2.574656 -2.645428 -2.722864 -2.534093 -5.086154 -9.106216 -6.057894 -3.199968 -1.805806 -0.054127 -0.002841 -0.002809 -0.002020 0.054433 0.316013 -0.158375 -4.860005 -3.816111 -1.297309 -0.678532 -0.033614 -6.771855 -7.303240 -9.296977 -10.624257 -10.099440 -5.079365 -4.917627 -9999.0 -9999.0 -9999.0 -9999.0 -9999.0 -9999.0
-9999.0 -9999.0 -9999.0 -9999.0 -9999.0 -9999.0 -9999.0 -9999.0 -9999.0 -4.078651 -1.438117 -1.556216 -0.339819 -0.999447 -0.358122 -0.221664 -0.180218 -0.143463 2.369185 3.227365 0.689349 -0.005912 -0.004673 -0.003323 -0.002822 -1.630880 -3.671856 -2.497172 -0.547092 -0.047090 -0.002735 -1.827485 -5.791257 -9.811498 -7.888963 -6.190121 -3.158056 -2.372111 -1.937566 -0.384543 -0.090147 -0.159513 -0.607268 1.009740 0.362670 -0.398926 -0.681883 -1.606338 -1.552260 -0.002435 -2.859089 -6.802698 -11.609591 -9.810355 -7.979234 -7.032013 -5.890336 -6.324167 -7.622054 -9999.0 -9999.0 -9999.0 -9999.0
-9999.0 -9999.0 -9999.0 -9999.0 -9999.0 -9999.0 -9999.0 -9999.0 -9999.0 -5.474811 -4.274951 -2.577168 -0.566662 -0.006058 -0.382922 -1.018556 -0.537899 -0.002534 3.022091 1.653238 1.282998 0.328364 -0.002008 -0.131847 -1.243840 -2.379548 -0.929573 -0.091650 -0.002381 -0.011875 -0.541873 -2.209028 -4.002668 -6.100593 -4.823179 -6.173367 -5.622363 -4.328684 -4.288415 -1.980302 -1.005789 -2.791002 -0.813147 -0.002292 1.636723 0.601336 0.259070 -0.003641 -0.008413 -0.002468 -3.073459 -6.395619 -9.356589 -8.208632 -6.934279 -7.918870 -5.865003 -4.958347 -5.282687 -9999.0 -9999.0 -9999.0 -9999.0
-9999.0 -9999.0 -9999.0 -9999.0 -9999.0 -9999.0 -9999.0 -9999.0 -9999.0 -9999.0 -4.843806 -2.549381 -0.181774 -0.505117 -0.004636 -0.175286 -0.007860 0.042478 3.843604 2.629142 1.353790 1.533653 -0.002994 -0.250958 -1.640728 -0.158127 -0.002721 -0.001662 -0.587209 -1.757457 -2.111054 -2.538486 -4.747332 -5.471942 -3.325621 -2.709693 -2.286585 -1.313313 -5.631193 -4.463661 -4.914163 -2.029738 -1.158159 -0.362369 -0.003763 -0.003089 0.475704 0.033881 0.932624 -0.003333 -2.022333 -5.169540 -8.130465 -9.078791 -8.352572 -6.203207 -3.698301 -1.641630 -2.177527 -0.144640 -9999.0 -9999.0 -9999.0
-9999.0 -9999.0 -9999.0 -9999.0 -9999.0 -9999.0 -9999.0 -9999.0 -9999.0 -9999.0 -5.060900 -3.834183 -2.605624 -0.116710 -0.001234 -0.004725 -0.003914 1.530212 4.222314 3.671705 2.599417 0.295772 -0.003776 -0.476511 -0.158057 -0.002248 0.276261 -0.006367 -1.449793 -4.422181 -4.539945 -3.169816 -6.125971 -6.298933 -4.433629 -1.732733 -1.629837 -0.398575 -2.946635 -5.367771 -4.161798 -3.411687 -1.580304 -2.981270 -0.926444 -0.405973 -0.051600 -0.003788 1.776363 0.648587 -0.020620 -2.910165 -5.041602 -7.618704 -9.742562 -8.873927 -6.268784 -1.650540 0.643786 0.394272 -9999.0 -9999.0 -9999.0
-9999.0 -9999.0 -9999.0 -9999.0 -9999.0 -9999.0 -9999.0 -9999.0 -3.328752 -4.688005 -5.610648 -3.261642 -3.529730 -1.364272 -0.063745 0.885919 1.912393 1.387101 3.352987 4.180834 4.386034 3.031646 1.856092 -0.006295 -0.003090 1.336876 -0.001976 -0.966466 -2.552027 -4.389639 -9.185659 -4.455669 -4.433389 -5.953373 -3.992252 -4.130767 -0.775753 -0.267360 -2.718087 -6.230296 -4.902897 -2.256137 -4.368161 -5.772795 -3.826019 -1.631151 -2.526630 -0.854857 -0.003945 0.897485 -0.006742 -0.868162 -3.947996 -6.844891 -8.386524 -5.460216 -5.971122 -1.174416 -0.002376 2.942717 -9999.0 -9999.0 -9999.0
-9999.0 -9999.0 -9999.0 -9999.0 -9999.0 -9999.0 -9999.0 -9999.0 -3.852368 -2.112245 -3.857722 -5.454566 -4.143236 -2.760557 -1.087650 -0.002997 0.786322 1.383495 4.771697 4.718687 3.556830 2.692590 1.256283 0.034686 2.280039 2.278399 0.252786 -0.544014 -6.114010 -5.279408 -6.049367 -5.727682 -3.922687 -5.534703 -3.408322 -2.737965 -0.641482 -0.279700 -0.745728 -3.337681 -4.615208 -7.828814 -5.367974 -3.136906 -2.051565 -1.350877 -4.743873 -3.482895 -0.514670 0.974301 0.446375 -0.386456 -5.247436 -6.073437 -4.016422 -4.152866 -1.774841 -0.042711 1.175900 3.573952 4.740085 -9999.0 -9999.0
-9999.0 -9999.0 -9999.0 -9999.0 -9999.0 -9999.0 -9999.0 -9999.0 -4.416539 -3.539342 -3.375997 -4.664008 -4.615570 -4.073491 -1.102830 -0.946202 -0.004949 0.634501 4.681928 3.713631 5.187415 3.620566 2.999660 3.263078 1.799601 2.033945 -0.002735 -1.400727 -5.098462 -4.420904 -5.152696 -2.216956 -3.037414 -2.617392 -1.984003 -1.797784 -0.040448 1.070081 -0.018937 -1.400347 -3.470101 -5.013398 -3.317504 -3.691419 -2.331922 -3.390082 -6.152174 -4.328378 -3.129661 -0.002304 1.948336 -0.004157 -4.897300 -5.335157 -2.946872 -1.308025 -0.001320 1.055829 3.203011 3.721504 4.236803 -9999.0 -9999.0
-9999.0 -9999.0 -9999.0 -9999.0 -9999.0 -9999.0 -9999.0 -9999.0 -7.033715 -3.173050 -1.003463 -5.683891 -3.818006 -1.531095 -0.408592 -0.002734 3.152941 4.441510 2.158106 5.022034 4.592592 5.011858 3.730348 3.209200 2.731453 0.338763 -0.010113 -2.160746 -2.359868 -1.254283 -1.612565 -0.862921 -0.073990 -0.289595 -0.461368 -1.018942 -0.008715 2.814662 -0.001825 -0.234813 -2.774094 -2.457676 -2.480289 -3.903703 -4.104274 -4.910947 -3.334408 -4.178280 -4.051107 -1.827097 -0.002654 1.541235 -0.003012 -1.079662 -0.004342 0.296669 1.822035 3.394273 4.460944 4.007717 3.084758 1.787294 -9999.0
-9999.0 -9999.0 -9999.0 -9999.0 -9999.0 -9999.0 -9999.0 -9999.0 -6.969052 -3.525207 -2.053404 -1.727386 -0.553662 -0.074793 -0.009096 0.673521 0.668233 1.531156 -0.004503 1.774569 3.986996 4.318486 4.638549 4.330732 0.947849 -0.004743 -1.264494 -0.161523 -0.003338 -0.140750 -0.386741 -0.005680 0.612813 -0.001977 -0.002850 -0.002684 0.832056 4.746692 4.171245 0.466214 -0.002548 -0.002901 -0.009409 -0.061371 -1.744738 -1.621959 -0.605817 -0.171836 -0.703246 -0.003352 0.001164 0.934572 1.300556 0.379838 1.006120 1.314355 2.032816 2.799760 3.399740 3.041562 3.003059 1.216783 -9999.0
-9999.0 -9999.0 -3.997507 -3.402881 -4.309254 -2.612703 -3.954581 -3.611345 -5.280947 -4.307659 -1.933208 -0.252371 -0.078069 -0.233099 -0.001166 0.277851 -0.003499 -1.374220 -0.897249 -0.003327 1.675121 4.316239 3.453072 5.517721 2.340592 1.023049 -0.004537 -0.004161 1.322068 -0.001767 -0.003048 -0.003298 1.219435 2.035041 2.024346 3.352817 4.289395 7.179189 6.165402 3.308393 2.021192 2.033097 2.712614 0.805826 -0.002868 -0.003073 0.020220 0.790229 0.800325 1.795945 2.476441 2.313313 1.728289 1.281906 1.228483 1.303283 1.821366 2.195039 1.788706 2.386217 0.074973 0.485272 -9999.0
-9999.0 -0.971325 -1.052571 -1.434651 -2.467590 -3.551717 -3.946381 -4.007344 -5.016865 -5.394263 -3.048330 -1.005818 -0.040708 -0.202195 -0.001476 -0.418361 -1.700171 -2.985384 -1.303210 -0.003138 1.486644 2.992306 1.521912 3.434745 2.379930 2.025141 0.521699 0.876795 2.312346 1.306840 1.104765 1.111787 2.536885 3.349007 4.800829 5.992392 7.506129 10.312307 7.619519 6.121838 5.310487 5.135664 4.428175 3.530300 2.345736 2.731650 2.552689 4.741807 3.964945 4.728403 3.075805 2.326103 1.582472 0.856253 0.797191 0.355088 0.299403 0.635695 0.032903 -0.002258 -0.002714 0.279482 -9999.0
-9999.0 -0.724927 -1.130617 -0.338600 -0.509712 -2.015244 -2.693137 -4.533625 -5.614033 -5.720722 -3.602078 -1.392634 -0.003506 -0.001309 -0.105037 -2.627781 -3.813028 -3.313900 -0.525362 -0.022293 -0.002292 1.144736 1.938048 0.813795 1.556432 2.442749 4.856569 4.263323 3.689795 5.464722 5.861296 5.550735 4.278257 5.162508 5.791218 8.007472 9.424684 10.494434 10.222771 9.354385 8.557422 7.662465 6.571548 7.261146 7.347935 7.099312 5.176653 4.978980 4.489212 3.830688 2.239321 1.258042 0.391248 1.050264 0.291782 -0.014627 -0.041338 -0.035098 -0.010969 -0.084073 -0.007255 -9999.0 -9999.0
