user2019/resources/simulation/Vinschgau/output-maps/TsL0008N0563.asc
ncols         63
nrows         48
xllcorner     598000.000000
yllcorner     5145000.000000
cellsize      1000.000000
NODATA_value  -9999.0
[rows 0 to 27 of 48, columns 0 to 62 of 63]
-9999.0 -9999.0 -9999.0 -9999.0 -9999.0 -9999.0 -9999.0 -9999.0 -9999.0 -9999.0 -9999.0 -9999.0 -9999.0 -9999.0 -9999.0 -9999.0 -9999.0 -9999.0 -9999.0 -9999.0 -9999.0 -9999.0 -9999.0 -9999.0 -9999.0 -9999.0 -9999.0 -9999.0 -9999.0 -9999.0 -9999.0 -9999.0 -9999.0 -9999.0 -9999.0 -9999.0 -9999.0 -9999.0 -9999.0 -9999.0 -9999.0 -9999.0 -9999.0 -9999.0 -9999.0 -9999.0 -9999.0 -9999.0 -9999.0 -9999.0 -9999.0 -9999.0 -9999.0 -9999.0 -9999.0 -9999.0 -9999.0 -9999.0 -9999.0 -9999.0 -9999.0 -9999.0 -9999.0
-9999.0 -9999.0 -9999.0 -9999.0 -9999.0 -9999.0 -9999.0 -9999.0 -9999.0 -9999.0 -9999.0 -9999.0 -9999.0 -9999.0 -9999.0 -9999.0 -9999.0 -9999.0 -9999.0 -9999.0 -9999.0 -9999.0 -9999.0 -9999.0 -9999.0 -9999.0 -9999.0 9.810563 10.214936 9.567162 8.963003 8.641871 8.541638 -9999.0 -9999.0 -9999.0 -9999.0 -9999.0 -9999.0 -9999.0 -9999.0 -9999.0 -9999.0 -9999.0 -9999.0 -9999.0 -9999.0 -9999.0 -9999.0 -9999.0 -9999.0 -9999.0 -9999.0 -9999.0 -9999.0 -9999.0 -9999.0 -9999.0 -9999.0 -9999.0 -9999.0 -9999.0 -9999.0
-9999.0 -9999.0 -9999.0 -9999.0 -9999.0 -9999.0 -9999.0 -9999.0 -9999.0 -9999.0 -9999.0 -9999.0 -9999.0 -9999.0 -9999.0 -9999.0 -9999.0 -9999.0 -9999.0 -9999.0 -9999.0 -9999.0 -9999.0 -9999.0 10.570518 11.347182 11.624092 11.347934 10.263967 9.779307 9.064960 -9999.0 -9999.0 -9999.0 -9999.0 -9999.0 -9999.0 -9999.0 -9999.0 -9999.0 -9999.0 -9999.0 -9999.0 -9999.0 -9999.0 -9999.0 -9999.0 -9999.0 -9999.0 -9999.0 -9999.0 -9999.0 -9999.0 -9999.0 -9999.0 -9999.0 -9999.0 -9999.0 -9999.0 -9999.0 -9999.0 -9999.0 -9999.0
-9999.0 -9999.0 -9999.0 -9999.0 -9999.0 -9999.0 -9999.0 -9999.0 -9999.0 -9999.0 -9999.0 -9999.0 -9999.0 -9999.0 -9999.0 -9999.0 -9999.0 -9999.0 -9999.0 -9999.0 -9999.0 -9999.0 -9999.0 11.087888 11.873289 11.579008 11.895695 11.874130 10.908999 11.510888 9.828038 8.702684 -9999.0 -9999.0 -9999.0 -9999.0 -9999.0 -9999.0 -9999.0 -9999.0 -9999.0 -9999.0 -9999.0 -9999.0 -9999.0 -9999.0 -9999.0 -9999.0 -9999.0 -9999.0 -9999.0 -9999.0 -9999.0 -9999.0 -9999.0 -9999.0 -9999.0 -9999.0 -9999.0 -9999.0 -9999.0 -9999.0 -9999.0
-9999.0 -9999.0 -9999.0 -9999.0 -9999.0 -9999.0 -9999.0 -9999.0 -9999.0 -9999.0 -9999.0 -9999.0 -9999.0 -9999.0 -9999.0 -9999.0 -9999.0 -9999.0 13.402382 10.640990 -9999.0 10.509302 11.113966 11.238479 12.009140 13.400915 14.619445 14.559640 13.053903 11.635482 10.925622 9.207909 8.664204 7.458009 -9999.0 -9999.0 -9999.0 -9999.0 -9999.0 -9999.0 -9999.0 -9999.0 -9999.0 -9999.0 -9999.0 -9999.0 -9999.0 -9999.0 -9999.0 -9999.0 -9999.0 -9999.0 -9999.0 -9999.0 -9999.0 -9999.0 -9999.0 -9999.0 -9999.0 -9999.0 -9999.0 -9999.0 -9999.0
-9999.0 -9999.0 -9999.0 -9999.0 -9999.0 -9999.0 -9999.0 -9999.0 -9999.0 -9999.0 -9999.0 -9999.0 -9999.0 -9999.0 -9999.0 -9999.0 -9999.0 11.881891 9.672787 9.733084 11.160099 5.937360 10.436917 11.886947 15.767758 8.666794 7.436784 9.754225 7.688010 10.676125 11.197286 9.629741 9.567738 9.375683 8.165570 7.395605 -9999.0 -9999.0 -9999.0 -9999.0 -9999.0 -9999.0 -9999.0 -9999.0 -9999.0 -9999.0 -9999.0 -9999.0 -9999.0 -9999.0 -9999.0 -9999.0 -9999.0 -9999.0 -9999.0 -9999.0 -9999.0 -9999.0 -9999.0 -9999.0 -9999.0 -9999.0 -9999.0
-9999.0 -9999.0 -9999.0 -9999.0 -9999.0 -9999.0 -9999.0 -9999.0 -9999.0 -9999.0 -9999.0 -9999.0 -9999.0 10.051568 9.826612 9.413136 10.903161 20.180147 11.593298 11.473744 11.843403 12.737906 13.839778 15.612133 8.345781 10.618405 6.759162 4.765163 6.200822 5.638747 8.228109 9.345036 8.840997 7.994032 7.895147 6.882776 -9999.0 -9999.0 -9999.0 -9999.0 -9999.0 -9999.0 -9999.0 -9999.0 -9999.0 -9999.0 -9999.0 -9999.0 -9999.0 -9999.0 -9999.0 -9999.0 -9999.0 -9999.0 -9999.0 -9999.0 -9999.0 -9999.0 -9999.0 -9999.0 -9999.0 -9999.0 -9999.0
-9999.0 -9999.0 -9999.0 -9999.0 -9999.0 -9999.0 -9999.0 -9999.0 -9999.0 -9999.0 -9999.0 -9999.0 -9999.0 10.453096 10.668531 9.627015 9.424496 16.641670 20.168272 14.002427 10.978298 14.326173 9.812161 9.168853 11.104073 9.684971 10.105501 8.802099 8.907202 5.449468 3.538249 8.011547 7.707512 6.399357 6.996642 -9999.0 -9999.0 -9999.0 -9999.0 -9999.0 -9999.0 -9999.0 -9999.0 -9999.0 -9999.0 -9999.0 -9999.0 -9999.0 -9999.0 -9999.0 -9999.0 -9999.0 -9999.0 -9999.0 -9999.0 -9999.0 -9999.0 -9999.0 -9999.0 -9999.0 -9999.0 -9999.0 -9999.0
-9999.0 -9999.0 -9999.0 -9999.0 -9999.0 -9999.0 -9999.0 -9999.0 -9999.0 -9999.0 -9999.0 -9999.0 -9999.0 9.776777 11.826281 11.417596 8.681265 9.964549 20.168710 11.310570 14.188060 10.204461 8.020771 7.588668 10.661129 9.508768 9.977278 8.306129 9.105475 8.249884 7.927409 6.119128 6.124616 -0.011978 6.486261 -9999.0 -9999.0 -9999.0 -9999.0 -9999.0 -9999.0 -9999.0 -9999.0 -9999.0 -9999.0 -9999.0 -9999.0 -9999.0 -9999.0 -9999.0 -9999.0 -9999.0 -9999.0 -9999.0 -9999.0 -9999.0 -9999.0 -9999.0 -9999.0 -9999.0 -9999.0 -9999.0 -9999.0
-9999.0 -9999.0 -9999.0 -9999.0 -9999.0 -9999.0 -9999.0 -9999.0 -9999.0 -9999.0 -9999.0 -9999.0 8.769920 11.166386 10.403912 8.322343 6.761497 8.919388 17.230575 11.003757 11.185938 7.941197 6.976769 5.923161 8.689882 8.946816 6.698343 8.827105 9.396153 7.827944 6.805460 8.905047 7.767806 6.353588 -9999.0 -9999.0 -9999.0 -9999.0 -9999.0 -9999.0 -9999.0 -9999.0 -9999.0 -9999.0 -9999.0 -9999.0 -9999.0 -9999.0 -9999.0 -9999.0 -9999.0 -9999.0 -9999.0 -9999.0 -9999.0 -9999.0 -9999.0 -9999.0 -9999.0 -9999.0 -9999.0 -9999.0 -9999.0
-9999.0 -9999.0 -9999.0 -9999.0 -9999.0 -9999.0 -9999.0 -9999.0 -9999.0 -9999.0 -9999.0 9.669204 7.850384 8.130384 7.374844 9.227385 6.207373 8.185499 17.128863 10.245754 8.406697 10.891420 10.173758 9.722387 5.777123 9.534001 8.035810 9.953544 9.152093 6.685198 8.929873 9.611352 8.603991 7.756126 8.661767 10.111748 11.829812 13.294523 13.551403 -9999.0 -9999.0 -9999.0 9.025218 -9999.0 -9999.0 -9999.0 -9999.0 -9999.0 -9999.0 -9999.0 -9999.0 -9999.0 -9999.0 -9999.0 -9999.0 -9999.0 -9999.0 -9999.0 -9999.0 -9999.0 -9999.0 -9999.0 -9999.0
-9999.0 -9999.0 -9999.0 -9999.0 -9999.0 -9999.0 -9999.0 -9999.0 -9999.0 -9999.0 -9999.0 8.598199 7.429163 7.435772 7.781237 8.267750 9.012616 9.205276 17.153378 14.618239 14.139613 11.466174 10.327263 4.148674 2.794588 9.525714 9.918380 10.303866 9.280777 7.288134 9.736919 9.376180 9.524848 8.597575 9.490061 11.142445 15.035651 14.986707 14.089151 11.504755 11.556877 10.794417 10.790471 9.561255 -9999.0 -9999.0 -9999.0 7.548767 8.535702 9.378520 9.233819 8.662349 8.353316 8.257344 8.546628 8.009473 -9999.0 -9999.0 -9999.0 -9999.0 -9999.0 -9999.0 -9999.0
-9999.0 -9999.0 -9999.0 -9999.0 -9999.0 -9999.0 -9999.0 -9999.0 -9999.0 -9999.0 -9999.0 9.100382 9.153062 4.244723 9.515116 9.076616 4.692566 6.375867 14.193950 15.707096 8.386755 8.468579 3.379707 10.385963 9.297554 10.810201 4.994708 6.614057 9.130549 8.107284 9.219247 2.057173 11.223593 9.142988 11.092267 12.841031 10.117539 11.166490 15.913550 13.029392 14.082852 11.665229 11.783437 10.911406 8.927706 -9999.0 7.640766 9.069308 9.974983 10.733645 10.957036 10.806312 10.372344 10.188907 9.982345 9.891532 -9999.0 -9999.0 -9999.0 -9999.0 -9999.0 -9999.0 -9999.0
-9999.0 -9999.0 -9999.0 -9999.0 -9999.0 -9999.0 -9999.0 -9999.0 -9999.0 -9999.0 -9999.0 -9999.0 9.281078 3.842648 9.583603 9.585924 4.231648 6.634080 15.101949 15.916315 8.596423 9.188425 8.862306 6.050803 2.601042 2.302155 11.894762 9.497565 9.236642 9.541273 10.018903 4.644667 11.418203 10.129768 9.666153 11.929024 9.089545 11.646051 20.565322 13.547268 15.717029 14.445662 8.456935 12.247911 9.717904 8.736660 8.864442 9.371431 3.307991 8.326466 9.676385 7.478197 8.446036 2.333823 3.637658 9.490084 9.964486 -9999.0 -9999.0 -9999.0 -9999.0 -9999.0 -9999.0
-9999.0 -9999.0 -9999.0 -9999.0 -9999.0 -9999.0 -9999.0 -9999.0 -9999.0 -9999.0 -9999.0 3.940275 8.940191 9.481700 4.152092 4.188536 7.570404 6.725497 15.605851 10.770312 9.195004 8.061813 9.015978 2.772339 5.952380 9.065107 7.818287 9.053385 10.125516 10.348410 5.498443 7.770062 11.764200 9.658336 8.966376 10.969949 12.644305 10.553719 11.772370 17.156029 10.073201 11.112032 10.345626 9.623335 12.489849 9.235465 10.162776 10.589070 11.155921 9.754410 3.047336 9.155018 1.260886 1.801503 2.254666 8.385786 9.802159 -9999.0 -9999.0 -9999.0 -9999.0 -9999.0 -9999.0
-9999.0 -9999.0 -9999.0 -9999.0 -9999.0 -9999.0 -9999.0 -9999.0 -9999.0 -9999.0 10.625277 3.618360 10.081821 10.096606 10.927141 8.000612 7.737616 6.733602 10.141533 11.183044 15.557758 13.984755 6.620665 13.299060 9.826608 8.973732 1.931823 2.751156 10.776561 11.412882 8.676638 7.920276 10.042273 8.418222 8.002652 10.798530 12.851472 9.317290 8.688722 12.328584 12.287388 11.924315 18.324927 9.364820 8.920881 10.817874 10.567767 8.276536 9.134121 9.650508 3.492402 8.928013 2.493795 7.551617 8.734712 10.502175 10.088838 -9999.0 -9999.0 -9999.0 -9999.0 -9999.0 -9999.0
-9999.0 -9999.0 -9999.0 -9999.0 -9999.0 -9999.0 -9999.0 -9999.0 -9999.0 9.568974 10.318674 4.676574 7.653579 4.051623 4.936817 7.110171 2.884179 13.808272 10.199836 11.688342 16.534649 9.210015 8.721255 11.395817 10.387850 4.162052 2.321677 11.578748 9.254691 10.022634 10.197690 1.284793 8.476686 7.545979 8.907693 9.370096 10.795921 4.975673 7.888244 8.797599 8.488259 7.349509 7.123967 10.392963 9.311086 9.192224 14.559090 8.429277 8.746327 10.708812 2.117973 9.107719 6.416236 8.116622 9.491143 1.958826 2.421926 10.446861 9.676215 -9999.0 -9999.0 -9999.0 -9999.0
-9999.0 -9999.0 -9999.0 -9999.0 -9999.0 -9999.0 -9999.0 -9999.0 -9999.0 8.936259 9.217265 10.108564 13.378909 8.899670 5.672267 3.075162 12.395422 10.215280 11.097101 18.466039 18.175949 17.514361 15.276603 13.542884 1.090129 5.989299 5.703126 10.322691 11.565880 13.581808 12.105469 1.726638 9.426108 8.568079 9.666307 11.261049 11.648467 12.660075 10.567460 12.093152 7.489299 2.722111 8.952311 10.586684 10.572906 12.426920 12.092793 11.236321 10.653148 10.613055 2.353458 2.333298 8.125290 9.028037 9.589641 2.407192 3.955154 3.649686 11.439256 -9999.0 -9999.0 -9999.0 -9999.0
-9999.0 -9999.0 -9999.0 -9999.0 -9999.0 -9999.0 -9999.0 -9999.0 -9999.0 -9999.0 9.777234 10.377339 8.461523 7.885420 9.804834 8.654458 9.511421 11.648446 12.075540 14.476397 17.546834 10.333050 8.453274 1.488315 6.225439 10.352618 11.554855 11.972933 12.178230 1.128712 4.140255 4.949089 1.425900 8.991447 10.380582 10.897957 12.332308 12.101879 10.614520 9.206028 9.015792 12.419433 12.546157 8.559805 7.810098 8.471145 9.432799 15.671934 12.999265 10.724066 6.670629 7.730733 9.238094 9.156006 8.857027 10.152214 11.755554 11.293792 11.360356 11.660820 -9999.0 -9999.0 -9999.0
-9999.0 -9999.0 -9999.0 -9999.0 -9999.0 -9999.0 -9999.0 -9999.0 -9999.0 -9999.0 9.805045 10.343687 10.666867 9.057599 16.010434 8.886086 8.715507 10.867985 13.358542 14.872253 11.806685 9.965791 8.532428 8.142017 10.144117 12.182795 13.035435 8.928096 1.306932 2.080049 9.389869 10.498236 2.553389 8.192788 9.349946 10.176743 8.446145 8.412370 2.749469 8.478390 9.864199 10.636642 6.986348 10.166087 11.437427 6.699022 9.133453 8.401075 10.754310 13.198366 11.040455 2.575966 2.321057 10.046537 8.806209 9.682297 10.167952 10.188284 11.874803 14.073719 -9999.0 -9999.0 -9999.0
-9999.0 -9999.0 -9999.0 -9999.0 -9999.0 -9999.0 -9999.0 -9999.0 10.965144 10.235242 10.333418 10.451944 6.191853 6.412640 7.527181 10.907558 11.222499 18.506422 15.552728 15.502033 13.470747 12.305667 11.337930 9.761694 11.780255 11.884430 15.267949 7.280554 5.674741 1.452921 8.622233 9.366056 9.520677 9.299661 9.569039 9.145137 11.996270 8.400442 2.446621 9.111053 9.486360 10.057552 3.274874 9.190794 11.510783 12.430150 1.972472 8.536413 8.961636 13.639891 11.799434 8.845178 2.641186 2.494891 10.309296 11.825669 12.138823 14.592775 12.978431 13.505704 -9999.0 -9999.0 -9999.0
-9999.0 -9999.0 -9999.0 -9999.0 -9999.0 -9999.0 -9999.0 -9999.0 3.889978 4.324913 2.009725 9.898131 10.566947 9.039516 7.399467 9.233019 10.318313 10.896188 13.536680 16.148408 22.530739 20.476467 18.540043 17.406804 12.079977 12.277805 10.199970 9.206260 2.982860 9.777351 9.556519 10.078742 9.771258 9.740002 10.032549 10.682082 12.600188 9.144107 2.127372 9.632830 8.786323 7.964960 9.198096 10.473637 11.848577 1.996052 1.205877 10.766903 9.588964 11.132616 13.888418 11.278782 1.124196 12.141132 13.501699 11.184839 11.214544 12.428762 14.733300 17.331260 17.904724 -9999.0 -9999.0
-9999.0 -9999.0 -9999.0 -9999.0 -9999.0 -9999.0 -9999.0 -9999.0 10.111060 11.546024 10.447565 2.616687 11.300938 1.394045 7.174960 7.804573 9.872402 13.351068 13.948049 22.126863 16.697149 21.206154 20.677997 15.538713 19.211191 11.571795 9.407961 1.280038 3.426442 10.334025 10.377430 11.350598 2.002554 2.524377 10.980939 12.127779 1.187027 9.142319 1.640647 3.098630 9.367752 9.506163 9.995117 10.613910 2.142863 10.323926 9.943533 10.976780 3.771414 9.803093 13.659037 13.121143 1.639794 1.337843 12.901551 13.618335 14.466854 15.155654 16.648569 16.689012 17.544090 -9999.0 -9999.0
-9999.0 -9999.0 -9999.0 -9999.0 -9999.0 -9999.0 -9999.0 -9999.0 9.262167 11.186737 9.661451 3.029204 11.464855 4.544022 8.456220 10.310871 12.516555 14.116555 17.578814 14.433292 16.270081 16.792245 21.465588 20.774592 12.689146 10.306253 8.212076 3.889602 12.280873 8.989707 5.412705 5.255706 9.413005 9.393380 0.982842 11.852199 13.157004 10.176316 7.360708 2.449043 9.607931 10.175306 10.398721 10.389331 10.194487 10.283256 11.164826 11.623441 12.621904 10.406715 11.422614 14.164047 14.338542 13.891785 15.281524 15.809366 16.396453 15.349102 16.132588 17.449940 15.890685 12.704611 -9999.0
-9999.0 -9999.0 -9999.0 -9999.0 -9999.0 -9999.0 -9999.0 -9999.0 9.761354 11.273589 10.070324 7.713425 8.795416 9.588976 15.933359 14.154962 16.682624 11.439966 10.120247 11.649705 13.794159 16.612221 16.820504 16.705125 18.214101 9.986838 7.617945 10.299060 11.190871 10.533950 7.252706 10.229324 11.306949 10.147575 9.044249 9.608738 10.609754 11.415709 10.289537 10.086481 8.650803 1.179146 9.604798 8.990025 1.907492 11.913599 9.193857 10.443015 10.698969 12.874729 14.653601 14.163627 14.926077 16.923586 17.027371 17.266695 17.803241 17.601166 16.922229 15.832104 13.309689 11.658298 -9999.0
-9999.0 -9999.0 10.914045 11.108009 2.376098 2.554604 7.994595 1.946123 10.868491 11.106823 9.415522 10.182076 9.882295 12.762227 18.350389 13.402841 9.495046 7.809321 9.666396 10.001625 12.024413 14.638377 16.447465 15.648331 15.117483 11.643312 10.082524 10.013540 11.121968 15.053087 8.625023 9.070814 15.346576 9.643552 11.937868 10.232666 13.465136 12.787700 11.316809 9.388081 11.393569 11.651934 9.785786 11.188873 7.783361 10.167147 11.899167 10.577413 13.823044 15.466007 16.924973 17.772309 17.796238 17.964839 17.923397 22.717462 16.673542 16.147478 14.912300 12.857291 16.058976 10.581102 -9999.0
-9999.0 8.416451 8.287776 7.898874 2.679424 8.550075 7.902752 1.960566 2.187545 10.597404 5.703993 8.924906 11.588163 16.864240 17.164008 9.338037 9.363818 5.200436 5.078057 10.103859 12.496066 13.498405 18.664856 15.231658 20.853375 15.358425 18.880074 19.031071 14.270208 13.457473 13.257265 12.800856 12.602682 16.694890 14.483947 15.444612 16.140019 14.777662 15.632747 14.809613 14.460148 14.027641 13.479798 11.094547 10.629571 11.356488 14.439673 13.752343 16.366666 16.030007 17.036334 17.011423 16.366574 16.392587 16.409214 15.569616 13.145297 12.721448 13.545913 15.225403 10.313966 10.203946 -9999.0
-9999.0 12.635900 9.391923 9.624033 14.190837 9.170670 2.251185 2.051703 10.839978 11.025539 2.266685 8.803030 11.262375 17.474877 10.030308 1.082340 2.284179 1.726229 10.654486 9.917885 15.768617 12.889144 14.417077 16.193235 21.965771 22.843945 15.252914 16.591097 15.988004 14.355879 14.614443 14.036139 14.057394 14.599668 18.919133 16.766567 23.467668 23.866926 17.632554 17.756385 17.005804 16.103068 15.207683 14.265550 14.839751 15.024432 16.774368 16.932343 16.486016 16.546508 15.266711 13.450759 13.214263 13.857165 13.057512 11.832283 11.518949 10.706064 9.927503 9.325323 9.195090 -9999.0 -9999.0
