user2019/resources/simulation/Vinschgau/output-maps/TsL0006N1229.asc
ncols         63
nrows         48
xllcorner     598000.000000
yllcorner     5145000.000000
cellsize      1000.000000
NODATA_value  -9999.0
[rows 0 to 27 of 48, columns 0 to 62 of 63]
-9999.0 -9999.0 -9999.0 -9999.0 -9999.0 -9999.0 -9999.0 -9999.0 -9999.0 -9999.0 -9999.0 -9999.0 -9999.0 -9999.0 -9999.0 -9999.0 -9999.0 -9999.0 -9999.0 -9999.0 -9999.0 -9999.0 -9999.0 -9999.0 -9999.0 -9999.0 -9999.0 -9999.0 -9999.0 -9999.0 -9999.0 -9999.0 -9999.0 -9999.0 -9999.0 -9999.0 -9999.0 -9999.0 -9999.0 -9999.0 -9999.0 -9999.0 -9999.0 -9999.0 -9999.0 -9999.0 -9999.0 -9999.0 -9999.0 -9999.0 -9999.0 -9999.0 -9999.0 -9999.0 -9999.0 -9999.0 -9999.0 -9999.0 -9999.0 -9999.0 -9999.0 -9999.0 -9999.0
-9999.0 -9999.0 -9999.0 -9999.0 -9999.0 -9999.0 -9999.0 -9999.0 -9999.0 -9999.0 -9999.0 -9999.0 -9999.0 -9999.0 -9999.0 -9999.0 -9999.0 -9999.0 -9999.0 -9999.0 -9999.0 -9999.0 -9999.0 -9999.0 -9999.0 -9999.0 -9999.0 3.085725 1.651327 3.576218 0.860982 0.675419 -0.030296 -9999.0 -9999.0 -9999.0 -9999.0 -9999.0 -9999.0 -9999.0 -9999.0 -9999.0 -9999.0 -9999.0 -9999.0 -9999.0 -9999.0 -9999.0 -9999.0 -9999.0 -9999.0 -9999.0 -9999.0 -9999.0 -9999.0 -9999.0 -9999.0 -9999.0 -9999.0 -9999.0 -9999.0 -9999.0 -9999.0
-9999.0 -9999.0 -9999.0 -9999.0 -9999.0 -9999.0 -9999.0 -9999.0 -9999.0 -9999.0 -9999.0 -9999.0 -9999.0 -9999.0 -9999.0 -9999.0 -9999.0 -9999.0 -9999.0 -9999.0 -9999.0 -9999.0 -9999.0 -9999.0 1.997013 2.095991 2.242783 1.976177 2.232726 2.096258 0.764938 -9999.0 -9999.0 -9999.0 -9999.0 -9999.0 -9999.0 -9999.0 -9999.0 -9999.0 -9999.0 -9999.0 -9999.0 -9999.0 -9999.0 -9999.0 -9999.0 -9999.0 -9999.0 -9999.0 -9999.0 -9999.0 -9999.0 -9999.0 -9999.0 -9999.0 -9999.0 -9999.0 -9999.0 -9999.0 -9999.0 -9999.0 -9999.0
-9999.0 -9999.0 -9999.0 -9999.0 -9999.0 -9999.0 -9999.0 -9999.0 -9999.0 -9999.0 -9999.0 -9999.0 -9999.0 -9999.0 -9999.0 -9999.0 -9999.0 -9999.0 -9999.0 -9999.0 -9999.0 -9999.0 -9999.0 2.156655 2.810897 4.167489 4.415308 4.504183 4.725117 2.887741 0.770832 -0.000733 -9999.0 -9999.0 -9999.0 -9999.0 -9999.0 -9999.0 -9999.0 -9999.0 -9999.0 -9999.0 -9999.0 -9999.0 -9999.0 -9999.0 -9999.0 -9999.0 -9999.0 -9999.0 -9999.0 -9999.0 -9999.0 -9999.0 -9999.0 -9999.0 -9999.0 -9999.0 -9999.0 -9999.0 -9999.0 -9999.0 -9999.0
-9999.0 -9999.0 -9999.0 -9999.0 -9999.0 -9999.0 -9999.0 -9999.0 -9999.0 -9999.0 -9999.0 -9999.0 -9999.0 -9999.0 -9999.0 -9999.0 -9999.0 -9999.0 7.541405 3.460652 -9999.0 2.359470 3.126326 4.078258 4.000629 4.778816 5.164343 5.542335 2.934686 1.460348 1.987326 0.827597 1.396659 1.736533 -9999.0 -9999.0 -9999.0 -9999.0 -9999.0 -9999.0 -9999.0 -9999.0 -9999.0 -9999.0 -9999.0 -9999.0 -9999.0 -9999.0 -9999.0 -9999.0 -9999.0 -9999.0 -9999.0 -9999.0 -9999.0 -9999.0 -9999.0 -9999.0 -9999.0 -9999.0 -9999.0 -9999.0 -9999.0
-9999.0 -9999.0 -9999.0 -9999.0 -9999.0 -9999.0 -9999.0 -9999.0 -9999.0 -9999.0 -9999.0 -9999.0 -9999.0 -9999.0 -9999.0 -9999.0 -9999.0 5.514206 4.165304 5.067389 6.011547 -0.003256 1.894106 3.925322 6.113009 0.236171 -0.048447 1.187550 -0.034519 2.699380 3.906059 2.077323 3.994484 2.828923 1.382125 1.609943 -9999.0 -9999.0 -9999.0 -9999.0 -9999.0 -9999.0 -9999.0 -9999.0 -9999.0 -9999.0 -9999.0 -9999.0 -9999.0 -9999.0 -9999.0 -9999.0 -9999.0 -9999.0 -9999.0 -9999.0 -9999.0 -9999.0 -9999.0 -9999.0 -9999.0 -9999.0 -9999.0
-9999.0 -9999.0 -9999.0 -9999.0 -9999.0 -9999.0 -9999.0 -9999.0 -9999.0 -9999.0 -9999.0 -9999.0 -9999.0 6.113050 3.684492 3.901384 5.233511 12.861190 5.290342 4.543327 4.307900 3.877581 4.705664 6.256416 -0.004101 3.353991 0.182659 -0.049185 -0.042211 -0.007515 -0.155065 2.418944 1.768490 0.878523 1.606419 1.609874 -9999.0 -9999.0 -9999.0 -9999.0 -9999.0 -9999.0 -9999.0 -9999.0 -9999.0 -9999.0 -9999.0 -9999.0 -9999.0 -9999.0 -9999.0 -9999.0 -9999.0 -9999.0 -9999.0 -9999.0 -9999.0 -9999.0 -9999.0 -9999.0 -9999.0 -9999.0 -9999.0
-9999.0 -9999.0 -9999.0 -9999.0 -9999.0 -9999.0 -9999.0 -9999.0 -9999.0 -9999.0 -9999.0 -9999.0 -9999.0 6.997355 5.475579 4.607064 4.402595 12.224596 12.958138 6.521211 4.521930 8.287659 3.148759 1.779942 2.725666 0.938973 1.662566 3.550903 2.042543 -0.057015 -0.177946 1.308213 1.456210 1.204099 1.338683 -9999.0 -9999.0 -9999.0 -9999.0 -9999.0 -9999.0 -9999.0 -9999.0 -9999.0 -9999.0 -9999.0 -9999.0 -9999.0 -9999.0 -9999.0 -9999.0 -9999.0 -9999.0 -9999.0 -9999.0 -9999.0 -9999.0 -9999.0 -9999.0 -9999.0 -9999.0 -9999.0 -9999.0
-9999.0 -9999.0 -9999.0 -9999.0 -9999.0 -9999.0 -9999.0 -9999.0 -9999.0 -9999.0 -9999.0 -9999.0 -9999.0 5.645998 5.868559 6.882271 4.292895 5.010295 13.377042 5.355335 9.820373 4.067920 0.122485 -0.006352 3.089040 2.213232 4.608795 1.669455 0.537509 1.309125 0.715704 -0.022515 1.244604 -4.592976 1.667927 -9999.0 -9999.0 -9999.0 -9999.0 -9999.0 -9999.0 -9999.0 -9999.0 -9999.0 -9999.0 -9999.0 -9999.0 -9999.0 -9999.0 -9999.0 -9999.0 -9999.0 -9999.0 -9999.0 -9999.0 -9999.0 -9999.0 -9999.0 -9999.0 -9999.0 -9999.0 -9999.0 -9999.0
-9999.0 -9999.0 -9999.0 -9999.0 -9999.0 -9999.0 -9999.0 -9999.0 -9999.0 -9999.0 -9999.0 -9999.0 4.473044 5.406429 6.568465 4.985640 2.925995 4.566405 13.161277 6.963870 4.752511 -0.004620 0.771540 -0.020659 -0.200172 1.650071 -1.432942 0.727658 1.062867 1.406152 -0.048363 1.380178 -0.002067 1.767456 -9999.0 -9999.0 -9999.0 -9999.0 -9999.0 -9999.0 -9999.0 -9999.0 -9999.0 -9999.0 -9999.0 -9999.0 -9999.0 -9999.0 -9999.0 -9999.0 -9999.0 -9999.0 -9999.0 -9999.0 -9999.0 -9999.0 -9999.0 -9999.0 -9999.0 -9999.0 -9999.0 -9999.0 -9999.0
-9999.0 -9999.0 -9999.0 -9999.0 -9999.0 -9999.0 -9999.0 -9999.0 -9999.0 -9999.0 -9999.0 6.204442 5.984477 3.126133 6.131896 9.104236 6.248047 4.916779 12.741149 8.450959 3.219390 3.664123 3.870889 1.901620 1.074911 1.930725 0.650447 1.539279 -0.011258 1.501940 1.510221 1.747915 1.653934 1.602352 1.472339 2.289063 1.094416 1.544960 1.661333 -9999.0 -9999.0 -9999.0 1.573105 -9999.0 -9999.0 -9999.0 -9999.0 -9999.0 -9999.0 -9999.0 -9999.0 -9999.0 -9999.0 -9999.0 -9999.0 -9999.0 -9999.0 -9999.0 -9999.0 -9999.0 -9999.0 -9999.0 -9999.0
-9999.0 -9999.0 -9999.0 -9999.0 -9999.0 -9999.0 -9999.0 -9999.0 -9999.0 -9999.0 -9999.0 5.666569 5.575180 7.312875 7.112800 8.461262 8.230361 5.356985 12.973283 9.789685 9.618810 5.897144 2.466070 -0.589577 -0.509756 1.639611 1.356614 1.922088 3.700866 1.652788 1.084553 2.057452 -0.000673 -0.004317 -0.001482 1.498542 2.658957 3.491996 1.650968 1.511053 1.614813 1.704004 0.815038 1.475310 -9999.0 -9999.0 -9999.0 -0.032789 -0.021840 1.004686 -0.021964 0.573016 0.725966 -0.050635 -0.054226 0.720968 -9999.0 -9999.0 -9999.0 -9999.0 -9999.0 -9999.0 -9999.0
-9999.0 -9999.0 -9999.0 -9999.0 -9999.0 -9999.0 -9999.0 -9999.0 -9999.0 -9999.0 -9999.0 5.305702 6.039061 1.775469 8.451935 9.191424 3.475457 4.230102 11.190881 9.704336 2.609518 0.647129 -0.122789 1.979217 1.639963 3.202521 -0.262244 -1.941738 2.621873 -0.001015 1.932868 -0.636803 1.896674 -0.003496 1.411057 2.009932 -0.970824 -0.407470 4.280808 2.058147 1.666859 1.068697 1.918877 1.531351 -0.017580 -9999.0 1.625307 -0.018956 0.784317 1.718341 1.846694 3.747732 1.482487 0.699417 0.682450 -0.010349 -9999.0 -9999.0 -9999.0 -9999.0 -9999.0 -9999.0 -9999.0
-9999.0 -9999.0 -9999.0 -9999.0 -9999.0 -9999.0 -9999.0 -9999.0 -9999.0 -9999.0 -9999.0 -9999.0 5.842306 -0.021885 7.145735 7.554012 1.129304 3.252705 12.154482 9.486939 2.510693 1.271933 -0.055675 -0.376011 -0.939910 -0.232802 2.002570 2.232758 0.817070 1.548043 0.949059 -0.393221 2.464272 0.713966 -0.000986 1.708505 -0.238804 -0.710964 5.571835 3.288596 3.872921 4.382885 -0.187241 2.232126 1.516248 -0.018098 1.236447 -0.016368 -0.950488 -0.231141 -0.022256 -1.348526 -2.163901 -1.530617 -0.930738 -0.003745 -0.011319 -9999.0 -9999.0 -9999.0 -9999.0 -9999.0 -9999.0
-9999.0 -9999.0 -9999.0 -9999.0 -9999.0 -9999.0 -9999.0 -9999.0 -9999.0 -9999.0 -9999.0 -0.147889 3.493580 7.041150 -0.027812 1.172281 2.409859 2.552991 11.489914 4.461152 2.783713 0.826001 -0.014898 -0.160654 -0.228471 -0.861424 -0.387253 0.750056 0.684864 3.433902 -0.220954 -0.710780 2.780826 0.740670 -0.001986 1.460734 1.648017 -0.045633 0.797906 5.437384 -0.043737 -0.016207 -0.049002 0.219146 3.693831 0.759383 1.523253 3.321363 4.048446 -0.016421 -1.407084 0.778618 -1.685170 -4.281356 -4.837221 -3.605276 1.211607 -9999.0 -9999.0 -9999.0 -9999.0 -9999.0 -9999.0
-9999.0 -9999.0 -9999.0 -9999.0 -9999.0 -9999.0 -9999.0 -9999.0 -9999.0 -9999.0 2.069986 -0.069571 2.975351 3.869532 5.633580 -0.008736 -0.011962 -0.004850 3.630448 4.103923 7.319447 5.323344 -0.185358 4.274964 -0.018086 -0.488531 -0.350661 -2.238806 2.581306 3.031473 -0.376856 -0.855427 2.531432 0.713141 1.794194 2.045444 2.609256 -0.183095 -0.381846 1.129541 1.257182 2.358211 8.035452 1.065739 -0.021243 3.481924 1.755244 -0.250753 -0.338640 -0.006678 -2.634139 1.043410 -5.262600 -4.882601 -0.063116 0.679108 0.719908 -9999.0 -9999.0 -9999.0 -9999.0 -9999.0 -9999.0
-9999.0 -9999.0 -9999.0 -9999.0 -9999.0 -9999.0 -9999.0 -9999.0 -9999.0 1.740795 2.122404 -0.039744 -0.033492 -0.058087 -0.104147 -0.051848 -0.022534 6.321732 3.553528 4.151133 7.764074 0.967419 0.340624 1.559653 0.687646 -0.977126 -0.972289 3.152333 -0.041920 -0.023747 0.789245 -1.176433 2.482718 1.572524 1.696435 1.911147 2.065029 -0.357271 -0.218452 -0.075230 -0.648475 -0.218607 -0.144844 1.650511 1.169950 -0.026733 4.848829 -0.081980 -0.076437 0.839696 -0.541191 1.195978 -4.553343 -0.024942 0.288508 -3.849935 -3.187339 1.478587 0.598482 -9999.0 -9999.0 -9999.0 -9999.0
-9999.0 -9999.0 -9999.0 -9999.0 -9999.0 -9999.0 -9999.0 -9999.0 -9999.0 1.683834 1.653453 3.408902 4.436171 -0.005196 -0.025131 -0.061381 4.855922 1.596632 4.123504 8.948327 8.468213 8.210235 5.709150 3.975896 -0.579717 -0.231256 -0.074206 -0.010389 1.394696 4.035432 3.310319 -1.556883 1.655110 -0.001368 0.814286 1.877616 2.947158 4.273979 1.627889 3.243069 -0.267961 -0.307203 -0.042805 1.675472 2.763262 3.027097 2.698229 1.364274 -0.022331 1.048564 -2.443007 -3.394062 -0.098948 -0.229780 1.121091 -4.700466 -2.933765 -0.570525 2.696346 -9999.0 -9999.0 -9999.0 -9999.0
-9999.0 -9999.0 -9999.0 -9999.0 -9999.0 -9999.0 -9999.0 -9999.0 -9999.0 -9999.0 1.161961 2.746809 -0.031168 -0.313597 -0.006670 -0.022172 -0.005608 2.752994 4.904161 5.915681 8.550346 2.790614 -0.003804 -0.176726 -0.160888 -0.021987 0.978344 1.915684 3.271876 -1.120121 -1.455675 -1.780491 -1.681044 0.673845 1.873108 2.587816 2.312764 2.460864 2.965231 1.529108 1.197621 2.331148 2.841384 -0.024930 -0.002874 -0.003977 1.753696 5.976888 4.214446 1.054347 -1.406221 -1.500610 -0.010359 -0.152750 -0.269160 -0.021557 1.059057 -0.508829 -0.158207 -0.013159 -9999.0 -9999.0 -9999.0
-9999.0 -9999.0 -9999.0 -9999.0 -9999.0 -9999.0 -9999.0 -9999.0 -9999.0 -9999.0 0.778318 1.790245 2.267244 -0.020194 4.857431 0.132449 -0.005493 2.656617 5.330004 6.698928 3.458381 1.586184 -0.004085 -0.031686 -0.016677 1.463541 2.587052 -0.003430 -0.807503 -1.420822 1.469841 1.994301 -1.692403 -0.000769 1.524917 2.622447 -0.385282 -0.079412 -1.696931 0.722321 1.618085 5.499186 -0.156748 2.811642 2.717432 -0.203278 -0.006282 -0.002794 3.097777 3.096767 0.514354 -0.589433 -2.172132 0.373789 -0.374753 -0.131475 -0.022295 -0.086031 1.011212 2.723834 -9999.0 -9999.0 -9999.0
-9999.0 -9999.0 -9999.0 -9999.0 -9999.0 -9999.0 -9999.0 -9999.0 1.315755 0.842246 0.626713 1.312102 -1.688228 -0.054570 -0.039746 1.643878 2.971931 8.993128 6.902358 7.118452 5.182993 4.107491 3.234297 1.533156 1.323740 1.952783 5.002923 -0.405175 -1.594941 -1.350209 1.199478 1.482424 1.507369 0.574695 1.631865 1.662152 4.999382 -0.069095 -2.048140 2.160997 3.637587 2.335618 -1.352572 2.750110 4.727346 2.197120 -1.873368 -0.048067 -0.002332 3.140267 1.223124 -2.067579 -1.569108 -3.859788 -0.067401 -0.000565 1.450512 2.497016 1.483295 4.470643 -9999.0 -9999.0 -9999.0
-9999.0 -9999.0 -9999.0 -9999.0 -9999.0 -9999.0 -9999.0 -9999.0 -2.005364 -0.737968 -1.649221 0.674712 1.650727 -1.118995 -0.441527 -0.004420 1.972675 2.556244 5.542635 7.655669 12.728182 11.395043 11.112709 10.132136 3.437118 3.399542 0.870950 -0.067221 -1.846864 0.711800 -0.002205 2.639125 1.767802 3.026697 1.952785 2.210532 6.098532 -0.002383 -0.046232 2.017880 1.518134 0.741133 3.231520 2.320589 1.890290 -0.186580 -1.717817 1.851388 -0.040370 1.488610 2.609037 -0.025196 -4.255202 -0.019808 1.400840 -1.653002 -0.104054 -0.019461 3.419585 6.331832 7.484018 -9999.0 -9999.0
-9999.0 -9999.0 -9999.0 -9999.0 -9999.0 -9999.0 -9999.0 -9999.0 1.475143 1.416207 0.552091 -1.672588 1.256435 -1.196428 -0.080713 -0.442254 0.292852 4.014889 5.480481 12.355532 8.109182 11.568024 11.752786 6.770711 9.086812 3.280648 0.398219 -0.758405 -2.080357 1.484714 3.223184 2.324393 -0.490276 -0.238355 2.511150 5.576457 -0.011794 1.745514 -0.034881 -0.114815 2.006479 3.656404 2.051439 1.038373 -0.367500 1.995520 1.914050 1.015658 -0.707347 -0.002120 2.616597 1.055033 -3.161347 -4.111412 -0.046989 -0.036740 1.789381 3.241596 6.246605 6.580816 7.095489 -9999.0 -9999.0
-9999.0 -9999.0 -9999.0 -9999.0 -9999.0 -9999.0 -9999.0 -9999.0 1.116095 1.910882 -0.068529 -2.182826 1.175548 -0.233574 -0.291265 0.246464 4.014530 5.272819 8.973388 5.741109 7.540742 7.930827 11.026016 10.255215 3.681992 1.064041 -0.008832 -1.501860 2.223688 -0.281854 -0.079634 -0.090659 0.290231 -0.036197 -0.027132 4.810438 7.148846 4.138804 0.760666 -0.024038 3.283268 3.448635 3.299332 4.691752 1.141881 3.609952 2.728949 4.036315 1.557203 -0.112564 -0.003060 2.325565 1.156630 -0.043491 1.409544 2.343788 4.055349 4.879617 5.776421 6.824987 5.823853 2.764723 -9999.0
-9999.0 -9999.0 -9999.0 -9999.0 -9999.0 -9999.0 -9999.0 -9999.0 -0.041856 1.156295 -1.246524 -1.118441 -0.389173 -0.120648 4.041564 3.078456 6.336335 2.464535 0.867630 2.938554 4.814520 7.310398 7.542336 7.235480 8.352676 0.237190 -0.612579 -0.016624 -0.002608 -0.022309 -0.107298 0.991197 2.947665 1.944136 1.158551 2.248680 4.323143 6.132187 5.496363 2.906258 1.421268 1.165664 1.406030 0.352864 -0.093763 3.918051 -0.038631 -0.087813 -0.039200 0.880413 2.268027 1.780196 2.011105 2.527988 3.161519 3.551771 4.226344 5.185898 6.036123 6.185057 4.249192 2.175214 -9999.0
-9999.0 -9999.0 1.782592 1.941397 -2.451244 -0.302597 -1.488208 -1.640500 -0.004139 0.957147 -0.381725 -0.571854 -0.111088 -0.005446 5.294616 2.289991 -0.002726 -0.758099 -0.050052 -0.004113 2.809089 5.525922 6.637656 6.201088 5.331988 2.087769 -0.005446 0.198099 2.618432 5.177495 -0.003991 0.876073 7.588577 3.473868 5.456415 4.708527 8.029655 8.385517 7.290870 4.608990 5.720996 5.725464 4.334405 3.321286 -0.002448 1.065678 2.344965 1.491118 3.226011 4.536410 5.551377 4.854941 3.924586 3.424171 3.329947 8.346710 4.003651 4.457973 4.299997 3.603100 6.300732 1.376631 -9999.0
-9999.0 -0.083306 -0.283846 -0.224327 -0.244533 -0.534387 -1.207170 -1.619720 -2.046739 0.633267 -1.688404 -0.518508 -0.006127 4.666686 4.313888 -0.177740 -0.337322 -0.579545 -0.206213 -0.004438 2.583137 4.337892 8.428141 4.956773 9.611609 5.138889 7.770452 7.996621 5.840949 4.194357 4.449019 4.596953 6.300747 10.684859 8.637956 9.879056 11.520680 11.281782 11.685240 10.044830 9.174366 9.043119 8.351691 4.897537 3.593830 3.990133 5.542020 5.998177 7.443459 6.149375 5.760793 4.600153 3.790011 2.999970 2.925049 2.410610 0.857488 1.214434 2.219711 4.745370 0.591999 1.163392 -9999.0
-9999.0 4.565365 -0.031320 -0.041072 2.196092 -0.064288 -2.049283 -1.607887 -0.006338 0.538054 -1.605850 -0.791594 0.314925 4.500672 -0.076744 -3.302860 -1.623171 -0.954423 -0.704534 -0.011430 5.137585 2.047030 3.133032 3.682208 9.605330 10.776965 5.522436 7.034651 6.935880 6.475039 6.620234 6.395495 8.069080 8.952863 13.503459 11.935940 18.540285 19.532833 14.603833 13.522898 12.802915 11.766713 10.708612 8.149886 8.013249 7.876352 8.646833 8.325692 7.695907 6.828333 4.845377 2.083971 0.993022 1.548108 0.733833 -0.004455 -0.496660 -0.018895 -0.005944 -0.052156 -0.003556 -9999.0 -9999.0
