user2019/resources/simulation/Vinschgau/output-maps/TsL0002N1389.asc
ncols         63
nrows         48
xllcorner     598000.000000
yllcorner     5145000.000000
cellsize      1000.000000
NODATA_value  -9999.0
[rows 0 to 27 of 48, columns 0 to 62 of 63]
-9999.0 -9999.0 -9999.0 -9999.0 -9999.0 -9999.0 -9999.0 -9999.0 -9999.0 -9999.0 -9999.0 -9999.0 -9999.0 -9999.0 -9999.0 -9999.0 -9999.0 -9999.0 -9999.0 -9999.0 -9999.0 -9999.0 -9999.0 -9999.0 -9999.0 -9999.0 -9999.0 -9999.0 -9999.0 -9999.0 -9999.0 -9999.0 -9999.0 -9999.0 -9999.0 -9999.0 -9999.0 -9999.0 -9999.0 -9999.0 -9999.0 -9999.0 -9999.0 -9999.0 -9999.0 -9999.0 -9999.0 -9999.0 -9999.0 -9999.0 -9999.0 -9999.0 -9999.0 -9999.0 -9999.0 -9999.0 -9999.0 -9999.0 -9999.0 -9999.0 -9999.0 -9999.0 -9999.0
-9999.0 -9999.0 -9999.0 -9999.0 -9999.0 -9999.0 -9999.0 -9999.0 -9999.0 -9999.0 -9999.0 -9999.0 -9999.0 -9999.0 -9999.0 -9999.0 -9999.0 -9999.0 -9999.0 -9999.0 -9999.0 -9999.0 -9999.0 -9999.0 -9999.0 -9999.0 -9999.0 -1.641761 -0.022881 -0.987270 -0.007686 -1.520536 -3.824007 -9999.0 -9999.0 -9999.0 -9999.0 -9999.0 -9999.0 -9999.0 -9999.0 -9999.0 -9999.0 -9999.0 -9999.0 -9999.0 -9999.0 -9999.0 -9999.0 -9999.0 -9999.0 -9999.0 -9999.0 -9999.0 -9999.0 -9999.0 -9999.0 -9999.0 -9999.0 -9999.0 -9999.0 -9999.0 -9999.0
-9999.0 -9999.0 -9999.0 -9999.0 -9999.0 -9999.0 -9999.0 -9999.0 -9999.0 -9999.0 -9999.0 -9999.0 -9999.0 -9999.0 -9999.0 -9999.0 -9999.0 -9999.0 -9999.0 -9999.0 -9999.0 -9999.0 -9999.0 -9999.0 -0.007778 -0.008065 0.028364 -0.007922 0.040030 -0.011377 -0.011179 -9999.0 -9999.0 -9999.0 -9999.0 -9999.0 -9999.0 -9999.0 -9999.0 -9999.0 -9999.0 -9999.0 -9999.0 -9999.0 -9999.0 -9999.0 -9999.0 -9999.0 -9999.0 -9999.0 -9999.0 -9999.0 -9999.0 -9999.0 -9999.0 -9999.0 -9999.0 -9999.0 -9999.0 -9999.0 -9999.0 -9999.0 -9999.0
-9999.0 -9999.0 -9999.0 -9999.0 -9999.0 -9999.0 -9999.0 -9999.0 -9999.0 -9999.0 -9999.0 -9999.0 -9999.0 -9999.0 -9999.0 -9999.0 -9999.0 -9999.0 -9999.0 -9999.0 -9999.0 -9999.0 -9999.0 -0.008639 0.071626 2.292702 2.650581 2.773583 2.870427 -0.022204 -0.011327 -0.019384 -9999.0 -9999.0 -9999.0 -9999.0 -9999.0 -9999.0 -9999.0 -9999.0 -9999.0 -9999.0 -9999.0 -9999.0 -9999.0 -9999.0 -9999.0 -9999.0 -9999.0 -9999.0 -9999.0 -9999.0 -9999.0 -9999.0 -9999.0 -9999.0 -9999.0 -9999.0 -9999.0 -9999.0 -9999.0 -9999.0 -9999.0
-9999.0 -9999.0 -9999.0 -9999.0 -9999.0 -9999.0 -9999.0 -9999.0 -9999.0 -9999.0 -9999.0 -9999.0 -9999.0 -9999.0 -9999.0 -9999.0 -9999.0 -9999.0 1.222599 -0.011674 -9999.0 -0.009552 0.038724 1.901645 2.072747 2.721619 1.182460 1.437529 1.839425 0.258820 -0.015202 -0.008230 -1.672163 -3.405672 -9999.0 -9999.0 -9999.0 -9999.0 -9999.0 -9999.0 -9999.0 -9999.0 -9999.0 -9999.0 -9999.0 -9999.0 -9999.0 -9999.0 -9999.0 -9999.0 -9999.0 -9999.0 -9999.0 -9999.0 -9999.0 -9999.0 -9999.0 -9999.0 -9999.0 -9999.0 -9999.0 -9999.0 -9999.0
-9999.0 -9999.0 -9999.0 -9999.0 -9999.0 -9999.0 -9999.0 -9999.0 -9999.0 -9999.0 -9999.0 -9999.0 -9999.0 -9999.0 -9999.0 -9999.0 -9999.0 4.575770 3.248336 3.131777 -0.521880 0.024893 0.266463 1.419039 1.710244 0.013259 -0.038363 0.090624 -0.023485 1.277264 0.137833 -0.016164 -0.916089 -1.932513 -2.644538 -3.463313 -9999.0 -9999.0 -9999.0 -9999.0 -9999.0 -9999.0 -9999.0 -9999.0 -9999.0 -9999.0 -9999.0 -9999.0 -9999.0 -9999.0 -9999.0 -9999.0 -9999.0 -9999.0 -9999.0 -9999.0 -9999.0 -9999.0 -9999.0 -9999.0 -9999.0 -9999.0 -9999.0
-9999.0 -9999.0 -9999.0 -9999.0 -9999.0 -9999.0 -9999.0 -9999.0 -9999.0 -9999.0 -9999.0 -9999.0 -9999.0 -0.038103 1.401154 2.859802 4.152173 5.981151 4.263121 2.127291 2.150374 1.850220 2.432074 1.802312 -0.012150 0.053928 -0.782932 -0.017577 -0.022982 -0.008661 -1.457941 0.076333 -0.011184 -0.006424 -1.055130 -3.562149 -9999.0 -9999.0 -9999.0 -9999.0 -9999.0 -9999.0 -9999.0 -9999.0 -9999.0 -9999.0 -9999.0 -9999.0 -9999.0 -9999.0 -9999.0 -9999.0 -9999.0 -9999.0 -9999.0 -9999.0 -9999.0 -9999.0 -9999.0 -9999.0 -9999.0 -9999.0 -9999.0
-9999.0 -9999.0 -9999.0 -9999.0 -9999.0 -9999.0 -9999.0 -9999.0 -9999.0 -9999.0 -9999.0 -9999.0 -9999.0 0.322132 3.094474 3.660450 3.427301 4.787534 6.039426 3.606303 3.385451 2.978358 2.278433 1.207288 1.422546 0.480696 -0.024308 -1.029288 -1.151312 -0.169035 -0.021348 -0.007581 -1.190115 -3.238159 -2.823734 -9999.0 -9999.0 -9999.0 -9999.0 -9999.0 -9999.0 -9999.0 -9999.0 -9999.0 -9999.0 -9999.0 -9999.0 -9999.0 -9999.0 -9999.0 -9999.0 -9999.0 -9999.0 -9999.0 -9999.0 -9999.0 -9999.0 -9999.0 -9999.0 -9999.0 -9999.0 -9999.0 -9999.0
-9999.0 -9999.0 -9999.0 -9999.0 -9999.0 -9999.0 -9999.0 -9999.0 -9999.0 -9999.0 -9999.0 -9999.0 -9999.0 2.937978 1.877063 4.147320 3.150098 3.878951 6.254483 4.266714 2.764266 1.829248 0.268732 -0.018939 1.213282 0.844826 -0.826523 -1.224140 -0.041872 -2.413306 -0.008821 -3.575337 -3.632743 -9.264557 -3.827069 -9999.0 -9999.0 -9999.0 -9999.0 -9999.0 -9999.0 -9999.0 -9999.0 -9999.0 -9999.0 -9999.0 -9999.0 -9999.0 -9999.0 -9999.0 -9999.0 -9999.0 -9999.0 -9999.0 -9999.0 -9999.0 -9999.0 -9999.0 -9999.0 -9999.0 -9999.0 -9999.0 -9999.0
-9999.0 -9999.0 -9999.0 -9999.0 -9999.0 -9999.0 -9999.0 -9999.0 -9999.0 -9999.0 -9999.0 -9999.0 1.636845 1.313764 3.740724 2.082608 1.762233 3.415410 5.399538 4.337673 2.170024 0.008778 0.088625 -0.012835 -1.605670 -0.025684 -2.728980 -0.014644 -0.007776 -1.752564 -3.549108 -1.895733 -0.028562 -3.901273 -9999.0 -9999.0 -9999.0 -9999.0 -9999.0 -9999.0 -9999.0 -9999.0 -9999.0 -9999.0 -9999.0 -9999.0 -9999.0 -9999.0 -9999.0 -9999.0 -9999.0 -9999.0 -9999.0 -9999.0 -9999.0 -9999.0 -9999.0 -9999.0 -9999.0 -9999.0 -9999.0 -9999.0 -9999.0
-9999.0 -9999.0 -9999.0 -9999.0 -9999.0 -9999.0 -9999.0 -9999.0 -9999.0 -9999.0 -9999.0 -0.022957 3.135851 3.015920 3.136780 0.641512 3.424272 3.713732 5.402054 5.788867 2.097362 1.821344 -0.331729 -0.023812 0.272771 -0.012647 -0.021023 -0.011124 -0.030810 -3.024766 -2.131490 -0.010198 -1.088767 -2.855294 -2.197378 -1.120323 -0.451329 -0.641731 -0.819401 -9999.0 -9999.0 -9999.0 -3.309780 -9999.0 -9999.0 -9999.0 -9999.0 -9999.0 -9999.0 -9999.0 -9999.0 -9999.0 -9999.0 -9999.0 -9999.0 -9999.0 -9999.0 -9999.0 -9999.0 -9999.0 -9999.0 -9999.0 -9999.0
-9999.0 -9999.0 -9999.0 -9999.0 -9999.0 -9999.0 -9999.0 -9999.0 -9999.0 -9999.0 -9999.0 -0.028115 3.297067 4.790461 4.511001 0.020744 5.511450 4.180350 5.446338 4.458475 2.770386 0.273720 0.068237 -1.978396 -1.415580 -0.019639 -0.011129 -0.011811 -0.345914 -2.639166 -0.008160 0.020989 -0.036254 -1.126540 -1.366132 -0.009600 -0.017045 -0.636172 -0.671519 -2.880704 -2.744895 -3.101305 -0.007261 -1.413530 -9999.0 -9999.0 -9999.0 -4.701403 -3.813511 -2.819783 -2.963762 -4.429728 -4.476332 -4.775560 -4.422861 -4.815925 -9999.0 -9999.0 -9999.0 -9999.0 -9999.0 -9999.0 -9999.0
-9999.0 -9999.0 -9999.0 -9999.0 -9999.0 -9999.0 -9999.0 -9999.0 -9999.0 -9999.0 -9999.0 -0.022317 -0.037401 0.626502 0.455697 0.419048 1.153000 3.509653 5.094097 4.416803 2.147923 0.005395 -1.041671 -0.006509 -0.022859 -1.344899 -1.224337 -3.243001 -1.099764 -1.053040 -1.152256 -1.553181 -0.009898 -0.944689 -1.424996 -0.012843 -1.119466 -0.092453 -0.532887 -2.073851 -0.084896 -1.611407 -0.010087 -0.008851 -2.086085 -9999.0 -4.195337 -2.406656 -0.007167 -0.009984 -0.570692 -0.861777 -0.595000 -0.010258 -1.002371 -0.860174 -9999.0 -9999.0 -9999.0 -9999.0 -9999.0 -9999.0 -9999.0
-9999.0 -9999.0 -9999.0 -9999.0 -9999.0 -9999.0 -9999.0 -9999.0 -9999.0 -9999.0 -9999.0 -9999.0 -0.020336 -0.006431 0.068695 0.320066 0.487207 2.565931 4.993571 4.418881 1.977123 0.071779 -0.015140 -0.460644 -2.355769 -1.346283 0.046296 -0.636735 -0.008219 -1.243197 -0.008871 -1.234337 -0.625695 -0.009827 -0.041910 -0.014236 -1.168037 -0.806895 0.240897 -1.431076 -0.543739 -0.987889 -0.480697 0.047383 -1.162024 -2.467353 -2.940226 -1.201624 -2.328368 -0.641656 -0.069449 -1.231308 -3.455368 -1.765329 -2.426160 -0.007585 -0.475082 -9999.0 -9999.0 -9999.0 -9999.0 -9999.0 -9999.0
-9999.0 -9999.0 -9999.0 -9999.0 -9999.0 -9999.0 -9999.0 -9999.0 -9999.0 -9999.0 -9999.0 -0.554252 -0.012719 -0.027200 -0.006154 0.031045 0.723527 1.942692 4.481732 3.959061 2.246917 0.682234 -0.003627 -1.273087 -1.217047 -0.449841 -0.549633 -0.010795 -0.027392 -1.055035 -1.319865 -1.331469 -0.013136 -0.008606 -1.802529 -0.007059 -0.067248 -0.529843 -0.007527 -0.046655 -0.530917 -0.012538 -0.003566 -0.221007 -0.023473 -0.009202 -0.010118 -1.046856 -0.522529 -0.021525 -3.235387 -0.009307 -3.294464 -4.985619 -5.719135 -4.665802 -2.073859 -9999.0 -9999.0 -9999.0 -9999.0 -9999.0 -9999.0
-9999.0 -9999.0 -9999.0 -9999.0 -9999.0 -9999.0 -9999.0 -9999.0 -9999.0 -9999.0 0.037405 -0.033246 -0.010660 -0.013049 -0.021433 -0.002148 -0.003424 -0.009143 3.084130 3.616372 2.768167 1.164710 -0.590671 0.120366 -0.017432 -1.946738 -1.742220 -4.213719 -0.690097 -0.023025 -0.021131 -0.741640 -0.013276 -0.008765 -3.535884 -1.165815 -0.020456 -0.881411 -0.121974 0.023482 0.037390 0.719069 2.927571 0.817003 -0.023295 -1.033154 -0.014988 -0.283442 -0.041273 -0.016613 -4.368436 -3.210204 -6.189318 -5.525205 -5.183351 -0.010260 -0.008201 -9999.0 -9999.0 -9999.0 -9999.0 -9999.0 -9999.0
-9999.0 -9999.0 -9999.0 -9999.0 -9999.0 -9999.0 -9999.0 -9999.0 -9999.0 -0.017539 0.069755 -0.024907 -0.012635 -0.575713 -0.018616 -0.016891 -0.029035 0.356364 3.005201 3.643278 3.120106 0.410273 0.156996 0.162735 -0.003534 -1.507025 -2.547402 -0.013034 -0.032100 -0.013429 0.001777 -1.705772 -1.096253 -3.013242 -2.793841 -1.171464 -0.013640 -1.370340 -1.063600 -0.022849 -0.035651 -0.324241 -0.469584 1.518280 1.114621 -0.018260 -0.021839 -0.768713 -0.748528 0.006783 -1.708441 -2.363700 -5.992692 -6.082091 -4.717296 -3.449060 -2.539304 -1.166963 -4.003784 -9999.0 -9999.0 -9999.0 -9999.0
-9999.0 -9999.0 -9999.0 -9999.0 -9999.0 -9999.0 -9999.0 -9999.0 -9999.0 -0.650832 -0.019631 -0.035616 0.197519 -0.009542 -0.036037 -0.637643 0.153173 0.232768 3.567694 4.090173 3.719844 2.946462 1.549939 0.151486 -1.119014 -1.538119 -0.471336 -0.017769 0.054136 0.163261 0.097124 -2.084002 -0.010425 -0.534452 -0.007258 -1.332363 -1.318564 -1.005054 -0.026119 -0.015461 -0.900232 -1.724011 -0.228760 0.083513 2.414003 1.735600 1.521247 0.068051 -0.009620 0.018971 -2.954799 -5.228064 -5.926718 -5.071063 -2.588371 -4.366959 -2.328314 -1.750409 -1.044741 -9999.0 -9999.0 -9999.0 -9999.0
-9999.0 -9999.0 -9999.0 -9999.0 -9999.0 -9999.0 -9999.0 -9999.0 -9999.0 -9999.0 -0.008819 -0.016229 -0.016052 -0.737087 -0.003657 -0.026061 -0.010819 1.479125 4.348108 4.150248 3.858653 2.123766 -0.022808 -0.177444 -1.257578 -0.021849 0.015557 0.335902 0.091338 -1.639872 -1.988897 -3.081264 -3.560568 -0.016567 -0.008246 -0.012894 0.016816 0.076437 -1.124126 -0.007998 -0.009403 0.052417 0.135320 -0.017488 -0.013583 -0.008438 1.271413 2.026248 2.405203 0.023530 -1.911722 -2.472009 -4.870139 -5.791896 -5.226642 -2.759103 -0.004094 -1.904367 -0.018121 -0.015800 -9999.0 -9999.0 -9999.0
-9999.0 -9999.0 -9999.0 -9999.0 -9999.0 -9999.0 -9999.0 -9999.0 -9999.0 -9999.0 -0.008138 -0.012535 0.029789 -0.011277 0.733040 0.071457 -0.012647 2.143914 4.818621 4.730182 2.857418 0.956617 -0.029324 -0.041534 -0.022279 0.056699 0.971768 -0.010801 -1.329084 -3.270833 -0.007581 0.039874 -3.595988 -0.574620 -0.009707 0.103582 -1.890748 -0.022830 -1.817524 -0.014727 -0.012809 -0.307744 -0.514975 -0.023168 0.088914 -0.250150 -0.015754 -0.012583 2.684054 2.062334 -0.001379 -1.814782 -3.956675 -4.179818 -6.503543 -5.746977 -3.082674 -0.864420 1.279826 1.325115 -9999.0 -9999.0 -9999.0
-9999.0 -9999.0 -9999.0 -9999.0 -9999.0 -9999.0 -9999.0 -9999.0 -0.006086 -0.007741 -1.573765 -0.005602 -0.871188 -0.222557 -0.046231 1.332104 2.421567 3.833495 4.997978 5.084671 4.579332 3.426299 2.502192 0.729283 0.064837 1.515937 0.824234 -0.843023 -1.484869 -3.189110 -2.988090 -0.007610 -0.008201 -0.523622 -0.010407 -0.021621 -0.025326 -0.016018 -2.586671 -1.394564 -1.042133 0.058414 -3.209187 -1.134047 -0.983410 0.072964 -2.404402 -0.372644 -0.010038 1.657663 0.033712 -0.756350 -2.926881 -5.688814 -5.376115 -0.596135 -1.119632 0.081083 0.056133 4.110965 -9999.0 -9999.0 -9999.0
-9999.0 -9999.0 -9999.0 -9999.0 -9999.0 -9999.0 -9999.0 -9999.0 -3.394891 -1.196907 -2.708600 -0.015663 -0.016257 -2.416546 -0.973583 -0.009494 1.431113 2.015831 4.979254 5.621793 6.071137 5.628112 4.455790 3.176662 2.820681 2.953596 0.429967 -0.033837 -3.464284 -0.012836 -0.741304 -1.710368 -0.011756 -1.749170 -0.006372 0.019474 0.433565 0.025154 -0.103781 -0.015408 -0.008666 -0.465076 -1.611895 -0.019597 0.006631 -0.821260 -3.652689 -0.013340 -0.033328 1.278989 1.137481 -0.039893 -3.539914 -2.689902 -0.357356 -2.112767 -0.987086 -0.013472 2.372572 4.978921 5.625213 -9999.0 -9999.0
-9999.0 -9999.0 -9999.0 -9999.0 -9999.0 -9999.0 -9999.0 -9999.0 -0.008920 -0.002181 -0.010695 -3.524342 -0.004661 -2.991280 -0.820659 -0.833423 0.073337 1.987412 4.924480 6.042329 6.087695 6.275291 5.922517 4.546639 4.281994 2.771156 0.014358 -1.280200 -4.038917 -0.008129 -1.586133 0.063008 -1.923669 -1.576424 0.075761 0.284609 -0.008084 1.624035 -0.025848 -0.350531 -0.013819 -1.404038 -0.007096 -0.002961 -1.391521 -0.006790 -1.816958 -0.005545 -2.113001 -0.018647 2.474682 0.022267 -2.491762 -3.418589 -0.182532 -0.010962 0.363515 1.832154 4.610522 5.299951 5.611982 -9999.0 -9999.0
-9999.0 -9999.0 -9999.0 -9999.0 -9999.0 -9999.0 -9999.0 -9999.0 -2.919516 -0.011887 -0.347152 -3.955411 -0.006457 -1.513237 -0.263008 0.002041 3.489439 4.736202 4.473434 5.208720 5.564109 6.008914 6.167759 5.305963 3.169580 0.666742 -0.058846 -2.037818 0.023810 -0.235096 -0.722552 -0.042140 -0.007888 -0.002643 -0.026057 -0.066245 0.607425 3.624126 0.437722 -0.013131 -0.025203 -0.030057 -0.023637 -0.994316 -0.008707 -1.085312 -0.781514 -0.964037 -0.016389 -1.013410 -0.014323 2.119932 0.024126 -0.071702 0.050751 0.902429 2.801037 4.540669 5.376326 5.362913 4.412124 2.341172 -9999.0
-9999.0 -9999.0 -9999.0 -9999.0 -9999.0 -9999.0 -9999.0 -9999.0 -3.839170 -0.005629 -2.657631 -1.621319 -0.411377 -0.117814 0.179641 1.686102 2.312301 2.114820 0.592769 2.422722 4.286171 5.498046 5.623895 5.288947 3.299568 0.001391 -1.144831 -0.022245 -0.007350 -0.000134 -0.245001 0.015956 1.926394 0.385326 0.039956 0.801512 2.215428 5.567903 4.951142 1.546751 0.073325 0.072485 0.070026 -0.009289 -0.869004 -0.026048 -0.044026 -0.016691 -0.102085 0.010123 0.985364 1.315657 1.684669 0.906405 1.703833 2.089641 2.812353 3.889219 4.665161 4.469475 3.778898 1.743826 -9999.0
-9999.0 -9999.0 -0.700539 -0.007082 -3.939867 -1.684122 -2.907984 -2.448559 -0.010059 -0.005069 -1.160509 -0.419011 -0.070675 0.014837 1.324575 0.931833 -0.019461 -1.265081 -0.464581 -0.004550 2.285800 5.034102 5.099675 5.655814 3.414958 1.562169 -0.011178 0.032207 2.199315 1.163192 -0.020756 0.471341 3.617996 2.959433 3.569791 4.148496 5.960492 7.802383 6.700963 4.017980 3.567176 3.667124 3.809317 2.185822 -0.011594 0.042621 0.910358 1.297135 2.039831 3.073585 3.712040 3.292660 2.510818 1.867056 1.805914 2.932184 2.529361 3.178662 3.007184 3.143863 2.084995 0.943975 -9999.0
-9999.0 -0.550850 -0.704453 -1.018140 -1.566155 -0.978752 -2.555688 -2.899220 -3.886531 -0.014033 -2.022405 -0.899338 -0.001965 0.662206 0.721982 -0.270738 -1.225589 -1.957872 -1.427811 -0.017091 2.064807 3.828581 4.328544 4.529927 4.582419 3.146944 2.820878 3.169031 3.881145 2.736109 2.401374 2.569907 4.320167 6.064178 6.637498 7.880493 9.500906 10.704687 9.687210 8.014623 7.134404 7.024217 6.334434 4.339811 3.049550 3.452118 3.983858 5.476006 5.563568 5.740143 4.296296 3.314472 2.305200 1.457488 1.388495 0.967606 0.430786 0.787349 0.727785 0.577236 0.140061 0.728823 -9999.0
-9999.0 0.169654 -0.015675 -0.016860 0.069405 -0.024639 -2.574469 -3.420329 -0.020167 -1.132344 -2.562333 -1.291265 0.007615 0.653221 -0.066882 -2.502183 -2.718625 -2.276792 -0.344235 -0.011739 1.071627 1.722049 2.711050 2.411815 3.686931 4.537262 4.978205 5.058750 5.335353 5.932726 6.078559 5.837767 6.234365 7.151794 8.709850 10.185754 12.232397 13.269268 12.553859 11.472551 10.763534 9.843377 8.735565 7.612805 7.481085 7.342142 6.862453 6.724922 6.107809 5.297373 3.472627 1.752191 0.555823 1.223541 0.336309 -0.040213 -0.263772 -0.069499 -0.037833 -0.092703 -0.031367 -9999.0 -9999.0
