user2019/resources/simulation/Vinschgau/output-maps/TsL0007N0673.asc
ncols         63
nrows         48
xllcorner     598000.000000
yllcorner     5145000.000000
cellsize      1000.000000
NODATA_value  -9999.0
[rows 0 to 27 of 48, columns 0 to 62 of 63]
-9999.0 -9999.0 -9999.0 -9999.0 -9999.0 -9999.0 -9999.0 -9999.0 -9999.0 -9999.0 -9999.0 -9999.0 -9999.0 -9999.0 -9999.0 -9999.0 -9999.0 -9999.0 -9999.0 -9999.0 -9999.0 -9999.0 -9999.0 -9999.0 -9999.0 -9999.0 -9999.0 -9999.0 -9999.0 -9999.0 -9999.0 -9999.0 -9999.0 -9999.0 -9999.0 -9999.0 -9999.0 -9999.0 -9999.0 -9999.0 -9999.0 -9999.0 -9999.0 -9999.0 -9999.0 -9999.0 -9999.0 -9999.0 -9999.0 -9999.0 -9999.0 -9999.0 -9999.0 -9999.0 -9999.0 -9999.0 -9999.0 -9999.0 -9999.0 -9999.0 -9999.0 -9999.0 -9999.0
-9999.0 -9999.0 -9999.0 -9999.0 -9999.0 -9999.0 -9999.0 -9999.0 -9999.0 -9999.0 -9999.0 -9999.0 -9999.0 -9999.0 -9999.0 -9999.0 -9999.0 -9999.0 -9999.0 -9999.0 -9999.0 -9999.0 -9999.0 -9999.0 -9999.0 -9999.0 -9999.0 11.798481 11.928137 11.599625 9.805219 8.546160 9.426110 -9999.0 -9999.0 -9999.0 -9999.0 -9999.0 -9999.0 -9999.0 -9999.0 -9999.0 -9999.0 -9999.0 -9999.0 -9999.0 -9999.0 -9999.0 -9999.0 -9999.0 -9999.0 -9999.0 -9999.0 -9999.0 -9999.0 -9999.0 -9999.0 -9999.0 -9999.0 -9999.0 -9999.0 -9999.0 -9999.0
-9999.0 -9999.0 -9999.0 -9999.0 -9999.0 -9999.0 -9999.0 -9999.0 -9999.0 -9999.0 -9999.0 -9999.0 -9999.0 -9999.0 -9999.0 -9999.0 -9999.0 -9999.0 -9999.0 -9999.0 -9999.0 -9999.0 -9999.0 -9999.0 12.060729 12.965492 13.593315 13.238363 12.580789 12.144206 9.986112 -9999.0 -9999.0 -9999.0 -9999.0 -9999.0 -9999.0 -9999.0 -9999.0 -9999.0 -9999.0 -9999.0 -9999.0 -9999.0 -9999.0 -9999.0 -9999.0 -9999.0 -9999.0 -9999.0 -9999.0 -9999.0 -9999.0 -9999.0 -9999.0 -9999.0 -9999.0 -9999.0 -9999.0 -9999.0 -9999.0 -9999.0 -9999.0
-9999.0 -9999.0 -9999.0 -9999.0 -9999.0 -9999.0 -9999.0 -9999.0 -9999.0 -9999.0 -9999.0 -9999.0 -9999.0 -9999.0 -9999.0 -9999.0 -9999.0 -9999.0 -9999.0 -9999.0 -9999.0 -9999.0 -9999.0 12.640408 13.664370 13.474680 13.984975 14.145402 13.448518 13.557509 11.303903 10.156290 -9999.0 -9999.0 -9999.0 -9999.0 -9999.0 -9999.0 -9999.0 -9999.0 -9999.0 -9999.0 -9999.0 -9999.0 -9999.0 -9999.0 -9999.0 -9999.0 -9999.0 -9999.0 -9999.0 -9999.0 -9999.0 -9999.0 -9999.0 -9999.0 -9999.0 -9999.0 -9999.0 -9999.0 -9999.0 -9999.0 -9999.0
-9999.0 -9999.0 -9999.0 -9999.0 -9999.0 -9999.0 -9999.0 -9999.0 -9999.0 -9999.0 -9999.0 -9999.0 -9999.0 -9999.0 -9999.0 -9999.0 -9999.0 -9999.0 14.328377 13.109090 -9999.0 12.142964 13.051901 13.551289 13.759803 15.443456 14.296831 14.296191 16.120109 13.941709 13.180522 11.258383 11.051975 9.835592 -9999.0 -9999.0 -9999.0 -9999.0 -9999.0 -9999.0 -9999.0 -9999.0 -9999.0 -9999.0 -9999.0 -9999.0 -9999.0 -9999.0 -9999.0 -9999.0 -9999.0 -9999.0 -9999.0 -9999.0 -9999.0 -9999.0 -9999.0 -9999.0 -9999.0 -9999.0 -9999.0 -9999.0 -9999.0
-9999.0 -9999.0 -9999.0 -9999.0 -9999.0 -9999.0 -9999.0 -9999.0 -9999.0 -9999.0 -9999.0 -9999.0 -9999.0 -9999.0 -9999.0 -9999.0 -9999.0 14.390952 12.358063 12.674221 14.020044 11.219621 12.660859 13.156878 17.046128 11.278110 10.186466 11.196427 10.392593 11.881009 13.566899 12.278518 12.512197 10.815205 8.937735 7.618792 -9999.0 -9999.0 -9999.0 -9999.0 -9999.0 -9999.0 -9999.0 -9999.0 -9999.0 -9999.0 -9999.0 -9999.0 -9999.0 -9999.0 -9999.0 -9999.0 -9999.0 -9999.0 -9999.0 -9999.0 -9999.0 -9999.0 -9999.0 -9999.0 -9999.0 -9999.0 -9999.0
-9999.0 -9999.0 -9999.0 -9999.0 -9999.0 -9999.0 -9999.0 -9999.0 -9999.0 -9999.0 -9999.0 -9999.0 -9999.0 11.684107 11.791089 12.076873 13.577095 20.298429 13.937158 13.549786 13.598192 14.582172 15.467935 16.630906 10.632198 11.175323 9.852097 9.518814 10.802660 11.297042 10.720201 10.813595 10.545718 8.894613 4.848434 7.148454 -9999.0 -9999.0 -9999.0 -9999.0 -9999.0 -9999.0 -9999.0 -9999.0 -9999.0 -9999.0 -9999.0 -9999.0 -9999.0 -9999.0 -9999.0 -9999.0 -9999.0 -9999.0 -9999.0 -9999.0 -9999.0 -9999.0 -9999.0 -9999.0 -9999.0 -9999.0 -9999.0
-9999.0 -9999.0 -9999.0 -9999.0 -9999.0 -9999.0 -9999.0 -9999.0 -9999.0 -9999.0 -9999.0 -9999.0 -9999.0 12.375618 12.567186 12.228292 12.019456 15.942249 20.505156 15.219738 13.568680 13.880428 11.744280 11.496449 12.872578 11.009172 11.613866 9.566867 8.966679 8.843623 9.371326 8.455593 5.528890 6.251305 6.952503 -9999.0 -9999.0 -9999.0 -9999.0 -9999.0 -9999.0 -9999.0 -9999.0 -9999.0 -9999.0 -9999.0 -9999.0 -9999.0 -9999.0 -9999.0 -9999.0 -9999.0 -9999.0 -9999.0 -9999.0 -9999.0 -9999.0 -9999.0 -9999.0 -9999.0 -9999.0 -9999.0 -9999.0
-9999.0 -9999.0 -9999.0 -9999.0 -9999.0 -9999.0 -9999.0 -9999.0 -9999.0 -9999.0 -9999.0 -9999.0 -9999.0 12.483440 13.562293 12.971746 11.439233 12.626130 20.512273 13.559866 14.108308 12.000948 9.715516 10.081804 12.496465 10.647555 11.616249 8.442722 10.641857 7.432097 4.263819 2.121477 6.223334 0.966404 5.457561 -9999.0 -9999.0 -9999.0 -9999.0 -9999.0 -9999.0 -9999.0 -9999.0 -9999.0 -9999.0 -9999.0 -9999.0 -9999.0 -9999.0 -9999.0 -9999.0 -9999.0 -9999.0 -9999.0 -9999.0 -9999.0 -9999.0 -9999.0 -9999.0 -9999.0 -9999.0 -9999.0 -9999.0
-9999.0 -9999.0 -9999.0 -9999.0 -9999.0 -9999.0 -9999.0 -9999.0 -9999.0 -9999.0 -9999.0 -9999.0 11.992476 13.141217 12.543143 10.637126 9.239336 11.790583 17.401947 12.864651 12.457983 10.444240 9.985279 10.008331 10.808535 8.723232 9.316287 10.087598 11.465977 4.473441 4.752621 9.574029 9.168783 5.032541 -9999.0 -9999.0 -9999.0 -9999.0 -9999.0 -9999.0 -9999.0 -9999.0 -9999.0 -9999.0 -9999.0 -9999.0 -9999.0 -9999.0 -9999.0 -9999.0 -9999.0 -9999.0 -9999.0 -9999.0 -9999.0 -9999.0 -9999.0 -9999.0 -9999.0 -9999.0 -9999.0 -9999.0 -9999.0
-9999.0 -9999.0 -9999.0 -9999.0 -9999.0 -9999.0 -9999.0 -9999.0 -9999.0 -9999.0 -9999.0 10.739982 10.028538 10.409213 9.946512 10.173849 9.917923 11.072564 17.489934 12.671450 10.522445 11.831058 11.400606 10.378822 10.265086 10.512134 7.739003 10.894464 10.891982 6.660433 9.480500 11.874502 9.631530 9.194382 9.219212 10.266038 12.400880 14.280683 13.554749 -9999.0 -9999.0 -9999.0 10.040815 -9999.0 -9999.0 -9999.0 -9999.0 -9999.0 -9999.0 -9999.0 -9999.0 -9999.0 -9999.0 -9999.0 -9999.0 -9999.0 -9999.0 -9999.0 -9999.0 -9999.0 -9999.0 -9999.0 -9999.0
-9999.0 -9999.0 -9999.0 -9999.0 -9999.0 -9999.0 -9999.0 -9999.0 -9999.0 -9999.0 -9999.0 10.120663 9.779209 10.512685 10.334516 9.349674 11.647123 12.299805 17.344818 14.890369 14.579447 12.999415 11.563136 8.067408 8.530217 10.175713 11.440450 11.935675 10.809981 7.672622 11.144827 11.955782 10.469699 8.918728 9.579023 12.080243 16.706078 17.478443 15.444011 12.111911 12.651858 10.766629 11.299399 10.927320 -9999.0 -9999.0 -9999.0 8.838012 9.493617 10.204795 10.336114 9.029104 8.874179 9.819049 8.818821 8.326662 -9999.0 -9999.0 -9999.0 -9999.0 -9999.0 -9999.0 -9999.0
-9999.0 -9999.0 -9999.0 -9999.0 -9999.0 -9999.0 -9999.0 -9999.0 -9999.0 -9999.0 -9999.0 10.724720 9.728465 8.591343 10.699539 10.638099 8.898701 9.700827 14.832922 16.305915 10.733654 10.526149 9.491372 11.594391 9.443358 12.340179 9.693083 9.035574 4.529627 6.823552 9.047775 9.198000 12.192305 8.932222 10.161613 14.635617 12.016463 12.818365 19.298715 13.761493 15.352343 12.254597 13.439060 12.241463 9.633276 -9999.0 7.938336 7.962439 11.791621 13.067496 13.578773 13.628380 13.113512 12.445550 12.274687 11.287015 -9999.0 -9999.0 -9999.0 -9999.0 -9999.0 -9999.0 -9999.0
-9999.0 -9999.0 -9999.0 -9999.0 -9999.0 -9999.0 -9999.0 -9999.0 -9999.0 -9999.0 -9999.0 -9999.0 9.963518 8.010245 12.072273 11.549604 7.998230 9.838125 15.989249 16.491456 10.785030 11.113606 10.997441 9.978069 8.255084 9.629106 13.626220 10.098691 9.853239 9.983068 11.332302 9.423731 12.090051 10.042836 6.419999 12.404648 10.134011 12.273338 20.811031 16.591857 17.007370 17.078754 11.190558 13.937812 11.692038 10.195853 10.518006 9.862788 9.251271 11.059211 12.395886 9.873927 11.248573 9.458229 9.037450 10.317337 10.960851 -9999.0 -9999.0 -9999.0 -9999.0 -9999.0 -9999.0
-9999.0 -9999.0 -9999.0 -9999.0 -9999.0 -9999.0 -9999.0 -9999.0 -9999.0 -9999.0 -9999.0 8.133353 9.354253 10.565216 9.109416 9.200511 9.877966 9.698339 15.616564 12.836202 11.245836 10.595608 10.614831 9.435808 9.754364 10.919058 9.663430 8.841418 10.761000 11.936321 9.753456 10.483900 12.977101 9.671131 7.622620 11.560139 11.312804 11.385274 13.235819 19.896111 11.817988 13.006829 12.729592 11.412657 14.624083 11.012180 12.188967 12.676642 13.186835 12.259255 8.928072 9.934358 8.236387 7.578509 6.356908 8.272527 10.972366 -9999.0 -9999.0 -9999.0 -9999.0 -9999.0 -9999.0
-9999.0 -9999.0 -9999.0 -9999.0 -9999.0 -9999.0 -9999.0 -9999.0 -9999.0 -9999.0 11.737376 9.104746 12.022931 11.653854 12.636088 10.374618 9.653140 9.350657 12.436756 12.973622 15.426717 13.756096 9.459799 14.615467 11.424055 10.455581 8.462197 7.650537 12.988973 13.468730 11.119480 10.225186 11.161986 8.556619 7.575876 9.901989 14.209093 10.611690 11.029863 14.561136 14.553409 12.883159 16.444650 12.524370 11.459662 13.489305 12.661432 11.171918 12.097900 12.331466 8.945436 7.266285 5.865558 6.499159 7.426485 12.193724 12.115181 -9999.0 -9999.0 -9999.0 -9999.0 -9999.0 -9999.0
-9999.0 -9999.0 -9999.0 -9999.0 -9999.0 -9999.0 -9999.0 -9999.0 -9999.0 9.710105 10.881475 9.015999 10.162951 9.109155 9.678136 9.295491 8.892111 14.252105 12.375562 13.473409 16.051207 11.390918 11.024807 13.110391 11.372053 8.688292 8.932607 13.706847 11.256596 11.785326 12.414517 8.430660 4.415755 6.989873 9.789504 9.246707 10.692785 9.475567 9.372345 10.741503 11.186348 9.901270 9.830411 13.084238 12.520297 12.031018 15.959324 11.377061 11.376920 13.159144 10.464035 10.183762 6.170669 8.260025 9.934568 9.625420 10.371469 13.290779 12.155538 -9999.0 -9999.0 -9999.0 -9999.0
-9999.0 -9999.0 -9999.0 -9999.0 -9999.0 -9999.0 -9999.0 -9999.0 -9999.0 9.806605 9.739480 10.945644 14.379502 10.940125 10.229095 9.634222 13.622878 11.871813 13.039875 18.338939 17.937270 18.091467 14.346821 13.277962 9.008793 10.003687 10.944061 11.882885 13.385867 12.767851 12.239445 8.262207 10.139011 8.961979 10.578378 12.318134 12.567360 13.640655 10.469336 11.615620 9.050595 8.401404 11.119104 12.475647 13.209529 14.969732 14.801105 13.890813 13.193148 13.022058 9.016790 7.194870 8.347262 8.598702 10.163623 8.546077 10.698354 11.542238 15.168120 -9999.0 -9999.0 -9999.0 -9999.0
-9999.0 -9999.0 -9999.0 -9999.0 -9999.0 -9999.0 -9999.0 -9999.0 -9999.0 -9999.0 9.987814 11.430711 9.978116 10.605370 11.547297 10.769383 11.146698 12.722008 14.013680 15.519505 16.027410 12.102100 10.372956 9.725601 10.154382 11.718585 12.859793 13.765173 12.307750 8.512855 8.227193 9.479049 6.734518 8.583223 11.978763 13.116289 14.250648 13.118429 11.734517 0.934493 8.165682 13.076294 13.072184 10.303899 10.807862 11.110400 12.104277 15.333565 15.576204 13.597951 10.145706 10.582529 8.628682 8.471184 7.221467 10.700869 12.049073 13.588519 14.066121 14.217792 -9999.0 -9999.0 -9999.0
-9999.0 -9999.0 -9999.0 -9999.0 -9999.0 -9999.0 -9999.0 -9999.0 -9999.0 -9999.0 10.019666 10.763437 11.050474 10.605449 16.638291 11.266559 10.856764 12.803699 15.233801 15.933333 13.590718 11.827596 10.614819 11.168834 11.574114 13.312540 14.472761 11.152996 9.002025 6.751210 9.366885 11.207549 8.209054 5.116518 9.311933 10.818163 11.153417 10.503284 8.665345 5.453128 10.741525 12.407461 8.487124 10.897948 11.881735 9.941201 11.042660 11.491650 13.661679 15.567097 13.732851 10.486015 9.783281 10.977553 10.969076 12.207512 10.424434 12.217729 15.119225 16.396679 -9999.0 -9999.0 -9999.0
-9999.0 -9999.0 -9999.0 -9999.0 -9999.0 -9999.0 -9999.0 -9999.0 12.386915 11.964727 10.951572 10.873547 9.518492 9.891578 10.019305 12.676389 13.378773 18.959978 16.450870 16.393055 15.132805 14.019170 12.965916 11.789409 13.157399 13.643945 14.960588 9.491099 9.075493 7.380019 6.613881 9.439948 9.980997 9.355164 10.404312 8.104801 12.663324 10.709336 7.293524 10.573673 9.997045 10.828023 7.795880 8.972081 14.195886 13.023368 8.479063 10.425738 12.079691 15.244611 14.162568 11.890731 10.760042 7.733742 12.965809 14.407665 15.209949 16.660100 15.601344 16.695953 -9999.0 -9999.0 -9999.0
-9999.0 -9999.0 -9999.0 -9999.0 -9999.0 -9999.0 -9999.0 -9999.0 9.332284 10.082444 8.795769 9.407092 10.493556 10.237953 9.603111 11.057827 12.323685 12.865678 15.427310 16.888706 21.744968 20.128379 18.195698 17.712779 13.936307 14.021246 11.993889 10.553853 8.192771 7.603915 9.797896 11.658248 10.888644 10.705298 11.085063 11.791101 14.090105 11.502409 9.546850 11.308958 8.813445 4.800425 8.940690 12.027290 13.662448 9.627939 8.333431 11.551315 11.541988 13.859008 15.918838 13.225074 10.354072 13.882477 16.369841 13.572419 13.804899 14.928073 17.428152 19.010845 19.573316 -9999.0 -9999.0
-9999.0 -9999.0 -9999.0 -9999.0 -9999.0 -9999.0 -9999.0 -9999.0 9.901338 12.485335 12.695156 8.378706 12.522514 9.051473 11.015774 10.252176 12.023742 14.580929 15.689388 20.882243 17.334604 20.421774 20.180616 16.376067 19.405308 12.854602 11.425140 9.135665 8.479360 11.453878 12.362662 12.848134 8.706196 9.036135 11.965924 14.039982 8.455941 11.826824 9.181749 8.929333 10.132945 10.085791 10.971643 11.307883 8.662776 10.966574 12.353308 12.599607 9.686400 12.744899 15.738867 15.229697 11.902053 11.616858 15.077764 15.432789 16.669799 17.741761 18.949418 19.138297 19.118188 -9999.0 -9999.0
-9999.0 -9999.0 -9999.0 -9999.0 -9999.0 -9999.0 -9999.0 -9999.0 8.722048 12.031277 11.145059 9.325624 13.098648 10.807290 10.985576 12.220455 14.622733 15.936330 16.044834 15.843782 16.713271 17.326340 20.638982 20.275507 14.050266 11.879901 10.242758 8.776030 14.109140 10.926041 10.249174 10.567503 11.631560 11.474253 9.648650 13.566660 14.524112 12.544424 8.851534 9.596513 11.312875 12.043446 12.150369 14.114089 12.107747 13.318351 13.614829 14.176854 14.613964 12.723649 13.788811 16.631857 16.597638 15.475289 17.389234 17.616161 18.674696 18.016898 18.810614 18.982901 17.640006 15.392827 -9999.0
-9999.0 -9999.0 -9999.0 -9999.0 -9999.0 -9999.0 -9999.0 -9999.0 10.180499 11.835920 9.706103 10.297856 11.330136 11.889577 16.399571 14.961253 15.557153 13.021522 11.893462 13.402784 15.232985 17.099194 17.323202 17.339287 18.032679 11.747975 9.762770 11.611771 12.528291 12.219388 9.761982 11.793769 13.350200 11.959646 9.063443 9.446039 12.351795 13.569497 12.818178 11.735765 11.065138 10.549122 11.906497 11.454025 9.968971 14.461234 11.758921 12.854493 12.935574 15.028391 16.711264 16.516219 17.297595 18.556433 18.503024 18.502121 18.960190 18.880582 18.598709 17.673115 16.339078 14.553808 -9999.0
-9999.0 -9999.0 12.494436 12.061921 9.211998 9.718316 9.997848 9.195621 11.386627 11.357495 9.747581 12.065668 12.177273 14.225260 19.002819 14.101366 11.723138 9.794368 10.464116 11.621736 13.674805 16.149458 17.078881 17.002989 15.981678 13.407088 11.966036 11.750477 12.627658 15.384590 10.739461 10.961652 15.894689 12.113785 13.760844 12.342336 14.945237 14.760397 13.568475 11.685829 13.429938 13.773864 12.697842 13.319631 10.831671 12.630562 14.109622 13.088439 16.074720 17.490288 18.731218 19.162364 18.996724 18.998867 18.754069 22.290948 17.965422 17.711686 16.800902 15.978027 16.783439 13.602867 -9999.0
-9999.0 10.379813 10.253630 10.061390 9.991441 10.421218 9.701284 8.326835 7.837170 10.606150 9.852899 11.019662 13.253712 17.113637 16.837927 11.589696 10.382476 9.588117 10.882488 11.736479 14.039250 14.654363 19.482139 16.646516 20.423039 16.351764 19.438674 19.452775 15.296951 14.361038 14.815677 14.375006 14.278095 17.646181 15.569337 16.477253 17.152171 16.607921 16.911601 16.389593 16.181113 15.904513 15.540178 13.472039 13.192327 13.990909 16.239902 16.475523 18.509126 18.638672 18.130168 17.983572 17.486221 17.477989 17.420681 16.763592 15.389728 15.237588 15.043840 15.569899 13.157912 13.266427 -9999.0
-9999.0 12.483124 11.160076 11.363523 14.866925 11.099716 8.531037 8.800263 12.008819 12.039802 10.158576 10.966325 13.339792 17.046233 12.311410 9.884866 9.330021 9.933427 11.924977 11.915936 14.696610 13.770736 15.209135 16.772913 21.227543 22.055131 16.903662 17.540069 16.923372 16.149796 16.779550 16.192809 15.546951 15.900155 19.097342 18.096095 23.134700 24.026466 18.738312 18.918607 18.505169 17.419862 16.804936 16.621897 17.384160 17.755793 18.937544 18.782808 17.545297 17.667971 16.646203 15.574207 15.356689 15.976096 15.571218 13.932245 13.996952 12.963125 12.738070 11.940875 11.973389 -9999.0 -9999.0
