user2019/resources/simulation/Vinschgau/output-maps/TsL0004N0975.asc
ncols         63
nrows         48
xllcorner     598000.000000
yllcorner     5145000.000000
cellsize      1000.000000
NODATA_value  -9999.0
[rows 0 to 27 of 48, columns 0 to 62 of 63]
-9999.0 -9999.0 -9999.0 -9999.0 -9999.0 -9999.0 -9999.0 -9999.0 -9999.0 -9999.0 -9999.0 -9999.0 -9999.0 -9999.0 -9999.0 -9999.0 -9999.0 -9999.0 -9999.0 -9999.0 -9999.0 -9999.0 -9999.0 -9999.0 -9999.0 -9999.0 -9999.0 -9999.0 -9999.0 -9999.0 -9999.0 -9999.0 -9999.0 -9999.0 -9999.0 -9999.0 -9999.0 -9999.0 -9999.0 -9999.0 -9999.0 -9999.0 -9999.0 -9999.0 -9999.0 -9999.0 -9999.0 -9999.0 -9999.0 -9999.0 -9999.0 -9999.0 -9999.0 -9999.0 -9999.0 -9999.0 -9999.0 -9999.0 -9999.0 -9999.0 -9999.0 -9999.0 -9999.0
-9999.0 -9999.0 -9999.0 -9999.0 -9999.0 -9999.0 -9999.0 -9999.0 -9999.0 -9999.0 -9999.0 -9999.0 -9999.0 -9999.0 -9999.0 -9999.0 -9999.0 -9999.0 -9999.0 -9999.0 -9999.0 -9999.0 -9999.0 -9999.0 -9999.0 -9999.0 -9999.0 -4.881460 -4.180264 -4.497066 -4.886221 -4.794164 -5.564108 -9999.0 -9999.0 -9999.0 -9999.0 -9999.0 -9999.0 -9999.0 -9999.0 -9999.0 -9999.0 -9999.0 -9999.0 -9999.0 -9999.0 -9999.0 -9999.0 -9999.0 -9999.0 -9999.0 -9999.0 -9999.0 -9999.0 -9999.0 -9999.0 -9999.0 -9999.0 -9999.0 -9999.0 -9999.0 -9999.0
-9999.0 -9999.0 -9999.0 -9999.0 -9999.0 -9999.0 -9999.0 -9999.0 -9999.0 -9999.0 -9999.0 -9999.0 -9999.0 -9999.0 -9999.0 -9999.0 -9999.0 -9999.0 -9999.0 -9999.0 -9999.0 -9999.0 -9999.0 -9999.0 -4.284801 -4.143194 -4.080131 -3.013084 -4.046998 -3.740257 -4.374444 -9999.0 -9999.0 -9999.0 -9999.0 -9999.0 -9999.0 -9999.0 -9999.0 -9999.0 -9999.0 -9999.0 -9999.0 -9999.0 -9999.0 -9999.0 -9999.0 -9999.0 -9999.0 -9999.0 -9999.0 -9999.0 -9999.0 -9999.0 -9999.0 -9999.0 -9999.0 -9999.0 -9999.0 -9999.0 -9999.0 -9999.0 -9999.0
-9999.0 -9999.0 -9999.0 -9999.0 -9999.0 -9999.0 -9999.0 -9999.0 -9999.0 -9999.0 -9999.0 -9999.0 -9999.0 -9999.0 -9999.0 -9999.0 -9999.0 -9999.0 -9999.0 -9999.0 -9999.0 -9999.0 -9999.0 -2.657453 -1.075772 0.172836 0.700361 0.974068 0.136474 -2.277269 -4.315076 -4.830379 -9999.0 -9999.0 -9999.0 -9999.0 -9999.0 -9999.0 -9999.0 -9999.0 -9999.0 -9999.0 -9999.0 -9999.0 -9999.0 -9999.0 -9999.0 -9999.0 -9999.0 -9999.0 -9999.0 -9999.0 -9999.0 -9999.0 -9999.0 -9999.0 -9999.0 -9999.0 -9999.0 -9999.0 -9999.0 -9999.0 -9999.0
-9999.0 -9999.0 -9999.0 -9999.0 -9999.0 -9999.0 -9999.0 -9999.0 -9999.0 -9999.0 -9999.0 -9999.0 -9999.0 -9999.0 -9999.0 -9999.0 -9999.0 -9999.0 -0.002254 -1.554877 -9999.0 -2.096589 -1.202348 -0.009663 0.341496 1.290522 -0.010360 -0.010892 -0.003203 -0.025756 -2.855976 -4.851535 -5.911377 -7.796203 -9999.0 -9999.0 -9999.0 -9999.0 -9999.0 -9999.0 -9999.0 -9999.0 -9999.0 -9999.0 -9999.0 -9999.0 -9999.0 -9999.0 -9999.0 -9999.0 -9999.0 -9999.0 -9999.0 -9999.0 -9999.0 -9999.0 -9999.0 -9999.0 -9999.0 -9999.0 -9999.0 -9999.0 -9999.0
-9999.0 -9999.0 -9999.0 -9999.0 -9999.0 -9999.0 -9999.0 -9999.0 -9999.0 -9999.0 -9999.0 -9999.0 -9999.0 -9999.0 -9999.0 -9999.0 -9999.0 4.168266 2.703976 1.278898 -1.949524 -0.062242 -0.026374 -0.014680 -0.008641 -0.016724 -0.257977 -0.034981 -0.177220 -0.011857 -1.078699 -2.712541 -3.776811 -4.825482 -6.609269 -7.681846 -9999.0 -9999.0 -9999.0 -9999.0 -9999.0 -9999.0 -9999.0 -9999.0 -9999.0 -9999.0 -9999.0 -9999.0 -9999.0 -9999.0 -9999.0 -9999.0 -9999.0 -9999.0 -9999.0 -9999.0 -9999.0 -9999.0 -9999.0 -9999.0 -9999.0 -9999.0 -9999.0
-9999.0 -9999.0 -9999.0 -9999.0 -9999.0 -9999.0 -9999.0 -9999.0 -9999.0 -9999.0 -9999.0 -9999.0 -9999.0 -0.103749 -0.011698 2.128231 3.684683 3.876547 3.780564 0.289482 0.164997 -0.005244 0.455784 -0.009199 -0.018826 -1.264917 -2.122319 -0.635236 -0.841462 -0.044401 -2.047435 -3.495862 -4.175998 -4.037277 -5.207602 -7.881375 -9999.0 -9999.0 -9999.0 -9999.0 -9999.0 -9999.0 -9999.0 -9999.0 -9999.0 -9999.0 -9999.0 -9999.0 -9999.0 -9999.0 -9999.0 -9999.0 -9999.0 -9999.0 -9999.0 -9999.0 -9999.0 -9999.0 -9999.0 -9999.0 -9999.0 -9999.0 -9999.0
-9999.0 -9999.0 -9999.0 -9999.0 -9999.0 -9999.0 -9999.0 -9999.0 -9999.0 -9999.0 -9999.0 -9999.0 -9999.0 -0.038496 1.255538 2.928901 2.964151 2.855357 3.917121 1.566322 2.796754 0.779577 1.079791 -0.003608 -0.033720 -0.738264 -4.601038 -4.334207 -5.421050 -1.585094 -0.981166 -3.865434 -5.707972 -9.028156 -6.840863 -9999.0 -9999.0 -9999.0 -9999.0 -9999.0 -9999.0 -9999.0 -9999.0 -9999.0 -9999.0 -9999.0 -9999.0 -9999.0 -9999.0 -9999.0 -9999.0 -9999.0 -9999.0 -9999.0 -9999.0 -9999.0 -9999.0 -9999.0 -9999.0 -9999.0 -9999.0 -9999.0 -9999.0
-9999.0 -9999.0 -9999.0 -9999.0 -9999.0 -9999.0 -9999.0 -9999.0 -9999.0 -9999.0 -9999.0 -9999.0 -9999.0 0.848043 0.727663 2.002227 2.441063 3.231990 4.104194 3.679955 0.959110 -0.006437 -0.038685 -0.068709 -0.014112 -0.018108 -3.574925 -5.707075 -4.879372 -8.052612 -4.341563 -9.534877 -9.956457 -11.961997 -8.229594 -9999.0 -9999.0 -9999.0 -9999.0 -9999.0 -9999.0 -9999.0 -9999.0 -9999.0 -9999.0 -9999.0 -9999.0 -9999.0 -9999.0 -9999.0 -9999.0 -9999.0 -9999.0 -9999.0 -9999.0 -9999.0 -9999.0 -9999.0 -9999.0 -9999.0 -9999.0 -9999.0 -9999.0
-9999.0 -9999.0 -9999.0 -9999.0 -9999.0 -9999.0 -9999.0 -9999.0 -9999.0 -9999.0 -9999.0 -9999.0 -0.013232 -0.006038 1.498416 -0.005883 0.712168 2.704207 3.340091 2.522487 -0.004639 -0.046737 -0.485679 -0.788789 -1.732664 -4.579154 -3.328682 -4.517364 -4.347665 -5.948417 -9.529430 -6.182978 -4.903300 -8.565491 -9999.0 -9999.0 -9999.0 -9999.0 -9999.0 -9999.0 -9999.0 -9999.0 -9999.0 -9999.0 -9999.0 -9999.0 -9999.0 -9999.0 -9999.0 -9999.0 -9999.0 -9999.0 -9999.0 -9999.0 -9999.0 -9999.0 -9999.0 -9999.0 -9999.0 -9999.0 -9999.0 -9999.0 -9999.0
-9999.0 -9999.0 -9999.0 -9999.0 -9999.0 -9999.0 -9999.0 -9999.0 -9999.0 -9999.0 -9999.0 -1.791405 0.809632 0.741048 0.805380 -0.016993 1.315022 2.775884 3.445772 1.753567 1.415702 -0.006355 -1.419941 -4.053027 -2.025376 -4.555195 -4.782430 -4.993419 -4.624362 -7.416294 -6.372949 -4.526236 -5.280691 -7.130197 -6.509775 -5.105766 -4.647338 -5.201667 -5.300548 -9999.0 -9999.0 -9999.0 -7.360364 -9999.0 -9999.0 -9999.0 -9999.0 -9999.0 -9999.0 -9999.0 -9999.0 -9999.0 -9999.0 -9999.0 -9999.0 -9999.0 -9999.0 -9999.0 -9999.0 -9999.0 -9999.0 -9999.0 -9999.0
-9999.0 -9999.0 -9999.0 -9999.0 -9999.0 -9999.0 -9999.0 -9999.0 -9999.0 -9999.0 -9999.0 -0.124096 1.080500 2.361134 2.183063 -0.091200 3.642299 3.581451 3.467587 2.385007 1.019087 -0.045419 -1.561890 -2.807987 -1.945078 -4.766381 -4.765601 -4.507793 -3.659827 -7.125447 -4.496756 -3.906085 -4.894373 -5.597682 -6.276449 -4.789298 -4.071338 -2.431728 -3.952791 -6.881556 -6.857701 -7.298660 -4.739758 -5.866738 -9999.0 -9999.0 -9999.0 -7.896320 -6.586587 -6.356989 -5.637268 -7.366597 -7.615470 -7.398268 -7.029613 -8.020499 -9999.0 -9999.0 -9999.0 -9999.0 -9999.0 -9999.0 -9999.0
-9999.0 -9999.0 -9999.0 -9999.0 -9999.0 -9999.0 -9999.0 -9999.0 -9999.0 -9999.0 -9999.0 -0.316058 -0.136866 -0.628367 -0.041054 -0.041563 -0.003870 2.996915 2.808367 2.375549 1.421212 -0.020648 -1.678961 -4.317096 -4.600512 -4.703072 -1.878995 -3.685673 -4.960048 -5.994051 -5.393006 -4.186182 -4.210734 -5.344144 -5.916802 -4.273707 -3.321076 -2.974145 -1.389412 -5.377466 -4.533933 -4.702641 -4.363687 -4.842021 -5.449403 -9999.0 -8.512539 -5.425275 -4.772426 -4.553475 -4.261475 -4.438448 -4.540112 -4.150983 -4.277739 -5.164214 -9999.0 -9999.0 -9999.0 -9999.0 -9999.0 -9999.0 -9999.0
-9999.0 -9999.0 -9999.0 -9999.0 -9999.0 -9999.0 -9999.0 -9999.0 -9999.0 -9999.0 -9999.0 -9999.0 -0.118854 -0.352205 -0.054246 -0.046784 -0.005569 2.138417 3.097582 2.413073 1.253161 -0.016196 -0.421324 -1.160873 -3.201339 -2.021218 -2.442691 -4.428874 -4.204876 -5.827218 -5.063515 -3.968859 -4.254706 -4.444950 -4.988381 -4.516538 -1.845524 -2.792101 -0.023347 -3.080864 -3.694696 -3.399880 -3.240062 -1.807390 -5.466180 -5.657296 -6.845809 -5.300488 -3.148377 -1.297113 -0.437605 -3.813784 -3.367213 -4.480828 -3.393489 -4.079423 -5.107958 -9999.0 -9999.0 -9999.0 -9999.0 -9999.0 -9999.0
-9999.0 -9999.0 -9999.0 -9999.0 -9999.0 -9999.0 -9999.0 -9999.0 -9999.0 -9999.0 -9999.0 -0.945745 -2.379243 -0.108506 -0.956096 -0.024838 -0.009544 1.242311 2.559564 3.461863 1.690324 -0.005454 -0.054899 -1.937429 -1.863419 -1.521839 -0.862434 -4.419974 -4.648589 -4.364574 -1.990980 -3.122540 -3.451296 -4.302726 -6.296092 -5.009187 -4.264443 -1.342556 -0.025102 -0.099429 -1.345230 -0.044334 -1.706991 -1.318060 -0.920657 -4.273608 -4.778860 -4.266786 -3.340499 -0.127765 -4.113132 -4.175401 -6.383418 -7.129805 -8.039545 -8.841538 -5.971115 -9999.0 -9999.0 -9999.0 -9999.0 -9999.0 -9999.0
-9999.0 -9999.0 -9999.0 -9999.0 -9999.0 -9999.0 -9999.0 -9999.0 -9999.0 -9999.0 -2.264739 -0.988631 -1.710035 -1.612835 -0.079701 -0.897043 -0.934542 -0.013898 2.779440 3.081093 1.027688 -0.003671 -0.722622 -0.093421 -0.048845 -1.826293 -2.532558 -5.122883 -3.820897 -1.959708 -2.568075 -2.649192 -1.960349 -4.297745 -8.050249 -5.374626 -4.312255 -1.518133 -0.141067 -0.014954 -0.014462 0.111926 0.922753 0.404001 -0.153661 -4.166709 -4.617932 -1.003384 -2.343768 -0.043893 -6.382710 -6.576105 -8.509920 -9.700633 -9.359985 -4.372627 -4.183589 -9999.0 -9999.0 -9999.0 -9999.0 -9999.0 -9999.0
-9999.0 -9999.0 -9999.0 -9999.0 -9999.0 -9999.0 -9999.0 -9999.0 -9999.0 -4.656215 -1.512005 -2.802943 -0.848602 -1.197333 -1.396655 -0.530897 -0.289894 -0.017704 2.447597 3.348672 1.321539 -0.008147 -0.010695 -0.013906 -0.019154 -1.625014 -3.383848 -1.893878 -1.188741 -0.172390 -0.017787 -1.822374 -5.065611 -9.217839 -7.005155 -5.429823 -4.184474 -2.067032 -1.703074 -1.324911 -0.079180 -0.396921 -0.601411 1.137651 0.434868 -0.218396 -0.103612 -1.406698 -1.381708 -0.016751 -2.466444 -6.058121 -10.521432 -8.949946 -7.278653 -6.376191 -5.494487 -5.584146 -6.882302 -9999.0 -9999.0 -9999.0 -9999.0
-9999.0 -9999.0 -9999.0 -9999.0 -9999.0 -9999.0 -9999.0 -9999.0 -9999.0 -5.251924 -4.803274 -1.863652 -0.061603 -0.031941 -0.485494 -1.260388 -0.070806 -0.012335 3.174204 2.178295 1.845914 1.031518 0.221752 -0.029090 -1.238101 -2.251627 -0.963266 -0.045994 -0.012393 -0.026103 -0.062478 -2.202431 -4.214675 -5.271754 -4.885438 -5.475210 -4.952788 -4.441621 -4.130630 -2.776869 -1.069502 -2.505355 -0.729837 -0.008758 1.719408 0.856848 0.526996 -0.014548 -0.034259 -0.016009 -3.069245 -6.141025 -8.522302 -7.429528 -5.983853 -7.433520 -5.298677 -4.551282 -4.592477 -9999.0 -9999.0 -9999.0 -9999.0
-9999.0 -9999.0 -9999.0 -9999.0 -9999.0 -9999.0 -9999.0 -9999.0 -9999.0 -9999.0 -4.782974 -3.794178 -0.149330 -0.632201 -0.026239 -0.268166 -0.038211 0.345336 4.075306 2.860400 1.951188 1.799538 -0.018494 -0.236804 -1.905805 -0.154340 -0.016525 -0.004459 -0.065613 -1.755659 -2.107117 -3.525246 -4.488984 -4.718967 -4.431336 -2.542074 -1.891967 -1.210974 -4.894652 -4.683710 -4.187197 -1.752864 -0.095943 -0.189157 -0.014782 -0.012221 0.607489 0.610102 1.197883 -0.017162 -2.022090 -4.987992 -7.383253 -8.294700 -7.590465 -5.482928 -4.133212 -2.315298 -2.071149 -0.065633 -9999.0 -9999.0 -9999.0
-9999.0 -9999.0 -9999.0 -9999.0 -9999.0 -9999.0 -9999.0 -9999.0 -9999.0 -9999.0 -4.269036 -4.409151 -2.089858 -0.056841 -0.009333 -0.010480 -0.014252 1.662132 4.464035 3.988998 2.670043 0.401841 -0.023464 -0.625456 -0.154769 -0.012053 0.540739 -0.014795 -1.445203 -4.176627 -4.611247 -3.857235 -5.691341 -5.438293 -4.684007 -2.820535 -2.298329 -1.615139 -2.621997 -4.573751 -4.668190 -3.174471 -2.956195 -2.477297 -0.473945 -0.372260 -0.041417 -0.014610 2.003508 0.918773 -0.025146 -2.664560 -4.820084 -6.887841 -8.951371 -8.159126 -5.556811 -1.470842 1.067749 0.858535 -9999.0 -9999.0 -9999.0
-9999.0 -9999.0 -9999.0 -9999.0 -9999.0 -9999.0 -9999.0 -9999.0 -4.412414 -4.805785 -4.796947 -4.235097 -3.422465 -0.969166 -0.050528 0.960590 2.022454 1.918084 3.585401 4.448342 4.440991 3.189831 1.947774 -0.007618 -0.014867 1.354044 -0.009386 -0.961792 -2.251933 -4.143411 -8.446499 -4.715293 -4.412115 -5.161223 -4.880596 -4.194750 -0.080640 -0.197885 -2.709710 -5.480414 -4.263192 -2.405262 -4.146976 -5.088091 -3.181310 -2.029856 -2.522153 -0.794647 -0.013569 1.131598 -0.016066 -0.865473 -5.359472 -6.589168 -7.725717 -4.752979 -5.315604 -0.964199 -0.012585 3.141416 -9999.0 -9999.0 -9999.0
-9999.0 -9999.0 -9999.0 -9999.0 -9999.0 -9999.0 -9999.0 -9999.0 -3.738426 -1.824606 -3.556856 -4.649242 -4.394826 -2.825571 -1.090144 -0.012458 0.958197 1.660301 4.863425 4.991208 4.157677 3.309848 2.004361 0.713100 2.430822 2.405095 0.308189 -1.156820 -5.785123 -4.509036 -5.274996 -5.092420 -4.786325 -4.901922 -4.461180 -2.263094 -0.086123 -0.810246 -1.151285 -3.698104 -4.508928 -7.063427 -4.721554 -2.916513 -2.794615 -1.462708 -4.545561 -4.205952 -1.326392 1.031004 0.697131 -0.849005 -5.461479 -5.388514 -4.410944 -3.589313 -1.639008 -0.049296 1.424015 3.846428 4.986947 -9999.0 -9999.0
-9999.0 -9999.0 -9999.0 -9999.0 -9999.0 -9999.0 -9999.0 -9999.0 -4.385947 -3.454918 -2.630483 -4.376336 -4.422881 -3.880632 -1.434315 -0.950692 -0.009676 0.873210 4.763353 4.242559 5.465374 4.124513 3.608234 3.642713 2.357699 2.296830 -0.003701 -1.396106 -5.528252 -4.990474 -4.558846 -1.731383 -2.740400 -2.312865 -1.418945 -1.276568 -0.031076 1.108072 -0.030319 -1.093139 -4.440717 -4.387908 -4.332627 -3.620824 -2.094325 -4.208688 -5.468312 -4.404866 -2.928934 -0.015930 2.021600 -0.016449 -4.540068 -5.314491 -2.505507 -1.211387 -0.003788 1.307560 3.444009 4.110806 4.459545 -9999.0 -9999.0
-9999.0 -9999.0 -9999.0 -9999.0 -9999.0 -9999.0 -9999.0 -9999.0 -6.381655 -4.104649 -2.346740 -5.993041 -4.478843 -2.188086 -0.379834 -0.004340 3.327495 4.554073 2.665094 5.078098 4.877192 5.285472 4.178966 3.706267 2.880247 0.388157 -0.078888 -2.156569 -2.057890 -0.958906 -1.376394 -1.340475 -0.040419 -0.829064 -1.084073 -0.121427 -0.014415 2.993833 0.080591 -0.063097 -2.087369 -1.808830 -1.995471 -3.218910 -4.776377 -4.289108 -4.049370 -4.360704 -4.371950 -1.610963 -0.014468 1.598734 -0.015685 -1.851867 -0.014203 0.539395 2.078891 3.757985 4.703753 4.232523 3.311080 1.877838 -9999.0
-9999.0 -9999.0 -9999.0 -9999.0 -9999.0 -9999.0 -9999.0 -9999.0 -6.245387 -4.203816 -2.917049 -1.728585 -0.535450 -0.152921 -0.022916 0.944301 1.262056 1.708897 0.161793 2.065034 4.075352 4.634196 4.918241 4.607701 1.536073 -0.012390 -1.261609 -0.177987 -0.024512 -0.370241 -0.349069 -0.017397 0.881884 -0.005542 -0.016189 -0.005692 1.099849 5.186789 4.680851 0.745863 -0.014293 -0.021789 -0.068558 -0.035986 -1.510463 -1.019730 -1.213505 -1.670151 -0.762553 -0.017722 0.229624 0.988209 1.346652 0.613392 1.187504 1.483359 2.253582 3.033027 3.641059 3.280441 3.212786 1.302551 -9999.0
-9999.0 -9999.0 -4.515083 -4.367145 -4.203927 -2.429057 -3.835995 -3.301081 -4.586433 -4.617751 -1.789476 -0.243523 -0.143034 -0.593689 0.247824 0.507590 -0.016866 -1.374722 -0.851900 -0.010558 1.943688 4.638547 3.741130 5.555855 2.664615 1.221131 -0.013964 -0.009161 1.398859 -0.006829 -0.017418 -0.004865 1.917383 2.265987 2.286830 3.700000 4.557030 7.510210 6.496552 3.733564 2.289573 2.305634 2.894129 1.074202 -0.012449 -0.017300 0.297455 0.864512 1.061226 2.025521 2.695431 2.489208 1.948705 1.506752 1.442922 1.991195 2.055828 2.420451 2.025525 2.512900 0.715413 0.559660 -9999.0
-9999.0 -1.150601 -1.351577 -1.645296 -2.280908 -1.294409 -3.829657 -3.756286 -4.744618 -4.678132 -2.857204 -1.007188 -0.027393 -0.048999 -0.012054 -0.387954 -1.871200 -2.746031 -1.471369 -0.015480 1.656598 3.372556 2.476223 3.745576 2.903405 2.327389 1.110928 1.426077 2.581954 1.569020 1.335156 1.369752 2.856797 3.977330 5.112311 6.274155 8.260766 10.523760 7.924456 6.384608 5.621865 5.453076 4.731826 3.952687 2.678619 2.976997 2.793280 5.156807 4.238780 5.063924 3.287550 2.549837 1.819674 1.083812 1.020108 0.582771 0.337094 0.673813 0.291205 -0.011213 -0.003660 0.352265 -9999.0
-9999.0 -0.109399 -1.048613 -0.118519 -0.065608 -1.049340 -2.690656 -4.273685 -4.886278 -4.981125 -3.400442 -1.396368 -0.008930 -0.011401 -0.143225 -4.316609 -3.560960 -3.066871 -1.426158 -0.050924 -0.005647 1.232934 2.107766 1.439663 2.239398 2.949480 4.887136 4.467277 3.923884 5.691919 5.937143 5.663913 4.595253 5.481990 6.375474 8.351529 10.010143 11.056150 10.910240 10.143677 9.179489 8.041856 7.168115 7.395277 7.385604 7.198137 5.454073 5.247027 4.729276 4.061092 2.468891 1.321199 0.431357 1.097510 0.322751 -0.035393 -0.081782 -0.095705 -0.053106 -0.127897 -0.030825 -9999.0 -9999.0
