user2019/resources/simulation/Vinschgau/output-maps/TsL0001N0743.asc
ncols         63
nrows         48
xllcorner     598000.000000
yllcorner     5145000.000000
cellsize      1000.000000
NODATA_value  -9999.0
[rows 0 to 27 of 48, columns 0 to 62 of 63]
-9999.0 -9999.0 -9999.0 -9999.0 -9999.0 -9999.0 -9999.0 -9999.0 -9999.0 -9999.0 -9999.0 -9999.0 -9999.0 -9999.0 -9999.0 -9999.0 -9999.0 -9999.0 -9999.0 -9999.0 -9999.0 -9999.0 -9999.0 -9999.0 -9999.0 -9999.0 -9999.0 -9999.0 -9999.0 -9999.0 -9999.0 -9999.0 -9999.0 -9999.0 -9999.0 -9999.0 -9999.0 -9999.0 -9999.0 -9999.0 -9999.0 -9999.0 -9999.0 -9999.0 -9999.0 -9999.0 -9999.0 -9999.0 -9999.0 -9999.0 -9999.0 -9999.0 -9999.0 -9999.0 -9999.0 -9999.0 -9999.0 -9999.0 -9999.0 -9999.0 -9999.0 -9999.0 -9999.0
-9999.0 -9999.0 -9999.0 -9999.0 -9999.0 -9999.0 -9999.0 -9999.0 -9999.0 -9999.0 -9999.0 -9999.0 -9999.0 -9999.0 -9999.0 -9999.0 -9999.0 -9999.0 -9999.0 -9999.0 -9999.0 -9999.0 -9999.0 -9999.0 -9999.0 -9999.0 -9999.0 -3.817423 -1.783818 -4.212943 -3.917079 -3.601768 -4.273396 -9999.0 -9999.0 -9999.0 -9999.0 -9999.0 -9999.0 -9999.0 -9999.0 -9999.0 -9999.0 -9999.0 -9999.0 -9999.0 -9999.0 -9999.0 -9999.0 -9999.0 -9999.0 -9999.0 -9999.0 -9999.0 -9999.0 -9999.0 -9999.0 -9999.0 -9999.0 -9999.0 -9999.0 -9999.0 -9999.0
-9999.0 -9999.0 -9999.0 -9999.0 -9999.0 -9999.0 -9999.0 -9999.0 -9999.0 -9999.0 -9999.0 -9999.0 -9999.0 -9999.0 -9999.0 -9999.0 -9999.0 -9999.0 -9999.0 -9999.0 -9999.0 -9999.0 -9999.0 -9999.0 -0.932977 -0.825490 -0.420131 -0.938189 -2.223264 -2.259742 -2.675648 -9999.0 -9999.0 -9999.0 -9999.0 -9999.0 -9999.0 -9999.0 -9999.0 -9999.0 -9999.0 -9999.0 -9999.0 -9999.0 -9999.0 -9999.0 -9999.0 -9999.0 -9999.0 -9999.0 -9999.0 -9999.0 -9999.0 -9999.0 -9999.0 -9999.0 -9999.0 -9999.0 -9999.0 -9999.0 -9999.0 -9999.0 -9999.0
-9999.0 -9999.0 -9999.0 -9999.0 -9999.0 -9999.0 -9999.0 -9999.0 -9999.0 -9999.0 -9999.0 -9999.0 -9999.0 -9999.0 -9999.0 -9999.0 -9999.0 -9999.0 -9999.0 -9999.0 -9999.0 -9999.0 -9999.0 -0.718574 -0.226343 0.760246 0.975129 1.056280 -0.003188 -0.482802 -2.136958 -3.039837 -9999.0 -9999.0 -9999.0 -9999.0 -9999.0 -9999.0 -9999.0 -9999.0 -9999.0 -9999.0 -9999.0 -9999.0 -9999.0 -9999.0 -9999.0 -9999.0 -9999.0 -9999.0 -9999.0 -9999.0 -9999.0 -9999.0 -9999.0 -9999.0 -9999.0 -9999.0 -9999.0 -9999.0 -9999.0 -9999.0 -9999.0
-9999.0 -9999.0 -9999.0 -9999.0 -9999.0 -9999.0 -9999.0 -9999.0 -9999.0 -9999.0 -9999.0 -9999.0 -9999.0 -9999.0 -9999.0 -9999.0 -9999.0 -9999.0 0.023567 -0.239614 -9999.0 -0.469886 -0.222336 0.497629 0.553582 1.540402 0.305869 0.269919 1.127060 -0.003491 -0.870084 -2.455585 -4.877777 -6.706709 -9999.0 -9999.0 -9999.0 -9999.0 -9999.0 -9999.0 -9999.0 -9999.0 -9999.0 -9999.0 -9999.0 -9999.0 -9999.0 -9999.0 -9999.0 -9999.0 -9999.0 -9999.0 -9999.0 -9999.0 -9999.0 -9999.0 -9999.0 -9999.0 -9999.0 -9999.0 -9999.0 -9999.0 -9999.0
-9999.0 -9999.0 -9999.0 -9999.0 -9999.0 -9999.0 -9999.0 -9999.0 -9999.0 -9999.0 -9999.0 -9999.0 -9999.0 -9999.0 -9999.0 -9999.0 -9999.0 3.854059 2.071844 1.669331 -0.482415 -0.042739 -0.003644 -0.002271 0.797810 -0.011457 -0.090194 -0.561310 -0.078892 -0.001039 -0.607376 -2.340357 -3.888354 -5.064025 -6.672663 -7.607344 -9999.0 -9999.0 -9999.0 -9999.0 -9999.0 -9999.0 -9999.0 -9999.0 -9999.0 -9999.0 -9999.0 -9999.0 -9999.0 -9999.0 -9999.0 -9999.0 -9999.0 -9999.0 -9999.0 -9999.0 -9999.0 -9999.0 -9999.0 -9999.0 -9999.0 -9999.0 -9999.0
-9999.0 -9999.0 -9999.0 -9999.0 -9999.0 -9999.0 -9999.0 -9999.0 -9999.0 -9999.0 -9999.0 -9999.0 -9999.0 -0.048854 0.351404 1.828101 3.597442 3.927316 3.488619 0.943222 0.574698 0.452926 0.579860 0.821017 -0.026153 -0.217628 -1.424383 -1.275304 -0.127784 -0.056022 -0.514130 -1.925976 -3.336709 -3.689890 -5.402883 -6.925221 -9999.0 -9999.0 -9999.0 -9999.0 -9999.0 -9999.0 -9999.0 -9999.0 -9999.0 -9999.0 -9999.0 -9999.0 -9999.0 -9999.0 -9999.0 -9999.0 -9999.0 -9999.0 -9999.0 -9999.0 -9999.0 -9999.0 -9999.0 -9999.0 -9999.0 -9999.0 -9999.0
-9999.0 -9999.0 -9999.0 -9999.0 -9999.0 -9999.0 -9999.0 -9999.0 -9999.0 -9999.0 -9999.0 -9999.0 -9999.0 -0.005542 1.609494 2.521862 2.656989 2.861485 3.980409 2.362270 2.287443 1.070797 0.945931 -0.000535 -0.121445 -0.977269 -1.766251 -4.776489 -4.719215 -0.781005 -1.346274 -3.747324 -5.773029 -6.849650 -6.751364 -9999.0 -9999.0 -9999.0 -9999.0 -9999.0 -9999.0 -9999.0 -9999.0 -9999.0 -9999.0 -9999.0 -9999.0 -9999.0 -9999.0 -9999.0 -9999.0 -9999.0 -9999.0 -9999.0 -9999.0 -9999.0 -9999.0 -9999.0 -9999.0 -9999.0 -9999.0 -9999.0 -9999.0
-9999.0 -9999.0 -9999.0 -9999.0 -9999.0 -9999.0 -9999.0 -9999.0 -9999.0 -9999.0 -9999.0 -9999.0 -9999.0 1.295017 1.074330 2.397608 2.127289 2.889993 4.188762 3.225222 0.976404 0.300567 -0.020401 -0.063403 -0.001192 -0.520860 -3.745686 -4.979839 -2.286792 -6.391866 -4.357529 -5.767913 -6.841358 -4.240277 -8.005775 -9999.0 -9999.0 -9999.0 -9999.0 -9999.0 -9999.0 -9999.0 -9999.0 -9999.0 -9999.0 -9999.0 -9999.0 -9999.0 -9999.0 -9999.0 -9999.0 -9999.0 -9999.0 -9999.0 -9999.0 -9999.0 -9999.0 -9999.0 -9999.0 -9999.0 -9999.0 -9999.0 -9999.0
-9999.0 -9999.0 -9999.0 -9999.0 -9999.0 -9999.0 -9999.0 -9999.0 -9999.0 -9999.0 -9999.0 -9999.0 0.171026 0.461319 1.891340 0.272613 0.471811 2.393493 3.382712 2.935841 0.714745 -0.039498 -0.967804 -0.088530 -0.534410 -1.762813 -1.302437 -2.172517 -2.432667 -6.025503 -3.890907 -6.291791 -4.231893 -7.414084 -9999.0 -9999.0 -9999.0 -9999.0 -9999.0 -9999.0 -9999.0 -9999.0 -9999.0 -9999.0 -9999.0 -9999.0 -9999.0 -9999.0 -9999.0 -9999.0 -9999.0 -9999.0 -9999.0 -9999.0 -9999.0 -9999.0 -9999.0 -9999.0 -9999.0 -9999.0 -9999.0 -9999.0 -9999.0
-9999.0 -9999.0 -9999.0 -9999.0 -9999.0 -9999.0 -9999.0 -9999.0 -9999.0 -9999.0 -9999.0 -0.315163 0.039171 1.073973 0.804223 -0.004609 1.282713 2.285222 3.581794 2.133945 0.836808 0.456240 -0.285029 -1.510692 -0.594206 -2.379705 -4.651105 -3.717675 -2.375170 -6.327802 -5.568263 -2.407868 -5.386905 -6.189708 -6.575664 -5.301674 -2.264039 -1.956758 -2.251144 -9999.0 -9999.0 -9999.0 -6.414086 -9999.0 -9999.0 -9999.0 -9999.0 -9999.0 -9999.0 -9999.0 -9999.0 -9999.0 -9999.0 -9999.0 -9999.0 -9999.0 -9999.0 -9999.0 -9999.0 -9999.0 -9999.0 -9999.0 -9999.0
-9999.0 -9999.0 -9999.0 -9999.0 -9999.0 -9999.0 -9999.0 -9999.0 -9999.0 -9999.0 -9999.0 -0.657356 -0.000604 1.140747 1.804165 -0.103567 2.900930 2.851487 3.575690 2.699545 1.074450 -0.005265 -2.073908 -0.965693 -2.234126 -2.178805 -1.996624 -2.387083 -3.903281 -6.161919 -3.710676 -2.104032 -2.293091 -5.373024 -3.945835 -3.710443 -1.329430 -0.942811 -2.378593 -5.370055 -5.354693 -6.195617 -3.806768 -4.946973 -9999.0 -9999.0 -9999.0 -4.996426 -4.724952 -6.329869 -5.206272 -6.266485 -7.299206 -4.629063 -5.458459 -7.840802 -9999.0 -9999.0 -9999.0 -9999.0 -9999.0 -9999.0 -9999.0
-9999.0 -9999.0 -9999.0 -9999.0 -9999.0 -9999.0 -9999.0 -9999.0 -9999.0 -9999.0 -9999.0 -0.766172 -0.228423 -0.070831 -0.009931 -0.005975 -0.002730 2.047140 2.913021 2.944836 1.229453 -0.035026 -0.395535 -1.164034 -2.237675 -3.660426 -1.483179 -1.382242 -5.006392 -3.754791 -4.692536 -2.270182 -2.332430 -3.351337 -5.138813 -2.282005 -1.292804 -0.230356 -0.925032 -4.180688 -1.050256 -3.073930 -2.308116 -1.770251 -3.405597 -9999.0 -7.348981 -5.181258 -3.848116 -2.435159 -2.914934 -3.866341 -3.637172 -4.002309 -4.037206 -4.409094 -9999.0 -9999.0 -9999.0 -9999.0 -9999.0 -9999.0 -9999.0
-9999.0 -9999.0 -9999.0 -9999.0 -9999.0 -9999.0 -9999.0 -9999.0 -9999.0 -9999.0 -9999.0 -9999.0 -0.454552 -0.904510 -0.007206 -0.006741 -0.003830 1.473584 2.330629 3.014661 0.910627 -0.244346 -0.521081 -1.344499 -1.066968 -0.780238 -0.279277 -3.291095 -3.946916 -4.969525 -1.941529 -1.486945 -3.150321 -4.072754 -3.687328 -3.512609 -0.436106 -0.165528 -0.032017 -1.946704 -0.776415 -1.073465 -1.316992 -2.120793 -4.570496 -3.514725 -5.911680 -4.266067 -3.322299 -1.352791 -0.097707 -1.450887 -1.490205 -2.493004 -2.770127 -3.916980 -4.463830 -9999.0 -9999.0 -9999.0 -9999.0 -9999.0 -9999.0
-9999.0 -9999.0 -9999.0 -9999.0 -9999.0 -9999.0 -9999.0 -9999.0 -9999.0 -9999.0 -9999.0 -1.405147 -0.820334 -0.602423 -0.509543 -0.501182 -0.003906 0.784208 1.828304 2.879664 1.119089 -0.335241 -0.474499 -0.430300 -0.417761 -1.091556 -1.323117 -2.806798 -2.251531 -3.956746 -1.508609 -1.248224 -1.145449 -3.988665 -4.289434 -3.680273 -1.827540 -0.558339 -0.023497 -0.470313 -0.598176 -0.092763 -0.472845 -2.170977 -0.200834 -2.093698 -3.177134 -4.490802 -3.758632 -0.079003 -4.174751 -2.628220 -3.055095 -4.983280 -5.323648 -3.622240 -6.008469 -9999.0 -9999.0 -9999.0 -9999.0 -9999.0 -9999.0
-9999.0 -9999.0 -9999.0 -9999.0 -9999.0 -9999.0 -9999.0 -9999.0 -9999.0 -9999.0 -0.261865 -1.200035 -0.275505 -0.249875 -0.008983 -0.012120 -0.113736 -0.013978 2.317460 2.570126 1.155306 0.004836 -0.257789 -0.011390 -0.073173 -0.557239 -0.895467 -4.003601 -1.101030 -0.569067 -0.595886 -1.077658 -2.084584 -3.934384 -6.922129 -4.989871 -0.963314 -1.395569 -0.079783 -0.004818 -0.003951 0.309340 0.807222 -0.005195 -0.139116 -3.222572 -2.762303 -1.288663 -0.583382 -0.071136 -4.061757 -6.527356 -5.709901 -5.130478 -6.808830 -4.024102 -3.940454 -9999.0 -9999.0 -9999.0 -9999.0 -9999.0 -9999.0
-9999.0 -9999.0 -9999.0 -9999.0 -9999.0 -9999.0 -9999.0 -9999.0 -9999.0 -2.554225 -1.971973 -1.138555 -0.548252 -0.342960 -0.575965 -0.988002 -0.142749 -0.002702 2.004395 2.904241 1.963063 -0.004224 -0.006392 -0.002322 -0.004703 -0.751971 -1.132070 -0.447476 -1.149680 -0.520714 -0.015564 -3.315600 -4.424077 -7.366039 -6.040806 -5.550091 -2.185942 -2.320383 -1.655805 -1.087897 -0.826102 -0.144440 -0.225161 0.793069 0.278370 -0.082479 -0.005741 -0.219981 -0.215093 -0.001527 -3.427525 -6.124026 -5.291475 -7.592815 -7.122704 -4.265556 -2.739216 -4.424316 -5.834727 -9999.0 -9999.0 -9999.0 -9999.0
-9999.0 -9999.0 -9999.0 -9999.0 -9999.0 -9999.0 -9999.0 -9999.0 -9999.0 -3.621333 -3.546521 -2.066263 -0.002530 -0.040484 -0.153345 -0.349996 -0.007956 -0.001515 2.510869 2.969769 2.684059 1.781462 0.749659 -0.005327 -0.600654 -0.469889 -0.195655 -0.062957 -0.002604 -0.003975 -0.261703 -3.401146 -3.474417 -3.320837 -3.915973 -4.245979 -3.861194 -2.798359 -1.826248 -1.877113 -1.374551 -0.904428 -0.181383 -0.002025 1.442692 0.895380 0.530486 -0.003157 -0.044845 -0.007858 -2.815697 -4.521647 -7.224759 -6.569403 -5.962796 -3.457896 -2.578728 -1.566519 -3.561017 -9999.0 -9999.0 -9999.0 -9999.0
-9999.0 -9999.0 -9999.0 -9999.0 -9999.0 -9999.0 -9999.0 -9999.0 -9999.0 -9999.0 -2.500189 -2.054764 -1.026428 -0.321415 -0.011360 -0.095231 -0.046471 0.691596 3.153623 3.399841 2.466276 1.072431 -0.030379 -0.128170 -0.428026 -0.083626 -0.013149 -0.000517 -0.299844 -1.122468 -1.614889 -1.340972 -3.069436 -4.524248 -2.368120 -1.383257 -0.242921 -1.159318 -3.805987 -3.683743 -2.626785 -0.443192 -0.009815 -0.128710 -0.019212 -0.018501 -0.007285 1.249745 1.691316 -0.014269 -3.327219 -3.928846 -6.497488 -7.952743 -6.625661 -5.299887 -3.253236 -0.561663 -0.526766 -0.078774 -9999.0 -9999.0 -9999.0
-9999.0 -9999.0 -9999.0 -9999.0 -9999.0 -9999.0 -9999.0 -9999.0 -9999.0 -9999.0 -3.924777 -2.506283 -0.661178 -0.524866 0.751048 -0.006630 -0.011570 1.469687 3.701874 3.860643 2.342975 0.188131 -0.042788 -0.179105 -0.083021 0.073055 0.665618 -0.370666 -2.172192 -1.956977 -3.704020 -2.114832 -4.341301 -3.407066 -2.282667 -1.656592 -0.983428 -1.099826 -2.503707 -2.905855 -3.580740 -2.504971 -1.301160 -0.859697 -0.196007 -0.197841 -0.395637 -0.024158 0.893379 1.437225 -0.408983 -1.965555 -3.281943 -6.784268 -7.525949 -6.885206 -3.433150 -0.548781 0.647220 1.305227 -9999.0 -9999.0 -9999.0
-9999.0 -9999.0 -9999.0 -9999.0 -9999.0 -9999.0 -9999.0 -9999.0 -2.381324 -2.009138 -3.074243 -2.230698 -1.319025 -1.270046 -1.154271 1.040516 1.495538 2.609604 4.123543 4.208728 4.070990 2.431310 1.486915 -0.004103 -0.002104 1.317874 0.423258 -1.805792 -2.198089 -4.270893 -5.928742 -3.686982 -3.685143 -3.276300 -3.473441 -1.735648 -0.019398 -0.516755 -1.650061 -4.290079 -4.605049 -1.976549 -4.105076 -4.453344 -1.764913 -0.207642 -1.555706 -0.412294 -0.013268 1.940901 -0.120743 -2.178521 -2.827803 -6.415623 -6.550099 -3.030891 -4.121772 -0.135301 -0.002726 2.592874 -9999.0 -9999.0 -9999.0
-9999.0 -9999.0 -9999.0 -9999.0 -9999.0 -9999.0 -9999.0 -9999.0 -2.080713 -1.450323 -2.572121 -2.946450 -1.714107 -1.144932 -0.345112 -0.010806 0.639595 1.144677 3.891710 4.652753 4.576190 4.076315 2.632275 1.313906 1.914349 1.965843 -0.001553 -1.049120 -4.176208 -2.867240 -3.331067 -3.998843 -2.516932 -3.922897 -2.380638 -2.227310 -0.006811 -0.119234 -1.221431 -1.016916 -2.423825 -3.153319 -4.173347 -2.314051 -0.730405 -1.366876 -3.544434 -1.361604 -1.080555 0.363535 1.357462 -0.597464 -3.252218 -3.420986 -1.124663 -2.707417 -0.219172 -0.075458 1.882772 4.623935 5.156214 -9999.0 -9999.0
-9999.0 -9999.0 -9999.0 -9999.0 -9999.0 -9999.0 -9999.0 -9999.0 -2.355522 -1.919828 -1.909597 -2.100849 -2.304914 -3.018615 -0.367704 -0.313676 -0.007329 0.903110 4.199108 4.637378 5.067989 4.802945 4.182474 3.650556 3.207442 1.736852 -0.001785 -0.658645 -3.817042 -3.379777 -3.577601 -2.041028 -2.576550 -3.549064 -1.973873 -0.007781 -0.464887 1.233231 -0.944827 -1.286627 -2.362687 -3.580128 -2.355578 -1.995344 -2.321489 -2.339514 -4.271876 -1.875570 -0.987711 -0.025705 1.863935 -0.105869 -2.019400 -2.162950 -0.560137 -0.413522 -0.001230 1.512236 3.409036 4.235099 5.103046 -9999.0 -9999.0
-9999.0 -9999.0 -9999.0 -9999.0 -9999.0 -9999.0 -9999.0 -9999.0 -5.531095 -2.245396 -1.215741 -3.738459 -2.395675 -1.506476 -2.051946 -0.004246 2.551505 3.964937 3.138791 4.652727 4.624548 5.071872 4.916887 4.223285 2.613873 0.320227 -0.075149 -0.971803 -0.352041 -1.260008 -0.589230 -1.198196 -0.500975 -0.135150 -1.104846 -0.015468 -0.002096 2.308423 -0.080536 -0.541952 -0.474170 -0.453842 -2.119127 -1.736883 -1.063603 -3.343490 -1.043393 -3.763014 -1.043862 -0.365030 -0.021466 1.452659 -0.035802 -0.088348 0.094937 0.910112 2.327190 3.226146 4.449313 4.902253 3.345326 1.761556 -9999.0
-9999.0 -9999.0 -9999.0 -9999.0 -9999.0 -9999.0 -9999.0 -9999.0 -3.933335 -2.334171 -1.163606 -0.798826 -1.609572 -0.970251 -0.002046 1.197719 1.982917 1.414346 0.054039 1.498102 3.693835 4.673165 4.831695 4.594006 2.168187 -0.006153 -0.387419 -0.084537 -0.005085 -0.134511 -0.128244 -0.124541 0.442205 -0.001312 -0.003154 0.162485 1.367266 3.878936 2.725055 0.911292 -0.002132 -0.005590 -0.004085 -0.033624 -0.377305 -0.224522 -0.189425 -0.515372 -0.165536 -0.014770 0.877287 1.026949 1.195116 1.224534 1.871813 2.305468 3.197253 3.846793 3.762867 3.177521 2.211155 0.971129 -9999.0
-9999.0 -9999.0 -1.653421 -1.232515 -2.385867 -0.491027 -1.454490 -2.737333 -2.989390 -3.661921 -1.369901 -0.847815 -0.897955 -0.002034 1.335546 1.371151 -0.032506 -0.659092 -0.317451 -0.006267 1.443445 3.850340 4.303703 5.421590 2.968876 0.934772 -0.009119 -0.005079 1.191474 0.125627 -0.027751 -0.002037 1.973575 1.591442 2.438982 2.937550 4.546886 5.765355 4.726594 2.817269 2.443722 2.441404 1.676270 1.309104 -0.007701 -0.003582 0.128010 0.164974 1.567545 2.472936 3.269450 3.413199 2.900282 2.506278 2.421229 2.711135 2.514976 2.678425 1.437216 1.577966 0.329989 0.314533 -9999.0
-9999.0 -0.336997 -1.371617 -1.439442 -0.854077 -1.346620 -1.449468 -2.892071 -2.232316 -3.097911 -2.453338 -1.823975 -0.024938 0.448233 0.655936 -0.398330 -0.729976 -0.966653 -0.456290 -0.019143 1.379386 2.586067 2.732049 3.428057 3.488665 2.692905 2.004211 2.319481 2.911327 2.124404 1.842163 1.180962 1.960103 3.761760 4.997899 6.369708 7.620316 8.673637 7.686751 6.497893 5.658335 5.384924 4.104009 2.694060 1.794794 2.450461 3.390952 3.953584 4.524264 3.692836 3.956934 3.344125 2.256780 1.672126 1.629990 0.979529 0.267199 0.489218 0.139093 -0.002774 -0.153554 0.109986 -9999.0
-9999.0 -0.415517 -0.552825 -0.551098 -0.004464 -1.064696 -1.175779 -1.326207 -2.324878 -3.217126 -1.106118 -0.669150 -0.092091 0.699702 -0.932742 -2.628428 -1.753503 -1.054821 -1.141676 -0.470186 -0.001639 0.683097 1.100728 1.010627 2.901716 3.602039 4.787111 4.449646 4.454025 4.513159 5.302659 4.839338 4.077449 4.893996 5.878259 7.909226 9.498378 10.847012 9.997009 9.391400 8.537019 6.977161 5.863552 6.491779 7.045063 6.252349 5.876504 5.636704 5.100460 4.588204 2.504554 1.062268 0.555392 0.767958 0.232480 -0.071368 -0.586843 -0.893559 -0.045103 -0.125775 -0.045116 -9999.0 -9999.0
