user2019/resources/simulation/Vinschgau/output-maps/TsL0002N0153.asc
ncols         63
nrows         48
xllcorner     598000.000000
yllcorner     5145000.000000
cellsize      1000.000000
NODATA_value  -9999.0
[rows 0 to 27 of 48, columns 0 to 61 of 63]
-9999.0 -9999.0 -9999.0 -9999.0 -9999.0 -9999.0 -9999.0 -9999.0 -9999.0 -9999.0 -9999.0 -9999.0 -9999.0 -9999.0 -9999.0 -9999.0 -9999.0 -9999.0 -9999.0 -9999.0 -9999.0 -9999.0 -9999.0 -9999.0 -9999.0 -9999.0 -9999.0 -9999.0 -9999.0 -9999.0 -9999.0 -9999.0 -9999.0 -9999.0 -9999.0 -9999.0 -9999.0 -9999.0 -9999.0 -9999.0 -9999.0 -9999.0 -9999.0 -9999.0 -9999.0 -9999.0 -9999.0 -9999.0 -9999.0 -9999.0 -9999.0 -9999.0 -9999.0 -9999.0 -9999.0 -9999.0 -9999.0 -9999.0 -9999.0 -9999.0 -9999.0 -9999.0
-9999.0 -9999.0 -9999.0 -9999.0 -9999.0 -9999.0 -9999.0 -9999.0 -9999.0 -9999.0 -9999.0 -9999.0 -9999.0 -9999.0 -9999.0 -9999.0 -9999.0 -9999.0 -9999.0 -9999.0 -9999.0 -9999.0 -9999.0 -9999.0 -9999.0 -9999.0 -9999.0 -2.226935 -2.515631 -3.533986 -3.664257 -4.588002 -4.817499 -9999.0 -9999.0 -9999.0 -9999.0 -9999.0 -9999.0 -9999.0 -9999.0 -9999.0 -9999.0 -9999.0 -9999.0 -9999.0 -9999.0 -9999.0 -9999.0 -9999.0 -9999.0 -9999.0 -9999.0 -9999.0 -9999.0 -9999.0 -9999.0 -9999.0 -9999.0 -9999.0 -9999.0 -9999.0
-9999.0 -9999.0 -9999.0 -9999.0 -9999.0 -9999.0 -9999.0 -9999.0 -9999.0 -9999.0 -9999.0 -9999.0 -9999.0 -9999.0 -9999.0 -9999.0 -9999.0 -9999.0 -9999.0 -9999.0 -9999.0 -9999.0 -9999.0 -9999.0 -1.345799 -1.548135 -2.475682 -2.791185 -2.244668 -3.184318 -2.915426 -9999.0 -9999.0 -9999.0 -9999.0 -9999.0 -9999.0 -9999.0 -9999.0 -9999.0 -9999.0 -9999.0 -9999.0 -9999.0 -9999.0 -9999.0 -9999.0 -9999.0 -9999.0 -9999.0 -9999.0 -9999.0 -9999.0 -9999.0 -9999.0 -9999.0 -9999.0 -9999.0 -9999.0 -9999.0 -9999.0 -9999.0
-9999.0 -9999.0 -9999.0 -9999.0 -9999.0 -9999.0 -9999.0 -9999.0 -9999.0 -9999.0 -9999.0 -9999.0 -9999.0 -9999.0 -9999.0 -9999.0 -9999.0 -9999.0 -9999.0 -9999.0 -9999.0 -9999.0 -9999.0 -1.439979 -1.405913 -0.298351 -0.292051 -0.299492 -1.306865 -3.904672 -3.623524 -1.787698 -9999.0 -9999.0 -9999.0 -9999.0 -9999.0 -9999.0 -9999.0 -9999.0 -9999.0 -9999.0 -9999.0 -9999.0 -9999.0 -9999.0 -9999.0 -9999.0 -9999.0 -9999.0 -9999.0 -9999.0 -9999.0 -9999.0 -9999.0 -9999.0 -9999.0 -9999.0 -9999.0 -9999.0 -9999.0 -9999.0
-9999.0 -9999.0 -9999.0 -9999.0 -9999.0 -9999.0 -9999.0 -9999.0 -9999.0 -9999.0 -9999.0 -9999.0 -9999.0 -9999.0 -9999.0 -9999.0 -9999.0 -9999.0 -0.195924 -0.299818 -9999.0 -1.340471 -1.344039 -0.140179 -0.192547 -4.268995 -1.630669 -1.593717 -0.597968 -1.248300 -4.020804 -3.191954 -4.721672 -5.423211 -9999.0 -9999.0 -9999.0 -9999.0 -9999.0 -9999.0 -9999.0 -9999.0 -9999.0 -9999.0 -9999.0 -9999.0 -9999.0 -9999.0 -9999.0 -9999.0 -9999.0 -9999.0 -9999.0 -9999.0 -9999.0 -9999.0 -9999.0 -9999.0 -9999.0 -9999.0 -9999.0 -9999.0
-9999.0 -9999.0 -9999.0 -9999.0 -9999.0 -9999.0 -9999.0 -9999.0 -9999.0 -9999.0 -9999.0 -9999.0 -9999.0 -9999.0 -9999.0 -9999.0 -9999.0 -0.034690 -1.709330 -1.632173 -1.496520 -0.613185 -1.197428 -1.206659 -0.332847 -2.100923 -1.553900 -1.513838 -1.673723 -1.678074 -1.559504 -4.185000 -4.398029 -5.022769 -4.233588 -5.752519 -9999.0 -9999.0 -9999.0 -9999.0 -9999.0 -9999.0 -9999.0 -9999.0 -9999.0 -9999.0 -9999.0 -9999.0 -9999.0 -9999.0 -9999.0 -9999.0 -9999.0 -9999.0 -9999.0 -9999.0 -9999.0 -9999.0 -9999.0 -9999.0 -9999.0 -9999.0
-9999.0 -9999.0 -9999.0 -9999.0 -9999.0 -9999.0 -9999.0 -9999.0 -9999.0 -9999.0 -9999.0 -9999.0 -9999.0 -1.244226 -0.605084 -0.538293 -0.982853 -2.167900 -0.181125 -0.940508 -0.105032 -0.139000 -1.191876 -0.287473 -2.744020 -1.961780 -2.957803 -1.578609 -2.179330 -1.470028 -1.617308 -2.344652 -3.483093 -5.753085 -6.337772 -6.437446 -9999.0 -9999.0 -9999.0 -9999.0 -9999.0 -9999.0 -9999.0 -9999.0 -9999.0 -9999.0 -9999.0 -9999.0 -9999.0 -9999.0 -9999.0 -9999.0 -9999.0 -9999.0 -9999.0 -9999.0 -9999.0 -9999.0 -9999.0 -9999.0 -9999.0 -9999.0
-9999.0 -9999.0 -9999.0 -9999.0 -9999.0 -9999.0 -9999.0 -9999.0 -9999.0 -9999.0 -9999.0 -9999.0 -9999.0 -1.160916 -0.101618 -0.588837 -0.607557 -0.340414 -2.458684 -3.361265 -4.792506 -2.074524 -1.393716 -1.589243 -1.455140 -1.493187 -2.847704 -4.842077 -5.083286 -2.773224 -1.586438 -5.484241 -6.342717 -6.884277 -6.818570 -9999.0 -9999.0 -9999.0 -9999.0 -9999.0 -9999.0 -9999.0 -9999.0 -9999.0 -9999.0 -9999.0 -9999.0 -9999.0 -9999.0 -9999.0 -9999.0 -9999.0 -9999.0 -9999.0 -9999.0 -9999.0 -9999.0 -9999.0 -9999.0 -9999.0 -9999.0 -9999.0
-9999.0 -9999.0 -9999.0 -9999.0 -9999.0 -9999.0 -9999.0 -9999.0 -9999.0 -9999.0 -9999.0 -9999.0 -9999.0 -0.354435 -0.140716 -0.214969 -0.569880 -0.751186 -2.436738 -1.032151 -0.751809 -3.276103 -1.619406 -1.464159 -1.450403 -1.128836 -2.769824 -4.910183 -2.879870 -5.711039 -5.176894 -6.546116 -6.619301 -7.098548 -7.203294 -9999.0 -9999.0 -9999.0 -9999.0 -9999.0 -9999.0 -9999.0 -9999.0 -9999.0 -9999.0 -9999.0 -9999.0 -9999.0 -9999.0 -9999.0 -9999.0 -9999.0 -9999.0 -9999.0 -9999.0 -9999.0 -9999.0 -9999.0 -9999.0 -9999.0 -9999.0 -9999.0
-9999.0 -9999.0 -9999.0 -9999.0 -9999.0 -9999.0 -9999.0 -9999.0 -9999.0 -9999.0 -9999.0 -9999.0 -1.136387 -0.137738 -0.193261 -1.811950 -0.277408 -0.700318 -0.276707 -3.644308 -1.540072 -1.479021 -1.424170 -1.448689 -0.777196 -4.286480 -1.518236 -1.716414 -3.046751 -5.269242 -5.371320 -4.375470 -4.853609 -6.243206 -9999.0 -9999.0 -9999.0 -9999.0 -9999.0 -9999.0 -9999.0 -9999.0 -9999.0 -9999.0 -9999.0 -9999.0 -9999.0 -9999.0 -9999.0 -9999.0 -9999.0 -9999.0 -9999.0 -9999.0 -9999.0 -9999.0 -9999.0 -9999.0 -9999.0 -9999.0 -9999.0 -9999.0
-9999.0 -9999.0 -9999.0 -9999.0 -9999.0 -9999.0 -9999.0 -9999.0 -9999.0 -9999.0 -9999.0 -1.278973 -1.294966 -0.234512 -1.351866 -1.395128 -3.275819 -0.547892 -0.270119 -3.404354 -1.718762 -0.208349 -1.313152 -3.146697 -1.420023 -1.736099 -4.536154 -1.634445 -1.928035 -5.794852 -3.183891 -4.133023 -4.880327 -6.852776 -7.091441 -8.355945 -10.173856 -11.023011 -11.044278 -9999.0 -9999.0 -9999.0 -7.232905 -9999.0 -9999.0 -9999.0 -9999.0 -9999.0 -9999.0 -9999.0 -9999.0 -9999.0 -9999.0 -9999.0 -9999.0 -9999.0 -9999.0 -9999.0 -9999.0 -9999.0 -9999.0 -9999.0
-9999.0 -9999.0 -9999.0 -9999.0 -9999.0 -9999.0 -9999.0 -9999.0 -9999.0 -9999.0 -9999.0 -1.392435 -1.391103 -1.184457 -1.132050 -2.033163 -0.850619 -1.281071 -0.328132 -0.195522 -0.146139 -0.130940 -1.356925 -1.406845 -1.441765 -2.785490 -2.167120 -2.347724 -2.547736 -4.954226 -3.926922 -4.642472 -6.079002 -4.875446 -7.411439 -8.919353 -10.540793 -12.466996 -13.302201 -13.213176 -11.815716 -9.217128 -7.052177 -6.140726 -9999.0 -9999.0 -9999.0 -0.284229 -1.157162 -1.115147 -0.830276 -1.175780 -1.149082 -0.119450 -0.112638 -1.087085 -9999.0 -9999.0 -9999.0 -9999.0 -9999.0 -9999.0
-9999.0 -9999.0 -9999.0 -9999.0 -9999.0 -9999.0 -9999.0 -9999.0 -9999.0 -9999.0 -9999.0 -1.323745 -1.384557 -2.618080 -0.672553 -1.892078 -1.071152 -1.425446 -0.196338 -0.270277 -0.361634 -1.252052 -1.261042 -1.340404 -3.400517 -3.079475 -1.385270 -2.334521 -4.144388 -3.155741 -5.051297 -4.618524 -4.688633 -6.170504 -8.145523 -10.134033 -6.866604 -3.862609 -4.243676 -9.607108 -10.913817 -10.904746 -7.003535 -6.202502 -3.083901 -9999.0 -2.701809 -1.234151 -1.119374 -0.511188 -0.978518 -1.069264 -0.089868 -0.042567 -0.043876 -0.057681 -9999.0 -9999.0 -9999.0 -9999.0 -9999.0 -9999.0
-9999.0 -9999.0 -9999.0 -9999.0 -9999.0 -9999.0 -9999.0 -9999.0 -9999.0 -9999.0 -9999.0 -9999.0 -1.405997 -0.708318 -0.231898 -1.158333 -1.212834 -1.469022 -0.361422 -0.867664 -1.148826 -1.225391 -1.034709 -1.311532 -2.131986 -1.361256 -0.248080 -3.732929 -2.971840 -2.793645 -2.804208 -4.170619 -4.851779 -5.468379 -7.462234 -9.904779 -6.856203 -4.689888 -3.936325 -7.608891 -9.658775 -9.119991 -7.783206 -1.647355 -4.972825 -1.430054 -1.268782 -1.224365 -1.145150 -1.170439 -0.598776 -0.615645 -0.261624 -0.212044 -1.104611 -1.133020 -0.147043 -9999.0 -9999.0 -9999.0 -9999.0 -9999.0
-9999.0 -9999.0 -9999.0 -9999.0 -9999.0 -9999.0 -9999.0 -9999.0 -9999.0 -9999.0 -9999.0 -0.622141 -1.396955 -1.345987 -1.015781 -1.038486 -1.176165 -1.396705 -0.351733 -0.030416 -1.407225 -0.214903 -1.290656 -1.383469 -1.319141 -0.695037 -0.797023 -3.596450 -2.400874 -3.124404 -2.755860 -3.133399 -2.568908 -5.242965 -7.883299 -9.359894 -12.849356 -6.173350 -1.965932 -5.461455 -8.173589 -5.838767 -6.352341 -6.551111 -1.254901 -1.359038 -1.236079 -1.505937 -1.185014 -3.492244 -1.706897 -1.386819 -1.217746 -2.542060 -1.622712 -2.452445 -1.049355 -9999.0 -9999.0 -9999.0 -9999.0 -9999.0
-9999.0 -9999.0 -9999.0 -9999.0 -9999.0 -9999.0 -9999.0 -9999.0 -9999.0 -9999.0 -0.450202 -1.193760 -0.621771 -1.254520 -0.159443 -0.615904 -1.492814 -1.433229 -0.879158 -1.108973 -0.210960 -0.357052 -1.257821 -0.247378 -0.630779 -0.727527 -2.223931 -4.390240 -1.374329 -1.233136 -1.438650 -1.967258 -3.058780 -5.384610 -7.865979 -8.465370 -10.229377 -6.800168 -2.830384 -2.604096 -2.331527 -6.898911 -6.269587 -0.123320 -1.803986 -4.406997 -1.227103 -2.748264 -0.991823 -1.399440 -1.520670 -2.441975 -2.204563 -2.662296 -2.188225 -0.045257 -0.053287 -9999.0 -9999.0 -9999.0 -9999.0 -9999.0
-9999.0 -9999.0 -9999.0 -9999.0 -9999.0 -9999.0 -9999.0 -9999.0 -9999.0 -1.352242 -0.556071 -0.585547 -0.913721 -1.353528 -0.269469 -1.436790 -1.392379 -0.212015 -1.760009 -0.040263 -0.811493 -0.823695 -0.797712 -0.918094 -0.709276 -2.664615 -2.844556 -0.869109 -0.941950 -1.038461 -2.562880 -4.057887 -5.960838 -6.356649 -6.570761 -7.499740 -6.808933 -8.036903 -8.172047 -8.711360 -2.082696 -5.134503 -5.216086 -0.537024 -6.103113 -2.703122 -0.280314 -2.536280 -1.714155 -0.672849 -1.371173 -1.118959 -2.861220 -1.324369 -1.092576 -1.044172 -0.102596 -0.544641 -0.904881 -9999.0 -9999.0 -9999.0
-9999.0 -9999.0 -9999.0 -9999.0 -9999.0 -9999.0 -9999.0 -9999.0 -9999.0 -1.463907 -1.328323 -1.251905 -0.205631 -1.026600 -0.859598 -1.171893 -0.126181 -1.153688 -2.508207 -1.896611 -1.771267 -4.262762 -0.731234 -0.422989 -2.175972 -1.414351 -1.129328 -0.579479 -2.660256 -1.643951 -2.604746 -4.512366 -3.782262 -2.816186 -4.695331 -6.328563 -7.081745 -6.946306 -6.476781 -4.602307 -1.922656 -4.486415 -2.487912 -4.501347 -0.126196 -4.636049 -5.462852 -4.006881 -1.089916 -1.779933 -1.147549 -1.200024 -1.228641 -1.225319 -2.035203 -0.303787 -0.098710 -0.141573 -0.731484 -9999.0 -9999.0 -9999.0
-9999.0 -9999.0 -9999.0 -9999.0 -9999.0 -9999.0 -9999.0 -9999.0 -9999.0 -9999.0 -1.311481 -1.267270 -1.403257 -0.595223 -1.294526 -0.709794 -0.355217 -0.189831 -0.085628 -2.595899 -1.069858 -1.759645 -0.381361 -1.337692 -1.476111 -1.037258 -2.953518 -5.034023 -1.649201 -1.841610 -2.781496 -1.222995 -3.596124 -4.044907 -3.281463 -1.949766 -1.753631 -3.584359 -5.293435 -5.206465 -5.511846 -1.515950 -2.240407 -1.657603 -4.235126 -6.023538 -3.534980 -1.452980 -4.855001 -2.627870 -1.364294 -1.121205 -1.188852 -1.156920 -1.280265 -1.175669 -1.019903 -1.063376 -0.208640 -0.125312 -9999.0 -9999.0
-9999.0 -9999.0 -9999.0 -9999.0 -9999.0 -9999.0 -9999.0 -9999.0 -9999.0 -9999.0 -1.325519 -1.347683 -1.389191 -0.808474 -0.531240 -1.029240 -1.189736 -0.990910 -0.032503 -2.117643 -2.826809 -1.147773 -0.129962 -1.235916 -1.080417 -4.556609 -3.266070 -1.704303 -1.668573 -3.948335 -3.678278 -1.485063 -4.149497 -3.860019 -3.906126 -2.671889 -3.020302 -4.217664 -4.675413 -3.512417 -1.308444 -1.506770 -1.455247 -3.024781 -0.623446 -1.240927 -1.338406 -2.871492 -4.855479 -4.617504 -2.868397 -1.121936 -0.632025 -1.120541 -1.202210 -1.142092 -1.147880 -0.100576 -3.537198 -0.177001 -9999.0 -9999.0
-9999.0 -9999.0 -9999.0 -9999.0 -9999.0 -9999.0 -9999.0 -9999.0 -0.392914 -1.192994 -1.791193 -1.468460 -1.409305 -1.388735 -1.183785 -1.072995 -2.875772 -3.964611 -0.022124 -0.020188 -0.031711 -0.529718 -5.286328 -1.501194 -1.663409 -0.060406 -0.764833 -1.718036 -1.563324 -2.420669 -5.123662 -3.337740 -2.387139 -1.826169 -1.267630 -4.331249 -1.355339 -3.020468 -4.502200 -1.717730 -3.215037 -1.762077 -3.735522 -4.155220 -1.147156 -0.795258 -1.935842 -0.660833 -2.240745 -2.869576 -1.166582 -1.227495 -0.347712 -1.175931 -1.134499 -0.050629 -0.744860 -0.117622 -1.227555 -3.925035 -9999.0 -9999.0
-9999.0 -9999.0 -9999.0 -9999.0 -9999.0 -9999.0 -9999.0 -9999.0 -1.656811 -0.975580 -2.064378 -2.531268 -1.429521 -1.468305 -1.268264 -1.578699 -0.437046 -0.845507 -0.039314 -0.017400 -0.007101 -0.011380 -3.874709 -5.108868 -0.113988 -0.031433 -1.134426 -1.627724 -3.372834 -1.439404 -1.394494 -2.607530 -1.324240 -1.265763 -1.180676 -1.256992 -1.329002 -1.528121 -2.495655 -1.244990 -2.210062 -4.283283 -3.484307 -1.112872 -1.258506 -1.161648 -2.366496 -1.546918 -1.203981 -1.702652 -3.900984 -1.352750 -0.884540 -0.053709 -1.157854 -1.393031 -1.091185 -1.076260 -5.142566 -0.033411 -0.042282 -9999.0
-9999.0 -9999.0 -9999.0 -9999.0 -9999.0 -9999.0 -9999.0 -9999.0 -1.412898 -1.302309 -0.686928 -1.986796 -1.408437 -2.454776 -0.294037 -1.440147 -3.527170 -2.260587 -0.040764 -1.089030 -0.013667 -1.009878 -0.080754 -0.067902 -0.003154 -2.921183 -1.627641 -1.593611 -4.735364 -2.078256 -2.269082 -1.352322 -2.153240 -3.388563 -0.702290 -0.999130 -1.209933 -2.150693 -1.747356 -1.253428 -1.246078 -1.231069 -0.622398 -1.216902 -1.295015 -1.302641 -1.181147 -0.129194 -1.209246 -1.476473 -2.733765 -1.648792 -1.432416 -1.250842 -1.870383 -1.377899 -4.190328 -4.347079 -3.089338 -2.061149 -0.089071 -9999.0
-9999.0 -9999.0 -9999.0 -9999.0 -9999.0 -9999.0 -9999.0 -9999.0 -3.941064 -1.290634 -0.309196 -3.182291 -0.163045 -0.330081 -1.372170 -3.152249 -2.018122 -0.086477 -4.307761 -0.025003 -2.074725 -0.020904 -0.012751 -0.663508 -1.223182 -0.427808 -0.383440 -2.177275 -0.316848 -1.175325 -1.989810 -1.480411 -1.047855 -1.312379 -1.351160 -1.225564 -1.255235 -0.750655 -2.435393 -1.399216 -1.298523 -0.987599 -0.852730 -1.634178 -0.338732 -1.208849 -0.278191 -1.077340 -0.257303 -1.425567 -0.580059 -4.248316 -3.797654 -0.888307 -5.402398 -5.604827 -4.738867 -3.355921 -0.222573 -0.161370 -2.239856 -0.288619
-9999.0 -9999.0 -9999.0 -9999.0 -9999.0 -9999.0 -9999.0 -9999.0 -1.442380 -1.293498 -0.314311 -0.496923 -0.308923 -1.616602 -0.261987 -3.117910 -2.287734 -2.415308 -0.941760 -1.840031 -0.926942 -0.035383 -0.287181 -2.967016 -2.567037 -0.332643 -1.491425 -0.709929 -0.189351 -0.286043 -1.290432 -0.325610 -2.821163 -0.637710 -1.902148 -1.357051 -1.194434 -0.384552 -3.381327 -1.345476 -1.993208 -1.639140 -1.192790 -1.534202 -1.523866 -1.033634 -1.377776 -1.021942 -1.282888 -2.833794 -4.178843 -6.695915 -5.235259 -5.854903 -5.861596 -4.623030 -2.796479 -1.572214 -2.661650 -3.218168 -4.264746 -0.072175
-9999.0 -9999.0 -1.254510 -1.275344 -1.257096 -1.285588 -1.256717 -1.278829 -1.352204 -1.199116 -1.373750 -0.681744 -0.681887 -0.411543 -3.674073 -1.793456 -2.294451 -1.477607 -1.385311 -0.436800 -1.717502 -3.450545 -0.649385 -3.263174 -3.331087 -4.046716 -0.537212 -1.017375 -4.952675 -0.264084 -0.931463 -0.343791 -0.884627 -1.455551 -0.875711 -1.210437 -1.171766 -1.370747 -1.927523 -1.433847 -1.220228 -1.359280 -4.133048 -0.696916 -1.273725 -1.200507 -0.820883 -0.248341 -5.202050 -4.923039 -4.156939 -3.822151 -3.081076 -3.671130 -3.887186 -5.635882 -4.298498 -3.728873 -4.516065 -4.104302 -0.096198 -0.056613
-9999.0 -0.852718 -0.797530 -1.037909 -1.280907 -0.316881 -1.307351 -1.331499 -1.321640 -1.279086 -1.258263 -0.166342 -0.469898 -0.208435 -0.562982 -0.393441 -1.431538 -1.313247 -0.374690 -0.822918 -2.155865 -4.873361 -4.170727 -1.627226 -3.581845 -4.428055 -4.365265 -4.488914 -3.964794 -3.394363 -3.456865 -1.480537 -1.580173 -2.639733 -2.035192 -2.984174 -3.063986 -2.903113 -2.296385 -1.459838 -1.488087 -3.873544 -4.163366 -1.513854 -1.877996 -5.279079 -3.465622 -1.901527 -2.882050 -2.849639 -1.900876 -2.640474 -4.521933 -5.026193 -5.114985 -3.087968 -1.112366 -0.554157 -0.425698 -0.251296 -0.090742 -0.055263
-9999.0 -1.340267 -0.298723 -0.281065 -0.134383 -0.318868 -1.301541 -1.419593 -1.372915 -1.320214 -1.352226 -0.351842 -0.894312 -0.434736 -1.666164 -1.360497 -1.226510 -1.377666 -0.348561 -1.526762 -0.486993 -1.387655 -5.801160 -4.113002 -4.094763 -1.779928 -0.654574 -0.030037 -0.029887 -3.121952 -0.528416 -1.125663 -2.982741 -2.943342 -3.222928 -2.670983 -3.206463 -3.295708 -2.824911 -2.631466 -2.466347 -2.223029 -2.850662 -0.854799 -0.070548 -0.034212 -0.017051 -0.024610 -0.515713 -1.273002 -3.928389 -3.621899 -1.181358 -4.026256 -2.153256 -0.442824 -0.418924 -0.288962 -0.144935 -0.088240 -0.043057 -9999.0
