user2019/resources/simulation/Vinschgau/output-maps/TsL0003N0346.asc
ncols         63
nrows         48
xllcorner     598000.000000
yllcorner     5145000.000000
cellsize      1000.000000
NODATA_value  -9999.0
[rows 0 to 27 of 48, columns 0 to 62 of 63]
-9999.0 -9999.0 -9999.0 -9999.0 -9999.0 -9999.0 -9999.0 -9999.0 -9999.0 -9999.0 -9999.0 -9999.0 -9999.0 -9999.0 -9999.0 -9999.0 -9999.0 -9999.0 -9999.0 -9999.0 -9999.0 -9999.0 -9999.0 -9999.0 -9999.0 -9999.0 -9999.0 -9999.0 -9999.0 -9999.0 -9999.0 -9999.0 -9999.0 -9999.0 -9999.0 -9999.0 -9999.0 -9999.0 -9999.0 -9999.0 -9999.0 -9999.0 -9999.0 -9999.0 -9999.0 -9999.0 -9999.0 -9999.0 -9999.0 -9999.0 -9999.0 -9999.0 -9999.0 -9999.0 -9999.0 -9999.0 -9999.0 -9999.0 -9999.0 -9999.0 -9999.0 -9999.0 -9999.0
-9999.0 -9999.0 -9999.0 -9999.0 -9999.0 -9999.0 -9999.0 -9999.0 -9999.0 -9999.0 -9999.0 -9999.0 -9999.0 -9999.0 -9999.0 -9999.0 -9999.0 -9999.0 -9999.0 -9999.0 -9999.0 -9999.0 -9999.0 -9999.0 -9999.0 -9999.0 -9999.0 -0.121530 -0.354170 -0.560860 -0.256811 -0.742725 -0.501978 -9999.0 -9999.0 -9999.0 -9999.0 -9999.0 -9999.0 -9999.0 -9999.0 -9999.0 -9999.0 -9999.0 -9999.0 -9999.0 -9999.0 -9999.0 -9999.0 -9999.0 -9999.0 -9999.0 -9999.0 -9999.0 -9999.0 -9999.0 -9999.0 -9999.0 -9999.0 -9999.0 -9999.0 -9999.0 -9999.0
-9999.0 -9999.0 -9999.0 -9999.0 -9999.0 -9999.0 -9999.0 -9999.0 -9999.0 -9999.0 -9999.0 -9999.0 -9999.0 -9999.0 -9999.0 -9999.0 -9999.0 -9999.0 -9999.0 -9999.0 -9999.0 -9999.0 -9999.0 -9999.0 -0.162751 -0.499276 -0.434733 -0.580324 -0.397214 -0.597531 -0.279089 -9999.0 -9999.0 -9999.0 -9999.0 -9999.0 -9999.0 -9999.0 -9999.0 -9999.0 -9999.0 -9999.0 -9999.0 -9999.0 -9999.0 -9999.0 -9999.0 -9999.0 -9999.0 -9999.0 -9999.0 -9999.0 -9999.0 -9999.0 -9999.0 -9999.0 -9999.0 -9999.0 -9999.0 -9999.0 -9999.0 -9999.0 -9999.0
-9999.0 -9999.0 -9999.0 -9999.0 -9999.0 -9999.0 -9999.0 -9999.0 -9999.0 -9999.0 -9999.0 -9999.0 -9999.0 -9999.0 -9999.0 -9999.0 -9999.0 -9999.0 -9999.0 -9999.0 -9999.0 -9999.0 -9999.0 -0.380323 -0.385690 7.008526 7.508853 7.660663 6.278346 -0.664646 -0.569752 -0.183835 -9999.0 -9999.0 -9999.0 -9999.0 -9999.0 -9999.0 -9999.0 -9999.0 -9999.0 -9999.0 -9999.0 -9999.0 -9999.0 -9999.0 -9999.0 -9999.0 -9999.0 -9999.0 -9999.0 -9999.0 -9999.0 -9999.0 -9999.0 -9999.0 -9999.0 -9999.0 -9999.0 -9999.0 -9999.0 -9999.0 -9999.0
-9999.0 -9999.0 -9999.0 -9999.0 -9999.0 -9999.0 -9999.0 -9999.0 -9999.0 -9999.0 -9999.0 -9999.0 -9999.0 -9999.0 -9999.0 -9999.0 -9999.0 -9999.0 12.860166 -0.383071 -9999.0 -0.181507 -0.500202 6.500461 7.639008 10.724702 -0.168389 -0.266209 9.777934 5.365977 -0.476274 -0.499289 -0.837971 -1.441106 -9999.0 -9999.0 -9999.0 -9999.0 -9999.0 -9999.0 -9999.0 -9999.0 -9999.0 -9999.0 -9999.0 -9999.0 -9999.0 -9999.0 -9999.0 -9999.0 -9999.0 -9999.0 -9999.0 -9999.0 -9999.0 -9999.0 -9999.0 -9999.0 -9999.0 -9999.0 -9999.0 -9999.0 -9999.0
-9999.0 -9999.0 -9999.0 -9999.0 -9999.0 -9999.0 -9999.0 -9999.0 -9999.0 -9999.0 -9999.0 -9999.0 -9999.0 -9999.0 -9999.0 -9999.0 -9999.0 6.893464 6.007001 8.273592 -0.651463 -0.195841 3.100244 5.244637 13.486639 -0.226267 -0.119818 -0.075961 -0.090680 -0.343764 12.086755 -0.674821 14.922198 -0.915794 -0.763308 -3.936353 -9999.0 -9999.0 -9999.0 -9999.0 -9999.0 -9999.0 -9999.0 -9999.0 -9999.0 -9999.0 -9999.0 -9999.0 -9999.0 -9999.0 -9999.0 -9999.0 -9999.0 -9999.0 -9999.0 -9999.0 -9999.0 -9999.0 -9999.0 -9999.0 -9999.0 -9999.0 -9999.0
-9999.0 -9999.0 -9999.0 -9999.0 -9999.0 -9999.0 -9999.0 -9999.0 -9999.0 -9999.0 -9999.0 -9999.0 -9999.0 -0.079256 -0.134591 5.238173 5.961062 24.774340 6.303639 7.465151 7.439308 8.114017 9.687898 13.526799 -0.088810 -0.222165 -0.384082 -0.103109 -0.299854 -0.125457 -0.161685 -0.473473 -0.469203 -4.753789 -2.669975 -5.431681 -9999.0 -9999.0 -9999.0 -9999.0 -9999.0 -9999.0 -9999.0 -9999.0 -9999.0 -9999.0 -9999.0 -9999.0 -9999.0 -9999.0 -9999.0 -9999.0 -9999.0 -9999.0 -9999.0 -9999.0 -9999.0 -9999.0 -9999.0 -9999.0 -9999.0 -9999.0 -9999.0
-9999.0 -9999.0 -9999.0 -9999.0 -9999.0 -9999.0 -9999.0 -9999.0 -9999.0 -9999.0 -9999.0 -9999.0 -9999.0 -0.348832 6.945766 4.432378 4.389277 15.951372 24.050725 10.469478 9.530064 6.976023 6.178244 2.020444 -0.074443 -0.331957 -0.561047 -0.547179 -0.732686 -0.465333 -0.421622 -4.161052 -4.267954 -7.763135 -5.842349 -9999.0 -9999.0 -9999.0 -9999.0 -9999.0 -9999.0 -9999.0 -9999.0 -9999.0 -9999.0 -9999.0 -9999.0 -9999.0 -9999.0 -9999.0 -9999.0 -9999.0 -9999.0 -9999.0 -9999.0 -9999.0 -9999.0 -9999.0 -9999.0 -9999.0 -9999.0 -9999.0 -9999.0
-9999.0 -9999.0 -9999.0 -9999.0 -9999.0 -9999.0 -9999.0 -9999.0 -9999.0 -9999.0 -9999.0 -9999.0 -9999.0 -0.068706 14.347984 -0.275361 1.955660 5.348659 25.152219 8.819460 11.835812 -0.172889 -0.235220 -0.079171 -0.069913 -0.045546 -0.430181 -1.255444 -0.331909 -6.105536 -2.630858 -8.826933 -8.038619 -9.851130 -7.485744 -9999.0 -9999.0 -9999.0 -9999.0 -9999.0 -9999.0 -9999.0 -9999.0 -9999.0 -9999.0 -9999.0 -9999.0 -9999.0 -9999.0 -9999.0 -9999.0 -9999.0 -9999.0 -9999.0 -9999.0 -9999.0 -9999.0 -9999.0 -9999.0 -9999.0 -9999.0 -9999.0 -9999.0
-9999.0 -9999.0 -9999.0 -9999.0 -9999.0 -9999.0 -9999.0 -9999.0 -9999.0 -9999.0 -9999.0 -9999.0 -0.449078 13.829248 -0.346718 -0.243666 -0.379304 5.138534 20.040095 9.240546 -0.020246 -0.334037 -0.069923 -0.118177 -0.402206 -0.891707 -0.275067 -0.129968 -0.633313 -1.665593 -7.151518 -0.529420 -1.508132 -3.311717 -9999.0 -9999.0 -9999.0 -9999.0 -9999.0 -9999.0 -9999.0 -9999.0 -9999.0 -9999.0 -9999.0 -9999.0 -9999.0 -9999.0 -9999.0 -9999.0 -9999.0 -9999.0 -9999.0 -9999.0 -9999.0 -9999.0 -9999.0 -9999.0 -9999.0 -9999.0 -9999.0 -9999.0 -9999.0
-9999.0 -9999.0 -9999.0 -9999.0 -9999.0 -9999.0 -9999.0 -9999.0 -9999.0 -9999.0 -9999.0 -0.060444 -0.195042 2.067489 -0.210536 -0.181430 -0.165083 4.705250 20.075535 8.885604 5.042799 6.444287 -0.117420 -0.206752 -0.104379 -0.105985 -3.530491 -0.184577 -0.788305 -4.383610 -0.245275 -0.483434 -1.092229 -2.370753 -1.376248 -1.089929 16.633091 18.983640 19.024496 -9999.0 -9999.0 -9999.0 -1.485613 -9999.0 -9999.0 -9999.0 -9999.0 -9999.0 -9999.0 -9999.0 -9999.0 -9999.0 -9999.0 -9999.0 -9999.0 -9999.0 -9999.0 -9999.0 -9999.0 -9999.0 -9999.0 -9999.0 -9999.0
-9999.0 -9999.0 -9999.0 -9999.0 -9999.0 -9999.0 -9999.0 -9999.0 -9999.0 -9999.0 -9999.0 -0.124268 -0.076891 -0.421188 -0.288157 -2.084748 -0.586328 5.397084 20.129708 12.272637 14.538604 10.701078 -0.172987 -0.061038 -0.075098 -0.160731 -0.238857 -0.393219 -0.122388 -1.150232 -0.575935 -0.641273 -1.223818 -1.595040 -1.481366 15.425622 20.062794 27.684119 23.369846 18.076775 20.940570 -2.010226 10.895220 -1.349782 -9999.0 -9999.0 -9999.0 -0.009896 -0.053535 -0.040304 -0.032393 -0.030642 -0.031405 -0.014346 -0.013341 -0.030993 -9999.0 -9999.0 -9999.0 -9999.0 -9999.0 -9999.0 -9999.0
-9999.0 -9999.0 -9999.0 -9999.0 -9999.0 -9999.0 -9999.0 -9999.0 -9999.0 -9999.0 -9999.0 -0.066300 -0.362812 -0.195930 -0.087221 -0.227638 -0.355036 4.108513 14.739555 13.383125 5.709809 5.533192 1.621423 -0.312724 -0.311298 -0.280346 2.957115 -0.267654 -0.404780 -0.349650 -0.369040 -0.524756 -0.296910 -3.150164 -1.525116 17.896500 8.983366 11.162248 28.807895 18.910990 17.173551 16.233496 14.551801 -0.693844 -1.064310 -9999.0 -0.508097 -0.064407 -0.125072 -0.517472 -0.426064 -0.346837 -0.235955 -0.012604 -0.013188 -0.015925 -9999.0 -9999.0 -9999.0 -9999.0 -9999.0 -9999.0 -9999.0
-9999.0 -9999.0 -9999.0 -9999.0 -9999.0 -9999.0 -9999.0 -9999.0 -9999.0 -9999.0 -9999.0 -9999.0 -0.137326 -0.057587 -0.488149 -0.199917 -0.211923 4.116705 17.940180 13.480368 5.896910 7.270656 7.429280 3.002230 -0.275954 -0.148705 13.536790 -0.252126 -0.148637 -0.139245 -0.411714 -0.402135 -0.818504 -1.221782 -1.657932 5.505133 1.992059 8.155292 25.642739 21.904421 23.414896 25.940279 6.327240 13.688265 -0.939869 -0.294571 -0.084495 -0.073623 -0.049171 3.317323 8.446277 -0.040344 6.492992 -0.019074 -0.078760 -0.094110 -0.013242 -9999.0 -9999.0 -9999.0 -9999.0 -9999.0 -9999.0
-9999.0 -9999.0 -9999.0 -9999.0 -9999.0 -9999.0 -9999.0 -9999.0 -9999.0 -9999.0 -9999.0 -0.331320 -0.276594 -0.122606 -0.251252 -0.166714 1.715538 4.119841 17.647732 8.647169 6.880611 6.099243 -0.135167 -0.593197 -0.224839 7.749548 -0.233119 -0.636514 -0.254627 -0.416086 2.979021 2.966424 12.073320 -1.562461 -5.277497 -0.980634 9.277055 6.035938 7.915223 30.638795 10.880610 11.939935 8.523822 9.086900 14.970215 -0.579757 -0.312242 -0.483755 -0.273351 8.712466 -0.158925 -0.372730 -0.143556 -0.757230 -0.483545 -4.017077 -0.025189 -9999.0 -9999.0 -9999.0 -9999.0 -9999.0 -9999.0
-9999.0 -9999.0 -9999.0 -9999.0 -9999.0 -9999.0 -9999.0 -9999.0 -9999.0 -9999.0 -0.023018 -0.428145 -0.366359 -0.054887 -0.357915 7.074863 -0.133976 -0.258623 8.647573 9.198456 13.867382 9.923947 6.587976 19.378340 8.598895 -0.105917 -0.081392 -0.292919 -0.375756 13.968403 7.648015 -0.256379 -0.528521 -1.544598 -5.550145 -1.281430 18.997323 -0.000602 5.218481 12.296223 13.294255 9.032924 16.071317 7.565671 5.783553 -0.913030 -0.265448 7.767309 8.074864 5.845722 -0.135619 -0.495547 -0.775985 -1.072480 -0.338653 -0.015623 -0.015745 -9999.0 -9999.0 -9999.0 -9999.0 -9999.0 -9999.0
-9999.0 -9999.0 -9999.0 -9999.0 -9999.0 -9999.0 -9999.0 -9999.0 -9999.0 -0.161269 -0.040281 -0.027351 5.986930 -0.508183 -0.090992 -0.056214 -0.078095 17.990305 7.942665 9.737859 13.561406 9.819901 8.413796 10.696757 -0.014609 -0.081165 -0.452207 16.534797 8.844029 8.660615 7.790766 -0.403296 -1.994604 -5.325791 -0.802706 -0.884940 -0.807628 -0.005033 -0.407073 5.083745 6.637992 -0.205839 -0.236476 8.564594 8.330883 7.956558 17.552595 8.703585 -0.158968 6.116557 -0.145362 -0.037835 -2.727801 -0.093093 -0.036761 -0.027174 -0.014639 -0.006261 -0.015941 -9999.0 -9999.0 -9999.0 -9999.0
-9999.0 -9999.0 -9999.0 -9999.0 -9999.0 -9999.0 -9999.0 -9999.0 -9999.0 -0.115606 -0.161727 -0.098343 18.737417 6.880727 2.760015 -0.346175 -0.164829 9.409278 8.893653 21.060194 18.618197 20.411555 8.628324 8.854051 -0.065033 3.352731 8.762505 9.242767 10.945401 -0.092602 -0.186022 -0.349088 -0.208904 -0.562611 -0.684004 -0.835093 -0.757395 15.070194 -0.577065 -0.401802 -0.299941 -0.268289 9.254014 7.694594 8.270168 10.766626 11.101851 9.825311 9.630293 6.222459 -0.176689 -0.028970 -0.089401 -0.079816 -0.157580 -0.011031 -0.015382 -0.052886 -0.024724 -9999.0 -9999.0 -9999.0 -9999.0
-9999.0 -9999.0 -9999.0 -9999.0 -9999.0 -9999.0 -9999.0 -9999.0 -9999.0 -9999.0 -0.105450 -0.063464 -0.098683 6.747326 8.307981 5.929871 7.498978 9.665771 9.600007 12.416787 12.341308 7.804758 -0.044621 -0.176300 -0.007274 9.415367 10.363245 10.038018 -0.135220 -0.112929 -0.108359 -0.326789 -0.485823 -0.403501 -0.589524 14.824729 16.310296 9.994385 -0.991273 -0.673846 -5.063211 -0.538327 -0.147846 -0.075836 -0.145726 2.463756 6.780365 11.321478 11.543131 8.889607 5.742282 -0.155961 -0.027214 -0.055330 -0.136366 -0.082737 -0.040633 11.237583 11.019361 11.340712 -9999.0 -9999.0 -9999.0
-9999.0 -9999.0 -9999.0 -9999.0 -9999.0 -9999.0 -9999.0 -9999.0 -9999.0 -9999.0 -0.099163 -0.084450 -0.072054 -0.145812 18.478702 6.630158 8.601804 9.615409 12.196874 13.263543 11.413316 9.671324 8.001604 9.479694 9.788673 10.814346 9.974690 6.346351 -0.171752 -0.692228 -0.260630 -0.064886 -0.301138 -0.835902 -0.297458 -0.182076 7.432285 4.156961 -0.712301 -0.906291 -0.086830 -0.101524 -0.109420 -0.240508 -0.041785 -0.041860 -0.038446 -0.157538 8.954177 11.069532 9.189980 -0.138953 -0.020876 -0.025250 -0.046838 -0.024144 -0.152043 -0.015121 11.391952 12.256516 -9999.0 -9999.0 -9999.0
-9999.0 -9999.0 -9999.0 -9999.0 -9999.0 -9999.0 -9999.0 -9999.0 -0.303616 -0.378220 -0.045785 -0.067731 -0.044147 -0.039823 -0.136954 9.712953 10.458690 22.474627 17.433417 15.780166 15.433925 11.816863 10.527863 9.085588 11.018191 10.603958 11.773319 -0.131573 -0.107468 -0.073935 -2.028915 -0.188862 -0.097574 -0.124936 -0.070865 -3.260380 -0.056327 4.472464 -0.550143 -0.086048 -0.141132 -0.139538 -0.401907 -1.195449 -0.217219 -0.038965 -0.150384 -0.032477 6.750616 10.502977 9.113450 7.846033 -0.052450 -0.035973 -0.020472 -0.170170 -0.007241 19.154905 12.548869 13.152503 -9999.0 -9999.0 -9999.0
-9999.0 -9999.0 -9999.0 -9999.0 -9999.0 -9999.0 -9999.0 -9999.0 -0.059801 3.156035 -0.219122 -0.202560 -0.105004 -0.081438 -0.126814 6.754217 7.891453 9.209470 12.891568 17.608230 31.065356 27.218315 22.136492 20.178919 11.548643 10.605493 7.933621 2.183992 -0.075125 -0.062659 -0.066602 -0.306084 -0.051752 -0.046249 -0.044488 -0.235328 16.005658 5.762975 -0.493835 -0.044411 -0.331488 -7.083485 -0.269248 -0.036814 -0.222851 -0.042382 -0.165719 -0.089877 -0.086615 9.084777 10.707801 8.887460 -0.124231 -0.014345 19.678797 12.511796 11.084391 12.126825 14.519198 16.643183 17.841588 -9999.0 -9999.0
-9999.0 -9999.0 -9999.0 -9999.0 -9999.0 -9999.0 -9999.0 -9999.0 -0.123511 -0.047400 4.974346 -0.042147 -0.114353 -0.081082 7.285847 8.449728 9.930827 12.998775 15.130439 27.443259 18.816535 26.743053 27.691025 17.802755 20.670958 8.783880 6.548502 -0.218119 -0.529620 -0.371420 -0.246719 -0.250725 -0.465315 -0.516149 -0.032180 17.266269 -0.035230 7.129196 -0.246131 -0.039528 -0.061408 -0.052194 -0.035639 -0.070714 -0.084545 -0.086706 -0.030406 -0.020811 -0.051334 8.103305 10.973237 10.735332 8.393077 8.532043 12.392123 12.661995 13.663080 14.553522 15.941437 15.014572 15.080894 -9999.0 -9999.0
-9999.0 -9999.0 -9999.0 -9999.0 -9999.0 -9999.0 -9999.0 -9999.0 -0.227829 -0.037880 6.309974 -0.310109 -0.129270 8.418572 8.529505 9.090274 12.324065 13.211916 11.076439 12.807664 15.136792 17.083536 24.358423 22.468355 9.677964 6.690632 -0.061824 2.402703 18.359045 8.590437 3.017131 2.505198 9.099597 6.989952 -0.197975 -0.388884 -0.215112 8.066134 5.457454 -0.378827 -0.039404 -0.030550 -0.142587 -0.493112 -0.028069 -0.026108 -0.197403 -0.254614 -0.307448 10.163025 8.475463 13.607291 12.602170 12.023377 14.141282 14.815182 15.650675 13.950510 15.279084 15.265265 11.579403 10.333770 -9999.0
-9999.0 -9999.0 -9999.0 -9999.0 -9999.0 -9999.0 -9999.0 -9999.0 -0.060292 -0.032480 6.252345 7.999477 8.936719 9.129001 18.379433 12.003560 10.064621 8.841503 6.642164 8.837796 11.869015 16.370112 16.122246 14.199376 16.656924 7.749482 7.288852 9.374172 10.136809 8.129449 4.731747 8.104751 10.724674 6.800056 6.986174 8.270049 9.331255 9.230115 8.177034 7.067311 6.957373 8.365465 9.016384 7.926977 -0.458032 -0.254912 8.954653 10.097520 10.122958 12.033485 13.347773 12.743706 13.829960 15.701617 15.685644 14.708227 15.347229 15.141850 13.413937 12.482226 11.669054 9.880866 -9999.0
-9999.0 -9999.0 -0.122337 -0.075179 -0.041317 -0.202652 -0.201441 -0.223443 -0.044427 -0.040659 -0.099131 9.438197 9.645179 12.548304 22.403334 7.969773 7.729633 -0.042492 -0.034375 7.155244 10.144144 11.474227 14.311198 14.653797 12.276286 10.490162 8.368306 8.653202 9.041760 14.620359 7.167277 6.679176 16.010110 7.072708 9.762840 8.132209 11.407948 9.901270 8.964278 7.231633 9.991164 10.358229 8.386987 8.613199 6.196552 9.560409 10.438241 8.890523 12.691179 13.904925 15.070487 14.504697 15.588241 15.304773 14.295772 23.629866 12.741989 11.591632 11.288699 11.400032 11.892096 8.446563 -9999.0
-9999.0 3.155740 6.414592 -0.056759 -0.236712 3.163100 -0.032090 -0.044575 -0.049984 -0.066178 -0.030077 6.744066 10.377050 18.961322 13.377759 7.284857 -0.030508 -0.039077 7.365631 7.768069 10.948338 11.127126 17.900357 13.257612 22.326898 15.103513 22.380329 22.072026 11.592534 10.305160 11.676507 11.401321 11.058424 18.151268 11.856651 12.275632 13.589108 12.292069 12.597895 11.149991 12.221111 12.332810 11.527738 8.328803 9.043262 8.979740 11.755199 11.520558 14.838479 12.788813 13.917994 13.193531 12.195968 12.054232 11.662668 10.451506 10.707074 10.415651 9.175431 8.047211 -0.011425 3.263354 -9999.0
-9999.0 -0.040711 7.771105 8.402461 14.246982 6.676441 2.477000 -0.348152 -0.146143 -0.134126 -0.138132 8.638274 10.878524 14.630629 9.499083 -0.024253 -0.041177 -0.121921 9.911314 8.752604 12.746596 10.471122 11.792359 12.702261 24.806934 27.974851 16.696139 17.195384 14.240970 11.486672 14.671737 13.018466 12.071411 11.845033 18.637772 13.447603 22.750026 26.544321 15.073469 15.036793 14.297143 13.463081 13.352419 12.328648 15.321063 14.441615 16.033012 15.855081 13.336590 13.545147 10.189661 10.413062 10.505064 11.555527 11.229693 9.199940 9.508682 -0.033762 -0.014642 -0.011839 -0.011765 -9999.0 -9999.0
