user2019/resources/simulation/Vinschgau/output-maps/TsL0005N1113.asc
ncols         63
nrows         48
xllcorner     598000.000000
yllcorner     5145000.000000
cellsize      1000.000000
NODATA_value  -9999.0
[rows 0 to 27 of 48, columns 0 to 62 of 63]
-9999.0 -9999.0 -9999.0 -9999.0 -9999.0 -9999.0 -9999.0 -9999.0 -9999.0 -9999.0 -9999.0 -9999.0 -9999.0 -9999.0 -9999.0 -9999.0 -9999.0 -9999.0 -9999.0 -9999.0 -9999.0 -9999.0 -9999.0 -9999.0 -9999.0 -9999.0 -9999.0 -9999.0 -9999.0 -9999.0 -9999.0 -9999.0 -9999.0 -9999.0 -9999.0 -9999.0 -9999.0 -9999.0 -9999.0 -9999.0 -9999.0 -9999.0 -9999.0 -9999.0 -9999.0 -9999.0 -9999.0 -9999.0 -9999.0 -9999.0 -9999.0 -9999.0 -9999.0 -9999.0 -9999.0 -9999.0 -9999.0 -9999.0 -9999.0 -9999.0 -9999.0 -9999.0 -9999.0
-9999.0 -9999.0 -9999.0 -9999.0 -9999.0 -9999.0 -9999.0 -9999.0 -9999.0 -9999.0 -9999.0 -9999.0 -9999.0 -9999.0 -9999.0 -9999.0 -9999.0 -9999.0 -9999.0 -9999.0 -9999.0 -9999.0 -9999.0 -9999.0 -9999.0 -9999.0 -9999.0 0.037117 -0.040633 0.369387 -0.283222 -0.147383 -0.513448 -9999.0 -9999.0 -9999.0 -9999.0 -9999.0 -9999.0 -9999.0 -9999.0 -9999.0 -9999.0 -9999.0 -9999.0 -9999.0 -9999.0 -9999.0 -9999.0 -9999.0 -9999.0 -9999.0 -9999.0 -9999.0 -9999.0 -9999.0 -9999.0 -9999.0 -9999.0 -9999.0 -9999.0 -9999.0 -9999.0
-9999.0 -9999.0 -9999.0 -9999.0 -9999.0 -9999.0 -9999.0 -9999.0 -9999.0 -9999.0 -9999.0 -9999.0 -9999.0 -9999.0 -9999.0 -9999.0 -9999.0 -9999.0 -9999.0 -9999.0 -9999.0 -9999.0 -9999.0 -9999.0 -0.029076 -0.010509 -0.011633 -0.010885 -0.056081 -0.090056 -0.250943 -9999.0 -9999.0 -9999.0 -9999.0 -9999.0 -9999.0 -9999.0 -9999.0 -9999.0 -9999.0 -9999.0 -9999.0 -9999.0 -9999.0 -9999.0 -9999.0 -9999.0 -9999.0 -9999.0 -9999.0 -9999.0 -9999.0 -9999.0 -9999.0 -9999.0 -9999.0 -9999.0 -9999.0 -9999.0 -9999.0 -9999.0 -9999.0
-9999.0 -9999.0 -9999.0 -9999.0 -9999.0 -9999.0 -9999.0 -9999.0 -9999.0 -9999.0 -9999.0 -9999.0 -9999.0 -9999.0 -9999.0 -9999.0 -9999.0 -9999.0 -9999.0 -9999.0 -9999.0 -9999.0 -9999.0 -0.005342 0.194877 2.038651 2.515899 3.049007 2.227136 -0.005369 -0.156595 -0.170893 -9999.0 -9999.0 -9999.0 -9999.0 -9999.0 -9999.0 -9999.0 -9999.0 -9999.0 -9999.0 -9999.0 -9999.0 -9999.0 -9999.0 -9999.0 -9999.0 -9999.0 -9999.0 -9999.0 -9999.0 -9999.0 -9999.0 -9999.0 -9999.0 -9999.0 -9999.0 -9999.0 -9999.0 -9999.0 -9999.0 -9999.0
-9999.0 -9999.0 -9999.0 -9999.0 -9999.0 -9999.0 -9999.0 -9999.0 -9999.0 -9999.0 -9999.0 -9999.0 -9999.0 -9999.0 -9999.0 -9999.0 -9999.0 -9999.0 4.124801 0.244950 -9999.0 -0.001209 0.225067 2.012969 1.984283 3.527867 2.924357 2.909510 1.813817 -0.011202 -0.028360 -0.111639 -0.088538 -0.011030 -9999.0 -9999.0 -9999.0 -9999.0 -9999.0 -9999.0 -9999.0 -9999.0 -9999.0 -9999.0 -9999.0 -9999.0 -9999.0 -9999.0 -9999.0 -9999.0 -9999.0 -9999.0 -9999.0 -9999.0 -9999.0 -9999.0 -9999.0 -9999.0 -9999.0 -9999.0 -9999.0 -9999.0 -9999.0
-9999.0 -9999.0 -9999.0 -9999.0 -9999.0 -9999.0 -9999.0 -9999.0 -9999.0 -9999.0 -9999.0 -9999.0 -9999.0 -9999.0 -9999.0 -9999.0 -9999.0 4.985105 3.600441 3.766468 1.383986 -0.017372 -0.011064 1.534767 3.276370 -0.005074 -0.113436 -0.013294 -0.058907 1.370054 0.299333 -0.028212 0.357532 0.131935 -0.107481 -0.099275 -9999.0 -9999.0 -9999.0 -9999.0 -9999.0 -9999.0 -9999.0 -9999.0 -9999.0 -9999.0 -9999.0 -9999.0 -9999.0 -9999.0 -9999.0 -9999.0 -9999.0 -9999.0 -9999.0 -9999.0 -9999.0 -9999.0 -9999.0 -9999.0 -9999.0 -9999.0 -9999.0
-9999.0 -9999.0 -9999.0 -9999.0 -9999.0 -9999.0 -9999.0 -9999.0 -9999.0 -9999.0 -9999.0 -9999.0 -9999.0 1.723652 1.684504 3.234094 4.637176 8.963730 4.705204 3.161479 2.586937 1.859133 2.846809 3.302039 -0.007113 0.239616 -0.116355 -0.297820 -0.067589 -0.020626 -0.779315 -0.031902 -0.162875 -0.157252 -1.523742 -0.121697 -9999.0 -9999.0 -9999.0 -9999.0 -9999.0 -9999.0 -9999.0 -9999.0 -9999.0 -9999.0 -9999.0 -9999.0 -9999.0 -9999.0 -9999.0 -9999.0 -9999.0 -9999.0 -9999.0 -9999.0 -9999.0 -9999.0 -9999.0 -9999.0 -9999.0 -9999.0 -9999.0
-9999.0 -9999.0 -9999.0 -9999.0 -9999.0 -9999.0 -9999.0 -9999.0 -9999.0 -9999.0 -9999.0 -9999.0 -9999.0 2.607715 3.801384 3.948456 3.826586 7.831238 9.061309 4.547544 3.813992 4.923304 2.277740 0.893248 0.302865 -0.026329 -0.026009 0.313297 -0.031111 -1.095659 -1.414255 -0.097625 -0.069419 -5.709584 -0.137205 -9999.0 -9999.0 -9999.0 -9999.0 -9999.0 -9999.0 -9999.0 -9999.0 -9999.0 -9999.0 -9999.0 -9999.0 -9999.0 -9999.0 -9999.0 -9999.0 -9999.0 -9999.0 -9999.0 -9999.0 -9999.0 -9999.0 -9999.0 -9999.0 -9999.0 -9999.0 -9999.0 -9999.0
-9999.0 -9999.0 -9999.0 -9999.0 -9999.0 -9999.0 -9999.0 -9999.0 -9999.0 -9999.0 -9999.0 -9999.0 -9999.0 3.896101 3.917316 5.088374 3.517193 4.289222 9.343807 4.676376 5.473323 2.302806 -0.009556 -0.024689 0.994561 -0.007577 0.825628 -0.047652 -0.137549 -5.135828 -0.089047 -5.948324 -6.166376 -7.726145 -0.150961 -9999.0 -9999.0 -9999.0 -9999.0 -9999.0 -9999.0 -9999.0 -9999.0 -9999.0 -9999.0 -9999.0 -9999.0 -9999.0 -9999.0 -9999.0 -9999.0 -9999.0 -9999.0 -9999.0 -9999.0 -9999.0 -9999.0 -9999.0 -9999.0 -9999.0 -9999.0 -9999.0 -9999.0
-9999.0 -9999.0 -9999.0 -9999.0 -9999.0 -9999.0 -9999.0 -9999.0 -9999.0 -9999.0 -9999.0 -9999.0 2.196856 3.403560 4.645091 2.428922 2.025326 3.796978 8.636377 5.284576 2.444684 -0.015616 -0.049431 -0.029931 -0.934406 -0.027380 -2.161218 -0.222706 -0.221922 -0.087363 -5.869569 -0.091086 -0.281863 -0.018215 -9999.0 -9999.0 -9999.0 -9999.0 -9999.0 -9999.0 -9999.0 -9999.0 -9999.0 -9999.0 -9999.0 -9999.0 -9999.0 -9999.0 -9999.0 -9999.0 -9999.0 -9999.0 -9999.0 -9999.0 -9999.0 -9999.0 -9999.0 -9999.0 -9999.0 -9999.0 -9999.0 -9999.0 -9999.0
-9999.0 -9999.0 -9999.0 -9999.0 -9999.0 -9999.0 -9999.0 -9999.0 -9999.0 -9999.0 -9999.0 1.405527 3.233502 2.274797 3.959806 4.219878 4.515102 4.054293 8.172391 6.557183 2.573089 1.845054 0.224157 -0.016201 -1.004310 -0.082598 -0.124894 -0.162590 -0.193122 -0.126185 -0.088984 -0.126940 -0.067341 -0.077807 -0.104422 -0.007000 -0.106692 -0.085708 -0.290525 -9999.0 -9999.0 -9999.0 -0.087945 -9999.0 -9999.0 -9999.0 -9999.0 -9999.0 -9999.0 -9999.0 -9999.0 -9999.0 -9999.0 -9999.0 -9999.0 -9999.0 -9999.0 -9999.0 -9999.0 -9999.0 -9999.0 -9999.0 -9999.0
-9999.0 -9999.0 -9999.0 -9999.0 -9999.0 -9999.0 -9999.0 -9999.0 -9999.0 -9999.0 -9999.0 1.304253 3.434981 5.069374 5.276035 2.258962 6.640665 4.685203 8.542034 6.047149 5.413851 2.252035 0.201981 -1.871003 -3.026292 -0.050236 -0.049978 -0.148846 -0.053572 -0.086556 -0.202387 -0.060743 -0.156803 -0.400576 -0.216925 -0.183750 -0.051981 0.165174 -0.029712 -0.088324 -0.057127 -0.083523 -0.251126 -0.070207 -9999.0 -9999.0 -9999.0 -0.338953 -0.379280 -0.179403 -0.466711 -0.301690 -0.263937 -0.679649 -2.010012 -0.304376 -9999.0 -9999.0 -9999.0 -9999.0 -9999.0 -9999.0 -9999.0
-9999.0 -9999.0 -9999.0 -9999.0 -9999.0 -9999.0 -9999.0 -9999.0 -9999.0 -9999.0 -9999.0 1.096540 1.306065 -0.017747 3.993942 3.717831 1.608352 3.744355 7.332792 6.195631 1.971714 -0.009223 -0.500828 -0.014068 -0.039812 0.196326 -2.190154 -2.684689 -0.002900 -0.202056 -0.030092 -3.152152 -0.093298 -0.226549 -0.083348 -0.118175 -2.329534 -1.980499 1.083996 -0.010326 -0.182210 -0.107340 -0.129251 -0.203318 -0.283699 -9999.0 -0.145987 -0.442968 -0.259915 -0.126334 -0.056521 0.414839 -0.195415 -0.114641 -0.237556 -0.276313 -9999.0 -9999.0 -9999.0 -9999.0 -9999.0 -9999.0 -9999.0
-9999.0 -9999.0 -9999.0 -9999.0 -9999.0 -9999.0 -9999.0 -9999.0 -9999.0 -9999.0 -9999.0 -9999.0 0.442036 -0.077635 2.264434 2.398115 0.442762 2.801728 7.763076 5.996496 2.054380 -0.005148 -1.023507 -2.444366 -1.604698 -2.053653 0.155325 -0.024951 -0.218489 -0.062091 -0.080719 -2.954480 -0.040092 -0.148852 -0.250366 -0.173011 -2.931343 -1.833776 2.647887 0.426651 -0.005333 0.754725 -2.371644 -0.009687 -0.036173 -0.290770 -0.148596 -0.265065 -3.913772 -2.513014 -0.049223 -2.831290 -2.897118 -3.464409 -4.040256 -0.280090 -0.239083 -9999.0 -9999.0 -9999.0 -9999.0 -9999.0 -9999.0
-9999.0 -9999.0 -9999.0 -9999.0 -9999.0 -9999.0 -9999.0 -9999.0 -9999.0 -9999.0 -9999.0 -0.324257 0.206429 1.673264 -0.109338 -0.011186 1.094419 2.065074 7.179342 4.069381 2.399130 0.427447 -0.045418 -0.641231 -2.112519 -1.687681 -1.780746 -0.097994 -0.112889 0.307515 -1.985225 -2.135038 -0.027707 -0.136366 -0.259615 -0.254596 -0.028839 -0.398091 -0.012208 1.434496 -0.125408 -0.023690 -0.408475 -0.166550 0.219799 -0.111466 -0.157404 0.319635 0.757382 -0.011406 -2.483256 -0.108815 -4.016768 -4.375880 -5.082789 -5.868902 -0.101464 -9999.0 -9999.0 -9999.0 -9999.0 -9999.0 -9999.0
-9999.0 -9999.0 -9999.0 -9999.0 -9999.0 -9999.0 -9999.0 -9999.0 -9999.0 -9999.0 0.183609 -0.197845 0.222708 0.256952 1.269218 -0.027991 -0.031653 -0.005295 3.263229 3.713981 4.276288 3.148084 -0.531025 0.947863 -0.062637 -1.395919 -1.852399 -3.468655 -0.018956 -0.003582 -1.591817 -1.672691 -0.028992 -0.101234 -0.117183 -0.027806 -0.036229 -2.663706 -0.380331 -0.003335 -0.001224 1.422563 5.088613 0.683069 -0.040898 0.341620 -0.030278 -2.267093 -1.532453 -0.016420 -4.011989 -0.165853 -5.519627 -6.622013 -6.401462 -0.100093 -0.137263 -9999.0 -9999.0 -9999.0 -9999.0 -9999.0 -9999.0
-9999.0 -9999.0 -9999.0 -9999.0 -9999.0 -9999.0 -9999.0 -9999.0 -9999.0 -0.041136 -0.006671 -1.820170 -0.709325 -0.120227 -0.190210 -0.190314 -0.039865 3.087346 3.189416 3.803314 4.584648 0.548358 -0.005368 0.342464 -0.006575 -1.279017 -1.778923 0.171414 -0.120862 -0.098741 -0.006088 -1.477817 -0.007615 -6.072525 -0.048998 -0.029472 -0.068356 -3.070180 -2.086390 -0.568045 -1.128283 -0.469321 -0.399905 1.414762 0.678715 -0.029057 1.063897 -0.134811 -0.134255 -0.005061 -1.879171 -0.116692 -7.179081 -1.966920 -0.891099 -3.786299 -3.448423 -0.065859 -0.250069 -9999.0 -9999.0 -9999.0 -9999.0
-9999.0 -9999.0 -9999.0 -9999.0 -9999.0 -9999.0 -9999.0 -9999.0 -9999.0 -0.036774 -0.031702 0.177020 1.227783 -0.015470 -0.046376 -0.124509 1.091250 0.520565 3.762144 5.815342 5.249407 5.086410 3.353598 1.646737 -0.887770 -1.453932 -0.143227 -0.024115 0.530513 1.791217 0.193788 -1.855508 -0.132004 -0.193930 -0.174014 -0.027750 0.006745 0.701765 -0.034780 -0.026750 -2.644228 -1.631305 -0.091038 0.774886 2.123569 2.073757 1.742373 0.131763 -0.018870 -0.005028 -2.733787 -4.473876 -2.412933 -2.449257 -2.925239 -4.828685 -2.973278 -2.870082 -0.001537 -9999.0 -9999.0 -9999.0 -9999.0
-9999.0 -9999.0 -9999.0 -9999.0 -9999.0 -9999.0 -9999.0 -9999.0 -9999.0 -9999.0 -0.082921 -0.033044 -0.715303 -0.535757 -0.011508 -0.038142 -0.015097 1.616126 4.552230 4.566726 5.230163 2.334948 -0.007120 -0.417128 -0.586400 -0.049701 -0.005300 1.074560 0.198116 -1.417532 -1.761905 -2.521209 -2.791585 -0.135566 -0.149694 -0.027592 0.143888 -0.007910 0.005086 -0.174291 -0.075320 -0.002178 0.980841 -0.032761 -0.007676 -0.004306 1.047307 3.676169 2.478330 -0.005243 -1.694070 -3.300509 -1.154396 -2.648374 -2.582045 -2.910394 -0.207262 -1.374994 -1.042346 -0.024613 -9999.0 -9999.0 -9999.0
-9999.0 -9999.0 -9999.0 -9999.0 -9999.0 -9999.0 -9999.0 -9999.0 -9999.0 -9999.0 -0.183848 -0.036612 0.066227 -0.040259 2.757743 -0.006154 -0.005503 2.279045 4.965683 5.544129 3.109057 1.094974 -0.012770 -0.051846 -0.030848 0.636077 1.740115 -0.009055 -1.103755 -2.512840 -0.049008 -0.054384 -3.728540 -0.184637 -0.051808 -0.010621 -1.309824 -0.739526 -2.912506 -0.164607 -0.215219 0.272470 -2.393688 -0.004437 0.227115 -0.440550 -0.015849 -0.007516 2.352211 2.169945 -0.015424 -1.728676 -3.243781 -0.646837 -3.539757 -2.557593 -0.319046 -1.617855 0.854558 1.998413 -9999.0 -9999.0 -9999.0
-9999.0 -9999.0 -9999.0 -9999.0 -9999.0 -9999.0 -9999.0 -9999.0 -0.052610 -0.090434 -0.121040 -0.110663 -2.439820 -0.254211 -0.046787 1.336430 2.583677 5.971123 5.505427 6.028613 4.853434 3.717286 2.683822 0.922467 -0.003254 1.674383 2.949409 -0.611721 -2.131324 -2.424702 -5.391656 -0.114527 -0.091201 -0.148587 -0.196120 -0.028368 1.033580 -0.191280 -2.352368 -0.015605 0.335338 -0.008789 -2.438680 -0.003705 0.836163 0.196313 -2.176287 -0.131655 -0.006729 2.280120 -0.004985 -1.905755 -3.641394 -4.933471 -2.044759 -0.219047 -0.046655 0.223346 0.589112 3.791074 -9999.0 -9999.0 -9999.0
-9999.0 -9999.0 -9999.0 -9999.0 -9999.0 -9999.0 -9999.0 -9999.0 -2.757105 -2.832196 -1.948128 -0.107887 -0.030452 -1.869428 -0.742875 -0.004619 1.596855 2.197588 5.251948 6.537406 8.930729 7.939551 7.216828 6.382635 3.054204 2.967012 0.620447 -0.338313 -3.281037 -0.145694 -0.213620 0.002354 -0.132484 0.170451 -0.047807 -0.003451 2.110715 -0.028848 -0.230257 -0.024419 -0.058184 -4.105946 0.236332 -0.008750 -0.003672 -1.490225 -2.916089 -0.026128 -0.100896 1.274813 1.850207 -0.047332 -3.708363 -0.273315 -0.043891 -1.944625 -1.121330 -0.021957 2.549892 5.027517 6.410351 -9999.0 -9999.0
-9999.0 -9999.0 -9999.0 -9999.0 -9999.0 -9999.0 -9999.0 -9999.0 -0.054319 -0.028490 -0.064909 -2.765455 -0.119513 -2.242478 -0.185216 -0.597856 -0.006413 2.560114 5.172043 8.775865 7.002859 8.464551 8.318429 5.499296 6.000485 2.920069 0.121235 -1.054595 -4.376975 -0.063130 0.261660 -0.022162 -1.798222 -2.132991 0.006435 1.277027 -0.029199 1.356572 -0.046548 -2.275947 -0.035989 0.332304 -0.020793 -0.032397 -2.369654 -0.031591 -0.017335 -0.044850 -1.413107 -0.005727 2.318094 -0.005947 -2.639419 -3.541759 -1.185806 -0.239439 1.101639 2.422625 4.655202 5.319953 5.668306 -9999.0 -9999.0
-9999.0 -9999.0 -9999.0 -9999.0 -9999.0 -9999.0 -9999.0 -9999.0 -0.144417 -0.030036 -1.565547 -3.876071 -0.030127 -2.098578 -0.571924 -0.004061 3.729081 4.966948 5.821228 5.444897 6.410964 6.777719 8.129693 7.481334 3.338596 0.754559 -0.032224 -1.805283 0.154787 -2.175753 -0.537874 -0.574176 -0.015313 -0.140497 -0.087364 1.096677 3.393883 3.762772 0.427079 -0.039445 0.175022 0.127913 -0.003892 0.848848 -0.028989 0.326917 -0.003631 0.684182 -0.027655 -0.308116 -0.004735 1.940791 -0.003436 -1.106039 0.508337 1.638538 3.206904 4.338989 5.390637 5.431237 4.504638 2.315417 -9999.0
-9999.0 -9999.0 -9999.0 -9999.0 -9999.0 -9999.0 -9999.0 -9999.0 -0.803321 -0.154021 -1.976850 -1.404119 -0.617878 -0.417350 2.012214 2.165643 4.206137 2.216187 0.500051 2.590994 4.485286 6.167262 6.406404 6.124525 5.048119 -0.006296 -0.912762 -0.029415 -0.011500 -0.089021 -0.383558 -0.008471 2.041867 1.156352 -0.004465 1.123357 2.477740 5.750369 5.195948 2.002099 0.246542 -0.009208 -0.013401 -0.016204 -0.177692 0.467885 -0.098423 -0.976721 -0.067926 -0.005578 1.413180 1.373067 1.690302 1.743131 2.106605 2.724335 3.385380 4.180036 4.810169 4.520811 3.888464 1.732694 -9999.0
-9999.0 -9999.0 -0.026234 -0.035661 -3.199427 -2.145748 -2.825401 -3.896828 -0.197987 -0.215614 -2.625515 -0.689377 -0.142752 -0.027290 3.268983 1.603947 -0.007656 -1.048577 -0.109676 -0.004957 2.460990 5.162470 5.055925 5.912278 4.205875 1.745652 -0.006216 -0.005327 1.916113 3.050114 -0.006268 0.329073 4.999889 3.063291 3.625395 4.321369 6.670058 8.056369 6.962710 4.285276 4.072377 3.665653 3.491605 2.317636 -0.005532 -0.005128 1.494801 1.186323 2.250698 3.193198 4.083136 3.653589 3.074860 2.619995 2.540654 5.601492 3.171970 3.559201 3.211089 3.180338 3.838235 0.974726 -9999.0
-9999.0 -0.218011 -2.567133 -2.468910 -1.905803 -2.465635 -1.536886 -2.150183 -3.129637 -0.132520 -1.535659 -0.680080 -0.011748 1.896857 2.484561 -0.485582 -1.727390 -1.633427 -1.834331 -0.004881 2.088173 3.977305 5.616874 4.531852 6.780562 3.970645 4.816833 4.910752 4.384763 2.870679 2.859626 3.023609 4.451875 7.255727 7.444835 8.471167 10.370019 10.979104 10.266258 8.385648 7.994740 7.832208 6.840835 4.520231 3.230650 3.626452 4.087588 5.660050 6.281068 5.781648 4.471734 3.687084 2.949092 2.201996 2.133870 1.671180 0.625081 0.970764 1.427856 2.659741 0.276745 0.768656 -9999.0
-9999.0 0.342820 -0.133065 -0.119510 0.152638 -0.189697 -2.344825 -2.666171 -0.151449 -0.172877 -1.831234 -1.076306 -0.004504 2.551109 -0.083609 -3.002574 -1.975560 -1.550888 -0.438482 -0.021184 3.055885 1.658084 2.694714 2.713199 6.168535 7.272924 5.234059 5.955051 5.618597 6.161428 6.330058 6.091935 6.408519 7.403231 10.260938 10.565300 14.914371 16.028655 13.276488 12.278611 11.511922 10.424514 9.594754 7.828479 7.731769 7.591320 7.398507 7.009707 6.329641 5.372804 3.657374 1.714888 0.734141 1.266986 0.543776 -0.021175 -0.313028 -0.044448 -0.028888 -0.190357 -0.018964 -9999.0 -9999.0
