user2019/resources/simulation/Vinschgau/output-maps/TsL0004N1151.asc
ncols         63
nrows         48
xllcorner     598000.000000
yllcorner     5145000.000000
cellsize      1000.000000
NODATA_value  -9999.0
[rows 0 to 27 of 48, columns 0 to 62 of 63]
-9999.0 -9999.0 -9999.0 -9999.0 -9999.0 -9999.0 -9999.0 -9999.0 -9999.0 -9999.0 -9999.0 -9999.0 -9999.0 -9999.0 -9999.0 -9999.0 -9999.0 -9999.0 -9999.0 -9999.0 -9999.0 -9999.0 -9999.0 -9999.0 -9999.0 -9999.0 -9999.0 -9999.0 -9999.0 -9999.0 -9999.0 -9999.0 -9999.0 -9999.0 -9999.0 -9999.0 -9999.0 -9999.0 -9999.0 -9999.0 -9999.0 -9999.0 -9999.0 -9999.0 -9999.0 -9999.0 -9999.0 -9999.0 -9999.0 -9999.0 -9999.0 -9999.0 -9999.0 -9999.0 -9999.0 -9999.0 -9999.0 -9999.0 -9999.0 -9999.0 -9999.0 -9999.0 -9999.0
-9999.0 -9999.0 -9999.0 -9999.0 -9999.0 -9999.0 -9999.0 -9999.0 -9999.0 -9999.0 -9999.0 -9999.0 -9999.0 -9999.0 -9999.0 -9999.0 -9999.0 -9999.0 -9999.0 -9999.0 -9999.0 -9999.0 -9999.0 -9999.0 -9999.0 -9999.0 -9999.0 0.280429 -0.000128 0.461079 -0.032846 -0.018501 -0.096055 -9999.0 -9999.0 -9999.0 -9999.0 -9999.0 -9999.0 -9999.0 -9999.0 -9999.0 -9999.0 -9999.0 -9999.0 -9999.0 -9999.0 -9999.0 -9999.0 -9999.0 -9999.0 -9999.0 -9999.0 -9999.0 -9999.0 -9999.0 -9999.0 -9999.0 -9999.0 -9999.0 -9999.0 -9999.0 -9999.0
-9999.0 -9999.0 -9999.0 -9999.0 -9999.0 -9999.0 -9999.0 -9999.0 -9999.0 -9999.0 -9999.0 -9999.0 -9999.0 -9999.0 -9999.0 -9999.0 -9999.0 -9999.0 -9999.0 -9999.0 -9999.0 -9999.0 -9999.0 -9999.0 0.126654 0.145786 0.175011 0.129160 0.102155 -0.001433 -0.009084 -9999.0 -9999.0 -9999.0 -9999.0 -9999.0 -9999.0 -9999.0 -9999.0 -9999.0 -9999.0 -9999.0 -9999.0 -9999.0 -9999.0 -9999.0 -9999.0 -9999.0 -9999.0 -9999.0 -9999.0 -9999.0 -9999.0 -9999.0 -9999.0 -9999.0 -9999.0 -9999.0 -9999.0 -9999.0 -9999.0 -9999.0 -9999.0
-9999.0 -9999.0 -9999.0 -9999.0 -9999.0 -9999.0 -9999.0 -9999.0 -9999.0 -9999.0 -9999.0 -9999.0 -9999.0 -9999.0 -9999.0 -9999.0 -9999.0 -9999.0 -9999.0 -9999.0 -9999.0 -9999.0 -9999.0 0.159238 0.586804 2.614301 2.974564 3.168229 2.377956 0.452253 -0.003617 -0.022837 -9999.0 -9999.0 -9999.0 -9999.0 -9999.0 -9999.0 -9999.0 -9999.0 -9999.0 -9999.0 -9999.0 -9999.0 -9999.0 -9999.0 -9999.0 -9999.0 -9999.0 -9999.0 -9999.0 -9999.0 -9999.0 -9999.0 -9999.0 -9999.0 -9999.0 -9999.0 -9999.0 -9999.0 -9999.0 -9999.0 -9999.0
-9999.0 -9999.0 -9999.0 -9999.0 -9999.0 -9999.0 -9999.0 -9999.0 -9999.0 -9999.0 -9999.0 -9999.0 -9999.0 -9999.0 -9999.0 -9999.0 -9999.0 -9999.0 3.379930 0.602955 -9999.0 0.457054 0.595348 2.453713 2.406503 3.461075 2.588263 2.600872 1.837301 -0.003146 0.137769 -0.003482 0.002841 -0.000848 -9999.0 -9999.0 -9999.0 -9999.0 -9999.0 -9999.0 -9999.0 -9999.0 -9999.0 -9999.0 -9999.0 -9999.0 -9999.0 -9999.0 -9999.0 -9999.0 -9999.0 -9999.0 -9999.0 -9999.0 -9999.0 -9999.0 -9999.0 -9999.0 -9999.0 -9999.0 -9999.0 -9999.0 -9999.0
-9999.0 -9999.0 -9999.0 -9999.0 -9999.0 -9999.0 -9999.0 -9999.0 -9999.0 -9999.0 -9999.0 -9999.0 -9999.0 -9999.0 -9999.0 -9999.0 -9999.0 4.915645 3.554330 3.842248 1.696518 -0.002004 -0.004484 1.695290 2.974645 -0.007768 -0.068820 -0.003294 -0.050939 1.518049 0.691867 0.176134 0.517355 0.256357 0.001283 -0.000960 -9999.0 -9999.0 -9999.0 -9999.0 -9999.0 -9999.0 -9999.0 -9999.0 -9999.0 -9999.0 -9999.0 -9999.0 -9999.0 -9999.0 -9999.0 -9999.0 -9999.0 -9999.0 -9999.0 -9999.0 -9999.0 -9999.0 -9999.0 -9999.0 -9999.0 -9999.0 -9999.0
-9999.0 -9999.0 -9999.0 -9999.0 -9999.0 -9999.0 -9999.0 -9999.0 -9999.0 -9999.0 -9999.0 -9999.0 -9999.0 1.332398 1.706401 3.220270 4.578647 8.477913 4.663049 3.102333 2.760456 1.990132 3.171304 2.925212 -0.011678 0.591618 -0.030664 -0.098373 -0.027574 -0.012223 -0.493289 0.173262 -0.000170 -0.014520 0.008751 -0.001009 -9999.0 -9999.0 -9999.0 -9999.0 -9999.0 -9999.0 -9999.0 -9999.0 -9999.0 -9999.0 -9999.0 -9999.0 -9999.0 -9999.0 -9999.0 -9999.0 -9999.0 -9999.0 -9999.0 -9999.0 -9999.0 -9999.0 -9999.0 -9999.0 -9999.0 -9999.0 -9999.0
-9999.0 -9999.0 -9999.0 -9999.0 -9999.0 -9999.0 -9999.0 -9999.0 -9999.0 -9999.0 -9999.0 -9999.0 -9999.0 2.296252 3.879094 3.920802 3.749882 7.201409 8.562276 4.733967 3.758977 4.794438 2.425104 0.912696 1.296796 -0.001371 0.090981 0.383551 0.128984 -0.088065 -1.785061 -0.000240 0.055870 -5.885683 -0.000736 -9999.0 -9999.0 -9999.0 -9999.0 -9999.0 -9999.0 -9999.0 -9999.0 -9999.0 -9999.0 -9999.0 -9999.0 -9999.0 -9999.0 -9999.0 -9999.0 -9999.0 -9999.0 -9999.0 -9999.0 -9999.0 -9999.0 -9999.0 -9999.0 -9999.0 -9999.0 -9999.0 -9999.0
-9999.0 -9999.0 -9999.0 -9999.0 -9999.0 -9999.0 -9999.0 -9999.0 -9999.0 -9999.0 -9999.0 -9999.0 -9999.0 3.960583 3.523730 5.170516 3.540363 4.249079 8.830012 4.626812 4.993036 2.613191 -0.008135 -0.021403 1.102924 0.266818 0.573507 0.086572 -0.017949 -5.469034 -0.004680 -5.780953 -6.215529 -6.482545 -0.001028 -9999.0 -9999.0 -9999.0 -9999.0 -9999.0 -9999.0 -9999.0 -9999.0 -9999.0 -9999.0 -9999.0 -9999.0 -9999.0 -9999.0 -9999.0 -9999.0 -9999.0 -9999.0 -9999.0 -9999.0 -9999.0 -9999.0 -9999.0 -9999.0 -9999.0 -9999.0 -9999.0 -9999.0
-9999.0 -9999.0 -9999.0 -9999.0 -9999.0 -9999.0 -9999.0 -9999.0 -9999.0 -9999.0 -9999.0 -9999.0 2.631764 3.006761 4.794334 2.704979 2.092257 3.754926 7.962759 5.356624 2.876957 -0.008108 -0.014287 -0.019224 -0.727432 0.057358 -2.168414 -0.003580 -0.042493 0.002944 -5.849599 0.002320 -0.035406 -0.001143 -9999.0 -9999.0 -9999.0 -9999.0 -9999.0 -9999.0 -9999.0 -9999.0 -9999.0 -9999.0 -9999.0 -9999.0 -9999.0 -9999.0 -9999.0 -9999.0 -9999.0 -9999.0 -9999.0 -9999.0 -9999.0 -9999.0 -9999.0 -9999.0 -9999.0 -9999.0 -9999.0 -9999.0 -9999.0
-9999.0 -9999.0 -9999.0 -9999.0 -9999.0 -9999.0 -9999.0 -9999.0 -9999.0 -9999.0 -9999.0 1.280163 3.860168 2.180805 4.230266 3.361519 4.629606 4.105934 7.465130 6.940703 2.531273 1.928795 0.674826 0.115533 -0.054861 -0.000123 -0.009947 -0.000251 -0.027892 -0.000499 0.002296 -0.000162 0.133113 0.001747 0.001955 0.217337 -0.006319 0.044055 -0.000368 -9999.0 -9999.0 -9999.0 -0.000958 -9999.0 -9999.0 -9999.0 -9999.0 -9999.0 -9999.0 -9999.0 -9999.0 -9999.0 -9999.0 -9999.0 -9999.0 -9999.0 -9999.0 -9999.0 -9999.0 -9999.0 -9999.0 -9999.0 -9999.0
-9999.0 -9999.0 -9999.0 -9999.0 -9999.0 -9999.0 -9999.0 -9999.0 -9999.0 -9999.0 -9999.0 1.188230 3.814249 5.479923 5.206085 2.147441 6.543859 4.628635 7.887733 5.957548 4.652222 1.928437 0.565233 -2.144728 -3.087950 -0.000156 -0.000202 -0.000180 0.496262 0.002018 -0.000274 -0.000269 -0.018772 -0.057808 -0.031836 -0.000302 0.123510 0.631942 0.261625 0.012001 0.043391 -0.000564 -0.004630 0.055762 -9999.0 -9999.0 -9999.0 -0.061105 -0.063789 -0.000644 -0.061871 -0.001089 -0.000879 -0.081053 -0.098181 -0.000790 -9999.0 -9999.0 -9999.0 -9999.0 -9999.0 -9999.0 -9999.0
-9999.0 -9999.0 -9999.0 -9999.0 -9999.0 -9999.0 -9999.0 -9999.0 -9999.0 -9999.0 -9999.0 1.080802 1.189956 0.459763 3.185248 2.778622 1.385295 3.669516 7.067117 5.985795 2.072757 -0.003906 -0.116620 0.133462 -0.000137 0.296863 -2.353436 -2.741545 0.250895 -0.025190 0.119736 -3.214859 -0.000139 -0.033950 0.041367 -0.000211 -2.396935 -2.092313 0.750436 0.148671 -0.002327 -0.010210 -0.005387 -0.000231 -0.051279 -9999.0 -0.001482 -0.073830 -0.030051 -0.000238 0.064915 0.490386 -0.000124 -0.007017 -0.029009 -0.047811 -9999.0 -9999.0 -9999.0 -9999.0 -9999.0 -9999.0 -9999.0
-9999.0 -9999.0 -9999.0 -9999.0 -9999.0 -9999.0 -9999.0 -9999.0 -9999.0 -9999.0 -9999.0 -9999.0 1.198492 -0.029024 2.023242 2.326975 0.411882 2.722151 7.237493 5.868351 2.036172 0.213943 -0.061721 -0.121051 -2.178085 -1.036128 0.376029 0.075931 -0.008509 0.065020 -0.000238 -3.022586 0.080578 -0.014084 -0.036740 -0.000304 -1.546219 -1.957040 2.029037 0.540658 0.685051 0.528370 -0.607350 0.182316 0.095961 -0.050454 -0.000908 -0.042919 -3.914976 -0.912661 -0.034507 -2.888612 -2.967276 -3.518394 -4.094466 -0.023784 -0.037609 -9999.0 -9999.0 -9999.0 -9999.0 -9999.0 -9999.0
-9999.0 -9999.0 -9999.0 -9999.0 -9999.0 -9999.0 -9999.0 -9999.0 -9999.0 -9999.0 -9999.0 -1.087747 0.591116 1.513724 -0.047710 -0.004507 0.923637 2.033626 6.696871 4.032241 2.348803 0.389629 -0.023037 -0.461233 -0.451026 -1.742381 -0.669645 -0.002660 -0.005845 0.349684 -2.454000 -2.199598 0.180987 -0.039266 -0.037389 -0.030503 -0.000126 -0.079157 -0.005301 1.233795 -0.052267 -0.013951 -0.086545 -0.023071 0.547977 -0.000399 -0.014487 0.354801 0.530060 -0.019573 -2.488719 -0.000396 -4.365485 -4.572768 -5.254429 -5.557658 -0.000596 -9999.0 -9999.0 -9999.0 -9999.0 -9999.0 -9999.0
-9999.0 -9999.0 -9999.0 -9999.0 -9999.0 -9999.0 -9999.0 -9999.0 -9999.0 -9999.0 0.500621 -0.702084 0.594054 0.640906 1.147402 -0.003366 -0.006188 -0.007146 3.201155 3.679382 3.843476 2.785881 -0.555473 0.807434 -0.033092 -1.390939 -2.302525 -3.462367 0.362293 0.467788 -1.637272 -1.719429 0.423471 -0.020914 -0.000825 0.123170 0.135506 -0.514942 -0.363636 0.266055 0.327017 1.366344 4.786222 0.632868 -0.024458 0.385603 0.098548 -0.858239 -0.558120 -0.015022 -4.455670 -0.000659 -5.636399 -6.051995 -6.582012 -0.005613 -0.030388 -9999.0 -9999.0 -9999.0 -9999.0 -9999.0 -9999.0
-9999.0 -9999.0 -9999.0 -9999.0 -9999.0 -9999.0 -9999.0 -9999.0 -9999.0 -0.000117 0.211741 -0.046316 -0.042185 -0.060129 -0.078240 -0.058612 -0.027763 2.434190 3.125054 3.749012 4.277880 0.511728 0.037216 0.395400 -0.002455 -1.319513 -1.828299 0.478101 -0.051970 -0.042736 -0.000160 -1.518094 0.221671 -0.001046 0.045063 0.111443 0.133325 -2.394918 -2.231931 -0.088827 -0.947004 -0.516063 -0.532463 1.310609 0.636223 -0.023863 1.011122 -0.067901 -0.066667 -0.002312 -2.098769 -0.000609 -6.214473 -0.004074 -0.002116 -3.929555 -3.765024 0.005305 -0.001169 -9999.0 -9999.0 -9999.0 -9999.0
-9999.0 -9999.0 -9999.0 -9999.0 -9999.0 -9999.0 -9999.0 -9999.0 -9999.0 0.052007 -0.000000 0.494536 1.323917 -0.012041 -0.031162 -0.062006 1.001982 0.457090 3.699554 5.559216 5.087797 4.721403 3.002233 1.560587 -0.926196 -0.881796 -0.081458 -0.016157 0.465859 1.635161 0.693840 -1.897945 -0.000190 -0.023974 -0.034439 0.100729 0.265668 0.517546 -0.000111 0.331541 -2.711247 -1.216731 -0.047394 0.683004 2.199267 1.922838 1.604538 0.363761 -0.013452 -0.003073 -2.775610 -4.463273 -0.492738 -2.086805 -2.674156 -4.873746 -3.014821 -3.214472 0.270437 -9999.0 -9999.0 -9999.0 -9999.0
-9999.0 -9999.0 -9999.0 -9999.0 -9999.0 -9999.0 -9999.0 -9999.0 -9999.0 -9999.0 -0.000243 0.164827 -0.039772 -0.613234 -0.008914 -0.026897 -0.012940 1.476525 4.494402 4.539274 5.108933 2.292012 -0.015953 -0.403419 -0.437901 -0.031203 0.090758 0.961689 0.676508 -1.456521 -1.801998 -2.580707 -2.773893 -0.012682 -0.017794 0.167603 0.495713 0.220860 0.280224 -0.000279 -0.000282 0.408497 0.850937 -0.023600 -0.011266 -0.007908 1.141941 3.316977 2.330830 -0.003396 -1.737102 -3.611503 -0.003003 -1.222946 -2.229295 -0.095086 -0.011242 -1.395703 -0.976377 -0.019526 -9999.0 -9999.0 -9999.0
-9999.0 -9999.0 -9999.0 -9999.0 -9999.0 -9999.0 -9999.0 -9999.0 -9999.0 -9999.0 -0.034755 0.097519 0.433808 -0.017951 2.478644 -0.007666 -0.010154 2.227935 4.918674 5.371023 3.024777 1.076638 -0.021008 -0.032144 -0.022588 0.545198 1.609032 -0.009935 -1.144270 -2.493020 -0.000183 -0.000230 -4.020597 -0.021748 -0.000187 0.209495 -1.293407 -0.096595 -2.196723 -0.004446 -0.000310 0.897875 -0.850980 0.431898 0.592957 -0.371073 -0.013922 -0.010915 2.426113 2.022306 -0.000274 -2.112355 -3.222286 -0.001436 -2.869592 -1.180282 -0.059151 -0.080989 0.792780 1.871633 -9999.0 -9999.0 -9999.0
-9999.0 -9999.0 -9999.0 -9999.0 -9999.0 -9999.0 -9999.0 -9999.0 -0.000097 -0.000281 -0.015467 -0.000211 -2.500907 -0.093365 -0.039388 1.284543 2.530243 5.596541 5.491593 5.812520 4.761123 3.626534 2.667355 0.828880 0.288645 1.614926 2.597074 -0.647292 -2.427334 -2.409116 -5.426664 -0.000224 -0.000225 -0.018158 -0.016866 0.022999 0.995816 -0.088797 -2.395590 0.123503 0.384737 0.189325 -2.431824 0.238894 0.633157 0.517225 -2.217019 -0.071324 -0.009017 2.164976 0.232541 -2.290028 -3.895776 -4.927049 -0.052277 -0.031203 0.083745 0.555289 0.501336 3.789566 -9999.0 -9999.0 -9999.0
-9999.0 -9999.0 -9999.0 -9999.0 -9999.0 -9999.0 -9999.0 -9999.0 -2.817458 -2.902448 -1.958880 -0.006495 0.056793 -1.926315 -0.781840 -0.008268 1.541967 2.133494 5.161332 6.330225 8.280137 7.485780 6.652527 5.704841 2.976375 2.958953 0.550873 -0.071019 -3.452038 -0.004548 -0.029665 0.234581 -0.000167 0.277656 0.113889 0.176614 2.034316 -0.000235 -0.067300 0.141134 -0.000196 -3.943802 0.308156 0.401939 0.149334 -2.245664 -2.896128 0.111128 -0.048039 1.203785 1.725922 -0.031237 -4.178405 -0.051272 -0.000062 -2.216947 -0.160403 -0.015097 2.419162 4.908659 6.237201 -9999.0 -9999.0
-9999.0 -9999.0 -9999.0 -9999.0 -9999.0 -9999.0 -9999.0 -9999.0 -0.000192 0.032072 -0.013243 -2.765014 -0.006184 -2.256257 -0.100973 -0.639421 0.034004 2.535584 5.092630 8.153364 6.794857 8.016618 7.838901 5.293003 5.721341 2.869776 0.098761 -1.095292 -4.470985 -0.000196 0.309270 0.184570 -2.410812 -2.626928 0.570029 1.315977 -0.010161 1.332684 -0.035141 -0.891038 0.129140 0.370024 0.135358 -0.000093 -2.493426 0.129312 0.103033 -0.000158 -1.840644 -0.012957 2.292550 0.116364 -2.653794 -3.998814 -1.370560 -0.074675 0.970409 2.286458 4.665056 5.207306 5.714545 -9999.0 -9999.0
-9999.0 -9999.0 -9999.0 -9999.0 -9999.0 -9999.0 -9999.0 -9999.0 -0.000829 0.119750 -2.174529 -4.169255 0.099991 -2.151258 -1.812890 0.033754 3.643047 4.894156 5.730856 5.369061 6.229884 6.618111 7.749834 7.009090 3.280283 0.686875 -0.035924 -1.849871 0.455005 -0.764754 -0.721553 -1.479716 -0.012981 -0.059570 -0.028921 0.933378 2.616465 3.715433 0.358004 -0.019685 0.491477 0.514036 0.503982 0.601629 0.090860 0.363037 0.374179 0.500013 -0.000085 -0.120890 -0.010178 1.922001 0.276058 -0.446570 0.575494 1.508311 3.041203 4.409255 5.390326 5.433213 4.370844 2.310969 -9999.0
-9999.0 -9999.0 -9999.0 -9999.0 -9999.0 -9999.0 -9999.0 -9999.0 -0.095128 -0.000188 -2.030686 -1.447698 -0.606974 -0.474492 1.763262 2.019874 3.874982 2.083681 0.422030 2.530985 4.421177 6.026781 6.240685 5.943456 4.840624 -0.006628 -0.956365 -0.022874 -0.007569 -0.030559 -0.459713 -0.002123 1.944936 1.011637 0.218384 0.951674 2.585879 5.704311 5.111935 1.861867 0.384932 0.201825 0.067968 -0.010874 -0.072865 0.764830 -0.036138 -0.406671 -0.039637 -0.000126 1.262910 1.350589 1.637126 1.565201 2.274922 2.641069 3.239680 4.032654 4.683504 4.600598 3.853629 1.691793 -9999.0
-9999.0 -9999.0 0.058799 0.120209 -3.268224 -2.344220 -2.894284 -3.970716 -0.013555 -0.004373 -2.692033 -0.690205 -0.119507 -0.004331 2.932387 1.499290 -0.014249 -1.086928 -0.055638 -0.007523 2.398117 5.119067 5.160693 5.828018 4.032725 1.680888 -0.008052 -0.007027 2.055119 2.724815 -0.014498 0.316863 4.610943 3.030344 3.669687 4.260974 6.628234 7.980350 6.879816 4.196585 4.226553 3.910687 3.835347 2.177221 -0.008649 -0.003480 1.364298 1.135926 2.077929 3.048664 4.139553 3.503325 2.910808 2.459571 2.399913 4.967937 3.027528 3.406966 3.055496 3.180042 3.417794 0.920818 -9999.0
-9999.0 -0.085630 -0.396136 -2.329378 -1.074660 -1.664413 -1.208030 -2.143465 -3.127028 -0.012035 -2.014113 -0.717268 -0.008616 2.293754 2.250156 -0.319856 -2.097521 -2.053524 -0.764819 -0.011571 2.079502 3.924265 5.230982 4.538386 6.316836 3.802192 4.429797 4.625376 4.418318 2.721159 2.881249 3.067233 4.678927 7.209522 7.306362 8.446510 10.162753 10.890058 10.254061 8.430429 7.820589 7.699423 6.916371 4.463360 3.164345 3.569106 4.109753 5.611028 6.167317 5.769368 4.347166 3.540019 2.802355 2.059334 1.994530 1.558196 0.562074 0.909386 1.327476 2.343355 0.222064 0.711836 -9999.0
-9999.0 0.774917 -0.037413 -0.051067 0.397149 -0.109927 -2.390347 -2.672929 -0.019839 -0.021174 -1.850072 -1.119400 -0.004040 2.301238 -0.103027 -3.336328 -1.969450 -1.977789 -0.636799 -0.015386 2.781262 1.629547 2.705513 2.578497 5.466825 6.632323 5.148965 5.748291 5.606368 6.092087 6.246587 6.008840 6.517988 7.503129 10.063404 10.554175 14.271389 15.335506 13.224045 12.140128 11.395321 10.395246 9.399215 7.760574 7.646093 7.508162 7.347689 7.028118 6.372639 5.475073 3.515885 1.678027 0.670770 1.244787 0.481361 -0.026627 -0.736431 -0.056501 -0.041147 -0.168213 -0.022758 -9999.0 -9999.0
