user2019/resources/simulation/Vinschgau/output-maps/TsL0007N0964.asc
ncols         63
nrows         48
xllcorner     598000.000000
yllcorner     5145000.000000
cellsize      1000.000000
NODATA_value  -9999.0
[rows 0 to 27 of 48, columns 0 to 62 of 63]
-9999.0 -9999.0 -9999.0 -9999.0 -9999.0 -9999.0 -9999.0 -9999.0 -9999.0 -9999.0 -9999.0 -9999.0 -9999.0 -9999.0 -9999.0 -9999.0 -9999.0 -9999.0 -9999.0 -9999.0 -9999.0 -9999.0 -9999.0 -9999.0 -9999.0 -9999.0 -9999.0 -9999.0 -9999.0 -9999.0 -9999.0 -9999.0 -9999.0 -9999.0 -9999.0 -9999.0 -9999.0 -9999.0 -9999.0 -9999.0 -9999.0 -9999.0 -9999.0 -9999.0 -9999.0 -9999.0 -9999.0 -9999.0 -9999.0 -9999.0 -9999.0 -9999.0 -9999.0 -9999.0 -9999.0 -9999.0 -9999.0 -9999.0 -9999.0 -9999.0 -9999.0 -9999.0 -9999.0
-9999.0 -9999.0 -9999.0 -9999.0 -9999.0 -9999.0 -9999.0 -9999.0 -9999.0 -9999.0 -9999.0 -9999.0 -9999.0 -9999.0 -9999.0 -9999.0 -9999.0 -9999.0 -9999.0 -9999.0 -9999.0 -9999.0 -9999.0 -9999.0 -9999.0 -9999.0 -9999.0 -4.676722 -3.699361 -3.825350 -3.946814 -4.700512 -5.312669 -9999.0 -9999.0 -9999.0 -9999.0 -9999.0 -9999.0 -9999.0 -9999.0 -9999.0 -9999.0 -9999.0 -9999.0 -9999.0 -9999.0 -9999.0 -9999.0 -9999.0 -9999.0 -9999.0 -9999.0 -9999.0 -9999.0 -9999.0 -9999.0 -9999.0 -9999.0 -9999.0 -9999.0 -9999.0 -9999.0
-9999.0 -9999.0 -9999.0 -9999.0 -9999.0 -9999.0 -9999.0 -9999.0 -9999.0 -9999.0 -9999.0 -9999.0 -9999.0 -9999.0 -9999.0 -9999.0 -9999.0 -9999.0 -9999.0 -9999.0 -9999.0 -9999.0 -9999.0 -9999.0 -3.765121 -3.646114 -3.691167 -3.543957 -3.665454 -3.952662 -4.253156 -9999.0 -9999.0 -9999.0 -9999.0 -9999.0 -9999.0 -9999.0 -9999.0 -9999.0 -9999.0 -9999.0 -9999.0 -9999.0 -9999.0 -9999.0 -9999.0 -9999.0 -9999.0 -9999.0 -9999.0 -9999.0 -9999.0 -9999.0 -9999.0 -9999.0 -9999.0 -9999.0 -9999.0 -9999.0 -9999.0 -9999.0 -9999.0
-9999.0 -9999.0 -9999.0 -9999.0 -9999.0 -9999.0 -9999.0 -9999.0 -9999.0 -9999.0 -9999.0 -9999.0 -9999.0 -9999.0 -9999.0 -9999.0 -9999.0 -9999.0 -9999.0 -9999.0 -9999.0 -9999.0 -9999.0 -3.442394 -1.412692 0.107286 0.696501 1.117760 -0.003688 -2.529192 -4.170509 -4.744518 -9999.0 -9999.0 -9999.0 -9999.0 -9999.0 -9999.0 -9999.0 -9999.0 -9999.0 -9999.0 -9999.0 -9999.0 -9999.0 -9999.0 -9999.0 -9999.0 -9999.0 -9999.0 -9999.0 -9999.0 -9999.0 -9999.0 -9999.0 -9999.0 -9999.0 -9999.0 -9999.0 -9999.0 -9999.0 -9999.0 -9999.0
-9999.0 -9999.0 -9999.0 -9999.0 -9999.0 -9999.0 -9999.0 -9999.0 -9999.0 -9999.0 -9999.0 -9999.0 -9999.0 -9999.0 -9999.0 -9999.0 -9999.0 -9999.0 -0.001209 -1.779072 -9999.0 -2.333600 -1.496356 -0.006885 0.312768 1.277222 -0.001597 -0.001056 -0.000265 -0.002509 -3.514337 -3.892206 -5.732388 -7.568599 -9999.0 -9999.0 -9999.0 -9999.0 -9999.0 -9999.0 -9999.0 -9999.0 -9999.0 -9999.0 -9999.0 -9999.0 -9999.0 -9999.0 -9999.0 -9999.0 -9999.0 -9999.0 -9999.0 -9999.0 -9999.0 -9999.0 -9999.0 -9999.0 -9999.0 -9999.0 -9999.0 -9999.0 -9999.0
-9999.0 -9999.0 -9999.0 -9999.0 -9999.0 -9999.0 -9999.0 -9999.0 -9999.0 -9999.0 -9999.0 -9999.0 -9999.0 -9999.0 -9999.0 -9999.0 -9999.0 4.174550 2.682626 1.226840 -2.170221 -0.002014 -0.002379 -0.002530 -0.001932 -0.002130 -0.005610 -0.001658 -0.002229 -0.001099 -1.809360 -3.443941 -3.960945 -4.573195 -6.370974 -7.447139 -9999.0 -9999.0 -9999.0 -9999.0 -9999.0 -9999.0 -9999.0 -9999.0 -9999.0 -9999.0 -9999.0 -9999.0 -9999.0 -9999.0 -9999.0 -9999.0 -9999.0 -9999.0 -9999.0 -9999.0 -9999.0 -9999.0 -9999.0 -9999.0 -9999.0 -9999.0 -9999.0
-9999.0 -9999.0 -9999.0 -9999.0 -9999.0 -9999.0 -9999.0 -9999.0 -9999.0 -9999.0 -9999.0 -9999.0 -9999.0 -0.945579 -0.001734 2.047425 3.682168 4.189318 3.767735 0.221852 -0.002587 -0.002796 0.377857 -0.000906 -0.001872 -1.507935 -2.132101 -0.745484 -0.960190 -0.001885 -1.848168 -3.284036 -3.502715 -4.854235 -5.131686 -7.705231 -9999.0 -9999.0 -9999.0 -9999.0 -9999.0 -9999.0 -9999.0 -9999.0 -9999.0 -9999.0 -9999.0 -9999.0 -9999.0 -9999.0 -9999.0 -9999.0 -9999.0 -9999.0 -9999.0 -9999.0 -9999.0 -9999.0 -9999.0 -9999.0 -9999.0 -9999.0 -9999.0
-9999.0 -9999.0 -9999.0 -9999.0 -9999.0 -9999.0 -9999.0 -9999.0 -9999.0 -9999.0 -9999.0 -9999.0 -9999.0 -0.008688 1.236537 2.900995 2.978053 3.182289 4.234831 1.533178 2.801909 0.860478 1.063639 -0.001914 -0.001805 -0.338480 -3.644418 -4.159798 -5.269647 -1.626321 -1.037951 -3.744995 -5.600276 -9.114188 -6.713045 -9999.0 -9999.0 -9999.0 -9999.0 -9999.0 -9999.0 -9999.0 -9999.0 -9999.0 -9999.0 -9999.0 -9999.0 -9999.0 -9999.0 -9999.0 -9999.0 -9999.0 -9999.0 -9999.0 -9999.0 -9999.0 -9999.0 -9999.0 -9999.0 -9999.0 -9999.0 -9999.0 -9999.0
-9999.0 -9999.0 -9999.0 -9999.0 -9999.0 -9999.0 -9999.0 -9999.0 -9999.0 -9999.0 -9999.0 -9999.0 -9999.0 0.812815 0.798093 1.947790 2.422103 3.238646 4.440804 3.676145 1.227046 -0.008079 -0.002126 -0.002115 -0.001504 -0.001426 -3.130879 -5.538594 -4.752539 -8.063196 -4.263266 -9.731431 -10.099782 -12.467052 -8.069869 -9999.0 -9999.0 -9999.0 -9999.0 -9999.0 -9999.0 -9999.0 -9999.0 -9999.0 -9999.0 -9999.0 -9999.0 -9999.0 -9999.0 -9999.0 -9999.0 -9999.0 -9999.0 -9999.0 -9999.0 -9999.0 -9999.0 -9999.0 -9999.0 -9999.0 -9999.0 -9999.0 -9999.0
-9999.0 -9999.0 -9999.0 -9999.0 -9999.0 -9999.0 -9999.0 -9999.0 -9999.0 -9999.0 -9999.0 -9999.0 -0.003504 -0.000072 1.432343 -0.001370 0.706629 2.691339 3.710509 2.439501 -0.002564 -0.002124 -0.756953 -0.355789 -0.910208 -3.359202 -3.313690 -4.395023 -3.619980 -5.813553 -9.669347 -5.987982 -4.826481 -8.380383 -9999.0 -9999.0 -9999.0 -9999.0 -9999.0 -9999.0 -9999.0 -9999.0 -9999.0 -9999.0 -9999.0 -9999.0 -9999.0 -9999.0 -9999.0 -9999.0 -9999.0 -9999.0 -9999.0 -9999.0 -9999.0 -9999.0 -9999.0 -9999.0 -9999.0 -9999.0 -9999.0 -9999.0 -9999.0
-9999.0 -9999.0 -9999.0 -9999.0 -9999.0 -9999.0 -9999.0 -9999.0 -9999.0 -9999.0 -9999.0 -0.432810 0.713402 0.689828 0.723966 -0.000482 1.262626 2.703292 3.662650 1.737796 1.352316 -0.001191 -1.656068 -3.452771 -1.207519 -3.763506 -4.684685 -3.511329 -4.380556 -7.312688 -6.180968 -3.575351 -5.156117 -6.953430 -6.301659 -4.918901 -4.518741 -3.687458 -4.215791 -9999.0 -9999.0 -9999.0 -7.088437 -9999.0 -9999.0 -9999.0 -9999.0 -9999.0 -9999.0 -9999.0 -9999.0 -9999.0 -9999.0 -9999.0 -9999.0 -9999.0 -9999.0 -9999.0 -9999.0 -9999.0 -9999.0 -9999.0 -9999.0
-9999.0 -9999.0 -9999.0 -9999.0 -9999.0 -9999.0 -9999.0 -9999.0 -9999.0 -9999.0 -9999.0 -1.101775 1.033500 2.301105 2.196655 -0.730447 3.826940 3.557762 3.798212 2.495508 1.259370 -0.084171 -1.747747 -2.800834 -1.941063 -3.446340 -3.802140 -3.642658 -3.547855 -6.963972 -3.528139 -3.677732 -4.780159 -5.504009 -6.162588 -3.548595 -3.613774 -2.330555 -3.770480 -6.667543 -6.618112 -7.067259 -3.765485 -5.717418 -9999.0 -9999.0 -9999.0 -7.691055 -6.450822 -6.207867 -5.521096 -7.205799 -7.428206 -7.248283 -6.894186 -7.870337 -9999.0 -9999.0 -9999.0 -9999.0 -9999.0 -9999.0 -9999.0
-9999.0 -9999.0 -9999.0 -9999.0 -9999.0 -9999.0 -9999.0 -9999.0 -9999.0 -9999.0 -9999.0 -1.327508 -1.141601 -0.405080 -0.002436 -0.063531 -0.000845 2.941334 2.977303 2.508050 1.439751 -0.002177 -1.661013 -3.456593 -3.473027 -4.498154 -1.871337 -3.643993 -4.811067 -5.877890 -5.234109 -4.149132 -3.475458 -5.242405 -5.740023 -3.687429 -3.272141 -2.840229 -1.669715 -5.151555 -4.006936 -4.586197 -3.497472 -3.393080 -5.350935 -9999.0 -8.284411 -5.312838 -3.801813 -3.570372 -3.553163 -3.331600 -3.344443 -3.999258 -4.152322 -5.065291 -9999.0 -9999.0 -9999.0 -9999.0 -9999.0 -9999.0 -9999.0
-9999.0 -9999.0 -9999.0 -9999.0 -9999.0 -9999.0 -9999.0 -9999.0 -9999.0 -9999.0 -9999.0 -9999.0 -1.027161 -0.008165 -0.186122 -0.129890 -0.002142 2.118064 3.393842 2.528318 1.268204 -0.002339 -0.182807 -1.145122 -3.197211 -2.011368 -2.297982 -3.450701 -4.067553 -5.645320 -3.775348 -3.921935 -3.578759 -4.325174 -4.885020 -3.550830 -1.841972 -2.456216 -0.049630 -2.827708 -2.087823 -3.244338 -2.650972 -1.937278 -5.283017 -5.562131 -6.638762 -5.184270 -3.151697 -1.293790 -0.005084 -3.767690 -1.566119 -4.441542 -3.487942 -3.947755 -4.978191 -9999.0 -9999.0 -9999.0 -9999.0 -9999.0 -9999.0
-9999.0 -9999.0 -9999.0 -9999.0 -9999.0 -9999.0 -9999.0 -9999.0 -9999.0 -9999.0 -9999.0 -0.502101 -2.503402 -0.995108 -0.519637 -0.001101 -0.000846 1.251309 2.840301 3.406639 1.678358 -0.002092 -0.001083 -1.940172 -1.849561 -1.002477 -0.462090 -4.309487 -4.512857 -4.155877 -1.983540 -3.068018 -3.216919 -4.184007 -6.196998 -3.568899 -3.453928 -1.225989 -0.008004 -0.947051 -1.238388 -0.017960 -1.322576 -1.260688 -1.334583 -4.141708 -3.949569 -4.028101 -3.186374 -0.126575 -4.107461 -4.060083 -6.423632 -7.214614 -8.138664 -9.072802 -5.834986 -9999.0 -9999.0 -9999.0 -9999.0 -9999.0 -9999.0
-9999.0 -9999.0 -9999.0 -9999.0 -9999.0 -9999.0 -9999.0 -9999.0 -9999.0 -9999.0 -1.786600 -0.560214 -1.882686 -1.829135 -0.272329 -0.471420 -0.489547 -0.002180 2.794550 3.027472 1.094078 -0.000192 -0.684603 -0.425597 -0.001081 -0.928047 -2.538721 -5.091657 -3.669757 -2.075782 -2.511510 -2.596429 -2.342591 -4.196123 -7.892551 -5.203908 -3.634648 -1.516757 -0.077019 -0.001684 -0.001780 0.173150 1.051365 0.422619 -0.002497 -3.986327 -3.492246 -1.005287 -1.562155 -0.001009 -6.376400 -6.423670 -8.616194 -9.891946 -9.425325 -4.232919 -4.043787 -9999.0 -9999.0 -9999.0 -9999.0 -9999.0 -9999.0
-9999.0 -9999.0 -9999.0 -9999.0 -9999.0 -9999.0 -9999.0 -9999.0 -9999.0 -3.603275 -1.672072 -2.713495 -1.162344 -1.000844 -0.505474 -0.249626 -0.006628 -0.000390 2.548237 3.360589 1.412680 -0.003462 -0.001983 -0.001702 -0.001042 -1.592088 -3.387046 -2.008077 -1.247258 -0.001131 -0.000915 -1.787558 -4.934388 -9.219690 -6.803094 -5.277126 -3.762633 -2.065422 -1.701239 -0.535131 -0.180257 -0.129808 -0.571586 1.162294 0.464158 -0.164001 -0.181432 -1.405606 -1.378894 -0.001032 -2.469089 -5.907609 -10.778046 -8.777578 -7.110368 -6.465052 -5.537437 -5.441785 -6.720154 -9999.0 -9999.0 -9999.0 -9999.0
-9999.0 -9999.0 -9999.0 -9999.0 -9999.0 -9999.0 -9999.0 -9999.0 -9999.0 -5.002607 -3.391340 -2.031023 -0.196713 -0.001167 -0.342637 -1.122538 -0.253285 -0.001011 3.187966 2.324036 1.968679 1.212835 -0.000181 -0.000401 -1.205203 -2.241062 -0.501629 -0.001113 -0.001046 -0.001507 -0.134466 -2.168959 -3.500998 -5.161971 -3.949169 -5.284108 -4.749682 -3.518410 -3.465326 -1.631038 -0.572909 -2.507300 -0.406119 -0.001111 1.743866 0.899892 0.569520 -0.002339 -0.003293 -0.000982 -3.033876 -6.146470 -8.369848 -7.313369 -5.907449 -7.489738 -5.368882 -4.566906 -4.424561 -9999.0 -9999.0 -9999.0 -9999.0
-9999.0 -9999.0 -9999.0 -9999.0 -9999.0 -9999.0 -9999.0 -9999.0 -9999.0 -9999.0 -3.931534 -3.422950 -0.015880 -0.010630 -0.002151 -0.007661 -0.001068 0.380672 4.084494 2.912159 2.047415 1.818918 -0.001767 -0.238354 -1.891609 -0.001599 -0.001118 -0.000757 -0.162568 -1.722655 -2.074151 -3.474716 -4.499167 -4.600223 -3.577613 -3.251650 -1.990425 -1.496769 -4.725409 -3.614634 -4.066389 -1.860301 -0.503446 -0.146501 -0.001353 -0.001742 0.628185 0.663777 1.226306 -0.001983 -1.985282 -5.021612 -7.219631 -8.154041 -7.466523 -5.365809 -3.211238 -2.214987 -2.027540 -0.001203 -9999.0 -9999.0 -9999.0
-9999.0 -9999.0 -9999.0 -9999.0 -9999.0 -9999.0 -9999.0 -9999.0 -9999.0 -9999.0 -4.147852 -3.561009 -2.190466 -0.057938 -0.000232 -0.002828 -0.002448 1.665191 4.457399 4.040737 2.708881 0.451411 -0.002309 -0.354869 -0.001849 -0.001023 0.561934 -0.001923 -1.411862 -4.184793 -3.695765 -3.149791 -5.696265 -5.335620 -3.595119 -1.340800 -2.148026 -0.624511 -2.628857 -4.462920 -3.346348 -2.985349 -1.204119 -2.932264 -0.557459 -0.356744 -0.000822 -0.001372 2.009538 0.937004 -0.013325 -2.672955 -4.813457 -6.736633 -8.805237 -7.986084 -5.446369 -1.478417 1.015504 0.804830 -9999.0 -9999.0 -9999.0
-9999.0 -9999.0 -9999.0 -9999.0 -9999.0 -9999.0 -9999.0 -9999.0 -3.687438 -3.816170 -4.698213 -3.479836 -3.370681 -0.965347 -0.057948 0.982840 2.043947 2.116149 3.633608 4.519485 4.483314 3.222262 2.028494 -0.003833 -0.001648 1.389115 -0.000581 -0.929470 -2.270563 -4.149512 -8.521950 -3.617080 -3.571391 -5.037523 -3.833950 -3.318442 -0.326085 -0.232101 -2.675833 -5.307258 -4.058313 -3.010875 -4.135023 -4.926565 -3.066734 -1.919841 -2.489031 -0.433103 -0.001439 1.145637 -0.002141 -0.831794 -5.733770 -6.595373 -7.532445 -4.628220 -5.143586 -1.259036 -0.001521 3.122488 -9999.0 -9999.0 -9999.0
-9999.0 -9999.0 -9999.0 -9999.0 -9999.0 -9999.0 -9999.0 -9999.0 -3.694532 -1.817568 -3.575214 -4.551430 -3.302950 -2.767560 -1.055057 -0.001767 0.966976 1.648446 4.901253 5.063641 4.474014 3.499611 2.244395 1.028067 2.448558 2.417974 0.342690 -0.476832 -5.785475 -4.381890 -5.152958 -4.854016 -4.025600 -4.663794 -3.529607 -2.450432 -0.404784 -0.224303 -0.806293 -3.501945 -3.735802 -7.185481 -4.512225 -3.404442 -2.611448 -1.455591 -4.522023 -3.302554 -0.425195 1.076761 0.729882 -0.369606 -5.443003 -5.247067 -3.267642 -3.600939 -1.631233 -0.039142 1.449911 3.864385 5.049615 -9999.0 -9999.0
-9999.0 -9999.0 -9999.0 -9999.0 -9999.0 -9999.0 -9999.0 -9999.0 -3.599201 -3.231919 -2.632554 -4.390588 -4.158670 -3.858633 -1.375590 -0.915313 -0.003132 0.946239 4.797259 4.550389 5.535013 4.315869 3.827704 3.694834 2.513929 2.254844 -0.001593 -1.362614 -5.449805 -3.571999 -4.307376 -2.355847 -2.734595 -2.307381 -1.650061 -1.549561 -0.022829 1.139300 -0.004858 -1.106019 -3.642351 -4.154545 -3.512870 -3.392749 -2.088404 -3.561194 -5.262844 -3.521876 -2.928094 -0.001248 2.038546 -0.002052 -4.604775 -5.301514 -2.563266 -1.135109 -0.000454 1.342474 3.491575 4.099865 4.495055 -9999.0 -9999.0
-9999.0 -9999.0 -9999.0 -9999.0 -9999.0 -9999.0 -9999.0 -9999.0 -6.191967 -3.419159 -0.979057 -5.980474 -3.521441 -2.107970 -0.361830 -0.001784 3.353613 4.579055 2.780028 5.109683 4.934667 5.343350 4.362310 3.883060 2.894900 0.428873 -0.001873 -2.121164 -2.116819 -0.961846 -1.378299 -0.904899 -0.027052 -0.529435 -0.727455 -0.990058 -0.001015 2.998839 0.095711 -0.074931 -2.207063 -2.037657 -2.767153 -3.106776 -3.583048 -4.072562 -3.330498 -3.394923 -3.351713 -1.608147 -0.001667 1.625836 -0.001912 -0.990888 -0.000585 0.572146 2.118317 3.714349 4.669684 4.266721 3.353560 1.898427 -9999.0
-9999.0 -9999.0 -9999.0 -9999.0 -9999.0 -9999.0 -9999.0 -9999.0 -6.100103 -3.327774 -2.800632 -1.693495 -0.508253 -0.136954 -0.000343 0.966377 1.298127 1.711976 0.176677 2.048760 4.100037 4.667962 4.974501 4.668612 1.684607 -0.002916 -1.225892 -0.001888 -0.001109 -0.008244 -0.336267 -0.000859 0.904248 -0.000621 -0.001650 -0.001659 1.151202 5.155422 4.667547 0.777883 -0.001543 -0.008828 -0.057138 -0.025459 -1.513429 -1.400971 -0.562484 -0.648536 -0.690601 -0.001885 0.261343 1.022421 1.377137 0.658575 1.232353 1.524321 2.273378 3.064921 3.669859 3.327974 3.204056 1.326080 -9999.0
-9999.0 -9999.0 -3.569105 -3.526193 -4.150833 -2.417982 -3.789562 -3.317470 -4.426647 -3.507677 -1.779805 -0.025140 -0.122547 -0.002354 0.039618 0.520580 -0.001309 -1.341830 -0.461239 -0.001906 1.933839 4.621397 3.762496 5.595737 2.714318 1.210619 -0.002899 -0.002519 1.423598 -0.000263 -0.001958 -0.001874 1.949640 2.249650 2.335125 3.652018 4.614172 7.498971 6.509569 3.723321 2.345208 2.344226 2.902791 1.118280 -0.001347 -0.001740 0.324476 0.893212 1.113508 2.077708 2.756452 2.549837 1.985447 1.538564 1.467818 2.125858 2.076404 2.455179 2.069539 2.523530 0.787899 0.588280 -9999.0
-9999.0 -0.917649 -1.339142 -1.632906 -2.270101 -1.298938 -3.784095 -3.759450 -4.749933 -4.551872 -2.849313 -0.973613 -0.000627 -0.002593 -0.000161 -0.371706 -1.860197 -2.737137 -0.785678 -0.001977 1.649174 3.309465 2.227204 3.695003 3.075032 2.386724 1.305824 1.595507 2.633489 1.608633 1.409608 1.434081 2.891638 4.084472 5.154016 6.315219 8.104101 10.532663 7.948040 6.431929 5.668703 5.491389 4.772636 3.924164 2.663180 2.956578 2.834001 5.137472 4.285913 5.004028 3.328015 2.581284 1.841387 1.104013 1.041667 0.605922 0.365669 0.703520 0.306431 -0.000825 -0.001088 0.382270 -9999.0
-9999.0 -0.580278 -1.023586 -0.152398 -0.005503 -1.287991 -2.654845 -4.277049 -4.737962 -4.861529 -3.393237 -1.361066 -0.001796 -0.000155 -0.094301 -4.231216 -3.569976 -3.062996 -0.490861 -0.003460 -0.000760 1.252491 2.100444 1.412964 2.447860 3.264789 4.930497 4.550886 3.967479 5.696813 5.969709 5.692818 4.620447 5.496348 6.490699 8.348764 10.312879 11.378207 10.735618 10.014113 9.019667 8.026229 7.019275 7.409249 7.426038 7.225057 5.477543 5.272673 4.759421 4.093825 2.508237 1.347136 0.461385 1.116315 0.353378 -0.001745 -0.175847 -0.002186 -0.001696 -0.002308 -0.001218 -9999.0 -9999.0
