user2019/resources/simulation/Vinschgau/output-maps/TsL0004N1150.asc
ncols         63
nrows         48
xllcorner     598000.000000
yllcorner     5145000.000000
cellsize      1000.000000
NODATA_value  -9999.0
[rows 0 to 27 of 48, columns 0 to 62 of 63]
-9999.0 -9999.0 -9999.0 -9999.0 -9999.0 -9999.0 -9999.0 -9999.0 -9999.0 -9999.0 -9999.0 -9999.0 -9999.0 -9999.0 -9999.0 -9999.0 -9999.0 -9999.0 -9999.0 -9999.0 -9999.0 -9999.0 -9999.0 -9999.0 -9999.0 -9999.0 -9999.0 -9999.0 -9999.0 -9999.0 -9999.0 -9999.0 -9999.0 -9999.0 -9999.0 -9999.0 -9999.0 -9999.0 -9999.0 -9999.0 -9999.0 -9999.0 -9999.0 -9999.0 -9999.0 -9999.0 -9999.0 -9999.0 -9999.0 -9999.0 -9999.0 -9999.0 -9999.0 -9999.0 -9999.0 -9999.0 -9999.0 -9999.0 -9999.0 -9999.0 -9999.0 -9999.0 -9999.0
-9999.0 -9999.0 -9999.0 -9999.0 -9999.0 -9999.0 -9999.0 -9999.0 -9999.0 -9999.0 -9999.0 -9999.0 -9999.0 -9999.0 -9999.0 -9999.0 -9999.0 -9999.0 -9999.0 -9999.0 -9999.0 -9999.0 -9999.0 -9999.0 -9999.0 -9999.0 -9999.0 0.125995 -0.000379 2.485776 -0.046986 -0.019133 -0.265529 -9999.0 -9999.0 -9999.0 -9999.0 -9999.0 -9999.0 -9999.0 -9999.0 -9999.0 -9999.0 -9999.0 -9999.0 -9999.0 -9999.0 -9999.0 -9999.0 -9999.0 -9999.0 -9999.0 -9999.0 -9999.0 -9999.0 -9999.0 -9999.0 -9999.0 -9999.0 -9999.0 -9999.0 -9999.0 -9999.0
-9999.0 -9999.0 -9999.0 -9999.0 -9999.0 -9999.0 -9999.0 -9999.0 -9999.0 -9999.0 -9999.0 -9999.0 -9999.0 -9999.0 -9999.0 -9999.0 -9999.0 -9999.0 -9999.0 -9999.0 -9999.0 -9999.0 -9999.0 -9999.0 -0.000074 0.140237 0.725302 -0.000108 0.143636 -0.002649 -0.013886 -9999.0 -9999.0 -9999.0 -9999.0 -9999.0 -9999.0 -9999.0 -9999.0 -9999.0 -9999.0 -9999.0 -9999.0 -9999.0 -9999.0 -9999.0 -9999.0 -9999.0 -9999.0 -9999.0 -9999.0 -9999.0 -9999.0 -9999.0 -9999.0 -9999.0 -9999.0 -9999.0 -9999.0 -9999.0 -9999.0 -9999.0 -9999.0
-9999.0 -9999.0 -9999.0 -9999.0 -9999.0 -9999.0 -9999.0 -9999.0 -9999.0 -9999.0 -9999.0 -9999.0 -9999.0 -9999.0 -9999.0 -9999.0 -9999.0 -9999.0 -9999.0 -9999.0 -9999.0 -9999.0 -9999.0 0.313845 2.640691 3.985899 4.471139 4.762185 3.570841 1.252745 -0.004733 -0.023800 -9999.0 -9999.0 -9999.0 -9999.0 -9999.0 -9999.0 -9999.0 -9999.0 -9999.0 -9999.0 -9999.0 -9999.0 -9999.0 -9999.0 -9999.0 -9999.0 -9999.0 -9999.0 -9999.0 -9999.0 -9999.0 -9999.0 -9999.0 -9999.0 -9999.0 -9999.0 -9999.0 -9999.0 -9999.0 -9999.0 -9999.0
-9999.0 -9999.0 -9999.0 -9999.0 -9999.0 -9999.0 -9999.0 -9999.0 -9999.0 -9999.0 -9999.0 -9999.0 -9999.0 -9999.0 -9999.0 -9999.0 -9999.0 -9999.0 8.338773 2.422759 -9999.0 1.165863 2.688668 3.999433 3.772127 5.044240 5.475869 5.591340 2.712364 -0.003231 0.010145 -0.004812 -0.009779 -0.007002 -9999.0 -9999.0 -9999.0 -9999.0 -9999.0 -9999.0 -9999.0 -9999.0 -9999.0 -9999.0 -9999.0 -9999.0 -9999.0 -9999.0 -9999.0 -9999.0 -9999.0 -9999.0 -9999.0 -9999.0 -9999.0 -9999.0 -9999.0 -9999.0 -9999.0 -9999.0 -9999.0 -9999.0 -9999.0
-9999.0 -9999.0 -9999.0 -9999.0 -9999.0 -9999.0 -9999.0 -9999.0 -9999.0 -9999.0 -9999.0 -9999.0 -9999.0 -9999.0 -9999.0 -9999.0 -9999.0 5.653794 4.283382 5.077888 6.931651 -0.002262 0.389726 2.920152 6.061997 -0.007824 -0.063251 -0.003410 -0.044933 2.296588 3.196646 0.175608 3.246183 -0.000911 -0.025172 -0.010501 -9999.0 -9999.0 -9999.0 -9999.0 -9999.0 -9999.0 -9999.0 -9999.0 -9999.0 -9999.0 -9999.0 -9999.0 -9999.0 -9999.0 -9999.0 -9999.0 -9999.0 -9999.0 -9999.0 -9999.0 -9999.0 -9999.0 -9999.0 -9999.0 -9999.0 -9999.0 -9999.0
-9999.0 -9999.0 -9999.0 -9999.0 -9999.0 -9999.0 -9999.0 -9999.0 -9999.0 -9999.0 -9999.0 -9999.0 -9999.0 5.948463 3.012615 3.944640 5.343184 14.918424 5.380189 4.710122 4.245345 3.237794 4.733090 6.074092 -0.011699 2.474414 -0.070390 -0.304051 -0.027662 -0.012393 -0.254078 1.455934 -0.000407 -0.014100 -0.001322 -0.016608 -9999.0 -9999.0 -9999.0 -9999.0 -9999.0 -9999.0 -9999.0 -9999.0 -9999.0 -9999.0 -9999.0 -9999.0 -9999.0 -9999.0 -9999.0 -9999.0 -9999.0 -9999.0 -9999.0 -9999.0 -9999.0 -9999.0 -9999.0 -9999.0 -9999.0 -9999.0 -9999.0
-9999.0 -9999.0 -9999.0 -9999.0 -9999.0 -9999.0 -9999.0 -9999.0 -9999.0 -9999.0 -9999.0 -9999.0 -9999.0 7.742952 5.704132 4.692018 4.565606 13.783784 14.972124 6.455973 4.546140 9.105125 3.027135 1.424083 2.223396 -0.001144 -0.000115 1.811592 -0.001316 -0.200868 -0.649982 -0.000522 -0.002380 -3.356800 -0.024727 -9999.0 -9999.0 -9999.0 -9999.0 -9999.0 -9999.0 -9999.0 -9999.0 -9999.0 -9999.0 -9999.0 -9999.0 -9999.0 -9999.0 -9999.0 -9999.0 -9999.0 -9999.0 -9999.0 -9999.0 -9999.0 -9999.0 -9999.0 -9999.0 -9999.0 -9999.0 -9999.0 -9999.0
-9999.0 -9999.0 -9999.0 -9999.0 -9999.0 -9999.0 -9999.0 -9999.0 -9999.0 -9999.0 -9999.0 -9999.0 -9999.0 5.847724 6.346250 6.946128 4.368125 5.050403 15.584638 5.387676 10.933404 3.795316 -0.008191 -0.021542 2.173706 0.920838 3.740419 -0.002337 -0.018438 -2.614093 -0.005849 -3.822392 -3.563660 -7.095605 -0.005474 -9999.0 -9999.0 -9999.0 -9999.0 -9999.0 -9999.0 -9999.0 -9999.0 -9999.0 -9999.0 -9999.0 -9999.0 -9999.0 -9999.0 -9999.0 -9999.0 -9999.0 -9999.0 -9999.0 -9999.0 -9999.0 -9999.0 -9999.0 -9999.0 -9999.0 -9999.0 -9999.0 -9999.0
-9999.0 -9999.0 -9999.0 -9999.0 -9999.0 -9999.0 -9999.0 -9999.0 -9999.0 -9999.0 -9999.0 -9999.0 4.586967 5.889264 6.627428 4.244386 2.896407 4.641007 15.000312 6.877189 4.253837 -0.009435 -0.014456 -0.019345 -0.292856 -0.000321 -1.258886 -0.004515 -0.084896 -0.004023 -3.448205 -0.022988 -0.043096 -0.008805 -9999.0 -9999.0 -9999.0 -9999.0 -9999.0 -9999.0 -9999.0 -9999.0 -9999.0 -9999.0 -9999.0 -9999.0 -9999.0 -9999.0 -9999.0 -9999.0 -9999.0 -9999.0 -9999.0 -9999.0 -9999.0 -9999.0 -9999.0 -9999.0 -9999.0 -9999.0 -9999.0 -9999.0 -9999.0
-9999.0 -9999.0 -9999.0 -9999.0 -9999.0 -9999.0 -9999.0 -9999.0 -9999.0 -9999.0 -9999.0 5.810999 5.557989 3.088250 6.144298 9.707329 6.308011 4.938528 13.852330 8.352825 3.333602 3.029108 2.552845 -0.000089 -0.068915 -0.000333 -0.012881 -0.000565 -0.030561 -0.024949 -0.019355 -0.000386 -0.001285 -0.016525 -0.020464 -0.000922 -0.007686 -0.003506 -0.002900 -9999.0 -9999.0 -9999.0 -0.007736 -9999.0 -9999.0 -9999.0 -9999.0 -9999.0 -9999.0 -9999.0 -9999.0 -9999.0 -9999.0 -9999.0 -9999.0 -9999.0 -9999.0 -9999.0 -9999.0 -9999.0 -9999.0 -9999.0 -9999.0
-9999.0 -9999.0 -9999.0 -9999.0 -9999.0 -9999.0 -9999.0 -9999.0 -9999.0 -9999.0 -9999.0 4.943881 5.500971 7.318986 7.039321 8.795123 8.613342 5.553963 14.735174 10.273200 10.225292 6.288529 2.323861 -0.575749 -1.904684 -0.000442 -0.000492 -0.000435 2.710531 -0.024504 -0.000606 -0.000587 -0.019344 -0.142806 -0.040132 -0.000702 0.008642 2.041059 0.009489 -0.019871 -0.012193 -0.005746 -0.006259 -0.004074 -9999.0 -9999.0 -9999.0 -0.169784 -0.195638 -0.028711 -0.180616 -0.128082 -0.121316 -0.299639 -0.312764 -0.135561 -9999.0 -9999.0 -9999.0 -9999.0 -9999.0 -9999.0 -9999.0
-9999.0 -9999.0 -9999.0 -9999.0 -9999.0 -9999.0 -9999.0 -9999.0 -9999.0 -9999.0 -9999.0 4.612599 5.674546 1.568265 9.225825 9.983065 3.313561 4.479628 12.465791 10.294586 2.637533 -0.004381 -0.150043 -0.000109 -0.000413 0.959113 -0.373936 -1.620136 -0.000693 -0.027076 -0.001407 -2.012697 -0.000358 -0.043221 -0.005312 -0.000505 -1.210872 -0.691886 3.392261 -0.002159 -0.002617 -0.013173 -0.006917 -0.000521 -0.119911 -9999.0 -0.004110 -0.206847 -0.034527 -0.000503 -0.000118 2.912548 -0.000465 -0.009344 -0.031280 -0.101808 -9999.0 -9999.0 -9999.0 -9999.0 -9999.0 -9999.0 -9999.0
-9999.0 -9999.0 -9999.0 -9999.0 -9999.0 -9999.0 -9999.0 -9999.0 -9999.0 -9999.0 -9999.0 -9999.0 5.247759 -0.031210 7.529816 8.276129 1.190325 3.505194 13.591696 9.974652 2.643638 0.706213 -0.079163 -0.206049 -0.615959 -0.319921 0.762877 -0.000109 -0.013711 -0.003100 -0.000517 -1.794327 -0.000113 -0.013717 -0.044226 -0.000798 -0.844925 -0.514218 6.135164 0.711268 3.084998 3.627070 -0.322250 0.844423 -0.002103 -0.120851 -0.027850 -0.080530 -2.700292 -0.541850 -0.037967 -1.742190 -1.777008 -2.373766 -2.942922 -0.030918 -0.050471 -9999.0 -9999.0 -9999.0 -9999.0 -9999.0 -9999.0
-9999.0 -9999.0 -9999.0 -9999.0 -9999.0 -9999.0 -9999.0 -9999.0 -9999.0 -9999.0 -9999.0 -0.137944 2.515060 6.173060 -0.070929 -0.004711 2.470308 2.729039 12.968888 4.600553 2.960246 0.897407 -0.023189 -0.192074 -0.189189 -0.610979 -0.311645 -0.003609 -0.007104 1.767452 -0.437966 -1.014617 1.405107 -0.078614 -0.062981 -0.038651 -0.000533 -0.158799 -0.005453 5.512132 -0.086722 -0.014173 -0.177304 -0.036614 2.252043 -0.002148 -0.014342 1.836998 3.673760 -0.019479 -1.155048 -0.002135 -3.335021 -2.848621 -3.390530 -4.633895 -0.013840 -9999.0 -9999.0 -9999.0 -9999.0 -9999.0 -9999.0
-9999.0 -9999.0 -9999.0 -9999.0 -9999.0 -9999.0 -9999.0 -9999.0 -9999.0 -9999.0 2.356956 -0.302128 2.457162 3.000622 5.291446 -0.003917 -0.007036 -0.007376 3.813793 4.244924 7.435640 5.614360 -0.195770 3.572840 -0.035990 -0.446798 -0.536442 -2.047632 0.441232 1.748211 -0.536058 -0.636476 0.893172 -0.021754 -0.016376 -0.001466 0.159454 -0.240803 -0.214053 0.936321 1.104577 2.549185 8.931957 1.050068 -0.024546 1.692286 -0.000117 -0.152405 -0.127586 -0.015131 -3.281453 -0.048095 -3.739344 -4.474263 -4.290052 -0.006909 -0.035242 -9999.0 -9999.0 -9999.0 -9999.0 -9999.0 -9999.0
-9999.0 -9999.0 -9999.0 -9999.0 -9999.0 -9999.0 -9999.0 -9999.0 -9999.0 -0.000311 1.705153 -0.050227 -0.046137 -0.095293 -0.117561 -0.075746 -0.028065 7.065050 3.746459 4.326905 7.976476 1.132028 0.093058 1.509884 -0.002930 -0.792498 -0.591084 1.830151 -0.065040 -0.059962 -0.000337 -0.991303 -0.000753 -0.092428 -0.006595 -0.001555 0.410739 -0.499066 -0.350115 -0.165366 -0.666632 -0.151615 -0.155128 1.847089 1.074850 -0.023912 4.306131 -0.117496 -0.113328 -0.002355 -0.534636 -0.017601 -4.826147 -0.290487 -0.184444 -2.270791 -2.799466 -0.002237 -0.114298 -9999.0 -9999.0 -9999.0 -9999.0
-9999.0 -9999.0 -9999.0 -9999.0 -9999.0 -9999.0 -9999.0 -9999.0 -9999.0 -0.000115 -0.000254 2.134515 4.680771 -0.012113 -0.032130 -0.099509 4.434012 1.607737 4.319796 9.667603 9.013015 9.290774 5.907412 3.951993 -0.423026 -0.245196 -0.160492 -0.016266 1.355909 4.078815 2.549585 -1.358364 -0.000440 -0.025407 -0.058171 -0.001896 -0.000633 3.320580 -0.000357 1.693823 -1.543282 -0.328934 -0.065292 1.669140 2.684807 3.105481 2.747246 1.267752 -0.013510 -0.003303 -2.252838 -3.248410 -0.431077 -0.618038 -0.534636 -3.638094 -1.849407 -2.300541 -0.000445 -9999.0 -9999.0 -9999.0 -9999.0
-9999.0 -9999.0 -9999.0 -9999.0 -9999.0 -9999.0 -9999.0 -9999.0 -9999.0 -9999.0 -0.000531 1.307546 -0.044309 -0.271725 -0.009006 -0.027099 -0.013013 2.769053 5.117056 6.082247 8.892110 2.951648 -0.015973 -0.192781 -0.179847 -0.033043 0.118591 1.895505 2.523955 -0.930409 -1.251325 -1.455022 -1.540732 -0.014498 -0.018292 1.529218 1.735015 1.492713 -0.000578 -0.000643 -0.000606 1.361204 3.868250 -0.023658 -0.011288 -0.007929 1.716994 6.255609 3.724843 -0.003647 -1.204793 -2.697372 -0.270056 -0.455954 -0.618906 -0.318460 -0.028004 -0.418309 -0.302817 -0.019594 -9999.0 -9999.0 -9999.0
-9999.0 -9999.0 -9999.0 -9999.0 -9999.0 -9999.0 -9999.0 -9999.0 -9999.0 -9999.0 -0.063391 -0.000131 1.191211 -0.018114 4.956942 -0.007690 -0.010166 2.821045 5.493879 7.064228 3.673410 1.783727 -0.021099 -0.033169 -0.022662 1.472387 2.644941 -0.009964 -0.628527 -1.293353 -0.000494 -0.000509 -2.958446 -0.022726 -0.000487 2.134409 -0.379667 -0.188327 -0.558053 -0.005478 -0.000803 5.151758 -0.160478 1.292116 2.714919 -0.139036 -0.014004 -0.010938 2.971583 3.168154 -0.000540 -0.555632 -1.998197 -0.136771 -0.654998 -0.433792 -0.141321 -0.134560 1.115518 2.760330 -9999.0 -9999.0 -9999.0
-9999.0 -9999.0 -9999.0 -9999.0 -9999.0 -9999.0 -9999.0 -9999.0 -0.000295 -0.000623 -0.015878 -0.000507 -1.319101 -0.202848 -0.044157 1.768673 3.167195 10.176912 7.187545 7.583500 5.420209 4.382571 3.470735 1.706780 1.103886 2.062402 5.268910 -0.248033 -0.473477 -1.180944 -2.808837 -0.000495 -0.000504 -0.018660 -0.016888 -0.000243 4.474181 -0.219927 -1.848432 -0.001731 2.205448 1.416462 -1.084402 -0.000687 4.358314 2.559425 -1.678512 -0.092421 -0.009045 3.214629 0.858123 -1.850138 -2.935201 -3.687871 -0.357074 -0.035900 -0.001517 2.562041 1.512591 4.293376 -9999.0 -9999.0 -9999.0
-9999.0 -9999.0 -9999.0 -9999.0 -9999.0 -9999.0 -9999.0 -9999.0 -1.641979 -1.720590 -0.727465 -0.007971 -0.000222 -0.769772 -0.298446 -0.008294 2.152429 2.753108 5.808216 8.123826 14.300543 12.508466 12.309443 11.846120 3.666600 3.488461 0.982036 -0.118105 -2.234460 -0.005617 -0.033696 -0.000972 -0.000400 0.245484 -0.000133 0.725422 5.957108 0.234258 -0.108835 0.006920 -0.000496 -1.931539 1.115187 0.920888 0.375829 -0.472700 -1.560431 -0.000093 -0.058895 1.618589 2.640362 -0.032159 -3.491747 -0.123377 -0.000225 -0.875268 -0.157873 -0.015183 3.440573 6.197489 7.878816 -9999.0 -9999.0
-9999.0 -9999.0 -9999.0 -9999.0 -9999.0 -9999.0 -9999.0 -9999.0 -0.000510 -0.000253 -0.015787 -1.443793 -0.007524 -0.866963 -0.123284 -0.232004 0.116475 4.289375 5.721167 13.877918 8.568170 12.667401 12.910035 7.242702 9.732489 3.447334 0.428128 -0.582134 -3.402053 -0.000493 1.280949 1.356278 -0.563097 -0.442949 2.545911 4.991834 -0.011722 1.693186 -0.035436 -0.139463 -0.000092 2.062411 0.073585 -0.000293 -0.443370 -0.000114 -0.002205 -0.000443 -0.540251 -0.012970 2.694838 0.252305 -1.587288 -3.272605 -0.526786 -0.140793 1.873266 3.298930 6.077964 6.454753 7.045637 -9999.0 -9999.0
-9999.0 -9999.0 -9999.0 -9999.0 -9999.0 -9999.0 -9999.0 -9999.0 -0.026798 0.066712 -1.086965 -3.014824 -0.000118 -0.462012 -0.329885 0.050883 4.252849 5.501886 9.399468 5.951554 7.955978 8.307038 12.000809 11.308044 3.838932 1.200357 -0.040752 -1.289924 1.322636 -0.192682 -0.133118 -0.337485 -0.013089 -0.096630 -0.030025 4.300719 7.758823 4.322657 0.801753 -0.019814 1.531860 2.046682 2.003277 3.907875 -0.000118 1.927601 0.581100 3.191947 -0.000324 -0.147066 -0.010203 2.367292 0.981358 -0.348986 1.398688 2.403375 4.188114 4.883109 5.877623 6.752704 5.669432 2.821705 -9999.0
-9999.0 -9999.0 -9999.0 -9999.0 -9999.0 -9999.0 -9999.0 -9999.0 -0.245519 -0.000437 -0.943015 -0.904758 -0.174907 -0.399068 4.186985 3.205438 6.640813 2.621214 0.940714 3.124625 5.005312 7.643311 7.919612 7.624531 8.950626 -0.006794 -0.439277 -0.022949 -0.008376 -0.031262 -0.147171 -0.002171 2.903398 2.031596 0.637530 2.257853 4.323303 6.331598 5.734950 2.915788 1.313061 0.584140 0.476656 -0.010958 -0.128674 3.162007 -0.038100 -0.255466 -0.045648 -0.000280 2.349883 1.899791 2.114765 2.713076 3.147354 3.576460 4.366439 5.274370 5.953550 6.002417 4.393577 2.216731 -9999.0
-9999.0 -9999.0 -0.000116 -0.000097 -2.069225 -0.520444 -1.715472 -2.780211 -0.013313 -0.006296 -1.516240 -0.497536 -0.075995 -0.004892 5.486846 2.302288 -0.014263 -0.582838 -0.083108 -0.007544 3.003606 5.673749 6.555920 6.422265 5.672151 2.273544 -0.008347 -0.007049 2.605216 5.291611 -0.014506 0.875619 7.800613 3.626299 5.169882 4.890760 8.453870 8.621023 7.536125 4.866042 6.160267 5.593230 4.447713 3.369211 -0.008667 -0.003722 2.388104 1.598955 3.344595 4.360405 5.711306 4.894929 4.101986 3.591325 3.450906 9.214709 4.138798 4.597827 4.302489 3.707795 6.585980 1.460841 -9999.0
-9999.0 -0.165170 -0.177250 -0.419357 -0.297496 -0.822561 -0.619800 -0.883908 -1.820846 -0.016703 -0.556292 -0.272452 -0.008653 4.573727 4.334985 -0.144936 -0.362344 -0.565553 -0.225224 -0.011590 2.682493 4.510143 8.498989 5.056421 10.680156 5.525931 8.586609 8.669760 6.091290 4.090213 4.583960 4.795059 6.333802 11.107013 9.101704 10.211267 11.977886 11.532298 11.993107 10.106913 9.677222 9.520344 8.662164 5.071198 3.786179 4.178143 5.545885 6.205347 7.877286 6.264315 5.682636 4.744327 3.926969 3.109569 3.033755 2.414008 0.959978 1.318923 2.226297 4.932733 0.682970 1.271145 -9999.0
-9999.0 3.793856 -0.037807 -0.065385 1.299689 -0.335934 -1.836232 -1.376392 -0.020441 -0.022267 -0.603684 -0.584399 0.143891 4.513808 -0.074047 -2.744713 -0.754838 -0.568704 -0.356033 -0.015518 5.262920 2.111811 3.226926 3.787625 10.532891 12.254648 5.749087 7.495309 7.103875 6.702178 6.853975 6.632245 8.073724 9.058539 14.247036 12.144105 20.128522 21.218130 15.013142 13.927687 13.192318 12.103109 11.206576 8.346827 8.242307 8.115636 8.930262 8.489483 7.778750 6.834042 4.789226 2.154740 1.104438 1.590219 0.822134 -0.027271 -0.347621 -0.054582 -0.034238 -0.086341 -0.022916 -9999.0 -9999.0
