user2019/resources/simulation/Vinschgau/output-maps/TsL0003N0891.asc
ncols         63
nrows         48
xllcorner     598000.000000
yllcorner     5145000.000000
cellsize      1000.000000
NODATA_value  -9999.0
[rows 0 to 27 of 48, columns 0 to 62 of 63]
-9999.0 -9999.0 -9999.0 -9999.0 -9999.0 -9999.0 -9999.0 -9999.0 -9999.0 -9999.0 -9999.0 -9999.0 -9999.0 -9999.0 -9999.0 -9999.0 -9999.0 -9999.0 -9999.0 -9999.0 -9999.0 -9999.0 -9999.0 -9999.0 -9999.0 -9999.0 -9999.0 -9999.0 -9999.0 -9999.0 -9999.0 -9999.0 -9999.0 -9999.0 -9999.0 -9999.0 -9999.0 -9999.0 -9999.0 -9999.0 -9999.0 -9999.0 -9999.0 -9999.0 -9999.0 -9999.0 -9999.0 -9999.0 -9999.0 -9999.0 -9999.0 -9999.0 -9999.0 -9999.0 -9999.0 -9999.0 -9999.0 -9999.0 -9999.0 -9999.0 -9999.0 -9999.0 -9999.0
-9999.0 -9999.0 -9999.0 -9999.0 -9999.0 -9999.0 -9999.0 -9999.0 -9999.0 -9999.0 -9999.0 -9999.0 -9999.0 -9999.0 -9999.0 -9999.0 -9999.0 -9999.0 -9999.0 -9999.0 -9999.0 -9999.0 -9999.0 -9999.0 -9999.0 -9999.0 -9999.0 -6.485564 -5.047907 -5.573223 -5.673198 -6.413341 -6.595007 -9999.0 -9999.0 -9999.0 -9999.0 -9999.0 -9999.0 -9999.0 -9999.0 -9999.0 -9999.0 -9999.0 -9999.0 -9999.0 -9999.0 -9999.0 -9999.0 -9999.0 -9999.0 -9999.0 -9999.0 -9999.0 -9999.0 -9999.0 -9999.0 -9999.0 -9999.0 -9999.0 -9999.0 -9999.0 -9999.0
-9999.0 -9999.0 -9999.0 -9999.0 -9999.0 -9999.0 -9999.0 -9999.0 -9999.0 -9999.0 -9999.0 -9999.0 -9999.0 -9999.0 -9999.0 -9999.0 -9999.0 -9999.0 -9999.0 -9999.0 -9999.0 -9999.0 -9999.0 -9999.0 -4.292822 -4.029747 -3.359771 -4.236322 -3.546728 -5.226918 -5.980914 -9999.0 -9999.0 -9999.0 -9999.0 -9999.0 -9999.0 -9999.0 -9999.0 -9999.0 -9999.0 -9999.0 -9999.0 -9999.0 -9999.0 -9999.0 -9999.0 -9999.0 -9999.0 -9999.0 -9999.0 -9999.0 -9999.0 -9999.0 -9999.0 -9999.0 -9999.0 -9999.0 -9999.0 -9999.0 -9999.0 -9999.0 -9999.0
-9999.0 -9999.0 -9999.0 -9999.0 -9999.0 -9999.0 -9999.0 -9999.0 -9999.0 -9999.0 -9999.0 -9999.0 -9999.0 -9999.0 -9999.0 -9999.0 -9999.0 -9999.0 -9999.0 -9999.0 -9999.0 -9999.0 -9999.0 -3.914470 -2.233995 -0.007679 0.188351 0.746528 -0.004421 -3.695677 -5.930881 -6.535227 -9999.0 -9999.0 -9999.0 -9999.0 -9999.0 -9999.0 -9999.0 -9999.0 -9999.0 -9999.0 -9999.0 -9999.0 -9999.0 -9999.0 -9999.0 -9999.0 -9999.0 -9999.0 -9999.0 -9999.0 -9999.0 -9999.0 -9999.0 -9999.0 -9999.0 -9999.0 -9999.0 -9999.0 -9999.0 -9999.0 -9999.0
-9999.0 -9999.0 -9999.0 -9999.0 -9999.0 -9999.0 -9999.0 -9999.0 -9999.0 -9999.0 -9999.0 -9999.0 -9999.0 -9999.0 -9999.0 -9999.0 -9999.0 -9999.0 -0.021880 -2.871510 -9999.0 -3.399602 -2.301612 -0.013520 -0.004972 0.636889 -0.018762 -0.020872 -0.005753 -0.044200 -4.077792 -5.618808 -7.547878 -10.169574 -9999.0 -9999.0 -9999.0 -9999.0 -9999.0 -9999.0 -9999.0 -9999.0 -9999.0 -9999.0 -9999.0 -9999.0 -9999.0 -9999.0 -9999.0 -9999.0 -9999.0 -9999.0 -9999.0 -9999.0 -9999.0 -9999.0 -9999.0 -9999.0 -9999.0 -9999.0 -9999.0 -9999.0 -9999.0
-9999.0 -9999.0 -9999.0 -9999.0 -9999.0 -9999.0 -9999.0 -9999.0 -9999.0 -9999.0 -9999.0 -9999.0 -9999.0 -9999.0 -9999.0 -9999.0 -9999.0 3.890786 2.248682 0.763630 -3.858048 -0.088275 -0.043704 -0.018350 -0.016641 -0.022255 -0.284711 -0.090707 -0.119204 -0.017226 -2.014635 -3.964758 -5.601490 -6.363119 -8.397013 -9.719643 -9999.0 -9999.0 -9999.0 -9999.0 -9999.0 -9999.0 -9999.0 -9999.0 -9999.0 -9999.0 -9999.0 -9999.0 -9999.0 -9999.0 -9999.0 -9999.0 -9999.0 -9999.0 -9999.0 -9999.0 -9999.0 -9999.0 -9999.0 -9999.0 -9999.0 -9999.0 -9999.0
-9999.0 -9999.0 -9999.0 -9999.0 -9999.0 -9999.0 -9999.0 -9999.0 -9999.0 -9999.0 -9999.0 -9999.0 -9999.0 -1.969893 -0.016216 1.746242 3.368342 2.270194 3.464834 -0.012062 -0.005854 -0.013405 -0.005508 -0.017016 -0.027194 -2.249252 -2.559295 -1.133838 -1.068375 -0.192352 -1.941322 -4.456907 -5.862141 -6.578302 -7.093242 -10.009732 -9999.0 -9999.0 -9999.0 -9999.0 -9999.0 -9999.0 -9999.0 -9999.0 -9999.0 -9999.0 -9999.0 -9999.0 -9999.0 -9999.0 -9999.0 -9999.0 -9999.0 -9999.0 -9999.0 -9999.0 -9999.0 -9999.0 -9999.0 -9999.0 -9999.0 -9999.0 -9999.0
-9999.0 -9999.0 -9999.0 -9999.0 -9999.0 -9999.0 -9999.0 -9999.0 -9999.0 -9999.0 -9999.0 -9999.0 -9999.0 -0.898696 0.642317 2.527352 2.674618 1.504329 2.315400 1.036554 2.561383 0.042040 0.813406 -0.003785 -0.040568 -0.134555 -5.009287 -5.885915 -7.019615 -2.007332 -1.460427 -5.371713 -7.353587 -10.206479 -8.666844 -9999.0 -9999.0 -9999.0 -9999.0 -9999.0 -9999.0 -9999.0 -9999.0 -9999.0 -9999.0 -9999.0 -9999.0 -9999.0 -9999.0 -9999.0 -9999.0 -9999.0 -9999.0 -9999.0 -9999.0 -9999.0 -9999.0 -9999.0 -9999.0 -9999.0 -9999.0 -9999.0 -9999.0
-9999.0 -9999.0 -9999.0 -9999.0 -9999.0 -9999.0 -9999.0 -9999.0 -9999.0 -9999.0 -9999.0 -9999.0 -9999.0 0.158503 0.021059 1.303159 2.064268 3.030957 2.478834 3.404040 0.070694 -0.114231 -0.024398 -0.061744 -0.020406 -0.026934 -4.831933 -7.312358 -6.542586 -9.072590 -5.975836 -10.721802 -11.189286 -12.937648 -10.359347 -9999.0 -9999.0 -9999.0 -9999.0 -9999.0 -9999.0 -9999.0 -9999.0 -9999.0 -9999.0 -9999.0 -9999.0 -9999.0 -9999.0 -9999.0 -9999.0 -9999.0 -9999.0 -9999.0 -9999.0 -9999.0 -9999.0 -9999.0 -9999.0 -9999.0 -9999.0 -9999.0 -9999.0
-9999.0 -9999.0 -9999.0 -9999.0 -9999.0 -9999.0 -9999.0 -9999.0 -9999.0 -9999.0 -9999.0 -9999.0 -0.017781 -0.032806 0.770022 -0.011853 0.483205 2.393334 1.971112 1.978097 -0.010750 -0.194987 -0.157658 -0.449386 -1.987661 -5.004892 -3.578226 -6.147708 -5.037035 -7.557827 -10.717390 -7.867224 -6.595757 -11.014480 -9999.0 -9999.0 -9999.0 -9999.0 -9999.0 -9999.0 -9999.0 -9999.0 -9999.0 -9999.0 -9999.0 -9999.0 -9999.0 -9999.0 -9999.0 -9999.0 -9999.0 -9999.0 -9999.0 -9999.0 -9999.0 -9999.0 -9999.0 -9999.0 -9999.0 -9999.0 -9999.0 -9999.0 -9999.0
-9999.0 -9999.0 -9999.0 -9999.0 -9999.0 -9999.0 -9999.0 -9999.0 -9999.0 -9999.0 -9999.0 -1.808859 0.051779 0.185427 0.045711 -0.093607 0.499653 2.246944 2.054905 1.274648 0.910415 -0.012565 -2.977975 -4.590179 -0.423753 -4.300802 -6.385988 -5.219895 -5.607312 -9.434356 -8.109563 -4.683059 -6.963438 -9.161073 -8.261799 -6.707520 -6.287501 -5.462886 -5.252909 -9999.0 -9999.0 -9999.0 -9.359273 -9999.0 -9999.0 -9999.0 -9999.0 -9999.0 -9999.0 -9999.0 -9999.0 -9999.0 -9999.0 -9999.0 -9999.0 -9999.0 -9999.0 -9999.0 -9999.0 -9999.0 -9999.0 -9999.0 -9999.0
-9999.0 -9999.0 -9999.0 -9999.0 -9999.0 -9999.0 -9999.0 -9999.0 -9999.0 -9999.0 -9999.0 -2.117653 0.474039 1.664558 1.540185 -1.858924 2.765770 3.118711 2.109976 1.357474 0.078712 -0.682139 -2.721533 -3.302654 -2.449581 -5.131877 -5.546668 -4.235733 -5.307011 -9.067439 -5.226840 -4.883823 -6.550683 -7.412271 -8.295911 -5.233585 -3.637885 -3.970398 -5.387039 -8.807596 -8.760197 -9.263142 -5.466793 -7.566162 -9999.0 -9999.0 -9999.0 -10.073024 -8.465686 -8.058422 -7.290772 -9.203878 -9.445661 -9.120037 -8.615511 -10.051885 -9999.0 -9999.0 -9999.0 -9999.0 -9999.0 -9999.0 -9999.0
-9999.0 -9999.0 -9999.0 -9999.0 -9999.0 -9999.0 -9999.0 -9999.0 -9999.0 -9999.0 -9999.0 -3.354790 -2.175215 -0.251068 -0.205666 -0.793493 -0.007963 2.532704 1.715987 1.367680 1.259158 -0.030206 -1.611849 -4.273052 -5.145019 -6.296374 -2.165113 -3.991385 -6.546316 -7.875831 -6.980538 -4.492422 -4.060169 -7.020174 -7.547884 -3.877361 -3.644987 -3.261854 -3.199441 -6.969729 -4.923843 -6.344511 -4.065845 -5.067097 -7.111117 -9999.0 -10.797107 -7.054088 -5.504051 -4.429767 -4.162441 -4.987136 -4.992838 -5.714228 -5.857684 -6.858601 -9999.0 -9999.0 -9999.0 -9999.0 -9999.0 -9999.0 -9999.0
-9999.0 -9999.0 -9999.0 -9999.0 -9999.0 -9999.0 -9999.0 -9999.0 -9999.0 -9999.0 -9999.0 -9999.0 -1.880700 -0.659929 -1.291454 -1.127576 -0.006030 1.747210 1.762622 1.431531 1.052940 -0.023178 -0.289122 -1.236930 -3.709800 -2.307118 -2.898621 -4.417650 -5.791109 -7.464095 -5.498687 -4.291064 -4.113492 -6.060278 -6.604363 -4.841076 -2.290076 -2.884993 -0.315398 -4.542460 -3.619494 -4.978021 -1.720009 -3.106825 -7.081369 -7.438516 -8.611532 -6.932515 -3.664462 -1.780710 -0.742354 -4.118790 -3.252495 -4.750423 -5.378376 -5.587707 -6.722131 -9999.0 -9999.0 -9999.0 -9999.0 -9999.0 -9999.0
-9999.0 -9999.0 -9999.0 -9999.0 -9999.0 -9999.0 -9999.0 -9999.0 -9999.0 -9999.0 -9999.0 -1.066001 -3.978426 -2.384774 -0.849671 -0.033427 -0.014192 1.007163 1.276520 3.105109 1.383755 -0.006043 -0.671009 -2.440165 -1.849295 -0.551424 -0.974409 -6.009815 -6.291237 -5.930978 -2.402204 -3.438309 -2.869687 -5.897734 -8.225088 -5.233714 -5.101806 -1.681289 -0.031946 -2.013030 -1.716422 -0.113312 -0.879817 -1.771664 -2.306002 -5.870236 -4.774736 -5.811702 -4.883493 -0.469737 -4.537267 -5.703673 -6.989948 -8.009828 -9.004099 -9.749223 -7.641154 -9999.0 -9999.0 -9999.0 -9999.0 -9999.0 -9999.0
-9999.0 -9999.0 -9999.0 -9999.0 -9999.0 -9999.0 -9999.0 -9999.0 -9999.0 -9999.0 -2.907293 -0.803382 -2.980168 -3.021303 -1.340003 -0.996632 -1.209442 -0.015866 2.555635 2.756132 0.101572 -0.012935 -0.822695 -1.878223 -0.100245 -2.068347 -3.039501 -5.486479 -4.264578 -3.435910 -2.864103 -2.929069 -3.291661 -5.873610 -10.142922 -6.962247 -4.037625 -2.019652 -0.066268 -0.021704 -0.019997 -0.002491 0.033479 0.268578 -0.312070 -5.732588 -4.688836 -1.506787 -0.831005 -0.093692 -7.057137 -8.171079 -9.492726 -10.721554 -10.405168 -5.935488 -5.732064 -9999.0 -9999.0 -9999.0 -9999.0 -9999.0 -9999.0
-9999.0 -9999.0 -9999.0 -9999.0 -9999.0 -9999.0 -9999.0 -9999.0 -9999.0 -4.934070 -2.440045 -1.968395 -0.624099 -1.315617 -0.635831 -0.464599 -0.402209 -0.046104 2.301627 3.159933 0.374111 -0.011526 -0.013183 -0.018074 -0.028462 -1.722191 -3.874473 -3.364979 -0.771137 -0.069878 -0.026397 -1.919970 -6.625935 -10.276810 -9.018167 -7.098492 -3.923217 -2.582269 -2.151698 -0.559679 -0.050555 -0.305264 -0.695164 0.949969 0.309178 -0.567562 -1.277188 -1.833049 -1.784886 -0.024234 -3.034518 -7.657109 -11.629446 -10.888662 -8.904212 -7.256130 -6.089807 -7.186538 -8.524333 -9999.0 -9999.0 -9999.0 -9999.0
-9999.0 -9999.0 -9999.0 -9999.0 -9999.0 -9999.0 -9999.0 -9999.0 -9999.0 -6.305741 -5.112450 -3.408210 -1.285793 -0.051997 -0.651620 -1.345322 -1.225704 -0.016275 2.961823 1.260926 0.922339 0.106049 -0.006008 -0.126770 -1.335101 -2.627206 -1.241021 -0.137849 -0.016649 -0.050772 -0.920210 -2.301922 -4.798277 -6.959187 -5.699000 -7.124556 -6.569084 -5.250540 -5.129888 -2.746564 -1.301043 -2.998595 -1.107666 -0.013368 1.588227 0.472956 0.144018 -0.019222 -0.054497 -0.023648 -3.165769 -6.543111 -10.279653 -9.088879 -7.716017 -8.160404 -6.063369 -5.106533 -6.141337 -9999.0 -9999.0 -9999.0 -9999.0
-9999.0 -9999.0 -9999.0 -9999.0 -9999.0 -9999.0 -9999.0 -9999.0 -9999.0 -9999.0 -5.696116 -3.378126 -0.259952 -0.709648 -0.034836 -0.384935 -0.066274 0.020532 3.783452 2.470704 1.029157 1.461250 -0.024904 -0.308409 -1.936216 -0.315074 -0.024755 -0.008550 -0.998251 -1.848582 -2.203495 -2.955684 -4.901623 -6.336377 -4.183816 -3.489103 -3.189178 -2.263363 -6.514833 -5.288236 -5.735021 -2.943804 -2.019665 -0.511902 -0.019314 -0.014324 0.421056 0.016611 0.821939 -0.025257 -2.116990 -5.286226 -9.015332 -9.967713 -9.216022 -7.042875 -4.494865 -2.008789 -2.365732 -0.263384 -9999.0 -9999.0 -9999.0
-9999.0 -9999.0 -9999.0 -9999.0 -9999.0 -9999.0 -9999.0 -9999.0 -9999.0 -9999.0 -5.916626 -4.666517 -3.463115 -0.112512 -0.018187 -0.013036 -0.015956 1.461488 4.168556 3.465589 2.515565 0.211232 -0.032145 -0.806499 -0.316470 -0.016226 0.177200 -0.018572 -1.540604 -4.577473 -5.359167 -3.914914 -6.277865 -7.163610 -5.276620 -2.606717 -2.036482 -0.582700 -3.149040 -6.196824 -5.026145 -4.207399 -1.773021 -3.788623 -1.793165 -0.480919 -0.090124 -0.019106 1.728212 0.552518 -0.030318 -3.054278 -5.188773 -8.483685 -10.634931 -9.815857 -7.086921 -1.838560 0.601262 0.286618 -9999.0 -9999.0 -9999.0
-9999.0 -9999.0 -9999.0 -9999.0 -9999.0 -9999.0 -9999.0 -9999.0 -4.172140 -5.546552 -6.490727 -4.079300 -3.731727 -1.562525 -0.063229 0.832128 1.842004 0.965205 3.185966 3.960532 4.302349 2.944482 1.763230 -0.008904 -0.020254 1.286081 -0.018138 -1.055134 -2.718018 -4.531452 -9.473894 -5.294513 -5.257699 -6.868283 -4.852867 -4.951654 -1.473243 -0.541488 -2.813061 -7.142794 -5.810820 -3.031364 -4.530382 -6.662507 -4.764704 -2.594540 -2.619119 -1.147770 -0.017726 0.798685 -0.022359 -0.954984 -4.085482 -6.999644 -9.326215 -6.311380 -6.868162 -2.122313 -0.016940 2.907794 -9999.0 -9999.0 -9999.0
-9999.0 -9999.0 -9999.0 -9999.0 -9999.0 -9999.0 -9999.0 -9999.0 -4.044522 -2.327214 -4.029567 -6.291840 -4.973845 -2.999427 -1.183511 -0.014510 0.720819 1.315825 4.692069 4.497294 2.928707 2.217507 0.726389 0.015748 2.200637 2.223774 0.203313 -0.777318 -6.272272 -6.127112 -6.932926 -6.692826 -4.762226 -6.492852 -4.277976 -3.633889 -1.191335 -0.313353 -0.998574 -4.178492 -5.451357 -8.012471 -6.283568 -4.006374 -3.140399 -1.603784 -4.894824 -4.302043 -0.722910 0.925320 0.348506 -0.647110 -5.356092 -6.947600 -4.851491 -4.403470 -1.929684 -0.089063 1.072800 3.476094 4.541127 -9999.0 -9999.0
-9999.0 -9999.0 -9999.0 -9999.0 -9999.0 -9999.0 -9999.0 -9999.0 -5.247673 -4.364021 -3.869004 -4.845438 -5.479011 -4.237590 -1.436948 -1.044222 -0.012805 0.470062 4.606896 3.098605 4.970458 3.133451 2.516034 3.038292 1.426490 1.974839 -0.004932 -1.491572 -5.252688 -5.293230 -6.114258 -3.079550 -3.259194 -2.839945 -2.882197 -2.666412 -0.039700 1.025252 -0.029817 -1.604609 -4.310955 -5.967827 -4.195349 -4.535989 -2.549787 -4.219293 -7.081913 -5.208339 -3.306818 -0.020304 1.906408 -0.024090 -5.114608 -5.472121 -3.150550 -1.590500 -0.007025 0.952086 3.085528 3.665349 4.119267 -9999.0 -9999.0
-9999.0 -9999.0 -9999.0 -9999.0 -9999.0 -9999.0 -9999.0 -9999.0 -7.958123 -3.991679 -1.272120 -5.766882 -4.680852 -1.927230 -0.486797 -0.007445 3.090283 4.374899 1.823886 4.952177 4.388439 4.808995 3.287487 2.674956 2.667688 0.279265 -0.069517 -2.258064 -3.280315 -1.459357 -1.828722 -1.068808 -0.064672 -0.396825 -0.660595 -1.901455 -0.031462 2.752373 -0.002734 -0.286450 -3.612763 -3.330986 -3.349924 -4.852384 -4.984843 -5.856749 -4.196203 -5.105169 -4.929408 -2.033111 -0.018019 1.494271 -0.023922 -1.568237 -0.020345 0.194473 1.720640 3.386711 4.420636 3.892133 2.966343 1.733243 -9999.0
-9999.0 -9999.0 -9999.0 -9999.0 -9999.0 -9999.0 -9999.0 -9999.0 -7.886905 -4.357900 -2.473320 -1.822395 -0.635010 -0.072899 -0.040688 0.577077 0.421802 1.474955 -0.005353 1.711604 3.918884 4.131043 4.434849 4.124904 0.595442 -0.013758 -1.360718 -0.330567 -0.032749 -0.547062 -0.462218 -0.024481 0.512422 -0.009776 -0.023576 -0.011107 0.693371 4.687541 4.113361 0.355547 -0.019417 -0.024387 -0.025075 -0.056758 -1.962521 -2.511569 -0.849513 -0.189931 -0.965916 -0.026315 -0.000038 0.873351 1.249683 0.268915 0.907098 1.212448 1.933649 2.691929 3.292843 2.921930 2.950827 1.161451 -9999.0
-9999.0 -9999.0 -4.856177 -4.273482 -4.517187 -2.848937 -4.145407 -3.785721 -6.176749 -5.143010 -2.148713 -0.332022 -0.078388 -0.248206 -0.006744 0.182349 -0.022283 -1.463346 -1.197202 -0.012925 1.609038 4.261842 3.341266 5.440597 2.136802 0.953803 -0.015203 -0.012334 1.265046 -0.015348 -0.023157 -0.004386 0.978164 1.977275 1.896664 3.287429 4.143502 7.130061 6.111459 3.238760 1.879445 1.911559 2.657499 0.685126 -0.014356 -0.025453 0.010101 0.736936 0.676740 1.670676 2.341598 2.166994 1.617119 1.177771 1.128706 0.911618 1.725837 2.086407 1.674738 2.334786 0.037626 0.427148 -9999.0
-9999.0 -1.284523 -1.372976 -1.714411 -2.704405 -3.771026 -4.134090 -4.182009 -5.201718 -6.244034 -3.209526 -1.095915 -0.187138 -0.582063 -0.023554 -0.486063 -1.952503 -3.197985 -1.639270 -0.018795 1.418587 2.937560 1.258043 3.394165 1.879737 1.817051 0.144874 0.479729 2.177962 1.180802 0.939985 0.959643 2.422150 3.041306 4.657149 5.843212 7.353533 10.255890 7.485075 5.976141 5.154420 4.996459 4.297311 3.470391 2.278279 2.663747 2.419657 4.691533 3.828132 4.692921 2.953193 2.217333 1.484674 0.757351 0.699664 0.257151 0.253992 0.588644 0.017159 -0.023384 -0.004298 0.219196 -9999.0
-9999.0 -1.429830 -1.334466 -0.653564 -1.027310 -2.200189 -2.790566 -4.719490 -6.499376 -6.597839 -3.775378 -1.487198 -0.012786 -0.021986 -0.115610 -2.683554 -3.973872 -3.521540 -0.767198 -0.025174 -0.025295 1.096598 1.891353 0.708954 1.096743 1.820880 4.776722 4.033495 3.543912 5.408979 5.788585 5.479327 4.161487 5.047252 5.459388 7.880859 8.836880 9.861709 10.100624 9.214463 8.423126 7.535673 6.437841 7.202452 7.271911 7.031793 5.032865 4.854324 4.364700 3.710068 2.122575 1.207758 0.342663 1.008796 0.248112 -0.044145 -0.054491 -0.057017 -0.036313 -0.144885 -0.032515 -9999.0 -9999.0
