user2019/resources/simulation/Vinschgau/output-maps/TsL0001N0608.asc
ncols         63
nrows         48
xllcorner     598000.000000
yllcorner     5145000.000000
cellsize      1000.000000
NODATA_value  -9999.0
[rows 0 to 27 of 48, columns 0 to 61 of 63]
-9999.0 -9999.0 -9999.0 -9999.0 -9999.0 -9999.0 -9999.0 -9999.0 -9999.0 -9999.0 -9999.0 -9999.0 -9999.0 -9999.0 -9999.0 -9999.0 -9999.0 -9999.0 -9999.0 -9999.0 -9999.0 -9999.0 -9999.0 -9999.0 -9999.0 -9999.0 -9999.0 -9999.0 -9999.0 -9999.0 -9999.0 -9999.0 -9999.0 -9999.0 -9999.0 -9999.0 -9999.0 -9999.0 -9999.0 -9999.0 -9999.0 -9999.0 -9999.0 -9999.0 -9999.0 -9999.0 -9999.0 -9999.0 -9999.0 -9999.0 -9999.0 -9999.0 -9999.0 -9999.0 -9999.0 -9999.0 -9999.0 -9999.0 -9999.0 -9999.0 -9999.0 -9999.0
-9999.0 -9999.0 -9999.0 -9999.0 -9999.0 -9999.0 -9999.0 -9999.0 -9999.0 -9999.0 -9999.0 -9999.0 -9999.0 -9999.0 -9999.0 -9999.0 -9999.0 -9999.0 -9999.0 -9999.0 -9999.0 -9999.0 -9999.0 -9999.0 -9999.0 -9999.0 -9999.0 24.024670 23.933966 23.657400 21.058311 20.729696 20.933929 -9999.0 -9999.0 -9999.0 -9999.0 -9999.0 -9999.0 -9999.0 -9999.0 -9999.0 -9999.0 -9999.0 -9999.0 -9999.0 -9999.0 -9999.0 -9999.0 -9999.0 -9999.0 -9999.0 -9999.0 -9999.0 -9999.0 -9999.0 -9999.0 -9999.0 -9999.0 -9999.0 -9999.0 -9999.0
-9999.0 -9999.0 -9999.0 -9999.0 -9999.0 -9999.0 -9999.0 -9999.0 -9999.0 -9999.0 -9999.0 -9999.0 -9999.0 -9999.0 -9999.0 -9999.0 -9999.0 -9999.0 -9999.0 -9999.0 -9999.0 -9999.0 -9999.0 -9999.0 23.784761 24.538691 24.307534 24.835016 25.005996 23.276518 20.454528 -9999.0 -9999.0 -9999.0 -9999.0 -9999.0 -9999.0 -9999.0 -9999.0 -9999.0 -9999.0 -9999.0 -9999.0 -9999.0 -9999.0 -9999.0 -9999.0 -9999.0 -9999.0 -9999.0 -9999.0 -9999.0 -9999.0 -9999.0 -9999.0 -9999.0 -9999.0 -9999.0 -9999.0 -9999.0 -9999.0 -9999.0
-9999.0 -9999.0 -9999.0 -9999.0 -9999.0 -9999.0 -9999.0 -9999.0 -9999.0 -9999.0 -9999.0 -9999.0 -9999.0 -9999.0 -9999.0 -9999.0 -9999.0 -9999.0 -9999.0 -9999.0 -9999.0 -9999.0 -9999.0 24.532675 25.374416 19.264911 19.927832 19.824964 17.852749 22.869143 22.494448 20.898465 -9999.0 -9999.0 -9999.0 -9999.0 -9999.0 -9999.0 -9999.0 -9999.0 -9999.0 -9999.0 -9999.0 -9999.0 -9999.0 -9999.0 -9999.0 -9999.0 -9999.0 -9999.0 -9999.0 -9999.0 -9999.0 -9999.0 -9999.0 -9999.0 -9999.0 -9999.0 -9999.0 -9999.0 -9999.0 -9999.0
-9999.0 -9999.0 -9999.0 -9999.0 -9999.0 -9999.0 -9999.0 -9999.0 -9999.0 -9999.0 -9999.0 -9999.0 -9999.0 -9999.0 -9999.0 -9999.0 -9999.0 -9999.0 23.086851 22.886656 -9999.0 24.059176 24.868144 19.525204 19.636208 21.738690 23.287333 23.119423 21.192567 18.411240 23.445691 22.450419 22.514513 20.799579 -9999.0 -9999.0 -9999.0 -9999.0 -9999.0 -9999.0 -9999.0 -9999.0 -9999.0 -9999.0 -9999.0 -9999.0 -9999.0 -9999.0 -9999.0 -9999.0 -9999.0 -9999.0 -9999.0 -9999.0 -9999.0 -9999.0 -9999.0 -9999.0 -9999.0 -9999.0 -9999.0 -9999.0
-9999.0 -9999.0 -9999.0 -9999.0 -9999.0 -9999.0 -9999.0 -9999.0 -9999.0 -9999.0 -9999.0 -9999.0 -9999.0 -9999.0 -9999.0 -9999.0 -9999.0 17.620471 15.140229 14.834561 22.982611 16.105095 18.169757 19.668660 28.021435 13.954110 12.522016 13.650229 13.051569 14.608609 23.963273 23.698364 25.172060 23.580031 21.921653 19.062349 -9999.0 -9999.0 -9999.0 -9999.0 -9999.0 -9999.0 -9999.0 -9999.0 -9999.0 -9999.0 -9999.0 -9999.0 -9999.0 -9999.0 -9999.0 -9999.0 -9999.0 -9999.0 -9999.0 -9999.0 -9999.0 -9999.0 -9999.0 -9999.0 -9999.0 -9999.0
-9999.0 -9999.0 -9999.0 -9999.0 -9999.0 -9999.0 -9999.0 -9999.0 -9999.0 -9999.0 -9999.0 -9999.0 -9999.0 23.760651 16.676229 15.110548 16.693772 35.451137 17.350008 17.325775 19.367117 21.084679 22.044328 26.894300 13.154741 19.006223 12.001071 12.572375 14.097833 14.670023 13.512934 19.073949 20.528560 18.364032 18.895707 16.531338 -9999.0 -9999.0 -9999.0 -9999.0 -9999.0 -9999.0 -9999.0 -9999.0 -9999.0 -9999.0 -9999.0 -9999.0 -9999.0 -9999.0 -9999.0 -9999.0 -9999.0 -9999.0 -9999.0 -9999.0 -9999.0 -9999.0 -9999.0 -9999.0 -9999.0 -9999.0
-9999.0 -9999.0 -9999.0 -9999.0 -9999.0 -9999.0 -9999.0 -9999.0 -9999.0 -9999.0 -9999.0 -9999.0 -9999.0 24.347132 17.994334 15.504505 15.096112 29.472758 34.693643 22.020989 17.733619 20.501900 14.142802 14.077600 17.339250 14.722623 21.131326 20.016663 21.026901 11.761999 11.677250 17.409800 18.224455 15.321866 18.570137 -9999.0 -9999.0 -9999.0 -9999.0 -9999.0 -9999.0 -9999.0 -9999.0 -9999.0 -9999.0 -9999.0 -9999.0 -9999.0 -9999.0 -9999.0 -9999.0 -9999.0 -9999.0 -9999.0 -9999.0 -9999.0 -9999.0 -9999.0 -9999.0 -9999.0 -9999.0 -9999.0
-9999.0 -9999.0 -9999.0 -9999.0 -9999.0 -9999.0 -9999.0 -9999.0 -9999.0 -9999.0 -9999.0 -9999.0 -9999.0 17.772127 23.681158 17.296930 14.631281 15.712314 35.903334 16.889028 22.241826 12.844971 11.304352 12.450656 16.271647 12.914327 22.752735 18.872437 22.982424 19.167647 17.038083 2.722420 16.172777 2.356296 18.463094 -9999.0 -9999.0 -9999.0 -9999.0 -9999.0 -9999.0 -9999.0 -9999.0 -9999.0 -9999.0 -9999.0 -9999.0 -9999.0 -9999.0 -9999.0 -9999.0 -9999.0 -9999.0 -9999.0 -9999.0 -9999.0 -9999.0 -9999.0 -9999.0 -9999.0 -9999.0 -9999.0
-9999.0 -9999.0 -9999.0 -9999.0 -9999.0 -9999.0 -9999.0 -9999.0 -9999.0 -9999.0 -9999.0 -9999.0 18.201404 23.453060 16.905379 14.437038 12.305071 14.943050 30.804709 16.205518 15.849992 13.197759 12.228034 12.379198 13.403463 16.734554 10.848180 20.223597 22.226685 18.107539 14.949318 23.641402 19.942751 17.045198 -9999.0 -9999.0 -9999.0 -9999.0 -9999.0 -9999.0 -9999.0 -9999.0 -9999.0 -9999.0 -9999.0 -9999.0 -9999.0 -9999.0 -9999.0 -9999.0 -9999.0 -9999.0 -9999.0 -9999.0 -9999.0 -9999.0 -9999.0 -9999.0 -9999.0 -9999.0 -9999.0 -9999.0
-9999.0 -9999.0 -9999.0 -9999.0 -9999.0 -9999.0 -9999.0 -9999.0 -9999.0 -9999.0 -9999.0 22.599326 13.738512 13.297237 14.096092 21.214209 12.782462 13.865321 30.576452 16.085308 14.070931 15.144495 21.535308 22.039980 13.977129 20.368642 16.294438 23.825899 19.462097 14.833744 23.527003 25.055730 21.435359 20.519054 23.330223 24.186359 31.777530 34.346209 32.934067 -9999.0 -9999.0 -9999.0 23.612504 -9999.0 -9999.0 -9999.0 -9999.0 -9999.0 -9999.0 -9999.0 -9999.0 -9999.0 -9999.0 -9999.0 -9999.0 -9999.0 -9999.0 -9999.0 -9999.0 -9999.0 -9999.0 -9999.0
-9999.0 -9999.0 -9999.0 -9999.0 -9999.0 -9999.0 -9999.0 -9999.0 -9999.0 -9999.0 -9999.0 19.225397 12.971223 13.394481 13.003084 20.593736 17.270294 16.235446 30.689170 22.681302 24.115312 22.903272 21.943260 12.017633 11.312702 20.949454 24.212884 24.777162 20.884138 17.288767 24.654697 21.150320 21.910815 21.232981 25.574010 29.280456 37.443864 36.865903 34.149967 27.792712 23.475785 23.378540 24.794183 21.707903 -9999.0 -9999.0 -9999.0 22.880418 23.299355 24.243784 23.376594 23.561309 23.208278 22.589227 23.652283 4.353289 -9999.0 -9999.0 -9999.0 -9999.0 -9999.0 -9999.0
-9999.0 -9999.0 -9999.0 -9999.0 -9999.0 -9999.0 -9999.0 -9999.0 -9999.0 -9999.0 -9999.0 21.823282 20.999877 12.800470 21.148996 23.303217 13.475189 11.667742 24.202998 24.413779 12.337163 13.543320 12.908331 23.271358 19.841483 24.907302 13.814636 11.047570 19.303225 19.906618 22.212191 13.570452 22.896204 19.119833 23.293964 33.707823 18.839820 18.839463 40.034502 27.462382 33.866402 31.064560 29.942424 23.109311 20.563419 -9999.0 22.487212 23.725869 24.993798 25.658435 25.822158 25.697490 24.985734 24.912071 24.622292 23.473256 -9999.0 -9999.0 -9999.0 -9999.0 -9999.0 -9999.0
-9999.0 -9999.0 -9999.0 -9999.0 -9999.0 -9999.0 -9999.0 -9999.0 -9999.0 -9999.0 -9999.0 -9999.0 20.953508 11.097922 22.836623 23.700077 10.074994 11.543679 27.308041 24.185963 12.519578 14.731536 14.782114 13.468027 11.116055 13.783566 23.396130 18.989153 21.011951 23.759009 24.292108 13.498203 22.739362 21.667690 20.865404 30.447394 16.023900 18.469915 38.209393 33.678350 36.757341 34.446409 17.000058 23.902431 22.688128 22.520229 24.148310 23.528400 13.368450 15.600269 17.020128 12.403141 15.404500 11.475345 11.525966 19.416242 22.182862 -9999.0 -9999.0 -9999.0 -9999.0 -9999.0
-9999.0 -9999.0 -9999.0 -9999.0 -9999.0 -9999.0 -9999.0 -9999.0 -9999.0 -9999.0 -9999.0 11.472546 20.653168 22.371139 13.635430 13.712370 14.318638 11.551969 26.803568 15.108539 13.073095 12.532186 13.197727 11.647589 13.693562 15.521765 12.251592 18.319894 24.050643 24.992123 13.874114 14.852767 23.458825 19.993867 20.318850 27.045796 29.488918 18.272734 19.683996 41.450362 18.680970 19.391360 17.056245 15.301876 24.277305 20.578810 24.658593 25.563432 26.118316 16.950808 11.386141 19.184870 11.154895 10.011085 10.247506 20.160435 22.521380 -9999.0 -9999.0 -9999.0 -9999.0 -9999.0
-9999.0 -9999.0 -9999.0 -9999.0 -9999.0 -9999.0 -9999.0 -9999.0 -9999.0 -9999.0 23.151619 12.681089 23.532790 23.887060 24.730884 14.971864 12.946503 11.660100 15.224571 15.769437 23.841622 20.029215 11.178211 26.161328 15.780495 12.346647 10.548766 11.770671 25.313826 25.781225 15.646801 13.021040 19.783772 18.304888 16.698093 22.550355 32.794758 16.778543 14.081274 21.051669 20.671787 15.742697 26.953983 14.862710 14.106863 21.701247 25.027149 15.647436 16.509128 13.975074 12.077723 19.914586 8.836505 3.449582 21.619011 25.173030 22.399241 -9999.0 -9999.0 -9999.0 -9999.0 -9999.0
-9999.0 -9999.0 -9999.0 -9999.0 -9999.0 -9999.0 -9999.0 -9999.0 -9999.0 21.754665 22.056776 12.206942 13.681100 12.370400 13.572881 11.972186 12.295423 25.888369 15.467353 16.664712 25.462722 14.201416 13.011662 17.606286 13.723694 10.084214 12.191472 25.943679 15.742202 16.127443 15.064429 9.539510 16.801525 17.429313 23.092889 22.698777 21.256880 13.824080 12.973466 14.775471 13.102073 11.379646 11.700014 16.046073 15.034930 15.336895 26.675915 14.835548 15.647904 15.248679 12.662768 20.759791 3.301297 4.182951 24.174490 14.180638 13.807584 24.218193 23.739585 -9999.0 -9999.0 -9999.0
-9999.0 -9999.0 -9999.0 -9999.0 -9999.0 -9999.0 -9999.0 -9999.0 -9999.0 20.182991 21.455079 22.507275 26.858648 14.556494 13.895200 13.856144 25.528988 16.352943 16.400781 30.157703 28.835666 29.621677 20.762296 19.745535 10.430465 13.919835 15.312895 16.142096 18.087730 18.821170 18.349558 9.856989 19.825548 20.145854 24.052724 24.504484 24.685857 25.130235 23.347772 21.966372 11.307477 11.052148 16.552348 16.341223 14.952582 19.810933 18.980346 18.326007 17.940642 14.217341 10.600799 11.507548 19.879991 23.185850 21.244424 12.552462 14.479029 14.709043 25.168687 -9999.0 -9999.0 -9999.0
-9999.0 -9999.0 -9999.0 -9999.0 -9999.0 -9999.0 -9999.0 -9999.0 -9999.0 -9999.0 22.255418 22.964079 13.701578 12.846058 15.695977 14.690209 15.569681 17.138946 17.437599 20.540173 25.248832 13.579384 11.858925 11.365568 14.116250 16.050460 16.963601 16.884690 18.198559 9.572360 9.666062 11.580167 9.539200 21.462569 24.867711 25.731395 25.550516 22.520888 21.095846 20.121602 18.654595 24.890792 23.291976 13.298618 12.013622 12.397714 13.520466 23.182959 18.596647 16.359482 12.090992 14.004924 22.747141 4.482756 20.148895 23.054060 22.899029 18.178878 17.996115 18.196021 -9999.0 -9999.0
-9999.0 -9999.0 -9999.0 -9999.0 -9999.0 -9999.0 -9999.0 -9999.0 -9999.0 -9999.0 22.387029 22.252055 21.873180 14.437908 27.696166 14.103879 13.866224 15.899225 18.642542 20.130449 16.367520 14.653621 12.435031 14.704269 15.894327 18.034071 17.500475 12.063003 10.275932 8.564357 20.397799 22.556292 11.509003 18.072511 21.654010 20.963221 15.746833 13.916594 11.959950 18.832975 23.595539 23.684192 1.529320 21.083367 22.235723 11.385646 14.042180 12.846720 15.240595 18.672303 16.617033 2.115596 13.769962 22.892481 22.266736 25.201308 21.723233 16.100542 16.902758 20.293996 -9999.0 -9999.0
-9999.0 -9999.0 -9999.0 -9999.0 -9999.0 -9999.0 -9999.0 -9999.0 23.609734 23.541977 23.828051 21.868250 12.316665 12.939803 11.796222 15.306727 16.921679 32.238337 22.655358 21.570756 18.138268 16.977953 15.865978 14.820046 18.451828 15.297723 21.115164 10.557153 11.406923 10.417685 19.832817 21.674989 21.189219 22.577832 23.440277 19.395694 23.634677 13.258490 9.141345 21.286036 23.029570 21.757788 10.954246 20.546315 25.897136 23.959354 9.695540 13.972419 13.627773 19.196184 17.314060 13.654704 14.102032 12.500581 26.026825 26.690133 26.957162 28.173361 19.485903 18.310638 -9999.0 -9999.0
-9999.0 -9999.0 -9999.0 -9999.0 -9999.0 -9999.0 -9999.0 -9999.0 12.050558 13.393143 12.076575 20.617874 21.397735 13.161045 11.469105 12.757664 14.887493 15.483303 18.896234 22.762152 35.786182 30.760186 27.908865 28.139373 17.369232 15.593797 12.939284 12.905229 11.123706 22.120894 22.996454 25.179540 22.299759 24.419057 23.721947 24.917179 26.338908 14.359117 12.200325 22.582756 20.112716 16.912694 21.996626 24.772066 26.244390 12.528866 11.283698 22.906228 15.072993 15.360799 18.439548 16.260628 12.419864 26.556437 28.025226 18.509584 17.981139 19.093652 21.143601 22.883408 23.232496 -9999.0
-9999.0 -9999.0 -9999.0 -9999.0 -9999.0 -9999.0 -9999.0 -9999.0 21.273472 23.858077 21.196244 12.789030 24.713666 11.972732 14.677645 12.262693 14.995107 20.853817 19.207978 34.495122 22.936016 31.376859 31.065530 21.990019 30.740959 14.332586 12.693990 10.558352 11.368931 24.263151 25.556122 25.753943 12.710364 13.627200 24.540899 26.505733 2.683776 13.532085 10.616352 12.536638 21.903961 24.107620 23.881841 22.767998 11.974512 21.197238 23.511213 24.934838 13.539249 14.154621 17.488775 18.367969 14.146998 14.315615 19.515159 19.932137 20.835927 21.522639 22.701283 22.404912 21.872267 -9999.0
-9999.0 -9999.0 -9999.0 -9999.0 -9999.0 -9999.0 -9999.0 -9999.0 21.680244 23.803275 13.871898 11.829408 25.308366 15.263913 12.861656 14.127073 17.738887 19.916471 23.044828 18.633434 21.987309 22.888142 32.070269 31.165734 16.646794 13.453733 11.739724 10.656628 26.074281 15.574683 13.601209 14.986689 16.016986 14.598032 12.670288 25.653351 26.399618 14.795991 2.298004 13.143467 22.055952 24.772357 24.904495 25.371091 23.750324 25.542464 25.624860 26.500717 26.390047 17.116115 15.148124 18.996680 19.972695 20.030326 21.518032 21.835506 22.361100 19.425141 20.902341 21.887460 19.430140 15.937449
-9999.0 -9999.0 -9999.0 -9999.0 -9999.0 -9999.0 -9999.0 -9999.0 23.275975 23.836062 1.957964 12.227417 13.145786 13.651314 25.854689 19.770079 20.642650 14.905010 13.697219 16.102946 18.338772 22.915730 22.898264 22.334195 27.170675 14.328017 11.666147 16.040649 16.870814 15.556454 11.450700 16.222412 17.850615 15.131903 2.276444 2.452909 16.808019 16.060314 14.241797 15.172795 14.761907 2.480284 16.337169 15.135941 13.242334 26.287653 16.175556 17.393664 17.104439 19.115484 21.049040 19.153558 19.457138 22.913217 22.621751 22.365984 22.652818 22.189627 21.432462 19.718126 16.533226 15.040920
-9999.0 -9999.0 24.234411 24.205740 13.099928 13.821855 13.446244 12.912126 24.433257 23.130774 1.925170 13.836963 13.810199 18.086826 29.072220 15.245259 12.770718 11.156386 14.197462 14.265453 16.767629 19.895997 22.244856 20.256919 20.773814 16.576286 14.851532 14.807176 16.044690 23.592124 12.422157 12.987907 25.634922 13.702026 17.576089 14.138940 19.031628 16.997332 14.945872 13.277780 17.493328 17.871454 14.451686 16.779558 12.291254 16.816892 18.306914 15.007924 19.864745 22.341592 23.579574 23.687912 22.959337 22.957831 22.353757 33.549600 20.688429 19.890111 18.647898 16.328472 21.564965 14.348217
-9999.0 14.339160 14.369757 14.078348 14.202295 14.826572 12.881965 11.226623 11.308753 22.541427 13.288922 12.580764 14.675571 25.453211 22.157469 12.450475 12.718234 11.943471 15.486737 14.674988 17.862328 18.757778 30.350621 20.194755 32.561395 22.461682 31.468293 32.688584 20.680420 19.057173 19.909893 19.565081 18.331826 27.196502 19.448679 21.059471 21.544415 18.836020 20.351293 19.661454 19.790348 19.907041 19.111011 14.704460 15.733708 16.683178 20.958948 19.199720 24.286701 21.335677 21.434857 21.005255 20.404123 20.694947 20.324135 19.058507 16.703184 16.240298 17.080386 20.589727 13.932828 14.106895
-9999.0 22.922649 15.286112 15.257308 23.255161 14.219536 10.322944 12.529811 23.813247 24.689042 14.615697 12.765223 14.748134 23.134611 13.128345 11.129357 11.859896 13.996843 16.733635 14.289399 22.608194 16.261575 19.407682 21.890629 35.793370 37.527084 20.953432 24.299439 22.426580 20.316176 20.283756 19.619864 19.539247 19.731543 30.092388 23.352022 37.246281 38.105762 21.860034 23.941769 23.502128 20.947133 20.297326 19.477772 20.832929 21.253885 25.170702 24.360152 20.775703 20.690421 18.607624 16.467245 16.569714 17.713547 16.987729 15.396485 15.418071 14.353061 13.872913 13.130714 13.129007 -9999.0
