user2019/resources/simulation/Vinschgau/output-maps/TsL0003N1422.asc
ncols         63
nrows         48
xllcorner     598000.000000
yllcorner     5145000.000000
cellsize      1000.000000
NODATA_value  -9999.0
[rows 0 to 27 of 48, columns 0 to 62 of 63]
-9999.0 -9999.0 -9999.0 -9999.0 -9999.0 -9999.0 -9999.0 -9999.0 -9999.0 -9999.0 -9999.0 -9999.0 -9999.0 -9999.0 -9999.0 -9999.0 -9999.0 -9999.0 -9999.0 -9999.0 -9999.0 -9999.0 -9999.0 -9999.0 -9999.0 -9999.0 -9999.0 -9999.0 -9999.0 -9999.0 -9999.0 -9999.0 -9999.0 -9999.0 -9999.0 -9999.0 -9999.0 -9999.0 -9999.0 -9999.0 -9999.0 -9999.0 -9999.0 -9999.0 -9999.0 -9999.0 -9999.0 -9999.0 -9999.0 -9999.0 -9999.0 -9999.0 -9999.0 -9999.0 -9999.0 -9999.0 -9999.0 -9999.0 -9999.0 -9999.0 -9999.0 -9999.0 -9999.0
-9999.0 -9999.0 -9999.0 -9999.0 -9999.0 -9999.0 -9999.0 -9999.0 -9999.0 -9999.0 -9999.0 -9999.0 -9999.0 -9999.0 -9999.0 -9999.0 -9999.0 -9999.0 -9999.0 -9999.0 -9999.0 -9999.0 -9999.0 -9999.0 -9999.0 -9999.0 -9999.0 -0.006555 -0.054389 -0.002153 -0.121175 -0.266266 -0.601456 -9999.0 -9999.0 -9999.0 -9999.0 -9999.0 -9999.0 -9999.0 -9999.0 -9999.0 -9999.0 -9999.0 -9999.0 -9999.0 -9999.0 -9999.0 -9999.0 -9999.0 -9999.0 -9999.0 -9999.0 -9999.0 -9999.0 -9999.0 -9999.0 -9999.0 -9999.0 -9999.0 -9999.0 -9999.0 -9999.0
-9999.0 -9999.0 -9999.0 -9999.0 -9999.0 -9999.0 -9999.0 -9999.0 -9999.0 -9999.0 -9999.0 -9999.0 -9999.0 -9999.0 -9999.0 -9999.0 -9999.0 -9999.0 -9999.0 -9999.0 -9999.0 -9999.0 -9999.0 -9999.0 -0.038373 -0.032611 -0.019097 -0.037100 -0.014939 -0.029748 -0.135215 -9999.0 -9999.0 -9999.0 -9999.0 -9999.0 -9999.0 -9999.0 -9999.0 -9999.0 -9999.0 -9999.0 -9999.0 -9999.0 -9999.0 -9999.0 -9999.0 -9999.0 -9999.0 -9999.0 -9999.0 -9999.0 -9999.0 -9999.0 -9999.0 -9999.0 -9999.0 -9999.0 -9999.0 -9999.0 -9999.0 -9999.0 -9999.0
-9999.0 -9999.0 -9999.0 -9999.0 -9999.0 -9999.0 -9999.0 -9999.0 -9999.0 -9999.0 -9999.0 -9999.0 -9999.0 -9999.0 -9999.0 -9999.0 -9999.0 -9999.0 -9999.0 -9999.0 -9999.0 -9999.0 -9999.0 -0.030338 -0.016107 3.807784 4.460004 4.614291 4.397099 -0.029024 -0.133685 -0.161956 -9999.0 -9999.0 -9999.0 -9999.0 -9999.0 -9999.0 -9999.0 -9999.0 -9999.0 -9999.0 -9999.0 -9999.0 -9999.0 -9999.0 -9999.0 -9999.0 -9999.0 -9999.0 -9999.0 -9999.0 -9999.0 -9999.0 -9999.0 -9999.0 -9999.0 -9999.0 -9999.0 -9999.0 -9999.0 -9999.0 -9999.0
-9999.0 -9999.0 -9999.0 -9999.0 -9999.0 -9999.0 -9999.0 -9999.0 -9999.0 -9999.0 -9999.0 -9999.0 -9999.0 -9999.0 -9999.0 -9999.0 -9999.0 -9999.0 7.785083 -0.022191 -9999.0 -0.021203 -0.017661 3.444932 3.843040 4.497426 5.206109 5.535775 3.238732 1.637498 -0.033426 -0.122402 -0.250976 -0.012983 -9999.0 -9999.0 -9999.0 -9999.0 -9999.0 -9999.0 -9999.0 -9999.0 -9999.0 -9999.0 -9999.0 -9999.0 -9999.0 -9999.0 -9999.0 -9999.0 -9999.0 -9999.0 -9999.0 -9999.0 -9999.0 -9999.0 -9999.0 -9999.0 -9999.0 -9999.0 -9999.0 -9999.0 -9999.0
-9999.0 -9999.0 -9999.0 -9999.0 -9999.0 -9999.0 -9999.0 -9999.0 -9999.0 -9999.0 -9999.0 -9999.0 -9999.0 -9999.0 -9999.0 -9999.0 -9999.0 5.436736 4.112132 4.078124 3.766037 -0.014426 1.678368 2.958933 5.921097 0.437343 -0.057990 1.395951 -0.037605 2.529158 0.255773 -0.031598 1.234831 -0.007639 -0.253871 -0.300768 -9999.0 -9999.0 -9999.0 -9999.0 -9999.0 -9999.0 -9999.0 -9999.0 -9999.0 -9999.0 -9999.0 -9999.0 -9999.0 -9999.0 -9999.0 -9999.0 -9999.0 -9999.0 -9999.0 -9999.0 -9999.0 -9999.0 -9999.0 -9999.0 -9999.0 -9999.0 -9999.0
-9999.0 -9999.0 -9999.0 -9999.0 -9999.0 -9999.0 -9999.0 -9999.0 -9999.0 -9999.0 -9999.0 -9999.0 -9999.0 6.253620 3.018181 3.603522 4.899840 11.568780 4.970438 3.599201 3.575974 3.395011 3.977695 6.068545 -0.014421 -0.018626 -0.214298 -0.058103 -0.079448 -0.014627 -0.784589 -0.010981 -0.046649 -0.074943 -0.219899 -0.352295 -9999.0 -9999.0 -9999.0 -9999.0 -9999.0 -9999.0 -9999.0 -9999.0 -9999.0 -9999.0 -9999.0 -9999.0 -9999.0 -9999.0 -9999.0 -9999.0 -9999.0 -9999.0 -9999.0 -9999.0 -9999.0 -9999.0 -9999.0 -9999.0 -9999.0 -9999.0 -9999.0
-9999.0 -9999.0 -9999.0 -9999.0 -9999.0 -9999.0 -9999.0 -9999.0 -9999.0 -9999.0 -9999.0 -9999.0 -9999.0 7.457946 5.158752 4.470748 4.441212 12.280786 11.629332 5.308959 4.193925 7.250275 2.972310 1.890054 2.864171 1.903334 -0.057292 -0.004029 -0.197265 -0.144393 -0.071037 -0.115637 -0.337588 -0.587327 -0.439329 -9999.0 -9999.0 -9999.0 -9999.0 -9999.0 -9999.0 -9999.0 -9999.0 -9999.0 -9999.0 -9999.0 -9999.0 -9999.0 -9999.0 -9999.0 -9999.0 -9999.0 -9999.0 -9999.0 -9999.0 -9999.0 -9999.0 -9999.0 -9999.0 -9999.0 -9999.0 -9999.0 -9999.0
-9999.0 -9999.0 -9999.0 -9999.0 -9999.0 -9999.0 -9999.0 -9999.0 -9999.0 -9999.0 -9999.0 -9999.0 -9999.0 4.764687 4.835665 5.868421 3.997442 4.697527 12.104855 5.056490 9.675585 2.680890 0.969920 -0.027269 2.642616 2.274393 0.764703 -0.222059 -0.157329 -0.322719 -0.146222 -0.733092 -0.678752 -8.154556 -0.383819 -9999.0 -9999.0 -9999.0 -9999.0 -9999.0 -9999.0 -9999.0 -9999.0 -9999.0 -9999.0 -9999.0 -9999.0 -9999.0 -9999.0 -9999.0 -9999.0 -9999.0 -9999.0 -9999.0 -9999.0 -9999.0 -9999.0 -9999.0 -9999.0 -9999.0 -9999.0 -9999.0 -9999.0
-9999.0 -9999.0 -9999.0 -9999.0 -9999.0 -9999.0 -9999.0 -9999.0 -9999.0 -9999.0 -9999.0 -9999.0 3.528024 4.339996 5.481918 3.842527 2.632151 4.452565 13.252385 5.623734 3.662781 -0.023563 1.487509 -0.044677 -0.828843 -0.067449 -1.972762 -0.142536 -0.049165 -0.371000 -0.667704 -0.254699 -0.334891 -0.384086 -9999.0 -9999.0 -9999.0 -9999.0 -9999.0 -9999.0 -9999.0 -9999.0 -9999.0 -9999.0 -9999.0 -9999.0 -9999.0 -9999.0 -9999.0 -9999.0 -9999.0 -9999.0 -9999.0 -9999.0 -9999.0 -9999.0 -9999.0 -9999.0 -9999.0 -9999.0 -9999.0 -9999.0 -9999.0
-9999.0 -9999.0 -9999.0 -9999.0 -9999.0 -9999.0 -9999.0 -9999.0 -9999.0 -9999.0 -9999.0 5.677838 4.917067 4.244599 4.957260 9.149751 4.592535 4.586606 13.020812 6.799608 2.896334 3.328048 1.279376 -0.029687 1.726272 -0.036857 -0.167674 -0.075737 -0.329186 -0.517063 -0.245146 -0.040436 -0.203943 -0.277171 -0.255621 -0.167725 -0.201553 -0.060954 -0.046691 -9999.0 -9999.0 -9999.0 -0.145236 -9999.0 -9999.0 -9999.0 -9999.0 -9999.0 -9999.0 -9999.0 -9999.0 -9999.0 -9999.0 -9999.0 -9999.0 -9999.0 -9999.0 -9999.0 -9999.0 -9999.0 -9999.0 -9999.0 -9999.0
-9999.0 -9999.0 -9999.0 -9999.0 -9999.0 -9999.0 -9999.0 -9999.0 -9999.0 -9999.0 -9999.0 3.367280 5.007875 6.567254 6.325622 8.245588 7.433185 5.073319 13.109449 9.479217 9.833861 6.509547 -0.012072 -0.918279 -0.300946 -0.066999 -0.120382 -0.033373 -0.036867 -0.304576 -0.075144 -0.022129 -0.194810 -0.463070 -0.421879 -0.077349 -0.027695 -0.012991 -0.060171 -0.258755 -0.251374 -0.259672 -0.112479 -0.236353 -9999.0 -9999.0 -9999.0 -0.605940 -0.644084 -0.431518 -0.541891 -0.751392 -0.777703 -0.787163 -0.908585 -0.831442 -9999.0 -9999.0 -9999.0 -9999.0 -9999.0 -9999.0 -9999.0
-9999.0 -9999.0 -9999.0 -9999.0 -9999.0 -9999.0 -9999.0 -9999.0 -9999.0 -9999.0 -9999.0 1.838214 4.465804 3.127099 8.168889 9.693000 3.736374 4.346328 10.626290 9.338865 2.790523 -0.011866 -0.215666 -0.035615 -0.067336 -0.004877 -0.259668 -2.344105 -0.167641 -0.406376 -0.192223 -0.414941 -0.036961 -0.451251 -0.249922 -0.031790 -0.147643 -0.470375 2.101012 -0.183225 -0.047884 -0.191746 -0.033805 -0.074554 -0.492211 -9999.0 -0.374602 -0.489523 -0.116377 -0.043297 -0.023658 0.830922 -0.038915 -0.130819 -0.132447 -0.438663 -9999.0 -9999.0 -9999.0 -9999.0 -9999.0 -9999.0 -9999.0
-9999.0 -9999.0 -9999.0 -9999.0 -9999.0 -9999.0 -9999.0 -9999.0 -9999.0 -9999.0 -9999.0 -9999.0 4.621139 -0.008964 7.312388 7.964762 1.369667 3.376999 12.356606 9.191185 2.654235 1.863444 -0.029456 -0.138214 -1.343593 -0.305027 -0.006781 -0.034342 -0.124820 -0.225510 -0.115560 -0.261029 -0.018088 -0.140989 -0.287791 -0.061968 -0.262950 -0.430155 5.084909 -0.014323 -0.014360 1.643551 -0.138679 -0.013528 -0.209594 -0.518510 -0.302282 -0.457046 -1.311493 -0.152073 -0.078771 -0.244994 -2.444733 -0.807548 -1.484395 -0.077696 -0.402339 -9999.0 -9999.0 -9999.0 -9999.0 -9999.0 -9999.0
-9999.0 -9999.0 -9999.0 -9999.0 -9999.0 -9999.0 -9999.0 -9999.0 -9999.0 -9999.0 -9999.0 -0.149609 -0.023039 6.364893 -0.008156 1.191459 3.020017 2.688120 11.687465 4.576933 2.911478 1.348460 -0.004546 -0.305703 -0.251369 -0.357099 -0.147272 -0.136604 -0.145524 -0.002696 -0.297945 -0.710395 -0.024142 -0.135308 -0.478420 -0.072980 -0.055869 -0.135005 -0.010948 4.482926 -0.136031 -0.027333 -0.004591 -0.088779 -0.013791 -0.131399 -0.066229 -0.002291 1.254054 -0.055509 -2.426485 -0.127415 -2.458249 -4.399290 -5.077325 -0.761209 -0.374771 -9999.0 -9999.0 -9999.0 -9999.0 -9999.0 -9999.0
-9999.0 -9999.0 -9999.0 -9999.0 -9999.0 -9999.0 -9999.0 -9999.0 -9999.0 -9999.0 -0.003629 -0.077302 -0.020624 -0.019097 5.052133 -0.037423 -0.037989 0.419394 3.740384 4.229455 7.267033 5.316354 -0.207009 -0.011716 -0.036346 -1.014045 -0.769863 -3.539116 -0.015681 -0.024460 -0.053791 -0.711357 -0.030950 -0.141997 -0.392871 -0.186528 -0.030344 -0.183367 -0.057414 0.001147 0.017887 1.734141 6.919002 1.435046 -0.054742 -0.002779 -0.036505 -0.120268 -0.065000 -0.034821 -3.703576 -0.555116 -5.552363 -1.461433 -0.962741 -0.137054 -0.132507 -9999.0 -9999.0 -9999.0 -9999.0 -9999.0 -9999.0
-9999.0 -9999.0 -9999.0 -9999.0 -9999.0 -9999.0 -9999.0 -9999.0 -9999.0 -0.054796 -0.009443 -0.061620 -0.029914 -0.149406 -0.040955 -0.035549 -0.062264 6.921480 3.660335 4.260027 7.634949 1.094612 0.914386 2.056476 -0.004969 -1.053539 -1.568527 -0.025930 -0.077132 -0.027366 -0.003574 -1.255323 -0.182510 -0.324633 -0.244162 -0.187278 -0.033028 -0.347268 -0.221235 -0.057187 -0.680943 -0.117589 -0.157987 2.204262 1.767532 -0.058660 5.068143 -0.173620 -0.166682 -0.003061 -0.735079 -0.390744 -1.568727 -1.093626 -0.787600 -2.775572 -1.666776 -0.258527 -0.703992 -9999.0 -9999.0 -9999.0 -9999.0
-9999.0 -9999.0 -9999.0 -9999.0 -9999.0 -9999.0 -9999.0 -9999.0 -9999.0 -0.041453 -0.061816 -0.016061 2.799127 -0.017859 -0.074919 -0.151462 2.901636 2.142199 4.218646 8.685269 8.255871 7.716025 5.618064 1.048118 -0.668482 -0.428902 -0.136403 -0.035020 0.324337 1.710628 0.879367 -1.618648 -0.068921 -0.344046 -0.119175 -0.189612 -0.016871 1.303726 -0.062267 -0.019919 -0.193398 -0.707298 -0.113615 1.427916 2.962395 3.522404 3.376759 1.846962 -0.022931 -0.004960 -2.505785 -4.535146 -1.460479 -0.992512 -0.421125 -3.612929 -1.547474 -0.787032 -0.145651 -9999.0 -9999.0 -9999.0 -9999.0
-9999.0 -9999.0 -9999.0 -9999.0 -9999.0 -9999.0 -9999.0 -9999.0 -9999.0 -9999.0 -0.117409 -0.024585 -0.037704 -0.382079 -0.012618 -0.062159 -0.021371 3.389090 4.990736 5.930079 8.293716 2.770557 -0.024399 -0.084030 -0.261117 -0.054296 -0.002660 1.866794 0.026583 -1.194603 -1.524983 -2.181477 -2.836399 -0.147117 -0.039475 -0.022134 -0.019714 -0.014049 -0.151067 -0.075006 -0.121388 -0.012690 0.044835 -0.050770 -0.013319 -0.009519 1.913886 6.103663 4.266290 0.002544 -1.451586 -1.827929 -0.889678 -1.586975 -1.090992 -0.514274 -0.052786 -1.069327 -0.040670 -0.043801 -9999.0 -9999.0 -9999.0
-9999.0 -9999.0 -9999.0 -9999.0 -9999.0 -9999.0 -9999.0 -9999.0 -9999.0 -9999.0 -0.125171 -0.042043 -0.018406 -0.027286 4.300421 0.743297 -0.011678 2.793061 5.443259 6.549652 3.544329 1.728753 -0.031273 -0.093084 -0.053073 0.422241 2.464278 -0.012162 -0.880843 -2.569312 -0.099597 -0.009756 -2.903164 -0.283108 -0.077478 0.021721 -0.875460 -0.058760 -0.812982 -0.143893 -0.073165 2.135614 -0.142911 -0.030225 -0.009906 -0.102206 -0.032411 -0.013645 3.283628 3.901044 -0.002802 -1.061986 -3.281871 -0.724250 -2.226092 -1.309316 -0.536040 -0.192412 1.754105 2.669920 -9999.0 -9999.0 -9999.0
-9999.0 -9999.0 -9999.0 -9999.0 -9999.0 -9999.0 -9999.0 -9999.0 -0.035274 -0.116001 -0.235947 -0.032004 -0.221903 -0.113522 -0.043290 1.921855 3.090970 8.545099 6.849126 6.925002 5.268857 4.216533 3.360140 1.712093 1.796667 2.059794 3.700475 -0.420796 -0.544373 -2.459065 -0.479889 -0.073529 -0.076123 -0.204049 -0.066093 -0.061176 4.975570 -0.031350 -2.113100 -0.192940 -0.002167 -0.011740 -2.471677 -0.164785 2.402799 -0.000392 -1.946535 -0.127039 -0.011398 3.149897 0.012389 -0.350503 -2.305682 -4.930949 -0.998435 -0.270902 -0.209329 -0.010678 1.702933 4.711926 -9999.0 -9999.0 -9999.0
-9999.0 -9999.0 -9999.0 -9999.0 -9999.0 -9999.0 -9999.0 -9999.0 -2.250239 -0.254679 -1.853606 -0.144910 -0.059904 -1.402799 -0.508424 -0.010294 2.081256 2.667288 5.620559 7.486553 12.858424 11.086058 10.637857 9.675083 3.548965 3.552050 0.930539 -0.077129 -2.841859 -0.139554 -0.409650 -0.026469 -0.055045 -0.007708 -0.033488 -0.020153 7.246969 0.004093 -0.100380 -0.033483 -0.091896 -0.237155 -0.005968 -0.029311 -0.034487 -0.179713 -3.021991 -0.035666 -0.074522 1.827425 2.419106 -0.080304 -3.242565 -0.486217 -0.042379 -0.537294 -0.308587 -0.031043 4.245983 6.631353 7.358184 -9999.0 -9999.0
-9999.0 -9999.0 -9999.0 -9999.0 -9999.0 -9999.0 -9999.0 -9999.0 -0.082652 -0.055440 -0.073039 -2.627146 -0.032615 -2.250145 -0.173667 -0.376400 0.745121 3.912524 5.559076 12.367458 7.933779 11.148539 11.296077 6.626044 8.838618 3.392067 0.379548 -0.831112 -3.360159 -0.075486 -0.003473 -0.009696 -0.878473 -0.484903 -0.010515 6.582159 -0.011357 2.248364 -0.028603 -0.130957 -0.033769 0.841233 -0.033592 -0.056979 -0.367679 -0.036959 -0.191087 -0.066034 -1.309255 -0.020293 2.969775 0.000944 -2.211742 -3.116771 -0.116633 -0.023957 1.545971 3.598837 6.381145 6.910081 7.201407 -9999.0 -9999.0
-9999.0 -9999.0 -9999.0 -9999.0 -9999.0 -9999.0 -9999.0 -9999.0 -0.404775 -0.034275 -0.129398 -3.276958 -0.048205 -0.429421 -0.102953 -0.002210 4.111065 5.362552 8.624649 5.801955 7.366406 7.816915 10.655316 9.756977 3.775832 1.273145 -0.048134 -1.552650 -0.019445 -0.115450 -0.168387 -0.083894 -0.012257 -0.003114 -0.068292 4.077475 7.753418 4.275896 1.146797 -0.038054 -0.026840 -0.016702 -0.019229 2.119780 -0.048541 0.324076 -0.014636 1.226788 -0.063738 -0.211957 -0.015854 2.705148 -0.002453 -0.088683 0.015460 2.182058 4.531401 5.079377 5.910510 6.952470 6.101166 2.914217 -9999.0
-9999.0 -9999.0 -9999.0 -9999.0 -9999.0 -9999.0 -9999.0 -9999.0 -0.677299 -0.049712 -1.523233 -1.149298 -0.140383 -0.055605 1.912271 3.377639 6.011891 2.703875 1.186844 3.045004 4.893907 7.266536 7.413566 7.065368 7.815842 0.526632 -0.672539 -0.055434 -0.010228 -0.001295 -0.099956 -0.003323 3.931683 1.952562 1.505253 2.826699 4.218680 6.221819 5.594794 3.423594 1.966315 1.710725 1.930829 -0.014483 -0.190990 -0.012376 -0.084036 -0.034232 -0.096915 -0.004974 2.881179 1.924475 2.270469 2.440793 3.072374 3.469367 4.384296 5.490755 6.250388 6.188706 4.363518 2.333790 -9999.0
-9999.0 -9999.0 -0.027621 -0.041015 -2.657122 -0.593488 -1.788538 -1.509282 -0.137883 -0.074232 -0.247507 -0.305241 -0.050120 -0.000154 5.602044 1.820651 -0.021534 -0.830825 -0.134071 -0.008547 2.921021 5.639612 6.787266 6.262059 5.193153 2.203076 0.068619 0.712002 2.846481 5.680231 -0.022580 1.140431 8.039838 3.623409 5.466780 4.828764 7.892804 8.459294 7.368797 4.713023 5.588181 5.641107 4.480667 4.082707 -0.012152 1.598562 2.671555 1.940404 3.924780 4.884034 5.477882 4.958692 4.121105 3.383366 3.215678 8.551869 4.046515 4.759324 4.733526 3.725167 6.280730 1.562437 -9999.0
-9999.0 -0.144711 -0.161134 -0.208742 -0.467843 -0.197206 -1.878299 -2.088848 -3.010492 -0.188301 -1.289282 -0.459013 -0.001921 3.804324 2.567841 -0.110898 -0.300076 -0.962499 -0.354155 -0.018472 2.708761 4.451757 8.695995 5.101056 9.100894 4.996866 7.449679 7.834310 5.702960 4.590939 4.284514 4.505932 6.213209 10.691088 8.540928 9.816815 11.425213 11.358134 11.596318 9.965390 9.110546 8.959538 8.203910 4.993883 3.719592 4.104994 5.727075 6.094986 7.370369 6.283069 5.900971 4.873850 3.845079 2.866994 2.759462 2.066721 0.870331 1.238515 1.846170 3.528928 0.686011 1.368271 -9999.0
-9999.0 2.055735 -0.034205 -0.035398 0.013899 -0.061676 -2.092495 -2.568164 -0.217988 -0.287314 -1.791296 -0.823242 0.019109 3.057967 -0.056542 -2.221535 -1.936987 -1.269576 -0.093509 -0.013817 4.423698 2.289209 3.282497 4.075971 9.826582 10.807683 5.592116 6.875110 7.114203 6.557894 6.698103 6.476899 8.089533 8.927508 13.317983 12.034252 18.715000 19.760881 14.424059 13.370092 12.692602 11.688362 10.654691 8.238912 8.094393 7.959483 8.599876 8.433751 7.738451 6.892951 5.133199 2.304368 1.045240 1.638662 0.693705 -0.037688 -0.247650 -0.048212 -0.035746 -0.063134 -0.031428 -9999.0 -9999.0
