user2019/resources/simulation/Vinschgau/output-maps/TsL0006N0748.asc
ncols         63
nrows         48
xllcorner     598000.000000
yllcorner     5145000.000000
cellsize      1000.000000
NODATA_value  -9999.0
[rows 0 to 27 of 48, columns 0 to 62 of 63]
-9999.0 -9999.0 -9999.0 -9999.0 -9999.0 -9999.0 -9999.0 -9999.0 -9999.0 -9999.0 -9999.0 -9999.0 -9999.0 -9999.0 -9999.0 -9999.0 -9999.0 -9999.0 -9999.0 -9999.0 -9999.0 -9999.0 -9999.0 -9999.0 -9999.0 -9999.0 -9999.0 -9999.0 -9999.0 -9999.0 -9999.0 -9999.0 -9999.0 -9999.0 -9999.0 -9999.0 -9999.0 -9999.0 -9999.0 -9999.0 -9999.0 -9999.0 -9999.0 -9999.0 -9999.0 -9999.0 -9999.0 -9999.0 -9999.0 -9999.0 -9999.0 -9999.0 -9999.0 -9999.0 -9999.0 -9999.0 -9999.0 -9999.0 -9999.0 -9999.0 -9999.0 -9999.0 -9999.0
-9999.0 -9999.0 -9999.0 -9999.0 -9999.0 -9999.0 -9999.0 -9999.0 -9999.0 -9999.0 -9999.0 -9999.0 -9999.0 -9999.0 -9999.0 -9999.0 -9999.0 -9999.0 -9999.0 -9999.0 -9999.0 -9999.0 -9999.0 -9999.0 -9999.0 -9999.0 -9999.0 -2.352068 0.127589 -2.637025 -1.746188 -2.222945 -1.646228 -9999.0 -9999.0 -9999.0 -9999.0 -9999.0 -9999.0 -9999.0 -9999.0 -9999.0 -9999.0 -9999.0 -9999.0 -9999.0 -9999.0 -9999.0 -9999.0 -9999.0 -9999.0 -9999.0 -9999.0 -9999.0 -9999.0 -9999.0 -9999.0 -9999.0 -9999.0 -9999.0 -9999.0 -9999.0 -9999.0
-9999.0 -9999.0 -9999.0 -9999.0 -9999.0 -9999.0 -9999.0 -9999.0 -9999.0 -9999.0 -9999.0 -9999.0 -9999.0 -9999.0 -9999.0 -9999.0 -9999.0 -9999.0 -9999.0 -9999.0 -9999.0 -9999.0 -9999.0 -9999.0 0.216534 0.387274 0.470511 0.394765 0.216496 0.111461 -0.002061 -9999.0 -9999.0 -9999.0 -9999.0 -9999.0 -9999.0 -9999.0 -9999.0 -9999.0 -9999.0 -9999.0 -9999.0 -9999.0 -9999.0 -9999.0 -9999.0 -9999.0 -9999.0 -9999.0 -9999.0 -9999.0 -9999.0 -9999.0 -9999.0 -9999.0 -9999.0 -9999.0 -9999.0 -9999.0 -9999.0 -9999.0 -9999.0
-9999.0 -9999.0 -9999.0 -9999.0 -9999.0 -9999.0 -9999.0 -9999.0 -9999.0 -9999.0 -9999.0 -9999.0 -9999.0 -9999.0 -9999.0 -9999.0 -9999.0 -9999.0 -9999.0 -9999.0 -9999.0 -9999.0 -9999.0 0.365305 0.612818 1.767963 1.729352 1.810654 0.428879 0.354106 0.100639 -0.193367 -9999.0 -9999.0 -9999.0 -9999.0 -9999.0 -9999.0 -9999.0 -9999.0 -9999.0 -9999.0 -9999.0 -9999.0 -9999.0 -9999.0 -9999.0 -9999.0 -9999.0 -9999.0 -9999.0 -9999.0 -9999.0 -9999.0 -9999.0 -9999.0 -9999.0 -9999.0 -9999.0 -9999.0 -9999.0 -9999.0 -9999.0
-9999.0 -9999.0 -9999.0 -9999.0 -9999.0 -9999.0 -9999.0 -9999.0 -9999.0 -9999.0 -9999.0 -9999.0 -9999.0 -9999.0 -9999.0 -9999.0 -9999.0 -9999.0 2.005177 0.578102 -9999.0 0.335374 0.533108 1.252774 1.059264 2.372747 1.668380 1.577295 2.147027 0.665657 0.206834 -0.001578 -3.058281 -4.119836 -9999.0 -9999.0 -9999.0 -9999.0 -9999.0 -9999.0 -9999.0 -9999.0 -9999.0 -9999.0 -9999.0 -9999.0 -9999.0 -9999.0 -9999.0 -9999.0 -9999.0 -9999.0 -9999.0 -9999.0 -9999.0 -9999.0 -9999.0 -9999.0 -9999.0 -9999.0 -9999.0 -9999.0 -9999.0
-9999.0 -9999.0 -9999.0 -9999.0 -9999.0 -9999.0 -9999.0 -9999.0 -9999.0 -9999.0 -9999.0 -9999.0 -9999.0 -9999.0 -9999.0 -9999.0 -9999.0 4.645603 2.584134 2.078809 0.267731 0.456178 0.626692 0.390632 2.569871 0.371385 0.244926 0.165794 0.146192 0.469664 0.517625 -0.000323 -1.908780 -3.078874 -4.069899 -4.685144 -9999.0 -9999.0 -9999.0 -9999.0 -9999.0 -9999.0 -9999.0 -9999.0 -9999.0 -9999.0 -9999.0 -9999.0 -9999.0 -9999.0 -9999.0 -9999.0 -9999.0 -9999.0 -9999.0 -9999.0 -9999.0 -9999.0 -9999.0 -9999.0 -9999.0 -9999.0 -9999.0
-9999.0 -9999.0 -9999.0 -9999.0 -9999.0 -9999.0 -9999.0 -9999.0 -9999.0 -9999.0 -9999.0 -9999.0 -9999.0 0.330933 1.054914 2.397538 4.268890 5.673392 4.270276 1.692787 1.339495 1.294897 1.033420 2.346439 0.317732 0.248884 -0.978695 -0.004307 0.270195 0.316625 0.323284 0.112978 -0.004664 -1.637406 -3.391253 -4.200303 -9999.0 -9999.0 -9999.0 -9999.0 -9999.0 -9999.0 -9999.0 -9999.0 -9999.0 -9999.0 -9999.0 -9999.0 -9999.0 -9999.0 -9999.0 -9999.0 -9999.0 -9999.0 -9999.0 -9999.0 -9999.0 -9999.0 -9999.0 -9999.0 -9999.0 -9999.0 -9999.0
-9999.0 -9999.0 -9999.0 -9999.0 -9999.0 -9999.0 -9999.0 -9999.0 -9999.0 -9999.0 -9999.0 -9999.0 -9999.0 0.816862 2.261211 3.029807 3.244545 4.626162 5.757254 3.339676 2.864036 2.053716 1.355133 0.439119 0.326523 0.103768 0.140466 -2.885682 -2.836258 -0.007092 -0.002390 -1.695381 -3.643644 -5.005995 -4.298669 -9999.0 -9999.0 -9999.0 -9999.0 -9999.0 -9999.0 -9999.0 -9999.0 -9999.0 -9999.0 -9999.0 -9999.0 -9999.0 -9999.0 -9999.0 -9999.0 -9999.0 -9999.0 -9999.0 -9999.0 -9999.0 -9999.0 -9999.0 -9999.0 -9999.0 -9999.0 -9999.0 -9999.0
-9999.0 -9999.0 -9999.0 -9999.0 -9999.0 -9999.0 -9999.0 -9999.0 -9999.0 -9999.0 -9999.0 -9999.0 -9999.0 2.024180 2.463598 3.150030 2.690263 3.510509 6.033933 3.943187 2.558833 0.695088 0.164462 0.209788 0.664945 0.217671 -2.021890 -2.997963 -0.001829 -4.576836 -1.802202 -4.358547 -4.990963 -3.632674 -5.043862 -9999.0 -9999.0 -9999.0 -9999.0 -9999.0 -9999.0 -9999.0 -9999.0 -9999.0 -9999.0 -9999.0 -9999.0 -9999.0 -9999.0 -9999.0 -9999.0 -9999.0 -9999.0 -9999.0 -9999.0 -9999.0 -9999.0 -9999.0 -9999.0 -9999.0 -9999.0 -9999.0 -9999.0
-9999.0 -9999.0 -9999.0 -9999.0 -9999.0 -9999.0 -9999.0 -9999.0 -9999.0 -9999.0 -9999.0 -9999.0 0.754688 1.921381 2.446565 0.792508 0.884317 2.906702 5.417655 3.391486 1.365664 0.330609 0.074803 0.222927 0.434437 -0.000280 -0.002135 -0.001080 -0.001382 -3.815811 -2.247256 -3.499101 -1.986480 -4.600527 -9999.0 -9999.0 -9999.0 -9999.0 -9999.0 -9999.0 -9999.0 -9999.0 -9999.0 -9999.0 -9999.0 -9999.0 -9999.0 -9999.0 -9999.0 -9999.0 -9999.0 -9999.0 -9999.0 -9999.0 -9999.0 -9999.0 -9999.0 -9999.0 -9999.0 -9999.0 -9999.0 -9999.0 -9999.0
-9999.0 -9999.0 -9999.0 -9999.0 -9999.0 -9999.0 -9999.0 -9999.0 -9999.0 -9999.0 -9999.0 0.199492 0.505525 1.725475 1.186662 0.654144 1.588723 2.725031 5.598914 2.566343 1.225692 1.252984 0.145805 0.073276 0.109872 -0.002078 -2.693822 -0.002899 -0.002294 -4.006452 -3.325450 -0.001140 -3.381856 -3.761495 -4.075078 -3.245860 -0.001543 -0.003201 -0.229308 -9999.0 -9999.0 -9999.0 -3.758934 -9999.0 -9999.0 -9999.0 -9999.0 -9999.0 -9999.0 -9999.0 -9999.0 -9999.0 -9999.0 -9999.0 -9999.0 -9999.0 -9999.0 -9999.0 -9999.0 -9999.0 -9999.0 -9999.0 -9999.0
-9999.0 -9999.0 -9999.0 -9999.0 -9999.0 -9999.0 -9999.0 -9999.0 -9999.0 -9999.0 -9999.0 0.150002 0.431874 1.540370 2.152653 0.085411 3.372092 3.247984 5.658491 4.112996 2.763059 0.699157 0.183339 0.014865 -0.003967 -0.001742 0.099810 -0.000846 -2.527734 -3.839179 -0.120686 0.121743 -0.001120 -2.156727 -0.973387 -0.936246 0.289122 0.820202 -0.002440 -3.472378 -3.457979 -3.778532 -1.496638 -3.060374 -9999.0 -9999.0 -9999.0 -0.478544 -1.808633 -4.013711 -1.572806 -3.925570 -4.134192 -0.012822 -2.712422 -4.517089 -9999.0 -9999.0 -9999.0 -9999.0 -9999.0 -9999.0 -9999.0
-9999.0 -9999.0 -9999.0 -9999.0 -9999.0 -9999.0 -9999.0 -9999.0 -9999.0 -9999.0 -9999.0 0.174531 0.140484 0.098510 0.752983 0.590431 0.251451 2.260002 4.118643 4.627591 1.871992 0.268811 0.187239 0.171652 -0.002307 -1.648549 -0.001226 -0.001076 -2.626322 -1.684131 -2.799889 -1.106820 -0.000655 -1.397590 -3.092970 -0.000762 -0.002110 0.154255 1.580781 -1.648335 0.331338 -1.471405 -0.001163 -0.001019 -0.215486 -9999.0 -4.438537 -2.124028 -1.303837 -0.001657 -0.002105 -2.347154 -1.599222 -1.400010 -1.850094 -2.067770 -9999.0 -9999.0 -9999.0 -9999.0 -9999.0 -9999.0 -9999.0
-9999.0 -9999.0 -9999.0 -9999.0 -9999.0 -9999.0 -9999.0 -9999.0 -9999.0 -9999.0 -9999.0 -9999.0 0.126769 0.074966 0.785461 0.710668 0.170041 1.829339 4.137058 4.635446 1.336901 0.210564 0.171004 0.062667 0.055893 0.101757 0.700235 -1.438426 -1.756217 -3.019701 -0.001115 -0.003093 -0.005876 -1.839995 -1.383150 -0.932144 0.110463 0.868840 3.137668 0.162078 1.038826 -0.021758 -0.002514 0.185968 -2.813613 -1.509925 -3.589164 -1.459903 -2.933792 -0.001819 0.618456 -0.003444 -0.000675 -0.004893 -0.008981 -0.030396 -0.024520 -9999.0 -9999.0 -9999.0 -9999.0 -9999.0 -9999.0
-9999.0 -9999.0 -9999.0 -9999.0 -9999.0 -9999.0 -9999.0 -9999.0 -9999.0 -9999.0 -9999.0 -0.002445 0.062321 0.090196 0.118470 0.146078 0.386189 1.039350 3.481715 3.692416 1.544850 0.247308 0.273732 0.137986 0.138181 0.172043 -0.001645 -0.006540 -0.000395 -2.126321 -0.002947 0.140198 0.214912 -1.809920 -1.711445 -1.611672 -0.002302 0.364183 1.432045 2.190706 0.177629 0.485399 0.177427 -1.422445 0.612526 -0.000522 -0.003900 -2.715523 -2.215091 0.219547 -2.495085 -1.168175 -0.299167 -3.672200 -3.933705 -3.143288 -3.805464 -9999.0 -9999.0 -9999.0 -9999.0 -9999.0 -9999.0
-9999.0 -9999.0 -9999.0 -9999.0 -9999.0 -9999.0 -9999.0 -9999.0 -9999.0 -9999.0 0.463044 0.062897 0.386780 0.339167 0.640169 0.462501 0.279606 0.276431 2.877156 3.424821 2.858502 1.527813 0.154302 0.765770 0.425724 0.278434 -0.001911 -2.792149 0.085674 0.208566 0.202969 0.059959 0.033050 -1.819318 -4.352215 -2.806389 0.088958 -0.003123 0.205985 0.236010 0.215900 0.688589 1.850701 0.471970 0.149726 -1.328293 -0.002051 0.057351 0.198383 0.152018 -2.850156 -3.734191 -4.225206 -4.011831 -5.076418 -1.780548 -1.723500 -9999.0 -9999.0 -9999.0 -9999.0 -9999.0 -9999.0
-9999.0 -9999.0 -9999.0 -9999.0 -9999.0 -9999.0 -9999.0 -9999.0 -9999.0 -0.003608 0.174360 0.107907 0.178615 0.202314 0.209518 0.105625 0.180151 1.326763 2.543902 3.874878 3.585475 0.527219 0.363640 0.810521 0.586114 0.041325 0.097821 0.372280 0.169320 0.360882 0.167544 -1.740800 -2.657446 -5.197651 -3.621048 -3.416209 -0.001561 -0.004420 -0.003756 0.088987 0.050834 0.185292 0.130568 1.190775 0.610238 0.344376 0.943723 0.277923 0.256146 1.023846 -2.619196 -3.898742 -4.095464 -4.861220 -4.411024 -3.473445 -0.007280 -2.891333 -3.703938 -9999.0 -9999.0 -9999.0 -9999.0
-9999.0 -9999.0 -9999.0 -9999.0 -9999.0 -9999.0 -9999.0 -9999.0 -9999.0 -1.598354 -1.333213 0.066375 1.470843 0.278870 0.334850 0.228419 0.702443 0.682587 3.074591 4.934131 4.559429 3.603100 2.091620 0.651732 0.067562 0.141557 0.344833 0.494749 0.237477 0.379976 0.279787 -2.963148 -0.451861 -1.354954 -1.478384 -2.168744 -2.146829 -1.523425 0.029312 0.053666 -0.002762 0.043363 0.290083 0.276285 1.827787 1.378131 0.948497 0.278350 0.158361 0.198690 -2.525720 -3.484216 -4.683332 -4.741121 -3.911800 -2.178959 -2.495091 -0.003133 -1.463209 -9999.0 -9999.0 -9999.0 -9999.0
-9999.0 -9999.0 -9999.0 -9999.0 -9999.0 -9999.0 -9999.0 -9999.0 -9999.0 -9999.0 -0.001866 0.097960 0.088900 0.489856 0.420905 0.371929 0.403459 1.406998 3.719588 4.675065 3.951487 1.507395 0.319563 0.138985 0.224109 0.489257 0.169186 0.451665 0.298491 -0.003882 -1.364344 -0.002128 -2.463052 -1.384198 -0.000692 0.189735 0.619643 0.304835 -1.988185 -1.618978 -0.002708 0.154874 0.412427 0.134141 0.137993 0.316970 0.281745 2.626700 2.458995 0.210712 -2.976742 -2.957400 -4.014430 -4.646953 -2.685682 -2.107698 -0.004241 0.425040 0.344972 0.548860 -9999.0 -9999.0 -9999.0
-9999.0 -9999.0 -9999.0 -9999.0 -9999.0 -9999.0 -9999.0 -9999.0 -9999.0 -9999.0 -1.736679 -0.002729 0.145489 0.116630 2.674760 0.407101 0.400593 2.245096 4.414308 5.172837 3.219954 0.845147 0.357990 0.384803 0.432321 0.965839 1.158937 0.151649 -0.006350 -1.823821 -0.991975 -0.001437 -3.059217 -1.516193 -0.001710 0.055626 0.096174 0.175373 -2.592998 -0.006936 -0.209252 -1.048519 -0.002399 0.041918 0.125401 0.036139 0.179819 0.089483 1.018641 2.176570 0.107966 -1.660761 -1.407506 -4.399546 -4.965737 -4.446110 -1.543261 0.138096 0.804263 2.523368 -9999.0 -9999.0 -9999.0
-9999.0 -9999.0 -9999.0 -9999.0 -9999.0 -9999.0 -9999.0 -9999.0 -0.001062 0.127023 -0.004873 -0.002891 -0.002221 -0.001585 -0.002408 2.015979 1.860471 4.397066 5.494315 5.533915 4.953843 3.140018 2.190203 0.496301 0.710533 1.507235 2.022615 -0.004010 -0.003951 -3.430397 -4.308780 -1.582719 -1.137432 -0.019075 -0.007026 -0.000976 0.184295 0.269033 -1.428414 -2.773822 -2.745582 -0.001070 -2.812715 -2.637881 -0.894115 0.260956 -0.558224 0.127673 0.050813 3.129838 0.161094 -1.766952 -0.007061 -4.895303 -4.164271 -1.336676 -2.600093 0.804200 0.162471 3.220498 -9999.0 -9999.0 -9999.0
-9999.0 -9999.0 -9999.0 -9999.0 -9999.0 -9999.0 -9999.0 -9999.0 -1.196170 -0.003124 -2.002268 -0.026299 -0.000379 0.090961 0.104938 0.215082 1.160500 1.656311 4.474184 5.947095 6.981089 6.288045 4.741616 3.294325 2.605221 2.091147 0.232098 0.183048 -2.890534 -0.003092 -0.794298 -2.370643 -0.002697 -2.393026 -0.002488 0.120012 0.424731 0.138568 0.095301 0.070174 -0.003611 -2.853335 -2.375118 0.096956 0.269822 -0.002166 -2.497687 -0.000496 0.134929 0.540404 2.274732 0.240800 -1.886526 -0.007995 0.189298 -1.913716 0.318162 0.110059 2.604044 5.941413 6.665820 -9999.0 -9999.0
-9999.0 -9999.0 -9999.0 -9999.0 -9999.0 -9999.0 -9999.0 -9999.0 -0.009494 0.124968 0.068867 -2.243185 -0.001262 -2.087416 0.151102 0.115831 0.288735 1.473990 4.944353 7.042395 6.360527 7.095096 6.168383 5.008852 5.122687 2.205985 0.450726 0.064079 -2.666860 -0.002360 -1.960485 0.240431 -0.005524 -1.463906 0.122106 0.734369 0.213424 1.642933 0.056503 -0.001802 -0.001467 -2.126753 -0.002691 0.107605 -0.004527 -0.003422 -2.653784 0.079276 0.068136 0.264414 2.098752 0.144016 -1.750608 -2.207522 0.189164 0.100504 0.370338 2.424191 4.370370 5.556560 6.370154 -9999.0 -9999.0
-9999.0 -9999.0 -9999.0 -9999.0 -9999.0 -9999.0 -9999.0 -9999.0 -3.365623 -0.001007 0.102149 -2.613232 -0.002713 -0.003163 -1.014130 0.233321 3.137514 4.723988 4.622552 5.565160 5.888737 6.425520 7.136654 6.707807 3.460660 0.847697 0.279271 0.038020 0.526950 0.118514 0.118588 0.110976 0.248044 0.410902 -1.174160 0.550497 1.354989 2.394290 0.262770 0.110179 0.145348 0.174854 0.145690 -0.832174 0.206741 -1.717636 0.056565 -1.586837 0.193381 0.284149 0.102141 1.557089 0.168693 0.664587 0.977168 1.839787 3.329477 4.371199 5.575074 6.181153 4.695601 2.330518 -9999.0
-9999.0 -9999.0 -9999.0 -9999.0 -9999.0 -9999.0 -9999.0 -9999.0 -0.005962 -0.003329 0.120785 -0.002344 -0.451850 -0.001712 1.450243 2.289591 3.502856 2.015156 0.610778 1.981592 4.546372 6.009963 6.183571 5.936068 3.723569 0.499418 0.131824 0.445880 0.596843 0.534692 0.176960 0.407819 0.791044 0.675440 0.423188 0.817167 1.987138 3.796518 2.814460 1.700774 0.495791 0.357347 0.469359 0.330231 0.188630 0.579285 0.244157 0.299109 0.382485 0.146801 1.741311 1.604346 1.310541 2.167923 2.989706 3.759838 4.619322 5.200043 5.066094 4.076760 2.391154 1.057435 -9999.0
-9999.0 -9999.0 -0.000416 0.173835 -0.004196 0.104037 -0.003168 -0.007043 -0.004497 -0.005320 -0.002355 0.172185 0.033492 0.908581 3.101724 2.593240 0.066809 0.087221 0.169493 0.373695 1.954527 4.537372 5.482093 6.315803 4.388601 1.497569 0.452863 0.469033 1.595656 1.685596 0.379875 0.438867 3.480859 1.636974 3.053594 3.301807 5.117120 5.533535 4.522299 3.089770 3.019632 2.979889 1.765125 1.945546 0.324983 0.463538 0.602137 0.620782 2.374230 3.314104 4.285681 5.035164 4.364346 3.997396 3.862795 5.021070 3.858035 3.830965 1.645077 1.838033 1.228184 0.488672 -9999.0
-9999.0 0.181969 -0.002402 -0.001518 0.079675 -0.002247 -0.003371 -0.011187 -0.109268 -1.296334 -0.005306 -0.004269 0.970554 2.426200 2.527547 -0.001187 0.076335 0.059927 0.382759 0.382031 2.064385 3.099138 4.537223 4.451375 5.733174 4.096123 4.214536 4.331590 3.746009 3.135537 2.861864 1.556818 2.213409 5.316393 5.592800 7.220074 8.293026 9.012423 8.343163 7.309602 6.406406 6.035736 4.868700 2.721428 1.917565 3.031851 4.590646 4.525316 5.435335 4.741539 5.212393 4.643382 3.581746 3.047732 2.994741 1.985567 0.937122 1.159375 0.603815 0.537201 0.143820 0.340032 -9999.0
-9999.0 0.301473 0.113284 0.241129 1.346408 0.101650 -0.003109 -0.002510 -0.001982 -0.008592 -0.001153 0.029877 0.490861 2.595059 0.136661 -0.008800 -1.686567 0.061259 0.083432 0.159860 0.788626 1.455118 1.403437 1.437778 5.240662 6.391512 5.674660 5.993271 5.738866 5.089076 6.014003 5.481674 5.046429 5.929352 7.472257 8.753449 11.162132 12.784069 10.550533 10.137563 9.220644 7.942984 6.624772 7.143937 7.707082 6.883310 7.206759 6.847919 6.202369 5.761826 3.564842 1.158432 1.172881 0.944440 0.751795 0.062365 0.037233 0.084642 0.066803 0.075484 0.065152 -9999.0 -9999.0
