user2019/resources/simulation/Vinschgau/output-maps/TsL0002N0172.asc
ncols         63
nrows         48
xllcorner     598000.000000
yllcorner     5145000.000000
cellsize      1000.000000
NODATA_value  -9999.0
[rows 0 to 27 of 48, columns 0 to 61 of 63]
-9999.0 -9999.0 -9999.0 -9999.0 -9999.0 -9999.0 -9999.0 -9999.0 -9999.0 -9999.0 -9999.0 -9999.0 -9999.0 -9999.0 -9999.0 -9999.0 -9999.0 -9999.0 -9999.0 -9999.0 -9999.0 -9999.0 -9999.0 -9999.0 -9999.0 -9999.0 -9999.0 -9999.0 -9999.0 -9999.0 -9999.0 -9999.0 -9999.0 -9999.0 -9999.0 -9999.0 -9999.0 -9999.0 -9999.0 -9999.0 -9999.0 -9999.0 -9999.0 -9999.0 -9999.0 -9999.0 -9999.0 -9999.0 -9999.0 -9999.0 -9999.0 -9999.0 -9999.0 -9999.0 -9999.0 -9999.0 -9999.0 -9999.0 -9999.0 -9999.0 -9999.0 -9999.0
-9999.0 -9999.0 -9999.0 -9999.0 -9999.0 -9999.0 -9999.0 -9999.0 -9999.0 -9999.0 -9999.0 -9999.0 -9999.0 -9999.0 -9999.0 -9999.0 -9999.0 -9999.0 -9999.0 -9999.0 -9999.0 -9999.0 -9999.0 -9999.0 -9999.0 -9999.0 -9999.0 -3.748373 -4.099251 -4.831548 -4.832761 -5.667189 -5.880383 -9999.0 -9999.0 -9999.0 -9999.0 -9999.0 -9999.0 -9999.0 -9999.0 -9999.0 -9999.0 -9999.0 -9999.0 -9999.0 -9999.0 -9999.0 -9999.0 -9999.0 -9999.0 -9999.0 -9999.0 -9999.0 -9999.0 -9999.0 -9999.0 -9999.0 -9999.0 -9999.0 -9999.0 -9999.0
-9999.0 -9999.0 -9999.0 -9999.0 -9999.0 -9999.0 -9999.0 -9999.0 -9999.0 -9999.0 -9999.0 -9999.0 -9999.0 -9999.0 -9999.0 -9999.0 -9999.0 -9999.0 -9999.0 -9999.0 -9999.0 -9999.0 -9999.0 -9999.0 -1.882937 -3.016635 -4.163000 -4.236448 -3.888859 -4.518139 -4.201167 -9999.0 -9999.0 -9999.0 -9999.0 -9999.0 -9999.0 -9999.0 -9999.0 -9999.0 -9999.0 -9999.0 -9999.0 -9999.0 -9999.0 -9999.0 -9999.0 -9999.0 -9999.0 -9999.0 -9999.0 -9999.0 -9999.0 -9999.0 -9999.0 -9999.0 -9999.0 -9999.0 -9999.0 -9999.0 -9999.0 -9999.0
-9999.0 -9999.0 -9999.0 -9999.0 -9999.0 -9999.0 -9999.0 -9999.0 -9999.0 -9999.0 -9999.0 -9999.0 -9999.0 -9999.0 -9999.0 -9999.0 -9999.0 -9999.0 -9999.0 -9999.0 -9999.0 -9999.0 -9999.0 -2.397875 -1.984599 -0.401448 -0.644423 -1.734977 -2.198507 -5.424446 -5.102117 -3.240963 -9999.0 -9999.0 -9999.0 -9999.0 -9999.0 -9999.0 -9999.0 -9999.0 -9999.0 -9999.0 -9999.0 -9999.0 -9999.0 -9999.0 -9999.0 -9999.0 -9999.0 -9999.0 -9999.0 -9999.0 -9999.0 -9999.0 -9999.0 -9999.0 -9999.0 -9999.0 -9999.0 -9999.0 -9999.0 -9999.0
-9999.0 -9999.0 -9999.0 -9999.0 -9999.0 -9999.0 -9999.0 -9999.0 -9999.0 -9999.0 -9999.0 -9999.0 -9999.0 -9999.0 -9999.0 -9999.0 -9999.0 -9999.0 -0.326630 -1.219129 -9999.0 -1.720149 -1.718875 -0.446411 -0.437842 -6.241726 -1.712701 -1.728264 -0.976376 -1.958779 -5.579462 -4.679424 -5.956327 -6.662820 -9999.0 -9999.0 -9999.0 -9999.0 -9999.0 -9999.0 -9999.0 -9999.0 -9999.0 -9999.0 -9999.0 -9999.0 -9999.0 -9999.0 -9999.0 -9999.0 -9999.0 -9999.0 -9999.0 -9999.0 -9999.0 -9999.0 -9999.0 -9999.0 -9999.0 -9999.0 -9999.0 -9999.0
-9999.0 -9999.0 -9999.0 -9999.0 -9999.0 -9999.0 -9999.0 -9999.0 -9999.0 -9999.0 -9999.0 -9999.0 -9999.0 -9999.0 -9999.0 -9999.0 -9999.0 -2.590871 -4.279034 -3.950633 -3.300680 -1.601266 -1.838065 -3.281941 -0.816332 -3.498730 -2.442695 -1.767132 -2.988882 -1.784966 -2.049823 -5.379786 -5.921808 -6.428401 -5.399568 -6.768140 -9999.0 -9999.0 -9999.0 -9999.0 -9999.0 -9999.0 -9999.0 -9999.0 -9999.0 -9999.0 -9999.0 -9999.0 -9999.0 -9999.0 -9999.0 -9999.0 -9999.0 -9999.0 -9999.0 -9999.0 -9999.0 -9999.0 -9999.0 -9999.0 -9999.0 -9999.0
-9999.0 -9999.0 -9999.0 -9999.0 -9999.0 -9999.0 -9999.0 -9999.0 -9999.0 -9999.0 -9999.0 -9999.0 -9999.0 -2.053016 -1.418337 -1.456435 -1.473663 -3.340317 -2.777312 -1.981916 -1.000067 -0.460432 -4.134554 -1.774974 -3.921945 -3.291962 -4.197463 -2.920473 -3.580754 -1.701641 -1.847539 -3.745376 -4.718536 -6.869181 -7.298004 -7.461487 -9999.0 -9999.0 -9999.0 -9999.0 -9999.0 -9999.0 -9999.0 -9999.0 -9999.0 -9999.0 -9999.0 -9999.0 -9999.0 -9999.0 -9999.0 -9999.0 -9999.0 -9999.0 -9999.0 -9999.0 -9999.0 -9999.0 -9999.0 -9999.0 -9999.0 -9999.0
-9999.0 -9999.0 -9999.0 -9999.0 -9999.0 -9999.0 -9999.0 -9999.0 -9999.0 -9999.0 -9999.0 -9999.0 -9999.0 -1.545206 -0.306489 -0.578213 -0.572633 -0.497025 -3.510984 -3.663333 -4.740704 -3.279149 -1.351642 -1.790377 -1.641674 -2.855332 -4.372324 -5.885996 -6.204902 -4.118368 -2.472544 -6.612414 -7.362753 -7.887802 -7.858561 -9999.0 -9999.0 -9999.0 -9999.0 -9999.0 -9999.0 -9999.0 -9999.0 -9999.0 -9999.0 -9999.0 -9999.0 -9999.0 -9999.0 -9999.0 -9999.0 -9999.0 -9999.0 -9999.0 -9999.0 -9999.0 -9999.0 -9999.0 -9999.0 -9999.0 -9999.0 -9999.0
-9999.0 -9999.0 -9999.0 -9999.0 -9999.0 -9999.0 -9999.0 -9999.0 -9999.0 -9999.0 -9999.0 -9999.0 -9999.0 -1.340928 -0.331212 -0.262241 -0.591790 -1.303737 -3.403098 -1.021403 -1.325326 -4.311231 -1.747118 -1.738087 -1.687963 -1.623529 -4.294962 -6.047073 -4.541360 -6.805390 -6.348703 -7.689462 -7.708155 -8.218072 -8.155948 -9999.0 -9999.0 -9999.0 -9999.0 -9999.0 -9999.0 -9999.0 -9999.0 -9999.0 -9999.0 -9999.0 -9999.0 -9999.0 -9999.0 -9999.0 -9999.0 -9999.0 -9999.0 -9999.0 -9999.0 -9999.0 -9999.0 -9999.0 -9999.0 -9999.0 -9999.0 -9999.0
-9999.0 -9999.0 -9999.0 -9999.0 -9999.0 -9999.0 -9999.0 -9999.0 -9999.0 -9999.0 -9999.0 -9999.0 -1.451173 -0.342297 -0.250962 -2.992493 -0.316023 -0.642962 -0.569784 -4.241092 -1.568769 -2.463021 -2.645267 -1.774704 -1.573365 -5.531286 -1.818367 -3.230115 -4.726828 -6.266138 -6.614940 -5.608905 -6.352811 -7.511185 -9999.0 -9999.0 -9999.0 -9999.0 -9999.0 -9999.0 -9999.0 -9999.0 -9999.0 -9999.0 -9999.0 -9999.0 -9999.0 -9999.0 -9999.0 -9999.0 -9999.0 -9999.0 -9999.0 -9999.0 -9999.0 -9999.0 -9999.0 -9999.0 -9999.0 -9999.0 -9999.0 -9999.0
-9999.0 -9999.0 -9999.0 -9999.0 -9999.0 -9999.0 -9999.0 -9999.0 -9999.0 -9999.0 -9999.0 -1.532749 -1.333163 -0.271425 -2.249255 -1.977977 -4.227891 -0.714315 -0.594111 -3.998473 -4.086896 -0.447615 -2.614981 -4.326838 -2.823543 -3.119984 -5.775101 -3.062939 -3.424501 -6.825808 -4.775153 -5.587375 -6.070423 -8.101208 -8.417396 -9.643998 -10.861345 -10.916976 -10.440490 -9999.0 -9999.0 -9999.0 -8.358683 -9999.0 -9999.0 -9999.0 -9999.0 -9999.0 -9999.0 -9999.0 -9999.0 -9999.0 -9999.0 -9999.0 -9999.0 -9999.0 -9999.0 -9999.0 -9999.0 -9999.0 -9999.0 -9999.0
-9999.0 -9999.0 -9999.0 -9999.0 -9999.0 -9999.0 -9999.0 -9999.0 -9999.0 -9999.0 -9999.0 -1.736455 -1.486512 -1.315022 -1.360882 -3.216775 -1.599536 -1.781119 -0.576065 -0.504863 -0.337110 -0.616880 -1.825263 -2.659819 -2.540631 -4.053123 -3.868892 -3.852085 -3.855651 -6.138588 -5.360413 -6.082683 -7.535082 -6.412269 -8.878909 -9.827229 -8.950032 -6.766794 -7.872215 -12.471441 -12.196676 -10.619832 -8.572192 -7.149399 -9999.0 -9999.0 -9999.0 -0.393074 -1.532225 -1.465276 -1.329274 -1.315790 -1.232329 -0.143541 -0.133225 -1.044587 -9999.0 -9999.0 -9999.0 -9999.0 -9999.0 -9999.0
-9999.0 -9999.0 -9999.0 -9999.0 -9999.0 -9999.0 -9999.0 -9999.0 -9999.0 -9999.0 -9999.0 -1.657529 -1.676249 -3.735869 -1.358396 -3.137508 -1.560916 -1.467241 -1.283668 -0.642247 -0.662937 -1.596483 -1.976790 -2.059762 -4.625006 -4.535364 -3.024366 -3.646237 -5.347026 -4.457210 -6.173150 -5.783343 -6.452847 -7.434533 -9.273507 -10.102815 -5.838688 -2.418695 -3.855613 -7.500075 -9.922888 -11.528449 -8.357676 -7.697446 -4.657178 -9999.0 -3.848663 -1.632461 -1.564183 -1.373302 -1.617055 -1.551931 -0.338958 -0.139167 -0.073801 -0.130151 -9999.0 -9999.0 -9999.0 -9999.0 -9999.0 -9999.0
-9999.0 -9999.0 -9999.0 -9999.0 -9999.0 -9999.0 -9999.0 -9999.0 -9999.0 -9999.0 -9999.0 -9999.0 -1.600733 -1.438542 -0.739906 -1.535156 -1.671117 -1.537247 -0.553868 -0.545761 -1.772293 -1.563880 -1.789147 -2.001092 -3.861363 -2.268030 -0.339980 -5.011993 -4.288544 -4.449940 -4.346992 -5.566094 -6.368405 -6.852388 -8.551654 -10.490335 -5.307927 -2.712628 -2.251841 -5.681676 -9.093019 -9.893757 -8.707982 -3.491396 -6.518055 -2.710492 -2.526108 -1.488999 -1.494914 -2.418389 -1.251065 -1.347013 -0.314567 -0.323430 -1.385181 -1.310288 -0.288399 -9999.0 -9999.0 -9999.0 -9999.0 -9999.0
-9999.0 -9999.0 -9999.0 -9999.0 -9999.0 -9999.0 -9999.0 -9999.0 -9999.0 -9999.0 -9999.0 -1.533057 -2.106326 -2.462807 -1.600823 -1.561641 -1.494700 -2.343031 -0.470977 -0.282998 -3.426742 -0.636631 -1.468560 -3.136806 -1.886847 -1.781376 -1.752798 -4.910794 -4.081474 -4.572227 -4.764168 -4.885622 -4.473633 -6.438409 -8.949937 -10.224626 -12.291279 -4.206269 -1.252605 -4.359499 -8.389302 -6.125398 -6.553045 -7.860955 -2.503390 -2.668339 -1.869320 -3.001115 -1.556984 -4.817732 -2.893584 -2.497866 -1.461177 -3.523222 -2.517980 -3.245819 -1.110148 -9999.0 -9999.0 -9999.0 -9999.0 -9999.0
-9999.0 -9999.0 -9999.0 -9999.0 -9999.0 -9999.0 -9999.0 -9999.0 -9999.0 -9999.0 -0.630834 -1.644986 -1.376381 -1.964792 -0.286829 -1.772937 -2.378652 -1.512690 -0.647364 -0.550768 -0.597482 -0.365582 -1.915626 -0.345565 -2.088330 -1.277745 -3.675451 -5.709586 -2.333853 -1.969349 -2.469419 -3.348153 -4.440632 -6.629388 -8.986979 -9.334960 -10.361309 -5.868731 -1.698282 -2.015568 -2.679136 -5.067606 -5.717706 -2.792798 -4.509983 -5.956004 -1.858252 -4.623444 -2.243469 -2.687902 -2.764003 -3.326934 -3.122822 -3.465780 -3.017512 -0.143492 -0.142800 -9999.0 -9999.0 -9999.0 -9999.0 -9999.0
-9999.0 -9999.0 -9999.0 -9999.0 -9999.0 -9999.0 -9999.0 -9999.0 -9999.0 -2.483047 -0.781701 -0.701222 -1.805420 -1.618366 -0.346593 -1.847935 -1.925190 -0.262446 -2.888325 -0.135615 -0.569072 -2.530671 -2.778315 -2.536813 -1.007977 -4.038441 -4.726618 -2.113712 -2.403316 -2.274712 -5.268306 -5.253070 -7.074858 -7.619049 -7.687840 -8.580158 -7.859240 -8.943878 -8.876120 -8.695241 -2.549478 -6.248884 -6.177226 -1.071462 -5.904716 -5.706539 -2.103864 -4.346383 -3.249099 -0.778220 -2.785287 -1.289689 -3.714551 -2.112315 -1.156718 -1.271551 -0.151458 -1.069554 -1.097039 -9999.0 -9999.0 -9999.0
-9999.0 -9999.0 -9999.0 -9999.0 -9999.0 -9999.0 -9999.0 -9999.0 -9999.0 -2.723158 -2.238664 -2.289774 -0.288745 -1.840839 -1.686362 -1.588174 -0.117685 -1.773705 -3.036949 -0.299131 -0.334212 -3.068171 -0.400832 -1.255792 -3.519733 -2.661735 -2.363374 -2.612617 -4.920089 -1.739943 -3.937564 -5.992041 -5.099896 -4.374687 -6.138010 -7.902275 -8.414198 -8.091604 -7.514293 -5.807683 -2.054504 -5.688100 -4.825189 -5.431252 -0.027749 -3.775023 -4.231544 -6.058137 -2.089759 -2.889914 -1.954753 -1.582374 -1.988481 -1.357608 -2.965207 -0.412504 -0.299682 -0.387393 -1.199838 -9999.0 -9999.0 -9999.0
-9999.0 -9999.0 -9999.0 -9999.0 -9999.0 -9999.0 -9999.0 -9999.0 -9999.0 -9999.0 -2.222698 -2.237515 -1.467929 -0.824163 -2.213522 -1.612622 -1.222029 -1.127025 -1.283152 -0.190355 -0.150475 -2.922500 -1.061757 -1.489585 -2.476194 -2.717955 -5.276371 -4.589227 -3.082945 -3.381919 -4.083765 -1.913085 -4.851625 -5.261408 -4.815716 -4.033750 -3.725520 -5.435973 -6.926610 -6.480675 -6.695475 -2.996835 -3.665103 -3.025992 -5.182098 -6.637584 -4.695669 -0.525821 -2.348350 -5.203148 -2.817165 -1.528748 -1.333411 -1.724030 -1.348262 -1.838392 -1.422767 -1.560744 -1.304351 -0.318780 -9999.0 -9999.0
-9999.0 -9999.0 -9999.0 -9999.0 -9999.0 -9999.0 -9999.0 -9999.0 -9999.0 -9999.0 -2.289242 -2.259156 -1.664143 -1.380165 -0.447390 -1.749840 -1.818171 -1.577964 -0.032300 -0.016999 -2.260901 -2.656581 -2.270217 -2.267670 -2.266508 -5.008882 -3.282032 -2.219129 -3.134509 -5.255088 -5.081374 -1.852092 -5.543784 -5.141804 -5.179086 -4.093576 -5.370769 -5.508245 -6.113839 -4.830073 -2.588067 -2.893305 -1.892613 -4.249422 -0.872487 -1.880583 -1.578096 -3.958544 -2.312679 -4.397953 -4.702231 -1.545352 -1.391923 -1.288247 -1.222603 -1.258893 -1.760694 -0.276699 -4.698165 -0.765657 -9999.0 -9999.0
-9999.0 -9999.0 -9999.0 -9999.0 -9999.0 -9999.0 -9999.0 -9999.0 -1.314796 -1.701398 -3.167410 -1.759853 -1.669892 -1.751827 -1.438040 -0.725630 -4.055232 -1.665280 -0.014503 -0.010055 -0.007755 -0.059969 -1.947834 -2.900398 -3.321265 -0.312986 -0.886339 -2.973893 -1.957727 -3.895086 -6.345304 -4.598388 -3.720897 -3.216502 -1.940739 -5.630809 -1.694224 -4.549129 -5.739345 -3.321999 -4.446823 -3.203667 -4.845058 -5.258279 -1.802563 -1.527085 -3.259844 -1.429115 -3.597576 -1.187287 -1.644776 -1.578423 -1.077847 -1.360208 -1.368084 -0.148058 -1.248327 -0.137715 -2.534512 -2.441298 -9999.0 -9999.0
-9999.0 -9999.0 -9999.0 -9999.0 -9999.0 -9999.0 -9999.0 -9999.0 -2.961266 -1.642128 -3.594673 -3.805037 -2.605818 -1.473338 -1.556630 -1.314483 -0.948243 -1.142389 -0.006429 -0.001411 0.291399 -0.015497 -0.185432 -2.493746 -0.125003 -0.096049 -1.861350 -2.551490 -4.704833 -2.309760 -2.140026 -4.252664 -1.736982 -2.609559 -1.840098 -2.016165 -2.353918 -2.806448 -4.048679 -1.699578 -3.443953 -5.496694 -4.502478 -1.572889 -1.782249 -1.561083 -3.563124 -2.788292 -1.471279 -1.397728 -4.177738 -1.727476 -1.582558 -0.147135 -1.829965 -3.107946 -1.791114 -1.893025 -3.147133 -0.014395 -0.013943 -9999.0
-9999.0 -9999.0 -9999.0 -9999.0 -9999.0 -9999.0 -9999.0 -9999.0 -2.734614 -1.648974 -1.556287 -3.308761 -1.789511 -3.756115 -0.756553 -2.914896 -5.585053 -2.838734 -0.005996 0.358845 0.175970 -0.003884 -0.006747 -0.017307 -0.028394 -3.665240 -1.780501 -2.977037 -6.260880 -3.749424 -3.880314 -1.977033 -3.768167 -4.785952 -1.660242 -1.852797 -1.638900 -4.077146 -3.162387 -1.898130 -1.563873 -1.656502 -1.430911 -1.568157 -1.704372 -1.712540 -1.468415 -0.294008 -1.659116 -2.594970 -0.020107 -3.603811 -2.842789 -2.614082 -4.255515 -2.050638 -3.978590 -3.536957 -1.305395 -0.383653 -0.013574 -9999.0
-9999.0 -9999.0 -9999.0 -9999.0 -9999.0 -9999.0 -9999.0 -9999.0 -5.050594 -1.700942 -0.277393 -4.567945 -0.324097 -0.299692 -1.785665 -5.248668 -1.753055 -0.017683 -0.080609 0.204943 -0.016131 0.171479 0.204217 -0.011258 -0.217098 -0.435695 -1.010905 -4.019759 -0.916404 -2.080736 -3.717783 -3.298619 -3.018605 -2.139272 -2.779371 -1.802919 -1.907982 -1.710286 -3.972093 -2.893377 -1.669237 -1.677785 -1.559627 -3.109410 -1.017281 -1.545946 -0.930722 -1.544057 -0.828500 -3.063100 -0.990294 -0.056353 -4.482284 -0.839341 -4.067669 -3.452975 -1.919173 -0.817501 0.171886 -0.010486 -1.370930 -0.371237
-9999.0 -9999.0 -9999.0 -9999.0 -9999.0 -9999.0 -9999.0 -9999.0 -1.932383 -1.714986 -0.242753 -1.614614 -1.536747 -3.281557 -1.837112 -0.998716 -0.206288 -3.112400 -1.277244 -1.161155 -0.034438 -0.002327 0.121753 -0.003047 -2.190398 -0.306781 -2.227288 -1.778901 -2.507097 -1.802076 -2.028077 -0.680824 -5.221845 -1.714435 -3.702616 -2.978591 -2.375387 -1.148514 -5.436034 -2.117144 -3.705250 -3.547616 -2.448187 -3.484020 -2.961625 -1.602202 -3.177077 -1.900073 -1.945021 -5.137586 -4.485518 -4.215411 -0.056747 -3.144282 -2.073699 -1.064075 -0.015873 -0.014538 -0.489659 -1.868138 -4.016516 -0.187785
-9999.0 -9999.0 -2.389205 -1.655806 -1.633301 -1.810940 -1.638243 -2.195784 -1.775019 -1.650528 -1.643556 -0.678312 -1.544780 -0.702311 -2.333475 -0.413328 -3.693092 -1.775690 -1.618052 -0.811791 -1.205869 0.091203 -0.005382 0.256723 -0.185804 -4.714007 -2.429655 -3.258277 -4.583626 -0.889708 -1.991937 -0.541418 -0.683104 -4.392029 -3.818179 -3.892207 -3.776300 -2.337109 -4.263467 -2.236698 -2.868113 -4.930256 -6.106402 -1.992034 -2.118733 -1.900363 -4.194632 -1.838954 -4.222103 -0.122405 -1.853301 -0.901211 -0.016648 -0.017550 -0.017463 -0.021929 -1.037529 -1.108667 -2.838303 -4.498819 -0.187537 -0.107016
-9999.0 -1.591281 -1.670660 -1.642662 -1.709399 -1.044852 -1.612474 -1.677911 -1.699363 -1.710376 -1.647876 -0.246891 -0.483917 -0.242998 -0.207432 -0.950472 -1.691059 -1.678171 -0.585055 -1.477929 -1.625853 -1.115183 -0.291738 0.122007 -0.268455 -1.416822 -1.899491 -1.614849 -1.805559 -2.652846 -4.470606 -3.726696 -1.801731 -1.703420 -4.060923 -2.299038 -3.952673 -4.065898 -2.211355 -2.776736 -4.637798 -3.933435 -3.813202 -4.461907 -5.125705 -5.244897 -0.438506 -0.046174 -1.313060 -0.624215 -0.014771 -0.015944 -1.197327 -1.590600 -1.592731 -1.274012 -0.440801 -0.440139 -0.195625 -0.199710 -0.108605 -0.106210
-9999.0 -1.564306 -0.627328 -0.643376 -0.302199 -0.653051 -1.764625 -2.702969 -1.813348 -2.659948 -1.756925 -0.377146 -1.326812 -0.191887 -2.445111 -1.655115 -1.603099 -2.110469 -0.416532 -1.502089 -0.177764 -0.363455 -1.433231 -1.244365 -0.181806 -0.015900 -0.003096 -0.014797 -0.014980 -0.045937 -0.036235 -0.041609 -2.275165 -1.650515 -1.196349 -1.399497 -0.420886 -0.058517 -0.861793 -1.261155 -1.453009 -1.183645 -2.171630 -0.019676 -0.017520 -0.025882 -0.014206 -0.008512 -0.009177 -0.014154 -0.461914 -3.161837 -0.460964 -1.774155 -1.379602 -0.235182 -0.355850 -0.307138 -0.300092 -0.134927 -0.135275 -9999.0
