user2019/resources/simulation/Vinschgau/output-maps/TsL0007N0403.asc
ncols         63
nrows         48
xllcorner     598000.000000
yllcorner     5145000.000000
cellsize      1000.000000
NODATA_value  -9999.0
[rows 0 to 27 of 48, columns 0 to 62 of 63]
-9999.0 -9999.0 -9999.0 -9999.0 -9999.0 -9999.0 -9999.0 -9999.0 -9999.0 -9999.0 -9999.0 -9999.0 -9999.0 -9999.0 -9999.0 -9999.0 -9999.0 -9999.0 -9999.0 -9999.0 -9999.0 -9999.0 -9999.0 -9999.0 -9999.0 -9999.0 -9999.0 -9999.0 -9999.0 -9999.0 -9999.0 -9999.0 -9999.0 -9999.0 -9999.0 -9999.0 -9999.0 -9999.0 -9999.0 -9999.0 -9999.0 -9999.0 -9999.0 -9999.0 -9999.0 -9999.0 -9999.0 -9999.0 -9999.0 -9999.0 -9999.0 -9999.0 -9999.0 -9999.0 -9999.0 -9999.0 -9999.0 -9999.0 -9999.0 -9999.0 -9999.0 -9999.0 -9999.0
-9999.0 -9999.0 -9999.0 -9999.0 -9999.0 -9999.0 -9999.0 -9999.0 -9999.0 -9999.0 -9999.0 -9999.0 -9999.0 -9999.0 -9999.0 -9999.0 -9999.0 -9999.0 -9999.0 -9999.0 -9999.0 -9999.0 -9999.0 -9999.0 -9999.0 -9999.0 -9999.0 5.030440 3.750524 3.888311 -2.467735 -1.054834 -1.691641 -9999.0 -9999.0 -9999.0 -9999.0 -9999.0 -9999.0 -9999.0 -9999.0 -9999.0 -9999.0 -9999.0 -9999.0 -9999.0 -9999.0 -9999.0 -9999.0 -9999.0 -9999.0 -9999.0 -9999.0 -9999.0 -9999.0 -9999.0 -9999.0 -9999.0 -9999.0 -9999.0 -9999.0 -9999.0 -9999.0
-9999.0 -9999.0 -9999.0 -9999.0 -9999.0 -9999.0 -9999.0 -9999.0 -9999.0 -9999.0 -9999.0 -9999.0 -9999.0 -9999.0 -9999.0 -9999.0 -9999.0 -9999.0 -9999.0 -9999.0 -9999.0 -9999.0 -9999.0 -9999.0 3.496609 6.501506 7.531479 6.060271 4.781850 4.418168 -2.377807 -9999.0 -9999.0 -9999.0 -9999.0 -9999.0 -9999.0 -9999.0 -9999.0 -9999.0 -9999.0 -9999.0 -9999.0 -9999.0 -9999.0 -9999.0 -9999.0 -9999.0 -9999.0 -9999.0 -9999.0 -9999.0 -9999.0 -9999.0 -9999.0 -9999.0 -9999.0 -9999.0 -9999.0 -9999.0 -9999.0 -9999.0 -9999.0
-9999.0 -9999.0 -9999.0 -9999.0 -9999.0 -9999.0 -9999.0 -9999.0 -9999.0 -9999.0 -9999.0 -9999.0 -9999.0 -9999.0 -9999.0 -9999.0 -9999.0 -9999.0 -9999.0 -9999.0 -9999.0 -9999.0 -9999.0 5.475204 7.419993 2.420559 4.179238 5.430638 2.412294 6.761212 2.374516 -0.691986 -9999.0 -9999.0 -9999.0 -9999.0 -9999.0 -9999.0 -9999.0 -9999.0 -9999.0 -9999.0 -9999.0 -9999.0 -9999.0 -9999.0 -9999.0 -9999.0 -9999.0 -9999.0 -9999.0 -9999.0 -9999.0 -9999.0 -9999.0 -9999.0 -9999.0 -9999.0 -9999.0 -9999.0 -9999.0 -9999.0 -9999.0
-9999.0 -9999.0 -9999.0 -9999.0 -9999.0 -9999.0 -9999.0 -9999.0 -9999.0 -9999.0 -9999.0 -9999.0 -9999.0 -9999.0 -9999.0 -9999.0 -9999.0 -9999.0 8.480572 7.992696 -9999.0 3.837498 7.146520 4.598765 3.741531 6.606349 3.669328 3.384076 4.880536 2.738698 5.168126 2.299008 2.398418 -0.208428 -9999.0 -9999.0 -9999.0 -9999.0 -9999.0 -9999.0 -9999.0 -9999.0 -9999.0 -9999.0 -9999.0 -9999.0 -9999.0 -9999.0 -9999.0 -9999.0 -9999.0 -9999.0 -9999.0 -9999.0 -9999.0 -9999.0 -9999.0 -9999.0 -9999.0 -9999.0 -9999.0 -9999.0 -9999.0
-9999.0 -9999.0 -9999.0 -9999.0 -9999.0 -9999.0 -9999.0 -9999.0 -9999.0 -9999.0 -9999.0 -9999.0 -9999.0 -9999.0 -9999.0 -9999.0 -9999.0 2.386054 3.328079 8.644325 11.021489 -0.007706 1.920600 3.329965 8.649475 -0.042731 -0.553275 -0.037665 -0.147581 0.032691 6.131911 4.792724 5.949267 3.492192 -1.687764 -1.054358 -9999.0 -9999.0 -9999.0 -9999.0 -9999.0 -9999.0 -9999.0 -9999.0 -9999.0 -9999.0 -9999.0 -9999.0 -9999.0 -9999.0 -9999.0 -9999.0 -9999.0 -9999.0 -9999.0 -9999.0 -9999.0 -9999.0 -9999.0 -9999.0 -9999.0 -9999.0 -9999.0
-9999.0 -9999.0 -9999.0 -9999.0 -9999.0 -9999.0 -9999.0 -9999.0 -9999.0 -9999.0 -9999.0 -9999.0 -9999.0 3.539066 1.595259 -0.003804 1.846887 15.553026 2.165426 6.596807 4.617234 5.326683 7.892171 8.798927 -0.049027 -0.006716 -1.521208 -0.169950 -2.079339 -0.220206 -0.003865 -0.101413 -0.047533 -1.492862 -2.350760 -1.482705 -9999.0 -9999.0 -9999.0 -9999.0 -9999.0 -9999.0 -9999.0 -9999.0 -9999.0 -9999.0 -9999.0 -9999.0 -9999.0 -9999.0 -9999.0 -9999.0 -9999.0 -9999.0 -9999.0 -9999.0 -9999.0 -9999.0 -9999.0 -9999.0 -9999.0 -9999.0 -9999.0
-9999.0 -9999.0 -9999.0 -9999.0 -9999.0 -9999.0 -9999.0 -9999.0 -9999.0 -9999.0 -9999.0 -9999.0 -9999.0 4.715944 1.935080 -0.004319 -0.004589 9.235260 16.271216 7.721013 5.428710 6.893971 1.152134 0.091456 1.131403 1.066050 4.053429 -2.283524 -1.018166 -1.663574 -1.062260 -1.249019 -1.251685 -0.825140 -1.259298 -9999.0 -9999.0 -9999.0 -9999.0 -9999.0 -9999.0 -9999.0 -9999.0 -9999.0 -9999.0 -9999.0 -9999.0 -9999.0 -9999.0 -9999.0 -9999.0 -9999.0 -9999.0 -9999.0 -9999.0 -9999.0 -9999.0 -9999.0 -9999.0 -9999.0 -9999.0 -9999.0 -9999.0
-9999.0 -9999.0 -9999.0 -9999.0 -9999.0 -9999.0 -9999.0 -9999.0 -9999.0 -9999.0 -9999.0 -9999.0 -9999.0 1.894311 5.901636 -0.005471 -0.019437 1.379361 15.601951 2.229633 7.821656 1.280686 -0.011404 -0.057658 1.956746 1.624030 4.390942 -1.053490 3.546845 -0.268980 -1.484345 -0.756878 -0.561743 -4.961971 -1.094137 -9999.0 -9999.0 -9999.0 -9999.0 -9999.0 -9999.0 -9999.0 -9999.0 -9999.0 -9999.0 -9999.0 -9999.0 -9999.0 -9999.0 -9999.0 -9999.0 -9999.0 -9999.0 -9999.0 -9999.0 -9999.0 -9999.0 -9999.0 -9999.0 -9999.0 -9999.0 -9999.0 -9999.0
-9999.0 -9999.0 -9999.0 -9999.0 -9999.0 -9999.0 -9999.0 -9999.0 -9999.0 -9999.0 -9999.0 -9999.0 1.912741 5.330993 -0.007951 1.013991 -0.233029 -0.004084 10.508875 9.631709 2.550589 -0.791790 0.662525 -0.531346 -0.001591 -1.762637 -1.083517 2.253910 4.101007 -1.205070 -0.319579 3.801825 1.790515 -2.566461 -9999.0 -9999.0 -9999.0 -9999.0 -9999.0 -9999.0 -9999.0 -9999.0 -9999.0 -9999.0 -9999.0 -9999.0 -9999.0 -9999.0 -9999.0 -9999.0 -9999.0 -9999.0 -9999.0 -9999.0 -9999.0 -9999.0 -9999.0 -9999.0 -9999.0 -9999.0 -9999.0 -9999.0 -9999.0
-9999.0 -9999.0 -9999.0 -9999.0 -9999.0 -9999.0 -9999.0 -9999.0 -9999.0 -9999.0 -9999.0 -0.004399 -0.004652 -0.005236 -0.059122 -1.181549 -0.199170 -0.017481 9.784673 5.148396 1.118620 1.308609 2.787407 -2.115437 0.808999 2.184779 -0.517950 2.523644 2.104624 -0.842514 -0.008542 4.130038 2.162900 -0.335980 1.591690 1.699784 8.145339 9.245033 10.859466 -9999.0 -9999.0 -9999.0 -0.125920 -9999.0 -9999.0 -9999.0 -9999.0 -9999.0 -9999.0 -9999.0 -9999.0 -9999.0 -9999.0 -9999.0 -9999.0 -9999.0 -9999.0 -9999.0 -9999.0 -9999.0 -9999.0 -9999.0 -9999.0
-9999.0 -9999.0 -9999.0 -9999.0 -9999.0 -9999.0 -9999.0 -9999.0 -9999.0 -9999.0 -9999.0 -0.014663 -0.133871 0.927269 -0.012995 -0.907140 1.747108 1.108239 9.693737 6.944541 9.425841 8.360511 3.820468 -0.140680 -0.047296 -0.005005 4.481562 4.904633 2.685600 -1.925159 3.145039 4.711936 4.855276 -0.005972 2.415224 2.957664 7.024069 11.446174 10.623834 10.387129 10.194502 3.625269 2.691779 4.343410 -9999.0 -9999.0 -9999.0 -0.049132 -1.757658 -0.786079 -0.009468 -2.036912 -0.643924 -0.005765 -0.005694 -0.049287 -9999.0 -9999.0 -9999.0 -9999.0 -9999.0 -9999.0 -9999.0
-9999.0 -9999.0 -9999.0 -9999.0 -9999.0 -9999.0 -9999.0 -9999.0 -9999.0 -9999.0 -9999.0 2.290876 -0.941887 -0.073395 -0.013534 3.104045 -0.027091 -0.037770 8.240879 8.559043 -0.005378 1.492344 0.969381 3.890799 -1.780459 7.512577 1.042491 -0.007377 -0.019733 -2.857170 -2.211931 -0.079949 5.030387 2.739337 4.285295 4.394390 0.381287 3.707416 12.519570 10.845178 9.671711 6.628729 4.722201 5.843531 2.996173 -9999.0 -0.291354 -0.968490 2.770147 5.598836 6.957627 7.471834 6.640055 6.381848 5.650617 -1.293078 -9999.0 -9999.0 -9999.0 -9999.0 -9999.0 -9999.0 -9999.0
-9999.0 -9999.0 -9999.0 -9999.0 -9999.0 -9999.0 -9999.0 -9999.0 -9999.0 -9999.0 -9999.0 -9999.0 -1.898535 -0.147439 3.673704 3.304014 -0.347204 -0.033671 9.340500 8.630728 1.149985 3.163837 3.001095 1.197138 -0.009953 1.050440 7.090629 0.746716 2.207369 2.569705 2.698917 -0.027241 6.142916 1.978422 -0.840762 2.764066 -0.026929 1.273868 13.964781 10.659630 10.399767 12.584556 0.461839 6.969633 7.106329 3.342295 1.341549 -2.524826 -0.097813 0.809121 1.819433 -0.272472 -0.003020 -0.290332 -0.056968 -0.066539 -0.026945 -9999.0 -9999.0 -9999.0 -9999.0 -9999.0 -9999.0
-9999.0 -9999.0 -9999.0 -9999.0 -9999.0 -9999.0 -9999.0 -9999.0 -9999.0 -9999.0 -9999.0 -0.091180 -0.412923 -0.052927 -0.023134 -0.022263 0.910592 -0.034171 10.414407 2.012666 2.624824 1.078203 1.364782 1.155812 1.157821 1.079210 -0.007587 -1.971064 4.475395 6.165189 0.495491 0.617268 6.381051 1.855303 -3.367375 1.582766 3.644318 0.561252 -0.007679 13.162004 4.041832 5.175952 2.854348 2.676289 8.367822 3.298974 3.645803 5.580684 5.339782 3.335510 -1.696060 -0.076133 -0.079027 -0.075756 -0.071228 -0.093318 -0.457110 -9999.0 -9999.0 -9999.0 -9999.0 -9999.0 -9999.0
-9999.0 -9999.0 -9999.0 -9999.0 -9999.0 -9999.0 -9999.0 -9999.0 -9999.0 -9999.0 2.251585 -0.004544 4.898657 3.422206 4.806347 0.815008 0.359167 0.211471 2.744708 2.245709 8.769085 5.113124 0.800868 9.663235 3.518916 -0.001663 -0.005474 -0.006432 8.457741 8.239052 0.999618 0.437819 2.299803 0.962720 -2.717665 1.503481 6.965501 -0.087655 -0.256251 4.293859 5.336012 5.676583 10.931293 -0.004689 1.287291 8.674943 3.944946 0.890898 1.984817 3.318687 -0.006435 -0.071097 -0.075486 -0.080210 -0.072374 3.075937 3.039434 -9999.0 -9999.0 -9999.0 -9999.0 -9999.0 -9999.0
-9999.0 -9999.0 -9999.0 -9999.0 -9999.0 -9999.0 -9999.0 -9999.0 -9999.0 -1.548886 -0.028552 -0.053045 0.816089 -0.006469 -0.005607 0.431223 -0.286376 7.723775 4.446472 2.630208 9.465476 4.102630 3.614096 5.300594 1.623978 0.363058 0.981724 8.942327 3.066876 3.598556 4.498475 -0.589775 -1.920220 -0.886242 1.774478 1.799297 1.707170 -0.085436 -0.143568 0.394208 0.195749 -0.021452 0.282390 3.135488 2.670719 3.186566 9.907554 3.868803 1.618106 2.064025 0.926865 -1.464644 -0.092068 -0.060516 -0.171646 -0.096640 -0.011129 3.866953 -1.849851 -9999.0 -9999.0 -9999.0 -9999.0
-9999.0 -9999.0 -9999.0 -9999.0 -9999.0 -9999.0 -9999.0 -9999.0 -9999.0 -0.962378 -1.550564 1.910220 7.464691 1.986147 1.257716 0.917600 7.227333 4.069791 5.645333 13.362589 12.745378 14.001032 7.199895 7.442651 0.505847 1.335112 2.685087 3.825669 5.605242 3.071991 4.787622 -0.545192 2.004232 2.171706 3.252333 10.768992 10.496924 9.478166 2.476281 2.435710 -0.105811 -0.867896 1.131309 2.522930 1.572968 5.211208 6.389629 6.152433 4.907802 4.469990 -0.012502 -0.075753 -0.058767 -0.050735 -0.064045 -0.036617 0.027072 1.655543 7.885201 -9999.0 -9999.0 -9999.0 -9999.0
-9999.0 -9999.0 -9999.0 -9999.0 -9999.0 -9999.0 -9999.0 -9999.0 -9999.0 -9999.0 -2.201351 2.713278 0.515252 -0.005115 4.323443 1.654201 1.979564 5.470365 6.741274 8.054728 9.534305 4.941542 1.046656 0.775495 1.325588 3.542593 4.447874 6.469541 5.452603 -0.067151 -0.124884 -0.008940 -2.158907 -1.663894 5.167623 6.689586 8.979403 7.690106 7.837519 -2.452583 -0.990649 6.453340 4.534022 0.277208 0.047960 0.804696 1.316167 5.801333 7.718035 5.277266 0.155370 1.150139 2.026322 -0.067743 -0.078472 -0.047713 -0.232317 2.949429 3.552144 3.912548 -9999.0 -9999.0 -9999.0
-9999.0 -9999.0 -9999.0 -9999.0 -9999.0 -9999.0 -9999.0 -9999.0 -9999.0 -9999.0 -2.090868 2.068122 1.929922 1.006898 9.347106 2.217275 2.991235 3.827985 8.284176 9.651524 6.594550 4.500707 2.236764 4.076918 3.323189 6.321070 6.799963 1.659641 -0.005457 -1.971589 -1.754243 2.398629 0.153963 -1.400115 -1.953764 -0.004592 0.987551 1.221179 -0.024217 -2.178934 2.569207 4.004723 -0.128054 -1.976674 -0.005432 0.291835 0.896598 0.570960 4.241243 7.964637 5.486453 1.340861 0.775012 3.339552 -0.578990 -0.021728 -0.059511 1.529029 6.085188 7.346232 -9999.0 -9999.0 -9999.0
-9999.0 -9999.0 -9999.0 -9999.0 -9999.0 -9999.0 -9999.0 -9999.0 7.928546 7.242837 3.823187 1.861066 -0.007092 0.752288 0.245600 1.907516 5.886558 14.878547 11.177518 11.091365 9.101563 7.606580 6.078922 3.453918 5.212965 5.931627 8.596496 0.508041 0.145222 -0.106827 -0.213091 -2.069960 2.299322 -2.379990 2.500155 -0.415954 3.840124 1.182367 -1.134902 4.975233 -1.576862 -0.079791 -1.878107 -0.168069 7.493350 3.191730 -1.300147 -0.013230 1.625890 3.066178 5.790914 2.496969 1.201590 -0.178617 3.498556 8.205948 7.301308 9.463165 7.768159 7.932672 -9999.0 -9999.0 -9999.0
-9999.0 -9999.0 -9999.0 -9999.0 -9999.0 -9999.0 -9999.0 -9999.0 0.514442 1.006989 0.583746 -0.782627 -0.648390 0.810115 0.689868 1.334465 4.255192 5.003363 9.186502 11.764836 18.820211 17.504764 15.788731 13.798515 6.774991 6.418925 1.513616 1.190252 0.802605 3.971454 3.569958 7.824175 3.019777 3.134379 2.844878 3.595758 7.512428 2.187191 0.796451 3.122866 -0.856234 -0.189857 -0.747801 3.157336 6.674588 -0.035364 -1.631202 -0.005238 1.273729 4.595848 8.415195 3.681285 0.542645 7.756844 9.585001 3.681914 3.561793 6.645530 9.809640 11.469006 12.425168 -9999.0 -9999.0
-9999.0 -9999.0 -9999.0 -9999.0 -9999.0 -9999.0 -9999.0 -9999.0 -1.752231 5.146087 6.824903 0.401852 5.466305 -0.007544 2.107563 2.449319 4.380744 7.825831 9.703786 17.118280 12.562284 17.535511 18.066214 11.652971 14.267418 5.834863 2.834929 0.271526 1.631326 7.154853 7.948635 6.609435 -0.004505 0.717507 3.450922 8.153149 1.163118 3.420752 -0.087206 0.695926 -0.005165 -0.006549 2.647905 0.848326 -0.612854 -0.204834 5.655429 3.907745 -0.079974 3.157744 6.100008 7.433830 2.466572 2.227601 6.942724 4.734569 8.889408 9.581211 11.524435 11.138614 11.682456 -9999.0 -9999.0
-9999.0 -9999.0 -9999.0 -9999.0 -9999.0 -9999.0 -9999.0 -9999.0 -0.672421 4.105524 -0.002787 1.901780 7.269219 1.343292 2.106135 4.652011 8.021973 8.195996 5.129728 8.944842 10.964187 12.045472 17.155791 16.598455 6.428926 3.702722 1.086889 0.585638 9.378540 2.489173 1.550887 1.263442 3.402002 2.754760 1.155332 8.987623 9.533690 4.136737 0.769074 1.195408 4.227710 4.576577 5.280042 10.808046 3.972046 7.999780 7.710576 10.488691 8.795480 3.451656 4.102715 8.581558 8.794277 3.946219 9.637095 10.286398 10.974692 8.903270 10.241042 11.540198 9.716168 6.679743 -9999.0
-9999.0 -9999.0 -9999.0 -9999.0 -9999.0 -9999.0 -9999.0 -9999.0 -0.011243 3.031102 0.615019 1.609080 2.418915 2.743481 11.021493 7.893952 4.320654 5.249102 2.353403 5.507340 7.957728 10.902109 11.769382 11.064737 14.457650 3.857195 0.992203 3.725729 5.025263 3.643696 0.877379 2.601488 5.673793 3.365311 2.854961 3.677293 4.124760 5.755807 4.845725 3.065215 2.863054 2.946459 3.500050 3.618115 1.383840 9.232913 3.201766 3.783603 3.611746 7.041053 9.733160 8.728652 9.448515 11.648677 11.552878 10.547569 11.744543 11.542862 10.016112 10.122595 7.741397 5.944821 -9999.0
-9999.0 -9999.0 7.347878 6.194430 -0.004103 1.213488 0.990242 0.741439 3.627827 2.855663 1.218021 1.584398 4.130995 7.088922 13.430700 3.004309 3.573490 0.770388 1.289012 2.105241 5.907592 7.847552 9.997967 9.289788 7.592340 6.290486 4.048906 4.107944 5.201212 10.400366 2.558834 1.638124 8.613616 3.682309 6.824585 4.829164 8.432815 7.554165 6.129643 3.521640 6.261024 6.726353 4.176484 5.984834 2.086250 4.361913 6.360837 2.133244 8.530730 10.002679 11.541259 10.973965 11.788512 11.809999 11.469426 16.367502 9.070149 9.493596 8.875367 7.211108 9.717700 4.469683 -9999.0
-9999.0 1.472960 1.402803 1.347821 1.279289 1.105077 0.745088 -0.039090 -0.151863 3.503458 0.987740 1.057949 3.780365 11.041028 10.822535 2.288140 1.197899 1.051074 1.665137 3.816958 6.586215 6.790596 11.248110 8.237291 16.449384 10.822712 15.195638 14.564188 8.935226 6.509012 7.979384 7.220177 6.814792 11.332279 9.290841 9.657289 11.246676 10.026730 10.436983 9.342207 9.555624 9.198206 8.157149 5.616805 5.216997 5.805026 4.868101 8.043273 10.910733 7.811152 10.692839 10.618279 8.651650 7.472560 6.811556 8.407982 6.169895 5.975115 6.690252 6.421108 3.191541 3.472826 -9999.0
-9999.0 4.376503 1.968186 2.898004 8.030018 1.817710 0.320843 0.951552 5.919931 7.487648 1.354025 2.494732 5.479027 11.103544 4.483617 0.583218 0.117303 1.294442 2.707497 3.345952 7.148571 5.534546 3.616471 6.833205 15.270450 17.803377 10.623848 11.975200 10.066643 8.864829 10.536718 9.608349 8.062657 7.048149 12.839523 10.799427 18.235564 19.775009 12.957828 12.770419 11.840443 10.382920 9.876477 9.156479 10.828011 11.037539 10.958631 11.177710 10.261584 10.476846 8.110976 5.794003 5.463554 7.356713 7.229703 4.172225 4.361154 2.010733 1.414421 1.682765 2.402891 -9999.0 -9999.0
