user2019/resources/simulation/Vinschgau/output-maps/TsL0006N0574.asc
ncols         63
nrows         48
xllcorner     598000.000000
yllcorner     5145000.000000
cellsize      1000.000000
NODATA_value  -9999.0
[rows 0 to 27 of 48, columns 0 to 62 of 63]
-9999.0 -9999.0 -9999.0 -9999.0 -9999.0 -9999.0 -9999.0 -9999.0 -9999.0 -9999.0 -9999.0 -9999.0 -9999.0 -9999.0 -9999.0 -9999.0 -9999.0 -9999.0 -9999.0 -9999.0 -9999.0 -9999.0 -9999.0 -9999.0 -9999.0 -9999.0 -9999.0 -9999.0 -9999.0 -9999.0 -9999.0 -9999.0 -9999.0 -9999.0 -9999.0 -9999.0 -9999.0 -9999.0 -9999.0 -9999.0 -9999.0 -9999.0 -9999.0 -9999.0 -9999.0 -9999.0 -9999.0 -9999.0 -9999.0 -9999.0 -9999.0 -9999.0 -9999.0 -9999.0 -9999.0 -9999.0 -9999.0 -9999.0 -9999.0 -9999.0 -9999.0 -9999.0 -9999.0
-9999.0 -9999.0 -9999.0 -9999.0 -9999.0 -9999.0 -9999.0 -9999.0 -9999.0 -9999.0 -9999.0 -9999.0 -9999.0 -9999.0 -9999.0 -9999.0 -9999.0 -9999.0 -9999.0 -9999.0 -9999.0 -9999.0 -9999.0 -9999.0 -9999.0 -9999.0 -9999.0 10.273894 9.418153 8.606247 7.436146 8.198462 7.417170 -9999.0 -9999.0 -9999.0 -9999.0 -9999.0 -9999.0 -9999.0 -9999.0 -9999.0 -9999.0 -9999.0 -9999.0 -9999.0 -9999.0 -9999.0 -9999.0 -9999.0 -9999.0 -9999.0 -9999.0 -9999.0 -9999.0 -9999.0 -9999.0 -9999.0 -9999.0 -9999.0 -9999.0 -9999.0 -9999.0
-9999.0 -9999.0 -9999.0 -9999.0 -9999.0 -9999.0 -9999.0 -9999.0 -9999.0 -9999.0 -9999.0 -9999.0 -9999.0 -9999.0 -9999.0 -9999.0 -9999.0 -9999.0 -9999.0 -9999.0 -9999.0 -9999.0 -9999.0 -9999.0 9.387110 9.814654 10.183055 10.094506 10.221584 8.713923 8.179569 -9999.0 -9999.0 -9999.0 -9999.0 -9999.0 -9999.0 -9999.0 -9999.0 -9999.0 -9999.0 -9999.0 -9999.0 -9999.0 -9999.0 -9999.0 -9999.0 -9999.0 -9999.0 -9999.0 -9999.0 -9999.0 -9999.0 -9999.0 -9999.0 -9999.0 -9999.0 -9999.0 -9999.0 -9999.0 -9999.0 -9999.0 -9999.0
-9999.0 -9999.0 -9999.0 -9999.0 -9999.0 -9999.0 -9999.0 -9999.0 -9999.0 -9999.0 -9999.0 -9999.0 -9999.0 -9999.0 -9999.0 -9999.0 -9999.0 -9999.0 -9999.0 -9999.0 -9999.0 -9999.0 -9999.0 9.707361 11.275011 10.805161 11.224428 11.293530 10.560954 10.031246 8.825064 7.752462 -9999.0 -9999.0 -9999.0 -9999.0 -9999.0 -9999.0 -9999.0 -9999.0 -9999.0 -9999.0 -9999.0 -9999.0 -9999.0 -9999.0 -9999.0 -9999.0 -9999.0 -9999.0 -9999.0 -9999.0 -9999.0 -9999.0 -9999.0 -9999.0 -9999.0 -9999.0 -9999.0 -9999.0 -9999.0 -9999.0 -9999.0
-9999.0 -9999.0 -9999.0 -9999.0 -9999.0 -9999.0 -9999.0 -9999.0 -9999.0 -9999.0 -9999.0 -9999.0 -9999.0 -9999.0 -9999.0 -9999.0 -9999.0 -9999.0 12.118107 8.801287 -9999.0 9.320121 10.656077 10.817254 11.252112 12.729464 13.260256 13.271357 12.364870 10.895728 9.698528 8.243921 8.616199 7.449047 -9999.0 -9999.0 -9999.0 -9999.0 -9999.0 -9999.0 -9999.0 -9999.0 -9999.0 -9999.0 -9999.0 -9999.0 -9999.0 -9999.0 -9999.0 -9999.0 -9999.0 -9999.0 -9999.0 -9999.0 -9999.0 -9999.0 -9999.0 -9999.0 -9999.0 -9999.0 -9999.0 -9999.0 -9999.0
-9999.0 -9999.0 -9999.0 -9999.0 -9999.0 -9999.0 -9999.0 -9999.0 -9999.0 -9999.0 -9999.0 -9999.0 -9999.0 -9999.0 -9999.0 -9999.0 -9999.0 10.992170 9.077337 10.479631 10.090904 7.557609 9.696416 11.154183 14.320322 8.057213 6.895169 9.175275 7.247701 9.809294 10.399539 8.521973 9.074033 8.032432 7.735026 6.960603 -9999.0 -9999.0 -9999.0 -9999.0 -9999.0 -9999.0 -9999.0 -9999.0 -9999.0 -9999.0 -9999.0 -9999.0 -9999.0 -9999.0 -9999.0 -9999.0 -9999.0 -9999.0 -9999.0 -9999.0 -9999.0 -9999.0 -9999.0 -9999.0 -9999.0 -9999.0 -9999.0
-9999.0 -9999.0 -9999.0 -9999.0 -9999.0 -9999.0 -9999.0 -9999.0 -9999.0 -9999.0 -9999.0 -9999.0 -9999.0 8.965288 9.038558 8.550912 10.072089 19.268416 10.695772 10.459553 10.832397 11.799571 13.064912 14.101813 7.573863 9.692740 6.384238 1.157268 5.357672 7.678823 7.839542 8.777878 7.553584 6.828770 7.034297 5.990840 -9999.0 -9999.0 -9999.0 -9999.0 -9999.0 -9999.0 -9999.0 -9999.0 -9999.0 -9999.0 -9999.0 -9999.0 -9999.0 -9999.0 -9999.0 -9999.0 -9999.0 -9999.0 -9999.0 -9999.0 -9999.0 -9999.0 -9999.0 -9999.0 -9999.0 -9999.0 -9999.0
-9999.0 -9999.0 -9999.0 -9999.0 -9999.0 -9999.0 -9999.0 -9999.0 -9999.0 -9999.0 -9999.0 -9999.0 -9999.0 9.418620 9.785669 8.818232 8.573108 15.020653 18.885103 12.950518 10.523953 12.935923 9.149792 8.478892 10.291411 9.095051 8.417301 7.617621 9.397846 5.521228 0.865470 6.550443 7.063942 6.173335 6.981584 -9999.0 -9999.0 -9999.0 -9999.0 -9999.0 -9999.0 -9999.0 -9999.0 -9999.0 -9999.0 -9999.0 -9999.0 -9999.0 -9999.0 -9999.0 -9999.0 -9999.0 -9999.0 -9999.0 -9999.0 -9999.0 -9999.0 -9999.0 -9999.0 -9999.0 -9999.0 -9999.0 -9999.0
-9999.0 -9999.0 -9999.0 -9999.0 -9999.0 -9999.0 -9999.0 -9999.0 -9999.0 -9999.0 -9999.0 -9999.0 -9999.0 9.287055 10.640859 10.223910 7.863874 9.111534 19.478609 10.439401 12.896735 10.140250 7.390936 6.971139 10.019451 1.225510 8.526051 7.460754 8.302456 8.626007 6.202538 5.903513 6.106083 3.092986 7.376655 -9999.0 -9999.0 -9999.0 -9999.0 -9999.0 -9999.0 -9999.0 -9999.0 -9999.0 -9999.0 -9999.0 -9999.0 -9999.0 -9999.0 -9999.0 -9999.0 -9999.0 -9999.0 -9999.0 -9999.0 -9999.0 -9999.0 -9999.0 -9999.0 -9999.0 -9999.0 -9999.0 -9999.0
-9999.0 -9999.0 -9999.0 -9999.0 -9999.0 -9999.0 -9999.0 -9999.0 -9999.0 -9999.0 -9999.0 -9999.0 8.542453 10.074687 9.464288 7.792883 5.811486 8.033262 15.589667 11.480968 10.016819 6.271671 0.817119 1.131397 7.785943 7.187504 0.947560 7.545285 7.766135 6.938448 6.114592 8.879319 6.639467 5.897360 -9999.0 -9999.0 -9999.0 -9999.0 -9999.0 -9999.0 -9999.0 -9999.0 -9999.0 -9999.0 -9999.0 -9999.0 -9999.0 -9999.0 -9999.0 -9999.0 -9999.0 -9999.0 -9999.0 -9999.0 -9999.0 -9999.0 -9999.0 -9999.0 -9999.0 -9999.0 -9999.0 -9999.0 -9999.0
-9999.0 -9999.0 -9999.0 -9999.0 -9999.0 -9999.0 -9999.0 -9999.0 -9999.0 -9999.0 -9999.0 7.514230 7.532194 6.725915 6.977423 7.555916 7.009645 7.302351 15.305356 9.373699 7.884754 9.920153 8.571784 8.770104 6.901541 7.521244 6.712098 8.531321 7.263936 5.497837 9.188011 8.616120 7.547047 7.575072 9.992519 11.265074 10.826177 12.496124 11.911686 -9999.0 -9999.0 -9999.0 10.684566 -9999.0 -9999.0 -9999.0 -9999.0 -9999.0 -9999.0 -9999.0 -9999.0 -9999.0 -9999.0 -9999.0 -9999.0 -9999.0 -9999.0 -9999.0 -9999.0 -9999.0 -9999.0 -9999.0 -9999.0
-9999.0 -9999.0 -9999.0 -9999.0 -9999.0 -9999.0 -9999.0 -9999.0 -9999.0 -9999.0 -9999.0 6.244390 7.371824 6.553986 7.444150 7.530873 8.704118 8.640254 15.486687 13.368470 12.839804 10.607317 8.642178 3.394764 3.916866 7.599750 9.061104 8.753749 7.934532 6.287632 8.246143 8.501615 8.277196 7.906414 9.201191 10.228388 13.863932 12.827026 11.917001 10.513299 10.967317 11.785260 9.657350 9.241881 -9999.0 -9999.0 -9999.0 7.241679 7.947866 9.072770 7.919467 8.297337 8.254829 7.339228 7.674296 8.043983 -9999.0 -9999.0 -9999.0 -9999.0 -9999.0 -9999.0 -9999.0
-9999.0 -9999.0 -9999.0 -9999.0 -9999.0 -9999.0 -9999.0 -9999.0 -9999.0 -9999.0 -9999.0 7.035509 7.728028 4.494359 7.208569 8.099100 4.616936 5.678991 13.478525 13.946127 7.696920 7.213701 4.296256 8.530995 7.500085 11.453435 0.808827 5.987303 7.174540 7.262452 9.851365 4.622318 9.526026 7.725882 11.373058 12.546331 9.576174 10.288975 14.804723 10.566520 11.935353 10.860933 11.167491 9.164740 7.891338 -9999.0 8.432177 8.119151 8.386613 9.159332 9.579642 9.954831 8.806107 8.490626 8.505071 8.020696 -9999.0 -9999.0 -9999.0 -9999.0 -9999.0 -9999.0 -9999.0
-9999.0 -9999.0 -9999.0 -9999.0 -9999.0 -9999.0 -9999.0 -9999.0 -9999.0 -9999.0 -9999.0 -9999.0 7.126445 3.768375 7.943700 7.974922 3.851837 6.131522 14.787872 14.189947 7.855586 7.952663 7.763600 6.261574 2.902146 0.667885 10.679602 7.502344 7.309277 9.957933 9.189984 0.792415 9.640497 8.380628 8.627051 10.994102 8.427078 10.554625 18.042599 9.416905 15.173275 14.540799 8.131366 11.299558 9.149349 7.999592 8.926157 8.174912 0.706739 7.816485 9.083332 6.994902 7.836051 0.456007 4.376713 7.671935 7.796541 -9999.0 -9999.0 -9999.0 -9999.0 -9999.0 -9999.0
-9999.0 -9999.0 -9999.0 -9999.0 -9999.0 -9999.0 -9999.0 -9999.0 -9999.0 -9999.0 -9999.0 1.835440 7.788024 7.795711 4.658183 4.734452 6.310592 6.106385 15.120128 9.878591 8.499555 7.123575 7.840384 0.767596 1.053643 8.068094 6.813849 7.180887 9.091457 10.750615 0.881124 7.411057 11.377105 7.828733 8.427119 9.948455 11.511826 9.740029 11.251287 16.255143 9.408722 10.259917 9.525207 9.498255 11.770735 7.581421 8.640996 9.609603 10.728447 9.337636 4.678082 7.316879 2.819025 3.205447 1.513996 8.191834 8.423486 -9999.0 -9999.0 -9999.0 -9999.0 -9999.0 -9999.0
-9999.0 -9999.0 -9999.0 -9999.0 -9999.0 -9999.0 -9999.0 -9999.0 -9999.0 -9999.0 9.604921 1.115660 8.650181 9.166764 10.187811 6.837621 6.530451 5.949722 9.361090 10.343997 14.451001 12.379843 6.242411 12.907157 9.046112 7.747792 0.460907 3.740608 10.044437 11.405320 8.094961 7.378943 8.709891 6.625587 7.443923 11.233013 12.211119 8.672997 8.089616 11.754298 11.650233 11.043279 16.820420 9.167487 8.327585 9.596649 9.472247 7.819818 8.662703 8.977767 3.691543 7.878617 1.480209 7.028837 8.572336 8.894103 8.093147 -9999.0 -9999.0 -9999.0 -9999.0 -9999.0 -9999.0
-9999.0 -9999.0 -9999.0 -9999.0 -9999.0 -9999.0 -9999.0 -9999.0 -9999.0 7.869829 8.354921 0.664068 6.478757 4.277373 0.699507 0.697191 2.213863 13.229272 9.628478 10.891118 15.051194 8.511041 8.188893 10.404873 9.110764 5.196530 3.164633 11.848410 8.647551 9.337511 9.349033 0.634644 7.090295 7.399918 10.282635 10.500267 9.795790 5.135045 1.478702 8.225447 7.936170 6.693233 6.673448 10.010340 9.085455 8.605013 13.523945 7.829808 8.242103 9.885394 0.524777 7.510382 5.016652 8.649351 9.423871 3.490625 4.395613 8.698095 8.645835 -9999.0 -9999.0 -9999.0 -9999.0
-9999.0 -9999.0 -9999.0 -9999.0 -9999.0 -9999.0 -9999.0 -9999.0 -9999.0 7.305379 7.716650 8.669429 12.054428 7.894081 6.092479 4.608511 12.364556 9.453089 10.570490 16.955948 16.619866 16.230610 13.616924 12.126586 4.758270 0.997467 7.473105 9.400917 10.591563 11.958128 10.390398 0.838234 7.507929 7.520770 8.077168 11.327314 11.621029 12.659258 9.139674 11.318125 6.623805 0.709854 8.281204 9.969744 10.169611 11.669702 11.399174 10.508768 10.033272 9.811440 3.586931 1.689731 7.326851 8.245143 8.764804 2.990404 0.804523 0.449351 9.883467 -9999.0 -9999.0 -9999.0 -9999.0
-9999.0 -9999.0 -9999.0 -9999.0 -9999.0 -9999.0 -9999.0 -9999.0 -9999.0 -9999.0 8.323666 9.145198 7.231880 7.141868 8.636430 7.739515 8.656929 10.725564 11.592942 13.329662 15.917058 9.798610 7.735930 5.411515 0.973254 9.311083 10.486333 10.808401 10.466599 0.478571 0.773614 5.890920 1.623011 7.748900 8.792202 10.072699 10.753759 10.799525 8.984616 7.607425 7.668202 11.560225 11.598307 7.933601 7.687419 8.070220 9.104828 14.424625 12.139586 9.958928 6.223054 6.751745 7.961364 8.333478 7.709596 8.484453 9.765066 10.347454 10.351221 10.753052 -9999.0 -9999.0 -9999.0
-9999.0 -9999.0 -9999.0 -9999.0 -9999.0 -9999.0 -9999.0 -9999.0 -9999.0 -9999.0 8.068971 8.494825 10.025901 7.898341 14.534788 8.140623 7.995536 10.119725 12.752587 13.695790 11.081338 9.353853 7.878961 8.155498 9.232145 11.036578 11.608038 7.951693 4.716363 2.638890 7.894573 9.413575 3.731699 6.924866 8.342279 9.456333 7.938574 7.586255 3.151717 7.322075 8.153305 10.932345 0.880639 9.074035 10.589756 6.518092 8.330246 7.966620 10.280656 12.230128 10.151238 0.447478 3.102306 8.577532 7.920665 9.477779 8.571139 9.126525 11.299758 13.002779 -9999.0 -9999.0 -9999.0
-9999.0 -9999.0 -9999.0 -9999.0 -9999.0 -9999.0 -9999.0 -9999.0 8.597436 9.200967 9.716995 8.956746 0.683059 0.724401 6.699769 9.923437 10.596058 17.348895 14.515660 14.392131 12.869341 11.850326 10.911875 9.186950 10.789237 10.668825 12.933481 6.408662 0.838737 2.885818 9.315820 7.857523 7.513495 8.570436 8.003716 8.012211 11.843293 7.562264 2.784371 8.306242 8.827189 8.660232 3.770459 9.450579 11.884545 11.378834 1.558642 7.676307 8.459823 12.622194 10.791249 7.957264 4.366188 1.801013 9.955419 9.558519 10.609258 13.867127 12.261169 12.912633 -9999.0 -9999.0 -9999.0
-9999.0 -9999.0 -9999.0 -9999.0 -9999.0 -9999.0 -9999.0 -9999.0 0.474502 0.584821 1.695252 8.802636 9.330776 1.067108 6.722929 8.483167 9.665901 10.265690 13.153891 15.165111 21.016834 19.377998 17.354308 16.197478 11.528118 11.164701 8.877750 7.950524 3.813083 8.109565 8.383926 10.390768 7.895932 9.483471 8.218891 9.083085 11.739532 8.305244 0.612543 7.611570 7.442213 7.144102 8.947363 8.948423 10.973169 4.514482 3.404627 8.941108 8.704925 10.260549 12.691103 9.837548 0.442373 9.791391 11.364762 10.109687 10.019090 11.400702 14.063214 16.104514 16.670895 -9999.0 -9999.0
-9999.0 -9999.0 -9999.0 -9999.0 -9999.0 -9999.0 -9999.0 -9999.0 8.596183 10.917555 9.516046 1.820734 10.224594 0.494410 0.802530 7.241468 9.177325 12.448603 13.414329 20.560415 15.723992 20.148721 19.782452 14.678749 17.962986 10.860883 8.348591 4.862148 4.100731 8.842456 10.997396 10.084517 3.194071 3.793833 8.931168 11.177929 1.309749 8.351723 1.371905 3.826856 7.763758 9.308730 8.116116 8.707681 3.260903 8.163314 9.274591 9.211810 4.674763 9.038785 12.387602 11.724939 6.316910 5.747535 11.239400 12.021781 13.074083 14.123253 15.729147 15.634431 16.318230 -9999.0 -9999.0
-9999.0 -9999.0 -9999.0 -9999.0 -9999.0 -9999.0 -9999.0 -9999.0 9.238060 10.614710 8.307265 0.888000 10.173654 7.119962 7.889803 9.592306 12.093472 13.600435 15.997308 13.703014 15.257638 15.819372 20.147784 19.156273 11.985166 9.594375 7.594074 0.650672 11.777589 7.993510 0.787809 6.889471 8.455073 8.299160 0.532153 10.392017 12.542950 9.223751 0.878813 3.527949 7.893224 8.356407 8.542779 9.788526 8.559873 9.775396 9.376648 10.246434 10.844870 9.389253 10.206362 12.904942 12.665730 12.051120 13.578310 14.195901 14.986679 14.050738 15.002502 16.193465 14.759054 11.787519 -9999.0
-9999.0 -9999.0 -9999.0 -9999.0 -9999.0 -9999.0 -9999.0 -9999.0 9.218745 10.108550 1.247564 7.357765 8.270335 8.905483 15.289294 13.209361 14.965104 10.767945 9.408603 11.053947 13.158039 15.631948 15.771775 15.517004 16.591944 9.251310 6.882052 9.345153 10.149054 9.328256 6.469858 9.061404 10.395414 8.972017 1.047560 1.162971 9.559301 10.293843 9.281481 8.530255 7.492405 0.710064 8.565495 7.868227 3.471676 10.401564 8.236688 9.470479 9.601378 11.722450 13.384520 12.777614 13.422254 15.225698 15.325204 15.433194 16.073323 16.038384 15.732662 14.807554 12.676877 10.956161 -9999.0
-9999.0 -9999.0 9.724576 9.611499 3.996896 4.433584 6.953260 3.952380 9.554547 9.061091 0.934937 9.216862 9.328928 11.870968 17.196652 12.151361 9.099508 7.143167 8.683482 9.312599 11.421167 14.135304 15.366688 14.847522 13.932229 10.890028 9.292942 9.248572 10.486142 13.766884 7.720695 8.213842 14.049992 8.662793 10.690736 9.215624 12.262377 11.436725 10.081606 8.142728 10.317347 10.461523 9.074543 10.017882 7.029624 9.442239 10.992473 9.456484 12.723188 14.313485 15.570839 16.132051 15.995380 16.056758 15.984341 20.190201 14.964182 14.645704 13.874403 12.268166 14.787049 10.033128 -9999.0
-9999.0 7.473546 7.204180 7.110206 4.606134 7.368365 6.827614 1.643888 2.020001 8.645049 0.942741 8.235967 10.666921 15.517363 15.499892 8.761903 8.232957 0.608423 7.400479 9.385940 11.839308 12.988661 18.033762 14.396448 19.325082 14.208897 17.320045 17.637832 13.316636 12.334720 12.107729 11.702838 11.493753 15.208962 13.281225 14.013661 14.711318 13.381090 14.203109 13.391569 13.176922 12.781298 12.312963 10.145241 9.728159 10.502286 13.333272 12.970860 15.352895 14.921131 15.536853 15.355094 14.643404 14.566491 14.537323 13.744144 11.610931 11.392490 12.103233 13.755074 9.569802 9.752131 -9999.0
-9999.0 11.113575 8.034228 8.459546 12.545007 7.879974 4.353960 2.142948 9.439114 9.867530 6.098454 8.342500 10.953516 15.851932 9.557965 5.540796 0.706847 0.566873 9.418832 9.030324 14.936850 12.140306 13.605118 15.082190 20.291944 21.102511 14.445602 15.460369 14.805494 13.708597 13.710897 13.040469 12.917333 13.782579 17.963238 15.425707 21.399380 21.812986 16.365922 16.184629 15.751021 15.161302 13.823446 13.303284 13.939154 14.289116 15.625643 15.744992 15.135029 15.088099 13.844887 12.055923 11.800571 12.403407 11.649290 10.137741 10.219736 9.306177 8.947198 8.360022 8.451647 -9999.0 -9999.0
