user2019/resources/simulation/Vinschgau/output-maps/TsL0003N0919.asc
ncols         63
nrows         48
xllcorner     598000.000000
yllcorner     5145000.000000
cellsize      1000.000000
NODATA_value  -9999.0
[rows 0 to 27 of 48, columns 0 to 62 of 63]
-9999.0 -9999.0 -9999.0 -9999.0 -9999.0 -9999.0 -9999.0 -9999.0 -9999.0 -9999.0 -9999.0 -9999.0 -9999.0 -9999.0 -9999.0 -9999.0 -9999.0 -9999.0 -9999.0 -9999.0 -9999.0 -9999.0 -9999.0 -9999.0 -9999.0 -9999.0 -9999.0 -9999.0 -9999.0 -9999.0 -9999.0 -9999.0 -9999.0 -9999.0 -9999.0 -9999.0 -9999.0 -9999.0 -9999.0 -9999.0 -9999.0 -9999.0 -9999.0 -9999.0 -9999.0 -9999.0 -9999.0 -9999.0 -9999.0 -9999.0 -9999.0 -9999.0 -9999.0 -9999.0 -9999.0 -9999.0 -9999.0 -9999.0 -9999.0 -9999.0 -9999.0 -9999.0 -9999.0
-9999.0 -9999.0 -9999.0 -9999.0 -9999.0 -9999.0 -9999.0 -9999.0 -9999.0 -9999.0 -9999.0 -9999.0 -9999.0 -9999.0 -9999.0 -9999.0 -9999.0 -9999.0 -9999.0 -9999.0 -9999.0 -9999.0 -9999.0 -9999.0 -9999.0 -9999.0 -9999.0 -6.211462 -4.778789 -5.302743 -5.402816 -6.141700 -6.425915 -9999.0 -9999.0 -9999.0 -9999.0 -9999.0 -9999.0 -9999.0 -9999.0 -9999.0 -9999.0 -9999.0 -9999.0 -9999.0 -9999.0 -9999.0 -9999.0 -9999.0 -9999.0 -9999.0 -9999.0 -9999.0 -9999.0 -9999.0 -9999.0 -9999.0 -9999.0 -9999.0 -9999.0 -9999.0 -9999.0
-9999.0 -9999.0 -9999.0 -9999.0 -9999.0 -9999.0 -9999.0 -9999.0 -9999.0 -9999.0 -9999.0 -9999.0 -9999.0 -9999.0 -9999.0 -9999.0 -9999.0 -9999.0 -9999.0 -9999.0 -9999.0 -9999.0 -9999.0 -9999.0 -4.060792 -3.818916 -3.306325 -4.018345 -3.278506 -5.064332 -5.709356 -9999.0 -9999.0 -9999.0 -9999.0 -9999.0 -9999.0 -9999.0 -9999.0 -9999.0 -9999.0 -9999.0 -9999.0 -9999.0 -9999.0 -9999.0 -9999.0 -9999.0 -9999.0 -9999.0 -9999.0 -9999.0 -9999.0 -9999.0 -9999.0 -9999.0 -9999.0 -9999.0 -9999.0 -9999.0 -9999.0 -9999.0 -9999.0
-9999.0 -9999.0 -9999.0 -9999.0 -9999.0 -9999.0 -9999.0 -9999.0 -9999.0 -9999.0 -9999.0 -9999.0 -9999.0 -9999.0 -9999.0 -9999.0 -9999.0 -9999.0 -9999.0 -9999.0 -9999.0 -9999.0 -9999.0 -3.713402 -2.207591 -0.007614 0.292839 0.915198 -0.004439 -3.454269 -5.654799 -6.244356 -9999.0 -9999.0 -9999.0 -9999.0 -9999.0 -9999.0 -9999.0 -9999.0 -9999.0 -9999.0 -9999.0 -9999.0 -9999.0 -9999.0 -9999.0 -9999.0 -9999.0 -9999.0 -9999.0 -9999.0 -9999.0 -9999.0 -9999.0 -9999.0 -9999.0 -9999.0 -9999.0 -9999.0 -9999.0 -9999.0 -9999.0
-9999.0 -9999.0 -9999.0 -9999.0 -9999.0 -9999.0 -9999.0 -9999.0 -9999.0 -9999.0 -9999.0 -9999.0 -9999.0 -9999.0 -9999.0 -9999.0 -9999.0 -9999.0 -0.021519 -3.010498 -9999.0 -3.312771 -2.452991 -0.014926 -0.004799 0.732524 -0.019000 -0.021587 -0.007045 -0.036850 -3.819418 -5.347032 -7.270202 -9.752194 -9999.0 -9999.0 -9999.0 -9999.0 -9999.0 -9999.0 -9999.0 -9999.0 -9999.0 -9999.0 -9999.0 -9999.0 -9999.0 -9999.0 -9999.0 -9999.0 -9999.0 -9999.0 -9999.0 -9999.0 -9999.0 -9999.0 -9999.0 -9999.0 -9999.0 -9999.0 -9999.0 -9999.0 -9999.0
-9999.0 -9999.0 -9999.0 -9999.0 -9999.0 -9999.0 -9999.0 -9999.0 -9999.0 -9999.0 -9999.0 -9999.0 -9999.0 -9999.0 -9999.0 -9999.0 -9999.0 3.945628 2.389047 0.874090 -3.609466 -0.085699 -0.039750 -0.019812 -0.015326 -0.022762 -0.268371 -0.067066 -0.101118 -0.017734 -1.847196 -3.666800 -5.438116 -6.108294 -8.096473 -9.373267 -9999.0 -9999.0 -9999.0 -9999.0 -9999.0 -9999.0 -9999.0 -9999.0 -9999.0 -9999.0 -9999.0 -9999.0 -9999.0 -9999.0 -9999.0 -9999.0 -9999.0 -9999.0 -9999.0 -9999.0 -9999.0 -9999.0 -9999.0 -9999.0 -9999.0 -9999.0 -9999.0
-9999.0 -9999.0 -9999.0 -9999.0 -9999.0 -9999.0 -9999.0 -9999.0 -9999.0 -9999.0 -9999.0 -9999.0 -9999.0 -2.013547 -0.016873 1.779690 3.424956 2.542022 3.526985 -0.011274 -0.006303 -0.012128 -0.004903 -0.016893 -0.026208 -2.510899 -2.462562 -1.075375 -1.154577 -0.140048 -1.892695 -4.309724 -4.461029 -6.398611 -6.775590 -9.643539 -9999.0 -9999.0 -9999.0 -9999.0 -9999.0 -9999.0 -9999.0 -9999.0 -9999.0 -9999.0 -9999.0 -9999.0 -9999.0 -9999.0 -9999.0 -9999.0 -9999.0 -9999.0 -9999.0 -9999.0 -9999.0 -9999.0 -9999.0 -9999.0 -9999.0 -9999.0 -9999.0
-9999.0 -9999.0 -9999.0 -9999.0 -9999.0 -9999.0 -9999.0 -9999.0 -9999.0 -9999.0 -9999.0 -9999.0 -9999.0 -0.363122 0.741395 2.620347 2.729803 1.691330 2.570573 1.138440 2.610811 0.082339 0.856517 -0.003932 -0.052406 -0.176642 -4.739386 -5.620156 -6.749638 -1.930758 -1.391172 -5.116444 -7.072277 -9.996299 -8.354922 -9999.0 -9999.0 -9999.0 -9999.0 -9999.0 -9999.0 -9999.0 -9999.0 -9999.0 -9999.0 -9999.0 -9999.0 -9999.0 -9999.0 -9999.0 -9999.0 -9999.0 -9999.0 -9999.0 -9999.0 -9999.0 -9999.0 -9999.0 -9999.0 -9999.0 -9999.0 -9999.0 -9999.0
-9999.0 -9999.0 -9999.0 -9999.0 -9999.0 -9999.0 -9999.0 -9999.0 -9999.0 -9999.0 -9999.0 -9999.0 -9999.0 0.276296 0.063811 1.415453 2.143921 3.066624 2.736805 3.453055 0.125420 -0.033189 -0.079000 -0.056144 -0.021244 -0.025202 -4.570448 -7.041941 -6.262109 -8.891732 -5.697283 -10.522395 -10.983377 -12.874415 -9.994881 -9999.0 -9999.0 -9999.0 -9999.0 -9999.0 -9999.0 -9999.0 -9999.0 -9999.0 -9999.0 -9999.0 -9999.0 -9999.0 -9999.0 -9999.0 -9999.0 -9999.0 -9999.0 -9999.0 -9999.0 -9999.0 -9999.0 -9999.0 -9999.0 -9999.0 -9999.0 -9999.0 -9999.0
-9999.0 -9999.0 -9999.0 -9999.0 -9999.0 -9999.0 -9999.0 -9999.0 -9999.0 -9999.0 -9999.0 -9999.0 -0.018065 -0.037638 0.889689 -0.011124 0.527064 2.485343 2.158438 2.074529 -0.011009 -0.164472 -0.659516 -0.558488 -1.952955 -4.743583 -3.544751 -5.872283 -4.261313 -7.287845 -10.504712 -7.581491 -6.304045 -10.588235 -9999.0 -9999.0 -9999.0 -9999.0 -9999.0 -9999.0 -9999.0 -9999.0 -9999.0 -9999.0 -9999.0 -9999.0 -9999.0 -9999.0 -9999.0 -9999.0 -9999.0 -9999.0 -9999.0 -9999.0 -9999.0 -9999.0 -9999.0 -9999.0 -9999.0 -9999.0 -9999.0 -9999.0 -9999.0
-9999.0 -9999.0 -9999.0 -9999.0 -9999.0 -9999.0 -9999.0 -9999.0 -9999.0 -9999.0 -9999.0 -1.493821 0.180430 0.279449 0.151601 -0.038538 0.633990 2.347676 2.261250 1.355859 1.088252 -0.011787 -2.819863 -4.328746 -0.204711 -4.039005 -6.118032 -4.950238 -5.457073 -9.086679 -7.814666 -4.149240 -6.670785 -8.810383 -7.964740 -6.432675 -6.008319 -5.200978 -4.993918 -9999.0 -9999.0 -9999.0 -9.016544 -9999.0 -9999.0 -9999.0 -9999.0 -9999.0 -9999.0 -9999.0 -9999.0 -9999.0 -9999.0 -9999.0 -9999.0 -9999.0 -9999.0 -9999.0 -9999.0 -9999.0 -9999.0 -9999.0 -9999.0
-9999.0 -9999.0 -9999.0 -9999.0 -9999.0 -9999.0 -9999.0 -9999.0 -9999.0 -9999.0 -9999.0 -2.145504 0.574923 1.794241 1.662190 -1.736446 2.974216 3.240365 2.294618 1.502838 0.133991 -0.267843 -2.883105 -3.236990 -2.365120 -4.864715 -5.274099 -3.970283 -4.935411 -8.737354 -4.957366 -4.729942 -6.271124 -7.102689 -7.949304 -4.964645 -3.386080 -3.762966 -5.135438 -8.476027 -8.435926 -8.928412 -5.197531 -7.274489 -9999.0 -9999.0 -9999.0 -9.859980 -8.147620 -7.765094 -7.011731 -8.885875 -9.133255 -9.077855 -8.576726 -9.700266 -9999.0 -9999.0 -9999.0 -9999.0 -9999.0 -9999.0 -9999.0
-9999.0 -9999.0 -9999.0 -9999.0 -9999.0 -9999.0 -9999.0 -9999.0 -9999.0 -9999.0 -9999.0 -3.111852 -2.072703 -0.210599 -0.041002 -0.366259 -0.008347 2.640011 1.875286 1.506653 1.300038 -0.028046 -1.924292 -4.042810 -4.881419 -6.022856 -2.271778 -3.945844 -6.278087 -7.558870 -6.712415 -4.442213 -3.797433 -6.738376 -7.271754 -3.610872 -3.592041 -3.216510 -3.054692 -6.702411 -4.660701 -6.064753 -3.802014 -4.798490 -6.831157 -9999.0 -10.400814 -6.779399 -5.236350 -4.166727 -3.898470 -4.724494 -4.726639 -5.445841 -5.587889 -6.569273 -9999.0 -9999.0 -9999.0 -9999.0 -9999.0 -9999.0 -9999.0
-9999.0 -9999.0 -9999.0 -9999.0 -9999.0 -9999.0 -9999.0 -9999.0 -9999.0 -9999.0 -9999.0 -9999.0 -1.602823 -0.433921 -1.207907 -0.637191 -0.006825 1.831911 1.952432 1.568409 1.100570 -0.022163 -0.222108 -1.350062 -3.634583 -2.416312 -2.996198 -4.158234 -5.520839 -7.186740 -5.228457 -4.239213 -3.849782 -5.786773 -6.333603 -4.577027 -2.249815 -2.999155 -0.049103 -4.311349 -3.432547 -4.717619 -1.598165 -3.068093 -6.807865 -7.133383 -8.311166 -6.657857 -3.576236 -1.713003 -0.690095 -4.070444 -3.200897 -4.725736 -4.160862 -5.334332 -6.452366 -9999.0 -9999.0 -9999.0 -9999.0 -9999.0 -9999.0
-9999.0 -9999.0 -9999.0 -9999.0 -9999.0 -9999.0 -9999.0 -9999.0 -9999.0 -9999.0 -9999.0 -1.115784 -3.737044 -2.199715 -0.627888 -0.030068 -0.014198 1.062770 1.461543 3.192817 1.465244 -0.005774 -0.360945 -2.367569 -2.213116 -0.754483 -0.934350 -5.742681 -6.013340 -5.662068 -2.401892 -3.389184 -3.707788 -5.627097 -7.897452 -4.968960 -4.840081 -1.688409 -0.029275 -2.025687 -1.727814 -0.096509 -0.744664 -1.698025 -2.417919 -5.598025 -4.504482 -5.548488 -4.628371 -0.402452 -4.471774 -5.446817 -6.994577 -7.884328 -8.835042 -9.590510 -7.354529 -9999.0 -9999.0 -9999.0 -9999.0 -9999.0 -9999.0
-9999.0 -9999.0 -9999.0 -9999.0 -9999.0 -9999.0 -9999.0 -9999.0 -9999.0 -9999.0 -2.763232 -0.733920 -3.124767 -3.110345 -1.371523 -1.167932 -1.186672 -0.017093 2.622078 2.839711 0.189156 -0.011303 -0.806585 -1.645247 -0.110248 -2.028864 -2.955356 -5.425302 -3.998724 -3.218416 -2.828305 -2.902359 -3.057632 -5.607414 -9.788855 -6.694127 -3.775641 -1.937430 -0.079020 -0.021652 -0.020588 -0.002199 0.071477 0.306011 -0.291436 -5.463875 -4.424128 -1.419242 -0.546133 -0.102079 -6.970319 -7.901942 -9.303243 -10.552618 -10.219091 -5.670599 -5.467154 -9999.0 -9999.0 -9999.0 -9999.0 -9999.0 -9999.0
-9999.0 -9999.0 -9999.0 -9999.0 -9999.0 -9999.0 -9999.0 -9999.0 -9999.0 -4.668763 -2.270969 -2.393955 -1.779685 -1.249547 -0.756519 -0.636589 -0.520054 -0.036459 2.392024 3.210854 0.510327 -0.011707 -0.013308 -0.019220 -0.026690 -1.707031 -3.807908 -3.167741 -0.696709 -0.057728 -0.024934 -1.904702 -6.361381 -10.191079 -8.670284 -6.812634 -3.507791 -2.489773 -2.109120 -0.495654 -0.052550 -0.387237 -0.680219 1.002323 0.350844 -0.499615 -1.009147 -1.821656 -1.787810 -0.023870 -2.912459 -7.386058 -11.441100 -10.556640 -8.628470 -7.148776 -6.098106 -6.912762 -8.244262 -9999.0 -9999.0 -9999.0 -9999.0
-9999.0 -9999.0 -9999.0 -9999.0 -9999.0 -9999.0 -9999.0 -9999.0 -9999.0 -6.132303 -4.829002 -3.162139 -1.168068 -0.044986 -0.603380 -1.279833 -1.265587 -0.016937 2.999983 1.384921 1.049033 0.165064 -0.006975 -0.044927 -1.320018 -2.661042 -1.177511 -0.125448 -0.017373 -0.037230 -0.722776 -2.286293 -4.536852 -6.675609 -5.424826 -6.844430 -6.292815 -4.983206 -4.866889 -3.464705 -1.393479 -2.921750 -1.041557 -0.013299 1.628041 0.535707 0.205372 -0.020182 -0.048009 -0.022848 -3.150644 -6.475612 -9.980826 -8.809708 -7.296376 -8.104966 -5.973753 -5.053752 -5.875570 -9999.0 -9999.0 -9999.0 -9999.0
-9999.0 -9999.0 -9999.0 -9999.0 -9999.0 -9999.0 -9999.0 -9999.0 -9999.0 -9999.0 -5.413073 -3.125376 -0.219582 -0.703317 -0.031560 -0.501301 -0.058771 0.038789 3.887276 2.530210 1.159562 1.590008 -0.024629 -0.332296 -2.261336 -0.288377 -0.023519 -0.009102 -0.815503 -1.834323 -2.188494 -3.666751 -4.835274 -6.065033 -3.914453 -3.802181 -3.166340 -2.529523 -6.238039 -5.025366 -5.474375 -3.012028 -1.871925 -0.445844 -0.019153 -0.015174 0.471766 0.049935 0.878993 -0.023984 -2.102117 -5.701803 -8.738072 -9.683721 -8.944341 -6.781623 -4.222801 -1.976135 -2.320705 -0.231190 -9999.0 -9999.0 -9999.0
-9999.0 -9999.0 -9999.0 -9999.0 -9999.0 -9999.0 -9999.0 -9999.0 -9999.0 -9999.0 -5.633175 -4.393416 -3.338971 -0.093097 -0.017521 -0.013077 -0.017270 1.500721 4.270742 3.569205 2.549272 0.263575 -0.031349 -0.945734 -0.290171 -0.016791 0.230931 -0.018398 -1.525784 -4.513422 -5.098887 -3.254737 -6.379212 -6.874447 -5.012744 -2.684455 -1.995782 -0.813649 -3.059385 -5.923875 -4.758625 -4.049287 -1.625309 -3.543806 -1.956540 -0.464711 -0.084238 -0.018940 1.817144 0.608443 -0.028288 -2.992672 -5.126597 -8.211535 -10.348614 -9.533786 -6.831036 -1.832941 0.607478 0.328768 -9999.0 -9999.0 -9999.0
-9999.0 -9999.0 -9999.0 -9999.0 -9999.0 -9999.0 -9999.0 -9999.0 -3.944700 -5.275633 -6.202153 -3.823566 -3.683096 -1.391789 -0.060027 0.864631 1.865719 1.101009 3.247272 4.048785 4.331978 3.017846 1.836139 -0.009316 -0.021171 1.294385 -0.017737 -1.040907 -2.650491 -4.466795 -9.299027 -5.031251 -4.991295 -6.581610 -4.584571 -4.692866 -1.217320 -1.114348 -2.796808 -6.860896 -5.545704 -2.820443 -4.468807 -6.397132 -4.504126 -2.465180 -2.604000 -1.088429 -0.017558 0.842052 -0.021450 -0.941069 -5.471136 -6.932093 -9.054328 -6.047998 -6.605115 -1.936054 -0.017677 2.933363 -9999.0 -9999.0 -9999.0
-9999.0 -9999.0 -9999.0 -9999.0 -9999.0 -9999.0 -9999.0 -9999.0 -3.994300 -2.244245 -3.956497 -6.013747 -4.704689 -3.063850 -1.170785 -0.015402 0.781507 1.393041 4.740328 4.588831 3.097452 2.369650 0.907134 0.070875 2.260415 2.269292 0.230452 -0.709737 -6.295872 -5.853787 -6.654403 -6.420296 -4.484747 -6.221452 -4.016914 -3.459586 -1.009329 -0.255212 -1.099610 -3.913280 -5.181083 -7.837143 -6.017694 -3.748346 -3.608836 -1.821950 -4.835432 -4.053034 -0.657432 0.965956 0.401799 -0.758410 -5.744829 -6.685828 -4.602020 -4.279882 -1.916240 -0.086825 1.125207 3.543377 4.622943 -9999.0 -9999.0
-9999.0 -9999.0 -9999.0 -9999.0 -9999.0 -9999.0 -9999.0 -9999.0 -4.991078 -4.268840 -3.667884 -4.772699 -5.304947 -4.180122 -1.378405 -1.031495 -0.012596 0.532350 4.649371 3.253480 5.062726 3.264059 2.669245 3.154562 1.557211 2.052678 -0.005527 -1.476878 -5.188678 -5.021711 -5.848355 -3.733270 -3.175351 -2.750219 -2.831246 -2.655623 -0.035594 1.041286 -0.029325 -1.530836 -4.042249 -5.698275 -3.951501 -4.458052 -2.504450 -3.976987 -6.808991 -4.952643 -3.266758 -0.021040 1.935208 -0.022951 -5.109151 -5.696832 -3.127458 -1.335010 -0.008115 1.007777 3.145108 3.762462 4.173794 -9999.0 -9999.0
-9999.0 -9999.0 -9999.0 -9999.0 -9999.0 -9999.0 -9999.0 -9999.0 -7.692210 -3.745322 -1.152148 -6.551580 -4.387027 -1.872789 -0.470837 -0.007882 3.174805 4.423868 1.940083 4.981600 4.486629 4.904441 3.405382 2.815128 2.732495 0.312365 -0.067829 -2.242158 -3.289397 -1.376692 -1.794920 -1.007428 -0.052618 -0.437150 -0.589236 -1.983743 -0.030764 2.814244 -0.002786 -0.236222 -3.373550 -3.127859 -3.132588 -4.584272 -4.726112 -5.588371 -3.933431 -4.846019 -4.669407 -1.999967 -0.018980 1.516312 -0.022801 -1.755347 -0.019893 0.245891 1.780603 3.533137 4.503845 3.946740 3.020734 1.767200 -9999.0
-9999.0 -9999.0 -9999.0 -9999.0 -9999.0 -9999.0 -9999.0 -9999.0 -7.611787 -4.121086 -2.437104 -1.807753 -0.617789 -0.104783 -0.032542 0.635258 0.539780 1.538406 -0.005427 1.793038 3.958792 4.235026 4.528961 4.217113 0.730700 -0.014469 -1.345710 -0.306241 -0.029946 -0.630597 -0.449800 -0.023338 0.570550 -0.009324 -0.022849 -0.010548 0.755851 4.873881 4.372102 0.416148 -0.020294 -0.023707 -0.021917 -0.048099 -1.933436 -2.536742 -0.775326 -0.130266 -0.896532 -0.024839 0.016240 0.896192 1.267862 0.319592 0.947592 1.249636 1.976118 2.745820 3.351550 2.980969 3.021147 1.193932 -9999.0
-9999.0 -9999.0 -4.588483 -4.041722 -4.469419 -2.837779 -4.096110 -3.711134 -5.910654 -4.893751 -2.163588 -0.288584 -0.090732 -0.788064 -0.007444 0.225727 -0.022053 -1.450137 -1.139922 -0.013447 1.684122 4.414949 3.415287 5.464375 2.243059 1.008904 -0.016402 -0.012392 1.299113 -0.013551 -0.023230 -0.005095 1.136857 2.046235 1.958741 3.381281 4.212045 7.276594 6.276552 3.398851 1.944797 1.975556 2.725107 0.746866 -0.015185 -0.024185 0.027187 0.767536 0.739816 1.724965 2.396243 2.209034 1.664490 1.224668 1.171703 1.065833 1.774151 2.136911 1.730187 2.378778 0.075546 0.455980 -9999.0
-9999.0 -1.220234 -1.666375 -2.001427 -2.691248 -1.883025 -4.085643 -4.118046 -5.132285 -5.981913 -3.159577 -1.082331 -0.028464 -0.651530 -0.023568 -0.471652 -2.200985 -3.148103 -1.803693 -0.020075 1.462960 3.047390 1.362986 3.500293 2.003150 1.907784 0.280071 0.612225 2.245458 1.240667 0.999259 1.024945 2.504905 3.184919 4.738181 5.916645 7.465835 10.351273 7.564026 6.044290 5.235106 5.078418 4.376719 3.627393 2.374851 2.730998 2.478264 4.900524 3.899161 4.807159 3.003495 2.267349 1.531664 0.803202 0.745760 0.303626 0.268617 0.605343 0.031703 -0.022291 -0.004380 0.247933 -9999.0
-9999.0 -1.114046 -1.494602 -0.747271 -0.875440 -1.952851 -2.774984 -4.653705 -6.230079 -6.326906 -3.722325 -1.473209 -0.012232 -0.022766 -0.118014 -4.216443 -3.909412 -3.464731 -0.700814 -0.025785 -0.017957 1.131047 1.952145 0.748937 1.257614 1.967972 4.798774 4.098915 3.604008 5.511088 5.824987 5.534731 4.247332 5.134093 5.596773 7.971417 9.008912 10.032957 10.220437 9.376977 8.533474 7.633423 6.553826 7.259181 7.296254 7.076877 5.103942 4.922416 4.426726 3.766971 2.176977 1.234188 0.359187 1.017043 0.262317 -0.043089 -0.213106 -0.054592 -0.036001 -0.134202 -0.035392 -9999.0 -9999.0
