user2019/resources/simulation/Vinschgau/output-maps/TsL0001N0273.asc
ncols         63
nrows         48
xllcorner     598000.000000
yllcorner     5145000.000000
cellsize      1000.000000
NODATA_value  -9999.0
[rows 0 to 27 of 48, columns 0 to 61 of 63]
-9999.0 -9999.0 -9999.0 -9999.0 -9999.0 -9999.0 -9999.0 -9999.0 -9999.0 -9999.0 -9999.0 -9999.0 -9999.0 -9999.0 -9999.0 -9999.0 -9999.0 -9999.0 -9999.0 -9999.0 -9999.0 -9999.0 -9999.0 -9999.0 -9999.0 -9999.0 -9999.0 -9999.0 -9999.0 -9999.0 -9999.0 -9999.0 -9999.0 -9999.0 -9999.0 -9999.0 -9999.0 -9999.0 -9999.0 -9999.0 -9999.0 -9999.0 -9999.0 -9999.0 -9999.0 -9999.0 -9999.0 -9999.0 -9999.0 -9999.0 -9999.0 -9999.0 -9999.0 -9999.0 -9999.0 -9999.0 -9999.0 -9999.0 -9999.0 -9999.0 -9999.0 -9999.0
-9999.0 -9999.0 -9999.0 -9999.0 -9999.0 -9999.0 -9999.0 -9999.0 -9999.0 -9999.0 -9999.0 -9999.0 -9999.0 -9999.0 -9999.0 -9999.0 -9999.0 -9999.0 -9999.0 -9999.0 -9999.0 -9999.0 -9999.0 -9999.0 -9999.0 -9999.0 -9999.0 -6.783644 -6.555817 -6.310354 -7.431951 -8.388927 -8.325455 -9999.0 -9999.0 -9999.0 -9999.0 -9999.0 -9999.0 -9999.0 -9999.0 -9999.0 -9999.0 -9999.0 -9999.0 -9999.0 -9999.0 -9999.0 -9999.0 -9999.0 -9999.0 -9999.0 -9999.0 -9999.0 -9999.0 -9999.0 -9999.0 -9999.0 -9999.0 -9999.0 -9999.0 -9999.0
-9999.0 -9999.0 -9999.0 -9999.0 -9999.0 -9999.0 -9999.0 -9999.0 -9999.0 -9999.0 -9999.0 -9999.0 -9999.0 -9999.0 -9999.0 -9999.0 -9999.0 -9999.0 -9999.0 -9999.0 -9999.0 -9999.0 -9999.0 -9999.0 -5.290260 -4.939640 -4.742682 -4.948138 -4.666900 -5.621823 -7.740678 -9999.0 -9999.0 -9999.0 -9999.0 -9999.0 -9999.0 -9999.0 -9999.0 -9999.0 -9999.0 -9999.0 -9999.0 -9999.0 -9999.0 -9999.0 -9999.0 -9999.0 -9999.0 -9999.0 -9999.0 -9999.0 -9999.0 -9999.0 -9999.0 -9999.0 -9999.0 -9999.0 -9999.0 -9999.0 -9999.0 -9999.0
-9999.0 -9999.0 -9999.0 -9999.0 -9999.0 -9999.0 -9999.0 -9999.0 -9999.0 -9999.0 -9999.0 -9999.0 -9999.0 -9999.0 -9999.0 -9999.0 -9999.0 -9999.0 -9999.0 -9999.0 -9999.0 -9999.0 -9999.0 -5.137654 -3.728197 -4.532339 -6.112460 -6.116942 -5.464411 -5.670058 -6.920742 -7.005610 -9999.0 -9999.0 -9999.0 -9999.0 -9999.0 -9999.0 -9999.0 -9999.0 -9999.0 -9999.0 -9999.0 -9999.0 -9999.0 -9999.0 -9999.0 -9999.0 -9999.0 -9999.0 -9999.0 -9999.0 -9999.0 -9999.0 -9999.0 -9999.0 -9999.0 -9999.0 -9999.0 -9999.0 -9999.0 -9999.0
-9999.0 -9999.0 -9999.0 -9999.0 -9999.0 -9999.0 -9999.0 -9999.0 -9999.0 -9999.0 -9999.0 -9999.0 -9999.0 -9999.0 -9999.0 -9999.0 -9999.0 -9999.0 -4.752983 -3.233923 -9999.0 -4.815056 -4.039360 -4.381159 -6.952069 -0.012043 -5.208829 -5.401879 -0.009844 -4.916844 -4.629052 -6.930226 -7.175166 -8.458388 -9999.0 -9999.0 -9999.0 -9999.0 -9999.0 -9999.0 -9999.0 -9999.0 -9999.0 -9999.0 -9999.0 -9999.0 -9999.0 -9999.0 -9999.0 -9999.0 -9999.0 -9999.0 -9999.0 -9999.0 -9999.0 -9999.0 -9999.0 -9999.0 -9999.0 -9999.0 -9999.0 -9999.0
-9999.0 -9999.0 -9999.0 -9999.0 -9999.0 -9999.0 -9999.0 -9999.0 -9999.0 -9999.0 -9999.0 -9999.0 -9999.0 -9999.0 -9999.0 -9999.0 -9999.0 -1.158486 -5.060027 -5.061629 -3.778015 -2.978974 -3.867260 -6.146575 -0.401557 -5.405977 -6.575568 -5.656245 -6.541558 -5.678231 -4.656711 -5.213595 -4.700371 -6.423387 -8.427679 -9.312498 -9999.0 -9999.0 -9999.0 -9999.0 -9999.0 -9999.0 -9999.0 -9999.0 -9999.0 -9999.0 -9999.0 -9999.0 -9999.0 -9999.0 -9999.0 -9999.0 -9999.0 -9999.0 -9999.0 -9999.0 -9999.0 -9999.0 -9999.0 -9999.0 -9999.0 -9999.0
-9999.0 -9999.0 -9999.0 -9999.0 -9999.0 -9999.0 -9999.0 -9999.0 -9999.0 -9999.0 -9999.0 -9999.0 -9999.0 -5.225450 -2.822860 -6.272184 -5.412274 -6.013420 -4.450983 -5.811686 -5.559085 -5.874679 -4.450676 -0.417501 -5.175736 -6.623937 -7.465803 -6.483199 -7.446628 -5.917221 -6.187599 -7.398237 -7.844582 -9.488208 -9.533177 -10.017971 -9999.0 -9999.0 -9999.0 -9999.0 -9999.0 -9999.0 -9999.0 -9999.0 -9999.0 -9999.0 -9999.0 -9999.0 -9999.0 -9999.0 -9999.0 -9999.0 -9999.0 -9999.0 -9999.0 -9999.0 -9999.0 -9999.0 -9999.0 -9999.0 -9999.0 -9999.0
-9999.0 -9999.0 -9999.0 -9999.0 -9999.0 -9999.0 -9999.0 -9999.0 -9999.0 -9999.0 -9999.0 -9999.0 -9999.0 -3.175906 -4.172217 -4.869486 -4.642912 -5.486632 -6.569020 -4.892153 -0.727015 -5.504926 -4.485607 -4.835134 -4.398968 -5.710003 -6.130584 -8.195148 -8.712306 -7.625962 -6.684297 -9.313454 -9.497711 -10.441566 -10.287435 -9999.0 -9999.0 -9999.0 -9999.0 -9999.0 -9999.0 -9999.0 -9999.0 -9999.0 -9999.0 -9999.0 -9999.0 -9999.0 -9999.0 -9999.0 -9999.0 -9999.0 -9999.0 -9999.0 -9999.0 -9999.0 -9999.0 -9999.0 -9999.0 -9999.0 -9999.0 -9999.0
-9999.0 -9999.0 -9999.0 -9999.0 -9999.0 -9999.0 -9999.0 -9999.0 -9999.0 -9999.0 -9999.0 -9999.0 -9999.0 -3.832462 -6.190722 -0.714337 -4.344917 -5.690328 -6.174848 -0.185852 -3.758830 -6.776825 -5.478016 -5.525233 -4.838088 -3.951389 -5.737321 -8.540298 -6.526938 -9.332278 -9.023094 -10.628465 -10.384109 -11.288820 -10.387149 -9999.0 -9999.0 -9999.0 -9999.0 -9999.0 -9999.0 -9999.0 -9999.0 -9999.0 -9999.0 -9999.0 -9999.0 -9999.0 -9999.0 -9999.0 -9999.0 -9999.0 -9999.0 -9999.0 -9999.0 -9999.0 -9999.0 -9999.0 -9999.0 -9999.0 -9999.0 -9999.0
-9999.0 -9999.0 -9999.0 -9999.0 -9999.0 -9999.0 -9999.0 -9999.0 -9999.0 -9999.0 -9999.0 -9999.0 -3.426596 -5.892789 -1.532190 -6.185902 -1.887026 -5.681803 -0.417696 -4.287622 -4.132363 -6.424173 -5.677283 -5.647378 -3.444617 -7.921298 -5.764544 -6.473039 -5.411052 -8.798536 -9.600229 -7.623727 -7.439953 -9.972045 -9999.0 -9999.0 -9999.0 -9999.0 -9999.0 -9999.0 -9999.0 -9999.0 -9999.0 -9999.0 -9999.0 -9999.0 -9999.0 -9999.0 -9999.0 -9999.0 -9999.0 -9999.0 -9999.0 -9999.0 -9999.0 -9999.0 -9999.0 -9999.0 -9999.0 -9999.0 -9999.0 -9999.0
-9999.0 -9999.0 -9999.0 -9999.0 -9999.0 -9999.0 -9999.0 -9999.0 -9999.0 -9999.0 -9999.0 -4.675489 -4.952737 -1.641445 -6.124392 -5.803554 -6.892061 -5.871536 -0.417663 -4.781581 -5.544644 -4.770403 -5.781297 -6.880523 -5.449989 -6.430289 -8.673203 -5.747161 -5.665618 -9.459242 -7.644194 -5.528828 -8.135316 -9.394059 -8.722982 -9.709711 -10.598358 -12.454787 -1.601338 -9999.0 -9999.0 -9999.0 -9.831263 -9999.0 -9999.0 -9999.0 -9999.0 -9999.0 -9999.0 -9999.0 -9999.0 -9999.0 -9999.0 -9999.0 -9999.0 -9999.0 -9999.0 -9999.0 -9999.0 -9999.0 -9999.0 -9999.0
-9999.0 -9999.0 -9999.0 -9999.0 -9999.0 -9999.0 -9999.0 -9999.0 -9999.0 -9999.0 -9999.0 -5.823486 -5.144501 -4.366234 -4.435642 -6.668900 -4.432551 -5.922776 -0.413704 -0.458816 -6.214516 -2.501684 -5.070683 -5.717386 -5.767186 -6.804805 -5.770845 -4.800404 -6.462991 -8.652726 -5.925871 -5.778261 -6.374372 -8.370685 -10.031590 -11.115420 -1.492739 -7.903266 -8.393617 -12.231506 -13.432522 -11.065555 -8.920759 -8.928327 -9999.0 -9999.0 -9999.0 -0.859645 -4.356447 -4.592263 -2.472992 -3.191622 -3.087831 -0.337067 -0.217103 -2.387732 -9999.0 -9999.0 -9999.0 -9999.0 -9999.0 -9999.0
-9999.0 -9999.0 -9999.0 -9999.0 -9999.0 -9999.0 -9999.0 -9999.0 -9999.0 -9999.0 -9999.0 -4.958046 -5.522655 -6.003200 -3.851835 -6.098382 -4.070264 -5.916722 -0.440050 -0.321155 -4.214889 -3.701131 -2.794837 -4.155660 -7.100057 -5.607381 -3.155185 -6.281422 -7.636099 -7.343542 -8.380902 -6.366346 -5.739178 -8.449998 -9.434908 -11.289257 -5.896890 -5.925568 -7.559338 -7.029221 -1.573450 -11.096118 -8.375263 -6.220242 -7.570047 -9999.0 -7.285980 -5.084384 -3.545753 -1.820582 -1.309740 -1.209925 -0.659182 -0.242241 -0.130824 -0.077498 -9999.0 -9999.0 -9999.0 -9999.0 -9999.0 -9999.0
-9999.0 -9999.0 -9999.0 -9999.0 -9999.0 -9999.0 -9999.0 -9999.0 -9999.0 -9999.0 -9999.0 -9999.0 -4.915976 -3.604030 -2.024182 -4.000433 -4.350928 -5.722482 -0.537613 -0.101560 -5.678279 -3.755667 -4.739512 -2.847716 -5.153336 -2.718546 -4.254958 -7.115517 -6.860632 -6.606463 -5.771752 -4.675099 -6.103748 -8.038828 -10.192293 -10.489304 -7.691138 -6.373569 -6.240621 -4.794406 -1.428072 -6.374069 -7.940188 -6.707546 -6.305568 -6.395468 -6.167026 -5.223461 -4.939045 -2.741724 -4.323317 -2.324969 -0.073905 -0.591067 -3.340897 -3.190712 -0.841200 -9999.0 -9999.0 -9999.0 -9999.0 -9999.0
-9999.0 -9999.0 -9999.0 -9999.0 -9999.0 -9999.0 -9999.0 -9999.0 -9999.0 -9999.0 -9999.0 -2.692335 -5.716034 -5.855391 -3.166854 -3.094466 -3.041756 -4.790699 -5.544733 -0.016018 -4.493862 -5.784180 -3.426954 -3.783929 -2.695671 -3.914667 -3.584857 -7.417580 -5.525608 -5.216520 -3.840679 -4.430269 -5.156107 -7.869047 -10.817687 -9.735233 -11.948714 -6.984593 -4.779204 -4.372126 -4.967615 -3.640422 -5.169563 -6.606316 -6.827243 -6.368412 -4.695692 -4.384939 -3.966491 -4.077783 -5.946519 -5.852018 -4.702031 -6.436467 -5.562160 -6.185735 -2.427448 -9999.0 -9999.0 -9999.0 -9999.0 -9999.0
-9999.0 -9999.0 -9999.0 -9999.0 -9999.0 -9999.0 -9999.0 -9999.0 -9999.0 -9999.0 -1.286228 -2.910576 -2.175167 -5.056011 -1.514892 -4.602035 -5.216847 -4.846202 -5.325296 -0.011567 -0.456350 -2.878912 -3.843438 -3.016493 -4.812104 -2.517808 -6.309018 -5.472253 -2.847809 -3.733380 -5.259136 -5.671894 -7.025419 -8.671090 -11.180276 -9.276015 -10.746822 -6.646939 -5.553048 -0.848693 -0.185210 -5.563849 -5.451668 -5.496507 -6.827448 -5.182902 -4.807019 -4.837257 -6.276605 -4.796619 -4.499959 -6.292577 -6.196645 -6.484203 -5.918063 -0.721309 -0.852909 -9999.0 -9999.0 -9999.0 -9999.0 -9999.0
-9999.0 -9999.0 -9999.0 -9999.0 -9999.0 -9999.0 -9999.0 -9999.0 -9999.0 -5.709657 -1.549811 -1.437660 -4.452920 -2.950651 -0.513450 -4.872257 -5.326644 -2.326108 -1.166497 -0.007686 -0.441540 -4.873933 -4.967922 -0.118680 -2.814054 -6.145948 -2.962561 -3.396521 -5.936108 -5.622099 -5.135462 -6.291068 -9.052953 -10.014202 -8.652914 -9.112998 -8.879581 -8.120742 -8.663035 -7.681237 -4.302967 -7.049396 -6.460921 -2.254225 -5.664037 -6.215787 -7.970311 -4.323723 -2.637694 -4.968502 -1.957280 -4.231703 -6.920863 -5.152575 -3.519374 -2.289541 -0.351284 -0.309189 -1.069865 -9999.0 -9999.0 -9999.0
-9999.0 -9999.0 -9999.0 -9999.0 -9999.0 -9999.0 -9999.0 -9999.0 -9999.0 -5.778768 -5.501785 -5.540551 -6.535965 -4.413099 -1.666117 -2.133444 -0.433724 -5.210542 -0.011326 -0.004305 -0.004098 -0.003916 -2.850509 -2.605755 -5.770000 -2.902313 -4.871339 -5.232010 -0.947878 -4.339613 -4.700193 -3.775427 -7.539256 -7.102186 -6.353776 -5.919073 -6.742667 -6.997326 -9.059494 -7.527743 -6.820266 -8.093811 -5.912950 -5.051870 -0.960948 -0.013812 -0.014829 -0.729719 -6.174610 -4.752745 -4.222712 -3.705955 -5.206951 -4.614706 -5.913402 -1.006480 -0.982471 -0.058488 -0.668954 -9999.0 -9999.0 -9999.0
-9999.0 -9999.0 -9999.0 -9999.0 -9999.0 -9999.0 -9999.0 -9999.0 -9999.0 -9999.0 -5.470282 -5.348795 -4.534535 -4.869673 -5.068620 -1.982157 -2.608102 -3.793452 -0.020355 -0.004241 -0.027175 -4.052272 -2.137862 -3.763764 -3.000009 -5.548251 -3.608637 -0.010765 -4.317657 -6.277997 -6.611481 -3.748344 -7.540745 -7.903317 -5.310698 -4.746987 -5.068936 -5.128855 -7.341309 -8.919201 -9.326695 -5.063730 -5.837302 -6.157931 -6.198237 -5.765917 -4.519382 -4.480105 -0.008412 -3.523401 -1.671291 -1.462204 -3.604273 -4.808458 -3.880284 -4.993539 -2.717129 -4.621891 -3.629792 -4.209559 -9999.0 -9999.0
-9999.0 -9999.0 -9999.0 -9999.0 -9999.0 -9999.0 -9999.0 -9999.0 -9999.0 -9999.0 -5.495483 -5.316859 -4.500348 -3.058774 -0.358014 -5.086890 -5.542524 -3.041409 -0.003377 -0.004134 -0.006451 -1.412385 -5.123844 -4.523332 -4.878069 -3.506179 -0.007971 -4.333115 -4.881619 -7.836099 -7.303759 -5.233206 -5.899466 -7.872228 -7.570681 -6.965263 -6.029663 -4.313028 -5.461236 -7.982348 -5.999463 -5.874782 -5.903272 -6.986598 -2.571027 -5.235663 -4.342140 -5.491764 -0.013108 -0.007388 -4.253990 -1.377165 -1.137152 -3.229709 -4.529236 -2.781272 -5.233273 -1.057856 -0.009242 -0.005414 -9999.0 -9999.0
-9999.0 -9999.0 -9999.0 -9999.0 -9999.0 -9999.0 -9999.0 -9999.0 -0.691447 -1.879171 -5.126905 -4.519014 -4.573280 -4.669056 -3.186915 -0.022393 -0.010510 -0.002313 -0.005254 -0.004828 -0.006344 -0.004703 -0.007910 -2.014060 -3.206943 -0.031265 -0.395781 -5.461880 -4.689313 -6.540496 -8.638209 -7.053307 -6.464402 -6.662377 -5.611218 -8.193391 -5.191408 -4.133102 -5.805276 -6.669118 -7.105335 -6.504831 -7.564929 -7.968264 -4.534904 -3.311442 -6.276253 -2.728882 -4.306947 -0.006375 -4.024597 -2.783669 -1.102986 -3.876739 -2.941013 -0.178039 -0.920293 -0.148006 -0.010004 -0.002344 -9999.0 -9999.0
-9999.0 -9999.0 -9999.0 -9999.0 -9999.0 -9999.0 -9999.0 -9999.0 -5.384006 -0.822128 -3.085025 -6.576784 -5.744090 -4.454406 -2.859928 -3.659212 -3.682065 -3.640954 -0.004911 0.328578 -0.004041 0.273806 -0.003765 -0.003482 -0.006101 -0.005804 -2.185040 -3.041892 -6.625795 -5.269256 -5.301075 -4.672887 -4.749392 -5.481063 -3.813906 -3.518519 -2.832467 -4.130066 -3.726469 -4.683716 -6.708916 -8.688456 -7.315474 -4.159629 -2.409573 -3.851722 -6.529385 -5.817131 -4.422935 -3.785998 -0.006022 -3.439969 -1.303899 -0.932152 -2.000859 -4.832596 -5.039212 -2.166348 -0.004156 1.343370 1.620248 -9999.0
-9999.0 -9999.0 -9999.0 -9999.0 -9999.0 -9999.0 -9999.0 -9999.0 -5.723292 -4.125066 -0.594568 -5.023704 -3.219250 -6.154961 -1.213035 -4.565743 -1.780930 -0.006364 -0.003968 -0.003597 0.824616 0.442650 0.328237 -0.005259 -0.002350 -0.027904 -4.376201 -4.347537 -4.722285 -2.704269 -4.659429 -2.073726 -3.118384 -3.508780 -2.843331 -3.018297 -4.326447 -4.935582 -3.966527 -4.715298 -4.975424 -5.407384 -2.893922 -4.955434 -5.128921 -5.361640 -4.222342 -1.481382 -4.251759 -3.718559 -0.004349 -0.010227 -3.271317 -1.314420 -0.038075 -0.010437 -0.005325 -0.003469 0.289913 0.628975 1.545923 -9999.0
-9999.0 -9999.0 -9999.0 -9999.0 -9999.0 -9999.0 -9999.0 -9999.0 -7.330231 -4.419369 -3.266891 -2.547599 -0.106193 -1.127691 -5.159472 -3.819719 -0.004228 -0.002416 -0.007004 0.182404 0.004710 0.852354 0.574612 0.508986 -0.003895 -3.782459 -2.053056 -2.142429 -2.831653 -3.930317 -1.880583 -1.758066 -6.098078 -5.138455 -4.226710 -3.543468 -2.068832 -5.093292 -2.288575 -3.612907 -4.057425 -2.762507 -2.402128 -3.596439 -1.958471 -4.117050 -1.433649 -1.887429 -0.967584 -3.183580 -2.587612 -0.003381 -0.006406 -0.009759 -0.004822 -0.003549 -0.000327 0.475159 1.673214 1.432298 -0.002166 -1.441862
-9999.0 -9999.0 -9999.0 -9999.0 -9999.0 -9999.0 -9999.0 -9999.0 -4.815778 -3.564870 -0.049077 -3.919065 -4.466503 -4.151382 -0.471804 -0.006582 -2.871281 -3.499218 -3.567282 -3.440959 -0.005828 0.420801 0.793837 -0.002544 -0.012161 -3.973673 -3.722172 -3.964562 -4.028796 -4.347928 -2.454561 -3.998489 -3.071553 -3.895085 -2.611999 -2.369035 -3.975815 -3.125184 -3.470054 -2.547169 -2.255420 -2.934004 -5.163185 -4.098863 -3.046913 -0.721348 -3.243272 -4.988414 -5.291104 -0.050207 -0.005420 -0.004614 -0.002614 -0.002616 -0.001804 0.151864 0.405961 0.485794 0.350311 -0.002224 -0.002930 -0.246146
-9999.0 -9999.0 -3.948683 -2.936254 -4.029377 -2.429092 -1.416439 -2.162702 -2.862759 -3.382738 -3.009381 -3.394899 -3.669129 -0.010520 -0.003095 -1.895047 -4.013233 -4.743183 -4.359594 -2.908140 -3.512692 0.545905 0.221232 0.720875 -0.004563 -0.008204 -2.210718 -3.882591 -3.078241 -0.478482 -5.124032 -4.950015 -0.430863 -4.352360 -1.785503 -2.794456 -0.010275 -0.006306 -2.780493 -5.132952 -4.107614 -2.380735 -4.176520 -4.264950 -4.672326 -5.383830 -1.131178 -3.777945 -0.009359 -0.004777 -0.001403 -0.000481 0.251763 0.271096 0.188611 -0.000559 -0.001857 -0.002100 -0.003228 -2.790266 -0.070964 -0.031146
-9999.0 -1.213682 -1.709688 -0.683585 -0.986198 -0.362642 -3.778800 -4.481072 -4.590156 -4.911317 -3.444523 -0.062451 -0.477050 -0.010231 -0.012453 -1.334239 -4.168883 -4.171725 -1.041623 -4.471388 -1.311661 -0.004270 -0.002747 0.491246 0.282397 -0.002222 -0.001619 -0.001712 -0.005665 -0.010091 -0.007660 -0.009331 -0.013538 -0.004736 -0.006316 -0.004168 -0.001594 -0.000720 -0.001743 -0.005343 -0.006324 -0.006002 -0.006952 -3.510812 -2.429317 -3.031500 -0.007660 -0.005209 -0.001405 -0.001125 -0.001021 -0.000521 -0.002113 -0.002598 -0.002709 -0.003527 -1.878390 -0.290272 -0.131182 -0.140784 -0.080710 -0.029563
-9999.0 -3.631987 -3.323991 -4.628443 -4.297755 -3.287778 -1.606035 -1.589431 -2.674271 -3.158310 -0.866664 -3.290980 -2.396791 -0.012016 -2.118491 -3.504488 -4.524348 -3.612910 -4.825898 -4.923527 -1.558589 -1.858897 -0.003439 -0.003267 -0.001548 -0.001418 0.336621 0.147714 -0.001120 -0.002384 -0.004335 -0.004412 -0.005249 -0.004683 -0.001658 0.004415 0.461209 2.646415 1.553114 1.276611 0.757627 -0.000441 -0.001768 -0.002525 -0.005320 0.285140 1.012213 1.215940 -0.001694 -0.002306 -0.003021 -3.910149 -1.701506 -0.003463 -2.545433 -0.044562 -0.402310 -0.878378 -0.799208 -0.198717 -0.169216 -9999.0
