user2019/resources/simulation/Vinschgau/output-maps/TsL0008N1082.asc
ncols         63
nrows         48
xllcorner     598000.000000
yllcorner     5145000.000000
cellsize      1000.000000
NODATA_value  -9999.0
[rows 0 to 27 of 48, columns 0 to 62 of 63]
-9999.0 -9999.0 -9999.0 -9999.0 -9999.0 -9999.0 -9999.0 -9999.0 -9999.0 -9999.0 -9999.0 -9999.0 -9999.0 -9999.0 -9999.0 -9999.0 -9999.0 -9999.0 -9999.0 -9999.0 -9999.0 -9999.0 -9999.0 -9999.0 -9999.0 -9999.0 -9999.0 -9999.0 -9999.0 -9999.0 -9999.0 -9999.0 -9999.0 -9999.0 -9999.0 -9999.0 -9999.0 -9999.0 -9999.0 -9999.0 -9999.0 -9999.0 -9999.0 -9999.0 -9999.0 -9999.0 -9999.0 -9999.0 -9999.0 -9999.0 -9999.0 -9999.0 -9999.0 -9999.0 -9999.0 -9999.0 -9999.0 -9999.0 -9999.0 -9999.0 -9999.0 -9999.0 -9999.0
-9999.0 -9999.0 -9999.0 -9999.0 -9999.0 -9999.0 -9999.0 -9999.0 -9999.0 -9999.0 -9999.0 -9999.0 -9999.0 -9999.0 -9999.0 -9999.0 -9999.0 -9999.0 -9999.0 -9999.0 -9999.0 -9999.0 -9999.0 -9999.0 -9999.0 -9999.0 -9999.0 -0.658372 -0.535368 -1.630146 -2.203388 -2.266640 -2.169693 -9999.0 -9999.0 -9999.0 -9999.0 -9999.0 -9999.0 -9999.0 -9999.0 -9999.0 -9999.0 -9999.0 -9999.0 -9999.0 -9999.0 -9999.0 -9999.0 -9999.0 -9999.0 -9999.0 -9999.0 -9999.0 -9999.0 -9999.0 -9999.0 -9999.0 -9999.0 -9999.0 -9999.0 -9999.0 -9999.0
-9999.0 -9999.0 -9999.0 -9999.0 -9999.0 -9999.0 -9999.0 -9999.0 -9999.0 -9999.0 -9999.0 -9999.0 -9999.0 -9999.0 -9999.0 -9999.0 -9999.0 -9999.0 -9999.0 -9999.0 -9999.0 -9999.0 -9999.0 -9999.0 -0.414662 -0.322247 -0.425330 -0.261798 -0.725519 -0.888219 -1.880028 -9999.0 -9999.0 -9999.0 -9999.0 -9999.0 -9999.0 -9999.0 -9999.0 -9999.0 -9999.0 -9999.0 -9999.0 -9999.0 -9999.0 -9999.0 -9999.0 -9999.0 -9999.0 -9999.0 -9999.0 -9999.0 -9999.0 -9999.0 -9999.0 -9999.0 -9999.0 -9999.0 -9999.0 -9999.0 -9999.0 -9999.0 -9999.0
-9999.0 -9999.0 -9999.0 -9999.0 -9999.0 -9999.0 -9999.0 -9999.0 -9999.0 -9999.0 -9999.0 -9999.0 -9999.0 -9999.0 -9999.0 -9999.0 -9999.0 -9999.0 -9999.0 -9999.0 -9999.0 -9999.0 -9999.0 -0.154195 -0.122263 1.489552 1.921908 2.540803 1.744241 -0.219114 -1.425549 -2.260753 -9999.0 -9999.0 -9999.0 -9999.0 -9999.0 -9999.0 -9999.0 -9999.0 -9999.0 -9999.0 -9999.0 -9999.0 -9999.0 -9999.0 -9999.0 -9999.0 -9999.0 -9999.0 -9999.0 -9999.0 -9999.0 -9999.0 -9999.0 -9999.0 -9999.0 -9999.0 -9999.0 -9999.0 -9999.0 -9999.0 -9999.0
-9999.0 -9999.0 -9999.0 -9999.0 -9999.0 -9999.0 -9999.0 -9999.0 -9999.0 -9999.0 -9999.0 -9999.0 -9999.0 -9999.0 -9999.0 -9999.0 -9999.0 -9999.0 3.171027 -0.070230 -9999.0 -0.123501 -0.086899 1.266444 1.554823 2.920642 2.100507 2.011977 1.259046 -0.002042 -0.426205 -1.796700 -1.665154 -2.074789 -9999.0 -9999.0 -9999.0 -9999.0 -9999.0 -9999.0 -9999.0 -9999.0 -9999.0 -9999.0 -9999.0 -9999.0 -9999.0 -9999.0 -9999.0 -9999.0 -9999.0 -9999.0 -9999.0 -9999.0 -9999.0 -9999.0 -9999.0 -9999.0 -9999.0 -9999.0 -9999.0 -9999.0 -9999.0
-9999.0 -9999.0 -9999.0 -9999.0 -9999.0 -9999.0 -9999.0 -9999.0 -9999.0 -9999.0 -9999.0 -9999.0 -9999.0 -9999.0 -9999.0 -9999.0 -9999.0 4.789716 3.425965 2.832137 -0.006657 -0.000954 -0.002035 0.542377 2.402939 -0.002392 -0.373421 -0.001868 -0.003646 0.540215 -0.086077 -0.286993 -1.281794 -0.788485 -1.879326 -2.354595 -9999.0 -9999.0 -9999.0 -9999.0 -9999.0 -9999.0 -9999.0 -9999.0 -9999.0 -9999.0 -9999.0 -9999.0 -9999.0 -9999.0 -9999.0 -9999.0 -9999.0 -9999.0 -9999.0 -9999.0 -9999.0 -9999.0 -9999.0 -9999.0 -9999.0 -9999.0 -9999.0
-9999.0 -9999.0 -9999.0 -9999.0 -9999.0 -9999.0 -9999.0 -9999.0 -9999.0 -9999.0 -9999.0 -9999.0 -9999.0 -0.049367 1.014549 2.965788 4.425136 8.663994 4.461987 2.594686 1.775862 1.350727 2.003235 2.551831 -0.001855 -0.070959 -0.965378 -2.234905 -0.309679 -0.002027 -1.075706 -0.397665 -1.462964 -1.876680 -2.626311 -2.403396 -9999.0 -9999.0 -9999.0 -9999.0 -9999.0 -9999.0 -9999.0 -9999.0 -9999.0 -9999.0 -9999.0 -9999.0 -9999.0 -9999.0 -9999.0 -9999.0 -9999.0 -9999.0 -9999.0 -9999.0 -9999.0 -9999.0 -9999.0 -9999.0 -9999.0 -9999.0 -9999.0
-9999.0 -9999.0 -9999.0 -9999.0 -9999.0 -9999.0 -9999.0 -9999.0 -9999.0 -9999.0 -9999.0 -9999.0 -9999.0 -0.001533 2.923611 3.707495 3.645895 6.772476 8.749673 3.706077 3.625508 3.827645 1.827169 0.658388 -0.002027 -0.004882 -0.291372 -1.479779 -1.191759 -1.417396 -2.446440 -1.101450 -1.535932 -6.189703 -2.559090 -9999.0 -9999.0 -9999.0 -9999.0 -9999.0 -9999.0 -9999.0 -9999.0 -9999.0 -9999.0 -9999.0 -9999.0 -9999.0 -9999.0 -9999.0 -9999.0 -9999.0 -9999.0 -9999.0 -9999.0 -9999.0 -9999.0 -9999.0 -9999.0 -9999.0 -9999.0 -9999.0 -9999.0
-9999.0 -9999.0 -9999.0 -9999.0 -9999.0 -9999.0 -9999.0 -9999.0 -9999.0 -9999.0 -9999.0 -9999.0 -9999.0 2.917420 3.258586 4.143837 3.214350 4.035943 9.047960 4.428522 4.667928 1.532848 -0.002412 -0.002402 -0.001661 -0.001568 -0.093523 -1.402564 -2.139714 -5.457710 -1.868240 -6.738599 -6.949747 -9.369131 -2.670547 -9999.0 -9999.0 -9999.0 -9999.0 -9999.0 -9999.0 -9999.0 -9999.0 -9999.0 -9999.0 -9999.0 -9999.0 -9999.0 -9999.0 -9999.0 -9999.0 -9999.0 -9999.0 -9999.0 -9999.0 -9999.0 -9999.0 -9999.0 -9999.0 -9999.0 -9999.0 -9999.0 -9999.0
-9999.0 -9999.0 -9999.0 -9999.0 -9999.0 -9999.0 -9999.0 -9999.0 -9999.0 -9999.0 -9999.0 -9999.0 1.223062 2.658599 3.516148 1.671756 1.594750 3.525802 7.413766 4.721080 1.706310 -0.002030 -0.367346 -0.004597 -1.181100 -0.327955 -2.293301 -1.351336 -1.507845 -2.419619 -6.606321 -1.729629 -2.265129 -2.505718 -9999.0 -9999.0 -9999.0 -9999.0 -9999.0 -9999.0 -9999.0 -9999.0 -9999.0 -9999.0 -9999.0 -9999.0 -9999.0 -9999.0 -9999.0 -9999.0 -9999.0 -9999.0 -9999.0 -9999.0 -9999.0 -9999.0 -9999.0 -9999.0 -9999.0 -9999.0 -9999.0 -9999.0 -9999.0
-9999.0 -9999.0 -9999.0 -9999.0 -9999.0 -9999.0 -9999.0 -9999.0 -9999.0 -9999.0 -9999.0 -0.058580 2.431721 1.863570 2.774678 2.831042 3.829856 3.698393 7.124246 5.387186 2.328127 1.152146 -0.106260 -0.292437 -1.223996 -1.273036 -1.480232 -1.512740 -1.355471 -2.281376 -1.780055 -1.461315 -2.606818 -1.998323 -2.638888 -2.250567 -1.594340 -1.196901 -1.871450 -9999.0 -9999.0 -9999.0 -2.112626 -9999.0 -9999.0 -9999.0 -9999.0 -9999.0 -9999.0 -9999.0 -9999.0 -9999.0 -9999.0 -9999.0 -9999.0 -9999.0 -9999.0 -9999.0 -9999.0 -9999.0 -9999.0 -9999.0 -9999.0
-9999.0 -9999.0 -9999.0 -9999.0 -9999.0 -9999.0 -9999.0 -9999.0 -9999.0 -9999.0 -9999.0 -0.062398 2.520956 3.934187 4.523782 -0.015650 6.086146 4.458921 7.315693 5.098116 4.603338 -0.002400 -0.117867 -1.401770 -3.062464 -0.738698 -0.743781 -1.236180 -1.471118 -2.035817 -1.878026 -0.746212 -2.074918 -2.720191 -2.196387 -1.452915 -0.853003 -0.434861 -0.530010 -1.920167 -1.877558 -2.063334 -2.027810 -1.548242 -9999.0 -9999.0 -9999.0 -2.867716 -2.796196 -2.722828 -2.223621 -2.719610 -2.895590 -3.008626 -2.935169 -2.967440 -9999.0 -9999.0 -9999.0 -9999.0 -9999.0 -9999.0 -9999.0
-9999.0 -9999.0 -9999.0 -9999.0 -9999.0 -9999.0 -9999.0 -9999.0 -9999.0 -9999.0 -9999.0 -0.082488 -0.051630 -0.013120 1.800777 0.710425 1.260189 3.654968 6.109510 5.085629 1.793371 -0.002230 -1.462948 -0.324078 -0.533902 -0.534576 -2.391075 -2.727050 -0.870976 -2.417108 -1.217289 -3.198637 -1.187124 -2.326051 -2.409669 -1.077164 -2.363091 -1.973756 -0.068030 -1.093876 -1.738335 -1.687464 -1.188067 -1.156593 -2.308379 -9999.0 -2.650253 -2.739624 -1.950951 -1.443907 -0.695573 -1.403854 -1.262957 -1.957190 -2.175732 -2.232563 -9999.0 -9999.0 -9999.0 -9999.0 -9999.0 -9999.0 -9999.0
-9999.0 -9999.0 -9999.0 -9999.0 -9999.0 -9999.0 -9999.0 -9999.0 -9999.0 -9999.0 -9999.0 -9999.0 -0.077800 -0.001497 -0.004113 -0.002362 0.278767 2.725255 6.856600 5.022733 1.877110 -0.002251 -1.173577 -2.458196 -1.784596 -1.481320 -0.090698 -0.406506 -2.167219 -1.525791 -1.058558 -2.982427 -0.717026 -2.214649 -2.390658 -1.433316 -2.913140 -1.837605 1.663213 -0.135078 -0.777251 -0.083118 -2.410166 -0.376896 -1.271143 -2.331673 -2.189248 -2.173073 -3.944829 -2.525334 -0.000688 -2.870008 -2.922235 -3.510851 -4.090175 -2.249963 -2.342316 -9999.0 -9999.0 -9999.0 -9999.0 -9999.0 -9999.0
-9999.0 -9999.0 -9999.0 -9999.0 -9999.0 -9999.0 -9999.0 -9999.0 -9999.0 -9999.0 -9999.0 -1.624495 -0.094852 -0.063795 -0.402750 -0.001209 0.665448 1.914330 6.293090 3.938749 2.311574 0.307953 -0.001970 -1.366902 -1.469896 -1.720842 -2.279261 -1.309218 -1.369324 -0.387046 -2.938108 -2.163561 -0.351152 -2.223907 -2.586456 -1.880831 -0.579214 -1.774900 -0.005021 -0.013630 -0.689128 -0.002485 -0.827368 -1.249530 -0.115735 -1.178810 -1.603149 -0.328889 -0.083832 -0.007749 -2.676310 -1.331407 -4.259759 -4.818396 -5.679291 -6.697095 -2.012599 -9999.0 -9999.0 -9999.0 -9999.0 -9999.0 -9999.0
-9999.0 -9999.0 -9999.0 -9999.0 -9999.0 -9999.0 -9999.0 -9999.0 -9999.0 -9999.0 -0.090180 -0.975599 -0.092626 -0.075198 -0.005791 -0.003329 -0.005951 -0.002379 3.192638 3.579512 3.454589 2.274564 -0.395313 -0.055038 -0.001403 -1.455369 -1.214671 -3.945074 -0.363682 -0.172437 -1.626421 -1.715909 -0.356197 -2.116490 -2.463706 -1.273293 -0.600022 -2.688415 -0.740750 -0.001776 -0.002315 1.250419 4.580380 0.630228 -0.002405 -0.249588 -0.410527 -2.297400 -1.568409 -0.001090 -4.242554 -2.270075 -6.118240 -7.337457 -6.813173 -2.096309 -2.034857 -9999.0 -9999.0 -9999.0 -9999.0 -9999.0 -9999.0
-9999.0 -9999.0 -9999.0 -9999.0 -9999.0 -9999.0 -9999.0 -9999.0 -9999.0 -0.482485 -0.230000 -1.855573 -1.348398 -0.468377 -0.337035 -0.086260 -0.002545 2.140062 3.130284 3.715793 3.763244 0.349527 -0.002628 -0.001820 -0.000707 -1.272166 -1.968280 -0.084958 -0.759637 -0.002482 -0.000967 -1.469506 -0.953512 -6.213624 -1.864005 -1.448263 -0.967647 -3.103246 -1.552436 -1.099039 -1.032627 -0.375446 -0.309745 1.510969 0.649265 -0.007045 -0.011174 -0.558786 -0.576490 -0.000538 -1.415628 -1.984358 -8.027657 -3.762779 -2.999658 -4.065276 -3.470629 -1.439346 -2.530413 -9999.0 -9999.0 -9999.0 -9999.0
-9999.0 -9999.0 -9999.0 -9999.0 -9999.0 -9999.0 -9999.0 -9999.0 -9999.0 -0.768396 -0.381647 -0.097475 -0.000575 -0.001237 -0.004220 -0.476124 -0.003562 -0.001085 3.706095 4.721375 4.328873 4.185986 2.554364 -0.000477 -0.885268 -1.338157 -0.437419 -0.001234 -0.001089 -0.000544 -0.008538 -1.845293 -1.639700 -2.277773 -2.039038 -1.172337 -0.711617 -0.136910 -0.457934 -0.333210 -2.559044 -1.188997 -0.256785 0.341388 1.993430 1.798240 1.470107 -0.002307 -0.002329 -0.001030 -2.721555 -4.758210 -3.798269 -5.062471 -3.388059 -5.104819 -3.208254 -2.210653 -0.619605 -9999.0 -9999.0 -9999.0 -9999.0
-9999.0 -9999.0 -9999.0 -9999.0 -9999.0 -9999.0 -9999.0 -9999.0 -9999.0 -9999.0 -1.008284 -0.394801 -0.012233 -0.002092 -0.002267 -0.002536 -0.001141 1.347218 4.502254 4.003308 4.390892 2.249730 -0.001794 -0.492659 -1.289600 -0.002021 -0.001171 0.788238 -0.008898 -1.408749 -1.752242 -2.563989 -3.023821 -2.237326 -1.191337 -0.349216 -0.104769 -0.242943 -0.695386 -1.812444 -0.959040 -0.142580 -0.003065 -0.004787 -0.001721 -0.001874 0.951615 2.938858 2.201339 -0.002266 -1.677986 -3.124555 -3.061904 -3.845951 -4.623231 -2.139758 -1.334810 -1.414731 -1.175092 -0.001677 -9999.0 -9999.0 -9999.0
-9999.0 -9999.0 -9999.0 -9999.0 -9999.0 -9999.0 -9999.0 -9999.0 -9999.0 -9999.0 -2.019913 -0.467197 -0.111721 -0.003011 1.894606 -0.003152 -0.002671 2.179813 4.888619 5.200534 3.059068 0.987198 -0.002298 -0.033157 -0.002030 -0.000992 1.430345 -0.002010 -1.096020 -2.743058 -0.772618 -0.712810 -3.678406 -2.095091 -0.734299 -0.175372 -1.378727 -1.734886 -2.903873 -1.620249 -1.659099 -0.198486 -2.438115 -0.140601 -0.012891 -0.396329 -0.000910 -0.001740 2.267635 1.894531 -0.002435 -1.293021 -3.612021 -3.461891 -4.364938 -3.676696 -1.873286 -1.232243 0.905323 1.729964 -9999.0 -9999.0 -9999.0
-9999.0 -9999.0 -9999.0 -9999.0 -9999.0 -9999.0 -9999.0 -9999.0 -0.653698 -0.954448 -1.647615 -1.029893 -2.469858 -1.477866 -0.054514 1.259964 2.517994 5.126458 4.944012 5.713085 4.817418 3.668353 2.577934 0.773591 -0.001766 1.622030 2.145373 -0.622709 -1.410251 -2.670555 -5.889417 -1.636314 -1.187668 -2.016523 -1.608195 -0.340316 -0.052217 -0.586806 -2.342767 -1.142508 -0.404536 -0.347790 -2.649351 -0.898363 -0.072379 -0.075515 -2.167549 -0.808004 -0.001815 1.966366 -0.002033 -0.545755 -3.476378 -5.155994 -3.351207 -2.101742 -1.261073 -0.071913 -0.001789 3.646539 -9999.0 -9999.0 -9999.0
-9999.0 -9999.0 -9999.0 -9999.0 -9999.0 -9999.0 -9999.0 -9999.0 -2.798425 -2.858281 -2.155825 -1.455715 -0.326674 -1.897027 -0.738936 -0.001893 1.518374 2.134744 5.237861 6.236024 7.722049 6.687260 6.014065 5.285871 3.004130 2.813848 0.574956 -0.335440 -3.607160 -1.791983 -2.198878 -0.825864 -1.523797 -0.643446 -0.598479 -0.164720 -0.029483 -0.006223 -1.657720 -0.412988 -0.843421 -4.739267 -0.532947 -0.319202 -0.114122 -2.585112 -3.352416 -0.367840 -0.284216 1.251346 1.594704 -0.010637 -3.774922 -1.947057 -0.560951 -1.894877 -1.192950 -0.002459 2.311427 4.724096 6.105419 -9999.0 -9999.0
-9999.0 -9999.0 -9999.0 -9999.0 -9999.0 -9999.0 -9999.0 -9999.0 -0.900854 -0.369911 -0.687869 -2.961944 -1.033327 -2.440789 -1.394934 -0.603469 -0.003515 2.056379 5.138501 7.657948 6.703856 7.434755 7.307396 5.143715 5.009078 2.841365 -0.001683 -1.046983 -4.576010 -0.998728 -0.419744 -0.362753 -1.353320 -1.513964 -0.150158 -0.055242 -0.006181 1.324484 -0.114851 -2.318815 -0.556702 -0.271256 -0.421342 -0.424116 -1.750093 -0.619712 -1.177098 -0.544044 -1.567814 -0.001478 2.245309 -0.002031 -2.639092 -3.583670 -1.270867 -0.630053 0.860344 2.195000 4.418723 5.004899 5.347650 -9999.0 -9999.0
-9999.0 -9999.0 -9999.0 -9999.0 -9999.0 -9999.0 -9999.0 -9999.0 -2.097742 -0.530615 -0.017663 -4.020985 -0.402358 -1.384162 -1.513066 -0.001948 3.711605 4.928411 4.981023 5.402166 6.088853 6.444272 7.152458 6.622138 3.270322 0.709692 -0.001984 -1.791815 -0.086346 -2.203869 -1.430038 -1.959153 -0.003725 -0.553657 -0.261952 -0.051102 2.595388 3.674936 0.381295 -0.003469 -0.091449 -0.148862 -0.238927 -0.070359 -0.260586 -0.265935 -0.406602 -0.197264 -0.314500 -0.899266 -0.001740 1.880054 -0.001966 -1.234221 -0.000586 1.407458 2.999672 4.173648 5.213354 5.115890 4.229871 2.230845 -9999.0
-9999.0 -9999.0 -9999.0 -9999.0 -9999.0 -9999.0 -9999.0 -9999.0 -2.271681 -0.988978 -2.013338 -1.386945 -1.162651 -0.529485 0.749042 1.872227 3.409491 2.177048 0.461290 2.528164 4.431585 5.802180 6.076158 5.800123 4.201899 -0.003203 -0.903676 -0.002026 -0.001154 -0.006850 -0.403317 -0.000925 1.795123 0.847059 -0.002208 0.807872 2.226139 5.685486 5.157148 1.723435 -0.002202 -0.002353 -0.003031 -0.002560 -1.040694 -0.078862 -0.354143 -1.133921 -0.179862 -0.002274 1.167615 1.324958 1.643646 1.531060 1.927338 2.187345 3.093813 3.892661 4.508968 4.266315 3.791819 1.652867 -9999.0
-9999.0 -9999.0 -0.340553 -0.530760 -3.227817 -1.367829 -2.807550 -3.629075 -2.143453 -1.670379 -2.525469 -0.002393 -0.137746 -0.002141 2.600058 1.314517 -0.001607 -1.040355 -0.360842 -0.002069 2.401834 5.076226 4.696136 5.880411 3.868144 1.687465 -0.003172 -0.002762 1.781817 2.328099 -0.002016 0.206218 4.262154 2.935933 3.343919 4.246468 6.055328 7.990959 6.942488 4.238782 3.473139 3.373408 3.320716 2.048832 -0.001641 -0.002251 1.234366 1.119978 2.028461 2.961824 3.712478 3.379517 2.798584 2.342980 2.249617 4.762654 2.884561 3.296713 2.971080 3.017833 3.099472 0.903621 -9999.0
-9999.0 -1.444086 -2.584462 -2.264346 -1.378789 -2.316098 -1.821353 -2.338455 -3.315506 -2.125244 -1.486417 -0.677647 -0.000189 -0.000329 1.577187 -0.362372 -1.342757 -1.400003 -1.357615 -0.002091 2.103567 3.902280 4.806346 4.323194 6.028362 3.643126 3.923396 4.064236 3.782006 2.574614 2.451819 2.518479 3.976945 6.463127 6.954003 7.876813 10.078868 10.954031 9.597171 7.766261 7.573770 7.307546 6.217631 4.455680 3.169683 3.508570 3.753545 5.602652 5.827923 5.627157 4.170142 3.399637 2.658562 1.915435 1.838185 1.400051 0.582219 0.925603 1.141626 1.812690 0.197119 0.699656 -9999.0
-9999.0 -0.074921 -0.822103 -0.475398 -0.000573 -0.512026 -2.329094 -2.844823 -2.001110 -2.141835 -2.007898 -1.059108 -0.001833 1.664880 -0.120837 -2.916564 -2.179763 -1.701033 -0.611317 -0.004255 2.257465 1.576138 2.512406 2.384108 5.312797 6.237859 5.209222 5.661397 5.058164 6.107485 6.305820 6.057292 5.725162 6.654672 8.977943 9.935311 13.716972 14.963149 12.607403 11.837005 10.966927 9.769227 9.244437 7.773546 7.708418 7.571538 6.874217 6.420093 5.732192 4.982054 3.381795 1.637355 0.691253 1.274847 0.516448 -0.002025 -0.292230 -0.002045 -0.001773 -0.002012 -0.001783 -9999.0 -9999.0
