user2019/resources/simulation/Vinschgau/output-maps/TsL0007N0553.asc
ncols         63
nrows         48
xllcorner     598000.000000
yllcorner     5145000.000000
cellsize      1000.000000
NODATA_value  -9999.0
[rows 0 to 27 of 48, columns 0 to 62 of 63]
-9999.0 -9999.0 -9999.0 -9999.0 -9999.0 -9999.0 -9999.0 -9999.0 -9999.0 -9999.0 -9999.0 -9999.0 -9999.0 -9999.0 -9999.0 -9999.0 -9999.0 -9999.0 -9999.0 -9999.0 -9999.0 -9999.0 -9999.0 -9999.0 -9999.0 -9999.0 -9999.0 -9999.0 -9999.0 -9999.0 -9999.0 -9999.0 -9999.0 -9999.0 -9999.0 -9999.0 -9999.0 -9999.0 -9999.0 -9999.0 -9999.0 -9999.0 -9999.0 -9999.0 -9999.0 -9999.0 -9999.0 -9999.0 -9999.0 -9999.0 -9999.0 -9999.0 -9999.0 -9999.0 -9999.0 -9999.0 -9999.0 -9999.0 -9999.0 -9999.0 -9999.0 -9999.0 -9999.0
-9999.0 -9999.0 -9999.0 -9999.0 -9999.0 -9999.0 -9999.0 -9999.0 -9999.0 -9999.0 -9999.0 -9999.0 -9999.0 -9999.0 -9999.0 -9999.0 -9999.0 -9999.0 -9999.0 -9999.0 -9999.0 -9999.0 -9999.0 -9999.0 -9999.0 -9999.0 -9999.0 10.644682 10.830931 10.520644 9.662988 9.415072 9.156878 -9999.0 -9999.0 -9999.0 -9999.0 -9999.0 -9999.0 -9999.0 -9999.0 -9999.0 -9999.0 -9999.0 -9999.0 -9999.0 -9999.0 -9999.0 -9999.0 -9999.0 -9999.0 -9999.0 -9999.0 -9999.0 -9999.0 -9999.0 -9999.0 -9999.0 -9999.0 -9999.0 -9999.0 -9999.0 -9999.0
-9999.0 -9999.0 -9999.0 -9999.0 -9999.0 -9999.0 -9999.0 -9999.0 -9999.0 -9999.0 -9999.0 -9999.0 -9999.0 -9999.0 -9999.0 -9999.0 -9999.0 -9999.0 -9999.0 -9999.0 -9999.0 -9999.0 -9999.0 -9999.0 11.350351 11.919037 12.161441 11.777522 10.905353 10.445204 9.605777 -9999.0 -9999.0 -9999.0 -9999.0 -9999.0 -9999.0 -9999.0 -9999.0 -9999.0 -9999.0 -9999.0 -9999.0 -9999.0 -9999.0 -9999.0 -9999.0 -9999.0 -9999.0 -9999.0 -9999.0 -9999.0 -9999.0 -9999.0 -9999.0 -9999.0 -9999.0 -9999.0 -9999.0 -9999.0 -9999.0 -9999.0 -9999.0
-9999.0 -9999.0 -9999.0 -9999.0 -9999.0 -9999.0 -9999.0 -9999.0 -9999.0 -9999.0 -9999.0 -9999.0 -9999.0 -9999.0 -9999.0 -9999.0 -9999.0 -9999.0 -9999.0 -9999.0 -9999.0 -9999.0 -9999.0 11.743274 12.499328 11.626827 12.219333 12.215670 11.096264 12.254864 10.068923 9.318100 -9999.0 -9999.0 -9999.0 -9999.0 -9999.0 -9999.0 -9999.0 -9999.0 -9999.0 -9999.0 -9999.0 -9999.0 -9999.0 -9999.0 -9999.0 -9999.0 -9999.0 -9999.0 -9999.0 -9999.0 -9999.0 -9999.0 -9999.0 -9999.0 -9999.0 -9999.0 -9999.0 -9999.0 -9999.0 -9999.0 -9999.0
-9999.0 -9999.0 -9999.0 -9999.0 -9999.0 -9999.0 -9999.0 -9999.0 -9999.0 -9999.0 -9999.0 -9999.0 -9999.0 -9999.0 -9999.0 -9999.0 -9999.0 -9999.0 14.120815 11.369049 -9999.0 11.530365 12.251461 11.433435 12.368422 13.793188 14.851530 14.757300 13.142214 11.852988 11.361379 10.042243 9.307119 7.553919 -9999.0 -9999.0 -9999.0 -9999.0 -9999.0 -9999.0 -9999.0 -9999.0 -9999.0 -9999.0 -9999.0 -9999.0 -9999.0 -9999.0 -9999.0 -9999.0 -9999.0 -9999.0 -9999.0 -9999.0 -9999.0 -9999.0 -9999.0 -9999.0 -9999.0 -9999.0 -9999.0 -9999.0 -9999.0
-9999.0 -9999.0 -9999.0 -9999.0 -9999.0 -9999.0 -9999.0 -9999.0 -9999.0 -9999.0 -9999.0 -9999.0 -9999.0 -9999.0 -9999.0 -9999.0 -9999.0 11.958843 10.300830 10.517173 11.570381 6.643022 10.631151 12.351609 15.950730 9.095077 7.824434 10.022891 8.015513 10.851516 11.747346 10.233695 10.137902 10.032645 8.426122 7.549199 -9999.0 -9999.0 -9999.0 -9999.0 -9999.0 -9999.0 -9999.0 -9999.0 -9999.0 -9999.0 -9999.0 -9999.0 -9999.0 -9999.0 -9999.0 -9999.0 -9999.0 -9999.0 -9999.0 -9999.0 -9999.0 -9999.0 -9999.0 -9999.0 -9999.0 -9999.0 -9999.0
-9999.0 -9999.0 -9999.0 -9999.0 -9999.0 -9999.0 -9999.0 -9999.0 -9999.0 -9999.0 -9999.0 -9999.0 -9999.0 11.187156 10.271646 9.869629 11.250000 21.273049 11.667542 11.929310 12.300743 13.146427 14.285050 16.009568 8.827676 11.208942 6.290444 5.129405 5.459253 9.560538 8.304658 9.809762 9.279510 8.452491 8.213706 6.956319 -9999.0 -9999.0 -9999.0 -9999.0 -9999.0 -9999.0 -9999.0 -9999.0 -9999.0 -9999.0 -9999.0 -9999.0 -9999.0 -9999.0 -9999.0 -9999.0 -9999.0 -9999.0 -9999.0 -9999.0 -9999.0 -9999.0 -9999.0 -9999.0 -9999.0 -9999.0 -9999.0
-9999.0 -9999.0 -9999.0 -9999.0 -9999.0 -9999.0 -9999.0 -9999.0 -9999.0 -9999.0 -9999.0 -9999.0 -9999.0 11.824492 11.275774 10.022460 9.828762 17.194064 21.216249 14.461639 11.513582 14.913349 10.319377 9.656787 11.433029 9.824239 10.702046 9.720270 9.703180 7.176735 5.052815 8.617339 8.182657 6.448074 7.035121 -9999.0 -9999.0 -9999.0 -9999.0 -9999.0 -9999.0 -9999.0 -9999.0 -9999.0 -9999.0 -9999.0 -9999.0 -9999.0 -9999.0 -9999.0 -9999.0 -9999.0 -9999.0 -9999.0 -9999.0 -9999.0 -9999.0 -9999.0 -9999.0 -9999.0 -9999.0 -9999.0 -9999.0
-9999.0 -9999.0 -9999.0 -9999.0 -9999.0 -9999.0 -9999.0 -9999.0 -9999.0 -9999.0 -9999.0 -9999.0 -9999.0 10.301527 12.758809 11.797750 9.116587 10.365976 21.306663 11.391071 14.793008 10.127390 8.580919 7.956222 10.787813 9.781702 11.012797 8.843086 9.699439 8.836914 8.472918 6.181355 6.020913 -0.014613 6.328049 -9999.0 -9999.0 -9999.0 -9999.0 -9999.0 -9999.0 -9999.0 -9999.0 -9999.0 -9999.0 -9999.0 -9999.0 -9999.0 -9999.0 -9999.0 -9999.0 -9999.0 -9999.0 -9999.0 -9999.0 -9999.0 -9999.0 -9999.0 -9999.0 -9999.0 -9999.0 -9999.0 -9999.0
-9999.0 -9999.0 -9999.0 -9999.0 -9999.0 -9999.0 -9999.0 -9999.0 -9999.0 -9999.0 -9999.0 -9999.0 9.433292 12.104128 11.021594 8.963634 7.512818 9.475932 17.803791 11.860209 11.675021 8.457192 6.400429 7.769697 8.858141 9.599185 7.138077 9.538992 10.060373 8.355925 6.916286 9.448487 8.015642 6.122034 -9999.0 -9999.0 -9999.0 -9999.0 -9999.0 -9999.0 -9999.0 -9999.0 -9999.0 -9999.0 -9999.0 -9999.0 -9999.0 -9999.0 -9999.0 -9999.0 -9999.0 -9999.0 -9999.0 -9999.0 -9999.0 -9999.0 -9999.0 -9999.0 -9999.0 -9999.0 -9999.0 -9999.0 -9999.0
-9999.0 -9999.0 -9999.0 -9999.0 -9999.0 -9999.0 -9999.0 -9999.0 -9999.0 -9999.0 -9999.0 10.813207 8.855297 8.762326 8.200729 10.480626 7.118017 8.909012 17.383377 10.963981 9.086616 11.195363 11.328012 10.860514 4.955986 10.463113 8.459189 11.028470 9.741766 6.974259 9.557213 10.190336 9.038171 7.949197 9.161152 10.721852 12.541641 13.987251 13.982882 -9999.0 -9999.0 -9999.0 9.141361 -9999.0 -9999.0 -9999.0 -9999.0 -9999.0 -9999.0 -9999.0 -9999.0 -9999.0 -9999.0 -9999.0 -9999.0 -9999.0 -9999.0 -9999.0 -9999.0 -9999.0 -9999.0 -9999.0 -9999.0
-9999.0 -9999.0 -9999.0 -9999.0 -9999.0 -9999.0 -9999.0 -9999.0 -9999.0 -9999.0 -9999.0 9.808095 8.440724 8.168760 8.702919 9.440562 9.689005 9.930145 17.426363 14.829961 15.121514 12.616289 11.526848 5.146455 4.997892 10.617192 10.824554 11.328386 10.093116 7.507887 10.723947 9.921039 9.668409 8.765581 9.666235 11.841900 15.711680 16.894514 15.360717 12.201831 12.289184 11.141664 11.272906 10.003895 -9999.0 -9999.0 -9999.0 7.283098 8.774743 10.010271 9.703857 9.216282 8.736798 8.028884 8.407770 8.105264 -9999.0 -9999.0 -9999.0 -9999.0 -9999.0 -9999.0 -9999.0
-9999.0 -9999.0 -9999.0 -9999.0 -9999.0 -9999.0 -9999.0 -9999.0 -9999.0 -9999.0 -9999.0 10.087495 10.205915 5.396740 10.433954 10.455378 6.011481 7.469421 15.099498 15.801294 8.761150 9.116841 5.555192 11.490048 10.469576 11.504696 4.324955 6.961952 10.006371 8.374896 10.284479 3.733917 12.068957 9.388012 10.890100 13.619985 10.181987 11.407198 17.839575 13.737706 14.659770 12.232554 12.435988 11.590286 9.298662 -9999.0 7.753217 9.437184 10.837526 11.528892 11.855377 11.662306 11.419651 11.173150 10.904952 10.512223 -9999.0 -9999.0 -9999.0 -9999.0 -9999.0 -9999.0 -9999.0
-9999.0 -9999.0 -9999.0 -9999.0 -9999.0 -9999.0 -9999.0 -9999.0 -9999.0 -9999.0 -9999.0 -9999.0 10.368539 4.734715 10.701499 10.846224 5.134084 7.479998 15.707487 15.989993 9.290493 9.840067 9.438901 7.968607 5.225240 5.919124 12.439882 10.490559 10.146211 10.325723 11.060093 4.308844 12.275454 10.687753 10.218503 12.483085 9.254047 12.032433 21.048797 15.160175 16.655076 15.645178 8.601884 12.900293 10.323038 9.228567 9.301191 9.995188 3.860595 8.489695 9.763008 7.746851 8.381885 5.056354 4.246611 10.301388 10.699656 -9999.0 -9999.0 -9999.0 -9999.0 -9999.0 -9999.0
-9999.0 -9999.0 -9999.0 -9999.0 -9999.0 -9999.0 -9999.0 -9999.0 -9999.0 -9999.0 -9999.0 5.278846 9.876000 10.796060 5.374567 5.383047 8.362276 7.689501 16.636197 10.877802 9.859678 8.852326 9.595447 4.831340 6.261185 9.612080 8.184769 9.722995 10.682385 11.645178 5.260269 7.892139 12.329345 10.250411 9.334800 11.593363 13.741299 10.934322 11.849696 18.737694 10.426909 11.502952 10.573601 9.358651 13.498090 9.959098 10.725800 11.410129 12.336170 10.008385 3.832271 10.099962 1.549414 1.761848 2.309926 8.972680 10.677445 -9999.0 -9999.0 -9999.0 -9999.0 -9999.0 -9999.0
-9999.0 -9999.0 -9999.0 -9999.0 -9999.0 -9999.0 -9999.0 -9999.0 -9999.0 -9999.0 11.408152 4.415616 11.317406 11.304801 12.160532 8.721920 8.470292 7.490052 10.618596 11.225174 15.618396 14.113269 7.284029 14.025075 10.407194 9.304561 4.983222 4.699021 12.115714 12.505958 8.920917 8.073464 10.871139 9.134742 7.584155 10.844894 13.648886 9.459239 8.985025 12.401272 12.567678 12.398593 19.031926 9.267664 9.025387 10.940989 11.370298 8.450833 9.255733 9.808463 4.716439 9.618240 3.145936 8.264849 9.273930 11.446418 10.976559 -9999.0 -9999.0 -9999.0 -9999.0 -9999.0 -9999.0
-9999.0 -9999.0 -9999.0 -9999.0 -9999.0 -9999.0 -9999.0 -9999.0 -9999.0 10.644983 11.196020 4.082106 8.230416 5.188654 4.201246 7.700389 5.380493 14.696958 10.840579 11.761411 16.580215 9.790489 9.293619 11.872512 10.795291 3.610079 5.354695 12.713129 9.801828 10.582977 10.472045 3.185288 9.293949 7.838172 9.266811 10.359838 11.518641 4.728924 8.086648 8.965541 8.807828 7.722874 7.486104 10.698928 9.503485 9.346493 14.896764 8.540867 8.953184 10.799333 4.210855 9.776623 6.279985 8.275713 10.116527 3.043383 1.942367 11.424362 10.495696 -9999.0 -9999.0 -9999.0 -9999.0
-9999.0 -9999.0 -9999.0 -9999.0 -9999.0 -9999.0 -9999.0 -9999.0 -9999.0 10.041194 10.417409 11.397143 13.986111 9.485979 5.213279 5.354678 13.476502 10.820229 11.685196 18.424876 18.136146 17.977583 15.653417 14.341989 4.270717 5.910762 5.803756 10.917433 11.992636 13.859991 12.717318 3.403612 10.255704 9.046163 10.550723 11.134608 11.502467 12.363811 11.354802 12.944113 7.633621 5.133904 9.210015 10.787175 10.470625 12.503182 12.267605 11.462100 10.917467 10.815206 3.399889 3.118523 8.459199 9.463241 10.476303 3.096258 5.021112 9.391617 12.602045 -9999.0 -9999.0 -9999.0 -9999.0
-9999.0 -9999.0 -9999.0 -9999.0 -9999.0 -9999.0 -9999.0 -9999.0 -9999.0 -9999.0 10.801955 11.640993 9.113331 8.092596 10.351161 8.923820 10.128247 12.203149 12.629089 14.442128 17.547673 10.977001 9.177971 8.213254 5.576908 10.900340 12.020157 12.406542 12.907713 4.218682 3.627136 5.168902 1.709923 9.772383 11.340249 11.670992 13.204847 12.803058 10.469131 9.906785 9.425557 13.244655 12.779931 8.781221 8.113547 8.721173 9.671655 15.843097 13.252361 10.984686 7.034955 8.037486 9.981054 9.670138 9.075090 11.098453 12.361544 11.700058 11.835152 12.237329 -9999.0 -9999.0 -9999.0
-9999.0 -9999.0 -9999.0 -9999.0 -9999.0 -9999.0 -9999.0 -9999.0 -9999.0 -9999.0 10.800800 11.432890 11.901710 9.665743 16.124864 9.503660 9.380083 11.302552 13.623776 14.825639 12.091646 10.567179 9.197886 10.045046 10.849887 12.633779 13.357590 9.545328 4.523127 4.694298 10.451278 11.304363 5.613525 8.728771 10.176744 10.861662 8.572919 8.701229 4.668208 9.084815 10.648938 11.524888 7.047637 11.066183 12.146599 6.955001 9.404302 8.722010 11.299266 13.458967 11.281341 5.132142 5.350330 10.870796 9.380650 10.388997 11.150156 10.801999 12.405965 14.369528 -9999.0 -9999.0 -9999.0
-9999.0 -9999.0 -9999.0 -9999.0 -9999.0 -9999.0 -9999.0 -9999.0 12.081844 11.372049 11.083915 11.622643 5.337799 5.486587 8.212418 11.008845 11.741867 18.979098 15.525662 15.472907 13.720971 12.856009 11.938018 10.503409 12.324699 12.333604 15.676838 7.834816 5.239340 1.976000 9.060793 10.371108 10.511290 9.814775 10.431028 9.638654 12.646732 8.614432 3.753571 9.275684 10.443409 10.844413 5.037786 9.818182 12.137090 12.868808 3.469294 8.889796 9.283001 13.656229 12.064510 9.258955 1.883638 2.878092 11.296425 12.762930 13.268045 15.497317 13.533840 14.056227 -9999.0 -9999.0 -9999.0
-9999.0 -9999.0 -9999.0 -9999.0 -9999.0 -9999.0 -9999.0 -9999.0 3.216811 3.834850 3.750844 10.925125 11.632243 9.644970 8.005500 9.859619 10.898271 11.434155 13.994910 16.125147 22.428206 20.355220 18.794579 17.948605 12.692753 12.790651 10.759203 9.765791 4.170867 10.605955 10.157922 11.115948 10.567360 10.514989 10.823814 11.590484 13.245756 9.357870 4.423910 10.335335 9.306352 8.442113 9.871178 11.420176 12.516677 4.895247 1.991244 11.773825 9.932016 11.599161 14.183037 11.671922 1.595235 13.026710 14.260057 11.793773 11.802116 12.943835 15.285678 17.388436 17.880363 -9999.0 -9999.0
-9999.0 -9999.0 -9999.0 -9999.0 -9999.0 -9999.0 -9999.0 -9999.0 11.227180 12.408074 11.322348 3.863459 12.307726 3.272378 6.082157 8.366653 10.442257 13.781336 14.419454 22.077395 16.656632 21.077097 20.884160 15.746040 19.438739 12.124812 10.133587 4.758147 5.328675 11.360864 11.572235 12.247051 1.881466 2.834695 11.946628 12.943159 4.928610 9.526972 3.928788 4.847005 9.952092 10.291720 10.792140 11.495305 2.555679 11.249163 10.592504 12.031645 5.295534 10.230015 13.673678 13.476923 0.507456 5.356839 13.349586 14.082055 14.933572 15.633460 17.166622 16.743820 17.580049 -9999.0 -9999.0
-9999.0 -9999.0 -9999.0 -9999.0 -9999.0 -9999.0 -9999.0 -9999.0 10.582507 12.397515 9.751847 4.071042 12.466644 3.032148 9.093658 10.901708 13.021068 14.529234 17.613646 14.404859 16.235876 16.737792 21.280597 20.540686 12.853819 10.842194 8.871311 2.854062 13.081259 9.498209 5.044104 5.076219 9.871923 9.772117 1.831238 12.601588 13.691702 10.668779 7.741482 4.518278 10.216701 11.243960 11.379422 11.381111 10.769927 11.454354 12.282395 12.717019 13.059802 10.741308 11.908939 14.640686 14.750288 14.230417 15.756259 16.279379 16.805491 15.383015 16.166416 17.492688 16.217886 13.228555 -9999.0
-9999.0 -9999.0 -9999.0 -9999.0 -9999.0 -9999.0 -9999.0 -9999.0 10.393066 12.460794 10.387219 8.256043 9.368982 10.202769 16.709101 14.477661 16.746895 11.984743 10.686181 12.151736 13.987830 16.542308 16.692433 16.520831 18.545052 10.444897 8.097520 10.745595 11.639679 11.025688 7.828340 10.733580 11.750070 10.565059 9.311906 9.990584 11.071868 11.961979 10.694965 10.555907 8.967917 5.051890 9.976033 9.357434 1.669603 12.928866 9.599876 10.807983 10.980637 13.284692 15.042724 14.620711 15.434709 17.337885 17.508291 17.313194 17.836652 17.637362 16.967838 16.258863 13.909614 12.200474 -9999.0
-9999.0 -9999.0 11.881721 12.231649 4.115677 4.458175 8.362026 1.851494 11.814528 12.267265 9.888248 10.261723 10.453646 13.276678 18.847098 13.470039 10.155189 8.419924 10.123066 10.573132 12.497991 14.810565 16.386216 15.463674 15.004747 12.069567 10.567279 10.532087 11.616841 15.758730 9.180089 9.621219 15.655401 10.171433 12.392757 10.666944 13.824699 13.366300 11.778991 9.912862 11.849612 12.053814 10.143969 11.539217 8.203730 10.581325 12.343872 10.988827 14.199126 15.814810 17.276925 17.755724 17.824733 17.999889 17.965791 22.732953 16.724670 16.484497 15.436292 13.674554 16.444454 11.144333 -9999.0
-9999.0 8.945500 8.865833 8.567586 4.200783 9.036642 8.272407 1.810300 2.599019 11.590948 4.133610 9.572690 11.629248 16.903290 17.136435 9.913210 9.805387 5.511874 4.787951 10.678857 12.946219 13.918582 18.451533 15.094413 21.011992 15.483760 19.067660 19.244283 14.637664 13.751676 13.640135 13.219127 13.061683 16.987576 14.934802 15.806745 16.612719 15.359161 15.984112 15.047245 14.850801 14.456164 13.838826 11.574845 11.119835 11.824971 14.505102 14.206381 16.690010 15.982424 17.065749 17.050611 16.410985 16.443327 16.462056 15.892514 13.612658 13.209165 13.892260 15.612880 10.841354 10.761405 -9999.0
-9999.0 13.639776 9.989362 10.260665 14.552821 9.706993 4.073619 2.141167 11.679778 11.897153 3.804615 9.428026 11.890250 17.458302 10.562353 5.247844 4.925004 3.597665 11.248655 10.573432 16.074430 13.293823 14.427802 16.212922 21.929872 22.741168 15.399714 16.537780 15.971516 14.756493 15.054713 14.443810 14.351613 14.607604 18.889611 16.903430 23.643318 24.046168 17.866984 18.115273 17.329357 16.055700 15.698373 14.509784 15.038724 15.423186 16.786183 16.961461 16.552476 16.592970 15.740455 13.895423 13.701212 14.294589 13.611628 12.292895 12.090584 11.198128 10.567569 9.877587 9.767566 -9999.0 -9999.0
