user2019/resources/simulation/Vinschgau/output-maps/TsL0004N1078.asc
ncols         63
nrows         48
xllcorner     598000.000000
yllcorner     5145000.000000
cellsize      1000.000000
NODATA_value  -9999.0
[rows 0 to 27 of 48, columns 0 to 62 of 63]
-9999.0 -9999.0 -9999.0 -9999.0 -9999.0 -9999.0 -9999.0 -9999.0 -9999.0 -9999.0 -9999.0 -9999.0 -9999.0 -9999.0 -9999.0 -9999.0 -9999.0 -9999.0 -9999.0 -9999.0 -9999.0 -9999.0 -9999.0 -9999.0 -9999.0 -9999.0 -9999.0 -9999.0 -9999.0 -9999.0 -9999.0 -9999.0 -9999.0 -9999.0 -9999.0 -9999.0 -9999.0 -9999.0 -9999.0 -9999.0 -9999.0 -9999.0 -9999.0 -9999.0 -9999.0 -9999.0 -9999.0 -9999.0 -9999.0 -9999.0 -9999.0 -9999.0 -9999.0 -9999.0 -9999.0 -9999.0 -9999.0 -9999.0 -9999.0 -9999.0 -9999.0 -9999.0 -9999.0
-9999.0 -9999.0 -9999.0 -9999.0 -9999.0 -9999.0 -9999.0 -9999.0 -9999.0 -9999.0 -9999.0 -9999.0 -9999.0 -9999.0 -9999.0 -9999.0 -9999.0 -9999.0 -9999.0 -9999.0 -9999.0 -9999.0 -9999.0 -9999.0 -9999.0 -9999.0 -9999.0 -0.166515 -0.152021 -0.453364 -0.779111 -0.782725 -0.744395 -9999.0 -9999.0 -9999.0 -9999.0 -9999.0 -9999.0 -9999.0 -9999.0 -9999.0 -9999.0 -9999.0 -9999.0 -9999.0 -9999.0 -9999.0 -9999.0 -9999.0 -9999.0 -9999.0 -9999.0 -9999.0 -9999.0 -9999.0 -9999.0 -9999.0 -9999.0 -9999.0 -9999.0 -9999.0 -9999.0
-9999.0 -9999.0 -9999.0 -9999.0 -9999.0 -9999.0 -9999.0 -9999.0 -9999.0 -9999.0 -9999.0 -9999.0 -9999.0 -9999.0 -9999.0 -9999.0 -9999.0 -9999.0 -9999.0 -9999.0 -9999.0 -9999.0 -9999.0 -9999.0 -0.136761 -0.146276 -0.191276 -0.244987 -0.290201 -0.345407 -0.614642 -9999.0 -9999.0 -9999.0 -9999.0 -9999.0 -9999.0 -9999.0 -9999.0 -9999.0 -9999.0 -9999.0 -9999.0 -9999.0 -9999.0 -9999.0 -9999.0 -9999.0 -9999.0 -9999.0 -9999.0 -9999.0 -9999.0 -9999.0 -9999.0 -9999.0 -9999.0 -9999.0 -9999.0 -9999.0 -9999.0 -9999.0 -9999.0
-9999.0 -9999.0 -9999.0 -9999.0 -9999.0 -9999.0 -9999.0 -9999.0 -9999.0 -9999.0 -9999.0 -9999.0 -9999.0 -9999.0 -9999.0 -9999.0 -9999.0 -9999.0 -9999.0 -9999.0 -9999.0 -9999.0 -9999.0 -0.026774 -0.017582 2.219568 2.657156 3.341511 2.254531 -0.038934 -0.428401 -0.892861 -9999.0 -9999.0 -9999.0 -9999.0 -9999.0 -9999.0 -9999.0 -9999.0 -9999.0 -9999.0 -9999.0 -9999.0 -9999.0 -9999.0 -9999.0 -9999.0 -9999.0 -9999.0 -9999.0 -9999.0 -9999.0 -9999.0 -9999.0 -9999.0 -9999.0 -9999.0 -9999.0 -9999.0 -9999.0 -9999.0 -9999.0
-9999.0 -9999.0 -9999.0 -9999.0 -9999.0 -9999.0 -9999.0 -9999.0 -9999.0 -9999.0 -9999.0 -9999.0 -9999.0 -9999.0 -9999.0 -9999.0 -9999.0 -9999.0 5.693138 -0.000445 -9999.0 -0.012493 -0.006789 2.014547 2.226004 3.870765 3.694741 3.578617 1.773045 -0.012646 -0.272066 -0.669633 -0.466764 -0.594905 -9999.0 -9999.0 -9999.0 -9999.0 -9999.0 -9999.0 -9999.0 -9999.0 -9999.0 -9999.0 -9999.0 -9999.0 -9999.0 -9999.0 -9999.0 -9999.0 -9999.0 -9999.0 -9999.0 -9999.0 -9999.0 -9999.0 -9999.0 -9999.0 -9999.0 -9999.0 -9999.0 -9999.0 -9999.0
-9999.0 -9999.0 -9999.0 -9999.0 -9999.0 -9999.0 -9999.0 -9999.0 -9999.0 -9999.0 -9999.0 -9999.0 -9999.0 -9999.0 -9999.0 -9999.0 -9999.0 5.250947 3.834559 3.573325 2.073818 -0.064346 -0.012607 1.268337 4.013099 -0.011035 -0.147717 -0.014415 -0.085097 1.135379 -0.001894 -0.153623 -0.350047 -0.193795 -0.513216 -0.625728 -9999.0 -9999.0 -9999.0 -9999.0 -9999.0 -9999.0 -9999.0 -9999.0 -9999.0 -9999.0 -9999.0 -9999.0 -9999.0 -9999.0 -9999.0 -9999.0 -9999.0 -9999.0 -9999.0 -9999.0 -9999.0 -9999.0 -9999.0 -9999.0 -9999.0 -9999.0 -9999.0
-9999.0 -9999.0 -9999.0 -9999.0 -9999.0 -9999.0 -9999.0 -9999.0 -9999.0 -9999.0 -9999.0 -9999.0 -9999.0 0.936461 1.748148 3.417577 4.890056 12.226493 4.928120 3.562793 2.583873 2.000785 2.747628 4.054229 -0.014840 -0.000469 -0.327157 -1.715591 -0.154231 -0.034986 -0.611306 -0.169430 -0.537912 -0.691437 -0.853381 -0.702668 -9999.0 -9999.0 -9999.0 -9999.0 -9999.0 -9999.0 -9999.0 -9999.0 -9999.0 -9999.0 -9999.0 -9999.0 -9999.0 -9999.0 -9999.0 -9999.0 -9999.0 -9999.0 -9999.0 -9999.0 -9999.0 -9999.0 -9999.0 -9999.0 -9999.0 -9999.0 -9999.0
-9999.0 -9999.0 -9999.0 -9999.0 -9999.0 -9999.0 -9999.0 -9999.0 -9999.0 -9999.0 -9999.0 -9999.0 -9999.0 3.093492 3.987419 4.171199 4.125010 10.398710 12.275521 4.784802 4.077424 6.040185 2.181454 0.939138 0.446771 -0.032751 -0.100589 -0.326537 -0.323726 -0.542823 -1.951592 -0.328366 -0.435812 -4.981327 -0.802110 -9999.0 -9999.0 -9999.0 -9999.0 -9999.0 -9999.0 -9999.0 -9999.0 -9999.0 -9999.0 -9999.0 -9999.0 -9999.0 -9999.0 -9999.0 -9999.0 -9999.0 -9999.0 -9999.0 -9999.0 -9999.0 -9999.0 -9999.0 -9999.0 -9999.0 -9999.0 -9999.0 -9999.0
-9999.0 -9999.0 -9999.0 -9999.0 -9999.0 -9999.0 -9999.0 -9999.0 -9999.0 -9999.0 -9999.0 -9999.0 -9999.0 4.109576 4.895717 5.296570 3.691925 4.525253 12.796807 4.913167 7.593156 2.190773 -0.010834 -0.038623 0.184015 -0.010596 -0.001154 -0.383254 -0.890137 -4.086336 -0.788884 -5.946336 -5.863482 -9.546753 -0.705762 -9999.0 -9999.0 -9999.0 -9999.0 -9999.0 -9999.0 -9999.0 -9999.0 -9999.0 -9999.0 -9999.0 -9999.0 -9999.0 -9999.0 -9999.0 -9999.0 -9999.0 -9999.0 -9999.0 -9999.0 -9999.0 -9999.0 -9999.0 -9999.0 -9999.0 -9999.0 -9999.0 -9999.0
-9999.0 -9999.0 -9999.0 -9999.0 -9999.0 -9999.0 -9999.0 -9999.0 -9999.0 -9999.0 -9999.0 -9999.0 2.166006 4.381697 4.628634 2.431838 2.117214 4.035191 11.337501 5.565073 2.415637 -0.019355 -0.511232 -0.037106 -0.682628 -0.120400 -1.804388 -0.431326 -0.545647 -0.862887 -5.613644 -0.471399 -0.957121 -0.751475 -9999.0 -9999.0 -9999.0 -9999.0 -9999.0 -9999.0 -9999.0 -9999.0 -9999.0 -9999.0 -9999.0 -9999.0 -9999.0 -9999.0 -9999.0 -9999.0 -9999.0 -9999.0 -9999.0 -9999.0 -9999.0 -9999.0 -9999.0 -9999.0 -9999.0 -9999.0 -9999.0 -9999.0 -9999.0
-9999.0 -9999.0 -9999.0 -9999.0 -9999.0 -9999.0 -9999.0 -9999.0 -9999.0 -9999.0 -9999.0 1.274116 3.220703 2.415908 3.837426 5.825814 4.820841 4.197472 10.598575 6.241866 2.790410 1.811321 -0.007322 -0.289014 -0.693116 -0.472654 -0.489355 -0.567209 -0.495858 -0.735717 -0.478063 -0.520690 -0.822939 -0.559806 -0.705595 -0.660462 -0.477579 -0.257948 -0.589056 -9999.0 -9999.0 -9999.0 -0.542321 -9999.0 -9999.0 -9999.0 -9999.0 -9999.0 -9999.0 -9999.0 -9999.0 -9999.0 -9999.0 -9999.0 -9999.0 -9999.0 -9999.0 -9999.0 -9999.0 -9999.0 -9999.0 -9999.0 -9999.0
-9999.0 -9999.0 -9999.0 -9999.0 -9999.0 -9999.0 -9999.0 -9999.0 -9999.0 -9999.0 -9999.0 0.246365 3.340005 4.819743 5.692964 3.305909 7.359988 4.997259 11.272362 7.432042 7.250941 2.078512 -0.012463 -0.681595 -2.423988 -0.202683 -0.250251 -0.454788 -0.447950 -0.607615 -0.673069 -0.298811 -0.667953 -1.035541 -0.703515 -0.475771 -0.328085 -0.102973 -0.142549 -0.521111 -0.503387 -0.538938 -0.724458 -0.427839 -9999.0 -9999.0 -9999.0 -0.930431 -1.202975 -0.723747 -0.664509 -0.852996 -0.900176 -1.256766 -0.941490 -0.954404 -9999.0 -9999.0 -9999.0 -9999.0 -9999.0 -9999.0 -9999.0
-9999.0 -9999.0 -9999.0 -9999.0 -9999.0 -9999.0 -9999.0 -9999.0 -9999.0 -9999.0 -9999.0 -0.000329 0.850630 -0.018532 5.165398 4.889273 2.210374 4.112172 8.930402 7.472346 2.134448 -0.012349 -0.467087 -0.269911 -0.167627 -0.121166 -0.937369 -2.128578 -0.237235 -0.821069 -0.323514 -2.534868 -0.445604 -0.990479 -0.810660 -0.397981 -1.705191 -1.155360 -0.004539 -0.299698 -0.551202 -0.517180 -0.435045 -0.318492 -1.019442 -9999.0 -0.691917 -0.778577 -0.720194 -0.526777 -0.081732 -0.395502 -0.340998 -0.709370 -0.817828 -0.970074 -9999.0 -9999.0 -9999.0 -9999.0 -9999.0 -9999.0 -9999.0
-9999.0 -9999.0 -9999.0 -9999.0 -9999.0 -9999.0 -9999.0 -9999.0 -9999.0 -9999.0 -9999.0 -9999.0 -0.000522 -0.182395 2.752114 3.299189 0.694347 3.165642 10.322216 7.267227 2.251338 -0.009121 -0.596829 -1.816653 -1.090006 -0.510825 -0.004720 -0.059857 -0.781035 -0.410949 -0.315034 -2.309805 -0.212261 -0.762336 -0.848798 -0.580806 -2.261141 -0.958062 3.581248 -0.009036 -0.244328 -0.001314 -1.744951 -0.207295 -0.344596 -0.716106 -0.614021 -0.741886 -3.292791 -1.856962 -0.083301 -2.255190 -2.272813 -2.899297 -3.475900 -0.813580 -0.895713 -9999.0 -9999.0 -9999.0 -9999.0 -9999.0 -9999.0
-9999.0 -9999.0 -9999.0 -9999.0 -9999.0 -9999.0 -9999.0 -9999.0 -9999.0 -9999.0 -9999.0 -0.502735 -0.003989 0.667412 -0.154813 -0.012318 1.408334 2.322765 9.508698 4.305257 2.658282 0.601781 -0.083967 -0.515815 -0.512787 -1.069324 -1.767646 -0.417128 -0.443457 -0.065456 -2.328631 -1.505660 -0.151749 -0.815016 -1.034806 -0.669673 -0.170379 -1.305040 -0.015303 1.277992 -0.179849 -0.021551 -0.362373 -0.289870 -0.015500 -0.378341 -0.571357 -0.047524 -0.001216 -0.035988 -1.948083 -0.406761 -3.381414 -3.894739 -4.760465 -6.316161 -0.678314 -9999.0 -9999.0 -9999.0 -9999.0 -9999.0 -9999.0
-9999.0 -9999.0 -9999.0 -9999.0 -9999.0 -9999.0 -9999.0 -9999.0 -9999.0 -9999.0 -0.000722 -0.243625 -0.003629 -0.000500 1.037797 -0.068242 -0.090259 -0.010754 3.547460 3.949842 5.402643 3.929898 -0.215046 0.039816 -0.077107 -0.875682 -0.572400 -3.224250 -0.165172 -0.025963 -0.976954 -1.107087 -0.185563 -0.812513 -0.759387 -0.324780 -0.299472 -2.023355 -0.451093 -0.007806 -0.006651 1.891252 6.837510 0.864572 -0.080651 -0.035059 -0.195440 -1.623217 -0.935000 -0.022439 -3.216559 -0.712809 -5.203192 -6.712625 -5.632563 -0.799040 -0.776934 -9999.0 -9999.0 -9999.0 -9999.0 -9999.0 -9999.0
-9999.0 -9999.0 -9999.0 -9999.0 -9999.0 -9999.0 -9999.0 -9999.0 -9999.0 -0.127604 -0.049927 -1.206329 -0.743709 -0.190852 -0.456281 -0.401574 -0.065829 4.310839 3.483149 4.071677 5.772309 0.757078 -0.008025 -0.005338 -0.011140 -0.994442 -1.265107 -0.007040 -0.722362 -0.192313 -0.010032 -1.192765 -0.269948 -4.599719 -0.493452 -0.349703 -0.364280 -2.451908 -0.473136 -0.499909 -0.796140 -0.165955 -0.173844 1.795079 0.871355 -0.041619 0.666403 -0.218263 -0.215496 -0.009394 -0.756853 -0.673201 -7.578070 -1.197124 -0.917143 -3.157023 -2.593959 -0.418822 -0.811055 -9999.0 -9999.0 -9999.0 -9999.0
-9999.0 -9999.0 -9999.0 -9999.0 -9999.0 -9999.0 -9999.0 -9999.0 -9999.0 -0.205395 -0.120471 -0.010819 1.821376 -0.020643 -0.077181 -0.193194 0.593496 -0.003243 4.058016 7.090462 6.520420 6.652873 4.068595 0.513181 -0.611830 -0.516255 -0.177021 -0.035817 -0.001445 0.717195 -0.003646 -1.560426 -0.591671 -0.967671 -0.731795 -0.322166 -0.192823 -0.001735 -0.154713 -0.140844 -2.012284 -0.523236 -0.133547 0.836415 2.271357 2.434890 2.030734 -0.006037 -0.018561 -0.008947 -2.447111 -4.066921 -1.266093 -2.512226 -1.184783 -4.189019 -2.334343 -1.670417 -0.176988 -9999.0 -9999.0 -9999.0 -9999.0
-9999.0 -9999.0 -9999.0 -9999.0 -9999.0 -9999.0 -9999.0 -9999.0 -9999.0 -9999.0 -0.309625 -0.156656 -0.309455 -0.352005 -0.014407 -0.061502 -0.020035 1.990592 4.846146 5.016590 6.456763 2.617875 -0.016786 -0.225927 -0.458893 -0.073916 -0.008945 1.275183 -0.000444 -1.133226 -1.460632 -1.958485 -2.350559 -0.830614 -0.438396 -0.149780 -0.015530 -0.083525 -0.194406 -0.655111 -0.323158 -0.017604 0.606670 -0.040635 -0.012933 -0.009929 1.244450 4.507571 2.808821 -0.009642 -1.395467 -2.258237 -0.975801 -1.281535 -1.581278 -0.663522 -0.486971 -0.804401 -0.589307 -0.031650 -9999.0 -9999.0 -9999.0
-9999.0 -9999.0 -9999.0 -9999.0 -9999.0 -9999.0 -9999.0 -9999.0 -9999.0 -9999.0 -0.677684 -0.190215 -0.011531 -0.153650 3.398301 -0.009599 -0.011813 2.539525 5.222017 6.231376 3.425425 1.385909 -0.021836 -0.085789 -0.057383 -0.000205 1.977295 -0.012341 -0.824021 -2.090723 -0.247957 -0.282622 -2.648551 -0.751234 -0.226755 -0.039258 -0.745666 -1.109170 -2.690826 -0.509644 -0.596549 -0.029398 -1.815207 -0.024367 -0.005226 -0.152226 -0.021402 -0.012690 2.549596 2.440599 -0.014402 -0.662621 -2.973192 -1.125080 -1.562792 -1.192795 -0.631327 -0.535813 1.026498 2.257788 -9999.0 -9999.0 -9999.0
-9999.0 -9999.0 -9999.0 -9999.0 -9999.0 -9999.0 -9999.0 -9999.0 -0.081029 -0.299655 -0.525028 -0.385647 -1.827635 -1.225225 -0.050400 1.545420 2.878250 7.646226 6.015621 6.797963 5.190387 4.081750 3.024088 1.248522 -0.007915 1.862811 3.603406 -0.378884 -0.598202 -1.986736 -4.745260 -0.659030 -0.328437 -0.816594 -0.569423 -0.121979 0.600805 -0.405291 -2.054226 -0.320050 -0.055227 -0.175126 -1.906700 -0.244960 -0.000884 -0.000542 -1.885141 -0.233715 -0.011203 2.571014 -0.007632 -0.320803 -2.643952 -4.473063 -1.048939 -0.893766 -0.348200 -0.000494 -0.000256 3.929854 -9999.0 -9999.0 -9999.0
-9999.0 -9999.0 -9999.0 -9999.0 -9999.0 -9999.0 -9999.0 -9999.0 -2.156530 -2.214293 -1.466017 -0.462944 -0.106322 -1.249186 -0.457183 -0.010329 1.864330 2.481700 5.595977 7.328810 11.316424 9.741063 9.193464 8.694115 3.392320 3.127098 0.806737 -0.149198 -2.620605 -0.610501 -0.770113 -0.221493 -0.548221 -0.155808 -0.275887 -0.024699 2.127546 -0.072321 -1.293917 -0.243922 -0.256054 -3.932502 -0.121033 -0.113557 -0.019313 -1.967029 -2.641675 -0.259386 -0.216131 1.469183 2.079525 -0.079597 -3.019060 -0.845120 -0.183979 -1.154497 -0.425414 -0.023159 2.824091 5.440996 7.104071 -9999.0 -9999.0
-9999.0 -9999.0 -9999.0 -9999.0 -9999.0 -9999.0 -9999.0 -9999.0 -0.266628 -0.156490 -0.215143 -2.229243 -0.386768 -1.667893 -0.447675 -0.343598 -0.008419 3.006430 5.488942 11.132735 7.781582 10.285268 10.197570 6.303040 7.240240 3.165518 -0.003745 -0.775376 -3.959118 -0.276737 -0.085185 -0.168679 -0.662925 -0.641237 -0.013156 -0.000136 -0.114638 1.506219 -0.058700 -1.678685 -0.197406 -0.038049 -0.164535 -0.175117 -0.580660 -0.320902 -0.323644 -0.185519 -0.880063 -0.014203 2.467428 -0.008859 -1.912193 -2.771416 -0.716546 -0.284655 1.368597 2.728180 5.131437 5.700773 6.104081 -9999.0 -9999.0
-9999.0 -9999.0 -9999.0 -9999.0 -9999.0 -9999.0 -9999.0 -9999.0 -0.600364 -0.295778 -1.065897 -2.982488 -0.268903 -0.570986 -1.650356 -0.005069 4.052497 5.264901 7.025345 5.739781 7.143644 7.473127 9.758676 9.259669 3.589933 0.979826 -0.050478 -1.494229 -0.005308 -1.541779 -0.404653 -1.309936 -0.023294 -0.259017 -0.097071 0.127446 4.797465 4.024989 0.609008 -0.121829 -0.007237 -0.012198 -0.055139 -0.001012 -0.088296 -0.038612 -0.160644 -0.001942 -0.116946 -0.298046 -0.012193 2.109023 -0.007920 -0.675491 0.018157 1.907277 3.610830 4.481901 5.562535 5.863840 4.920664 2.517690 -9999.0
-9999.0 -9999.0 -9999.0 -9999.0 -9999.0 -9999.0 -9999.0 -9999.0 -0.758489 -0.303719 -1.391213 -1.094690 -1.556216 -0.373038 2.177205 2.512998 4.943271 2.481523 0.746527 2.860937 4.762712 6.811319 7.099378 6.827335 6.208585 -0.009575 -0.621854 -0.042590 -0.014276 -0.165942 -0.163671 -0.010003 2.289660 1.411410 -0.008854 1.422055 3.045899 6.035601 5.504600 2.269196 -0.004865 -0.012792 -0.019898 -0.016374 -0.321157 -0.000608 -0.266453 -0.545040 -0.106998 -0.009854 1.704603 1.621820 1.893097 2.135425 2.404833 2.692432 3.728250 4.591580 5.218903 4.965890 4.100720 1.942970 -9999.0
-9999.0 -9999.0 -0.090392 -0.348996 -2.567390 -0.634256 -2.202219 -3.181862 -0.841095 -0.636103 -1.976026 -0.690651 -0.082281 -0.056751 3.976261 1.815757 -0.015260 -0.773879 -0.163675 -0.009085 2.741603 5.401312 5.493056 6.220262 4.876261 2.018699 -0.011157 -0.008616 2.072783 3.660219 -0.015577 0.491263 5.939141 3.284097 4.072409 4.605544 7.126246 8.352151 7.299351 4.610166 4.372041 4.097700 3.644755 2.638714 -0.010448 -0.009755 1.774150 1.374099 2.660759 3.609064 4.502802 4.171973 3.474001 2.988253 2.838613 7.063934 3.514568 3.944438 3.596480 3.337055 4.782504 1.199941 -9999.0
-9999.0 -0.493669 -1.920414 -1.930020 -0.573270 -1.747956 -1.151471 -1.657199 -2.613088 -0.854662 -0.806541 -0.413491 -0.011877 1.824496 2.922193 -0.163348 -0.511447 -0.728289 -0.513731 -0.013270 2.417400 4.234172 6.554661 4.703558 8.540514 4.648116 6.285750 6.253378 4.692077 3.308931 3.312801 3.397931 4.783691 8.524032 8.045690 8.947896 11.160284 11.313112 10.684389 8.785957 8.709690 8.423182 7.198518 4.797118 3.521921 3.897011 4.584267 5.931789 6.831756 5.969062 4.922590 4.080710 3.295708 2.524863 2.425303 1.898851 0.795281 1.146088 1.647611 3.247791 0.439437 1.008753 -9999.0
-9999.0 -0.000573 -0.387778 -0.128182 -0.000567 -0.136494 -2.036043 -2.142923 -0.755290 -0.776376 -1.302605 -0.768973 -0.006460 3.038408 -0.081568 -2.191500 -1.505822 -0.968430 -0.434867 -0.024300 3.635887 1.844614 2.850868 3.067393 8.105875 9.550234 5.546067 6.734956 6.047357 6.446863 6.644909 6.405877 6.664823 7.697463 11.507005 11.014529 17.342041 18.613356 13.717141 12.956740 12.118653 10.907311 10.339208 8.106762 8.046240 7.911992 7.897200 7.405895 6.644081 5.774181 4.068526 1.901268 0.926492 1.466045 0.691616 -0.031034 -0.070154 -0.057936 -0.045566 -0.105582 -0.027704 -9999.0 -9999.0
