user2019/resources/simulation/Vinschgau/output-maps/TsL0007N0476.asc
ncols         63
nrows         48
xllcorner     598000.000000
yllcorner     5145000.000000
cellsize      1000.000000
NODATA_value  -9999.0
[rows 0 to 27 of 48, columns 0 to 62 of 63]
-9999.0 -9999.0 -9999.0 -9999.0 -9999.0 -9999.0 -9999.0 -9999.0 -9999.0 -9999.0 -9999.0 -9999.0 -9999.0 -9999.0 -9999.0 -9999.0 -9999.0 -9999.0 -9999.0 -9999.0 -9999.0 -9999.0 -9999.0 -9999.0 -9999.0 -9999.0 -9999.0 -9999.0 -9999.0 -9999.0 -9999.0 -9999.0 -9999.0 -9999.0 -9999.0 -9999.0 -9999.0 -9999.0 -9999.0 -9999.0 -9999.0 -9999.0 -9999.0 -9999.0 -9999.0 -9999.0 -9999.0 -9999.0 -9999.0 -9999.0 -9999.0 -9999.0 -9999.0 -9999.0 -9999.0 -9999.0 -9999.0 -9999.0 -9999.0 -9999.0 -9999.0 -9999.0 -9999.0
-9999.0 -9999.0 -9999.0 -9999.0 -9999.0 -9999.0 -9999.0 -9999.0 -9999.0 -9999.0 -9999.0 -9999.0 -9999.0 -9999.0 -9999.0 -9999.0 -9999.0 -9999.0 -9999.0 -9999.0 -9999.0 -9999.0 -9999.0 -9999.0 -9999.0 -9999.0 -9999.0 6.385819 6.956455 6.571184 5.890248 4.562128 5.468703 -9999.0 -9999.0 -9999.0 -9999.0 -9999.0 -9999.0 -9999.0 -9999.0 -9999.0 -9999.0 -9999.0 -9999.0 -9999.0 -9999.0 -9999.0 -9999.0 -9999.0 -9999.0 -9999.0 -9999.0 -9999.0 -9999.0 -9999.0 -9999.0 -9999.0 -9999.0 -9999.0 -9999.0 -9999.0 -9999.0
-9999.0 -9999.0 -9999.0 -9999.0 -9999.0 -9999.0 -9999.0 -9999.0 -9999.0 -9999.0 -9999.0 -9999.0 -9999.0 -9999.0 -9999.0 -9999.0 -9999.0 -9999.0 -9999.0 -9999.0 -9999.0 -9999.0 -9999.0 -9999.0 8.154917 8.888012 8.840401 7.974880 7.587734 7.396461 5.911665 -9999.0 -9999.0 -9999.0 -9999.0 -9999.0 -9999.0 -9999.0 -9999.0 -9999.0 -9999.0 -9999.0 -9999.0 -9999.0 -9999.0 -9999.0 -9999.0 -9999.0 -9999.0 -9999.0 -9999.0 -9999.0 -9999.0 -9999.0 -9999.0 -9999.0 -9999.0 -9999.0 -9999.0 -9999.0 -9999.0 -9999.0 -9999.0
-9999.0 -9999.0 -9999.0 -9999.0 -9999.0 -9999.0 -9999.0 -9999.0 -9999.0 -9999.0 -9999.0 -9999.0 -9999.0 -9999.0 -9999.0 -9999.0 -9999.0 -9999.0 -9999.0 -9999.0 -9999.0 -9999.0 -9999.0 8.814152 8.662064 8.231797 9.344611 9.304588 7.552746 8.104938 6.458171 5.256778 -9999.0 -9999.0 -9999.0 -9999.0 -9999.0 -9999.0 -9999.0 -9999.0 -9999.0 -9999.0 -9999.0 -9999.0 -9999.0 -9999.0 -9999.0 -9999.0 -9999.0 -9999.0 -9999.0 -9999.0 -9999.0 -9999.0 -9999.0 -9999.0 -9999.0 -9999.0 -9999.0 -9999.0 -9999.0 -9999.0 -9999.0
-9999.0 -9999.0 -9999.0 -9999.0 -9999.0 -9999.0 -9999.0 -9999.0 -9999.0 -9999.0 -9999.0 -9999.0 -9999.0 -9999.0 -9999.0 -9999.0 -9999.0 -9999.0 12.750953 8.199642 -9999.0 8.073503 8.489891 8.274976 9.567603 10.726177 11.816274 11.698443 10.523723 8.899175 7.720541 6.239302 4.864147 2.863736 -9999.0 -9999.0 -9999.0 -9999.0 -9999.0 -9999.0 -9999.0 -9999.0 -9999.0 -9999.0 -9999.0 -9999.0 -9999.0 -9999.0 -9999.0 -9999.0 -9999.0 -9999.0 -9999.0 -9999.0 -9999.0 -9999.0 -9999.0 -9999.0 -9999.0 -9999.0 -9999.0 -9999.0 -9999.0
-9999.0 -9999.0 -9999.0 -9999.0 -9999.0 -9999.0 -9999.0 -9999.0 -9999.0 -9999.0 -9999.0 -9999.0 -9999.0 -9999.0 -9999.0 -9999.0 -9999.0 7.902597 8.405984 7.917135 7.497430 3.314382 7.548162 9.268620 13.006292 6.314689 4.912412 5.448367 4.907691 7.877487 8.613032 7.157073 6.667031 5.339001 3.372283 -0.005570 -9999.0 -9999.0 -9999.0 -9999.0 -9999.0 -9999.0 -9999.0 -9999.0 -9999.0 -9999.0 -9999.0 -9999.0 -9999.0 -9999.0 -9999.0 -9999.0 -9999.0 -9999.0 -9999.0 -9999.0 -9999.0 -9999.0 -9999.0 -9999.0 -9999.0 -9999.0 -9999.0
-9999.0 -9999.0 -9999.0 -9999.0 -9999.0 -9999.0 -9999.0 -9999.0 -9999.0 -9999.0 -9999.0 -9999.0 -9999.0 7.045958 7.678689 7.259097 8.696963 17.053200 7.164011 9.626206 9.587176 10.087695 11.264765 13.084703 6.146465 7.937006 2.820861 2.782746 2.497091 4.974336 5.647022 6.698210 6.185271 4.488313 4.190093 -0.006140 -9999.0 -9999.0 -9999.0 -9999.0 -9999.0 -9999.0 -9999.0 -9999.0 -9999.0 -9999.0 -9999.0 -9999.0 -9999.0 -9999.0 -9999.0 -9999.0 -9999.0 -9999.0 -9999.0 -9999.0 -9999.0 -9999.0 -9999.0 -9999.0 -9999.0 -9999.0 -9999.0
-9999.0 -9999.0 -9999.0 -9999.0 -9999.0 -9999.0 -9999.0 -9999.0 -9999.0 -9999.0 -9999.0 -9999.0 -9999.0 7.646507 8.799212 7.408804 7.265623 14.509414 17.186078 11.484426 9.035428 12.072925 7.923063 7.071134 8.922635 6.848949 7.199949 6.061552 4.922678 1.851342 2.580189 4.630105 3.154094 0.457734 1.213587 -9999.0 -9999.0 -9999.0 -9999.0 -9999.0 -9999.0 -9999.0 -9999.0 -9999.0 -9999.0 -9999.0 -9999.0 -9999.0 -9999.0 -9999.0 -9999.0 -9999.0 -9999.0 -9999.0 -9999.0 -9999.0 -9999.0 -9999.0 -9999.0 -9999.0 -9999.0 -9999.0 -9999.0
-9999.0 -9999.0 -9999.0 -9999.0 -9999.0 -9999.0 -9999.0 -9999.0 -9999.0 -9999.0 -9999.0 -9999.0 -9999.0 7.293603 9.971621 8.785546 6.197120 7.847064 16.933612 7.905302 11.874438 7.738972 5.733672 5.461665 8.191554 2.704453 7.062060 4.384621 5.610714 1.443426 4.727430 -0.734112 -0.926078 -0.079018 -0.923983 -9999.0 -9999.0 -9999.0 -9999.0 -9999.0 -9999.0 -9999.0 -9999.0 -9999.0 -9999.0 -9999.0 -9999.0 -9999.0 -9999.0 -9999.0 -9999.0 -9999.0 -9999.0 -9999.0 -9999.0 -9999.0 -9999.0 -9999.0 -9999.0 -9999.0 -9999.0 -9999.0 -9999.0
-9999.0 -9999.0 -9999.0 -9999.0 -9999.0 -9999.0 -9999.0 -9999.0 -9999.0 -9999.0 -9999.0 -9999.0 3.635312 9.447543 8.395540 5.498399 4.010564 6.851045 14.809679 9.218113 9.095655 3.102596 2.395517 3.472914 6.327704 6.183914 2.683194 5.847989 6.944333 4.105424 -0.847982 4.406599 4.825024 0.337982 -9999.0 -9999.0 -9999.0 -9999.0 -9999.0 -9999.0 -9999.0 -9999.0 -9999.0 -9999.0 -9999.0 -9999.0 -9999.0 -9999.0 -9999.0 -9999.0 -9999.0 -9999.0 -9999.0 -9999.0 -9999.0 -9999.0 -9999.0 -9999.0 -9999.0 -9999.0 -9999.0 -9999.0 -9999.0
-9999.0 -9999.0 -9999.0 -9999.0 -9999.0 -9999.0 -9999.0 -9999.0 -9999.0 -9999.0 -9999.0 7.062490 3.598453 5.972075 3.541019 6.398605 2.346477 6.007543 14.546606 8.932836 7.103031 8.313373 7.384299 6.522045 2.052739 6.801790 4.010272 6.674317 6.948387 0.847180 4.388210 6.571742 4.869828 3.381324 3.833534 4.933174 7.268489 9.045518 9.153912 -9999.0 -9999.0 -9999.0 3.318684 -9999.0 -9999.0 -9999.0 -9999.0 -9999.0 -9999.0 -9999.0 -9999.0 -9999.0 -9999.0 -9999.0 -9999.0 -9999.0 -9999.0 -9999.0 -9999.0 -9999.0 -9999.0 -9999.0 -9999.0
-9999.0 -9999.0 -9999.0 -9999.0 -9999.0 -9999.0 -9999.0 -9999.0 -9999.0 -9999.0 -9999.0 6.714770 3.064205 5.742090 4.622856 4.327912 5.638564 7.482641 14.508473 13.074972 12.203560 9.196024 7.767139 1.989872 2.053729 6.711653 6.549400 7.072040 6.660027 3.812961 6.307359 6.915160 5.729324 4.664930 5.116814 7.386978 9.445678 11.145966 10.045689 7.593811 6.402868 4.623097 5.951363 4.832861 -9999.0 -9999.0 -9999.0 0.015543 3.526021 4.660557 5.616429 3.918662 3.409905 3.786772 3.772970 -0.000304 -9999.0 -9999.0 -9999.0 -9999.0 -9999.0 -9999.0 -9999.0
-9999.0 -9999.0 -9999.0 -9999.0 -9999.0 -9999.0 -9999.0 -9999.0 -9999.0 -9999.0 -9999.0 6.781930 5.563740 1.550497 6.958301 6.039292 2.339437 4.957617 12.495058 13.387881 3.141855 6.738768 2.637619 7.451543 6.396462 6.574831 1.745107 4.671815 6.099736 4.716396 5.313773 2.891188 7.587247 5.311448 5.451734 8.416036 5.203308 7.833560 14.020387 8.388326 9.573623 7.106548 7.998196 7.137323 5.527489 -9999.0 -0.004709 4.838605 6.570288 7.371658 7.497367 7.420823 7.354181 7.084479 6.980801 6.335387 -9999.0 -9999.0 -9999.0 -9999.0 -9999.0 -9999.0 -9999.0
-9999.0 -9999.0 -9999.0 -9999.0 -9999.0 -9999.0 -9999.0 -9999.0 -9999.0 -9999.0 -9999.0 -9999.0 6.504443 0.903548 6.735696 6.737751 2.181198 5.437422 14.091565 13.694121 7.417217 7.573896 7.180144 3.018882 1.961396 2.177328 10.347733 6.810435 6.482259 5.674027 6.588872 2.962708 7.647259 6.273894 5.197305 7.750883 4.492079 8.321767 17.060186 10.675323 10.772211 9.641916 5.289199 8.514058 5.941174 5.018403 4.075667 4.916559 1.884624 5.266221 6.872005 4.629816 5.630425 1.306167 1.787894 5.929148 6.463722 -9999.0 -9999.0 -9999.0 -9999.0 -9999.0 -9999.0
-9999.0 -9999.0 -9999.0 -9999.0 -9999.0 -9999.0 -9999.0 -9999.0 -9999.0 -9999.0 -9999.0 0.934250 4.952670 6.633884 2.068892 2.068475 5.735130 5.332024 13.895772 8.163681 8.093826 7.051054 7.545653 2.483431 2.481748 7.150390 1.445639 6.186168 6.663322 7.025797 1.346687 5.132245 7.554243 6.019632 4.111210 7.099145 8.299525 6.989858 2.939489 14.122187 6.700263 8.354123 7.733399 6.158213 8.523010 6.444115 6.884502 6.909881 7.262494 6.949627 1.227823 6.045648 0.739901 0.625685 0.343421 -0.041627 6.069272 -9999.0 -9999.0 -9999.0 -9999.0 -9999.0 -9999.0
-9999.0 -9999.0 -9999.0 -9999.0 -9999.0 -9999.0 -9999.0 -9999.0 -9999.0 -9999.0 8.054718 2.850271 7.257718 7.144117 7.603397 6.250473 6.013221 5.328943 8.436765 8.868275 13.955593 12.591182 5.579615 10.650098 8.173217 6.945752 2.334969 2.102035 7.470676 7.778729 6.378709 5.521590 7.030563 5.648899 3.061029 5.512163 8.510585 3.852310 4.206411 8.141628 8.666296 9.513909 15.393364 2.988625 6.286780 7.135307 7.112560 5.276405 6.417672 7.372785 2.202921 3.890741 0.207598 -0.157491 0.475986 7.174281 7.361992 -9999.0 -9999.0 -9999.0 -9999.0 -9999.0 -9999.0
-9999.0 -9999.0 -9999.0 -9999.0 -9999.0 -9999.0 -9999.0 -9999.0 -9999.0 6.234005 7.339854 1.922604 5.963761 2.629063 2.570813 2.141942 2.030725 11.168564 8.892988 9.408952 14.503091 7.769610 7.655850 9.523316 8.379150 1.528280 2.213035 8.273208 7.211787 7.927086 8.233161 0.767283 5.395417 1.947873 4.221611 5.671858 6.609939 2.960282 3.590883 5.780764 5.933112 1.177277 4.759896 7.725797 7.242681 6.567386 10.552973 5.778326 5.491179 8.270350 1.459003 6.201356 -0.036531 -0.000666 4.832817 2.345330 2.284831 7.229351 3.618377 -9999.0 -9999.0 -9999.0 -9999.0
-9999.0 -9999.0 -9999.0 -9999.0 -9999.0 -9999.0 -9999.0 -9999.0 -9999.0 6.442407 6.345316 7.122381 11.193588 7.170771 2.432151 2.771484 9.266879 8.400872 9.838339 15.677945 15.571929 15.301674 13.246376 11.852823 5.544487 2.503495 1.468347 8.477212 9.565813 11.365385 9.751617 1.545360 6.765989 5.705533 6.507860 6.307191 6.789039 7.480916 7.306702 7.119171 1.080034 2.093647 5.002861 7.874576 5.433376 9.737275 9.601359 8.850679 8.127038 8.446742 2.095769 1.161695 1.823299 2.507333 5.701102 0.345835 1.958221 5.590319 7.865652 -9999.0 -9999.0 -9999.0 -9999.0
-9999.0 -9999.0 -9999.0 -9999.0 -9999.0 -9999.0 -9999.0 -9999.0 -9999.0 -9999.0 6.457478 7.314922 5.981583 2.965101 8.003558 1.297664 7.722553 9.864157 10.829663 12.165380 15.015394 9.212146 7.210265 6.315403 2.322787 8.573753 9.875345 10.395093 10.489844 1.866280 2.200072 1.485654 0.492509 5.577989 7.102170 7.599651 9.474163 8.822443 6.520821 5.954443 4.928685 7.907689 9.679762 5.302861 5.290024 6.255007 7.059531 12.829748 10.686865 8.328707 4.212637 1.409840 4.811415 2.649212 0.139178 6.227546 8.160664 9.004753 9.392389 9.772845 -9999.0 -9999.0 -9999.0
-9999.0 -9999.0 -9999.0 -9999.0 -9999.0 -9999.0 -9999.0 -9999.0 -9999.0 -9999.0 6.508232 7.157174 7.816509 6.722161 13.247709 7.548801 7.442132 9.195574 11.474218 12.751927 10.024960 8.465818 7.116062 7.755090 8.440428 10.578246 11.398222 7.911939 0.931420 0.631389 6.567668 7.391031 2.050335 4.869722 6.110003 7.209919 5.771643 5.413166 2.359376 5.582253 6.390251 7.177283 1.045469 6.896085 8.163774 4.420385 6.573363 6.277140 8.836051 10.949148 8.914870 5.403455 2.430392 4.049101 1.884603 2.077171 6.509895 7.902901 10.312836 11.930345 -9999.0 -9999.0 -9999.0
-9999.0 -9999.0 -9999.0 -9999.0 -9999.0 -9999.0 -9999.0 -9999.0 7.927676 7.372750 6.658236 7.378326 0.890381 0.912059 6.041331 8.240414 9.683491 16.035465 13.236692 13.304387 11.561348 10.538358 9.630970 8.062338 9.842522 10.699748 13.264936 6.230142 2.196885 1.997695 3.074025 6.624478 6.883390 5.547387 6.650078 5.349779 8.265036 6.054771 1.447635 5.292553 5.943411 7.095772 1.839426 4.847035 7.537722 9.707832 2.140279 5.820099 7.025837 10.414452 9.678957 0.891396 2.393327 1.970389 2.656295 8.187348 8.155652 12.086781 10.971252 12.281793 -9999.0 -9999.0 -9999.0
-9999.0 -9999.0 -9999.0 -9999.0 -9999.0 -9999.0 -9999.0 -9999.0 1.281808 1.624206 2.219282 6.621469 7.194951 6.571336 0.947963 7.808284 9.035176 9.457454 11.943785 13.845417 19.505586 17.460646 15.983547 14.986807 10.369967 11.015376 8.946064 7.782737 2.209687 7.186283 6.307794 6.639178 7.221768 6.198628 7.231246 7.452587 10.149484 6.955853 2.297752 6.738050 4.988643 0.837037 5.236305 7.175075 8.860777 2.264782 1.899997 7.299772 7.189071 9.475871 11.861783 9.278798 4.995090 8.507922 10.842451 9.047918 9.078954 10.350751 12.913610 15.010093 15.625553 -9999.0 -9999.0
-9999.0 -9999.0 -9999.0 -9999.0 -9999.0 -9999.0 -9999.0 -9999.0 6.854548 9.483762 7.359042 2.233560 8.387439 2.116989 6.705255 6.095006 8.514608 11.333641 12.205384 19.252189 14.378708 18.114632 17.722613 13.265950 16.812019 10.533663 8.676269 5.776842 2.132601 7.500545 7.067477 8.088623 2.098138 2.034552 7.804724 8.835955 1.753869 7.172378 2.338796 1.814843 5.999947 5.231527 7.009168 7.476981 2.441074 7.565554 6.110316 7.924117 1.712892 8.284299 11.472525 11.234399 1.020651 7.257495 10.933042 11.582588 12.570270 13.398447 15.038011 15.230172 15.253725 -9999.0 -9999.0
-9999.0 -9999.0 -9999.0 -9999.0 -9999.0 -9999.0 -9999.0 -9999.0 5.749968 7.711116 7.097541 2.482441 8.579275 0.998281 7.328473 8.833612 11.421447 12.294617 14.866730 12.369642 13.963094 14.454848 18.554121 18.258006 11.089448 9.144577 7.222261 1.512134 8.884832 7.190565 2.159641 1.577709 7.484622 7.544089 2.528666 8.278125 9.004930 8.136588 1.108931 2.587293 6.099905 7.149656 7.389962 7.375207 7.463138 7.273966 7.804771 7.977099 8.255030 1.225593 9.815395 12.544109 12.554266 11.611996 13.553369 13.995274 14.746835 13.508405 14.317452 15.145979 13.951416 11.057890 -9999.0
-9999.0 -9999.0 -9999.0 -9999.0 -9999.0 -9999.0 -9999.0 -9999.0 6.276107 7.877607 7.959582 6.564907 7.730960 8.386860 13.446892 12.208638 14.131693 10.242135 8.875900 10.252605 11.869728 14.296943 14.685900 14.785907 16.547110 8.613356 6.395997 8.562969 9.382411 8.966086 0.812729 8.253637 9.427855 8.326952 1.722792 1.921126 8.429128 9.417931 8.531347 7.822924 2.249230 1.783068 7.275431 0.865289 2.828319 8.401218 1.170010 8.253761 8.278745 10.776510 12.793578 12.556451 13.537948 15.090535 15.208945 15.049981 15.507878 15.326217 14.945700 14.090231 11.824714 9.987373 -9999.0
-9999.0 -9999.0 7.355455 7.957904 2.300799 2.526934 1.781282 2.414355 7.630575 7.766787 7.471607 7.086724 8.801295 11.133874 16.099054 11.217607 8.481233 6.509409 7.514075 8.701286 10.526832 12.817254 14.168760 13.598842 13.006424 10.187812 8.648555 8.632302 9.933326 13.579175 7.243797 7.356792 12.998286 8.254011 10.208697 8.550361 11.426034 10.849318 9.513445 7.505006 9.304952 9.427819 8.003628 9.368085 6.178603 8.134668 9.901226 8.856314 11.804591 13.424449 14.859202 15.249260 15.512713 15.669439 15.635554 20.229758 14.588487 14.460943 13.311395 11.451929 13.993720 8.862765 -9999.0
-9999.0 1.651201 1.246774 1.494899 2.522188 6.635490 1.259714 2.234149 2.145048 7.360710 1.444216 7.655606 9.794174 14.615042 15.055351 8.325317 7.566650 2.086009 7.059124 8.830789 10.913273 12.423994 15.834564 12.990717 18.383756 13.451512 16.535698 16.472793 12.773122 11.601449 11.303464 10.807633 11.115726 15.813419 12.480179 13.020048 13.934845 12.908364 13.602003 12.634026 12.337439 12.309169 11.617465 9.483846 8.909189 9.672022 11.814635 12.307785 14.483251 13.684336 14.647119 14.712873 14.295196 14.120639 14.128664 13.693322 11.521306 11.259602 11.625878 13.066739 8.492042 8.340609 -9999.0
-9999.0 10.711726 7.681795 7.835860 11.998588 7.642206 1.936743 2.242939 7.692994 7.416788 2.097957 7.454297 10.098814 15.291188 9.088223 6.482015 2.195738 2.349623 8.717498 8.807112 13.760518 11.648398 12.661021 13.674039 19.358372 20.095675 13.406810 14.390283 13.775337 12.820678 12.704895 12.070171 12.920168 12.959097 17.232085 14.408891 20.634199 21.447880 15.820747 15.371540 14.918848 14.368826 13.694694 12.229095 12.728647 13.062906 14.232307 14.525559 14.167576 14.231141 13.362951 11.644140 11.555939 12.217148 11.731056 10.157177 10.072280 8.915998 8.433212 7.522702 7.346321 -9999.0 -9999.0
