user2019/resources/simulation/Vinschgau/output-maps/TsL0006N1231.asc
ncols         63
nrows         48
xllcorner     598000.000000
yllcorner     5145000.000000
cellsize      1000.000000
NODATA_value  -9999.0
[rows 0 to 27 of 48, columns 0 to 62 of 63]
-9999.0 -9999.0 -9999.0 -9999.0 -9999.0 -9999.0 -9999.0 -9999.0 -9999.0 -9999.0 -9999.0 -9999.0 -9999.0 -9999.0 -9999.0 -9999.0 -9999.0 -9999.0 -9999.0 -9999.0 -9999.0 -9999.0 -9999.0 -9999.0 -9999.0 -9999.0 -9999.0 -9999.0 -9999.0 -9999.0 -9999.0 -9999.0 -9999.0 -9999.0 -9999.0 -9999.0 -9999.0 -9999.0 -9999.0 -9999.0 -9999.0 -9999.0 -9999.0 -9999.0 -9999.0 -9999.0 -9999.0 -9999.0 -9999.0 -9999.0 -9999.0 -9999.0 -9999.0 -9999.0 -9999.0 -9999.0 -9999.0 -9999.0 -9999.0 -9999.0 -9999.0 -9999.0 -9999.0
-9999.0 -9999.0 -9999.0 -9999.0 -9999.0 -9999.0 -9999.0 -9999.0 -9999.0 -9999.0 -9999.0 -9999.0 -9999.0 -9999.0 -9999.0 -9999.0 -9999.0 -9999.0 -9999.0 -9999.0 -9999.0 -9999.0 -9999.0 -9999.0 -9999.0 -9999.0 -9999.0 3.112944 1.650767 3.609150 0.861935 0.802282 -0.029126 -9999.0 -9999.0 -9999.0 -9999.0 -9999.0 -9999.0 -9999.0 -9999.0 -9999.0 -9999.0 -9999.0 -9999.0 -9999.0 -9999.0 -9999.0 -9999.0 -9999.0 -9999.0 -9999.0 -9999.0 -9999.0 -9999.0 -9999.0 -9999.0 -9999.0 -9999.0 -9999.0 -9999.0 -9999.0 -9999.0
-9999.0 -9999.0 -9999.0 -9999.0 -9999.0 -9999.0 -9999.0 -9999.0 -9999.0 -9999.0 -9999.0 -9999.0 -9999.0 -9999.0 -9999.0 -9999.0 -9999.0 -9999.0 -9999.0 -9999.0 -9999.0 -9999.0 -9999.0 -9999.0 1.999791 2.096629 2.244882 1.977637 2.234001 2.096588 0.765284 -9999.0 -9999.0 -9999.0 -9999.0 -9999.0 -9999.0 -9999.0 -9999.0 -9999.0 -9999.0 -9999.0 -9999.0 -9999.0 -9999.0 -9999.0 -9999.0 -9999.0 -9999.0 -9999.0 -9999.0 -9999.0 -9999.0 -9999.0 -9999.0 -9999.0 -9999.0 -9999.0 -9999.0 -9999.0 -9999.0 -9999.0 -9999.0
-9999.0 -9999.0 -9999.0 -9999.0 -9999.0 -9999.0 -9999.0 -9999.0 -9999.0 -9999.0 -9999.0 -9999.0 -9999.0 -9999.0 -9999.0 -9999.0 -9999.0 -9999.0 -9999.0 -9999.0 -9999.0 -9999.0 -9999.0 2.157120 2.949103 4.175260 4.427390 4.515934 4.734987 2.950313 0.771120 -0.000569 -9999.0 -9999.0 -9999.0 -9999.0 -9999.0 -9999.0 -9999.0 -9999.0 -9999.0 -9999.0 -9999.0 -9999.0 -9999.0 -9999.0 -9999.0 -9999.0 -9999.0 -9999.0 -9999.0 -9999.0 -9999.0 -9999.0 -9999.0 -9999.0 -9999.0 -9999.0 -9999.0 -9999.0 -9999.0 -9999.0 -9999.0
-9999.0 -9999.0 -9999.0 -9999.0 -9999.0 -9999.0 -9999.0 -9999.0 -9999.0 -9999.0 -9999.0 -9999.0 -9999.0 -9999.0 -9999.0 -9999.0 -9999.0 -9999.0 7.567869 3.533078 -9999.0 2.361219 3.240519 4.091996 4.013426 4.787793 5.174797 5.571546 2.941534 1.476286 2.030016 0.828202 1.395911 1.733977 -9999.0 -9999.0 -9999.0 -9999.0 -9999.0 -9999.0 -9999.0 -9999.0 -9999.0 -9999.0 -9999.0 -9999.0 -9999.0 -9999.0 -9999.0 -9999.0 -9999.0 -9999.0 -9999.0 -9999.0 -9999.0 -9999.0 -9999.0 -9999.0 -9999.0 -9999.0 -9999.0 -9999.0 -9999.0
-9999.0 -9999.0 -9999.0 -9999.0 -9999.0 -9999.0 -9999.0 -9999.0 -9999.0 -9999.0 -9999.0 -9999.0 -9999.0 -9999.0 -9999.0 -9999.0 -9999.0 5.515897 4.167113 5.070126 6.015898 -0.003236 1.910848 3.941913 6.140017 0.283327 -0.047836 1.231010 -0.034351 2.707845 3.984531 2.171394 4.027478 2.863151 1.381791 1.615135 -9999.0 -9999.0 -9999.0 -9999.0 -9999.0 -9999.0 -9999.0 -9999.0 -9999.0 -9999.0 -9999.0 -9999.0 -9999.0 -9999.0 -9999.0 -9999.0 -9999.0 -9999.0 -9999.0 -9999.0 -9999.0 -9999.0 -9999.0 -9999.0 -9999.0 -9999.0 -9999.0
-9999.0 -9999.0 -9999.0 -9999.0 -9999.0 -9999.0 -9999.0 -9999.0 -9999.0 -9999.0 -9999.0 -9999.0 -9999.0 6.162828 3.704546 3.904417 5.235449 12.867488 5.292482 4.548200 4.315073 3.892404 4.711840 6.285158 -0.004113 3.438363 0.183548 -0.048369 -0.042037 -0.007412 -0.154112 2.419046 1.767736 0.879646 1.604133 1.610372 -9999.0 -9999.0 -9999.0 -9999.0 -9999.0 -9999.0 -9999.0 -9999.0 -9999.0 -9999.0 -9999.0 -9999.0 -9999.0 -9999.0 -9999.0 -9999.0 -9999.0 -9999.0 -9999.0 -9999.0 -9999.0 -9999.0 -9999.0 -9999.0 -9999.0 -9999.0 -9999.0
-9999.0 -9999.0 -9999.0 -9999.0 -9999.0 -9999.0 -9999.0 -9999.0 -9999.0 -9999.0 -9999.0 -9999.0 -9999.0 7.021584 5.481486 4.609733 4.404573 12.242575 12.964108 6.529317 4.524281 8.300535 3.153071 1.793550 2.757138 0.943371 1.661759 3.573917 2.129711 -0.055427 -0.129507 1.342678 1.461283 1.217974 1.344871 -9999.0 -9999.0 -9999.0 -9999.0 -9999.0 -9999.0 -9999.0 -9999.0 -9999.0 -9999.0 -9999.0 -9999.0 -9999.0 -9999.0 -9999.0 -9999.0 -9999.0 -9999.0 -9999.0 -9999.0 -9999.0 -9999.0 -9999.0 -9999.0 -9999.0 -9999.0 -9999.0 -9999.0
-9999.0 -9999.0 -9999.0 -9999.0 -9999.0 -9999.0 -9999.0 -9999.0 -9999.0 -9999.0 -9999.0 -9999.0 -9999.0 5.653108 5.873278 6.890211 4.295613 5.016366 13.383593 5.361038 9.839645 4.078731 0.287912 -0.006380 3.117362 2.250663 4.623832 1.670214 0.591053 1.306340 0.716197 -0.008842 1.306527 -4.592534 1.673331 -9999.0 -9999.0 -9999.0 -9999.0 -9999.0 -9999.0 -9999.0 -9999.0 -9999.0 -9999.0 -9999.0 -9999.0 -9999.0 -9999.0 -9999.0 -9999.0 -9999.0 -9999.0 -9999.0 -9999.0 -9999.0 -9999.0 -9999.0 -9999.0 -9999.0 -9999.0 -9999.0 -9999.0
-9999.0 -9999.0 -9999.0 -9999.0 -9999.0 -9999.0 -9999.0 -9999.0 -9999.0 -9999.0 -9999.0 -9999.0 4.480772 5.411310 6.575166 4.999633 2.930862 4.570752 13.179826 6.969885 4.763011 -0.004494 0.778818 -0.020602 -0.199306 1.649383 -1.432035 0.727743 1.065300 1.418298 -0.042816 1.381348 -0.001709 1.764657 -9999.0 -9999.0 -9999.0 -9999.0 -9999.0 -9999.0 -9999.0 -9999.0 -9999.0 -9999.0 -9999.0 -9999.0 -9999.0 -9999.0 -9999.0 -9999.0 -9999.0 -9999.0 -9999.0 -9999.0 -9999.0 -9999.0 -9999.0 -9999.0 -9999.0 -9999.0 -9999.0 -9999.0 -9999.0
-9999.0 -9999.0 -9999.0 -9999.0 -9999.0 -9999.0 -9999.0 -9999.0 -9999.0 -9999.0 -9999.0 6.231082 5.994430 3.128334 6.138795 9.144691 6.251690 4.920315 12.764636 8.454491 3.221580 3.684797 3.901803 1.900868 1.079824 1.930474 0.653116 1.552784 -0.010174 1.501918 1.510099 1.747323 1.731441 1.606210 1.475168 2.355651 1.097449 1.545031 1.662095 -9999.0 -9999.0 -9999.0 1.574695 -9999.0 -9999.0 -9999.0 -9999.0 -9999.0 -9999.0 -9999.0 -9999.0 -9999.0 -9999.0 -9999.0 -9999.0 -9999.0 -9999.0 -9999.0 -9999.0 -9999.0 -9999.0 -9999.0 -9999.0
-9999.0 -9999.0 -9999.0 -9999.0 -9999.0 -9999.0 -9999.0 -9999.0 -9999.0 -9999.0 -9999.0 5.692566 5.582913 7.337417 7.128331 8.502533 8.236627 5.359456 12.991507 9.810427 9.642173 5.935857 2.552442 -0.573225 -0.395413 1.639183 1.389050 1.921550 3.729670 1.652276 1.278117 2.059774 -0.000519 -0.003112 -0.001218 1.496980 2.746928 3.519337 1.664836 1.515236 1.614686 1.706911 0.815727 1.474454 -9999.0 -9999.0 -9999.0 -0.032069 -0.020955 1.001572 -0.021067 0.649060 0.750117 -0.049196 -0.052599 0.777177 -9999.0 -9999.0 -9999.0 -9999.0 -9999.0 -9999.0 -9999.0
-9999.0 -9999.0 -9999.0 -9999.0 -9999.0 -9999.0 -9999.0 -9999.0 -9999.0 -9999.0 -9999.0 5.340628 6.065374 1.825436 8.490593 9.227896 3.497763 4.232275 11.204686 9.722625 2.613148 0.664240 -0.122343 1.980009 1.639428 3.226590 -0.266275 -1.940829 2.665439 -0.000832 2.024067 -0.348530 1.896921 -0.002682 1.422790 2.010105 -0.351657 -0.664794 4.310542 2.135929 1.665729 1.068469 1.918826 1.532629 -0.017111 -9999.0 1.622527 -0.018376 0.785141 1.719078 1.847633 3.778466 1.483419 0.699784 0.683110 -0.005987 -9999.0 -9999.0 -9999.0 -9999.0 -9999.0 -9999.0 -9999.0
-9999.0 -9999.0 -9999.0 -9999.0 -9999.0 -9999.0 -9999.0 -9999.0 -9999.0 -9999.0 -9999.0 -9999.0 5.876359 -0.021551 7.183008 7.602775 1.133680 3.254917 12.173175 9.505954 2.512720 1.277530 -0.054091 -0.494308 -0.914863 -0.263215 2.001089 2.327875 0.817626 1.548264 1.174887 -0.387960 2.548946 0.717592 -0.000800 1.707201 -0.248873 -0.771846 5.584098 3.324725 3.911873 4.412974 -0.665586 2.232576 1.514297 -0.017588 1.235626 -0.008920 -0.916206 -0.314979 -0.022126 -1.293925 -2.162930 -1.512113 -0.915717 -0.003375 -0.010185 -9999.0 -9999.0 -9999.0 -9999.0 -9999.0 -9999.0
-9999.0 -9999.0 -9999.0 -9999.0 -9999.0 -9999.0 -9999.0 -9999.0 -9999.0 -9999.0 -9999.0 -0.126841 3.582870 7.083598 -0.027223 1.186556 2.433686 2.555066 11.508559 4.463058 2.785229 0.829679 -0.014723 -0.160281 -0.225207 -0.860289 -0.265325 0.750243 0.685018 3.455509 -0.248127 -0.703688 2.903000 0.741253 -0.001605 1.480478 1.647006 -0.045224 0.801744 5.468218 -0.044131 -0.015589 -0.047897 0.218723 3.726710 0.759606 1.606970 3.348393 4.059696 -0.016267 -1.405608 0.778965 -1.651270 -4.313163 -4.873456 -3.568572 1.208725 -9999.0 -9999.0 -9999.0 -9999.0 -9999.0 -9999.0
-9999.0 -9999.0 -9999.0 -9999.0 -9999.0 -9999.0 -9999.0 -9999.0 -9999.0 -9999.0 2.166580 -0.075048 3.098766 3.936551 5.655248 -0.008287 -0.011150 -0.004844 3.632033 4.105927 7.340719 5.333728 -0.184476 4.315194 -0.017799 -0.487485 -0.346511 -2.236534 2.651447 3.095263 -0.327532 -0.854317 2.638505 0.713810 1.795208 2.130736 2.687506 -0.218441 -0.365023 1.131749 1.260887 2.360060 8.039508 1.069946 -0.021076 3.502164 1.754637 -0.183794 -0.217260 -0.006698 -2.603569 1.045236 -5.299723 -4.897186 -0.054835 0.679461 0.720519 -9999.0 -9999.0 -9999.0 -9999.0 -9999.0 -9999.0
-9999.0 -9999.0 -9999.0 -9999.0 -9999.0 -9999.0 -9999.0 -9999.0 -9999.0 1.740200 2.340836 -0.039313 -0.032982 -0.057524 -0.092208 -0.050484 -0.022321 6.340413 3.555162 4.152601 7.783728 0.969182 0.345029 1.566313 0.697714 -0.976922 -0.965382 3.195884 -0.041321 -0.023293 0.793419 -1.176212 2.538100 1.574192 1.697964 1.999825 2.067823 -0.292985 -0.213737 -0.074356 -0.661832 -0.231924 -0.143917 1.653522 1.177509 -0.026609 4.864773 -0.081641 -0.076073 0.843046 -0.507901 1.203467 -4.761352 -0.023376 0.288013 -3.852394 -3.186244 1.478647 0.644132 -9999.0 -9999.0 -9999.0 -9999.0
-9999.0 -9999.0 -9999.0 -9999.0 -9999.0 -9999.0 -9999.0 -9999.0 -9999.0 1.684340 1.652726 3.446170 4.442417 -0.005206 -0.024890 -0.060773 4.875776 1.602766 4.124827 8.964024 8.485723 8.221071 5.723316 3.984215 -0.579528 -0.230751 -0.073837 -0.010376 1.398393 4.044493 3.327769 -1.556679 1.654825 -0.001139 0.815110 1.968655 2.977650 4.305805 1.626932 3.326702 -0.336443 -0.306393 -0.042417 1.679904 2.767561 3.033282 2.704768 1.369110 -0.021134 1.052630 -2.442804 -3.392309 -0.097298 -0.227924 1.122983 -4.694170 -2.933351 -0.536234 2.733338 -9999.0 -9999.0 -9999.0 -9999.0
-9999.0 -9999.0 -9999.0 -9999.0 -9999.0 -9999.0 -9999.0 -9999.0 -9999.0 -9999.0 1.275860 2.856929 -0.030868 -0.313692 -0.006178 -0.021979 -0.005629 2.775293 4.905164 5.923214 8.567881 2.792045 -0.003817 -0.160409 -0.160483 -0.021757 0.981112 1.919954 3.287065 -1.119902 -1.455441 -1.779511 -1.679315 0.676661 1.890907 2.726634 2.362249 2.461440 2.995146 1.535626 1.261545 2.331172 2.962735 -0.024728 -0.002897 -0.003982 1.756685 5.990187 4.229464 1.058821 -1.406011 -1.387226 -0.008348 -0.149856 -0.267303 -0.020746 1.071714 -0.507578 -0.142821 -0.013130 -9999.0 -9999.0 -9999.0
-9999.0 -9999.0 -9999.0 -9999.0 -9999.0 -9999.0 -9999.0 -9999.0 -9999.0 -9999.0 0.779021 1.789504 2.268272 -0.020087 4.866758 0.164397 -0.005503 2.658338 5.331597 6.703446 3.459440 1.587746 -0.004101 -0.031437 -0.016638 1.467295 2.590833 -0.003424 -0.807301 -1.419267 1.472604 2.089520 -1.685001 -0.000606 1.524906 2.622538 -0.384285 -0.075625 -1.646132 0.722438 1.623943 5.531572 -0.149836 2.883832 2.718508 -0.165283 -0.006299 -0.002812 3.105862 3.105551 0.516638 -0.560841 -2.170249 0.372558 -0.372418 -0.129383 -0.021335 -0.085386 1.011384 2.728822 -9999.0 -9999.0 -9999.0
-9999.0 -9999.0 -9999.0 -9999.0 -9999.0 -9999.0 -9999.0 -9999.0 1.592959 0.842822 0.626667 1.321827 -1.687329 -0.053388 -0.039600 1.645149 2.973566 9.003506 6.910243 7.121907 5.183915 4.108439 3.235660 1.535360 1.329976 1.954061 5.009698 -0.424362 -1.486594 -1.349130 1.202540 1.494170 1.517683 0.617040 1.671530 1.661304 5.018831 -0.066213 -2.047938 2.237552 3.659494 2.335408 -1.351350 2.791880 4.748520 2.195805 -1.873155 -0.047538 -0.002330 3.145123 1.226180 -1.279916 -1.510026 -3.858154 -0.065630 -0.000419 1.448413 2.616392 1.487182 4.475525 -9999.0 -9999.0 -9999.0
-9999.0 -9999.0 -9999.0 -9999.0 -9999.0 -9999.0 -9999.0 -9999.0 -2.004401 -0.728384 -1.572985 0.675040 1.649848 -1.117992 -0.441321 -0.004420 1.974074 2.557670 5.543229 7.659296 12.742929 11.410325 11.126038 10.142635 3.438451 3.401963 0.871754 -0.066262 -1.802171 0.711982 -0.001788 2.682177 1.766758 3.057775 1.980960 2.212527 6.118840 -0.002102 -0.045849 2.071233 1.519454 0.756693 3.259974 2.437845 1.888786 -0.218747 -1.715712 1.850954 -0.039899 1.489928 2.612097 -0.024959 -4.256051 -0.019131 1.399620 -1.652851 -0.103598 -0.019300 3.425594 6.344247 7.488131 -9999.0 -9999.0
-9999.0 -9999.0 -9999.0 -9999.0 -9999.0 -9999.0 -9999.0 -9999.0 1.478203 1.448364 0.558525 -1.670896 1.259718 -1.195040 -0.079999 -0.396693 0.293343 4.020842 5.481251 12.369285 8.112675 11.580432 11.764347 6.775209 9.101698 3.282129 0.399536 -0.758205 -2.077076 1.496479 3.246225 2.323884 -0.485913 -0.236696 2.545094 5.597009 -0.011643 1.749618 -0.034463 -0.186523 2.006553 3.682290 2.052636 1.039605 -0.301319 1.999717 2.001972 1.016957 -0.693367 -0.002132 2.619471 1.057749 -3.173620 -4.112994 -0.045968 -0.036011 1.790995 3.246040 6.261463 6.594806 7.105507 -9999.0 -9999.0
-9999.0 -9999.0 -9999.0 -9999.0 -9999.0 -9999.0 -9999.0 -9999.0 1.123663 1.911592 -0.067131 -2.160036 1.378179 -0.232827 -0.258169 0.246409 4.015380 5.273581 8.989519 5.741843 7.544807 7.935564 11.038511 10.265365 3.683446 1.065952 -0.008857 -1.501649 2.225256 -0.241468 -0.078806 -0.077727 0.303421 -0.035648 -0.027008 4.832235 7.182817 4.140633 0.763341 -0.023975 3.324038 3.492154 3.355166 4.699259 1.144220 3.630031 2.791952 4.054540 1.556143 -0.112216 -0.003050 2.328940 1.159463 -0.042932 1.411667 2.346901 4.059873 4.883196 5.778588 6.835471 5.835707 2.767364 -9999.0
-9999.0 -9999.0 -9999.0 -9999.0 -9999.0 -9999.0 -9999.0 -9999.0 -0.040657 1.158661 -1.244567 -1.118238 -0.375938 -0.127498 4.048287 3.083577 6.345806 2.468342 0.868650 2.940033 4.815634 7.316214 7.546918 7.239533 8.366620 0.244111 -0.612393 -0.016586 -0.002546 -0.021899 -0.106193 0.995881 2.954452 1.947978 1.163676 2.271172 4.330095 6.133410 5.497707 2.911632 1.426048 1.172026 1.417900 0.353213 -0.093452 3.942291 -0.038354 -0.076253 -0.038949 0.883416 2.272723 1.782227 2.013226 2.531311 3.165137 3.555594 4.230630 5.199391 6.047908 6.199034 4.250697 2.178095 -9999.0
-9999.0 -9999.0 1.782708 1.952372 -2.450221 -0.300859 -1.484032 -1.713359 -0.003806 0.958672 -0.342806 -0.572560 -0.105666 -0.005152 5.304257 2.291856 -0.002751 -0.757888 -0.049540 -0.004106 2.810554 5.527688 6.648539 6.201697 5.336575 2.089006 -0.005437 0.210708 2.622080 5.187642 -0.004003 0.882246 7.617333 3.475595 5.469404 4.710412 8.034245 8.386323 7.291643 4.609638 5.725646 5.732312 4.336474 3.328511 -0.002462 1.071824 2.349728 1.492056 3.244973 4.554699 5.557578 4.863725 3.928956 3.427645 3.333254 8.358757 4.007698 4.463305 4.316042 3.605094 6.324737 1.380481 -9999.0
-9999.0 -0.079659 -0.214542 -0.256042 -0.243965 -0.326124 -1.211530 -1.474198 -2.045028 0.637439 -1.688039 -0.598010 -0.006127 4.676912 4.319766 -0.228554 -0.275424 -0.566753 -0.205664 -0.004442 2.584696 4.339825 8.455065 4.959198 9.621060 5.143297 7.783067 8.012446 5.846217 4.207700 4.455929 4.603426 6.308276 10.705107 8.641820 9.885214 11.526337 11.282432 11.691393 10.053070 9.178209 9.047073 8.356518 4.898956 3.595572 3.991626 5.552444 5.999094 7.447257 6.151237 5.770797 4.605879 3.794103 3.003342 2.928279 2.413536 0.858194 1.215161 2.222736 4.753099 0.593760 1.167460 -9999.0
-9999.0 4.613352 -0.030926 -0.040464 2.262914 -0.063329 -2.049094 -1.606293 -0.005897 0.549021 -1.603577 -0.791385 0.316517 4.507972 -0.074393 -3.302740 -1.482741 -0.915834 -0.645626 -0.011426 5.146322 2.050123 3.135543 3.688794 9.625160 10.789888 5.523038 7.038223 6.943019 6.475824 6.620907 6.396218 8.077520 8.961040 13.520866 11.944798 18.554456 19.545707 14.607884 13.527448 12.807996 11.771680 10.711974 8.150819 8.013859 7.877004 8.652517 8.332532 7.703823 6.837172 4.857700 2.088177 0.994081 1.550489 0.734053 -0.004470 -0.230698 -0.019091 -0.005961 -0.051634 -0.003564 -9999.0 -9999.0
