user2019/resources/simulation/Vinschgau/output-maps/TsL0008N0038.asc
ncols         63
nrows         48
xllcorner     598000.000000
yllcorner     5145000.000000
cellsize      1000.000000
NODATA_value  -9999.0
[rows 0 to 28 of 48, columns 0 to 62 of 63]
-9999.0 -9999.0 -9999.0 -9999.0 -9999.0 -9999.0 -9999.0 -9999.0 -9999.0 -9999.0 -9999.0 -9999.0 -9999.0 -9999.0 -9999.0 -9999.0 -9999.0 -9999.0 -9999.0 -9999.0 -9999.0 -9999.0 -9999.0 -9999.0 -9999.0 -9999.0 -9999.0 -9999.0 -9999.0 -9999.0 -9999.0 -9999.0 -9999.0 -9999.0 -9999.0 -9999.0 -9999.0 -9999.0 -9999.0 -9999.0 -9999.0 -9999.0 -9999.0 -9999.0 -9999.0 -9999.0 -9999.0 -9999.0 -9999.0 -9999.0 -9999.0 -9999.0 -9999.0 -9999.0 -9999.0 -9999.0 -9999.0 -9999.0 -9999.0 -9999.0 -9999.0 -9999.0 -9999.0
-9999.0 -9999.0 -9999.0 -9999.0 -9999.0 -9999.0 -9999.0 -9999.0 -9999.0 -9999.0 -9999.0 -9999.0 -9999.0 -9999.0 -9999.0 -9999.0 -9999.0 -9999.0 -9999.0 -9999.0 -9999.0 -9999.0 -9999.0 -9999.0 -9999.0 -9999.0 -9999.0 -0.002008 0.109305 0.002176 -0.003269 -0.004441 -0.004674 -9999.0 -9999.0 -9999.0 -9999.0 -9999.0 -9999.0 -9999.0 -9999.0 -9999.0 -9999.0 -9999.0 -9999.0 -9999.0 -9999.0 -9999.0 -9999.0 -9999.0 -9999.0 -9999.0 -9999.0 -9999.0 -9999.0 -9999.0 -9999.0 -9999.0 -9999.0 -9999.0 -9999.0 -9999.0 -9999.0
-9999.0 -9999.0 -9999.0 -9999.0 -9999.0 -9999.0 -9999.0 -9999.0 -9999.0 -9999.0 -9999.0 -9999.0 -9999.0 -9999.0 -9999.0 -9999.0 -9999.0 -9999.0 -9999.0 -9999.0 -9999.0 -9999.0 -9999.0 -9999.0 0.211773 0.336812 0.324878 0.279999 0.303011 0.129709 -0.002434 -9999.0 -9999.0 -9999.0 -9999.0 -9999.0 -9999.0 -9999.0 -9999.0 -9999.0 -9999.0 -9999.0 -9999.0 -9999.0 -9999.0 -9999.0 -9999.0 -9999.0 -9999.0 -9999.0 -9999.0 -9999.0 -9999.0 -9999.0 -9999.0 -9999.0 -9999.0 -9999.0 -9999.0 -9999.0 -9999.0 -9999.0 -9999.0
-9999.0 -9999.0 -9999.0 -9999.0 -9999.0 -9999.0 -9999.0 -9999.0 -9999.0 -9999.0 -9999.0 -9999.0 -9999.0 -9999.0 -9999.0 -9999.0 -9999.0 -9999.0 -9999.0 -9999.0 -9999.0 -9999.0 -9999.0 0.306250 0.460691 0.437586 0.373411 0.267343 0.282434 0.085845 0.045527 0.019335 -9999.0 -9999.0 -9999.0 -9999.0 -9999.0 -9999.0 -9999.0 -9999.0 -9999.0 -9999.0 -9999.0 -9999.0 -9999.0 -9999.0 -9999.0 -9999.0 -9999.0 -9999.0 -9999.0 -9999.0 -9999.0 -9999.0 -9999.0 -9999.0 -9999.0 -9999.0 -9999.0 -9999.0 -9999.0 -9999.0 -9999.0
-9999.0 -9999.0 -9999.0 -9999.0 -9999.0 -9999.0 -9999.0 -9999.0 -9999.0 -9999.0 -9999.0 -9999.0 -9999.0 -9999.0 -9999.0 -9999.0 -9999.0 -9999.0 0.787152 0.346309 -9999.0 0.233844 0.392211 0.230431 0.408601 1.188517 0.405617 0.435760 1.084406 0.284686 0.082002 0.048491 -0.002179 -0.002523 -9999.0 -9999.0 -9999.0 -9999.0 -9999.0 -9999.0 -9999.0 -9999.0 -9999.0 -9999.0 -9999.0 -9999.0 -9999.0 -9999.0 -9999.0 -9999.0 -9999.0 -9999.0 -9999.0 -9999.0 -9999.0 -9999.0 -9999.0 -9999.0 -9999.0 -9999.0 -9999.0 -9999.0 -9999.0
-9999.0 -9999.0 -9999.0 -9999.0 -9999.0 -9999.0 -9999.0 -9999.0 -9999.0 -9999.0 -9999.0 -9999.0 -9999.0 -9999.0 -9999.0 -9999.0 -9999.0 2.714439 1.615372 0.015636 -0.002139 0.281506 0.231808 0.187138 1.404371 0.225899 0.143773 0.285754 0.164446 0.420182 0.358179 0.079583 -0.002103 -0.002109 -0.003039 -0.009952 -9999.0 -9999.0 -9999.0 -9999.0 -9999.0 -9999.0 -9999.0 -9999.0 -9999.0 -9999.0 -9999.0 -9999.0 -9999.0 -9999.0 -9999.0 -9999.0 -9999.0 -9999.0 -9999.0 -9999.0 -9999.0 -9999.0 -9999.0 -9999.0 -9999.0 -9999.0 -9999.0
-9999.0 -9999.0 -9999.0 -9999.0 -9999.0 -9999.0 -9999.0 -9999.0 -9999.0 -9999.0 -9999.0 -9999.0 -9999.0 0.077978 0.218530 0.805133 2.143743 3.619039 2.389304 0.272947 0.416058 0.868836 1.468725 1.239573 0.166407 0.015849 -0.002240 0.080191 0.052799 0.260203 0.317426 0.028586 -0.002495 -0.004886 -0.012083 -0.022098 -9999.0 -9999.0 -9999.0 -9999.0 -9999.0 -9999.0 -9999.0 -9999.0 -9999.0 -9999.0 -9999.0 -9999.0 -9999.0 -9999.0 -9999.0 -9999.0 -9999.0 -9999.0 -9999.0 -9999.0 -9999.0 -9999.0 -9999.0 -9999.0 -9999.0 -9999.0 -9999.0
-9999.0 -9999.0 -9999.0 -9999.0 -9999.0 -9999.0 -9999.0 -9999.0 -9999.0 -9999.0 -9999.0 -9999.0 -9999.0 0.238317 0.461265 1.202315 1.196211 2.143792 3.752037 1.714112 1.841109 0.154225 0.528014 0.264411 0.308682 0.191028 0.064628 -0.005634 -0.006198 -0.002076 0.215850 -0.004868 -0.014016 -0.051170 -0.034033 -9999.0 -9999.0 -9999.0 -9999.0 -9999.0 -9999.0 -9999.0 -9999.0 -9999.0 -9999.0 -9999.0 -9999.0 -9999.0 -9999.0 -9999.0 -9999.0 -9999.0 -9999.0 -9999.0 -9999.0 -9999.0 -9999.0 -9999.0 -9999.0 -9999.0 -9999.0 -9999.0 -9999.0
-9999.0 -9999.0 -9999.0 -9999.0 -9999.0 -9999.0 -9999.0 -9999.0 -9999.0 -9999.0 -9999.0 -9999.0 -9999.0 0.280152 1.495386 1.159415 0.654552 1.418753 3.684647 2.183307 0.396262 -0.002634 0.071922 0.153858 0.353997 0.351584 -0.000022 -0.006417 0.057314 -0.009101 -0.004585 -0.022329 -0.021801 -0.067127 -0.067796 -9999.0 -9999.0 -9999.0 -9999.0 -9999.0 -9999.0 -9999.0 -9999.0 -9999.0 -9999.0 -9999.0 -9999.0 -9999.0 -9999.0 -9999.0 -9999.0 -9999.0 -9999.0 -9999.0 -9999.0 -9999.0 -9999.0 -9999.0 -9999.0 -9999.0 -9999.0 -9999.0 -9999.0
-9999.0 -9999.0 -9999.0 -9999.0 -9999.0 -9999.0 -9999.0 -9999.0 -9999.0 -9999.0 -9999.0 -9999.0 0.035242 1.059773 0.408267 0.170450 0.238221 1.143468 2.985533 2.632826 0.330885 0.169263 -0.002013 0.211678 0.434903 -0.003935 0.223605 0.015675 0.092365 -0.008196 -0.004931 -0.002249 0.007020 -0.009559 -9999.0 -9999.0 -9999.0 -9999.0 -9999.0 -9999.0 -9999.0 -9999.0 -9999.0 -9999.0 -9999.0 -9999.0 -9999.0 -9999.0 -9999.0 -9999.0 -9999.0 -9999.0 -9999.0 -9999.0 -9999.0 -9999.0 -9999.0 -9999.0 -9999.0 -9999.0 -9999.0 -9999.0 -9999.0
-9999.0 -9999.0 -9999.0 -9999.0 -9999.0 -9999.0 -9999.0 -9999.0 -9999.0 -9999.0 -9999.0 0.180438 0.188017 0.648235 0.177768 0.054260 -0.003130 0.768929 3.018728 2.974066 0.638432 0.434926 0.052920 -0.003416 0.081546 -0.002064 -0.004219 0.100096 0.172626 -0.011819 -0.002263 0.076361 -0.002789 -0.007023 -0.002811 -0.002482 -0.002160 -0.002137 0.010097 -9999.0 -9999.0 -9999.0 -0.004222 -9999.0 -9999.0 -9999.0 -9999.0 -9999.0 -9999.0 -9999.0 -9999.0 -9999.0 -9999.0 -9999.0 -9999.0 -9999.0 -9999.0 -9999.0 -9999.0 -9999.0 -9999.0 -9999.0 -9999.0
-9999.0 -9999.0 -9999.0 -9999.0 -9999.0 -9999.0 -9999.0 -9999.0 -9999.0 -9999.0 -9999.0 0.140030 0.244008 0.027940 0.186480 -0.003008 0.235763 1.489896 3.131321 2.430419 1.983689 0.271085 0.201347 0.050175 0.064011 -0.002931 0.064818 0.192175 -0.002252 -0.006780 0.078973 0.072489 -0.002026 -0.002185 -0.002286 -0.002081 0.185231 0.185862 0.075178 -0.002893 -0.002799 -0.003266 -0.002043 -0.003856 -9999.0 -9999.0 -9999.0 0.566486 0.094809 0.003509 0.139823 0.005303 -0.000908 0.626248 0.631737 -0.002342 -9999.0 -9999.0 -9999.0 -9999.0 -9999.0 -9999.0 -9999.0
-9999.0 -9999.0 -9999.0 -9999.0 -9999.0 -9999.0 -9999.0 -9999.0 -9999.0 -9999.0 -9999.0 0.158528 0.043164 -0.002190 0.232499 -0.002045 0.096915 0.721226 2.562888 2.587555 1.388344 0.015425 0.099317 0.211361 -0.003172 -0.002106 0.069089 -0.002079 -0.005090 -0.002709 -0.006796 -0.002277 0.062153 -0.002291 -0.003190 -0.002076 0.097954 -0.002009 0.683579 -0.003498 0.038033 -0.002345 -0.002029 0.045459 0.014943 -9999.0 -0.003597 0.103032 0.327012 0.475332 0.490970 0.211256 0.448471 0.444834 0.332185 0.190705 -9999.0 -9999.0 -9999.0 -9999.0 -9999.0 -9999.0 -9999.0
-9999.0 -9999.0 -9999.0 -9999.0 -9999.0 -9999.0 -9999.0 -9999.0 -9999.0 -9999.0 -9999.0 -9999.0 0.063063 0.218531 0.150339 0.140912 0.016062 0.253066 3.241180 2.641930 1.111141 0.079573 0.105782 0.125188 0.041376 0.079815 0.447902 -0.003764 -0.002890 -0.002226 0.081032 0.067080 0.029048 -0.002036 -0.003166 -0.002226 -0.003009 0.127282 1.085050 -0.002023 0.207486 0.031825 -0.002051 0.325808 -0.002086 0.104048 -0.002011 0.099306 0.007731 0.260031 0.342439 0.200347 0.746601 0.302171 0.119949 0.132322 0.206296 -9999.0 -9999.0 -9999.0 -9999.0 -9999.0 -9999.0
-9999.0 -9999.0 -9999.0 -9999.0 -9999.0 -9999.0 -9999.0 -9999.0 -9999.0 -9999.0 -9999.0 0.145753 -0.002008 -0.002299 0.090049 0.097763 0.108501 0.235679 2.719276 2.510756 1.553012 0.572477 0.155501 -0.002222 0.083835 0.176758 0.300880 -0.003340 0.139254 -0.002022 0.079999 0.110766 0.201775 -0.002044 -0.006585 -0.002360 -0.003662 -0.003551 0.683078 1.039520 0.016106 0.161483 0.290048 -0.002244 0.425685 0.130044 0.276821 0.206580 0.249375 0.024847 -0.002827 -0.002221 0.065992 -0.003611 -0.002782 -0.003720 -0.001218 -9999.0 -9999.0 -9999.0 -9999.0 -9999.0 -9999.0
-9999.0 -9999.0 -9999.0 -9999.0 -9999.0 -9999.0 -9999.0 -9999.0 -9999.0 -9999.0 0.336994 0.058905 0.173995 0.115141 0.190893 0.184211 0.038831 0.083945 1.948291 2.607798 2.537095 0.805672 -0.002083 0.499298 0.156903 0.294340 -0.002149 -0.003404 0.051349 0.327723 0.232464 0.184983 0.009316 -0.003285 -0.053527 -0.002781 -0.002202 -0.002100 0.121504 0.703709 1.044390 0.428682 -0.002138 1.459431 0.238607 0.016741 0.302065 0.032699 0.273174 0.221672 -0.002658 -0.003505 -0.003022 -0.003687 -0.003321 0.275095 0.217421 -9999.0 -9999.0 -9999.0 -9999.0 -9999.0 -9999.0
-9999.0 -9999.0 -9999.0 -9999.0 -9999.0 -9999.0 -9999.0 -9999.0 -9999.0 -0.002217 0.258149 0.261797 0.153868 0.033863 0.195398 0.075450 0.052969 0.354780 2.249182 2.808581 2.857575 0.474898 0.405669 0.747076 0.292350 -0.002223 -0.002043 0.376793 0.108146 0.236484 0.308739 -0.002646 -0.009003 -0.012460 -0.005577 -0.007958 0.039118 0.026243 -0.002040 0.115332 0.244655 0.049718 -0.002298 1.350908 1.023320 0.105001 1.015464 0.039192 0.112086 0.452341 0.008893 -0.002008 -0.003776 -0.003213 -0.002081 0.008554 0.213814 0.285898 0.083087 -9999.0 -9999.0 -9999.0 -9999.0
-9999.0 -9999.0 -9999.0 -9999.0 -9999.0 -9999.0 -9999.0 -9999.0 -9999.0 -0.002161 -0.002046 0.031864 1.620253 0.152381 0.094513 0.042997 0.357543 0.453868 2.925653 3.494644 3.392378 3.373296 0.223370 0.193258 -0.002095 0.114944 0.176136 0.174498 0.700409 0.313254 0.151590 -0.002582 -0.003179 -0.001043 0.063925 -0.002376 -0.002240 -0.002158 -0.004139 0.029114 0.238633 -0.002485 0.133792 0.286572 1.770096 1.845302 1.681007 0.420708 0.232827 0.271469 -0.002238 -0.002011 -0.003506 -0.002379 -0.003203 0.213584 0.095756 0.299910 0.462638 -9999.0 -9999.0 -9999.0 -9999.0
-9999.0 -9999.0 -9999.0 -9999.0 -9999.0 -9999.0 -9999.0 -9999.0 -9999.0 -9999.0 0.001805 0.050128 0.030714 1.026922 0.112813 0.129870 0.131273 1.530229 3.700353 3.263541 2.801594 2.158841 0.104215 0.013104 0.110742 0.158821 0.642935 1.140303 0.189499 0.031332 -0.002481 0.291770 -0.002816 -0.003507 0.236871 0.295860 0.413596 0.307788 -0.002261 -0.003734 -0.004323 0.354466 0.298529 0.027077 -0.002240 0.139894 0.741644 0.469377 2.057894 0.269104 -0.002070 0.006826 0.009610 -0.003546 0.167401 -0.002278 0.094115 0.141287 0.210079 0.302458 -9999.0 -9999.0 -9999.0
-9999.0 -9999.0 -9999.0 -9999.0 -9999.0 -9999.0 -9999.0 -9999.0 -9999.0 -9999.0 0.012540 0.042292 0.169102 0.124557 2.321202 0.574747 0.374561 2.154252 4.102632 3.635897 2.714802 1.349780 0.098316 0.210496 0.143867 0.853147 1.750939 0.112389 0.117870 -0.002862 -0.003158 0.144464 -0.003077 -0.003286 -0.003374 -0.002046 0.200825 0.121089 -0.002252 -0.002932 0.086941 0.010417 0.142623 -0.002798 0.175878 -0.002059 0.248942 0.068519 2.067027 1.702255 0.212222 0.157601 0.202182 0.002801 -0.002475 0.024843 -0.002108 0.195651 2.087087 1.855766 -9999.0 -9999.0 -9999.0
-9999.0 -9999.0 -9999.0 -9999.0 -9999.0 -9999.0 -9999.0 -9999.0 0.316839 0.045298 -0.002184 0.197521 0.048303 0.045462 0.050434 2.029795 2.360184 4.106083 3.892625 4.008306 3.957536 3.255398 2.607300 0.605894 1.033510 1.899234 0.641994 0.161678 0.171904 -0.002235 -0.006949 -0.002970 -0.002667 -0.002214 0.098461 -0.003659 0.161285 0.148201 -0.003096 -0.002016 -0.003629 0.000922 -0.003749 -0.004701 0.211650 0.326356 -0.002398 0.227270 0.086046 1.726135 0.366010 0.029340 0.222203 -0.002028 0.114619 0.491288 0.400911 0.801656 0.571335 3.693179 -9999.0 -9999.0 -9999.0
-9999.0 -9999.0 -9999.0 -9999.0 -9999.0 -9999.0 -9999.0 -9999.0 -0.002638 0.110939 -0.002411 -0.002931 -0.002033 0.030545 0.016507 0.610305 1.750750 2.089821 4.466958 4.293400 5.777027 5.018357 4.370515 2.510389 2.846798 2.773504 0.925563 0.262943 -0.003006 0.126399 0.078410 0.058158 0.132416 -0.000096 0.242278 0.441298 0.529663 0.177582 0.028891 0.208942 -0.002380 -0.004397 -0.003940 0.268829 0.617075 0.182390 -0.003034 -0.002520 0.161933 1.643804 1.726858 0.266674 0.107901 0.335244 0.603993 0.014435 0.204597 0.169394 2.567838 4.046593 4.163486 -9999.0 -9999.0
-9999.0 -9999.0 -9999.0 -9999.0 -9999.0 -9999.0 -9999.0 -9999.0 -0.002093 0.210152 0.167029 -0.002381 0.276823 -0.003070 0.123952 -0.002098 1.236047 2.351628 4.454412 5.078519 4.628537 5.195739 5.355293 3.978511 4.487257 2.634605 0.717033 0.135336 -0.003268 0.299911 0.070123 0.560617 0.157397 -0.002208 0.424575 0.577340 0.157782 0.030812 -0.002078 0.010658 0.015606 -0.001380 0.234823 0.093180 0.111573 0.033790 0.092945 0.273139 0.132209 0.091240 2.724638 0.937174 0.026577 0.011284 0.163446 0.250539 1.726678 2.688553 4.087537 4.099665 4.024370 -9999.0 -9999.0
-9999.0 -9999.0 -9999.0 -9999.0 -9999.0 -9999.0 -9999.0 -9999.0 -0.005786 0.233396 0.497597 -0.002990 0.375591 0.249073 -0.002103 1.612946 3.830940 4.377337 2.511794 4.316927 4.220253 4.477644 5.047886 4.756610 2.940998 1.168604 0.126092 -0.002404 0.544979 0.054994 0.020631 0.068619 0.037583 0.207014 0.011189 0.487555 0.588993 0.198264 0.009220 0.051967 0.188280 0.389999 0.410543 0.218435 0.312293 0.233586 0.393761 0.389436 0.476204 0.171061 0.196437 2.946518 1.465861 0.369642 1.884482 2.276215 3.586412 3.148944 4.244686 3.930226 2.989504 1.914796 -9999.0
-9999.0 -9999.0 -9999.0 -9999.0 -9999.0 -9999.0 -9999.0 -9999.0 0.161310 0.338403 0.245818 -0.002075 0.055984 1.156660 2.717759 2.884072 2.023728 2.552986 1.363063 2.531569 3.816611 4.213359 4.376107 4.486153 0.920144 0.653448 0.065023 0.180963 0.321197 0.187622 -0.002070 0.200991 1.016418 0.203349 0.071832 0.098059 0.074569 1.079881 0.100134 0.307035 0.080930 -0.002010 0.062314 0.022544 0.041646 0.589048 0.081233 0.140049 0.066003 0.351847 1.631737 2.462469 2.972867 2.610171 2.652413 2.823348 3.411196 3.543442 3.751351 3.120111 3.007368 0.890932 -9999.0
-9999.0 -9999.0 0.085779 0.372461 0.190079 0.121366 0.113412 0.079107 0.347076 0.251285 0.140556 1.459644 1.184495 1.941250 3.874183 2.121215 0.978041 0.117203 0.176963 0.704788 2.544179 4.575747 4.144408 3.799727 3.080803 2.151917 0.138770 0.171168 2.204805 1.732473 0.130123 0.163487 2.243493 0.251843 0.898949 0.148108 0.675972 1.888587 0.628479 0.003937 0.201140 0.236462 0.644007 0.313658 -0.002113 0.144672 0.866200 1.274597 2.055061 3.112242 3.749025 3.643512 3.476719 3.238775 2.917587 3.851400 3.052190 2.940157 2.291154 2.712539 0.536825 0.580363 -9999.0
-9999.0 0.142184 0.149121 0.129899 0.120702 0.136973 0.197542 0.135479 0.107885 0.031739 0.204907 0.094945 2.228537 3.151640 2.261066 0.416367 0.193008 0.195586 0.228059 0.652850 2.632372 3.956953 3.494391 3.926691 4.705251 3.316634 4.058965 4.088440 3.370785 2.472289 2.026661 1.515249 2.094806 3.807872 2.466722 2.582917 2.814123 3.258013 2.690317 2.204123 2.098128 2.693163 2.629662 1.609102 1.209409 1.796677 2.857828 4.054598 4.393001 3.133620 3.428425 3.156116 2.861023 2.543291 2.450795 1.792210 1.838434 1.814997 0.225150 0.524598 0.521007 0.564540 -9999.0
-9999.0 0.310579 0.188502 0.199889 1.120081 0.171112 -0.002186 0.041088 0.347276 0.086880 0.146091 0.124229 2.221719 2.262227 1.067044 0.139203 0.017129 0.179449 0.188286 1.203851 0.871111 2.847368 3.612788 2.599560 4.533476 5.071712 4.199985 4.015499 3.919010 4.659790 4.461864 3.862698 3.524949 3.510039 4.342166 3.969099 5.694298 6.347171 4.400767 4.244806 4.442034 4.366250 4.203775 3.925720 4.303741 4.658571 4.549407 4.514931 3.669879 3.565967 2.677671 2.268926 1.749178 2.535434 1.923587 0.438622 0.256595 0.449340 0.321084 0.401799 0.423847 -9999.0 -9999.0
-9999.0 0.017610 0.206177 0.683168 1.026711 1.401199 1.189182 0.032076 0.121677 0.126862 0.122089 1.272660 2.197222 1.228777 0.095055 0.120232 0.152415 0.195166 0.124750 0.334998 0.172637 0.743850 2.569787 3.854843 4.260592 3.366807 3.611569 3.659927 3.700536 3.659222 3.651779 4.081076 4.014419 3.832741 3.880675 3.792913 3.878101 4.861619 3.966716 4.181352 4.356898 5.516970 4.365937 4.414841 4.402019 4.352595 3.859648 3.517715 2.704632 2.910954 1.580154 0.492905 0.462566 0.208124 0.415956 0.327968 0.325017 0.321358 0.326303 -9999.0 -9999.0 -9999.0 -9999.0
