user2019/resources/simulation/Vinschgau/output-maps/TsL0007N1028.asc
ncols         63
nrows         48
xllcorner     598000.000000
yllcorner     5145000.000000
cellsize      1000.000000
NODATA_value  -9999.0
[rows 0 to 27 of 48, columns 0 to 62 of 63]
-9999.0 -9999.0 -9999.0 -9999.0 -9999.0 -9999.0 -9999.0 -9999.0 -9999.0 -9999.0 -9999.0 -9999.0 -9999.0 -9999.0 -9999.0 -9999.0 -9999.0 -9999.0 -9999.0 -9999.0 -9999.0 -9999.0 -9999.0 -9999.0 -9999.0 -9999.0 -9999.0 -9999.0 -9999.0 -9999.0 -9999.0 -9999.0 -9999.0 -9999.0 -9999.0 -9999.0 -9999.0 -9999.0 -9999.0 -9999.0 -9999.0 -9999.0 -9999.0 -9999.0 -9999.0 -9999.0 -9999.0 -9999.0 -9999.0 -9999.0 -9999.0 -9999.0 -9999.0 -9999.0 -9999.0 -9999.0 -9999.0 -9999.0 -9999.0 -9999.0 -9999.0 -9999.0 -9999.0
-9999.0 -9999.0 -9999.0 -9999.0 -9999.0 -9999.0 -9999.0 -9999.0 -9999.0 -9999.0 -9999.0 -9999.0 -9999.0 -9999.0 -9999.0 -9999.0 -9999.0 -9999.0 -9999.0 -9999.0 -9999.0 -9999.0 -9999.0 -9999.0 -9999.0 -9999.0 -9999.0 -3.000398 -1.897559 -3.157725 -3.967370 -4.459807 -3.817910 -9999.0 -9999.0 -9999.0 -9999.0 -9999.0 -9999.0 -9999.0 -9999.0 -9999.0 -9999.0 -9999.0 -9999.0 -9999.0 -9999.0 -9999.0 -9999.0 -9999.0 -9999.0 -9999.0 -9999.0 -9999.0 -9999.0 -9999.0 -9999.0 -9999.0 -9999.0 -9999.0 -9999.0 -9999.0 -9999.0
-9999.0 -9999.0 -9999.0 -9999.0 -9999.0 -9999.0 -9999.0 -9999.0 -9999.0 -9999.0 -9999.0 -9999.0 -9999.0 -9999.0 -9999.0 -9999.0 -9999.0 -9999.0 -9999.0 -9999.0 -9999.0 -9999.0 -9999.0 -9999.0 -1.483603 -1.634610 -1.919206 -1.981330 -1.838465 -2.413155 -3.874093 -9999.0 -9999.0 -9999.0 -9999.0 -9999.0 -9999.0 -9999.0 -9999.0 -9999.0 -9999.0 -9999.0 -9999.0 -9999.0 -9999.0 -9999.0 -9999.0 -9999.0 -9999.0 -9999.0 -9999.0 -9999.0 -9999.0 -9999.0 -9999.0 -9999.0 -9999.0 -9999.0 -9999.0 -9999.0 -9999.0 -9999.0 -9999.0
-9999.0 -9999.0 -9999.0 -9999.0 -9999.0 -9999.0 -9999.0 -9999.0 -9999.0 -9999.0 -9999.0 -9999.0 -9999.0 -9999.0 -9999.0 -9999.0 -9999.0 -9999.0 -9999.0 -9999.0 -9999.0 -9999.0 -9999.0 -1.476013 -1.188780 0.870047 1.332891 1.924391 1.115264 -1.868078 -2.735381 -4.454220 -9999.0 -9999.0 -9999.0 -9999.0 -9999.0 -9999.0 -9999.0 -9999.0 -9999.0 -9999.0 -9999.0 -9999.0 -9999.0 -9999.0 -9999.0 -9999.0 -9999.0 -9999.0 -9999.0 -9999.0 -9999.0 -9999.0 -9999.0 -9999.0 -9999.0 -9999.0 -9999.0 -9999.0 -9999.0 -9999.0 -9999.0
-9999.0 -9999.0 -9999.0 -9999.0 -9999.0 -9999.0 -9999.0 -9999.0 -9999.0 -9999.0 -9999.0 -9999.0 -9999.0 -9999.0 -9999.0 -9999.0 -9999.0 -9999.0 1.630625 -0.282263 -9999.0 -1.760352 -0.494378 0.527886 0.958875 2.079992 0.766257 0.594152 0.608581 -0.002615 -1.844415 -3.048789 -3.811331 -4.730769 -9999.0 -9999.0 -9999.0 -9999.0 -9999.0 -9999.0 -9999.0 -9999.0 -9999.0 -9999.0 -9999.0 -9999.0 -9999.0 -9999.0 -9999.0 -9999.0 -9999.0 -9999.0 -9999.0 -9999.0 -9999.0 -9999.0 -9999.0 -9999.0 -9999.0 -9999.0 -9999.0 -9999.0 -9999.0
-9999.0 -9999.0 -9999.0 -9999.0 -9999.0 -9999.0 -9999.0 -9999.0 -9999.0 -9999.0 -9999.0 -9999.0 -9999.0 -9999.0 -9999.0 -9999.0 -9999.0 4.505239 3.086241 1.975720 -0.154954 -0.002275 -0.002451 -0.003075 1.064101 -0.002210 -0.390081 -0.001749 -0.002464 -0.001440 -0.615357 -1.584600 -2.705836 -3.362517 -4.151535 -5.036254 -9999.0 -9999.0 -9999.0 -9999.0 -9999.0 -9999.0 -9999.0 -9999.0 -9999.0 -9999.0 -9999.0 -9999.0 -9999.0 -9999.0 -9999.0 -9999.0 -9999.0 -9999.0 -9999.0 -9999.0 -9999.0 -9999.0 -9999.0 -9999.0 -9999.0 -9999.0 -9999.0
-9999.0 -9999.0 -9999.0 -9999.0 -9999.0 -9999.0 -9999.0 -9999.0 -9999.0 -9999.0 -9999.0 -9999.0 -9999.0 -0.088757 -0.001807 2.569308 4.076488 6.414048 4.141335 1.504711 0.981394 0.526866 1.204305 1.159418 -0.001825 -0.255858 -1.408496 -2.686386 -1.232254 -0.001999 -1.583608 -1.796978 -1.343193 -3.008286 -4.114753 -5.040238 -9999.0 -9999.0 -9999.0 -9999.0 -9999.0 -9999.0 -9999.0 -9999.0 -9999.0 -9999.0 -9999.0 -9999.0 -9999.0 -9999.0 -9999.0 -9999.0 -9999.0 -9999.0 -9999.0 -9999.0 -9999.0 -9999.0 -9999.0 -9999.0 -9999.0 -9999.0 -9999.0
-9999.0 -9999.0 -9999.0 -9999.0 -9999.0 -9999.0 -9999.0 -9999.0 -9999.0 -9999.0 -9999.0 -9999.0 -9999.0 -0.016174 2.003172 3.334917 3.328783 5.034241 6.476082 2.499585 3.235920 2.292912 1.419323 0.308412 -0.001917 -0.118063 -1.662732 -3.258398 -3.298894 -0.950589 -2.865989 -2.334475 -3.578329 -7.686079 -4.619185 -9999.0 -9999.0 -9999.0 -9999.0 -9999.0 -9999.0 -9999.0 -9999.0 -9999.0 -9999.0 -9999.0 -9999.0 -9999.0 -9999.0 -9999.0 -9999.0 -9999.0 -9999.0 -9999.0 -9999.0 -9999.0 -9999.0 -9999.0 -9999.0 -9999.0 -9999.0 -9999.0 -9999.0
-9999.0 -9999.0 -9999.0 -9999.0 -9999.0 -9999.0 -9999.0 -9999.0 -9999.0 -9999.0 -9999.0 -9999.0 -9999.0 1.670228 2.117022 2.970642 2.844680 3.644192 6.722794 4.078145 2.970310 0.437987 -0.002221 -0.002229 -0.001567 -0.001481 -1.846480 -3.558545 -3.886343 -6.746433 -4.006817 -8.206410 -8.501401 -10.882443 -5.509511 -9999.0 -9999.0 -9999.0 -9999.0 -9999.0 -9999.0 -9999.0 -9999.0 -9999.0 -9999.0 -9999.0 -9999.0 -9999.0 -9999.0 -9999.0 -9999.0 -9999.0 -9999.0 -9999.0 -9999.0 -9999.0 -9999.0 -9999.0 -9999.0 -9999.0 -9999.0 -9999.0 -9999.0
-9999.0 -9999.0 -9999.0 -9999.0 -9999.0 -9999.0 -9999.0 -9999.0 -9999.0 -9999.0 -9999.0 -9999.0 -0.006176 0.895417 2.369274 0.673324 1.143147 3.131744 5.603278 3.645842 0.848990 -0.002257 -0.321964 -0.070829 -1.692325 -1.693594 -2.824754 -2.851042 -3.076666 -4.283761 -8.140045 -3.933047 -4.684960 -5.358919 -9999.0 -9999.0 -9999.0 -9999.0 -9999.0 -9999.0 -9999.0 -9999.0 -9999.0 -9999.0 -9999.0 -9999.0 -9999.0 -9999.0 -9999.0 -9999.0 -9999.0 -9999.0 -9999.0 -9999.0 -9999.0 -9999.0 -9999.0 -9999.0 -9999.0 -9999.0 -9999.0 -9999.0 -9999.0
-9999.0 -9999.0 -9999.0 -9999.0 -9999.0 -9999.0 -9999.0 -9999.0 -9999.0 -9999.0 -9999.0 -0.156383 1.607919 1.334356 1.693897 -0.000568 2.517702 3.256659 5.505792 3.918971 1.880848 0.176123 -0.937829 -1.343114 -1.707956 -2.886933 -3.021411 -3.513596 -2.905461 -4.718397 -3.998940 -2.836062 -4.154214 -4.475267 -5.084564 -4.003475 -2.950757 -2.194855 -3.464584 -9999.0 -9999.0 -9999.0 -4.624888 -9999.0 -9999.0 -9999.0 -9999.0 -9999.0 -9999.0 -9999.0 -9999.0 -9999.0 -9999.0 -9999.0 -9999.0 -9999.0 -9999.0 -9999.0 -9999.0 -9999.0 -9999.0 -9999.0 -9999.0
-9999.0 -9999.0 -9999.0 -9999.0 -9999.0 -9999.0 -9999.0 -9999.0 -9999.0 -9999.0 -9999.0 -0.167872 1.761176 3.194230 3.015262 -0.051397 4.818731 4.040723 5.644994 3.871110 2.968676 -0.021202 -1.602161 -2.104397 -3.505731 -2.237994 -2.199254 -2.813898 -2.879710 -4.465826 -3.621287 -2.201638 -3.282958 -5.135489 -4.254715 -2.843178 -2.355118 -1.877804 -1.854471 -4.289404 -4.271073 -4.543566 -3.818041 -3.682364 -9999.0 -9999.0 -9999.0 -5.387770 -5.620540 -4.890728 -4.914248 -5.124914 -5.404617 -5.986047 -5.959664 -5.487311 -9999.0 -9999.0 -9999.0 -9999.0 -9999.0 -9999.0 -9999.0
-9999.0 -9999.0 -9999.0 -9999.0 -9999.0 -9999.0 -9999.0 -9999.0 -9999.0 -9999.0 -9999.0 -0.524409 -0.087015 -0.108233 -0.002713 -0.018236 0.585557 3.369595 4.482896 3.865007 1.623933 -0.002652 -1.261056 -1.991391 -1.944536 -2.458431 -2.584103 -3.195300 -3.307372 -4.791605 -3.333041 -3.696232 -2.741292 -4.832843 -4.657543 -2.592933 -2.830819 -2.413496 -0.336065 -3.103404 -3.329258 -3.026193 -2.716664 -2.141175 -4.770708 -9999.0 -5.413524 -5.089810 -3.877047 -1.853483 -1.465891 -2.772460 -1.846715 -2.886463 -4.253219 -4.754592 -9999.0 -9999.0 -9999.0 -9999.0 -9999.0 -9999.0 -9999.0
-9999.0 -9999.0 -9999.0 -9999.0 -9999.0 -9999.0 -9999.0 -9999.0 -9999.0 -9999.0 -9999.0 -9999.0 -0.653732 -0.375837 -0.025299 -0.024541 -0.002290 2.469491 5.195107 3.846622 1.521439 -0.002891 -0.900955 -2.331057 -2.500644 -1.333597 -0.751986 -1.657098 -3.988456 -3.737420 -2.240342 -3.461675 -1.879632 -4.240292 -4.618723 -3.316971 -3.241862 -2.257394 -0.007231 -1.442190 -2.113578 -1.184106 -2.867341 -1.765473 -3.320692 -5.025851 -4.508454 -4.799022 -3.790840 -2.730059 -0.007361 -3.334505 -3.370315 -3.992809 -4.509210 -4.069172 -4.709663 -9999.0 -9999.0 -9999.0 -9999.0 -9999.0 -9999.0
-9999.0 -9999.0 -9999.0 -9999.0 -9999.0 -9999.0 -9999.0 -9999.0 -9999.0 -9999.0 -9999.0 -0.801862 -0.865784 -0.235887 -1.278565 -0.001150 -0.000888 1.558433 4.588548 3.729685 2.054333 -0.002131 -0.001448 -1.268797 -1.195707 -2.162979 -1.217765 -2.958226 -2.920892 -3.082592 -2.351186 -2.629560 -1.722831 -4.118376 -5.195022 -3.631562 -1.861055 -1.658544 -0.008095 -0.082008 -1.497997 -0.104037 -1.301385 -1.809355 -1.358473 -2.516507 -3.219610 -2.973873 -1.167073 -0.043859 -3.381372 -2.625678 -5.333614 -6.014565 -6.899037 -7.874424 -4.069783 -9999.0 -9999.0 -9999.0 -9999.0 -9999.0 -9999.0
-9999.0 -9999.0 -9999.0 -9999.0 -9999.0 -9999.0 -9999.0 -9999.0 -9999.0 -9999.0 -0.611464 -2.385483 -0.596674 -0.316588 -0.032403 -0.215735 -0.252129 -0.002266 3.012531 3.366183 2.358977 1.153839 -0.538861 -0.093238 -0.001131 -1.880410 -1.862904 -4.597310 -1.981225 -1.525426 -2.083758 -2.172342 -1.008255 -4.120340 -5.137008 -3.243882 -1.966425 -2.856464 -1.069957 -0.001719 -0.002141 0.698431 2.804716 0.544446 -0.113556 -1.980986 -1.438721 -2.712476 -2.013795 -0.001047 -5.280728 -4.604185 -7.363986 -8.584641 -8.098532 -4.138741 -4.019064 -9999.0 -9999.0 -9999.0 -9999.0 -9999.0 -9999.0
-9999.0 -9999.0 -9999.0 -9999.0 -9999.0 -9999.0 -9999.0 -9999.0 -9999.0 -1.882787 -1.476387 -2.320239 -1.695163 -1.288161 -0.823240 -0.584978 -0.094803 -0.000403 2.877944 3.557539 2.664394 -0.003716 -0.002316 -0.001752 -0.001309 -1.444933 -2.680489 -0.837535 -2.088513 -0.003860 -0.000937 -1.640178 -2.932370 -7.729156 -4.304550 -3.418882 -2.489436 -3.282674 -1.133956 -0.682748 -0.490994 -0.297481 -0.430658 1.332710 0.562259 -0.063292 -0.042673 -1.169294 -1.194847 -0.001319 -1.804512 -3.963848 -9.403852 -6.165739 -4.912488 -5.276869 -4.488868 -3.438325 -4.781009 -9999.0 -9999.0 -9999.0 -9999.0
-9999.0 -9999.0 -9999.0 -9999.0 -9999.0 -9999.0 -9999.0 -9999.0 -9999.0 -3.479493 -1.835229 -1.253418 -0.025594 -0.001197 -0.122370 -1.245282 -0.043552 -0.001045 3.422783 3.576887 3.214334 2.591021 1.420185 -0.000487 -1.057675 -1.556789 -1.209350 -0.001162 -0.001074 -0.001738 -0.041122 -2.019686 -3.278050 -4.436981 -3.919760 -3.204958 -2.733217 -1.958208 -1.834423 -1.689012 -1.897405 -1.834682 -0.558117 -0.001120 1.862414 1.381512 1.040657 -0.002742 -0.009831 -0.001003 -2.888902 -5.572592 -5.983190 -5.070774 -4.542718 -6.272755 -4.239242 -3.599309 -2.474458 -9999.0 -9999.0 -9999.0 -9999.0
-9999.0 -9999.0 -9999.0 -9999.0 -9999.0 -9999.0 -9999.0 -9999.0 -9999.0 -9999.0 -2.468463 -1.670950 -0.269063 -0.359955 -0.002731 -0.088007 -0.001100 0.886229 4.316002 3.437863 3.286051 2.028138 -0.001762 -0.313867 -1.232634 -0.003098 -0.001138 0.243456 -0.032260 -1.579305 -1.926722 -3.034442 -3.818733 -4.437267 -2.746515 -1.712271 -1.258703 -1.417201 -2.674414 -3.613141 -2.402609 -1.572239 -0.036692 -0.058368 -0.001531 -0.001797 0.799320 1.867777 1.719551 -0.002376 -1.842386 -4.094440 -5.028884 -5.881394 -5.225239 -4.560936 -2.889139 -1.878100 -1.607365 -0.001424 -9999.0 -9999.0 -9999.0
-9999.0 -9999.0 -9999.0 -9999.0 -9999.0 -9999.0 -9999.0 -9999.0 -9999.0 -9999.0 -4.006442 -1.393638 -1.231448 -0.126019 0.780473 -0.002969 -0.002543 1.930665 4.698992 4.662656 2.893030 0.713600 -0.002280 -0.161398 -0.003914 -0.001043 1.020973 -0.001949 -1.266774 -3.522672 -2.268778 -2.191982 -4.690153 -4.095583 -2.061037 -1.373527 -1.834037 -2.158116 -2.205206 -3.132214 -3.385409 -1.458070 -2.888580 -1.404861 -0.129481 -0.304312 -0.000865 -0.001550 2.136459 1.416917 -0.012978 -2.001317 -4.307106 -4.599027 -6.526578 -5.739017 -4.508069 -1.072731 1.204879 1.343578 -9999.0 -9999.0 -9999.0
-9999.0 -9999.0 -9999.0 -9999.0 -9999.0 -9999.0 -9999.0 -9999.0 -1.971948 -2.344057 -3.056167 -2.601280 -2.935693 -1.321752 -0.056605 1.130954 2.264602 3.458328 4.281297 5.148452 4.657112 3.460589 2.293969 0.462951 -0.001698 1.501975 0.914333 -0.786915 -1.540040 -3.548763 -7.190406 -3.590993 -3.564406 -3.857674 -3.246880 -1.671266 -0.092406 -0.434483 -2.521994 -3.206913 -3.087780 -1.422609 -3.467640 -2.902525 -1.010541 -0.451997 -2.341748 -1.229181 -0.001624 1.583524 -0.002233 -0.697302 -4.407975 -5.958629 -5.355386 -3.802134 -3.208790 -0.199197 -0.001758 3.390231 -9999.0 -9999.0 -9999.0
-9999.0 -9999.0 -9999.0 -9999.0 -9999.0 -9999.0 -9999.0 -9999.0 -3.259411 -3.227891 -2.855503 -2.995299 -1.631517 -2.348784 -0.908614 -0.001815 1.282269 1.928531 5.073441 5.688280 6.159194 5.016242 4.006420 2.966992 2.758042 2.622917 0.461777 -1.063062 -4.688648 -3.701459 -4.748840 -3.202647 -3.137514 -2.961506 -2.740782 -1.463633 -0.036819 -0.207483 -1.489362 -1.633964 -2.216866 -5.966013 -2.552161 -1.650953 -1.055587 -1.647115 -4.036136 -1.222099 -0.434410 1.162805 1.170964 -0.128595 -4.596600 -3.971108 -1.700355 -2.546956 -1.130291 -0.023321 1.896412 4.325921 5.608622 -9999.0 -9999.0
-9999.0 -9999.0 -9999.0 -9999.0 -9999.0 -9999.0 -9999.0 -9999.0 -2.070646 -1.741788 -2.709013 -3.669152 -2.595771 -3.255619 -1.262202 -0.768421 -0.003298 1.487351 4.970991 6.139103 6.159002 5.951163 5.516362 4.455411 3.790174 2.608618 -0.001626 -1.217390 -5.320200 -2.623146 -2.447193 -1.516951 -2.039545 -1.613867 -1.509139 -0.119539 -0.149914 1.220038 -0.012708 -2.747844 -2.057746 -2.155590 -1.756537 -1.855548 -1.414403 -1.625426 -3.203764 -1.898539 -2.258249 -0.001363 2.155380 -0.002064 -3.506363 -4.409625 -1.649350 -0.838591 0.405786 1.793245 3.962861 4.597070 4.943492 -9999.0 -9999.0
-9999.0 -9999.0 -9999.0 -9999.0 -9999.0 -9999.0 -9999.0 -9999.0 -4.475745 -1.641133 -1.095859 -5.020106 -1.361501 -1.534647 -0.341161 -0.001860 3.545783 4.763395 3.927358 5.264299 5.548211 5.929313 5.767770 5.321837 3.100557 0.566546 -0.001924 -1.969005 -0.796060 -2.627166 -1.392956 -1.219312 -0.020842 -0.556414 -0.353971 -0.080137 0.376417 3.401575 0.248726 -0.073839 -0.943052 -1.648297 -1.716067 -1.004477 -1.614956 -2.062914 -1.652816 -2.147587 -1.642693 -1.011567 -0.001694 1.751207 -0.001912 -0.969907 -0.000598 1.012569 2.576404 3.977188 4.947230 4.714721 3.809549 2.069561 -9999.0
-9999.0 -9999.0 -9999.0 -9999.0 -9999.0 -9999.0 -9999.0 -9999.0 -4.800317 -2.065921 -2.468926 -1.551761 -0.374879 -0.192101 -0.000413 1.441148 2.422446 1.960738 0.305118 2.326863 4.276711 5.273613 5.561702 5.269165 2.959071 -0.003041 -1.076490 -0.004370 -0.001121 -0.392673 -0.322428 -0.000888 1.366060 0.194225 -0.001994 -0.001919 1.685636 5.467745 4.951824 1.267942 -0.001836 -0.015892 -0.180128 -0.027990 -1.189022 -0.280858 -0.980655 -1.549908 -0.438251 -0.002224 0.729411 1.173160 1.507899 1.113961 1.596412 1.876801 2.712142 3.507397 4.116655 3.801783 3.529008 1.494579 -9999.0
-9999.0 -9999.0 -1.630652 -1.866474 -3.699576 -1.743058 -3.136994 -2.577250 -4.242735 -3.479017 -2.107288 -0.408468 -0.139648 -0.057069 1.482058 0.954403 -0.001433 -1.204009 -1.103695 -0.001979 2.203024 4.882967 4.257913 5.744933 3.337001 1.485138 -0.003017 -0.002623 1.602881 1.126553 -0.001971 -0.001974 3.167272 2.601072 2.843928 4.011610 5.181883 7.771912 6.756626 4.023400 2.890619 2.853161 3.112705 1.602021 -0.001490 -0.002112 0.805506 0.999533 1.567677 2.532644 3.236716 2.989320 2.421681 1.970650 1.880884 3.533481 2.509874 2.898143 2.529264 2.756161 2.006777 0.751024 -9999.0
-9999.0 -1.312485 -2.937861 -1.982183 -1.595509 -1.412711 -2.586426 -3.054457 -4.033565 -4.253391 -2.260488 -0.836673 -0.000773 -0.002887 0.161319 -0.256441 -1.232284 -2.076790 -1.358054 -0.002018 1.964958 3.675119 3.728240 4.022102 4.606183 3.042626 2.611791 2.875860 3.172794 2.117333 1.938962 1.976443 3.436788 5.324822 5.951102 7.031299 9.261281 10.776967 8.697425 6.990721 6.601490 6.256734 5.350990 4.236858 2.959349 3.235982 3.320934 5.407753 4.944678 5.385948 3.773098 3.018040 2.279686 1.539681 1.466406 1.027996 0.477348 0.816378 0.754497 0.429641 -0.001233 0.546253 -9999.0
-9999.0 -0.443541 -1.217491 -0.312065 -0.006567 -0.790390 -2.504851 -3.560615 -3.502154 -3.774609 -2.759521 -1.221935 -0.001786 0.415923 -0.198801 -3.650803 -2.881615 -2.387322 -1.158762 -0.003801 1.104136 1.421204 2.323487 1.955644 3.975448 4.822990 5.074551 5.139286 4.481895 5.921977 6.140987 5.879696 5.163633 6.042920 7.740793 9.145661 11.954107 13.205494 11.777606 11.012118 10.090673 8.946152 8.282237 7.603898 7.570050 7.407999 6.205796 5.798030 5.246733 4.558126 2.964469 1.482818 0.578905 1.231080 0.441792 -0.002109 -0.236410 -0.002494 -0.001730 -0.002570 -0.001583 -9999.0 -9999.0
