user2019/resources/simulation/Vinschgau/output-maps/TsL0004N0137.asc
ncols         63
nrows         48
xllcorner     598000.000000
yllcorner     5145000.000000
cellsize      1000.000000
NODATA_value  -9999.0
[rows 0 to 27 of 48, columns 0 to 61 of 63]
-9999.0 -9999.0 -9999.0 -9999.0 -9999.0 -9999.0 -9999.0 -9999.0 -9999.0 -9999.0 -9999.0 -9999.0 -9999.0 -9999.0 -9999.0 -9999.0 -9999.0 -9999.0 -9999.0 -9999.0 -9999.0 -9999.0 -9999.0 -9999.0 -9999.0 -9999.0 -9999.0 -9999.0 -9999.0 -9999.0 -9999.0 -9999.0 -9999.0 -9999.0 -9999.0 -9999.0 -9999.0 -9999.0 -9999.0 -9999.0 -9999.0 -9999.0 -9999.0 -9999.0 -9999.0 -9999.0 -9999.0 -9999.0 -9999.0 -9999.0 -9999.0 -9999.0 -9999.0 -9999.0 -9999.0 -9999.0 -9999.0 -9999.0 -9999.0 -9999.0 -9999.0 -9999.0
-9999.0 -9999.0 -9999.0 -9999.0 -9999.0 -9999.0 -9999.0 -9999.0 -9999.0 -9999.0 -9999.0 -9999.0 -9999.0 -9999.0 -9999.0 -9999.0 -9999.0 -9999.0 -9999.0 -9999.0 -9999.0 -9999.0 -9999.0 -9999.0 -9999.0 -9999.0 -9999.0 -2.004871 -2.181629 -3.027576 -3.204491 -4.197702 -4.413986 -9999.0 -9999.0 -9999.0 -9999.0 -9999.0 -9999.0 -9999.0 -9999.0 -9999.0 -9999.0 -9999.0 -9999.0 -9999.0 -9999.0 -9999.0 -9999.0 -9999.0 -9999.0 -9999.0 -9999.0 -9999.0 -9999.0 -9999.0 -9999.0 -9999.0 -9999.0 -9999.0 -9999.0 -9999.0
-9999.0 -9999.0 -9999.0 -9999.0 -9999.0 -9999.0 -9999.0 -9999.0 -9999.0 -9999.0 -9999.0 -9999.0 -9999.0 -9999.0 -9999.0 -9999.0 -9999.0 -9999.0 -9999.0 -9999.0 -9999.0 -9999.0 -9999.0 -9999.0 -1.942341 -2.155540 -2.193831 -2.374185 -2.085306 -2.650150 -2.437925 -9999.0 -9999.0 -9999.0 -9999.0 -9999.0 -9999.0 -9999.0 -9999.0 -9999.0 -9999.0 -9999.0 -9999.0 -9999.0 -9999.0 -9999.0 -9999.0 -9999.0 -9999.0 -9999.0 -9999.0 -9999.0 -9999.0 -9999.0 -9999.0 -9999.0 -9999.0 -9999.0 -9999.0 -9999.0 -9999.0 -9999.0
-9999.0 -9999.0 -9999.0 -9999.0 -9999.0 -9999.0 -9999.0 -9999.0 -9999.0 -9999.0 -9999.0 -9999.0 -9999.0 -9999.0 -9999.0 -9999.0 -9999.0 -9999.0 -9999.0 -9999.0 -9999.0 -9999.0 -9999.0 -2.081361 -2.004411 -0.141143 -0.211821 -0.132404 -1.977885 -3.517441 -3.166253 -2.013883 -9999.0 -9999.0 -9999.0 -9999.0 -9999.0 -9999.0 -9999.0 -9999.0 -9999.0 -9999.0 -9999.0 -9999.0 -9999.0 -9999.0 -9999.0 -9999.0 -9999.0 -9999.0 -9999.0 -9999.0 -9999.0 -9999.0 -9999.0 -9999.0 -9999.0 -9999.0 -9999.0 -9999.0 -9999.0 -9999.0
-9999.0 -9999.0 -9999.0 -9999.0 -9999.0 -9999.0 -9999.0 -9999.0 -9999.0 -9999.0 -9999.0 -9999.0 -9999.0 -9999.0 -9999.0 -9999.0 -9999.0 -9999.0 -0.062865 -0.243121 -9999.0 -1.910497 -1.935727 -0.079727 -0.091070 -4.168899 -0.945654 -0.761764 -0.411379 -1.976592 -3.820699 -2.706575 -4.285130 -5.064571 -9999.0 -9999.0 -9999.0 -9999.0 -9999.0 -9999.0 -9999.0 -9999.0 -9999.0 -9999.0 -9999.0 -9999.0 -9999.0 -9999.0 -9999.0 -9999.0 -9999.0 -9999.0 -9999.0 -9999.0 -9999.0 -9999.0 -9999.0 -9999.0 -9999.0 -9999.0 -9999.0 -9999.0
-9999.0 -9999.0 -9999.0 -9999.0 -9999.0 -9999.0 -9999.0 -9999.0 -9999.0 -9999.0 -9999.0 -9999.0 -9999.0 -9999.0 -9999.0 -9999.0 -9999.0 -0.312342 -1.217845 -1.842857 -1.660554 -0.550319 -0.735810 -1.730375 -0.333519 -1.821936 -2.003028 -1.964694 -2.081183 -1.292516 -1.950021 -3.706324 -4.194464 -4.741844 -3.755697 -5.351728 -9999.0 -9999.0 -9999.0 -9999.0 -9999.0 -9999.0 -9999.0 -9999.0 -9999.0 -9999.0 -9999.0 -9999.0 -9999.0 -9999.0 -9999.0 -9999.0 -9999.0 -9999.0 -9999.0 -9999.0 -9999.0 -9999.0 -9999.0 -9999.0 -9999.0 -9999.0
-9999.0 -9999.0 -9999.0 -9999.0 -9999.0 -9999.0 -9999.0 -9999.0 -9999.0 -9999.0 -9999.0 -9999.0 -9999.0 -1.583847 -0.181261 -0.167404 -0.078101 -0.136102 -0.410707 -0.390363 -0.178540 -0.172372 -1.850245 -0.124319 -1.991753 -1.929734 -2.455239 -1.943254 -2.011160 -2.044451 -1.995399 -2.065352 -2.873390 -5.217432 -5.959993 -6.068619 -9999.0 -9999.0 -9999.0 -9999.0 -9999.0 -9999.0 -9999.0 -9999.0 -9999.0 -9999.0 -9999.0 -9999.0 -9999.0 -9999.0 -9999.0 -9999.0 -9999.0 -9999.0 -9999.0 -9999.0 -9999.0 -9999.0 -9999.0 -9999.0 -9999.0 -9999.0
-9999.0 -9999.0 -9999.0 -9999.0 -9999.0 -9999.0 -9999.0 -9999.0 -9999.0 -9999.0 -9999.0 -9999.0 -9999.0 -0.745685 -0.052715 -0.116227 -0.118490 -0.056202 -0.149353 -0.230968 -3.165874 -1.094262 -0.257029 -1.584068 -1.658117 -1.758072 -2.367346 -4.440167 -4.661298 -2.274842 -2.062554 -4.989115 -5.946815 -6.533873 -6.399735 -9999.0 -9999.0 -9999.0 -9999.0 -9999.0 -9999.0 -9999.0 -9999.0 -9999.0 -9999.0 -9999.0 -9999.0 -9999.0 -9999.0 -9999.0 -9999.0 -9999.0 -9999.0 -9999.0 -9999.0 -9999.0 -9999.0 -9999.0 -9999.0 -9999.0 -9999.0 -9999.0
-9999.0 -9999.0 -9999.0 -9999.0 -9999.0 -9999.0 -9999.0 -9999.0 -9999.0 -9999.0 -9999.0 -9999.0 -9999.0 -0.160615 -0.099043 -0.053128 -0.157634 -0.090564 -0.138663 -0.075275 -0.132187 -2.470310 -1.607898 -1.844678 -1.688804 -0.904829 -2.333689 -4.463905 -2.528923 -5.298112 -4.682274 -6.113339 -6.217170 -6.668651 -6.851565 -9999.0 -9999.0 -9999.0 -9999.0 -9999.0 -9999.0 -9999.0 -9999.0 -9999.0 -9999.0 -9999.0 -9999.0 -9999.0 -9999.0 -9999.0 -9999.0 -9999.0 -9999.0 -9999.0 -9999.0 -9999.0 -9999.0 -9999.0 -9999.0 -9999.0 -9999.0 -9999.0
-9999.0 -9999.0 -9999.0 -9999.0 -9999.0 -9999.0 -9999.0 -9999.0 -9999.0 -9999.0 -9999.0 -9999.0 -0.705766 -0.053222 -0.046951 -1.486675 -0.133098 -0.104877 -0.053595 -1.658528 -1.014323 -1.779079 -1.661074 -1.886590 -0.553027 -3.804919 -1.992284 -1.980496 -2.645749 -4.904050 -4.882980 -3.922899 -4.344374 -5.802583 -9999.0 -9999.0 -9999.0 -9999.0 -9999.0 -9999.0 -9999.0 -9999.0 -9999.0 -9999.0 -9999.0 -9999.0 -9999.0 -9999.0 -9999.0 -9999.0 -9999.0 -9999.0 -9999.0 -9999.0 -9999.0 -9999.0 -9999.0 -9999.0 -9999.0 -9999.0 -9999.0 -9999.0
-9999.0 -9999.0 -9999.0 -9999.0 -9999.0 -9999.0 -9999.0 -9999.0 -9999.0 -9999.0 -9999.0 -1.564947 -1.468070 -0.089319 -1.585947 -1.635700 -2.500738 -0.155246 -0.053510 -1.151735 -1.437796 -0.166579 -1.602682 -2.616165 -1.740687 -1.825318 -4.014227 -1.948401 -2.027696 -5.390812 -2.719257 -3.532298 -4.363307 -6.473893 -6.558656 -8.057314 -9.654548 -10.931325 -10.850634 -9999.0 -9999.0 -9999.0 -6.722155 -9999.0 -9999.0 -9999.0 -9999.0 -9999.0 -9999.0 -9999.0 -9999.0 -9999.0 -9999.0 -9999.0 -9999.0 -9999.0 -9999.0 -9999.0 -9999.0 -9999.0 -9999.0 -9999.0
-9999.0 -9999.0 -9999.0 -9999.0 -9999.0 -9999.0 -9999.0 -9999.0 -9999.0 -9999.0 -9999.0 -1.756567 -1.615805 -0.706545 -0.644996 -1.642697 -0.482090 -0.710274 -0.054443 -0.062407 -0.109602 -0.070179 -1.709800 -1.858365 -1.863763 -2.321140 -1.987752 -1.942683 -2.019007 -4.482366 -3.328680 -3.994797 -5.676813 -4.257950 -6.788140 -8.542943 -9.933866 -10.328186 -11.715387 -13.084395 -12.173269 -9.108340 -6.795228 -5.611295 -9999.0 -9999.0 -9999.0 -0.348183 -1.441895 -1.604131 -0.839238 -1.491288 -1.344695 -0.015152 -0.009303 -1.037776 -9999.0 -9999.0 -9999.0 -9999.0 -9999.0 -9999.0
-9999.0 -9999.0 -9999.0 -9999.0 -9999.0 -9999.0 -9999.0 -9999.0 -9999.0 -9999.0 -9999.0 -1.725847 -1.791703 -1.912737 -0.518317 -1.497574 -1.135447 -0.601041 -0.055710 -0.060589 -0.223921 -1.423032 -1.820461 -1.972286 -2.855893 -2.573073 -1.911828 -1.856490 -3.618168 -2.665357 -4.605652 -3.874220 -4.128454 -5.590647 -7.455288 -9.949524 -7.785639 -4.986527 -6.045166 -11.671295 -11.226890 -10.534161 -6.443311 -5.780855 -2.567999 -9999.0 -2.154987 -1.731228 -1.294101 -0.375566 -1.665463 -1.979217 -0.012788 -0.003560 -0.002207 -0.006075 -9999.0 -9999.0 -9999.0 -9999.0 -9999.0 -9999.0
-9999.0 -9999.0 -9999.0 -9999.0 -9999.0 -9999.0 -9999.0 -9999.0 -9999.0 -9999.0 -9999.0 -9999.0 -1.771540 -0.575203 -0.129556 -0.817962 -1.404645 -0.971065 -0.056355 -0.065720 -1.063865 -1.305109 -0.656111 -1.880271 -2.048125 -1.866898 -0.163455 -3.174872 -2.494059 -2.378813 -2.306311 -3.626877 -4.307366 -4.882022 -6.550721 -9.070290 -7.120837 -3.762780 -3.743846 -8.716871 -9.314669 -9.517422 -7.833577 -2.266589 -4.584632 -2.202846 -1.958897 -1.823092 -1.780974 -1.942566 -0.391706 -0.416727 -0.236416 -0.157215 -1.503433 -1.350128 -0.108803 -9999.0 -9999.0 -9999.0 -9999.0 -9999.0
-9999.0 -9999.0 -9999.0 -9999.0 -9999.0 -9999.0 -9999.0 -9999.0 -9999.0 -9999.0 -9999.0 -0.636873 -1.798061 -1.630653 -1.096244 -0.911090 -0.636678 -1.175941 -0.062643 -0.066291 -1.609723 -0.154973 -0.580717 -1.822314 -1.850240 -0.253521 -0.660583 -3.040330 -2.161633 -2.636312 -2.419804 -2.461209 -2.168363 -4.545961 -7.331557 -8.587721 -11.491996 -6.281887 -0.255338 -6.185271 -7.707817 -5.765281 -5.206853 -6.980680 -1.935387 -1.936765 -2.044941 -1.997489 -1.886931 -2.906711 -1.627568 -1.621016 -1.638899 -2.004332 -1.305953 -1.827961 -1.150232 -9999.0 -9999.0 -9999.0 -9999.0 -9999.0
-9999.0 -9999.0 -9999.0 -9999.0 -9999.0 -9999.0 -9999.0 -9999.0 -9999.0 -9999.0 -0.295174 -1.327177 -0.313021 -1.734321 -0.087856 -0.501403 -1.513706 -1.465919 -0.144080 -0.101827 -0.102538 -0.131163 -1.762922 -0.094318 -0.313885 -0.394090 -1.922536 -3.931036 -1.968538 -1.340915 -2.032386 -1.847281 -2.281066 -4.726282 -7.324646 -7.747779 -9.947622 -7.813469 -3.335736 -2.878701 -2.454432 -1.046872 -0.771361 -0.684678 -2.227360 -4.061380 -2.013822 -2.321831 -2.026071 -1.854851 -1.936592 -1.909346 -1.606079 -1.988438 -1.519741 -0.005329 -0.005391 -9999.0 -9999.0 -9999.0 -9999.0 -9999.0
-9999.0 -9999.0 -9999.0 -9999.0 -9999.0 -9999.0 -9999.0 -9999.0 -9999.0 -1.725540 -0.416634 -0.396086 -0.540967 -1.760933 -0.204343 -1.669864 -1.756779 -0.066288 -1.158522 -0.207822 -0.140660 -1.919168 -1.988939 -0.592550 -0.277745 -1.996979 -2.472888 -0.714577 -2.053274 -1.280682 -2.401600 -3.326271 -5.470517 -5.918216 -6.162785 -7.020447 -5.674555 -7.319642 -7.008549 -7.570536 -3.051065 -3.803811 -4.228309 -0.583540 -4.276179 -3.257734 -0.187275 -2.307702 -1.900518 -0.254321 -1.873517 -1.515995 -2.196802 -1.227224 -1.230322 -1.277418 -0.110236 -0.580713 -0.686118 -9999.0 -9999.0 -9999.0
-9999.0 -9999.0 -9999.0 -9999.0 -9999.0 -9999.0 -9999.0 -9999.0 -9999.0 -1.646775 -1.713719 -1.609883 -0.135411 -0.627422 -0.597652 -1.112471 -0.074868 -1.355966 -0.971930 -0.073896 -0.090943 -1.620320 -0.151896 -0.174236 -1.804511 -2.173758 -1.650114 -0.766958 -2.266310 -0.531513 -1.764753 -4.157334 -3.205281 -2.292624 -4.071107 -5.843870 -6.545581 -6.288813 -5.874483 -3.541278 -1.890205 -3.790095 -1.986667 -1.531432 -0.072364 -0.168330 -0.592591 -4.163577 -1.836442 -1.445070 -1.712344 -1.914947 -1.279105 -1.287835 -1.510963 -0.337281 -0.101569 -0.133544 -0.815780 -9999.0 -9999.0 -9999.0
-9999.0 -9999.0 -9999.0 -9999.0 -9999.0 -9999.0 -9999.0 -9999.0 -9999.0 -9999.0 -1.661320 -1.622730 -1.641810 -0.310284 -1.708476 -0.253056 -0.166493 -0.108388 -0.823886 -0.076959 -0.066722 -1.508463 -0.153438 -1.237533 -2.240772 -1.065435 -2.853259 -4.160215 -1.754737 -1.944426 -2.220654 -0.731963 -3.110551 -3.611573 -2.709559 -2.128144 -2.274551 -2.719159 -4.850828 -4.619734 -4.998465 -2.004716 -1.694595 -1.780398 -3.274709 -5.093631 -2.021774 -0.071735 -1.095798 -2.694544 -1.855661 -1.888376 -1.477717 -1.230430 -1.331759 -1.379669 -1.167012 -0.790269 -0.163800 -0.067287 -9999.0 -9999.0
-9999.0 -9999.0 -9999.0 -9999.0 -9999.0 -9999.0 -9999.0 -9999.0 -9999.0 -9999.0 -1.707123 -1.670453 -1.783827 -0.200215 -0.116749 -0.352115 -1.466754 -0.261008 -0.073702 -0.069899 -1.198012 -1.480883 -0.241045 -1.277633 -1.056704 -3.643408 -1.829786 -1.761633 -2.045194 -3.416372 -3.185744 -1.991166 -3.698188 -3.335169 -3.406408 -2.086848 -2.712524 -3.511182 -4.198752 -3.015864 -1.889340 -1.764448 -1.979859 -2.577330 -0.576766 -1.716352 -1.598230 -2.031631 -1.069044 -0.453911 -2.551499 -1.796062 -0.744791 -1.377052 -1.293535 -1.203461 -1.380314 -0.085475 -0.881537 -0.079164 -9999.0 -9999.0
-9999.0 -9999.0 -9999.0 -9999.0 -9999.0 -9999.0 -9999.0 -9999.0 -0.253433 -1.309564 -1.806498 -1.845508 -1.744652 -1.748670 -0.553390 -0.255864 -1.756771 -0.186148 -0.048926 -0.049299 -0.067353 -1.023238 -3.011331 -1.929904 -1.820325 -1.576561 -0.479841 -2.123704 -2.044835 -2.057668 -4.701447 -2.848459 -1.966321 -1.841159 -1.838132 -3.828180 -1.855160 -2.416030 -4.107976 -1.973328 -2.739676 -1.989580 -3.359964 -3.747116 -1.888355 -0.333481 -1.815636 -0.425090 -1.536556 -0.062180 -0.332344 -1.690462 -0.352834 -1.474326 -1.376031 -0.005045 -0.772797 -0.081118 -1.936738 -0.085724 -9999.0 -9999.0
-9999.0 -9999.0 -9999.0 -9999.0 -9999.0 -9999.0 -9999.0 -9999.0 -1.659072 -0.688338 -1.805431 -2.019916 -1.794712 -1.607575 -0.663864 -0.926856 -0.112150 -0.123696 -0.089203 -0.041299 -0.048382 -0.060337 -0.179589 -2.631797 -1.378167 -0.642910 -0.510200 -2.090559 -2.887386 -2.052503 -1.917872 -2.181254 -1.893317 -1.915198 -1.118744 -1.415484 -1.812601 -2.063705 -2.212883 -1.980737 -1.819896 -3.776688 -3.041186 -1.484296 -1.560192 -1.501928 -1.904326 -1.621761 -1.610957 -0.142942 -0.156921 -1.476493 -0.977024 -0.005059 -2.032442 -2.102019 -1.830352 -2.026787 -0.273631 -0.032299 -0.031145 -9999.0
-9999.0 -9999.0 -9999.0 -9999.0 -9999.0 -9999.0 -9999.0 -9999.0 -1.722998 -1.633383 -0.500120 -1.782917 -1.826364 -1.912400 -0.103241 -2.098550 -2.666075 -1.296772 -0.055139 -0.052680 -0.039963 -0.045921 -0.057292 -0.095872 -0.085415 -1.520270 -1.075900 -2.029391 -4.374967 -2.055337 -1.924428 -1.930303 -2.372397 -3.029434 -0.478676 -0.779856 -1.822975 -2.085909 -2.009125 -1.978320 -1.762821 -1.704652 -0.465362 -1.762416 -1.807320 -1.814619 -1.674511 -0.124069 -1.664504 -1.515015 -0.043660 -1.213320 -2.195595 -2.059273 -2.466796 -1.481123 -0.167664 -0.101491 -0.048246 -0.039691 -0.030245 -9999.0
-9999.0 -9999.0 -9999.0 -9999.0 -9999.0 -9999.0 -9999.0 -9999.0 -3.434271 -1.714336 -0.152182 -2.587649 -0.103246 -0.179979 -1.471124 -2.211271 -0.891227 -0.047718 -0.070937 -0.041076 -0.042802 -0.042118 -0.046245 -0.074564 -0.247010 -0.142613 -0.209158 -2.048410 -0.331649 -1.596860 -2.117666 -2.037797 -2.340129 -1.768982 -1.879465 -2.161492 -1.996387 -0.160312 -2.140336 -2.214568 -1.791862 -0.988337 -0.933500 -2.073533 -0.299504 -1.847365 -0.112122 -1.910277 -0.119332 -1.974934 -0.120744 -0.050005 -0.267862 -0.531177 -0.145139 -0.105834 -0.052738 -0.030451 -0.023431 -0.029490 -0.054077 -0.062547
-9999.0 -9999.0 -9999.0 -9999.0 -9999.0 -9999.0 -9999.0 -9999.0 -1.939904 -1.606364 -0.149260 -0.106516 -0.069069 -1.631438 -0.117540 -0.073392 -0.066131 -1.223798 -0.135943 -0.267325 -0.069607 -0.043278 -0.044526 -0.066592 -1.332199 -0.209814 -2.332134 -0.300430 -0.280687 -0.195937 -1.898387 -0.222587 -2.781264 -0.222176 -2.239667 -2.137903 -2.125528 -0.134535 -3.281137 -2.114470 -2.234698 -2.155112 -2.225400 -2.299023 -2.069904 -0.978876 -2.039293 -1.848176 -2.027361 -2.719915 -0.427933 -0.319552 -0.048623 -0.086711 -0.051619 -0.042923 -0.031022 -0.030382 -0.039793 -0.069391 -0.168908 -0.090635
-9999.0 -9999.0 -1.754242 -1.736850 -1.768230 -1.766794 -1.361877 -1.903804 -1.887601 -1.240829 -1.569558 -0.364620 -0.304616 -0.110033 -0.132964 -0.076165 -1.473515 -1.789568 -1.722550 -0.133454 -0.278291 -0.044962 -0.044954 -0.049914 -0.097824 -3.044550 -0.292132 -2.197904 -3.511548 -0.157883 -0.645795 -0.183096 -0.114056 -2.522928 -2.394426 -2.520813 -2.142515 -0.429081 -2.807894 -2.451398 -2.471711 -2.678598 -4.519420 -0.457467 -2.076067 -1.930409 -1.960098 -0.299032 -0.782073 -0.122824 -0.054949 -0.042882 -0.032032 -0.033636 -0.034450 -0.042298 -0.042867 -0.043239 -0.098056 -0.230607 -0.040062 -0.052591
-9999.0 -0.629341 -0.734564 -0.754538 -1.686154 -0.230389 -1.688078 -1.810471 -1.727822 -1.665905 -1.711868 -0.071914 -0.103437 -0.038813 -0.043130 -0.066871 -1.763491 -1.827451 -0.338129 -0.144851 -1.080967 -0.272128 -0.067338 -0.040461 -0.069217 -0.155952 -0.237316 -0.122442 -0.411307 -1.089896 -2.535653 -2.113438 -1.336752 -0.109362 -1.792646 -0.331241 -1.485837 -1.344741 -0.359819 -0.487220 -2.256697 -0.314668 -0.260020 -2.212839 -2.540161 -2.190933 -0.110673 -0.205354 -0.068577 -0.016667 -0.032304 -0.038975 -0.044422 -0.052463 -0.053673 -0.063185 -0.087063 -0.062610 -0.065503 -0.117044 -0.044381 -0.057070
-9999.0 -1.271845 -0.186247 -0.155267 -0.073651 -0.184105 -1.954853 -2.153232 -1.941608 -1.749583 -1.891180 -0.094553 -0.101323 -0.040022 -1.409318 -1.765737 -1.661585 -1.806068 -0.197808 -0.584921 -0.103287 -0.145487 -0.060340 -0.068924 -0.059754 -0.055501 -0.040102 -0.051600 -0.052014 -0.186683 -0.089919 -0.233037 -0.146145 -0.081925 -0.069036 -0.072804 -0.051824 -0.047375 -0.071135 -0.072401 -0.075752 -0.078541 -0.332522 -0.061471 -0.043459 -0.052226 -0.034973 -0.031431 -0.031510 -0.032057 -0.062093 -0.120936 -0.097335 -0.058963 -0.110150 -0.124525 -0.121671 -0.148486 -0.089988 -0.018068 -0.008333 -9999.0
