user2019/resources/simulation/Vinschgau/output-maps/TsL0002N1250.asc
ncols         63
nrows         48
xllcorner     598000.000000
yllcorner     5145000.000000
cellsize      1000.000000
NODATA_value  -9999.0
[rows 0 to 27 of 48, columns 0 to 62 of 63]
-9999.0 -9999.0 -9999.0 -9999.0 -9999.0 -9999.0 -9999.0 -9999.0 -9999.0 -9999.0 -9999.0 -9999.0 -9999.0 -9999.0 -9999.0 -9999.0 -9999.0 -9999.0 -9999.0 -9999.0 -9999.0 -9999.0 -9999.0 -9999.0 -9999.0 -9999.0 -9999.0 -9999.0 -9999.0 -9999.0 -9999.0 -9999.0 -9999.0 -9999.0 -9999.0 -9999.0 -9999.0 -9999.0 -9999.0 -9999.0 -9999.0 -9999.0 -9999.0 -9999.0 -9999.0 -9999.0 -9999.0 -9999.0 -9999.0 -9999.0 -9999.0 -9999.0 -9999.0 -9999.0 -9999.0 -9999.0 -9999.0 -9999.0 -9999.0 -9999.0 -9999.0 -9999.0 -9999.0
-9999.0 -9999.0 -9999.0 -9999.0 -9999.0 -9999.0 -9999.0 -9999.0 -9999.0 -9999.0 -9999.0 -9999.0 -9999.0 -9999.0 -9999.0 -9999.0 -9999.0 -9999.0 -9999.0 -9999.0 -9999.0 -9999.0 -9999.0 -9999.0 -9999.0 -9999.0 -9999.0 6.843427 3.141153 7.392744 -0.001501 -0.004298 -0.007788 -9999.0 -9999.0 -9999.0 -9999.0 -9999.0 -9999.0 -9999.0 -9999.0 -9999.0 -9999.0 -9999.0 -9999.0 -9999.0 -9999.0 -9999.0 -9999.0 -9999.0 -9999.0 -9999.0 -9999.0 -9999.0 -9999.0 -9999.0 -9999.0 -9999.0 -9999.0 -9999.0 -9999.0 -9999.0 -9999.0
-9999.0 -9999.0 -9999.0 -9999.0 -9999.0 -9999.0 -9999.0 -9999.0 -9999.0 -9999.0 -9999.0 -9999.0 -9999.0 -9999.0 -9999.0 -9999.0 -9999.0 -9999.0 -9999.0 -9999.0 -9999.0 -9999.0 -9999.0 -9999.0 5.122579 5.551308 6.242061 5.080401 6.067689 5.639190 -0.003104 -9999.0 -9999.0 -9999.0 -9999.0 -9999.0 -9999.0 -9999.0 -9999.0 -9999.0 -9999.0 -9999.0 -9999.0 -9999.0 -9999.0 -9999.0 -9999.0 -9999.0 -9999.0 -9999.0 -9999.0 -9999.0 -9999.0 -9999.0 -9999.0 -9999.0 -9999.0 -9999.0 -9999.0 -9999.0 -9999.0 -9999.0 -9999.0
-9999.0 -9999.0 -9999.0 -9999.0 -9999.0 -9999.0 -9999.0 -9999.0 -9999.0 -9999.0 -9999.0 -9999.0 -9999.0 -9999.0 -9999.0 -9999.0 -9999.0 -9999.0 -9999.0 -9999.0 -9999.0 -9999.0 -9999.0 5.943662 7.919192 5.755702 5.956206 6.113628 6.407218 6.829332 -0.002995 -0.006139 -9999.0 -9999.0 -9999.0 -9999.0 -9999.0 -9999.0 -9999.0 -9999.0 -9999.0 -9999.0 -9999.0 -9999.0 -9999.0 -9999.0 -9999.0 -9999.0 -9999.0 -9999.0 -9999.0 -9999.0 -9999.0 -9999.0 -9999.0 -9999.0 -9999.0 -9999.0 -9999.0 -9999.0 -9999.0 -9999.0 -9999.0
-9999.0 -9999.0 -9999.0 -9999.0 -9999.0 -9999.0 -9999.0 -9999.0 -9999.0 -9999.0 -9999.0 -9999.0 -9999.0 -9999.0 -9999.0 -9999.0 -9999.0 -9999.0 13.056237 8.043186 -9999.0 7.122466 8.085307 5.589516 5.509882 6.306722 8.175957 9.128796 3.966787 2.838438 5.927394 -0.001973 2.724036 4.275374 -9999.0 -9999.0 -9999.0 -9999.0 -9999.0 -9999.0 -9999.0 -9999.0 -9999.0 -9999.0 -9999.0 -9999.0 -9999.0 -9999.0 -9999.0 -9999.0 -9999.0 -9999.0 -9999.0 -9999.0 -9999.0 -9999.0 -9999.0 -9999.0 -9999.0 -9999.0 -9999.0 -9999.0 -9999.0
-9999.0 -9999.0 -9999.0 -9999.0 -9999.0 -9999.0 -9999.0 -9999.0 -9999.0 -9999.0 -9999.0 -9999.0 -9999.0 -9999.0 -9999.0 -9999.0 -9999.0 6.174842 4.825830 5.962743 10.381233 2.209834 3.431450 5.503918 9.743624 0.838737 -0.024808 2.517852 -0.019431 3.677283 8.505641 6.304893 7.991809 6.274913 2.937349 3.532346 -9999.0 -9999.0 -9999.0 -9999.0 -9999.0 -9999.0 -9999.0 -9999.0 -9999.0 -9999.0 -9999.0 -9999.0 -9999.0 -9999.0 -9999.0 -9999.0 -9999.0 -9999.0 -9999.0 -9999.0 -9999.0 -9999.0 -9999.0 -9999.0 -9999.0 -9999.0 -9999.0
-9999.0 -9999.0 -9999.0 -9999.0 -9999.0 -9999.0 -9999.0 -9999.0 -9999.0 -9999.0 -9999.0 -9999.0 -9999.0 13.411291 5.391884 4.588212 5.915891 17.833084 5.934050 5.969899 5.722656 5.396284 6.222111 10.181683 -0.008479 7.830767 -0.002765 -0.003404 -0.011783 -0.003753 -0.059084 6.344059 4.001927 1.346390 3.962105 3.377107 -9999.0 -9999.0 -9999.0 -9999.0 -9999.0 -9999.0 -9999.0 -9999.0 -9999.0 -9999.0 -9999.0 -9999.0 -9999.0 -9999.0 -9999.0 -9999.0 -9999.0 -9999.0 -9999.0 -9999.0 -9999.0 -9999.0 -9999.0 -9999.0 -9999.0 -9999.0 -9999.0
-9999.0 -9999.0 -9999.0 -9999.0 -9999.0 -9999.0 -9999.0 -9999.0 -9999.0 -9999.0 -9999.0 -9999.0 -9999.0 13.678362 7.141811 5.325900 5.134208 18.643668 17.893772 8.108477 5.265737 12.224055 3.755887 2.453150 4.213779 2.470909 2.880270 7.383699 5.299383 -0.023592 -0.029422 -0.001567 2.718324 2.155618 2.845127 -9999.0 -9999.0 -9999.0 -9999.0 -9999.0 -9999.0 -9999.0 -9999.0 -9999.0 -9999.0 -9999.0 -9999.0 -9999.0 -9999.0 -9999.0 -9999.0 -9999.0 -9999.0 -9999.0 -9999.0 -9999.0 -9999.0 -9999.0 -9999.0 -9999.0 -9999.0 -9999.0 -9999.0
-9999.0 -9999.0 -9999.0 -9999.0 -9999.0 -9999.0 -9999.0 -9999.0 -9999.0 -9999.0 -9999.0 -9999.0 -9999.0 7.397158 8.397589 8.534055 5.069803 5.799265 18.599201 6.103443 15.782779 5.017029 1.231343 -0.019094 4.634683 3.762599 8.629177 4.327855 -0.005884 2.539864 -0.003323 2.410271 2.762507 -4.564696 3.805367 -9999.0 -9999.0 -9999.0 -9999.0 -9999.0 -9999.0 -9999.0 -9999.0 -9999.0 -9999.0 -9999.0 -9999.0 -9999.0 -9999.0 -9999.0 -9999.0 -9999.0 -9999.0 -9999.0 -9999.0 -9999.0 -9999.0 -9999.0 -9999.0 -9999.0 -9999.0 -9999.0 -9999.0
-9999.0 -9999.0 -9999.0 -9999.0 -9999.0 -9999.0 -9999.0 -9999.0 -9999.0 -9999.0 -9999.0 -9999.0 6.315334 7.991945 8.234686 6.744635 3.732315 5.463386 20.003107 8.150135 6.190157 1.161236 2.112969 -0.006669 -0.070002 2.828234 -0.757106 -0.003943 3.705549 2.645232 -0.005169 2.801108 -0.007917 4.357933 -9999.0 -9999.0 -9999.0 -9999.0 -9999.0 -9999.0 -9999.0 -9999.0 -9999.0 -9999.0 -9999.0 -9999.0 -9999.0 -9999.0 -9999.0 -9999.0 -9999.0 -9999.0 -9999.0 -9999.0 -9999.0 -9999.0 -9999.0 -9999.0 -9999.0 -9999.0 -9999.0 -9999.0 -9999.0
-9999.0 -9999.0 -9999.0 -9999.0 -9999.0 -9999.0 -9999.0 -9999.0 -9999.0 -9999.0 -9999.0 12.247667 7.760916 3.955708 7.888898 16.627749 7.527144 5.727509 19.318377 9.492356 3.956316 5.139470 8.582875 5.714288 2.413661 5.010701 -0.005627 2.487778 -0.007718 3.088313 2.980661 4.207760 3.597296 3.271476 2.970478 5.476245 -0.004062 2.873369 4.018560 -9999.0 -9999.0 -9999.0 4.195997 -9999.0 -9999.0 -9999.0 -9999.0 -9999.0 -9999.0 -9999.0 -9999.0 -9999.0 -9999.0 -9999.0 -9999.0 -9999.0 -9999.0 -9999.0 -9999.0 -9999.0 -9999.0 -9999.0 -9999.0
-9999.0 -9999.0 -9999.0 -9999.0 -9999.0 -9999.0 -9999.0 -9999.0 -9999.0 -9999.0 -9999.0 11.140603 7.385641 9.165392 8.932319 16.938151 10.116321 6.197938 19.623986 14.221004 15.600830 11.979583 7.148789 -0.088586 -0.066156 2.842909 0.449078 4.969622 7.278551 3.209139 1.698232 5.222916 -0.006686 -0.006159 -0.004086 1.977469 6.728159 8.499738 5.062120 3.199475 3.428034 4.409730 -0.001556 2.801414 -9999.0 -9999.0 -9999.0 -0.002477 -0.005585 1.480501 -0.008077 2.547170 2.653665 -0.005889 -0.006873 2.929537 -9999.0 -9999.0 -9999.0 -9999.0 -9999.0 -9999.0 -9999.0
-9999.0 -9999.0 -9999.0 -9999.0 -9999.0 -9999.0 -9999.0 -9999.0 -9999.0 -9999.0 -9999.0 10.804842 12.276741 3.668205 15.351924 17.825141 5.842628 5.010407 16.111387 14.004327 3.192821 1.290873 -0.043648 4.901351 2.906840 7.107392 -0.053416 -1.125810 5.814874 -0.005544 5.196217 -0.068225 4.782120 -0.007415 2.743035 5.927805 -0.062975 -0.163908 10.149687 4.999128 3.891971 -0.004106 5.003629 2.095742 -0.008020 -9999.0 4.929789 -0.007410 -0.002284 3.944739 5.513757 7.562103 1.857137 -0.004037 -0.003895 -0.007398 -9999.0 -9999.0 -9999.0 -9999.0 -9999.0 -9999.0 -9999.0
-9999.0 -9999.0 -9999.0 -9999.0 -9999.0 -9999.0 -9999.0 -9999.0 -9999.0 -9999.0 -9999.0 -9999.0 11.473508 -0.001959 14.216431 14.981058 1.932677 3.999859 18.428339 13.654049 3.099923 2.486978 -0.013390 -0.044668 -0.128901 -0.055376 5.070155 6.052537 -0.002231 3.436164 0.230356 -0.059596 6.433255 -0.004288 -0.005806 3.578741 -0.050941 -0.098979 10.003726 9.159498 9.522716 8.638681 -0.053992 5.987262 3.547009 -0.007171 2.902374 -0.006844 -0.124043 -0.043886 -0.025257 -0.442762 -1.278164 -0.560342 -0.143356 -0.003010 -0.007062 -9999.0 -9999.0 -9999.0 -9999.0 -9999.0 -9999.0
-9999.0 -9999.0 -9999.0 -9999.0 -9999.0 -9999.0 -9999.0 -9999.0 -9999.0 -9999.0 -9999.0 -0.034567 8.542858 14.319117 -0.000927 2.541184 4.403750 3.222121 17.690392 5.014585 3.361369 1.387955 -0.000911 -0.052924 -0.049980 -0.188023 -0.046302 -0.003302 -0.004856 7.373337 -0.054970 -0.165647 7.244074 -0.004050 -0.004425 2.042083 3.790836 -0.031741 1.479685 11.646354 -0.032407 -0.009388 -0.003323 -0.001489 7.905566 -0.003160 3.501357 7.035519 8.010959 -0.012096 -0.516381 -0.002573 -0.605377 -3.706640 -4.447555 -2.526040 2.473880 -9999.0 -9999.0 -9999.0 -9999.0 -9999.0 -9999.0
-9999.0 -9999.0 -9999.0 -9999.0 -9999.0 -9999.0 -9999.0 -9999.0 -9999.0 -9999.0 5.677169 -0.023684 7.982916 8.944785 11.189274 0.002951 -0.000735 -0.009897 4.212337 4.656250 11.208803 8.270826 -0.067174 8.859167 -0.001890 -0.123888 -0.078262 -1.349619 6.914514 7.371708 -0.042531 -0.205025 6.523137 -0.004238 3.465793 5.367781 6.541199 -0.043405 -0.191678 1.983041 2.256707 3.220891 11.168372 1.550378 -0.017635 7.195699 4.135534 -0.032317 -0.070638 -0.004542 -1.601029 2.543437 -4.905284 -0.257005 0.948281 -0.004317 -0.004061 -9999.0 -9999.0 -9999.0 -9999.0 -9999.0 -9999.0
-9999.0 -9999.0 -9999.0 -9999.0 -9999.0 -9999.0 -9999.0 -9999.0 -9999.0 3.837917 6.835504 -0.019474 -0.001148 -0.033316 -0.023270 -0.015492 -0.021513 11.651598 4.142652 4.701807 11.657485 1.560192 0.955488 2.984056 1.269133 -0.579847 -0.155362 7.033699 -0.022283 -0.001060 1.367320 -0.781239 5.656493 3.111487 4.501588 5.167935 6.290834 -0.059543 -0.047207 -0.022735 -0.361711 -0.061026 -0.057334 2.187325 1.770619 -0.019391 9.621422 -0.037730 -0.036551 1.471663 -0.081761 2.505328 -3.546175 2.764650 1.073041 -1.403730 -0.251109 2.740534 2.172798 -9999.0 -9999.0 -9999.0 -9999.0
-9999.0 -9999.0 -9999.0 -9999.0 -9999.0 -9999.0 -9999.0 -9999.0 -9999.0 3.553358 3.399309 7.837302 7.482254 -0.003730 -0.023189 -0.033953 9.421420 2.908965 4.707826 12.967035 12.424127 12.330162 9.022333 6.527467 -0.226259 -0.062266 -0.032203 -0.001359 2.328755 6.572730 6.033714 -1.144241 3.145055 -0.006829 -0.002276 5.002378 6.614684 8.492313 3.055442 7.681713 -0.049452 -0.073242 -0.028090 2.707273 3.285233 4.316732 4.008301 2.544583 -0.004934 1.907634 -2.048723 -2.555780 0.969543 -0.073213 0.987367 -1.858877 -0.601072 -0.081643 6.020771 -9999.0 -9999.0 -9999.0 -9999.0
-9999.0 -9999.0 -9999.0 -9999.0 -9999.0 -9999.0 -9999.0 -9999.0 -9999.0 -9999.0 -0.001774 7.290235 -0.006314 -0.178101 0.225378 -0.021385 -0.005756 4.419846 5.479808 7.413858 12.434387 3.389046 -0.020425 -0.051478 -0.049436 -0.015479 1.751969 2.926941 5.954963 -0.718964 -1.033515 -0.963123 -0.829897 -0.004700 4.820420 7.353183 7.007221 7.113293 6.429663 2.194033 -0.001921 6.812571 6.829465 -0.017122 -0.010394 -0.005819 2.346859 9.277872 5.887331 2.070676 -1.001775 -0.185579 0.941874 0.828834 -0.078930 -0.007378 2.938137 -0.113060 -0.021156 -0.012269 -9999.0 -9999.0 -9999.0
-9999.0 -9999.0 -9999.0 -9999.0 -9999.0 -9999.0 -9999.0 -9999.0 -9999.0 -9999.0 -0.002745 4.512242 6.725414 -0.001364 7.542365 0.735339 -0.009393 3.222585 5.884684 8.209099 4.055661 2.252203 -0.023555 -0.022535 -0.016336 2.411437 3.650759 -0.006058 -0.421096 -0.601496 1.622498 5.589045 -0.748980 -0.006366 2.289586 7.508882 -0.097563 -0.027097 -0.163357 -0.004006 3.166004 9.553250 -0.035181 6.972126 7.282228 -0.048669 -0.002843 -0.009831 3.705516 4.594757 1.187717 -0.089836 -1.309396 0.966833 -0.000871 0.859535 -0.007815 -0.038508 1.795123 3.641249 -9999.0 -9999.0 -9999.0
-9999.0 -9999.0 -9999.0 -9999.0 -9999.0 -9999.0 -9999.0 -9999.0 4.528606 -0.001899 -0.004521 5.063260 -0.050681 -0.027898 -0.028553 2.118307 3.572461 13.090590 8.500739 8.659013 5.786459 4.805016 3.992132 2.386683 2.562203 2.395021 7.564365 -0.112754 -0.078824 -0.497977 2.068535 2.073922 1.927263 -0.005365 3.667510 3.493117 10.273015 -0.017179 -1.630664 5.238373 7.677635 6.576220 -0.440141 6.316964 9.076813 5.685306 -1.462909 -0.029542 -0.006230 4.236543 2.118556 -0.122039 -0.432319 -2.992528 0.898386 -0.007014 3.338252 7.371177 2.627912 5.027876 -9999.0 -9999.0 -9999.0
-9999.0 -9999.0 -9999.0 -9999.0 -9999.0 -9999.0 -9999.0 -9999.0 -1.009209 -0.397580 -0.260935 -0.004655 3.582652 -0.310388 -0.133054 -0.005886 2.546657 3.134046 6.128536 9.224339 18.535281 16.121201 16.344443 15.607080 4.086389 3.923618 1.271810 -0.024401 -0.715285 -0.004607 -0.006420 6.095228 3.855388 6.752448 5.074262 6.188506 11.431181 1.630102 -0.025805 6.088905 1.590792 -0.002758 7.126237 6.696754 4.888796 -0.042357 -0.877771 5.339501 -0.021766 1.897245 3.505483 -0.023355 -3.989327 -0.007477 1.606874 -0.838519 -0.043280 -0.001048 4.690688 7.783168 8.947800 -9999.0 -9999.0
-9999.0 -9999.0 -9999.0 -9999.0 -9999.0 -9999.0 -9999.0 -9999.0 2.005857 3.285819 -0.001519 -0.737948 4.182676 -0.260515 -0.037305 -0.100116 0.705632 5.645721 6.050402 17.823683 9.658779 15.827642 16.362473 8.501104 13.009340 3.824981 0.812253 -0.376439 -1.192097 1.747376 7.083210 6.212898 -0.087975 -0.065392 7.374391 10.628739 0.239798 2.175415 -0.022959 -0.031711 5.868057 7.881704 5.376235 3.081522 -0.060910 5.039449 4.888603 0.494384 -0.101895 -0.015551 3.053918 1.849142 -3.006201 -3.838252 -0.025883 -0.000964 2.586302 4.341590 7.855796 8.004970 8.487250 -9999.0 -9999.0
-9999.0 -9999.0 -9999.0 -9999.0 -9999.0 -9999.0 -9999.0 -9999.0 2.593640 5.702686 -0.031140 -1.180144 4.024475 -0.062075 -0.221063 0.509075 4.580482 5.828047 12.646878 6.267990 9.064352 9.453018 14.954778 14.115474 4.211451 1.575115 -0.030824 -1.071479 6.514594 -0.040441 -0.036550 -0.024326 0.003765 -0.000929 -0.019844 10.461195 13.453740 4.724965 1.249901 -0.002089 7.443172 7.971660 7.733988 8.986172 3.251895 7.701106 7.331585 8.152055 2.788487 -0.043675 -0.008722 2.822260 1.987748 -0.023153 2.135209 3.223538 5.265614 5.384005 6.267268 8.219613 7.222261 3.274106 -9999.0
-9999.0 -9999.0 -9999.0 -9999.0 -9999.0 -9999.0 -9999.0 -9999.0 -0.007734 4.088584 -0.286451 -0.698809 -0.065203 -0.043859 6.459850 4.321118 9.212601 3.024157 1.407678 3.493765 5.357175 8.802975 9.048241 8.722534 12.288281 0.723716 -0.241298 -0.017798 0.749390 0.738689 -0.046296 1.837870 4.116473 2.921387 2.228755 4.053316 6.065304 6.719654 6.080272 4.078962 2.643548 2.420485 2.566863 0.008197 -0.039992 8.444061 -0.023443 -0.019368 -0.025475 1.622228 3.538430 2.318872 2.507352 3.656435 4.115247 4.555861 5.387425 6.579450 7.420758 7.737119 4.763113 2.698692 -9999.0
-9999.0 -9999.0 5.464598 4.966734 -1.344672 -0.070723 -0.678006 -0.267258 -0.004779 0.335242 -0.056194 -0.408454 -0.035237 1.248515 8.161487 2.992144 -0.017224 -0.381509 -0.030518 -0.006193 3.375199 6.068233 8.111321 6.736366 6.803228 2.642601 -0.010204 0.720167 3.195557 8.069340 -0.018923 1.492401 11.347326 4.046679 7.113605 5.314370 9.649128 8.969476 7.892707 5.220519 7.453097 7.436942 4.940223 4.688703 -0.007127 2.214844 3.435114 1.944592 5.020826 6.157703 7.067415 6.281669 5.149065 4.546980 4.379795 12.812643 5.127357 5.718118 5.773763 4.118415 9.849893 1.932847 -9999.0
-9999.0 -0.033666 -0.047087 -0.049210 -0.064380 -0.113406 -0.544362 -0.339960 -1.109068 -0.005087 -0.178425 -0.128620 -0.000737 7.215945 6.253325 -0.057439 -0.057550 -0.092462 -0.057389 -0.013026 3.153976 4.903399 12.235722 5.479167 13.497711 6.671426 11.725217 11.983511 7.378561 5.696302 6.034273 6.235799 7.933336 14.707521 10.211513 11.505725 13.163787 11.864929 13.296020 11.710630 10.798915 10.645515 9.930879 5.476910 4.186820 4.569661 7.034077 6.550036 8.954103 6.642519 7.157286 5.910411 4.928062 4.048315 3.951601 3.260648 1.228262 1.596941 3.093958 7.340368 1.050224 1.742939 -9999.0
-9999.0 8.906740 -0.001122 -0.010152 5.255423 -0.036160 -1.621347 -0.683080 -0.006369 -0.006248 -0.193849 -0.383048 0.703960 6.778766 -0.036960 -3.115432 -0.266036 -0.115679 -0.226554 -0.007578 7.708408 2.556629 3.654305 4.993705 14.859982 16.154457 6.063225 8.562661 8.391733 7.032107 7.171050 6.961263 9.640761 10.501417 17.582603 13.514544 24.134117 25.097457 16.195187 15.132103 14.440778 13.340148 12.286232 8.697567 8.552325 8.427602 10.139816 9.763668 9.095930 8.222611 6.234474 2.596473 1.407035 1.908114 1.035580 -0.027036 -0.030089 -0.030945 -0.026766 -0.038969 -0.024077 -9999.0 -9999.0
