user2019/resources/simulation/Vinschgau/output-maps/TsL0007N1459.asc
ncols         63
nrows         48
xllcorner     598000.000000
yllcorner     5145000.000000
cellsize      1000.000000
NODATA_value  -9999.0
[rows 0 to 27 of 48, columns 0 to 62 of 63]
-9999.0 -9999.0 -9999.0 -9999.0 -9999.0 -9999.0 -9999.0 -9999.0 -9999.0 -9999.0 -9999.0 -9999.0 -9999.0 -9999.0 -9999.0 -9999.0 -9999.0 -9999.0 -9999.0 -9999.0 -9999.0 -9999.0 -9999.0 -9999.0 -9999.0 -9999.0 -9999.0 -9999.0 -9999.0 -9999.0 -9999.0 -9999.0 -9999.0 -9999.0 -9999.0 -9999.0 -9999.0 -9999.0 -9999.0 -9999.0 -9999.0 -9999.0 -9999.0 -9999.0 -9999.0 -9999.0 -9999.0 -9999.0 -9999.0 -9999.0 -9999.0 -9999.0 -9999.0 -9999.0 -9999.0 -9999.0 -9999.0 -9999.0 -9999.0 -9999.0 -9999.0 -9999.0 -9999.0
-9999.0 -9999.0 -9999.0 -9999.0 -9999.0 -9999.0 -9999.0 -9999.0 -9999.0 -9999.0 -9999.0 -9999.0 -9999.0 -9999.0 -9999.0 -9999.0 -9999.0 -9999.0 -9999.0 -9999.0 -9999.0 -9999.0 -9999.0 -9999.0 -9999.0 -9999.0 -9999.0 -1.076920 -0.011177 -0.769974 -0.875491 -2.151300 -3.917909 -9999.0 -9999.0 -9999.0 -9999.0 -9999.0 -9999.0 -9999.0 -9999.0 -9999.0 -9999.0 -9999.0 -9999.0 -9999.0 -9999.0 -9999.0 -9999.0 -9999.0 -9999.0 -9999.0 -9999.0 -9999.0 -9999.0 -9999.0 -9999.0 -9999.0 -9999.0 -9999.0 -9999.0 -9999.0 -9999.0
-9999.0 -9999.0 -9999.0 -9999.0 -9999.0 -9999.0 -9999.0 -9999.0 -9999.0 -9999.0 -9999.0 -9999.0 -9999.0 -9999.0 -9999.0 -9999.0 -9999.0 -9999.0 -9999.0 -9999.0 -9999.0 -9999.0 -9999.0 -9999.0 -0.000836 -0.000632 -0.000575 -0.000806 -0.000527 -0.000672 -0.981637 -9999.0 -9999.0 -9999.0 -9999.0 -9999.0 -9999.0 -9999.0 -9999.0 -9999.0 -9999.0 -9999.0 -9999.0 -9999.0 -9999.0 -9999.0 -9999.0 -9999.0 -9999.0 -9999.0 -9999.0 -9999.0 -9999.0 -9999.0 -9999.0 -9999.0 -9999.0 -9999.0 -9999.0 -9999.0 -9999.0 -9999.0 -9999.0
-9999.0 -9999.0 -9999.0 -9999.0 -9999.0 -9999.0 -9999.0 -9999.0 -9999.0 -9999.0 -9999.0 -9999.0 -9999.0 -9999.0 -9999.0 -9999.0 -9999.0 -9999.0 -9999.0 -9999.0 -9999.0 -9999.0 -9999.0 -0.000622 0.041398 2.266163 2.830936 2.957471 2.819673 -0.001157 -0.950274 -2.750096 -9999.0 -9999.0 -9999.0 -9999.0 -9999.0 -9999.0 -9999.0 -9999.0 -9999.0 -9999.0 -9999.0 -9999.0 -9999.0 -9999.0 -9999.0 -9999.0 -9999.0 -9999.0 -9999.0 -9999.0 -9999.0 -9999.0 -9999.0 -9999.0 -9999.0 -9999.0 -9999.0 -9999.0 -9999.0 -9999.0 -9999.0
-9999.0 -9999.0 -9999.0 -9999.0 -9999.0 -9999.0 -9999.0 -9999.0 -9999.0 -9999.0 -9999.0 -9999.0 -9999.0 -9999.0 -9999.0 -9999.0 -9999.0 -9999.0 2.525167 0.017897 -9999.0 -0.000599 0.035970 1.873015 2.247370 2.845381 1.725665 1.969546 1.746306 0.302674 -0.001149 -0.857958 -3.382391 -4.657187 -9999.0 -9999.0 -9999.0 -9999.0 -9999.0 -9999.0 -9999.0 -9999.0 -9999.0 -9999.0 -9999.0 -9999.0 -9999.0 -9999.0 -9999.0 -9999.0 -9999.0 -9999.0 -9999.0 -9999.0 -9999.0 -9999.0 -9999.0 -9999.0 -9999.0 -9999.0 -9999.0 -9999.0 -9999.0
-9999.0 -9999.0 -9999.0 -9999.0 -9999.0 -9999.0 -9999.0 -9999.0 -9999.0 -9999.0 -9999.0 -9999.0 -9999.0 -9999.0 -9999.0 -9999.0 -9999.0 4.691703 3.363382 2.753773 -0.005284 0.013185 0.303738 1.196185 2.223366 0.025018 -0.108123 0.210300 -0.037517 1.160416 0.216889 -0.000788 -0.585052 -1.044100 -3.924080 -4.750197 -9999.0 -9999.0 -9999.0 -9999.0 -9999.0 -9999.0 -9999.0 -9999.0 -9999.0 -9999.0 -9999.0 -9999.0 -9999.0 -9999.0 -9999.0 -9999.0 -9999.0 -9999.0 -9999.0 -9999.0 -9999.0 -9999.0 -9999.0 -9999.0 -9999.0 -9999.0 -9999.0
-9999.0 -9999.0 -9999.0 -9999.0 -9999.0 -9999.0 -9999.0 -9999.0 -9999.0 -9999.0 -9999.0 -9999.0 -9999.0 0.679342 1.259293 2.868874 4.166912 6.389765 4.281638 1.933338 1.930273 1.655322 2.197512 2.338316 -0.004471 0.026173 -1.290219 -0.156022 -0.241175 -0.003283 -1.602440 0.016610 -0.001937 -0.782624 -2.233331 -4.968576 -9999.0 -9999.0 -9999.0 -9999.0 -9999.0 -9999.0 -9999.0 -9999.0 -9999.0 -9999.0 -9999.0 -9999.0 -9999.0 -9999.0 -9999.0 -9999.0 -9999.0 -9999.0 -9999.0 -9999.0 -9999.0 -9999.0 -9999.0 -9999.0 -9999.0 -9999.0 -9999.0
-9999.0 -9999.0 -9999.0 -9999.0 -9999.0 -9999.0 -9999.0 -9999.0 -9999.0 -9999.0 -9999.0 -9999.0 -9999.0 1.476620 3.281610 3.687330 3.604476 6.204149 6.448746 3.331175 3.340180 3.378271 2.280106 1.202281 1.274876 0.448951 -0.110849 -0.902160 -2.558139 -0.805521 -0.328281 -0.827244 -3.174661 -4.680731 -4.269449 -9999.0 -9999.0 -9999.0 -9999.0 -9999.0 -9999.0 -9999.0 -9999.0 -9999.0 -9999.0 -9999.0 -9999.0 -9999.0 -9999.0 -9999.0 -9999.0 -9999.0 -9999.0 -9999.0 -9999.0 -9999.0 -9999.0 -9999.0 -9999.0 -9999.0 -9999.0 -9999.0 -9999.0
-9999.0 -9999.0 -9999.0 -9999.0 -9999.0 -9999.0 -9999.0 -9999.0 -9999.0 -9999.0 -9999.0 -9999.0 -9999.0 2.895956 2.092625 4.094251 3.187795 3.857255 6.697666 4.269495 4.051043 1.317556 0.308642 -0.010588 1.127061 0.804009 -0.545346 -3.031513 -2.708327 -3.828180 -0.994662 -5.078103 -5.230780 -10.317907 -5.268336 -9999.0 -9999.0 -9999.0 -9999.0 -9999.0 -9999.0 -9999.0 -9999.0 -9999.0 -9999.0 -9999.0 -9999.0 -9999.0 -9999.0 -9999.0 -9999.0 -9999.0 -9999.0 -9999.0 -9999.0 -9999.0 -9999.0 -9999.0 -9999.0 -9999.0 -9999.0 -9999.0 -9999.0
-9999.0 -9999.0 -9999.0 -9999.0 -9999.0 -9999.0 -9999.0 -9999.0 -9999.0 -9999.0 -9999.0 -9999.0 1.536239 1.498661 3.626919 1.911217 1.779897 3.543186 6.888202 3.932569 1.982506 0.008453 0.176742 -0.015853 -1.733832 -0.319115 -2.835436 -1.084104 -0.001759 -3.467288 -4.371404 -3.615448 -2.957235 -5.369362 -9999.0 -9999.0 -9999.0 -9999.0 -9999.0 -9999.0 -9999.0 -9999.0 -9999.0 -9999.0 -9999.0 -9999.0 -9999.0 -9999.0 -9999.0 -9999.0 -9999.0 -9999.0 -9999.0 -9999.0 -9999.0 -9999.0 -9999.0 -9999.0 -9999.0 -9999.0 -9999.0 -9999.0 -9999.0
-9999.0 -9999.0 -9999.0 -9999.0 -9999.0 -9999.0 -9999.0 -9999.0 -9999.0 -9999.0 -9999.0 0.772389 3.001337 2.966669 3.010165 2.330584 2.903084 3.728226 6.900801 5.221814 2.104714 1.761956 0.011873 -0.002584 0.382761 -0.001393 -2.528870 -0.394988 -2.952403 -4.703890 -3.751414 -0.001471 -2.273663 -4.311128 -3.868948 -1.725856 -1.852014 -0.770927 -0.706568 -9999.0 -9999.0 -9999.0 -4.442258 -9999.0 -9999.0 -9999.0 -9999.0 -9999.0 -9999.0 -9999.0 -9999.0 -9999.0 -9999.0 -9999.0 -9999.0 -9999.0 -9999.0 -9999.0 -9999.0 -9999.0 -9999.0 -9999.0 -9999.0
-9999.0 -9999.0 -9999.0 -9999.0 -9999.0 -9999.0 -9999.0 -9999.0 -9999.0 -9999.0 -9999.0 0.398529 3.264692 4.747602 4.521114 1.259016 5.551030 4.226926 6.940422 5.310534 4.121290 1.292657 0.008462 -2.141362 -1.310394 -0.056525 -0.799228 -0.001088 -0.716665 -4.376840 -0.638235 0.000270 -2.857685 -3.464258 -3.879913 -0.748574 -0.002789 -0.008143 -0.718577 -4.104269 -4.034413 -4.425196 -0.832341 -3.278652 -9999.0 -9999.0 -9999.0 -4.992402 -4.213645 -4.002146 -3.577151 -4.898501 -5.073005 -4.787278 -4.543747 -5.349916 -9999.0 -9999.0 -9999.0 -9999.0 -9999.0 -9999.0 -9999.0
-9999.0 -9999.0 -9999.0 -9999.0 -9999.0 -9999.0 -9999.0 -9999.0 -9999.0 -9999.0 -9999.0 0.247704 0.410994 1.045978 2.034198 2.104201 1.561073 3.692417 5.947631 5.255639 2.310757 -0.006985 -1.064508 -0.000672 -0.354518 -1.008373 -1.242112 -3.275106 -1.451234 -3.706068 -2.529108 -1.527088 -0.001088 -3.315140 -3.351520 -0.002731 -0.707356 -1.249193 0.011791 -2.305303 -0.640197 -1.643578 -0.002100 -0.550645 -3.427118 -9999.0 -5.395902 -3.411018 -0.839312 -0.001578 -0.001866 -0.617891 -0.575488 -0.897169 -0.963653 -3.191287 -9999.0 -9999.0 -9999.0 -9999.0 -9999.0 -9999.0 -9999.0
-9999.0 -9999.0 -9999.0 -9999.0 -9999.0 -9999.0 -9999.0 -9999.0 -9999.0 -9999.0 -9999.0 -9999.0 0.574847 -0.013925 1.302647 1.504291 0.688743 2.744462 6.407387 5.242231 2.139285 0.408302 -0.034088 -0.698333 -2.538018 -1.372014 0.001910 -0.004895 -0.916746 -3.204042 -0.803390 -1.254954 -0.002686 -1.386915 -2.958522 -0.636055 -1.216248 -1.056222 1.057439 -0.490588 -0.003258 -0.551327 -0.698999 -0.000560 -2.657586 -3.563867 -4.285235 -3.294330 -2.499557 -0.780984 -0.017689 -1.138950 -3.436258 -1.918383 -2.615096 -0.804229 -3.123377 -9999.0 -9999.0 -9999.0 -9999.0 -9999.0 -9999.0
-9999.0 -9999.0 -9999.0 -9999.0 -9999.0 -9999.0 -9999.0 -9999.0 -9999.0 -9999.0 -9999.0 -0.801496 -0.000645 0.659783 -0.016052 0.177441 1.107767 2.115474 5.833373 4.108855 2.402369 0.862539 -0.006411 -1.307473 -1.223684 -0.521178 -0.737089 -1.003746 -1.907034 -0.889012 -1.346901 -1.112768 0.012313 -0.963528 -3.941727 -0.776566 -0.722347 -0.758527 -0.007101 0.379519 -0.766350 -0.007181 -0.020656 -0.672178 0.029362 -0.948881 -0.003067 -0.841537 -0.550796 -0.074557 -3.603645 -0.932764 -3.649550 -5.912604 -6.583627 -5.004865 -3.532371 -9999.0 -9999.0 -9999.0 -9999.0 -9999.0 -9999.0
-9999.0 -9999.0 -9999.0 -9999.0 -9999.0 -9999.0 -9999.0 -9999.0 -9999.0 -9999.0 -0.000118 -0.317620 0.012152 0.025685 0.682619 -0.007943 -0.011039 0.064058 3.233774 3.764939 3.542051 1.968153 -0.546780 0.153219 -0.005983 -1.918270 -1.894109 -5.319067 -0.002522 0.000040 -0.107248 -1.815061 0.000143 -1.029706 -5.130278 -2.443957 -0.003815 -0.933175 -0.081566 0.000433 0.010084 0.722448 3.059892 1.031803 -0.036496 -0.833418 -0.002374 -0.594369 -0.176928 -0.001635 -5.216713 -4.285984 -7.053068 -5.775533 -5.363492 -1.268357 -0.924266 -9999.0 -9999.0 -9999.0 -9999.0 -9999.0 -9999.0
-9999.0 -9999.0 -9999.0 -9999.0 -9999.0 -9999.0 -9999.0 -9999.0 -9999.0 -0.005830 0.025879 -0.122447 -0.026644 -0.762368 -0.044816 -0.031619 -0.148381 1.749342 3.153491 3.791734 3.902121 0.573126 0.388612 0.576163 -0.002303 -1.448252 -2.802502 0.000673 -0.284406 -0.013170 -0.000868 -1.647079 -1.870935 -4.567347 -4.127626 -2.485868 -0.000916 -1.425545 -1.090291 -0.137432 -0.302563 -0.311122 -0.440407 1.797739 1.286583 -0.095978 0.714215 -0.867809 -0.847494 -0.001390 -1.833230 -3.690723 -6.289473 -6.247095 -4.962090 -3.817262 -2.862194 -3.039141 -4.592371 -9999.0 -9999.0 -9999.0 -9999.0
-9999.0 -9999.0 -9999.0 -9999.0 -9999.0 -9999.0 -9999.0 -9999.0 -9999.0 -0.575495 -0.009344 0.001788 0.535584 -0.001810 -0.178943 -0.787295 0.419222 0.640437 3.715105 4.884924 4.505807 3.686562 2.133688 0.283809 -1.061994 -1.594279 -0.699933 -0.002243 0.065348 0.373646 0.125364 -2.022556 -0.005666 -3.224638 -0.874968 -2.541383 -1.148525 -0.648434 -0.698800 0.012078 -0.956922 -1.865317 -0.572038 0.333248 2.554033 2.091617 1.865580 0.476606 -0.007962 -0.001307 -2.894980 -5.627655 -6.068036 -5.152300 -3.868916 -4.758339 -2.700791 -1.964730 -1.022825 -9999.0 -9999.0 -9999.0 -9999.0
-9999.0 -9999.0 -9999.0 -9999.0 -9999.0 -9999.0 -9999.0 -9999.0 -9999.0 -9999.0 -0.851107 0.002317 -0.028656 -0.344588 -0.006983 -0.141788 -0.001707 1.805290 4.493808 4.481027 4.615469 2.239126 -0.002742 -0.179345 -1.263291 -0.048792 -0.000911 0.594425 0.044248 -1.584218 -1.930110 -3.110834 -3.987424 -2.279205 -0.001070 0.011084 -0.000529 0.023531 -1.131157 -0.754060 -0.935238 0.001234 0.099742 -0.085710 -0.006673 -0.003033 1.381460 2.676481 2.703125 0.032086 -1.845704 -3.235049 -5.081292 -5.986001 -5.330326 -3.467699 -0.000539 -1.950484 -0.057021 -0.003920 -9999.0 -9999.0 -9999.0
-9999.0 -9999.0 -9999.0 -9999.0 -9999.0 -9999.0 -9999.0 -9999.0 -9999.0 -9999.0 -0.932381 -0.002130 -0.000583 -0.013440 1.292345 0.251811 -0.005125 2.297103 4.963278 5.051009 3.016835 1.138489 -0.003913 -0.420692 -0.035414 0.072889 1.233375 -0.002353 -1.271213 -3.689069 -0.793427 -0.000483 -4.452928 -3.307775 -0.727739 0.057149 -1.850193 -0.149383 -1.968268 -1.389562 -0.013696 0.028490 -0.714953 -0.001081 0.050519 -0.254507 -0.001419 -0.006667 2.816963 2.363882 -0.001649 -2.175290 -4.322841 -4.645745 -6.628933 -5.817069 -3.538179 -0.989617 1.434655 1.545515 -9999.0 -9999.0 -9999.0
-9999.0 -9999.0 -9999.0 -9999.0 -9999.0 -9999.0 -9999.0 -9999.0 -0.000581 -0.826585 -2.289496 -0.000519 -0.934578 -0.565962 -0.042390 1.484817 2.568978 4.568167 5.333211 5.401583 4.738426 3.608137 2.700628 0.960761 0.447262 1.649959 1.060709 -0.792259 -1.700714 -3.608976 -4.266774 -0.750637 -0.690874 -2.957501 -0.004412 -0.484487 0.589481 -0.030537 -2.524950 -2.495079 -0.854164 0.003299 -3.635749 -1.730594 -0.494295 0.009014 -2.344858 -0.637442 -0.003707 1.944900 0.007668 -0.701652 -4.172682 -6.072595 -5.411038 -2.800893 -2.615960 0.028138 0.425449 4.260755 -9999.0 -9999.0 -9999.0
-9999.0 -9999.0 -9999.0 -9999.0 -9999.0 -9999.0 -9999.0 -9999.0 -3.323332 -1.199656 -3.056556 -2.043113 -0.009429 -2.366243 -0.913401 -0.003081 1.583542 2.164976 5.120437 5.946447 7.449306 6.596961 5.515545 4.260105 2.986415 3.098920 0.549575 -0.307364 -4.580873 -1.207924 -3.247705 -1.445425 -0.002422 -1.067984 -0.000595 -0.000564 1.841239 -0.001060 -0.463847 -0.001110 -0.785699 -1.723932 -1.016066 -0.000959 -0.000042 -0.897425 -4.743756 -0.001769 -0.257236 1.445199 1.319928 -0.291525 -4.360764 -3.400748 -0.627215 -1.728866 -1.871176 -0.007905 2.700724 5.285018 5.929844 -9999.0 -9999.0
-9999.0 -9999.0 -9999.0 -9999.0 -9999.0 -9999.0 -9999.0 -9999.0 -0.759065 -0.001643 -0.526890 -3.862041 -0.000451 -3.385103 -0.890812 -0.772945 0.242816 2.312667 5.068157 7.311395 6.409671 7.122667 6.819760 4.905984 5.026376 2.914795 0.078608 -1.221768 -5.071067 -0.641416 -0.938423 0.005083 -2.076647 -1.644463 0.015234 1.389957 -0.006726 1.832997 -0.024836 -0.651185 -0.001313 -0.867571 -0.000656 -0.000751 -1.455626 -0.000734 -2.548425 -0.003101 -2.478134 -0.005032 2.611906 -0.000219 -2.523437 -4.290252 -0.994678 -0.019460 0.495436 2.255306 4.909371 5.606758 5.903952 -9999.0 -9999.0
-9999.0 -9999.0 -9999.0 -9999.0 -9999.0 -9999.0 -9999.0 -9999.0 -4.007188 -0.001077 -0.648609 -4.973800 -0.000901 -1.571481 -0.257847 -0.002646 3.626949 4.878739 5.160632 5.344499 5.873732 6.327061 6.945079 6.064232 3.310699 0.814225 -0.003266 -1.971674 -0.000579 -0.562874 -0.842935 -0.346793 -0.005287 -0.017811 -0.152039 0.285304 2.058984 3.770815 0.667867 -0.026628 -0.000962 0.002776 0.002502 -0.505522 -0.001863 -0.851191 -0.002193 -0.622757 -0.468946 -1.053674 -0.002287 2.279066 -0.001947 -0.992610 0.009094 1.078005 3.161691 4.677994 5.507083 5.655574 4.726413 2.482626 -9999.0
-9999.0 -9999.0 -9999.0 -9999.0 -9999.0 -9999.0 -9999.0 -9999.0 -4.047333 -0.000683 -2.530872 -1.553792 -0.384775 -0.070775 0.257636 2.020861 2.931347 2.268065 0.729766 2.564678 4.425341 5.812488 5.937677 5.596293 3.992480 0.113505 -1.080199 -0.057134 -0.001503 -0.010469 -0.246619 -0.001093 2.374538 0.657049 0.309261 1.123762 2.525201 5.713654 5.092926 1.938300 0.503927 0.337622 0.543846 -0.011368 -0.939245 0.025873 -0.346349 -0.039186 -0.444592 -0.003665 1.332778 1.459741 1.836231 1.154469 1.923485 2.349564 3.144331 4.199658 4.963724 4.754425 3.914524 1.889218 -9999.0
-9999.0 -9999.0 -0.464905 -0.000778 -3.782983 -1.779483 -3.059038 -2.730984 -2.167615 -0.002490 -1.189893 -0.244355 -0.062282 -0.000570 1.978383 0.997067 -0.011481 -1.208535 -0.678741 0.010364 2.430927 5.174654 5.416378 5.794466 3.726749 1.713534 0.008961 0.234255 2.360397 1.971286 -0.003009 0.630218 4.367814 3.115319 3.883994 4.302300 6.286265 7.950114 6.847060 4.172179 3.885143 3.980440 3.960434 2.545882 0.025383 0.305060 1.261190 1.477852 2.301938 3.385216 4.010429 3.603297 2.835766 2.171581 2.073885 4.052951 2.846148 3.486242 3.308118 3.284654 2.771711 1.098279 -9999.0
-9999.0 -0.738929 -0.822391 -1.040570 -1.632079 -0.795261 -3.141232 -3.278813 -4.237783 -2.410692 -2.397275 -0.840904 -0.001347 1.040219 0.669330 -0.271210 -1.276989 -2.113448 -1.461824 -0.003172 2.213459 3.971169 5.108801 4.670569 5.312747 3.463766 3.571552 3.934918 4.187395 3.098810 2.689578 2.895429 4.637261 6.852198 6.964558 8.219026 9.820014 10.851474 10.022142 8.353133 7.468873 7.357950 6.645319 4.489605 3.203349 3.601776 4.309416 5.617756 5.874217 5.873337 4.595560 3.615254 2.627483 1.722335 1.639813 1.099540 0.529368 0.888632 0.855084 0.919356 0.266431 0.887946 -9999.0
-9999.0 0.371383 -0.025076 -0.030154 0.059360 -0.526685 -2.508054 -3.791129 -2.852991 -2.902595 -2.938722 -1.225073 0.021677 0.802601 -0.071885 -3.400764 -3.084832 -2.501499 -0.333686 -0.010746 1.504661 1.861868 2.854224 2.749197 4.915652 5.797124 5.119506 5.380339 5.683353 6.075796 6.220068 5.984019 6.571452 7.470485 9.509490 10.512776 13.553483 14.602682 12.879455 11.798777 11.103225 10.174079 9.067622 7.758534 7.622699 7.482907 7.174672 7.041440 6.406565 5.589825 3.792981 1.894567 0.673773 1.310186 0.408575 -0.002306 -0.451184 -0.003940 -0.001745 -0.007230 -0.002647 -9999.0 -9999.0
