user2019/resources/simulation/Vinschgau/output-maps/TsL0008N0861.asc
ncols         63
nrows         48
xllcorner     598000.000000
yllcorner     5145000.000000
cellsize      1000.000000
NODATA_value  -9999.0
[rows 0 to 27 of 48, columns 0 to 62 of 63]
-9999.0 -9999.0 -9999.0 -9999.0 -9999.0 -9999.0 -9999.0 -9999.0 -9999.0 -9999.0 -9999.0 -9999.0 -9999.0 -9999.0 -9999.0 -9999.0 -9999.0 -9999.0 -9999.0 -9999.0 -9999.0 -9999.0 -9999.0 -9999.0 -9999.0 -9999.0 -9999.0 -9999.0 -9999.0 -9999.0 -9999.0 -9999.0 -9999.0 -9999.0 -9999.0 -9999.0 -9999.0 -9999.0 -9999.0 -9999.0 -9999.0 -9999.0 -9999.0 -9999.0 -9999.0 -9999.0 -9999.0 -9999.0 -9999.0 -9999.0 -9999.0 -9999.0 -9999.0 -9999.0 -9999.0 -9999.0 -9999.0 -9999.0 -9999.0 -9999.0 -9999.0 -9999.0 -9999.0
-9999.0 -9999.0 -9999.0 -9999.0 -9999.0 -9999.0 -9999.0 -9999.0 -9999.0 -9999.0 -9999.0 -9999.0 -9999.0 -9999.0 -9999.0 -9999.0 -9999.0 -9999.0 -9999.0 -9999.0 -9999.0 -9999.0 -9999.0 -9999.0 -9999.0 -9999.0 -9999.0 -5.744301 -4.308434 -4.874042 -5.020488 -5.768812 -6.026705 -9999.0 -9999.0 -9999.0 -9999.0 -9999.0 -9999.0 -9999.0 -9999.0 -9999.0 -9999.0 -9999.0 -9999.0 -9999.0 -9999.0 -9999.0 -9999.0 -9999.0 -9999.0 -9999.0 -9999.0 -9999.0 -9999.0 -9999.0 -9999.0 -9999.0 -9999.0 -9999.0 -9999.0 -9999.0 -9999.0
-9999.0 -9999.0 -9999.0 -9999.0 -9999.0 -9999.0 -9999.0 -9999.0 -9999.0 -9999.0 -9999.0 -9999.0 -9999.0 -9999.0 -9999.0 -9999.0 -9999.0 -9999.0 -9999.0 -9999.0 -9999.0 -9999.0 -9999.0 -9999.0 -2.628743 -1.692091 -0.007553 -2.136919 -3.453779 -4.629468 -5.311251 -9999.0 -9999.0 -9999.0 -9999.0 -9999.0 -9999.0 -9999.0 -9999.0 -9999.0 -9999.0 -9999.0 -9999.0 -9999.0 -9999.0 -9999.0 -9999.0 -9999.0 -9999.0 -9999.0 -9999.0 -9999.0 -9999.0 -9999.0 -9999.0 -9999.0 -9999.0 -9999.0 -9999.0 -9999.0 -9999.0 -9999.0 -9999.0
-9999.0 -9999.0 -9999.0 -9999.0 -9999.0 -9999.0 -9999.0 -9999.0 -9999.0 -9999.0 -9999.0 -9999.0 -9999.0 -9999.0 -9999.0 -9999.0 -9999.0 -9999.0 -9999.0 -9999.0 -9999.0 -9999.0 -9999.0 -1.299341 -0.001853 0.012249 0.339310 0.696770 -0.002306 -2.492331 -5.226576 -5.858524 -9999.0 -9999.0 -9999.0 -9999.0 -9999.0 -9999.0 -9999.0 -9999.0 -9999.0 -9999.0 -9999.0 -9999.0 -9999.0 -9999.0 -9999.0 -9999.0 -9999.0 -9999.0 -9999.0 -9999.0 -9999.0 -9999.0 -9999.0 -9999.0 -9999.0 -9999.0 -9999.0 -9999.0 -9999.0 -9999.0 -9999.0
-9999.0 -9999.0 -9999.0 -9999.0 -9999.0 -9999.0 -9999.0 -9999.0 -9999.0 -9999.0 -9999.0 -9999.0 -9999.0 -9999.0 -9999.0 -9999.0 -9999.0 -9999.0 0.008266 -0.004037 -9999.0 -0.009828 -0.002079 -0.002326 0.011867 0.860725 0.001597 0.001595 0.007445 -0.002037 -3.129995 -4.934141 -6.809172 -9.113745 -9999.0 -9999.0 -9999.0 -9999.0 -9999.0 -9999.0 -9999.0 -9999.0 -9999.0 -9999.0 -9999.0 -9999.0 -9999.0 -9999.0 -9999.0 -9999.0 -9999.0 -9999.0 -9999.0 -9999.0 -9999.0 -9999.0 -9999.0 -9999.0 -9999.0 -9999.0 -9999.0 -9999.0 -9999.0
-9999.0 -9999.0 -9999.0 -9999.0 -9999.0 -9999.0 -9999.0 -9999.0 -9999.0 -9999.0 -9999.0 -9999.0 -9999.0 -9999.0 -9999.0 -9999.0 -9999.0 3.963644 2.156537 0.969750 -2.949903 -0.000786 -0.002032 -0.002247 0.007198 -0.002333 -0.002425 -0.001598 -0.002245 -0.000118 -0.011934 -4.224997 -4.932417 -5.608913 -7.556683 -8.798837 -9999.0 -9999.0 -9999.0 -9999.0 -9999.0 -9999.0 -9999.0 -9999.0 -9999.0 -9999.0 -9999.0 -9999.0 -9999.0 -9999.0 -9999.0 -9999.0 -9999.0 -9999.0 -9999.0 -9999.0 -9999.0 -9999.0 -9999.0 -9999.0 -9999.0 -9999.0 -9999.0
-9999.0 -9999.0 -9999.0 -9999.0 -9999.0 -9999.0 -9999.0 -9999.0 -9999.0 -9999.0 -9999.0 -9999.0 -9999.0 -0.003054 -0.001749 1.753363 3.457685 3.074177 3.536215 -0.001750 -0.000255 -0.002047 0.021582 0.000033 -0.001862 -0.002569 -2.331435 -1.014239 -0.004707 -0.001852 -0.000803 -3.723864 -5.301155 -6.008852 -6.495925 -9.106306 -9999.0 -9999.0 -9999.0 -9999.0 -9999.0 -9999.0 -9999.0 -9999.0 -9999.0 -9999.0 -9999.0 -9999.0 -9999.0 -9999.0 -9999.0 -9999.0 -9999.0 -9999.0 -9999.0 -9999.0 -9999.0 -9999.0 -9999.0 -9999.0 -9999.0 -9999.0 -9999.0
-9999.0 -9999.0 -9999.0 -9999.0 -9999.0 -9999.0 -9999.0 -9999.0 -9999.0 -9999.0 -9999.0 -9999.0 -9999.0 -0.000289 0.854982 2.498521 2.752434 2.347140 3.143637 1.189601 2.534314 0.250995 0.848104 -0.002051 -0.001796 -0.002250 -4.273348 -5.203926 -6.327805 -1.730602 -1.285476 -4.753560 -6.681909 -9.878319 -7.929359 -9999.0 -9999.0 -9999.0 -9999.0 -9999.0 -9999.0 -9999.0 -9999.0 -9999.0 -9999.0 -9999.0 -9999.0 -9999.0 -9999.0 -9999.0 -9999.0 -9999.0 -9999.0 -9999.0 -9999.0 -9999.0 -9999.0 -9999.0 -9999.0 -9999.0 -9999.0 -9999.0 -9999.0
-9999.0 -9999.0 -9999.0 -9999.0 -9999.0 -9999.0 -9999.0 -9999.0 -9999.0 -9999.0 -9999.0 -9999.0 -9999.0 0.387128 0.182722 1.553299 2.083997 3.051453 3.359839 3.432652 0.403774 -0.002396 -0.002229 -0.002232 -0.001581 -0.001451 -4.095297 -6.603486 -5.844251 -8.784316 -5.347892 -10.454098 -10.883558 -12.451764 -9.483709 -9999.0 -9999.0 -9999.0 -9999.0 -9999.0 -9999.0 -9999.0 -9999.0 -9999.0 -9999.0 -9999.0 -9999.0 -9999.0 -9999.0 -9999.0 -9999.0 -9999.0 -9999.0 -9999.0 -9999.0 -9999.0 -9999.0 -9999.0 -9999.0 -9999.0 -9999.0 -9999.0 -9999.0
-9999.0 -9999.0 -9999.0 -9999.0 -9999.0 -9999.0 -9999.0 -9999.0 -9999.0 -9999.0 -9999.0 -9999.0 -0.002279 0.005076 0.983231 -0.001355 0.494971 2.371535 2.871020 2.105389 -0.001604 -0.002029 -0.002504 -0.001513 -0.000072 -4.320964 -3.328774 -5.463807 -5.263096 -6.880001 -10.423741 -7.104397 -5.997516 -9.977992 -9999.0 -9999.0 -9999.0 -9999.0 -9999.0 -9999.0 -9999.0 -9999.0 -9999.0 -9999.0 -9999.0 -9999.0 -9999.0 -9999.0 -9999.0 -9999.0 -9999.0 -9999.0 -9999.0 -9999.0 -9999.0 -9999.0 -9999.0 -9999.0 -9999.0 -9999.0 -9999.0 -9999.0 -9999.0
-9999.0 -9999.0 -9999.0 -9999.0 -9999.0 -9999.0 -9999.0 -9999.0 -9999.0 -9999.0 -9999.0 -0.001659 0.224460 0.399157 0.233284 -0.000204 0.711144 2.261074 2.902198 1.431009 0.849882 0.001046 -0.399900 -3.836458 -0.789780 -3.636737 -5.753909 -4.522050 -4.305896 -8.631348 -7.332061 -5.186668 -6.375841 -8.286893 -7.467287 -6.122806 -5.585873 -4.650925 -4.385558 -9999.0 -9999.0 -9999.0 -8.414646 -9999.0 -9999.0 -9999.0 -9999.0 -9999.0 -9999.0 -9999.0 -9999.0 -9999.0 -9999.0 -9999.0 -9999.0 -9999.0 -9999.0 -9999.0 -9999.0 -9999.0 -9999.0 -9999.0 -9999.0
-9999.0 -9999.0 -9999.0 -9999.0 -9999.0 -9999.0 -9999.0 -9999.0 -9999.0 -9999.0 -9999.0 -0.002349 0.625044 1.748688 1.691362 -0.002978 2.877099 3.039525 3.070350 1.955682 0.439909 -0.000758 -0.004001 -2.577058 -2.245784 -4.445332 -4.828682 -3.586079 -5.106618 -8.240854 -4.567591 -4.308661 -5.860707 -6.705784 -7.488072 -4.581467 -2.782350 -2.639474 -4.419247 -7.934559 -7.875321 -8.371830 -4.814553 -6.832307 -9999.0 -9999.0 -9999.0 -4.420908 -7.698645 -7.328297 -6.616293 -8.411643 -8.637121 -0.808951 -1.034958 -9.203003 -9999.0 -9999.0 -9999.0 -9999.0 -9999.0 -9999.0 -9999.0
-9999.0 -9999.0 -9999.0 -9999.0 -9999.0 -9999.0 -9999.0 -9999.0 -9999.0 -9999.0 -9999.0 -0.012503 -0.002015 -0.002661 -0.000647 -0.001020 -0.000828 2.456927 2.253488 2.020918 1.263931 -0.001803 -0.003167 -2.541663 -4.473687 -5.556030 -0.009660 -3.691089 -5.857099 -7.120731 -6.285652 -4.345292 -3.403382 -6.345205 -6.820379 -3.307850 -3.443605 -2.969662 -0.635498 -6.197349 -4.144835 -5.657938 -3.438109 -4.373925 -6.442000 -9999.0 -9.796451 -6.397860 -4.846537 -3.769700 -3.500861 -4.315974 -4.339420 -5.039929 -5.215632 -6.184594 -9999.0 -9999.0 -9999.0 -9999.0 -9999.0 -9999.0 -9999.0
-9999.0 -9999.0 -9999.0 -9999.0 -9999.0 -9999.0 -9999.0 -9999.0 -9999.0 -9999.0 -9999.0 -9999.0 -0.001993 -0.000876 -0.000521 -0.000323 -0.002087 1.709323 2.534905 2.040047 1.048667 -0.001932 -0.009134 -0.003534 -3.194008 -0.009537 -0.001133 -3.778520 -5.133810 -6.727709 -4.803341 -4.106068 -3.431748 -5.398045 -5.955253 -4.191186 -1.042165 -0.008972 -0.002029 -3.434126 -1.718192 -4.169929 -2.363357 -0.007247 -6.346886 -6.732096 -7.808756 -6.267080 -3.502901 -1.199054 -0.000673 -3.924078 -0.003784 -3.824249 -5.231590 -4.971392 -6.038811 -9999.0 -9999.0 -9999.0 -9999.0 -9999.0 -9999.0
-9999.0 -9999.0 -9999.0 -9999.0 -9999.0 -9999.0 -9999.0 -9999.0 -9999.0 -9999.0 -9999.0 -0.000928 -2.083309 -0.013017 -0.002315 -0.001061 -0.000846 0.992748 1.970550 3.033049 1.330164 -0.002139 -0.000921 -1.843417 -0.004569 -0.004596 -0.000828 -5.356389 -5.587063 -5.197858 -0.184708 -3.105814 -3.503603 -5.244517 -7.473358 -4.601064 -4.434026 -0.032744 -0.003186 -0.004889 -0.082389 -0.002136 -0.004831 -1.260188 -0.004819 -5.186744 -4.225392 -5.053028 -4.138876 -0.002884 -4.372137 -5.074661 -6.485115 -7.635395 -8.741207 -9.490009 -6.935933 -9999.0 -9999.0 -9999.0 -9999.0 -9999.0 -9999.0
-9999.0 -9999.0 -9999.0 -9999.0 -9999.0 -9999.0 -9999.0 -9999.0 -9999.0 -9999.0 -0.000307 -0.002015 -0.003911 -0.004347 -0.000761 -0.000675 -0.000723 -0.002263 2.476837 2.691746 0.599343 0.024041 -0.748460 -0.001558 -0.001060 -0.000120 -2.791815 -5.310144 -3.514872 -1.899961 -2.005591 -1.805862 -2.458498 -5.244254 -9.269426 -6.257171 -3.283357 -1.757433 -0.039090 -0.001720 -0.001529 0.007631 0.260007 0.257117 -0.001312 -5.007140 -3.970595 -1.330707 -1.218196 -0.000987 -5.832801 -7.482687 -9.237063 -10.343866 -10.098801 -5.285521 -5.110318 -9999.0 -9999.0 -9999.0 -9999.0 -9999.0 -9999.0
-9999.0 -9999.0 -9999.0 -9999.0 -9999.0 -9999.0 -9999.0 -9999.0 -9999.0 -4.247524 -0.001305 -0.001773 -0.004125 -0.002021 -0.000857 -0.002006 -0.001002 -0.000173 2.219846 3.123370 0.938421 -0.003267 -0.001680 -0.001737 -0.000208 -1.659531 -3.417113 -1.363073 -0.003365 -0.001082 -0.000917 -1.855965 -5.961162 -8.996262 -8.131743 -6.378239 -4.631855 -2.540414 -0.978073 -0.002033 -0.173794 -0.002135 -0.615360 0.930797 0.293415 -0.002337 -0.001602 -0.054134 -0.030363 0.000217 -2.928005 -6.965408 -11.346388 -10.060382 -8.189582 -6.899268 -5.665294 -6.491571 -7.804127 -9999.0 -9999.0 -9999.0 -9999.0
-9999.0 -9999.0 -9999.0 -9999.0 -9999.0 -9999.0 -9999.0 -9999.0 -9999.0 -5.719050 -4.539064 -2.422019 -0.000003 -0.001175 -0.001329 -0.002028 -0.000546 -0.001026 2.798481 1.908994 1.540967 0.575120 0.015829 -0.000217 -1.271506 -0.029823 -0.002021 -0.001092 -0.001096 -0.000506 -0.002066 -2.238459 -4.171886 -6.273934 -5.026304 -6.366156 -5.821354 -4.518248 -4.450531 -1.841529 -0.000997 -2.672104 -0.002032 -0.001176 1.574816 0.651117 0.311756 -0.002005 -0.001943 -0.000992 -3.101385 -6.390816 -9.529365 -8.421859 -7.159418 -7.582917 -5.702403 -4.482660 -5.441258 -9999.0 -9999.0 -9999.0 -9999.0
-9999.0 -9999.0 -9999.0 -9999.0 -9999.0 -9999.0 -9999.0 -9999.0 -9999.0 -9999.0 -5.008048 -2.666505 -0.000949 -0.000128 -0.001744 -0.001316 -0.001064 0.122127 3.564867 2.720355 1.572734 1.377548 -0.001830 -0.003523 -0.004853 -0.001188 -0.001157 -0.000336 -0.002033 -1.785258 -2.141554 -0.001882 -4.747540 -5.677048 -3.629089 -3.892938 -0.006485 -0.002593 -5.791161 -4.645343 -5.086209 -0.004792 -0.000032 -0.002148 -0.001134 -0.001839 0.404517 0.176153 0.978120 -0.001712 -2.052265 -3.547115 -8.297794 -9.257969 -8.561362 -6.411762 -4.743556 -0.001181 -2.056909 -0.001126 -9999.0 -9999.0 -9999.0
-9999.0 -9999.0 -9999.0 -9999.0 -9999.0 -9999.0 -9999.0 -9999.0 -9999.0 -9999.0 -5.251267 -3.961951 -0.017791 -0.002031 0.031811 -0.002814 -0.002579 1.441318 3.987778 3.591202 2.536607 0.219271 -0.002453 -0.001691 -0.001296 -0.001054 0.358002 -0.002033 -1.478395 -4.420292 -4.712934 -4.253626 -5.132657 -6.474466 -4.605755 -1.548991 -0.001017 -0.002462 -2.945894 -5.531743 -4.350084 -3.639914 -3.081218 -2.912739 -0.000729 -0.424114 -0.000787 -0.001153 1.651989 0.703623 -0.002315 -2.901520 -5.039954 -7.793178 -9.914304 -9.081088 -6.464480 -0.234722 0.644124 0.473131 -9999.0 -9999.0 -9999.0
-9999.0 -9999.0 -9999.0 -9999.0 -9999.0 -9999.0 -9999.0 -9999.0 -2.508172 -4.829307 -5.801878 -3.189805 -3.484051 -3.270937 -0.073356 0.854693 1.739390 1.493332 3.440232 4.139999 4.328099 2.855887 1.709415 -0.003421 -0.001730 1.337954 0.005154 -0.977650 -2.451521 -4.394833 -9.164283 -4.653313 -4.593764 -6.164545 -4.216172 -4.284159 -0.002011 -0.002008 -2.747390 -6.399185 -5.098870 -2.206669 -4.371367 -5.969628 -3.996206 -0.000982 -2.556594 -0.001997 -0.001213 1.023263 -0.002032 -0.898994 -3.933746 -6.851125 -8.595634 -5.655820 -6.165965 -0.001397 -0.001319 2.418217 -9999.0 -9999.0 -9999.0
-9999.0 -9999.0 -9999.0 -9999.0 -9999.0 -9999.0 -9999.0 -9999.0 -3.902658 -2.077170 -3.859530 -5.630263 -4.271175 -0.012323 -0.970985 -0.001898 0.702062 1.269906 4.639208 4.656557 3.814006 2.973670 1.482401 0.170119 2.133154 2.209308 0.219097 -0.001992 -4.778858 -5.448110 -6.248292 -5.920193 -4.382391 -5.729924 -3.458322 -0.511705 -0.001966 -0.001516 -0.006121 -3.349186 -4.777643 -7.771706 -5.563071 -3.134279 -0.001845 -0.006447 -4.739288 -3.580101 -0.002805 0.911722 0.507579 -0.001300 -3.685447 -6.281319 -4.164402 -4.002896 -0.595015 -0.001908 1.224582 3.676284 4.725723 -9999.0 -9999.0
-9999.0 -9999.0 -9999.0 -9999.0 -9999.0 -9999.0 -9999.0 -9999.0 -4.595098 -1.534019 -3.297553 -4.673633 -4.783581 -4.073075 -0.002256 -0.975428 -0.003075 0.661171 4.593456 3.953514 5.119389 3.860293 3.147443 3.212807 1.970177 1.923931 -0.001520 -1.416914 -5.078688 -4.587353 -5.347254 -1.177577 -2.936482 -2.614058 -0.008199 -0.005801 -0.003009 1.066799 -0.002573 -1.040353 -3.595887 -5.204768 -2.891353 -0.721372 -1.436647 -3.129955 -6.328268 -4.325467 -2.619696 -0.001100 1.910272 -0.002031 -4.498711 -3.647443 -2.027909 -0.002157 -0.000120 1.110202 3.214138 3.468237 4.308372 -9999.0 -9999.0
-9999.0 -9999.0 -9999.0 -9999.0 -9999.0 -9999.0 -9999.0 -9999.0 -7.245061 -3.236561 -0.002651 -4.924950 -4.535930 -0.001436 -0.428588 -0.001480 2.893526 4.329134 2.368065 4.962981 4.518874 4.955954 3.966059 3.442455 2.601723 0.290984 -0.001936 -2.191322 -0.005579 -1.195936 -0.334198 -0.247807 -0.003107 -0.001999 -0.004612 -0.003282 -0.000374 2.699520 -0.000765 -0.002145 -2.296442 -1.577192 -2.021839 -4.052515 -3.919093 -5.104905 -3.441593 -4.358111 -4.183917 -0.780078 -0.001733 1.519628 -0.001868 -0.000655 -0.000595 0.350430 1.859364 2.932410 4.323843 4.080555 3.123448 1.740849 -9999.0
-9999.0 -9999.0 -9999.0 -9999.0 -9999.0 -9999.0 -9999.0 -9999.0 -7.185156 -3.345191 -0.000840 -1.759298 -0.756378 -0.088721 -0.000185 0.751674 0.905627 1.439844 -0.002319 1.653943 3.908800 4.254796 4.587903 4.289379 1.082668 -0.002896 -1.256519 -0.001149 -0.001133 -0.001003 -0.095991 -0.000868 0.592412 -0.000646 -0.001397 -0.001339 0.871007 4.546037 3.929180 0.525939 -0.001304 -0.001362 -0.001654 -0.002272 -0.332716 -0.005780 -0.003317 -0.005770 -0.003685 -0.001642 0.026799 0.908918 1.283482 0.430407 1.056657 1.430239 2.167227 2.890612 3.445052 3.055329 2.900038 1.170732 -9999.0
-9999.0 -9999.0 -4.151445 -2.743221 -4.272132 -0.826257 -3.956958 -3.625096 -5.426439 -4.384599 -0.051082 -0.000375 -0.101628 -0.000654 0.008507 0.408682 -0.001221 -1.370795 -0.002011 -0.001969 1.563510 4.138718 3.501893 5.483973 2.351026 0.947326 -0.002951 -0.002605 1.267751 0.000421 -0.001989 -0.001903 1.061586 1.933087 2.060603 3.220741 4.297131 6.784608 5.712595 3.141763 2.052986 2.070526 2.607215 0.848489 -0.001164 -0.001474 0.066095 0.743841 0.830620 1.834723 2.506499 2.453587 1.849408 1.416583 1.365042 1.604135 1.907382 2.240281 1.812896 2.319120 0.263621 0.447466 -9999.0
-9999.0 -0.002023 -0.004444 -0.005359 -0.721118 -3.541999 -3.948366 -3.975707 -5.013924 -5.593292 -2.854022 -1.027763 0.000461 0.011559 0.024290 -0.433604 -0.005613 -2.268641 -0.000892 -0.002150 1.387527 2.828500 1.742615 3.270250 2.512788 2.019060 0.763677 1.050443 2.325090 1.358435 1.144975 1.134915 2.496651 3.438760 4.780512 5.995341 7.438367 10.040801 7.598713 6.137294 5.295253 5.112793 4.404498 3.336078 2.202530 2.620278 2.635404 4.472606 3.959113 4.498450 3.164044 2.421641 1.668749 0.948354 0.878517 0.434584 0.289582 0.613879 0.114363 0.000270 -0.000283 0.241445 -9999.0
-9999.0 -0.001648 -0.008946 -0.002014 0.000991 -2.117643 -2.723998 -4.473819 -5.752104 -5.919374 -3.420809 -1.416693 -0.001947 0.025917 -0.014825 -2.644755 -3.813232 -2.945710 -0.002007 -0.003157 0.000430 1.077571 1.808363 0.885124 1.832260 2.733515 4.822978 4.317868 3.768643 5.181359 5.777303 5.428933 4.212705 5.101747 5.908494 7.967722 9.543164 10.624989 10.126353 9.268061 8.487939 7.611089 6.488753 7.146604 7.300889 6.983212 5.233963 5.023869 4.534001 3.891156 2.278801 1.219965 0.377425 1.024919 0.281066 -0.001046 -0.002576 -0.001220 -0.001808 -0.001475 -0.000801 -9999.0 -9999.0
