user2019/resources/simulation/Vinschgau/output-maps/TsL0003N0234.asc
ncols         63
nrows         48
xllcorner     598000.000000
yllcorner     5145000.000000
cellsize      1000.000000
NODATA_value  -9999.0
[rows 0 to 27 of 48, columns 0 to 61 of 63]
-9999.0 -9999.0 -9999.0 -9999.0 -9999.0 -9999.0 -9999.0 -9999.0 -9999.0 -9999.0 -9999.0 -9999.0 -9999.0 -9999.0 -9999.0 -9999.0 -9999.0 -9999.0 -9999.0 -9999.0 -9999.0 -9999.0 -9999.0 -9999.0 -9999.0 -9999.0 -9999.0 -9999.0 -9999.0 -9999.0 -9999.0 -9999.0 -9999.0 -9999.0 -9999.0 -9999.0 -9999.0 -9999.0 -9999.0 -9999.0 -9999.0 -9999.0 -9999.0 -9999.0 -9999.0 -9999.0 -9999.0 -9999.0 -9999.0 -9999.0 -9999.0 -9999.0 -9999.0 -9999.0 -9999.0 -9999.0 -9999.0 -9999.0 -9999.0 -9999.0 -9999.0 -9999.0
-9999.0 -9999.0 -9999.0 -9999.0 -9999.0 -9999.0 -9999.0 -9999.0 -9999.0 -9999.0 -9999.0 -9999.0 -9999.0 -9999.0 -9999.0 -9999.0 -9999.0 -9999.0 -9999.0 -9999.0 -9999.0 -9999.0 -9999.0 -9999.0 -9999.0 -9999.0 -9999.0 -5.627538 -5.686681 -5.559350 -6.786550 -7.948532 -7.972938 -9999.0 -9999.0 -9999.0 -9999.0 -9999.0 -9999.0 -9999.0 -9999.0 -9999.0 -9999.0 -9999.0 -9999.0 -9999.0 -9999.0 -9999.0 -9999.0 -9999.0 -9999.0 -9999.0 -9999.0 -9999.0 -9999.0 -9999.0 -9999.0 -9999.0 -9999.0 -9999.0 -9999.0 -9999.0
-9999.0 -9999.0 -9999.0 -9999.0 -9999.0 -9999.0 -9999.0 -9999.0 -9999.0 -9999.0 -9999.0 -9999.0 -9999.0 -9999.0 -9999.0 -9999.0 -9999.0 -9999.0 -9999.0 -9999.0 -9999.0 -9999.0 -9999.0 -9999.0 -3.386173 -3.867169 -3.503251 -4.331116 -4.099941 -5.118330 -6.894723 -9999.0 -9999.0 -9999.0 -9999.0 -9999.0 -9999.0 -9999.0 -9999.0 -9999.0 -9999.0 -9999.0 -9999.0 -9999.0 -9999.0 -9999.0 -9999.0 -9999.0 -9999.0 -9999.0 -9999.0 -9999.0 -9999.0 -9999.0 -9999.0 -9999.0 -9999.0 -9999.0 -9999.0 -9999.0 -9999.0 -9999.0
-9999.0 -9999.0 -9999.0 -9999.0 -9999.0 -9999.0 -9999.0 -9999.0 -9999.0 -9999.0 -9999.0 -9999.0 -9999.0 -9999.0 -9999.0 -9999.0 -9999.0 -9999.0 -9999.0 -9999.0 -9999.0 -9999.0 -9999.0 -3.487896 -2.494075 -1.408599 -1.437763 -2.786720 -3.965061 -5.057883 -5.986901 -6.025420 -9999.0 -9999.0 -9999.0 -9999.0 -9999.0 -9999.0 -9999.0 -9999.0 -9999.0 -9999.0 -9999.0 -9999.0 -9999.0 -9999.0 -9999.0 -9999.0 -9999.0 -9999.0 -9999.0 -9999.0 -9999.0 -9999.0 -9999.0 -9999.0 -9999.0 -9999.0 -9999.0 -9999.0 -9999.0 -9999.0
-9999.0 -9999.0 -9999.0 -9999.0 -9999.0 -9999.0 -9999.0 -9999.0 -9999.0 -9999.0 -9999.0 -9999.0 -9999.0 -9999.0 -9999.0 -9999.0 -9999.0 -9999.0 -1.456841 -0.191763 -9999.0 -3.351541 -2.369320 -1.236462 -1.219993 -0.793406 -4.448765 -4.458259 -0.643844 -3.456204 -4.613150 -6.155730 -6.356125 -7.628904 -9999.0 -9999.0 -9999.0 -9999.0 -9999.0 -9999.0 -9999.0 -9999.0 -9999.0 -9999.0 -9999.0 -9999.0 -9999.0 -9999.0 -9999.0 -9999.0 -9999.0 -9999.0 -9999.0 -9999.0 -9999.0 -9999.0 -9999.0 -9999.0 -9999.0 -9999.0 -9999.0 -9999.0
-9999.0 -9999.0 -9999.0 -9999.0 -9999.0 -9999.0 -9999.0 -9999.0 -9999.0 -9999.0 -9999.0 -9999.0 -9999.0 -9999.0 -9999.0 -9999.0 -9999.0 1.081334 -0.611553 -3.789572 -2.404335 -0.062344 -1.970337 -1.925167 -0.849910 -5.774220 -5.745873 -4.492313 -5.770943 -4.763094 -3.472911 -5.065165 -4.504024 -6.386685 -7.487549 -8.862599 -9999.0 -9999.0 -9999.0 -9999.0 -9999.0 -9999.0 -9999.0 -9999.0 -9999.0 -9999.0 -9999.0 -9999.0 -9999.0 -9999.0 -9999.0 -9999.0 -9999.0 -9999.0 -9999.0 -9999.0 -9999.0 -9999.0 -9999.0 -9999.0 -9999.0 -9999.0
-9999.0 -9999.0 -9999.0 -9999.0 -9999.0 -9999.0 -9999.0 -9999.0 -9999.0 -9999.0 -9999.0 -9999.0 -9999.0 -3.811072 -0.082992 -1.224464 -1.275635 -1.116745 -0.001217 -3.592729 -1.387565 -1.516763 -1.412872 -1.554260 -5.446685 -5.916251 -6.835139 -5.940041 -6.756989 -4.997425 -5.407848 -6.711219 -7.200560 -9.124348 -9.217057 -9.620565 -9999.0 -9999.0 -9999.0 -9999.0 -9999.0 -9999.0 -9999.0 -9999.0 -9999.0 -9999.0 -9999.0 -9999.0 -9999.0 -9999.0 -9999.0 -9999.0 -9999.0 -9999.0 -9999.0 -9999.0 -9999.0 -9999.0 -9999.0 -9999.0 -9999.0 -9999.0
-9999.0 -9999.0 -9999.0 -9999.0 -9999.0 -9999.0 -9999.0 -9999.0 -9999.0 -9999.0 -9999.0 -9999.0 -9999.0 -0.468967 -0.427864 -0.556980 -0.504952 -0.515561 -1.124385 -0.343115 -0.000242 -5.796141 -4.075324 -4.811993 -3.724372 -4.882813 -5.470689 -7.890320 -8.388298 -7.008984 -5.734027 -9.004609 -9.093209 -9.932281 -9.974716 -9999.0 -9999.0 -9999.0 -9999.0 -9999.0 -9999.0 -9999.0 -9999.0 -9999.0 -9999.0 -9999.0 -9999.0 -9999.0 -9999.0 -9999.0 -9999.0 -9999.0 -9999.0 -9999.0 -9999.0 -9999.0 -9999.0 -9999.0 -9999.0 -9999.0 -9999.0 -9999.0
-9999.0 -9999.0 -9999.0 -9999.0 -9999.0 -9999.0 -9999.0 -9999.0 -9999.0 -9999.0 -9999.0 -9999.0 -9999.0 -0.110038 -0.612812 -0.088781 -0.061293 -1.107768 -1.042646 -0.000552 -1.168954 -6.486231 -4.990278 -4.696148 -3.486865 -2.072140 -5.276349 -8.170922 -5.406814 -8.921017 -8.632462 -10.224503 -9.903358 -10.639175 -10.063421 -9999.0 -9999.0 -9999.0 -9999.0 -9999.0 -9999.0 -9999.0 -9999.0 -9999.0 -9999.0 -9999.0 -9999.0 -9999.0 -9999.0 -9999.0 -9999.0 -9999.0 -9999.0 -9999.0 -9999.0 -9999.0 -9999.0 -9999.0 -9999.0 -9999.0 -9999.0 -9999.0
-9999.0 -9999.0 -9999.0 -9999.0 -9999.0 -9999.0 -9999.0 -9999.0 -9999.0 -9999.0 -9999.0 -9999.0 -0.345438 -0.552708 -0.091540 -4.944673 -0.330563 -0.872755 -0.094389 -1.332515 -2.935943 -5.338911 -5.138999 -4.514797 -1.180749 -7.529171 -4.675823 -5.468890 -5.007006 -8.399468 -8.998454 -7.160851 -7.444498 -9.395147 -9999.0 -9999.0 -9999.0 -9999.0 -9999.0 -9999.0 -9999.0 -9999.0 -9999.0 -9999.0 -9999.0 -9999.0 -9999.0 -9999.0 -9999.0 -9999.0 -9999.0 -9999.0 -9999.0 -9999.0 -9999.0 -9999.0 -9999.0 -9999.0 -9999.0 -9999.0 -9999.0 -9999.0
-9999.0 -9999.0 -9999.0 -9999.0 -9999.0 -9999.0 -9999.0 -9999.0 -9999.0 -9999.0 -9999.0 -2.820808 -3.471157 -0.030559 -4.635958 -4.642621 -5.975232 -1.046269 -0.061309 -1.374237 -3.458871 -1.798534 -4.551582 -6.502710 -4.872514 -5.682008 -8.247576 -5.040372 -5.269051 -8.960168 -6.730188 -6.148135 -7.755438 -9.259490 -9.766735 -10.183961 -8.477075 -5.380865 -4.813099 -9999.0 -9999.0 -9999.0 -9.921927 -9999.0 -9999.0 -9999.0 -9999.0 -9999.0 -9999.0 -9999.0 -9999.0 -9999.0 -9999.0 -9999.0 -9999.0 -9999.0 -9999.0 -9999.0 -9999.0 -9999.0 -9999.0 -9999.0
-9999.0 -9999.0 -9999.0 -9999.0 -9999.0 -9999.0 -9999.0 -9999.0 -9999.0 -9999.0 -9999.0 -4.171623 -3.543127 -1.726828 -1.299805 -5.673116 -0.235064 -1.271611 -0.060214 -0.446350 -1.581352 -0.034381 -3.718915 -4.838099 -5.130404 -6.305720 -4.909435 -4.120133 -5.880613 -8.247191 -5.998699 -6.698712 -7.364905 -8.365365 -10.748578 -8.574743 -0.019068 -0.006921 -0.012459 -6.882688 -6.980321 -11.723448 -8.052682 -8.511512 -9999.0 -9999.0 -9999.0 -0.264531 -2.414297 -3.209666 -0.637578 -2.196125 -2.208984 -0.136451 -0.136324 -2.002003 -9999.0 -9999.0 -9999.0 -9999.0 -9999.0 -9999.0
-9999.0 -9999.0 -9999.0 -9999.0 -9999.0 -9999.0 -9999.0 -9999.0 -9999.0 -9999.0 -9999.0 -3.111912 -4.475081 -5.016883 -0.664438 -4.300824 -0.907230 -1.492899 -0.419408 -0.033940 -1.154881 -2.238887 -1.656492 -3.000416 -6.682485 -5.128814 -2.570701 -5.889363 -7.393850 -6.633358 -8.163068 -7.006124 -6.508313 -9.186518 -10.519320 -3.745342 -0.229626 -0.147122 5.063916 -0.048896 -0.226578 -7.362525 -5.197991 -6.962009 -6.724408 -9999.0 -6.465519 -3.244607 -0.980913 -0.038405 -0.163044 -0.398714 -0.034690 -0.026353 -0.041389 -0.101565 -9999.0 -9999.0 -9999.0 -9999.0 -9999.0 -9999.0
-9999.0 -9999.0 -9999.0 -9999.0 -9999.0 -9999.0 -9999.0 -9999.0 -9999.0 -9999.0 -9999.0 -9999.0 -3.799941 -1.057140 -0.040741 -0.758198 -1.748704 -2.393086 -0.179253 -0.027255 -2.575264 -2.214068 -2.718787 -1.972416 -4.853430 -2.244103 -1.597177 -6.917822 -6.531695 -5.776020 -5.823145 -6.166122 -6.827341 -8.349439 -10.666962 -10.368037 -0.899892 -0.394368 4.004420 -0.065204 -0.764330 -2.096463 -2.036144 -4.734842 -6.194487 -4.789591 -4.720355 -3.621316 -3.682537 -1.757769 -0.313963 -1.421061 -0.027640 -0.487198 -2.240735 -2.148996 -1.074827 -9999.0 -9999.0 -9999.0 -9999.0 -9999.0
-9999.0 -9999.0 -9999.0 -9999.0 -9999.0 -9999.0 -9999.0 -9999.0 -9999.0 -9999.0 -9999.0 -0.060298 -4.836890 -4.861916 -0.330345 -0.434833 -0.678661 -4.041052 -0.841206 1.472190 -1.971765 -1.595860 -2.249591 -3.286983 -1.590296 -1.860891 -1.666572 -7.166963 -4.973687 -5.134255 -3.673333 -4.525883 -4.809834 -8.223559 -11.015583 -10.825838 -11.420856 -0.377964 -0.156417 -0.005415 -0.393625 -0.001072 -0.052737 -1.648697 -3.941115 -4.823199 -2.851877 -2.759847 -2.454348 -3.754358 -5.306116 -5.073521 -3.792019 -5.860883 -4.845950 -5.493832 -1.657684 -9999.0 -9999.0 -9999.0 -9999.0 -9999.0
-9999.0 -9999.0 -9999.0 -9999.0 -9999.0 -9999.0 -9999.0 -9999.0 -9999.0 -9999.0 -1.064635 -0.286154 -0.039717 -3.492733 -0.045687 -1.263708 -4.855665 -3.835995 -0.950651 1.226364 -0.354547 -0.334319 -2.985057 -0.832420 -1.766791 -1.111436 -5.968453 -5.833773 -2.624425 -2.438657 -2.278958 -5.837622 -6.653199 -8.271069 -10.958848 -10.561836 -5.391637 -0.438704 -0.166020 -0.005421 0.833813 -2.648980 -4.254193 -0.001303 -3.289119 -5.013160 -2.867253 -3.170241 -1.950639 -3.777791 -3.234463 -5.577018 -5.469572 -5.728426 -5.274602 -0.249602 -0.194036 -9999.0 -9999.0 -9999.0 -9999.0 -9999.0
-9999.0 -9999.0 -9999.0 -9999.0 -9999.0 -9999.0 -9999.0 -9999.0 -9999.0 -5.079577 -1.302883 -1.108225 -2.275888 -0.537960 -0.037848 -4.311146 -4.648698 -0.035600 -0.830350 1.819937 -0.005780 -1.788058 -1.831456 -0.706379 -1.623622 -5.940942 -3.102021 -2.025034 -1.947196 -1.911643 -3.268286 -6.547520 -8.759703 -9.795990 -8.907411 -9.523084 -9.500871 -9.125857 -9.596919 -6.727921 -0.001739 -7.523040 -7.295270 0.299554 -0.269783 -1.964068 -2.119096 -3.816132 -1.831752 -2.809523 -1.107583 -2.976920 -6.139265 -4.553776 -2.772886 -1.289152 -0.151614 -0.243737 -0.879278 -9999.0 -9999.0 -9999.0
-9999.0 -9999.0 -9999.0 -9999.0 -9999.0 -9999.0 -9999.0 -9999.0 -9999.0 -5.098347 -4.892204 -4.906124 -0.923625 -2.249988 -0.062042 -0.219224 -0.029523 -1.340108 -0.001503 3.199147 1.893778 3.170428 -1.751965 -0.311223 -5.715037 -2.788879 -1.928698 -1.711646 -0.763472 -4.019126 -5.649867 -4.863285 -7.185309 -6.354365 -6.776294 -6.923546 -7.897703 -7.466489 -9.431685 -7.960208 -5.822177 -7.907042 -2.364906 -3.885399 -0.000273 1.203590 -0.000346 -0.598489 -1.960623 -3.667642 -2.896569 -2.314236 -4.503251 -3.921894 -5.380355 -0.711947 -0.780053 -0.034796 -0.020366 -9999.0 -9999.0 -9999.0
-9999.0 -9999.0 -9999.0 -9999.0 -9999.0 -9999.0 -9999.0 -9999.0 -9999.0 -9999.0 -4.810342 -4.731901 -4.068344 -0.496388 -2.902242 -0.039604 -0.033464 -0.896204 2.638863 2.469814 -0.577158 -3.279156 -1.097493 -3.406447 -2.756188 -1.707412 -0.226535 -0.000328 -4.952841 -6.061474 -6.627697 -2.450327 -7.155119 -7.597591 -5.331258 -4.196389 -4.441525 -4.973397 -7.246480 -8.738881 -8.971278 -4.704011 -5.968357 -5.711811 -6.754879 -7.122559 -5.122391 -1.292306 -0.000313 -2.018437 -1.136029 -0.438268 -2.440465 -4.194186 -2.727654 -4.446534 -1.719910 -1.082070 -1.357944 -0.710971 -9999.0 -9999.0
-9999.0 -9999.0 -9999.0 -9999.0 -9999.0 -9999.0 -9999.0 -9999.0 -9999.0 -9999.0 -4.799867 -4.796605 -3.809041 -1.164740 -0.573623 -1.708200 -1.594992 -0.399805 2.929446 2.522220 1.186036 -0.994705 -2.005238 -3.545633 -1.724850 -0.000561 0.612844 -3.580612 -4.757075 -7.486220 -7.096071 -4.567818 -5.695263 -7.448432 -7.347412 -6.750996 -2.713149 -3.957872 -5.661712 -7.332741 -5.056469 -5.335722 -5.038722 -6.448514 -1.437507 -4.691301 -3.451814 -6.005940 -0.000319 -0.040691 -2.502035 -0.286915 -0.192415 -2.297120 -3.598364 -1.774654 -4.500399 -0.723361 -0.002012 -0.000641 -9999.0 -9999.0
-9999.0 -9999.0 -9999.0 -9999.0 -9999.0 -9999.0 -9999.0 -9999.0 -0.036099 -0.215909 -4.581649 -3.905567 -4.215802 -4.173055 -1.892259 -0.000516 0.572267 5.995929 3.943741 3.476658 3.004679 2.329393 1.212619 -1.320258 -0.625441 1.615026 -0.180257 -5.265559 -4.274091 -6.040693 -8.424817 -6.875683 -5.989093 -5.877399 -4.716742 -7.840020 -4.361246 -3.468538 -5.325709 -5.371661 -6.647218 -5.988128 -7.184702 -7.624418 -3.314548 -1.398014 -5.792398 -1.321076 -5.489997 -0.001324 -2.677674 -2.433906 -0.303201 -2.971086 -1.770461 -0.038315 -0.246834 -0.023887 -1.127567 0.565248 -9999.0 -9999.0
-9999.0 -9999.0 -9999.0 -9999.0 -9999.0 -9999.0 -9999.0 -9999.0 -5.210490 -0.047308 -3.076633 -6.243195 -5.336927 -3.839207 -1.687588 -3.631671 -1.334901 -2.489550 3.552551 4.037782 8.695124 6.050325 4.438881 3.342729 2.430191 1.802260 -0.054974 -3.197773 -6.522508 -4.237730 -4.581632 -3.738380 -3.834615 -4.741431 -1.891040 -1.303447 -2.248805 -3.146408 -3.309976 -3.070780 -6.021149 -8.130129 -6.884967 -2.010518 -0.359232 -2.394705 -5.996075 -5.367825 -4.363406 -2.472934 -0.072817 -2.990076 -0.344951 -0.131702 -1.956774 -2.519548 -2.096152 -1.458025 -0.000418 3.533019 3.283480 -9999.0
-9999.0 -9999.0 -9999.0 -9999.0 -9999.0 -9999.0 -9999.0 -9999.0 -5.235485 -3.878541 -0.040474 -4.900985 -2.071867 -6.032744 -0.032251 -2.336718 -0.431515 -0.224199 3.143440 6.624515 3.875817 5.510092 6.069506 3.491697 5.346352 -1.706961 -3.519715 -4.294727 -4.951262 -2.821878 -3.901451 -0.824726 -2.628371 -2.578596 -0.398782 -1.438548 -3.332617 -3.790163 -2.862892 -3.372545 -3.815598 -4.251158 -0.923701 -3.813282 -4.262799 -4.523516 -2.827461 -0.830844 -3.302697 -5.398757 -0.000447 -0.631452 -3.752212 -2.433660 -1.275922 -0.855711 -0.004325 -0.000512 2.369147 2.605089 2.529744 -9999.0
-9999.0 -9999.0 -9999.0 -9999.0 -9999.0 -9999.0 -9999.0 -9999.0 -7.271079 -3.915632 -0.930779 -2.710746 -0.034733 -0.027444 -1.483574 -0.293483 -0.000222 3.082680 -0.001701 3.172934 2.597537 3.391784 5.410456 3.607816 -1.731457 -1.961718 -0.768337 -2.436872 -0.723857 -1.944814 -1.904227 -1.775940 -2.024837 -3.256409 -3.146209 -1.320461 -0.926512 -1.307270 -1.557688 -1.871678 -2.146545 -0.542531 -0.079195 -1.511161 -0.484459 -2.470503 -0.045499 -0.992133 -0.045641 -3.216672 -2.818012 -0.000697 -0.338140 -0.619872 -0.321657 -0.037736 -0.000521 0.181926 3.516305 2.605987 0.552744 -0.027861
-9999.0 -9999.0 -9999.0 -9999.0 -9999.0 -9999.0 -9999.0 -9999.0 -4.053339 -2.393500 -0.032404 -0.778903 -1.194541 -0.706613 -0.265212 -0.000318 -0.838946 -4.798420 -3.665886 -3.410998 2.481085 3.196224 2.848333 -0.000268 -0.655053 -2.077230 -3.595922 -1.802097 -1.322127 -2.076482 -2.203485 -0.904923 -0.474777 -2.034146 -2.141405 -1.656549 -1.569200 -0.814077 -1.223860 -1.628116 -1.523193 -2.290726 -1.666631 -3.147280 -1.323781 -0.114719 -3.010472 -1.887801 -2.054358 -0.575229 -0.172066 -0.240429 -0.001887 -0.093630 -0.010158 -0.001037 -0.000355 -0.000292 0.506270 0.255009 -0.045687 -0.026591
-9999.0 -9999.0 -3.096049 -1.595257 -3.033373 -1.435428 -0.152178 -1.536127 -2.163789 -2.154973 -2.183483 -0.175060 -1.302342 -0.317305 1.620643 -0.892572 -5.525041 -4.573712 -4.048014 -2.043277 -2.545542 3.304292 2.487088 2.566051 -0.000766 -0.461770 -1.426496 -1.138673 -0.002334 -1.424687 -3.069733 -0.879969 -0.058399 -1.294121 -0.240149 -0.773697 -0.001485 -0.000827 -1.095309 -2.843630 -1.602341 -0.618570 -0.692198 -1.408887 -3.314693 -1.737721 -0.269654 -0.367368 -0.001206 -0.000459 -0.000347 -0.000446 -0.000424 -0.000706 -0.003042 -0.002865 -0.004409 -0.000955 -0.488206 -2.003127 -0.023738 -0.022394
-9999.0 -0.059713 -0.071474 -0.050201 -0.224124 -0.035499 -2.803889 -3.590822 -3.745391 -4.309286 -2.811517 -0.038058 -0.174441 -0.194733 -0.771801 -0.588394 -3.786788 -3.510179 -0.035374 -1.466546 -1.047973 -0.000889 -0.000575 2.330569 1.763227 0.230479 3.328181 4.058150 -0.000275 -0.000798 -0.000786 -0.217881 -0.324693 2.710834 0.716700 2.084117 2.913882 3.430128 2.284960 0.466054 0.555536 1.698621 0.103445 -0.336469 -0.304531 -0.003354 -0.000535 0.376614 2.459042 1.736755 -0.000301 -0.000562 -0.007732 -0.139732 -0.253834 -3.218976 -1.074643 -0.854623 -0.029706 -0.054719 -0.026726 -0.022292
-9999.0 -2.537621 -0.504842 -1.269553 -1.124855 -0.488494 -0.612720 -0.935990 -1.673787 -2.469281 -0.354763 -0.231729 -0.842150 -0.553540 -2.220983 -3.311421 -4.062964 -3.236370 -0.943416 -1.684732 -0.690211 -1.341682 -0.003191 -0.000766 2.186300 5.965087 3.391707 3.444446 3.036678 3.638857 3.725849 2.953071 1.991362 2.187742 5.205388 3.941602 8.937951 13.064966 4.139391 4.144891 4.409981 3.982357 3.138560 2.444730 3.802386 4.457691 4.896137 4.074367 1.612918 0.627433 -0.000956 -4.856093 -1.503586 -0.873803 -4.732348 -0.952061 -1.047129 -0.590613 -1.015475 -0.082884 -0.061177 -9999.0
