user2019/resources/simulation/Vinschgau/output-maps/TsL0005N0770.asc
ncols         63
nrows         48
xllcorner     598000.000000
yllcorner     5145000.000000
cellsize      1000.000000
NODATA_value  -9999.0
[rows 0 to 27 of 48, columns 0 to 62 of 63]
-9999.0 -9999.0 -9999.0 -9999.0 -9999.0 -9999.0 -9999.0 -9999.0 -9999.0 -9999.0 -9999.0 -9999.0 -9999.0 -9999.0 -9999.0 -9999.0 -9999.0 -9999.0 -9999.0 -9999.0 -9999.0 -9999.0 -9999.0 -9999.0 -9999.0 -9999.0 -9999.0 -9999.0 -9999.0 -9999.0 -9999.0 -9999.0 -9999.0 -9999.0 -9999.0 -9999.0 -9999.0 -9999.0 -9999.0 -9999.0 -9999.0 -9999.0 -9999.0 -9999.0 -9999.0 -9999.0 -9999.0 -9999.0 -9999.0 -9999.0 -9999.0 -9999.0 -9999.0 -9999.0 -9999.0 -9999.0 -9999.0 -9999.0 -9999.0 -9999.0 -9999.0 -9999.0 -9999.0
-9999.0 -9999.0 -9999.0 -9999.0 -9999.0 -9999.0 -9999.0 -9999.0 -9999.0 -9999.0 -9999.0 -9999.0 -9999.0 -9999.0 -9999.0 -9999.0 -9999.0 -9999.0 -9999.0 -9999.0 -9999.0 -9999.0 -9999.0 -9999.0 -9999.0 -9999.0 -9999.0 -2.424525 -0.968832 -2.696820 -3.199923 -2.430867 -3.027825 -9999.0 -9999.0 -9999.0 -9999.0 -9999.0 -9999.0 -9999.0 -9999.0 -9999.0 -9999.0 -9999.0 -9999.0 -9999.0 -9999.0 -9999.0 -9999.0 -9999.0 -9999.0 -9999.0 -9999.0 -9999.0 -9999.0 -9999.0 -9999.0 -9999.0 -9999.0 -9999.0 -9999.0 -9999.0 -9999.0
-9999.0 -9999.0 -9999.0 -9999.0 -9999.0 -9999.0 -9999.0 -9999.0 -9999.0 -9999.0 -9999.0 -9999.0 -9999.0 -9999.0 -9999.0 -9999.0 -9999.0 -9999.0 -9999.0 -9999.0 -9999.0 -9999.0 -9999.0 -9999.0 -0.227799 -0.225992 -0.031493 -0.230886 -1.109455 -1.315525 -2.045747 -9999.0 -9999.0 -9999.0 -9999.0 -9999.0 -9999.0 -9999.0 -9999.0 -9999.0 -9999.0 -9999.0 -9999.0 -9999.0 -9999.0 -9999.0 -9999.0 -9999.0 -9999.0 -9999.0 -9999.0 -9999.0 -9999.0 -9999.0 -9999.0 -9999.0 -9999.0 -9999.0 -9999.0 -9999.0 -9999.0 -9999.0 -9999.0
-9999.0 -9999.0 -9999.0 -9999.0 -9999.0 -9999.0 -9999.0 -9999.0 -9999.0 -9999.0 -9999.0 -9999.0 -9999.0 -9999.0 -9999.0 -9999.0 -9999.0 -9999.0 -9999.0 -9999.0 -9999.0 -9999.0 -9999.0 -0.222292 -0.003733 0.669266 0.892091 1.075304 0.011833 -0.201716 -1.235996 -2.393407 -9999.0 -9999.0 -9999.0 -9999.0 -9999.0 -9999.0 -9999.0 -9999.0 -9999.0 -9999.0 -9999.0 -9999.0 -9999.0 -9999.0 -9999.0 -9999.0 -9999.0 -9999.0 -9999.0 -9999.0 -9999.0 -9999.0 -9999.0 -9999.0 -9999.0 -9999.0 -9999.0 -9999.0 -9999.0 -9999.0 -9999.0
-9999.0 -9999.0 -9999.0 -9999.0 -9999.0 -9999.0 -9999.0 -9999.0 -9999.0 -9999.0 -9999.0 -9999.0 -9999.0 -9999.0 -9999.0 -9999.0 -9999.0 -9999.0 0.460169 -0.006479 -9999.0 -0.208741 -0.004611 0.204975 0.509648 1.509637 0.326413 0.279421 0.603861 0.057231 -0.206237 -1.378194 -3.181406 -4.825096 -9999.0 -9999.0 -9999.0 -9999.0 -9999.0 -9999.0 -9999.0 -9999.0 -9999.0 -9999.0 -9999.0 -9999.0 -9999.0 -9999.0 -9999.0 -9999.0 -9999.0 -9999.0 -9999.0 -9999.0 -9999.0 -9999.0 -9999.0 -9999.0 -9999.0 -9999.0 -9999.0 -9999.0 -9999.0
-9999.0 -9999.0 -9999.0 -9999.0 -9999.0 -9999.0 -9999.0 -9999.0 -9999.0 -9999.0 -9999.0 -9999.0 -9999.0 -9999.0 -9999.0 -9999.0 -9999.0 4.164280 2.152637 1.476048 -0.785107 0.035783 0.052432 0.031990 0.611333 0.024978 0.001577 -0.013924 -0.000074 0.053807 -0.260218 -1.387979 -2.386653 -3.180806 -4.324496 -6.178497 -9999.0 -9999.0 -9999.0 -9999.0 -9999.0 -9999.0 -9999.0 -9999.0 -9999.0 -9999.0 -9999.0 -9999.0 -9999.0 -9999.0 -9999.0 -9999.0 -9999.0 -9999.0 -9999.0 -9999.0 -9999.0 -9999.0 -9999.0 -9999.0 -9999.0 -9999.0 -9999.0
-9999.0 -9999.0 -9999.0 -9999.0 -9999.0 -9999.0 -9999.0 -9999.0 -9999.0 -9999.0 -9999.0 -9999.0 -9999.0 -0.000986 0.117184 1.933061 3.747514 5.335634 3.731740 0.663361 0.430743 0.228031 0.591061 0.568018 0.018321 -0.007858 -1.318096 -2.270337 -0.002480 0.016092 -0.446788 -0.283696 -2.582297 -3.043029 -3.973538 -5.663106 -9999.0 -9999.0 -9999.0 -9999.0 -9999.0 -9999.0 -9999.0 -9999.0 -9999.0 -9999.0 -9999.0 -9999.0 -9999.0 -9999.0 -9999.0 -9999.0 -9999.0 -9999.0 -9999.0 -9999.0 -9999.0 -9999.0 -9999.0 -9999.0 -9999.0 -9999.0 -9999.0
-9999.0 -9999.0 -9999.0 -9999.0 -9999.0 -9999.0 -9999.0 -9999.0 -9999.0 -9999.0 -9999.0 -9999.0 -9999.0 0.065768 1.497375 2.625151 2.924955 3.779534 5.383797 2.114403 2.412325 1.259922 0.985045 0.038384 0.016830 -0.005277 -0.986569 -2.956764 -2.955959 -0.976583 -1.679341 -1.834497 -3.799122 -7.895965 -5.611304 -9999.0 -9999.0 -9999.0 -9999.0 -9999.0 -9999.0 -9999.0 -9999.0 -9999.0 -9999.0 -9999.0 -9999.0 -9999.0 -9999.0 -9999.0 -9999.0 -9999.0 -9999.0 -9999.0 -9999.0 -9999.0 -9999.0 -9999.0 -9999.0 -9999.0 -9999.0 -9999.0 -9999.0
-9999.0 -9999.0 -9999.0 -9999.0 -9999.0 -9999.0 -9999.0 -9999.0 -9999.0 -9999.0 -9999.0 -9999.0 -9999.0 1.139831 1.391176 2.314498 2.233998 3.128625 5.744611 3.510633 1.652133 0.079509 0.002798 0.006667 0.060528 -0.003015 -1.470948 -3.391103 -2.301389 -6.961427 -2.257602 -7.811903 -8.205001 -6.224921 -6.576373 -9999.0 -9999.0 -9999.0 -9999.0 -9999.0 -9999.0 -9999.0 -9999.0 -9999.0 -9999.0 -9999.0 -9999.0 -9999.0 -9999.0 -9999.0 -9999.0 -9999.0 -9999.0 -9999.0 -9999.0 -9999.0 -9999.0 -9999.0 -9999.0 -9999.0 -9999.0 -9999.0 -9999.0
-9999.0 -9999.0 -9999.0 -9999.0 -9999.0 -9999.0 -9999.0 -9999.0 -9999.0 -9999.0 -9999.0 -9999.0 0.081236 0.582754 1.687720 0.143886 0.589076 2.478634 4.455404 2.613055 0.402028 0.016794 -0.007080 0.001235 -0.509116 -0.984285 -1.588491 -2.020589 -2.410610 -4.427692 -5.703628 -3.703092 -3.742519 -6.159001 -9999.0 -9999.0 -9999.0 -9999.0 -9999.0 -9999.0 -9999.0 -9999.0 -9999.0 -9999.0 -9999.0 -9999.0 -9999.0 -9999.0 -9999.0 -9999.0 -9999.0 -9999.0 -9999.0 -9999.0 -9999.0 -9999.0 -9999.0 -9999.0 -9999.0 -9999.0 -9999.0 -9999.0 -9999.0
-9999.0 -9999.0 -9999.0 -9999.0 -9999.0 -9999.0 -9999.0 -9999.0 -9999.0 -9999.0 -9999.0 -0.024193 0.435769 1.015644 0.815615 0.099376 1.350904 2.387102 4.480174 2.037674 0.873252 0.199278 -0.181791 -0.850330 -1.489739 -1.242863 -4.036790 -1.010246 -1.553540 -5.364109 -3.794957 -2.274965 -3.744205 -4.622840 -4.248908 -3.474979 -2.322591 -1.655903 -1.776455 -9999.0 -9999.0 -9999.0 -4.566127 -9999.0 -9999.0 -9999.0 -9999.0 -9999.0 -9999.0 -9999.0 -9999.0 -9999.0 -9999.0 -9999.0 -9999.0 -9999.0 -9999.0 -9999.0 -9999.0 -9999.0 -9999.0 -9999.0 -9999.0
-9999.0 -9999.0 -9999.0 -9999.0 -9999.0 -9999.0 -9999.0 -9999.0 -9999.0 -9999.0 -9999.0 -0.177565 0.870877 1.144002 1.969788 -0.002117 3.136797 2.972680 4.659551 3.082299 1.727400 0.047453 -0.195291 -0.343397 -1.792994 -1.008766 -1.091440 -1.928328 -2.581190 -4.794264 -2.018609 -1.228015 -2.346223 -2.832263 -3.150813 -1.724759 -0.193814 -0.663684 -1.561991 -3.736085 -3.675960 -4.295236 -1.938753 -3.182867 -9999.0 -9999.0 -9999.0 -2.220867 -3.381518 -4.142100 -2.902336 -4.862905 -5.263943 -2.315309 -2.169757 -5.790745 -9999.0 -9999.0 -9999.0 -9999.0 -9999.0 -9999.0 -9999.0
-9999.0 -9999.0 -9999.0 -9999.0 -9999.0 -9999.0 -9999.0 -9999.0 -9999.0 -9999.0 -9999.0 -0.253855 -0.005473 -0.002342 0.117506 0.053017 0.075616 2.248802 3.326045 3.338036 1.356906 0.013035 -0.015451 -0.221455 -1.270084 -2.283656 -0.229660 -1.596263 -2.603186 -3.090954 -2.865378 -2.835824 -1.987679 -2.763857 -3.298839 -2.244027 -1.460122 -1.808335 -0.257136 -2.784238 -1.379686 -2.391534 -2.294851 -0.988224 -2.834669 -9999.0 -5.826141 -2.740243 -1.801834 -2.397957 -1.259816 -2.462269 -1.591780 -1.842442 -3.428260 -2.585344 -9999.0 -9999.0 -9999.0 -9999.0 -9999.0 -9999.0 -9999.0
-9999.0 -9999.0 -9999.0 -9999.0 -9999.0 -9999.0 -9999.0 -9999.0 -9999.0 -9999.0 -9999.0 -9999.0 -0.166991 -0.304658 0.046542 0.050543 0.012412 1.643481 3.713346 3.298433 1.022982 -0.001987 -1.079381 -0.174113 -0.419246 -0.251191 -0.177143 -1.343763 -1.994514 -3.106058 -1.076228 -1.750830 -1.177443 -2.156670 -2.511701 -1.526416 -0.311427 -0.021726 0.558500 -1.140617 -0.260694 -1.485482 -2.266611 -0.201184 -2.875873 -2.877043 -4.224997 -2.659654 -3.427821 -1.522738 0.028049 -1.682643 -1.764612 -2.041895 -3.264531 -3.183001 -1.818447 -9999.0 -9999.0 -9999.0 -9999.0 -9999.0 -9999.0
-9999.0 -9999.0 -9999.0 -9999.0 -9999.0 -9999.0 -9999.0 -9999.0 -9999.0 -9999.0 -9999.0 -0.184337 -0.207194 -0.136900 -0.279238 -0.013761 0.025086 0.883880 3.176378 3.094823 1.225308 -0.002280 -0.309555 -0.244491 -0.238673 -0.465574 -0.179649 -2.141402 -1.903310 -2.069748 -0.234319 -0.559609 -1.059128 -2.083680 -3.198502 -1.865334 -1.687210 -0.595942 0.236053 -0.021688 -0.605336 0.025139 -0.297270 -0.679912 -0.003766 -1.459689 -2.595723 -1.993424 -1.478628 0.004264 -2.855653 -2.020282 -3.775411 -5.560277 -6.350474 -4.625052 -4.565261 -9999.0 -9999.0 -9999.0 -9999.0 -9999.0 -9999.0
-9999.0 -9999.0 -9999.0 -9999.0 -9999.0 -9999.0 -9999.0 -9999.0 -9999.0 -9999.0 -0.219916 -0.147479 -0.017290 -0.012005 0.027051 -0.001329 -0.003332 0.018209 2.485244 2.769578 1.831605 0.439680 -0.005414 0.014140 0.022056 -0.423530 -1.527915 -3.733489 -0.780428 -0.189498 -0.447671 -0.462191 -0.575844 -2.110832 -5.818171 -2.858360 -0.745565 -2.047806 -0.204074 0.018435 0.015509 0.398883 1.755081 0.307703 -0.002414 -2.025444 -0.862141 -2.153851 -0.436523 0.004495 -3.838816 -4.643074 -6.987182 -6.400621 -8.035719 -3.298164 -3.239621 -9999.0 -9999.0 -9999.0 -9999.0 -9999.0 -9999.0
-9999.0 -9999.0 -9999.0 -9999.0 -9999.0 -9999.0 -9999.0 -9999.0 -9999.0 -1.050505 -0.271538 -0.488357 -0.396400 -0.005309 -0.419978 -0.399592 -0.001896 0.165597 2.119778 3.218361 2.182730 0.046688 0.025687 0.076641 0.064559 -1.223622 -0.458272 -0.024721 -0.005028 -0.003910 0.009821 -1.689222 -2.744638 -7.005178 -4.188472 -2.958564 -2.020411 -2.633177 -0.226301 -0.121264 -0.447348 -0.002495 -0.004266 0.887157 0.285995 0.009799 0.048292 -0.006244 -0.006207 0.125927 -2.993340 -4.163575 -7.100429 -6.724712 -5.173462 -4.264068 -3.128697 -3.027044 -4.387358 -9999.0 -9999.0 -9999.0 -9999.0
-9999.0 -9999.0 -9999.0 -9999.0 -9999.0 -9999.0 -9999.0 -9999.0 -9999.0 -2.897160 -2.771614 -0.572153 0.167068 0.014907 -0.001714 -0.005269 0.031283 0.062238 2.643166 3.348116 2.944268 1.961617 0.777789 0.054960 -0.284487 -0.287313 -0.003496 0.026906 0.019339 0.040102 -0.006166 -2.147462 -2.709820 -2.682053 -2.030368 -2.823526 -2.467840 -1.658222 -1.130385 -1.022971 -0.197704 -1.089896 -0.002964 0.023979 1.587151 1.048449 0.664331 0.020672 0.006189 0.014209 -2.886379 -4.497282 -6.487928 -5.003928 -4.910845 -2.995479 -3.248627 -1.890256 -2.339275 -9999.0 -9999.0 -9999.0 -9999.0
-9999.0 -9999.0 -9999.0 -9999.0 -9999.0 -9999.0 -9999.0 -9999.0 -9999.0 -9999.0 -1.580471 -1.120391 -0.085854 -0.005853 0.028636 0.007781 0.022848 0.650046 3.311814 3.466377 2.699339 1.202345 0.017599 -0.001995 -0.021270 0.020037 0.010956 0.074133 -0.002727 -0.739639 -1.902549 -1.595266 -2.839005 -2.289932 -1.671598 -1.032177 -0.008943 -0.050273 -2.524896 -1.722010 -1.977144 -0.198235 -0.001524 -0.001625 -0.001497 0.020313 0.325311 1.337436 1.483872 0.013035 -1.906737 -3.428680 -5.217038 -6.343740 -4.200656 -2.848433 -1.511250 -0.387545 -0.353959 0.026222 -9999.0 -9999.0 -9999.0
-9999.0 -9999.0 -9999.0 -9999.0 -9999.0 -9999.0 -9999.0 -9999.0 -9999.0 -9999.0 -1.988968 -0.844912 -0.204642 -0.369553 0.646643 0.033104 0.028372 1.551801 3.868922 4.099590 2.576175 0.251627 0.016374 -0.002243 0.016239 0.093259 0.770250 -0.004490 -0.704359 -2.625545 -1.739213 -1.203817 -4.072535 -2.801211 -1.312836 -0.247760 -0.385270 -0.476578 -1.596119 -2.239367 -1.496962 -1.510104 -1.485640 -0.652148 -0.181638 -0.246762 -0.001751 -0.001576 1.470134 1.226458 -0.013629 -1.744212 -2.977111 -4.967939 -6.815440 -5.777635 -2.901185 -0.030092 0.722523 1.170402 -9999.0 -9999.0 -9999.0
-9999.0 -9999.0 -9999.0 -9999.0 -9999.0 -9999.0 -9999.0 -9999.0 -0.217693 -1.118541 -2.367606 -1.366655 -1.494456 -1.395887 -1.194764 1.097434 1.658214 2.824119 4.227777 4.537263 4.417118 2.614170 1.646211 0.044058 0.066476 1.408590 0.365496 -0.222975 -1.783539 -4.191516 -6.553467 -1.750229 -1.623558 -2.516312 -2.634846 -1.140938 -0.001725 -0.365319 -2.461649 -2.890620 -2.010967 -1.086106 -2.941708 -2.624749 -1.392386 -0.215245 -2.256413 -0.029800 -0.001799 1.819855 -0.003130 -2.260634 -2.429031 -5.515590 -5.329018 -2.360614 -2.784376 -0.002655 0.011744 2.559059 -9999.0 -9999.0 -9999.0
-9999.0 -9999.0 -9999.0 -9999.0 -9999.0 -9999.0 -9999.0 -9999.0 -2.470898 -1.705006 -2.256481 -2.244228 -0.933081 -0.495875 -0.249179 0.013705 0.710818 1.238772 4.141277 4.980645 5.426679 4.563513 3.099501 1.693356 2.038821 2.104801 0.234017 -0.498667 -3.084625 -2.067420 -2.620985 -2.526550 -2.559691 -2.398025 -1.440799 -0.201144 0.006461 -0.003070 -0.156325 -0.762078 -1.662839 -4.097920 -2.320291 -0.711620 -0.244937 -0.195129 -3.206500 -0.789286 -0.005218 0.865099 1.105320 -0.154629 -3.428375 -2.671617 -0.948211 -2.102073 -0.006795 0.000381 1.716361 4.493317 5.380898 -9999.0 -9999.0
-9999.0 -9999.0 -9999.0 -9999.0 -9999.0 -9999.0 -9999.0 -9999.0 -1.600195 -1.009912 -0.782911 -2.786015 -1.359814 -2.439809 -0.008339 -0.014582 0.022437 1.063503 4.439275 5.559942 5.417145 5.422641 4.586057 3.837987 3.371609 1.850016 0.036502 -0.337431 -3.333864 -1.026469 -2.150211 -0.276259 -0.981755 -1.380989 -0.179081 -0.002728 -0.259540 1.207237 -0.024973 -0.613425 -0.780407 -2.050562 -0.217556 -0.597339 -0.685066 -0.572514 -2.851171 -0.493949 -0.390273 0.012737 1.942896 -0.001979 -2.410525 -3.287011 -0.008838 -0.264323 0.039594 1.610816 3.626359 4.193898 5.003968 -9999.0 -9999.0
-9999.0 -9999.0 -9999.0 -9999.0 -9999.0 -9999.0 -9999.0 -9999.0 -4.092755 -0.713768 -0.597152 -3.379146 -1.479073 -1.338153 -0.335729 0.017101 2.649910 4.123150 3.493851 5.049468 4.888192 5.361101 5.465569 5.061042 2.720252 0.354296 0.008521 -1.802997 -0.017455 -2.105848 -0.076837 -1.936099 -1.208173 -0.005545 -0.277956 -0.001086 0.191018 2.527258 0.033373 -0.003966 -0.197038 -0.187180 -0.185605 -1.433558 -0.246295 -2.009420 -0.766607 -1.598770 -0.944548 -0.008041 0.003463 1.547570 0.008678 0.038945 0.095656 0.763759 2.143353 3.300247 4.487163 4.783543 3.648603 1.800636 -9999.0
-9999.0 -9999.0 -9999.0 -9999.0 -9999.0 -9999.0 -9999.0 -9999.0 -2.263047 -0.794426 -0.530794 -1.456170 -2.020728 -0.529457 0.112434 1.252401 2.121987 1.438961 0.054833 1.596556 3.884765 4.900700 5.092601 4.829212 2.296780 0.041291 -0.311348 0.016415 0.048052 -0.003501 -0.002054 -0.002940 0.600177 0.055487 0.031942 0.101544 1.317790 4.202069 3.476089 1.021676 0.039333 0.026109 0.012033 0.016988 -0.009027 -0.003630 -0.003287 -0.334152 -0.002161 0.007152 0.610521 1.040676 1.316570 1.005399 1.646839 2.233813 3.045521 3.712566 3.718665 3.441715 2.674208 1.105398 -9999.0
-9999.0 -9999.0 -1.115903 -0.221061 -1.842855 -0.313027 -1.700956 -3.197653 -1.281855 -0.992907 -0.280274 -0.455343 -0.481333 0.045134 1.037574 1.223770 -0.001515 -0.345255 -0.004770 0.027756 1.535249 4.016748 4.220700 5.669044 3.145779 0.999403 0.034999 0.038576 1.204908 0.253992 0.023642 0.035493 2.171656 1.739801 2.448621 3.100129 4.639958 6.186147 5.079778 2.949617 2.444284 2.436182 2.374015 1.281189 0.019983 0.034942 0.416173 0.702083 1.331868 2.350600 3.083357 3.411890 2.741516 2.337970 2.260487 3.198117 2.452505 2.752132 1.969339 2.146755 1.047092 0.426594 -9999.0
-9999.0 -0.005308 -0.185324 -0.211771 -0.283478 -1.507752 -1.697410 -1.527119 -2.828661 -2.271758 -1.070238 -0.232997 0.056694 0.469843 0.505492 -0.120441 -0.243501 -0.365318 -0.016155 0.025617 1.424660 2.618651 2.969187 3.469531 4.061324 2.807441 2.350153 2.529774 2.768371 1.963519 1.759932 1.423260 2.214165 3.987953 5.064243 6.439245 7.705476 9.068637 7.844280 6.574371 5.683300 5.395642 4.600412 3.006906 2.019075 2.562711 3.324440 4.135693 4.412456 3.766350 3.882830 3.212946 2.205429 1.606097 1.560893 0.979172 0.458005 0.767684 0.454633 0.095985 0.009981 0.232415 -9999.0
-9999.0 -0.234597 -0.386402 -0.394996 0.170436 -0.447122 -1.391388 -1.642975 -1.425658 -2.522158 -0.476027 -0.337613 -0.001885 0.534744 -0.040563 -2.005220 -2.248343 -0.404085 -0.139616 -0.380441 0.133196 0.865241 1.188145 1.202797 3.445040 4.555492 5.009920 5.006033 4.493757 4.714215 5.647968 5.080785 4.037733 4.928446 6.649640 8.175886 10.511508 11.843208 10.213709 9.539628 8.706376 7.773592 6.524218 6.850796 7.352744 6.588266 5.941357 5.634290 5.101115 4.509603 2.797832 1.165207 0.539308 0.840644 0.416119 -0.003981 -0.307399 -0.006639 -0.004104 -0.004259 -0.003010 -9999.0 -9999.0
