user2019/resources/simulation/Vinschgau/output-maps/TsL0005N0891.asc
ncols         63
nrows         48
xllcorner     598000.000000
yllcorner     5145000.000000
cellsize      1000.000000
NODATA_value  -9999.0
[rows 0 to 27 of 48, columns 0 to 62 of 63]
-9999.0 -9999.0 -9999.0 -9999.0 -9999.0 -9999.0 -9999.0 -9999.0 -9999.0 -9999.0 -9999.0 -9999.0 -9999.0 -9999.0 -9999.0 -9999.0 -9999.0 -9999.0 -9999.0 -9999.0 -9999.0 -9999.0 -9999.0 -9999.0 -9999.0 -9999.0 -9999.0 -9999.0 -9999.0 -9999.0 -9999.0 -9999.0 -9999.0 -9999.0 -9999.0 -9999.0 -9999.0 -9999.0 -9999.0 -9999.0 -9999.0 -9999.0 -9999.0 -9999.0 -9999.0 -9999.0 -9999.0 -9999.0 -9999.0 -9999.0 -9999.0 -9999.0 -9999.0 -9999.0 -9999.0 -9999.0 -9999.0 -9999.0 -9999.0 -9999.0 -9999.0 -9999.0 -9999.0
-9999.0 -9999.0 -9999.0 -9999.0 -9999.0 -9999.0 -9999.0 -9999.0 -9999.0 -9999.0 -9999.0 -9999.0 -9999.0 -9999.0 -9999.0 -9999.0 -9999.0 -9999.0 -9999.0 -9999.0 -9999.0 -9999.0 -9999.0 -9999.0 -9999.0 -9999.0 -9999.0 -6.078090 -4.658626 -5.179024 -5.290284 -6.035170 -6.274412 -9999.0 -9999.0 -9999.0 -9999.0 -9999.0 -9999.0 -9999.0 -9999.0 -9999.0 -9999.0 -9999.0 -9999.0 -9999.0 -9999.0 -9999.0 -9999.0 -9999.0 -9999.0 -9999.0 -9999.0 -9999.0 -9999.0 -9999.0 -9999.0 -9999.0 -9999.0 -9999.0 -9999.0 -9999.0 -9999.0
-9999.0 -9999.0 -9999.0 -9999.0 -9999.0 -9999.0 -9999.0 -9999.0 -9999.0 -9999.0 -9999.0 -9999.0 -9999.0 -9999.0 -9999.0 -9999.0 -9999.0 -9999.0 -9999.0 -9999.0 -9999.0 -9999.0 -9999.0 -9999.0 -3.900083 -3.626578 -2.919709 -3.836558 -3.170615 -4.902622 -5.597991 -9999.0 -9999.0 -9999.0 -9999.0 -9999.0 -9999.0 -9999.0 -9999.0 -9999.0 -9999.0 -9999.0 -9999.0 -9999.0 -9999.0 -9999.0 -9999.0 -9999.0 -9999.0 -9999.0 -9999.0 -9999.0 -9999.0 -9999.0 -9999.0 -9999.0 -9999.0 -9999.0 -9999.0 -9999.0 -9999.0 -9999.0 -9999.0
-9999.0 -9999.0 -9999.0 -9999.0 -9999.0 -9999.0 -9999.0 -9999.0 -9999.0 -9999.0 -9999.0 -9999.0 -9999.0 -9999.0 -9999.0 -9999.0 -9999.0 -9999.0 -9999.0 -9999.0 -9999.0 -9999.0 -9999.0 -3.509644 -1.710241 -0.005740 0.333242 0.895838 -0.007183 -3.311023 -5.536224 -6.142513 -9999.0 -9999.0 -9999.0 -9999.0 -9999.0 -9999.0 -9999.0 -9999.0 -9999.0 -9999.0 -9999.0 -9999.0 -9999.0 -9999.0 -9999.0 -9999.0 -9999.0 -9999.0 -9999.0 -9999.0 -9999.0 -9999.0 -9999.0 -9999.0 -9999.0 -9999.0 -9999.0 -9999.0 -9999.0 -9999.0 -9999.0
-9999.0 -9999.0 -9999.0 -9999.0 -9999.0 -9999.0 -9999.0 -9999.0 -9999.0 -9999.0 -9999.0 -9999.0 -9999.0 -9999.0 -9999.0 -9999.0 -9999.0 -9999.0 -0.002762 -2.364305 -9999.0 -2.967553 -1.769054 -0.008437 -0.004284 0.814823 -0.003304 -0.002393 -0.001534 -0.004991 -3.691649 -5.233450 -7.134181 -9.565480 -9999.0 -9999.0 -9999.0 -9999.0 -9999.0 -9999.0 -9999.0 -9999.0 -9999.0 -9999.0 -9999.0 -9999.0 -9999.0 -9999.0 -9999.0 -9999.0 -9999.0 -9999.0 -9999.0 -9999.0 -9999.0 -9999.0 -9999.0 -9999.0 -9999.0 -9999.0 -9999.0 -9999.0 -9999.0
-9999.0 -9999.0 -9999.0 -9999.0 -9999.0 -9999.0 -9999.0 -9999.0 -9999.0 -9999.0 -9999.0 -9999.0 -9999.0 -9999.0 -9999.0 -9999.0 -9999.0 3.969747 2.309890 0.888669 -3.437326 -0.015910 -0.004840 -0.004597 -0.003855 -0.003336 -0.147005 -0.054116 -0.061476 -0.002499 -1.653821 -3.594803 -5.260072 -5.927771 -7.905400 -9.184218 -9999.0 -9999.0 -9999.0 -9999.0 -9999.0 -9999.0 -9999.0 -9999.0 -9999.0 -9999.0 -9999.0 -9999.0 -9999.0 -9999.0 -9999.0 -9999.0 -9999.0 -9999.0 -9999.0 -9999.0 -9999.0 -9999.0 -9999.0 -9999.0 -9999.0 -9999.0 -9999.0
-9999.0 -9999.0 -9999.0 -9999.0 -9999.0 -9999.0 -9999.0 -9999.0 -9999.0 -9999.0 -9999.0 -9999.0 -9999.0 -1.439216 -0.003408 1.790143 3.452867 2.767044 3.542979 -0.008367 -0.004745 -0.004796 -0.004570 -0.003562 -0.003092 -1.737736 -2.471388 -1.068095 -0.924327 -0.077208 -1.696484 -4.159839 -5.547278 -6.252437 -6.769657 -9.490622 -9999.0 -9999.0 -9999.0 -9999.0 -9999.0 -9999.0 -9999.0 -9999.0 -9999.0 -9999.0 -9999.0 -9999.0 -9999.0 -9999.0 -9999.0 -9999.0 -9999.0 -9999.0 -9999.0 -9999.0 -9999.0 -9999.0 -9999.0 -9999.0 -9999.0 -9999.0 -9999.0
-9999.0 -9999.0 -9999.0 -9999.0 -9999.0 -9999.0 -9999.0 -9999.0 -9999.0 -9999.0 -9999.0 -9999.0 -9999.0 -0.383162 0.820715 2.601357 2.759516 2.125111 2.820506 1.164504 2.600432 0.177729 0.862030 -0.003130 -0.010017 -0.072487 -4.621035 -5.507635 -6.636688 -1.940629 -1.402197 -5.013291 -6.976297 -9.992766 -8.241401 -9999.0 -9999.0 -9999.0 -9999.0 -9999.0 -9999.0 -9999.0 -9999.0 -9999.0 -9999.0 -9999.0 -9999.0 -9999.0 -9999.0 -9999.0 -9999.0 -9999.0 -9999.0 -9999.0 -9999.0 -9999.0 -9999.0 -9999.0 -9999.0 -9999.0 -9999.0 -9999.0 -9999.0
-9999.0 -9999.0 -9999.0 -9999.0 -9999.0 -9999.0 -9999.0 -9999.0 -9999.0 -9999.0 -9999.0 -9999.0 -9999.0 0.338255 0.091386 1.488509 2.144118 3.073648 2.998224 3.448129 0.289468 -0.061347 -0.003473 -0.007837 -0.002940 -0.005993 -4.421757 -6.916468 -6.142228 -8.863228 -5.604329 -10.541084 -10.975369 -12.904416 -9.866053 -9999.0 -9999.0 -9999.0 -9999.0 -9999.0 -9999.0 -9999.0 -9999.0 -9999.0 -9999.0 -9999.0 -9999.0 -9999.0 -9999.0 -9999.0 -9999.0 -9999.0 -9999.0 -9999.0 -9999.0 -9999.0 -9999.0 -9999.0 -9999.0 -9999.0 -9999.0 -9999.0 -9999.0
-9999.0 -9999.0 -9999.0 -9999.0 -9999.0 -9999.0 -9999.0 -9999.0 -9999.0 -9999.0 -9999.0 -9999.0 -0.006386 -0.009111 0.949193 -0.003081 0.525569 2.433454 2.622886 2.065059 -0.004595 -0.081996 -0.109157 -0.251153 -1.744883 -4.632749 -3.527723 -5.757113 -4.799943 -7.179865 -10.518483 -7.440616 -6.211106 -10.413573 -9999.0 -9999.0 -9999.0 -9999.0 -9999.0 -9999.0 -9999.0 -9999.0 -9999.0 -9999.0 -9999.0 -9999.0 -9999.0 -9999.0 -9999.0 -9999.0 -9999.0 -9999.0 -9999.0 -9999.0 -9999.0 -9999.0 -9999.0 -9999.0 -9999.0 -9999.0 -9999.0 -9999.0 -9999.0
-9999.0 -9999.0 -9999.0 -9999.0 -9999.0 -9999.0 -9999.0 -9999.0 -9999.0 -9999.0 -9999.0 -1.285321 0.195197 0.335170 0.183456 -0.067421 0.650065 2.326773 2.628720 1.384553 0.978293 -0.002901 -2.587748 -4.211716 -0.461953 -3.928377 -6.010025 -4.833033 -5.282219 -8.975733 -7.677298 -4.388648 -6.570670 -8.663113 -7.815920 -6.307083 -5.892802 -5.072981 -4.720429 -9999.0 -9999.0 -9999.0 -8.819175 -9999.0 -9999.0 -9999.0 -9999.0 -9999.0 -9999.0 -9999.0 -9999.0 -9999.0 -9999.0 -9999.0 -9999.0 -9999.0 -9999.0 -9999.0 -9999.0 -9999.0 -9999.0 -9999.0 -9999.0
-9999.0 -9999.0 -9999.0 -9999.0 -9999.0 -9999.0 -9999.0 -9999.0 -9999.0 -9999.0 -9999.0 -1.560196 0.622637 1.812556 1.704490 -1.310521 2.936747 3.193571 2.756452 1.762161 0.318686 -0.246973 -2.237226 -3.185501 -2.342610 -4.750771 -5.154474 -3.855606 -4.984939 -8.599728 -4.847336 -4.579235 -6.153976 -6.994669 -7.824693 -4.854708 -3.257063 -3.457057 -4.898412 -8.313273 -8.265844 -8.769936 -5.088363 -7.156064 -9999.0 -9999.0 -9999.0 -9.424971 -8.016946 -7.651531 -6.896214 -8.758771 -8.993359 -8.530418 -8.079277 -9.571306 -9999.0 -9999.0 -9999.0 -9999.0 -9999.0 -9999.0 -9999.0
-9999.0 -9999.0 -9999.0 -9999.0 -9999.0 -9999.0 -9999.0 -9999.0 -9999.0 -9999.0 -9999.0 -2.987434 -1.616377 -0.191471 -0.067885 -0.241799 -0.002432 2.579426 2.140476 1.785135 1.301789 -0.004392 -1.368407 -3.877307 -4.770634 -5.894418 -2.008241 -3.909833 -6.163883 -7.431267 -6.598306 -4.411255 -3.688383 -6.625162 -7.145214 -3.507805 -3.555908 -3.134313 -2.612827 -6.532984 -4.540336 -5.954829 -3.692961 -4.684973 -6.720530 -9999.0 -10.236011 -6.670636 -5.126064 -4.053182 -3.786359 -4.612973 -4.614084 -5.330820 -5.476442 -6.462960 -9999.0 -9999.0 -9999.0 -9999.0 -9999.0 -9999.0 -9999.0
-9999.0 -9999.0 -9999.0 -9999.0 -9999.0 -9999.0 -9999.0 -9999.0 -9999.0 -9999.0 -9999.0 -9999.0 -1.362645 -0.463058 -0.667297 -0.543579 -0.003879 1.797423 2.355419 1.827288 1.096952 -0.004513 -0.230902 -1.028452 -3.594365 -2.146864 -2.350032 -4.052240 -5.409902 -7.056751 -5.113964 -4.204862 -3.738934 -5.675859 -6.225705 -4.470369 -2.173710 -2.612099 -0.129101 -3.953151 -3.129064 -4.555640 -1.619268 -2.676680 -6.670976 -7.025788 -8.163240 -6.546203 -3.557988 -1.670025 -0.523445 -4.036589 -2.862212 -4.665964 -5.300150 -5.229363 -6.336706 -9999.0 -9999.0 -9999.0 -9999.0 -9999.0 -9999.0
-9999.0 -9999.0 -9999.0 -9999.0 -9999.0 -9999.0 -9999.0 -9999.0 -9999.0 -9999.0 -9999.0 -0.766254 -3.557492 -1.953273 -0.691082 -0.025111 -0.002533 1.053258 1.829832 3.139510 1.423979 -0.003372 -0.265816 -2.323539 -1.622496 -0.408026 -0.703768 -5.634503 -5.892768 -5.529950 -2.271009 -3.346550 -2.520931 -5.518712 -7.784588 -4.864052 -4.735161 -1.452880 -0.018016 -1.334371 -1.505666 -0.067177 -0.730870 -1.637718 -1.857111 -5.483686 -4.393808 -5.382145 -4.469379 -0.346673 -4.446806 -5.341114 -6.843128 -7.837193 -8.830358 -9.646761 -7.243119 -9999.0 -9999.0 -9999.0 -9999.0 -9999.0 -9999.0
-9999.0 -9999.0 -9999.0 -9999.0 -9999.0 -9999.0 -9999.0 -9999.0 -9999.0 -9999.0 -2.357456 -0.631437 -2.467818 -2.518207 -0.774422 -0.727863 -1.007189 -0.003562 2.595175 2.790350 0.395111 -0.001234 -0.783979 -1.390484 -0.032107 -1.790496 -2.932463 -5.388287 -3.877893 -3.048650 -2.768197 -2.835208 -2.939892 -5.505545 -9.646458 -6.571771 -3.661213 -1.911612 -0.052935 -0.002830 -0.002794 -0.002005 0.145868 0.305694 -0.109374 -5.336207 -4.304010 -1.397386 -0.779154 -0.029411 -6.907797 -7.787159 -9.322226 -10.579805 -10.214289 -5.557340 -5.355953 -9999.0 -9999.0 -9999.0 -9999.0 -9999.0 -9999.0
-9999.0 -9999.0 -9999.0 -9999.0 -9999.0 -9999.0 -9999.0 -9999.0 -9999.0 -4.554824 -1.892652 -1.682254 -0.562523 -1.099102 -0.521993 -0.373119 -0.170378 -0.066152 2.341267 3.199744 0.741557 -0.005900 -0.004643 -0.003316 -0.002809 -1.687730 -3.768855 -2.973067 -0.612682 -0.044927 -0.002724 -1.884860 -6.256829 -10.012143 -8.523095 -6.696881 -3.613897 -2.476815 -2.036162 -0.418732 -0.109139 -0.163727 -0.658951 0.989474 0.349601 -0.423700 -0.851150 -1.700260 -1.650609 -0.002422 -2.942010 -7.269283 -11.503693 -10.424333 -8.506819 -7.094627 -5.947608 -6.797382 -8.122964 -9999.0 -9999.0 -9999.0 -9999.0
-9999.0 -9999.0 -9999.0 -9999.0 -9999.0 -9999.0 -9999.0 -9999.0 -9999.0 -5.971925 -4.731584 -3.033077 -0.764635 -0.005975 -0.437206 -1.127091 -0.711732 -0.002525 2.999398 1.656284 1.305782 0.424339 -0.001992 -0.065742 -1.300657 -2.483464 -1.032995 -0.061503 -0.002372 -0.011283 -0.649682 -2.266654 -4.432391 -6.559402 -5.308953 -6.707112 -6.159815 -4.855218 -4.755686 -2.399685 -1.043579 -2.890024 -0.914886 -0.002282 1.622582 0.613723 0.281775 -0.003629 -0.008270 -0.002456 -3.130647 -6.456315 -9.855422 -8.696506 -7.404078 -7.998317 -5.914483 -4.991650 -5.754648 -9999.0 -9999.0 -9999.0 -9999.0
-9999.0 -9999.0 -9999.0 -9999.0 -9999.0 -9999.0 -9999.0 -9999.0 -9999.0 -9999.0 -5.309261 -3.006185 -0.134430 -0.553017 -0.004597 -0.151285 -0.007701 0.089387 3.812535 2.623908 1.389182 1.502494 -0.002984 -0.250536 -1.719554 -0.109591 -0.002710 -0.001649 -0.715953 -1.815025 -2.169298 -2.598906 -4.816612 -5.953682 -3.807955 -3.264394 -2.744584 -1.742681 -6.116073 -4.917467 -5.364464 -2.486612 -1.578240 -0.376979 -0.003748 -0.003081 0.460475 0.073996 0.956674 -0.003311 -2.081918 -5.149561 -8.612141 -9.565739 -8.834123 -6.673238 -4.154721 -1.743404 -2.283927 -0.090701 -9999.0 -9999.0 -9999.0
-9999.0 -9999.0 -9999.0 -9999.0 -9999.0 -9999.0 -9999.0 -9999.0 -9999.0 -9999.0 -5.530040 -4.289638 -3.054172 -0.083942 -0.001221 -0.004713 -0.003907 1.503940 4.194583 3.627105 2.567074 0.266840 -0.003764 -0.553146 -0.109859 -0.002239 0.310818 -0.006350 -1.506395 -4.493820 -4.991795 -3.674372 -6.139179 -6.759854 -4.903380 -2.305831 -1.756026 -0.434909 -3.038337 -5.813122 -4.645183 -3.906105 -1.686396 -3.426233 -1.218695 -0.445926 -0.044652 -0.003773 1.759471 0.677622 -0.020619 -2.973954 -5.106605 -8.098695 -10.228935 -9.406469 -6.724848 -1.734236 0.633333 0.411771 -9999.0 -9999.0 -9999.0
-9999.0 -9999.0 -9999.0 -9999.0 -9999.0 -9999.0 -9999.0 -9999.0 -3.783407 -5.155136 -6.091922 -3.712297 -3.645835 -1.479012 -0.062240 0.871756 1.879580 1.361998 3.335903 4.127930 4.351754 2.994769 1.819471 -0.006275 -0.003081 1.327094 -0.001964 -1.021467 -2.632565 -4.449454 -9.285546 -4.923035 -4.881628 -6.463049 -4.473212 -4.583535 -1.050543 -0.488198 -2.776596 -6.730548 -5.416673 -2.682468 -4.443923 -6.280784 -4.363633 -2.098199 -2.584656 -0.952271 -0.003929 0.920393 -0.006714 -0.921844 -4.006148 -6.912981 -8.920446 -5.930990 -6.479524 -1.626363 -0.002364 2.932846 -9999.0 -9999.0 -9999.0
-9999.0 -9999.0 -9999.0 -9999.0 -9999.0 -9999.0 -9999.0 -9999.0 -3.960179 -2.218559 -3.937851 -5.911320 -4.599311 -2.871934 -1.147856 -0.002989 0.763021 1.356331 4.734007 4.662448 3.517809 2.686785 1.268758 0.083571 2.246860 2.262281 0.243280 -0.613171 -6.123195 -5.739019 -6.537887 -6.263038 -4.382557 -6.068934 -3.893550 -3.225748 -0.568577 -0.222549 -0.822283 -3.791250 -5.070283 -7.851722 -5.883699 -3.623303 -2.567156 -1.423500 -4.807326 -3.941375 -0.575645 0.960640 0.473229 -0.438679 -5.240236 -6.566026 -4.482141 -4.213070 -1.839007 -0.037469 1.201666 3.591864 4.694517 -9999.0 -9999.0
-9999.0 -9999.0 -9999.0 -9999.0 -9999.0 -9999.0 -9999.0 -9999.0 -4.880936 -4.043022 -3.617108 -4.752927 -5.144321 -4.150846 -1.211391 -1.006508 -0.004935 0.630215 4.648589 3.649652 5.131649 3.566658 2.973320 3.218053 1.809306 2.012122 -0.002725 -1.457172 -5.155206 -4.901086 -5.690042 -2.695054 -3.145052 -2.726120 -2.456884 -2.289663 -0.040488 1.064681 -0.018935 -1.490572 -3.926935 -5.543440 -3.806737 -4.196820 -2.433678 -3.846008 -6.663225 -4.824485 -3.216643 -0.002290 1.937761 -0.004134 -4.963724 -5.350537 -2.991552 -1.356857 -0.001307 1.079158 3.210696 3.736853 4.243405 -9999.0 -9999.0
-9999.0 -9999.0 -9999.0 -9999.0 -9999.0 -9999.0 -9999.0 -9999.0 -7.563065 -3.633299 -1.080024 -5.639637 -4.300090 -1.644633 -0.451512 -0.002721 3.121311 4.412615 2.173148 4.992067 4.541928 4.962597 3.686812 3.111336 2.704944 0.322056 -0.009878 -2.221645 -2.824667 -1.350193 -1.703677 -0.950936 -0.058956 -0.230442 -0.510305 -1.413755 -0.008414 2.791423 -0.001785 -0.173702 -3.219187 -2.932582 -2.956515 -4.430130 -4.588019 -5.446484 -3.810425 -4.699880 -4.545733 -1.922722 -0.002647 1.530361 -0.003002 -1.144863 -0.004326 0.321345 1.842960 3.384248 4.444719 4.015328 3.093202 1.771840 -9999.0
-9999.0 -9999.0 -9999.0 -9999.0 -9999.0 -9999.0 -9999.0 -9999.0 -7.491366 -3.996297 -2.156890 -1.788086 -0.602684 -0.073271 -0.008789 0.702467 0.727277 1.510910 -0.004492 1.748724 3.958593 4.277196 4.590687 4.284145 0.970033 -0.004745 -1.324125 -0.116912 -0.003304 -0.121704 -0.420881 -0.005652 0.641402 -0.001966 -0.002829 -0.002667 0.850248 4.717940 4.141505 0.497340 -0.002534 -0.002824 -0.009363 -0.053040 -1.834770 -2.074190 -0.684527 -0.120790 -0.793479 -0.003329 0.007266 0.916226 1.288382 0.395057 1.021409 1.330462 2.057222 2.815943 3.412198 3.048062 2.984283 1.201760 -9999.0
-9999.0 -9999.0 -4.468415 -3.885395 -4.428079 -2.719237 -4.060846 -3.697030 -5.785174 -4.778885 -2.028616 -0.239318 -0.080837 -0.058352 -0.001148 0.303971 -0.003485 -1.430549 -0.996803 -0.003319 1.648124 4.289473 3.465305 5.485424 2.301883 0.998160 -0.004531 -0.004150 1.305888 -0.001756 -0.003038 -0.003289 1.277680 2.016999 2.040370 3.326686 4.287931 7.148784 6.128359 3.278794 2.036438 2.056147 2.695591 0.827255 -0.002857 -0.003050 0.045349 0.777112 0.819397 1.805931 2.477670 2.313522 1.748535 1.306267 1.253083 1.357592 1.843083 2.208034 1.802164 2.370284 0.155922 0.470413 -9999.0
-9999.0 -1.073387 -1.154552 -1.509345 -2.574531 -3.678680 -4.051256 -4.093084 -5.108570 -5.869272 -3.127942 -1.063178 -0.036522 -0.153474 -0.001436 -0.454275 -1.769272 -3.086410 -1.322422 -0.003131 1.459464 2.968512 1.560925 3.418028 2.301004 1.986560 0.552713 0.879151 2.317842 1.324030 1.102056 1.115402 2.551446 3.384018 4.794280 5.982089 7.483229 10.281288 7.612544 6.117155 5.298996 5.131080 4.429341 3.503217 2.317668 2.704110 2.560100 4.710002 3.959043 4.710406 3.082165 2.340250 1.604784 0.880974 0.821187 0.379557 0.290820 0.625682 0.070760 -0.002241 -0.002706 0.263565 -9999.0
-9999.0 -1.037503 -1.198790 -0.595528 -0.643976 -2.126372 -2.754197 -4.624504 -6.104392 -6.204363 -3.688510 -1.453420 -0.003497 -0.001275 -0.089778 -2.662478 -3.889396 -3.419192 -0.603157 -0.022491 -0.002273 1.131962 1.921877 0.829931 1.593180 2.386733 4.822952 4.208646 3.684298 5.435223 5.829266 5.518650 4.284124 5.166290 5.806004 7.998225 9.363296 10.402805 10.204358 9.328816 8.539633 7.653255 6.560250 7.235340 7.315207 7.068307 5.165228 4.978393 4.487325 3.833097 2.248550 1.244640 0.380721 1.043014 0.283589 -0.014404 -0.041082 -0.034929 -0.010863 -0.071113 -0.007204 -9999.0 -9999.0
