user2019/resources/simulation/Vinschgau/output-maps/TsL0003N1151.asc
ncols         63
nrows         48
xllcorner     598000.000000
yllcorner     5145000.000000
cellsize      1000.000000
NODATA_value  -9999.0
[rows 0 to 27 of 48, columns 0 to 62 of 63]
-9999.0 -9999.0 -9999.0 -9999.0 -9999.0 -9999.0 -9999.0 -9999.0 -9999.0 -9999.0 -9999.0 -9999.0 -9999.0 -9999.0 -9999.0 -9999.0 -9999.0 -9999.0 -9999.0 -9999.0 -9999.0 -9999.0 -9999.0 -9999.0 -9999.0 -9999.0 -9999.0 -9999.0 -9999.0 -9999.0 -9999.0 -9999.0 -9999.0 -9999.0 -9999.0 -9999.0 -9999.0 -9999.0 -9999.0 -9999.0 -9999.0 -9999.0 -9999.0 -9999.0 -9999.0 -9999.0 -9999.0 -9999.0 -9999.0 -9999.0 -9999.0 -9999.0 -9999.0 -9999.0 -9999.0 -9999.0 -9999.0 -9999.0 -9999.0 -9999.0 -9999.0 -9999.0 -9999.0
-9999.0 -9999.0 -9999.0 -9999.0 -9999.0 -9999.0 -9999.0 -9999.0 -9999.0 -9999.0 -9999.0 -9999.0 -9999.0 -9999.0 -9999.0 -9999.0 -9999.0 -9999.0 -9999.0 -9999.0 -9999.0 -9999.0 -9999.0 -9999.0 -9999.0 -9999.0 -9999.0 0.096248 -0.000180 0.221237 -0.009666 -0.001369 -0.045628 -9999.0 -9999.0 -9999.0 -9999.0 -9999.0 -9999.0 -9999.0 -9999.0 -9999.0 -9999.0 -9999.0 -9999.0 -9999.0 -9999.0 -9999.0 -9999.0 -9999.0 -9999.0 -9999.0 -9999.0 -9999.0 -9999.0 -9999.0 -9999.0 -9999.0 -9999.0 -9999.0 -9999.0 -9999.0 -9999.0
-9999.0 -9999.0 -9999.0 -9999.0 -9999.0 -9999.0 -9999.0 -9999.0 -9999.0 -9999.0 -9999.0 -9999.0 -9999.0 -9999.0 -9999.0 -9999.0 -9999.0 -9999.0 -9999.0 -9999.0 -9999.0 -9999.0 -9999.0 -9999.0 0.059968 0.070098 0.085975 0.061208 0.048650 -0.000365 -0.000619 -9999.0 -9999.0 -9999.0 -9999.0 -9999.0 -9999.0 -9999.0 -9999.0 -9999.0 -9999.0 -9999.0 -9999.0 -9999.0 -9999.0 -9999.0 -9999.0 -9999.0 -9999.0 -9999.0 -9999.0 -9999.0 -9999.0 -9999.0 -9999.0 -9999.0 -9999.0 -9999.0 -9999.0 -9999.0 -9999.0 -9999.0 -9999.0
-9999.0 -9999.0 -9999.0 -9999.0 -9999.0 -9999.0 -9999.0 -9999.0 -9999.0 -9999.0 -9999.0 -9999.0 -9999.0 -9999.0 -9999.0 -9999.0 -9999.0 -9999.0 -9999.0 -9999.0 -9999.0 -9999.0 -9999.0 0.076960 0.292807 2.377001 2.734993 2.913335 2.153736 0.222002 -0.000420 -0.003584 -9999.0 -9999.0 -9999.0 -9999.0 -9999.0 -9999.0 -9999.0 -9999.0 -9999.0 -9999.0 -9999.0 -9999.0 -9999.0 -9999.0 -9999.0 -9999.0 -9999.0 -9999.0 -9999.0 -9999.0 -9999.0 -9999.0 -9999.0 -9999.0 -9999.0 -9999.0 -9999.0 -9999.0 -9999.0 -9999.0 -9999.0
-9999.0 -9999.0 -9999.0 -9999.0 -9999.0 -9999.0 -9999.0 -9999.0 -9999.0 -9999.0 -9999.0 -9999.0 -9999.0 -9999.0 -9999.0 -9999.0 -9999.0 -9999.0 2.477769 0.299072 -9999.0 0.223910 0.296099 2.205354 2.169876 3.200151 2.034104 2.034500 1.629545 -0.003341 0.066072 -0.000410 -0.001168 -0.435070 -9999.0 -9999.0 -9999.0 -9999.0 -9999.0 -9999.0 -9999.0 -9999.0 -9999.0 -9999.0 -9999.0 -9999.0 -9999.0 -9999.0 -9999.0 -9999.0 -9999.0 -9999.0 -9999.0 -9999.0 -9999.0 -9999.0 -9999.0 -9999.0 -9999.0 -9999.0 -9999.0 -9999.0 -9999.0
-9999.0 -9999.0 -9999.0 -9999.0 -9999.0 -9999.0 -9999.0 -9999.0 -9999.0 -9999.0 -9999.0 -9999.0 -9999.0 -9999.0 -9999.0 -9999.0 -9999.0 4.792480 3.432567 3.662736 1.038708 -0.002287 -0.004846 1.444805 2.386778 -0.004731 -0.059058 -0.003481 -0.042359 1.320650 0.349935 0.084555 0.255593 0.087809 -0.002081 -0.009462 -9999.0 -9999.0 -9999.0 -9999.0 -9999.0 -9999.0 -9999.0 -9999.0 -9999.0 -9999.0 -9999.0 -9999.0 -9999.0 -9999.0 -9999.0 -9999.0 -9999.0 -9999.0 -9999.0 -9999.0 -9999.0 -9999.0 -9999.0 -9999.0 -9999.0 -9999.0 -9999.0
-9999.0 -9999.0 -9999.0 -9999.0 -9999.0 -9999.0 -9999.0 -9999.0 -9999.0 -9999.0 -9999.0 -9999.0 -9999.0 0.675880 1.443529 3.092176 4.448467 7.786176 4.540211 2.817008 2.500091 1.748275 2.908616 2.327294 -0.012779 0.294729 -0.013871 -0.059402 -0.022100 -0.006072 -0.620555 0.086839 -0.000154 -0.005549 -0.000394 -0.653964 -9999.0 -9999.0 -9999.0 -9999.0 -9999.0 -9999.0 -9999.0 -9999.0 -9999.0 -9999.0 -9999.0 -9999.0 -9999.0 -9999.0 -9999.0 -9999.0 -9999.0 -9999.0 -9999.0 -9999.0 -9999.0 -9999.0 -9999.0 -9999.0 -9999.0 -9999.0 -9999.0
-9999.0 -9999.0 -9999.0 -9999.0 -9999.0 -9999.0 -9999.0 -9999.0 -9999.0 -9999.0 -9999.0 -9999.0 -9999.0 1.323198 3.582668 3.791937 3.617458 6.156820 7.861208 4.418486 3.628353 4.134366 2.311011 0.806620 1.089815 -0.001552 0.040008 0.138564 0.030761 -0.054717 -1.946098 -0.000166 -0.000557 -6.178197 -0.003822 -9999.0 -9999.0 -9999.0 -9999.0 -9999.0 -9999.0 -9999.0 -9999.0 -9999.0 -9999.0 -9999.0 -9999.0 -9999.0 -9999.0 -9999.0 -9999.0 -9999.0 -9999.0 -9999.0 -9999.0 -9999.0 -9999.0 -9999.0 -9999.0 -9999.0 -9999.0 -9999.0 -9999.0
-9999.0 -9999.0 -9999.0 -9999.0 -9999.0 -9999.0 -9999.0 -9999.0 -9999.0 -9999.0 -9999.0 -9999.0 -9999.0 3.651124 2.984493 4.862581 3.404938 4.111831 8.113075 4.495357 4.011165 2.437665 -0.003760 -0.020570 0.876603 0.137424 0.284200 -0.000450 -0.001098 -5.754078 -0.000466 -6.052562 -6.533598 -6.582038 -0.844831 -9999.0 -9999.0 -9999.0 -9999.0 -9999.0 -9999.0 -9999.0 -9999.0 -9999.0 -9999.0 -9999.0 -9999.0 -9999.0 -9999.0 -9999.0 -9999.0 -9999.0 -9999.0 -9999.0 -9999.0 -9999.0 -9999.0 -9999.0 -9999.0 -9999.0 -9999.0 -9999.0 -9999.0
-9999.0 -9999.0 -9999.0 -9999.0 -9999.0 -9999.0 -9999.0 -9999.0 -9999.0 -9999.0 -9999.0 -9999.0 2.325207 2.454298 4.478238 2.403965 1.950395 3.605503 6.880448 5.130644 2.608828 -0.004898 -0.006912 -0.016182 -0.867136 0.022173 -2.274487 -0.000424 -0.009599 -0.001058 -6.157174 -0.001511 -0.008486 -0.951742 -9999.0 -9999.0 -9999.0 -9999.0 -9999.0 -9999.0 -9999.0 -9999.0 -9999.0 -9999.0 -9999.0 -9999.0 -9999.0 -9999.0 -9999.0 -9999.0 -9999.0 -9999.0 -9999.0 -9999.0 -9999.0 -9999.0 -9999.0 -9999.0 -9999.0 -9999.0 -9999.0 -9999.0 -9999.0
-9999.0 -9999.0 -9999.0 -9999.0 -9999.0 -9999.0 -9999.0 -9999.0 -9999.0 -9999.0 -9999.0 0.653511 3.569864 1.959637 3.898572 2.256110 4.404977 3.966080 6.442416 6.734039 2.397632 1.691242 0.335000 0.053677 -0.029047 -0.000130 -0.000644 -0.000167 -0.006759 -0.009356 -0.001691 -0.000156 0.040128 -0.003427 -0.001903 0.072533 -0.000570 0.014401 -0.000304 -9999.0 -9999.0 -9999.0 -0.007362 -9999.0 -9999.0 -9999.0 -9999.0 -9999.0 -9999.0 -9999.0 -9999.0 -9999.0 -9999.0 -9999.0 -9999.0 -9999.0 -9999.0 -9999.0 -9999.0 -9999.0 -9999.0 -9999.0 -9999.0
-9999.0 -9999.0 -9999.0 -9999.0 -9999.0 -9999.0 -9999.0 -9999.0 -9999.0 -9999.0 -9999.0 0.603954 3.538158 5.181340 4.890964 1.105426 6.221850 4.486628 6.831968 5.236367 3.702910 1.091005 0.281202 -2.244944 -3.210107 -0.000175 -0.000211 -0.000151 0.245364 -0.002812 -0.000171 -0.000162 -0.003631 -0.009854 -0.004997 -0.000174 0.059425 0.308874 0.114836 -0.002567 -0.001908 -0.005719 -0.000466 -0.000748 -9999.0 -9999.0 -9999.0 -0.005070 -0.012213 -0.002694 -0.022286 -0.049482 -0.474623 -0.015955 -0.038586 -0.845319 -9999.0 -9999.0 -9999.0 -9999.0 -9999.0 -9999.0 -9999.0
-9999.0 -9999.0 -9999.0 -9999.0 -9999.0 -9999.0 -9999.0 -9999.0 -9999.0 -9999.0 -9999.0 0.546975 0.603448 0.254329 2.080779 1.615398 1.063022 3.565923 6.279463 5.266203 1.992982 -0.003227 -0.215727 0.063495 -0.000179 0.102921 -2.530985 -2.859158 0.085719 -0.004493 0.023438 -3.334675 -0.000132 -0.007689 -0.000894 -0.000147 -2.516675 -2.205731 0.368364 0.043266 -0.002561 -0.000669 -0.000465 -0.000161 -0.012773 -9999.0 -1.017545 -0.030112 -0.004732 -0.000177 0.029126 0.241998 -0.000198 -0.000559 -0.004064 -0.011009 -9999.0 -9999.0 -9999.0 -9999.0 -9999.0 -9999.0 -9999.0
-9999.0 -9999.0 -9999.0 -9999.0 -9999.0 -9999.0 -9999.0 -9999.0 -9999.0 -9999.0 -9999.0 -9999.0 0.611483 -0.018254 1.045658 1.276246 0.303882 2.620278 6.230149 5.177006 1.949382 0.107260 -0.039078 -0.104255 -2.298740 -1.143290 0.185851 0.034613 -0.000601 -0.000670 -0.000174 -3.143702 0.037510 -0.005271 -0.007232 -0.000167 -1.614442 -2.069079 1.241504 0.260496 0.330500 0.260424 -0.676077 0.090212 -0.000359 -0.011598 -0.006468 -0.010342 -4.042076 -0.982439 -0.027506 -3.005723 -3.086962 -3.635543 -4.213515 -0.000913 -0.007925 -9999.0 -9999.0 -9999.0 -9999.0 -9999.0 -9999.0
-9999.0 -9999.0 -9999.0 -9999.0 -9999.0 -9999.0 -9999.0 -9999.0 -9999.0 -9999.0 -9999.0 -1.333566 0.290413 0.767247 -0.033691 -0.004724 0.641970 1.938851 5.721579 3.952299 2.263372 0.310798 -0.020293 -0.585889 -0.569031 -1.859785 -0.746393 -0.000367 -0.000533 0.124181 -2.628897 -2.318768 0.090576 -0.007600 -0.005963 -0.009478 -0.000279 -0.055531 -0.005132 0.617671 -0.036831 -0.012028 -0.074008 -0.010760 0.273793 -0.000214 -0.004645 0.126461 0.261700 -0.018874 -2.629829 -0.000206 -4.492071 -4.771526 -5.473470 -5.718591 -0.001908 -9999.0 -9999.0 -9999.0 -9999.0 -9999.0 -9999.0
-9999.0 -9999.0 -9999.0 -9999.0 -9999.0 -9999.0 -9999.0 -9999.0 -9999.0 -9999.0 0.249623 -0.748819 0.293753 0.318260 0.584112 -0.000370 -0.000487 -0.008431 3.118413 3.601399 3.213075 2.224495 -0.593977 0.406571 -0.025486 -1.511345 -2.390098 -3.605735 0.175148 0.230337 -1.754872 -1.835261 0.208859 -0.006026 -0.650653 0.028718 0.064990 -0.605026 -0.403505 0.134410 0.166196 1.218332 4.250370 0.564598 -0.021243 0.140184 0.044645 -0.944085 -0.735887 -0.014082 -4.589806 -0.003126 -5.859549 -6.276667 -6.832317 -0.000518 -0.005670 -9999.0 -9999.0 -9999.0 -9999.0 -9999.0 -9999.0
-9999.0 -9999.0 -9999.0 -9999.0 -9999.0 -9999.0 -9999.0 -9999.0 -9999.0 -0.000168 0.105846 -0.031408 -0.028994 -0.040558 -0.047481 -0.037394 -0.023674 1.610626 3.043358 3.670053 3.639345 0.423243 0.013960 0.200269 -0.001402 -1.371450 -1.974888 0.235105 -0.034914 -0.031917 -0.000117 -1.569783 0.074835 -0.008528 -0.002123 -0.000295 0.064597 -2.488219 -2.406367 -0.053519 -0.969780 -0.530021 -0.560193 1.235884 0.564600 -0.021089 0.515338 -0.049913 -0.048179 -0.002539 -2.182356 -0.001959 -6.435061 -0.957843 -0.016207 -4.127318 -3.881514 -0.000872 -0.006109 -9999.0 -9999.0 -9999.0 -9999.0
-9999.0 -9999.0 -9999.0 -9999.0 -9999.0 -9999.0 -9999.0 -9999.0 -9999.0 0.020253 -0.000171 0.244033 0.773466 -0.009888 -0.025559 -0.041976 0.509528 0.235132 3.619151 4.898006 4.438018 4.024768 2.436719 1.041578 -0.978844 -1.011937 -0.055689 -0.014293 0.270722 1.122823 0.354593 -1.949976 -0.000173 -0.005742 -0.010651 -0.000379 0.090523 0.254649 -0.000181 0.164040 -2.831789 -1.342414 -0.033576 0.480250 2.132425 1.697547 1.381669 0.184463 -0.010272 -0.003332 -2.826268 -4.606242 -1.074527 -2.575898 -3.161688 -5.033217 -3.168291 -3.318030 0.093543 -9999.0 -9999.0 -9999.0 -9999.0
-9999.0 -9999.0 -9999.0 -9999.0 -9999.0 -9999.0 -9999.0 -9999.0 -9999.0 -9999.0 -0.000176 0.081495 -0.028656 -0.662940 -0.002968 -0.023185 -0.011240 1.241622 4.414440 4.292161 4.470173 2.204719 -0.018368 -0.409903 -0.559984 -0.024551 0.045286 0.757813 0.345027 -1.507157 -1.853632 -2.698912 -2.919522 -0.000750 -0.001943 0.083521 0.243711 0.110847 0.096366 -0.000169 -0.000186 0.201054 0.433755 -0.020587 -0.011973 -0.008010 1.066652 2.765548 2.088545 -0.003671 -1.787203 -3.720723 -0.019129 -1.728423 -2.726081 -0.045168 -0.000665 -1.513803 -1.112209 -0.018208 -9999.0 -9999.0 -9999.0
-9999.0 -9999.0 -9999.0 -9999.0 -9999.0 -9999.0 -9999.0 -9999.0 -9999.0 -9999.0 -0.011436 0.044633 0.213332 -0.013309 1.972251 -0.006082 -0.011361 2.146065 4.842746 5.106471 2.935653 0.978947 -0.022041 -0.025788 -0.020538 0.346841 1.395216 -0.009255 -1.195703 -2.636579 -0.000185 -0.000159 -4.131804 -0.004507 -0.000187 0.105994 -1.426932 -0.057325 -2.286312 -0.000466 -0.000170 0.455103 -1.080379 0.211200 0.295858 -0.391648 -0.012484 -0.011502 2.356830 1.799203 -0.000135 -2.199158 -3.361016 -0.005200 -3.422673 -1.677920 -0.024609 -0.100009 0.742294 1.682964 -9999.0 -9999.0 -9999.0
-9999.0 -9999.0 -9999.0 -9999.0 -9999.0 -9999.0 -9999.0 -9999.0 -0.000131 -0.000180 -0.001084 -0.000147 -2.619456 -0.060452 -0.036373 1.212666 2.447816 4.916096 5.242692 5.540297 4.673288 3.526650 2.561740 0.701287 0.145106 1.545607 2.054623 -0.699465 -2.598470 -2.554453 -5.700557 -0.000165 -0.000162 -0.001994 -0.004823 0.008362 0.506476 -0.054611 -2.448783 -0.000296 0.139585 0.094330 -2.572874 0.080597 0.308428 0.259130 -2.268921 -0.231103 -0.008872 1.964353 0.117556 -2.326525 -4.014835 -5.071178 -0.595667 -0.008191 -0.000371 0.276868 0.290575 3.720522 -9999.0 -9999.0 -9999.0
-9999.0 -9999.0 -9999.0 -9999.0 -9999.0 -9999.0 -9999.0 -9999.0 -2.965227 -3.022614 -2.105292 -0.000550 0.022080 -2.042174 -0.834569 -0.008094 1.457714 2.049704 5.080022 6.058933 7.323063 6.699021 5.748903 4.745484 2.886360 2.882225 0.479330 -0.044710 -3.597235 -0.000474 -0.007056 0.078508 -0.000157 0.095160 0.053723 0.086462 1.353903 -0.000116 -0.043070 0.067734 -0.000189 -4.201719 0.107333 0.195749 0.073144 -2.399961 -3.034374 0.052054 -0.032921 1.138744 1.528486 -0.025638 -4.259774 -0.015599 -0.000142 -2.357253 -0.265299 -0.012228 2.215022 4.691834 5.988753 -9999.0 -9999.0
-9999.0 -9999.0 -9999.0 -9999.0 -9999.0 -9999.0 -9999.0 -9999.0 -0.000206 0.012016 -0.000707 -2.912336 -0.000554 -2.394563 -0.197895 -0.692611 0.012841 2.267407 5.012527 7.252239 6.524654 7.307841 7.061649 4.993743 5.065538 2.789048 0.048100 -1.146822 -4.574700 -0.000185 0.107945 0.091670 -2.506957 -2.806146 0.283866 0.695399 -0.000623 1.269293 -0.032033 -1.113179 0.061494 0.131864 0.064669 -0.000129 -2.670136 0.061680 -0.000383 -0.000183 -1.953887 -0.015190 2.233372 0.058519 -2.780746 -4.082339 -1.485033 -0.048816 0.779993 2.085361 4.439562 4.992958 5.497459 -9999.0 -9999.0
-9999.0 -9999.0 -9999.0 -9999.0 -9999.0 -9999.0 -9999.0 -9999.0 -0.002784 0.057037 -2.290358 -4.294069 0.045806 -2.234059 -1.896210 0.014909 3.565576 4.816118 5.122544 5.292796 5.967773 6.362085 7.096827 6.347134 3.201391 0.608796 -0.038533 -1.902982 0.222761 -0.976517 -0.939152 -1.564878 -0.008926 -0.039456 -0.023760 0.470509 1.743204 3.634942 0.282037 -0.016148 0.241385 0.253561 0.249245 0.298356 0.039959 0.129380 0.181265 0.245838 -0.000179 -0.227560 -0.011376 1.856759 0.139911 -0.494952 0.402196 1.320734 2.828314 4.346191 5.324605 5.216597 4.144091 2.236459 -9999.0
-9999.0 -9999.0 -9999.0 -9999.0 -9999.0 -9999.0 -9999.0 -9999.0 -0.044971 -0.000160 -2.163889 -1.497659 -0.619917 -0.486053 1.262230 1.799050 3.340802 2.006129 0.344972 2.451043 4.344396 5.781162 5.984916 5.683401 4.175796 -0.007430 -1.009562 -0.020872 -0.000546 -0.023998 -0.471886 -0.002400 1.745455 0.794627 0.109784 0.703024 2.321446 5.624326 5.029690 1.641529 0.195842 0.101635 0.034993 -0.006973 -0.065879 0.381875 -0.027493 -0.555672 -0.029543 -0.000110 1.046255 1.274785 1.567035 1.348344 2.094785 2.451478 3.029567 3.814164 4.464432 4.371293 3.778428 1.613706 -9999.0
-9999.0 -9999.0 0.024231 0.056709 -3.412540 -2.428604 -3.014673 -4.092777 -0.004888 -0.000445 -2.807930 -0.764482 -0.109889 -0.000415 2.417791 1.318597 -0.016204 -1.136519 -0.038002 -0.006995 2.317135 5.045667 4.936166 5.749592 3.773102 1.597767 -0.008726 -0.005467 1.981708 2.190181 -0.017017 0.235661 4.041060 2.946587 3.423839 4.177441 6.356699 7.896104 6.793764 4.107207 3.945510 3.660588 3.758699 1.946996 -0.008703 -0.003775 1.156916 1.065241 1.848623 2.821661 3.898637 3.271511 2.693278 2.246788 2.195930 4.224609 2.819068 3.190010 2.828876 3.105825 2.827559 0.839623 -9999.0
-9999.0 -0.060317 -0.489204 -2.497893 -1.197105 -1.782563 -1.291942 -2.288512 -3.274414 -0.000694 -2.111563 -0.767572 -0.005498 1.831536 1.787458 -0.345532 -2.268430 -2.154084 -0.890498 -0.013537 2.000838 3.846838 4.651884 4.467888 5.647624 3.533681 3.754882 3.964014 4.161630 2.478507 2.616250 2.801054 4.428846 6.576677 7.036600 8.183499 9.889674 10.806570 9.992827 8.176801 7.542412 7.427979 6.653372 4.382294 3.081525 3.489400 3.877411 5.535671 5.913504 5.703280 4.122820 3.324312 2.591091 1.853302 1.789500 1.373206 0.496828 0.843361 1.133786 1.812480 0.148356 0.629573 -9999.0
-9999.0 0.394316 -0.028295 -0.034865 0.199845 -0.074239 -2.442881 -2.819645 -0.003258 -0.005658 -1.989274 -1.168980 -0.004295 1.822898 -0.116149 -3.403302 -2.112246 -2.099496 -0.676753 -0.012793 2.277466 1.558869 2.633716 2.357239 4.628247 5.741287 5.070626 5.482897 5.370651 6.013336 6.167882 5.927658 6.281083 7.271048 9.417695 10.320897 13.358528 14.424302 12.957259 11.870545 11.127645 10.143067 9.125695 7.683660 7.568692 7.430670 7.112234 6.804181 6.152271 5.256463 3.290789 1.606997 0.603221 1.188264 0.422653 -0.026478 -0.788171 -0.066353 -0.047751 -0.189381 -0.023067 -9999.0 -9999.0
