user2019/resources/simulation/Vinschgau/output-maps/TsL0008N1405.asc
ncols         63
nrows         48
xllcorner     598000.000000
yllcorner     5145000.000000
cellsize      1000.000000
NODATA_value  -9999.0
[rows 0 to 27 of 48, columns 0 to 62 of 63]
-9999.0 -9999.0 -9999.0 -9999.0 -9999.0 -9999.0 -9999.0 -9999.0 -9999.0 -9999.0 -9999.0 -9999.0 -9999.0 -9999.0 -9999.0 -9999.0 -9999.0 -9999.0 -9999.0 -9999.0 -9999.0 -9999.0 -9999.0 -9999.0 -9999.0 -9999.0 -9999.0 -9999.0 -9999.0 -9999.0 -9999.0 -9999.0 -9999.0 -9999.0 -9999.0 -9999.0 -9999.0 -9999.0 -9999.0 -9999.0 -9999.0 -9999.0 -9999.0 -9999.0 -9999.0 -9999.0 -9999.0 -9999.0 -9999.0 -9999.0 -9999.0 -9999.0 -9999.0 -9999.0 -9999.0 -9999.0 -9999.0 -9999.0 -9999.0 -9999.0 -9999.0 -9999.0 -9999.0
-9999.0 -9999.0 -9999.0 -9999.0 -9999.0 -9999.0 -9999.0 -9999.0 -9999.0 -9999.0 -9999.0 -9999.0 -9999.0 -9999.0 -9999.0 -9999.0 -9999.0 -9999.0 -9999.0 -9999.0 -9999.0 -9999.0 -9999.0 -9999.0 -9999.0 -9999.0 -9999.0 0.002965 0.044107 0.259921 -0.002078 -0.003015 -2.370265 -9999.0 -9999.0 -9999.0 -9999.0 -9999.0 -9999.0 -9999.0 -9999.0 -9999.0 -9999.0 -9999.0 -9999.0 -9999.0 -9999.0 -9999.0 -9999.0 -9999.0 -9999.0 -9999.0 -9999.0 -9999.0 -9999.0 -9999.0 -9999.0 -9999.0 -9999.0 -9999.0 -9999.0 -9999.0 -9999.0
-9999.0 -9999.0 -9999.0 -9999.0 -9999.0 -9999.0 -9999.0 -9999.0 -9999.0 -9999.0 -9999.0 -9999.0 -9999.0 -9999.0 -9999.0 -9999.0 -9999.0 -9999.0 -9999.0 -9999.0 -9999.0 -9999.0 -9999.0 -9999.0 0.264868 0.427377 0.777409 0.273690 0.768436 0.698843 -0.002770 -9999.0 -9999.0 -9999.0 -9999.0 -9999.0 -9999.0 -9999.0 -9999.0 -9999.0 -9999.0 -9999.0 -9999.0 -9999.0 -9999.0 -9999.0 -9999.0 -9999.0 -9999.0 -9999.0 -9999.0 -9999.0 -9999.0 -9999.0 -9999.0 -9999.0 -9999.0 -9999.0 -9999.0 -9999.0 -9999.0 -9999.0 -9999.0
-9999.0 -9999.0 -9999.0 -9999.0 -9999.0 -9999.0 -9999.0 -9999.0 -9999.0 -9999.0 -9999.0 -9999.0 -9999.0 -9999.0 -9999.0 -9999.0 -9999.0 -9999.0 -9999.0 -9999.0 -9999.0 -9999.0 -9999.0 0.521895 1.397099 3.220728 3.617191 3.733172 3.743775 0.783191 -0.002530 -0.011835 -9999.0 -9999.0 -9999.0 -9999.0 -9999.0 -9999.0 -9999.0 -9999.0 -9999.0 -9999.0 -9999.0 -9999.0 -9999.0 -9999.0 -9999.0 -9999.0 -9999.0 -9999.0 -9999.0 -9999.0 -9999.0 -9999.0 -9999.0 -9999.0 -9999.0 -9999.0 -9999.0 -9999.0 -9999.0 -9999.0 -9999.0
-9999.0 -9999.0 -9999.0 -9999.0 -9999.0 -9999.0 -9999.0 -9999.0 -9999.0 -9999.0 -9999.0 -9999.0 -9999.0 -9999.0 -9999.0 -9999.0 -9999.0 -9999.0 4.674114 1.301523 -9999.0 0.885728 1.382817 2.764522 3.023678 3.663748 3.368648 3.686825 2.685289 1.136562 0.454715 -0.002012 -0.003099 -0.004095 -9999.0 -9999.0 -9999.0 -9999.0 -9999.0 -9999.0 -9999.0 -9999.0 -9999.0 -9999.0 -9999.0 -9999.0 -9999.0 -9999.0 -9999.0 -9999.0 -9999.0 -9999.0 -9999.0 -9999.0 -9999.0 -9999.0 -9999.0 -9999.0 -9999.0 -9999.0 -9999.0 -9999.0 -9999.0
-9999.0 -9999.0 -9999.0 -9999.0 -9999.0 -9999.0 -9999.0 -9999.0 -9999.0 -9999.0 -9999.0 -9999.0 -9999.0 -9999.0 -9999.0 -9999.0 -9999.0 5.041186 3.690554 3.730753 1.940354 0.505263 1.205580 2.335647 4.016727 0.306408 -0.046425 0.973315 -0.037834 2.081124 1.888474 0.596757 0.641319 -0.000930 -0.003797 -0.005152 -9999.0 -9999.0 -9999.0 -9999.0 -9999.0 -9999.0 -9999.0 -9999.0 -9999.0 -9999.0 -9999.0 -9999.0 -9999.0 -9999.0 -9999.0 -9999.0 -9999.0 -9999.0 -9999.0 -9999.0 -9999.0 -9999.0 -9999.0 -9999.0 -9999.0 -9999.0 -9999.0
-9999.0 -9999.0 -9999.0 -9999.0 -9999.0 -9999.0 -9999.0 -9999.0 -9999.0 -9999.0 -9999.0 -9999.0 -9999.0 3.050296 2.363914 3.285297 4.578721 8.706439 4.685003 3.036002 3.059549 2.756952 3.326238 4.078517 -0.004181 1.289670 -0.156953 -0.039810 -0.034408 0.001630 -1.114903 1.084862 0.114329 0.002549 -0.002163 -0.006150 -9999.0 -9999.0 -9999.0 -9999.0 -9999.0 -9999.0 -9999.0 -9999.0 -9999.0 -9999.0 -9999.0 -9999.0 -9999.0 -9999.0 -9999.0 -9999.0 -9999.0 -9999.0 -9999.0 -9999.0 -9999.0 -9999.0 -9999.0 -9999.0 -9999.0 -9999.0 -9999.0
-9999.0 -9999.0 -9999.0 -9999.0 -9999.0 -9999.0 -9999.0 -9999.0 -9999.0 -9999.0 -9999.0 -9999.0 -9999.0 3.850445 4.188644 4.111485 3.936628 8.607945 8.789589 4.658538 3.819886 5.230113 2.659694 1.586047 2.299456 1.325813 0.051139 0.098583 -0.002295 -0.202314 -0.045680 0.002020 -0.002816 -0.017282 -0.004689 -9999.0 -9999.0 -9999.0 -9999.0 -9999.0 -9999.0 -9999.0 -9999.0 -9999.0 -9999.0 -9999.0 -9999.0 -9999.0 -9999.0 -9999.0 -9999.0 -9999.0 -9999.0 -9999.0 -9999.0 -9999.0 -9999.0 -9999.0 -9999.0 -9999.0 -9999.0 -9999.0 -9999.0
-9999.0 -9999.0 -9999.0 -9999.0 -9999.0 -9999.0 -9999.0 -9999.0 -9999.0 -9999.0 -9999.0 -9999.0 -9999.0 3.990464 3.481578 5.230190 3.622154 4.351890 9.089295 4.732301 6.266687 2.414957 0.639039 -0.009713 2.080927 1.702135 0.721259 -0.002600 -0.008860 -0.003832 -0.003258 -1.837194 -0.047622 -8.364690 -0.008343 -9999.0 -9999.0 -9999.0 -9999.0 -9999.0 -9999.0 -9999.0 -9999.0 -9999.0 -9999.0 -9999.0 -9999.0 -9999.0 -9999.0 -9999.0 -9999.0 -9999.0 -9999.0 -9999.0 -9999.0 -9999.0 -9999.0 -9999.0 -9999.0 -9999.0 -9999.0 -9999.0 -9999.0
-9999.0 -9999.0 -9999.0 -9999.0 -9999.0 -9999.0 -9999.0 -9999.0 -9999.0 -9999.0 -9999.0 -9999.0 2.692440 2.959282 4.797747 3.173403 2.254644 3.967597 9.361390 5.128529 3.114723 0.509073 0.983073 -0.006702 -1.212056 0.037098 -2.341359 -0.003191 0.097436 -0.003074 -2.155971 -0.003310 -0.017501 -0.006496 -9999.0 -9999.0 -9999.0 -9999.0 -9999.0 -9999.0 -9999.0 -9999.0 -9999.0 -9999.0 -9999.0 -9999.0 -9999.0 -9999.0 -9999.0 -9999.0 -9999.0 -9999.0 -9999.0 -9999.0 -9999.0 -9999.0 -9999.0 -9999.0 -9999.0 -9999.0 -9999.0 -9999.0 -9999.0
-9999.0 -9999.0 -9999.0 -9999.0 -9999.0 -9999.0 -9999.0 -9999.0 -9999.0 -9999.0 -9999.0 3.073998 4.200592 3.662724 4.252269 5.049240 4.161594 4.207050 9.378832 6.460269 2.529067 2.782642 1.485520 0.189461 1.131919 0.262533 -0.005087 0.017749 -0.021575 -0.005539 -0.003372 0.135177 -0.002195 -0.003945 -0.003554 -0.002074 -0.002493 0.016660 0.067848 -9999.0 -9999.0 -9999.0 -0.004411 -9999.0 -9999.0 -9999.0 -9999.0 -9999.0 -9999.0 -9999.0 -9999.0 -9999.0 -9999.0 -9999.0 -9999.0 -9999.0 -9999.0 -9999.0 -9999.0 -9999.0 -9999.0 -9999.0 -9999.0
-9999.0 -9999.0 -9999.0 -9999.0 -9999.0 -9999.0 -9999.0 -9999.0 -9999.0 -9999.0 -9999.0 2.642151 4.295830 5.808393 5.579115 4.058555 6.576808 4.650278 9.422566 7.258505 6.314183 3.342221 1.038593 -1.448153 -0.887777 0.030035 0.003955 0.294095 0.225625 -0.004067 0.007996 0.764059 -0.014559 -0.187747 -0.138970 0.009748 0.772788 0.967452 0.035866 -0.003779 -0.003471 -0.004076 -0.002034 -0.002905 -9999.0 -9999.0 -9999.0 -2.575093 -2.277161 -0.006782 -1.846987 -2.597432 -2.599614 -2.740618 -2.666986 -2.807694 -9999.0 -9999.0 -9999.0 -9999.0 -9999.0 -9999.0 -9999.0
-9999.0 -9999.0 -9999.0 -9999.0 -9999.0 -9999.0 -9999.0 -9999.0 -9999.0 -9999.0 -9999.0 2.395133 2.756829 1.828373 4.707359 4.868380 2.436373 3.889095 7.927568 7.167286 2.463242 0.196520 -0.682567 0.251399 0.026584 0.014470 -0.805419 -2.790348 -0.002064 -0.016869 -0.002311 -1.082479 0.309287 -0.109525 -0.002951 0.493221 -0.543859 -0.484980 1.603406 -0.002250 0.066390 -0.002131 0.296434 0.019350 -1.345977 -9999.0 -0.009792 -1.549178 -0.002616 0.120889 0.442439 0.513413 0.034107 -0.003951 -0.003503 -0.442556 -9999.0 -9999.0 -9999.0 -9999.0 -9999.0 -9999.0 -9999.0
-9999.0 -9999.0 -9999.0 -9999.0 -9999.0 -9999.0 -9999.0 -9999.0 -9999.0 -9999.0 -9999.0 -9999.0 2.788308 -0.002023 3.857161 4.100209 0.881645 2.934243 8.729564 7.082341 2.286821 0.989650 -0.037104 -0.355010 -1.827900 -0.893461 0.519244 0.341066 -0.002280 -0.002787 0.002693 -0.811346 0.611646 -0.004161 -0.011274 0.048192 -0.766432 -0.660350 2.771453 0.589525 1.139899 0.732822 -0.354519 0.823138 -0.002408 -1.605130 -0.005488 -0.845202 -1.800454 -0.440108 -0.000786 -0.766360 -2.972593 -1.281898 -1.931238 -0.013761 -0.022555 -9999.0 -9999.0 -9999.0 -9999.0 -9999.0 -9999.0
-9999.0 -9999.0 -9999.0 -9999.0 -9999.0 -9999.0 -9999.0 -9999.0 -9999.0 -9999.0 -9999.0 -0.410236 1.055087 3.111196 -0.027655 0.681140 1.874529 2.280430 8.025290 4.261414 2.551624 0.977520 -0.002029 -0.845439 -0.797172 -0.392726 -0.394296 -0.002817 -0.003968 0.088414 -0.875500 -1.083109 1.312540 -0.003438 -0.836947 0.008171 0.026745 -0.391030 0.052538 2.400216 -0.396713 -0.002148 -0.034527 -0.014899 1.529974 -0.002545 0.061176 0.113777 0.691611 -0.009417 -2.711824 -0.002370 -2.809126 -4.538330 -5.238890 -2.957210 -0.003376 -9999.0 -9999.0 -9999.0 -9999.0 -9999.0 -9999.0
-9999.0 -9999.0 -9999.0 -9999.0 -9999.0 -9999.0 -9999.0 -9999.0 -9999.0 -9999.0 -0.000210 -0.048478 1.230328 1.445713 2.760590 -0.004304 -0.009286 0.149411 3.388561 3.913079 5.258861 3.420231 -0.411920 1.807651 -0.002017 -1.498437 -1.241275 -3.708889 0.560898 0.965093 -0.052601 -0.739604 0.858715 -0.003868 -0.006195 -0.002274 0.503816 -0.574045 -0.097827 0.242441 0.442570 1.263233 4.931044 1.087036 -0.003019 0.133035 0.107690 -0.248684 -0.100629 -0.001552 -3.876361 -0.019417 -5.711567 -3.636174 -3.256661 -0.004513 -0.003828 -9999.0 -9999.0 -9999.0 -9999.0 -9999.0 -9999.0
-9999.0 -9999.0 -9999.0 -9999.0 -9999.0 -9999.0 -9999.0 -9999.0 -9999.0 0.063070 1.044461 -0.038551 -0.033741 -0.410517 -0.048854 -0.037336 -0.003218 3.697587 3.303227 3.941061 5.623564 0.722680 0.483722 1.132215 0.040727 -1.294280 -2.017889 0.911572 -0.050921 -0.003729 0.046217 -1.492528 -0.002092 -0.004918 -0.003488 -0.002297 0.587832 -0.916553 -0.691655 -0.044340 -0.321466 -0.218151 -0.323019 1.792546 1.400154 -0.009885 2.568679 -0.513450 -0.497670 0.105589 -1.209933 -0.003824 -3.927509 -3.795481 -2.897216 -2.997353 -2.045297 -0.002666 -2.360715 -9999.0 -9999.0 -9999.0 -9999.0
-9999.0 -9999.0 -9999.0 -9999.0 -9999.0 -9999.0 -9999.0 -9999.0 -9999.0 0.055995 0.043536 1.091836 1.943700 -0.001734 -0.006201 -0.438297 2.179052 1.165707 3.863780 6.613479 6.223101 5.389574 3.788135 1.605190 -0.908010 -1.044174 -0.353338 -0.001996 0.583863 1.751547 1.379206 -1.867880 0.044019 -0.016962 -0.002495 -0.002317 -0.002053 0.537630 0.022860 1.338602 -0.591875 -1.216434 -0.194829 0.849744 2.679580 2.623518 2.431710 0.939582 -0.002544 0.248665 -2.741756 -4.758740 -3.826442 -3.299597 -0.007525 -3.900849 -1.849379 -1.253042 0.003909 -9999.0 -9999.0 -9999.0 -9999.0
-9999.0 -9999.0 -9999.0 -9999.0 -9999.0 -9999.0 -9999.0 -9999.0 -9999.0 -9999.0 0.001977 1.047827 -0.033415 -0.005137 0.114442 -0.003170 -0.001629 2.429877 4.640775 5.104210 6.335573 2.431569 -0.002623 -0.127097 -0.824142 -0.002378 0.170457 1.120590 1.139895 -1.433646 -1.774990 -2.622573 -3.082334 -0.005209 0.255952 1.293050 0.899849 1.211784 -0.000036 0.010205 -0.000665 0.888039 1.429257 -0.006407 -0.005436 -0.002877 1.559991 4.204941 3.333947 0.438194 -1.697455 -2.014611 -3.039121 -3.833211 -3.441340 -1.717589 -0.002213 -1.478053 -0.041339 -0.002015 -9999.0 -9999.0 -9999.0
-9999.0 -9999.0 -9999.0 -9999.0 -9999.0 -9999.0 -9999.0 -9999.0 -9999.0 -9999.0 -0.002826 0.128169 0.783710 -0.003929 2.787545 0.365126 -0.004773 2.442257 5.105896 5.710766 3.180245 1.310399 -0.003685 -0.041184 -0.002258 0.599447 1.776692 -0.002369 -1.120375 -2.802809 0.005662 0.592867 -3.082039 -0.015344 0.010047 1.386361 -1.421738 -0.045079 -1.301914 -0.003339 0.031880 1.870807 -0.374491 0.651182 1.302394 -0.183675 -0.001348 -0.005179 2.952930 2.973594 0.022699 -1.352173 -3.514340 -2.564574 -4.426917 -3.723211 -1.891274 -0.563332 1.480887 2.043367 -9999.0 -9999.0 -9999.0
-9999.0 -9999.0 -9999.0 -9999.0 -9999.0 -9999.0 -9999.0 -9999.0 0.219096 0.001156 -0.003363 0.283636 -0.784474 -0.198919 -0.038258 1.605444 2.727333 6.223074 5.991405 6.067657 4.901015 3.787809 2.896034 1.184705 0.903836 1.768405 2.681500 -0.643861 -1.023711 -2.709541 -0.008657 0.008180 0.011739 -0.008126 0.055864 0.033573 2.539611 -0.039024 -2.366119 -0.002265 0.128875 0.916988 -2.695442 -0.002071 0.897606 0.812023 -2.190592 -0.294519 -0.003051 2.454108 0.367145 -0.564086 -2.506872 -5.205350 -3.390113 -0.015093 -0.002395 1.178618 0.791663 4.376087 -9999.0 -9999.0 -9999.0
-9999.0 -9999.0 -9999.0 -9999.0 -9999.0 -9999.0 -9999.0 -9999.0 -2.848684 -0.789907 -2.199837 -0.004399 0.043262 -1.946179 -0.761362 -0.002921 1.727527 2.313944 5.267151 6.608277 9.627437 8.605588 7.740032 6.501388 3.150719 3.232287 0.672911 -0.046116 -2.984307 -0.003672 -0.026750 -0.002057 0.091279 0.002303 0.265662 0.663640 3.790708 -0.002744 -0.111620 0.434708 0.008126 -0.002460 0.014432 0.564067 -0.000115 -0.544343 -3.172253 0.181381 -0.048565 1.512970 1.809321 -0.021571 -3.373526 -1.700328 0.018430 -1.669861 -0.656175 -0.002671 3.269341 5.859469 6.547595 -9999.0 -9999.0
-9999.0 -9999.0 -9999.0 -9999.0 -9999.0 -9999.0 -9999.0 -9999.0 0.007059 -0.001009 -0.003902 -3.006682 0.188333 -2.484788 -0.540572 -0.624418 0.362329 2.954486 5.213362 9.372201 7.067260 8.944011 8.743362 5.625113 6.696706 3.058426 0.208074 -1.071019 -3.531291 0.012252 0.029749 0.906307 -1.398554 -1.074149 1.102991 3.316663 -0.003345 1.881799 -0.021613 -0.294042 0.342630 0.109616 0.320186 -0.001620 -0.935848 0.251617 -0.002331 -0.001969 -1.643124 -0.003722 2.696348 0.239108 -2.335928 -3.253258 -0.109530 -0.030461 0.991491 2.640405 5.499963 6.155771 6.472447 -9999.0 -9999.0
-9999.0 -9999.0 -9999.0 -9999.0 -9999.0 -9999.0 -9999.0 -9999.0 -0.005223 0.319504 -0.216643 -3.455890 0.109418 -1.028923 -0.192599 0.066564 3.766313 5.020217 6.795331 5.490964 6.526893 6.971798 8.628075 7.758601 3.455879 0.945909 -0.002936 -1.814677 0.750346 -0.226751 -0.487156 -0.068400 -0.002823 -0.030702 -0.037056 2.269712 4.098298 3.918626 0.738432 -0.004258 0.935247 1.160954 1.129203 0.906716 0.058911 0.112012 0.626513 0.534963 0.026775 -0.658737 -0.002217 2.371339 0.250282 -0.043224 0.470427 1.565897 3.630147 4.795835 5.632472 6.221120 5.298820 2.610932 -9999.0
-9999.0 -9999.0 -9999.0 -9999.0 -9999.0 -9999.0 -9999.0 -9999.0 -2.349893 0.087652 -2.076210 -1.408028 -0.283579 -0.110825 1.701794 2.539739 4.400436 2.381724 0.870982 2.707850 4.568369 6.440045 6.579986 6.243459 5.650743 0.230335 -0.927140 -0.002265 0.021390 -0.014906 -0.173803 0.183402 2.820395 1.178414 0.701744 1.805161 3.206862 5.864896 5.243435 2.448352 0.997712 0.902860 0.919246 0.027221 -0.574441 1.554558 -0.060201 -0.038172 -0.098893 0.118447 1.887890 1.589118 1.943078 1.683188 2.404709 2.844862 3.630795 4.743452 5.519528 5.355279 4.049318 2.021996 -9999.0
-9999.0 -9999.0 0.139364 0.236337 -3.303347 -1.172587 -2.351034 -1.934499 -0.015315 -0.003180 -0.760687 -0.006820 -0.079098 -0.002282 3.470707 1.493621 -0.007137 -1.063716 -0.341435 0.072932 2.575434 5.312778 6.005058 5.942596 4.376720 1.855195 0.100631 0.325851 2.485909 3.403006 -0.002885 0.772050 5.925451 3.263085 4.535306 4.457293 6.927765 8.105059 7.004938 4.334644 4.568061 4.643399 4.109479 3.115749 -0.002545 0.760058 1.742247 1.553135 2.977686 3.974846 4.599137 4.191362 3.360439 2.684508 2.581223 5.891241 3.331920 4.002881 3.882664 3.409336 4.367463 1.234811 -9999.0
-9999.0 -0.394252 -0.476710 -0.665135 -1.070307 -0.810996 -2.091341 -2.414234 -3.383474 -0.006739 -1.572005 -0.698655 -0.000318 2.615440 2.161088 -0.191112 -0.816227 -1.448001 -0.957038 -0.003034 2.356208 4.112338 6.705189 4.804756 6.962051 4.112340 5.252773 5.606138 4.810739 3.683654 3.364872 3.545063 5.278901 8.518275 7.594117 8.890619 10.471120 11.003804 10.698958 9.044424 8.123866 7.989273 7.285614 4.639922 3.353025 3.747218 4.904316 5.755327 6.468137 5.997946 5.161628 4.151017 3.119351 2.238456 2.155663 1.601125 0.648433 1.009457 1.377702 2.436865 0.405082 1.026292 -9999.0
-9999.0 2.028964 -0.032839 -0.035488 0.953674 -0.043049 -2.354550 -2.920051 -0.017744 -0.006038 -2.093581 -1.081933 0.135451 2.349991 -0.058890 -2.341936 -2.235119 -1.752364 -0.286926 -0.009991 2.951815 1.984646 2.986866 3.288886 6.928016 7.835408 5.262949 6.030429 6.267794 6.218019 6.361606 6.130078 7.211384 8.114545 11.217729 11.158398 15.605224 16.620992 13.547097 12.469157 11.777088 10.830675 9.704133 7.902665 7.763519 7.622210 7.790635 7.621873 6.979686 6.161193 4.339570 2.008663 0.789953 1.427602 0.512269 -0.001645 -0.247531 -0.001812 -0.001816 -0.002074 -0.001497 -9999.0 -9999.0
