user2019/resources/simulation/Vinschgau/output-maps/TsL0004N0566.asc
ncols         63
nrows         48
xllcorner     598000.000000
yllcorner     5145000.000000
cellsize      1000.000000
NODATA_value  -9999.0
[rows 0 to 27 of 48, columns 0 to 62 of 63]
-9999.0 -9999.0 -9999.0 -9999.0 -9999.0 -9999.0 -9999.0 -9999.0 -9999.0 -9999.0 -9999.0 -9999.0 -9999.0 -9999.0 -9999.0 -9999.0 -9999.0 -9999.0 -9999.0 -9999.0 -9999.0 -9999.0 -9999.0 -9999.0 -9999.0 -9999.0 -9999.0 -9999.0 -9999.0 -9999.0 -9999.0 -9999.0 -9999.0 -9999.0 -9999.0 -9999.0 -9999.0 -9999.0 -9999.0 -9999.0 -9999.0 -9999.0 -9999.0 -9999.0 -9999.0 -9999.0 -9999.0 -9999.0 -9999.0 -9999.0 -9999.0 -9999.0 -9999.0 -9999.0 -9999.0 -9999.0 -9999.0 -9999.0 -9999.0 -9999.0 -9999.0 -9999.0 -9999.0
-9999.0 -9999.0 -9999.0 -9999.0 -9999.0 -9999.0 -9999.0 -9999.0 -9999.0 -9999.0 -9999.0 -9999.0 -9999.0 -9999.0 -9999.0 -9999.0 -9999.0 -9999.0 -9999.0 -9999.0 -9999.0 -9999.0 -9999.0 -9999.0 -9999.0 -9999.0 -9999.0 21.362233 16.976229 16.147328 12.594986 14.640372 13.390863 -9999.0 -9999.0 -9999.0 -9999.0 -9999.0 -9999.0 -9999.0 -9999.0 -9999.0 -9999.0 -9999.0 -9999.0 -9999.0 -9999.0 -9999.0 -9999.0 -9999.0 -9999.0 -9999.0 -9999.0 -9999.0 -9999.0 -9999.0 -9999.0 -9999.0 -9999.0 -9999.0 -9999.0 -9999.0 -9999.0
-9999.0 -9999.0 -9999.0 -9999.0 -9999.0 -9999.0 -9999.0 -9999.0 -9999.0 -9999.0 -9999.0 -9999.0 -9999.0 -9999.0 -9999.0 -9999.0 -9999.0 -9999.0 -9999.0 -9999.0 -9999.0 -9999.0 -9999.0 -9999.0 16.939968 17.406650 16.864237 17.806670 17.733030 13.883826 13.247229 -9999.0 -9999.0 -9999.0 -9999.0 -9999.0 -9999.0 -9999.0 -9999.0 -9999.0 -9999.0 -9999.0 -9999.0 -9999.0 -9999.0 -9999.0 -9999.0 -9999.0 -9999.0 -9999.0 -9999.0 -9999.0 -9999.0 -9999.0 -9999.0 -9999.0 -9999.0 -9999.0 -9999.0 -9999.0 -9999.0 -9999.0 -9999.0
-9999.0 -9999.0 -9999.0 -9999.0 -9999.0 -9999.0 -9999.0 -9999.0 -9999.0 -9999.0 -9999.0 -9999.0 -9999.0 -9999.0 -9999.0 -9999.0 -9999.0 -9999.0 -9999.0 -9999.0 -9999.0 -9999.0 -9999.0 17.646101 18.387034 13.482636 14.453577 14.771204 10.995171 14.890333 14.668935 13.363505 -9999.0 -9999.0 -9999.0 -9999.0 -9999.0 -9999.0 -9999.0 -9999.0 -9999.0 -9999.0 -9999.0 -9999.0 -9999.0 -9999.0 -9999.0 -9999.0 -9999.0 -9999.0 -9999.0 -9999.0 -9999.0 -9999.0 -9999.0 -9999.0 -9999.0 -9999.0 -9999.0 -9999.0 -9999.0 -9999.0 -9999.0
-9999.0 -9999.0 -9999.0 -9999.0 -9999.0 -9999.0 -9999.0 -9999.0 -9999.0 -9999.0 -9999.0 -9999.0 -9999.0 -9999.0 -9999.0 -9999.0 -9999.0 -9999.0 14.797309 14.176308 -9999.0 17.070383 17.889167 13.069921 13.908687 16.903263 17.050069 16.789992 13.808893 12.236482 15.551511 14.811696 18.157523 13.502536 -9999.0 -9999.0 -9999.0 -9999.0 -9999.0 -9999.0 -9999.0 -9999.0 -9999.0 -9999.0 -9999.0 -9999.0 -9999.0 -9999.0 -9999.0 -9999.0 -9999.0 -9999.0 -9999.0 -9999.0 -9999.0 -9999.0 -9999.0 -9999.0 -9999.0 -9999.0 -9999.0 -9999.0 -9999.0
-9999.0 -9999.0 -9999.0 -9999.0 -9999.0 -9999.0 -9999.0 -9999.0 -9999.0 -9999.0 -9999.0 -9999.0 -9999.0 -9999.0 -9999.0 -9999.0 -9999.0 11.557862 8.775099 11.752896 18.410836 8.913643 11.459885 14.452491 18.997327 8.049505 6.497904 9.739351 7.187199 9.614771 13.953423 14.085162 17.021696 15.700545 14.484023 12.962998 -9999.0 -9999.0 -9999.0 -9999.0 -9999.0 -9999.0 -9999.0 -9999.0 -9999.0 -9999.0 -9999.0 -9999.0 -9999.0 -9999.0 -9999.0 -9999.0 -9999.0 -9999.0 -9999.0 -9999.0 -9999.0 -9999.0 -9999.0 -9999.0 -9999.0 -9999.0 -9999.0
-9999.0 -9999.0 -9999.0 -9999.0 -9999.0 -9999.0 -9999.0 -9999.0 -9999.0 -9999.0 -9999.0 -9999.0 -9999.0 17.006870 10.035510 8.606008 10.462610 28.967310 11.303275 10.735395 12.779903 15.022935 16.930297 18.323123 7.487469 12.847686 9.223078 7.327869 8.228254 8.320329 7.617379 11.590442 12.159107 11.096308 12.324259 12.656360 -9999.0 -9999.0 -9999.0 -9999.0 -9999.0 -9999.0 -9999.0 -9999.0 -9999.0 -9999.0 -9999.0 -9999.0 -9999.0 -9999.0 -9999.0 -9999.0 -9999.0 -9999.0 -9999.0 -9999.0 -9999.0 -9999.0 -9999.0 -9999.0 -9999.0 -9999.0 -9999.0
-9999.0 -9999.0 -9999.0 -9999.0 -9999.0 -9999.0 -9999.0 -9999.0 -9999.0 -9999.0 -9999.0 -9999.0 -9999.0 17.070791 11.147697 9.159122 8.800853 20.933064 27.754346 16.099619 11.704415 15.110416 9.018715 8.321982 11.068817 9.332246 13.222737 13.716734 19.324071 6.977807 5.185111 10.332596 12.245042 12.030867 11.945183 -9999.0 -9999.0 -9999.0 -9999.0 -9999.0 -9999.0 -9999.0 -9999.0 -9999.0 -9999.0 -9999.0 -9999.0 -9999.0 -9999.0 -9999.0 -9999.0 -9999.0 -9999.0 -9999.0 -9999.0 -9999.0 -9999.0 -9999.0 -9999.0 -9999.0 -9999.0 -9999.0 -9999.0
-9999.0 -9999.0 -9999.0 -9999.0 -9999.0 -9999.0 -9999.0 -9999.0 -9999.0 -9999.0 -9999.0 -9999.0 -9999.0 10.748069 14.774856 10.974407 8.066712 9.296255 29.705408 10.765737 15.699860 10.016902 6.897175 6.617218 10.586082 9.153947 15.279047 15.730948 15.347464 17.610759 9.350441 11.787744 12.858812 8.509416 13.385002 -9999.0 -9999.0 -9999.0 -9999.0 -9999.0 -9999.0 -9999.0 -9999.0 -9999.0 -9999.0 -9999.0 -9999.0 -9999.0 -9999.0 -9999.0 -9999.0 -9999.0 -9999.0 -9999.0 -9999.0 -9999.0 -9999.0 -9999.0 -9999.0 -9999.0 -9999.0 -9999.0 -9999.0
-9999.0 -9999.0 -9999.0 -9999.0 -9999.0 -9999.0 -9999.0 -9999.0 -9999.0 -9999.0 -9999.0 -9999.0 10.164496 14.343929 9.986657 7.508957 5.502016 8.166275 22.494367 12.951768 10.047558 7.156661 7.083400 7.796232 6.999232 10.279601 5.338889 12.486829 12.566659 11.937961 9.600025 20.692683 10.485603 11.381195 -9999.0 -9999.0 -9999.0 -9999.0 -9999.0 -9999.0 -9999.0 -9999.0 -9999.0 -9999.0 -9999.0 -9999.0 -9999.0 -9999.0 -9999.0 -9999.0 -9999.0 -9999.0 -9999.0 -9999.0 -9999.0 -9999.0 -9999.0 -9999.0 -9999.0 -9999.0 -9999.0 -9999.0 -9999.0
-9999.0 -9999.0 -9999.0 -9999.0 -9999.0 -9999.0 -9999.0 -9999.0 -9999.0 -9999.0 -9999.0 13.776696 7.723478 6.175765 6.803099 14.424677 9.563747 7.128379 21.506909 9.883842 7.319885 10.007808 14.187533 16.435652 7.381892 11.794971 10.216404 16.990659 10.302985 10.139501 21.587811 16.185891 13.999806 15.227963 21.043019 23.016751 23.051510 26.713614 23.314369 -9999.0 -9999.0 -9999.0 19.984664 -9999.0 -9999.0 -9999.0 -9999.0 -9999.0 -9999.0 -9999.0 -9999.0 -9999.0 -9999.0 -9999.0 -9999.0 -9999.0 -9999.0 -9999.0 -9999.0 -9999.0 -9999.0 -9999.0 -9999.0
-9999.0 -9999.0 -9999.0 -9999.0 -9999.0 -9999.0 -9999.0 -9999.0 -9999.0 -9999.0 -9999.0 9.455021 7.349350 6.009999 7.099514 13.364978 10.210089 9.423892 22.404639 15.824884 16.516604 14.679265 13.456923 5.996167 4.267546 13.929761 17.386774 15.775231 13.798915 12.068402 15.834452 11.585364 13.784733 14.050231 16.060049 20.410513 29.565675 27.041863 24.065554 18.843144 19.483796 20.776973 18.514521 18.123413 -9999.0 -9999.0 -9999.0 13.800877 13.827826 17.295552 13.887084 15.769959 15.771621 12.472050 14.103568 14.846687 -9999.0 -9999.0 -9999.0 -9999.0 -9999.0 -9999.0 -9999.0
-9999.0 -9999.0 -9999.0 -9999.0 -9999.0 -9999.0 -9999.0 -9999.0 -9999.0 -9999.0 -9999.0 11.715543 14.568027 5.153657 11.529714 15.918531 5.540099 4.541521 17.567842 16.381287 6.551079 6.696927 5.361696 15.616720 13.685864 23.746454 7.297518 4.926311 15.138157 11.603229 20.708917 0.972705 15.232459 11.785917 21.848629 25.627108 13.853866 13.163254 25.379062 18.613528 24.965720 22.049972 20.621693 15.330882 12.924100 -9999.0 16.378390 15.239912 15.893551 16.115470 15.815779 17.613164 14.831891 15.033891 14.825069 14.136599 -9999.0 -9999.0 -9999.0 -9999.0 -9999.0 -9999.0 -9999.0
-9999.0 -9999.0 -9999.0 -9999.0 -9999.0 -9999.0 -9999.0 -9999.0 -9999.0 -9999.0 -9999.0 -9999.0 12.448667 3.182073 13.784539 15.692885 3.427957 5.536521 20.882177 16.282287 6.753918 7.831448 7.709915 6.048405 1.161120 6.232165 13.616200 11.097549 12.476465 21.288816 17.695839 7.056217 15.346391 14.301720 15.977248 22.427399 11.839525 13.670631 25.199965 19.919083 28.415784 25.455340 10.146126 15.803509 18.355608 14.876082 21.155787 15.125541 2.136591 8.775543 10.090282 6.653318 8.337910 0.628852 0.771773 11.902140 13.344391 -9999.0 -9999.0 -9999.0 -9999.0 -9999.0 -9999.0
-9999.0 -9999.0 -9999.0 -9999.0 -9999.0 -9999.0 -9999.0 -9999.0 -9999.0 -9999.0 -9999.0 3.271494 13.864524 14.718582 5.339580 5.447003 6.990639 5.476962 20.931028 9.054486 7.469876 5.968239 7.068596 4.602512 7.667591 8.896923 6.039603 11.891044 16.893132 23.240067 7.611306 8.116199 15.515452 12.460763 14.156982 19.151976 23.557099 13.585528 14.745053 26.953686 13.903955 14.291606 10.284967 11.142446 15.525873 12.578770 15.483266 18.149163 19.281229 10.508906 1.183949 11.723446 0.935981 1.700569 1.939100 17.460675 15.402182 -9999.0 -9999.0 -9999.0 -9999.0 -9999.0 -9999.0
-9999.0 -9999.0 -9999.0 -9999.0 -9999.0 -9999.0 -9999.0 -9999.0 -9999.0 -9999.0 15.002636 2.360108 14.948895 16.500690 17.724364 7.534159 6.347102 5.345089 9.237768 9.950287 17.242214 13.533264 5.352285 19.104901 9.803274 6.579817 0.648829 5.663540 18.057712 18.728564 8.997735 6.943679 12.298434 10.838151 12.312240 21.516666 24.748619 12.501790 9.137645 15.585298 15.483689 12.022728 22.649907 8.749227 8.000975 16.729548 18.030688 8.723803 9.446594 7.848298 2.391177 13.931994 1.691389 12.894287 15.804614 16.263295 12.803388 -9999.0 -9999.0 -9999.0 -9999.0 -9999.0 -9999.0
-9999.0 -9999.0 -9999.0 -9999.0 -9999.0 -9999.0 -9999.0 -9999.0 -9999.0 14.359875 13.931434 1.199980 5.945124 1.096868 1.259233 1.413698 1.287872 19.889029 9.351003 10.645154 17.482123 8.067472 7.443075 11.436695 8.372599 4.172771 0.885890 19.044287 9.468120 10.142883 8.609702 2.945368 13.576169 13.576924 19.712681 21.138217 16.128159 7.595322 9.721068 9.343060 7.309645 6.027024 6.399874 10.503803 8.543255 8.980921 18.456053 8.478005 9.595871 9.093888 0.831226 13.591157 12.099456 15.922022 17.759375 1.011471 0.723709 16.136178 16.120812 -9999.0 -9999.0 -9999.0 -9999.0
-9999.0 -9999.0 -9999.0 -9999.0 -9999.0 -9999.0 -9999.0 -9999.0 -9999.0 10.371919 12.805459 16.778796 17.986800 7.486840 1.715889 4.147253 19.271881 10.505627 10.333707 23.078592 21.560678 21.833644 15.275318 13.220628 3.526574 7.995201 8.587835 10.376867 11.592756 13.087450 11.003778 3.061137 11.626598 12.555764 14.873761 21.825581 22.324025 23.691756 17.040324 16.410098 6.334598 5.574896 10.783232 11.168146 9.724110 13.258272 12.503387 11.720089 11.826230 8.546273 0.747001 1.042099 13.898529 14.900411 15.877290 1.333532 1.206999 0.759833 16.844594 -9999.0 -9999.0 -9999.0 -9999.0
-9999.0 -9999.0 -9999.0 -9999.0 -9999.0 -9999.0 -9999.0 -9999.0 -9999.0 -9999.0 15.040921 15.053252 7.290706 6.225080 8.083349 7.022942 9.357778 11.743497 11.464813 14.268035 18.967388 8.679737 6.585320 4.276196 8.440939 10.377394 11.473605 10.345511 10.913787 3.159871 3.897386 4.966560 1.615140 15.494589 15.924765 16.440559 18.766568 14.390013 16.573278 14.481368 13.935921 19.072709 16.282360 8.192318 6.796890 7.437370 8.483178 17.879738 12.398582 9.699367 5.559625 6.742724 14.728569 15.725601 13.822834 15.568694 15.953159 11.707046 10.974641 11.831735 -9999.0 -9999.0 -9999.0
-9999.0 -9999.0 -9999.0 -9999.0 -9999.0 -9999.0 -9999.0 -9999.0 -9999.0 -9999.0 13.535036 14.221696 16.439800 7.866944 19.272374 7.349899 7.426702 10.072054 13.226329 13.888948 10.687615 8.897328 7.284088 8.577447 10.452906 12.306303 11.212685 6.351562 3.478321 0.665932 14.931832 15.172286 3.885197 11.298424 16.425929 14.200674 8.780654 7.759201 0.830712 11.912698 17.152278 17.151929 5.898744 15.822796 16.380205 6.054300 8.771942 7.537657 9.974444 12.103328 9.739231 0.982219 0.908261 15.656275 14.401378 17.808883 15.738809 10.289488 10.905392 13.655285 -9999.0 -9999.0 -9999.0
-9999.0 -9999.0 -9999.0 -9999.0 -9999.0 -9999.0 -9999.0 -9999.0 13.618146 15.108912 16.683690 14.533531 1.262555 1.354811 5.459609 9.253224 10.473379 24.368118 16.522783 15.389423 12.883226 11.973632 10.872850 9.012840 12.682300 10.145156 13.841247 4.888440 5.611756 0.812175 18.643268 14.387662 14.129492 16.389784 15.196220 15.183775 17.822163 6.835747 2.325267 16.966808 17.090958 14.657470 4.393468 19.093705 24.964455 16.461919 1.582587 8.245571 7.676401 13.632641 10.623909 7.339479 1.065129 1.040268 23.524844 16.985381 19.548590 21.038432 13.618900 12.509427 -9999.0 -9999.0 -9999.0
-9999.0 -9999.0 -9999.0 -9999.0 -9999.0 -9999.0 -9999.0 -9999.0 0.899199 1.220547 3.184341 14.861818 16.060889 2.061585 5.683265 7.437887 8.785387 9.825453 13.682288 16.769912 29.184567 25.992485 21.922028 21.075246 12.143807 10.125886 7.299992 6.962051 0.970224 14.918241 16.276875 23.086279 13.390452 22.017239 15.034718 18.145077 17.267195 7.768357 4.767292 14.554533 13.460433 12.407152 19.873788 17.910464 16.994985 0.827775 2.672500 17.321728 9.382825 9.603853 12.185002 9.640546 0.716239 17.556065 18.097167 12.487202 11.295654 12.608362 15.240232 17.010284 17.819332 -9999.0 -9999.0
-9999.0 -9999.0 -9999.0 -9999.0 -9999.0 -9999.0 -9999.0 -9999.0 15.888420 16.263287 12.345840 4.529779 16.264799 4.341867 1.667438 6.369279 8.726997 14.414765 14.040099 28.116283 17.328934 27.411508 26.955292 17.155064 23.646740 10.001061 6.816501 3.670068 6.121539 16.683775 24.074557 16.775357 0.909596 1.987566 15.849200 16.603173 6.150688 7.274967 3.896615 0.952130 12.943665 21.729802 15.402148 15.169893 1.172223 13.181850 19.648710 18.155318 1.163085 8.890935 11.975561 11.619363 6.534685 6.386577 12.571163 13.155546 14.049851 14.791452 16.679571 15.735082 16.558163 -9999.0 -9999.0
-9999.0 -9999.0 -9999.0 -9999.0 -9999.0 -9999.0 -9999.0 -9999.0 20.046830 18.083147 6.903871 3.460153 16.194098 6.683488 6.859567 8.659714 11.615992 13.893621 18.469000 13.564940 16.631662 17.558522 27.671327 25.412258 11.758107 8.676716 6.481512 4.768303 19.158564 8.678583 7.134693 7.615469 8.994938 7.830716 1.025258 18.631700 19.623347 8.809672 5.456376 0.932929 13.720026 17.117215 15.423325 21.751829 16.107493 23.021581 17.982757 18.851228 19.704755 10.997262 9.934496 13.093007 13.069639 13.801056 14.813467 15.194190 15.833579 13.468953 14.556981 16.479609 14.216814 10.759640 -9999.0
-9999.0 -9999.0 -9999.0 -9999.0 -9999.0 -9999.0 -9999.0 -9999.0 17.031140 16.194682 1.809495 6.274593 6.877621 7.476092 19.093942 13.804695 15.377210 9.404023 8.106224 10.657591 13.482224 17.517036 17.462327 16.883442 20.313740 8.749376 6.042645 10.220720 11.005105 8.910232 5.849769 9.829390 11.189793 8.594867 8.168320 9.635667 10.795321 9.872645 8.169180 8.544625 8.133254 6.610607 9.335690 8.040153 0.920976 18.701300 9.657953 10.436664 11.052600 12.955443 14.569684 13.317439 13.423292 16.544335 16.212163 16.022159 16.713324 16.523849 15.699301 14.423621 11.489706 9.814635 -9999.0
-9999.0 -9999.0 16.706644 17.130267 1.504091 3.868018 6.369777 2.186257 17.364291 15.335184 1.737434 7.717880 7.769780 11.703205 20.704333 10.282778 7.249549 5.666794 8.985862 8.610681 11.414272 14.742256 16.608028 15.787544 14.665948 10.875743 9.101857 9.163729 10.307413 16.482843 6.954000 7.784021 18.337767 7.448787 11.188801 8.777749 13.099602 10.740674 9.044043 7.589203 11.192883 10.928310 8.149143 10.009435 6.608123 10.603418 12.076364 8.881822 13.799076 15.950405 17.530178 17.865499 16.680127 16.777980 16.640389 25.025051 15.062343 14.292652 13.360539 11.169715 14.984368 8.822792 -9999.0
-9999.0 7.591814 7.234896 7.197909 6.562884 7.680696 6.163731 2.554681 3.254406 16.261738 2.246278 6.707167 8.947817 17.805600 15.110228 6.618696 6.934266 1.247300 8.421369 8.989229 12.293187 12.849269 21.806556 14.732150 26.388208 15.889508 23.759075 25.435780 13.665313 12.890452 13.875608 13.427609 12.047464 18.864692 14.053336 15.248077 15.573711 12.868422 14.428769 13.667581 13.858811 13.260214 12.388268 9.375803 9.497762 10.447859 14.727961 13.001959 16.819140 15.363167 16.295397 15.633258 14.755333 14.789727 14.585324 13.544584 10.969258 10.549754 11.570804 14.308183 8.152505 8.334932 -9999.0
-9999.0 15.107129 8.257347 8.121367 15.330559 7.115147 3.270325 4.208338 15.767772 17.031655 6.091988 7.226341 9.494814 16.068431 7.327607 3.763321 1.423976 5.525451 10.123600 8.133180 17.875753 11.687005 13.415355 15.837059 27.185416 29.845046 15.479556 17.925370 16.059798 14.421955 15.025521 14.267310 14.018792 14.292516 22.127662 16.180605 28.070324 28.129343 16.591275 17.229458 16.573751 15.522353 13.916934 13.490351 14.863334 15.367899 17.616644 17.065990 15.447057 15.164125 13.645113 11.484059 11.492672 11.968643 11.021954 9.551598 9.556275 8.558517 8.022289 7.300632 7.320812 -9999.0 -9999.0
