user2019/resources/simulation/Vinschgau/output-maps/TsL0003N0692.asc
ncols         63
nrows         48
xllcorner     598000.000000
yllcorner     5145000.000000
cellsize      1000.000000
NODATA_value  -9999.0
[rows 0 to 27 of 48, columns 0 to 62 of 63]
-9999.0 -9999.0 -9999.0 -9999.0 -9999.0 -9999.0 -9999.0 -9999.0 -9999.0 -9999.0 -9999.0 -9999.0 -9999.0 -9999.0 -9999.0 -9999.0 -9999.0 -9999.0 -9999.0 -9999.0 -9999.0 -9999.0 -9999.0 -9999.0 -9999.0 -9999.0 -9999.0 -9999.0 -9999.0 -9999.0 -9999.0 -9999.0 -9999.0 -9999.0 -9999.0 -9999.0 -9999.0 -9999.0 -9999.0 -9999.0 -9999.0 -9999.0 -9999.0 -9999.0 -9999.0 -9999.0 -9999.0 -9999.0 -9999.0 -9999.0 -9999.0 -9999.0 -9999.0 -9999.0 -9999.0 -9999.0 -9999.0 -9999.0 -9999.0 -9999.0 -9999.0 -9999.0 -9999.0
-9999.0 -9999.0 -9999.0 -9999.0 -9999.0 -9999.0 -9999.0 -9999.0 -9999.0 -9999.0 -9999.0 -9999.0 -9999.0 -9999.0 -9999.0 -9999.0 -9999.0 -9999.0 -9999.0 -9999.0 -9999.0 -9999.0 -9999.0 -9999.0 -9999.0 -9999.0 -9999.0 17.062481 16.341153 16.869853 12.737263 12.008208 12.257238 -9999.0 -9999.0 -9999.0 -9999.0 -9999.0 -9999.0 -9999.0 -9999.0 -9999.0 -9999.0 -9999.0 -9999.0 -9999.0 -9999.0 -9999.0 -9999.0 -9999.0 -9999.0 -9999.0 -9999.0 -9999.0 -9999.0 -9999.0 -9999.0 -9999.0 -9999.0 -9999.0 -9999.0 -9999.0 -9999.0
-9999.0 -9999.0 -9999.0 -9999.0 -9999.0 -9999.0 -9999.0 -9999.0 -9999.0 -9999.0 -9999.0 -9999.0 -9999.0 -9999.0 -9999.0 -9999.0 -9999.0 -9999.0 -9999.0 -9999.0 -9999.0 -9999.0 -9999.0 -9999.0 16.043945 17.221406 17.199292 17.611653 17.841062 15.925818 12.264232 -9999.0 -9999.0 -9999.0 -9999.0 -9999.0 -9999.0 -9999.0 -9999.0 -9999.0 -9999.0 -9999.0 -9999.0 -9999.0 -9999.0 -9999.0 -9999.0 -9999.0 -9999.0 -9999.0 -9999.0 -9999.0 -9999.0 -9999.0 -9999.0 -9999.0 -9999.0 -9999.0 -9999.0 -9999.0 -9999.0 -9999.0 -9999.0
-9999.0 -9999.0 -9999.0 -9999.0 -9999.0 -9999.0 -9999.0 -9999.0 -9999.0 -9999.0 -9999.0 -9999.0 -9999.0 -9999.0 -9999.0 -9999.0 -9999.0 -9999.0 -9999.0 -9999.0 -9999.0 -9999.0 -9999.0 18.916300 18.309622 13.115397 12.309255 12.841992 11.457448 15.692621 15.200223 13.118179 -9999.0 -9999.0 -9999.0 -9999.0 -9999.0 -9999.0 -9999.0 -9999.0 -9999.0 -9999.0 -9999.0 -9999.0 -9999.0 -9999.0 -9999.0 -9999.0 -9999.0 -9999.0 -9999.0 -9999.0 -9999.0 -9999.0 -9999.0 -9999.0 -9999.0 -9999.0 -9999.0 -9999.0 -9999.0 -9999.0 -9999.0
-9999.0 -9999.0 -9999.0 -9999.0 -9999.0 -9999.0 -9999.0 -9999.0 -9999.0 -9999.0 -9999.0 -9999.0 -9999.0 -9999.0 -9999.0 -9999.0 -9999.0 -9999.0 16.249206 18.106420 -9999.0 16.457524 17.579007 12.082961 12.325456 14.324349 13.323765 13.157676 14.263506 11.187040 16.458356 14.897889 16.377746 14.583548 -9999.0 -9999.0 -9999.0 -9999.0 -9999.0 -9999.0 -9999.0 -9999.0 -9999.0 -9999.0 -9999.0 -9999.0 -9999.0 -9999.0 -9999.0 -9999.0 -9999.0 -9999.0 -9999.0 -9999.0 -9999.0 -9999.0 -9999.0 -9999.0 -9999.0 -9999.0 -9999.0 -9999.0 -9999.0
-9999.0 -9999.0 -9999.0 -9999.0 -9999.0 -9999.0 -9999.0 -9999.0 -9999.0 -9999.0 -9999.0 -9999.0 -9999.0 -9999.0 -9999.0 -9999.0 -9999.0 12.581776 10.441862 11.483785 20.349423 10.100999 11.314945 11.744465 18.428289 9.123511 8.150546 9.426643 8.353208 9.763894 17.022547 16.528378 19.033180 17.132442 15.000333 11.411355 -9999.0 -9999.0 -9999.0 -9999.0 -9999.0 -9999.0 -9999.0 -9999.0 -9999.0 -9999.0 -9999.0 -9999.0 -9999.0 -9999.0 -9999.0 -9999.0 -9999.0 -9999.0 -9999.0 -9999.0 -9999.0 -9999.0 -9999.0 -9999.0 -9999.0 -9999.0 -9999.0
-9999.0 -9999.0 -9999.0 -9999.0 -9999.0 -9999.0 -9999.0 -9999.0 -9999.0 -9999.0 -9999.0 -9999.0 -9999.0 16.031598 10.508767 10.740082 12.747871 25.665767 12.286864 11.619194 12.943761 13.614684 13.163893 17.544829 8.563643 10.689696 7.946850 8.616578 8.242688 8.719637 9.529581 10.701498 12.262680 9.435821 10.335279 8.711945 -9999.0 -9999.0 -9999.0 -9999.0 -9999.0 -9999.0 -9999.0 -9999.0 -9999.0 -9999.0 -9999.0 -9999.0 -9999.0 -9999.0 -9999.0 -9999.0 -9999.0 -9999.0 -9999.0 -9999.0 -9999.0 -9999.0 -9999.0 -9999.0 -9999.0 -9999.0 -9999.0
-9999.0 -9999.0 -9999.0 -9999.0 -9999.0 -9999.0 -9999.0 -9999.0 -9999.0 -9999.0 -9999.0 -9999.0 -9999.0 16.862755 11.475231 10.773835 11.349480 18.637428 25.314426 14.554266 12.844068 12.465220 10.545228 9.271712 10.632931 9.299041 15.018891 11.936135 12.758112 7.236479 8.283998 8.439024 9.214197 -0.002151 9.433355 -9999.0 -9999.0 -9999.0 -9999.0 -9999.0 -9999.0 -9999.0 -9999.0 -9999.0 -9999.0 -9999.0 -9999.0 -9999.0 -9999.0 -9999.0 -9999.0 -9999.0 -9999.0 -9999.0 -9999.0 -9999.0 -9999.0 -9999.0 -9999.0 -9999.0 -9999.0 -9999.0 -9999.0
-9999.0 -9999.0 -9999.0 -9999.0 -9999.0 -9999.0 -9999.0 -9999.0 -9999.0 -9999.0 -9999.0 -9999.0 -9999.0 11.680888 17.186241 11.496760 10.378892 11.779082 28.280838 13.084318 14.535939 11.036198 8.819108 8.187959 10.139138 9.548508 15.999728 10.391253 15.701054 9.466402 7.693188 0.056478 0.049415 0.023538 -0.001736 -9999.0 -9999.0 -9999.0 -9999.0 -9999.0 -9999.0 -9999.0 -9999.0 -9999.0 -9999.0 -9999.0 -9999.0 -9999.0 -9999.0 -9999.0 -9999.0 -9999.0 -9999.0 -9999.0 -9999.0 -9999.0 -9999.0 -9999.0 -9999.0 -9999.0 -9999.0 -9999.0 -9999.0
-9999.0 -9999.0 -9999.0 -9999.0 -9999.0 -9999.0 -9999.0 -9999.0 -9999.0 -9999.0 -9999.0 -9999.0 3.235431 17.080402 9.888542 8.579092 7.696657 10.556525 22.330073 12.757743 10.230441 8.619096 8.698111 8.851175 9.772917 8.649512 7.632390 12.564743 14.911141 9.050472 0.082216 17.061931 12.722266 7.222713 -9999.0 -9999.0 -9999.0 -9999.0 -9999.0 -9999.0 -9999.0 -9999.0 -9999.0 -9999.0 -9999.0 -9999.0 -9999.0 -9999.0 -9999.0 -9999.0 -9999.0 -9999.0 -9999.0 -9999.0 -9999.0 -9999.0 -9999.0 -9999.0 -9999.0 -9999.0 -9999.0 -9999.0 -9999.0
-9999.0 -9999.0 -9999.0 -9999.0 -9999.0 -9999.0 -9999.0 -9999.0 -9999.0 -9999.0 -9999.0 14.535503 2.889828 9.612356 2.252770 12.732136 8.746673 8.966898 22.091653 12.499595 9.431647 11.175598 13.730123 14.057956 9.753521 12.329572 6.769771 16.178308 12.423640 -0.003185 16.729554 18.068499 14.343079 13.577498 16.547747 17.309913 18.634229 21.435085 19.229788 -9999.0 -9999.0 -9999.0 16.760148 -9999.0 -9999.0 -9999.0 -9999.0 -9999.0 -9999.0 -9999.0 -9999.0 -9999.0 -9999.0 -9999.0 -9999.0 -9999.0 -9999.0 -9999.0 -9999.0 -9999.0 -9999.0 -9999.0 -9999.0
-9999.0 -9999.0 -9999.0 -9999.0 -9999.0 -9999.0 -9999.0 -9999.0 -9999.0 -9999.0 -9999.0 11.553301 2.654528 2.638638 8.834302 11.863407 10.302663 9.641878 22.287530 16.037125 17.169010 15.876349 14.256890 8.053476 7.463142 12.765637 16.825945 17.516835 13.306208 9.415334 17.465499 14.053575 15.039934 13.389397 16.859655 16.735795 19.017018 26.514375 22.458843 19.303479 21.159641 20.524633 17.815591 14.974929 -9999.0 -9999.0 -9999.0 14.348062 15.374737 17.375502 15.806205 16.272219 15.760430 14.931918 15.536500 13.916238 -9999.0 -9999.0 -9999.0 -9999.0 -9999.0 -9999.0 -9999.0
-9999.0 -9999.0 -9999.0 -9999.0 -9999.0 -9999.0 -9999.0 -9999.0 -9999.0 -9999.0 -9999.0 14.104571 12.596665 2.614842 13.126504 15.540760 3.326054 9.155321 17.362835 17.399202 10.010428 9.917406 9.485171 15.857274 11.228467 22.906011 10.478021 7.399272 11.432978 11.584568 14.490687 9.392775 15.694979 11.572079 16.309042 18.181251 11.226037 13.275200 28.565868 18.903071 19.594199 19.405427 18.493684 16.064740 13.229997 -9999.0 -0.002964 15.956225 17.586551 18.538308 18.935121 19.630444 17.951627 17.738326 17.142182 15.726446 -9999.0 -9999.0 -9999.0 -9999.0 -9999.0 -9999.0 -9999.0
-9999.0 -9999.0 -9999.0 -9999.0 -9999.0 -9999.0 -9999.0 -9999.0 -9999.0 -9999.0 -9999.0 -9999.0 12.538539 2.384652 17.272966 16.057601 7.494032 9.007320 20.162274 17.302254 10.115447 10.900572 11.018454 9.841303 7.665428 10.402548 16.741450 10.803119 12.912711 16.958436 16.900830 9.860520 15.197427 13.841210 12.296022 14.807587 9.301021 12.849414 27.055316 23.193260 25.251742 26.307620 11.542796 17.272832 16.726893 15.283627 17.437212 15.653108 9.283191 11.364483 12.693505 7.853574 11.238731 7.422143 6.698594 10.046057 13.775717 -9999.0 -9999.0 -9999.0 -9999.0 -9999.0 -9999.0
-9999.0 -9999.0 -9999.0 -9999.0 -9999.0 -9999.0 -9999.0 -9999.0 -9999.0 -9999.0 -9999.0 8.018080 12.050034 14.262560 3.091996 3.265421 10.273427 9.045886 19.475099 12.219699 10.668712 10.136846 9.395450 8.764975 10.406053 11.593960 8.458344 9.885931 18.700458 18.499508 10.546260 10.849436 16.368945 12.205622 11.649346 14.400804 13.907152 12.332366 14.422062 30.134179 13.512182 14.651203 12.532851 12.390217 17.985815 13.342977 17.336348 19.565160 19.851903 11.993831 6.910667 3.461033 5.980098 4.938811 0.037211 0.146550 14.660108 -9999.0 -9999.0 -9999.0 -9999.0 -9999.0 -9999.0
-9999.0 -9999.0 -9999.0 -9999.0 -9999.0 -9999.0 -9999.0 -9999.0 -9999.0 -9999.0 15.343925 8.934118 16.404947 18.046363 19.191525 11.037366 8.920587 8.968524 12.116631 12.581805 17.428909 13.539212 9.117029 21.636003 11.989310 8.930166 7.298656 8.301401 18.578258 19.074877 11.876492 9.048980 11.872652 10.203681 7.267883 15.225847 17.169252 9.975303 10.323143 14.268350 14.403077 11.650574 16.512024 11.503019 10.883853 17.984716 17.722208 11.748991 12.553481 10.343338 8.257091 3.806498 0.039138 0.113706 0.145700 16.914215 14.367486 -9999.0 -9999.0 -9999.0 -9999.0 -9999.0 -9999.0
-9999.0 -9999.0 -9999.0 -9999.0 -9999.0 -9999.0 -9999.0 -9999.0 -9999.0 13.348287 13.923213 8.649350 10.095184 8.805117 10.085727 8.536021 8.430931 20.826278 11.477170 12.946827 17.371844 11.071057 11.126068 13.745319 9.673626 7.901386 9.025935 20.876340 12.114207 12.410404 11.472017 7.388183 8.128165 3.093163 16.239207 15.436286 12.984644 8.739781 8.457584 10.058175 9.953319 8.756947 9.224012 12.260017 11.361264 11.923006 20.362921 11.258646 11.514263 11.428684 9.075160 12.910470 0.110913 0.137151 15.696682 8.776010 8.795946 17.151406 16.247156 -9999.0 -9999.0 -9999.0 -9999.0
-9999.0 -9999.0 -9999.0 -9999.0 -9999.0 -9999.0 -9999.0 -9999.0 -9999.0 12.032364 13.015970 14.591357 20.344428 10.814245 10.355999 10.157585 20.178823 12.341255 12.193062 20.613210 19.862895 21.435341 13.218337 13.237818 8.280164 11.082194 12.024961 12.740050 14.242649 11.169259 11.651548 7.625138 11.599253 12.441274 16.702111 23.127686 22.455800 18.554219 14.519882 14.023823 7.676835 7.593029 11.832577 11.835641 12.209512 15.344019 14.919916 13.347868 13.367818 10.542897 7.191908 7.051676 0.036408 0.110914 11.225179 7.070855 9.492950 10.520760 18.663284 -9999.0 -9999.0 -9999.0 -9999.0
-9999.0 -9999.0 -9999.0 -9999.0 -9999.0 -9999.0 -9999.0 -9999.0 -9999.0 -9999.0 14.060435 15.052013 9.472089 10.373291 11.380407 10.618274 11.438643 13.176285 12.898814 15.352602 16.010543 11.220093 9.544959 9.099595 11.210241 12.844219 13.654730 13.525402 11.759814 7.604645 7.476406 8.103049 5.465517 13.034532 17.572952 18.734904 20.522710 15.564883 17.138984 6.914286 9.919933 17.700997 15.954754 9.297224 9.675845 9.935436 10.928391 14.960831 14.886582 12.461830 8.583669 9.170093 14.337646 -0.001565 0.231002 13.287899 13.665377 13.413518 13.379614 13.658541 -9999.0 -9999.0 -9999.0
-9999.0 -9999.0 -9999.0 -9999.0 -9999.0 -9999.0 -9999.0 -9999.0 -9999.0 -9999.0 14.225609 14.085692 13.688160 10.233201 20.756660 10.817946 10.838517 11.672653 13.341958 15.497263 13.379979 11.542602 10.582985 11.337525 12.482695 14.183240 14.362232 10.503162 8.315393 5.148180 11.855557 14.574952 8.223501 8.571841 13.195966 12.682786 11.874178 10.042960 8.135642 9.736317 15.794187 16.346647 7.766575 12.387463 13.973471 8.714176 9.662141 9.957114 12.239486 14.299975 12.345307 9.270348 8.407582 14.555877 12.419767 17.177731 11.360183 10.783218 13.384852 15.705668 -9999.0 -9999.0 -9999.0
-9999.0 -9999.0 -9999.0 -9999.0 -9999.0 -9999.0 -9999.0 -9999.0 16.587582 17.978153 18.343793 13.658147 8.618104 9.252021 9.198600 12.465590 12.959745 22.519515 16.467507 17.002643 14.880329 13.286190 12.523106 11.409498 13.767260 13.771432 15.634076 8.912731 8.262620 6.758271 10.541186 13.230983 12.905324 14.482430 15.484517 11.217631 15.690881 9.653488 6.412160 16.589449 15.244423 13.437817 6.541198 11.507244 19.249003 15.920752 6.686346 9.192184 10.390012 14.226436 12.722421 9.656725 8.660882 6.425260 18.279994 18.786408 19.475176 20.503449 14.816841 14.848276 -9999.0 -9999.0 -9999.0
-9999.0 -9999.0 -9999.0 -9999.0 -9999.0 -9999.0 -9999.0 -9999.0 8.435003 9.931251 8.353039 12.582539 13.760338 9.683112 8.992556 10.160728 11.117915 11.803885 14.317328 17.476747 23.214305 20.573534 20.091561 19.909260 13.478391 13.820078 11.602256 9.596045 7.600197 14.206628 15.280259 18.908307 14.359053 17.376863 15.859348 17.492051 19.169575 10.649638 8.832020 14.963042 11.225848 0.055142 13.463955 17.068586 19.070164 8.027823 6.539488 14.077840 10.154613 11.992915 13.829853 11.232331 8.023261 17.841367 20.203242 13.491832 12.788553 13.949459 16.319607 17.496391 18.484160 -9999.0 -9999.0
-9999.0 -9999.0 -9999.0 -9999.0 -9999.0 -9999.0 -9999.0 -9999.0 12.774664 16.111015 14.774382 8.450495 17.305124 8.207748 11.414640 9.988937 11.831375 14.851038 15.020503 24.523478 17.653743 22.804886 21.783360 17.214099 22.011255 12.210436 10.723005 8.415003 8.766672 17.127030 19.259534 18.768723 8.690680 9.535108 16.895890 19.664004 9.765378 10.500603 8.140120 8.261217 13.698032 16.591278 15.778783 14.380029 7.276460 12.393169 19.103708 16.592001 8.163615 0.785075 13.671667 13.439627 9.396208 9.269865 13.820155 14.349466 15.690559 16.505578 17.335456 17.144916 16.838508 -9999.0 -9999.0
-9999.0 -9999.0 -9999.0 -9999.0 -9999.0 -9999.0 -9999.0 -9999.0 13.565613 16.008170 10.263351 8.854756 18.222711 11.194952 10.325459 11.657474 13.413379 15.089376 14.351870 14.877254 16.649583 17.334546 22.718002 22.726557 12.971416 10.774450 9.253567 8.464134 21.558612 11.670630 10.159169 10.833693 12.212971 10.971513 9.058069 20.614947 21.331422 11.702645 8.946298 9.066190 15.615623 17.256445 17.455369 23.503982 17.530664 22.157742 17.942545 19.701594 21.077351 12.272091 11.237613 14.522456 14.595447 14.379453 15.644684 16.091233 16.871215 15.518058 16.376523 16.837600 14.810422 12.817190 -9999.0
-9999.0 -9999.0 -9999.0 -9999.0 -9999.0 -9999.0 -9999.0 -9999.0 16.574534 16.134593 10.746541 9.571398 10.640877 11.205792 19.767609 15.085221 13.362260 11.540381 10.679685 12.114676 14.237720 16.520002 16.940694 16.510547 17.517559 10.900476 9.081324 11.988601 12.982355 11.802035 8.810589 12.076793 13.918852 11.266153 10.607487 11.587316 12.695641 12.656610 11.589432 11.209591 10.788646 11.481741 12.302610 11.161608 9.087579 18.906169 11.696888 12.787000 12.758542 14.474246 15.208951 13.952203 14.474499 16.515121 16.566996 16.517344 16.799751 16.702190 15.987543 14.872553 13.733510 0.919973 -9999.0
-9999.0 -9999.0 16.925709 16.518722 8.629545 9.869129 9.245842 8.720202 16.963753 14.980913 9.985236 11.503016 11.370754 14.251700 22.188867 11.762265 10.207509 8.318160 9.570040 10.784219 12.455580 13.852037 16.248885 16.076977 15.504240 12.235427 11.131101 11.414937 12.194059 17.238072 10.002993 10.297701 19.107296 11.176010 13.881856 11.842835 15.177154 13.631003 12.453497 10.643741 13.513405 14.004720 11.740339 12.866673 9.632277 12.523257 14.056736 11.823268 15.421063 16.284538 16.719970 17.287026 17.065021 16.870141 15.985357 22.942714 15.128984 14.729738 13.879707 13.334298 14.754249 1.000025 -9999.0
-9999.0 10.193092 10.295124 9.927390 10.410264 10.632323 8.556954 7.160085 6.897636 14.091411 9.356752 10.046578 12.474943 19.177953 15.467396 9.804197 8.323474 7.764297 11.232700 10.693054 12.274629 13.339586 19.615292 14.779494 23.158887 16.368508 23.028776 22.487879 14.862648 14.229531 14.577764 14.145016 14.358025 21.006651 15.631677 16.414094 16.966834 15.456969 16.753915 16.100654 16.046144 16.131916 15.360925 12.029315 12.312346 12.629020 15.757957 14.234032 17.017933 15.108046 15.848277 15.474706 14.797085 14.849425 14.481010 13.307175 12.375276 12.348701 12.356286 13.291704 11.110058 11.800971 -9999.0
-9999.0 14.909095 11.189752 11.306955 18.132313 10.422661 7.638602 8.645857 17.404109 18.823814 10.252146 10.187243 12.428987 16.112884 10.578665 8.428359 7.652639 9.955099 12.271153 10.984772 14.631481 12.434042 13.492943 15.024953 23.830912 26.399443 16.245445 17.899511 16.476627 14.015488 15.273738 14.421381 15.688299 15.802053 21.327024 17.319541 24.792815 28.466202 18.279730 17.944098 17.814539 17.213902 16.515776 15.182062 16.256531 15.542239 18.326903 18.049229 15.651258 15.772088 13.762273 12.524113 12.339426 13.291659 12.348969 10.858780 11.177767 10.264716 10.191034 9.882111 10.220422 -9999.0 -9999.0
