user2019/resources/simulation/Vinschgau/output-maps/TsL0008N1031.asc
ncols         63
nrows         48
xllcorner     598000.000000
yllcorner     5145000.000000
cellsize      1000.000000
NODATA_value  -9999.0
[rows 0 to 27 of 48, columns 0 to 62 of 63]
-9999.0 -9999.0 -9999.0 -9999.0 -9999.0 -9999.0 -9999.0 -9999.0 -9999.0 -9999.0 -9999.0 -9999.0 -9999.0 -9999.0 -9999.0 -9999.0 -9999.0 -9999.0 -9999.0 -9999.0 -9999.0 -9999.0 -9999.0 -9999.0 -9999.0 -9999.0 -9999.0 -9999.0 -9999.0 -9999.0 -9999.0 -9999.0 -9999.0 -9999.0 -9999.0 -9999.0 -9999.0 -9999.0 -9999.0 -9999.0 -9999.0 -9999.0 -9999.0 -9999.0 -9999.0 -9999.0 -9999.0 -9999.0 -9999.0 -9999.0 -9999.0 -9999.0 -9999.0 -9999.0 -9999.0 -9999.0 -9999.0 -9999.0 -9999.0 -9999.0 -9999.0 -9999.0 -9999.0
-9999.0 -9999.0 -9999.0 -9999.0 -9999.0 -9999.0 -9999.0 -9999.0 -9999.0 -9999.0 -9999.0 -9999.0 -9999.0 -9999.0 -9999.0 -9999.0 -9999.0 -9999.0 -9999.0 -9999.0 -9999.0 -9999.0 -9999.0 -9999.0 -9999.0 -9999.0 -9999.0 -2.737890 -1.767997 -2.918851 -3.660036 -4.118817 -3.527598 -9999.0 -9999.0 -9999.0 -9999.0 -9999.0 -9999.0 -9999.0 -9999.0 -9999.0 -9999.0 -9999.0 -9999.0 -9999.0 -9999.0 -9999.0 -9999.0 -9999.0 -9999.0 -9999.0 -9999.0 -9999.0 -9999.0 -9999.0 -9999.0 -9999.0 -9999.0 -9999.0 -9999.0 -9999.0 -9999.0
-9999.0 -9999.0 -9999.0 -9999.0 -9999.0 -9999.0 -9999.0 -9999.0 -9999.0 -9999.0 -9999.0 -9999.0 -9999.0 -9999.0 -9999.0 -9999.0 -9999.0 -9999.0 -9999.0 -9999.0 -9999.0 -9999.0 -9999.0 -9999.0 -1.392671 -1.523186 -1.653132 -1.499419 -1.585147 -2.184938 -3.515961 -9999.0 -9999.0 -9999.0 -9999.0 -9999.0 -9999.0 -9999.0 -9999.0 -9999.0 -9999.0 -9999.0 -9999.0 -9999.0 -9999.0 -9999.0 -9999.0 -9999.0 -9999.0 -9999.0 -9999.0 -9999.0 -9999.0 -9999.0 -9999.0 -9999.0 -9999.0 -9999.0 -9999.0 -9999.0 -9999.0 -9999.0 -9999.0
-9999.0 -9999.0 -9999.0 -9999.0 -9999.0 -9999.0 -9999.0 -9999.0 -9999.0 -9999.0 -9999.0 -9999.0 -9999.0 -9999.0 -9999.0 -9999.0 -9999.0 -9999.0 -9999.0 -9999.0 -9999.0 -9999.0 -9999.0 -1.380802 -1.131218 0.848449 1.341207 1.982737 1.124742 -1.496374 -2.569124 -4.113341 -9999.0 -9999.0 -9999.0 -9999.0 -9999.0 -9999.0 -9999.0 -9999.0 -9999.0 -9999.0 -9999.0 -9999.0 -9999.0 -9999.0 -9999.0 -9999.0 -9999.0 -9999.0 -9999.0 -9999.0 -9999.0 -9999.0 -9999.0 -9999.0 -9999.0 -9999.0 -9999.0 -9999.0 -9999.0 -9999.0 -9999.0
-9999.0 -9999.0 -9999.0 -9999.0 -9999.0 -9999.0 -9999.0 -9999.0 -9999.0 -9999.0 -9999.0 -9999.0 -9999.0 -9999.0 -9999.0 -9999.0 -9999.0 -9999.0 1.572048 -0.331686 -9999.0 -1.381020 -0.579009 0.534427 0.963043 2.109170 0.678704 0.484061 0.570426 -0.002040 -1.528699 -2.914857 -3.592515 -4.387238 -9999.0 -9999.0 -9999.0 -9999.0 -9999.0 -9999.0 -9999.0 -9999.0 -9999.0 -9999.0 -9999.0 -9999.0 -9999.0 -9999.0 -9999.0 -9999.0 -9999.0 -9999.0 -9999.0 -9999.0 -9999.0 -9999.0 -9999.0 -9999.0 -9999.0 -9999.0 -9999.0 -9999.0 -9999.0
-9999.0 -9999.0 -9999.0 -9999.0 -9999.0 -9999.0 -9999.0 -9999.0 -9999.0 -9999.0 -9999.0 -9999.0 -9999.0 -9999.0 -9999.0 -9999.0 -9999.0 4.487200 3.092713 2.028433 -0.217456 -0.000973 -0.002034 -0.002311 0.994336 -0.002207 -0.408450 -0.001745 -0.002453 -0.000778 -0.639060 -1.420407 -2.481712 -3.079442 -3.898564 -4.768080 -9999.0 -9999.0 -9999.0 -9999.0 -9999.0 -9999.0 -9999.0 -9999.0 -9999.0 -9999.0 -9999.0 -9999.0 -9999.0 -9999.0 -9999.0 -9999.0 -9999.0 -9999.0 -9999.0 -9999.0 -9999.0 -9999.0 -9999.0 -9999.0 -9999.0 -9999.0 -9999.0
-9999.0 -9999.0 -9999.0 -9999.0 -9999.0 -9999.0 -9999.0 -9999.0 -9999.0 -9999.0 -9999.0 -9999.0 -9999.0 -0.121906 -0.001804 2.556235 4.070124 6.657957 4.118269 1.515894 0.978723 0.502028 1.221137 1.145772 -0.001826 -0.308142 -1.358212 -2.616491 -1.136724 -0.001994 -1.517854 -1.620739 -1.284042 -2.780890 -3.833666 -4.726240 -9999.0 -9999.0 -9999.0 -9999.0 -9999.0 -9999.0 -9999.0 -9999.0 -9999.0 -9999.0 -9999.0 -9999.0 -9999.0 -9999.0 -9999.0 -9999.0 -9999.0 -9999.0 -9999.0 -9999.0 -9999.0 -9999.0 -9999.0 -9999.0 -9999.0 -9999.0 -9999.0
-9999.0 -9999.0 -9999.0 -9999.0 -9999.0 -9999.0 -9999.0 -9999.0 -9999.0 -9999.0 -9999.0 -9999.0 -9999.0 -0.001514 2.007669 3.324998 3.324687 4.997503 6.722636 2.490946 3.251610 2.351898 1.422154 0.308302 -0.001913 -0.003956 -1.504630 -2.983651 -3.081341 -0.952147 -2.784688 -2.188164 -3.353475 -7.555363 -4.344766 -9999.0 -9999.0 -9999.0 -9999.0 -9999.0 -9999.0 -9999.0 -9999.0 -9999.0 -9999.0 -9999.0 -9999.0 -9999.0 -9999.0 -9999.0 -9999.0 -9999.0 -9999.0 -9999.0 -9999.0 -9999.0 -9999.0 -9999.0 -9999.0 -9999.0 -9999.0 -9999.0 -9999.0
-9999.0 -9999.0 -9999.0 -9999.0 -9999.0 -9999.0 -9999.0 -9999.0 -9999.0 -9999.0 -9999.0 -9999.0 -9999.0 1.673267 2.121467 2.922716 2.835601 3.633368 6.977772 4.057925 3.005551 0.436479 -0.002218 -0.002225 -0.001564 -0.001478 -1.639967 -3.337836 -3.685592 -6.607142 -3.705481 -8.104540 -8.379471 -10.923589 -5.155845 -9999.0 -9999.0 -9999.0 -9999.0 -9999.0 -9999.0 -9999.0 -9999.0 -9999.0 -9999.0 -9999.0 -9999.0 -9999.0 -9999.0 -9999.0 -9999.0 -9999.0 -9999.0 -9999.0 -9999.0 -9999.0 -9999.0 -9999.0 -9999.0 -9999.0 -9999.0 -9999.0 -9999.0
-9999.0 -9999.0 -9999.0 -9999.0 -9999.0 -9999.0 -9999.0 -9999.0 -9999.0 -9999.0 -9999.0 -9999.0 -0.002308 0.776091 2.367929 0.647086 1.130663 3.119815 5.571817 3.696712 0.835929 -0.002029 -0.065344 -0.004080 -1.622521 -1.532278 -2.758711 -2.661856 -2.811851 -3.984565 -7.987524 -3.690538 -4.361043 -4.995002 -9999.0 -9999.0 -9999.0 -9999.0 -9999.0 -9999.0 -9999.0 -9999.0 -9999.0 -9999.0 -9999.0 -9999.0 -9999.0 -9999.0 -9999.0 -9999.0 -9999.0 -9999.0 -9999.0 -9999.0 -9999.0 -9999.0 -9999.0 -9999.0 -9999.0 -9999.0 -9999.0 -9999.0 -9999.0
-9999.0 -9999.0 -9999.0 -9999.0 -9999.0 -9999.0 -9999.0 -9999.0 -9999.0 -9999.0 -9999.0 -0.194972 1.604059 1.307852 1.691204 -0.000568 2.556004 3.241824 5.398588 3.920868 1.894317 0.116477 -0.955886 -1.215468 -1.640887 -2.630020 -2.806992 -3.075278 -2.656660 -4.407928 -3.737646 -2.544619 -3.874879 -4.184201 -4.752803 -3.738487 -2.784193 -2.091404 -3.235940 -9999.0 -9999.0 -9999.0 -4.337370 -9999.0 -9999.0 -9999.0 -9999.0 -9999.0 -9999.0 -9999.0 -9999.0 -9999.0 -9999.0 -9999.0 -9999.0 -9999.0 -9999.0 -9999.0 -9999.0 -9999.0 -9999.0 -9999.0 -9999.0
-9999.0 -9999.0 -9999.0 -9999.0 -9999.0 -9999.0 -9999.0 -9999.0 -9999.0 -9999.0 -9999.0 -0.205885 1.762498 3.211831 3.017054 -0.075234 4.805228 4.048665 5.539757 3.781107 2.999141 -0.002368 -1.264920 -2.009112 -3.415918 -2.141866 -2.021843 -2.557885 -2.640027 -4.162240 -3.331607 -1.992542 -3.084702 -4.781772 -4.004598 -2.786541 -2.139437 -1.628270 -1.728430 -4.012373 -3.990370 -4.232025 -3.516017 -3.453487 -9999.0 -9999.0 -9999.0 -5.023186 -5.179457 -4.533036 -4.611874 -4.723632 -5.037294 -5.424095 -5.510638 -5.063658 -9999.0 -9999.0 -9999.0 -9999.0 -9999.0 -9999.0 -9999.0
-9999.0 -9999.0 -9999.0 -9999.0 -9999.0 -9999.0 -9999.0 -9999.0 -9999.0 -9999.0 -9999.0 -0.536656 -0.112370 -0.010478 -0.000593 -0.003194 0.585640 3.375436 4.508217 3.776241 1.611189 -0.002225 -1.113666 -1.525951 -1.799316 -2.270132 -2.289172 -3.116790 -2.961010 -4.455721 -3.128031 -3.622067 -2.494922 -4.379398 -4.285657 -2.361901 -2.749106 -2.350103 -0.410004 -2.884969 -3.088614 -2.864681 -2.473037 -2.040398 -4.477595 -9999.0 -5.056104 -4.751512 -3.575715 -1.601732 -1.371083 -2.532832 -1.704180 -2.750530 -3.937508 -4.394992 -9999.0 -9999.0 -9999.0 -9999.0 -9999.0 -9999.0 -9999.0
-9999.0 -9999.0 -9999.0 -9999.0 -9999.0 -9999.0 -9999.0 -9999.0 -9999.0 -9999.0 -9999.0 -9999.0 -0.576913 -0.001061 -0.004003 -0.002321 -0.002286 2.476635 5.154192 3.760187 1.525966 -0.002244 -0.719896 -2.135637 -2.405172 -1.245461 -0.704399 -1.358751 -3.684532 -3.523361 -2.071213 -3.378995 -1.441332 -3.925219 -4.272161 -3.041042 -3.147818 -2.210289 -0.002405 -1.315550 -1.980672 -1.123952 -2.788546 -1.424790 -3.108368 -4.643795 -4.245856 -4.429526 -3.551361 -2.596513 -0.000675 -3.256033 -3.285758 -3.916782 -4.420158 -3.772573 -4.373511 -9999.0 -9999.0 -9999.0 -9999.0 -9999.0 -9999.0
-9999.0 -9999.0 -9999.0 -9999.0 -9999.0 -9999.0 -9999.0 -9999.0 -9999.0 -9999.0 -9999.0 -0.093375 -0.855513 -0.273722 -1.186749 -0.001149 -0.000887 1.563100 4.624635 3.707090 2.057749 -0.002130 -0.001438 -1.192050 -1.110753 -2.077031 -0.036927 -2.801129 -2.719347 -2.771982 -2.078390 -2.546912 -1.553650 -3.807806 -4.810671 -3.342745 -1.729760 -1.504728 -0.004972 -0.111511 -1.420241 -0.002344 -1.226332 -1.671141 -1.074818 -2.321374 -2.945127 -2.631400 -1.110694 -0.007120 -3.315199 -2.460706 -5.203770 -5.918137 -6.804479 -7.830894 -3.860321 -9999.0 -9999.0 -9999.0 -9999.0 -9999.0 -9999.0
-9999.0 -9999.0 -9999.0 -9999.0 -9999.0 -9999.0 -9999.0 -9999.0 -9999.0 -9999.0 -0.589285 -2.280269 -0.648082 -0.376612 -0.005470 -0.002728 -0.004121 -0.002264 3.011066 3.341487 2.276290 1.052330 -0.512586 -0.114363 -0.001129 -1.801509 -1.780471 -4.540832 -1.491503 -1.392860 -2.002565 -2.093461 -0.952084 -3.807671 -4.803437 -3.033803 -1.609266 -2.700394 -0.854454 -0.001718 -0.002125 0.752711 2.979561 0.541454 -0.002101 -1.833461 -1.301117 -2.622195 -1.932581 -0.001046 -5.181324 -4.243571 -7.268990 -8.505679 -7.973356 -3.824288 -3.715894 -9999.0 -9999.0 -9999.0 -9999.0 -9999.0 -9999.0
-9999.0 -9999.0 -9999.0 -9999.0 -9999.0 -9999.0 -9999.0 -9999.0 -9999.0 -1.771140 -1.267819 -2.239204 -1.593748 -1.155237 -0.004507 -0.006791 -0.002327 -0.000406 2.876978 3.545090 2.582568 -0.003708 -0.002305 -0.001750 -0.000731 -1.412381 -2.585759 -0.841191 -1.955314 -0.002005 -0.000936 -1.609673 -2.716391 -7.565766 -4.007879 -3.235551 -2.261526 -3.132457 -1.061888 -0.555889 -0.481086 -0.288092 -0.410285 1.339020 0.576356 -0.006293 -0.010210 -1.077950 -1.089174 -0.000556 -1.729815 -3.727444 -9.346855 -5.807381 -4.616334 -5.156713 -4.357121 -3.195386 -4.394848 -9999.0 -9999.0 -9999.0 -9999.0
-9999.0 -9999.0 -9999.0 -9999.0 -9999.0 -9999.0 -9999.0 -9999.0 -9999.0 -3.195563 -1.699811 -1.064694 -0.000557 -0.001195 -0.003601 -1.131273 -0.003386 -0.001043 3.429249 3.495498 3.133167 2.625726 1.380270 -0.000485 -1.025665 -1.464051 -1.139901 -0.001160 -0.001073 -0.000568 -0.007805 -1.986063 -3.005046 -4.046759 -3.611414 -2.968948 -2.528713 -1.833758 -1.676052 -1.521857 -1.877742 -1.750954 -0.518126 -0.001120 1.855920 1.373171 1.049303 -0.002301 -0.002296 -0.001002 -2.858088 -5.504326 -5.664097 -4.728764 -4.169543 -6.132901 -4.120410 -3.467937 -2.282712 -9999.0 -9999.0 -9999.0 -9999.0
-9999.0 -9999.0 -9999.0 -9999.0 -9999.0 -9999.0 -9999.0 -9999.0 -9999.0 -9999.0 -2.316141 -1.488865 -0.002955 -0.001353 -0.002262 -0.002337 -0.001099 0.895217 4.322926 3.400863 3.204221 2.041856 -0.001761 -0.331214 -1.146866 -0.002016 -0.001137 0.223001 -0.008288 -1.546310 -1.893564 -2.956540 -3.746054 -4.113212 -2.497616 -1.538731 -1.110888 -1.216829 -2.472513 -3.326968 -2.206279 -1.340088 -0.002931 -0.004401 -0.001525 -0.001795 0.811428 1.832701 1.745469 -0.002263 -1.811917 -3.990089 -4.733399 -5.571611 -4.874293 -4.301137 -2.630582 -1.806963 -1.536884 -0.001414 -9999.0 -9999.0 -9999.0
-9999.0 -9999.0 -9999.0 -9999.0 -9999.0 -9999.0 -9999.0 -9999.0 -9999.0 -9999.0 -3.700695 -1.355327 -1.063587 -0.002667 0.645562 -0.002964 -0.002540 1.926392 4.696004 4.627955 2.894465 0.719996 -0.002280 -0.014457 -0.002022 -0.001043 1.006936 -0.001948 -1.233557 -3.450717 -2.123381 -1.981581 -4.591369 -3.878277 -1.905539 -1.237026 -1.754373 -2.067200 -2.176773 -2.974474 -3.103377 -1.334072 -2.805317 -1.262205 -0.008582 -0.285457 -0.000863 -0.001545 2.149392 1.437501 -0.002399 -1.932525 -4.234178 -4.386471 -6.215127 -5.429582 -4.144621 -0.988417 1.209993 1.328437 -9999.0 -9999.0 -9999.0
-9999.0 -9999.0 -9999.0 -9999.0 -9999.0 -9999.0 -9999.0 -9999.0 -1.678330 -2.181272 -2.856731 -2.363466 -2.855146 -1.252310 -0.056663 1.122495 2.272111 3.494628 4.219245 5.119107 4.659798 3.470866 2.301905 0.463972 -0.001696 1.502184 0.827139 -0.756608 -1.453184 -3.480739 -7.069082 -3.303665 -3.276517 -3.675011 -2.971939 -1.512932 -0.122822 -0.089758 -2.487301 -2.973282 -2.847697 -1.178768 -3.407630 -2.686224 -0.971492 -0.454942 -2.308376 -1.142089 -0.001618 1.554570 -0.002033 -0.669997 -4.283706 -5.886769 -5.056347 -3.594312 -2.980962 -0.248037 -0.001748 3.392156 -9999.0 -9999.0 -9999.0
-9999.0 -9999.0 -9999.0 -9999.0 -9999.0 -9999.0 -9999.0 -9999.0 -3.180633 -3.125921 -2.775231 -2.803317 -1.479441 -2.269790 -0.876402 -0.001813 1.286402 1.934458 5.087572 5.660677 6.061144 4.915279 3.972817 3.003223 2.760255 2.619998 0.462203 -1.111854 -4.589879 -3.491157 -4.302810 -2.847836 -2.866784 -2.746268 -2.489609 -1.364577 -0.032004 -0.004637 -1.415072 -1.447654 -2.062268 -5.854106 -2.375292 -1.485422 -0.960642 -1.564983 -3.981464 -1.110028 -0.476185 1.169139 1.177245 -0.007493 -4.476955 -3.740689 -1.539639 -2.451996 -1.073082 -0.002406 1.920661 4.295500 5.579003 -9999.0 -9999.0
-9999.0 -9999.0 -9999.0 -9999.0 -9999.0 -9999.0 -9999.0 -9999.0 -1.910375 -1.572543 -2.479274 -3.587597 -2.356342 -3.197319 -1.157553 -0.737627 -0.003293 1.501390 4.979639 6.045862 6.131861 5.825419 5.468526 4.441172 3.764710 2.612480 -0.001625 -1.184327 -5.260886 -2.536001 -2.302892 -1.294266 -1.943763 -1.536156 -1.297740 -0.156696 -0.003512 1.230829 -0.012244 -2.658344 -1.778893 -2.013790 -1.549498 -1.676245 -1.326143 -1.467494 -2.972274 -1.723692 -2.175075 -0.001359 2.148633 -0.002031 -3.384463 -4.294544 -1.554736 -0.745606 0.401708 1.800570 3.973077 4.564290 4.913363 -9999.0 -9999.0
-9999.0 -9999.0 -9999.0 -9999.0 -9999.0 -9999.0 -9999.0 -9999.0 -4.096233 -1.331901 -0.008308 -4.919850 -1.317228 -1.442860 -0.311679 -0.001858 3.558330 4.771513 3.850493 5.260972 5.516374 5.894903 5.654502 5.226217 3.099029 0.573508 -0.001923 -1.934548 -0.781420 -2.540686 -1.254240 -1.273755 -0.003603 -0.426791 -0.371143 -0.110761 0.341890 3.402172 0.260875 -0.003140 -0.923797 -1.412519 -1.481966 -0.968424 -1.452293 -1.914610 -1.482526 -2.147581 -1.481704 -0.943816 -0.001692 1.756479 -0.001911 -0.759481 -0.000598 1.018943 2.585004 3.958452 4.924227 4.684770 3.797658 2.067900 -9999.0
-9999.0 -9999.0 -9999.0 -9999.0 -9999.0 -9999.0 -9999.0 -9999.0 -4.530786 -1.852124 -2.396527 -1.519325 -0.357929 -0.192950 -0.000411 1.426910 2.345853 1.964448 0.313587 2.332273 4.276785 5.231579 5.528290 5.237679 2.987248 -0.003037 -1.042518 -0.002016 -0.001121 -0.003652 -0.291342 -0.000887 1.387156 0.167953 -0.001978 0.025881 1.715984 5.472956 4.962933 1.274291 -0.001823 -0.002316 -0.002725 -0.002517 -1.094492 -0.362049 -0.951361 -1.473979 -0.424340 -0.002208 0.754815 1.180116 1.513757 1.123187 1.602546 1.856158 2.683195 3.478938 4.087275 3.811728 3.529648 1.493241 -9999.0
-9999.0 -9999.0 -1.496782 -1.561059 -3.617820 -1.649768 -3.044208 -2.485011 -3.922312 -3.200074 -1.874330 -0.001495 -0.141271 -0.001975 1.487723 0.924967 -0.001428 -1.172542 -0.987197 -0.001977 2.208892 4.878663 4.224357 5.744630 3.300321 1.491301 -0.003014 -0.002620 1.608894 1.120440 -0.001970 -0.001971 3.125619 2.601199 2.852894 4.016290 5.192755 7.778399 6.769355 4.035640 2.922107 2.881189 3.126777 1.611117 -0.001486 -0.002094 0.812761 1.001656 1.595661 2.542875 3.248638 2.961739 2.394288 1.943360 1.853519 3.448410 2.481648 2.884789 2.538101 2.759290 1.967292 0.750115 -9999.0
-9999.0 -1.254442 -2.829600 -1.515748 -1.503031 -1.305252 -2.492337 -2.967122 -3.942549 -3.937545 -2.183774 -0.806280 -0.000163 -0.000280 0.096117 -0.249271 -1.150991 -1.985122 -1.259464 -0.002016 1.968931 3.678624 3.636120 3.995168 4.578868 3.031208 2.594765 2.855357 3.183172 2.104396 1.953517 1.988994 3.444465 5.287462 5.944607 6.991960 9.261214 10.785069 8.647169 6.973678 6.596032 6.250582 5.360725 4.242343 2.965376 3.243323 3.288557 5.413165 4.943487 5.352475 3.743904 2.989798 2.251188 1.511257 1.438122 1.014595 0.477472 0.816533 0.739978 0.307360 -0.001238 0.545369 -9999.0
-9999.0 -0.492100 -1.167535 -0.018387 -0.000515 -0.745423 -2.468989 -3.470274 -3.304509 -3.615794 -2.678290 -1.189188 -0.001785 0.253240 -0.200352 -3.541156 -2.806256 -2.295180 -1.174092 -0.003790 1.032493 1.419328 2.306998 1.919706 3.886900 4.733847 5.078608 5.109205 4.444923 5.928942 6.149624 5.888132 5.144729 6.002227 7.658188 9.058677 11.854265 13.066509 11.722438 10.970233 10.038338 8.849970 8.273569 7.602926 7.573872 7.416387 6.136902 5.758434 5.211278 4.526085 2.951171 1.481945 0.579119 1.231757 0.447590 -0.002094 -0.288362 -0.002128 -0.001729 -0.002075 -0.001566 -9999.0 -9999.0
