user2019/resources/simulation/Vinschgau/output-maps/TsL0007N0552.asc
ncols         63
nrows         48
xllcorner     598000.000000
yllcorner     5145000.000000
cellsize      1000.000000
NODATA_value  -9999.0
[rows 0 to 27 of 48, columns 0 to 62 of 63]
-9999.0 -9999.0 -9999.0 -9999.0 -9999.0 -9999.0 -9999.0 -9999.0 -9999.0 -9999.0 -9999.0 -9999.0 -9999.0 -9999.0 -9999.0 -9999.0 -9999.0 -9999.0 -9999.0 -9999.0 -9999.0 -9999.0 -9999.0 -9999.0 -9999.0 -9999.0 -9999.0 -9999.0 -9999.0 -9999.0 -9999.0 -9999.0 -9999.0 -9999.0 -9999.0 -9999.0 -9999.0 -9999.0 -9999.0 -9999.0 -9999.0 -9999.0 -9999.0 -9999.0 -9999.0 -9999.0 -9999.0 -9999.0 -9999.0 -9999.0 -9999.0 -9999.0 -9999.0 -9999.0 -9999.0 -9999.0 -9999.0 -9999.0 -9999.0 -9999.0 -9999.0 -9999.0 -9999.0
-9999.0 -9999.0 -9999.0 -9999.0 -9999.0 -9999.0 -9999.0 -9999.0 -9999.0 -9999.0 -9999.0 -9999.0 -9999.0 -9999.0 -9999.0 -9999.0 -9999.0 -9999.0 -9999.0 -9999.0 -9999.0 -9999.0 -9999.0 -9999.0 -9999.0 -9999.0 -9999.0 9.219809 9.726759 9.030574 8.629548 8.188481 7.943756 -9999.0 -9999.0 -9999.0 -9999.0 -9999.0 -9999.0 -9999.0 -9999.0 -9999.0 -9999.0 -9999.0 -9999.0 -9999.0 -9999.0 -9999.0 -9999.0 -9999.0 -9999.0 -9999.0 -9999.0 -9999.0 -9999.0 -9999.0 -9999.0 -9999.0 -9999.0 -9999.0 -9999.0 -9999.0 -9999.0
-9999.0 -9999.0 -9999.0 -9999.0 -9999.0 -9999.0 -9999.0 -9999.0 -9999.0 -9999.0 -9999.0 -9999.0 -9999.0 -9999.0 -9999.0 -9999.0 -9999.0 -9999.0 -9999.0 -9999.0 -9999.0 -9999.0 -9999.0 -9999.0 10.668646 11.266224 11.437847 11.028958 10.143098 9.417565 8.614904 -9999.0 -9999.0 -9999.0 -9999.0 -9999.0 -9999.0 -9999.0 -9999.0 -9999.0 -9999.0 -9999.0 -9999.0 -9999.0 -9999.0 -9999.0 -9999.0 -9999.0 -9999.0 -9999.0 -9999.0 -9999.0 -9999.0 -9999.0 -9999.0 -9999.0 -9999.0 -9999.0 -9999.0 -9999.0 -9999.0 -9999.0 -9999.0
-9999.0 -9999.0 -9999.0 -9999.0 -9999.0 -9999.0 -9999.0 -9999.0 -9999.0 -9999.0 -9999.0 -9999.0 -9999.0 -9999.0 -9999.0 -9999.0 -9999.0 -9999.0 -9999.0 -9999.0 -9999.0 -9999.0 -9999.0 11.061485 11.885461 11.475327 11.947475 11.800918 10.752598 11.068667 9.018418 8.258834 -9999.0 -9999.0 -9999.0 -9999.0 -9999.0 -9999.0 -9999.0 -9999.0 -9999.0 -9999.0 -9999.0 -9999.0 -9999.0 -9999.0 -9999.0 -9999.0 -9999.0 -9999.0 -9999.0 -9999.0 -9999.0 -9999.0 -9999.0 -9999.0 -9999.0 -9999.0 -9999.0 -9999.0 -9999.0 -9999.0 -9999.0
-9999.0 -9999.0 -9999.0 -9999.0 -9999.0 -9999.0 -9999.0 -9999.0 -9999.0 -9999.0 -9999.0 -9999.0 -9999.0 -9999.0 -9999.0 -9999.0 -9999.0 -9999.0 14.042348 10.857791 -9999.0 10.867688 11.637475 11.019881 12.115159 13.379396 14.603908 14.529644 13.032944 11.616719 10.417304 8.972240 7.710138 6.040221 -9999.0 -9999.0 -9999.0 -9999.0 -9999.0 -9999.0 -9999.0 -9999.0 -9999.0 -9999.0 -9999.0 -9999.0 -9999.0 -9999.0 -9999.0 -9999.0 -9999.0 -9999.0 -9999.0 -9999.0 -9999.0 -9999.0 -9999.0 -9999.0 -9999.0 -9999.0 -9999.0 -9999.0 -9999.0
-9999.0 -9999.0 -9999.0 -9999.0 -9999.0 -9999.0 -9999.0 -9999.0 -9999.0 -9999.0 -9999.0 -9999.0 -9999.0 -9999.0 -9999.0 -9999.0 -9999.0 12.021512 10.375736 10.268828 10.366926 8.850256 10.441931 11.967644 15.625813 9.049120 7.794077 9.894078 7.949117 10.832999 11.192556 9.119728 8.606876 8.463758 6.862753 6.128192 -9999.0 -9999.0 -9999.0 -9999.0 -9999.0 -9999.0 -9999.0 -9999.0 -9999.0 -9999.0 -9999.0 -9999.0 -9999.0 -9999.0 -9999.0 -9999.0 -9999.0 -9999.0 -9999.0 -9999.0 -9999.0 -9999.0 -9999.0 -9999.0 -9999.0 -9999.0 -9999.0
-9999.0 -9999.0 -9999.0 -9999.0 -9999.0 -9999.0 -9999.0 -9999.0 -9999.0 -9999.0 -9999.0 -9999.0 -9999.0 10.255813 10.202266 9.990824 11.334927 19.688501 11.725991 11.748831 12.152641 12.901083 13.917450 15.584808 8.809286 10.822520 6.083206 7.497873 7.632137 9.428512 8.171752 9.262622 8.251841 7.483722 6.769756 5.638134 -9999.0 -9999.0 -9999.0 -9999.0 -9999.0 -9999.0 -9999.0 -9999.0 -9999.0 -9999.0 -9999.0 -9999.0 -9999.0 -9999.0 -9999.0 -9999.0 -9999.0 -9999.0 -9999.0 -9999.0 -9999.0 -9999.0 -9999.0 -9999.0 -9999.0 -9999.0 -9999.0
-9999.0 -9999.0 -9999.0 -9999.0 -9999.0 -9999.0 -9999.0 -9999.0 -9999.0 -9999.0 -9999.0 -9999.0 -9999.0 11.281194 11.216564 10.130314 9.940423 16.867971 19.672790 14.231260 11.421312 14.480041 10.356916 9.674028 11.314293 9.546408 9.858595 8.367495 8.306123 6.857198 6.925166 7.726149 6.801671 5.107115 5.511653 -9999.0 -9999.0 -9999.0 -9999.0 -9999.0 -9999.0 -9999.0 -9999.0 -9999.0 -9999.0 -9999.0 -9999.0 -9999.0 -9999.0 -9999.0 -9999.0 -9999.0 -9999.0 -9999.0 -9999.0 -9999.0 -9999.0 -9999.0 -9999.0 -9999.0 -9999.0 -9999.0 -9999.0
-9999.0 -9999.0 -9999.0 -9999.0 -9999.0 -9999.0 -9999.0 -9999.0 -9999.0 -9999.0 -9999.0 -9999.0 -9999.0 10.181972 12.447564 11.848875 9.245119 10.475372 19.721878 11.467596 14.647502 10.013089 8.630928 7.971001 10.711023 9.665689 9.704268 7.470538 8.518917 7.594883 7.644969 4.921402 4.661867 -0.013654 4.738950 -9999.0 -9999.0 -9999.0 -9999.0 -9999.0 -9999.0 -9999.0 -9999.0 -9999.0 -9999.0 -9999.0 -9999.0 -9999.0 -9999.0 -9999.0 -9999.0 -9999.0 -9999.0 -9999.0 -9999.0 -9999.0 -9999.0 -9999.0 -9999.0 -9999.0 -9999.0 -9999.0 -9999.0
-9999.0 -9999.0 -9999.0 -9999.0 -9999.0 -9999.0 -9999.0 -9999.0 -9999.0 -9999.0 -9999.0 -9999.0 9.054768 11.746411 11.038863 8.948544 7.698813 9.630471 17.461159 11.652966 11.654062 8.353901 7.110273 7.923157 8.921138 8.936897 7.050069 8.590274 9.090469 6.946114 6.072207 7.826952 6.990719 4.566939 -9999.0 -9999.0 -9999.0 -9999.0 -9999.0 -9999.0 -9999.0 -9999.0 -9999.0 -9999.0 -9999.0 -9999.0 -9999.0 -9999.0 -9999.0 -9999.0 -9999.0 -9999.0 -9999.0 -9999.0 -9999.0 -9999.0 -9999.0 -9999.0 -9999.0 -9999.0 -9999.0 -9999.0 -9999.0
-9999.0 -9999.0 -9999.0 -9999.0 -9999.0 -9999.0 -9999.0 -9999.0 -9999.0 -9999.0 -9999.0 10.248679 8.939721 8.898480 8.190646 10.014254 6.898676 9.111507 17.015020 10.682688 9.101256 11.247943 10.546741 9.923668 7.242559 9.618466 7.709868 9.971529 9.265011 5.946774 8.007505 8.975570 7.520734 6.405395 7.492588 9.176697 11.051239 12.508448 12.509157 -9999.0 -9999.0 -9999.0 7.711242 -9999.0 -9999.0 -9999.0 -9999.0 -9999.0 -9999.0 -9999.0 -9999.0 -9999.0 -9999.0 -9999.0 -9999.0 -9999.0 -9999.0 -9999.0 -9999.0 -9999.0 -9999.0 -9999.0 -9999.0
-9999.0 -9999.0 -9999.0 -9999.0 -9999.0 -9999.0 -9999.0 -9999.0 -9999.0 -9999.0 -9999.0 9.396936 8.534524 8.089538 8.705968 8.694888 9.642541 10.033531 17.055424 14.760603 14.913675 11.925604 11.026080 4.660123 4.713624 9.722181 9.706250 10.270148 8.744057 6.216065 9.585632 9.022717 8.587137 7.588579 8.126580 10.339286 14.183008 15.440303 13.983069 10.355863 10.244073 9.084310 9.777866 8.554462 -9999.0 -9999.0 -9999.0 6.553521 7.587328 8.479398 8.616893 7.685934 7.163683 7.630744 7.882248 6.774137 -9999.0 -9999.0 -9999.0 -9999.0 -9999.0 -9999.0 -9999.0
-9999.0 -9999.0 -9999.0 -9999.0 -9999.0 -9999.0 -9999.0 -9999.0 -9999.0 -9999.0 -9999.0 9.540487 9.663558 5.310173 10.139864 9.585454 5.757120 7.725837 14.895090 15.630001 8.884727 8.995166 5.084623 10.896774 9.628554 10.036856 4.940992 6.834059 8.739725 7.368898 8.884740 4.940122 10.862871 8.169595 9.383029 12.112310 9.695548 10.845143 16.697783 11.895826 13.240625 10.615821 10.974379 10.324683 8.263024 -9999.0 6.251884 8.231070 9.685879 10.447535 10.678324 10.230698 10.257602 10.165395 9.700958 9.550235 -9999.0 -9999.0 -9999.0 -9999.0 -9999.0 -9999.0 -9999.0
-9999.0 -9999.0 -9999.0 -9999.0 -9999.0 -9999.0 -9999.0 -9999.0 -9999.0 -9999.0 -9999.0 -9999.0 9.865326 5.060398 10.177127 10.238976 5.305295 7.728722 15.459724 15.828215 9.391811 9.677155 9.223210 7.865092 4.912091 5.615478 12.028239 9.556385 9.170199 8.757905 9.966026 5.654369 10.828447 9.382719 8.879278 11.104657 8.835941 11.604805 20.048983 14.024344 15.405610 13.442622 8.161230 12.186889 8.890875 8.097872 7.699401 8.851947 5.455205 8.274574 9.650696 7.671271 8.308567 6.841656 5.781229 9.805152 10.155093 -9999.0 -9999.0 -9999.0 -9999.0 -9999.0 -9999.0
-9999.0 -9999.0 -9999.0 -9999.0 -9999.0 -9999.0 -9999.0 -9999.0 -9999.0 -9999.0 -9999.0 5.161769 9.292467 9.767210 5.415971 5.419248 8.349149 7.898510 16.355631 11.000029 9.944441 8.972270 9.609963 6.464801 6.067166 9.500283 8.243809 8.893549 9.543462 10.163151 6.643541 7.649148 11.575047 9.244889 7.980327 10.197684 12.417898 10.390886 11.493744 17.122929 10.014285 11.231316 10.425542 8.874971 12.480316 9.090073 9.629804 9.943777 10.911083 9.511159 5.229144 9.287135 0.823375 1.201044 2.157869 7.689312 9.304611 -9999.0 -9999.0 -9999.0 -9999.0 -9999.0 -9999.0
-9999.0 -9999.0 -9999.0 -9999.0 -9999.0 -9999.0 -9999.0 -9999.0 -9999.0 -9999.0 11.022891 4.950551 10.772537 10.668896 11.602677 8.704982 8.521017 7.605393 10.741770 11.315900 15.490394 14.047063 7.259881 13.500866 10.337855 9.373622 4.433758 3.996020 10.926269 11.484152 8.715741 7.948740 10.082974 8.256346 6.397265 9.532747 12.164764 9.080610 8.866916 12.071582 12.184568 12.094179 17.827844 9.266158 8.893071 9.718718 10.316686 8.036051 9.041843 9.755947 4.990377 8.265279 2.436007 6.959633 7.811662 10.452062 10.137506 -9999.0 -9999.0 -9999.0 -9999.0 -9999.0 -9999.0
-9999.0 -9999.0 -9999.0 -9999.0 -9999.0 -9999.0 -9999.0 -9999.0 -9999.0 9.732449 10.813625 5.022304 8.218238 6.219629 5.150686 7.675669 5.278084 14.314457 10.909885 11.827354 16.357623 9.825650 9.307402 11.733105 10.867622 3.573356 5.081038 11.725337 9.516408 10.413535 10.389985 4.478346 8.066154 6.515072 7.669019 8.912479 10.351937 6.237389 7.796650 8.795825 8.837472 7.777552 7.430286 10.649999 9.366193 8.994788 14.231272 8.158493 8.542006 10.798995 6.049221 8.384517 5.240990 6.745725 8.559332 1.951129 0.948581 10.086172 8.973835 -9999.0 -9999.0 -9999.0 -9999.0
-9999.0 -9999.0 -9999.0 -9999.0 -9999.0 -9999.0 -9999.0 -9999.0 -9999.0 9.066308 9.531755 10.540034 13.500925 9.495047 7.257614 6.194347 12.963140 10.776811 11.741396 18.026997 17.810082 17.483762 15.541061 14.221830 6.121452 5.338245 8.122492 10.785058 11.843273 13.750277 12.294781 4.611842 9.395612 8.050489 9.429441 9.657516 10.042103 11.036916 10.096312 11.944761 7.642434 4.853787 8.935398 10.633201 10.486129 12.369166 12.057717 11.083568 10.521410 10.799599 4.758444 2.364632 7.148804 8.356362 9.187478 2.540431 7.155691 9.336979 11.194170 -9999.0 -9999.0 -9999.0 -9999.0
-9999.0 -9999.0 -9999.0 -9999.0 -9999.0 -9999.0 -9999.0 -9999.0 -9999.0 -9999.0 9.860118 10.772986 9.102722 8.193658 10.123518 8.898319 10.079605 12.090568 12.679801 14.345214 17.341915 10.962412 9.263079 8.230365 7.728428 10.776841 11.902515 12.358625 12.515890 5.808956 5.005531 6.945861 0.984484 8.687087 10.257687 10.587696 12.291989 12.167942 9.121286 8.954233 8.547783 12.417789 12.312070 8.527263 8.120873 8.712968 9.553861 15.609036 12.953382 10.734536 6.781121 7.576169 8.438258 8.090231 8.460638 10.136238 11.848257 11.529378 11.579278 12.168333 -9999.0 -9999.0 -9999.0
-9999.0 -9999.0 -9999.0 -9999.0 -9999.0 -9999.0 -9999.0 -9999.0 -9999.0 -9999.0 9.851832 10.574485 11.393593 9.632532 15.785819 9.569101 9.438761 11.402480 13.685679 14.757358 12.133142 10.592663 9.241395 9.930582 10.725611 12.520554 13.405251 9.663803 6.272862 4.497964 9.514104 10.675966 5.180258 7.791389 9.126438 10.305416 8.393587 8.556120 5.328932 8.183844 9.554683 10.076731 6.965431 10.210465 11.815928 6.762103 9.327882 8.648511 11.334777 13.197004 11.033952 7.378304 6.425282 9.512150 7.924500 8.750885 10.268933 10.590538 12.472008 14.364701 -9999.0 -9999.0 -9999.0
-9999.0 -9999.0 -9999.0 -9999.0 -9999.0 -9999.0 -9999.0 -9999.0 11.547041 10.457193 9.887696 11.078880 7.469733 7.704326 8.318949 11.100763 11.757140 18.447331 15.386412 15.355872 13.735782 12.830436 11.923689 10.495725 12.144061 12.484758 15.648657 7.933138 7.108372 1.176773 7.760803 9.351330 9.567982 8.704351 9.326701 8.693649 11.794189 8.543172 3.864616 7.802955 8.983675 10.253057 4.833935 8.513096 10.742160 12.386667 4.683516 8.801192 9.203187 13.611589 11.968773 9.105103 0.882173 2.150937 9.745191 11.552095 11.813435 15.018307 13.299213 14.135397 -9999.0 -9999.0 -9999.0
-9999.0 -9999.0 -9999.0 -9999.0 -9999.0 -9999.0 -9999.0 -9999.0 3.656682 4.748430 3.012528 10.098687 10.819527 9.651127 8.123924 9.944813 10.967508 11.488306 13.924369 15.975773 21.953979 19.919194 18.503720 17.477639 12.650446 12.935736 10.947794 9.795272 4.193455 9.590429 9.027197 9.522017 9.593822 8.920793 10.090568 10.867458 12.336113 9.278594 6.346556 9.340228 8.318358 7.350442 8.429687 10.384726 11.917581 6.790727 0.936028 10.866139 9.692822 11.676521 14.136148 11.659758 0.648184 12.040530 13.069067 11.218787 11.540017 12.692035 15.062509 17.366243 17.798915 -9999.0 -9999.0
-9999.0 -9999.0 -9999.0 -9999.0 -9999.0 -9999.0 -9999.0 -9999.0 10.386931 11.662511 10.560982 3.219942 11.693467 2.847692 8.477559 8.372250 10.486327 13.572986 14.403864 21.641429 16.506562 20.624092 20.460568 15.580418 19.095093 12.188650 10.270146 6.617549 4.603910 10.303604 10.085738 11.572885 1.141700 1.870731 11.308743 12.017888 7.178434 9.511056 5.640596 6.078720 8.924358 8.808983 10.051164 10.955207 2.172134 10.729850 9.092963 11.391145 7.319834 10.193876 13.789583 13.428174 0.418340 7.737036 13.094942 14.030923 14.875868 15.572833 17.139808 16.758204 17.598373 -9999.0 -9999.0
-9999.0 -9999.0 -9999.0 -9999.0 -9999.0 -9999.0 -9999.0 -9999.0 9.285685 11.481706 9.810142 3.143260 11.825715 3.197452 9.019612 10.972744 12.963584 14.508133 17.459098 14.434008 16.098670 16.581006 20.835158 20.137097 12.875339 10.901878 8.986442 3.608027 12.428181 9.201186 7.206252 7.365017 9.487334 9.729277 0.456131 11.648282 12.806611 10.759931 7.730559 6.450961 9.258301 10.217818 10.362619 9.931689 10.045871 9.995239 11.164806 11.303861 12.084135 10.468183 11.998001 14.712770 14.706540 14.275091 15.713515 16.244366 16.734431 15.523953 16.296793 17.515813 16.300621 13.395009 -9999.0
-9999.0 -9999.0 -9999.0 -9999.0 -9999.0 -9999.0 -9999.0 -9999.0 9.654840 11.869859 10.410238 8.231798 9.375471 10.323370 16.461485 14.470800 16.689655 12.089601 10.787077 12.194166 13.996870 16.381537 16.537254 16.371641 18.139719 10.463989 8.123639 10.680015 11.510485 10.985525 7.820258 10.646904 11.472735 10.538112 9.095569 9.762986 10.876914 12.096845 10.732277 10.572716 8.721540 7.395740 9.703892 9.006352 0.442077 11.933451 9.292194 10.498816 10.729537 12.977751 14.752381 14.664371 15.530950 17.277933 17.505463 17.356960 17.866132 17.669480 16.994757 16.262690 14.040772 12.423522 -9999.0
-9999.0 -9999.0 10.779883 11.615511 4.962009 4.460301 8.303154 1.226617 11.151635 11.714251 9.876615 10.405640 10.575359 13.257746 18.486250 13.606441 10.256750 8.567046 10.114863 10.641910 12.506779 14.824668 16.319588 15.424734 14.889345 12.029852 10.575211 10.549311 11.641379 15.557664 9.245807 9.672399 15.395187 10.277298 12.362350 10.811123 13.831609 13.555236 11.867839 9.995333 11.666730 11.837955 10.118399 11.466629 8.175845 10.304306 12.257801 11.119366 13.900336 15.682270 17.138955 17.713230 17.847091 18.033075 18.019940 22.443161 16.798512 16.593011 15.499115 13.803768 16.425300 11.343017 -9999.0
-9999.0 8.890406 8.806222 8.496872 5.126911 8.962766 8.233866 1.174555 2.080011 10.673352 5.013426 9.718242 11.795635 16.719094 17.080863 10.004361 9.888754 7.678695 5.823076 10.729501 12.911029 13.953968 18.199074 15.110539 20.591685 15.327800 18.651788 18.790409 14.542024 13.740404 13.441952 13.072550 12.993044 16.757515 14.883658 15.839093 16.622855 15.572706 16.096650 15.158724 14.803857 14.420610 13.779362 11.666354 11.183717 11.874425 14.451454 14.248230 16.565147 16.049834 17.082242 17.096398 16.479475 16.511823 16.546935 16.012267 13.812092 13.407572 14.001846 15.584886 11.034048 10.946793 -9999.0
-9999.0 13.263561 9.929553 10.227992 14.255788 9.691647 3.757168 1.442926 11.059463 10.731756 3.570258 9.565719 12.063965 17.369511 10.645351 7.297070 6.880065 3.947573 11.188664 10.668144 15.962799 13.426924 14.527585 16.206966 21.525082 22.246892 15.357691 16.375628 15.897999 14.739069 15.020095 14.440294 14.365099 14.629649 18.560030 16.948308 23.357749 23.785220 17.992550 18.183989 17.379622 16.077724 15.712333 14.584022 15.076708 15.422885 16.709241 16.923568 16.573287 16.625805 15.855309 14.066211 13.920668 14.475513 13.763932 12.495404 12.235638 11.389745 10.717863 10.062836 9.945620 -9999.0 -9999.0
