user2019/resources/simulation/Vinschgau/output-maps/TsL0005N0904.asc
ncols         63
nrows         48
xllcorner     598000.000000
yllcorner     5145000.000000
cellsize      1000.000000
NODATA_value  -9999.0
[rows 0 to 27 of 48, columns 0 to 62 of 63]
-9999.0 -9999.0 -9999.0 -9999.0 -9999.0 -9999.0 -9999.0 -9999.0 -9999.0 -9999.0 -9999.0 -9999.0 -9999.0 -9999.0 -9999.0 -9999.0 -9999.0 -9999.0 -9999.0 -9999.0 -9999.0 -9999.0 -9999.0 -9999.0 -9999.0 -9999.0 -9999.0 -9999.0 -9999.0 -9999.0 -9999.0 -9999.0 -9999.0 -9999.0 -9999.0 -9999.0 -9999.0 -9999.0 -9999.0 -9999.0 -9999.0 -9999.0 -9999.0 -9999.0 -9999.0 -9999.0 -9999.0 -9999.0 -9999.0 -9999.0 -9999.0 -9999.0 -9999.0 -9999.0 -9999.0 -9999.0 -9999.0 -9999.0 -9999.0 -9999.0 -9999.0 -9999.0 -9999.0
-9999.0 -9999.0 -9999.0 -9999.0 -9999.0 -9999.0 -9999.0 -9999.0 -9999.0 -9999.0 -9999.0 -9999.0 -9999.0 -9999.0 -9999.0 -9999.0 -9999.0 -9999.0 -9999.0 -9999.0 -9999.0 -9999.0 -9999.0 -9999.0 -9999.0 -9999.0 -9999.0 -5.431462 -4.064361 -4.560482 -4.714687 -5.461777 -5.687330 -9999.0 -9999.0 -9999.0 -9999.0 -9999.0 -9999.0 -9999.0 -9999.0 -9999.0 -9999.0 -9999.0 -9999.0 -9999.0 -9999.0 -9999.0 -9999.0 -9999.0 -9999.0 -9999.0 -9999.0 -9999.0 -9999.0 -9999.0 -9999.0 -9999.0 -9999.0 -9999.0 -9999.0 -9999.0 -9999.0
-9999.0 -9999.0 -9999.0 -9999.0 -9999.0 -9999.0 -9999.0 -9999.0 -9999.0 -9999.0 -9999.0 -9999.0 -9999.0 -9999.0 -9999.0 -9999.0 -9999.0 -9999.0 -9999.0 -9999.0 -9999.0 -9999.0 -9999.0 -9999.0 -3.330295 -3.072763 -2.508169 -3.273978 -2.552535 -4.314247 -5.035206 -9999.0 -9999.0 -9999.0 -9999.0 -9999.0 -9999.0 -9999.0 -9999.0 -9999.0 -9999.0 -9999.0 -9999.0 -9999.0 -9999.0 -9999.0 -9999.0 -9999.0 -9999.0 -9999.0 -9999.0 -9999.0 -9999.0 -9999.0 -9999.0 -9999.0 -9999.0 -9999.0 -9999.0 -9999.0 -9999.0 -9999.0 -9999.0
-9999.0 -9999.0 -9999.0 -9999.0 -9999.0 -9999.0 -9999.0 -9999.0 -9999.0 -9999.0 -9999.0 -9999.0 -9999.0 -9999.0 -9999.0 -9999.0 -9999.0 -9999.0 -9999.0 -9999.0 -9999.0 -9999.0 -9999.0 -2.960412 -1.187527 -0.005877 0.340332 0.982962 -0.007131 -2.773487 -4.955969 -5.584095 -9999.0 -9999.0 -9999.0 -9999.0 -9999.0 -9999.0 -9999.0 -9999.0 -9999.0 -9999.0 -9999.0 -9999.0 -9999.0 -9999.0 -9999.0 -9999.0 -9999.0 -9999.0 -9999.0 -9999.0 -9999.0 -9999.0 -9999.0 -9999.0 -9999.0 -9999.0 -9999.0 -9999.0 -9999.0 -9999.0 -9999.0
-9999.0 -9999.0 -9999.0 -9999.0 -9999.0 -9999.0 -9999.0 -9999.0 -9999.0 -9999.0 -9999.0 -9999.0 -9999.0 -9999.0 -9999.0 -9999.0 -9999.0 -9999.0 -0.002897 -2.107757 -9999.0 -2.509061 -1.241544 -0.009023 -0.004366 0.850160 -0.003376 -0.002557 -0.001762 -0.005395 -3.134373 -4.666322 -6.528404 -8.762601 -9999.0 -9999.0 -9999.0 -9999.0 -9999.0 -9999.0 -9999.0 -9999.0 -9999.0 -9999.0 -9999.0 -9999.0 -9999.0 -9999.0 -9999.0 -9999.0 -9999.0 -9999.0 -9999.0 -9999.0 -9999.0 -9999.0 -9999.0 -9999.0 -9999.0 -9999.0 -9999.0 -9999.0 -9999.0
-9999.0 -9999.0 -9999.0 -9999.0 -9999.0 -9999.0 -9999.0 -9999.0 -9999.0 -9999.0 -9999.0 -9999.0 -9999.0 -9999.0 -9999.0 -9999.0 -9999.0 3.997980 2.382533 0.958910 -2.822092 -0.050139 -0.005190 -0.004751 -0.003845 -0.003450 -0.156911 -0.057423 -0.073056 -0.002618 -1.246362 -3.004868 -4.605170 -5.351836 -7.273398 -8.483565 -9999.0 -9999.0 -9999.0 -9999.0 -9999.0 -9999.0 -9999.0 -9999.0 -9999.0 -9999.0 -9999.0 -9999.0 -9999.0 -9999.0 -9999.0 -9999.0 -9999.0 -9999.0 -9999.0 -9999.0 -9999.0 -9999.0 -9999.0 -9999.0 -9999.0 -9999.0 -9999.0
-9999.0 -9999.0 -9999.0 -9999.0 -9999.0 -9999.0 -9999.0 -9999.0 -9999.0 -9999.0 -9999.0 -9999.0 -9999.0 -1.021363 -0.003477 1.827788 3.479347 3.425547 3.569136 -0.008695 -0.004943 -0.004954 -0.004696 -0.003593 -0.003231 -1.413608 -2.424488 -0.987749 -0.857344 -0.127331 -1.612159 -3.609626 -4.990355 -5.689258 -6.181516 -8.810369 -9999.0 -9999.0 -9999.0 -9999.0 -9999.0 -9999.0 -9999.0 -9999.0 -9999.0 -9999.0 -9999.0 -9999.0 -9999.0 -9999.0 -9999.0 -9999.0 -9999.0 -9999.0 -9999.0 -9999.0 -9999.0 -9999.0 -9999.0 -9999.0 -9999.0 -9999.0 -9999.0
-9999.0 -9999.0 -9999.0 -9999.0 -9999.0 -9999.0 -9999.0 -9999.0 -9999.0 -9999.0 -9999.0 -9999.0 -9999.0 -0.425843 0.807173 2.642675 2.791442 2.235359 3.459158 1.128754 2.647230 0.107261 0.876504 -0.003213 -0.031111 -0.119225 -4.063474 -4.909457 -6.018117 -1.895213 -1.330980 -4.475328 -6.412615 -9.816068 -7.617221 -9999.0 -9999.0 -9999.0 -9999.0 -9999.0 -9999.0 -9999.0 -9999.0 -9999.0 -9999.0 -9999.0 -9999.0 -9999.0 -9999.0 -9999.0 -9999.0 -9999.0 -9999.0 -9999.0 -9999.0 -9999.0 -9999.0 -9999.0 -9999.0 -9999.0 -9999.0 -9999.0 -9999.0
-9999.0 -9999.0 -9999.0 -9999.0 -9999.0 -9999.0 -9999.0 -9999.0 -9999.0 -9999.0 -9999.0 -9999.0 -9999.0 0.318460 0.060180 1.478103 2.179463 3.108438 3.679084 3.491770 0.172657 -0.109505 -0.003603 -0.009995 -0.003066 -0.006466 -3.831604 -6.312235 -5.540176 -8.633815 -5.068955 -10.510785 -10.877325 -13.157187 -9.090015 -9999.0 -9999.0 -9999.0 -9999.0 -9999.0 -9999.0 -9999.0 -9999.0 -9999.0 -9999.0 -9999.0 -9999.0 -9999.0 -9999.0 -9999.0 -9999.0 -9999.0 -9999.0 -9999.0 -9999.0 -9999.0 -9999.0 -9999.0 -9999.0 -9999.0 -9999.0 -9999.0 -9999.0
-9999.0 -9999.0 -9999.0 -9999.0 -9999.0 -9999.0 -9999.0 -9999.0 -9999.0 -9999.0 -9999.0 -9999.0 -0.006849 -0.025997 0.921473 -0.003227 0.555534 2.491661 2.769253 2.190925 -0.004723 -0.113227 -0.149335 -0.361981 -1.673366 -4.081828 -3.458906 -5.190389 -3.784465 -6.589496 -10.380130 -6.778410 -5.677551 -9.691538 -9999.0 -9999.0 -9999.0 -9999.0 -9999.0 -9999.0 -9999.0 -9999.0 -9999.0 -9999.0 -9999.0 -9999.0 -9999.0 -9999.0 -9999.0 -9999.0 -9999.0 -9999.0 -9999.0 -9999.0 -9999.0 -9999.0 -9999.0 -9999.0 -9999.0 -9999.0 -9999.0 -9999.0 -9999.0
-9999.0 -9999.0 -9999.0 -9999.0 -9999.0 -9999.0 -9999.0 -9999.0 -9999.0 -9999.0 -9999.0 -0.878616 0.131732 0.280255 0.118159 -0.167661 0.721190 2.363330 2.649842 1.421941 1.070696 -0.002960 -2.091109 -3.619337 -0.232756 -3.376739 -5.447088 -4.234320 -4.744202 -8.343945 -6.984016 -3.571363 -5.988979 -7.976509 -7.122322 -5.666020 -5.289285 -4.311687 -4.211866 -9999.0 -9999.0 -9999.0 -8.047066 -9999.0 -9999.0 -9999.0 -9999.0 -9999.0 -9999.0 -9999.0 -9999.0 -9999.0 -9999.0 -9999.0 -9999.0 -9999.0 -9999.0 -9999.0 -9999.0 -9999.0 -9999.0 -9999.0 -9999.0
-9999.0 -9999.0 -9999.0 -9999.0 -9999.0 -9999.0 -9999.0 -9999.0 -9999.0 -9999.0 -9999.0 -1.088372 0.608290 1.800930 1.714634 -0.902324 3.005518 3.258840 2.882238 1.774449 0.188614 -0.363013 -2.016306 -3.054726 -2.207097 -4.181133 -4.546000 -3.262445 -4.355352 -7.945652 -4.248018 -4.033291 -5.579533 -6.389868 -7.088765 -4.267341 -2.683252 -2.779790 -4.191626 -7.623738 -7.518181 -7.947469 -4.495594 -6.550972 -9999.0 -9999.0 -9999.0 -8.645042 -7.319710 -7.014586 -6.307813 -8.099096 -8.299744 -8.060053 -7.631053 -8.851262 -9999.0 -9999.0 -9999.0 -9999.0 -9999.0 -9999.0 -9999.0
-9999.0 -9999.0 -9999.0 -9999.0 -9999.0 -9999.0 -9999.0 -9999.0 -9999.0 -9999.0 -9999.0 -2.293514 -1.078882 -0.274610 -0.177704 -0.461299 -0.002578 2.660618 2.189805 1.809630 1.336800 -0.004786 -1.332366 -3.320892 -4.203720 -5.230188 -2.027103 -3.788429 -5.583737 -6.798559 -5.970340 -4.291261 -3.146520 -6.062206 -6.497819 -2.931096 -3.412656 -2.967028 -2.068770 -5.949082 -3.893370 -5.357447 -3.112308 -4.125903 -6.161758 -9999.0 -9.340368 -6.073696 -4.538894 -3.472381 -3.222904 -4.025736 -4.056074 -4.753889 -4.910292 -5.888706 -9999.0 -9999.0 -9999.0 -9999.0 -9999.0 -9999.0 -9999.0
-9999.0 -9999.0 -9999.0 -9999.0 -9999.0 -9999.0 -9999.0 -9999.0 -9999.0 -9999.0 -9999.0 -9999.0 -0.928019 -0.420275 -0.750337 -0.500407 -0.004044 1.870382 2.444430 1.843979 1.138093 -0.004791 -0.189615 -0.911042 -3.465848 -2.163516 -1.820842 -3.517361 -4.842206 -6.408513 -4.514227 -4.065418 -3.198697 -5.109608 -5.641192 -3.902214 -2.078336 -2.631385 -0.331793 -3.462091 -2.558317 -3.906685 -1.457159 -2.297359 -6.068472 -6.429866 -7.464795 -5.944309 -3.419709 -1.544390 -0.449828 -3.905543 -2.726710 -4.566944 -5.187536 -4.677680 -5.755294 -9999.0 -9999.0 -9999.0 -9999.0 -9999.0 -9999.0
-9999.0 -9999.0 -9999.0 -9999.0 -9999.0 -9999.0 -9999.0 -9999.0 -9999.0 -9999.0 -9999.0 -0.645835 -2.940778 -1.456723 -0.620193 -0.024863 -0.002636 1.101105 1.911698 3.202663 1.483814 -0.003510 -0.096918 -2.208307 -1.846545 -0.360991 -0.601025 -5.080246 -5.278422 -4.882635 -2.198417 -3.204537 -1.975151 -4.971281 -7.099932 -4.295676 -4.172847 -1.382360 -0.018344 -1.067013 -1.409406 -0.087863 -0.665937 -1.514926 -1.626214 -4.931203 -3.799240 -4.754211 -3.837833 -0.324078 -4.338927 -4.794240 -6.798167 -7.770854 -8.746785 -9.720643 -6.652872 -9999.0 -9999.0 -9999.0 -9999.0 -9999.0 -9999.0
-9999.0 -9999.0 -9999.0 -9999.0 -9999.0 -9999.0 -9999.0 -9999.0 -9999.0 -9999.0 -1.782940 -0.532437 -2.198581 -2.160997 -0.810413 -0.861770 -0.891952 -0.003644 2.658727 2.851306 0.340414 -0.001372 -0.719931 -0.942860 -0.084925 -1.656363 -2.808744 -5.304528 -3.291769 -2.483384 -2.634065 -2.719158 -2.434804 -4.974363 -8.962148 -5.940882 -3.088006 -1.773634 -0.055192 -0.002974 -0.003009 -0.002185 0.070575 0.335325 -0.155738 -4.746450 -3.701384 -1.262769 -0.516406 -0.074812 -6.731192 -7.188138 -9.237620 -10.580391 -10.038584 -4.964202 -4.804711 -9999.0 -9999.0 -9999.0 -9999.0 -9999.0 -9999.0
-9999.0 -9999.0 -9999.0 -9999.0 -9999.0 -9999.0 -9999.0 -9999.0 -9999.0 -3.963481 -1.463137 -1.591013 -0.348191 -0.973491 -0.334164 -0.237513 -0.319783 -0.129949 2.406866 3.252874 0.744649 -0.006066 -0.005040 -0.003404 -0.002966 -1.622549 -3.650027 -2.420286 -0.523519 -0.045293 -0.002976 -1.819193 -5.679927 -9.826944 -7.739224 -6.067605 -2.921963 -2.332617 -1.934295 -0.367342 -0.087749 -0.172942 -0.599548 1.034917 0.386011 -0.382012 -0.659098 -1.628250 -1.583582 -0.002581 -2.806757 -6.688181 -11.561784 -9.666978 -7.859337 -7.005570 -5.899317 -6.208633 -7.503094 -9999.0 -9999.0 -9999.0 -9999.0
-9999.0 -9999.0 -9999.0 -9999.0 -9999.0 -9999.0 -9999.0 -9999.0 -9999.0 -5.387881 -4.153281 -2.470393 -0.538295 -0.007126 -0.369872 -0.991935 -0.573985 -0.002625 3.039790 1.702454 1.332034 0.399931 -0.002103 -0.121481 -1.235557 -2.434459 -0.904967 -0.097735 -0.002480 -0.021391 -0.510655 -2.200464 -3.891635 -5.980696 -4.704993 -6.052395 -5.502490 -4.212453 -4.174165 -1.894722 -1.098813 -2.762993 -0.788080 -0.002386 1.655715 0.626552 0.287684 -0.003815 -0.010390 -0.002600 -3.065232 -6.370234 -9.231185 -8.087961 -6.749588 -7.910899 -5.840908 -5.051422 -5.170073 -9999.0 -9999.0 -9999.0 -9999.0
-9999.0 -9999.0 -9999.0 -9999.0 -9999.0 -9999.0 -9999.0 -9999.0 -9999.0 -9999.0 -4.723656 -2.435723 -0.176636 -0.500215 -0.005117 -0.187193 -0.010004 0.054025 3.895922 2.653886 1.404791 1.581137 -0.003114 -0.276602 -1.911030 -0.154388 -0.002857 -0.001759 -0.555412 -1.749400 -2.102580 -3.149363 -4.721816 -5.353941 -3.207867 -2.199583 -2.347219 -1.449446 -5.514305 -4.350078 -4.800896 -2.155538 -1.107465 -0.347127 -0.003951 -0.003173 0.500642 0.048875 0.954731 -0.003592 -2.014077 -5.455130 -8.013262 -8.958500 -8.234547 -6.088863 -3.568107 -1.623893 -2.157727 -0.140838 -9999.0 -9999.0 -9999.0
-9999.0 -9999.0 -9999.0 -9999.0 -9999.0 -9999.0 -9999.0 -9999.0 -9999.0 -9999.0 -4.939912 -3.718137 -2.596023 -0.115343 -0.001387 -0.004866 -0.003989 1.549796 4.274556 3.719438 2.617168 0.322138 -0.003923 -0.680653 -0.154507 -0.002344 0.294886 -0.006579 -1.441558 -4.397550 -4.427255 -2.742368 -6.213376 -6.177019 -4.319108 -1.825008 -1.608756 -0.381839 -2.912019 -5.252084 -4.045680 -3.330717 -1.499282 -2.877605 -1.147551 -0.398830 -0.063416 -0.003973 1.818055 0.668622 -0.020648 -2.886283 -5.017562 -7.503235 -9.622142 -8.752193 -6.156530 -1.667630 0.647513 0.409886 -9999.0 -9999.0 -9999.0
-9999.0 -9999.0 -9999.0 -9999.0 -9999.0 -9999.0 -9999.0 -9999.0 -3.243588 -4.572687 -5.488995 -3.154896 -3.507468 -1.265746 -0.062610 0.902268 1.918276 1.448144 3.378954 4.222695 4.402612 3.070559 1.896783 -0.006531 -0.003200 1.341668 -0.002106 -0.958715 -2.525658 -4.364413 -9.131879 -4.341094 -4.319657 -5.829176 -3.875443 -4.018185 -0.733881 -0.332385 -2.709289 -6.110846 -4.786454 -2.161951 -4.343895 -5.656673 -3.711287 -1.567929 -2.518265 -0.831426 -0.004131 0.911588 -0.007085 -0.860494 -4.671302 -6.818668 -8.267759 -5.346228 -5.856477 -1.116053 -0.002524 2.958088 -9999.0 -9999.0 -9999.0
-9999.0 -9999.0 -9999.0 -9999.0 -9999.0 -9999.0 -9999.0 -9999.0 -3.828213 -2.079936 -3.829208 -5.335600 -4.027943 -2.831262 -1.081069 -0.003085 0.815182 1.420046 4.797748 4.762959 3.634898 2.754402 1.331831 0.063676 2.313505 2.300483 0.266657 -0.521943 -5.996022 -5.162932 -5.929299 -5.608431 -3.800415 -5.415630 -3.296844 -2.688021 -0.645030 -0.264370 -0.752964 -3.226939 -4.499799 -7.771620 -5.251339 -3.026917 -2.497169 -1.541111 -4.720926 -3.374771 -0.492566 0.994937 0.465098 -0.379245 -5.560517 -5.958511 -3.907593 -4.120634 -1.785256 -0.062429 1.195781 3.602140 4.777031 -9999.0 -9999.0
-9999.0 -9999.0 -9999.0 -9999.0 -9999.0 -9999.0 -9999.0 -9999.0 -4.304254 -3.505752 -3.299110 -4.635128 -4.527876 -4.050423 -1.076799 -0.937717 -0.005116 0.662577 4.704642 3.785115 5.231314 3.678104 3.068426 3.314328 1.853221 2.069959 -0.002866 -1.392633 -5.073942 -4.304332 -5.035211 -2.144943 -3.006064 -2.582402 -2.011317 -1.857418 -0.039718 1.078038 -0.018974 -1.377248 -3.356014 -4.894964 -3.218849 -3.674934 -2.327084 -3.290608 -6.034507 -4.218718 -3.121296 -0.002481 1.962264 -0.004433 -4.879045 -5.312476 -2.962645 -1.152806 -0.001413 1.078179 3.229853 3.782250 4.259419 -9999.0 -9999.0
-9999.0 -9999.0 -9999.0 -9999.0 -9999.0 -9999.0 -9999.0 -9999.0 -6.916190 -3.066473 -0.956105 -6.164283 -3.685418 -1.504354 -0.401406 -0.002894 3.200950 4.466210 2.204059 5.038231 4.638805 5.056149 3.781103 3.266411 2.764227 0.356348 -0.013683 -2.151925 -2.446174 -1.223586 -1.618026 -0.850084 -0.069834 -0.343764 -0.441191 -1.035971 -0.012236 2.843543 -0.001881 -0.226181 -2.676303 -2.375506 -2.386664 -3.787531 -3.997383 -4.793449 -3.221533 -4.064449 -3.937977 -1.828543 -0.002747 1.552202 -0.003136 -1.102363 -0.004540 0.316063 1.848583 3.466538 4.499254 4.030418 3.107869 1.804088 -9999.0
-9999.0 -9999.0 -9999.0 -9999.0 -9999.0 -9999.0 -9999.0 -9999.0 -6.848661 -3.425594 -2.032973 -1.718982 -0.543809 -0.081477 -0.013099 0.696012 0.709780 1.560971 -0.004623 1.812821 4.007611 4.365356 4.681620 4.372772 1.003448 -0.004777 -1.256366 -0.158103 -0.003745 -0.123206 -0.383982 -0.006021 0.635955 -0.002059 -0.003103 -0.002895 0.858757 4.806945 4.261500 0.489184 -0.002736 -0.004204 -0.009746 -0.060843 -1.754170 -1.714509 -0.580875 -0.165959 -0.677583 -0.003613 0.009287 0.946781 1.310214 0.400442 1.022039 1.328218 2.046730 2.821683 3.424651 3.067661 3.035685 1.233041 -9999.0
-9999.0 -9999.0 -3.882535 -3.311612 -4.287146 -2.633617 -3.931966 -3.580266 -5.165201 -4.199753 -1.970359 -0.231370 -0.085784 -0.059739 -0.001255 0.291562 -0.003674 -1.366835 -0.875227 -0.003416 1.710755 4.387843 3.484739 5.530619 2.388680 1.049580 -0.004597 -0.004224 1.339648 -0.001873 -0.003161 -0.003434 1.287034 2.067347 2.050135 3.395940 4.320431 7.252699 6.259854 3.364279 2.049998 2.059652 2.745262 0.830870 -0.003000 -0.003343 0.028785 0.805734 0.828146 1.818820 2.501238 2.329049 1.746349 1.299204 1.242482 1.359654 1.836080 2.216341 1.812290 2.407583 0.092243 0.499970 -9999.0
-9999.0 -0.945690 -1.243150 -1.677249 -2.487104 -2.155424 -3.924136 -3.982799 -4.989644 -5.279689 -3.031159 -0.997884 -0.032505 -0.196173 -0.001956 -0.411916 -1.914882 -2.975840 -1.450700 -0.003231 1.508800 3.042437 1.559657 3.482735 2.436910 2.065397 0.588201 0.931445 2.342342 1.331194 1.130669 1.140802 2.574836 3.411567 4.838146 6.025716 7.557287 10.364346 7.655187 6.152120 5.348111 5.173245 4.464508 3.588540 2.390309 2.764651 2.576915 4.849116 3.998182 4.780714 3.096036 2.345661 1.597919 0.872123 0.813208 0.371428 0.307056 0.645083 0.039305 -0.002453 -0.002801 0.294266 -9999.0
-9999.0 -0.667726 -1.254770 -0.341241 -0.484851 -1.857896 -2.684401 -4.509043 -5.498284 -5.604489 -3.583645 -1.384458 -0.003605 -0.001736 -0.114360 -3.514567 -3.787674 -3.296589 -0.504135 -0.022146 -0.002499 1.162721 1.967587 0.828921 1.627116 2.509985 4.869144 4.292356 3.715032 5.518615 5.881371 5.579698 4.318104 5.202297 5.852305 8.048105 9.510153 10.580741 10.275658 9.410210 8.606455 7.705933 6.624138 7.289008 7.361574 7.123912 5.207151 5.007960 4.515511 3.854357 2.262190 1.271617 0.399989 1.055057 0.299597 -0.017602 -0.192803 -0.034859 -0.012363 -0.081907 -0.007910 -9999.0 -9999.0
