user2019/resources/simulation/Vinschgau/output-maps/TsL0001N0697.asc
ncols         63
nrows         48
xllcorner     598000.000000
yllcorner     5145000.000000
cellsize      1000.000000
NODATA_value  -9999.0
[rows 0 to 28 of 48, columns 0 to 62 of 63]
-9999.0 -9999.0 -9999.0 -9999.0 -9999.0 -9999.0 -9999.0 -9999.0 -9999.0 -9999.0 -9999.0 -9999.0 -9999.0 -9999.0 -9999.0 -9999.0 -9999.0 -9999.0 -9999.0 -9999.0 -9999.0 -9999.0 -9999.0 -9999.0 -9999.0 -9999.0 -9999.0 -9999.0 -9999.0 -9999.0 -9999.0 -9999.0 -9999.0 -9999.0 -9999.0 -9999.0 -9999.0 -9999.0 -9999.0 -9999.0 -9999.0 -9999.0 -9999.0 -9999.0 -9999.0 -9999.0 -9999.0 -9999.0 -9999.0 -9999.0 -9999.0 -9999.0 -9999.0 -9999.0 -9999.0 -9999.0 -9999.0 -9999.0 -9999.0 -9999.0 -9999.0 -9999.0 -9999.0
-9999.0 -9999.0 -9999.0 -9999.0 -9999.0 -9999.0 -9999.0 -9999.0 -9999.0 -9999.0 -9999.0 -9999.0 -9999.0 -9999.0 -9999.0 -9999.0 -9999.0 -9999.0 -9999.0 -9999.0 -9999.0 -9999.0 -9999.0 -9999.0 -9999.0 -9999.0 -9999.0 3.328998 2.915787 2.507817 1.241678 0.189607 0.853362 -9999.0 -9999.0 -9999.0 -9999.0 -9999.0 -9999.0 -9999.0 -9999.0 -9999.0 -9999.0 -9999.0 -9999.0 -9999.0 -9999.0 -9999.0 -9999.0 -9999.0 -9999.0 -9999.0 -9999.0 -9999.0 -9999.0 -9999.0 -9999.0 -9999.0 -9999.0 -9999.0 -9999.0 -9999.0 -9999.0
-9999.0 -9999.0 -9999.0 -9999.0 -9999.0 -9999.0 -9999.0 -9999.0 -9999.0 -9999.0 -9999.0 -9999.0 -9999.0 -9999.0 -9999.0 -9999.0 -9999.0 -9999.0 -9999.0 -9999.0 -9999.0 -9999.0 -9999.0 -9999.0 3.332351 3.982029 3.600013 3.981788 3.454779 3.377261 1.569813 -9999.0 -9999.0 -9999.0 -9999.0 -9999.0 -9999.0 -9999.0 -9999.0 -9999.0 -9999.0 -9999.0 -9999.0 -9999.0 -9999.0 -9999.0 -9999.0 -9999.0 -9999.0 -9999.0 -9999.0 -9999.0 -9999.0 -9999.0 -9999.0 -9999.0 -9999.0 -9999.0 -9999.0 -9999.0 -9999.0 -9999.0 -9999.0
-9999.0 -9999.0 -9999.0 -9999.0 -9999.0 -9999.0 -9999.0 -9999.0 -9999.0 -9999.0 -9999.0 -9999.0 -9999.0 -9999.0 -9999.0 -9999.0 -9999.0 -9999.0 -9999.0 -9999.0 -9999.0 -9999.0 -9999.0 3.841414 4.816380 7.645929 7.220206 7.779230 6.518109 4.443211 2.776118 1.248072 -9999.0 -9999.0 -9999.0 -9999.0 -9999.0 -9999.0 -9999.0 -9999.0 -9999.0 -9999.0 -9999.0 -9999.0 -9999.0 -9999.0 -9999.0 -9999.0 -9999.0 -9999.0 -9999.0 -9999.0 -9999.0 -9999.0 -9999.0 -9999.0 -9999.0 -9999.0 -9999.0 -9999.0 -9999.0 -9999.0 -9999.0
-9999.0 -9999.0 -9999.0 -9999.0 -9999.0 -9999.0 -9999.0 -9999.0 -9999.0 -9999.0 -9999.0 -9999.0 -9999.0 -9999.0 -9999.0 -9999.0 -9999.0 -9999.0 6.750459 4.922197 -9999.0 3.754551 4.529163 7.888369 7.827060 9.002721 6.846977 6.875234 9.392662 7.428377 3.423980 2.062787 1.707529 2.024013 -9999.0 -9999.0 -9999.0 -9999.0 -9999.0 -9999.0 -9999.0 -9999.0 -9999.0 -9999.0 -9999.0 -9999.0 -9999.0 -9999.0 -9999.0 -9999.0 -9999.0 -9999.0 -9999.0 -9999.0 -9999.0 -9999.0 -9999.0 -9999.0 -9999.0 -9999.0 -9999.0 -9999.0 -9999.0
-9999.0 -9999.0 -9999.0 -9999.0 -9999.0 -9999.0 -9999.0 -9999.0 -9999.0 -9999.0 -9999.0 -9999.0 -9999.0 -9999.0 -9999.0 -9999.0 -9999.0 9.886362 8.209545 9.272974 6.458049 6.035230 7.281691 7.077037 9.074866 6.232475 4.581304 5.378602 4.656809 6.853154 4.753048 3.407185 3.388458 2.108614 0.439091 -0.001456 -9999.0 -9999.0 -9999.0 -9999.0 -9999.0 -9999.0 -9999.0 -9999.0 -9999.0 -9999.0 -9999.0 -9999.0 -9999.0 -9999.0 -9999.0 -9999.0 -9999.0 -9999.0 -9999.0 -9999.0 -9999.0 -9999.0 -9999.0 -9999.0 -9999.0 -9999.0 -9999.0
-9999.0 -9999.0 -9999.0 -9999.0 -9999.0 -9999.0 -9999.0 -9999.0 -9999.0 -9999.0 -9999.0 -9999.0 -9999.0 3.678544 7.304461 8.293033 10.193336 11.138415 9.579070 8.466641 8.044864 8.598757 9.113018 8.957903 5.618615 3.206618 5.310378 4.183566 5.364404 4.880082 5.539815 2.692191 2.007691 0.674241 0.771881 -0.001615 -9999.0 -9999.0 -9999.0 -9999.0 -9999.0 -9999.0 -9999.0 -9999.0 -9999.0 -9999.0 -9999.0 -9999.0 -9999.0 -9999.0 -9999.0 -9999.0 -9999.0 -9999.0 -9999.0 -9999.0 -9999.0 -9999.0 -9999.0 -9999.0 -9999.0 -9999.0 -9999.0
-9999.0 -9999.0 -9999.0 -9999.0 -9999.0 -9999.0 -9999.0 -9999.0 -9999.0 -9999.0 -9999.0 -9999.0 -9999.0 4.664031 8.099429 8.568789 9.014099 8.360113 11.501520 9.747502 9.269235 7.509554 7.681484 5.948770 6.221947 5.273666 3.322964 1.398820 0.191083 3.498475 4.454719 0.540208 -0.000327 -0.002948 -0.000670 -9999.0 -9999.0 -9999.0 -9999.0 -9999.0 -9999.0 -9999.0 -9999.0 -9999.0 -9999.0 -9999.0 -9999.0 -9999.0 -9999.0 -9999.0 -9999.0 -9999.0 -9999.0 -9999.0 -9999.0 -9999.0 -9999.0 -9999.0 -9999.0 -9999.0 -9999.0 -9999.0 -9999.0
-9999.0 -9999.0 -9999.0 -9999.0 -9999.0 -9999.0 -9999.0 -9999.0 -9999.0 -9999.0 -9999.0 -9999.0 -9999.0 8.026614 7.131815 8.872634 8.310588 9.600738 11.720855 10.178330 7.036580 8.706340 5.444290 5.718715 6.185150 5.774552 2.832880 0.146582 2.086591 -0.000979 0.222027 -0.001414 -2.321363 0.009153 -0.399354 -9999.0 -9999.0 -9999.0 -9999.0 -9999.0 -9999.0 -9999.0 -9999.0 -9999.0 -9999.0 -9999.0 -9999.0 -9999.0 -9999.0 -9999.0 -9999.0 -9999.0 -9999.0 -9999.0 -9999.0 -9999.0 -9999.0 -9999.0 -9999.0 -9999.0 -9999.0 -9999.0 -9999.0
-9999.0 -9999.0 -9999.0 -9999.0 -9999.0 -9999.0 -9999.0 -9999.0 -9999.0 -9999.0 -9999.0 -9999.0 5.662268 6.696649 6.710721 6.955544 6.309739 8.339121 9.163329 8.129688 7.615318 5.867941 5.056353 5.363257 5.797791 1.517521 4.516009 2.114230 2.997429 -0.000390 -0.578279 0.918252 1.515878 -0.002329 -9999.0 -9999.0 -9999.0 -9999.0 -9999.0 -9999.0 -9999.0 -9999.0 -9999.0 -9999.0 -9999.0 -9999.0 -9999.0 -9999.0 -9999.0 -9999.0 -9999.0 -9999.0 -9999.0 -9999.0 -9999.0 -9999.0 -9999.0 -9999.0 -9999.0 -9999.0 -9999.0 -9999.0 -9999.0
-9999.0 -9999.0 -9999.0 -9999.0 -9999.0 -9999.0 -9999.0 -9999.0 -9999.0 -9999.0 -9999.0 2.672851 4.603646 6.509777 4.309515 2.743929 5.432785 7.928688 9.430513 8.439736 6.248532 6.647053 3.189402 1.975779 5.064421 2.296819 -0.000658 2.140576 2.838968 -0.001208 0.565891 2.891350 1.690954 0.253926 0.545539 1.576036 2.604860 2.946977 3.652643 -9999.0 -9999.0 -9999.0 0.019528 -9999.0 -9999.0 -9999.0 -9999.0 -9999.0 -9999.0 -9999.0 -9999.0 -9999.0 -9999.0 -9999.0 -9999.0 -9999.0 -9999.0 -9999.0 -9999.0 -9999.0 -9999.0 -9999.0 -9999.0
-9999.0 -9999.0 -9999.0 -9999.0 -9999.0 -9999.0 -9999.0 -9999.0 -9999.0 -9999.0 -9999.0 2.659099 4.171131 5.239735 5.672035 1.870761 7.433265 8.305667 9.294504 8.254317 6.713730 5.464128 3.309793 3.446602 3.754459 1.923637 2.848722 3.041119 2.686768 -0.000727 2.294893 3.663801 2.321455 0.674730 0.765214 2.064743 3.806381 4.651025 3.196544 3.079575 3.375093 1.959225 2.284588 3.028592 -9999.0 -9999.0 -9999.0 -0.002124 0.078927 0.944081 1.223607 0.449312 0.128148 0.431193 0.312961 -0.000876 -9999.0 -9999.0 -9999.0 -9999.0 -9999.0 -9999.0 -9999.0
-9999.0 -9999.0 -9999.0 -9999.0 -9999.0 -9999.0 -9999.0 -9999.0 -9999.0 -9999.0 -9999.0 2.850071 2.197907 3.670231 3.245266 2.766032 4.039830 6.807265 8.255948 9.826933 6.982556 5.856377 5.021498 3.683741 1.490417 4.080222 4.479577 4.222161 1.319556 0.340566 0.621386 3.751454 3.422014 0.802281 0.822522 3.310125 4.937835 5.633361 6.135125 4.637917 4.482019 2.797506 3.384938 2.887489 1.958626 -9999.0 -0.006969 0.827482 2.249620 3.266558 3.734562 3.783868 3.241297 2.649216 2.492227 1.726197 -9999.0 -9999.0 -9999.0 -9999.0 -9999.0 -9999.0 -9999.0
-9999.0 -9999.0 -9999.0 -9999.0 -9999.0 -9999.0 -9999.0 -9999.0 -9999.0 -9999.0 -9999.0 -9999.0 2.322864 3.154580 4.714242 4.156366 5.735205 7.417502 7.903443 9.987025 6.928135 6.302764 6.056109 5.006239 3.865717 4.917424 5.362538 2.193944 1.588337 1.220680 2.214241 4.045340 3.095024 1.586965 0.054528 1.818588 4.128786 6.302387 7.986904 4.725192 4.427700 6.323949 5.000294 4.282492 3.408632 1.239028 0.620553 0.822235 3.098416 4.774061 6.251045 3.801232 4.828234 3.341828 2.784250 0.882525 1.292251 -9999.0 -9999.0 -9999.0 -9999.0 -9999.0 -9999.0
-9999.0 -9999.0 -9999.0 -9999.0 -9999.0 -9999.0 -9999.0 -9999.0 -9999.0 -9999.0 -9999.0 3.628663 1.492210 2.538993 3.620618 3.726932 5.587477 6.318747 7.559607 9.396796 7.312775 6.530827 5.947870 5.029288 5.116685 5.708218 4.748068 1.358953 2.565153 2.388912 4.369907 5.012603 4.340255 1.538552 -0.001435 1.533067 1.331623 5.272282 7.497601 6.683176 5.398149 6.916161 6.563858 5.600076 5.269071 2.718702 2.733364 2.464813 2.808029 6.078483 2.806360 0.316819 2.004777 1.284585 0.621322 -0.383329 1.339259 -9999.0 -9999.0 -9999.0 -9999.0 -9999.0 -9999.0
-9999.0 -9999.0 -9999.0 -9999.0 -9999.0 -9999.0 -9999.0 -9999.0 -9999.0 -9999.0 3.426864 4.369478 4.302267 3.685918 4.659579 5.866497 5.400773 6.101275 9.060455 9.341136 8.521170 7.251454 5.529726 6.029747 6.584827 5.739333 4.127052 3.962773 4.515134 4.802565 5.648075 5.049201 2.848652 1.052731 -0.000205 0.686064 2.979930 4.725008 6.189697 7.946775 8.172089 8.256018 7.574178 6.995209 6.029053 5.306025 2.613068 4.941699 5.758578 6.552812 2.642154 -0.000801 -0.000194 -0.121858 -1.078219 1.931683 2.277286 -9999.0 -9999.0 -9999.0 -9999.0 -9999.0 -9999.0
-9999.0 -9999.0 -9999.0 -9999.0 -9999.0 -9999.0 -9999.0 -9999.0 -9999.0 1.179771 2.464676 4.314999 5.368494 4.762142 4.958190 4.761773 4.593777 6.147087 8.785023 9.595928 8.960395 7.355798 7.239423 8.104637 6.821827 4.902735 4.351566 5.267487 6.201713 6.335866 7.391465 3.863653 0.339939 -0.001891 1.261657 0.713711 1.864011 3.655089 3.725916 4.942383 5.925484 5.592032 5.441223 8.126492 6.754674 6.442378 5.525424 5.485744 5.240035 7.312920 4.142007 1.054193 0.040347 -0.896350 -0.000686 2.678106 3.558212 2.291987 1.078521 -9999.0 -9999.0 -9999.0 -9999.0
-9999.0 -9999.0 -9999.0 -9999.0 -9999.0 -9999.0 -9999.0 -9999.0 -9999.0 1.644029 1.316009 2.394344 5.881357 6.425080 5.604897 4.918208 5.409453 7.317681 9.282866 10.611092 10.734836 10.449806 7.865192 6.705416 5.308259 5.246607 6.107412 6.947684 8.159914 5.931135 5.336751 3.668591 1.818344 0.759111 1.754941 4.051446 3.989599 4.260633 1.464693 2.903764 3.839280 3.415023 5.503973 6.938063 8.550085 9.182516 8.945099 7.729879 6.810841 7.171094 3.032185 1.627032 -0.002015 -0.002501 0.149820 1.816450 3.546917 4.518908 4.059990 -9999.0 -9999.0 -9999.0 -9999.0
-9999.0 -9999.0 -9999.0 -9999.0 -9999.0 -9999.0 -9999.0 -9999.0 -9999.0 -9999.0 1.814106 2.739880 4.908515 6.317796 6.897018 5.992202 6.417596 8.163425 9.190362 10.786521 9.169279 8.713559 6.831381 6.151004 5.490994 6.867459 7.897099 8.791384 5.552361 4.342283 3.799909 4.457750 1.782026 0.234887 2.718816 3.827034 4.601458 3.871790 3.942956 0.107837 -0.001057 3.782677 4.350894 4.937981 5.546877 6.073848 6.497540 7.415815 9.549382 6.763833 3.843553 3.779887 0.440333 -0.001282 -0.279257 0.243356 1.784672 6.205050 6.570077 7.065705 -9999.0 -9999.0 -9999.0
-9999.0 -9999.0 -9999.0 -9999.0 -9999.0 -9999.0 -9999.0 -9999.0 -9999.0 -9999.0 1.245323 2.007926 2.401381 5.398107 8.902873 6.953444 6.806586 8.500306 9.643698 11.230812 9.697804 8.029074 6.891758 6.639818 6.843935 8.273411 9.397355 6.645227 4.686028 2.513584 0.995167 2.589213 2.864234 -0.001205 0.573060 2.234028 5.279142 4.773061 3.126053 0.043209 1.492389 3.272479 3.708281 1.357747 2.629005 4.857175 4.915400 5.596293 7.635105 9.203539 6.816949 4.190201 2.842818 0.928037 -0.001569 0.018007 -0.001224 4.801980 7.909897 8.841718 -9999.0 -9999.0 -9999.0
-9999.0 -9999.0 -9999.0 -9999.0 -9999.0 -9999.0 -9999.0 -9999.0 3.480692 3.579334 2.305566 2.204587 4.301316 4.635854 5.375162 8.332100 8.863822 10.803965 11.378843 11.565555 11.193589 9.926159 9.273190 8.032086 8.263365 9.021460 7.813779 5.189068 4.268382 2.710773 -0.001195 0.942483 1.446837 0.763379 1.403434 -0.000685 3.634154 4.977097 2.572744 2.691733 0.721329 1.817570 2.076216 -0.000448 4.379624 3.636703 3.248457 4.063542 5.823844 8.897288 7.066250 4.984413 3.647672 1.329446 0.499419 2.745022 2.506252 5.691095 8.199848 9.448345 -9999.0 -9999.0 -9999.0
-9999.0 -9999.0 -9999.0 -9999.0 -9999.0 -9999.0 -9999.0 -9999.0 3.884933 4.535755 3.779931 0.938378 1.911510 4.920247 5.162052 6.894580 7.834116 8.403958 10.737767 11.913974 12.185437 12.600094 11.600063 10.600644 9.612465 9.809226 7.422352 5.662622 3.295889 2.236787 1.612592 3.580963 2.009886 2.384767 1.854951 2.207264 4.558543 5.581870 3.770931 1.870332 -0.000423 -0.210396 -0.000576 2.134379 3.887231 3.582725 2.461411 1.543228 4.742058 7.263714 9.064715 5.945043 3.286172 1.934534 4.019042 5.444494 6.247462 7.378683 9.854401 11.058588 12.314523 -9999.0 -9999.0
-9999.0 -9999.0 -9999.0 -9999.0 -9999.0 -9999.0 -9999.0 -9999.0 1.008183 3.437258 5.633469 3.153470 3.304384 4.237004 5.694358 5.509123 7.270533 9.094022 11.119711 11.417581 12.386817 12.561133 12.669433 11.406225 11.915393 8.623794 6.996796 5.087695 4.413953 2.771835 3.755821 3.684262 3.230067 3.260741 2.536877 4.439270 4.167732 6.323445 3.653746 2.983737 0.981341 0.273743 1.369238 1.832787 2.672234 1.485217 3.261380 2.494438 3.259856 4.912775 9.282234 7.564748 4.367721 4.038036 6.640653 7.358858 8.501216 9.388034 10.760480 11.226577 12.206099 -9999.0 -9999.0
-9999.0 -9999.0 -9999.0 -9999.0 -9999.0 -9999.0 -9999.0 -9999.0 -0.000625 2.798336 5.435585 4.713900 3.581225 4.761412 5.769251 7.450885 9.648059 10.873996 9.204017 11.430018 11.707225 12.224429 12.390327 11.718421 9.646467 7.841655 6.123586 4.573747 5.189888 5.332293 5.174416 4.854799 5.652205 5.644123 3.852652 3.482957 4.676654 6.773041 4.132138 3.472401 2.267864 2.399676 2.264163 4.684720 2.503954 3.684769 3.471639 2.847900 3.539261 5.561390 6.953660 9.307368 8.093982 7.505791 8.492049 9.128673 10.104531 10.211384 11.601667 12.086459 10.204160 8.254935 -9999.0
-9999.0 -9999.0 -9999.0 -9999.0 -9999.0 -9999.0 -9999.0 -9999.0 0.989285 2.580236 5.149283 5.104125 5.579850 6.096129 7.786939 8.820527 8.510793 8.658748 7.462371 8.753100 10.572144 11.740279 11.840321 11.657465 10.403513 7.170290 5.258812 6.445136 7.290640 6.725603 5.096137 5.933158 7.327712 5.995131 5.252755 5.531964 6.248640 7.489919 6.373964 5.355323 5.102303 4.618819 5.305740 5.480326 4.056112 4.439063 5.263964 5.794423 5.944939 7.722510 9.005906 8.722908 9.395978 10.080872 9.901995 10.110862 11.164661 11.454883 10.765215 10.129898 9.126744 6.526918 -9999.0
-9999.0 -9999.0 3.523938 3.336355 3.600641 4.403474 4.330800 3.512521 1.968808 2.007162 4.493101 6.324557 6.260440 7.626335 10.278527 8.670421 6.749926 5.059778 5.148672 7.023180 8.626721 9.883788 11.605438 11.885263 10.366598 8.218136 6.968718 6.979240 7.584440 7.750290 5.862411 5.586153 7.915369 6.361433 7.299671 6.558640 8.526980 8.390645 6.968162 5.743689 7.068811 6.945377 6.413784 6.716425 5.161880 6.284785 7.114831 6.623099 8.296871 9.335219 10.100985 11.220669 11.065540 10.831391 10.562869 10.499690 9.864613 9.861256 9.202438 8.753100 7.743055 6.142888 -9999.0
-9999.0 5.174889 4.581608 4.733636 4.598115 4.667910 4.093390 2.801467 2.252550 1.181230 3.855974 5.272007 7.213085 8.357670 8.713550 5.696384 4.504762 4.202856 5.223020 6.749330 8.410785 8.874826 9.962386 10.430360 10.959319 10.120710 10.191544 10.572585 9.471147 8.554896 8.933918 8.393226 8.276102 9.341812 8.959561 9.835913 9.753877 9.886139 9.696651 9.664686 9.459571 9.067665 8.959314 7.691886 7.279098 7.952035 9.589803 9.099569 10.512479 10.108752 11.065349 10.742093 9.569800 9.282629 9.222322 8.609411 7.667564 7.727740 7.812474 6.594690 7.172544 7.582452 -9999.0
-9999.0 3.744250 5.605479 5.759935 7.314923 5.539558 3.862941 3.508071 2.926112 2.868267 4.308200 5.538719 7.200956 8.713633 6.161369 4.231929 3.295771 4.179151 5.737470 6.252048 6.662631 7.541920 8.092177 8.875449 10.170739 10.612890 11.317598 11.324929 11.317819 9.555744 10.915066 10.105922 9.642733 9.737803 10.259391 10.589259 10.774753 12.708268 11.279458 11.663991 10.972112 10.821849 10.355144 10.535335 11.366082 10.987537 12.080609 12.192955 11.333713 11.257146 9.244149 7.929562 7.522661 8.286472 7.664335 6.389831 6.612401 5.910025 6.178398 5.965716 6.208655 -9999.0 -9999.0
-9999.0 2.556462 5.035020 5.782159 7.132508 6.663074 7.151647 4.501930 4.644065 4.590880 5.435824 6.584919 8.713043 6.908421 4.976784 3.625746 3.117670 3.843609 4.139422 5.702723 5.737167 6.068640 7.706115 8.828141 9.530916 10.242591 10.652878 10.840224 10.953823 10.989641 11.020195 11.448712 11.342789 10.085658 11.258313 11.275856 11.498137 11.449915 11.750332 11.933966 12.087910 11.979716 11.973005 12.075434 12.013302 11.807297 10.165262 9.843256 8.953331 8.313817 7.106336 5.651767 6.121361 7.197101 5.811585 4.973155 4.855174 4.465664 4.808385 -9999.0 -9999.0 -9999.0 -9999.0
