user2019/resources/simulation/Vinschgau/output-maps/TsL0004N0398.asc
ncols         63
nrows         48
xllcorner     598000.000000
yllcorner     5145000.000000
cellsize      1000.000000
NODATA_value  -9999.0
[rows 0 to 27 of 48, columns 0 to 62 of 63]
-9999.0 -9999.0 -9999.0 -9999.0 -9999.0 -9999.0 -9999.0 -9999.0 -9999.0 -9999.0 -9999.0 -9999.0 -9999.0 -9999.0 -9999.0 -9999.0 -9999.0 -9999.0 -9999.0 -9999.0 -9999.0 -9999.0 -9999.0 -9999.0 -9999.0 -9999.0 -9999.0 -9999.0 -9999.0 -9999.0 -9999.0 -9999.0 -9999.0 -9999.0 -9999.0 -9999.0 -9999.0 -9999.0 -9999.0 -9999.0 -9999.0 -9999.0 -9999.0 -9999.0 -9999.0 -9999.0 -9999.0 -9999.0 -9999.0 -9999.0 -9999.0 -9999.0 -9999.0 -9999.0 -9999.0 -9999.0 -9999.0 -9999.0 -9999.0 -9999.0 -9999.0 -9999.0 -9999.0
-9999.0 -9999.0 -9999.0 -9999.0 -9999.0 -9999.0 -9999.0 -9999.0 -9999.0 -9999.0 -9999.0 -9999.0 -9999.0 -9999.0 -9999.0 -9999.0 -9999.0 -9999.0 -9999.0 -9999.0 -9999.0 -9999.0 -9999.0 -9999.0 -9999.0 -9999.0 -9999.0 7.843949 6.341912 5.905536 -1.290791 -1.739850 -1.482507 -9999.0 -9999.0 -9999.0 -9999.0 -9999.0 -9999.0 -9999.0 -9999.0 -9999.0 -9999.0 -9999.0 -9999.0 -9999.0 -9999.0 -9999.0 -9999.0 -9999.0 -9999.0 -9999.0 -9999.0 -9999.0 -9999.0 -9999.0 -9999.0 -9999.0 -9999.0 -9999.0 -9999.0 -9999.0 -9999.0
-9999.0 -9999.0 -9999.0 -9999.0 -9999.0 -9999.0 -9999.0 -9999.0 -9999.0 -9999.0 -9999.0 -9999.0 -9999.0 -9999.0 -9999.0 -9999.0 -9999.0 -9999.0 -9999.0 -9999.0 -9999.0 -9999.0 -9999.0 -9999.0 7.186201 8.705292 8.529351 7.583624 6.785658 6.159079 -1.399206 -9999.0 -9999.0 -9999.0 -9999.0 -9999.0 -9999.0 -9999.0 -9999.0 -9999.0 -9999.0 -9999.0 -9999.0 -9999.0 -9999.0 -9999.0 -9999.0 -9999.0 -9999.0 -9999.0 -9999.0 -9999.0 -9999.0 -9999.0 -9999.0 -9999.0 -9999.0 -9999.0 -9999.0 -9999.0 -9999.0 -9999.0 -9999.0
-9999.0 -9999.0 -9999.0 -9999.0 -9999.0 -9999.0 -9999.0 -9999.0 -9999.0 -9999.0 -9999.0 -9999.0 -9999.0 -9999.0 -9999.0 -9999.0 -9999.0 -9999.0 -9999.0 -9999.0 -9999.0 -9999.0 -9999.0 7.714708 8.789253 5.359184 5.512330 6.117606 3.186761 7.905178 4.614936 -0.675845 -9999.0 -9999.0 -9999.0 -9999.0 -9999.0 -9999.0 -9999.0 -9999.0 -9999.0 -9999.0 -9999.0 -9999.0 -9999.0 -9999.0 -9999.0 -9999.0 -9999.0 -9999.0 -9999.0 -9999.0 -9999.0 -9999.0 -9999.0 -9999.0 -9999.0 -9999.0 -9999.0 -9999.0 -9999.0 -9999.0 -9999.0
-9999.0 -9999.0 -9999.0 -9999.0 -9999.0 -9999.0 -9999.0 -9999.0 -9999.0 -9999.0 -9999.0 -9999.0 -9999.0 -9999.0 -9999.0 -9999.0 -9999.0 -9999.0 10.273283 8.652346 -9999.0 7.300353 8.496477 5.785400 5.303539 6.809708 7.196039 7.268655 6.331855 4.897778 6.127587 4.445863 4.688305 1.139741 -9999.0 -9999.0 -9999.0 -9999.0 -9999.0 -9999.0 -9999.0 -9999.0 -9999.0 -9999.0 -9999.0 -9999.0 -9999.0 -9999.0 -9999.0 -9999.0 -9999.0 -9999.0 -9999.0 -9999.0 -9999.0 -9999.0 -9999.0 -9999.0 -9999.0 -9999.0 -9999.0 -9999.0 -9999.0
-9999.0 -9999.0 -9999.0 -9999.0 -9999.0 -9999.0 -9999.0 -9999.0 -9999.0 -9999.0 -9999.0 -9999.0 -9999.0 -9999.0 -9999.0 -9999.0 -9999.0 5.689178 4.741648 9.139533 9.744937 2.109257 4.125687 4.459358 9.080743 0.000255 -0.018158 0.683370 -0.004002 3.016924 7.468291 5.922320 7.394567 4.743676 -2.110247 -1.858235 -9999.0 -9999.0 -9999.0 -9999.0 -9999.0 -9999.0 -9999.0 -9999.0 -9999.0 -9999.0 -9999.0 -9999.0 -9999.0 -9999.0 -9999.0 -9999.0 -9999.0 -9999.0 -9999.0 -9999.0 -9999.0 -9999.0 -9999.0 -9999.0 -9999.0 -9999.0 -9999.0
-9999.0 -9999.0 -9999.0 -9999.0 -9999.0 -9999.0 -9999.0 -9999.0 -9999.0 -9999.0 -9999.0 -9999.0 -9999.0 6.269239 3.277260 2.714607 4.472102 16.322258 5.249940 7.140090 5.886968 6.380330 8.507680 8.874559 1.035463 4.236540 -0.914188 -0.004169 -0.973225 -0.004241 1.851093 0.865483 -0.004285 -2.125167 -2.625985 -2.207093 -9999.0 -9999.0 -9999.0 -9999.0 -9999.0 -9999.0 -9999.0 -9999.0 -9999.0 -9999.0 -9999.0 -9999.0 -9999.0 -9999.0 -9999.0 -9999.0 -9999.0 -9999.0 -9999.0 -9999.0 -9999.0 -9999.0 -9999.0 -9999.0 -9999.0 -9999.0 -9999.0
-9999.0 -9999.0 -9999.0 -9999.0 -9999.0 -9999.0 -9999.0 -9999.0 -9999.0 -9999.0 -9999.0 -9999.0 -9999.0 6.598552 4.189142 2.900004 3.042520 11.470406 16.836901 8.619913 5.965789 8.234885 3.483424 1.549425 2.904828 2.104077 6.602656 -1.276514 -1.500837 -1.213591 -0.379108 -1.774994 -1.898271 -0.805842 -1.979114 -9999.0 -9999.0 -9999.0 -9999.0 -9999.0 -9999.0 -9999.0 -9999.0 -9999.0 -9999.0 -9999.0 -9999.0 -9999.0 -9999.0 -9999.0 -9999.0 -9999.0 -9999.0 -9999.0 -9999.0 -9999.0 -9999.0 -9999.0 -9999.0 -9999.0 -9999.0 -9999.0 -9999.0
-9999.0 -9999.0 -9999.0 -9999.0 -9999.0 -9999.0 -9999.0 -9999.0 -9999.0 -9999.0 -9999.0 -9999.0 -9999.0 4.029267 6.075905 3.547055 0.812960 3.456974 16.396935 5.258984 9.513555 3.106896 0.906650 -0.001869 4.660631 3.699420 7.193557 -1.522972 5.984133 -0.156310 -1.989399 -0.388034 -0.235888 -4.511801 -1.402159 -9999.0 -9999.0 -9999.0 -9999.0 -9999.0 -9999.0 -9999.0 -9999.0 -9999.0 -9999.0 -9999.0 -9999.0 -9999.0 -9999.0 -9999.0 -9999.0 -9999.0 -9999.0 -9999.0 -9999.0 -9999.0 -9999.0 -9999.0 -9999.0 -9999.0 -9999.0 -9999.0 -9999.0
-9999.0 -9999.0 -9999.0 -9999.0 -9999.0 -9999.0 -9999.0 -9999.0 -9999.0 -9999.0 -9999.0 -9999.0 3.565324 5.317041 1.655094 1.819172 -0.004497 1.787984 12.347774 9.568833 4.174256 -0.297124 1.749319 -0.240376 2.454470 -1.192703 -0.292863 3.924085 5.606926 -1.742342 -0.087999 4.414408 3.062776 -3.501353 -9999.0 -9999.0 -9999.0 -9999.0 -9999.0 -9999.0 -9999.0 -9999.0 -9999.0 -9999.0 -9999.0 -9999.0 -9999.0 -9999.0 -9999.0 -9999.0 -9999.0 -9999.0 -9999.0 -9999.0 -9999.0 -9999.0 -9999.0 -9999.0 -9999.0 -9999.0 -9999.0 -9999.0 -9999.0
-9999.0 -9999.0 -9999.0 -9999.0 -9999.0 -9999.0 -9999.0 -9999.0 -9999.0 -9999.0 -9999.0 0.293606 0.131584 0.305193 -0.001648 -1.489251 -0.148466 -0.000047 11.156713 5.395487 2.739205 3.052748 6.049676 -1.028052 2.550433 4.790378 -0.585864 5.437338 5.346491 -1.180987 3.115007 5.265100 4.559995 1.225963 2.934171 2.916669 9.179036 9.917570 10.797502 -9999.0 -9999.0 -9999.0 2.550900 -9999.0 -9999.0 -9999.0 -9999.0 -9999.0 -9999.0 -9999.0 -9999.0 -9999.0 -9999.0 -9999.0 -9999.0 -9999.0 -9999.0 -9999.0 -9999.0 -9999.0 -9999.0 -9999.0 -9999.0
-9999.0 -9999.0 -9999.0 -9999.0 -9999.0 -9999.0 -9999.0 -9999.0 -9999.0 -9999.0 -9999.0 -0.003479 -0.001853 1.231768 0.669597 -1.899675 3.197044 2.672517 11.753927 9.204928 10.430288 8.907659 7.178217 -0.001014 -0.001856 2.882098 6.582115 6.604178 6.593886 -2.361257 4.914428 6.041093 3.897496 -0.001911 3.640397 1.272776 7.005770 11.626843 11.102233 9.965046 9.702856 6.071208 1.126519 6.290977 -9999.0 -9999.0 -9999.0 -2.012273 -2.328581 -1.376599 -0.004167 -1.819376 -1.155479 -0.029420 -0.010972 -0.012864 -9999.0 -9999.0 -9999.0 -9999.0 -9999.0 -9999.0 -9999.0
-9999.0 -9999.0 -9999.0 -9999.0 -9999.0 -9999.0 -9999.0 -9999.0 -9999.0 -9999.0 -9999.0 4.087054 -1.714753 -0.000727 1.883367 4.841907 -0.001575 -0.000895 8.087854 9.913156 2.790975 3.167191 2.003831 6.133917 -0.881403 8.606914 2.376378 0.842873 -0.755821 -1.880688 -1.521178 -0.000810 5.789233 4.175524 7.021502 4.690974 -0.001795 4.766713 13.591986 10.072084 9.778889 6.691516 4.920005 4.991553 4.013142 -9999.0 -0.668013 -1.363779 4.863150 6.846484 7.462413 8.904612 7.378057 7.290536 6.739793 -0.722507 -9999.0 -9999.0 -9999.0 -9999.0 -9999.0 -9999.0 -9999.0
-9999.0 -9999.0 -9999.0 -9999.0 -9999.0 -9999.0 -9999.0 -9999.0 -9999.0 -9999.0 -9999.0 -9999.0 -1.411298 -0.004725 6.452192 6.218963 -0.029238 0.069745 11.043489 10.199632 3.559488 4.121978 3.896372 2.822111 -0.001192 2.626264 8.452699 3.890030 4.064230 5.929099 5.258883 -0.000772 5.778728 3.446954 -0.014072 2.785870 -0.004967 4.056197 16.088567 10.813599 12.142430 12.402094 0.105672 6.820010 7.566540 4.687684 3.073454 -1.509015 -0.000883 1.615172 3.264008 -0.126749 1.895088 -0.243687 -0.006291 -0.005845 -0.013376 -9999.0 -9999.0 -9999.0 -9999.0 -9999.0 -9999.0
-9999.0 -9999.0 -9999.0 -9999.0 -9999.0 -9999.0 -9999.0 -9999.0 -9999.0 -9999.0 -9999.0 -0.000850 -0.717227 -0.904210 -0.000420 -0.000424 0.480047 1.038996 12.221591 5.081616 4.311760 3.572544 3.864706 2.828359 3.075022 3.316497 1.656285 -0.967733 7.000612 7.677342 0.659607 1.535982 7.236282 3.605122 -3.348006 2.549774 5.459455 0.121202 1.964022 15.841765 5.401520 6.529812 3.185206 2.277747 8.488538 5.451014 5.333717 7.536609 8.262761 3.988364 -0.731554 -0.008426 -0.007041 -0.020225 -0.019033 -0.025057 -0.291411 -9999.0 -9999.0 -9999.0 -9999.0 -9999.0 -9999.0
-9999.0 -9999.0 -9999.0 -9999.0 -9999.0 -9999.0 -9999.0 -9999.0 -9999.0 -9999.0 5.620258 0.481299 6.651910 7.026281 6.661763 1.694156 1.246566 1.812663 4.880809 5.682839 10.734799 8.964520 3.004491 11.592519 4.981165 3.094832 2.036144 0.140302 9.199915 9.207831 2.906097 1.820516 5.566014 2.326352 -3.404056 2.952736 7.470082 -0.005522 -0.460778 4.383407 5.181847 6.705286 13.247579 1.902167 2.527261 9.451251 5.547044 1.463059 2.933290 4.155158 -0.135278 -0.018988 -0.020343 -0.021523 -0.019254 5.928099 5.775530 -9999.0 -9999.0 -9999.0 -9999.0 -9999.0 -9999.0
-9999.0 -9999.0 -9999.0 -9999.0 -9999.0 -9999.0 -9999.0 -9999.0 -9999.0 -1.175013 2.836426 -0.000049 1.727319 0.085627 0.744319 1.793021 -0.005689 9.394197 5.725854 6.530232 11.753254 5.703664 5.203365 6.652179 4.908922 2.621877 2.739719 9.968647 4.227835 4.853141 5.241604 -0.004897 -1.430131 -1.389736 3.157044 3.875456 4.071773 -0.004078 -0.005337 0.151320 0.279651 0.182833 0.903170 4.156818 3.595944 3.567293 10.257838 5.376463 3.825669 4.442278 1.907252 -0.842044 -0.024851 -0.016141 -0.154020 -0.002904 1.506126 8.290765 -0.724106 -9999.0 -9999.0 -9999.0 -9999.0
-9999.0 -9999.0 -9999.0 -9999.0 -9999.0 -9999.0 -9999.0 -9999.0 -9999.0 -1.110001 -1.086386 4.717450 8.937898 3.329190 2.899832 1.901164 8.899812 5.181838 6.969543 16.175061 15.203413 15.359119 10.064424 9.272045 3.043196 4.019503 4.433658 5.426897 6.631287 7.274059 6.556184 -0.007261 4.321048 2.919282 4.726856 10.075331 9.963749 10.559277 4.157649 5.469680 -0.001367 -0.344240 2.270129 3.894007 4.213169 6.161122 6.713871 6.833346 5.892013 5.414026 1.010318 -0.000672 -0.015472 -0.005783 -0.016969 -0.007768 2.198436 3.573402 10.080455 -9999.0 -9999.0 -9999.0 -9999.0
-9999.0 -9999.0 -9999.0 -9999.0 -9999.0 -9999.0 -9999.0 -9999.0 -9999.0 -9999.0 -1.059587 6.401190 2.175353 2.403637 5.006141 3.568700 4.066569 6.758371 8.127309 9.881887 12.777095 6.535004 4.169855 3.517302 4.077328 5.344655 6.678458 7.493766 7.478321 1.155860 -0.006092 1.151533 -0.990649 -1.342583 6.474435 7.604815 10.546711 8.691287 8.176815 -1.475019 -1.631495 8.227489 7.351942 0.584838 1.046739 2.729100 2.971535 8.722940 7.938851 5.416689 1.998737 2.688340 5.238000 -0.015705 -0.006848 -0.005780 -0.167076 4.285157 4.721028 5.903810 -9999.0 -9999.0 -9999.0
-9999.0 -9999.0 -9999.0 -9999.0 -9999.0 -9999.0 -9999.0 -9999.0 -9999.0 -9999.0 -0.981092 5.017068 6.020585 3.196791 10.343537 4.188624 4.612271 6.284686 9.671825 11.525226 8.214585 6.119527 4.422073 5.610833 5.365722 8.145261 8.351417 4.541952 2.397286 -0.720328 -0.701745 6.900957 0.002191 -1.717950 -1.133760 4.158397 2.146230 2.485225 0.010406 -1.946887 4.656003 7.433313 -0.001333 -0.857948 4.327932 0.015107 2.867799 2.797804 5.520759 8.430068 6.224779 3.204898 2.407675 7.743764 -0.431577 -0.718728 -0.006743 4.052282 7.666499 8.849218 -9999.0 -9999.0 -9999.0
-9999.0 -9999.0 -9999.0 -9999.0 -9999.0 -9999.0 -9999.0 -9999.0 8.479797 7.442338 6.707861 5.585334 1.602562 2.480236 2.461445 5.126075 7.174240 16.347164 12.738081 12.477699 10.391768 8.719830 7.336317 5.373599 7.175172 8.358723 10.309393 3.233222 2.657540 -0.000296 -0.109699 -0.692924 5.339634 -1.107283 5.476269 -0.538254 6.842403 2.206917 -0.639267 6.814632 -1.053032 1.797336 -1.097056 -0.199082 8.808016 7.284087 -0.300837 1.811820 3.721179 7.035613 6.917395 4.544161 3.494339 -0.001980 9.307345 9.381373 10.241624 11.255283 8.828535 9.498220 -9999.0 -9999.0 -9999.0
-9999.0 -9999.0 -9999.0 -9999.0 -9999.0 -9999.0 -9999.0 -9999.0 1.829411 2.383045 0.536445 -0.598664 -0.657992 2.844754 2.902349 4.292039 5.933457 6.744873 10.485072 13.204130 21.470985 18.963392 16.873828 15.224805 8.337268 8.418017 5.405813 3.946092 2.503032 7.010314 5.526284 9.659909 6.126249 6.609733 6.202632 6.304196 8.777664 3.239075 0.590710 5.672311 -1.138859 -0.064177 -0.888595 6.370748 8.376167 -0.002123 -0.815271 -0.003330 3.745556 6.339613 9.442412 5.864594 3.744817 9.450785 11.188187 6.301335 5.614260 7.732947 10.836619 12.479989 13.985759 -9999.0 -9999.0
-9999.0 -9999.0 -9999.0 -9999.0 -9999.0 -9999.0 -9999.0 -9999.0 -0.762284 7.581856 6.362130 0.425305 7.904394 1.816025 3.322515 3.822908 5.878078 9.055116 11.145822 20.482547 13.831289 19.486929 19.329054 12.734676 15.392084 7.832725 5.544872 3.260549 3.333904 8.753493 9.903911 8.547055 0.544887 0.768580 7.012393 9.121790 2.610511 4.275456 -0.000373 0.066910 2.280497 -0.634444 5.406728 4.351511 -0.316767 -0.456536 9.514828 8.719178 1.648617 5.133319 8.991212 8.810896 5.559944 5.501008 8.804180 7.943863 10.301609 10.766365 12.555542 12.442002 12.992754 -9999.0 -9999.0
-9999.0 -9999.0 -9999.0 -9999.0 -9999.0 -9999.0 -9999.0 -9999.0 -0.840125 6.955792 2.773485 2.726724 8.707485 3.127993 3.557489 5.918120 9.183186 9.412350 11.180201 10.696195 12.769680 13.586938 19.053018 18.237243 8.473151 6.100838 4.420002 2.924239 11.141583 3.708046 3.259223 3.165586 4.201835 3.849713 2.284212 10.740106 11.049189 5.167227 2.257350 1.672064 6.803898 6.468974 7.174297 11.784623 8.081574 10.823423 9.022796 12.077295 10.729490 5.086099 7.237009 10.737096 10.426762 8.135788 11.486242 12.006429 12.501613 11.118120 11.987763 12.769565 11.114676 8.470916 -9999.0
-9999.0 -9999.0 -9999.0 -9999.0 -9999.0 -9999.0 -9999.0 -9999.0 2.971296 6.998350 3.079434 2.863938 3.728189 4.227488 10.998961 8.948421 9.690076 6.874823 5.188233 7.324704 9.698069 12.395780 13.343390 12.851160 15.986806 5.977166 3.974752 5.630284 6.561039 5.358626 3.132703 4.331938 6.379956 4.572458 3.528842 4.269450 4.689052 6.534034 5.497489 3.730974 3.272962 3.276821 3.978997 3.996718 2.468229 9.941110 4.193889 4.966256 5.166165 8.527072 11.373948 11.415785 11.954756 13.688640 13.457209 12.994557 13.532510 13.111044 11.618457 11.283025 9.109055 7.380872 -9999.0
-9999.0 -9999.0 7.856925 9.058357 1.288835 2.881797 2.416775 1.367066 6.667269 6.915746 3.055008 4.158462 4.964086 7.366704 13.315115 6.596679 4.987614 3.346117 4.188747 5.166327 7.825028 9.699493 11.309790 11.929593 10.270371 8.000899 6.122493 6.145832 7.005216 11.398941 4.546796 4.138212 10.211153 4.718862 7.173849 5.818652 8.696476 8.037690 6.671061 4.259816 6.327398 6.741105 5.017345 6.560636 3.559475 5.196250 7.175482 5.150516 9.334322 11.219977 12.996990 13.230094 13.652155 13.882966 13.824418 19.868998 11.921381 11.439332 10.278447 8.853684 11.220483 5.839090 -9999.0
-9999.0 3.508979 2.929975 2.859595 2.990137 2.659042 1.896689 -0.002321 -0.003056 6.360080 2.543921 3.212017 5.589437 11.462202 11.570192 3.871706 3.090148 2.997566 4.228848 5.928061 8.565240 8.625700 13.511249 10.325159 18.543357 12.671863 16.863288 16.124495 9.912901 8.212289 9.083271 8.284876 7.666663 12.032668 9.664654 10.350679 11.327007 10.497919 10.415714 9.624595 9.825826 9.356328 8.416564 6.745795 6.517634 7.168686 8.042297 9.372236 11.835235 9.954649 12.286469 12.512700 11.610070 11.264700 11.059738 11.159707 9.201538 8.503378 8.415970 8.211740 4.913572 5.059194 -9999.0
-9999.0 7.532192 3.398721 3.681380 9.371974 3.337575 0.657702 0.929770 8.393527 7.994028 2.843822 3.800544 6.131538 11.817840 5.179604 2.441492 1.908870 3.541752 4.389664 5.467114 10.285867 8.036348 8.605748 9.995196 18.184226 21.257153 12.811342 13.851870 11.272967 10.372221 12.358681 11.337514 8.932400 8.667636 13.222174 11.198464 20.009598 21.525043 12.863640 13.086373 12.009151 10.531531 10.040457 10.429913 12.492851 12.743137 11.492556 11.815302 11.562534 11.780542 10.086039 8.628213 8.716406 10.090092 9.755683 7.737156 7.536395 5.953763 4.706900 4.343039 4.417736 -9999.0 -9999.0
