user2019/resources/simulation/Vinschgau/output-maps/TsL0002N1350.asc
ncols         63
nrows         48
xllcorner     598000.000000
yllcorner     5145000.000000
cellsize      1000.000000
NODATA_value  -9999.0
[rows 0 to 27 of 48, columns 0 to 62 of 63]
-9999.0 -9999.0 -9999.0 -9999.0 -9999.0 -9999.0 -9999.0 -9999.0 -9999.0 -9999.0 -9999.0 -9999.0 -9999.0 -9999.0 -9999.0 -9999.0 -9999.0 -9999.0 -9999.0 -9999.0 -9999.0 -9999.0 -9999.0 -9999.0 -9999.0 -9999.0 -9999.0 -9999.0 -9999.0 -9999.0 -9999.0 -9999.0 -9999.0 -9999.0 -9999.0 -9999.0 -9999.0 -9999.0 -9999.0 -9999.0 -9999.0 -9999.0 -9999.0 -9999.0 -9999.0 -9999.0 -9999.0 -9999.0 -9999.0 -9999.0 -9999.0 -9999.0 -9999.0 -9999.0 -9999.0 -9999.0 -9999.0 -9999.0 -9999.0 -9999.0 -9999.0 -9999.0 -9999.0
-9999.0 -9999.0 -9999.0 -9999.0 -9999.0 -9999.0 -9999.0 -9999.0 -9999.0 -9999.0 -9999.0 -9999.0 -9999.0 -9999.0 -9999.0 -9999.0 -9999.0 -9999.0 -9999.0 -9999.0 -9999.0 -9999.0 -9999.0 -9999.0 -9999.0 -9999.0 -9999.0 3.750010 -0.005151 4.596636 -0.009640 -0.007295 -0.121331 -9999.0 -9999.0 -9999.0 -9999.0 -9999.0 -9999.0 -9999.0 -9999.0 -9999.0 -9999.0 -9999.0 -9999.0 -9999.0 -9999.0 -9999.0 -9999.0 -9999.0 -9999.0 -9999.0 -9999.0 -9999.0 -9999.0 -9999.0 -9999.0 -9999.0 -9999.0 -9999.0 -9999.0 -9999.0 -9999.0
-9999.0 -9999.0 -9999.0 -9999.0 -9999.0 -9999.0 -9999.0 -9999.0 -9999.0 -9999.0 -9999.0 -9999.0 -9999.0 -9999.0 -9999.0 -9999.0 -9999.0 -9999.0 -9999.0 -9999.0 -9999.0 -9999.0 -9999.0 -9999.0 -0.003751 1.059068 3.860312 -0.003784 3.935922 3.682615 -0.011895 -9999.0 -9999.0 -9999.0 -9999.0 -9999.0 -9999.0 -9999.0 -9999.0 -9999.0 -9999.0 -9999.0 -9999.0 -9999.0 -9999.0 -9999.0 -9999.0 -9999.0 -9999.0 -9999.0 -9999.0 -9999.0 -9999.0 -9999.0 -9999.0 -9999.0 -9999.0 -9999.0 -9999.0 -9999.0 -9999.0 -9999.0 -9999.0
-9999.0 -9999.0 -9999.0 -9999.0 -9999.0 -9999.0 -9999.0 -9999.0 -9999.0 -9999.0 -9999.0 -9999.0 -9999.0 -9999.0 -9999.0 -9999.0 -9999.0 -9999.0 -9999.0 -9999.0 -9999.0 -9999.0 -9999.0 2.331913 6.538155 5.227965 5.704840 5.866890 5.815639 4.878222 -0.011016 -0.022708 -9999.0 -9999.0 -9999.0 -9999.0 -9999.0 -9999.0 -9999.0 -9999.0 -9999.0 -9999.0 -9999.0 -9999.0 -9999.0 -9999.0 -9999.0 -9999.0 -9999.0 -9999.0 -9999.0 -9999.0 -9999.0 -9999.0 -9999.0 -9999.0 -9999.0 -9999.0 -9999.0 -9999.0 -9999.0 -9999.0 -9999.0
-9999.0 -9999.0 -9999.0 -9999.0 -9999.0 -9999.0 -9999.0 -9999.0 -9999.0 -9999.0 -9999.0 -9999.0 -9999.0 -9999.0 -9999.0 -9999.0 -9999.0 -9999.0 11.691614 6.355007 -9999.0 4.807804 6.617400 4.837409 5.083041 5.792198 7.881669 8.342082 4.392712 3.044779 2.020834 -0.010361 2.206997 3.264836 -9999.0 -9999.0 -9999.0 -9999.0 -9999.0 -9999.0 -9999.0 -9999.0 -9999.0 -9999.0 -9999.0 -9999.0 -9999.0 -9999.0 -9999.0 -9999.0 -9999.0 -9999.0 -9999.0 -9999.0 -9999.0 -9999.0 -9999.0 -9999.0 -9999.0 -9999.0 -9999.0 -9999.0 -9999.0
-9999.0 -9999.0 -9999.0 -9999.0 -9999.0 -9999.0 -9999.0 -9999.0 -9999.0 -9999.0 -9999.0 -9999.0 -9999.0 -9999.0 -9999.0 -9999.0 -9999.0 5.989906 4.657432 5.412661 8.186661 2.039179 3.289974 4.601378 8.775025 1.009264 -0.030166 2.747017 -0.024335 3.721775 7.436147 3.517566 5.598011 3.871179 2.493534 2.865683 -9999.0 -9999.0 -9999.0 -9999.0 -9999.0 -9999.0 -9999.0 -9999.0 -9999.0 -9999.0 -9999.0 -9999.0 -9999.0 -9999.0 -9999.0 -9999.0 -9999.0 -9999.0 -9999.0 -9999.0 -9999.0 -9999.0 -9999.0 -9999.0 -9999.0 -9999.0 -9999.0
-9999.0 -9999.0 -9999.0 -9999.0 -9999.0 -9999.0 -9999.0 -9999.0 -9999.0 -9999.0 -9999.0 -9999.0 -9999.0 11.774435 4.645490 4.253022 5.548125 15.472030 5.586311 5.257235 5.174079 4.854931 5.512702 9.075011 -0.011724 6.168809 -0.004832 -0.020619 -0.025976 -0.008874 -0.169105 5.135100 -0.004689 -0.010048 1.975720 2.784113 -9999.0 -9999.0 -9999.0 -9999.0 -9999.0 -9999.0 -9999.0 -9999.0 -9999.0 -9999.0 -9999.0 -9999.0 -9999.0 -9999.0 -9999.0 -9999.0 -9999.0 -9999.0 -9999.0 -9999.0 -9999.0 -9999.0 -9999.0 -9999.0 -9999.0 -9999.0 -9999.0
-9999.0 -9999.0 -9999.0 -9999.0 -9999.0 -9999.0 -9999.0 -9999.0 -9999.0 -9999.0 -9999.0 -9999.0 -9999.0 12.403044 6.601257 5.138139 4.996177 16.619646 15.542536 7.107367 4.886685 10.404324 3.500983 2.459274 4.317198 3.320043 -0.005222 3.873007 2.399206 -0.038264 -0.024873 -0.011032 1.838527 1.005559 1.684702 -9999.0 -9999.0 -9999.0 -9999.0 -9999.0 -9999.0 -9999.0 -9999.0 -9999.0 -9999.0 -9999.0 -9999.0 -9999.0 -9999.0 -9999.0 -9999.0 -9999.0 -9999.0 -9999.0 -9999.0 -9999.0 -9999.0 -9999.0 -9999.0 -9999.0 -9999.0 -9999.0 -9999.0
-9999.0 -9999.0 -9999.0 -9999.0 -9999.0 -9999.0 -9999.0 -9999.0 -9999.0 -9999.0 -9999.0 -9999.0 -9999.0 6.462092 7.156829 7.570053 4.701168 5.430357 16.168005 5.750449 13.795654 4.141239 1.446353 -0.021268 4.072311 3.645089 5.948226 2.386801 -0.018273 1.856512 -0.015973 1.021296 2.067426 -5.647320 2.824903 -9999.0 -9999.0 -9999.0 -9999.0 -9999.0 -9999.0 -9999.0 -9999.0 -9999.0 -9999.0 -9999.0 -9999.0 -9999.0 -9999.0 -9999.0 -9999.0 -9999.0 -9999.0 -9999.0 -9999.0 -9999.0 -9999.0 -9999.0 -9999.0 -9999.0 -9999.0 -9999.0 -9999.0
-9999.0 -9999.0 -9999.0 -9999.0 -9999.0 -9999.0 -9999.0 -9999.0 -9999.0 -9999.0 -9999.0 -9999.0 5.294469 6.728777 7.249135 5.693692 3.371867 5.176906 17.833344 7.280747 5.286559 2.010438 3.164987 -0.014964 -0.189852 -0.005644 -1.220876 -0.012427 -0.004618 1.706955 -0.013020 2.226355 -0.021177 3.231252 -9999.0 -9999.0 -9999.0 -9999.0 -9999.0 -9999.0 -9999.0 -9999.0 -9999.0 -9999.0 -9999.0 -9999.0 -9999.0 -9999.0 -9999.0 -9999.0 -9999.0 -9999.0 -9999.0 -9999.0 -9999.0 -9999.0 -9999.0 -9999.0 -9999.0 -9999.0 -9999.0 -9999.0 -9999.0
-9999.0 -9999.0 -9999.0 -9999.0 -9999.0 -9999.0 -9999.0 -9999.0 -9999.0 -9999.0 -9999.0 11.245821 6.733190 4.697818 6.837796 14.601485 6.379324 5.341813 17.403873 8.462173 3.577518 4.766295 7.884874 1.285213 2.980463 -0.004286 -0.022100 -0.007107 -0.028234 1.904243 2.463680 -0.004250 2.053764 2.763006 2.410383 2.504771 -0.011446 1.111326 3.639327 -9999.0 -9999.0 -9999.0 2.978347 -9999.0 -9999.0 -9999.0 -9999.0 -9999.0 -9999.0 -9999.0 -9999.0 -9999.0 -9999.0 -9999.0 -9999.0 -9999.0 -9999.0 -9999.0 -9999.0 -9999.0 -9999.0 -9999.0 -9999.0
-9999.0 -9999.0 -9999.0 -9999.0 -9999.0 -9999.0 -9999.0 -9999.0 -9999.0 -9999.0 -9999.0 10.140766 6.637768 8.235557 8.014254 14.309163 9.130321 5.790193 17.533594 12.723196 13.884754 10.824550 5.076668 -0.156431 -0.085761 -0.006329 -0.008100 -0.004031 3.558911 2.544721 -0.007925 3.692844 -0.022257 -0.019516 -0.008546 -0.007712 4.888380 7.311411 2.758019 2.723065 2.827246 2.940935 -0.009499 2.307398 -9999.0 -9999.0 -9999.0 -0.005608 -0.010980 0.912988 -0.012277 0.930463 0.978485 -0.007688 -0.009622 1.052843 -9999.0 -9999.0 -9999.0 -9999.0 -9999.0 -9999.0 -9999.0
-9999.0 -9999.0 -9999.0 -9999.0 -9999.0 -9999.0 -9999.0 -9999.0 -9999.0 -9999.0 -9999.0 9.757163 11.004604 4.452377 13.462704 15.405467 5.301477 4.789894 14.166036 12.509979 3.102363 0.010675 -0.065300 -0.003504 -0.006071 3.849613 -0.074323 -1.571822 2.478373 -0.014485 2.413786 -0.111327 -0.004144 -0.019673 2.122749 2.793428 -0.058171 -0.051384 8.377900 2.952502 -0.005132 -0.005826 -0.003940 -0.007994 -0.014611 -9999.0 3.194734 -0.012919 -0.010364 -0.004419 4.140484 5.126806 1.362765 -0.012363 -0.011457 -0.017586 -9999.0 -9999.0 -9999.0 -9999.0 -9999.0 -9999.0 -9999.0
-9999.0 -9999.0 -9999.0 -9999.0 -9999.0 -9999.0 -9999.0 -9999.0 -9999.0 -9999.0 -9999.0 -9999.0 10.509077 -0.006392 12.801171 13.406057 1.799384 3.801966 16.547669 12.240708 2.974183 2.817892 -0.006918 -0.046307 -0.347368 -0.081642 2.221240 4.778217 -0.010680 2.357724 -0.008512 -0.074767 5.866349 -0.013266 -0.019173 -0.005426 -0.072679 -0.230745 8.985722 6.978431 7.342650 6.236989 -0.046634 4.000397 2.212471 -0.013842 1.880648 -0.015292 -0.322968 -0.049922 -0.033487 -0.078127 -1.704984 -0.184327 -0.475282 -0.016619 -0.020666 -9999.0 -9999.0 -9999.0 -9999.0 -9999.0 -9999.0
-9999.0 -9999.0 -9999.0 -9999.0 -9999.0 -9999.0 -9999.0 -9999.0 -9999.0 -9999.0 -9999.0 -0.046538 6.194474 11.824784 -0.005942 2.490914 4.360381 3.056339 15.764115 4.888614 3.234521 1.605897 -0.002606 -0.080936 -0.072863 -0.190912 -0.048655 -0.012917 -0.011445 4.074769 -0.080427 -0.235121 6.332228 -0.014032 -0.009775 -0.008205 -0.005114 -0.047773 0.005628 9.766228 -0.048061 -0.018173 -0.001030 -0.008960 7.257995 -0.012853 -0.005222 4.083341 5.693938 -0.024893 -1.199851 -0.012451 -1.277780 -3.018007 -3.661366 -0.003034 1.387920 -9999.0 -9999.0 -9999.0 -9999.0 -9999.0 -9999.0
-9999.0 -9999.0 -9999.0 -9999.0 -9999.0 -9999.0 -9999.0 -9999.0 -9999.0 -9999.0 3.041736 -0.030568 6.177800 7.299582 10.293671 -0.000609 -0.000927 0.629592 4.070751 4.534978 10.097825 7.596408 -0.088272 7.614106 -0.019252 -0.363159 -0.135312 -2.091995 6.395660 5.992500 -0.025004 -0.137057 4.767863 -0.015946 2.759605 2.467160 3.445476 -0.057376 -0.038860 1.219709 1.859782 2.640247 9.925967 1.615053 -0.025851 4.022380 -0.004613 -0.041747 -0.036661 -0.013115 -2.308131 0.882758 -4.134683 -0.178090 -0.001288 -0.012239 -0.014501 -9999.0 -9999.0 -9999.0 -9999.0 -9999.0 -9999.0
-9999.0 -9999.0 -9999.0 -9999.0 -9999.0 -9999.0 -9999.0 -9999.0 -9999.0 -0.004894 4.899988 -0.027503 -0.013572 -0.048161 -0.024669 -0.017739 -0.029739 10.875478 3.991475 4.568143 10.479262 1.421956 1.116433 3.111143 0.008362 -0.762828 -0.488128 5.201936 -0.030152 -0.005919 0.011643 -0.965323 2.387137 2.501387 2.904458 2.465114 3.749257 -0.085289 -0.065608 -0.026099 -0.193877 -0.059953 -0.072292 2.330661 2.022520 -0.022475 9.424954 -0.055610 -0.053865 0.032140 -0.135664 0.904429 -0.187755 0.960510 0.778425 -1.451127 -0.548065 1.873297 0.866435 -9999.0 -9999.0 -9999.0 -9999.0
-9999.0 -9999.0 -9999.0 -9999.0 -9999.0 -9999.0 -9999.0 -9999.0 -9999.0 1.736739 -0.005318 6.703077 6.132379 -0.008263 -0.030800 -0.049021 8.394617 3.055698 4.547791 11.587908 11.113486 10.717522 8.327085 5.429732 -0.384569 -0.097006 -0.045191 -0.019385 2.017832 5.517108 5.356164 -1.326050 -0.006066 -0.020746 -0.009556 2.553273 3.316761 5.918564 -0.005629 6.728891 -0.059477 -0.122829 -0.038894 2.459082 3.228090 4.371539 4.306088 2.716439 -0.008796 1.143966 -2.223188 -3.232107 -0.001880 -0.042357 0.740878 -2.315010 -0.369837 -0.134328 2.505162 -9999.0 -9999.0 -9999.0 -9999.0
-9999.0 -9999.0 -9999.0 -9999.0 -9999.0 -9999.0 -9999.0 -9999.0 -9999.0 -9999.0 -0.008642 6.041467 -0.018442 -0.247214 0.004919 -0.028625 -0.010705 4.462617 5.316950 6.958430 11.154452 3.164828 -0.022391 -0.049161 -0.074803 -0.025787 0.903712 2.706870 4.729636 -0.905064 -1.225432 -1.400318 -1.544053 -0.014436 -0.003667 6.454457 4.742977 5.628515 2.665052 -0.007987 -0.009813 4.740441 5.385096 -0.022221 -0.013013 -0.007551 2.234131 8.659883 5.375949 1.677745 -1.172315 -0.564676 -0.001103 -0.006631 -0.053410 -0.012434 -0.005447 -0.306492 -0.021408 -0.021107 -9999.0 -9999.0 -9999.0
-9999.0 -9999.0 -9999.0 -9999.0 -9999.0 -9999.0 -9999.0 -9999.0 -9999.0 -9999.0 -0.010037 -0.004421 4.311265 -0.009865 6.753115 0.993568 -0.012891 3.104206 5.749810 7.656784 3.889924 2.099698 -0.025333 -0.030883 -0.026273 2.059491 3.334429 -0.008182 -0.596559 -1.301072 -0.008534 3.346726 -1.468899 -0.020032 -0.007571 6.199276 -0.241150 -0.026555 -0.144587 -0.012993 -0.006104 7.642377 -0.046571 4.682742 5.875315 -0.054328 -0.009201 -0.012376 3.590585 4.951239 0.009269 -0.159876 -1.982770 0.755161 -0.265892 -0.002391 -0.011809 -0.058077 1.868328 3.452066 -9999.0 -9999.0 -9999.0
-9999.0 -9999.0 -9999.0 -9999.0 -9999.0 -9999.0 -9999.0 -9999.0 -0.003536 -0.009555 -0.006246 -0.003069 -0.058287 -0.038802 -0.031144 2.164156 3.430238 11.493826 7.959651 8.057906 5.617310 4.610939 3.787427 2.194338 2.662686 2.312163 6.491881 -0.184776 -0.098913 -1.178291 0.965972 -0.007879 -0.008276 -0.014274 -0.005129 -0.005355 9.671017 -0.013624 -1.815058 2.561491 4.533638 4.841387 -1.127199 2.570166 6.702629 4.076784 -1.651595 -0.042528 -0.008869 3.980065 1.546965 -0.151781 -1.026388 -3.677899 -0.001361 -0.008172 2.024342 5.670026 2.419484 4.981774 -9999.0 -9999.0 -9999.0
-9999.0 -9999.0 -9999.0 -9999.0 -9999.0 -9999.0 -9999.0 -9999.0 -1.431505 -0.078573 -0.683409 -0.013675 -0.005514 -0.708916 -0.240754 -0.008422 2.401149 2.995514 5.950918 8.622587 16.715939 14.456369 14.426549 13.582093 3.912344 3.833839 1.176831 -0.030639 -1.411383 -0.012234 -0.018630 3.265924 -0.004918 3.792419 -0.003341 3.398272 11.185660 1.348478 -0.036260 2.005320 -0.008316 -0.005781 3.959351 3.860861 -0.001563 -0.056172 -1.615766 -0.004340 -0.029782 1.981479 3.216043 -0.031541 -2.861383 -0.013320 -0.005307 -0.294428 -0.065049 -0.006650 5.227431 7.590556 8.413846 -9999.0 -9999.0
-9999.0 -9999.0 -9999.0 -9999.0 -9999.0 -9999.0 -9999.0 -9999.0 -0.007935 -0.006577 -0.005112 -1.427585 -0.003078 -0.914925 -0.055384 -0.155958 0.953139 5.060391 5.882860 16.037970 9.060968 14.232393 14.628920 7.871105 11.695953 3.703850 0.726971 -0.548379 -1.923388 -0.007741 4.135920 4.692631 -0.155419 -0.102359 5.468311 10.545420 -0.001629 2.347548 -0.024255 -0.043843 0.649577 4.929819 -0.003525 -0.007554 -0.087285 -0.003657 2.603988 -0.007901 -0.225482 -0.019230 3.148043 1.157264 -1.946759 -2.742272 -0.036626 -0.002607 2.341272 4.206633 7.447025 7.828327 8.155033 -9999.0 -9999.0
-9999.0 -9999.0 -9999.0 -9999.0 -9999.0 -9999.0 -9999.0 -9999.0 0.918379 1.187084 -0.044120 -1.879586 -0.004297 -0.096973 -0.063892 0.235767 4.423682 5.673880 11.365525 6.108858 8.481177 8.913027 13.498632 12.605869 4.080996 1.555529 -0.033947 -1.254408 3.893980 -0.040894 -0.053814 -0.031625 -0.003828 -0.001564 -0.028709 9.668879 11.905219 4.601659 1.319339 -0.016796 5.770326 6.834371 6.583657 6.604010 -0.006264 4.652016 6.832447 5.524279 -0.006257 -0.064783 -0.013580 2.919538 1.367967 -0.031755 1.743110 2.962634 5.338808 5.331174 6.174178 7.899798 7.047741 3.189959 -9999.0
-9999.0 -9999.0 -9999.0 -9999.0 -9999.0 -9999.0 -9999.0 -9999.0 -0.013747 -0.003867 -0.584070 -0.868385 -0.071506 -0.040285 5.333274 4.229997 8.402619 2.965925 1.498990 3.361595 5.201763 8.327528 8.504190 8.159235 10.728410 0.812164 -0.392475 -0.026369 0.005241 -0.000729 -0.053489 0.945313 4.502802 2.754821 2.225657 4.023382 5.431256 6.555094 5.923465 4.164790 2.822470 2.932415 2.511553 0.001121 -0.059463 7.744184 -0.031758 -0.016941 -0.035582 0.598712 3.759511 2.214083 2.515498 3.334750 3.852346 4.267801 5.181629 6.397666 7.177292 7.264742 4.657637 2.617624 -9999.0
-9999.0 -9999.0 4.104046 -0.003653 -1.705902 -0.113795 -0.789942 -0.429890 -0.013021 -0.009746 -0.071614 -0.416015 -0.034746 0.741322 7.865970 2.579770 -0.020316 -0.553981 -0.044441 0.022421 3.241117 5.941771 7.779685 6.574609 6.274967 2.510556 0.451379 0.915763 3.132335 7.883228 -0.021294 1.451061 10.650164 3.940425 6.602707 5.166615 9.037878 8.796814 7.713394 5.063929 6.803338 6.822812 4.809456 4.982632 -0.010210 2.471135 3.346159 2.034723 5.101481 5.931806 6.538408 5.941987 4.989936 4.229230 4.045178 11.756282 4.844577 5.626803 5.719323 4.002618 8.938405 1.854622 -9999.0
-9999.0 -0.047389 -0.052374 -0.063845 -0.100980 -0.065633 -0.508625 -0.867611 -1.808547 -0.018447 -0.196028 -0.213421 -0.000788 6.405207 5.107678 -0.058041 -0.078785 -0.173958 -0.088283 -0.017240 3.025157 4.766955 11.365195 5.381457 11.965595 6.112800 10.329512 10.705494 6.807500 5.545890 5.452450 5.657991 7.354626 13.547185 9.660052 10.968233 12.587082 11.692196 12.749482 11.144974 10.272486 10.065832 9.341398 5.321441 4.047552 4.425295 6.717152 6.401442 8.443112 6.545832 6.849392 5.764038 4.647040 3.706383 3.597225 2.883007 1.114965 1.486517 2.689617 6.228865 0.966139 1.667301 -9999.0
-9999.0 7.571916 -0.008449 -0.017128 3.679541 -0.025515 -1.799846 -1.348158 -0.020015 -0.006093 -0.536564 -0.546619 0.582984 5.705337 -0.038952 -1.842230 -0.736220 -0.268194 -0.056160 -0.009851 6.781771 2.555363 3.561355 4.966820 13.376127 14.423850 5.903644 7.980717 8.093502 6.873125 7.011025 6.798329 9.183210 10.013691 16.201925 13.121620 22.372959 23.362520 15.578947 14.533325 13.859098 12.796233 11.794768 8.550402 8.400530 8.269381 9.645110 9.403742 8.695668 7.857795 6.039243 2.556656 1.296280 1.867436 0.915811 -0.029523 -0.341896 -0.033890 -0.028116 -0.040943 -0.026041 -9999.0 -9999.0
