user2019/resources/simulation/Vinschgau/output-maps/TsL0003N1117.asc
ncols         63
nrows         48
xllcorner     598000.000000
yllcorner     5145000.000000
cellsize      1000.000000
NODATA_value  -9999.0
[rows 0 to 27 of 48, columns 0 to 62 of 63]
-9999.0 -9999.0 -9999.0 -9999.0 -9999.0 -9999.0 -9999.0 -9999.0 -9999.0 -9999.0 -9999.0 -9999.0 -9999.0 -9999.0 -9999.0 -9999.0 -9999.0 -9999.0 -9999.0 -9999.0 -9999.0 -9999.0 -9999.0 -9999.0 -9999.0 -9999.0 -9999.0 -9999.0 -9999.0 -9999.0 -9999.0 -9999.0 -9999.0 -9999.0 -9999.0 -9999.0 -9999.0 -9999.0 -9999.0 -9999.0 -9999.0 -9999.0 -9999.0 -9999.0 -9999.0 -9999.0 -9999.0 -9999.0 -9999.0 -9999.0 -9999.0 -9999.0 -9999.0 -9999.0 -9999.0 -9999.0 -9999.0 -9999.0 -9999.0 -9999.0 -9999.0 -9999.0 -9999.0
-9999.0 -9999.0 -9999.0 -9999.0 -9999.0 -9999.0 -9999.0 -9999.0 -9999.0 -9999.0 -9999.0 -9999.0 -9999.0 -9999.0 -9999.0 -9999.0 -9999.0 -9999.0 -9999.0 -9999.0 -9999.0 -9999.0 -9999.0 -9999.0 -9999.0 -9999.0 -9999.0 -0.000407 -0.006917 0.060027 -0.059095 -0.022073 -0.791003 -9999.0 -9999.0 -9999.0 -9999.0 -9999.0 -9999.0 -9999.0 -9999.0 -9999.0 -9999.0 -9999.0 -9999.0 -9999.0 -9999.0 -9999.0 -9999.0 -9999.0 -9999.0 -9999.0 -9999.0 -9999.0 -9999.0 -9999.0 -9999.0 -9999.0 -9999.0 -9999.0 -9999.0 -9999.0 -9999.0
-9999.0 -9999.0 -9999.0 -9999.0 -9999.0 -9999.0 -9999.0 -9999.0 -9999.0 -9999.0 -9999.0 -9999.0 -9999.0 -9999.0 -9999.0 -9999.0 -9999.0 -9999.0 -9999.0 -9999.0 -9999.0 -9999.0 -9999.0 -9999.0 -0.000176 -0.000184 -0.000147 -0.000181 -0.003565 -0.009201 -0.015372 -9999.0 -9999.0 -9999.0 -9999.0 -9999.0 -9999.0 -9999.0 -9999.0 -9999.0 -9999.0 -9999.0 -9999.0 -9999.0 -9999.0 -9999.0 -9999.0 -9999.0 -9999.0 -9999.0 -9999.0 -9999.0 -9999.0 -9999.0 -9999.0 -9999.0 -9999.0 -9999.0 -9999.0 -9999.0 -9999.0 -9999.0 -9999.0
-9999.0 -9999.0 -9999.0 -9999.0 -9999.0 -9999.0 -9999.0 -9999.0 -9999.0 -9999.0 -9999.0 -9999.0 -9999.0 -9999.0 -9999.0 -9999.0 -9999.0 -9999.0 -9999.0 -9999.0 -9999.0 -9999.0 -9999.0 -0.000161 0.066464 1.571250 1.979034 2.462839 1.759627 -0.000138 -0.040747 -0.025893 -9999.0 -9999.0 -9999.0 -9999.0 -9999.0 -9999.0 -9999.0 -9999.0 -9999.0 -9999.0 -9999.0 -9999.0 -9999.0 -9999.0 -9999.0 -9999.0 -9999.0 -9999.0 -9999.0 -9999.0 -9999.0 -9999.0 -9999.0 -9999.0 -9999.0 -9999.0 -9999.0 -9999.0 -9999.0 -9999.0 -9999.0
-9999.0 -9999.0 -9999.0 -9999.0 -9999.0 -9999.0 -9999.0 -9999.0 -9999.0 -9999.0 -9999.0 -9999.0 -9999.0 -9999.0 -9999.0 -9999.0 -9999.0 -9999.0 2.038268 0.077028 -9999.0 0.049090 0.071904 1.607073 1.467105 2.932602 1.659463 1.649151 1.377241 -0.000523 -0.000168 -0.045488 -0.002497 -0.971182 -9999.0 -9999.0 -9999.0 -9999.0 -9999.0 -9999.0 -9999.0 -9999.0 -9999.0 -9999.0 -9999.0 -9999.0 -9999.0 -9999.0 -9999.0 -9999.0 -9999.0 -9999.0 -9999.0 -9999.0 -9999.0 -9999.0 -9999.0 -9999.0 -9999.0 -9999.0 -9999.0 -9999.0 -9999.0
-9999.0 -9999.0 -9999.0 -9999.0 -9999.0 -9999.0 -9999.0 -9999.0 -9999.0 -9999.0 -9999.0 -9999.0 -9999.0 -9999.0 -9999.0 -9999.0 -9999.0 4.693490 3.316208 3.353733 0.362174 -0.008980 -0.002410 1.044740 1.954113 -0.008767 -0.064914 -0.003032 -0.046854 0.992558 0.098385 -0.000160 0.074304 -0.000380 -0.009387 -0.788506 -9999.0 -9999.0 -9999.0 -9999.0 -9999.0 -9999.0 -9999.0 -9999.0 -9999.0 -9999.0 -9999.0 -9999.0 -9999.0 -9999.0 -9999.0 -9999.0 -9999.0 -9999.0 -9999.0 -9999.0 -9999.0 -9999.0 -9999.0 -9999.0 -9999.0 -9999.0 -9999.0
-9999.0 -9999.0 -9999.0 -9999.0 -9999.0 -9999.0 -9999.0 -9999.0 -9999.0 -9999.0 -9999.0 -9999.0 -9999.0 0.466252 1.133240 2.945165 4.331054 7.176779 4.420583 2.499973 2.050580 1.338184 2.333563 1.968622 -0.014345 0.076357 -0.048583 -0.058945 -0.031658 -0.016355 -1.061332 -0.000511 -0.006463 -0.033929 -2.603974 -0.834475 -9999.0 -9999.0 -9999.0 -9999.0 -9999.0 -9999.0 -9999.0 -9999.0 -9999.0 -9999.0 -9999.0 -9999.0 -9999.0 -9999.0 -9999.0 -9999.0 -9999.0 -9999.0 -9999.0 -9999.0 -9999.0 -9999.0 -9999.0 -9999.0 -9999.0 -9999.0 -9999.0
-9999.0 -9999.0 -9999.0 -9999.0 -9999.0 -9999.0 -9999.0 -9999.0 -9999.0 -9999.0 -9999.0 -9999.0 -9999.0 0.765788 3.165604 3.654717 3.512825 5.426542 7.249192 3.876011 3.504122 3.399647 2.062461 0.663069 0.427504 -0.004460 -0.000352 0.049107 -0.001661 -1.121053 -1.581733 -0.008013 -0.001838 -6.480460 -0.009536 -9999.0 -9999.0 -9999.0 -9999.0 -9999.0 -9999.0 -9999.0 -9999.0 -9999.0 -9999.0 -9999.0 -9999.0 -9999.0 -9999.0 -9999.0 -9999.0 -9999.0 -9999.0 -9999.0 -9999.0 -9999.0 -9999.0 -9999.0 -9999.0 -9999.0 -9999.0 -9999.0 -9999.0
-9999.0 -9999.0 -9999.0 -9999.0 -9999.0 -9999.0 -9999.0 -9999.0 -9999.0 -9999.0 -9999.0 -9999.0 -9999.0 3.230863 2.629901 4.424968 3.223811 3.972423 7.489312 4.369872 3.206624 1.901389 -0.007668 -0.026802 0.553989 -0.002920 0.198152 -0.002175 -0.018822 -5.892866 -0.015965 -6.553757 -6.931691 -7.677269 -0.912158 -9999.0 -9999.0 -9999.0 -9999.0 -9999.0 -9999.0 -9999.0 -9999.0 -9999.0 -9999.0 -9999.0 -9999.0 -9999.0 -9999.0 -9999.0 -9999.0 -9999.0 -9999.0 -9999.0 -9999.0 -9999.0 -9999.0 -9999.0 -9999.0 -9999.0 -9999.0 -9999.0 -9999.0
-9999.0 -9999.0 -9999.0 -9999.0 -9999.0 -9999.0 -9999.0 -9999.0 -9999.0 -9999.0 -9999.0 -9999.0 1.611054 2.086558 4.001580 1.803111 1.727469 3.462002 6.143088 4.753921 1.895023 -0.011803 -0.029476 -0.021029 -1.221705 -0.000413 -2.427409 -0.015894 -0.046109 -0.002472 -6.578839 -0.003898 -0.048769 -1.051730 -9999.0 -9999.0 -9999.0 -9999.0 -9999.0 -9999.0 -9999.0 -9999.0 -9999.0 -9999.0 -9999.0 -9999.0 -9999.0 -9999.0 -9999.0 -9999.0 -9999.0 -9999.0 -9999.0 -9999.0 -9999.0 -9999.0 -9999.0 -9999.0 -9999.0 -9999.0 -9999.0 -9999.0 -9999.0
-9999.0 -9999.0 -9999.0 -9999.0 -9999.0 -9999.0 -9999.0 -9999.0 -9999.0 -9999.0 -9999.0 0.388207 2.669814 1.766554 3.321236 1.737748 3.990451 3.757492 5.817774 6.164034 2.261797 1.356207 0.070986 -0.000169 -1.280737 -0.000691 -0.019231 -0.006121 -0.042116 -0.501301 -0.005372 -0.039275 -0.001544 -0.420712 -0.007358 -0.001387 -0.045098 -0.004363 -0.048635 -9999.0 -9999.0 -9999.0 -0.722509 -9999.0 -9999.0 -9999.0 -9999.0 -9999.0 -9999.0 -9999.0 -9999.0 -9999.0 -9999.0 -9999.0 -9999.0 -9999.0 -9999.0 -9999.0 -9999.0 -9999.0 -9999.0 -9999.0 -9999.0
-9999.0 -9999.0 -9999.0 -9999.0 -9999.0 -9999.0 -9999.0 -9999.0 -9999.0 -9999.0 -9999.0 0.356668 2.928548 4.516056 4.564164 0.633034 5.898902 4.355649 6.104621 4.458098 3.234906 0.655947 0.064670 -2.118054 -3.348002 -0.004424 -0.003123 -0.012725 -0.005643 -0.385280 -0.014291 -0.007690 -0.026440 -0.062342 -0.022726 -0.008362 -0.000696 0.118586 -0.001433 -0.045564 -0.178867 -0.680378 -0.016627 -0.002525 -9999.0 -9999.0 -9999.0 -0.020932 -0.065966 -0.004773 -0.070213 -0.623783 -0.734608 -0.976113 -2.606938 -0.883522 -9999.0 -9999.0 -9999.0 -9999.0 -9999.0 -9999.0 -9999.0
-9999.0 -9999.0 -9999.0 -9999.0 -9999.0 -9999.0 -9999.0 -9999.0 -9999.0 -9999.0 -9999.0 0.327877 0.356622 -0.000118 1.521412 1.150796 0.874057 3.493594 5.529849 4.587306 1.798297 -0.007548 -0.699398 -0.000161 -0.007108 0.011937 -2.686025 -2.988682 -0.000784 -0.020720 -0.001649 -3.462415 -0.000696 -0.045230 -0.002743 -0.016987 -2.642252 -2.341808 0.281236 -0.001666 -0.038501 -0.017312 -0.023703 -0.007992 -0.051760 -9999.0 -1.019122 -0.066921 -0.033422 -0.039341 -0.000800 0.070192 -0.008756 -0.046345 -0.025426 -0.049744 -9999.0 -9999.0 -9999.0 -9999.0 -9999.0 -9999.0 -9999.0
-9999.0 -9999.0 -9999.0 -9999.0 -9999.0 -9999.0 -9999.0 -9999.0 -9999.0 -9999.0 -9999.0 -9999.0 0.329989 -0.033834 0.622954 0.706825 0.195266 2.554849 5.432559 4.468337 1.856410 -0.003398 -1.332724 -2.770791 -1.979457 -2.723928 0.050685 -0.000432 -0.055192 -0.002600 -0.005914 -3.270363 -0.004226 -1.336172 -0.045471 -0.043721 -3.238538 -2.213804 0.783376 0.116107 -0.004431 0.139737 -2.683297 -0.000143 -0.001752 -0.053102 -0.029928 -0.049149 -4.227891 -2.833679 -0.031772 -3.134155 -3.209919 -3.766111 -4.346556 -0.021980 -0.045522 -9999.0 -9999.0 -9999.0 -9999.0 -9999.0 -9999.0
-9999.0 -9999.0 -9999.0 -9999.0 -9999.0 -9999.0 -9999.0 -9999.0 -9999.0 -9999.0 -9999.0 -0.232925 0.063871 0.472350 -0.036931 -0.003646 0.460297 1.846621 4.963616 3.882158 2.195360 0.242684 -0.027892 -0.918707 -2.628361 -1.992564 -1.865813 -0.014239 -0.027356 0.045068 -2.294395 -2.446029 -0.000481 -0.849210 -0.042777 -0.043386 -0.000691 -0.260795 -0.007821 0.374327 -0.052367 -0.016336 -0.712046 -0.536947 0.070501 -0.011864 -0.043222 0.054968 0.166872 -0.021092 -2.854208 -0.031266 -4.457607 -4.945453 -5.702340 -6.215718 -0.002858 -9999.0 -9999.0 -9999.0 -9999.0 -9999.0 -9999.0
-9999.0 -9999.0 -9999.0 -9999.0 -9999.0 -9999.0 -9999.0 -9999.0 -9999.0 -9999.0 0.058426 -0.931096 0.070075 0.081062 0.349200 -0.010353 -0.013402 -0.008600 3.063268 3.532061 2.841084 1.859655 -0.627936 0.264340 -0.035911 -1.688016 -2.069146 -3.849970 -0.000208 -0.000129 -1.895653 -1.971587 -0.000154 -0.047341 -0.855793 -0.001596 -0.000483 -2.985576 -0.396761 -0.002799 0.021812 1.048688 3.740912 0.515012 -0.028296 0.060836 -0.000402 -2.578442 -1.833081 -0.017782 -4.533342 -0.005901 -6.127798 -7.082651 -7.079076 -0.047246 -0.032148 -9999.0 -9999.0 -9999.0 -9999.0 -9999.0 -9999.0
-9999.0 -9999.0 -9999.0 -9999.0 -9999.0 -9999.0 -9999.0 -9999.0 -9999.0 -0.008908 -0.000131 -1.032521 -0.039935 -0.062531 -1.399993 -0.384532 -0.027359 1.198105 2.988998 3.614143 3.120168 0.343579 -0.007544 0.108288 -0.006696 -1.414607 -2.154884 0.052709 -0.052183 -0.031479 -0.000518 -1.612675 -0.001166 -6.918082 -0.475972 -0.001683 -0.000745 -3.390719 -2.041170 -0.466599 -1.292037 -0.558935 -0.495110 1.218845 0.502974 -0.023794 0.298409 -0.204024 -0.195357 -0.000448 -2.005026 -0.002923 -7.582976 -3.302496 -1.676933 -4.319384 -3.837671 -0.002223 -0.113699 -9999.0 -9999.0 -9999.0 -9999.0
-9999.0 -9999.0 -9999.0 -9999.0 -9999.0 -9999.0 -9999.0 -9999.0 -9999.0 -0.007040 -0.000532 0.055021 0.344857 -0.013412 -0.029595 -0.084535 0.298806 0.147438 3.564765 4.321850 3.797892 3.449589 2.078505 0.569040 -1.024248 -1.400845 -0.117274 -0.019369 0.150810 0.693086 0.064624 -1.992065 -0.004070 -0.037404 -0.085190 -0.001958 -0.000660 0.113836 -0.000535 -0.000436 -2.957506 -1.972869 -0.039878 0.318776 1.976298 1.551463 1.234822 0.088947 -0.013577 -0.003267 -2.866841 -4.825973 -3.667479 -3.635922 -4.055011 -5.351649 -3.468577 -3.226250 -0.000575 -9999.0 -9999.0 -9999.0 -9999.0
-9999.0 -9999.0 -9999.0 -9999.0 -9999.0 -9999.0 -9999.0 -9999.0 -9999.0 -9999.0 -0.006131 -0.000609 -0.394724 -0.681066 -0.009545 -0.026709 -0.015148 1.081327 4.359016 4.012756 3.765502 2.122551 -0.019046 -0.311526 -0.874552 -0.032434 -0.000140 0.611720 0.137466 -1.549844 -1.896826 -2.827501 -3.149597 -0.041914 -0.023041 -0.000434 0.051957 -0.000131 -0.000654 -0.023112 -0.008543 0.044962 0.269572 -0.023769 -0.013195 -0.009132 0.867759 2.422305 1.927464 -0.004441 -1.826282 -3.660883 -2.048165 -3.886730 -3.793062 -2.758701 -0.043738 -1.658112 -1.340715 -0.021414 -9999.0 -9999.0 -9999.0
-9999.0 -9999.0 -9999.0 -9999.0 -9999.0 -9999.0 -9999.0 -9999.0 -9999.0 -9999.0 -0.042679 -0.001069 0.048585 -0.024748 1.612014 -0.008182 -0.012007 2.083951 4.783539 4.911965 2.888569 0.860715 -0.022705 -0.030506 -0.023892 0.188499 1.256498 -0.010864 -1.238353 -2.865184 -0.002922 -0.005626 -4.141320 -0.027981 -0.001528 -0.000260 -1.611388 -0.641649 -2.382691 -0.031527 -0.011880 0.038454 -2.701245 -0.000138 0.073076 -0.392055 -0.016624 -0.012770 2.184858 1.658371 -0.002939 -1.917509 -3.581469 -0.978168 -4.849528 -3.791366 -0.058890 -2.113975 0.726165 1.552119 -9999.0 -9999.0 -9999.0
-9999.0 -9999.0 -9999.0 -9999.0 -9999.0 -9999.0 -9999.0 -9999.0 -0.005190 -0.006388 -0.019622 -0.014972 -2.747671 -0.475028 -0.045179 1.163523 2.379359 4.366944 4.945862 5.370502 4.633908 3.470897 2.426355 0.619976 -0.003797 1.507725 1.710534 -0.746069 -2.159546 -2.782089 -6.012236 -0.005951 -0.004250 -0.019165 -0.045443 -0.000437 0.327413 -0.796378 -2.492063 -0.001826 0.057544 -0.000137 -2.803690 -0.001338 0.201166 0.063028 -2.311963 -0.081923 -0.010238 1.822422 -0.002381 -2.220352 -4.016632 -5.289877 -3.189368 -0.042699 -0.001909 0.071116 0.167506 3.632948 -9999.0 -9999.0 -9999.0
-9999.0 -9999.0 -9999.0 -9999.0 -9999.0 -9999.0 -9999.0 -9999.0 -3.089399 -3.151572 -2.313322 -0.039238 -0.000470 -2.170258 -0.879796 -0.009949 1.394761 1.995068 5.045424 5.880244 6.693051 6.100935 5.079686 4.086190 2.831415 2.792726 0.445911 -0.796439 -3.844392 -0.040773 -0.043597 -0.000969 -0.038622 -0.000397 -0.003828 -0.000132 0.737586 -0.011433 -1.024684 -0.000161 -0.002407 -4.666332 0.029966 -0.000169 -0.000131 -1.936756 -3.272694 -0.000189 -0.271976 1.114137 1.391799 -0.029921 -4.123700 -0.051537 -0.002930 -2.409274 -1.777035 -0.016272 2.081884 4.530687 5.814520 -9999.0 -9999.0
-9999.0 -9999.0 -9999.0 -9999.0 -9999.0 -9999.0 -9999.0 -9999.0 -0.002916 -0.000417 -0.042524 -3.131646 -0.013726 -2.608369 -0.300453 -0.736066 -0.007246 1.959425 4.973650 6.666787 6.348162 6.788529 6.477974 4.780063 4.507458 2.727382 0.031160 -1.189422 -4.695029 -0.002163 0.035426 -0.000165 -2.196651 -2.029462 0.060796 0.361760 -0.012550 1.199745 -0.037218 -2.597636 -0.000594 0.064462 -0.000163 -0.000461 -2.405705 -0.000319 -0.001942 -0.000687 -1.760332 -0.016115 2.182778 -0.000121 -3.066708 -3.960562 -1.509425 -0.448553 0.649935 1.956453 4.122003 4.830472 5.159081 -9999.0 -9999.0
-9999.0 -9999.0 -9999.0 -9999.0 -9999.0 -9999.0 -9999.0 -9999.0 -0.004613 -0.000351 -2.061093 -4.334291 -0.000360 -2.656495 -0.436249 -0.004447 3.532437 4.774218 4.475450 5.256034 5.782237 6.168743 6.594191 5.894480 3.148254 0.564727 -0.044920 -1.945029 0.048377 -2.495662 -0.525075 -0.950621 -0.016513 -0.053101 -0.030873 0.352458 1.398926 3.570875 0.241414 -0.024265 0.054214 0.056503 -0.000126 0.203264 -0.000321 0.059046 -0.000144 0.111689 -0.000441 -0.562618 -0.012798 1.790059 -0.002741 -1.425300 0.186671 1.193637 2.703761 4.195780 5.242840 4.923641 3.982026 2.137638 -9999.0
-9999.0 -9999.0 -9999.0 -9999.0 -9999.0 -9999.0 -9999.0 -9999.0 -1.347784 -0.012412 -2.283125 -1.535951 -0.548385 -0.364172 0.890518 1.657666 3.004342 2.014877 0.303967 2.398126 4.297810 5.585319 5.796284 5.499757 3.554925 -0.008372 -1.052369 -0.024049 -0.009008 -0.039228 -0.332769 -0.000331 1.589521 0.647765 -0.002486 0.557569 1.857113 5.557931 4.989389 1.494830 0.100493 -0.000362 -0.000125 -0.011275 -0.332267 0.212069 -0.064096 -1.280264 -0.034366 -0.000412 0.916297 1.187384 1.521554 1.230454 1.841093 2.308362 2.900618 3.674411 4.306880 3.982050 3.711212 1.548705 -9999.0
-9999.0 -9999.0 -0.000584 -0.000406 -3.535046 -2.384601 -3.139619 -4.216855 -0.053438 -0.016964 -2.927004 -0.895299 -0.108520 -0.010671 2.092656 1.182156 -0.017005 -1.177918 -0.050459 -0.008330 2.264897 4.987627 4.532765 5.716103 3.583130 1.543689 -0.008777 -0.007387 1.751504 1.841991 -0.017751 0.144437 3.705251 2.866640 3.048897 4.118110 6.065305 7.850566 6.746777 4.061266 3.480108 3.074913 3.375886 1.792209 -0.009699 -0.003693 1.015117 1.017918 1.715398 2.670368 3.560198 3.108735 2.567752 2.124180 2.071998 3.871136 2.690528 3.055893 2.687361 3.012947 2.487994 0.781552 -9999.0
-9999.0 -0.175470 -2.892768 -2.766047 -2.223401 -2.783691 -1.757251 -2.510216 -3.496740 -0.019298 -2.106952 -0.810533 -0.007467 1.151529 1.415301 -0.395475 -1.983041 -1.980559 -1.914797 -0.014684 1.886468 3.791178 4.308862 4.375236 5.176440 3.329309 3.243238 3.400880 3.826601 2.310135 2.269303 2.445079 3.940175 5.863503 6.814274 7.889634 9.708837 10.770654 9.701261 7.829614 7.333112 7.200428 6.279862 4.321977 3.027632 3.432468 3.540773 5.479583 5.694897 5.630722 3.954656 3.187990 2.461158 1.725724 1.662664 1.240296 0.466579 0.810581 0.989509 1.455929 0.102832 0.572350 -9999.0
-9999.0 0.113940 -0.055173 -0.040289 0.050016 -1.467114 -2.483803 -3.033679 -0.022720 -0.035809 -2.180942 -1.207235 -0.004011 1.466562 -0.108932 -3.299207 -2.328624 -1.917681 -0.516355 -0.021175 1.917930 1.491775 2.536180 2.207013 4.209005 5.181116 5.037836 5.310538 5.091190 5.969087 6.133101 5.889970 5.904213 6.913599 8.806646 10.049025 12.783377 13.873661 12.688207 11.649207 10.893117 9.870491 8.938482 7.640591 7.537432 7.396989 6.867376 6.517058 5.852140 4.902755 3.137745 1.547686 0.569792 1.150559 0.398986 -0.027949 -0.050691 -0.086321 -0.041525 -0.208769 -0.024134 -9999.0 -9999.0
