user2019/resources/simulation/Vinschgau/output-maps/TsL0002N1216.asc
ncols         63
nrows         48
xllcorner     598000.000000
yllcorner     5145000.000000
cellsize      1000.000000
NODATA_value  -9999.0
[rows 0 to 27 of 48, columns 0 to 62 of 63]
-9999.0 -9999.0 -9999.0 -9999.0 -9999.0 -9999.0 -9999.0 -9999.0 -9999.0 -9999.0 -9999.0 -9999.0 -9999.0 -9999.0 -9999.0 -9999.0 -9999.0 -9999.0 -9999.0 -9999.0 -9999.0 -9999.0 -9999.0 -9999.0 -9999.0 -9999.0 -9999.0 -9999.0 -9999.0 -9999.0 -9999.0 -9999.0 -9999.0 -9999.0 -9999.0 -9999.0 -9999.0 -9999.0 -9999.0 -9999.0 -9999.0 -9999.0 -9999.0 -9999.0 -9999.0 -9999.0 -9999.0 -9999.0 -9999.0 -9999.0 -9999.0 -9999.0 -9999.0 -9999.0 -9999.0 -9999.0 -9999.0 -9999.0 -9999.0 -9999.0 -9999.0 -9999.0 -9999.0
-9999.0 -9999.0 -9999.0 -9999.0 -9999.0 -9999.0 -9999.0 -9999.0 -9999.0 -9999.0 -9999.0 -9999.0 -9999.0 -9999.0 -9999.0 -9999.0 -9999.0 -9999.0 -9999.0 -9999.0 -9999.0 -9999.0 -9999.0 -9999.0 -9999.0 -9999.0 -9999.0 7.472067 5.451598 7.621506 3.360444 -0.000997 -0.003420 -9999.0 -9999.0 -9999.0 -9999.0 -9999.0 -9999.0 -9999.0 -9999.0 -9999.0 -9999.0 -9999.0 -9999.0 -9999.0 -9999.0 -9999.0 -9999.0 -9999.0 -9999.0 -9999.0 -9999.0 -9999.0 -9999.0 -9999.0 -9999.0 -9999.0 -9999.0 -9999.0 -9999.0 -9999.0 -9999.0
-9999.0 -9999.0 -9999.0 -9999.0 -9999.0 -9999.0 -9999.0 -9999.0 -9999.0 -9999.0 -9999.0 -9999.0 -9999.0 -9999.0 -9999.0 -9999.0 -9999.0 -9999.0 -9999.0 -9999.0 -9999.0 -9999.0 -9999.0 -9999.0 6.087141 6.783220 7.062500 6.163780 6.757853 6.490198 2.016596 -9999.0 -9999.0 -9999.0 -9999.0 -9999.0 -9999.0 -9999.0 -9999.0 -9999.0 -9999.0 -9999.0 -9999.0 -9999.0 -9999.0 -9999.0 -9999.0 -9999.0 -9999.0 -9999.0 -9999.0 -9999.0 -9999.0 -9999.0 -9999.0 -9999.0 -9999.0 -9999.0 -9999.0 -9999.0 -9999.0 -9999.0 -9999.0
-9999.0 -9999.0 -9999.0 -9999.0 -9999.0 -9999.0 -9999.0 -9999.0 -9999.0 -9999.0 -9999.0 -9999.0 -9999.0 -9999.0 -9999.0 -9999.0 -9999.0 -9999.0 -9999.0 -9999.0 -9999.0 -9999.0 -9999.0 7.028802 7.944865 5.718449 5.964730 6.109226 6.323661 6.962309 2.179051 -0.002550 -9999.0 -9999.0 -9999.0 -9999.0 -9999.0 -9999.0 -9999.0 -9999.0 -9999.0 -9999.0 -9999.0 -9999.0 -9999.0 -9999.0 -9999.0 -9999.0 -9999.0 -9999.0 -9999.0 -9999.0 -9999.0 -9999.0 -9999.0 -9999.0 -9999.0 -9999.0 -9999.0 -9999.0 -9999.0 -9999.0 -9999.0
-9999.0 -9999.0 -9999.0 -9999.0 -9999.0 -9999.0 -9999.0 -9999.0 -9999.0 -9999.0 -9999.0 -9999.0 -9999.0 -9999.0 -9999.0 -9999.0 -9999.0 -9999.0 13.152201 8.114110 -9999.0 7.572249 8.070543 5.698764 5.546450 6.399891 8.434256 9.034799 4.055464 2.649636 6.381567 3.013413 3.832287 5.508762 -9999.0 -9999.0 -9999.0 -9999.0 -9999.0 -9999.0 -9999.0 -9999.0 -9999.0 -9999.0 -9999.0 -9999.0 -9999.0 -9999.0 -9999.0 -9999.0 -9999.0 -9999.0 -9999.0 -9999.0 -9999.0 -9999.0 -9999.0 -9999.0 -9999.0 -9999.0 -9999.0 -9999.0 -9999.0
-9999.0 -9999.0 -9999.0 -9999.0 -9999.0 -9999.0 -9999.0 -9999.0 -9999.0 -9999.0 -9999.0 -9999.0 -9999.0 -9999.0 -9999.0 -9999.0 -9999.0 6.270452 4.920973 6.230691 11.119747 2.028084 3.216557 5.627922 9.754775 0.744936 -0.024949 2.287583 -0.020802 3.748969 8.299116 6.634953 8.197446 6.728563 3.622477 4.388283 -9999.0 -9999.0 -9999.0 -9999.0 -9999.0 -9999.0 -9999.0 -9999.0 -9999.0 -9999.0 -9999.0 -9999.0 -9999.0 -9999.0 -9999.0 -9999.0 -9999.0 -9999.0 -9999.0 -9999.0 -9999.0 -9999.0 -9999.0 -9999.0 -9999.0 -9999.0 -9999.0
-9999.0 -9999.0 -9999.0 -9999.0 -9999.0 -9999.0 -9999.0 -9999.0 -9999.0 -9999.0 -9999.0 -9999.0 -9999.0 12.851070 5.351904 4.672112 6.023434 18.691276 6.038844 6.220416 5.948981 5.440885 6.382186 10.102697 -0.008390 7.765139 -0.001741 -0.010574 -0.013300 0.518250 -0.047640 7.038000 5.572132 3.736772 4.771760 3.997468 -9999.0 -9999.0 -9999.0 -9999.0 -9999.0 -9999.0 -9999.0 -9999.0 -9999.0 -9999.0 -9999.0 -9999.0 -9999.0 -9999.0 -9999.0 -9999.0 -9999.0 -9999.0 -9999.0 -9999.0 -9999.0 -9999.0 -9999.0 -9999.0 -9999.0 -9999.0 -9999.0
-9999.0 -9999.0 -9999.0 -9999.0 -9999.0 -9999.0 -9999.0 -9999.0 -9999.0 -9999.0 -9999.0 -9999.0 -9999.0 13.553631 7.400445 5.418544 5.231440 19.055087 18.739849 8.388341 5.366780 12.647652 3.821095 2.363424 3.958490 2.337661 5.320288 7.816448 5.578492 -0.026483 -0.053192 3.418928 3.948769 2.825325 2.940892 -9999.0 -9999.0 -9999.0 -9999.0 -9999.0 -9999.0 -9999.0 -9999.0 -9999.0 -9999.0 -9999.0 -9999.0 -9999.0 -9999.0 -9999.0 -9999.0 -9999.0 -9999.0 -9999.0 -9999.0 -9999.0 -9999.0 -9999.0 -9999.0 -9999.0 -9999.0 -9999.0 -9999.0
-9999.0 -9999.0 -9999.0 -9999.0 -9999.0 -9999.0 -9999.0 -9999.0 -9999.0 -9999.0 -9999.0 -9999.0 -9999.0 7.636386 8.896544 8.763135 5.166710 5.831072 19.487585 6.139475 16.155954 5.152848 0.982011 -0.018097 4.443183 3.379667 9.254970 5.048812 -0.002071 3.608386 1.393048 -1.235578 3.140362 -4.483897 5.243784 -9999.0 -9999.0 -9999.0 -9999.0 -9999.0 -9999.0 -9999.0 -9999.0 -9999.0 -9999.0 -9999.0 -9999.0 -9999.0 -9999.0 -9999.0 -9999.0 -9999.0 -9999.0 -9999.0 -9999.0 -9999.0 -9999.0 -9999.0 -9999.0 -9999.0 -9999.0 -9999.0 -9999.0
-9999.0 -9999.0 -9999.0 -9999.0 -9999.0 -9999.0 -9999.0 -9999.0 -9999.0 -9999.0 -9999.0 -9999.0 6.574725 8.505943 8.510631 6.933000 3.803877 5.521688 20.428684 8.430350 6.388408 1.545062 1.995218 -0.005600 -0.054951 5.227393 -0.601564 1.021422 4.798058 3.716232 -0.000537 3.989237 -0.003651 5.414920 -9999.0 -9999.0 -9999.0 -9999.0 -9999.0 -9999.0 -9999.0 -9999.0 -9999.0 -9999.0 -9999.0 -9999.0 -9999.0 -9999.0 -9999.0 -9999.0 -9999.0 -9999.0 -9999.0 -9999.0 -9999.0 -9999.0 -9999.0 -9999.0 -9999.0 -9999.0 -9999.0 -9999.0 -9999.0
-9999.0 -9999.0 -9999.0 -9999.0 -9999.0 -9999.0 -9999.0 -9999.0 -9999.0 -9999.0 -9999.0 12.296110 8.015108 4.175757 8.181369 16.602733 7.860900 5.816074 19.634613 9.798684 4.061473 5.071556 8.587317 6.484230 2.387114 6.137503 -0.002279 4.509417 -0.003325 3.192649 4.673243 5.697041 4.769633 4.340283 3.993076 5.612322 0.847351 5.308749 5.300127 -9999.0 -9999.0 -9999.0 5.175125 -9999.0 -9999.0 -9999.0 -9999.0 -9999.0 -9999.0 -9999.0 -9999.0 -9999.0 -9999.0 -9999.0 -9999.0 -9999.0 -9999.0 -9999.0 -9999.0 -9999.0 -9999.0 -9999.0 -9999.0
-9999.0 -9999.0 -9999.0 -9999.0 -9999.0 -9999.0 -9999.0 -9999.0 -9999.0 -9999.0 -9999.0 11.218454 7.440919 9.188978 9.030035 16.902938 10.392060 6.309983 20.072141 14.464299 15.848930 11.545134 7.390803 -0.084327 -0.055136 5.170243 3.836890 6.275373 7.601560 4.101371 4.121439 5.699215 -0.002846 -0.002247 1.351662 4.797846 6.865257 8.582657 6.046102 4.202486 4.786985 5.862435 3.458034 4.373645 -9999.0 -9999.0 -9999.0 1.570447 -0.001559 2.537010 -0.003624 2.498439 2.654480 -0.002462 -0.003138 2.866553 -9999.0 -9999.0 -9999.0 -9999.0 -9999.0 -9999.0 -9999.0
-9999.0 -9999.0 -9999.0 -9999.0 -9999.0 -9999.0 -9999.0 -9999.0 -9999.0 -9999.0 -9999.0 10.888528 12.332393 3.381943 15.378955 17.963762 5.709443 5.043122 16.637814 14.297656 3.191217 1.382301 -0.036882 5.984025 5.289738 7.747226 -0.046918 -0.956801 5.944417 -0.001573 5.591208 -0.062368 5.921477 -0.003246 4.199819 6.424433 -0.241157 -0.045541 9.919392 5.438438 5.492851 1.898961 6.153221 4.159919 -0.003616 -9999.0 6.232028 -0.003140 3.072540 5.114624 5.881333 7.761356 4.631970 0.776712 -0.001634 -0.003202 -9999.0 -9999.0 -9999.0 -9999.0 -9999.0 -9999.0 -9999.0
-9999.0 -9999.0 -9999.0 -9999.0 -9999.0 -9999.0 -9999.0 -9999.0 -9999.0 -9999.0 -9999.0 -9999.0 11.518000 0.891585 13.999659 14.733474 1.931895 4.026625 18.811640 13.894343 3.120032 2.554204 -0.024078 -0.044912 -0.119759 -0.047777 6.008319 6.125186 2.886502 4.719673 3.738785 -0.048238 6.339800 -0.001040 -0.001973 5.518581 -0.043458 -0.106442 10.242751 8.536137 9.549343 9.204739 -0.048205 6.839538 4.436642 -0.003097 2.993576 -0.002732 -0.110779 -0.047786 -0.022244 -1.075454 -1.108106 -0.494994 -0.125299 1.355555 -0.002958 -9999.0 -9999.0 -9999.0 -9999.0 -9999.0 -9999.0
-9999.0 -9999.0 -9999.0 -9999.0 -9999.0 -9999.0 -9999.0 -9999.0 -9999.0 -9999.0 -9999.0 -0.033980 8.676830 14.192909 0.981717 2.640379 4.172183 3.249841 18.082643 5.034030 3.388789 1.349667 0.165892 -0.043502 -0.043439 -0.124343 -0.049330 1.774118 -0.000948 7.859620 -0.046244 -0.217687 7.087894 -0.000672 1.216763 4.178873 5.419620 -0.025325 1.893340 11.539148 -0.026377 -0.006258 -0.020659 -0.000711 7.955828 1.793344 4.883123 7.350956 8.538515 -0.013224 -0.256203 2.529916 -0.705502 -3.187450 -3.645854 -1.795148 2.955757 -9999.0 -9999.0 -9999.0 -9999.0 -9999.0 -9999.0
-9999.0 -9999.0 -9999.0 -9999.0 -9999.0 -9999.0 -9999.0 -9999.0 -9999.0 -9999.0 6.190325 -0.029057 8.129118 9.014986 11.324133 1.193332 0.793691 -0.008559 4.237708 4.674154 11.355657 8.487577 -0.058416 9.037783 -0.015547 -0.089257 -0.064661 -1.012236 6.734913 7.436943 -0.087796 -0.136616 6.584768 -0.001366 4.538471 5.801604 6.789572 -0.039550 -0.241637 2.190589 2.372996 3.446176 11.875944 1.518533 -0.016625 7.639694 5.915637 -0.036297 -0.070613 -0.005460 -1.496413 2.528445 -4.066693 -3.086262 1.385416 0.142074 -0.000922 -9999.0 -9999.0 -9999.0 -9999.0 -9999.0 -9999.0
-9999.0 -9999.0 -9999.0 -9999.0 -9999.0 -9999.0 -9999.0 -9999.0 -9999.0 5.805220 7.227170 -0.017595 -0.003476 -0.029006 -0.023633 -0.028402 -0.019016 11.728006 4.167300 4.727489 11.851839 1.585963 0.885572 3.015715 1.539696 -0.510782 -0.123443 7.337907 -0.019969 -0.001555 1.619388 -0.708744 5.838823 3.855962 5.717908 5.661854 6.644162 -0.049484 -0.046352 -0.026297 -0.600315 -0.307857 -0.050362 2.163308 1.657269 -0.016796 9.636505 -0.032294 -0.031235 1.709450 -0.109254 2.507221 -2.125769 2.736524 2.280578 -2.888291 -2.139223 4.214453 2.351155 -9999.0 -9999.0 -9999.0 -9999.0
-9999.0 -9999.0 -9999.0 -9999.0 -9999.0 -9999.0 -9999.0 -9999.0 -9999.0 5.325253 5.531229 7.957366 7.994926 -0.001960 -0.020547 -0.029347 9.657761 2.969523 4.738971 13.272327 12.665294 12.791232 9.107194 6.841961 -0.176835 -0.050176 -0.031491 -0.004771 2.455874 6.865328 6.130569 -1.072713 4.860584 -0.002803 3.146599 5.608035 7.245780 9.066141 5.454436 7.422951 -0.047081 -0.057638 -0.024497 2.815139 3.270951 4.367357 4.027189 2.606703 -0.003900 2.066929 -1.977406 -2.282422 0.993190 -0.009850 2.413725 -3.845171 -2.034740 -0.106304 6.382975 -9999.0 -9999.0 -9999.0 -9999.0
-9999.0 -9999.0 -9999.0 -9999.0 -9999.0 -9999.0 -9999.0 -9999.0 -9999.0 -9999.0 3.694625 7.255273 -0.009070 -0.155011 0.093337 -0.019012 -0.005354 4.198422 5.516288 7.506045 12.658911 3.430442 -0.018987 -0.584825 -0.040919 -0.015210 1.964506 3.019872 6.151670 -0.651097 -0.960086 -0.796162 -0.578223 0.082209 5.569253 7.263720 7.399246 7.376962 7.009749 4.328146 3.375655 7.292546 7.035384 -0.014659 -0.010335 -0.005797 2.348010 9.391011 5.887276 2.214142 -0.930243 -0.143290 1.844091 0.928768 -0.011157 -0.003090 4.292614 -0.080706 -0.061105 -0.011210 -9999.0 -9999.0 -9999.0
-9999.0 -9999.0 -9999.0 -9999.0 -9999.0 -9999.0 -9999.0 -9999.0 -9999.0 -9999.0 2.569768 5.951326 7.228401 -0.001167 7.845078 0.538281 -0.009261 3.245661 5.903982 8.358370 4.091545 2.286269 -0.021648 -0.019978 -0.015776 2.530040 3.769345 -0.006508 -0.358112 -0.368613 4.113367 6.198706 -0.473317 -0.002394 4.434099 7.612760 -0.073152 -0.045593 -0.111653 0.562919 4.815443 9.670183 -0.035688 7.114196 7.974944 -0.048356 -0.001592 -0.009340 3.651108 4.442461 1.073736 -0.104996 -1.046696 2.201329 0.827441 0.935282 -0.003321 -0.032947 1.334998 3.696340 -9999.0 -9999.0 -9999.0
-9999.0 -9999.0 -9999.0 -9999.0 -9999.0 -9999.0 -9999.0 -9999.0 5.533634 3.183346 -0.001279 5.867238 -0.658791 -0.025152 -0.026629 2.139372 3.596364 13.554448 8.601753 8.836430 5.823766 4.852261 4.037314 2.424911 2.635469 2.418769 7.982183 -0.092703 -0.161411 -0.276308 2.732515 4.316404 4.161882 -0.000479 5.021185 5.609672 10.185906 -0.035661 -1.557780 5.674359 8.159756 7.115800 -0.186632 6.797183 9.745272 6.470177 -1.391540 -0.025754 -0.006644 4.333059 2.276335 -1.677877 -0.931420 -2.733007 0.976990 -0.002993 4.526846 7.530618 2.717978 4.997062 -9999.0 -9999.0 -9999.0
-9999.0 -9999.0 -9999.0 -9999.0 -9999.0 -9999.0 -9999.0 -9999.0 -0.855409 -0.060231 -0.163215 -0.000628 5.589274 -0.196514 -0.105249 -0.005683 2.576857 3.162477 6.167913 9.399692 18.943225 16.525604 16.867772 16.228641 4.122743 3.931691 1.307952 -0.047208 -2.442923 0.846981 -0.002391 6.460613 5.606212 7.252907 5.994992 7.102683 11.251479 1.732545 -0.022948 6.555605 4.098403 0.276285 7.568955 6.997902 5.977198 -0.041598 -0.556495 6.216811 -0.019421 1.900514 3.623074 -0.020661 -3.955926 -0.003209 4.538383 -0.660740 -0.036154 -0.001149 4.676450 7.757944 9.093397 -9999.0 -9999.0
-9999.0 -9999.0 -9999.0 -9999.0 -9999.0 -9999.0 -9999.0 -9999.0 4.300342 4.588750 0.827902 -0.487928 5.348288 -0.112493 -0.032162 -0.082859 0.801410 5.799219 6.090005 18.224427 9.832860 16.238753 16.834596 8.680476 13.295996 3.849467 0.836990 -0.315122 -0.859182 4.164802 7.588343 7.088615 -0.072171 -0.052682 7.642649 10.514823 0.674562 2.135687 -0.023055 -0.033894 6.486065 8.312922 6.509828 4.664516 -0.067410 5.952746 5.484405 4.502316 -0.093393 -0.015247 3.028569 2.016504 -2.677605 -3.769129 -0.022819 -0.001302 2.763124 4.418956 7.786653 7.957187 8.511186 -9999.0 -9999.0
-9999.0 -9999.0 -9999.0 -9999.0 -9999.0 -9999.0 -9999.0 -9999.0 2.655544 6.359091 -0.028383 -1.017771 5.338888 -0.050349 -0.534098 0.654535 4.613746 5.865481 12.884523 6.304316 9.226375 9.595744 15.312007 14.520940 4.234105 1.576207 -0.027846 -0.997814 7.214004 -0.036384 -0.031709 -0.023476 -0.001028 -0.004325 -0.017946 10.352772 13.401149 4.739001 1.239639 -0.006440 7.681333 8.068730 7.786047 9.623875 4.997442 8.272869 7.039326 8.624836 5.278536 -0.036594 -0.009024 2.796641 2.190601 -0.020285 2.361540 3.335672 5.335875 5.371460 6.273962 8.233904 7.202987 3.277354 -9999.0
-9999.0 -9999.0 -9999.0 -9999.0 -9999.0 -9999.0 -9999.0 -9999.0 -0.003408 5.258302 -0.207281 -0.628774 -0.060710 -0.036348 6.848813 4.402397 9.450736 2.983073 1.405566 3.519319 5.386245 8.914808 9.192848 8.878023 12.661224 0.674225 -0.190895 -0.016657 0.656536 0.874524 -0.041533 2.039287 4.120099 3.023406 2.314117 3.775920 6.213789 6.753835 6.099647 4.140240 2.703021 2.442133 2.575640 0.579411 -0.034087 8.602329 -0.020825 -0.030976 -0.022499 1.832117 3.574396 2.332984 2.507370 3.764521 4.213479 4.657175 5.475907 6.513439 7.410562 7.697020 4.783125 2.702295 -9999.0
-9999.0 -9999.0 6.027852 5.952058 -1.212383 -0.057282 -0.887434 -0.155002 -0.000786 3.352896 -0.605759 -0.596866 -0.031608 1.663468 8.352715 3.158011 -0.016631 -0.320728 -0.026600 -0.005829 3.401683 6.081958 8.132104 6.773893 6.948336 2.672292 -0.008749 0.562978 3.185611 8.262960 -0.017824 1.451572 11.258678 4.068472 7.142220 5.335359 9.827742 9.008676 7.930181 5.258966 7.629814 7.580623 4.957488 4.685460 -0.006472 2.308056 3.518912 1.965664 4.726273 6.022606 7.195080 6.324370 5.233605 4.663994 4.499932 13.063198 5.225548 5.756021 5.631812 4.131652 9.850063 1.921692 -9999.0
-9999.0 -0.032016 -0.049088 -0.045361 -0.051768 -0.250398 -0.601899 -0.186734 -0.871839 -0.001398 -0.112185 -0.103113 0.044386 7.456252 6.646209 -0.071690 -0.049156 -0.084216 -0.046766 -0.013059 3.180839 4.916556 12.226936 5.485274 13.919114 6.827410 12.055577 12.259162 7.531159 5.667618 6.183566 6.381955 8.064569 14.892750 10.391026 11.633819 13.307889 11.904234 13.421830 11.815114 10.986261 10.827886 10.097569 5.505316 4.208298 4.595683 7.063223 6.583610 9.122654 6.653959 7.175852 5.923687 5.025623 4.169762 4.076757 3.388584 1.262799 1.629200 3.234518 7.684345 1.065789 1.726964 -9999.0
-9999.0 9.002530 -0.001659 -0.013979 5.017602 -0.023803 -1.551459 -0.451545 -0.002322 -0.002340 -0.131292 -0.320091 0.748335 7.126369 -0.033558 -3.007103 -0.158434 -0.110620 -0.113919 -0.008088 8.017990 2.541757 3.661978 5.032159 15.105311 16.565025 6.101389 8.734060 8.483286 7.068972 7.209934 7.000560 9.735562 10.587059 17.839708 13.561412 24.496109 25.468018 16.360627 15.285568 14.588300 13.486472 12.469362 8.727271 8.588695 8.465929 10.260292 9.843946 9.165444 8.268063 6.207380 2.568629 1.433626 1.904477 1.078307 -0.024744 -0.029701 -0.028474 -0.025371 -0.035263 -0.022151 -9999.0 -9999.0
