user2019/resources/simulation/Vinschgau/output-maps/TsL0004N0073.asc
ncols         63
nrows         48
xllcorner     598000.000000
yllcorner     5145000.000000
cellsize      1000.000000
NODATA_value  -9999.0
[rows 0 to 27 of 48, columns 0 to 62 of 63]
-9999.0 -9999.0 -9999.0 -9999.0 -9999.0 -9999.0 -9999.0 -9999.0 -9999.0 -9999.0 -9999.0 -9999.0 -9999.0 -9999.0 -9999.0 -9999.0 -9999.0 -9999.0 -9999.0 -9999.0 -9999.0 -9999.0 -9999.0 -9999.0 -9999.0 -9999.0 -9999.0 -9999.0 -9999.0 -9999.0 -9999.0 -9999.0 -9999.0 -9999.0 -9999.0 -9999.0 -9999.0 -9999.0 -9999.0 -9999.0 -9999.0 -9999.0 -9999.0 -9999.0 -9999.0 -9999.0 -9999.0 -9999.0 -9999.0 -9999.0 -9999.0 -9999.0 -9999.0 -9999.0 -9999.0 -9999.0 -9999.0 -9999.0 -9999.0 -9999.0 -9999.0 -9999.0 -9999.0
-9999.0 -9999.0 -9999.0 -9999.0 -9999.0 -9999.0 -9999.0 -9999.0 -9999.0 -9999.0 -9999.0 -9999.0 -9999.0 -9999.0 -9999.0 -9999.0 -9999.0 -9999.0 -9999.0 -9999.0 -9999.0 -9999.0 -9999.0 -9999.0 -9999.0 -9999.0 -9999.0 -0.553385 -0.846361 -0.862323 -0.682793 -0.712842 -0.766126 -9999.0 -9999.0 -9999.0 -9999.0 -9999.0 -9999.0 -9999.0 -9999.0 -9999.0 -9999.0 -9999.0 -9999.0 -9999.0 -9999.0 -9999.0 -9999.0 -9999.0 -9999.0 -9999.0 -9999.0 -9999.0 -9999.0 -9999.0 -9999.0 -9999.0 -9999.0 -9999.0 -9999.0 -9999.0 -9999.0
-9999.0 -9999.0 -9999.0 -9999.0 -9999.0 -9999.0 -9999.0 -9999.0 -9999.0 -9999.0 -9999.0 -9999.0 -9999.0 -9999.0 -9999.0 -9999.0 -9999.0 -9999.0 -9999.0 -9999.0 -9999.0 -9999.0 -9999.0 -9999.0 -0.103576 -0.612548 -0.781896 -0.919689 -0.684271 -0.846189 -0.701339 -9999.0 -9999.0 -9999.0 -9999.0 -9999.0 -9999.0 -9999.0 -9999.0 -9999.0 -9999.0 -9999.0 -9999.0 -9999.0 -9999.0 -9999.0 -9999.0 -9999.0 -9999.0 -9999.0 -9999.0 -9999.0 -9999.0 -9999.0 -9999.0 -9999.0 -9999.0 -9999.0 -9999.0 -9999.0 -9999.0 -9999.0 -9999.0
-9999.0 -9999.0 -9999.0 -9999.0 -9999.0 -9999.0 -9999.0 -9999.0 -9999.0 -9999.0 -9999.0 -9999.0 -9999.0 -9999.0 -9999.0 -9999.0 -9999.0 -9999.0 -9999.0 -9999.0 -9999.0 -9999.0 -9999.0 -0.392139 -0.039596 -0.003525 -0.004754 0.001271 -0.013011 -1.020520 -0.842117 -0.599879 -9999.0 -9999.0 -9999.0 -9999.0 -9999.0 -9999.0 -9999.0 -9999.0 -9999.0 -9999.0 -9999.0 -9999.0 -9999.0 -9999.0 -9999.0 -9999.0 -9999.0 -9999.0 -9999.0 -9999.0 -9999.0 -9999.0 -9999.0 -9999.0 -9999.0 -9999.0 -9999.0 -9999.0 -9999.0 -9999.0 -9999.0
-9999.0 -9999.0 -9999.0 -9999.0 -9999.0 -9999.0 -9999.0 -9999.0 -9999.0 -9999.0 -9999.0 -9999.0 -9999.0 -9999.0 -9999.0 -9999.0 -9999.0 -9999.0 0.023426 -0.006661 -9999.0 -0.237388 -0.112645 0.008470 0.016302 0.010372 -0.221827 -0.213864 0.021434 -0.014564 -0.881145 -0.927676 -0.813653 -0.997215 -9999.0 -9999.0 -9999.0 -9999.0 -9999.0 -9999.0 -9999.0 -9999.0 -9999.0 -9999.0 -9999.0 -9999.0 -9999.0 -9999.0 -9999.0 -9999.0 -9999.0 -9999.0 -9999.0 -9999.0 -9999.0 -9999.0 -9999.0 -9999.0 -9999.0 -9999.0 -9999.0 -9999.0 -9999.0
-9999.0 -9999.0 -9999.0 -9999.0 -9999.0 -9999.0 -9999.0 -9999.0 -9999.0 -9999.0 -9999.0 -9999.0 -9999.0 -9999.0 -9999.0 -9999.0 -9999.0 -0.006144 -0.008316 -0.005536 -0.552381 -0.119751 -0.018120 -0.060164 -0.006367 -0.008223 -0.024037 -0.020507 -0.104873 -0.259105 -0.010573 -0.945464 -0.775978 -1.055753 -0.779749 -1.183611 -9999.0 -9999.0 -9999.0 -9999.0 -9999.0 -9999.0 -9999.0 -9999.0 -9999.0 -9999.0 -9999.0 -9999.0 -9999.0 -9999.0 -9999.0 -9999.0 -9999.0 -9999.0 -9999.0 -9999.0 -9999.0 -9999.0 -9999.0 -9999.0 -9999.0 -9999.0 -9999.0
-9999.0 -9999.0 -9999.0 -9999.0 -9999.0 -9999.0 -9999.0 -9999.0 -9999.0 -9999.0 -9999.0 -9999.0 -9999.0 -0.047921 -0.009546 -0.223338 -0.010704 -0.002694 -0.007423 0.016577 0.019329 0.036599 -0.009107 -0.006486 -0.294294 -0.417195 -0.730346 -0.582443 -0.637571 -0.037089 -0.072902 -0.128834 -0.592736 -0.845380 -1.536818 -1.893176 -9999.0 -9999.0 -9999.0 -9999.0 -9999.0 -9999.0 -9999.0 -9999.0 -9999.0 -9999.0 -9999.0 -9999.0 -9999.0 -9999.0 -9999.0 -9999.0 -9999.0 -9999.0 -9999.0 -9999.0 -9999.0 -9999.0 -9999.0 -9999.0 -9999.0 -9999.0 -9999.0
-9999.0 -9999.0 -9999.0 -9999.0 -9999.0 -9999.0 -9999.0 -9999.0 -9999.0 -9999.0 -9999.0 -9999.0 -9999.0 -0.010647 0.032396 -0.165839 -0.174533 0.048742 -0.034637 0.019892 -0.006654 -0.057017 -0.200187 -0.079152 -0.082877 -0.156516 -0.753486 -0.659951 -0.737886 -0.655239 -0.373679 -0.858058 -1.628525 -2.236733 -2.147444 -9999.0 -9999.0 -9999.0 -9999.0 -9999.0 -9999.0 -9999.0 -9999.0 -9999.0 -9999.0 -9999.0 -9999.0 -9999.0 -9999.0 -9999.0 -9999.0 -9999.0 -9999.0 -9999.0 -9999.0 -9999.0 -9999.0 -9999.0 -9999.0 -9999.0 -9999.0 -9999.0 -9999.0
-9999.0 -9999.0 -9999.0 -9999.0 -9999.0 -9999.0 -9999.0 -9999.0 -9999.0 -9999.0 -9999.0 -9999.0 -9999.0 -0.006280 0.026234 0.043380 -0.157874 -0.246115 -0.034940 -0.005593 -0.007958 -0.444286 -0.010919 -0.030880 -0.023030 -0.014247 -0.666285 -0.718022 -0.702710 -1.065569 -0.762141 -1.970100 -2.011655 -2.383557 -2.513190 -9999.0 -9999.0 -9999.0 -9999.0 -9999.0 -9999.0 -9999.0 -9999.0 -9999.0 -9999.0 -9999.0 -9999.0 -9999.0 -9999.0 -9999.0 -9999.0 -9999.0 -9999.0 -9999.0 -9999.0 -9999.0 -9999.0 -9999.0 -9999.0 -9999.0 -9999.0 -9999.0 -9999.0
-9999.0 -9999.0 -9999.0 -9999.0 -9999.0 -9999.0 -9999.0 -9999.0 -9999.0 -9999.0 -9999.0 -9999.0 -0.005876 0.017471 0.012542 -0.690630 -0.006583 -0.258243 0.084345 -0.827572 -0.011111 -0.468026 -0.070862 -0.221562 -0.140963 -0.714299 -0.174171 -0.558349 -0.936149 -0.881620 -0.804395 -0.883837 -1.094372 -1.262417 -9999.0 -9999.0 -9999.0 -9999.0 -9999.0 -9999.0 -9999.0 -9999.0 -9999.0 -9999.0 -9999.0 -9999.0 -9999.0 -9999.0 -9999.0 -9999.0 -9999.0 -9999.0 -9999.0 -9999.0 -9999.0 -9999.0 -9999.0 -9999.0 -9999.0 -9999.0 -9999.0 -9999.0 -9999.0
-9999.0 -9999.0 -9999.0 -9999.0 -9999.0 -9999.0 -9999.0 -9999.0 -9999.0 -9999.0 -9999.0 -0.025643 -0.084673 -0.004002 -0.334018 -0.049159 -0.412838 -0.233412 0.102131 -0.713880 -0.175493 -0.005525 -0.350973 -0.655778 -0.287754 -0.650867 -0.686507 -0.581378 -0.699087 -1.397879 -0.647106 -0.992558 -0.992347 -1.434311 -1.272033 -1.467000 -2.003667 -2.467676 -2.495473 -9999.0 -9999.0 -9999.0 -1.280143 -9999.0 -9999.0 -9999.0 -9999.0 -9999.0 -9999.0 -9999.0 -9999.0 -9999.0 -9999.0 -9999.0 -9999.0 -9999.0 -9999.0 -9999.0 -9999.0 -9999.0 -9999.0 -9999.0 -9999.0
-9999.0 -9999.0 -9999.0 -9999.0 -9999.0 -9999.0 -9999.0 -9999.0 -9999.0 -9999.0 -9999.0 -0.086647 -0.026694 -0.009725 -0.010153 -0.044324 -0.009157 -0.157560 0.110839 0.059303 -0.003470 -0.001659 -0.199007 -0.409389 -0.500894 -0.605709 -0.531479 -0.819668 -0.627212 -0.660577 -0.813036 -0.906511 -0.940709 -0.991248 -1.366470 -1.720526 -1.948049 -3.766443 -4.546537 -5.055358 -3.411080 -2.624623 -1.452946 -1.094929 -9999.0 -9999.0 -9999.0 -0.016027 -0.010953 -0.080603 -0.008067 -0.010005 -0.014367 -0.004727 -0.004577 -0.009426 -9999.0 -9999.0 -9999.0 -9999.0 -9999.0 -9999.0 -9999.0
-9999.0 -9999.0 -9999.0 -9999.0 -9999.0 -9999.0 -9999.0 -9999.0 -9999.0 -9999.0 -9999.0 -0.047595 -0.072653 -0.581199 -0.055310 -0.389593 -0.045619 -0.222124 0.064872 0.076371 -0.211307 -0.007794 -0.041984 -0.258535 -0.598508 -0.518539 -0.208421 -0.166786 -0.625754 -0.673223 -0.741429 -0.947458 -1.087206 -1.219415 -1.451090 -2.497779 -4.736741 -3.922497 -3.169744 -5.961109 -3.247244 -1.822976 -1.235919 -1.219633 -0.921300 -9999.0 -0.555762 -0.034045 -0.008524 -0.004918 -0.006633 -0.036004 -0.000206 0.005525 0.003777 -0.003093 -9999.0 -9999.0 -9999.0 -9999.0 -9999.0 -9999.0 -9999.0
-9999.0 -9999.0 -9999.0 -9999.0 -9999.0 -9999.0 -9999.0 -9999.0 -9999.0 -9999.0 -9999.0 -9999.0 -0.040257 -0.033667 -0.006114 -0.009404 -0.110971 -0.208768 0.090657 0.104791 -0.217840 -0.006486 -0.004416 -0.018525 -0.506496 -0.067531 -0.002938 -0.661162 -0.581737 -0.477827 -0.856413 -0.972873 -1.081507 -1.206488 -1.151282 -2.051290 -5.372690 -3.483958 -1.324605 -5.195252 -2.126254 -2.182765 -2.179131 -0.011682 -0.865002 -0.404094 -0.293447 -0.061177 -0.177267 -0.042566 -0.110856 -0.015410 -0.018165 -0.011094 -0.060748 -0.138256 -0.007711 -9999.0 -9999.0 -9999.0 -9999.0 -9999.0 -9999.0
-9999.0 -9999.0 -9999.0 -9999.0 -9999.0 -9999.0 -9999.0 -9999.0 -9999.0 -9999.0 -9999.0 -0.023548 -0.434293 -0.038689 -0.010925 -0.011043 -0.021709 -0.620875 0.070616 -0.005831 -0.252077 -0.000255 -0.009815 -0.102422 -0.078112 -0.009154 -0.047383 -0.642574 -0.615706 -0.742336 -0.491053 -0.644522 -0.101921 -1.152123 -2.049961 -1.871632 -3.849118 -4.508322 -1.487328 -3.120562 -4.277420 -1.386675 -0.483562 -2.081522 -0.008827 -0.479500 -0.098809 -0.526318 -0.030627 -1.304230 -0.300635 -0.497007 -0.274259 -0.486042 -0.506608 -0.584352 -0.007769 -9999.0 -9999.0 -9999.0 -9999.0 -9999.0 -9999.0
-9999.0 -9999.0 -9999.0 -9999.0 -9999.0 -9999.0 -9999.0 -9999.0 -9999.0 -9999.0 -0.023201 -0.011962 -0.007143 -0.133804 -0.005370 -0.011842 -0.297031 -0.013607 -0.011449 -0.005268 0.046202 -0.009966 -0.007238 -0.001362 -0.005595 -0.069394 -0.577963 -0.565276 -0.013259 -0.013967 -0.026569 -0.198783 -0.845044 -0.951653 -2.698270 -1.615334 -2.514376 -5.689782 -3.340169 -0.697780 -0.508140 -2.390365 -0.678954 -0.688048 -0.074172 -1.017214 -0.052928 -0.529723 -0.070916 -0.076166 -0.169006 -0.544525 -0.551523 -0.630427 -0.595087 -0.002185 -0.003555 -9999.0 -9999.0 -9999.0 -9999.0 -9999.0 -9999.0
-9999.0 -9999.0 -9999.0 -9999.0 -9999.0 -9999.0 -9999.0 -9999.0 -9999.0 -0.461234 -0.035449 -0.023269 -0.008921 -0.012239 -0.008458 -0.033963 -0.049719 -0.001864 -0.005499 0.053307 0.087650 -0.006000 -0.004098 0.000197 -0.084735 -0.399830 -0.759931 -0.005282 -0.010728 -0.009218 -0.018894 -0.698382 -1.104050 -1.482305 -1.142704 -2.022885 -1.388780 -1.875569 -1.795439 -3.787096 -1.864844 -1.105097 -1.239802 -0.290395 -0.349787 -0.021517 0.022369 -0.237715 -0.399272 -0.047201 -0.161512 -0.032915 -0.666400 -0.319312 -0.016293 -0.016321 -0.005517 0.001990 -0.001630 -9999.0 -9999.0 -9999.0 -9999.0
-9999.0 -9999.0 -9999.0 -9999.0 -9999.0 -9999.0 -9999.0 -9999.0 -9999.0 -0.396386 -0.368672 -0.272661 0.019786 -0.007828 -0.010360 -0.010056 0.005297 -0.013712 0.055167 0.221114 0.204718 0.120344 -0.103636 -0.006040 -0.115407 -0.127765 -0.012010 -0.006019 -0.003782 -0.221108 -0.470216 -0.843500 -0.683286 -0.801486 -0.812573 -0.899254 -1.054226 -1.059966 -1.160357 -1.129324 -0.278310 -0.949234 -0.275406 -0.236619 -0.004821 0.019034 0.009586 -0.006951 -0.005571 -0.046860 -0.038047 -0.037366 -0.070087 -0.337262 -0.485761 -0.030596 -0.006583 -0.007722 0.002955 -9999.0 -9999.0 -9999.0 -9999.0
-9999.0 -9999.0 -9999.0 -9999.0 -9999.0 -9999.0 -9999.0 -9999.0 -9999.0 -9999.0 -0.412678 -0.095865 -0.021814 -0.116729 -0.010221 -0.008756 -0.007121 -0.004524 0.192535 0.204319 0.143738 -0.003522 -0.006246 -0.005323 -0.108682 -0.006835 -0.003532 -0.004746 -0.147089 -0.404940 -0.510443 -0.111247 -0.666120 -0.659052 -0.876155 -0.094369 -0.079786 -0.765236 -1.020296 -0.842902 -0.876369 -0.371247 -0.322615 -0.043857 -0.920609 -3.690271 -0.138554 -0.003224 0.061551 -0.056516 -0.044066 -0.036308 -0.008898 -0.012779 -0.182564 -0.501720 -0.047343 -0.011114 -0.003836 -0.004477 -9999.0 -9999.0 -9999.0
-9999.0 -9999.0 -9999.0 -9999.0 -9999.0 -9999.0 -9999.0 -9999.0 -9999.0 -9999.0 -0.436017 -0.329112 -0.050800 -0.008122 0.026942 -0.081011 -0.074167 -0.005243 0.285499 0.277655 0.038589 0.011918 -0.001033 -0.010045 -0.006744 -0.003676 -0.003598 -0.129603 -0.061527 -0.670504 -0.640233 -0.139856 -0.557323 -0.679681 -0.682478 -0.567260 -0.507847 -1.131548 -1.032729 -0.679735 -0.459756 -0.199562 -0.062377 -0.537332 -0.041146 -0.028182 -0.021609 -1.145153 -0.550000 0.061194 -0.047269 -0.022679 -0.011859 -0.008487 -0.022489 -0.005690 -0.511892 -0.005416 -0.319402 0.046084 -9999.0 -9999.0 -9999.0
-9999.0 -9999.0 -9999.0 -9999.0 -9999.0 -9999.0 -9999.0 -9999.0 -0.007650 -0.007674 -0.071923 -0.052325 -0.033706 -0.034016 -0.009841 -0.005022 -0.002735 0.248156 0.352015 0.536923 0.273442 0.079925 0.033442 0.040070 0.008157 -0.005751 -0.007211 -0.034881 -0.119567 -0.645855 -0.730607 -0.638803 -0.563834 -0.608815 -0.336350 -0.669462 -0.041552 -0.760167 -0.875299 -0.488995 -0.595696 -0.551097 -0.628621 -0.639812 -0.278636 -0.010286 -0.363237 -0.012347 -0.100536 0.081298 -0.017379 -0.009006 -0.011499 -0.022412 -0.001168 0.005359 0.002639 -0.003474 -0.004608 -0.001911 -9999.0 -9999.0 -9999.0
-9999.0 -9999.0 -9999.0 -9999.0 -9999.0 -9999.0 -9999.0 -9999.0 -0.021195 -0.009550 -0.230288 -0.547397 -0.391589 -0.012921 -0.010889 -0.132407 -0.007023 -0.005763 0.300284 0.873495 1.458771 1.038430 0.225827 0.052710 0.053077 0.097714 -0.014290 -0.057134 -0.611393 -0.280172 -0.303563 -0.522422 -0.179637 -0.361879 -0.029272 -0.029848 -0.036584 -0.092949 -0.617191 -0.056317 -0.640424 -0.670178 -0.592328 -0.010943 -0.021783 -0.023258 -0.516768 -0.403805 -0.051751 -0.049675 0.111634 -0.011373 -0.015146 0.000254 -0.028235 -0.006160 -0.010906 -0.035674 0.100754 1.336342 1.591611 -9999.0 -9999.0
-9999.0 -9999.0 -9999.0 -9999.0 -9999.0 -9999.0 -9999.0 -9999.0 -0.541908 -0.031197 -0.006206 -0.122170 -0.035970 -0.220741 -0.006549 -0.009468 -0.250465 0.004815 0.320031 1.392512 1.197952 1.223770 1.055054 0.560735 0.327393 0.059670 -0.435527 -0.115447 -0.765958 -0.597053 -0.545288 -0.031081 -0.618548 -0.533050 -0.010682 -0.012902 -0.040949 -0.056806 -0.160019 -0.228288 -0.265641 -0.325182 -0.011334 -0.160745 -0.255811 -0.321253 -0.044831 -0.005597 -0.051126 -0.052874 0.252195 -0.003982 -0.016468 -0.033842 -0.006505 -0.004098 0.031006 0.182815 0.527201 0.975744 1.537238 -9999.0 -9999.0
-9999.0 -9999.0 -9999.0 -9999.0 -9999.0 -9999.0 -9999.0 -9999.0 -0.553801 -0.054551 -0.004943 -0.504582 -0.005522 -0.005612 -0.001806 -0.228513 0.172346 0.327369 0.199059 0.561968 0.953761 1.292267 1.217092 1.114534 0.127754 -0.001387 -0.006478 -0.157025 -0.007014 -0.010846 -0.435322 -0.170382 -0.011011 -0.013129 -0.423314 -0.051491 -0.049661 -0.010583 -0.035415 -0.416328 -0.015522 -0.008075 -0.006090 -0.398035 -0.007732 -0.047695 -0.000328 -0.055424 -0.003689 -0.026745 -0.045342 0.285187 0.020020 -0.000985 0.077384 0.201026 0.359492 0.302408 1.784428 1.450876 0.293192 -0.059463 -9999.0
-9999.0 -9999.0 -9999.0 -9999.0 -9999.0 -9999.0 -9999.0 -9999.0 -0.162487 -0.031765 -0.004777 -0.003804 -0.001600 -0.126088 0.009479 0.096046 0.074316 0.034557 -0.013853 0.039440 0.275932 1.125557 1.198890 1.175709 0.083621 0.004725 -0.026229 -0.006737 -0.003702 -0.004922 -0.014108 -0.011247 -0.012057 -0.011320 -0.095116 -0.033232 -0.017089 0.006094 -0.066744 -0.026224 -0.069959 -0.033676 -0.014552 -0.026572 -0.565785 -0.008816 -0.032433 -0.013400 -0.010166 -0.013218 0.032697 -0.006283 0.256895 0.256686 0.256522 0.253240 1.075641 1.230754 0.725184 0.287735 -0.009235 -0.044128 -9999.0
-9999.0 -9999.0 -0.304517 -0.045222 -0.035850 -0.111042 -0.009997 -0.210927 -0.051015 -0.029385 -0.024218 -0.134756 -0.112394 -0.011362 0.164883 0.056246 -0.175432 -0.036138 -0.034311 -0.180866 0.041986 0.693658 0.994454 0.897858 0.235906 -0.003119 -0.001971 -0.013780 -0.323687 -0.002797 -0.009846 -0.003501 0.055060 -0.067068 -0.007400 -0.051910 -0.004028 0.028364 -0.046707 -0.024573 -0.063334 -0.047880 -0.048662 -0.049069 -0.011107 -0.012922 -0.013066 -0.044968 0.047832 0.193493 0.351529 0.807886 0.936526 0.500995 0.490167 1.512591 0.357181 0.325644 0.158509 -0.016280 -0.001890 -0.000969 -9999.0
-9999.0 -0.009347 -0.009291 -0.009687 -0.016874 -0.006696 -0.027543 -0.103818 -0.159887 -0.292541 -0.028406 -0.004771 -0.121445 0.120006 0.048952 0.001299 -0.031043 -0.044932 -0.017264 -0.165658 0.035066 0.295968 0.312249 0.436950 0.589193 0.200655 0.246477 0.266036 0.217195 0.093313 0.040578 0.018660 -0.001480 0.275533 0.090389 0.209841 0.169189 0.290221 0.180628 0.006409 -0.001278 0.125982 0.091927 -0.044746 -0.003186 0.047466 0.172797 0.294640 0.755916 0.273745 1.042886 0.866332 0.465553 0.162718 0.159019 0.089142 -0.016605 -0.044586 -0.004083 -0.012490 0.001120 0.000631 -9999.0
-9999.0 -0.019857 -0.005660 -0.004942 0.011768 -0.005335 -0.015673 -0.385706 -0.139966 -0.156818 -0.036368 -0.004956 -0.110352 0.050714 -0.112865 -0.034601 -0.085414 -0.193642 -0.003960 -0.144736 0.027847 0.077696 0.245661 0.126223 0.555610 0.688388 0.463799 0.677649 0.616359 0.404796 0.371456 0.306361 0.300034 0.326071 0.672129 0.728039 1.048981 1.126627 0.877399 0.791146 0.869212 0.529483 0.362758 0.347033 0.428622 0.963210 1.178806 1.452837 1.238894 1.121283 0.323843 -0.004849 -0.032502 -0.005789 -0.020820 -0.046802 -0.045408 -0.008065 -0.005711 -0.004216 -0.003111 -9999.0 -9999.0
