user2019/resources/simulation/Vinschgau/output-maps/TsL0001N1448.asc
ncols         63
nrows         48
xllcorner     598000.000000
yllcorner     5145000.000000
cellsize      1000.000000
NODATA_value  -9999.0
[rows 0 to 27 of 48, columns 0 to 62 of 63]
-9999.0 -9999.0 -9999.0 -9999.0 -9999.0 -9999.0 -9999.0 -9999.0 -9999.0 -9999.0 -9999.0 -9999.0 -9999.0 -9999.0 -9999.0 -9999.0 -9999.0 -9999.0 -9999.0 -9999.0 -9999.0 -9999.0 -9999.0 -9999.0 -9999.0 -9999.0 -9999.0 -9999.0 -9999.0 -9999.0 -9999.0 -9999.0 -9999.0 -9999.0 -9999.0 -9999.0 -9999.0 -9999.0 -9999.0 -9999.0 -9999.0 -9999.0 -9999.0 -9999.0 -9999.0 -9999.0 -9999.0 -9999.0 -9999.0 -9999.0 -9999.0 -9999.0 -9999.0 -9999.0 -9999.0 -9999.0 -9999.0 -9999.0 -9999.0 -9999.0 -9999.0 -9999.0 -9999.0
-9999.0 -9999.0 -9999.0 -9999.0 -9999.0 -9999.0 -9999.0 -9999.0 -9999.0 -9999.0 -9999.0 -9999.0 -9999.0 -9999.0 -9999.0 -9999.0 -9999.0 -9999.0 -9999.0 -9999.0 -9999.0 -9999.0 -9999.0 -9999.0 -9999.0 -9999.0 -9999.0 0.522679 1.012481 0.566363 -0.008974 0.868525 -0.572624 -9999.0 -9999.0 -9999.0 -9999.0 -9999.0 -9999.0 -9999.0 -9999.0 -9999.0 -9999.0 -9999.0 -9999.0 -9999.0 -9999.0 -9999.0 -9999.0 -9999.0 -9999.0 -9999.0 -9999.0 -9999.0 -9999.0 -9999.0 -9999.0 -9999.0 -9999.0 -9999.0 -9999.0 -9999.0 -9999.0
-9999.0 -9999.0 -9999.0 -9999.0 -9999.0 -9999.0 -9999.0 -9999.0 -9999.0 -9999.0 -9999.0 -9999.0 -9999.0 -9999.0 -9999.0 -9999.0 -9999.0 -9999.0 -9999.0 -9999.0 -9999.0 -9999.0 -9999.0 -9999.0 -0.005963 -0.005569 -0.005262 -0.005906 -0.005181 1.110829 -0.010781 -9999.0 -9999.0 -9999.0 -9999.0 -9999.0 -9999.0 -9999.0 -9999.0 -9999.0 -9999.0 -9999.0 -9999.0 -9999.0 -9999.0 -9999.0 -9999.0 -9999.0 -9999.0 -9999.0 -9999.0 -9999.0 -9999.0 -9999.0 -9999.0 -9999.0 -9999.0 -9999.0 -9999.0 -9999.0 -9999.0 -9999.0 -9999.0
-9999.0 -9999.0 -9999.0 -9999.0 -9999.0 -9999.0 -9999.0 -9999.0 -9999.0 -9999.0 -9999.0 -9999.0 -9999.0 -9999.0 -9999.0 -9999.0 -9999.0 -9999.0 -9999.0 -9999.0 -9999.0 -9999.0 -9999.0 -0.005422 0.931736 3.738757 4.480450 4.626989 4.320633 1.137818 -0.009904 -0.016693 -9999.0 -9999.0 -9999.0 -9999.0 -9999.0 -9999.0 -9999.0 -9999.0 -9999.0 -9999.0 -9999.0 -9999.0 -9999.0 -9999.0 -9999.0 -9999.0 -9999.0 -9999.0 -9999.0 -9999.0 -9999.0 -9999.0 -9999.0 -9999.0 -9999.0 -9999.0 -9999.0 -9999.0 -9999.0 -9999.0 -9999.0
-9999.0 -9999.0 -9999.0 -9999.0 -9999.0 -9999.0 -9999.0 -9999.0 -9999.0 -9999.0 -9999.0 -9999.0 -9999.0 -9999.0 -9999.0 -9999.0 -9999.0 -9999.0 8.065467 1.107654 -9999.0 0.955152 0.966280 3.373499 3.860570 4.501696 5.202664 5.562110 3.124286 1.120295 1.127069 -0.008927 -0.006184 -0.003648 -9999.0 -9999.0 -9999.0 -9999.0 -9999.0 -9999.0 -9999.0 -9999.0 -9999.0 -9999.0 -9999.0 -9999.0 -9999.0 -9999.0 -9999.0 -9999.0 -9999.0 -9999.0 -9999.0 -9999.0 -9999.0 -9999.0 -9999.0 -9999.0 -9999.0 -9999.0 -9999.0 -9999.0 -9999.0
-9999.0 -9999.0 -9999.0 -9999.0 -9999.0 -9999.0 -9999.0 -9999.0 -9999.0 -9999.0 -9999.0 -9999.0 -9999.0 -9999.0 -9999.0 -9999.0 -9999.0 5.467993 4.146048 3.838580 3.885226 -0.012303 1.028820 2.812539 6.007292 -0.013481 -0.025788 0.310683 -0.018874 2.456045 0.944783 1.131449 1.172102 0.495846 -0.008525 -0.017203 -9999.0 -9999.0 -9999.0 -9999.0 -9999.0 -9999.0 -9999.0 -9999.0 -9999.0 -9999.0 -9999.0 -9999.0 -9999.0 -9999.0 -9999.0 -9999.0 -9999.0 -9999.0 -9999.0 -9999.0 -9999.0 -9999.0 -9999.0 -9999.0 -9999.0 -9999.0 -9999.0
-9999.0 -9999.0 -9999.0 -9999.0 -9999.0 -9999.0 -9999.0 -9999.0 -9999.0 -9999.0 -9999.0 -9999.0 -9999.0 5.003476 2.901563 3.582847 4.883694 11.262529 4.956383 3.492501 3.429666 3.158494 3.747278 6.145625 -0.018285 0.918776 -0.404710 -0.018421 -0.022205 -0.013707 -0.868665 -0.005283 0.937130 -0.008186 -0.002610 -0.052114 -9999.0 -9999.0 -9999.0 -9999.0 -9999.0 -9999.0 -9999.0 -9999.0 -9999.0 -9999.0 -9999.0 -9999.0 -9999.0 -9999.0 -9999.0 -9999.0 -9999.0 -9999.0 -9999.0 -9999.0 -9999.0 -9999.0 -9999.0 -9999.0 -9999.0 -9999.0 -9999.0
-9999.0 -9999.0 -9999.0 -9999.0 -9999.0 -9999.0 -9999.0 -9999.0 -9999.0 -9999.0 -9999.0 -9999.0 -9999.0 6.866131 5.194232 4.454602 4.483427 12.639264 11.336476 4.916409 4.103713 7.214480 2.946891 1.874035 2.755666 1.616600 0.991887 0.511389 -0.002189 -0.069912 -0.023165 -0.009652 -0.007235 -0.341443 -0.067006 -9999.0 -9999.0 -9999.0 -9999.0 -9999.0 -9999.0 -9999.0 -9999.0 -9999.0 -9999.0 -9999.0 -9999.0 -9999.0 -9999.0 -9999.0 -9999.0 -9999.0 -9999.0 -9999.0 -9999.0 -9999.0 -9999.0 -9999.0 -9999.0 -9999.0 -9999.0 -9999.0 -9999.0
-9999.0 -9999.0 -9999.0 -9999.0 -9999.0 -9999.0 -9999.0 -9999.0 -9999.0 -9999.0 -9999.0 -9999.0 -9999.0 4.677323 4.969669 5.775154 3.982413 4.668608 11.797357 5.034227 9.970754 2.386090 0.959185 -0.018279 2.558725 2.181626 0.542337 -0.003829 -0.014533 -0.017907 -0.012018 -0.656321 -0.421944 -8.740099 -0.075797 -9999.0 -9999.0 -9999.0 -9999.0 -9999.0 -9999.0 -9999.0 -9999.0 -9999.0 -9999.0 -9999.0 -9999.0 -9999.0 -9999.0 -9999.0 -9999.0 -9999.0 -9999.0 -9999.0 -9999.0 -9999.0 -9999.0 -9999.0 -9999.0 -9999.0 -9999.0 -9999.0 -9999.0
-9999.0 -9999.0 -9999.0 -9999.0 -9999.0 -9999.0 -9999.0 -9999.0 -9999.0 -9999.0 -9999.0 -9999.0 3.412295 4.375480 5.369977 3.717444 2.606557 4.449099 13.582545 5.327730 3.542863 -0.011601 0.347285 -0.013823 -0.954834 0.945095 -2.136849 -0.011148 -0.006345 -0.011448 -0.066045 -0.006280 -0.022488 -0.017655 -9999.0 -9999.0 -9999.0 -9999.0 -9999.0 -9999.0 -9999.0 -9999.0 -9999.0 -9999.0 -9999.0 -9999.0 -9999.0 -9999.0 -9999.0 -9999.0 -9999.0 -9999.0 -9999.0 -9999.0 -9999.0 -9999.0 -9999.0 -9999.0 -9999.0 -9999.0 -9999.0 -9999.0 -9999.0
-9999.0 -9999.0 -9999.0 -9999.0 -9999.0 -9999.0 -9999.0 -9999.0 -9999.0 -9999.0 -9999.0 3.575477 4.786725 4.309552 4.835456 9.050244 4.248992 4.559839 13.433350 6.476509 2.877002 3.251030 1.664031 1.067847 1.458267 0.952159 -0.015316 -0.007416 -0.055008 -0.210960 -0.005777 0.948815 -0.002189 -0.008223 -0.006828 -0.001465 -0.010853 1.047588 1.076711 -9999.0 -9999.0 -9999.0 -0.005694 -9999.0 -9999.0 -9999.0 -9999.0 -9999.0 -9999.0 -9999.0 -9999.0 -9999.0 -9999.0 -9999.0 -9999.0 -9999.0 -9999.0 -9999.0 -9999.0 -9999.0 -9999.0 -9999.0 -9999.0
-9999.0 -9999.0 -9999.0 -9999.0 -9999.0 -9999.0 -9999.0 -9999.0 -9999.0 -9999.0 -9999.0 2.670478 4.914892 6.478838 6.261655 7.248386 7.353297 5.057750 13.486698 9.614610 10.201630 6.161250 -0.005052 -1.093902 -0.339205 0.947283 -0.007851 0.985224 -0.000690 -0.018155 -0.007245 0.921061 -0.017251 -0.025126 -0.019020 -0.008263 1.149778 1.839489 1.041124 -0.006633 -0.004342 -0.005059 -0.008513 -0.004930 -9999.0 -9999.0 -9999.0 1.277501 -0.037870 -0.043923 -0.037703 -0.501774 -0.510367 -0.033856 -0.094919 -0.470140 -9999.0 -9999.0 -9999.0 -9999.0 -9999.0 -9999.0 -9999.0
-9999.0 -9999.0 -9999.0 -9999.0 -9999.0 -9999.0 -9999.0 -9999.0 -9999.0 -9999.0 -9999.0 1.832964 2.912340 3.165090 8.017353 9.506792 3.800113 4.379025 10.742680 9.482841 2.840159 -0.010781 -0.123333 -0.005697 0.955490 0.533453 -0.243010 -2.482909 -0.001700 -0.023883 -0.002114 -0.529257 0.955049 -0.027300 -0.005263 1.093169 -0.039071 -0.591260 2.317402 -0.001918 1.032157 0.974275 0.974174 -0.007277 -0.032406 -9999.0 -0.010213 -0.029507 -0.008119 0.905950 1.212043 0.576844 1.029615 -0.009677 0.957440 -0.023646 -9999.0 -9999.0 -9999.0 -9999.0 -9999.0 -9999.0 -9999.0
-9999.0 -9999.0 -9999.0 -9999.0 -9999.0 -9999.0 -9999.0 -9999.0 -9999.0 -9999.0 -9999.0 -9999.0 2.750109 -0.009874 6.168192 7.252820 1.421439 3.410502 12.746045 9.341031 2.698574 1.711416 -0.011050 -0.038593 -1.516647 -0.343554 -0.004513 1.017539 -0.009991 -0.003803 -0.007519 -0.253961 1.099382 -0.011113 -0.018955 -0.007197 -0.272025 -0.532750 4.084786 1.208336 1.484979 1.349101 -0.038091 -0.005318 -0.002492 -0.029394 -0.019679 -0.025390 -1.484409 -0.046479 -0.020194 -0.231173 -2.552380 -0.975801 -1.661014 -0.009406 -0.023696 -9999.0 -9999.0 -9999.0 -9999.0 -9999.0 -9999.0
-9999.0 -9999.0 -9999.0 -9999.0 -9999.0 -9999.0 -9999.0 -9999.0 -9999.0 -9999.0 -9999.0 -0.040265 1.177945 5.168645 -0.009148 0.387035 3.097619 2.725637 11.981496 4.616024 2.951975 1.411471 -0.010745 -0.334338 -0.214341 -0.018080 -0.047700 -0.011488 -0.010692 0.546368 -0.329747 -0.053598 1.022770 -0.011046 -0.027110 -0.008108 0.968087 -0.041664 -0.010613 3.754667 -0.039904 -0.011592 -0.010527 -0.008509 1.122193 -0.010614 -0.007012 0.559879 1.157799 -0.015300 -2.811243 -0.010975 -2.806803 -5.073044 -5.681989 -1.149467 -0.011517 -9999.0 -9999.0 -9999.0 -9999.0 -9999.0 -9999.0
-9999.0 -9999.0 -9999.0 -9999.0 -9999.0 -9999.0 -9999.0 -9999.0 -9999.0 -9999.0 -0.004009 -0.019174 1.116834 1.168769 2.835362 -0.016844 -0.019388 0.429114 3.774260 4.266193 7.416549 5.505868 -0.189153 0.970931 -0.011844 -1.082406 -0.932159 -3.853493 1.488406 1.162634 -0.014463 -0.688091 1.028558 -0.011820 -0.168403 -0.001940 1.232025 -0.078241 -0.023101 -0.008211 -0.007926 1.674364 6.803405 1.527446 -0.015288 0.545620 1.013437 -0.030131 -0.014951 -0.012995 -4.373163 -0.344852 -6.061042 -1.990574 -1.411239 -0.010626 -0.010654 -9999.0 -9999.0 -9999.0 -9999.0 -9999.0 -9999.0
-9999.0 -9999.0 -9999.0 -9999.0 -9999.0 -9999.0 -9999.0 -9999.0 -9999.0 0.997720 -0.004965 -0.016379 -0.011715 -0.043782 -0.013748 -0.011702 -0.017356 6.947345 3.693996 4.296470 7.785622 1.142203 0.964926 2.059552 -0.010612 -1.074474 -1.833837 1.139626 -0.018737 -0.011177 -0.010077 -1.275440 -0.002089 -0.067868 -0.003837 -0.001904 1.053282 -0.432369 -0.161549 -0.015939 -0.106042 -0.074686 -0.129179 2.316493 1.820687 -0.015275 3.444826 -0.060737 -0.055570 -0.010057 -0.882146 -0.028165 -2.163256 -1.405646 -0.920365 -3.082525 -1.996318 -0.004082 -0.542611 -9999.0 -9999.0 -9999.0 -9999.0
-9999.0 -9999.0 -9999.0 -9999.0 -9999.0 -9999.0 -9999.0 -9999.0 -9999.0 1.035562 0.983007 1.515207 -0.001498 -0.011257 -0.018864 -0.043907 1.152798 2.181325 4.252672 8.815489 8.393319 7.865106 5.732283 -0.004991 -0.688377 -0.544514 -0.036774 -0.012031 -0.005882 -0.005125 0.106294 -1.638792 -0.007018 -0.022569 -0.008560 -0.001755 0.466425 1.245379 0.961871 1.014849 -0.105287 -0.875594 -0.027950 1.188692 3.001536 3.650594 3.481229 1.856320 -0.011081 -0.010083 -2.523719 -4.865036 -1.939369 -1.157763 -0.299077 -3.968005 -1.908768 -1.046321 -0.001210 -9999.0 -9999.0 -9999.0 -9999.0
-9999.0 -9999.0 -9999.0 -9999.0 -9999.0 -9999.0 -9999.0 -9999.0 -9999.0 -9999.0 -0.008499 1.125262 -0.012695 -0.395121 -0.010958 -0.017007 -0.011539 3.460886 5.024599 6.007012 8.414334 2.792972 -0.016699 -0.040295 -0.241390 -0.014753 -0.009075 1.945898 -0.006473 -1.217740 -1.549510 -2.315149 -3.211166 -0.012010 0.803381 1.057560 0.955568 -0.005087 -0.001299 -0.007484 -0.010163 -0.005089 -0.002622 -0.015208 -0.014759 -0.012358 1.944902 6.247581 4.337123 -0.010113 -1.468906 -2.139694 -1.161151 -2.083723 -1.399357 -0.038859 -0.005770 -1.220532 -0.012785 -0.013605 -9999.0 -9999.0 -9999.0
-9999.0 -9999.0 -9999.0 -9999.0 -9999.0 -9999.0 -9999.0 -9999.0 -9999.0 -9999.0 -0.009808 0.979906 -0.005296 -0.011489 4.153011 0.808463 -0.013977 2.833002 5.478727 6.623061 3.587984 1.781120 -0.017148 -0.018191 -0.014554 -0.004977 2.580000 -0.013438 -0.901001 -2.935469 -0.007816 -0.004256 -3.245661 -0.023188 -0.007816 -0.004941 -0.939056 -0.016099 -0.973204 -0.011711 -0.007245 2.327916 -0.044877 1.078695 -0.004991 -0.056120 -0.012250 -0.014346 3.311458 3.969726 -0.010327 -1.408371 -3.583159 -0.806575 -2.748631 -1.786347 -0.053600 -0.176596 1.825373 2.782712 -9999.0 -9999.0 -9999.0
-9999.0 -9999.0 -9999.0 -9999.0 -9999.0 -9999.0 -9999.0 -9999.0 -0.005624 -0.007937 0.958695 -0.005097 -0.074270 -0.029387 -0.021991 1.969142 3.124785 8.677588 6.912140 6.993138 5.310915 4.266971 3.419242 1.787988 1.802329 2.109197 3.125073 -0.435573 -0.822302 -2.832007 -0.095151 -0.007376 -0.007491 -0.015524 -0.006886 0.943994 3.725720 -0.011524 -2.133330 -0.001919 0.543758 -0.005270 -2.881171 -0.001534 2.222738 -0.003881 -1.968740 -0.035852 -0.013175 3.254503 -0.008268 -0.357195 -3.272293 -5.275885 -1.357054 -0.016108 -0.002333 -0.004907 1.751523 4.753170 -9999.0 -9999.0 -9999.0
-9999.0 -9999.0 -9999.0 -9999.0 -9999.0 -9999.0 -9999.0 -9999.0 -2.350843 -0.225989 -2.198485 -0.011807 0.793958 -1.478615 -0.527440 -0.012800 2.118510 2.700093 5.649319 7.553686 13.263835 11.286703 10.919256 9.989436 3.590549 3.596489 0.975057 -0.020564 -3.752400 -0.011032 -0.022141 0.410696 0.839827 0.512213 -0.005372 -0.005221 7.255112 -0.005363 -0.025223 1.112131 -0.007723 -0.011236 0.505521 1.123035 -0.004951 -0.077867 -3.345376 0.941503 -0.019427 1.894057 2.520452 -0.021253 -3.503131 -0.030098 0.997415 -0.743666 -1.086532 -0.012159 4.313213 6.695137 7.420963 -9999.0 -9999.0
-9999.0 -9999.0 -9999.0 -9999.0 -9999.0 -9999.0 -9999.0 -9999.0 -0.007495 -0.008063 -0.011244 -2.975700 -0.004731 -2.640654 -0.061644 -0.386069 0.801999 3.984867 5.591117 12.708437 8.002780 11.289022 11.488103 6.714506 8.987261 3.427610 0.262822 -0.850574 -4.238781 -0.007181 0.542754 -0.004945 -1.043362 -0.613890 -0.004842 6.369653 -0.010851 2.330209 -0.017461 -0.035352 0.996101 0.579440 -0.005672 -0.006325 -0.467159 -0.005916 -0.001924 -0.007079 -1.674916 -0.015668 3.022701 -0.008965 -1.509436 -3.470080 -0.208135 -0.016056 1.571025 3.762922 6.446517 6.981475 7.262453 -9999.0 -9999.0
-9999.0 -9999.0 -9999.0 -9999.0 -9999.0 -9999.0 -9999.0 -9999.0 -0.049262 0.944176 -0.039378 -4.142661 -0.005220 -0.547497 -0.055944 -0.006013 4.141662 5.398128 8.710272 5.832619 7.426264 7.883202 10.782201 9.889203 3.812475 1.319012 -0.025073 -1.572410 -0.005199 -0.028598 -0.057660 -0.020093 -0.010655 -0.010040 -0.016466 3.100854 7.768352 4.309007 1.222865 -0.012274 1.147454 1.362626 1.299187 1.695590 -0.006435 0.576620 1.525914 1.047217 -0.007080 -0.147921 -0.014581 2.756864 -0.013095 -0.198832 -0.011067 2.270111 4.655493 5.118585 5.943498 7.014603 6.175162 2.957271 -9999.0
-9999.0 -9999.0 -9999.0 -9999.0 -9999.0 -9999.0 -9999.0 -9999.0 -0.096637 -0.005374 -1.444161 -1.167756 -0.101497 -0.022408 -0.003320 3.492971 6.167352 2.740254 1.223911 3.075409 4.925140 7.330169 7.478650 7.132326 7.949175 0.548593 -0.688454 -0.015060 -0.010606 -0.009089 -0.051473 -0.008803 4.037686 2.067642 1.355973 2.891236 4.274484 6.254549 5.629548 3.560129 1.951297 1.576954 2.025676 -0.011166 -0.082642 1.174247 -0.020242 -0.011639 -0.023577 -0.009746 2.958835 1.966266 2.319834 2.491504 3.171871 3.574259 4.496855 5.571525 6.319231 6.247390 4.396395 2.379770 -9999.0
-9999.0 -9999.0 1.093911 -0.005708 -2.587776 -0.741837 -2.077528 -1.809118 -0.011458 -0.007394 -0.241093 -0.174257 -0.020483 -0.008019 5.735532 1.868230 -0.016020 -0.851502 -0.038724 -0.012019 2.952120 5.673129 6.861476 6.295845 5.265846 2.245066 -0.013721 0.783594 2.891598 5.879383 -0.015968 1.188353 8.188966 3.666125 5.544312 4.867060 7.977998 8.496513 7.404059 4.752295 5.651588 5.704349 4.517020 4.183304 -0.007308 1.404643 2.805116 1.974150 3.957533 4.957441 5.544902 5.030262 4.224011 3.494126 3.313254 8.924018 4.148543 4.844865 4.799284 3.761261 6.430871 1.612861 -9999.0
-9999.0 -0.041404 -0.051744 -0.115328 -0.593878 -0.047175 -2.472186 -2.455370 -3.361842 -0.013264 -1.638918 -0.475639 -0.006009 3.222541 1.791121 -0.068745 -0.353184 -1.125486 -0.433874 -0.014955 2.743183 4.483764 8.843718 5.136651 9.239445 5.074588 7.610403 7.989909 5.778390 4.695343 4.351181 4.581278 6.280868 10.830941 8.618588 9.894247 11.497610 11.394644 11.672597 10.045716 9.191452 9.041185 8.278579 5.032846 3.758993 4.142745 5.805595 6.129488 7.441093 6.317033 5.966364 4.954556 3.949610 2.963428 2.849832 2.124888 0.904259 1.271165 1.901039 2.877560 0.726401 1.418818 -9999.0
-9999.0 0.703368 -0.011637 -0.011710 -0.005609 -0.015829 -2.111401 -2.932993 -0.017492 -0.014344 -2.147260 -0.842322 -0.006206 2.253847 -0.027621 -2.482902 -2.291119 -1.529666 -0.019462 -0.012868 4.416672 2.332214 3.321547 4.175857 10.209287 11.175222 5.626939 6.942467 7.197709 6.592948 6.733257 6.513888 8.163357 8.988786 13.445770 12.105895 19.064871 20.125062 14.491039 13.442683 12.765583 11.759168 10.733393 8.277313 8.130036 7.993486 8.666455 8.508436 7.799695 6.956912 5.214069 2.349802 1.084240 1.665409 0.723255 -0.021806 -0.351248 -0.023312 -0.020081 -0.030869 -0.018886 -9999.0 -9999.0
