user2019/resources/simulation/Vinschgau/output-maps/TsL0003N1360.asc
ncols         63
nrows         48
xllcorner     598000.000000
yllcorner     5145000.000000
cellsize      1000.000000
NODATA_value  -9999.0
[rows 0 to 27 of 48, columns 0 to 62 of 63]
-9999.0 -9999.0 -9999.0 -9999.0 -9999.0 -9999.0 -9999.0 -9999.0 -9999.0 -9999.0 -9999.0 -9999.0 -9999.0 -9999.0 -9999.0 -9999.0 -9999.0 -9999.0 -9999.0 -9999.0 -9999.0 -9999.0 -9999.0 -9999.0 -9999.0 -9999.0 -9999.0 -9999.0 -9999.0 -9999.0 -9999.0 -9999.0 -9999.0 -9999.0 -9999.0 -9999.0 -9999.0 -9999.0 -9999.0 -9999.0 -9999.0 -9999.0 -9999.0 -9999.0 -9999.0 -9999.0 -9999.0 -9999.0 -9999.0 -9999.0 -9999.0 -9999.0 -9999.0 -9999.0 -9999.0 -9999.0 -9999.0 -9999.0 -9999.0 -9999.0 -9999.0 -9999.0 -9999.0
-9999.0 -9999.0 -9999.0 -9999.0 -9999.0 -9999.0 -9999.0 -9999.0 -9999.0 -9999.0 -9999.0 -9999.0 -9999.0 -9999.0 -9999.0 -9999.0 -9999.0 -9999.0 -9999.0 -9999.0 -9999.0 -9999.0 -9999.0 -9999.0 -9999.0 -9999.0 -9999.0 2.533477 -0.012424 3.072574 -0.007937 -0.023251 -0.274762 -9999.0 -9999.0 -9999.0 -9999.0 -9999.0 -9999.0 -9999.0 -9999.0 -9999.0 -9999.0 -9999.0 -9999.0 -9999.0 -9999.0 -9999.0 -9999.0 -9999.0 -9999.0 -9999.0 -9999.0 -9999.0 -9999.0 -9999.0 -9999.0 -9999.0 -9999.0 -9999.0 -9999.0 -9999.0 -9999.0
-9999.0 -9999.0 -9999.0 -9999.0 -9999.0 -9999.0 -9999.0 -9999.0 -9999.0 -9999.0 -9999.0 -9999.0 -9999.0 -9999.0 -9999.0 -9999.0 -9999.0 -9999.0 -9999.0 -9999.0 -9999.0 -9999.0 -9999.0 -9999.0 0.049181 0.063547 1.847000 0.049233 1.916758 1.713501 -0.019396 -9999.0 -9999.0 -9999.0 -9999.0 -9999.0 -9999.0 -9999.0 -9999.0 -9999.0 -9999.0 -9999.0 -9999.0 -9999.0 -9999.0 -9999.0 -9999.0 -9999.0 -9999.0 -9999.0 -9999.0 -9999.0 -9999.0 -9999.0 -9999.0 -9999.0 -9999.0 -9999.0 -9999.0 -9999.0 -9999.0 -9999.0 -9999.0
-9999.0 -9999.0 -9999.0 -9999.0 -9999.0 -9999.0 -9999.0 -9999.0 -9999.0 -9999.0 -9999.0 -9999.0 -9999.0 -9999.0 -9999.0 -9999.0 -9999.0 -9999.0 -9999.0 -9999.0 -9999.0 -9999.0 -9999.0 0.074655 5.027400 4.807158 5.301018 5.462717 5.399830 2.887945 -0.012517 -0.031862 -9999.0 -9999.0 -9999.0 -9999.0 -9999.0 -9999.0 -9999.0 -9999.0 -9999.0 -9999.0 -9999.0 -9999.0 -9999.0 -9999.0 -9999.0 -9999.0 -9999.0 -9999.0 -9999.0 -9999.0 -9999.0 -9999.0 -9999.0 -9999.0 -9999.0 -9999.0 -9999.0 -9999.0 -9999.0 -9999.0 -9999.0
-9999.0 -9999.0 -9999.0 -9999.0 -9999.0 -9999.0 -9999.0 -9999.0 -9999.0 -9999.0 -9999.0 -9999.0 -9999.0 -9999.0 -9999.0 -9999.0 -9999.0 -9999.0 10.267905 4.706864 -9999.0 2.910216 5.081167 4.427524 4.681531 5.385274 6.993269 7.422808 4.038711 2.655176 -0.009999 -0.008781 1.084647 1.992283 -9999.0 -9999.0 -9999.0 -9999.0 -9999.0 -9999.0 -9999.0 -9999.0 -9999.0 -9999.0 -9999.0 -9999.0 -9999.0 -9999.0 -9999.0 -9999.0 -9999.0 -9999.0 -9999.0 -9999.0 -9999.0 -9999.0 -9999.0 -9999.0 -9999.0 -9999.0 -9999.0 -9999.0 -9999.0
-9999.0 -9999.0 -9999.0 -9999.0 -9999.0 -9999.0 -9999.0 -9999.0 -9999.0 -9999.0 -9999.0 -9999.0 -9999.0 -9999.0 -9999.0 -9999.0 -9999.0 5.803104 4.471643 5.100739 7.086932 1.634034 2.866270 4.150020 7.833179 0.858607 -0.038295 2.389571 -0.026009 3.371755 6.105933 1.121375 4.315820 2.858067 1.422217 1.716351 -9999.0 -9999.0 -9999.0 -9999.0 -9999.0 -9999.0 -9999.0 -9999.0 -9999.0 -9999.0 -9999.0 -9999.0 -9999.0 -9999.0 -9999.0 -9999.0 -9999.0 -9999.0 -9999.0 -9999.0 -9999.0 -9999.0 -9999.0 -9999.0 -9999.0 -9999.0 -9999.0
-9999.0 -9999.0 -9999.0 -9999.0 -9999.0 -9999.0 -9999.0 -9999.0 -9999.0 -9999.0 -9999.0 -9999.0 -9999.0 10.143391 4.183874 4.057482 5.351415 14.380496 5.398849 4.820337 4.744748 4.429302 5.078593 8.085082 -0.009497 4.638309 -0.054276 -0.015913 -0.024386 -0.006773 -0.290733 3.644323 0.033778 -0.006747 0.886272 1.599849 -9999.0 -9999.0 -9999.0 -9999.0 -9999.0 -9999.0 -9999.0 -9999.0 -9999.0 -9999.0 -9999.0 -9999.0 -9999.0 -9999.0 -9999.0 -9999.0 -9999.0 -9999.0 -9999.0 -9999.0 -9999.0 -9999.0 -9999.0 -9999.0 -9999.0 -9999.0 -9999.0
-9999.0 -9999.0 -9999.0 -9999.0 -9999.0 -9999.0 -9999.0 -9999.0 -9999.0 -9999.0 -9999.0 -9999.0 -9999.0 10.748282 6.135401 4.936622 4.796888 15.084498 14.442723 6.597628 4.679627 9.427158 3.333620 2.284891 3.908256 2.924150 -0.013605 2.235387 1.420025 -0.062690 -0.030179 -0.008149 0.146184 -0.001547 -0.001359 -9999.0 -9999.0 -9999.0 -9999.0 -9999.0 -9999.0 -9999.0 -9999.0 -9999.0 -9999.0 -9999.0 -9999.0 -9999.0 -9999.0 -9999.0 -9999.0 -9999.0 -9999.0 -9999.0 -9999.0 -9999.0 -9999.0 -9999.0 -9999.0 -9999.0 -9999.0 -9999.0 -9999.0
-9999.0 -9999.0 -9999.0 -9999.0 -9999.0 -9999.0 -9999.0 -9999.0 -9999.0 -9999.0 -9999.0 -9999.0 -9999.0 5.964208 6.375402 7.075240 4.486021 5.212943 15.035307 5.541706 12.355825 3.813782 1.284724 -0.016940 3.662137 3.246751 4.668751 1.424269 -0.031950 -0.001244 -0.030775 -0.001859 0.006570 -6.182582 1.605139 -9999.0 -9999.0 -9999.0 -9999.0 -9999.0 -9999.0 -9999.0 -9999.0 -9999.0 -9999.0 -9999.0 -9999.0 -9999.0 -9999.0 -9999.0 -9999.0 -9999.0 -9999.0 -9999.0 -9999.0 -9999.0 -9999.0 -9999.0 -9999.0 -9999.0 -9999.0 -9999.0 -9999.0
-9999.0 -9999.0 -9999.0 -9999.0 -9999.0 -9999.0 -9999.0 -9999.0 -9999.0 -9999.0 -9999.0 -9999.0 4.787182 5.927159 6.741247 5.168196 3.149259 4.943870 16.235042 6.885724 4.832350 1.652515 2.709267 -0.010893 -0.333103 -0.013260 -1.402758 -0.031438 0.030149 -0.001098 -0.066775 0.905799 -0.045969 1.948002 -9999.0 -9999.0 -9999.0 -9999.0 -9999.0 -9999.0 -9999.0 -9999.0 -9999.0 -9999.0 -9999.0 -9999.0 -9999.0 -9999.0 -9999.0 -9999.0 -9999.0 -9999.0 -9999.0 -9999.0 -9999.0 -9999.0 -9999.0 -9999.0 -9999.0 -9999.0 -9999.0 -9999.0 -9999.0
-9999.0 -9999.0 -9999.0 -9999.0 -9999.0 -9999.0 -9999.0 -9999.0 -9999.0 -9999.0 -9999.0 9.585433 6.219285 4.569308 6.297239 12.785239 5.970525 5.116225 15.833776 8.084698 3.372023 4.351055 6.402927 -0.011521 2.674819 -0.009771 -0.031743 -0.009733 -0.054866 -0.001280 1.366776 0.038465 0.996937 1.607507 1.172593 1.525569 -0.031283 -0.016974 2.024717 -9999.0 -9999.0 -9999.0 1.785824 -9999.0 -9999.0 -9999.0 -9999.0 -9999.0 -9999.0 -9999.0 -9999.0 -9999.0 -9999.0 -9999.0 -9999.0 -9999.0 -9999.0 -9999.0 -9999.0 -9999.0 -9999.0 -9999.0 -9999.0
-9999.0 -9999.0 -9999.0 -9999.0 -9999.0 -9999.0 -9999.0 -9999.0 -9999.0 -9999.0 -9999.0 8.565863 6.161484 7.747927 7.508327 12.449864 8.626201 5.570151 15.966515 11.641527 12.432706 9.395257 3.353701 -0.302161 -0.163572 -0.011420 -0.010546 0.055300 1.747274 1.177212 -0.008853 1.862955 -0.041742 -0.045466 -0.044841 -0.009727 2.996830 5.662877 0.377057 1.630974 1.710769 1.781753 -0.007796 1.227248 -9999.0 -9999.0 -9999.0 -0.027112 -0.137691 -0.002090 -0.107075 -0.003994 -0.003160 -0.110433 -0.193347 -0.002282 -9999.0 -9999.0 -9999.0 -9999.0 -9999.0 -9999.0 -9999.0
-9999.0 -9999.0 -9999.0 -9999.0 -9999.0 -9999.0 -9999.0 -9999.0 -9999.0 -9999.0 -9999.0 8.177960 9.389535 4.033216 11.660869 13.527954 4.779631 4.632477 12.993306 11.448150 2.979093 0.029718 -0.122640 0.047014 -0.012017 2.603813 -0.142102 -1.758398 1.507468 -0.048796 1.455313 -0.222551 0.057374 -0.046017 0.696023 0.716677 -0.097216 -0.256727 6.932096 1.556076 -0.016070 -0.019829 0.057468 -0.008422 -0.046660 -9999.0 1.945198 -0.050151 -0.006918 0.035240 2.374718 3.788188 -0.015138 -0.012919 -0.027054 -0.045699 -9999.0 -9999.0 -9999.0 -9999.0 -9999.0 -9999.0 -9999.0
-9999.0 -9999.0 -9999.0 -9999.0 -9999.0 -9999.0 -9999.0 -9999.0 -9999.0 -9999.0 -9999.0 -9999.0 8.932753 -0.006155 11.012830 11.613667 1.636749 3.650313 15.047337 11.216942 2.850510 2.526421 -0.008419 -0.080278 -0.572318 -0.157709 0.787685 2.776865 -0.008714 1.288121 -0.009533 -0.142601 4.233333 -0.032191 -0.045338 -0.009749 -0.137352 -0.137370 7.709352 5.193370 5.710505 5.100048 -0.081832 2.064641 1.250078 -0.061474 0.104348 -0.045201 -0.544752 -0.089145 -0.051106 -0.155441 -1.895600 -0.325201 -0.707339 -0.005837 -0.045642 -9999.0 -9999.0 -9999.0 -9999.0 -9999.0 -9999.0
-9999.0 -9999.0 -9999.0 -9999.0 -9999.0 -9999.0 -9999.0 -9999.0 -9999.0 -9999.0 -9999.0 -0.082391 4.300535 10.098270 -0.006026 2.109672 3.905590 2.919884 14.340364 4.770883 3.112588 1.492943 -0.002758 -0.155370 -0.139397 -0.493722 -0.085069 -0.030793 -0.031738 2.717482 -0.154959 -0.358450 4.902488 -0.014767 -0.050624 -0.007803 -0.014898 -0.083347 0.016111 8.329698 -0.084007 -0.015376 -0.000352 -0.041149 5.926575 -0.012809 0.023175 2.815449 4.375702 -0.030257 -1.446025 -0.010973 -1.525393 -3.258468 -3.906978 -0.216808 -0.001349 -9999.0 -9999.0 -9999.0 -9999.0 -9999.0 -9999.0
-9999.0 -9999.0 -9999.0 -9999.0 -9999.0 -9999.0 -9999.0 -9999.0 -9999.0 -9999.0 1.476748 -0.043652 4.452497 5.672063 8.768011 0.000580 -0.000271 0.531436 3.949252 4.419740 9.137713 6.745523 -0.133713 6.197365 -0.018643 -0.532004 -0.259834 -2.343646 4.653211 4.270225 -0.031514 -0.225521 3.129736 -0.029680 1.452581 1.506634 0.662298 -0.105889 -0.055038 0.793971 1.466765 2.401671 9.064900 1.516775 -0.031114 2.598832 -0.010922 -0.071106 -0.124198 -0.011797 -2.545164 -0.003209 -4.382092 -0.427041 -0.238890 -0.031915 -0.011543 -9999.0 -9999.0 -9999.0 -9999.0 -9999.0 -9999.0
-9999.0 -9999.0 -9999.0 -9999.0 -9999.0 -9999.0 -9999.0 -9999.0 -9999.0 -0.011387 3.347645 -0.037028 -0.011796 -0.085243 -0.028277 -0.017839 -0.039152 9.498174 3.870160 4.452380 9.515107 1.295363 1.004487 2.746622 0.018934 -0.844934 -0.729824 3.546730 -0.042740 -0.006416 0.024565 -1.047925 1.427340 1.158422 1.772604 1.503538 1.803543 -0.164841 -0.123418 -0.034075 -0.605502 -0.089460 -0.109531 2.241040 1.914536 -0.026745 8.090218 -0.101503 -0.098121 0.030516 -0.257694 -0.002450 -0.450578 -0.021388 -0.185277 -1.695968 -0.785381 0.723834 -0.008307 -9999.0 -9999.0 -9999.0 -9999.0
-9999.0 -9999.0 -9999.0 -9999.0 -9999.0 -9999.0 -9999.0 -9999.0 -9999.0 -0.011208 -0.011672 5.135485 5.221526 -0.007526 -0.043742 -0.087766 7.052430 2.718305 4.427032 10.616851 10.150520 9.706583 7.420064 4.548378 -0.465093 -0.189177 -0.078423 -0.017663 1.687025 4.665262 4.460459 -1.409153 0.018453 -0.045703 -0.007157 1.566277 2.008842 4.633232 -0.012341 5.363684 -0.109297 -0.237534 -0.064982 2.140545 3.123885 4.041434 3.968930 2.399531 -0.007939 0.655795 -2.303516 -3.480208 -0.319108 -0.389292 -0.034176 -2.563996 -0.593131 -0.256192 1.517211 -9999.0 -9999.0 -9999.0 -9999.0
-9999.0 -9999.0 -9999.0 -9999.0 -9999.0 -9999.0 -9999.0 -9999.0 -9999.0 -9999.0 -0.009512 4.525611 -0.014729 -0.287192 0.017866 -0.038412 -0.008900 4.094691 5.197273 6.601543 10.198240 3.034820 -0.021739 -0.073566 -0.143736 -0.032736 0.385568 2.393875 3.764306 -0.985676 -1.308703 -1.586795 -1.796513 -0.031532 0.053467 5.011492 2.899963 4.044132 1.615585 -0.008871 -0.010000 2.932727 4.409681 -0.025124 -0.010675 -0.007158 2.117251 7.780423 4.996889 1.322470 -1.252572 -0.795301 -0.223634 -0.424479 -0.423671 -0.061087 0.001544 -0.469458 -0.022053 -0.021145 -9999.0 -9999.0 -9999.0
-9999.0 -9999.0 -9999.0 -9999.0 -9999.0 -9999.0 -9999.0 -9999.0 -9999.0 -9999.0 -0.008385 -0.009961 2.407076 -0.009070 5.935595 0.880706 -0.010416 2.985977 5.634750 7.277505 3.760000 1.957295 -0.027784 -0.042251 -0.032041 1.724715 3.014450 -0.007739 -0.677076 -1.548113 -0.008945 1.409615 -1.717026 -0.045644 -0.009948 4.843259 -0.403327 -0.034903 -0.277223 -0.031952 -0.008936 6.595792 -0.081062 2.599913 4.405879 -0.080742 -0.008804 -0.010585 3.479686 4.591351 0.018793 -0.302424 -2.224861 -0.110144 -0.621712 -0.311899 -0.128738 -0.106470 1.799204 3.161404 -9999.0 -9999.0 -9999.0
-9999.0 -9999.0 -9999.0 -9999.0 -9999.0 -9999.0 -9999.0 -9999.0 0.041939 -0.008643 -0.021434 0.052091 -0.109558 -0.064365 -0.038712 2.062680 3.306482 10.505372 7.581624 7.672336 5.486998 4.461884 3.623806 2.005913 2.341990 2.209620 5.686764 -0.252148 -0.190933 -1.429356 -0.001552 -0.008692 -0.009043 -0.043759 0.022577 -0.011716 8.289654 -0.014994 -1.899754 1.569627 3.161155 3.193508 -1.378917 1.571026 5.594946 2.847219 -1.734348 -0.072346 -0.008280 3.674863 1.170296 -0.211480 -1.260725 -3.927393 -0.265720 -0.039479 0.958190 4.210375 2.098628 4.875538 -9999.0 -9999.0 -9999.0
-9999.0 -9999.0 -9999.0 -9999.0 -9999.0 -9999.0 -9999.0 -9999.0 -1.658380 -0.148410 -0.931109 -0.031686 -0.010613 -0.890025 -0.316633 -0.007826 2.281390 2.875454 5.832379 8.236122 15.318249 13.304159 13.110862 12.214821 3.777246 3.722193 1.077709 -0.043167 -1.654727 -0.031922 -0.045254 2.087520 -0.009629 2.642087 0.049209 1.249724 9.836361 0.980081 -0.057405 -0.010113 -0.009662 -0.022468 2.794471 1.418235 0.021779 -0.102559 -1.867556 -0.010121 -0.041779 1.901482 2.926164 -0.045167 -2.938116 -0.063508 -0.017246 -0.479313 -0.120159 -0.005253 4.890848 7.258463 8.054257 -9999.0 -9999.0
-9999.0 -9999.0 -9999.0 -9999.0 -9999.0 -9999.0 -9999.0 -9999.0 -0.009677 -0.000776 -0.003422 -1.682593 0.026238 -1.161671 -0.101465 -0.221315 0.857121 4.668888 5.764695 14.725671 8.676511 13.196918 13.493711 7.441336 10.731465 3.587888 0.616568 -0.628760 -2.168532 -0.009012 3.059313 2.991267 -0.298358 -0.198792 3.838721 9.190836 -0.001100 2.268850 -0.025741 -0.075426 -0.010028 3.749146 0.054891 -0.001228 -0.168686 0.048238 1.575162 -0.006189 -0.411806 -0.017396 3.066008 0.725608 -1.970720 -2.816985 -0.057399 -0.001742 2.061051 3.901372 7.082660 7.505647 7.827216 -9999.0 -9999.0
-9999.0 -9999.0 -9999.0 -9999.0 -9999.0 -9999.0 -9999.0 -9999.0 -0.001818 0.058868 -0.074313 -2.117567 0.025011 -0.187863 -0.094622 0.067458 4.309780 5.557911 10.462690 5.996852 8.104578 8.539445 12.545489 11.650443 3.966780 1.444152 -0.042309 -1.339559 1.891654 -0.068959 -0.097661 -0.047552 -0.003851 -0.001880 -0.037499 8.230856 10.504553 4.482383 1.216821 -0.014401 3.902479 5.192855 4.943099 5.478693 -0.006881 3.436453 5.125663 4.281231 -0.010641 -0.121164 -0.011559 2.823980 0.983176 -0.045843 1.464723 2.677845 5.033026 5.231193 6.073760 7.572568 6.717815 3.081238 -9999.0
-9999.0 -9999.0 -9999.0 -9999.0 -9999.0 -9999.0 -9999.0 -9999.0 -0.227043 0.022655 -0.945607 -0.948908 -0.104437 -0.060892 4.529911 3.905456 7.583881 2.859927 1.382167 3.246335 5.089327 7.965863 8.133144 7.786673 9.753369 0.699117 -0.473788 -0.032545 0.014625 -0.000207 -0.079558 0.423715 4.218649 2.445739 1.931597 3.618894 5.025864 6.433609 5.802916 3.861281 2.495204 2.546082 2.217319 0.001907 -0.109727 6.351770 -0.047803 -0.017484 -0.056329 0.066959 3.454768 2.101660 2.412472 3.015467 3.563297 3.973337 4.881083 6.073939 6.853870 6.900859 4.548494 2.505367 -9999.0
-9999.0 -9999.0 2.482919 0.045584 -2.095222 -0.221265 -0.922469 -0.661616 -0.031745 -0.004938 -0.135543 -0.386765 -0.051862 0.328316 7.032207 2.325387 -0.018852 -0.631874 -0.076606 0.002932 3.124346 5.829415 7.437939 6.459476 5.904237 2.392535 0.345161 0.816755 3.018464 7.037183 -0.019893 1.328877 9.748085 3.819543 6.212590 5.041299 8.642488 8.672118 7.587642 4.934392 6.393951 6.423913 4.687705 4.647959 -0.009121 2.153043 3.035295 1.952491 4.714086 5.569601 6.175499 5.600820 4.668509 3.916649 3.743611 10.582471 4.536588 5.312094 5.382036 3.896260 8.029645 1.737578 -9999.0
-9999.0 -0.083499 -0.094293 -0.119577 -0.196556 -0.140638 -0.666343 -1.115722 -2.062042 -0.031528 -0.364669 -0.283542 -0.000349 5.606753 4.414656 -0.085465 -0.149660 -0.330903 -0.170894 -0.015278 2.908014 4.651408 10.453279 5.274526 11.002425 5.728861 9.352966 9.732263 6.428169 5.197452 5.061348 5.263611 6.966429 12.583111 9.273806 10.572025 12.189389 11.568816 12.353224 10.738998 9.870968 9.687535 8.951121 5.199185 3.924837 4.305723 6.369770 6.287617 8.073570 6.444821 6.520636 5.445086 4.339547 3.402517 3.296316 2.604011 1.021605 1.392092 2.403188 5.421711 0.857866 1.547844 -9999.0
-9999.0 6.289857 -0.005843 -0.017236 2.498096 -0.032094 -1.883613 -1.599173 -0.033410 -0.022838 -0.775051 -0.625623 0.464223 4.955002 -0.050930 -1.917611 -0.979898 -0.475622 -0.100658 -0.009745 5.991098 2.450245 3.453282 4.638536 12.085511 13.118831 5.788233 7.603504 7.746824 6.756356 6.894986 6.678855 8.806635 9.644255 15.233719 12.747474 21.058818 22.060686 15.185712 14.135170 13.458987 12.415482 11.400967 8.433407 8.286384 8.154728 9.286179 9.064628 8.367005 7.527792 5.719772 2.454026 1.197889 1.781495 0.831692 -0.034171 -0.045140 -0.044109 -0.034254 -0.056377 -0.028396 -9999.0 -9999.0
