user2019/resources/simulation/Vinschgau/output-maps/TsL0006N0747.asc
ncols         63
nrows         48
xllcorner     598000.000000
yllcorner     5145000.000000
cellsize      1000.000000
NODATA_value  -9999.0
[rows 0 to 27 of 48, columns 0 to 62 of 63]
-9999.0 -9999.0 -9999.0 -9999.0 -9999.0 -9999.0 -9999.0 -9999.0 -9999.0 -9999.0 -9999.0 -9999.0 -9999.0 -9999.0 -9999.0 -9999.0 -9999.0 -9999.0 -9999.0 -9999.0 -9999.0 -9999.0 -9999.0 -9999.0 -9999.0 -9999.0 -9999.0 -9999.0 -9999.0 -9999.0 -9999.0 -9999.0 -9999.0 -9999.0 -9999.0 -9999.0 -9999.0 -9999.0 -9999.0 -9999.0 -9999.0 -9999.0 -9999.0 -9999.0 -9999.0 -9999.0 -9999.0 -9999.0 -9999.0 -9999.0 -9999.0 -9999.0 -9999.0 -9999.0 -9999.0 -9999.0 -9999.0 -9999.0 -9999.0 -9999.0 -9999.0 -9999.0 -9999.0
-9999.0 -9999.0 -9999.0 -9999.0 -9999.0 -9999.0 -9999.0 -9999.0 -9999.0 -9999.0 -9999.0 -9999.0 -9999.0 -9999.0 -9999.0 -9999.0 -9999.0 -9999.0 -9999.0 -9999.0 -9999.0 -9999.0 -9999.0 -9999.0 -9999.0 -9999.0 -9999.0 -1.785628 0.148941 -2.296253 -1.644964 -1.731428 -1.624457 -9999.0 -9999.0 -9999.0 -9999.0 -9999.0 -9999.0 -9999.0 -9999.0 -9999.0 -9999.0 -9999.0 -9999.0 -9999.0 -9999.0 -9999.0 -9999.0 -9999.0 -9999.0 -9999.0 -9999.0 -9999.0 -9999.0 -9999.0 -9999.0 -9999.0 -9999.0 -9999.0 -9999.0 -9999.0 -9999.0
-9999.0 -9999.0 -9999.0 -9999.0 -9999.0 -9999.0 -9999.0 -9999.0 -9999.0 -9999.0 -9999.0 -9999.0 -9999.0 -9999.0 -9999.0 -9999.0 -9999.0 -9999.0 -9999.0 -9999.0 -9999.0 -9999.0 -9999.0 -9999.0 0.245115 0.432851 0.519131 0.458514 0.251200 0.154584 -0.001238 -9999.0 -9999.0 -9999.0 -9999.0 -9999.0 -9999.0 -9999.0 -9999.0 -9999.0 -9999.0 -9999.0 -9999.0 -9999.0 -9999.0 -9999.0 -9999.0 -9999.0 -9999.0 -9999.0 -9999.0 -9999.0 -9999.0 -9999.0 -9999.0 -9999.0 -9999.0 -9999.0 -9999.0 -9999.0 -9999.0 -9999.0 -9999.0
-9999.0 -9999.0 -9999.0 -9999.0 -9999.0 -9999.0 -9999.0 -9999.0 -9999.0 -9999.0 -9999.0 -9999.0 -9999.0 -9999.0 -9999.0 -9999.0 -9999.0 -9999.0 -9999.0 -9999.0 -9999.0 -9999.0 -9999.0 0.407409 0.666563 2.005772 1.945911 2.028520 0.467953 0.396377 0.125680 -0.004215 -9999.0 -9999.0 -9999.0 -9999.0 -9999.0 -9999.0 -9999.0 -9999.0 -9999.0 -9999.0 -9999.0 -9999.0 -9999.0 -9999.0 -9999.0 -9999.0 -9999.0 -9999.0 -9999.0 -9999.0 -9999.0 -9999.0 -9999.0 -9999.0 -9999.0 -9999.0 -9999.0 -9999.0 -9999.0 -9999.0 -9999.0
-9999.0 -9999.0 -9999.0 -9999.0 -9999.0 -9999.0 -9999.0 -9999.0 -9999.0 -9999.0 -9999.0 -9999.0 -9999.0 -9999.0 -9999.0 -9999.0 -9999.0 -9999.0 2.633735 0.635870 -9999.0 0.371261 0.580216 1.487720 1.253194 2.601689 2.116071 2.019250 2.402021 0.717245 0.235513 -0.001022 -2.544008 -3.376416 -9999.0 -9999.0 -9999.0 -9999.0 -9999.0 -9999.0 -9999.0 -9999.0 -9999.0 -9999.0 -9999.0 -9999.0 -9999.0 -9999.0 -9999.0 -9999.0 -9999.0 -9999.0 -9999.0 -9999.0 -9999.0 -9999.0 -9999.0 -9999.0 -9999.0 -9999.0 -9999.0 -9999.0 -9999.0
-9999.0 -9999.0 -9999.0 -9999.0 -9999.0 -9999.0 -9999.0 -9999.0 -9999.0 -9999.0 -9999.0 -9999.0 -9999.0 -9999.0 -9999.0 -9999.0 -9999.0 4.764418 2.694505 2.312374 0.383979 0.486588 0.676297 0.489569 3.083927 0.404873 0.268094 0.187666 0.160539 0.578306 0.574547 0.154492 -1.366186 -2.777205 -3.744992 -4.320070 -9999.0 -9999.0 -9999.0 -9999.0 -9999.0 -9999.0 -9999.0 -9999.0 -9999.0 -9999.0 -9999.0 -9999.0 -9999.0 -9999.0 -9999.0 -9999.0 -9999.0 -9999.0 -9999.0 -9999.0 -9999.0 -9999.0 -9999.0 -9999.0 -9999.0 -9999.0 -9999.0
-9999.0 -9999.0 -9999.0 -9999.0 -9999.0 -9999.0 -9999.0 -9999.0 -9999.0 -9999.0 -9999.0 -9999.0 -9999.0 0.364618 1.314639 2.516285 4.397097 6.206912 4.393141 1.959422 1.575553 1.544076 1.265411 2.835482 0.344858 0.273869 -0.740623 -0.002548 0.295702 0.342014 0.360595 0.132385 -0.001954 -1.590495 -3.125100 -3.575109 -9999.0 -9999.0 -9999.0 -9999.0 -9999.0 -9999.0 -9999.0 -9999.0 -9999.0 -9999.0 -9999.0 -9999.0 -9999.0 -9999.0 -9999.0 -9999.0 -9999.0 -9999.0 -9999.0 -9999.0 -9999.0 -9999.0 -9999.0 -9999.0 -9999.0 -9999.0 -9999.0
-9999.0 -9999.0 -9999.0 -9999.0 -9999.0 -9999.0 -9999.0 -9999.0 -9999.0 -9999.0 -9999.0 -9999.0 -9999.0 1.062463 2.493447 3.141587 3.362033 5.300965 6.309947 3.648540 2.991264 2.500647 1.460110 0.525595 0.357131 0.118418 0.162340 -2.619320 -2.398198 -0.004807 -0.001860 -1.653294 -3.372942 -4.748494 -3.997749 -9999.0 -9999.0 -9999.0 -9999.0 -9999.0 -9999.0 -9999.0 -9999.0 -9999.0 -9999.0 -9999.0 -9999.0 -9999.0 -9999.0 -9999.0 -9999.0 -9999.0 -9999.0 -9999.0 -9999.0 -9999.0 -9999.0 -9999.0 -9999.0 -9999.0 -9999.0 -9999.0 -9999.0
-9999.0 -9999.0 -9999.0 -9999.0 -9999.0 -9999.0 -9999.0 -9999.0 -9999.0 -9999.0 -9999.0 -9999.0 -9999.0 2.270983 2.957175 3.392881 2.808188 3.630731 6.569337 4.069366 3.178405 0.957060 0.180077 0.228977 0.773604 0.283103 -1.516050 -2.532002 -0.001077 -4.356426 -1.757480 -3.994988 -4.594951 -3.374440 -4.724761 -9999.0 -9999.0 -9999.0 -9999.0 -9999.0 -9999.0 -9999.0 -9999.0 -9999.0 -9999.0 -9999.0 -9999.0 -9999.0 -9999.0 -9999.0 -9999.0 -9999.0 -9999.0 -9999.0 -9999.0 -9999.0 -9999.0 -9999.0 -9999.0 -9999.0 -9999.0 -9999.0 -9999.0
-9999.0 -9999.0 -9999.0 -9999.0 -9999.0 -9999.0 -9999.0 -9999.0 -9999.0 -9999.0 -9999.0 -9999.0 1.006423 2.433875 2.685206 1.044137 0.989625 3.024597 6.104830 3.689619 1.611374 0.356680 0.082939 0.242029 0.475063 0.038183 -0.001552 -0.000643 -0.000809 -3.543296 -1.931869 -3.238894 -1.927644 -3.820092 -9999.0 -9999.0 -9999.0 -9999.0 -9999.0 -9999.0 -9999.0 -9999.0 -9999.0 -9999.0 -9999.0 -9999.0 -9999.0 -9999.0 -9999.0 -9999.0 -9999.0 -9999.0 -9999.0 -9999.0 -9999.0 -9999.0 -9999.0 -9999.0 -9999.0 -9999.0 -9999.0 -9999.0 -9999.0
-9999.0 -9999.0 -9999.0 -9999.0 -9999.0 -9999.0 -9999.0 -9999.0 -9999.0 -9999.0 -9999.0 0.252727 0.687141 1.959448 1.414867 0.972142 1.834064 2.837369 6.294387 2.787791 1.341397 1.490351 0.163900 0.086010 0.125224 -0.001179 -2.061307 -0.001756 -0.001416 -3.423543 -2.861822 -0.000659 -3.089579 -3.175011 -3.790331 -2.988764 0.150437 0.221979 -0.008561 -9999.0 -9999.0 -9999.0 -3.220273 -9999.0 -9999.0 -9999.0 -9999.0 -9999.0 -9999.0 -9999.0 -9999.0 -9999.0 -9999.0 -9999.0 -9999.0 -9999.0 -9999.0 -9999.0 -9999.0 -9999.0 -9999.0 -9999.0 -9999.0
-9999.0 -9999.0 -9999.0 -9999.0 -9999.0 -9999.0 -9999.0 -9999.0 -9999.0 -9999.0 -9999.0 0.170606 0.569130 1.737560 2.348644 0.093494 3.567417 3.353066 6.339399 4.602563 3.406192 0.885676 0.205690 0.045521 -0.003438 -0.001160 0.123082 -0.000436 -2.220627 -3.238290 -0.003421 0.146454 -0.000653 -2.124776 -0.005771 -0.006063 0.395829 0.989674 0.371410 -2.838498 -2.818832 -3.258984 -0.394360 -2.564388 -9999.0 -9999.0 -9999.0 -0.015844 -1.627402 -3.743537 -1.390793 -3.406342 -3.641977 -0.008502 -2.619962 -4.104119 -9999.0 -9999.0 -9999.0 -9999.0 -9999.0 -9999.0 -9999.0
-9999.0 -9999.0 -9999.0 -9999.0 -9999.0 -9999.0 -9999.0 -9999.0 -9999.0 -9999.0 -9999.0 0.198675 0.153915 0.108589 1.046372 0.867217 0.303995 2.319220 4.609505 5.129571 1.950161 0.291798 0.212570 0.195869 -0.001451 -1.060849 0.087340 -0.000746 -2.184543 -1.365018 -2.372327 -0.027490 -0.000262 -0.684580 -2.648918 0.119307 -0.001535 0.223244 2.086324 -1.234803 0.380645 -1.163039 -0.000688 -0.000680 -0.003784 -9999.0 -3.875347 -2.116071 -0.013075 -0.000962 -0.001233 -1.958126 -1.410521 -0.014881 -1.809900 -2.030850 -9999.0 -9999.0 -9999.0 -9999.0 -9999.0 -9999.0 -9999.0
-9999.0 -9999.0 -9999.0 -9999.0 -9999.0 -9999.0 -9999.0 -9999.0 -9999.0 -9999.0 -9999.0 -9999.0 0.143782 0.083540 0.998131 0.932036 0.184874 1.898161 4.744158 5.128159 1.411560 0.234970 0.226108 0.126013 0.068992 0.114513 0.777271 -1.276649 -1.640944 -2.554488 -0.000725 -0.002592 -0.002309 -1.766833 -1.191075 -0.006799 0.124360 0.951125 3.738790 0.672452 1.139126 -0.006597 0.076145 0.208736 -2.303764 -1.037860 -3.094813 -1.281217 -2.776804 -0.001143 0.662468 -0.002959 0.254596 -0.004253 -0.007280 -0.013144 -0.012990 -9999.0 -9999.0 -9999.0 -9999.0 -9999.0 -9999.0
-9999.0 -9999.0 -9999.0 -9999.0 -9999.0 -9999.0 -9999.0 -9999.0 -9999.0 -9999.0 -9999.0 -0.001990 0.071692 0.101211 0.151313 0.164202 0.419384 1.098955 4.049858 3.769382 1.623596 0.275469 0.303498 0.172204 0.156651 0.195035 0.089907 -0.002480 0.114292 -1.610128 -0.002442 0.161230 0.248381 -1.696366 -1.547103 -1.401342 0.048364 0.497469 1.625995 2.806548 0.202917 0.528760 0.198968 -1.272382 0.674344 0.077502 -0.001746 -2.415060 -1.875563 0.240241 -2.505418 -0.903008 -0.019577 -3.527855 -3.619591 -2.833622 -3.524574 -9999.0 -9999.0 -9999.0 -9999.0 -9999.0 -9999.0
-9999.0 -9999.0 -9999.0 -9999.0 -9999.0 -9999.0 -9999.0 -9999.0 -9999.0 -9999.0 0.502351 0.078605 0.425318 0.373498 0.721587 0.498458 0.303070 0.300437 2.949476 3.504299 3.308582 1.921757 0.172725 0.828984 0.459322 0.310850 -0.001519 -2.643386 0.153077 0.235108 0.229838 0.070005 0.099980 -1.760730 -3.702475 -2.399281 0.102649 -0.002638 0.224323 0.255940 0.235141 0.855605 2.340343 0.500934 0.163811 -0.825991 -0.001370 0.091247 0.225193 0.164865 -2.709259 -3.427074 -3.902911 -3.700151 -4.860795 -1.650942 -1.390118 -9999.0 -9999.0 -9999.0 -9999.0 -9999.0 -9999.0
-9999.0 -9999.0 -9999.0 -9999.0 -9999.0 -9999.0 -9999.0 -9999.0 -9999.0 -0.002063 0.197718 0.122217 0.203631 0.222568 0.233108 0.119784 0.200444 1.718277 2.623148 3.953917 4.057468 0.568871 0.396806 0.932759 0.626560 0.050329 0.111961 0.414752 0.187347 0.400474 0.180773 -1.748469 -2.212365 -4.974416 -3.102944 -3.161004 -0.000952 -0.003850 -0.003257 0.102038 0.059940 0.204539 0.145940 1.259622 0.680693 0.375857 1.120516 0.307659 0.283620 1.132392 -2.504014 -3.613923 -3.752862 -4.366559 -4.337769 -3.358115 -0.006096 -2.393764 -3.218221 -9999.0 -9999.0 -9999.0 -9999.0
-9999.0 -9999.0 -9999.0 -9999.0 -9999.0 -9999.0 -9999.0 -9999.0 -9999.0 -1.525650 -0.090350 0.095477 1.833359 0.301261 0.364202 0.251169 0.776851 0.796188 3.154391 5.414332 5.039518 4.121205 2.548086 0.723316 0.077449 0.165780 0.385161 0.533823 0.257416 0.417768 0.313614 -2.885753 -0.004214 -0.561021 -0.064849 -1.419462 -1.450504 -0.811292 0.050860 0.067090 -0.002340 0.049917 0.323992 0.332724 1.881812 1.558328 1.125934 0.301981 0.173056 0.214337 -2.463255 -3.337891 -4.170294 -4.377998 -3.701537 -2.086154 -2.169371 -0.002616 -1.054146 -9999.0 -9999.0 -9999.0 -9999.0
-9999.0 -9999.0 -9999.0 -9999.0 -9999.0 -9999.0 -9999.0 -9999.0 -9999.0 -9999.0 -0.001179 0.118906 0.101423 0.524032 0.457718 0.403560 0.435136 1.615667 3.797586 4.889622 4.406132 1.582102 0.347034 0.154121 0.248952 0.534880 0.182434 0.608817 0.334696 -0.003628 -1.275557 -0.001533 -2.308883 -1.627065 -0.000293 0.219709 0.699691 0.340084 -1.236838 -1.549077 -0.001534 0.173098 0.443283 0.147107 0.137527 0.344092 0.261836 3.072819 2.688462 0.228259 -2.931812 -2.857557 -3.542981 -4.241893 -2.703003 -2.105767 -0.003522 0.471879 0.386074 0.593054 -9999.0 -9999.0 -9999.0
-9999.0 -9999.0 -9999.0 -9999.0 -9999.0 -9999.0 -9999.0 -9999.0 -9999.0 -9999.0 -1.678108 -0.001435 0.163173 0.132054 3.174573 0.440986 0.436328 2.338712 4.495528 5.392792 3.316790 0.946813 0.389078 0.418845 0.472458 1.172868 1.343613 0.195022 -0.005554 -1.441332 -0.450168 0.100980 -2.957823 -1.191160 -0.001118 0.065726 0.107747 0.198845 -2.373043 -0.002476 -0.003654 -0.724387 -0.001872 0.049548 0.136966 0.047487 0.196592 0.099731 1.053898 2.400480 0.121009 -1.149775 -0.035503 -4.119067 -4.477730 -3.986393 -1.395099 0.154630 0.844228 2.746530 -9999.0 -9999.0 -9999.0
-9999.0 -9999.0 -9999.0 -9999.0 -9999.0 -9999.0 -9999.0 -9999.0 0.206348 0.150561 -0.002115 -0.002207 -0.001654 0.059262 -0.002020 2.111084 1.923529 4.893392 5.706968 5.752393 5.037421 3.238751 2.296235 0.536375 0.783074 1.556853 2.469707 -0.003585 -0.003427 -3.314881 -4.028394 -1.386962 -0.041442 -0.003080 -0.002283 -0.000633 0.204487 0.306830 -1.163848 -2.213843 -2.488470 0.069531 -2.816567 -2.204087 -0.161133 0.285610 -0.012747 0.141883 0.056806 3.342537 0.176522 -1.711035 -0.005914 -4.809219 -3.711961 -1.121842 -2.059683 0.879703 0.177032 3.307976 -9999.0 -9999.0 -9999.0
-9999.0 -9999.0 -9999.0 -9999.0 -9999.0 -9999.0 -9999.0 -9999.0 -1.169280 -0.002629 -1.854552 -0.003508 0.047203 0.104930 0.120418 0.233512 1.242366 1.734926 4.547878 6.160217 7.632808 6.848504 5.388688 3.964111 2.701073 2.134680 0.256886 0.207413 -2.852783 -0.001657 -0.006438 -1.753616 -0.001399 -1.861528 -0.001677 0.142306 0.466928 0.152203 0.107065 0.087323 -0.001932 -2.414348 -1.916101 0.116987 0.345924 -0.001570 -2.355408 -0.000235 0.149593 0.582364 2.504040 0.273424 -1.894115 -0.002436 0.219172 -1.808329 0.352377 0.120351 2.820119 6.155631 6.885613 -9999.0 -9999.0
-9999.0 -9999.0 -9999.0 -9999.0 -9999.0 -9999.0 -9999.0 -9999.0 -0.003185 0.144175 0.090777 -1.984515 0.187171 -1.947402 0.167519 0.138066 0.313172 1.661898 5.029403 7.650354 6.571304 7.602722 6.722102 5.256183 5.623619 2.279597 0.489759 0.076097 -2.515490 -0.001509 -1.292210 0.275139 -0.004759 -1.402177 0.141883 0.803320 0.238763 1.722389 0.070010 0.065563 -0.000869 -1.591946 -0.001942 0.127041 -0.003944 -0.002739 -2.045138 0.111360 0.079702 0.289113 2.142157 0.157662 -1.660162 -2.027514 0.216219 0.114610 0.482965 2.633108 4.579296 5.758231 6.578881 -9999.0 -9999.0
-9999.0 -9999.0 -9999.0 -9999.0 -9999.0 -9999.0 -9999.0 -9999.0 -2.936399 -0.000585 0.122392 -2.470054 -0.001957 -0.002696 -0.942404 0.253458 3.221206 4.814850 5.045485 5.639879 6.096391 6.633027 7.611883 7.202309 3.555121 0.932763 0.304931 0.054327 0.582912 0.138125 0.132724 0.128372 0.278746 0.450735 -0.925802 0.601761 1.820802 2.428517 0.286919 0.123852 0.188383 0.197085 0.170972 -0.061977 0.235932 -0.991445 0.136689 -1.238334 0.222758 0.315033 0.111536 1.595926 0.183303 0.718556 1.158893 2.049884 3.545945 4.463516 5.671951 6.390974 4.879298 2.412377 -9999.0
-9999.0 -9999.0 -9999.0 -9999.0 -9999.0 -9999.0 -9999.0 -9999.0 -0.004821 -0.002649 0.136081 -0.001862 -0.010014 0.026557 1.716783 2.504838 3.935990 2.102852 0.704051 2.055732 4.633572 6.216762 6.395222 6.153946 4.207741 0.540712 0.150428 0.487239 0.647941 0.588054 0.197047 0.445565 0.951997 0.798547 0.459360 1.043193 2.203490 3.809004 2.757457 1.901020 0.558526 0.391096 0.514577 0.358781 0.209692 0.635887 0.268131 0.335133 0.418240 0.159297 1.982093 1.691813 1.350456 2.393538 3.211867 3.975090 4.846018 5.419124 5.266619 4.279078 2.397328 1.096716 -9999.0
-9999.0 -9999.0 0.135082 0.197941 -0.003642 0.117434 -0.002674 -0.005923 -0.003823 -0.004386 -0.001811 0.187692 0.044611 0.984464 3.609663 2.809946 0.074417 0.099113 0.186447 0.405692 2.031750 4.616024 5.690239 6.398675 4.621612 1.583072 0.491940 0.507873 1.670162 2.122118 0.412079 0.476305 3.909534 1.669646 3.248254 3.364812 5.299937 5.528182 4.520368 3.153749 3.229610 3.180523 1.798685 2.148427 0.356243 0.503378 0.762182 0.586476 2.607407 3.526014 4.509698 5.266327 4.596028 4.231741 4.091795 5.618383 4.062634 4.036963 1.775331 1.781134 1.570880 0.537682 -9999.0
-9999.0 0.200287 -0.001858 -0.001168 0.090301 -0.001678 -0.002879 -0.008963 -0.022376 -1.079667 -0.004618 -0.004107 1.025515 2.884373 2.995593 -0.001145 0.088304 0.068973 0.416730 0.415736 2.159372 3.182265 4.971196 4.544749 6.240775 4.340551 4.748493 4.847511 3.962481 3.362326 3.097558 1.725301 2.353003 5.752235 5.775594 7.412189 8.469909 9.057098 8.508482 7.501642 6.603349 6.221711 5.062515 2.746833 1.956892 3.114881 4.806678 4.602832 5.643143 4.827849 5.422718 4.858314 3.786697 3.258597 3.204064 2.184242 1.020167 1.242283 0.765648 0.706938 0.153983 0.389642 -9999.0
-9999.0 0.334832 0.128366 0.302072 1.430613 0.115892 -0.002714 -0.001965 -0.000972 -0.002623 0.047035 0.036893 0.539694 3.068145 0.157909 -0.007783 -1.393054 0.070603 0.096632 0.181340 1.070061 1.547956 1.448929 1.590139 5.865619 7.024719 5.763137 6.207603 5.946667 5.165345 6.092955 5.559763 5.242926 6.116230 7.889494 8.898190 11.707936 13.358226 10.695980 10.303149 9.386341 8.122337 6.811769 7.208211 7.772347 6.953446 7.409859 7.050159 6.396575 5.963856 3.765525 1.195022 1.257853 0.984296 0.829378 0.068282 0.042714 0.092961 0.074451 0.082505 0.071079 -9999.0 -9999.0
