user2019/resources/simulation/Vinschgau/output-maps/TsL0004N0784.asc
ncols         63
nrows         48
xllcorner     598000.000000
yllcorner     5145000.000000
cellsize      1000.000000
NODATA_value  -9999.0
[rows 0 to 27 of 48, columns 0 to 62 of 63]
-9999.0 -9999.0 -9999.0 -9999.0 -9999.0 -9999.0 -9999.0 -9999.0 -9999.0 -9999.0 -9999.0 -9999.0 -9999.0 -9999.0 -9999.0 -9999.0 -9999.0 -9999.0 -9999.0 -9999.0 -9999.0 -9999.0 -9999.0 -9999.0 -9999.0 -9999.0 -9999.0 -9999.0 -9999.0 -9999.0 -9999.0 -9999.0 -9999.0 -9999.0 -9999.0 -9999.0 -9999.0 -9999.0 -9999.0 -9999.0 -9999.0 -9999.0 -9999.0 -9999.0 -9999.0 -9999.0 -9999.0 -9999.0 -9999.0 -9999.0 -9999.0 -9999.0 -9999.0 -9999.0 -9999.0 -9999.0 -9999.0 -9999.0 -9999.0 -9999.0 -9999.0 -9999.0 -9999.0
-9999.0 -9999.0 -9999.0 -9999.0 -9999.0 -9999.0 -9999.0 -9999.0 -9999.0 -9999.0 -9999.0 -9999.0 -9999.0 -9999.0 -9999.0 -9999.0 -9999.0 -9999.0 -9999.0 -9999.0 -9999.0 -9999.0 -9999.0 -9999.0 -9999.0 -9999.0 -9999.0 -2.209749 -0.970163 -2.669004 -1.653190 -2.478171 -3.048338 -9999.0 -9999.0 -9999.0 -9999.0 -9999.0 -9999.0 -9999.0 -9999.0 -9999.0 -9999.0 -9999.0 -9999.0 -9999.0 -9999.0 -9999.0 -9999.0 -9999.0 -9999.0 -9999.0 -9999.0 -9999.0 -9999.0 -9999.0 -9999.0 -9999.0 -9999.0 -9999.0 -9999.0 -9999.0 -9999.0
-9999.0 -9999.0 -9999.0 -9999.0 -9999.0 -9999.0 -9999.0 -9999.0 -9999.0 -9999.0 -9999.0 -9999.0 -9999.0 -9999.0 -9999.0 -9999.0 -9999.0 -9999.0 -9999.0 -9999.0 -9999.0 -9999.0 -9999.0 -9999.0 -0.298270 -0.167495 -0.161646 -0.170881 -0.887959 -1.686920 -1.655311 -9999.0 -9999.0 -9999.0 -9999.0 -9999.0 -9999.0 -9999.0 -9999.0 -9999.0 -9999.0 -9999.0 -9999.0 -9999.0 -9999.0 -9999.0 -9999.0 -9999.0 -9999.0 -9999.0 -9999.0 -9999.0 -9999.0 -9999.0 -9999.0 -9999.0 -9999.0 -9999.0 -9999.0 -9999.0 -9999.0 -9999.0 -9999.0
-9999.0 -9999.0 -9999.0 -9999.0 -9999.0 -9999.0 -9999.0 -9999.0 -9999.0 -9999.0 -9999.0 -9999.0 -9999.0 -9999.0 -9999.0 -9999.0 -9999.0 -9999.0 -9999.0 -9999.0 -9999.0 -9999.0 -9999.0 -0.165246 -0.141215 0.454457 0.908266 1.163542 -0.100215 -0.405515 -1.551849 -1.965312 -9999.0 -9999.0 -9999.0 -9999.0 -9999.0 -9999.0 -9999.0 -9999.0 -9999.0 -9999.0 -9999.0 -9999.0 -9999.0 -9999.0 -9999.0 -9999.0 -9999.0 -9999.0 -9999.0 -9999.0 -9999.0 -9999.0 -9999.0 -9999.0 -9999.0 -9999.0 -9999.0 -9999.0 -9999.0 -9999.0 -9999.0
-9999.0 -9999.0 -9999.0 -9999.0 -9999.0 -9999.0 -9999.0 -9999.0 -9999.0 -9999.0 -9999.0 -9999.0 -9999.0 -9999.0 -9999.0 -9999.0 -9999.0 -9999.0 0.106129 -0.158067 -9999.0 -0.158851 -0.150264 0.029764 0.473605 1.566086 0.054683 0.039623 0.094395 -0.003299 -0.451008 -1.379590 -3.489118 -4.833639 -9999.0 -9999.0 -9999.0 -9999.0 -9999.0 -9999.0 -9999.0 -9999.0 -9999.0 -9999.0 -9999.0 -9999.0 -9999.0 -9999.0 -9999.0 -9999.0 -9999.0 -9999.0 -9999.0 -9999.0 -9999.0 -9999.0 -9999.0 -9999.0 -9999.0 -9999.0 -9999.0 -9999.0 -9999.0
-9999.0 -9999.0 -9999.0 -9999.0 -9999.0 -9999.0 -9999.0 -9999.0 -9999.0 -9999.0 -9999.0 -9999.0 -9999.0 -9999.0 -9999.0 -9999.0 -9999.0 4.205598 2.230322 1.590182 -0.556660 -0.003410 -0.003354 -0.000144 0.120895 -0.002757 -0.083456 -0.047311 -0.031488 0.005095 -0.195533 -1.808936 -2.046004 -2.440658 -4.136533 -5.204825 -9999.0 -9999.0 -9999.0 -9999.0 -9999.0 -9999.0 -9999.0 -9999.0 -9999.0 -9999.0 -9999.0 -9999.0 -9999.0 -9999.0 -9999.0 -9999.0 -9999.0 -9999.0 -9999.0 -9999.0 -9999.0 -9999.0 -9999.0 -9999.0 -9999.0 -9999.0 -9999.0
-9999.0 -9999.0 -9999.0 -9999.0 -9999.0 -9999.0 -9999.0 -9999.0 -9999.0 -9999.0 -9999.0 -9999.0 -9999.0 -0.069750 0.013287 1.955470 3.786711 6.020693 3.778328 0.431496 0.120796 0.037820 0.635027 0.099849 -0.002317 -0.149553 -1.325217 -0.896645 -0.093795 -0.005587 -0.603208 -0.758937 -2.254877 -3.112801 -4.057559 -5.471110 -9999.0 -9999.0 -9999.0 -9999.0 -9999.0 -9999.0 -9999.0 -9999.0 -9999.0 -9999.0 -9999.0 -9999.0 -9999.0 -9999.0 -9999.0 -9999.0 -9999.0 -9999.0 -9999.0 -9999.0 -9999.0 -9999.0 -9999.0 -9999.0 -9999.0 -9999.0 -9999.0
-9999.0 -9999.0 -9999.0 -9999.0 -9999.0 -9999.0 -9999.0 -9999.0 -9999.0 -9999.0 -9999.0 -9999.0 -9999.0 -0.004632 1.538447 2.688914 3.019217 4.508953 6.110847 2.039350 2.465151 1.512951 1.026342 0.002515 -0.002500 -0.033164 -1.005788 -2.331195 -3.227635 -0.978890 -2.475155 -1.380678 -3.812045 -8.380946 -5.429226 -9999.0 -9999.0 -9999.0 -9999.0 -9999.0 -9999.0 -9999.0 -9999.0 -9999.0 -9999.0 -9999.0 -9999.0 -9999.0 -9999.0 -9999.0 -9999.0 -9999.0 -9999.0 -9999.0 -9999.0 -9999.0 -9999.0 -9999.0 -9999.0 -9999.0 -9999.0 -9999.0 -9999.0
-9999.0 -9999.0 -9999.0 -9999.0 -9999.0 -9999.0 -9999.0 -9999.0 -9999.0 -9999.0 -9999.0 -9999.0 -9999.0 1.157014 1.615737 2.314398 2.291388 3.200864 6.489413 3.600432 2.140733 0.007219 -0.005510 -0.005880 0.003731 -0.017303 -0.858501 -3.554373 -1.916683 -7.292828 -2.219689 -8.657080 -8.963374 -8.626922 -5.900622 -9999.0 -9999.0 -9999.0 -9999.0 -9999.0 -9999.0 -9999.0 -9999.0 -9999.0 -9999.0 -9999.0 -9999.0 -9999.0 -9999.0 -9999.0 -9999.0 -9999.0 -9999.0 -9999.0 -9999.0 -9999.0 -9999.0 -9999.0 -9999.0 -9999.0 -9999.0 -9999.0 -9999.0
-9999.0 -9999.0 -9999.0 -9999.0 -9999.0 -9999.0 -9999.0 -9999.0 -9999.0 -9999.0 -9999.0 -9999.0 0.006857 0.113939 1.694158 0.019568 0.629902 2.495849 5.241781 2.607765 0.067687 -0.005512 -0.071424 -0.081100 -0.679188 -1.090246 -1.775162 -1.739111 -2.188637 -4.105816 -7.708496 -3.827439 -4.207137 -5.919370 -9999.0 -9999.0 -9999.0 -9999.0 -9999.0 -9999.0 -9999.0 -9999.0 -9999.0 -9999.0 -9999.0 -9999.0 -9999.0 -9999.0 -9999.0 -9999.0 -9999.0 -9999.0 -9999.0 -9999.0 -9999.0 -9999.0 -9999.0 -9999.0 -9999.0 -9999.0 -9999.0 -9999.0 -9999.0
-9999.0 -9999.0 -9999.0 -9999.0 -9999.0 -9999.0 -9999.0 -9999.0 -9999.0 -9999.0 -9999.0 -0.132771 0.755517 1.023407 0.914940 0.004415 1.411645 2.461136 5.060106 2.069231 0.957039 0.032318 -0.277744 -0.741743 -1.498885 -0.767397 -3.280258 -1.080891 -1.892501 -5.324620 -3.956605 -2.084732 -3.927372 -4.638358 -4.147580 -3.624445 -1.845060 -1.108404 -0.834579 -9999.0 -9999.0 -9999.0 -4.476581 -9999.0 -9999.0 -9999.0 -9999.0 -9999.0 -9999.0 -9999.0 -9999.0 -9999.0 -9999.0 -9999.0 -9999.0 -9999.0 -9999.0 -9999.0 -9999.0 -9999.0 -9999.0 -9999.0 -9999.0
-9999.0 -9999.0 -9999.0 -9999.0 -9999.0 -9999.0 -9999.0 -9999.0 -9999.0 -9999.0 -9999.0 -0.140223 1.045371 1.231411 2.150676 -0.068568 3.351495 3.094054 5.382652 3.341371 2.190686 -0.004710 -0.150363 -1.018629 -2.689783 -1.091691 -1.246654 -1.938240 -2.591435 -4.833270 -1.091560 -1.545514 -1.987095 -3.165251 -3.164882 -1.157912 -0.494856 -0.545594 -0.837996 -4.094592 -4.001681 -4.476664 -1.268757 -3.534225 -9999.0 -9999.0 -9999.0 -3.049447 -3.797021 -4.197958 -2.897167 -5.012740 -5.256253 -2.983675 -3.125147 -5.661100 -9999.0 -9999.0 -9999.0 -9999.0 -9999.0 -9999.0 -9999.0
-9999.0 -9999.0 -9999.0 -9999.0 -9999.0 -9999.0 -9999.0 -9999.0 -9999.0 -9999.0 -9999.0 -0.561507 -0.141433 -0.081699 0.005689 -0.002364 0.010443 2.417350 3.756026 3.562033 1.360284 -0.003232 -0.212689 -0.473975 -1.122302 -1.844406 -0.224648 -2.393547 -2.780288 -3.044923 -3.149747 -3.080669 -0.773054 -2.416411 -3.589428 -1.840598 -2.165240 -1.746639 -0.332118 -2.447687 -0.945591 -1.971759 -1.901337 -1.067222 -2.468313 -9999.0 -5.603236 -3.005158 -1.288218 -0.868883 -0.727697 -2.299985 -1.052062 -1.427478 -2.533049 -2.434864 -9999.0 -9999.0 -9999.0 -9999.0 -9999.0 -9999.0 -9999.0
-9999.0 -9999.0 -9999.0 -9999.0 -9999.0 -9999.0 -9999.0 -9999.0 -9999.0 -9999.0 -9999.0 -9999.0 -0.131677 -0.098482 -0.060819 -0.008220 -0.001327 1.761581 4.455615 3.477620 1.100006 -0.013286 -1.290046 -0.163630 -1.226643 -0.247910 -0.188563 -0.848708 -1.513068 -3.423857 -1.248341 -2.618176 -0.732794 -1.690725 -2.390733 -0.993764 -0.894196 -0.144451 -0.030844 -0.748967 -0.439183 -0.851284 -2.264861 -0.154004 -3.035572 -2.561280 -4.368771 -2.457516 -2.779881 -1.334165 -0.080167 -2.451258 -1.910197 -2.248050 -3.462343 -2.927866 -2.084726 -9999.0 -9999.0 -9999.0 -9999.0 -9999.0 -9999.0
-9999.0 -9999.0 -9999.0 -9999.0 -9999.0 -9999.0 -9999.0 -9999.0 -9999.0 -9999.0 -9999.0 -0.165819 -0.351477 -0.124793 -0.291406 -0.027419 -0.001576 1.012605 3.819493 3.081768 1.314303 -0.010452 -0.037860 -1.031872 -0.230606 -1.174666 -0.167211 -1.727259 -1.744228 -1.649215 -0.605958 -1.429741 -0.812286 -1.625332 -3.558269 -1.283599 -1.184118 -0.381344 0.015406 -0.173121 -0.376601 -0.037468 -0.333158 -0.497237 -0.109109 -1.589180 -2.241708 -1.647664 -0.836874 -0.066986 -3.392286 -1.583390 -4.220028 -6.054523 -7.058864 -6.672503 -4.012909 -9999.0 -9999.0 -9999.0 -9999.0 -9999.0 -9999.0
-9999.0 -9999.0 -9999.0 -9999.0 -9999.0 -9999.0 -9999.0 -9999.0 -9999.0 -9999.0 -0.176418 -0.129139 -0.157121 -0.154558 -0.069478 -0.088385 -0.092798 -0.002843 2.546503 2.744694 1.960821 0.101470 -0.109183 -0.070572 -0.005701 -0.539654 -1.477693 -4.330880 -0.737536 -0.366400 -1.099369 -1.175782 -0.423964 -1.688563 -5.735001 -3.106187 -0.692679 -1.759852 -0.074264 -0.001805 -0.001585 0.356005 2.120977 0.388828 -0.072673 -1.502039 -0.850380 -2.142044 -0.990114 -0.008482 -4.425044 -4.596196 -7.625216 -7.873752 -8.662085 -1.771404 -3.204822 -9999.0 -9999.0 -9999.0 -9999.0 -9999.0 -9999.0
-9999.0 -9999.0 -9999.0 -9999.0 -9999.0 -9999.0 -9999.0 -9999.0 -9999.0 -0.968721 -0.759606 -1.283138 -0.487376 -0.147101 -0.539911 -0.099979 -0.074165 0.013396 2.197668 3.195335 2.269934 0.001987 -0.001075 0.004832 0.001016 -1.369361 -1.320113 -0.154870 -0.075419 -0.046059 -0.001889 -1.631781 -3.013018 -6.441390 -4.299286 -3.179889 -1.768339 -2.783258 -0.514719 -0.118125 -0.912005 -0.086135 -0.096569 0.961488 0.345899 -0.072780 -0.065260 -0.183503 -0.178131 0.012578 -3.401762 -4.099594 -8.542546 -6.563195 -5.152153 -4.973597 -3.396313 -3.254442 -4.664915 -9999.0 -9999.0 -9999.0 -9999.0
-9999.0 -9999.0 -9999.0 -9999.0 -9999.0 -9999.0 -9999.0 -9999.0 -9999.0 -2.909428 -2.468199 -0.349473 -0.003164 -0.003648 -0.075979 -0.157304 -0.069584 0.004310 2.729780 3.478181 3.039931 2.214604 0.322527 -0.001363 -0.907208 -0.294307 -0.083030 -0.005192 -0.000373 -0.001392 -0.069668 -2.023104 -1.008886 -2.266811 -1.356766 -2.718863 -2.193286 -1.072310 -1.112972 -0.396328 -0.457379 -1.435834 -0.079657 0.001358 1.628337 1.180500 0.807494 -0.001344 -0.004566 -0.001640 -2.865315 -5.317610 -6.415681 -5.341192 -4.893589 -4.531982 -3.821623 -2.833026 -1.878642 -9999.0 -9999.0 -9999.0 -9999.0
-9999.0 -9999.0 -9999.0 -9999.0 -9999.0 -9999.0 -9999.0 -9999.0 -9999.0 -9999.0 -1.362184 -0.699173 -0.095292 -0.345451 -0.002291 -0.074378 -0.003667 0.702476 3.414984 3.371622 2.867395 1.310785 -0.002324 -0.073903 -0.238114 -0.069701 -0.001836 0.008480 -0.069691 -0.966851 -1.897767 -1.728590 -3.469891 -1.918529 -1.887505 -0.772162 -0.159600 -0.149092 -2.241065 -1.216423 -1.550824 -0.151357 -0.075257 -0.071462 -0.013461 -0.002311 0.418475 1.427562 1.509592 -0.002025 -1.830335 -2.878738 -5.281127 -6.272886 -5.203589 -3.340437 -2.023159 -1.016644 -1.283856 -0.011210 -9999.0 -9999.0 -9999.0
-9999.0 -9999.0 -9999.0 -9999.0 -9999.0 -9999.0 -9999.0 -9999.0 -9999.0 -9999.0 -1.507158 -0.848854 -0.155866 -0.459675 0.133052 -0.000704 -0.001276 1.552363 3.923465 4.108060 2.653022 0.317006 -0.003041 -0.076935 -0.072176 0.007986 0.864738 -0.014860 -1.087444 -2.872904 -1.277763 -0.896770 -4.455446 -2.561670 -1.174946 -0.584774 -0.615644 -0.394632 -1.534623 -1.809801 -0.994746 -1.085697 -2.012323 -0.410710 -0.143474 -0.240514 -0.049952 -0.013202 1.598659 1.235403 -0.032876 -1.704926 -3.198201 -4.919412 -6.870923 -5.917197 -2.942314 -0.352514 0.775508 1.063843 -9999.0 -9999.0 -9999.0
-9999.0 -9999.0 -9999.0 -9999.0 -9999.0 -9999.0 -9999.0 -9999.0 -0.465294 -1.288791 -1.900046 -0.426107 -1.620975 -1.506906 -0.823466 1.007631 1.764906 3.085797 4.116472 4.686631 4.469366 2.727779 1.754097 0.001781 0.003711 1.475791 0.062587 -0.299206 -1.389229 -3.618243 -7.270179 -1.193054 -1.182798 -2.065425 -2.270306 -1.040156 -0.069277 -0.434411 -2.484973 -2.991772 -1.889599 -0.792768 -3.446073 -2.834582 -0.803468 -0.171505 -2.299917 -0.160272 -0.013148 1.652611 -0.018701 -2.089920 -2.371518 -5.970516 -5.458233 -1.922205 -2.807588 -0.072960 -0.001179 2.543797 -9999.0 -9999.0 -9999.0
-9999.0 -9999.0 -9999.0 -9999.0 -9999.0 -9999.0 -9999.0 -9999.0 -2.553929 -2.544332 -2.403126 -1.827864 -0.988260 -1.266821 -0.337035 -0.002121 0.766265 1.304695 4.317105 5.160219 5.918169 4.768680 3.483766 1.883001 2.117167 2.221600 0.331813 -0.136409 -3.605894 -1.708501 -2.198444 -2.282165 -2.217670 -2.160416 -0.684362 -0.336544 -0.073639 -0.089784 -0.219396 -0.458133 -1.281886 -5.594551 -2.319151 -0.426074 -0.213466 -0.409136 -3.795816 -0.726294 -0.075165 0.944070 1.064615 -0.135475 -3.501028 -2.295365 -1.002707 -2.167978 -0.258188 -0.013440 1.743248 4.294750 5.311406 -9999.0 -9999.0
-9999.0 -9999.0 -9999.0 -9999.0 -9999.0 -9999.0 -9999.0 -9999.0 -1.202003 -0.675180 -0.981187 -3.209616 -1.165080 -2.924625 -0.189137 -0.276052 -0.001764 1.220460 4.584222 6.029576 5.595413 5.610296 4.901790 3.888545 3.518391 1.923930 0.002745 -0.457717 -4.051621 -1.118827 -1.627450 -0.725462 -1.497589 -1.303243 -0.315144 -0.122685 -0.950083 1.227113 -0.029324 -0.466617 -0.747056 -1.589578 -0.449683 -0.734637 -0.684731 -0.466349 -2.844877 -0.616794 -1.144829 -0.001858 1.983638 -0.017447 -2.450802 -3.358075 -0.176536 -0.214081 0.004719 1.644607 3.641311 4.030974 4.846932 -9999.0 -9999.0
-9999.0 -9999.0 -9999.0 -9999.0 -9999.0 -9999.0 -9999.0 -9999.0 -4.175993 -0.572824 -1.519300 -3.992323 -1.876956 -0.898566 -0.258891 0.000352 2.737576 4.188022 3.677736 5.068749 4.927310 5.376511 5.602066 5.285893 2.708663 0.389218 -0.008388 -1.898559 -0.160355 -0.655216 -0.559372 -0.262651 -0.071694 -0.279275 -0.199304 -0.070343 0.017656 2.671040 0.004130 -0.064475 -0.391947 -0.352991 -0.352570 -0.819191 -0.581053 -1.450829 -0.718361 -0.978118 -0.905668 -0.206869 -0.002113 1.620872 -0.002293 -0.081319 0.004853 0.741745 2.117739 3.135621 4.328357 4.620734 3.603449 1.823534 -9999.0
-9999.0 -9999.0 -9999.0 -9999.0 -9999.0 -9999.0 -9999.0 -9999.0 -2.775269 -0.479003 -1.392704 -1.496648 -2.032625 -0.612873 -0.001170 1.301595 2.163968 1.468125 0.004640 1.664938 3.955975 4.862034 5.085157 4.824022 2.529591 -0.000163 -0.401964 -0.072783 -0.001741 -0.108089 -0.080831 -0.020372 0.750767 -0.001224 -0.001583 0.010235 1.418779 4.402205 3.698949 1.075428 0.000829 -0.001466 -0.010369 -0.003193 -0.195428 -0.125902 -0.076179 -0.823826 -0.078063 -0.002033 0.570298 1.058123 1.397413 0.923052 1.583807 2.038598 2.823758 3.507783 3.909555 3.471201 2.841776 1.221925 -9999.0
-9999.0 -9999.0 -0.958447 -0.472385 -2.737391 -0.338009 -2.520917 -2.133391 -1.565788 -0.782810 -0.555539 -0.644991 -0.993445 -0.088076 0.557759 1.035184 -0.011943 -0.461989 -0.085667 0.000023 1.598045 4.071827 4.073348 5.658943 3.091752 1.043654 -0.001007 0.000278 1.294327 0.055176 -0.002409 0.002587 2.316786 1.879865 2.543011 3.205494 4.769050 6.452372 5.340318 3.074123 2.570457 2.554522 2.509682 1.341436 -0.001667 -0.001670 0.515354 0.771496 1.348066 2.372126 3.063900 3.193754 2.511618 2.099440 2.030590 3.408324 2.272373 2.735107 2.180858 2.292723 1.360364 0.526019 -9999.0
-9999.0 -0.129767 -0.173498 -0.200622 -0.298452 -2.085444 -2.518808 -2.294538 -2.947529 -1.837806 -1.147246 -0.472089 -0.127963 0.078486 0.099550 -0.140938 -0.248982 -1.021935 -0.279042 -0.002498 1.455587 2.718084 3.020870 3.322976 4.333346 2.796335 2.540862 2.695793 2.805022 1.892479 1.787552 1.623548 2.394808 4.148464 5.191476 6.492816 7.823299 9.335898 7.963290 6.632793 5.776898 5.509742 4.725647 3.195382 2.167981 2.635411 3.218542 4.253920 4.434011 4.282029 3.737673 3.016558 2.040141 1.426713 1.379710 0.976316 0.446182 0.747840 0.565782 0.011602 -0.001071 0.328196 -9999.0
-9999.0 -0.120669 -0.494807 -0.204991 -0.008134 -1.122121 -2.278735 -2.594181 -1.605350 -2.074628 -1.389435 -0.460270 -0.017849 0.106906 -0.066148 -2.381265 -2.300732 -1.168337 -0.125826 -0.084555 0.014206 1.105916 1.739693 1.324234 3.705517 4.949711 5.011879 5.056177 4.380023 4.851105 5.774457 5.225018 3.999273 4.857752 7.022585 8.273559 11.184549 12.472173 10.368966 9.632948 8.819513 7.894827 6.720876 7.053311 7.423753 6.834149 5.820263 5.531774 5.018903 4.397658 2.740640 1.268990 0.508309 0.884052 0.431134 -0.030624 -0.199095 -0.037902 -0.026224 -0.065193 -0.023728 -9999.0 -9999.0
