user2019/resources/simulation/Vinschgau/output-maps/TsL0006N1173.asc
ncols         63
nrows         48
xllcorner     598000.000000
yllcorner     5145000.000000
cellsize      1000.000000
NODATA_value  -9999.0
[rows 0 to 27 of 48, columns 0 to 62 of 63]
-9999.0 -9999.0 -9999.0 -9999.0 -9999.0 -9999.0 -9999.0 -9999.0 -9999.0 -9999.0 -9999.0 -9999.0 -9999.0 -9999.0 -9999.0 -9999.0 -9999.0 -9999.0 -9999.0 -9999.0 -9999.0 -9999.0 -9999.0 -9999.0 -9999.0 -9999.0 -9999.0 -9999.0 -9999.0 -9999.0 -9999.0 -9999.0 -9999.0 -9999.0 -9999.0 -9999.0 -9999.0 -9999.0 -9999.0 -9999.0 -9999.0 -9999.0 -9999.0 -9999.0 -9999.0 -9999.0 -9999.0 -9999.0 -9999.0 -9999.0 -9999.0 -9999.0 -9999.0 -9999.0 -9999.0 -9999.0 -9999.0 -9999.0 -9999.0 -9999.0 -9999.0 -9999.0 -9999.0
-9999.0 -9999.0 -9999.0 -9999.0 -9999.0 -9999.0 -9999.0 -9999.0 -9999.0 -9999.0 -9999.0 -9999.0 -9999.0 -9999.0 -9999.0 -9999.0 -9999.0 -9999.0 -9999.0 -9999.0 -9999.0 -9999.0 -9999.0 -9999.0 -9999.0 -9999.0 -9999.0 1.379628 -0.000657 1.769878 -0.035957 -0.031499 -0.221606 -9999.0 -9999.0 -9999.0 -9999.0 -9999.0 -9999.0 -9999.0 -9999.0 -9999.0 -9999.0 -9999.0 -9999.0 -9999.0 -9999.0 -9999.0 -9999.0 -9999.0 -9999.0 -9999.0 -9999.0 -9999.0 -9999.0 -9999.0 -9999.0 -9999.0 -9999.0 -9999.0 -9999.0 -9999.0 -9999.0
-9999.0 -9999.0 -9999.0 -9999.0 -9999.0 -9999.0 -9999.0 -9999.0 -9999.0 -9999.0 -9999.0 -9999.0 -9999.0 -9999.0 -9999.0 -9999.0 -9999.0 -9999.0 -9999.0 -9999.0 -9999.0 -9999.0 -9999.0 -9999.0 -0.001694 0.994152 1.122712 0.524625 -0.002956 -0.002006 -0.024733 -9999.0 -9999.0 -9999.0 -9999.0 -9999.0 -9999.0 -9999.0 -9999.0 -9999.0 -9999.0 -9999.0 -9999.0 -9999.0 -9999.0 -9999.0 -9999.0 -9999.0 -9999.0 -9999.0 -9999.0 -9999.0 -9999.0 -9999.0 -9999.0 -9999.0 -9999.0 -9999.0 -9999.0 -9999.0 -9999.0 -9999.0 -9999.0
-9999.0 -9999.0 -9999.0 -9999.0 -9999.0 -9999.0 -9999.0 -9999.0 -9999.0 -9999.0 -9999.0 -9999.0 -9999.0 -9999.0 -9999.0 -9999.0 -9999.0 -9999.0 -9999.0 -9999.0 -9999.0 -9999.0 -9999.0 1.040195 1.321163 3.565768 3.919099 4.094225 3.728311 1.621274 -0.021676 -0.041860 -9999.0 -9999.0 -9999.0 -9999.0 -9999.0 -9999.0 -9999.0 -9999.0 -9999.0 -9999.0 -9999.0 -9999.0 -9999.0 -9999.0 -9999.0 -9999.0 -9999.0 -9999.0 -9999.0 -9999.0 -9999.0 -9999.0 -9999.0 -9999.0 -9999.0 -9999.0 -9999.0 -9999.0 -9999.0 -9999.0 -9999.0
-9999.0 -9999.0 -9999.0 -9999.0 -9999.0 -9999.0 -9999.0 -9999.0 -9999.0 -9999.0 -9999.0 -9999.0 -9999.0 -9999.0 -9999.0 -9999.0 -9999.0 -9999.0 6.378928 1.926135 -9999.0 1.183320 1.355776 3.396060 3.368599 4.382025 4.407831 4.491092 2.507501 -0.004315 0.910356 -0.021697 0.429198 0.560216 -9999.0 -9999.0 -9999.0 -9999.0 -9999.0 -9999.0 -9999.0 -9999.0 -9999.0 -9999.0 -9999.0 -9999.0 -9999.0 -9999.0 -9999.0 -9999.0 -9999.0 -9999.0 -9999.0 -9999.0 -9999.0 -9999.0 -9999.0 -9999.0 -9999.0 -9999.0 -9999.0 -9999.0 -9999.0
-9999.0 -9999.0 -9999.0 -9999.0 -9999.0 -9999.0 -9999.0 -9999.0 -9999.0 -9999.0 -9999.0 -9999.0 -9999.0 -9999.0 -9999.0 -9999.0 -9999.0 5.350881 3.993544 4.685658 4.869578 -0.007445 0.898002 2.745598 4.945182 -0.004188 -0.101982 -0.006285 -0.034092 2.182723 2.279341 0.946551 1.937781 1.283340 0.399662 0.450037 -9999.0 -9999.0 -9999.0 -9999.0 -9999.0 -9999.0 -9999.0 -9999.0 -9999.0 -9999.0 -9999.0 -9999.0 -9999.0 -9999.0 -9999.0 -9999.0 -9999.0 -9999.0 -9999.0 -9999.0 -9999.0 -9999.0 -9999.0 -9999.0 -9999.0 -9999.0 -9999.0
-9999.0 -9999.0 -9999.0 -9999.0 -9999.0 -9999.0 -9999.0 -9999.0 -9999.0 -9999.0 -9999.0 -9999.0 -9999.0 4.379565 2.630792 3.672655 5.041639 11.807026 5.098845 4.106600 3.749246 3.023109 4.176136 4.932533 -0.003653 1.788598 -0.058454 -0.117474 -0.049795 -0.010391 -0.262824 0.476503 -0.000927 -0.033813 0.965606 0.438281 -9999.0 -9999.0 -9999.0 -9999.0 -9999.0 -9999.0 -9999.0 -9999.0 -9999.0 -9999.0 -9999.0 -9999.0 -9999.0 -9999.0 -9999.0 -9999.0 -9999.0 -9999.0 -9999.0 -9999.0 -9999.0 -9999.0 -9999.0 -9999.0 -9999.0 -9999.0 -9999.0
-9999.0 -9999.0 -9999.0 -9999.0 -9999.0 -9999.0 -9999.0 -9999.0 -9999.0 -9999.0 -9999.0 -9999.0 -9999.0 5.584485 4.971670 4.388672 4.223448 10.856315 11.925967 5.870183 4.251772 7.242981 2.860008 1.309888 2.056552 -0.010795 0.692893 1.639535 1.056925 -0.161664 -0.455879 -0.015362 0.711972 -4.386343 0.371771 -9999.0 -9999.0 -9999.0 -9999.0 -9999.0 -9999.0 -9999.0 -9999.0 -9999.0 -9999.0 -9999.0 -9999.0 -9999.0 -9999.0 -9999.0 -9999.0 -9999.0 -9999.0 -9999.0 -9999.0 -9999.0 -9999.0 -9999.0 -9999.0 -9999.0 -9999.0 -9999.0 -9999.0
-9999.0 -9999.0 -9999.0 -9999.0 -9999.0 -9999.0 -9999.0 -9999.0 -9999.0 -9999.0 -9999.0 -9999.0 -9999.0 5.103184 5.241099 6.312230 4.049667 4.738650 12.284178 5.091897 8.469413 3.496968 -0.004092 -0.006196 1.914982 1.198006 2.905541 0.935148 -0.033119 -0.467725 -0.022609 -4.107820 -3.874872 -5.687811 0.403007 -9999.0 -9999.0 -9999.0 -9999.0 -9999.0 -9999.0 -9999.0 -9999.0 -9999.0 -9999.0 -9999.0 -9999.0 -9999.0 -9999.0 -9999.0 -9999.0 -9999.0 -9999.0 -9999.0 -9999.0 -9999.0 -9999.0 -9999.0 -9999.0 -9999.0 -9999.0 -9999.0 -9999.0
-9999.0 -9999.0 -9999.0 -9999.0 -9999.0 -9999.0 -9999.0 -9999.0 -9999.0 -9999.0 -9999.0 -9999.0 3.832352 4.761849 5.981841 3.966205 2.609468 4.294501 11.744368 6.420786 3.955471 -0.009222 -0.023697 -0.024272 -0.313346 0.486630 -1.643061 -0.022067 -0.041105 0.472636 -3.566511 0.429596 -0.045433 0.545625 -9999.0 -9999.0 -9999.0 -9999.0 -9999.0 -9999.0 -9999.0 -9999.0 -9999.0 -9999.0 -9999.0 -9999.0 -9999.0 -9999.0 -9999.0 -9999.0 -9999.0 -9999.0 -9999.0 -9999.0 -9999.0 -9999.0 -9999.0 -9999.0 -9999.0 -9999.0 -9999.0 -9999.0 -9999.0
-9999.0 -9999.0 -9999.0 -9999.0 -9999.0 -9999.0 -9999.0 -9999.0 -9999.0 -9999.0 -9999.0 3.648632 5.118683 2.844842 5.497260 7.112922 5.721307 4.630013 11.145122 7.951156 3.010097 2.764998 1.974908 0.826329 -0.065332 0.582100 -0.026973 -0.004228 -0.046465 0.416419 0.441397 -0.000802 1.043086 0.477619 0.434979 1.175309 -0.022782 0.633282 0.702288 -9999.0 -9999.0 -9999.0 0.417108 -9999.0 -9999.0 -9999.0 -9999.0 -9999.0 -9999.0 -9999.0 -9999.0 -9999.0 -9999.0 -9999.0 -9999.0 -9999.0 -9999.0 -9999.0 -9999.0 -9999.0 -9999.0 -9999.0 -9999.0
-9999.0 -9999.0 -9999.0 -9999.0 -9999.0 -9999.0 -9999.0 -9999.0 -9999.0 -9999.0 -9999.0 2.944576 4.943605 6.615141 6.337690 5.984164 7.715071 5.144776 11.576601 8.543232 8.050717 4.677967 1.276497 -1.720747 -1.109602 -0.001065 -0.003307 -0.000683 1.823865 0.504644 -0.014829 -0.018367 -0.033862 -0.059491 -0.041183 -0.019845 1.318085 1.700100 1.074651 0.441305 0.645686 0.459013 -0.022950 0.694587 -9999.0 -9999.0 -9999.0 -0.126535 -0.108200 -0.008548 -0.091462 -0.096173 -0.085588 -0.270040 -0.321617 -0.098374 -9999.0 -9999.0 -9999.0 -9999.0 -9999.0 -9999.0 -9999.0
-9999.0 -9999.0 -9999.0 -9999.0 -9999.0 -9999.0 -9999.0 -9999.0 -9999.0 -9999.0 -9999.0 2.780793 3.546051 1.055491 6.867757 6.792147 2.505138 4.074518 10.051383 8.546554 2.415895 -0.007277 -0.182460 0.384024 -0.000819 1.471248 -1.576981 -2.147940 1.255993 -0.038533 1.016226 -2.605620 -0.000223 -0.043826 0.632631 -0.000782 -1.794328 -1.345598 2.659578 1.044031 0.722463 -0.023152 -0.004744 -0.003582 -0.056440 -9999.0 0.332716 -0.068620 -0.029726 -0.001743 0.822578 1.820565 -0.001160 -0.024572 -0.061216 -0.051316 -9999.0 -9999.0 -9999.0 -9999.0 -9999.0 -9999.0 -9999.0
-9999.0 -9999.0 -9999.0 -9999.0 -9999.0 -9999.0 -9999.0 -9999.0 -9999.0 -9999.0 -9999.0 -9999.0 3.025437 -0.036344 5.590969 5.918045 0.881517 3.114511 10.764066 8.333921 2.375163 0.839172 -0.130811 -0.469858 -1.604575 -0.314430 1.057678 1.272765 -0.024856 0.789736 -0.009290 -2.410410 1.394271 -0.047938 -0.047807 -0.004279 -0.501899 -1.145043 4.621044 1.514381 1.962357 2.667798 -0.279099 1.135169 0.946436 -0.057647 0.249672 -0.048820 -1.956016 -0.269852 -0.027158 -2.294896 -2.366636 -2.923720 -3.489943 -0.061851 -0.054018 -9999.0 -9999.0 -9999.0 -9999.0 -9999.0 -9999.0
-9999.0 -9999.0 -9999.0 -9999.0 -9999.0 -9999.0 -9999.0 -9999.0 -9999.0 -9999.0 -9999.0 -0.279740 1.367101 4.571020 -0.049450 -0.003247 1.874913 2.405119 10.157476 4.340091 2.675530 0.689445 -0.020828 -0.228195 -0.243553 -1.151126 -0.284870 -0.020762 -0.023903 1.567801 -1.304247 -1.600151 1.125254 -0.033552 -0.044364 -0.030341 0.696057 -0.203073 0.395298 3.867469 -0.080564 -0.024887 -0.154121 -0.035589 1.929812 -0.020211 -0.025030 1.584904 2.658459 -0.020438 -1.671227 -0.020221 -3.964556 -3.545551 -4.090897 -4.237685 0.387828 -9999.0 -9999.0 -9999.0 -9999.0 -9999.0 -9999.0
-9999.0 -9999.0 -9999.0 -9999.0 -9999.0 -9999.0 -9999.0 -9999.0 -9999.0 -9999.0 1.141055 -0.129774 1.345261 2.133883 3.637939 -0.023161 -0.024681 -0.005089 3.518362 3.980548 6.081541 4.593754 -0.429973 2.303103 -0.026613 -0.768014 -1.695732 -2.612766 1.428811 1.647717 -1.022993 -1.135387 1.023162 -0.030483 0.515655 1.030726 1.482663 -0.253186 -0.164384 0.835936 0.938553 2.080331 7.197788 0.895290 -0.028114 1.629580 0.747808 -0.288145 -0.396519 -0.005939 -3.944470 -0.027951 -4.384832 -4.881839 -5.246498 -0.024088 -0.031972 -9999.0 -9999.0 -9999.0 -9999.0 -9999.0 -9999.0
-9999.0 -9999.0 -9999.0 -9999.0 -9999.0 -9999.0 -9999.0 -9999.0 -9999.0 -0.000403 1.238312 -0.067859 -0.058810 -0.096926 -0.224694 -0.109801 -0.029532 5.180788 3.441742 4.048166 6.584713 0.847867 0.211147 1.153502 -0.002696 -1.053466 -1.388598 1.712885 -0.092342 -0.039047 -0.001197 -1.250911 1.192431 0.424031 0.711390 1.005382 0.942273 -0.465584 -0.364905 -0.476700 -0.462413 -0.336367 -0.415978 1.583308 0.916590 -0.030836 3.419192 -0.127802 -0.122958 0.399685 -1.715432 0.344874 -5.073356 -0.362761 -0.187031 -3.333735 -3.400165 0.626086 -0.077200 -9999.0 -9999.0 -9999.0 -9999.0
-9999.0 -9999.0 -9999.0 -9999.0 -9999.0 -9999.0 -9999.0 -9999.0 -9999.0 0.702268 0.233060 1.767197 3.504650 -0.004650 -0.032585 -0.105897 2.604480 1.219441 4.018380 7.910119 7.397679 7.288908 4.858477 3.230144 -0.659448 -0.377250 -0.158927 -0.010496 1.092968 3.290189 1.678515 -1.631436 -0.001539 -0.037995 -0.035506 0.990410 1.333973 2.393015 -0.000587 1.141081 -0.401063 -0.559632 -0.060326 1.344220 2.522413 2.670426 2.343545 1.029215 -0.027039 0.634310 -2.513244 -3.729983 -0.475898 -0.641558 -0.383460 -4.425506 -2.773216 -2.689554 1.270594 -9999.0 -9999.0 -9999.0 -9999.0
-9999.0 -9999.0 -9999.0 -9999.0 -9999.0 -9999.0 -9999.0 -9999.0 -9999.0 -9999.0 -0.010949 1.072914 -0.045974 -0.347651 -0.010129 -0.028809 -0.004899 2.278176 4.810036 5.458814 7.414256 2.639195 -0.003443 -0.280881 -0.229871 -0.031416 0.633178 1.610743 1.650788 -1.196813 -1.535562 -1.985948 -2.022123 -0.034468 -0.025679 1.108526 1.171825 1.256229 1.367597 -0.008262 -0.018511 1.177171 2.153582 -0.032395 -0.002328 -0.003695 1.547192 5.144575 3.309424 0.616379 -1.476106 -3.242760 -0.250972 -0.518543 -0.686345 -0.192321 -0.045235 -0.789622 -0.417280 -0.014651 -9999.0 -9999.0 -9999.0
-9999.0 -9999.0 -9999.0 -9999.0 -9999.0 -9999.0 -9999.0 -9999.0 -9999.0 -9999.0 -0.034876 0.771185 1.144224 -0.025636 4.101969 -0.005246 -0.005110 2.540817 5.219999 6.341489 3.363752 1.464926 -0.003675 -0.039298 -0.019882 1.168578 2.294497 -0.003544 -0.882580 -1.751533 -0.002230 -0.007289 -3.491210 -0.036487 -0.002054 1.315261 -0.660214 -0.222580 -1.860607 -0.022963 -0.005437 2.995370 -0.278890 1.486468 1.341607 -0.217440 -0.005683 -0.002329 2.844364 2.752934 -0.011649 -1.611133 -2.509084 -0.113147 -0.886567 -0.518763 -0.083523 -0.163462 0.969095 2.461705 -9999.0 -9999.0 -9999.0
-9999.0 -9999.0 -9999.0 -9999.0 -9999.0 -9999.0 -9999.0 -9999.0 -0.004929 -0.018983 -0.025386 -0.007464 -1.900683 -0.177222 -0.044285 1.550791 2.861269 8.106096 6.457490 6.795164 5.095482 4.010491 3.104705 1.323000 0.928322 1.864047 4.332338 -0.401769 -1.395944 -1.660314 -3.861729 -0.003915 -0.003571 -0.033389 -0.025336 0.237579 3.321928 -0.121391 -2.123654 1.075423 1.653115 1.157939 -1.616654 1.233173 3.195427 1.169386 -1.949928 -0.083153 -0.002327 2.824476 0.872520 -2.105333 -3.486883 -4.186516 -0.418412 -0.039388 0.863472 1.403375 1.171423 4.138625 -9999.0 -9999.0 -9999.0
-9999.0 -9999.0 -9999.0 -9999.0 -9999.0 -9999.0 -9999.0 -9999.0 -2.221333 -1.764276 -1.379679 -0.024644 0.575032 -1.340850 -0.519638 -0.004234 1.864076 2.452465 5.467918 7.320532 11.584454 10.310177 9.934671 9.132466 3.328301 3.262226 0.800101 -0.121452 -2.970272 -0.023022 -0.041494 1.220169 -0.000905 1.368203 -0.003616 1.095667 4.727823 -0.020900 -0.088184 0.920290 -0.002457 -2.740035 1.521007 0.939724 0.952243 -0.268122 -2.079389 0.805503 -0.063604 1.430582 2.350352 -0.032882 -4.004093 -0.062467 -0.000705 -1.559049 -0.170621 -0.020957 3.076643 5.686146 7.151720 -9999.0 -9999.0
-9999.0 -9999.0 -9999.0 -9999.0 -9999.0 -9999.0 -9999.0 -9999.0 -0.002445 -0.000181 -0.030264 -2.008590 -0.033325 -1.472116 -0.145033 -0.394018 0.198673 3.557410 5.400889 11.273898 7.779846 10.591256 10.721470 6.390282 8.062235 3.178616 0.308683 -0.833403 -2.764255 -0.002314 1.466311 1.168423 -1.587670 -1.508245 1.286518 3.604766 -0.022519 1.579882 -0.039650 -0.222712 0.903033 1.749481 0.713473 -0.006129 -1.731092 -0.002039 1.005923 -0.008888 -1.479548 -0.001823 2.516371 0.712978 -2.708048 -3.830212 -0.809592 -0.098113 1.563827 2.939235 5.605913 5.967624 6.567671 -9999.0 -9999.0
-9999.0 -9999.0 -9999.0 -9999.0 -9999.0 -9999.0 -9999.0 -9999.0 0.221792 0.845259 -0.403972 -3.636375 -0.003802 -0.522295 -0.530648 0.177308 3.933479 5.195564 7.916736 5.662789 7.194032 7.567879 10.110828 9.407840 3.580475 0.974096 -0.007938 -1.577680 1.112421 -0.313378 -0.169345 -0.154301 -0.013252 -0.071190 -0.022449 3.198908 5.538267 4.026683 0.626277 -0.028064 1.760585 1.824983 1.782128 3.173986 -0.004469 1.642738 1.478637 2.260256 -0.000450 -0.168744 -0.003175 2.180651 0.852398 -0.089617 1.140778 2.094981 3.750492 4.698200 5.654348 6.288050 5.241348 2.617275 -9999.0
-9999.0 -9999.0 -9999.0 -9999.0 -9999.0 -9999.0 -9999.0 -9999.0 -0.217085 -0.008730 -1.480982 -1.191253 -0.390968 -0.158561 3.361464 2.752171 5.622981 2.370986 0.733525 2.836862 4.720585 6.933989 7.185866 6.896126 7.288527 -0.005300 -0.688294 -0.019642 -0.003706 -0.035867 -0.291434 0.244028 2.593055 1.689743 0.778046 1.762653 3.714107 6.025852 5.417946 2.569682 1.075878 0.742180 0.716379 -0.009955 -0.141942 1.990552 -0.051096 -0.203313 -0.051393 0.415764 1.953701 1.654672 1.901360 2.264531 2.872506 3.262158 3.933378 4.780198 5.454322 5.544369 4.146832 2.009455 -9999.0
-9999.0 -9999.0 0.759380 -0.002612 -2.667696 -1.695185 -2.287992 -1.689137 -0.041441 -0.032497 -1.475459 -0.426075 -0.108025 -0.021804 4.578116 2.061841 -0.002168 -0.833268 -0.079391 -0.004448 2.707316 5.412837 6.059105 6.127892 4.976946 1.993820 -0.005753 -0.004690 2.405195 4.429167 -0.003670 0.642162 6.519895 3.356709 4.720498 4.585688 7.648680 8.303568 7.206234 4.529421 5.307200 5.101937 4.176736 2.946851 -0.002086 0.534529 2.030604 1.399921 2.840913 3.845945 5.085449 4.383567 3.630756 3.152587 3.059916 7.443948 3.715372 4.139277 3.831117 3.476851 5.371035 1.225590 -9999.0
-9999.0 -0.189863 -0.245837 -0.551843 -0.434876 -0.624412 -0.665633 -1.409971 -2.372618 -0.029940 -1.630158 -0.469580 -0.006095 3.842191 3.702555 -0.302264 -0.291841 -1.630178 -0.319027 -0.004264 2.452142 4.226292 7.194169 4.821432 8.768045 4.785443 6.820301 6.974199 5.421858 3.564516 3.912050 4.104663 5.724454 9.519464 8.298690 9.449207 11.152402 11.207385 11.254708 9.481396 8.835943 8.699430 7.947196 4.787394 3.483427 3.880970 5.003980 5.910577 7.111512 6.034448 5.230020 4.270487 3.498638 2.725603 2.655302 2.149254 0.790561 1.143213 1.944992 4.044514 0.489342 1.020522 -9999.0
-9999.0 2.515828 -0.051283 -0.069786 0.946998 -0.142948 -2.122439 -1.925874 -0.041943 -0.031941 -1.395729 -0.866091 -0.002726 3.824725 -0.083888 -3.159253 -1.264862 -1.527341 -0.367475 -0.011426 4.406474 1.906942 2.992722 3.324766 8.323609 9.713759 5.449461 6.712456 6.490874 6.396392 6.547267 6.319171 7.493517 8.439004 12.447161 11.466193 17.442073 18.494374 14.236651 13.151364 12.409911 11.364423 10.391866 8.063812 7.942307 7.804765 8.247529 7.886902 7.226459 6.320473 4.298151 1.951302 0.912952 1.443355 0.681881 -0.004035 -0.166925 -0.013214 -0.005437 -0.061033 -0.003358 -9999.0 -9999.0
