user2019/resources/simulation/Vinschgau/output-maps/TsL0003N1438.asc
ncols         63
nrows         48
xllcorner     598000.000000
yllcorner     5145000.000000
cellsize      1000.000000
NODATA_value  -9999.0
[rows 0 to 27 of 48, columns 0 to 62 of 63]
-9999.0 -9999.0 -9999.0 -9999.0 -9999.0 -9999.0 -9999.0 -9999.0 -9999.0 -9999.0 -9999.0 -9999.0 -9999.0 -9999.0 -9999.0 -9999.0 -9999.0 -9999.0 -9999.0 -9999.0 -9999.0 -9999.0 -9999.0 -9999.0 -9999.0 -9999.0 -9999.0 -9999.0 -9999.0 -9999.0 -9999.0 -9999.0 -9999.0 -9999.0 -9999.0 -9999.0 -9999.0 -9999.0 -9999.0 -9999.0 -9999.0 -9999.0 -9999.0 -9999.0 -9999.0 -9999.0 -9999.0 -9999.0 -9999.0 -9999.0 -9999.0 -9999.0 -9999.0 -9999.0 -9999.0 -9999.0 -9999.0 -9999.0 -9999.0 -9999.0 -9999.0 -9999.0 -9999.0
-9999.0 -9999.0 -9999.0 -9999.0 -9999.0 -9999.0 -9999.0 -9999.0 -9999.0 -9999.0 -9999.0 -9999.0 -9999.0 -9999.0 -9999.0 -9999.0 -9999.0 -9999.0 -9999.0 -9999.0 -9999.0 -9999.0 -9999.0 -9999.0 -9999.0 -9999.0 -9999.0 -0.197473 -0.125599 -0.104682 -0.164637 -0.370208 -0.931417 -9999.0 -9999.0 -9999.0 -9999.0 -9999.0 -9999.0 -9999.0 -9999.0 -9999.0 -9999.0 -9999.0 -9999.0 -9999.0 -9999.0 -9999.0 -9999.0 -9999.0 -9999.0 -9999.0 -9999.0 -9999.0 -9999.0 -9999.0 -9999.0 -9999.0 -9999.0 -9999.0 -9999.0 -9999.0 -9999.0
-9999.0 -9999.0 -9999.0 -9999.0 -9999.0 -9999.0 -9999.0 -9999.0 -9999.0 -9999.0 -9999.0 -9999.0 -9999.0 -9999.0 -9999.0 -9999.0 -9999.0 -9999.0 -9999.0 -9999.0 -9999.0 -9999.0 -9999.0 -9999.0 -0.052382 -0.050411 -0.039536 -0.052436 -0.036783 -0.038817 -0.271864 -9999.0 -9999.0 -9999.0 -9999.0 -9999.0 -9999.0 -9999.0 -9999.0 -9999.0 -9999.0 -9999.0 -9999.0 -9999.0 -9999.0 -9999.0 -9999.0 -9999.0 -9999.0 -9999.0 -9999.0 -9999.0 -9999.0 -9999.0 -9999.0 -9999.0 -9999.0 -9999.0 -9999.0 -9999.0 -9999.0 -9999.0 -9999.0
-9999.0 -9999.0 -9999.0 -9999.0 -9999.0 -9999.0 -9999.0 -9999.0 -9999.0 -9999.0 -9999.0 -9999.0 -9999.0 -9999.0 -9999.0 -9999.0 -9999.0 -9999.0 -9999.0 -9999.0 -9999.0 -9999.0 -9999.0 -0.049346 -0.023525 3.483383 4.167490 4.321835 4.071726 -0.037778 -0.195698 -0.398376 -9999.0 -9999.0 -9999.0 -9999.0 -9999.0 -9999.0 -9999.0 -9999.0 -9999.0 -9999.0 -9999.0 -9999.0 -9999.0 -9999.0 -9999.0 -9999.0 -9999.0 -9999.0 -9999.0 -9999.0 -9999.0 -9999.0 -9999.0 -9999.0 -9999.0 -9999.0 -9999.0 -9999.0 -9999.0 -9999.0 -9999.0
-9999.0 -9999.0 -9999.0 -9999.0 -9999.0 -9999.0 -9999.0 -9999.0 -9999.0 -9999.0 -9999.0 -9999.0 -9999.0 -9999.0 -9999.0 -9999.0 -9999.0 -9999.0 6.916589 -0.032628 -9999.0 -0.035074 -0.026099 3.127752 3.556086 4.200967 4.567703 4.909790 2.935308 1.185962 -0.048490 -0.152968 -0.469274 -0.482986 -9999.0 -9999.0 -9999.0 -9999.0 -9999.0 -9999.0 -9999.0 -9999.0 -9999.0 -9999.0 -9999.0 -9999.0 -9999.0 -9999.0 -9999.0 -9999.0 -9999.0 -9999.0 -9999.0 -9999.0 -9999.0 -9999.0 -9999.0 -9999.0 -9999.0 -9999.0 -9999.0 -9999.0 -9999.0
-9999.0 -9999.0 -9999.0 -9999.0 -9999.0 -9999.0 -9999.0 -9999.0 -9999.0 -9999.0 -9999.0 -9999.0 -9999.0 -9999.0 -9999.0 -9999.0 -9999.0 5.313677 3.990693 3.747707 3.289881 -0.017523 1.124102 2.569366 5.282942 -0.009711 -0.067087 0.791224 -0.041948 2.220911 -0.016231 -0.041699 -0.002453 -0.194837 -0.592322 -0.782924 -9999.0 -9999.0 -9999.0 -9999.0 -9999.0 -9999.0 -9999.0 -9999.0 -9999.0 -9999.0 -9999.0 -9999.0 -9999.0 -9999.0 -9999.0 -9999.0 -9999.0 -9999.0 -9999.0 -9999.0 -9999.0 -9999.0 -9999.0 -9999.0 -9999.0 -9999.0 -9999.0
-9999.0 -9999.0 -9999.0 -9999.0 -9999.0 -9999.0 -9999.0 -9999.0 -9999.0 -9999.0 -9999.0 -9999.0 -9999.0 3.970437 2.638165 3.458772 4.756436 10.679768 4.834054 3.237083 3.190351 2.926022 3.570563 5.450736 -0.016973 -0.028138 -0.422763 -0.091468 -0.113389 -0.024550 -0.953068 -0.020437 -0.075592 -0.167346 -0.370411 -0.877603 -9999.0 -9999.0 -9999.0 -9999.0 -9999.0 -9999.0 -9999.0 -9999.0 -9999.0 -9999.0 -9999.0 -9999.0 -9999.0 -9999.0 -9999.0 -9999.0 -9999.0 -9999.0 -9999.0 -9999.0 -9999.0 -9999.0 -9999.0 -9999.0 -9999.0 -9999.0 -9999.0
-9999.0 -9999.0 -9999.0 -9999.0 -9999.0 -9999.0 -9999.0 -9999.0 -9999.0 -9999.0 -9999.0 -9999.0 -9999.0 6.030637 4.827687 4.320890 4.311183 11.383716 10.737877 4.887214 4.036683 6.566991 2.832706 1.754067 2.513803 1.495405 -0.136538 -0.168267 -0.375688 -0.195478 -0.095897 -0.170869 -0.430925 -0.878269 -0.720396 -9999.0 -9999.0 -9999.0 -9999.0 -9999.0 -9999.0 -9999.0 -9999.0 -9999.0 -9999.0 -9999.0 -9999.0 -9999.0 -9999.0 -9999.0 -9999.0 -9999.0 -9999.0 -9999.0 -9999.0 -9999.0 -9999.0 -9999.0 -9999.0 -9999.0 -9999.0 -9999.0 -9999.0
-9999.0 -9999.0 -9999.0 -9999.0 -9999.0 -9999.0 -9999.0 -9999.0 -9999.0 -9999.0 -9999.0 -9999.0 -9999.0 4.379713 4.335949 5.486821 3.843623 4.533543 11.187445 4.899467 8.827471 2.317660 0.839116 -0.030949 2.316576 1.957614 -0.078214 -0.414218 -0.363707 -0.579349 -0.281187 -1.090729 -1.003015 -8.794970 -0.902805 -9999.0 -9999.0 -9999.0 -9999.0 -9999.0 -9999.0 -9999.0 -9999.0 -9999.0 -9999.0 -9999.0 -9999.0 -9999.0 -9999.0 -9999.0 -9999.0 -9999.0 -9999.0 -9999.0 -9999.0 -9999.0 -9999.0 -9999.0 -9999.0 -9999.0 -9999.0 -9999.0 -9999.0
-9999.0 -9999.0 -9999.0 -9999.0 -9999.0 -9999.0 -9999.0 -9999.0 -9999.0 -9999.0 -9999.0 -9999.0 3.119752 3.776894 5.079068 3.415941 2.465704 4.286382 12.323401 5.204593 3.283691 -0.027189 0.829266 -0.057092 -1.008948 -0.142260 -2.184585 -0.304543 -0.074038 -0.493773 -0.842873 -0.517818 -0.512611 -0.966959 -9999.0 -9999.0 -9999.0 -9999.0 -9999.0 -9999.0 -9999.0 -9999.0 -9999.0 -9999.0 -9999.0 -9999.0 -9999.0 -9999.0 -9999.0 -9999.0 -9999.0 -9999.0 -9999.0 -9999.0 -9999.0 -9999.0 -9999.0 -9999.0 -9999.0 -9999.0 -9999.0 -9999.0 -9999.0
-9999.0 -9999.0 -9999.0 -9999.0 -9999.0 -9999.0 -9999.0 -9999.0 -9999.0 -9999.0 -9999.0 2.987383 4.501712 3.989322 4.528899 7.889750 4.161372 4.418837 12.115410 6.386925 2.744148 2.988407 -0.018015 -0.046831 1.333647 -0.066079 -0.345529 -0.139624 -0.501914 -0.866590 -0.536669 -0.067132 -0.371618 -0.680963 -0.571923 -0.259690 -0.282616 -0.161526 -0.124594 -9999.0 -9999.0 -9999.0 -0.572692 -9999.0 -9999.0 -9999.0 -9999.0 -9999.0 -9999.0 -9999.0 -9999.0 -9999.0 -9999.0 -9999.0 -9999.0 -9999.0 -9999.0 -9999.0 -9999.0 -9999.0 -9999.0 -9999.0 -9999.0
-9999.0 -9999.0 -9999.0 -9999.0 -9999.0 -9999.0 -9999.0 -9999.0 -9999.0 -9999.0 -9999.0 -0.011742 4.644308 6.192609 5.953930 6.541553 7.059266 4.916875 12.199978 8.792270 8.997190 5.339814 -0.030931 -1.174901 -0.442518 -0.134585 -0.145233 -0.056759 -0.131662 -0.722372 -0.124904 -0.040686 -0.438717 -0.621688 -0.687403 -0.139026 -0.034599 -0.022872 -0.130981 -0.623492 -0.522410 -0.613574 -0.169393 -0.439838 -9999.0 -9999.0 -9999.0 -0.819053 -0.810063 -0.676053 -0.676435 -1.035288 -1.070261 -1.441997 -1.051388 -1.123752 -9999.0 -9999.0 -9999.0 -9999.0 -9999.0 -9999.0 -9999.0
-9999.0 -9999.0 -9999.0 -9999.0 -9999.0 -9999.0 -9999.0 -9999.0 -9999.0 -9999.0 -9999.0 -0.013868 1.916343 2.804755 6.892210 8.311135 3.400963 4.259111 9.876992 8.667559 2.728877 -0.013893 -0.277441 -0.050170 -0.135100 -0.183386 -0.365908 -2.548192 -0.299018 -0.668377 -0.369282 -0.617584 -0.066599 -0.595286 -0.450777 -0.039875 -0.181099 -0.556837 0.115844 -0.270347 -0.104751 -0.366464 -0.060235 -0.123709 -0.626493 -9999.0 -0.860359 -0.610065 -0.173430 -0.071699 -0.040305 -0.004738 -0.099617 -0.162634 -0.284993 -0.572627 -9999.0 -9999.0 -9999.0 -9999.0 -9999.0 -9999.0 -9999.0
-9999.0 -9999.0 -9999.0 -9999.0 -9999.0 -9999.0 -9999.0 -9999.0 -9999.0 -9999.0 -9999.0 -9999.0 0.942980 -0.012864 5.519614 6.385549 1.283790 3.293174 11.490572 8.547151 2.589827 1.521008 -0.034280 -0.165696 -1.599159 -0.451625 -0.054303 -0.053426 -0.190944 -0.421847 -0.134241 -0.371679 -0.040694 -0.295019 -0.461276 -0.128998 -0.380193 -0.534971 3.711878 -0.030421 -0.026632 1.142951 -0.165493 -0.034903 -0.387500 -0.645590 -0.707197 -0.584927 -1.564301 -0.182501 -0.087498 -0.343026 -2.640915 -1.045919 -1.731244 -0.200449 -0.569286 -9999.0 -9999.0 -9999.0 -9999.0 -9999.0 -9999.0
-9999.0 -9999.0 -9999.0 -9999.0 -9999.0 -9999.0 -9999.0 -9999.0 -9999.0 -9999.0 -9999.0 -0.181156 -0.029152 4.540154 -0.009877 0.290651 2.727882 2.614438 10.838284 4.515848 2.846746 1.293959 -0.009941 -0.446470 -0.347268 -0.424062 -0.177870 -0.290600 -0.319117 -0.160412 -0.438627 -0.751271 -0.032956 -0.225114 -0.706068 -0.141545 -0.166840 -0.160717 -0.017856 2.194794 -0.161775 -0.035153 -0.012486 -0.106739 -0.024409 -0.235633 -0.117678 -0.114603 -0.002559 -0.066073 -2.806242 -0.222126 -2.816458 -5.034297 -5.366393 -1.462537 -0.521860 -9999.0 -9999.0 -9999.0 -9999.0 -9999.0 -9999.0
-9999.0 -9999.0 -9999.0 -9999.0 -9999.0 -9999.0 -9999.0 -9999.0 -9999.0 -9999.0 -0.035044 -0.092190 -0.031956 -0.027785 2.223034 -0.047231 -0.063936 0.344010 3.674418 4.169008 6.660045 4.764088 -0.246308 -0.018234 -0.040294 -1.171819 -1.011643 -3.882716 -0.030814 -0.033139 -0.062242 -0.870467 -0.042482 -0.261926 -0.942464 -0.343449 -0.044458 -0.227434 -0.059836 -0.002762 -0.003107 1.547100 6.272020 1.404371 -0.061497 -0.155834 -0.069227 -0.142995 -0.072611 -0.038450 -4.527527 -0.812547 -5.846244 -2.307634 -1.753123 -0.251035 -0.203509 -9999.0 -9999.0 -9999.0 -9999.0 -9999.0 -9999.0
-9999.0 -9999.0 -9999.0 -9999.0 -9999.0 -9999.0 -9999.0 -9999.0 -9999.0 -0.121414 -0.031025 -0.072391 -0.036634 -0.179800 -0.049315 -0.040199 -0.074314 5.965696 3.594881 4.199326 7.028137 1.030151 0.853532 1.785199 -0.005659 -1.117146 -1.888077 -0.034150 -0.090726 -0.032722 -0.003783 -1.318504 -0.348967 -0.774038 -0.441016 -0.323881 -0.039485 -0.525281 -0.295693 -0.068262 -0.533340 -0.132104 -0.185056 2.212971 1.712935 -0.072408 3.144181 -0.211077 -0.201438 -0.003980 -0.966445 -0.575965 -2.503378 -1.909940 -1.306357 -3.105700 -2.017416 -0.418627 -0.995756 -9999.0 -9999.0 -9999.0 -9999.0
-9999.0 -9999.0 -9999.0 -9999.0 -9999.0 -9999.0 -9999.0 -9999.0 -9999.0 -0.100526 -0.126929 -0.028492 1.217203 -0.027085 -0.090325 -0.181608 -0.013787 1.894487 4.153735 8.070842 7.647418 7.079817 5.028891 0.055873 -0.731506 -0.639665 -0.162915 -0.039424 0.016682 0.065589 -0.018049 -1.683001 -0.113723 -0.553302 -0.182788 -0.282564 -0.205312 -0.002041 -0.128621 -0.031576 -0.246588 -0.952125 -0.135814 1.038251 2.909453 3.321433 3.158402 1.566446 -0.030241 -0.008867 -2.567736 -4.881403 -2.342502 -1.597600 -0.685794 -3.969936 -1.910668 -1.095683 -0.225723 -9999.0 -9999.0 -9999.0 -9999.0
-9999.0 -9999.0 -9999.0 -9999.0 -9999.0 -9999.0 -9999.0 -9999.0 -9999.0 -9999.0 -0.145232 -0.033184 -0.044772 -0.413110 -0.016260 -0.075086 -0.030486 3.149450 4.926670 5.708435 7.687048 2.693978 -0.025078 -0.090849 -0.367128 -0.061325 -0.004519 1.645803 -0.010806 -1.257746 -1.590462 -2.380775 -3.208802 -0.328122 -0.068542 -0.030724 -0.035012 -0.023042 -0.222354 -0.129579 -0.244217 -0.033363 0.015581 -0.066792 -0.013899 -0.010530 1.849540 5.545408 4.028177 -0.006435 -1.513119 -2.156455 -1.560970 -2.430815 -1.800465 -0.638358 -0.086317 -1.282436 -0.047943 -0.051101 -9999.0 -9999.0 -9999.0
-9999.0 -9999.0 -9999.0 -9999.0 -9999.0 -9999.0 -9999.0 -9999.0 -9999.0 -9999.0 -0.195987 -0.070397 -0.039489 -0.035459 3.598803 0.688475 -0.012242 2.731016 5.382213 6.316239 3.476881 1.655027 -0.032219 -0.112978 -0.060597 0.018394 2.275146 -0.013698 -0.943358 -2.932685 -0.162181 -0.035695 -3.257454 -0.554612 -0.136502 -0.012629 -1.036685 -0.070749 -1.058886 -0.314161 -0.129689 1.259320 -0.171966 -0.043084 -0.013820 -0.112465 -0.036101 -0.014934 3.222793 3.666764 -0.003827 -1.414207 -3.608359 -1.176801 -3.083405 -2.144344 -0.665582 -0.278166 1.725992 2.497611 -9999.0 -9999.0 -9999.0
-9999.0 -9999.0 -9999.0 -9999.0 -9999.0 -9999.0 -9999.0 -9999.0 -0.050016 -0.154343 -0.363398 -0.049183 -0.256352 -0.135905 -0.044968 1.867017 3.023025 7.920114 6.613373 6.687070 5.200832 4.139404 3.276875 1.618183 1.531015 2.010126 2.821795 -0.478706 -0.858278 -2.830755 -0.726791 -0.137696 -0.128020 -0.419634 -0.115057 -0.123837 2.944865 -0.036115 -2.178829 -0.314928 -0.122882 -0.033153 -2.864539 -0.247422 1.255326 -0.035033 -2.010859 -0.151655 -0.012570 2.968329 -0.001014 -0.402360 -2.604358 -5.284866 -1.755637 -0.572226 -0.378785 -0.015898 1.481127 4.658753 -9999.0 -9999.0 -9999.0
-9999.0 -9999.0 -9999.0 -9999.0 -9999.0 -9999.0 -9999.0 -9999.0 -2.455476 -0.353745 -2.218102 -0.317708 -0.125920 -1.567620 -0.571036 -0.011091 2.017986 2.602055 5.555505 7.248207 12.069358 10.374511 9.839738 8.848592 3.477479 3.495841 0.880418 -0.092036 -3.607542 -0.295816 -0.560115 -0.212665 -0.077554 -0.195662 -0.049380 -0.043278 6.305929 -0.004127 -0.120118 -0.050054 -0.135531 -0.335458 -0.185866 -0.042368 -0.055648 -0.222921 -3.361974 -0.067274 -0.087460 1.791861 2.245345 -0.094808 -3.327294 -0.596705 -0.110392 -0.751040 -0.533159 -0.036908 4.017528 6.421861 7.136074 -9999.0 -9999.0
-9999.0 -9999.0 -9999.0 -9999.0 -9999.0 -9999.0 -9999.0 -9999.0 -0.127261 -0.087838 -0.129531 -2.995316 -0.053432 -2.627986 -0.211590 -0.434362 0.686228 3.669590 5.495552 11.617536 7.697488 10.499891 10.594153 6.363427 8.232260 3.330119 0.243582 -0.893429 -3.676318 -0.128046 -0.169004 -0.032485 -1.129152 -0.707090 -0.024682 5.531613 -0.014662 2.214526 -0.029382 -0.156912 -0.055538 -0.011719 -0.050084 -0.091694 -0.556119 -0.050992 -0.284952 -0.088432 -1.672977 -0.021057 2.935048 -0.003724 -1.510388 -3.195966 -0.290387 -0.031261 1.339619 3.434033 6.155201 6.709872 6.996932 -9999.0 -9999.0
-9999.0 -9999.0 -9999.0 -9999.0 -9999.0 -9999.0 -9999.0 -9999.0 -0.650743 -0.057058 -0.157554 -4.109424 -0.068877 -0.637321 -0.113018 -0.005600 4.049110 5.301145 8.045111 5.741833 7.132144 7.585847 10.057307 9.159035 3.715759 1.214808 -0.050423 -1.618431 -0.040227 -0.137077 -0.204766 -0.099102 -0.026469 -0.003640 -0.078623 2.073646 6.802152 4.210951 1.100535 -0.042179 -0.036559 -0.030784 -0.031473 1.226371 -0.075943 -0.017997 -0.028828 -0.002862 -0.131515 -0.284496 -0.017081 2.658169 -0.004919 -0.229065 0.000904 2.007919 4.350230 5.029121 5.858431 6.748799 5.889366 2.860033 -9999.0
-9999.0 -9999.0 -9999.0 -9999.0 -9999.0 -9999.0 -9999.0 -9999.0 -0.829632 -0.071480 -1.713343 -1.211468 -0.160514 -0.053769 0.061026 3.181086 5.493384 2.650124 1.126892 2.982188 4.833025 7.041010 7.183873 6.835359 7.201584 0.455389 -0.735495 -0.062709 -0.013628 -0.002179 -0.109377 -0.005193 3.718865 1.748437 1.177577 2.566399 3.958304 6.155921 5.529622 3.219570 1.680451 1.380430 1.716393 -0.020798 -0.237518 -0.020532 -0.099240 -0.039140 -0.115154 -0.006609 2.655007 1.867232 2.220057 2.173609 2.902825 3.298209 4.202923 5.293242 6.050242 5.962806 4.305198 2.278021 -9999.0
-9999.0 -9999.0 -0.071932 -0.051133 -2.862812 -0.829533 -2.103114 -1.847941 -0.243868 -0.091150 -0.352428 -0.354739 -0.049152 -0.001146 4.996056 1.661587 -0.022206 -0.891312 -0.160064 -0.010356 2.857338 5.580434 6.578990 6.201195 4.963958 2.141790 -0.013839 0.662676 2.788895 5.111685 -0.023295 1.077417 7.462461 3.559497 5.224279 4.761676 7.653693 8.393105 7.300773 4.643233 5.327946 5.387843 4.414623 3.857716 -0.012892 1.250876 2.480466 1.902898 3.668712 4.658436 5.253813 4.747840 3.929097 3.202746 3.038961 7.881310 3.866008 4.567235 4.513271 3.669907 5.707438 1.504611 -9999.0
-9999.0 -0.173370 -0.194516 -0.267019 -0.686227 -0.192164 -2.493505 -2.458303 -3.376087 -0.323374 -1.639553 -0.517365 -0.002268 2.901449 1.756875 -0.123178 -0.446820 -1.205696 -0.532013 -0.019173 2.645664 4.389742 8.121527 5.045594 8.498738 4.761129 6.838615 7.222713 5.469959 4.373297 4.033722 4.261396 5.971814 10.083044 8.301832 9.571653 11.178578 11.292637 11.351516 9.715659 8.861846 8.718206 7.963488 4.929382 3.654518 4.041537 5.512206 6.034567 7.142652 6.231101 5.697292 4.679095 3.662821 2.688278 2.581195 1.893121 0.822575 1.189565 1.665778 2.631341 0.629491 1.308831 -9999.0
-9999.0 0.036352 -0.038286 -0.040107 -0.009237 -0.087140 -2.157253 -2.942045 -0.471263 -0.486677 -2.150548 -0.884772 0.000021 2.156183 -0.059818 -2.304204 -2.296299 -1.582661 -0.100109 -0.015408 3.852219 2.235996 3.227540 3.878018 9.098127 10.068880 5.531376 6.642719 6.901476 6.496134 6.636823 6.413891 7.855907 8.698485 12.707489 11.800573 17.965544 19.022390 14.181615 13.125617 12.445825 11.453109 10.412957 8.178004 8.034366 7.898639 8.378480 8.222540 7.531449 6.690071 4.931310 2.254209 0.997088 1.590117 0.651992 -0.038821 -0.310060 -0.049298 -0.035926 -0.066881 -0.032229 -9999.0 -9999.0
