user2019/resources/simulation/Vinschgau/output-maps/TsL0001N0712.asc
ncols         63
nrows         48
xllcorner     598000.000000
yllcorner     5145000.000000
cellsize      1000.000000
NODATA_value  -9999.0
[rows 0 to 27 of 48, columns 0 to 62 of 63]
-9999.0 -9999.0 -9999.0 -9999.0 -9999.0 -9999.0 -9999.0 -9999.0 -9999.0 -9999.0 -9999.0 -9999.0 -9999.0 -9999.0 -9999.0 -9999.0 -9999.0 -9999.0 -9999.0 -9999.0 -9999.0 -9999.0 -9999.0 -9999.0 -9999.0 -9999.0 -9999.0 -9999.0 -9999.0 -9999.0 -9999.0 -9999.0 -9999.0 -9999.0 -9999.0 -9999.0 -9999.0 -9999.0 -9999.0 -9999.0 -9999.0 -9999.0 -9999.0 -9999.0 -9999.0 -9999.0 -9999.0 -9999.0 -9999.0 -9999.0 -9999.0 -9999.0 -9999.0 -9999.0 -9999.0 -9999.0 -9999.0 -9999.0 -9999.0 -9999.0 -9999.0 -9999.0 -9999.0
-9999.0 -9999.0 -9999.0 -9999.0 -9999.0 -9999.0 -9999.0 -9999.0 -9999.0 -9999.0 -9999.0 -9999.0 -9999.0 -9999.0 -9999.0 -9999.0 -9999.0 -9999.0 -9999.0 -9999.0 -9999.0 -9999.0 -9999.0 -9999.0 -9999.0 -9999.0 -9999.0 12.224166 12.771477 11.625113 8.110783 0.692282 0.657141 -9999.0 -9999.0 -9999.0 -9999.0 -9999.0 -9999.0 -9999.0 -9999.0 -9999.0 -9999.0 -9999.0 -9999.0 -9999.0 -9999.0 -9999.0 -9999.0 -9999.0 -9999.0 -9999.0 -9999.0 -9999.0 -9999.0 -9999.0 -9999.0 -9999.0 -9999.0 -9999.0 -9999.0 -9999.0 -9999.0
-9999.0 -9999.0 -9999.0 -9999.0 -9999.0 -9999.0 -9999.0 -9999.0 -9999.0 -9999.0 -9999.0 -9999.0 -9999.0 -9999.0 -9999.0 -9999.0 -9999.0 -9999.0 -9999.0 -9999.0 -9999.0 -9999.0 -9999.0 -9999.0 12.131796 13.439687 15.385700 13.128509 15.176551 13.584614 8.737393 -9999.0 -9999.0 -9999.0 -9999.0 -9999.0 -9999.0 -9999.0 -9999.0 -9999.0 -9999.0 -9999.0 -9999.0 -9999.0 -9999.0 -9999.0 -9999.0 -9999.0 -9999.0 -9999.0 -9999.0 -9999.0 -9999.0 -9999.0 -9999.0 -9999.0 -9999.0 -9999.0 -9999.0 -9999.0 -9999.0 -9999.0 -9999.0
-9999.0 -9999.0 -9999.0 -9999.0 -9999.0 -9999.0 -9999.0 -9999.0 -9999.0 -9999.0 -9999.0 -9999.0 -9999.0 -9999.0 -9999.0 -9999.0 -9999.0 -9999.0 -9999.0 -9999.0 -9999.0 -9999.0 -9999.0 12.552003 15.951284 8.935486 9.192768 9.579795 7.245633 13.954165 12.650169 8.282244 -9999.0 -9999.0 -9999.0 -9999.0 -9999.0 -9999.0 -9999.0 -9999.0 -9999.0 -9999.0 -9999.0 -9999.0 -9999.0 -9999.0 -9999.0 -9999.0 -9999.0 -9999.0 -9999.0 -9999.0 -9999.0 -9999.0 -9999.0 -9999.0 -9999.0 -9999.0 -9999.0 -9999.0 -9999.0 -9999.0 -9999.0
-9999.0 -9999.0 -9999.0 -9999.0 -9999.0 -9999.0 -9999.0 -9999.0 -9999.0 -9999.0 -9999.0 -9999.0 -9999.0 -9999.0 -9999.0 -9999.0 -9999.0 -9999.0 13.971046 14.970282 -9999.0 12.047302 15.124191 8.735885 8.908750 10.621860 8.970412 8.952604 10.412216 8.450931 13.283749 11.242786 12.062103 7.332629 -9999.0 -9999.0 -9999.0 -9999.0 -9999.0 -9999.0 -9999.0 -9999.0 -9999.0 -9999.0 -9999.0 -9999.0 -9999.0 -9999.0 -9999.0 -9999.0 -9999.0 -9999.0 -9999.0 -9999.0 -9999.0 -9999.0 -9999.0 -9999.0 -9999.0 -9999.0 -9999.0 -9999.0 -9999.0
-9999.0 -9999.0 -9999.0 -9999.0 -9999.0 -9999.0 -9999.0 -9999.0 -9999.0 -9999.0 -9999.0 -9999.0 -9999.0 -9999.0 -9999.0 -9999.0 -9999.0 7.622794 6.158737 7.314172 13.146593 5.960647 7.988137 7.829166 15.870821 4.703244 3.621054 4.697660 2.550302 5.599772 14.757901 14.516117 14.125702 11.947699 0.550828 0.456243 -9999.0 -9999.0 -9999.0 -9999.0 -9999.0 -9999.0 -9999.0 -9999.0 -9999.0 -9999.0 -9999.0 -9999.0 -9999.0 -9999.0 -9999.0 -9999.0 -9999.0 -9999.0 -9999.0 -9999.0 -9999.0 -9999.0 -9999.0 -9999.0 -9999.0 -9999.0 -9999.0
-9999.0 -9999.0 -9999.0 -9999.0 -9999.0 -9999.0 -9999.0 -9999.0 -9999.0 -9999.0 -9999.0 -9999.0 -9999.0 10.068692 6.969415 5.297709 7.010838 21.061683 7.150891 7.705896 8.706849 9.577703 9.928347 14.674977 4.062266 6.929266 3.763311 4.349964 4.688589 4.282052 4.971211 6.698013 6.596695 0.552237 0.416575 0.482435 -9999.0 -9999.0 -9999.0 -9999.0 -9999.0 -9999.0 -9999.0 -9999.0 -9999.0 -9999.0 -9999.0 -9999.0 -9999.0 -9999.0 -9999.0 -9999.0 -9999.0 -9999.0 -9999.0 -9999.0 -9999.0 -9999.0 -9999.0 -9999.0 -9999.0 -9999.0 -9999.0
-9999.0 -9999.0 -9999.0 -9999.0 -9999.0 -9999.0 -9999.0 -9999.0 -9999.0 -9999.0 -9999.0 -9999.0 -9999.0 11.655123 7.678778 5.263450 5.428532 16.385510 21.171505 10.109511 7.967844 7.959744 4.877237 3.267146 5.903896 4.825438 11.142661 4.882113 0.491641 2.213309 4.353252 0.530641 0.380631 -0.000156 0.413204 -9999.0 -9999.0 -9999.0 -9999.0 -9999.0 -9999.0 -9999.0 -9999.0 -9999.0 -9999.0 -9999.0 -9999.0 -9999.0 -9999.0 -9999.0 -9999.0 -9999.0 -9999.0 -9999.0 -9999.0 -9999.0 -9999.0 -9999.0 -9999.0 -9999.0 -9999.0 -9999.0 -9999.0
-9999.0 -9999.0 -9999.0 -9999.0 -9999.0 -9999.0 -9999.0 -9999.0 -9999.0 -9999.0 -9999.0 -9999.0 -9999.0 7.080067 13.092344 6.557088 4.625159 6.033763 21.756700 7.564824 11.219043 6.366436 3.149789 3.569534 6.615014 5.190948 10.905049 0.473272 11.274500 0.383758 0.572059 -1.509907 -0.005066 -0.082267 0.272925 -9999.0 -9999.0 -9999.0 -9999.0 -9999.0 -9999.0 -9999.0 -9999.0 -9999.0 -9999.0 -9999.0 -9999.0 -9999.0 -9999.0 -9999.0 -9999.0 -9999.0 -9999.0 -9999.0 -9999.0 -9999.0 -9999.0 -9999.0 -9999.0 -9999.0 -9999.0 -9999.0 -9999.0
-9999.0 -9999.0 -9999.0 -9999.0 -9999.0 -9999.0 -9999.0 -9999.0 -9999.0 -9999.0 -9999.0 -9999.0 6.333042 13.169761 6.248304 5.143609 2.198591 5.073049 18.495256 7.625434 5.726174 3.101839 4.142808 3.586130 5.847034 0.719242 3.477332 0.972959 10.331641 0.444605 -0.003425 5.964882 0.933552 0.526310 -9999.0 -9999.0 -9999.0 -9999.0 -9999.0 -9999.0 -9999.0 -9999.0 -9999.0 -9999.0 -9999.0 -9999.0 -9999.0 -9999.0 -9999.0 -9999.0 -9999.0 -9999.0 -9999.0 -9999.0 -9999.0 -9999.0 -9999.0 -9999.0 -9999.0 -9999.0 -9999.0 -9999.0 -9999.0
-9999.0 -9999.0 -9999.0 -9999.0 -9999.0 -9999.0 -9999.0 -9999.0 -9999.0 -9999.0 -9999.0 0.841486 4.447933 5.194605 3.021666 0.863227 2.737237 4.282603 18.003239 7.016766 4.897132 7.863806 8.316707 1.067094 4.718021 0.882311 0.737772 9.249860 6.790792 0.477693 0.657326 12.744788 6.562094 0.594695 9.963072 10.081952 14.203521 16.406706 16.189598 -9999.0 -9999.0 -9999.0 4.054703 -9999.0 -9999.0 -9999.0 -9999.0 -9999.0 -9999.0 -9999.0 -9999.0 -9999.0 -9999.0 -9999.0 -9999.0 -9999.0 -9999.0 -9999.0 -9999.0 -9999.0 -9999.0 -9999.0 -9999.0
-9999.0 -9999.0 -9999.0 -9999.0 -9999.0 -9999.0 -9999.0 -9999.0 -9999.0 -9999.0 -9999.0 0.937637 3.685409 4.780697 3.824209 0.713342 6.334010 5.332484 17.859157 11.866657 14.548929 13.682118 9.250674 2.160416 2.250939 0.872339 11.354151 10.757303 0.884744 0.651331 11.013943 12.021833 11.162119 0.821958 9.653889 10.973135 16.202165 22.888668 17.102424 15.050522 16.101416 11.125013 12.974104 9.464090 -9999.0 -9999.0 -9999.0 0.890141 7.363839 8.990868 10.345940 10.287047 6.300361 0.952800 6.384491 0.658834 -9999.0 -9999.0 -9999.0 -9999.0 -9999.0 -9999.0 -9999.0
-9999.0 -9999.0 -9999.0 -9999.0 -9999.0 -9999.0 -9999.0 -9999.0 -9999.0 -9999.0 -9999.0 5.413238 0.804322 2.537479 0.980923 5.154449 3.679711 2.292709 12.875952 13.547041 4.773766 4.832106 3.775722 9.459065 0.852178 10.825705 4.939487 2.618058 0.576546 1.122540 0.540750 3.704620 13.385955 0.897845 9.915193 14.831808 6.250547 7.784534 25.542149 14.007342 15.438606 14.295525 13.321771 12.747544 7.118309 -9999.0 0.519045 8.580447 12.692396 15.654339 17.060651 16.603730 14.544522 14.429385 13.266384 12.270149 -9999.0 -9999.0 -9999.0 -9999.0 -9999.0 -9999.0 -9999.0
-9999.0 -9999.0 -9999.0 -9999.0 -9999.0 -9999.0 -9999.0 -9999.0 -9999.0 -9999.0 -9999.0 -9999.0 0.797246 1.028342 11.054173 10.182125 -0.002874 3.438545 16.107413 13.492809 4.794046 5.502353 5.693892 4.597298 0.782004 4.786941 14.584666 0.731915 0.982315 0.710789 10.584435 4.404123 12.024229 7.723012 0.683014 7.643423 4.204880 7.881196 25.728602 18.384194 17.967015 18.582539 5.909966 13.266055 12.091566 9.937131 10.991739 0.884818 3.823546 6.623544 7.885392 3.096496 6.736506 2.773454 2.164910 0.509289 9.026411 -9999.0 -9999.0 -9999.0 -9999.0 -9999.0 -9999.0
-9999.0 -9999.0 -9999.0 -9999.0 -9999.0 -9999.0 -9999.0 -9999.0 -9999.0 -9999.0 -9999.0 2.572917 0.854755 0.962129 3.947136 4.021270 4.818282 2.333282 15.312443 6.410123 4.452190 3.700580 4.010852 3.587001 4.876322 5.946403 3.371937 1.018935 1.123856 9.882954 5.372088 5.602691 14.206760 7.494020 0.643054 8.414875 6.052032 7.139362 8.842337 26.009000 8.184558 9.167699 6.902352 6.474068 15.839481 9.603937 11.287402 13.436300 15.783800 6.825738 1.932049 0.515166 1.685263 -0.001283 -0.001636 0.300921 8.643737 -9999.0 -9999.0 -9999.0 -9999.0 -9999.0 -9999.0
-9999.0 -9999.0 -9999.0 -9999.0 -9999.0 -9999.0 -9999.0 -9999.0 -9999.0 -9999.0 9.926695 3.755925 11.894003 10.553147 12.192801 5.799857 3.301738 2.713450 6.082155 6.767017 13.551708 9.343357 3.053570 18.821730 6.852938 3.780631 2.052991 0.463923 14.878337 16.117955 6.685214 3.918369 7.789568 0.737712 0.490607 8.108350 12.031331 4.872434 4.127395 9.238060 9.078268 5.651844 10.584602 5.752689 6.087887 12.435696 12.162785 6.963534 7.751761 5.862774 2.989616 0.392939 -0.015296 0.304403 0.366930 11.294807 10.716624 -9999.0 -9999.0 -9999.0 -9999.0 -9999.0 -9999.0
-9999.0 -9999.0 -9999.0 -9999.0 -9999.0 -9999.0 -9999.0 -9999.0 -9999.0 0.783151 8.719491 3.224694 5.446315 3.463813 4.743086 3.173091 2.880580 17.318673 6.559473 7.498954 13.713490 4.789191 4.800875 8.893191 4.803224 2.094029 1.730846 16.929003 7.245975 7.576700 7.147535 1.808753 0.464954 0.462470 0.726834 8.124882 7.680723 3.531347 3.001210 4.192017 3.063325 2.520019 2.701953 6.019233 6.000500 7.467485 18.648962 6.851122 6.713481 7.098834 4.845196 0.563196 -0.009426 0.504349 0.545828 3.668117 4.440238 13.729506 11.980192 -9999.0 -9999.0 -9999.0 -9999.0
-9999.0 -9999.0 -9999.0 -9999.0 -9999.0 -9999.0 -9999.0 -9999.0 -9999.0 0.790402 0.741761 9.120180 16.965052 6.551438 5.518617 4.864250 17.419442 7.370234 7.541497 17.267715 16.538202 18.648886 8.863193 9.267569 2.208549 5.329153 7.023532 8.090794 9.844667 6.904384 7.487508 1.986230 0.740384 0.973928 10.047808 15.146291 14.241660 12.834444 0.717387 8.836901 2.473662 1.912615 6.657473 6.110645 6.407095 11.355320 11.015493 8.973551 8.620357 6.184125 2.157661 0.413899 0.528844 0.771520 0.337945 1.639895 0.938658 6.680103 17.028666 -9999.0 -9999.0 -9999.0 -9999.0
-9999.0 -9999.0 -9999.0 -9999.0 -9999.0 -9999.0 -9999.0 -9999.0 -9999.0 -9999.0 0.819044 10.104533 4.124293 4.493983 7.016155 6.175118 6.425118 8.799059 7.991293 10.896806 11.846390 5.874239 3.159556 2.424830 4.980036 7.947474 9.692440 10.190032 7.806168 2.131083 1.814825 3.225238 -0.002913 0.818999 13.457305 16.456903 18.359510 13.593700 11.628875 0.485651 0.446643 14.240578 10.701579 3.798839 3.540755 4.006252 5.168063 10.284596 11.562127 8.390985 3.500350 4.908644 7.022783 0.473259 0.609214 0.647101 9.740873 9.289836 9.891025 10.626397 -9999.0 -9999.0 -9999.0
-9999.0 -9999.0 -9999.0 -9999.0 -9999.0 -9999.0 -9999.0 -9999.0 -9999.0 -9999.0 0.776750 8.280768 9.858652 4.967397 17.216332 5.740947 5.292167 7.094176 8.457751 11.022557 7.067201 5.156764 3.466778 4.735524 6.992100 10.673727 11.805189 5.462257 3.068117 0.450370 0.841511 6.266984 0.574231 0.927553 0.717170 4.101317 7.174862 5.402777 3.317273 0.661009 8.487821 12.051502 2.914851 0.606384 7.340876 3.010396 4.481722 4.357995 6.933856 10.793661 8.282868 5.284534 0.952839 6.932126 0.556232 11.489645 0.501482 6.330925 8.616207 12.132891 -9999.0 -9999.0 -9999.0
-9999.0 -9999.0 -9999.0 -9999.0 -9999.0 -9999.0 -9999.0 -9999.0 15.087959 14.845287 10.725919 8.216825 3.576810 4.325772 3.390376 7.280792 8.122763 19.894932 12.109193 11.753456 8.446983 7.105532 6.014075 3.719485 8.482517 11.413813 13.395908 4.024836 3.250555 0.583532 0.492926 0.820543 0.928334 1.049013 0.808032 0.580129 12.297315 5.272254 0.670074 0.752359 0.582916 5.964623 1.387330 0.392495 15.590071 11.802142 1.596562 4.245813 5.005562 10.008134 8.652060 4.915612 4.543391 0.284107 13.717239 17.224192 16.933658 18.382673 11.472120 10.049638 -9999.0 -9999.0 -9999.0
-9999.0 -9999.0 -9999.0 -9999.0 -9999.0 -9999.0 -9999.0 -9999.0 3.090280 5.281726 -0.002631 0.659082 8.474639 4.531683 3.705563 5.167034 6.289667 6.425506 8.803448 12.266789 22.154423 18.694871 17.130615 16.658563 7.490187 9.851290 7.168074 4.968222 0.547640 1.162315 1.313747 4.656658 0.909762 0.676215 5.629310 14.207352 16.648069 6.406774 4.425022 13.999959 0.717486 -0.006358 0.403959 14.301592 16.546222 3.337566 1.922400 7.576930 5.057177 7.033136 10.653028 7.585821 3.542252 15.700701 19.359599 9.113348 9.340543 10.297231 13.108154 14.441779 14.839340 -9999.0 -9999.0
-9999.0 -9999.0 -9999.0 -9999.0 -9999.0 -9999.0 -9999.0 -9999.0 0.628407 12.772281 12.532357 -0.003759 14.519337 2.717924 7.042676 4.742993 6.700294 10.546749 9.338568 20.350866 12.420101 18.658565 18.845088 11.953503 19.547969 7.645718 5.318998 2.954397 0.539364 6.724900 9.522206 15.125304 3.516722 1.478226 13.137418 18.064238 5.242484 6.401147 3.607905 3.822703 0.848318 5.427640 11.778611 10.679431 2.411871 9.373481 11.173479 14.480225 3.242513 5.231007 9.131949 9.961150 1.241316 1.650096 10.318259 10.973531 12.295898 13.004761 13.541530 13.177873 13.435292 -9999.0 -9999.0
-9999.0 -9999.0 -9999.0 -9999.0 -9999.0 -9999.0 -9999.0 -9999.0 0.446391 12.127732 5.980811 -0.000467 15.609434 6.882950 5.200813 7.463741 9.410437 10.473658 10.035655 9.048239 11.437914 12.272942 18.861504 19.196575 7.373331 5.664469 3.237832 2.499190 16.408094 6.760263 5.183763 5.780221 7.878740 6.894072 4.415467 17.433655 17.741853 8.035344 4.971631 1.057838 11.354376 16.017643 15.848510 17.316247 13.428283 15.950058 16.416171 17.398942 17.040728 7.907536 6.769142 10.373929 11.536905 11.111826 12.361470 12.731288 13.275637 10.944780 11.959290 13.252578 10.848287 7.780786 -9999.0
-9999.0 -9999.0 -9999.0 -9999.0 -9999.0 -9999.0 -9999.0 -9999.0 6.984102 11.529944 5.854052 5.556492 6.124674 6.794440 17.337428 11.505433 9.821013 7.216198 5.089027 6.772576 8.401384 11.971062 12.239056 12.132982 15.288293 5.346390 3.260005 6.966059 8.787656 7.468756 3.412957 7.365615 9.877854 7.376535 7.037532 8.287095 9.576120 9.538161 8.527993 8.379180 7.564713 7.985627 8.693303 7.582720 4.940363 17.687249 7.731558 8.739357 8.616299 10.637287 12.242994 10.152881 10.765588 13.606993 13.160433 13.060981 13.463844 13.170023 12.020148 10.811240 8.448862 6.661207 -9999.0
-9999.0 -9999.0 14.013838 13.298227 3.549151 5.012336 4.538931 4.090620 15.600360 10.907191 5.365208 7.125107 7.248019 10.737476 20.358030 8.336527 5.115156 3.292778 3.871806 4.945003 6.926894 7.968286 11.918152 10.112323 11.224237 7.197628 5.721722 6.065221 6.894460 14.459624 4.752660 5.113418 15.721989 6.901627 10.997233 8.996567 13.407495 11.237781 9.764014 7.833854 10.889678 11.172250 7.856797 9.463984 5.425839 8.830684 10.845237 7.281307 12.646171 13.349765 13.766375 14.158194 13.793444 13.610254 12.703208 20.435594 11.393924 10.882544 9.860041 8.145843 10.663769 5.849056 -9999.0
-9999.0 5.775132 5.741668 5.326127 5.629380 5.855124 3.728712 2.668491 -0.005172 1.337971 4.616424 5.653026 8.486492 16.780631 13.157866 5.699572 3.932669 3.076342 5.847652 5.264222 7.625341 7.548655 15.644520 9.311113 19.445970 12.009146 20.266304 20.498625 10.942135 10.618480 11.702388 11.068273 10.780919 18.868099 12.935084 14.625101 15.055954 13.619756 15.131683 14.805298 14.436268 13.587479 12.559238 9.162166 8.733798 9.370257 12.958476 10.940608 13.450583 10.534670 12.261025 11.933432 11.121786 11.260819 10.912023 9.649377 8.000524 7.679988 8.227732 9.151351 5.721203 5.984643 -9999.0
-9999.0 10.858113 6.457199 6.715815 15.698306 5.979172 2.978196 3.533983 14.955439 16.424063 5.943130 6.776184 8.492990 13.766844 7.090036 4.316208 3.025784 4.731785 7.310312 5.107415 9.698465 6.715343 7.792455 10.297877 20.357139 22.905583 10.691911 13.270491 12.445054 10.226794 11.016667 10.629646 12.234475 12.513117 19.355613 14.774972 24.261444 28.812851 16.549373 16.543485 15.515024 14.574388 13.625374 11.880013 12.534726 12.016648 15.305452 14.687988 11.909516 12.120295 9.975993 8.070587 7.923564 8.909768 8.066746 6.499988 6.674291 5.552661 5.204398 4.628381 4.650057 -9999.0 -9999.0
