user2019/resources/simulation/Vinschgau/output-maps/TsL0005N1353.asc
ncols         63
nrows         48
xllcorner     598000.000000
yllcorner     5145000.000000
cellsize      1000.000000
NODATA_value  -9999.0
[rows 0 to 27 of 48, columns 0 to 62 of 63]
-9999.0 -9999.0 -9999.0 -9999.0 -9999.0 -9999.0 -9999.0 -9999.0 -9999.0 -9999.0 -9999.0 -9999.0 -9999.0 -9999.0 -9999.0 -9999.0 -9999.0 -9999.0 -9999.0 -9999.0 -9999.0 -9999.0 -9999.0 -9999.0 -9999.0 -9999.0 -9999.0 -9999.0 -9999.0 -9999.0 -9999.0 -9999.0 -9999.0 -9999.0 -9999.0 -9999.0 -9999.0 -9999.0 -9999.0 -9999.0 -9999.0 -9999.0 -9999.0 -9999.0 -9999.0 -9999.0 -9999.0 -9999.0 -9999.0 -9999.0 -9999.0 -9999.0 -9999.0 -9999.0 -9999.0 -9999.0 -9999.0 -9999.0 -9999.0 -9999.0 -9999.0 -9999.0 -9999.0
-9999.0 -9999.0 -9999.0 -9999.0 -9999.0 -9999.0 -9999.0 -9999.0 -9999.0 -9999.0 -9999.0 -9999.0 -9999.0 -9999.0 -9999.0 -9999.0 -9999.0 -9999.0 -9999.0 -9999.0 -9999.0 -9999.0 -9999.0 -9999.0 -9999.0 -9999.0 -9999.0 0.463740 0.655607 0.952138 0.079865 -0.001048 -0.665287 -9999.0 -9999.0 -9999.0 -9999.0 -9999.0 -9999.0 -9999.0 -9999.0 -9999.0 -9999.0 -9999.0 -9999.0 -9999.0 -9999.0 -9999.0 -9999.0 -9999.0 -9999.0 -9999.0 -9999.0 -9999.0 -9999.0 -9999.0 -9999.0 -9999.0 -9999.0 -9999.0 -9999.0 -9999.0 -9999.0
-9999.0 -9999.0 -9999.0 -9999.0 -9999.0 -9999.0 -9999.0 -9999.0 -9999.0 -9999.0 -9999.0 -9999.0 -9999.0 -9999.0 -9999.0 -9999.0 -9999.0 -9999.0 -9999.0 -9999.0 -9999.0 -9999.0 -9999.0 -9999.0 1.006867 1.153970 1.417866 1.003827 1.403590 1.377018 -0.002930 -9999.0 -9999.0 -9999.0 -9999.0 -9999.0 -9999.0 -9999.0 -9999.0 -9999.0 -9999.0 -9999.0 -9999.0 -9999.0 -9999.0 -9999.0 -9999.0 -9999.0 -9999.0 -9999.0 -9999.0 -9999.0 -9999.0 -9999.0 -9999.0 -9999.0 -9999.0 -9999.0 -9999.0 -9999.0 -9999.0 -9999.0 -9999.0
-9999.0 -9999.0 -9999.0 -9999.0 -9999.0 -9999.0 -9999.0 -9999.0 -9999.0 -9999.0 -9999.0 -9999.0 -9999.0 -9999.0 -9999.0 -9999.0 -9999.0 -9999.0 -9999.0 -9999.0 -9999.0 -9999.0 -9999.0 1.231980 1.883906 3.529034 3.813903 3.933538 4.097972 1.463663 -0.002903 -0.003690 -9999.0 -9999.0 -9999.0 -9999.0 -9999.0 -9999.0 -9999.0 -9999.0 -9999.0 -9999.0 -9999.0 -9999.0 -9999.0 -9999.0 -9999.0 -9999.0 -9999.0 -9999.0 -9999.0 -9999.0 -9999.0 -9999.0 -9999.0 -9999.0 -9999.0 -9999.0 -9999.0 -9999.0 -9999.0 -9999.0 -9999.0
-9999.0 -9999.0 -9999.0 -9999.0 -9999.0 -9999.0 -9999.0 -9999.0 -9999.0 -9999.0 -9999.0 -9999.0 -9999.0 -9999.0 -9999.0 -9999.0 -9999.0 -9999.0 5.034345 1.869809 -9999.0 1.524164 1.886758 3.104643 3.254434 3.932711 3.705502 4.050769 2.914916 1.436637 1.203227 0.064254 -0.003610 -0.003387 -9999.0 -9999.0 -9999.0 -9999.0 -9999.0 -9999.0 -9999.0 -9999.0 -9999.0 -9999.0 -9999.0 -9999.0 -9999.0 -9999.0 -9999.0 -9999.0 -9999.0 -9999.0 -9999.0 -9999.0 -9999.0 -9999.0 -9999.0 -9999.0 -9999.0 -9999.0 -9999.0 -9999.0 -9999.0
-9999.0 -9999.0 -9999.0 -9999.0 -9999.0 -9999.0 -9999.0 -9999.0 -9999.0 -9999.0 -9999.0 -9999.0 -9999.0 -9999.0 -9999.0 -9999.0 -9999.0 5.115723 3.779971 4.123973 2.381809 0.693255 1.577100 2.809119 4.414765 0.340432 -0.034062 1.219765 -0.024429 2.359629 2.268578 1.315612 1.171979 0.431472 -0.004020 -0.004168 -9999.0 -9999.0 -9999.0 -9999.0 -9999.0 -9999.0 -9999.0 -9999.0 -9999.0 -9999.0 -9999.0 -9999.0 -9999.0 -9999.0 -9999.0 -9999.0 -9999.0 -9999.0 -9999.0 -9999.0 -9999.0 -9999.0 -9999.0 -9999.0 -9999.0 -9999.0 -9999.0
-9999.0 -9999.0 -9999.0 -9999.0 -9999.0 -9999.0 -9999.0 -9999.0 -9999.0 -9999.0 -9999.0 -9999.0 -9999.0 3.490504 2.776399 3.425227 4.717413 9.051970 4.803966 3.501113 3.418121 3.115458 3.744439 4.522874 -0.006469 1.832821 -0.019480 -0.021198 -0.018342 0.088956 -0.780968 1.648596 0.832106 0.239941 0.197638 -0.003497 -9999.0 -9999.0 -9999.0 -9999.0 -9999.0 -9999.0 -9999.0 -9999.0 -9999.0 -9999.0 -9999.0 -9999.0 -9999.0 -9999.0 -9999.0 -9999.0 -9999.0 -9999.0 -9999.0 -9999.0 -9999.0 -9999.0 -9999.0 -9999.0 -9999.0 -9999.0 -9999.0
-9999.0 -9999.0 -9999.0 -9999.0 -9999.0 -9999.0 -9999.0 -9999.0 -9999.0 -9999.0 -9999.0 -9999.0 -9999.0 4.185153 4.458058 4.238141 4.001584 8.913470 9.148614 5.165566 3.992751 5.788322 2.766844 1.719497 2.669549 1.671559 0.689762 0.785936 0.178166 -0.068083 -0.026865 0.221713 -0.002399 -0.007038 -0.006319 -9999.0 -9999.0 -9999.0 -9999.0 -9999.0 -9999.0 -9999.0 -9999.0 -9999.0 -9999.0 -9999.0 -9999.0 -9999.0 -9999.0 -9999.0 -9999.0 -9999.0 -9999.0 -9999.0 -9999.0 -9999.0 -9999.0 -9999.0 -9999.0 -9999.0 -9999.0 -9999.0 -9999.0
-9999.0 -9999.0 -9999.0 -9999.0 -9999.0 -9999.0 -9999.0 -9999.0 -9999.0 -9999.0 -9999.0 -9999.0 -9999.0 4.381791 4.024159 5.606307 3.758524 4.512601 9.435060 4.874922 6.667191 2.898418 0.721801 -0.012555 2.448096 2.041296 1.265166 0.068200 -0.003971 -0.004695 -0.002671 -0.016233 -0.004668 -7.207094 -0.003817 -9999.0 -9999.0 -9999.0 -9999.0 -9999.0 -9999.0 -9999.0 -9999.0 -9999.0 -9999.0 -9999.0 -9999.0 -9999.0 -9999.0 -9999.0 -9999.0 -9999.0 -9999.0 -9999.0 -9999.0 -9999.0 -9999.0 -9999.0 -9999.0 -9999.0 -9999.0 -9999.0 -9999.0
-9999.0 -9999.0 -9999.0 -9999.0 -9999.0 -9999.0 -9999.0 -9999.0 -9999.0 -9999.0 -9999.0 -9999.0 3.126417 3.520767 5.239909 3.664657 2.406997 4.077587 9.653426 5.612177 3.565827 0.613102 1.319109 -0.007235 -0.930691 0.638203 -2.164268 -0.003140 0.757492 -0.002858 -0.024594 -0.003990 -0.004034 -0.003990 -9999.0 -9999.0 -9999.0 -9999.0 -9999.0 -9999.0 -9999.0 -9999.0 -9999.0 -9999.0 -9999.0 -9999.0 -9999.0 -9999.0 -9999.0 -9999.0 -9999.0 -9999.0 -9999.0 -9999.0 -9999.0 -9999.0 -9999.0 -9999.0 -9999.0 -9999.0 -9999.0 -9999.0 -9999.0
-9999.0 -9999.0 -9999.0 -9999.0 -9999.0 -9999.0 -9999.0 -9999.0 -9999.0 -9999.0 -9999.0 3.484284 4.651346 3.644725 4.727002 5.552803 4.692320 4.363294 9.583310 7.009353 2.693423 3.090844 2.009916 0.977734 1.332103 1.056714 -0.003892 0.503040 -0.000957 -0.004877 -0.003254 0.837788 0.197652 -0.002885 -0.003411 0.317876 -0.004409 0.550647 0.840206 -9999.0 -9999.0 -9999.0 -0.004989 -9999.0 -9999.0 -9999.0 -9999.0 -9999.0 -9999.0 -9999.0 -9999.0 -9999.0 -9999.0 -9999.0 -9999.0 -9999.0 -9999.0 -9999.0 -9999.0 -9999.0 -9999.0 -9999.0 -9999.0
-9999.0 -9999.0 -9999.0 -9999.0 -9999.0 -9999.0 -9999.0 -9999.0 -9999.0 -9999.0 -9999.0 3.083937 4.681280 6.213492 5.959141 4.514281 6.921195 4.790313 9.623794 7.501169 6.692291 3.684714 1.649277 -1.289794 -0.798606 0.600746 0.299446 1.059165 0.974606 -0.002760 0.371616 1.382734 -0.004541 -0.005321 -0.009415 0.408440 1.433817 1.580652 0.682294 -0.003846 -0.003103 -0.002990 0.064588 -0.002990 -9999.0 -9999.0 -9999.0 -0.108757 -0.141074 -0.024332 -0.052937 -0.072224 -0.048249 -0.566831 -0.637051 -0.044837 -9999.0 -9999.0 -9999.0 -9999.0 -9999.0 -9999.0 -9999.0
-9999.0 -9999.0 -9999.0 -9999.0 -9999.0 -9999.0 -9999.0 -9999.0 -9999.0 -9999.0 -9999.0 2.829775 3.190465 1.878336 5.171552 5.255865 2.605709 3.892482 8.328810 7.412782 2.449919 0.308697 -0.312732 0.987416 0.584111 0.519727 -0.544083 -2.680425 0.382165 -0.006544 0.163973 -1.186064 1.059493 -0.005418 -0.002726 1.200620 -0.591410 -0.393963 2.140360 0.208075 0.733204 -0.001260 1.038737 0.504559 -0.007719 -9999.0 -0.003871 -0.009093 0.041507 0.811393 1.222071 1.082639 0.678173 -0.002802 -0.000913 -0.005314 -9999.0 -9999.0 -9999.0 -9999.0 -9999.0 -9999.0 -9999.0
-9999.0 -9999.0 -9999.0 -9999.0 -9999.0 -9999.0 -9999.0 -9999.0 -9999.0 -9999.0 -9999.0 -9999.0 3.210219 0.034330 4.250725 4.461156 0.880914 2.937121 9.003158 7.313433 2.283103 0.934355 -0.018533 -0.103335 -1.591421 -0.681087 0.980849 1.208902 0.014122 -0.002430 0.252230 -0.565300 1.407232 -0.002694 -0.004785 0.659439 -0.470549 -0.165398 3.047343 1.529460 1.705890 1.188843 -0.101939 1.446809 0.107483 -0.011012 -0.005518 -0.005893 -1.574890 -0.117262 -0.038117 -0.923474 -2.891142 -1.427892 -1.672312 -0.002779 -0.004090 -9999.0 -9999.0 -9999.0 -9999.0 -9999.0 -9999.0
-9999.0 -9999.0 -9999.0 -9999.0 -9999.0 -9999.0 -9999.0 -9999.0 -9999.0 -9999.0 -9999.0 -0.103599 1.770914 3.855523 0.038218 0.693667 2.011024 2.278492 8.336551 4.250438 2.549542 0.948544 0.006002 -0.586339 -0.519625 -0.323952 -0.110049 -0.003056 -0.003394 0.730756 -0.655803 -0.509099 1.822518 -0.002666 -0.010144 0.379980 0.579700 -0.099459 0.217638 2.829687 -0.099827 0.123256 -0.006192 -0.019251 1.979921 -0.002860 0.674352 0.793369 1.226731 -0.025743 -2.460198 -0.002969 -2.522256 -4.221355 -4.925901 -0.946436 -0.007351 -9999.0 -9999.0 -9999.0 -9999.0 -9999.0 -9999.0
-9999.0 -9999.0 -9999.0 -9999.0 -9999.0 -9999.0 -9999.0 -9999.0 -9999.0 -9999.0 0.905547 -0.037218 1.820122 2.011788 3.103365 0.078271 0.018774 0.127638 3.385591 3.900173 5.477376 3.590100 -0.359720 2.212242 -0.013020 -1.390236 -1.087438 -3.398432 1.358409 1.578519 -0.035477 -0.160555 1.494541 -0.002753 -0.003090 0.182787 1.240722 -0.179726 -0.128766 0.455398 0.617293 1.438682 5.446235 1.047162 -0.020248 0.820804 0.824144 -0.088204 -0.068906 -0.009087 -3.565127 -0.021278 -5.397662 -2.271341 -1.658593 -0.002863 -0.002593 -9999.0 -9999.0 -9999.0 -9999.0 -9999.0 -9999.0
-9999.0 -9999.0 -9999.0 -9999.0 -9999.0 -9999.0 -9999.0 -9999.0 -9999.0 0.730813 1.458344 -0.029690 -0.015051 -0.108533 -0.032476 -0.019258 -0.025671 4.006572 3.303327 3.928974 5.842177 0.723682 0.412208 1.212365 0.212806 -1.283004 -1.762037 1.523455 -0.038074 -0.008334 0.257322 -1.482912 0.310158 -0.003537 -0.002865 0.165530 1.298619 -0.716087 -0.356823 -0.030001 -0.487543 -0.143954 -0.251525 1.694799 1.375513 -0.022537 2.868477 -0.133431 -0.128454 0.303216 -1.069968 -0.009197 -2.252195 -1.973748 -0.598292 -2.688212 -1.781277 -0.001885 -0.096120 -9999.0 -9999.0 -9999.0 -9999.0
-9999.0 -9999.0 -9999.0 -9999.0 -9999.0 -9999.0 -9999.0 -9999.0 -9999.0 0.820126 0.650864 1.671504 2.396425 -0.005455 -0.030594 -0.114089 2.499355 1.202145 3.863763 6.812268 6.428792 5.761364 4.134998 2.073759 -0.892287 -0.893381 -0.099262 -0.010333 0.742902 2.165448 1.671519 -1.859510 0.627796 -0.005003 0.045680 0.161798 0.425071 1.091750 0.552270 1.846269 -0.199014 -1.075490 -0.074799 1.004492 2.664480 2.665623 2.493136 0.915149 -0.006057 0.443155 -2.736604 -4.444371 -2.431684 -2.268997 -0.027100 -3.594994 -1.586603 -1.109600 0.481501 -9999.0 -9999.0 -9999.0 -9999.0
-9999.0 -9999.0 -9999.0 -9999.0 -9999.0 -9999.0 -9999.0 -9999.0 -9999.0 -9999.0 0.226328 1.631151 -0.017012 -0.541825 0.221046 -0.024748 -0.006549 2.527279 4.640871 5.170129 6.558857 2.463774 -0.012048 -0.097402 -0.571171 -0.020839 0.384813 1.273035 1.524080 -1.420914 -1.765725 -2.515296 -2.764301 -0.003194 1.007405 1.798315 1.510004 1.750957 0.456904 0.426043 0.057487 1.497196 1.879702 -0.021362 -0.007991 -0.005605 1.563786 4.488613 3.478315 0.513004 -1.696576 -1.723923 -1.189616 -2.568608 -2.459796 -0.009913 0.344561 -1.370083 -0.023974 -0.014421 -9999.0 -9999.0 -9999.0
-9999.0 -9999.0 -9999.0 -9999.0 -9999.0 -9999.0 -9999.0 -9999.0 -9999.0 -9999.0 -0.001093 0.858464 1.411567 -0.008539 3.105297 0.333117 -0.006872 2.435664 5.100496 5.805436 3.180269 1.309182 -0.016421 -0.030560 -0.020078 0.775776 1.904869 -0.007259 -1.107339 -2.485952 0.342549 1.277998 -2.776550 -0.005455 0.421656 1.868858 -1.312374 -0.031028 -1.151016 -0.003238 0.581925 2.413485 -0.102720 1.366321 1.757457 -0.106577 -0.008037 -0.008351 2.958863 3.084898 0.218005 -1.159316 -3.196575 -0.105439 -3.518880 -2.527801 -0.093834 -0.180465 1.444161 2.175924 -9999.0 -9999.0 -9999.0
-9999.0 -9999.0 -9999.0 -9999.0 -9999.0 -9999.0 -9999.0 -9999.0 0.913714 0.187197 -0.001103 0.989518 -0.246843 -0.073579 -0.036226 1.574971 2.726846 6.570525 6.059708 6.167109 4.899883 3.788638 2.898165 1.188528 0.876990 1.769192 3.141430 -0.616409 -0.850115 -2.397876 -0.011813 0.388390 0.444560 -0.004938 0.667622 0.610873 2.911875 -0.021392 -2.356443 0.203811 0.808505 1.518354 -2.413553 0.336629 1.277114 1.333302 -2.180343 -0.088149 -0.006490 2.528379 0.553973 -0.541266 -2.186222 -4.909171 -2.080089 -0.001451 0.062967 1.674703 0.789920 4.365128 -9999.0 -9999.0 -9999.0
-9999.0 -9999.0 -9999.0 -9999.0 -9999.0 -9999.0 -9999.0 -9999.0 -2.747921 -0.636336 -1.928649 -0.003339 0.640641 -1.866199 -0.746916 -0.005980 1.726647 2.313389 5.273548 6.702273 9.802001 8.835208 8.113902 6.966879 3.150197 3.226795 0.681312 -0.036143 -2.664164 -0.003052 -0.005183 0.352560 0.796983 0.472448 1.000895 1.326075 4.117697 0.402496 -0.061430 1.205908 0.400514 -0.000689 0.547198 1.289110 0.647390 -0.152261 -2.863045 0.944002 -0.036921 1.467261 1.985677 -0.033284 -3.338770 -0.011995 0.521914 -1.461567 -0.293644 -0.007780 3.317531 5.905787 6.628431 -9999.0 -9999.0
-9999.0 -9999.0 -9999.0 -9999.0 -9999.0 -9999.0 -9999.0 -9999.0 0.369334 0.297059 -0.001825 -2.742519 0.642676 -2.219521 -0.149720 -0.603978 0.282945 3.085256 5.213155 9.544064 7.162521 9.158485 9.066377 5.747031 6.977429 3.059156 0.228922 -1.058200 -3.219353 0.445372 0.602968 1.511796 -1.246603 -0.928297 1.691978 3.573903 0.118296 1.810133 -0.022133 -0.092718 1.142962 0.720185 1.060639 0.281719 -0.742311 0.997320 0.162658 0.229001 -1.403350 -0.009126 2.641256 0.441553 -2.392853 -3.227898 -0.058453 -0.006763 1.180471 2.635673 5.613881 6.199699 6.532441 -9999.0 -9999.0
-9999.0 -9999.0 -9999.0 -9999.0 -9999.0 -9999.0 -9999.0 -9999.0 -0.012375 1.063886 -0.089558 -3.153611 0.684321 -0.884205 -0.347202 0.104269 3.770429 5.018593 7.022429 5.486250 6.620560 7.057044 8.826364 7.979405 3.455209 0.939493 -0.028604 -1.809378 1.378834 -0.086614 -0.123536 -0.045021 -0.002050 0.022725 -0.032272 2.704847 4.448369 3.917821 0.693969 -0.015776 1.599918 1.751440 1.721708 1.329879 0.598373 0.726926 1.426441 1.084904 0.550429 -0.311592 -0.005860 2.337346 0.486879 -0.038718 0.747268 1.733534 3.660416 4.777303 5.618572 6.280122 5.361694 2.606838 -9999.0
-9999.0 -9999.0 -9999.0 -9999.0 -9999.0 -9999.0 -9999.0 -9999.0 -0.496417 0.615737 -1.957320 -1.407924 -0.239232 -0.137837 2.236738 2.581830 4.630458 2.370632 0.880432 2.707673 4.565622 6.515659 6.666836 6.338051 6.032733 0.217366 -0.916682 -0.020262 0.189907 0.050440 -0.106174 0.391923 2.726463 1.328523 0.659026 1.953790 3.365826 5.866369 5.252527 2.443266 0.962856 1.001486 0.834030 0.149094 -0.167622 2.009748 -0.044248 -0.020784 -0.059340 0.339902 1.900216 1.586453 1.925001 1.812427 2.543217 2.937276 3.649572 4.790138 5.574298 5.487253 4.049163 2.018110 -9999.0
-9999.0 -9999.0 0.993644 0.959647 -3.187425 -1.043145 -2.071412 -1.687660 -0.003191 0.176949 -0.499710 -0.481152 -0.095681 0.219793 3.657695 1.674502 -0.011749 -1.052012 -0.096107 0.086066 2.574135 5.308620 6.062070 5.939622 4.469155 1.853416 0.103205 0.269326 2.473695 3.572348 -0.010414 0.768664 6.145280 3.259563 4.671064 4.457631 7.065865 8.109150 7.016059 4.344516 4.726444 4.795031 4.112027 3.156707 0.000829 0.720108 1.755894 1.452841 3.135679 4.079407 4.715482 4.250424 3.398653 2.756523 2.670484 6.063048 3.367030 4.060304 3.971689 3.405262 4.657450 1.228991 -9999.0
-9999.0 -0.106823 -0.126380 -0.295241 -0.928827 -0.341674 -1.445489 -2.122165 -3.101046 -0.003223 -1.332887 -0.684138 -0.003611 2.959916 2.683204 -0.117199 -0.576496 -1.278126 -0.787226 -0.007050 2.352656 4.111121 6.874988 4.789937 7.258766 4.226617 5.550947 5.881711 4.944351 3.738600 3.519237 3.677784 5.408968 8.749926 7.715016 8.989833 10.602408 11.006595 10.798287 9.152025 8.250190 8.100020 7.421581 4.641305 3.351330 3.745093 4.960228 5.752448 6.580897 5.982866 5.219468 4.200775 3.149245 2.332801 2.255784 1.771575 0.665379 1.024068 1.557100 2.877606 0.412852 1.018257 -9999.0
-9999.0 2.400709 -0.012979 -0.017738 1.277667 -0.029628 -2.348679 -2.639473 -0.003702 -0.001407 -1.807549 -1.079779 0.158321 2.789533 -0.057764 -2.303979 -1.954905 -1.540484 -0.413760 -0.010847 3.349165 1.972989 2.971892 3.326369 7.111889 8.007682 5.260669 6.114892 6.315351 6.217604 6.361702 6.130393 7.293428 8.187541 11.405583 11.231282 15.751435 16.755973 13.648303 12.577804 11.873945 10.903819 9.826429 7.899840 7.759592 7.620660 7.857811 7.673233 7.037088 6.224400 4.395491 1.997597 0.799156 1.438611 0.546831 -0.020031 -0.127903 -0.038680 -0.021738 -0.055483 -0.016421 -9999.0 -9999.0
