user2019/resources/simulation/Vinschgau/output-maps/TsL0002N0997.asc
ncols         63
nrows         48
xllcorner     598000.000000
yllcorner     5145000.000000
cellsize      1000.000000
NODATA_value  -9999.0
[rows 0 to 27 of 48, columns 0 to 62 of 63]
-9999.0 -9999.0 -9999.0 -9999.0 -9999.0 -9999.0 -9999.0 -9999.0 -9999.0 -9999.0 -9999.0 -9999.0 -9999.0 -9999.0 -9999.0 -9999.0 -9999.0 -9999.0 -9999.0 -9999.0 -9999.0 -9999.0 -9999.0 -9999.0 -9999.0 -9999.0 -9999.0 -9999.0 -9999.0 -9999.0 -9999.0 -9999.0 -9999.0 -9999.0 -9999.0 -9999.0 -9999.0 -9999.0 -9999.0 -9999.0 -9999.0 -9999.0 -9999.0 -9999.0 -9999.0 -9999.0 -9999.0 -9999.0 -9999.0 -9999.0 -9999.0 -9999.0 -9999.0 -9999.0 -9999.0 -9999.0 -9999.0 -9999.0 -9999.0 -9999.0 -9999.0 -9999.0 -9999.0
-9999.0 -9999.0 -9999.0 -9999.0 -9999.0 -9999.0 -9999.0 -9999.0 -9999.0 -9999.0 -9999.0 -9999.0 -9999.0 -9999.0 -9999.0 -9999.0 -9999.0 -9999.0 -9999.0 -9999.0 -9999.0 -9999.0 -9999.0 -9999.0 -9999.0 -9999.0 -9999.0 -5.333566 -4.659973 -4.939533 -5.640069 -5.934745 -5.505692 -9999.0 -9999.0 -9999.0 -9999.0 -9999.0 -9999.0 -9999.0 -9999.0 -9999.0 -9999.0 -9999.0 -9999.0 -9999.0 -9999.0 -9999.0 -9999.0 -9999.0 -9999.0 -9999.0 -9999.0 -9999.0 -9999.0 -9999.0 -9999.0 -9999.0 -9999.0 -9999.0 -9999.0 -9999.0 -9999.0
-9999.0 -9999.0 -9999.0 -9999.0 -9999.0 -9999.0 -9999.0 -9999.0 -9999.0 -9999.0 -9999.0 -9999.0 -9999.0 -9999.0 -9999.0 -9999.0 -9999.0 -9999.0 -9999.0 -9999.0 -9999.0 -9999.0 -9999.0 -9999.0 -2.724929 -2.304558 -1.676481 -2.489264 -3.957178 -4.093881 -5.537878 -9999.0 -9999.0 -9999.0 -9999.0 -9999.0 -9999.0 -9999.0 -9999.0 -9999.0 -9999.0 -9999.0 -9999.0 -9999.0 -9999.0 -9999.0 -9999.0 -9999.0 -9999.0 -9999.0 -9999.0 -9999.0 -9999.0 -9999.0 -9999.0 -9999.0 -9999.0 -9999.0 -9999.0 -9999.0 -9999.0 -9999.0 -9999.0
-9999.0 -9999.0 -9999.0 -9999.0 -9999.0 -9999.0 -9999.0 -9999.0 -9999.0 -9999.0 -9999.0 -9999.0 -9999.0 -9999.0 -9999.0 -9999.0 -9999.0 -9999.0 -9999.0 -9999.0 -9999.0 -9999.0 -9999.0 -2.095928 -0.156800 0.258527 0.724355 1.253477 0.530243 -1.743809 -5.469143 -5.205427 -9999.0 -9999.0 -9999.0 -9999.0 -9999.0 -9999.0 -9999.0 -9999.0 -9999.0 -9999.0 -9999.0 -9999.0 -9999.0 -9999.0 -9999.0 -9999.0 -9999.0 -9999.0 -9999.0 -9999.0 -9999.0 -9999.0 -9999.0 -9999.0 -9999.0 -9999.0 -9999.0 -9999.0 -9999.0 -9999.0 -9999.0
-9999.0 -9999.0 -9999.0 -9999.0 -9999.0 -9999.0 -9999.0 -9999.0 -9999.0 -9999.0 -9999.0 -9999.0 -9999.0 -9999.0 -9999.0 -9999.0 -9999.0 -9999.0 0.092865 -0.445689 -9999.0 -1.468190 -0.046363 -0.006100 0.370329 1.347171 -0.002885 -0.000664 0.054339 -0.019213 -2.259305 -5.525204 -5.696524 -7.512300 -9999.0 -9999.0 -9999.0 -9999.0 -9999.0 -9999.0 -9999.0 -9999.0 -9999.0 -9999.0 -9999.0 -9999.0 -9999.0 -9999.0 -9999.0 -9999.0 -9999.0 -9999.0 -9999.0 -9999.0 -9999.0 -9999.0 -9999.0 -9999.0 -9999.0 -9999.0 -9999.0 -9999.0 -9999.0
-9999.0 -9999.0 -9999.0 -9999.0 -9999.0 -9999.0 -9999.0 -9999.0 -9999.0 -9999.0 -9999.0 -9999.0 -9999.0 -9999.0 -9999.0 -9999.0 -9999.0 4.172483 2.731341 1.491149 -0.266420 -0.067407 -0.023214 -0.012402 -0.003382 -0.019177 -0.413948 -0.022847 -0.106307 -0.008328 -0.474363 -2.063354 -4.219029 -4.713099 -6.376970 -7.394466 -9999.0 -9999.0 -9999.0 -9999.0 -9999.0 -9999.0 -9999.0 -9999.0 -9999.0 -9999.0 -9999.0 -9999.0 -9999.0 -9999.0 -9999.0 -9999.0 -9999.0 -9999.0 -9999.0 -9999.0 -9999.0 -9999.0 -9999.0 -9999.0 -9999.0 -9999.0 -9999.0
-9999.0 -9999.0 -9999.0 -9999.0 -9999.0 -9999.0 -9999.0 -9999.0 -9999.0 -9999.0 -9999.0 -9999.0 -9999.0 -0.005959 -0.007417 2.188822 3.705324 3.952968 3.802301 0.572978 0.293002 -0.004000 0.528203 -0.003402 -0.025123 -0.075563 -1.994778 -2.951392 -1.126581 -0.046278 -2.008108 -3.374919 -2.963137 -5.309190 -4.968735 -7.565621 -9999.0 -9999.0 -9999.0 -9999.0 -9999.0 -9999.0 -9999.0 -9999.0 -9999.0 -9999.0 -9999.0 -9999.0 -9999.0 -9999.0 -9999.0 -9999.0 -9999.0 -9999.0 -9999.0 -9999.0 -9999.0 -9999.0 -9999.0 -9999.0 -9999.0 -9999.0 -9999.0
-9999.0 -9999.0 -9999.0 -9999.0 -9999.0 -9999.0 -9999.0 -9999.0 -9999.0 -9999.0 -9999.0 -9999.0 -9999.0 -0.002167 1.270106 2.967103 2.965720 2.605835 3.990831 1.599296 2.830222 0.740618 1.108827 0.015126 -0.015654 -0.041514 -3.395481 -5.050969 -5.202126 -1.447928 -2.929879 -5.257185 -5.460104 -8.816592 -6.550120 -9999.0 -9999.0 -9999.0 -9999.0 -9999.0 -9999.0 -9999.0 -9999.0 -9999.0 -9999.0 -9999.0 -9999.0 -9999.0 -9999.0 -9999.0 -9999.0 -9999.0 -9999.0 -9999.0 -9999.0 -9999.0 -9999.0 -9999.0 -9999.0 -9999.0 -9999.0 -9999.0 -9999.0
-9999.0 -9999.0 -9999.0 -9999.0 -9999.0 -9999.0 -9999.0 -9999.0 -9999.0 -9999.0 -9999.0 -9999.0 -9999.0 0.884468 0.683625 2.070781 2.470929 3.248117 4.174637 3.707127 0.767765 0.022078 -0.016731 -0.068870 -0.012258 -0.016604 -3.816974 -5.487379 -5.949669 -7.864687 -4.797781 -9.219625 -9.657525 -11.402810 -7.888165 -9999.0 -9999.0 -9999.0 -9999.0 -9999.0 -9999.0 -9999.0 -9999.0 -9999.0 -9999.0 -9999.0 -9999.0 -9999.0 -9999.0 -9999.0 -9999.0 -9999.0 -9999.0 -9999.0 -9999.0 -9999.0 -9999.0 -9999.0 -9999.0 -9999.0 -9999.0 -9999.0 -9999.0
-9999.0 -9999.0 -9999.0 -9999.0 -9999.0 -9999.0 -9999.0 -9999.0 -9999.0 -9999.0 -9999.0 -9999.0 -0.007735 -0.000414 1.571569 -0.003595 0.750412 2.757172 3.066663 2.771429 0.124609 -0.033016 -0.500500 -1.093283 -2.083225 -3.388575 -3.271127 -5.796794 -4.725523 -5.715843 -9.246810 -5.963131 -6.080309 -8.237076 -9999.0 -9999.0 -9999.0 -9999.0 -9999.0 -9999.0 -9999.0 -9999.0 -9999.0 -9999.0 -9999.0 -9999.0 -9999.0 -9999.0 -9999.0 -9999.0 -9999.0 -9999.0 -9999.0 -9999.0 -9999.0 -9999.0 -9999.0 -9999.0 -9999.0 -9999.0 -9999.0 -9999.0 -9999.0
-9999.0 -9999.0 -9999.0 -9999.0 -9999.0 -9999.0 -9999.0 -9999.0 -9999.0 -9999.0 -9999.0 -0.007338 0.896672 0.770750 0.886967 -0.000622 1.506598 2.845581 3.240994 2.444581 1.486278 -0.001815 -0.255466 -2.919888 -2.120179 -4.579850 -5.689369 -5.258135 -4.550658 -7.100720 -6.140361 -2.943660 -5.045349 -6.855433 -6.277887 -5.614875 -5.684000 -5.497404 -5.374084 -9999.0 -9999.0 -9999.0 -7.103709 -9999.0 -9999.0 -9999.0 -9999.0 -9999.0 -9999.0 -9999.0 -9999.0 -9999.0 -9999.0 -9999.0 -9999.0 -9999.0 -9999.0 -9999.0 -9999.0 -9999.0 -9999.0 -9999.0 -9999.0
-9999.0 -9999.0 -9999.0 -9999.0 -9999.0 -9999.0 -9999.0 -9999.0 -9999.0 -9999.0 -9999.0 -2.106090 1.100250 2.430908 2.223563 -0.002056 3.792086 3.628184 3.207162 2.283350 0.845704 -0.001364 -0.575699 -2.716857 -3.832453 -5.158665 -5.436402 -4.525260 -3.440374 -6.851006 -5.127879 -3.803893 -5.839096 -6.295200 -6.924552 -5.241473 -4.018997 -1.749809 -3.617213 -6.627975 -6.620123 -7.037419 -5.399459 -5.635221 -9999.0 -9999.0 -9999.0 -8.501109 -6.339453 -6.109843 -5.427077 -7.102967 -7.356192 -7.133310 -6.772595 -7.738881 -9999.0 -9999.0 -9999.0 -9999.0 -9999.0 -9999.0 -9999.0
-9999.0 -9999.0 -9999.0 -9999.0 -9999.0 -9999.0 -9999.0 -9999.0 -9999.0 -9999.0 -9999.0 -2.492215 -0.007162 -0.544258 -0.000943 -0.000817 0.016663 3.049216 2.683287 2.260608 1.413158 -0.018700 -1.590405 -2.651155 -5.104873 -4.440693 -1.789321 -3.649708 -5.230469 -6.146363 -5.175278 -4.152560 -4.400465 -6.057570 -5.698261 -4.261836 -3.293769 -2.954820 -0.051307 -5.167444 -5.083841 -5.938868 -4.379632 -5.088641 -5.241135 -9999.0 -8.191958 -5.216620 -5.254585 -3.367658 -2.647562 -3.294542 -5.086714 -5.513049 -5.628347 -6.238742 -9999.0 -9999.0 -9999.0 -9999.0 -9999.0 -9999.0 -9999.0
-9999.0 -9999.0 -9999.0 -9999.0 -9999.0 -9999.0 -9999.0 -9999.0 -9999.0 -9999.0 -9999.0 -9999.0 -1.612574 -1.362892 -0.001118 -0.001018 -0.006242 2.165105 2.863297 2.310568 1.264542 -0.015199 -0.605185 -3.070696 -3.109618 -1.932804 -2.106515 -3.102855 -5.596500 -5.612493 -4.715539 -3.935001 -2.610807 -5.763994 -5.914535 -4.956748 -3.414823 -2.805016 -0.001768 -2.664043 -3.496547 -2.992883 -3.316547 -1.114007 -5.254394 -5.435923 -6.603523 -5.987930 -3.058099 -1.221248 -0.472734 -3.783433 -3.773329 -4.444009 -4.722978 -5.589821 -6.050460 -9999.0 -9999.0 -9999.0 -9999.0 -9999.0 -9999.0
-9999.0 -9999.0 -9999.0 -9999.0 -9999.0 -9999.0 -9999.0 -9999.0 -9999.0 -9999.0 -9999.0 -1.669342 -1.781337 -0.546750 -1.761115 -0.017272 -0.006627 1.273389 2.347216 3.506412 1.777549 -0.004568 -0.043854 -1.847234 -1.775942 -2.542644 -2.700863 -4.854809 -5.704513 -4.144302 -1.901815 -3.096679 -3.318432 -5.419048 -6.028187 -5.191134 -4.874661 -2.081426 -0.019729 -0.009350 -1.587734 -0.076767 -1.738343 -1.271834 -0.032820 -5.221183 -4.928783 -3.998291 -3.710449 -0.122357 -3.998116 -5.258247 -6.209664 -6.917454 -7.814710 -8.542428 -5.738670 -9999.0 -9999.0 -9999.0 -9999.0 -9999.0 -9999.0
-9999.0 -9999.0 -9999.0 -9999.0 -9999.0 -9999.0 -9999.0 -9999.0 -9999.0 -9999.0 -1.868506 -2.274104 -0.776975 -0.486119 -0.004570 -0.881341 -0.932649 -0.018090 2.780902 3.140735 0.955206 0.069551 -0.723218 -0.011633 -0.289260 -2.248871 -2.441861 -5.067788 -2.526582 -1.355570 -2.544225 -2.623032 -1.310505 -5.562290 -7.724727 -5.159449 -2.872007 -1.426443 -0.206643 -0.014724 -0.013875 0.169648 1.031247 0.387379 -0.153425 -3.872346 -3.135203 -3.060844 -2.451589 -0.037139 -6.220220 -6.335655 -8.279277 -9.414850 -9.139310 -5.486624 -5.378298 -9999.0 -9999.0 -9999.0 -9999.0 -9999.0 -9999.0
-9999.0 -9999.0 -9999.0 -9999.0 -9999.0 -9999.0 -9999.0 -9999.0 -9999.0 -5.002422 -2.630028 -2.784620 -0.762607 -1.185792 -1.113777 -0.552982 -0.352360 -0.000689 2.528903 3.347316 1.235536 -0.009586 -0.012136 -0.013227 -0.018458 -1.625805 -3.287172 -1.252556 -2.095098 -1.008625 -0.017120 -1.823308 -4.847725 -9.008193 -6.739361 -5.199432 -4.118773 -1.976858 -1.613083 -0.812133 -0.395432 -0.436266 -0.600097 1.119332 0.402844 -0.178464 -0.009747 -1.324771 -1.300911 -0.016664 -2.377857 -5.831890 -10.195887 -8.674372 -7.043379 -6.175645 -5.336197 -5.383719 -6.653914 -9999.0 -9999.0 -9999.0 -9999.0
-9999.0 -9999.0 -9999.0 -9999.0 -9999.0 -9999.0 -9999.0 -9999.0 -9999.0 -5.193342 -4.970509 -1.153720 -0.002260 -0.024042 -0.466110 -1.226996 -0.006904 -0.011523 3.154604 2.061587 1.742196 0.900257 0.114611 -0.014277 -1.238836 -2.164733 -1.379531 -0.040422 -0.011373 -0.013435 -0.022947 -2.203316 -4.907238 -5.935495 -5.568924 -5.263255 -4.785683 -4.014814 -4.131884 -3.205291 -1.094815 -2.416461 -1.103543 -0.007451 1.698889 0.824332 0.496471 -0.013599 -0.024269 -0.016105 -3.070642 -6.067688 -8.264836 -7.195727 -5.749988 -7.229970 -5.112959 -4.422621 -4.359943 -9999.0 -9999.0 -9999.0 -9999.0
-9999.0 -9999.0 -9999.0 -9999.0 -9999.0 -9999.0 -9999.0 -9999.0 -9999.0 -9999.0 -4.781897 -3.677053 -0.726591 -0.706407 -0.020202 -0.311911 -0.027513 0.318158 4.084241 2.827415 1.865143 1.790299 -0.027185 -0.244993 -1.819348 -0.153630 -0.016044 -0.000577 -0.022035 -1.756339 -2.107721 -3.491429 -4.394271 -5.146262 -4.449344 -3.255647 -1.240916 -1.601487 -4.696188 -5.261934 -4.746631 -1.024056 -0.014330 -0.160346 -0.018828 -0.015413 0.599786 0.578699 1.173184 -0.016359 -2.024165 -4.868451 -7.149713 -8.052960 -7.355801 -5.273945 -4.493505 -2.297436 -2.040700 -0.086124 -9999.0 -9999.0 -9999.0
-9999.0 -9999.0 -9999.0 -9999.0 -9999.0 -9999.0 -9999.0 -9999.0 -9999.0 -9999.0 -5.642622 -3.219959 -1.507013 -0.067412 -0.000556 -0.013824 -0.017962 1.686865 4.481245 3.968856 2.652405 0.398343 -0.036369 -0.599592 -0.155167 -0.010896 0.521953 -0.017042 -1.446204 -4.085292 -5.233449 -3.821474 -5.553521 -5.482742 -5.212412 -2.871827 -2.292443 -2.473007 -2.529679 -5.317363 -5.083794 -2.995394 -3.296228 -1.984069 -1.209041 -0.368423 -0.033107 -0.018463 1.972705 0.904521 -0.017957 -2.571850 -4.759939 -6.659156 -8.712855 -7.929115 -5.343908 -1.377819 1.057954 0.853486 -9999.0 -9999.0 -9999.0
-9999.0 -9999.0 -9999.0 -9999.0 -9999.0 -9999.0 -9999.0 -9999.0 -4.469278 -5.415752 -5.743233 -4.280801 -3.395039 -1.489216 -0.066730 0.948633 2.020465 1.784515 3.567372 4.425067 4.421339 3.180455 1.953071 0.005173 -0.014529 1.333324 -0.001662 -0.962605 -2.129661 -4.065429 -8.219269 -5.173683 -5.205896 -5.639766 -4.965439 -3.367469 -0.022021 -0.833605 -2.710331 -5.258591 -4.846137 -1.718548 -4.056433 -4.869182 -2.728505 -1.483734 -2.522953 -1.265373 -0.016352 1.117046 -0.014391 -0.867532 -5.139515 -6.504827 -7.503783 -5.698116 -5.123703 -0.034945 -0.011239 3.181242 -9999.0 -9999.0 -9999.0
-9999.0 -9999.0 -9999.0 -9999.0 -9999.0 -9999.0 -9999.0 -9999.0 -3.717803 -3.252881 -3.444274 -5.566859 -3.412766 -2.802514 -1.091624 -0.015903 1.015086 1.680148 4.848026 4.964792 3.910773 3.159833 1.821794 0.533961 2.448747 2.408931 0.285384 -1.803169 -5.614526 -5.695935 -5.690525 -5.246858 -4.859281 -5.045695 -4.482126 -1.718373 -0.008298 -0.795158 -1.394843 -2.428025 -5.090245 -6.838244 -4.595093 -2.195613 -2.531819 -1.372653 -4.488901 -2.787479 -1.860894 1.000173 0.677525 -0.506097 -5.360421 -5.207706 -3.377470 -3.432592 -1.580670 -0.032204 1.400075 3.828916 4.960063 -9999.0 -9999.0
-9999.0 -9999.0 -9999.0 -9999.0 -9999.0 -9999.0 -9999.0 -9999.0 -5.112525 -3.327820 -3.743059 -4.265019 -4.314919 -3.804678 -1.362944 -0.952603 -0.011638 0.826190 4.752439 4.009638 5.441517 4.135191 3.462404 3.644840 2.243712 2.358100 -0.005558 -1.397188 -5.885361 -5.233591 -4.301952 -2.883868 -2.649784 -2.221563 -0.226046 -0.026209 -0.019797 1.070982 -0.036730 -3.087318 -4.453871 -4.123607 -2.673624 -3.495189 -2.005145 -4.435282 -5.260582 -5.096981 -2.831976 -0.022289 2.006763 -0.015633 -4.378016 -5.200325 -2.347640 -1.258942 -0.001702 1.281858 3.412777 4.108084 4.432245 -9999.0 -9999.0
-9999.0 -9999.0 -9999.0 -9999.0 -9999.0 -9999.0 -9999.0 -9999.0 -6.151499 -2.407867 -2.460685 -5.885655 -3.072375 -2.123693 -0.376736 -0.007167 3.321429 4.545219 2.571065 5.064283 4.861769 5.263544 4.063110 3.620386 2.881512 0.367044 -0.098331 -2.157988 -1.501190 -2.993905 -1.296421 -2.183150 -0.032718 -0.857732 -0.516256 -0.011303 -0.000566 3.068214 0.063172 -0.094949 -1.497204 -1.012360 -1.094342 -2.727415 -3.332120 -4.025949 -2.487319 -3.566377 -3.284603 -1.527181 -0.019192 1.583066 -0.015496 -1.853746 -0.013337 0.516365 2.048975 3.793456 4.746638 4.205806 3.279914 1.872215 -9999.0
-9999.0 -9999.0 -9999.0 -9999.0 -9999.0 -9999.0 -9999.0 -9999.0 -6.021505 -4.499305 -2.914991 -1.730826 -0.534068 -0.205032 -0.008587 0.925450 1.225091 1.719544 0.133163 2.088541 4.068799 4.626895 4.894993 4.584860 1.426855 -0.015764 -1.263492 -0.173569 -0.019630 -0.857404 -0.351603 -0.015969 0.863998 -0.000556 -0.015609 -0.002622 1.056989 5.223534 4.706143 0.722941 -0.013731 -0.016511 -0.032911 -0.034335 -1.418532 -1.340030 -1.405808 -1.937364 -1.051056 -0.016845 0.207162 0.971610 1.330499 0.578945 1.153620 1.448237 2.233942 3.004094 3.615761 3.249429 3.247434 1.293754 -9999.0
-9999.0 -9999.0 -4.746171 -3.292643 -4.186048 -2.343832 -3.587917 -3.179903 -5.726794 -5.088272 -1.706529 -0.405085 -0.126262 -0.045821 0.198453 0.494163 -0.023298 -1.376062 -1.022744 -0.013622 1.962678 4.665845 3.723675 5.536962 2.644225 1.240020 -0.017765 -0.012694 1.396122 0.051979 -0.024912 -0.005546 1.893621 2.306349 2.254065 3.744594 4.527518 7.533653 6.505387 3.754193 2.246899 2.273569 2.904928 1.041179 -0.015997 -0.016505 0.280093 0.830141 1.013420 1.985514 2.655330 2.442539 1.914771 1.475299 1.419912 1.872221 2.033374 2.391500 1.994076 2.525260 0.655868 0.545600 -9999.0
-9999.0 -1.151843 -2.887878 -1.558246 -2.195890 -1.219826 -3.295925 -3.651671 -4.636355 -5.240509 -2.783297 -1.009169 -0.016183 -0.002892 -0.000736 -0.383965 -1.789578 -2.661424 -1.732965 -0.020768 1.699725 3.427770 2.496680 3.803044 2.836789 2.313429 0.971658 1.303065 2.552347 1.539636 1.286313 1.327688 2.837647 3.886716 5.111920 6.268328 8.442933 10.536854 7.935233 6.362708 5.732898 5.454058 4.718131 3.988923 2.705824 3.024851 2.761643 5.179964 4.226474 5.163670 3.255579 2.521571 1.796179 1.061205 1.000597 0.563430 0.318531 0.654846 0.277941 -0.000566 -0.003879 0.337209 -9999.0
-9999.0 -1.644203 -2.038031 -0.228660 -0.024285 -1.063667 -2.692423 -4.167500 -5.885454 -5.764263 -3.319013 -1.398854 -0.007975 -0.000565 -0.169253 -4.291055 -3.460028 -2.977007 -1.964554 -0.019593 0.028052 1.235925 2.124452 1.450164 2.057007 2.709634 4.865490 4.433289 3.898713 5.700724 5.926314 5.657220 4.583749 5.478298 6.278406 8.394924 9.784552 10.832758 11.111153 10.292590 9.378167 8.220895 7.439973 7.396304 7.365944 7.192124 5.537218 5.238660 4.713248 4.037857 2.438931 1.304926 0.412583 1.085905 0.300512 -0.045448 -0.819060 -0.113223 -0.060836 -0.178775 -0.044114 -9999.0 -9999.0
