user2019/resources/simulation/Vinschgau/output-maps/TsL0007N0654.asc
ncols         63
nrows         48
xllcorner     598000.000000
yllcorner     5145000.000000
cellsize      1000.000000
NODATA_value  -9999.0
[rows 0 to 27 of 48, columns 0 to 62 of 63]
-9999.0 -9999.0 -9999.0 -9999.0 -9999.0 -9999.0 -9999.0 -9999.0 -9999.0 -9999.0 -9999.0 -9999.0 -9999.0 -9999.0 -9999.0 -9999.0 -9999.0 -9999.0 -9999.0 -9999.0 -9999.0 -9999.0 -9999.0 -9999.0 -9999.0 -9999.0 -9999.0 -9999.0 -9999.0 -9999.0 -9999.0 -9999.0 -9999.0 -9999.0 -9999.0 -9999.0 -9999.0 -9999.0 -9999.0 -9999.0 -9999.0 -9999.0 -9999.0 -9999.0 -9999.0 -9999.0 -9999.0 -9999.0 -9999.0 -9999.0 -9999.0 -9999.0 -9999.0 -9999.0 -9999.0 -9999.0 -9999.0 -9999.0 -9999.0 -9999.0 -9999.0 -9999.0 -9999.0
-9999.0 -9999.0 -9999.0 -9999.0 -9999.0 -9999.0 -9999.0 -9999.0 -9999.0 -9999.0 -9999.0 -9999.0 -9999.0 -9999.0 -9999.0 -9999.0 -9999.0 -9999.0 -9999.0 -9999.0 -9999.0 -9999.0 -9999.0 -9999.0 -9999.0 -9999.0 -9999.0 9.056209 9.966077 9.834397 8.430788 7.226565 7.929988 -9999.0 -9999.0 -9999.0 -9999.0 -9999.0 -9999.0 -9999.0 -9999.0 -9999.0 -9999.0 -9999.0 -9999.0 -9999.0 -9999.0 -9999.0 -9999.0 -9999.0 -9999.0 -9999.0 -9999.0 -9999.0 -9999.0 -9999.0 -9999.0 -9999.0 -9999.0 -9999.0 -9999.0 -9999.0 -9999.0
-9999.0 -9999.0 -9999.0 -9999.0 -9999.0 -9999.0 -9999.0 -9999.0 -9999.0 -9999.0 -9999.0 -9999.0 -9999.0 -9999.0 -9999.0 -9999.0 -9999.0 -9999.0 -9999.0 -9999.0 -9999.0 -9999.0 -9999.0 -9999.0 10.640026 11.220624 11.821640 11.305483 11.442680 10.519829 8.495647 -9999.0 -9999.0 -9999.0 -9999.0 -9999.0 -9999.0 -9999.0 -9999.0 -9999.0 -9999.0 -9999.0 -9999.0 -9999.0 -9999.0 -9999.0 -9999.0 -9999.0 -9999.0 -9999.0 -9999.0 -9999.0 -9999.0 -9999.0 -9999.0 -9999.0 -9999.0 -9999.0 -9999.0 -9999.0 -9999.0 -9999.0 -9999.0
-9999.0 -9999.0 -9999.0 -9999.0 -9999.0 -9999.0 -9999.0 -9999.0 -9999.0 -9999.0 -9999.0 -9999.0 -9999.0 -9999.0 -9999.0 -9999.0 -9999.0 -9999.0 -9999.0 -9999.0 -9999.0 -9999.0 -9999.0 10.888124 12.238394 12.445467 12.992707 12.965961 12.213655 11.962287 9.193766 8.413535 -9999.0 -9999.0 -9999.0 -9999.0 -9999.0 -9999.0 -9999.0 -9999.0 -9999.0 -9999.0 -9999.0 -9999.0 -9999.0 -9999.0 -9999.0 -9999.0 -9999.0 -9999.0 -9999.0 -9999.0 -9999.0 -9999.0 -9999.0 -9999.0 -9999.0 -9999.0 -9999.0 -9999.0 -9999.0 -9999.0 -9999.0
-9999.0 -9999.0 -9999.0 -9999.0 -9999.0 -9999.0 -9999.0 -9999.0 -9999.0 -9999.0 -9999.0 -9999.0 -9999.0 -9999.0 -9999.0 -9999.0 -9999.0 -9999.0 13.468888 11.196908 -9999.0 10.574328 11.566380 12.198040 12.670098 14.148365 13.915026 13.986353 15.045178 12.956902 11.278646 9.550409 8.540279 7.051594 -9999.0 -9999.0 -9999.0 -9999.0 -9999.0 -9999.0 -9999.0 -9999.0 -9999.0 -9999.0 -9999.0 -9999.0 -9999.0 -9999.0 -9999.0 -9999.0 -9999.0 -9999.0 -9999.0 -9999.0 -9999.0 -9999.0 -9999.0 -9999.0 -9999.0 -9999.0 -9999.0 -9999.0 -9999.0
-9999.0 -9999.0 -9999.0 -9999.0 -9999.0 -9999.0 -9999.0 -9999.0 -9999.0 -9999.0 -9999.0 -9999.0 -9999.0 -9999.0 -9999.0 -9999.0 -9999.0 12.860941 10.820884 10.437618 10.853352 9.988360 11.508229 12.221887 16.300687 10.033105 8.944527 10.454495 9.334299 11.275771 12.703666 10.603145 10.182149 9.356767 7.115156 5.945520 -9999.0 -9999.0 -9999.0 -9999.0 -9999.0 -9999.0 -9999.0 -9999.0 -9999.0 -9999.0 -9999.0 -9999.0 -9999.0 -9999.0 -9999.0 -9999.0 -9999.0 -9999.0 -9999.0 -9999.0 -9999.0 -9999.0 -9999.0 -9999.0 -9999.0 -9999.0 -9999.0
-9999.0 -9999.0 -9999.0 -9999.0 -9999.0 -9999.0 -9999.0 -9999.0 -9999.0 -9999.0 -9999.0 -9999.0 -9999.0 9.557946 9.872112 10.558410 12.062356 18.727718 12.480535 12.370051 12.432923 13.390170 14.180969 15.941444 9.391913 10.435639 7.863310 7.956965 9.709659 10.475211 9.482629 10.074351 9.197160 7.842328 7.286717 5.819576 -9999.0 -9999.0 -9999.0 -9999.0 -9999.0 -9999.0 -9999.0 -9999.0 -9999.0 -9999.0 -9999.0 -9999.0 -9999.0 -9999.0 -9999.0 -9999.0 -9999.0 -9999.0 -9999.0 -9999.0 -9999.0 -9999.0 -9999.0 -9999.0 -9999.0 -9999.0 -9999.0
-9999.0 -9999.0 -9999.0 -9999.0 -9999.0 -9999.0 -9999.0 -9999.0 -9999.0 -9999.0 -9999.0 -9999.0 -9999.0 10.744738 10.988049 10.721567 10.519964 15.026282 19.047710 14.392760 11.999500 13.120068 10.435767 10.345207 12.009143 9.607969 9.844334 8.036234 7.315503 7.493283 7.941989 7.533767 6.536657 5.177993 5.893213 -9999.0 -9999.0 -9999.0 -9999.0 -9999.0 -9999.0 -9999.0 -9999.0 -9999.0 -9999.0 -9999.0 -9999.0 -9999.0 -9999.0 -9999.0 -9999.0 -9999.0 -9999.0 -9999.0 -9999.0 -9999.0 -9999.0 -9999.0 -9999.0 -9999.0 -9999.0 -9999.0 -9999.0
-9999.0 -9999.0 -9999.0 -9999.0 -9999.0 -9999.0 -9999.0 -9999.0 -9999.0 -9999.0 -9999.0 -9999.0 -9999.0 11.194249 12.124911 11.885866 9.852208 11.130491 18.840075 11.968584 13.259463 9.607326 8.018620 8.710667 11.528771 9.667702 9.858506 6.951920 8.706580 6.264553 7.218482 2.161205 4.996885 1.509466 5.101723 -9999.0 -9999.0 -9999.0 -9999.0 -9999.0 -9999.0 -9999.0 -9999.0 -9999.0 -9999.0 -9999.0 -9999.0 -9999.0 -9999.0 -9999.0 -9999.0 -9999.0 -9999.0 -9999.0 -9999.0 -9999.0 -9999.0 -9999.0 -9999.0 -9999.0 -9999.0 -9999.0 -9999.0
-9999.0 -9999.0 -9999.0 -9999.0 -9999.0 -9999.0 -9999.0 -9999.0 -9999.0 -9999.0 -9999.0 -9999.0 10.445148 11.671306 11.403411 8.942992 7.178792 10.158390 16.526324 11.519472 11.695669 9.351454 8.225687 8.394306 9.645152 8.175549 8.021229 8.431398 9.977502 6.545001 4.782707 7.403297 7.952776 5.689773 -9999.0 -9999.0 -9999.0 -9999.0 -9999.0 -9999.0 -9999.0 -9999.0 -9999.0 -9999.0 -9999.0 -9999.0 -9999.0 -9999.0 -9999.0 -9999.0 -9999.0 -9999.0 -9999.0 -9999.0 -9999.0 -9999.0 -9999.0 -9999.0 -9999.0 -9999.0 -9999.0 -9999.0 -9999.0
-9999.0 -9999.0 -9999.0 -9999.0 -9999.0 -9999.0 -9999.0 -9999.0 -9999.0 -9999.0 -9999.0 9.556139 8.582114 9.015155 8.329997 9.134471 7.407339 9.358848 16.593954 10.759473 8.671091 11.048464 10.127477 8.602407 8.613964 9.338701 6.798184 9.420808 10.003356 4.798913 7.233869 9.963278 7.910334 6.774615 7.231417 9.193565 10.652594 12.819126 10.413873 -9999.0 -9999.0 -9999.0 7.134931 -9999.0 -9999.0 -9999.0 -9999.0 -9999.0 -9999.0 -9999.0 -9999.0 -9999.0 -9999.0 -9999.0 -9999.0 -9999.0 -9999.0 -9999.0 -9999.0 -9999.0 -9999.0 -9999.0 -9999.0
-9999.0 -9999.0 -9999.0 -9999.0 -9999.0 -9999.0 -9999.0 -9999.0 -9999.0 -9999.0 -9999.0 9.228541 8.422919 8.513743 8.694939 7.242496 9.469595 10.672296 16.405414 14.247234 13.937766 11.833803 10.597829 6.635998 7.290182 8.996266 9.380604 10.188792 9.154699 6.421962 9.455024 10.582637 8.890330 7.602690 7.235402 10.973739 15.250394 16.050328 13.744613 10.199173 8.536478 7.291490 9.630227 8.527011 -9999.0 -9999.0 -9999.0 7.452140 7.230435 7.578600 8.414521 7.304644 7.152070 8.080310 7.979820 5.213109 -9999.0 -9999.0 -9999.0 -9999.0 -9999.0 -9999.0 -9999.0
-9999.0 -9999.0 -9999.0 -9999.0 -9999.0 -9999.0 -9999.0 -9999.0 -9999.0 -9999.0 -9999.0 9.496715 8.265077 6.607602 9.864262 8.980427 7.209899 7.747486 14.096256 15.598930 9.277607 9.025424 8.023292 10.558994 8.443410 9.423242 8.200627 7.839280 8.273919 7.471001 7.516145 7.465796 11.027856 7.770709 7.934007 13.152774 10.924308 11.929345 18.084920 12.648791 13.459023 10.591236 12.358653 10.392841 8.191170 -9999.0 6.168426 7.657831 9.670849 10.950671 11.226654 11.016998 10.771033 9.874406 9.368429 8.947015 -9999.0 -9999.0 -9999.0 -9999.0 -9999.0 -9999.0 -9999.0
-9999.0 -9999.0 -9999.0 -9999.0 -9999.0 -9999.0 -9999.0 -9999.0 -9999.0 -9999.0 -9999.0 -9999.0 9.002997 6.544976 10.333433 9.997540 5.730375 7.670175 15.459401 15.842278 9.134025 9.587635 9.406988 8.740047 6.954360 8.077332 12.701412 9.027061 8.867454 8.062016 9.357563 7.877635 10.681536 8.819530 7.345432 11.260107 9.320962 11.724159 20.433631 15.290132 15.898245 14.940323 9.765376 12.665280 9.564033 8.124123 7.402260 7.906232 7.131424 9.261214 10.957902 8.321906 9.643562 7.893163 7.522830 9.013563 9.050934 -9999.0 -9999.0 -9999.0 -9999.0 -9999.0 -9999.0
-9999.0 -9999.0 -9999.0 -9999.0 -9999.0 -9999.0 -9999.0 -9999.0 -9999.0 -9999.0 -9999.0 6.662822 8.002139 8.779701 7.401460 7.559902 8.364597 7.849739 14.922567 11.631078 9.612511 8.868798 9.490044 7.834201 8.226070 9.562378 8.710299 8.223040 9.066312 9.716099 8.237086 9.065446 11.627729 8.718054 6.358626 10.328065 10.597859 10.447690 12.459136 18.602271 10.580610 11.930719 11.484148 9.677320 12.879329 9.300483 10.161522 10.505708 10.984022 10.288452 6.845224 8.227135 6.684689 5.389837 2.356525 6.496963 8.172729 -9999.0 -9999.0 -9999.0 -9999.0 -9999.0 -9999.0
-9999.0 -9999.0 -9999.0 -9999.0 -9999.0 -9999.0 -9999.0 -9999.0 -9999.0 -9999.0 10.713246 7.557049 10.459615 9.932567 10.934835 8.926003 8.405488 7.311599 11.051180 11.800759 14.613848 13.134627 7.576900 13.149262 10.181702 9.514642 7.138330 6.457835 10.749698 11.393311 9.661314 9.016199 10.042827 7.891115 5.884753 7.870403 12.851242 9.762210 10.078340 13.447118 13.210839 11.923740 15.937656 11.033549 9.799606 10.670397 10.638622 9.033005 10.194784 10.879475 6.798092 6.873759 2.130111 2.706667 6.312730 9.475215 9.708364 -9999.0 -9999.0 -9999.0 -9999.0 -9999.0 -9999.0
-9999.0 -9999.0 -9999.0 -9999.0 -9999.0 -9999.0 -9999.0 -9999.0 -9999.0 8.194999 9.853268 7.561552 8.668618 7.580189 8.142653 7.818704 7.457986 12.931480 10.564801 12.262505 15.697698 10.146861 9.231366 12.032473 10.670201 6.975246 7.635536 11.613616 9.609094 10.410897 11.332699 6.363798 7.275084 5.611246 6.903894 7.635137 9.474996 8.352893 8.159486 9.525245 9.751878 8.385647 7.989438 11.857709 10.715387 9.816685 13.935858 9.375397 9.176029 11.834106 8.220448 7.673524 2.822767 4.792243 7.298240 7.370568 8.601633 9.592941 8.834645 -9999.0 -9999.0 -9999.0 -9999.0
-9999.0 -9999.0 -9999.0 -9999.0 -9999.0 -9999.0 -9999.0 -9999.0 -9999.0 8.574878 8.343424 9.415115 12.958799 9.566832 8.756531 8.126599 12.359564 10.585432 11.490618 17.722929 17.533835 17.415062 14.199803 12.774971 7.372464 8.429397 9.503271 10.440764 12.122106 12.486640 11.181771 6.281070 9.033525 8.050732 8.808177 8.871706 9.529974 10.872278 8.499313 10.404017 7.936067 6.611170 9.774814 11.118484 11.667088 13.603175 13.304392 12.253718 11.243747 11.523233 6.316323 2.957354 6.843681 7.521421 7.207093 6.808749 8.292038 9.451418 11.669403 -9999.0 -9999.0 -9999.0 -9999.0
-9999.0 -9999.0 -9999.0 -9999.0 -9999.0 -9999.0 -9999.0 -9999.0 -9999.0 -9999.0 8.469614 9.907773 8.633084 8.986894 9.990101 9.400853 9.885894 11.647414 13.040089 14.755511 16.037140 10.626411 9.045303 8.237953 8.655519 10.275535 11.400495 12.635218 11.336078 6.808960 6.304293 8.457345 5.521410 7.400493 10.141550 11.192782 12.109140 12.198382 9.098542 7.991395 6.936498 11.654871 11.763973 8.465103 8.317897 8.877669 9.558571 14.500257 13.757035 11.327503 7.267168 8.259430 7.832776 5.620426 5.769967 8.005264 10.427756 11.298878 11.424231 11.821150 -9999.0 -9999.0 -9999.0
-9999.0 -9999.0 -9999.0 -9999.0 -9999.0 -9999.0 -9999.0 -9999.0 -9999.0 -9999.0 8.401013 9.316628 10.238881 9.281694 15.668007 10.004008 9.140732 11.660293 14.216677 15.265354 12.650888 10.496066 9.253059 10.055897 10.292610 11.723534 13.396173 9.238534 7.309891 5.751559 8.377550 10.090466 6.446134 7.122922 7.822276 9.750846 9.664283 9.030517 6.997181 7.450940 9.018457 10.180919 5.407834 9.273820 11.104032 7.343585 9.397424 8.786521 10.844427 13.677504 11.338587 6.659674 7.903259 8.087293 7.826005 8.357510 7.777550 9.689524 12.036671 14.256934 -9999.0 -9999.0 -9999.0
-9999.0 -9999.0 -9999.0 -9999.0 -9999.0 -9999.0 -9999.0 -9999.0 11.175650 10.204168 8.595598 9.819717 8.145981 8.492444 8.266618 11.521225 12.273908 18.173515 15.714701 15.721911 14.223109 13.211098 12.242508 11.111950 12.249149 12.002591 14.077951 7.713615 7.841424 6.290979 2.374404 8.353586 8.710330 7.797767 8.558312 6.978808 11.012254 9.218774 5.141052 7.843520 7.628272 9.529383 5.869243 6.905344 10.787891 11.616068 5.971448 8.733279 9.232979 13.730476 11.979939 8.718176 8.840753 3.099416 8.749192 10.534440 10.636787 14.365580 12.586146 13.527914 -9999.0 -9999.0 -9999.0
-9999.0 -9999.0 -9999.0 -9999.0 -9999.0 -9999.0 -9999.0 -9999.0 7.331661 8.540558 7.118714 8.288364 9.186745 8.843875 7.868674 9.406875 11.068220 11.753386 14.411376 16.206343 21.342539 19.719115 17.366076 17.382204 13.089182 12.734564 10.277743 9.382484 6.753136 9.145837 8.325617 8.832047 9.450816 8.111733 9.468233 10.371806 12.248767 9.942659 7.707002 9.204755 7.345302 5.339100 7.134585 10.201583 12.130182 8.067747 6.283963 9.741716 9.244918 11.164579 14.112300 11.163335 7.573809 10.468421 13.110963 10.320363 10.952466 12.004503 14.444133 17.247461 17.770978 -9999.0 -9999.0
-9999.0 -9999.0 -9999.0 -9999.0 -9999.0 -9999.0 -9999.0 -9999.0 8.506836 11.093233 11.070982 6.704149 11.168127 7.210290 9.449017 8.191467 10.620813 13.681739 14.724045 20.552881 16.728393 20.055408 19.798158 15.830646 18.902832 11.593363 9.822997 7.584146 6.847082 10.196813 9.608595 11.383354 7.433307 7.235749 10.609352 12.180990 1.668521 9.760432 6.767198 7.181848 8.221523 7.783325 9.133832 9.977007 7.144050 9.698828 8.896045 10.234238 7.881669 9.681492 13.719425 12.891143 8.669405 8.288223 12.094437 13.046046 14.174195 15.353732 16.800244 17.528509 17.535184 -9999.0 -9999.0
-9999.0 -9999.0 -9999.0 -9999.0 -9999.0 -9999.0 -9999.0 -9999.0 6.937788 10.381798 9.898255 7.396412 11.783920 9.626495 8.744853 10.327421 13.083588 14.841385 15.891147 14.812821 16.109984 16.752515 20.299258 20.014401 13.273167 10.625651 8.820644 7.008536 12.357863 9.273275 8.522534 8.858760 9.628131 9.987989 7.761611 10.787032 12.144567 10.574244 2.468826 7.816787 9.009845 9.484296 9.838062 10.000575 9.794794 9.402645 10.875951 11.326736 11.273688 10.160628 11.323211 13.958841 13.871497 13.561300 15.083819 15.043928 16.070041 15.287923 16.885354 17.437606 16.088157 13.195046 -9999.0
-9999.0 -9999.0 -9999.0 -9999.0 -9999.0 -9999.0 -9999.0 -9999.0 8.405956 10.543559 6.352329 8.045258 9.019123 9.844202 15.393268 13.909599 15.226294 11.360736 10.214461 12.275734 14.230327 16.491018 16.821994 16.967539 17.860116 10.799051 8.270848 10.356227 11.183556 10.922124 7.769118 10.343495 11.379358 10.460305 1.903927 1.903293 10.108280 11.487732 10.010081 10.178133 8.997812 6.777074 9.667355 9.258903 7.931003 12.023314 9.441000 10.403081 10.443348 12.428230 14.308726 14.365039 14.723510 16.409205 15.895176 16.170652 17.150777 17.245943 17.029520 15.842169 13.822515 12.378993 -9999.0
-9999.0 -9999.0 10.097752 10.838708 7.905043 8.175090 8.620026 7.793498 10.100021 10.195937 6.512659 10.259320 10.027598 12.548159 17.776368 13.162977 9.583743 8.091227 9.286406 10.029101 12.546101 15.315904 16.460825 16.082522 15.378890 12.422099 10.791980 10.042491 11.124616 14.461901 8.805295 9.108135 14.617516 9.963027 11.951830 9.843452 12.943221 12.591990 10.660994 9.062862 11.148383 11.444822 9.863655 11.461749 8.126138 10.284852 12.107470 10.913500 13.729204 15.719720 17.129234 17.526268 17.156762 17.076552 16.837874 20.733651 15.598693 15.881831 14.616563 13.363314 15.257633 11.483615 -9999.0
-9999.0 8.949453 8.815057 8.681330 8.400879 8.907032 8.368978 6.959037 6.499508 9.139402 8.357363 8.991469 11.370672 15.829848 16.148755 9.305435 9.230543 8.229343 9.626769 9.993332 12.765102 13.940156 18.984460 15.458165 19.825957 15.532627 18.590431 18.556114 14.894379 13.498211 13.749785 13.150137 12.693404 16.270742 13.764127 14.749021 15.040583 14.335404 15.121554 14.589632 14.036751 13.911343 13.533154 10.843413 11.132781 12.019269 14.882317 14.538171 17.020056 16.859774 16.692072 16.338114 15.336785 15.249839 15.185272 14.640824 12.673674 12.760520 13.038533 14.013577 10.889141 11.162691 -9999.0
-9999.0 11.460412 9.642032 9.917902 13.582140 9.638965 6.578321 7.251112 10.468976 9.913788 8.619547 8.938282 11.161747 16.337908 9.907656 7.975031 7.675855 8.307944 10.452934 9.989623 13.872906 12.032772 14.135943 15.748551 20.517217 21.312552 15.612979 16.659031 16.169109 15.256357 15.565389 14.967738 14.181499 14.492544 18.078452 16.768541 22.096279 22.763139 16.815106 17.517895 17.084108 15.738813 14.984555 15.021952 15.792622 16.311265 17.607890 17.449330 16.275389 16.285231 15.140906 13.368138 13.072906 13.162226 12.280511 11.351984 10.929677 10.451318 9.817762 9.627549 9.669736 -9999.0 -9999.0
