user2019/resources/simulation/Vinschgau/output-maps/TsL0007N1115.asc
ncols         63
nrows         48
xllcorner     598000.000000
yllcorner     5145000.000000
cellsize      1000.000000
NODATA_value  -9999.0
[rows 0 to 27 of 48, columns 0 to 62 of 63]
-9999.0 -9999.0 -9999.0 -9999.0 -9999.0 -9999.0 -9999.0 -9999.0 -9999.0 -9999.0 -9999.0 -9999.0 -9999.0 -9999.0 -9999.0 -9999.0 -9999.0 -9999.0 -9999.0 -9999.0 -9999.0 -9999.0 -9999.0 -9999.0 -9999.0 -9999.0 -9999.0 -9999.0 -9999.0 -9999.0 -9999.0 -9999.0 -9999.0 -9999.0 -9999.0 -9999.0 -9999.0 -9999.0 -9999.0 -9999.0 -9999.0 -9999.0 -9999.0 -9999.0 -9999.0 -9999.0 -9999.0 -9999.0 -9999.0 -9999.0 -9999.0 -9999.0 -9999.0 -9999.0 -9999.0 -9999.0 -9999.0 -9999.0 -9999.0 -9999.0 -9999.0 -9999.0 -9999.0
-9999.0 -9999.0 -9999.0 -9999.0 -9999.0 -9999.0 -9999.0 -9999.0 -9999.0 -9999.0 -9999.0 -9999.0 -9999.0 -9999.0 -9999.0 -9999.0 -9999.0 -9999.0 -9999.0 -9999.0 -9999.0 -9999.0 -9999.0 -9999.0 -9999.0 -9999.0 -9999.0 -0.034626 -0.103960 -0.011627 -0.920246 -0.408091 -1.138444 -9999.0 -9999.0 -9999.0 -9999.0 -9999.0 -9999.0 -9999.0 -9999.0 -9999.0 -9999.0 -9999.0 -9999.0 -9999.0 -9999.0 -9999.0 -9999.0 -9999.0 -9999.0 -9999.0 -9999.0 -9999.0 -9999.0 -9999.0 -9999.0 -9999.0 -9999.0 -9999.0 -9999.0 -9999.0 -9999.0
-9999.0 -9999.0 -9999.0 -9999.0 -9999.0 -9999.0 -9999.0 -9999.0 -9999.0 -9999.0 -9999.0 -9999.0 -9999.0 -9999.0 -9999.0 -9999.0 -9999.0 -9999.0 -9999.0 -9999.0 -9999.0 -9999.0 -9999.0 -9999.0 -0.070456 -0.060694 -0.069102 -0.059028 -0.112759 -0.167008 -0.509473 -9999.0 -9999.0 -9999.0 -9999.0 -9999.0 -9999.0 -9999.0 -9999.0 -9999.0 -9999.0 -9999.0 -9999.0 -9999.0 -9999.0 -9999.0 -9999.0 -9999.0 -9999.0 -9999.0 -9999.0 -9999.0 -9999.0 -9999.0 -9999.0 -9999.0 -9999.0 -9999.0 -9999.0 -9999.0 -9999.0 -9999.0 -9999.0
-9999.0 -9999.0 -9999.0 -9999.0 -9999.0 -9999.0 -9999.0 -9999.0 -9999.0 -9999.0 -9999.0 -9999.0 -9999.0 -9999.0 -9999.0 -9999.0 -9999.0 -9999.0 -9999.0 -9999.0 -9999.0 -9999.0 -9999.0 -0.050331 -0.042393 2.056609 2.549228 3.194701 2.278747 -0.047673 -0.314217 -0.453263 -9999.0 -9999.0 -9999.0 -9999.0 -9999.0 -9999.0 -9999.0 -9999.0 -9999.0 -9999.0 -9999.0 -9999.0 -9999.0 -9999.0 -9999.0 -9999.0 -9999.0 -9999.0 -9999.0 -9999.0 -9999.0 -9999.0 -9999.0 -9999.0 -9999.0 -9999.0 -9999.0 -9999.0 -9999.0 -9999.0 -9999.0
-9999.0 -9999.0 -9999.0 -9999.0 -9999.0 -9999.0 -9999.0 -9999.0 -9999.0 -9999.0 -9999.0 -9999.0 -9999.0 -9999.0 -9999.0 -9999.0 -9999.0 -9999.0 4.459399 -0.027695 -9999.0 -0.045069 -0.032534 2.090878 2.049840 3.686143 3.055325 3.025191 1.766210 -0.002995 -0.070699 -0.398415 -0.463340 -0.613037 -9999.0 -9999.0 -9999.0 -9999.0 -9999.0 -9999.0 -9999.0 -9999.0 -9999.0 -9999.0 -9999.0 -9999.0 -9999.0 -9999.0 -9999.0 -9999.0 -9999.0 -9999.0 -9999.0 -9999.0 -9999.0 -9999.0 -9999.0 -9999.0 -9999.0 -9999.0 -9999.0 -9999.0 -9999.0
-9999.0 -9999.0 -9999.0 -9999.0 -9999.0 -9999.0 -9999.0 -9999.0 -9999.0 -9999.0 -9999.0 -9999.0 -9999.0 -9999.0 -9999.0 -9999.0 -9999.0 5.042004 3.670036 3.963225 1.598649 -0.002691 -0.002763 1.537914 3.405322 -0.002626 -0.201956 -0.002004 -0.005897 1.278686 -0.030040 -0.068289 -0.018151 -0.026678 -0.594870 -0.746034 -9999.0 -9999.0 -9999.0 -9999.0 -9999.0 -9999.0 -9999.0 -9999.0 -9999.0 -9999.0 -9999.0 -9999.0 -9999.0 -9999.0 -9999.0 -9999.0 -9999.0 -9999.0 -9999.0 -9999.0 -9999.0 -9999.0 -9999.0 -9999.0 -9999.0 -9999.0 -9999.0
-9999.0 -9999.0 -9999.0 -9999.0 -9999.0 -9999.0 -9999.0 -9999.0 -9999.0 -9999.0 -9999.0 -9999.0 -9999.0 1.357726 1.699560 3.269909 4.697209 10.399088 4.746879 3.327685 2.610552 1.891369 2.909048 3.512823 -0.001939 -0.028063 -0.351723 -0.639020 -0.123100 -0.002349 -0.684908 -0.071490 -0.447966 -0.609992 -1.519834 -0.829708 -9999.0 -9999.0 -9999.0 -9999.0 -9999.0 -9999.0 -9999.0 -9999.0 -9999.0 -9999.0 -9999.0 -9999.0 -9999.0 -9999.0 -9999.0 -9999.0 -9999.0 -9999.0 -9999.0 -9999.0 -9999.0 -9999.0 -9999.0 -9999.0 -9999.0 -9999.0 -9999.0
-9999.0 -9999.0 -9999.0 -9999.0 -9999.0 -9999.0 -9999.0 -9999.0 -9999.0 -9999.0 -9999.0 -9999.0 -9999.0 2.632641 3.875663 3.998395 3.900140 8.385478 10.500721 4.602890 3.907895 5.401005 2.270229 0.911026 -0.002150 -0.027797 -0.058791 -0.011489 -0.146008 -1.159473 -1.341814 -0.168509 -0.355457 -5.121007 -0.770569 -9999.0 -9999.0 -9999.0 -9999.0 -9999.0 -9999.0 -9999.0 -9999.0 -9999.0 -9999.0 -9999.0 -9999.0 -9999.0 -9999.0 -9999.0 -9999.0 -9999.0 -9999.0 -9999.0 -9999.0 -9999.0 -9999.0 -9999.0 -9999.0 -9999.0 -9999.0 -9999.0 -9999.0
-9999.0 -9999.0 -9999.0 -9999.0 -9999.0 -9999.0 -9999.0 -9999.0 -9999.0 -9999.0 -9999.0 -9999.0 -9999.0 3.979483 4.106600 5.122173 3.555984 4.342264 10.849770 4.726662 6.059801 2.477051 -0.002650 -0.002616 0.951232 -0.001672 1.005129 -0.258653 -0.351774 -4.474788 -0.253805 -5.597755 -5.675493 -8.135336 -0.950611 -9999.0 -9999.0 -9999.0 -9999.0 -9999.0 -9999.0 -9999.0 -9999.0 -9999.0 -9999.0 -9999.0 -9999.0 -9999.0 -9999.0 -9999.0 -9999.0 -9999.0 -9999.0 -9999.0 -9999.0 -9999.0 -9999.0 -9999.0 -9999.0 -9999.0 -9999.0 -9999.0 -9999.0
-9999.0 -9999.0 -9999.0 -9999.0 -9999.0 -9999.0 -9999.0 -9999.0 -9999.0 -9999.0 -9999.0 -9999.0 2.286300 3.588886 4.678645 2.443339 2.040124 3.851254 9.245835 5.547537 2.453903 -0.002670 -0.137624 -0.033257 -0.779959 -0.060839 -1.928453 -0.461692 -0.645697 -0.538139 -5.345969 -0.501547 -0.846583 -0.842646 -9999.0 -9999.0 -9999.0 -9999.0 -9999.0 -9999.0 -9999.0 -9999.0 -9999.0 -9999.0 -9999.0 -9999.0 -9999.0 -9999.0 -9999.0 -9999.0 -9999.0 -9999.0 -9999.0 -9999.0 -9999.0 -9999.0 -9999.0 -9999.0 -9999.0 -9999.0 -9999.0 -9999.0 -9999.0
-9999.0 -9999.0 -9999.0 -9999.0 -9999.0 -9999.0 -9999.0 -9999.0 -9999.0 -9999.0 -9999.0 -0.001129 3.246792 2.262005 3.971904 4.713862 4.801404 4.079224 8.660752 6.746482 2.665384 1.800349 -0.029634 -0.055888 -0.834864 -0.196114 -0.293512 -0.319259 -0.528788 -0.784791 -0.513154 -0.382597 -0.453901 -0.584488 -0.604400 -0.156421 -0.435261 -0.260765 -0.941323 -9999.0 -9999.0 -9999.0 -0.667122 -9999.0 -9999.0 -9999.0 -9999.0 -9999.0 -9999.0 -9999.0 -9999.0 -9999.0 -9999.0 -9999.0 -9999.0 -9999.0 -9999.0 -9999.0 -9999.0 -9999.0 -9999.0 -9999.0 -9999.0
-9999.0 -9999.0 -9999.0 -9999.0 -9999.0 -9999.0 -9999.0 -9999.0 -9999.0 -9999.0 -9999.0 -0.002048 3.427265 5.149344 5.403053 1.881828 6.823875 4.776770 9.074806 6.313397 5.913801 2.406807 -0.038327 -1.420697 -2.702796 -0.126789 -0.119040 -0.382504 -0.393392 -0.611863 -0.638689 -0.117983 -0.401064 -1.240744 -0.689607 -0.349887 -0.125927 -0.045252 -0.082700 -0.578380 -0.506446 -0.623277 -0.628285 -0.379015 -9999.0 -9999.0 -9999.0 -1.186864 -1.214690 -1.024794 -1.368670 -1.292763 -1.324699 -1.461356 -2.176420 -1.390846 -9999.0 -9999.0 -9999.0 -9999.0 -9999.0 -9999.0 -9999.0
-9999.0 -9999.0 -9999.0 -9999.0 -9999.0 -9999.0 -9999.0 -9999.0 -9999.0 -9999.0 -9999.0 -0.006861 -0.001150 -0.024836 4.294792 4.355872 1.764178 3.853190 7.785910 6.425255 2.005706 -0.005607 -0.592997 -0.061836 -0.094298 -0.018121 -1.586914 -2.381048 -0.082050 -0.622727 -0.153584 -2.834096 -0.218958 -0.660168 -0.467016 -0.271793 -2.010881 -1.628758 0.855507 -0.128216 -0.547489 -0.300862 -0.319005 -0.436639 -0.873150 -9999.0 -0.981112 -1.352321 -0.804613 -0.370943 -0.144157 -0.010046 -0.380563 -0.406868 -0.675723 -0.835418 -9999.0 -9999.0 -9999.0 -9999.0 -9999.0 -9999.0 -9999.0
-9999.0 -9999.0 -9999.0 -9999.0 -9999.0 -9999.0 -9999.0 -9999.0 -9999.0 -9999.0 -9999.0 -9999.0 -0.024293 -0.075039 1.557565 2.032774 0.529047 2.908372 8.327380 6.227640 2.122609 -0.004835 -0.819198 -2.117167 -1.291122 -1.480030 -0.038065 -0.073998 -0.707442 -0.342065 -0.172746 -2.628014 -0.132803 -0.615082 -0.742342 -0.518461 -2.610275 -1.512848 3.044916 -0.007404 -0.082279 0.941440 -2.056557 -0.065289 -0.188003 -0.896274 -0.829898 -0.801952 -3.594180 -2.183812 -0.009139 -2.523696 -2.580225 -3.159630 -3.731314 -0.756435 -0.690536 -9999.0 -9999.0 -9999.0 -9999.0 -9999.0 -9999.0
-9999.0 -9999.0 -9999.0 -9999.0 -9999.0 -9999.0 -9999.0 -9999.0 -9999.0 -9999.0 -9999.0 -0.674384 -0.034035 1.452219 -0.159014 -0.001272 1.199356 2.146774 7.777415 4.121416 2.479157 0.484477 -0.002703 -0.621969 -1.438005 -1.382143 -1.514910 -0.284406 -0.250777 -0.005957 -1.557513 -1.818355 -0.062080 -0.560031 -0.779564 -0.580956 -0.099913 -0.938932 -0.008180 1.166985 -0.258613 -0.028846 -0.499056 -0.385299 -0.032257 -0.282719 -0.494975 -0.004581 0.940475 -0.009658 -2.149550 -0.203945 -3.692811 -3.976379 -4.683251 -5.763896 -0.548708 -9999.0 -9999.0 -9999.0 -9999.0 -9999.0 -9999.0
-9999.0 -9999.0 -9999.0 -9999.0 -9999.0 -9999.0 -9999.0 -9999.0 -9999.0 -9999.0 -0.045834 -0.362829 -0.032736 -0.028349 -0.000830 -0.034049 -0.037365 -0.002500 3.338766 3.764465 4.474352 3.246564 -0.403895 -0.006154 -0.001850 -1.123264 -1.395985 -3.158306 -0.059111 -0.043858 -1.289323 -1.378111 -0.070430 -0.397753 -0.836410 -0.149634 -0.090904 -2.333841 -0.408970 -0.001793 -0.002690 1.679641 5.945352 0.722580 -0.038727 0.029796 -0.074705 -1.951934 -1.236820 -0.001131 -3.683405 -0.941326 -5.107833 -6.363731 -5.835754 -0.379511 -0.403675 -9999.0 -9999.0 -9999.0 -9999.0 -9999.0 -9999.0
-9999.0 -9999.0 -9999.0 -9999.0 -9999.0 -9999.0 -9999.0 -9999.0 -9999.0 -0.105638 -0.068041 -1.511154 -0.407733 -0.229415 -0.350596 -0.291064 -0.035146 3.458933 3.276563 3.865065 4.803982 0.619859 -0.002889 0.280000 -0.001752 -1.133002 -1.451162 -0.030551 -0.381845 -0.090562 -0.000999 -1.332422 -0.097581 -5.303482 -0.487530 -0.158116 -0.144716 -2.743901 -1.436972 -0.694291 -0.992335 -0.395946 -0.357794 1.503952 0.740246 -0.024834 -0.000786 -0.294341 -0.288841 -0.001527 -1.508690 -0.637297 -7.033111 -2.051717 -1.490989 -3.366518 -3.137194 -0.322058 -1.188661 -9999.0 -9999.0 -9999.0 -9999.0
-9999.0 -9999.0 -9999.0 -9999.0 -9999.0 -9999.0 -9999.0 -9999.0 -9999.0 -0.106914 -0.074292 -0.031547 -0.000429 -0.001280 -0.039718 -0.245031 -0.002135 0.535874 3.849981 6.055685 5.476199 5.537807 3.476785 1.633081 -0.747627 -1.095207 -0.278818 -0.001314 0.552165 1.770284 -0.017458 -1.705825 -0.291467 -0.535977 -0.699714 -0.154567 -0.062946 0.862293 -0.081037 -0.060639 -2.328580 -1.310285 -0.134823 0.824974 2.154982 2.140785 1.820566 0.159638 -0.018408 -0.001057 -2.587971 -4.165357 -2.200729 -2.037340 -2.204046 -4.390895 -2.559386 -2.568088 -0.064952 -9999.0 -9999.0 -9999.0 -9999.0
-9999.0 -9999.0 -9999.0 -9999.0 -9999.0 -9999.0 -9999.0 -9999.0 -9999.0 -9999.0 -0.171722 -0.069824 -0.192297 -0.262506 -0.006626 -0.034243 -0.001182 1.713856 4.640668 4.639982 5.465966 2.436780 -0.001846 -0.407379 -0.544128 -0.019111 -0.001200 1.119133 -0.014758 -1.272858 -1.611466 -2.217702 -2.474137 -0.349020 -0.387826 -0.061904 -0.041250 -0.059281 -0.064183 -0.346226 -0.138127 -0.047670 -0.003013 -0.032288 -0.001913 -0.001952 1.124900 3.821498 2.615286 -0.003720 -1.547357 -3.012610 -1.612028 -2.270996 -2.101187 -2.100098 -0.585751 -1.096961 -0.825515 -0.001869 -9999.0 -9999.0 -9999.0
-9999.0 -9999.0 -9999.0 -9999.0 -9999.0 -9999.0 -9999.0 -9999.0 -9999.0 -9999.0 -0.434366 -0.096327 -0.042825 -0.040094 2.809978 -0.003350 -0.002806 2.346740 5.035169 5.706234 3.196479 1.185980 -0.002353 -0.056415 -0.009124 0.679225 1.774122 -0.002073 -0.960509 -2.201203 -0.108117 -0.112002 -3.423913 -0.511262 -0.122745 -0.054243 -1.033676 -0.901852 -2.315748 -0.613385 -0.635300 -0.012863 -2.083161 -0.042334 -0.033418 -0.360726 -0.000951 -0.001929 2.428186 2.276076 -0.013076 -1.388081 -2.931836 -1.559316 -2.810464 -2.190774 -1.007647 -1.343874 0.899850 2.031504 -9999.0 -9999.0 -9999.0
-9999.0 -9999.0 -9999.0 -9999.0 -9999.0 -9999.0 -9999.0 -9999.0 -0.144051 -0.192576 -0.319516 -0.226375 -2.123974 -0.360977 -0.051677 1.382161 2.671470 6.443641 5.601185 6.216054 4.947590 3.828335 2.790938 1.032485 -0.001835 1.720285 3.049876 -0.498240 -1.467343 -2.109220 -4.853204 -0.216537 -0.211175 -0.399293 -0.590883 -0.062610 0.228725 -0.307951 -2.199795 -0.134015 -0.004605 -0.065667 -2.100673 -0.087620 1.026686 -0.030272 -2.026736 -0.250195 -0.001996 2.317005 -0.002692 -1.383283 -3.342054 -4.615721 -1.927136 -0.647436 -0.214471 -0.028404 0.654645 3.844116 -9999.0 -9999.0 -9999.0
-9999.0 -9999.0 -9999.0 -9999.0 -9999.0 -9999.0 -9999.0 -9999.0 -2.448012 -2.508501 -1.631290 -0.233833 -0.069592 -1.562173 -0.607078 -0.001971 1.677869 2.282774 5.360381 6.729789 9.411377 8.287165 7.687948 7.057667 3.153586 3.014013 0.666236 -0.351602 -2.860465 -0.303828 -0.611186 -0.070473 -0.419057 -0.020328 -0.127487 -0.049433 1.525323 -0.035072 -0.393291 -0.063424 -0.143543 -3.720167 -0.012345 -0.053480 -0.045326 -1.452386 -2.602842 -0.061410 -0.226143 1.328769 1.907093 -0.041296 -3.320617 -0.839472 -0.109201 -1.620041 -1.061853 -0.016572 2.640869 5.102398 6.574196 -9999.0 -9999.0
-9999.0 -9999.0 -9999.0 -9999.0 -9999.0 -9999.0 -9999.0 -9999.0 -0.128439 -0.064014 -0.179056 -2.431136 -0.270685 -1.903394 -0.369298 -0.483007 -0.003748 2.706852 5.267098 9.248529 7.193435 8.831816 8.771147 5.702564 6.284021 2.996555 0.131509 -0.911938 -4.142256 -0.153594 -0.007381 -0.070117 -1.453364 -1.572615 -0.047008 -0.001487 -0.026226 1.405859 -0.062963 -1.957676 -0.088461 0.359382 -0.068499 -0.073773 -1.789381 -0.078175 -0.152354 -0.102058 -1.117532 -0.001589 2.350365 -0.002299 -2.266581 -3.147712 -0.882033 -0.395624 1.157228 2.491798 4.794580 5.387586 5.753306 -9999.0 -9999.0
-9999.0 -9999.0 -9999.0 -9999.0 -9999.0 -9999.0 -9999.0 -9999.0 -0.799483 -0.073468 -0.807531 -3.560185 -0.072024 -1.443599 -0.570693 -0.002034 3.829747 5.057555 6.048193 5.524682 6.585815 6.939441 8.453048 7.857966 3.407452 0.822470 -0.002044 -1.650719 -0.037140 -1.859960 -0.789887 -0.529067 -0.010588 -0.299768 -0.140100 0.886459 3.897941 3.841475 0.488265 -0.040693 -0.031883 -0.038494 -0.047268 1.035606 -0.068958 0.133257 -0.057103 0.846304 -0.060885 -0.412016 -0.001784 1.991631 -0.001979 -0.788899 0.434134 1.694297 3.308829 4.367941 5.423663 5.514421 4.595685 2.370007 -9999.0
-9999.0 -9999.0 -9999.0 -9999.0 -9999.0 -9999.0 -9999.0 -9999.0 -1.308598 -0.294233 -1.691273 -1.256101 -0.687046 -0.336803 2.107631 2.227997 4.307311 2.298312 0.574043 2.672346 4.561685 6.304182 6.567918 6.292474 5.393841 -0.003377 -0.768305 -0.010329 -0.001189 -0.082642 -0.320375 -0.000963 2.119229 1.218438 -0.002884 1.241065 2.682890 5.835795 5.297073 2.064893 0.229618 -0.006247 -0.018508 -0.010435 -0.358990 -0.011554 -0.194337 -0.777637 -0.093377 -0.002911 1.511257 1.447175 1.750914 1.841888 2.172428 2.725178 3.439788 4.253103 4.885162 4.656673 3.957356 1.788588 -9999.0
-9999.0 -9999.0 -0.075690 -0.081204 -2.883386 -1.528505 -2.506001 -3.571498 -0.684265 -0.637819 -2.311527 -0.371325 -0.125013 -0.031385 3.416284 1.619544 -0.001779 -0.909800 -0.191292 -0.002161 2.544673 5.227469 5.138202 5.997920 4.356537 1.827718 -0.003338 -0.002908 1.972218 3.179596 -0.002078 0.388342 5.169866 3.135929 3.753674 4.406975 6.822387 8.149561 7.069878 4.393292 4.265648 3.845649 3.560384 2.405748 -0.001784 -0.003307 1.559751 1.233497 2.382743 3.306380 4.207632 3.754471 3.141759 2.678269 2.583944 5.878262 3.226037 3.634353 3.320223 3.238461 4.012985 1.033066 -9999.0
-9999.0 -0.516267 -2.236025 -2.076656 -1.461393 -2.137448 -1.337603 -1.819841 -2.789447 -0.326551 -1.245707 -0.554290 -0.000935 1.360956 2.503483 -0.389583 -1.299373 -1.366285 -1.292498 -0.002166 2.179044 4.056101 5.776227 4.563207 7.212461 4.141034 5.159550 5.212799 4.504062 2.961657 3.000821 3.150563 4.545181 7.516628 7.628019 8.587271 10.588160 11.078175 10.365850 8.477902 8.199228 8.013012 6.976962 4.604904 3.317364 3.708441 4.181476 5.742679 6.454099 5.820062 4.557383 3.755098 3.003804 2.246780 2.174749 1.699288 0.666902 1.014146 1.452617 2.742778 0.318333 0.829496 -9999.0
-9999.0 -0.027937 -0.233127 -0.315062 -0.006850 -0.360694 -2.190729 -2.326929 -0.387280 -0.487426 -1.504504 -0.931121 -0.001881 2.580892 -0.090467 -2.755131 -1.660430 -1.231982 -0.416150 -0.004751 3.130353 1.706352 2.725927 2.769249 6.552387 7.735443 5.322615 6.136289 5.688857 6.250552 6.424246 6.187052 6.459739 7.438015 10.487695 10.643595 15.396480 16.553313 13.392987 12.442918 11.658157 10.514855 9.802304 7.907691 7.820337 7.686081 7.491511 7.072700 6.377049 5.440110 3.742591 1.764180 0.781520 1.253047 0.585380 -0.002422 -0.371755 -0.002726 -0.001814 -0.004046 -0.001942 -9999.0 -9999.0
