user2019/resources/simulation/Vinschgau/output-maps/TsL0001N0579.asc
ncols         63
nrows         48
xllcorner     598000.000000
yllcorner     5145000.000000
cellsize      1000.000000
NODATA_value  -9999.0
[rows 0 to 27 of 48, columns 0 to 62 of 63]
-9999.0 -9999.0 -9999.0 -9999.0 -9999.0 -9999.0 -9999.0 -9999.0 -9999.0 -9999.0 -9999.0 -9999.0 -9999.0 -9999.0 -9999.0 -9999.0 -9999.0 -9999.0 -9999.0 -9999.0 -9999.0 -9999.0 -9999.0 -9999.0 -9999.0 -9999.0 -9999.0 -9999.0 -9999.0 -9999.0 -9999.0 -9999.0 -9999.0 -9999.0 -9999.0 -9999.0 -9999.0 -9999.0 -9999.0 -9999.0 -9999.0 -9999.0 -9999.0 -9999.0 -9999.0 -9999.0 -9999.0 -9999.0 -9999.0 -9999.0 -9999.0 -9999.0 -9999.0 -9999.0 -9999.0 -9999.0 -9999.0 -9999.0 -9999.0 -9999.0 -9999.0 -9999.0 -9999.0
-9999.0 -9999.0 -9999.0 -9999.0 -9999.0 -9999.0 -9999.0 -9999.0 -9999.0 -9999.0 -9999.0 -9999.0 -9999.0 -9999.0 -9999.0 -9999.0 -9999.0 -9999.0 -9999.0 -9999.0 -9999.0 -9999.0 -9999.0 -9999.0 -9999.0 -9999.0 -9999.0 8.844104 7.932612 9.581757 7.110784 6.487449 6.101324 -9999.0 -9999.0 -9999.0 -9999.0 -9999.0 -9999.0 -9999.0 -9999.0 -9999.0 -9999.0 -9999.0 -9999.0 -9999.0 -9999.0 -9999.0 -9999.0 -9999.0 -9999.0 -9999.0 -9999.0 -9999.0 -9999.0 -9999.0 -9999.0 -9999.0 -9999.0 -9999.0 -9999.0 -9999.0 -9999.0
-9999.0 -9999.0 -9999.0 -9999.0 -9999.0 -9999.0 -9999.0 -9999.0 -9999.0 -9999.0 -9999.0 -9999.0 -9999.0 -9999.0 -9999.0 -9999.0 -9999.0 -9999.0 -9999.0 -9999.0 -9999.0 -9999.0 -9999.0 -9999.0 8.273594 8.622871 9.221124 8.596656 9.262735 7.939777 7.082184 -9999.0 -9999.0 -9999.0 -9999.0 -9999.0 -9999.0 -9999.0 -9999.0 -9999.0 -9999.0 -9999.0 -9999.0 -9999.0 -9999.0 -9999.0 -9999.0 -9999.0 -9999.0 -9999.0 -9999.0 -9999.0 -9999.0 -9999.0 -9999.0 -9999.0 -9999.0 -9999.0 -9999.0 -9999.0 -9999.0 -9999.0 -9999.0
-9999.0 -9999.0 -9999.0 -9999.0 -9999.0 -9999.0 -9999.0 -9999.0 -9999.0 -9999.0 -9999.0 -9999.0 -9999.0 -9999.0 -9999.0 -9999.0 -9999.0 -9999.0 -9999.0 -9999.0 -9999.0 -9999.0 -9999.0 8.518159 9.714689 11.405775 11.712370 11.717554 11.821989 9.232475 7.406136 6.871703 -9999.0 -9999.0 -9999.0 -9999.0 -9999.0 -9999.0 -9999.0 -9999.0 -9999.0 -9999.0 -9999.0 -9999.0 -9999.0 -9999.0 -9999.0 -9999.0 -9999.0 -9999.0 -9999.0 -9999.0 -9999.0 -9999.0 -9999.0 -9999.0 -9999.0 -9999.0 -9999.0 -9999.0 -9999.0 -9999.0 -9999.0
-9999.0 -9999.0 -9999.0 -9999.0 -9999.0 -9999.0 -9999.0 -9999.0 -9999.0 -9999.0 -9999.0 -9999.0 -9999.0 -9999.0 -9999.0 -9999.0 -9999.0 -9999.0 11.382617 8.758071 -9999.0 8.549719 9.357174 11.605844 11.791540 13.217256 11.902372 12.158507 13.410409 11.909485 9.061736 7.593872 8.465477 5.702314 -9999.0 -9999.0 -9999.0 -9999.0 -9999.0 -9999.0 -9999.0 -9999.0 -9999.0 -9999.0 -9999.0 -9999.0 -9999.0 -9999.0 -9999.0 -9999.0 -9999.0 -9999.0 -9999.0 -9999.0 -9999.0 -9999.0 -9999.0 -9999.0 -9999.0 -9999.0 -9999.0 -9999.0 -9999.0
-9999.0 -9999.0 -9999.0 -9999.0 -9999.0 -9999.0 -9999.0 -9999.0 -9999.0 -9999.0 -9999.0 -9999.0 -9999.0 -9999.0 -9999.0 -9999.0 -9999.0 13.221138 11.501228 13.118490 10.740423 9.645558 10.748562 11.348627 12.689989 9.952441 8.902759 10.392413 9.100056 11.083314 10.605183 7.847042 7.370260 8.631935 6.182135 3.465870 -9999.0 -9999.0 -9999.0 -9999.0 -9999.0 -9999.0 -9999.0 -9999.0 -9999.0 -9999.0 -9999.0 -9999.0 -9999.0 -9999.0 -9999.0 -9999.0 -9999.0 -9999.0 -9999.0 -9999.0 -9999.0 -9999.0 -9999.0 -9999.0 -9999.0 -9999.0 -9999.0
-9999.0 -9999.0 -9999.0 -9999.0 -9999.0 -9999.0 -9999.0 -9999.0 -9999.0 -9999.0 -9999.0 -9999.0 -9999.0 8.319169 10.625136 10.953550 12.398433 16.002135 12.825236 11.980924 11.929122 12.526758 13.920623 12.557271 9.404037 9.056968 9.141913 0.523643 8.779598 9.709443 9.406863 8.285120 7.078092 6.124573 5.823113 5.074169 -9999.0 -9999.0 -9999.0 -9999.0 -9999.0 -9999.0 -9999.0 -9999.0 -9999.0 -9999.0 -9999.0 -9999.0 -9999.0 -9999.0 -9999.0 -9999.0 -9999.0 -9999.0 -9999.0 -9999.0 -9999.0 -9999.0 -9999.0 -9999.0 -9999.0 -9999.0 -9999.0
-9999.0 -9999.0 -9999.0 -9999.0 -9999.0 -9999.0 -9999.0 -9999.0 -9999.0 -9999.0 -9999.0 -9999.0 -9999.0 8.914988 11.205385 11.260866 10.981539 13.047820 16.178263 13.885857 12.544391 12.614864 11.237372 10.465214 11.504596 10.409089 7.817753 6.205220 7.702495 8.143300 0.492312 6.505031 5.243438 4.697075 4.337970 -9999.0 -9999.0 -9999.0 -9999.0 -9999.0 -9999.0 -9999.0 -9999.0 -9999.0 -9999.0 -9999.0 -9999.0 -9999.0 -9999.0 -9999.0 -9999.0 -9999.0 -9999.0 -9999.0 -9999.0 -9999.0 -9999.0 -9999.0 -9999.0 -9999.0 -9999.0 -9999.0 -9999.0
-9999.0 -9999.0 -9999.0 -9999.0 -9999.0 -9999.0 -9999.0 -9999.0 -9999.0 -9999.0 -9999.0 -9999.0 -9999.0 10.929017 10.462238 11.915251 10.477183 11.594615 15.977681 12.705378 12.041628 12.130638 9.593910 9.061441 11.329077 0.426523 9.750542 7.415337 6.813229 6.422172 5.629098 4.621019 3.870891 2.145329 3.109988 -9999.0 -9999.0 -9999.0 -9999.0 -9999.0 -9999.0 -9999.0 -9999.0 -9999.0 -9999.0 -9999.0 -9999.0 -9999.0 -9999.0 -9999.0 -9999.0 -9999.0 -9999.0 -9999.0 -9999.0 -9999.0 -9999.0 -9999.0 -9999.0 -9999.0 -9999.0 -9999.0 -9999.0
-9999.0 -9999.0 -9999.0 -9999.0 -9999.0 -9999.0 -9999.0 -9999.0 -9999.0 -9999.0 -9999.0 -9999.0 10.145905 9.899438 11.338039 9.994014 8.618478 10.565723 13.301366 13.773295 11.396816 8.889968 0.453691 0.484444 9.389824 7.038717 0.387642 6.913514 7.215679 5.050435 4.290853 7.137441 5.635376 4.822237 -9999.0 -9999.0 -9999.0 -9999.0 -9999.0 -9999.0 -9999.0 -9999.0 -9999.0 -9999.0 -9999.0 -9999.0 -9999.0 -9999.0 -9999.0 -9999.0 -9999.0 -9999.0 -9999.0 -9999.0 -9999.0 -9999.0 -9999.0 -9999.0 -9999.0 -9999.0 -9999.0 -9999.0 -9999.0
-9999.0 -9999.0 -9999.0 -9999.0 -9999.0 -9999.0 -9999.0 -9999.0 -9999.0 -9999.0 -9999.0 6.943492 9.880485 8.896725 9.382373 7.935841 10.376861 10.144006 13.470903 11.252634 10.356555 11.415360 8.941923 7.422170 8.745891 7.087845 6.017886 7.685623 7.220652 5.461448 7.019447 7.264228 5.897012 6.357410 6.943355 8.891018 6.186485 7.648882 8.467585 -9999.0 -9999.0 -9999.0 6.259805 -9999.0 -9999.0 -9999.0 -9999.0 -9999.0 -9999.0 -9999.0 -9999.0 -9999.0 -9999.0 -9999.0 -9999.0 -9999.0 -9999.0 -9999.0 -9999.0 -9999.0 -9999.0 -9999.0 -9999.0
-9999.0 -9999.0 -9999.0 -9999.0 -9999.0 -9999.0 -9999.0 -9999.0 -9999.0 -9999.0 -9999.0 6.676597 9.643146 8.974476 9.909111 6.656009 10.621972 11.437002 13.278223 13.271294 12.360162 10.492142 8.795547 0.324058 6.778135 7.468247 7.521883 7.457584 7.294261 5.610678 7.303379 8.246045 7.037543 6.088601 5.062284 7.073770 9.479021 9.726350 8.008263 7.339255 7.171791 6.384432 7.721074 8.402257 -9999.0 -9999.0 -9999.0 4.360434 5.437745 5.713548 6.896756 7.012579 5.611965 5.427680 4.838702 5.026874 -9999.0 -9999.0 -9999.0 -9999.0 -9999.0 -9999.0 -9999.0
-9999.0 -9999.0 -9999.0 -9999.0 -9999.0 -9999.0 -9999.0 -9999.0 -9999.0 -9999.0 -9999.0 6.855854 7.178835 6.820607 7.686198 7.670932 7.319209 9.224792 13.159434 13.441765 10.219270 9.503145 7.431528 8.482647 7.193671 9.083806 0.408592 7.739073 7.249617 5.641807 7.760286 7.058169 9.111386 6.186989 8.310787 8.502928 9.736223 10.426374 11.124130 10.100408 8.106661 6.415161 8.603715 8.348771 6.756285 -9999.0 4.949592 5.691352 7.461658 8.241197 8.671136 8.694577 8.617279 8.315703 7.549036 6.826511 -9999.0 -9999.0 -9999.0 -9999.0 -9999.0 -9999.0 -9999.0
-9999.0 -9999.0 -9999.0 -9999.0 -9999.0 -9999.0 -9999.0 -9999.0 -9999.0 -9999.0 -9999.0 -9999.0 6.807042 6.303796 8.176219 8.053619 7.057306 9.048522 13.597118 13.710650 10.288062 10.035221 9.389543 8.108604 0.305666 0.422383 9.792919 7.975884 6.867050 7.684685 7.649034 0.405548 9.034308 7.217460 6.037927 6.980564 8.538703 10.440504 13.798368 8.976256 10.289761 11.512427 8.752575 9.860400 9.006524 6.401355 6.976048 6.866443 0.389941 9.149954 10.457360 8.740455 9.303921 0.517355 7.396683 7.453812 7.581515 -9999.0 -9999.0 -9999.0 -9999.0 -9999.0 -9999.0
-9999.0 -9999.0 -9999.0 -9999.0 -9999.0 -9999.0 -9999.0 -9999.0 -9999.0 -9999.0 -9999.0 0.832848 6.646846 7.212113 6.961895 7.038402 8.413985 9.172928 13.604354 12.083307 10.841013 9.885077 9.502169 0.490593 0.451055 9.244345 8.312479 6.878944 7.231196 9.152324 0.409022 8.669018 10.304754 7.221298 4.893452 6.834969 6.821512 9.357427 11.113145 11.824523 9.338079 10.521593 10.407090 10.742567 10.736601 7.578744 7.545815 10.152319 10.324476 10.736161 7.214823 7.744614 6.358839 0.320101 5.095443 7.235823 6.978380 -9999.0 -9999.0 -9999.0 -9999.0 -9999.0 -9999.0
-9999.0 -9999.0 -9999.0 -9999.0 -9999.0 -9999.0 -9999.0 -9999.0 -9999.0 -9999.0 8.281371 6.594963 8.128432 7.929611 9.061248 8.453309 8.319868 8.391528 11.458322 12.283199 13.931187 12.867256 8.453080 10.816578 10.265358 9.400742 0.358860 5.013170 9.056547 9.776251 9.285031 8.932744 9.243743 6.860989 5.635460 8.220176 8.170811 8.791098 9.446199 11.846537 11.740611 11.884185 14.719083 10.942716 9.790493 10.218576 8.781272 9.477868 10.142636 10.856859 6.868733 5.797153 4.696770 4.750029 6.387463 7.767343 8.006440 -9999.0 -9999.0 -9999.0 -9999.0 -9999.0 -9999.0
-9999.0 -9999.0 -9999.0 -9999.0 -9999.0 -9999.0 -9999.0 -9999.0 -9999.0 6.074007 7.462488 0.454273 8.220917 7.203959 0.463720 0.478581 6.997428 11.126426 11.691642 12.703021 14.304881 10.335227 10.267387 11.301789 10.526367 7.752200 6.600339 9.950568 9.892404 10.512752 10.835840 1.039671 7.797940 5.682494 6.434519 8.007662 8.491300 7.209653 0.496941 9.130226 9.681883 8.590883 8.498696 11.431456 10.963627 10.045632 11.792549 9.268142 9.481314 11.739225 0.551220 6.556453 3.728995 6.385968 6.949958 7.167532 8.011478 10.629645 9.414999 -9999.0 -9999.0 -9999.0 -9999.0
-9999.0 -9999.0 -9999.0 -9999.0 -9999.0 -9999.0 -9999.0 -9999.0 -9999.0 6.267376 6.219821 7.412943 10.298579 9.401082 8.347305 7.482992 10.450070 10.557434 12.515228 14.676456 14.655491 14.132251 13.061856 12.423092 8.030909 0.371187 9.107855 10.399406 11.582621 11.755053 10.533557 1.046414 6.806243 6.143638 7.261074 8.788944 9.086351 10.302356 7.073250 9.567550 8.007134 0.323343 8.813406 10.849691 12.016393 12.434129 12.422154 11.491411 11.067887 11.779055 7.430742 4.850111 6.372236 5.509395 7.172771 0.354360 0.628992 0.555151 11.903254 -9999.0 -9999.0 -9999.0 -9999.0
-9999.0 -9999.0 -9999.0 -9999.0 -9999.0 -9999.0 -9999.0 -9999.0 -9999.0 -9999.0 6.366464 7.809548 8.532260 9.476324 10.147455 9.208644 9.844185 11.650587 13.455234 14.039078 14.680628 11.865039 9.918850 8.968791 0.378878 10.152008 11.371072 12.113997 10.596238 1.030322 0.992603 7.889270 0.208296 6.207415 7.653412 8.518767 9.203035 9.807391 8.935805 7.017375 6.103133 9.368522 10.129972 9.294877 9.899680 10.208619 11.296408 13.669188 13.573453 12.193476 8.798218 8.739857 7.987077 6.586752 6.025294 7.187035 9.115572 11.905076 12.231293 12.361944 -9999.0 -9999.0 -9999.0
-9999.0 -9999.0 -9999.0 -9999.0 -9999.0 -9999.0 -9999.0 -9999.0 -9999.0 -9999.0 6.059349 7.055279 8.405178 9.134133 13.284370 10.038466 9.923995 11.809067 14.321241 14.626057 12.728359 11.096749 9.865202 9.512415 10.072023 11.748570 12.738624 10.216748 7.671274 0.256420 6.911407 7.941007 0.288578 5.512053 6.827190 8.081554 9.079505 9.128561 6.253213 6.396290 7.433915 8.622392 0.446384 8.408146 9.640910 8.954586 9.862394 10.695731 13.065842 14.085283 12.270596 0.535278 7.310541 7.222054 8.369226 9.017565 7.939245 11.079320 14.247791 14.830051 -9999.0 -9999.0 -9999.0
-9999.0 -9999.0 -9999.0 -9999.0 -9999.0 -9999.0 -9999.0 -9999.0 8.643961 7.762795 7.073028 7.593872 0.481924 0.502163 8.994038 11.539971 12.175125 14.858826 14.834664 14.946838 14.359422 13.331919 12.468916 10.824998 11.364421 12.169058 13.522382 8.342882 0.414446 0.263319 5.476967 6.168284 7.119431 5.745042 6.268460 6.191237 9.800399 9.327107 5.373006 7.527538 5.855279 7.635643 5.866466 7.385509 10.418169 9.939587 1.558429 9.106746 11.322819 14.048717 12.804756 10.866147 8.562793 0.554194 9.639837 10.005509 11.812607 12.725816 14.102774 15.791179 -9999.0 -9999.0 -9999.0
-9999.0 -9999.0 -9999.0 -9999.0 -9999.0 -9999.0 -9999.0 -9999.0 0.454555 0.440699 0.340149 6.613353 7.699034 0.607472 8.493969 10.318334 11.417343 11.927369 14.595523 15.474851 17.225857 17.037471 15.396839 14.152041 12.807371 12.909598 10.971516 9.257455 6.360710 7.461265 6.687830 8.368286 6.735163 7.784910 6.671402 8.124758 9.789329 9.679929 0.388968 7.630649 6.312003 5.360701 7.294590 8.426967 9.276353 7.668429 6.339186 8.899428 10.549093 13.282736 14.731582 11.906933 1.290547 9.844994 11.838687 11.682109 12.143026 13.463890 15.897920 17.591664 17.941700 -9999.0 -9999.0
-9999.0 -9999.0 -9999.0 -9999.0 -9999.0 -9999.0 -9999.0 -9999.0 7.050622 8.817166 9.679877 4.993351 8.313459 0.398046 0.485388 8.943960 10.741409 12.694578 14.757918 16.662888 15.970557 17.657688 17.284322 14.786432 15.741727 12.674270 10.838928 7.840467 0.291303 8.134780 8.691319 8.395589 6.133473 6.369420 7.467492 9.236719 1.133938 10.295985 1.490957 6.480853 6.010864 7.418973 7.204223 7.679887 6.587038 7.948555 9.027064 8.755613 7.952938 12.069765 15.047220 14.016821 10.484103 10.110504 13.701913 14.115632 15.602450 16.271567 17.492641 17.703686 17.767857 -9999.0 -9999.0
-9999.0 -9999.0 -9999.0 -9999.0 -9999.0 -9999.0 -9999.0 -9999.0 5.662650 8.926331 9.310487 1.375551 8.356894 8.663320 9.515357 11.148991 13.551900 14.813443 14.722844 15.066319 15.519281 15.990013 17.407690 16.732194 13.425446 11.432958 9.575553 0.991584 9.987468 8.994422 0.423965 8.498236 9.537103 9.562715 0.363521 8.665093 10.127988 10.893048 1.100290 6.840745 7.291110 7.727652 7.848718 9.818773 7.754984 9.575028 9.352346 11.094952 9.706431 10.982099 13.075019 15.841806 15.041244 14.135775 16.226330 16.542972 17.196848 17.081949 17.682446 17.717596 16.478233 14.539730 -9999.0
-9999.0 -9999.0 -9999.0 -9999.0 -9999.0 -9999.0 -9999.0 -9999.0 5.979746 8.667165 0.579082 8.475085 9.692306 10.507709 14.066271 13.608727 14.350187 12.460450 11.187183 12.614816 14.420791 15.751840 15.950538 15.902882 14.935579 10.973354 8.599611 10.281172 11.089977 10.645661 8.609123 10.337153 11.472909 10.174073 0.465050 0.477788 10.406634 11.821463 11.063462 9.511013 8.927743 0.568230 9.650711 9.250976 7.465949 10.093380 10.007269 11.025234 11.115300 13.470361 15.232333 15.588491 16.643467 17.418424 17.796547 17.792756 18.129337 17.887712 17.527937 16.594288 15.478557 13.756311 -9999.0
-9999.0 -9999.0 8.359928 8.680940 6.605719 7.154719 7.899721 6.518356 7.572367 7.996887 0.508551 10.553088 10.618078 12.652112 15.427227 13.097306 10.898265 8.790007 9.491890 11.001655 12.788264 15.336835 15.755545 15.885840 14.516030 12.257786 10.893357 10.828007 12.100450 13.722512 9.545531 9.983341 13.075785 10.879693 12.079406 10.697516 13.036257 12.931003 11.676268 9.830080 11.402991 11.543042 11.235972 11.732355 9.420894 10.877350 12.506303 12.233598 14.299052 15.678363 16.984261 17.688349 18.094770 18.279963 18.289696 19.446721 17.299763 17.080123 16.035722 15.163031 15.361834 12.848527 -9999.0
-9999.0 8.424941 8.388925 8.216734 7.203775 8.090103 7.752635 1.895338 4.922307 7.000532 0.564931 9.412479 11.830168 14.127869 14.749851 10.149855 9.011035 0.407406 8.901813 10.960102 12.969615 14.458168 16.846670 15.438936 16.709247 14.381656 14.937860 15.044445 14.138858 13.117299 12.552357 12.222537 12.483991 14.320662 14.071978 14.547165 15.308939 14.698077 15.233785 14.238132 14.032097 14.264548 13.510019 12.043677 11.588348 12.425393 14.235797 15.180284 16.485615 17.257406 17.033206 17.283143 16.976708 16.990724 17.056605 16.363721 15.126684 14.835230 14.478570 14.530534 12.527136 12.506464 -9999.0
-9999.0 10.029718 9.305917 9.618885 11.457224 8.891708 6.664110 5.067769 7.779891 7.983041 7.801389 9.373780 12.147975 14.894565 10.780218 7.941681 0.647143 0.379608 10.078341 10.957697 14.222733 13.593353 14.759323 15.597083 16.624605 16.695657 15.385266 15.349927 15.264370 15.125424 15.148826 14.350629 13.733366 14.678634 16.676569 16.017939 17.882962 18.443406 17.221192 16.625586 16.405121 16.140413 14.888226 14.848962 15.422066 15.934405 16.286894 16.756548 16.450823 16.653556 15.899667 15.013040 14.965650 15.813502 15.227323 13.465110 13.647540 12.595021 12.357126 11.488225 11.427440 -9999.0 -9999.0
