user2019/resources/simulation/Vinschgau/output-maps/TsL0005N0569.asc
ncols         63
nrows         48
xllcorner     598000.000000
yllcorner     5145000.000000
cellsize      1000.000000
NODATA_value  -9999.0
[rows 0 to 27 of 48, columns 0 to 62 of 63]
-9999.0 -9999.0 -9999.0 -9999.0 -9999.0 -9999.0 -9999.0 -9999.0 -9999.0 -9999.0 -9999.0 -9999.0 -9999.0 -9999.0 -9999.0 -9999.0 -9999.0 -9999.0 -9999.0 -9999.0 -9999.0 -9999.0 -9999.0 -9999.0 -9999.0 -9999.0 -9999.0 -9999.0 -9999.0 -9999.0 -9999.0 -9999.0 -9999.0 -9999.0 -9999.0 -9999.0 -9999.0 -9999.0 -9999.0 -9999.0 -9999.0 -9999.0 -9999.0 -9999.0 -9999.0 -9999.0 -9999.0 -9999.0 -9999.0 -9999.0 -9999.0 -9999.0 -9999.0 -9999.0 -9999.0 -9999.0 -9999.0 -9999.0 -9999.0 -9999.0 -9999.0 -9999.0 -9999.0
-9999.0 -9999.0 -9999.0 -9999.0 -9999.0 -9999.0 -9999.0 -9999.0 -9999.0 -9999.0 -9999.0 -9999.0 -9999.0 -9999.0 -9999.0 -9999.0 -9999.0 -9999.0 -9999.0 -9999.0 -9999.0 -9999.0 -9999.0 -9999.0 -9999.0 -9999.0 -9999.0 9.427516 10.023724 7.349581 8.523097 9.093727 7.713076 -9999.0 -9999.0 -9999.0 -9999.0 -9999.0 -9999.0 -9999.0 -9999.0 -9999.0 -9999.0 -9999.0 -9999.0 -9999.0 -9999.0 -9999.0 -9999.0 -9999.0 -9999.0 -9999.0 -9999.0 -9999.0 -9999.0 -9999.0 -9999.0 -9999.0 -9999.0 -9999.0 -9999.0 -9999.0 -9999.0
-9999.0 -9999.0 -9999.0 -9999.0 -9999.0 -9999.0 -9999.0 -9999.0 -9999.0 -9999.0 -9999.0 -9999.0 -9999.0 -9999.0 -9999.0 -9999.0 -9999.0 -9999.0 -9999.0 -9999.0 -9999.0 -9999.0 -9999.0 -9999.0 9.878229 10.595815 11.609952 10.607635 11.141958 9.718924 9.612958 -9999.0 -9999.0 -9999.0 -9999.0 -9999.0 -9999.0 -9999.0 -9999.0 -9999.0 -9999.0 -9999.0 -9999.0 -9999.0 -9999.0 -9999.0 -9999.0 -9999.0 -9999.0 -9999.0 -9999.0 -9999.0 -9999.0 -9999.0 -9999.0 -9999.0 -9999.0 -9999.0 -9999.0 -9999.0 -9999.0 -9999.0 -9999.0
-9999.0 -9999.0 -9999.0 -9999.0 -9999.0 -9999.0 -9999.0 -9999.0 -9999.0 -9999.0 -9999.0 -9999.0 -9999.0 -9999.0 -9999.0 -9999.0 -9999.0 -9999.0 -9999.0 -9999.0 -9999.0 -9999.0 -9999.0 10.434971 12.040875 10.880501 11.326138 11.396857 11.159333 11.474751 10.195256 9.730992 -9999.0 -9999.0 -9999.0 -9999.0 -9999.0 -9999.0 -9999.0 -9999.0 -9999.0 -9999.0 -9999.0 -9999.0 -9999.0 -9999.0 -9999.0 -9999.0 -9999.0 -9999.0 -9999.0 -9999.0 -9999.0 -9999.0 -9999.0 -9999.0 -9999.0 -9999.0 -9999.0 -9999.0 -9999.0 -9999.0 -9999.0
-9999.0 -9999.0 -9999.0 -9999.0 -9999.0 -9999.0 -9999.0 -9999.0 -9999.0 -9999.0 -9999.0 -9999.0 -9999.0 -9999.0 -9999.0 -9999.0 -9999.0 -9999.0 13.471639 10.278447 -9999.0 10.150033 11.608746 11.011003 11.405658 12.829960 13.605523 13.705551 12.939378 11.506382 10.742325 9.756927 7.719040 6.778087 -9999.0 -9999.0 -9999.0 -9999.0 -9999.0 -9999.0 -9999.0 -9999.0 -9999.0 -9999.0 -9999.0 -9999.0 -9999.0 -9999.0 -9999.0 -9999.0 -9999.0 -9999.0 -9999.0 -9999.0 -9999.0 -9999.0 -9999.0 -9999.0 -9999.0 -9999.0 -9999.0 -9999.0 -9999.0
-9999.0 -9999.0 -9999.0 -9999.0 -9999.0 -9999.0 -9999.0 -9999.0 -9999.0 -9999.0 -9999.0 -9999.0 -9999.0 -9999.0 -9999.0 -9999.0 -9999.0 11.042949 9.339182 10.497593 9.540684 8.033270 10.167018 11.156011 15.186157 8.365897 7.205423 9.587477 7.441486 10.273714 11.191103 9.370934 7.663671 7.670888 6.836457 5.371652 -9999.0 -9999.0 -9999.0 -9999.0 -9999.0 -9999.0 -9999.0 -9999.0 -9999.0 -9999.0 -9999.0 -9999.0 -9999.0 -9999.0 -9999.0 -9999.0 -9999.0 -9999.0 -9999.0 -9999.0 -9999.0 -9999.0 -9999.0 -9999.0 -9999.0 -9999.0 -9999.0
-9999.0 -9999.0 -9999.0 -9999.0 -9999.0 -9999.0 -9999.0 -9999.0 -9999.0 -9999.0 -9999.0 -9999.0 -9999.0 9.781804 9.482202 8.729597 10.172980 17.785702 10.780827 11.116960 11.239797 12.063833 13.137465 15.067384 7.909712 10.666365 2.176088 1.119551 3.023180 7.900368 8.224178 9.295397 8.236928 7.308431 6.986615 5.650573 -9999.0 -9999.0 -9999.0 -9999.0 -9999.0 -9999.0 -9999.0 -9999.0 -9999.0 -9999.0 -9999.0 -9999.0 -9999.0 -9999.0 -9999.0 -9999.0 -9999.0 -9999.0 -9999.0 -9999.0 -9999.0 -9999.0 -9999.0 -9999.0 -9999.0 -9999.0 -9999.0
-9999.0 -9999.0 -9999.0 -9999.0 -9999.0 -9999.0 -9999.0 -9999.0 -9999.0 -9999.0 -9999.0 -9999.0 -9999.0 10.563651 10.125479 8.865387 8.644905 15.389354 17.967480 13.215627 10.468616 13.605784 9.302552 8.674138 10.721191 9.550584 9.786333 7.134820 8.496347 1.728730 0.958141 7.470866 6.620503 5.613267 5.878870 -9999.0 -9999.0 -9999.0 -9999.0 -9999.0 -9999.0 -9999.0 -9999.0 -9999.0 -9999.0 -9999.0 -9999.0 -9999.0 -9999.0 -9999.0 -9999.0 -9999.0 -9999.0 -9999.0 -9999.0 -9999.0 -9999.0 -9999.0 -9999.0 -9999.0 -9999.0 -9999.0 -9999.0
-9999.0 -9999.0 -9999.0 -9999.0 -9999.0 -9999.0 -9999.0 -9999.0 -9999.0 -9999.0 -9999.0 -9999.0 -9999.0 9.721041 11.065269 10.683695 7.939967 9.246228 17.647276 10.500351 14.012367 10.783084 7.687107 7.269800 10.501138 1.778238 8.057506 7.344224 10.013762 6.762782 7.606545 4.977722 4.919391 2.608109 4.934762 -9999.0 -9999.0 -9999.0 -9999.0 -9999.0 -9999.0 -9999.0 -9999.0 -9999.0 -9999.0 -9999.0 -9999.0 -9999.0 -9999.0 -9999.0 -9999.0 -9999.0 -9999.0 -9999.0 -9999.0 -9999.0 -9999.0 -9999.0 -9999.0 -9999.0 -9999.0 -9999.0 -9999.0
-9999.0 -9999.0 -9999.0 -9999.0 -9999.0 -9999.0 -9999.0 -9999.0 -9999.0 -9999.0 -9999.0 -9999.0 8.661355 10.527250 10.035870 8.546146 6.088527 8.191182 15.735500 10.950998 10.644300 1.834750 1.162854 2.583260 8.432137 8.789204 1.975523 9.617420 8.471676 6.639519 7.051946 7.330589 8.122731 5.340408 -9999.0 -9999.0 -9999.0 -9999.0 -9999.0 -9999.0 -9999.0 -9999.0 -9999.0 -9999.0 -9999.0 -9999.0 -9999.0 -9999.0 -9999.0 -9999.0 -9999.0 -9999.0 -9999.0 -9999.0 -9999.0 -9999.0 -9999.0 -9999.0 -9999.0 -9999.0 -9999.0 -9999.0 -9999.0
-9999.0 -9999.0 -9999.0 -9999.0 -9999.0 -9999.0 -9999.0 -9999.0 -9999.0 -9999.0 -9999.0 8.214071 7.944404 7.444797 7.447251 8.431644 6.421344 7.522365 15.720077 9.740004 8.312932 10.603632 9.761927 9.394941 7.192555 8.365469 8.402440 9.414168 8.393272 5.920598 7.633905 8.684824 7.651373 6.924298 7.644493 10.050320 10.587028 10.633404 10.659255 -9999.0 -9999.0 -9999.0 8.745654 -9999.0 -9999.0 -9999.0 -9999.0 -9999.0 -9999.0 -9999.0 -9999.0 -9999.0 -9999.0 -9999.0 -9999.0 -9999.0 -9999.0 -9999.0 -9999.0 -9999.0 -9999.0 -9999.0 -9999.0
-9999.0 -9999.0 -9999.0 -9999.0 -9999.0 -9999.0 -9999.0 -9999.0 -9999.0 -9999.0 -9999.0 7.401670 7.564797 7.326573 7.833115 7.427932 9.019725 8.582650 15.553003 14.341028 13.772264 11.441108 9.707254 3.235261 1.220515 8.825294 10.015790 9.041000 7.369317 6.595599 8.495675 9.787993 10.161305 8.924719 8.830791 9.430432 12.693931 12.641550 11.856435 9.567021 9.643556 8.773950 9.761280 9.336010 -9999.0 -9999.0 -9999.0 6.638550 7.523860 7.034235 8.436393 6.893249 6.774995 7.551553 7.784954 5.774103 -9999.0 -9999.0 -9999.0 -9999.0 -9999.0 -9999.0 -9999.0
-9999.0 -9999.0 -9999.0 -9999.0 -9999.0 -9999.0 -9999.0 -9999.0 -9999.0 -9999.0 -9999.0 7.971276 8.380000 4.858885 8.307370 7.927838 4.978374 5.670661 14.120263 14.939342 7.949145 8.072198 1.252920 8.984796 8.602205 9.444864 1.031324 6.541667 7.466233 8.841049 8.188655 2.480438 11.114970 9.123649 9.719828 11.249757 9.224606 10.128010 14.450247 9.280684 10.949341 10.270416 10.514067 9.618461 9.203664 -9999.0 5.358427 8.198810 8.760899 9.718667 10.164014 9.453226 9.592766 8.947207 8.835374 9.027582 -9999.0 -9999.0 -9999.0 -9999.0 -9999.0 -9999.0 -9999.0
-9999.0 -9999.0 -9999.0 -9999.0 -9999.0 -9999.0 -9999.0 -9999.0 -9999.0 -9999.0 -9999.0 -9999.0 7.893942 4.286186 9.180454 8.268062 4.046596 6.297066 15.222889 15.203820 8.121373 8.636268 8.488754 6.803702 3.113839 0.661005 11.695455 8.386198 8.544567 8.390678 9.814925 0.972291 10.992784 10.083846 9.448242 9.797464 7.961885 10.227851 18.668908 11.059798 13.234266 11.376308 7.778376 11.908055 8.483133 8.497026 6.792417 8.250234 1.153041 7.909635 9.335520 7.192036 8.151290 0.428525 2.258109 8.563713 8.902227 -9999.0 -9999.0 -9999.0 -9999.0 -9999.0 -9999.0
-9999.0 -9999.0 -9999.0 -9999.0 -9999.0 -9999.0 -9999.0 -9999.0 -9999.0 -9999.0 -9999.0 3.428239 8.011570 8.310418 5.135310 5.251596 6.673076 6.138569 15.496838 9.951410 8.743006 7.535215 8.400353 0.833422 1.294684 8.366308 7.355791 9.187545 10.192546 8.614219 1.114292 7.673236 12.326112 9.707162 8.594591 9.236506 9.524882 8.962475 10.619607 14.742715 8.608781 9.651783 9.392138 9.120061 12.366377 9.516814 8.696689 7.375537 8.881668 9.325552 2.091239 8.051882 2.466212 2.409302 2.353340 6.801722 7.944885 -9999.0 -9999.0 -9999.0 -9999.0 -9999.0 -9999.0
-9999.0 -9999.0 -9999.0 -9999.0 -9999.0 -9999.0 -9999.0 -9999.0 -9999.0 -9999.0 9.780095 0.721104 8.973749 9.232937 11.051019 7.282212 6.966325 6.108399 9.328978 10.288597 15.387286 13.399044 6.585956 13.318183 9.471181 8.329304 2.901779 2.058817 10.988468 11.975795 8.344342 7.777129 9.821470 8.226144 7.786156 9.267078 10.822777 8.221345 7.527310 11.101090 10.937672 10.203830 15.564584 8.720175 8.506116 9.493715 9.590614 7.874260 8.792348 9.470364 3.688632 7.097295 1.798190 5.599428 6.515969 9.228775 9.198146 -9999.0 -9999.0 -9999.0 -9999.0 -9999.0 -9999.0
-9999.0 -9999.0 -9999.0 -9999.0 -9999.0 -9999.0 -9999.0 -9999.0 -9999.0 8.346580 9.224245 0.671866 7.161725 4.564189 0.703705 0.851288 1.200565 13.400420 9.650089 10.792323 15.985802 8.691664 8.505341 10.816627 9.609286 5.635360 3.037485 12.155633 9.112899 9.748094 10.012390 0.622313 8.020964 6.410604 8.710984 9.464699 9.889898 1.182752 1.710257 7.903308 7.457194 6.227147 6.109602 9.309704 8.783508 8.910935 14.118441 8.114791 8.434182 10.418023 0.557374 7.541511 1.709386 5.677677 7.471173 3.156391 1.668747 8.100947 8.073092 -9999.0 -9999.0 -9999.0 -9999.0
-9999.0 -9999.0 -9999.0 -9999.0 -9999.0 -9999.0 -9999.0 -9999.0 -9999.0 8.126978 8.128215 9.172053 12.065178 8.519653 6.286994 1.544234 12.806636 9.682943 10.553191 17.040321 17.011625 16.674734 14.346636 13.385917 5.164810 1.267361 7.898690 9.776796 10.970552 12.724670 11.310147 0.750092 8.397228 9.043362 8.997673 10.762924 10.358605 10.324145 9.131440 11.049048 6.466706 2.974369 7.871711 9.612325 9.771039 11.692506 11.590294 10.722746 10.130603 10.306129 1.978693 2.266590 6.101948 8.029766 7.656413 2.653581 0.861910 0.415605 9.419766 -9999.0 -9999.0 -9999.0 -9999.0
-9999.0 -9999.0 -9999.0 -9999.0 -9999.0 -9999.0 -9999.0 -9999.0 -9999.0 -9999.0 8.836687 9.570881 7.558684 7.532844 9.404123 8.320508 8.961017 10.908204 11.501512 13.484004 16.488379 10.015525 7.943697 5.856283 1.245018 9.657583 10.909978 11.536978 11.441486 0.535309 0.928365 6.383421 2.489335 8.348516 8.951387 10.417720 11.453915 11.860426 9.995122 8.651208 8.169362 11.365980 11.017544 7.826068 7.492428 7.913740 9.018133 14.581347 12.646124 10.516782 6.496035 7.311182 7.519506 6.710590 7.722243 8.799668 10.266831 10.568480 10.981936 11.270964 -9999.0 -9999.0 -9999.0
-9999.0 -9999.0 -9999.0 -9999.0 -9999.0 -9999.0 -9999.0 -9999.0 -9999.0 -9999.0 8.505591 8.914777 9.971871 8.190597 15.042636 8.423596 8.194764 10.089775 12.405538 13.920262 11.007522 9.406058 7.972848 8.648734 9.544044 11.453245 12.377041 8.428070 5.135826 2.278873 8.824136 9.738196 3.315184 8.500170 9.275834 9.185886 8.067704 7.985175 3.334420 8.667831 8.812420 8.872676 1.238302 9.676960 10.832484 6.476668 8.428419 8.065814 10.335965 12.898450 10.816473 0.456634 3.159249 8.214463 6.887941 8.165150 8.651072 9.358339 11.574101 13.465666 -9999.0 -9999.0 -9999.0
-9999.0 -9999.0 -9999.0 -9999.0 -9999.0 -9999.0 -9999.0 -9999.0 10.110916 10.030362 9.753186 9.476104 0.813102 0.857393 7.098022 10.077383 10.629647 17.301333 14.337975 14.434476 12.593140 11.635208 10.808239 9.313982 11.082775 11.161208 14.023681 6.785181 1.127349 2.427801 7.535621 8.235541 8.799065 8.980741 8.643451 8.301039 11.493865 7.976027 2.860540 7.901640 7.232387 8.890993 2.976791 7.531779 9.189541 11.056700 1.300518 7.756661 8.588484 12.713373 11.321147 8.392024 0.707274 2.590148 8.742178 9.979885 9.165467 13.687740 12.645455 13.162677 -9999.0 -9999.0 -9999.0
-9999.0 -9999.0 -9999.0 -9999.0 -9999.0 -9999.0 -9999.0 -9999.0 0.390270 0.656514 0.843371 9.321151 10.174621 1.289248 6.953247 8.758307 9.825722 10.283391 12.826048 14.994436 20.840389 19.769618 18.040540 17.050456 11.496637 11.604026 9.443320 8.534858 1.762545 10.076890 9.898488 9.067214 8.914559 8.451655 8.844568 9.646971 11.441563 8.655169 1.690304 9.134296 8.083832 6.661554 7.565675 8.897431 10.760000 2.405882 2.863067 9.387412 8.788673 10.487285 13.369312 10.554761 0.381772 10.167922 12.409694 9.859446 10.565594 11.701300 14.443853 16.421474 16.950792 -9999.0 -9999.0
-9999.0 -9999.0 -9999.0 -9999.0 -9999.0 -9999.0 -9999.0 -9999.0 8.826748 11.023620 10.734521 1.826109 10.746563 0.386990 0.938027 7.566492 9.385728 12.525228 13.180274 20.255767 15.618713 20.321672 20.360705 14.828908 18.537350 11.091521 8.818055 5.263374 1.287306 10.296969 9.285208 10.541901 2.760553 4.051384 9.173314 11.094384 1.289557 8.483066 1.395911 2.953708 8.759952 7.883009 8.830925 9.057392 3.059852 8.670777 8.692445 9.452977 1.844888 9.320560 12.602866 12.434498 7.132154 6.448576 11.988434 12.638747 13.592100 14.367006 16.115240 15.746593 16.627463 -9999.0 -9999.0
-9999.0 -9999.0 -9999.0 -9999.0 -9999.0 -9999.0 -9999.0 -9999.0 7.418306 10.699437 9.032791 0.541949 11.135734 7.592577 8.356139 9.927148 12.217836 13.525291 16.213835 13.475283 15.174628 15.762953 20.755473 20.333420 12.102046 9.788378 7.820395 0.867740 12.445029 8.379405 1.065076 7.130611 8.739079 8.765547 3.574243 10.685034 12.432664 9.116181 1.300819 3.474079 9.489045 9.145880 9.143493 8.717158 10.077586 8.349828 9.928680 9.109929 11.520784 9.843585 10.541076 13.318101 13.453007 12.600932 14.214256 14.815437 15.523531 14.330682 15.113460 16.468484 15.121917 11.921894 -9999.0
-9999.0 -9999.0 -9999.0 -9999.0 -9999.0 -9999.0 -9999.0 -9999.0 9.538371 10.396105 1.321682 7.834814 8.807518 9.402250 15.958682 13.636869 15.763581 11.015311 9.647611 11.072087 12.941986 15.576162 15.892368 16.035685 17.744477 9.400999 7.071963 9.689206 10.540084 9.920844 6.972524 9.276410 10.671796 9.369041 1.535909 1.642981 9.527564 10.152373 9.329932 8.612237 7.850260 0.722207 8.776801 8.165899 3.658316 11.587940 8.626714 9.791679 10.008816 12.189042 13.990891 13.169765 13.961995 15.968989 16.001828 16.062844 16.672610 16.508856 16.106883 15.113602 12.663445 10.937476 -9999.0
-9999.0 -9999.0 10.489645 11.174504 0.722145 0.746290 7.657859 1.001984 9.802945 10.159287 1.137346 9.729283 9.842028 12.381044 17.924189 12.744628 9.633358 7.433426 8.826569 9.434942 11.390329 13.943199 15.490304 14.779840 14.347000 11.059361 9.467746 9.380389 10.578374 15.146088 7.956487 8.318182 14.122923 8.878886 11.194659 9.131598 12.309922 11.388550 10.101311 8.231286 10.638996 10.664538 9.177864 10.336082 7.385507 9.838716 11.357282 9.692425 13.198198 14.654545 15.956986 16.581717 16.654479 16.744356 16.667809 21.046369 15.488206 15.014538 14.210969 12.319367 15.277473 9.847426 -9999.0
-9999.0 8.147658 7.757947 7.859663 0.753220 7.930293 7.504091 1.773412 2.084298 9.439073 1.085195 8.684492 11.173821 16.180305 16.703951 9.364880 8.856166 0.731030 7.811151 9.523071 11.813793 12.982537 18.540029 14.275056 19.698739 14.487209 17.854112 17.834287 13.746470 12.793651 12.419378 11.916459 11.728018 15.582240 13.465522 14.115751 14.728740 13.254221 14.403563 13.547650 13.254942 12.994771 12.577284 10.215168 9.757741 10.520332 13.495167 13.011097 15.592909 14.933553 15.919456 15.875588 15.195887 15.176634 15.163348 14.392842 12.088514 11.717231 12.420501 13.861080 9.279575 9.380031 -9999.0
-9999.0 11.362964 8.737993 9.020409 13.649643 8.754878 4.966807 2.235301 10.205881 10.591032 6.500822 8.731174 11.444438 16.961436 10.239622 6.205874 0.742366 0.601553 9.740634 9.369835 15.329323 12.235295 13.601407 15.301096 20.431463 21.056376 14.258957 15.399240 14.962078 13.604710 13.510754 12.861730 13.362437 13.970780 18.335187 15.445021 21.203451 21.661529 16.411867 16.223840 15.829671 15.311800 14.047221 13.146638 13.680578 14.008895 15.633650 15.916261 15.350023 15.473265 14.399010 12.501444 12.276725 12.851920 12.175430 10.692821 10.670474 9.634316 9.100024 8.278742 8.111684 -9999.0 -9999.0
