user2019/resources/simulation/Vinschgau/output-maps/TsL0008N0503.asc
ncols         63
nrows         48
xllcorner     598000.000000
yllcorner     5145000.000000
cellsize      1000.000000
NODATA_value  -9999.0
[rows 0 to 27 of 48, columns 0 to 62 of 63]
-9999.0 -9999.0 -9999.0 -9999.0 -9999.0 -9999.0 -9999.0 -9999.0 -9999.0 -9999.0 -9999.0 -9999.0 -9999.0 -9999.0 -9999.0 -9999.0 -9999.0 -9999.0 -9999.0 -9999.0 -9999.0 -9999.0 -9999.0 -9999.0 -9999.0 -9999.0 -9999.0 -9999.0 -9999.0 -9999.0 -9999.0 -9999.0 -9999.0 -9999.0 -9999.0 -9999.0 -9999.0 -9999.0 -9999.0 -9999.0 -9999.0 -9999.0 -9999.0 -9999.0 -9999.0 -9999.0 -9999.0 -9999.0 -9999.0 -9999.0 -9999.0 -9999.0 -9999.0 -9999.0 -9999.0 -9999.0 -9999.0 -9999.0 -9999.0 -9999.0 -9999.0 -9999.0 -9999.0
-9999.0 -9999.0 -9999.0 -9999.0 -9999.0 -9999.0 -9999.0 -9999.0 -9999.0 -9999.0 -9999.0 -9999.0 -9999.0 -9999.0 -9999.0 -9999.0 -9999.0 -9999.0 -9999.0 -9999.0 -9999.0 -9999.0 -9999.0 -9999.0 -9999.0 -9999.0 -9999.0 7.836949 8.180392 8.067700 7.332600 6.709139 7.450655 -9999.0 -9999.0 -9999.0 -9999.0 -9999.0 -9999.0 -9999.0 -9999.0 -9999.0 -9999.0 -9999.0 -9999.0 -9999.0 -9999.0 -9999.0 -9999.0 -9999.0 -9999.0 -9999.0 -9999.0 -9999.0 -9999.0 -9999.0 -9999.0 -9999.0 -9999.0 -9999.0 -9999.0 -9999.0 -9999.0
-9999.0 -9999.0 -9999.0 -9999.0 -9999.0 -9999.0 -9999.0 -9999.0 -9999.0 -9999.0 -9999.0 -9999.0 -9999.0 -9999.0 -9999.0 -9999.0 -9999.0 -9999.0 -9999.0 -9999.0 -9999.0 -9999.0 -9999.0 -9999.0 8.592055 8.875728 9.241497 8.713395 9.135902 8.776087 6.988362 -9999.0 -9999.0 -9999.0 -9999.0 -9999.0 -9999.0 -9999.0 -9999.0 -9999.0 -9999.0 -9999.0 -9999.0 -9999.0 -9999.0 -9999.0 -9999.0 -9999.0 -9999.0 -9999.0 -9999.0 -9999.0 -9999.0 -9999.0 -9999.0 -9999.0 -9999.0 -9999.0 -9999.0 -9999.0 -9999.0 -9999.0 -9999.0
-9999.0 -9999.0 -9999.0 -9999.0 -9999.0 -9999.0 -9999.0 -9999.0 -9999.0 -9999.0 -9999.0 -9999.0 -9999.0 -9999.0 -9999.0 -9999.0 -9999.0 -9999.0 -9999.0 -9999.0 -9999.0 -9999.0 -9999.0 8.872045 9.876815 9.464354 10.027134 9.947450 7.843154 8.768330 7.310079 6.577200 -9999.0 -9999.0 -9999.0 -9999.0 -9999.0 -9999.0 -9999.0 -9999.0 -9999.0 -9999.0 -9999.0 -9999.0 -9999.0 -9999.0 -9999.0 -9999.0 -9999.0 -9999.0 -9999.0 -9999.0 -9999.0 -9999.0 -9999.0 -9999.0 -9999.0 -9999.0 -9999.0 -9999.0 -9999.0 -9999.0 -9999.0
-9999.0 -9999.0 -9999.0 -9999.0 -9999.0 -9999.0 -9999.0 -9999.0 -9999.0 -9999.0 -9999.0 -9999.0 -9999.0 -9999.0 -9999.0 -9999.0 -9999.0 -9999.0 11.521298 8.501359 -9999.0 8.838026 9.527001 9.646847 10.313857 11.524109 12.682576 12.513341 10.903501 9.549583 8.438445 7.345597 6.183433 3.714520 -9999.0 -9999.0 -9999.0 -9999.0 -9999.0 -9999.0 -9999.0 -9999.0 -9999.0 -9999.0 -9999.0 -9999.0 -9999.0 -9999.0 -9999.0 -9999.0 -9999.0 -9999.0 -9999.0 -9999.0 -9999.0 -9999.0 -9999.0 -9999.0 -9999.0 -9999.0 -9999.0 -9999.0 -9999.0
-9999.0 -9999.0 -9999.0 -9999.0 -9999.0 -9999.0 -9999.0 -9999.0 -9999.0 -9999.0 -9999.0 -9999.0 -9999.0 -9999.0 -9999.0 -9999.0 -9999.0 9.551623 8.938392 8.493747 8.717928 6.839789 8.841900 10.251078 13.529271 7.351934 5.964061 6.540041 5.518284 8.758995 9.560258 8.342408 8.139983 7.061448 5.384522 3.260948 -9999.0 -9999.0 -9999.0 -9999.0 -9999.0 -9999.0 -9999.0 -9999.0 -9999.0 -9999.0 -9999.0 -9999.0 -9999.0 -9999.0 -9999.0 -9999.0 -9999.0 -9999.0 -9999.0 -9999.0 -9999.0 -9999.0 -9999.0 -9999.0 -9999.0 -9999.0 -9999.0
-9999.0 -9999.0 -9999.0 -9999.0 -9999.0 -9999.0 -9999.0 -9999.0 -9999.0 -9999.0 -9999.0 -9999.0 -9999.0 8.867313 7.633752 8.270987 9.598331 18.893781 9.066026 10.190580 10.438337 10.941477 12.049960 13.607516 7.183162 9.020063 5.087861 5.597085 5.265110 6.097710 6.603307 8.288027 7.447697 6.596384 6.141372 0.640623 -9999.0 -9999.0 -9999.0 -9999.0 -9999.0 -9999.0 -9999.0 -9999.0 -9999.0 -9999.0 -9999.0 -9999.0 -9999.0 -9999.0 -9999.0 -9999.0 -9999.0 -9999.0 -9999.0 -9999.0 -9999.0 -9999.0 -9999.0 -9999.0 -9999.0 -9999.0 -9999.0
-9999.0 -9999.0 -9999.0 -9999.0 -9999.0 -9999.0 -9999.0 -9999.0 -9999.0 -9999.0 -9999.0 -9999.0 -9999.0 9.253477 9.157994 8.481433 8.362419 14.007288 18.787825 12.287209 9.886737 13.071556 8.712531 8.103408 9.538646 7.133110 7.808971 7.641722 7.146455 4.425827 4.837577 6.566717 5.719123 -0.002626 4.414789 -9999.0 -9999.0 -9999.0 -9999.0 -9999.0 -9999.0 -9999.0 -9999.0 -9999.0 -9999.0 -9999.0 -9999.0 -9999.0 -9999.0 -9999.0 -9999.0 -9999.0 -9999.0 -9999.0 -9999.0 -9999.0 -9999.0 -9999.0 -9999.0 -9999.0 -9999.0 -9999.0 -9999.0
-9999.0 -9999.0 -9999.0 -9999.0 -9999.0 -9999.0 -9999.0 -9999.0 -9999.0 -9999.0 -9999.0 -9999.0 -9999.0 8.918467 11.026990 9.829344 7.556651 8.857362 18.979976 9.248026 12.029088 7.940681 6.244746 6.660442 8.678744 6.443203 8.748170 6.487978 7.005751 5.513128 6.389668 -0.710749 -0.359637 -0.075878 -0.006294 -9999.0 -9999.0 -9999.0 -9999.0 -9999.0 -9999.0 -9999.0 -9999.0 -9999.0 -9999.0 -9999.0 -9999.0 -9999.0 -9999.0 -9999.0 -9999.0 -9999.0 -9999.0 -9999.0 -9999.0 -9999.0 -9999.0 -9999.0 -9999.0 -9999.0 -9999.0 -9999.0 -9999.0
-9999.0 -9999.0 -9999.0 -9999.0 -9999.0 -9999.0 -9999.0 -9999.0 -9999.0 -9999.0 -9999.0 -9999.0 7.547336 10.390217 8.645983 6.467461 5.655244 7.994230 15.827837 9.868397 9.865282 6.523629 6.279367 6.254047 7.276765 7.250218 5.575245 7.028464 8.040505 6.110809 -0.005933 6.357050 5.933149 1.903287 -9999.0 -9999.0 -9999.0 -9999.0 -9999.0 -9999.0 -9999.0 -9999.0 -9999.0 -9999.0 -9999.0 -9999.0 -9999.0 -9999.0 -9999.0 -9999.0 -9999.0 -9999.0 -9999.0 -9999.0 -9999.0 -9999.0 -9999.0 -9999.0 -9999.0 -9999.0 -9999.0 -9999.0 -9999.0
-9999.0 -9999.0 -9999.0 -9999.0 -9999.0 -9999.0 -9999.0 -9999.0 -9999.0 -9999.0 -9999.0 8.627664 6.555182 7.076867 5.625135 8.269282 5.644702 7.332952 15.563282 9.984072 7.034971 8.309330 9.126033 8.305782 6.560432 8.342040 6.112067 8.103876 7.797510 3.417228 6.516197 8.138035 6.686979 4.848817 5.616501 6.419077 8.947044 10.346115 10.385632 -9999.0 -9999.0 -9999.0 5.097285 -9999.0 -9999.0 -9999.0 -9999.0 -9999.0 -9999.0 -9999.0 -9999.0 -9999.0 -9999.0 -9999.0 -9999.0 -9999.0 -9999.0 -9999.0 -9999.0 -9999.0 -9999.0 -9999.0 -9999.0
-9999.0 -9999.0 -9999.0 -9999.0 -9999.0 -9999.0 -9999.0 -9999.0 -9999.0 -9999.0 -9999.0 7.868317 5.997272 7.212267 6.173493 6.843178 7.004458 8.475260 15.538559 12.776884 12.400501 10.442049 9.225069 1.320676 4.790611 8.068236 8.058532 9.087361 8.312089 5.096265 7.938773 8.248753 6.409623 5.897858 6.497038 7.858914 11.567430 13.038271 11.449921 9.530884 7.285777 6.236405 6.964368 6.153943 -9999.0 -9999.0 -9999.0 1.898675 5.551773 6.919643 6.831736 5.955991 5.427869 4.511649 4.902864 3.565878 -9999.0 -9999.0 -9999.0 -9999.0 -9999.0 -9999.0 -9999.0
-9999.0 -9999.0 -9999.0 -9999.0 -9999.0 -9999.0 -9999.0 -9999.0 -9999.0 -9999.0 -9999.0 8.248603 7.883995 4.839364 8.222301 8.211912 5.074502 6.106807 12.731846 13.908192 3.200629 7.484784 5.103176 8.816794 7.928729 8.250827 5.192690 5.713121 7.267802 5.939290 7.448749 4.586726 8.162385 5.560778 6.441988 10.480479 6.719681 8.714471 15.429889 10.822149 10.652458 8.772554 8.335763 7.588537 5.872490 -9999.0 1.960399 6.605229 8.168157 9.000491 9.297700 9.429601 8.993337 8.749302 8.821904 8.214781 -9999.0 -9999.0 -9999.0 -9999.0 -9999.0 -9999.0 -9999.0
-9999.0 -9999.0 -9999.0 -9999.0 -9999.0 -9999.0 -9999.0 -9999.0 -9999.0 -9999.0 -9999.0 -9999.0 8.336985 3.450270 8.198474 8.485999 3.973576 6.144175 14.189779 14.187278 7.677528 8.274430 7.963315 6.001636 1.638064 5.464551 10.892750 8.437775 7.707481 7.499035 7.965672 4.841544 8.332987 6.871336 6.273561 9.567483 6.199541 9.534459 17.702605 12.495042 12.599306 12.100669 6.392594 8.944035 6.844880 6.257409 6.126381 6.842317 4.291477 6.321055 7.701661 5.903994 6.384267 4.850787 4.871534 8.235818 8.175682 -9999.0 -9999.0 -9999.0 -9999.0 -9999.0 -9999.0
-9999.0 -9999.0 -9999.0 -9999.0 -9999.0 -9999.0 -9999.0 -9999.0 -9999.0 -9999.0 -9999.0 0.702972 7.419511 8.760239 4.954329 4.961320 6.722007 6.368314 14.207847 9.170214 8.338209 7.627277 8.174817 5.507234 5.845568 8.011803 5.323889 7.432802 7.958879 8.651946 4.833873 6.131115 9.158360 6.755334 5.678681 7.591146 10.320956 8.448404 4.412581 15.371555 7.913432 9.243427 8.615087 6.829833 9.454615 7.159292 8.415299 8.576456 9.408256 8.262941 4.586781 8.027171 -0.002056 2.225181 -0.002544 -0.006735 8.370984 -9999.0 -9999.0 -9999.0 -9999.0 -9999.0 -9999.0
-9999.0 -9999.0 -9999.0 -9999.0 -9999.0 -9999.0 -9999.0 -9999.0 -9999.0 -9999.0 9.883689 5.127787 8.581690 8.703995 9.366621 7.179155 7.002385 6.376717 9.306593 9.785827 13.969449 12.537283 6.367501 11.573911 8.688630 7.736907 5.327763 1.616537 9.672946 10.136579 7.305761 6.416636 8.630352 6.678789 4.043092 6.878669 10.542840 5.802808 6.116268 9.169374 9.860412 10.877410 17.084429 2.212576 6.487349 7.836438 8.709836 6.394191 7.258230 7.958854 0.812619 6.607627 -0.003486 -0.030781 1.430564 9.231836 8.924317 -9999.0 -9999.0 -9999.0 -9999.0 -9999.0 -9999.0
-9999.0 -9999.0 -9999.0 -9999.0 -9999.0 -9999.0 -9999.0 -9999.0 -9999.0 8.191669 9.118242 4.962324 6.744118 1.020577 5.400664 5.562238 5.380735 11.873564 9.360809 10.366075 14.862316 8.675453 8.209975 10.304656 9.191025 3.290548 1.675737 10.616419 8.067264 8.457414 8.825497 3.999009 6.815144 4.987797 6.191805 7.206122 8.020449 4.849655 5.392827 6.642422 7.168067 5.445639 6.161210 8.846655 7.968047 7.100500 10.963875 6.788822 6.876556 8.813761 5.412897 7.791181 -0.045240 -0.002077 7.360871 3.816957 3.552518 9.160133 3.144644 -9999.0 -9999.0 -9999.0 -9999.0
-9999.0 -9999.0 -9999.0 -9999.0 -9999.0 -9999.0 -9999.0 -9999.0 -9999.0 7.842779 8.112408 9.399427 12.176206 7.617474 5.612881 5.646264 11.007799 9.069540 10.256304 16.359623 16.159588 15.789246 13.919941 12.085532 6.516007 6.201689 3.770352 9.000310 10.400732 12.111075 10.511193 4.109092 7.939701 6.538620 7.668621 7.430895 7.795882 8.508662 8.383615 9.138696 4.341392 4.760985 6.827069 8.792989 7.355680 10.373679 10.198192 9.517301 9.046594 9.003176 4.503339 1.926042 2.524831 5.544872 8.606992 1.090567 6.235413 7.412308 10.116669 -9999.0 -9999.0 -9999.0 -9999.0
-9999.0 -9999.0 -9999.0 -9999.0 -9999.0 -9999.0 -9999.0 -9999.0 -9999.0 -9999.0 7.976035 9.796805 7.308253 0.589213 8.418380 3.439677 8.377707 10.284981 11.553922 12.880317 15.697196 9.769990 7.919886 7.336752 6.413072 9.254246 10.391942 10.940731 11.161018 5.075452 4.763503 4.911655 1.623375 7.325638 8.763337 9.586324 10.034675 9.101597 7.330004 7.458241 7.051257 9.353132 10.995251 6.429100 6.146369 6.484868 7.548643 13.690404 11.300124 8.979845 5.839381 5.785384 3.381259 3.385600 3.084849 8.797167 10.358373 9.921064 10.240996 10.388021 -9999.0 -9999.0 -9999.0
-9999.0 -9999.0 -9999.0 -9999.0 -9999.0 -9999.0 -9999.0 -9999.0 -9999.0 -9999.0 8.066448 8.959743 9.841220 8.014025 14.068246 7.939557 8.003174 10.002025 12.305840 13.359263 10.871817 9.460797 8.169018 8.652428 9.395601 11.258542 11.816041 8.611277 3.255155 1.101160 8.390362 9.756956 1.592166 6.231515 7.727779 9.166470 6.655946 6.128998 3.172729 6.657234 8.061063 9.798301 4.658192 8.664401 9.556424 5.491239 7.374241 7.103249 9.431321 11.691763 9.607377 7.174673 0.692762 7.685247 1.848011 2.658818 8.849423 9.119209 11.189718 12.514126 -9999.0 -9999.0 -9999.0
-9999.0 -9999.0 -9999.0 -9999.0 -9999.0 -9999.0 -9999.0 -9999.0 9.334981 8.296646 8.149605 9.557425 5.475835 5.729733 7.077757 9.230858 10.493107 16.756231 13.893775 13.949573 12.383829 11.469493 10.655814 9.174865 10.768977 11.204772 13.471001 7.066571 5.591094 1.205518 6.506091 8.368925 8.222350 7.136528 8.247449 7.297840 10.130368 6.592114 0.811169 6.591569 8.049626 8.919427 1.317859 7.238147 9.367573 10.935274 4.144612 6.959738 7.908122 11.412026 10.297663 7.213546 6.367750 2.010859 3.339566 10.188753 10.535134 13.042777 11.766083 12.945398 -9999.0 -9999.0 -9999.0
-9999.0 -9999.0 -9999.0 -9999.0 -9999.0 -9999.0 -9999.0 -9999.0 5.880772 5.608732 1.153024 8.256848 9.137187 7.919161 5.638578 8.318938 9.331686 10.323651 12.844207 14.536620 20.120742 18.004293 16.554911 15.584358 11.283982 11.599159 9.455796 8.433537 2.165596 8.381831 7.650571 8.406982 8.526545 7.938356 8.614547 8.899011 11.417552 7.554830 5.160499 8.084880 7.018739 4.312344 7.648884 9.006734 10.504426 5.375652 1.351038 9.522486 8.259023 9.959676 12.378816 9.854805 6.648768 10.242021 11.932534 10.158095 9.970076 11.198177 13.499234 15.537467 16.092376 -9999.0 -9999.0
-9999.0 -9999.0 -9999.0 -9999.0 -9999.0 -9999.0 -9999.0 -9999.0 8.599089 11.056928 9.318636 1.811864 10.358188 0.768330 7.875452 7.135927 9.298438 12.092231 12.992661 19.964819 15.040628 18.714446 18.283203 13.955559 17.361225 11.144671 9.115999 6.656258 1.135831 9.143736 8.947221 10.299566 1.292943 1.632312 9.414540 10.971832 6.286289 8.182010 5.079715 1.725783 7.715892 7.702330 8.479215 9.254474 0.631921 8.833290 7.456896 9.370283 5.456489 8.981751 12.021432 11.720936 7.296834 8.152715 11.618946 12.228744 13.156774 13.834946 15.131360 15.547408 15.734236 -9999.0 -9999.0
-9999.0 -9999.0 -9999.0 -9999.0 -9999.0 -9999.0 -9999.0 -9999.0 7.772965 10.220063 7.690314 1.630883 10.396454 0.377176 8.092812 9.238310 11.576299 13.008657 15.727713 13.079266 14.663118 15.148231 19.104998 18.645127 11.884190 9.842395 7.887319 5.564942 10.671744 8.145033 6.211041 3.859859 8.352437 8.077216 1.121039 9.643019 11.069643 9.105583 5.785651 0.741382 7.479088 8.709353 8.911525 8.827628 8.297630 8.821249 9.694987 10.221774 10.042052 7.382444 10.220458 13.298180 12.984521 11.999895 13.972787 14.516477 15.210444 13.848058 14.706612 15.600449 14.295176 11.498384 -9999.0
-9999.0 -9999.0 -9999.0 -9999.0 -9999.0 -9999.0 -9999.0 -9999.0 7.633214 9.936581 8.581341 7.220899 8.353812 8.899671 13.893721 12.277171 14.771896 10.578649 9.433414 11.079224 12.660110 14.989944 15.315261 15.341695 16.731946 9.533207 7.335468 9.204056 9.896839 9.484994 5.865532 8.999041 10.274187 8.863888 6.618629 7.056344 9.136843 10.340370 9.400467 8.448827 6.305587 6.620384 8.158457 6.309429 0.667763 10.419055 6.584535 9.094277 8.986928 11.232031 13.309776 13.152957 14.104346 15.396477 15.750664 15.411805 15.913696 15.749328 15.065086 14.305134 12.206247 10.493347 -9999.0
-9999.0 -9999.0 9.023665 9.568322 5.413390 0.893893 5.557996 1.060473 8.679964 9.444654 8.228690 8.093242 9.254459 11.537520 16.629633 11.654613 9.008945 7.146453 8.464519 9.246084 11.355587 13.575158 14.865582 14.256711 13.627801 10.937715 9.481418 9.467381 10.230962 13.383479 7.772559 7.914799 13.780508 8.784030 10.488735 9.061882 11.894562 11.661069 10.378000 8.414388 9.941690 10.171704 8.898059 9.657464 6.896834 8.745468 10.255995 9.191873 11.988299 13.964356 15.405088 15.691941 15.888334 16.031305 16.009936 20.717503 14.928644 14.645531 13.665391 11.982789 14.203143 9.493041 -9999.0
-9999.0 5.489437 5.474902 5.450571 5.426865 7.375285 5.454656 1.643462 1.906197 8.793344 3.445567 8.151788 10.073881 14.930845 15.219998 8.793592 8.165898 5.867805 8.011399 9.531459 11.668869 12.900839 16.468875 13.615364 18.675607 13.860412 16.806858 16.920245 13.257490 11.824767 11.820325 11.459646 11.555907 15.391604 12.819711 13.565432 14.535516 13.616112 13.781380 12.829416 12.707349 12.520561 12.044910 9.792241 9.686924 10.272996 12.321933 12.066253 14.905174 14.220466 15.079759 15.148657 14.622536 14.526769 14.537205 14.079524 12.050544 11.687620 12.035349 13.411265 9.178255 9.088246 -9999.0
-9999.0 11.331586 8.164301 8.238904 12.051074 8.043843 4.581887 1.657191 8.536152 8.773389 3.541506 7.913179 10.434513 15.521018 9.466289 7.010851 3.460121 6.184573 9.397568 9.417251 14.269482 11.697149 13.104412 14.204652 19.893236 20.506722 13.937452 14.822135 14.325007 13.346909 13.321890 12.708395 12.930819 13.210750 17.503561 14.970895 21.201645 21.915957 15.999914 15.800886 15.427496 14.413590 13.720165 12.808228 13.313052 13.669827 14.773163 14.978633 14.624978 14.711284 13.503960 11.864687 11.870290 12.766686 12.367830 10.664913 10.802804 9.561170 9.233980 8.201955 8.095602 -9999.0 -9999.0
