user2019/resources/simulation/Vinschgau/output-maps/TsL0005N1419.asc
ncols         63
nrows         48
xllcorner     598000.000000
yllcorner     5145000.000000
cellsize      1000.000000
NODATA_value  -9999.0
[rows 0 to 27 of 48, columns 0 to 62 of 63]
-9999.0 -9999.0 -9999.0 -9999.0 -9999.0 -9999.0 -9999.0 -9999.0 -9999.0 -9999.0 -9999.0 -9999.0 -9999.0 -9999.0 -9999.0 -9999.0 -9999.0 -9999.0 -9999.0 -9999.0 -9999.0 -9999.0 -9999.0 -9999.0 -9999.0 -9999.0 -9999.0 -9999.0 -9999.0 -9999.0 -9999.0 -9999.0 -9999.0 -9999.0 -9999.0 -9999.0 -9999.0 -9999.0 -9999.0 -9999.0 -9999.0 -9999.0 -9999.0 -9999.0 -9999.0 -9999.0 -9999.0 -9999.0 -9999.0 -9999.0 -9999.0 -9999.0 -9999.0 -9999.0 -9999.0 -9999.0 -9999.0 -9999.0 -9999.0 -9999.0 -9999.0 -9999.0 -9999.0
-9999.0 -9999.0 -9999.0 -9999.0 -9999.0 -9999.0 -9999.0 -9999.0 -9999.0 -9999.0 -9999.0 -9999.0 -9999.0 -9999.0 -9999.0 -9999.0 -9999.0 -9999.0 -9999.0 -9999.0 -9999.0 -9999.0 -9999.0 -9999.0 -9999.0 -9999.0 -9999.0 -0.661141 -0.057947 -0.014290 -0.108036 -1.095401 -3.569733 -9999.0 -9999.0 -9999.0 -9999.0 -9999.0 -9999.0 -9999.0 -9999.0 -9999.0 -9999.0 -9999.0 -9999.0 -9999.0 -9999.0 -9999.0 -9999.0 -9999.0 -9999.0 -9999.0 -9999.0 -9999.0 -9999.0 -9999.0 -9999.0 -9999.0 -9999.0 -9999.0 -9999.0 -9999.0 -9999.0
-9999.0 -9999.0 -9999.0 -9999.0 -9999.0 -9999.0 -9999.0 -9999.0 -9999.0 -9999.0 -9999.0 -9999.0 -9999.0 -9999.0 -9999.0 -9999.0 -9999.0 -9999.0 -9999.0 -9999.0 -9999.0 -9999.0 -9999.0 -9999.0 -0.003723 0.012172 0.068602 -0.002780 0.069254 0.044083 -0.215964 -9999.0 -9999.0 -9999.0 -9999.0 -9999.0 -9999.0 -9999.0 -9999.0 -9999.0 -9999.0 -9999.0 -9999.0 -9999.0 -9999.0 -9999.0 -9999.0 -9999.0 -9999.0 -9999.0 -9999.0 -9999.0 -9999.0 -9999.0 -9999.0 -9999.0 -9999.0 -9999.0 -9999.0 -9999.0 -9999.0 -9999.0 -9999.0
-9999.0 -9999.0 -9999.0 -9999.0 -9999.0 -9999.0 -9999.0 -9999.0 -9999.0 -9999.0 -9999.0 -9999.0 -9999.0 -9999.0 -9999.0 -9999.0 -9999.0 -9999.0 -9999.0 -9999.0 -9999.0 -9999.0 -9999.0 0.020707 0.549118 2.654462 3.128433 3.251047 3.224239 0.071099 -0.156908 -0.728482 -9999.0 -9999.0 -9999.0 -9999.0 -9999.0 -9999.0 -9999.0 -9999.0 -9999.0 -9999.0 -9999.0 -9999.0 -9999.0 -9999.0 -9999.0 -9999.0 -9999.0 -9999.0 -9999.0 -9999.0 -9999.0 -9999.0 -9999.0 -9999.0 -9999.0 -9999.0 -9999.0 -9999.0 -9999.0 -9999.0 -9999.0
-9999.0 -9999.0 -9999.0 -9999.0 -9999.0 -9999.0 -9999.0 -9999.0 -9999.0 -9999.0 -9999.0 -9999.0 -9999.0 -9999.0 -9999.0 -9999.0 -9999.0 -9999.0 3.047040 0.448735 -9999.0 0.117176 0.527686 2.255891 2.543466 3.165873 2.245154 2.503675 2.199674 0.620526 0.007651 -0.108245 -2.068245 -2.611334 -9999.0 -9999.0 -9999.0 -9999.0 -9999.0 -9999.0 -9999.0 -9999.0 -9999.0 -9999.0 -9999.0 -9999.0 -9999.0 -9999.0 -9999.0 -9999.0 -9999.0 -9999.0 -9999.0 -9999.0 -9999.0 -9999.0 -9999.0 -9999.0 -9999.0 -9999.0 -9999.0 -9999.0 -9999.0
-9999.0 -9999.0 -9999.0 -9999.0 -9999.0 -9999.0 -9999.0 -9999.0 -9999.0 -9999.0 -9999.0 -9999.0 -9999.0 -9999.0 -9999.0 -9999.0 -9999.0 4.802594 3.472954 3.192411 0.459955 0.158998 0.635388 1.736505 2.809123 0.156416 -0.054585 0.513294 -0.029962 1.596781 0.958225 0.023905 -0.003869 -0.788830 -2.414103 -2.933888 -9999.0 -9999.0 -9999.0 -9999.0 -9999.0 -9999.0 -9999.0 -9999.0 -9999.0 -9999.0 -9999.0 -9999.0 -9999.0 -9999.0 -9999.0 -9999.0 -9999.0 -9999.0 -9999.0 -9999.0 -9999.0 -9999.0 -9999.0 -9999.0 -9999.0 -9999.0 -9999.0
-9999.0 -9999.0 -9999.0 -9999.0 -9999.0 -9999.0 -9999.0 -9999.0 -9999.0 -9999.0 -9999.0 -9999.0 -9999.0 1.511291 1.759134 3.037229 4.331964 6.866302 4.434558 2.426903 2.432590 2.200879 2.763609 2.869784 -0.007876 0.460333 -0.892583 -0.037681 -0.064472 -0.007417 -1.420403 0.345288 -0.014840 -0.067949 -1.452270 -3.084376 -9999.0 -9999.0 -9999.0 -9999.0 -9999.0 -9999.0 -9999.0 -9999.0 -9999.0 -9999.0 -9999.0 -9999.0 -9999.0 -9999.0 -9999.0 -9999.0 -9999.0 -9999.0 -9999.0 -9999.0 -9999.0 -9999.0 -9999.0 -9999.0 -9999.0 -9999.0 -9999.0
-9999.0 -9999.0 -9999.0 -9999.0 -9999.0 -9999.0 -9999.0 -9999.0 -9999.0 -9999.0 -9999.0 -9999.0 -9999.0 2.125158 3.615525 3.850495 3.708993 6.750771 6.938466 3.992213 3.568250 4.018949 2.452110 1.374615 1.747550 0.806881 -0.057253 -0.041769 -1.624136 -0.362742 -0.071735 -0.089753 -1.978015 -3.406741 -2.678970 -9999.0 -9999.0 -9999.0 -9999.0 -9999.0 -9999.0 -9999.0 -9999.0 -9999.0 -9999.0 -9999.0 -9999.0 -9999.0 -9999.0 -9999.0 -9999.0 -9999.0 -9999.0 -9999.0 -9999.0 -9999.0 -9999.0 -9999.0 -9999.0 -9999.0 -9999.0 -9999.0 -9999.0
-9999.0 -9999.0 -9999.0 -9999.0 -9999.0 -9999.0 -9999.0 -9999.0 -9999.0 -9999.0 -9999.0 -9999.0 -9999.0 3.354101 2.708274 4.556739 3.351643 4.069756 7.173579 4.452272 4.584804 1.843051 0.459984 -0.014680 1.545321 1.187912 -0.003762 -1.870779 -0.711374 -2.425696 -0.311532 -4.162311 -3.961117 -9.353411 -3.619046 -9999.0 -9999.0 -9999.0 -9999.0 -9999.0 -9999.0 -9999.0 -9999.0 -9999.0 -9999.0 -9999.0 -9999.0 -9999.0 -9999.0 -9999.0 -9999.0 -9999.0 -9999.0 -9999.0 -9999.0 -9999.0 -9999.0 -9999.0 -9999.0 -9999.0 -9999.0 -9999.0 -9999.0
-9999.0 -9999.0 -9999.0 -9999.0 -9999.0 -9999.0 -9999.0 -9999.0 -9999.0 -9999.0 -9999.0 -9999.0 2.047512 2.163029 4.141434 2.483623 1.967768 3.680980 7.407370 4.457233 2.505859 0.206619 0.528507 -0.012828 -1.545369 -0.061328 -2.662404 -0.298809 -0.013036 -2.162390 -3.705253 -2.226515 -1.601359 -3.223503 -9999.0 -9999.0 -9999.0 -9999.0 -9999.0 -9999.0 -9999.0 -9999.0 -9999.0 -9999.0 -9999.0 -9999.0 -9999.0 -9999.0 -9999.0 -9999.0 -9999.0 -9999.0 -9999.0 -9999.0 -9999.0 -9999.0 -9999.0 -9999.0 -9999.0 -9999.0 -9999.0 -9999.0 -9999.0
-9999.0 -9999.0 -9999.0 -9999.0 -9999.0 -9999.0 -9999.0 -9999.0 -9999.0 -9999.0 -9999.0 1.582680 3.529560 3.399219 3.557977 2.954319 3.472958 3.917678 7.424671 5.812534 2.283783 2.187438 0.587107 -0.017099 0.646922 -0.009430 -0.744212 -0.065319 -1.765171 -2.903225 -2.319694 -0.011912 -1.419399 -2.575497 -2.388105 -1.194936 -1.215423 -0.092295 -0.078455 -9999.0 -9999.0 -9999.0 -2.730705 -9999.0 -9999.0 -9999.0 -9999.0 -9999.0 -9999.0 -9999.0 -9999.0 -9999.0 -9999.0 -9999.0 -9999.0 -9999.0 -9999.0 -9999.0 -9999.0 -9999.0 -9999.0 -9999.0 -9999.0
-9999.0 -9999.0 -9999.0 -9999.0 -9999.0 -9999.0 -9999.0 -9999.0 -9999.0 -9999.0 -9999.0 1.318750 3.687829 5.202554 4.946949 2.134497 5.947195 4.385195 7.453682 5.788357 4.642383 1.893557 0.275962 -1.894648 -1.135164 -0.063945 -0.069154 -0.004758 -0.029615 -2.635233 -0.068495 0.109417 -0.781132 -2.525458 -2.919674 -0.066499 0.073307 0.167951 -0.090415 -2.477967 -2.400718 -2.733454 -0.096766 -2.002736 -9999.0 -9999.0 -9999.0 -4.357231 -3.658465 -2.564600 -3.042033 -4.273387 -4.409811 -4.211068 -4.059241 -4.655895 -9999.0 -9999.0 -9999.0 -9999.0 -9999.0 -9999.0 -9999.0
-9999.0 -9999.0 -9999.0 -9999.0 -9999.0 -9999.0 -9999.0 -9999.0 -9999.0 -9999.0 -9999.0 1.161120 1.325613 1.258313 2.689127 2.800270 1.792862 3.708418 6.478578 5.727244 2.322921 0.047920 -0.936842 -0.001303 -0.065157 -0.337737 -1.084876 -3.146062 -1.057307 -2.402122 -1.624903 -1.323881 0.000507 -2.400255 -2.070642 0.013471 -0.899997 -0.625235 0.622985 -1.416568 -0.061118 -1.286257 -0.000864 -0.066920 -2.780440 -9999.0 -3.779464 -2.853108 -0.096216 -0.012917 -0.002636 -0.006133 -0.033771 -0.152387 -0.180285 -2.357441 -9999.0 -9999.0 -9999.0 -9999.0 -9999.0 -9999.0 -9999.0
-9999.0 -9999.0 -9999.0 -9999.0 -9999.0 -9999.0 -9999.0 -9999.0 -9999.0 -9999.0 -9999.0 -9999.0 1.427652 -0.005911 2.068056 2.231609 0.707081 2.760000 6.926315 5.693995 2.150198 0.572438 -0.021469 -0.510622 -2.284721 -1.195870 0.032829 -0.009159 -0.137523 -1.973305 -0.078446 -1.093782 -0.002297 -0.303910 -1.534739 -0.059691 -1.048904 -0.653810 1.588258 -0.007282 0.267765 -0.003737 -0.515350 0.105854 -1.621269 -2.935780 -2.710087 -2.580587 -2.260537 -0.638301 -0.090351 -0.983430 -3.332874 -1.679843 -2.368970 -0.066420 -1.969778 -9999.0 -9999.0 -9999.0 -9999.0 -9999.0 -9999.0
-9999.0 -9999.0 -9999.0 -9999.0 -9999.0 -9999.0 -9999.0 -9999.0 -9999.0 -9999.0 -9999.0 -0.610531 0.177710 1.674092 -0.005591 0.370982 1.312956 2.127722 6.315829 4.119850 2.414062 0.866332 -0.003624 -1.131234 -1.076942 -0.641088 -0.574382 -0.295184 -0.469291 -0.023779 -1.172700 -1.464684 0.536458 -0.207491 -3.133900 -0.068616 -0.062256 -0.588724 -0.005568 1.150687 -0.589354 -0.012689 -0.006556 -0.332429 0.678149 -0.165647 -0.048535 -0.015105 -0.003164 -0.052156 -3.259986 -0.187120 -3.297409 -5.076754 -5.803632 -4.502434 -2.206353 -9999.0 -9999.0 -9999.0 -9999.0 -9999.0 -9999.0
-9999.0 -9999.0 -9999.0 -9999.0 -9999.0 -9999.0 -9999.0 -9999.0 -9999.0 -9999.0 0.000611 -0.095092 0.379921 0.520759 1.434595 -0.000461 -0.000793 0.083434 3.247159 3.774602 3.978278 2.396137 -0.521905 0.870777 -0.018253 -1.831348 -1.648731 -4.301401 -0.003007 0.220410 -0.050861 -1.137860 0.166378 -0.268491 -3.204109 -1.584683 0.009422 -0.811336 -0.093446 0.030903 0.196227 0.868184 3.605498 1.006701 -0.041048 -0.017005 -0.018525 -0.348572 -0.081463 -0.012418 -4.427611 -3.220861 -6.279410 -5.215138 -4.832541 -0.332896 -0.175138 -9999.0 -9999.0 -9999.0 -9999.0 -9999.0 -9999.0
-9999.0 -9999.0 -9999.0 -9999.0 -9999.0 -9999.0 -9999.0 -9999.0 -9999.0 -0.054981 0.276798 -0.065878 -0.018539 -0.597333 -0.035423 -0.024920 -0.062806 2.179675 3.164319 3.801015 4.334531 0.585538 0.391998 0.685918 -0.001609 -1.440021 -2.497764 0.202673 -0.094498 -0.010841 -0.000220 -1.639800 -1.297872 -2.855226 -2.484794 -1.587012 0.024364 -1.227334 -0.948073 -0.056704 -0.308441 -0.257759 -0.406247 1.731312 1.290030 -0.051822 1.382029 -0.732611 -0.715993 0.005088 -1.606870 -2.339106 -5.667845 -5.649847 -4.451691 -3.521044 -2.524182 -1.857849 -3.990390 -9999.0 -9999.0 -9999.0 -9999.0
-9999.0 -9999.0 -9999.0 -9999.0 -9999.0 -9999.0 -9999.0 -9999.0 -9999.0 -0.033634 -0.061583 0.320167 1.110675 -0.007300 -0.085227 -0.640268 1.135580 0.754840 3.725489 5.294615 4.924177 4.163360 2.637509 0.823004 -1.052344 -1.384633 -0.520044 -0.015078 0.305511 0.888563 0.707796 -2.015495 -0.060318 -1.900814 -0.108871 -1.557242 -0.775643 -0.004434 -0.065893 0.538832 -0.824432 -1.627109 -0.311000 0.505781 2.562856 2.238074 2.021067 0.563128 -0.008842 0.031267 -2.889188 -5.289798 -5.475159 -4.701970 -2.549790 -4.414320 -2.355615 -1.673737 -0.583391 -9999.0 -9999.0 -9999.0 -9999.0
-9999.0 -9999.0 -9999.0 -9999.0 -9999.0 -9999.0 -9999.0 -9999.0 -9999.0 -9999.0 -0.103656 0.306084 -0.022247 -0.607627 0.000797 -0.062179 -0.008301 1.973292 4.503757 4.625519 5.044158 2.273024 -0.013744 -0.114929 -1.111360 -0.043405 0.011120 0.771968 0.524017 -1.575059 -1.922602 -2.984308 -3.611765 -0.638614 -0.004351 0.515505 0.145522 0.427884 -0.745295 -0.069241 -0.173367 0.153229 0.688420 -0.036511 -0.008723 -0.006633 1.431730 3.123102 2.881465 0.223949 -1.843103 -2.541496 -4.555073 -5.431973 -4.848325 -2.979309 -0.004502 -1.826233 -0.033197 -0.021111 -9999.0 -9999.0 -9999.0
-9999.0 -9999.0 -9999.0 -9999.0 -9999.0 -9999.0 -9999.0 -9999.0 -9999.0 -9999.0 -0.165974 -0.014036 0.070992 -0.011135 1.754332 0.257840 -0.007702 2.308057 4.973163 5.211726 3.031135 1.151765 -0.018431 -0.111701 -0.037549 0.316172 1.405824 -0.007003 -1.262145 -3.321934 -0.069620 0.040896 -3.672233 -1.829942 -0.066576 0.587844 -1.767897 -0.059971 -1.720613 -0.399348 -0.062632 0.599475 -0.549645 0.028652 0.453428 -0.198399 -0.010520 -0.009538 2.831280 2.536427 -0.001459 -1.829216 -4.021013 -4.089480 -6.049871 -5.308171 -3.111369 -0.806936 1.426018 1.717436 -9999.0 -9999.0 -9999.0
-9999.0 -9999.0 -9999.0 -9999.0 -9999.0 -9999.0 -9999.0 -9999.0 -0.002034 -0.096325 -1.088697 0.005054 -1.304320 -0.309320 -0.041179 1.493743 2.581409 5.018462 5.478579 5.563766 4.751114 3.620949 2.715820 0.980470 0.543611 1.664243 1.679317 -0.778865 -1.390426 -3.236774 -2.874603 -0.069058 -0.069067 -0.900875 -0.055583 -0.063516 1.303163 -0.023289 -2.516791 -1.504695 -0.016164 0.190994 -3.275405 -1.226029 -0.003251 0.154483 -2.337348 -0.448385 -0.008081 2.078948 0.137157 -0.692781 -2.998533 -5.723309 -4.930507 -1.312090 -1.640645 0.427857 0.497464 4.262411 -9999.0 -9999.0 -9999.0
-9999.0 -9999.0 -9999.0 -9999.0 -9999.0 -9999.0 -9999.0 -9999.0 -3.200991 -1.050837 -2.706251 -0.601894 -0.060080 -2.290910 -0.905463 -0.007054 1.594116 2.176261 5.134121 6.103198 7.894633 7.069663 6.096739 4.882191 2.997633 3.110978 0.573578 -0.093046 -3.549867 -0.326695 -2.230760 -0.971569 -0.023023 -0.662634 0.000587 0.047795 2.285905 0.100177 -0.147548 0.005136 -0.068219 -1.199545 -0.408531 0.017880 -0.000414 -0.768676 -3.751455 -0.011175 -0.090367 1.437261 1.506892 -0.095562 -3.518710 -2.914857 -0.033248 -1.594755 -0.956464 -0.009060 2.851132 5.417895 6.074074 -9999.0 -9999.0
-9999.0 -9999.0 -9999.0 -9999.0 -9999.0 -9999.0 -9999.0 -9999.0 -0.069733 -0.006672 -0.020165 -3.520085 0.000918 -3.055323 -0.770325 -0.764696 0.252176 2.477914 5.077441 7.733685 6.566648 7.548217 7.313511 5.087491 5.464923 2.926947 0.121560 -1.212927 -4.112214 -0.067537 -0.032723 0.190464 -1.830255 -1.431453 0.331836 1.927488 -0.007790 1.818127 -0.024277 -0.425204 -0.005436 -0.012527 0.003642 -0.009439 -1.250289 -0.002259 -1.552679 -0.030303 -2.132152 -0.010699 2.609241 0.029945 -2.469834 -3.397190 -0.269554 -0.007048 0.705476 2.351809 5.058966 5.733541 6.036713 -9999.0 -9999.0
-9999.0 -9999.0 -9999.0 -9999.0 -9999.0 -9999.0 -9999.0 -9999.0 -2.629289 -0.000805 -0.426286 -4.014866 -0.006340 -1.365995 -0.203920 0.020989 3.639508 4.888047 5.573361 5.355753 6.030709 6.479026 7.339704 6.473975 3.324260 0.827679 -0.034548 -1.966614 0.063545 -0.294048 -0.700893 -0.104484 -0.003343 -0.002513 -0.065547 1.098108 2.481590 3.781872 0.661676 -0.020737 0.179949 0.361350 0.341785 -0.003215 -0.010674 -0.012847 -0.002651 -0.004669 -0.062991 -0.910983 -0.006345 2.277925 0.018406 -0.120767 0.135264 1.268507 3.269243 4.682833 5.513565 5.788535 4.867511 2.494829 -9999.0
-9999.0 -9999.0 -9999.0 -9999.0 -9999.0 -9999.0 -9999.0 -9999.0 -3.608841 -0.005465 -2.401271 -1.552519 -0.345675 -0.101194 0.915028 2.162656 3.347392 2.274119 0.746476 2.575598 4.436215 5.957718 6.088896 5.752858 4.464832 0.130580 -1.073286 -0.045136 -0.006456 -0.000343 -0.174419 0.013124 2.497015 0.833865 0.425061 1.316951 2.716412 5.725231 5.109991 2.088204 0.611029 0.526156 0.601843 -0.009717 -0.807481 0.674611 -0.104226 -0.026079 -0.141439 0.003719 1.481810 1.469564 1.840553 1.320576 2.090025 2.489838 3.262702 4.328652 5.095333 4.913204 3.925230 1.902731 -9999.0
-9999.0 -9999.0 -0.032230 -0.004341 -3.642497 -1.554732 -2.810852 -2.412485 -0.073783 -0.040774 -1.030173 -0.356058 -0.068110 0.014999 2.459003 1.204555 -0.013750 -1.200959 -0.510359 0.038915 2.441263 5.183825 5.547657 5.805977 3.886387 1.723978 0.047847 0.231470 2.364265 2.400528 -0.012113 0.643804 4.779974 3.126611 4.060957 4.313948 6.451517 7.963211 6.865250 4.190920 4.075310 4.163907 3.974425 2.700982 -0.003276 0.440506 1.415429 1.500093 2.503132 3.536621 4.160850 3.740611 2.964083 2.299496 2.212230 4.474284 2.969167 3.617290 3.461047 3.292307 3.224069 1.112482 -9999.0
-9999.0 -0.574887 -0.686396 -0.916564 -1.418933 -0.860411 -2.690200 -2.916555 -3.884011 -0.706091 -2.067054 -0.834002 -0.003541 1.571057 1.300804 -0.206120 -1.094952 -1.878315 -1.277257 -0.008124 2.222579 3.980253 5.494729 4.677681 5.744249 3.630343 4.021055 4.371879 4.353519 3.241697 2.877373 3.065255 4.804254 7.259538 7.126144 8.380999 9.987850 10.863262 10.184487 8.521942 7.637415 7.519441 6.813412 4.501055 3.213258 3.610850 4.448155 5.625261 6.023091 5.878362 4.728378 3.747132 2.751574 1.865742 1.787561 1.297065 0.555078 0.913685 1.063647 1.467824 0.290612 0.901146 -9999.0
-9999.0 1.060698 -0.016292 -0.023664 0.295502 -0.064946 -2.502775 -3.429036 -0.834905 -1.589301 -2.602454 -1.222884 0.072088 1.393579 -0.060513 -2.483968 -2.738253 -2.222837 -0.185219 -0.010887 2.021383 1.873518 2.861877 2.878932 5.351552 6.220777 5.129254 5.531716 5.808842 6.084796 6.229306 5.993767 6.720082 7.617351 9.904328 10.663495 13.952773 14.988478 13.036983 11.961912 11.261579 10.324517 9.228441 7.768259 7.631405 7.491001 7.314950 7.173584 6.538718 5.721596 3.924739 1.903520 0.691307 1.339058 0.439101 -0.022824 -0.245653 -0.043305 -0.023411 -0.061850 -0.018154 -9999.0 -9999.0
