user2019/resources/simulation/Vinschgau/output-maps/TsL0001N0649.asc
ncols         63
nrows         48
xllcorner     598000.000000
yllcorner     5145000.000000
cellsize      1000.000000
NODATA_value  -9999.0
[rows 0 to 28 of 48, columns 0 to 62 of 63]
-9999.0 -9999.0 -9999.0 -9999.0 -9999.0 -9999.0 -9999.0 -9999.0 -9999.0 -9999.0 -9999.0 -9999.0 -9999.0 -9999.0 -9999.0 -9999.0 -9999.0 -9999.0 -9999.0 -9999.0 -9999.0 -9999.0 -9999.0 -9999.0 -9999.0 -9999.0 -9999.0 -9999.0 -9999.0 -9999.0 -9999.0 -9999.0 -9999.0 -9999.0 -9999.0 -9999.0 -9999.0 -9999.0 -9999.0 -9999.0 -9999.0 -9999.0 -9999.0 -9999.0 -9999.0 -9999.0 -9999.0 -9999.0 -9999.0 -9999.0 -9999.0 -9999.0 -9999.0 -9999.0 -9999.0 -9999.0 -9999.0 -9999.0 -9999.0 -9999.0 -9999.0 -9999.0 -9999.0
-9999.0 -9999.0 -9999.0 -9999.0 -9999.0 -9999.0 -9999.0 -9999.0 -9999.0 -9999.0 -9999.0 -9999.0 -9999.0 -9999.0 -9999.0 -9999.0 -9999.0 -9999.0 -9999.0 -9999.0 -9999.0 -9999.0 -9999.0 -9999.0 -9999.0 -9999.0 -9999.0 2.915610 3.468443 3.633765 2.984785 2.071137 2.815147 -9999.0 -9999.0 -9999.0 -9999.0 -9999.0 -9999.0 -9999.0 -9999.0 -9999.0 -9999.0 -9999.0 -9999.0 -9999.0 -9999.0 -9999.0 -9999.0 -9999.0 -9999.0 -9999.0 -9999.0 -9999.0 -9999.0 -9999.0 -9999.0 -9999.0 -9999.0 -9999.0 -9999.0 -9999.0 -9999.0
-9999.0 -9999.0 -9999.0 -9999.0 -9999.0 -9999.0 -9999.0 -9999.0 -9999.0 -9999.0 -9999.0 -9999.0 -9999.0 -9999.0 -9999.0 -9999.0 -9999.0 -9999.0 -9999.0 -9999.0 -9999.0 -9999.0 -9999.0 -9999.0 3.698449 4.107076 4.748967 4.154037 4.633980 4.567493 2.896243 -9999.0 -9999.0 -9999.0 -9999.0 -9999.0 -9999.0 -9999.0 -9999.0 -9999.0 -9999.0 -9999.0 -9999.0 -9999.0 -9999.0 -9999.0 -9999.0 -9999.0 -9999.0 -9999.0 -9999.0 -9999.0 -9999.0 -9999.0 -9999.0 -9999.0 -9999.0 -9999.0 -9999.0 -9999.0 -9999.0 -9999.0 -9999.0
-9999.0 -9999.0 -9999.0 -9999.0 -9999.0 -9999.0 -9999.0 -9999.0 -9999.0 -9999.0 -9999.0 -9999.0 -9999.0 -9999.0 -9999.0 -9999.0 -9999.0 -9999.0 -9999.0 -9999.0 -9999.0 -9999.0 -9999.0 3.788585 4.947061 8.431290 8.739747 8.827547 9.125282 4.918238 3.144031 2.716319 -9999.0 -9999.0 -9999.0 -9999.0 -9999.0 -9999.0 -9999.0 -9999.0 -9999.0 -9999.0 -9999.0 -9999.0 -9999.0 -9999.0 -9999.0 -9999.0 -9999.0 -9999.0 -9999.0 -9999.0 -9999.0 -9999.0 -9999.0 -9999.0 -9999.0 -9999.0 -9999.0 -9999.0 -9999.0 -9999.0 -9999.0
-9999.0 -9999.0 -9999.0 -9999.0 -9999.0 -9999.0 -9999.0 -9999.0 -9999.0 -9999.0 -9999.0 -9999.0 -9999.0 -9999.0 -9999.0 -9999.0 -9999.0 -9999.0 6.224399 3.758969 -9999.0 3.602940 4.454168 8.546960 8.739770 9.811527 8.743759 8.926528 10.360364 8.811557 4.743446 3.376835 2.451115 2.253484 -9999.0 -9999.0 -9999.0 -9999.0 -9999.0 -9999.0 -9999.0 -9999.0 -9999.0 -9999.0 -9999.0 -9999.0 -9999.0 -9999.0 -9999.0 -9999.0 -9999.0 -9999.0 -9999.0 -9999.0 -9999.0 -9999.0 -9999.0 -9999.0 -9999.0 -9999.0 -9999.0 -9999.0 -9999.0
-9999.0 -9999.0 -9999.0 -9999.0 -9999.0 -9999.0 -9999.0 -9999.0 -9999.0 -9999.0 -9999.0 -9999.0 -9999.0 -9999.0 -9999.0 -9999.0 -9999.0 8.682800 7.518856 7.049531 3.894757 5.974366 7.658257 8.446083 9.587798 6.677409 5.853981 7.751974 6.178924 8.586166 6.050228 4.584231 4.136096 3.068890 2.315366 1.691314 -9999.0 -9999.0 -9999.0 -9999.0 -9999.0 -9999.0 -9999.0 -9999.0 -9999.0 -9999.0 -9999.0 -9999.0 -9999.0 -9999.0 -9999.0 -9999.0 -9999.0 -9999.0 -9999.0 -9999.0 -9999.0 -9999.0 -9999.0 -9999.0 -9999.0 -9999.0 -9999.0
-9999.0 -9999.0 -9999.0 -9999.0 -9999.0 -9999.0 -9999.0 -9999.0 -9999.0 -9999.0 -9999.0 -9999.0 -9999.0 3.096105 6.060655 6.665249 7.834541 10.844969 8.369728 8.720029 8.573870 8.962346 9.967713 9.603869 6.313847 4.659278 5.062039 5.549273 6.982746 7.597174 6.943769 4.940524 3.865941 3.065542 2.822072 1.684766 -9999.0 -9999.0 -9999.0 -9999.0 -9999.0 -9999.0 -9999.0 -9999.0 -9999.0 -9999.0 -9999.0 -9999.0 -9999.0 -9999.0 -9999.0 -9999.0 -9999.0 -9999.0 -9999.0 -9999.0 -9999.0 -9999.0 -9999.0 -9999.0 -9999.0 -9999.0 -9999.0
-9999.0 -9999.0 -9999.0 -9999.0 -9999.0 -9999.0 -9999.0 -9999.0 -9999.0 -9999.0 -9999.0 -9999.0 -9999.0 3.527130 7.660871 6.540223 6.468226 7.565033 11.040490 9.658373 8.066359 9.150606 7.513561 7.077337 8.432246 6.769702 3.554855 2.948126 2.077377 5.138217 5.584905 2.835007 1.989453 1.799278 2.019409 -9999.0 -9999.0 -9999.0 -9999.0 -9999.0 -9999.0 -9999.0 -9999.0 -9999.0 -9999.0 -9999.0 -9999.0 -9999.0 -9999.0 -9999.0 -9999.0 -9999.0 -9999.0 -9999.0 -9999.0 -9999.0 -9999.0 -9999.0 -9999.0 -9999.0 -9999.0 -9999.0 -9999.0
-9999.0 -9999.0 -9999.0 -9999.0 -9999.0 -9999.0 -9999.0 -9999.0 -9999.0 -9999.0 -9999.0 -9999.0 -9999.0 7.217461 6.360752 7.840448 5.652846 6.942564 10.583245 8.099624 6.804293 6.650735 5.130384 5.759338 8.369332 6.769858 4.064706 1.814876 2.695216 2.102009 2.780569 -0.000228 1.239999 -0.186641 1.069577 -9999.0 -9999.0 -9999.0 -9999.0 -9999.0 -9999.0 -9999.0 -9999.0 -9999.0 -9999.0 -9999.0 -9999.0 -9999.0 -9999.0 -9999.0 -9999.0 -9999.0 -9999.0 -9999.0 -9999.0 -9999.0 -9999.0 -9999.0 -9999.0 -9999.0 -9999.0 -9999.0 -9999.0
-9999.0 -9999.0 -9999.0 -9999.0 -9999.0 -9999.0 -9999.0 -9999.0 -9999.0 -9999.0 -9999.0 -9999.0 6.525045 5.732134 7.449438 4.835119 3.103250 6.039588 8.962856 8.175073 8.260186 6.506589 5.824644 5.629012 6.717626 3.070104 5.760123 3.190727 4.131439 2.803789 1.515975 2.370654 2.976986 1.654595 -9999.0 -9999.0 -9999.0 -9999.0 -9999.0 -9999.0 -9999.0 -9999.0 -9999.0 -9999.0 -9999.0 -9999.0 -9999.0 -9999.0 -9999.0 -9999.0 -9999.0 -9999.0 -9999.0 -9999.0 -9999.0 -9999.0 -9999.0 -9999.0 -9999.0 -9999.0 -9999.0 -9999.0 -9999.0
-9999.0 -9999.0 -9999.0 -9999.0 -9999.0 -9999.0 -9999.0 -9999.0 -9999.0 -9999.0 -9999.0 3.837608 5.089594 5.502539 4.049491 2.785445 3.527187 5.261124 8.939171 7.973785 5.384708 7.066774 4.187326 3.008855 6.193537 3.839597 2.294174 3.291232 4.388096 1.800886 2.198978 4.094588 2.915071 2.459480 2.300454 2.934892 3.013051 3.453505 3.227337 -9999.0 -9999.0 -9999.0 2.106310 -9999.0 -9999.0 -9999.0 -9999.0 -9999.0 -9999.0 -9999.0 -9999.0 -9999.0 -9999.0 -9999.0 -9999.0 -9999.0 -9999.0 -9999.0 -9999.0 -9999.0 -9999.0 -9999.0 -9999.0
-9999.0 -9999.0 -9999.0 -9999.0 -9999.0 -9999.0 -9999.0 -9999.0 -9999.0 -9999.0 -9999.0 3.063061 4.616860 5.420951 4.232098 2.289713 4.867512 6.042749 8.816336 8.294827 7.063277 5.411996 4.283574 3.742468 4.641605 3.255489 3.535520 4.255064 4.192611 3.084962 3.451116 5.246803 3.153206 2.852090 2.193811 4.229307 5.116649 5.081071 3.346948 3.023540 2.712980 2.239285 2.922690 2.822300 -9999.0 -9999.0 -9999.0 1.685010 2.825625 3.700579 4.112903 2.914138 2.806890 2.091809 2.624319 1.241606 -9999.0 -9999.0 -9999.0 -9999.0 -9999.0 -9999.0 -9999.0
-9999.0 -9999.0 -9999.0 -9999.0 -9999.0 -9999.0 -9999.0 -9999.0 -9999.0 -9999.0 -9999.0 3.201621 2.439466 3.249594 3.664843 3.146754 3.266676 4.190742 7.994450 9.804261 5.987695 6.067410 4.757942 3.984469 3.063118 3.062313 5.203393 5.450322 2.978648 3.774791 2.708616 4.906192 4.943329 2.194283 2.249514 5.141165 5.771480 6.425108 5.842835 4.302227 3.533300 2.713443 4.814117 3.564705 3.375302 -9999.0 1.337091 3.654437 3.567059 4.845794 5.261231 5.258444 4.977614 4.112044 4.044025 4.482299 -9999.0 -9999.0 -9999.0 -9999.0 -9999.0 -9999.0 -9999.0
-9999.0 -9999.0 -9999.0 -9999.0 -9999.0 -9999.0 -9999.0 -9999.0 -9999.0 -9999.0 -9999.0 -9999.0 2.979277 2.989110 3.455754 3.864189 2.183480 4.235664 8.061211 10.226478 6.186560 6.627063 6.458754 5.618147 4.215294 5.109030 6.504530 4.291260 3.150746 2.629579 3.318128 5.133935 4.899537 3.176504 2.069533 3.820757 4.837482 6.548643 9.040856 4.154795 4.513699 5.528675 5.411296 5.122080 3.504727 3.654913 3.191196 3.815422 4.497297 6.136101 7.464972 5.951099 6.376666 5.603534 5.272424 4.092606 4.502258 -9999.0 -9999.0 -9999.0 -9999.0 -9999.0 -9999.0
-9999.0 -9999.0 -9999.0 -9999.0 -9999.0 -9999.0 -9999.0 -9999.0 -9999.0 -9999.0 -9999.0 3.121123 2.430420 2.347818 3.669792 3.755728 4.679395 4.722109 8.179917 8.525838 6.793274 6.223307 6.809955 5.195202 5.272547 6.530633 5.923152 2.984260 2.984444 3.749902 5.326536 6.094797 5.742491 3.242522 1.924115 4.083010 2.698791 5.454363 7.068696 6.066203 5.224436 6.418424 7.094276 5.921709 5.756072 3.111087 3.938642 4.048394 4.833140 7.498393 4.813538 3.724042 4.481170 3.365143 0.429025 3.221866 4.253259 -9999.0 -9999.0 -9999.0 -9999.0 -9999.0 -9999.0
-9999.0 -9999.0 -9999.0 -9999.0 -9999.0 -9999.0 -9999.0 -9999.0 -9999.0 -9999.0 4.310800 4.215985 3.420402 2.828848 3.535862 5.244008 5.254983 4.328905 7.939560 8.823933 9.210561 8.500178 5.029470 6.128339 7.023276 6.881133 5.009887 3.915605 4.856362 5.330654 6.667295 6.455944 5.150923 3.044328 1.893838 2.463146 4.803923 5.067619 5.954480 7.539036 7.635553 8.708809 9.984567 7.553908 6.263354 4.015922 4.143540 6.031172 6.980931 8.122596 4.380776 4.150853 0.348672 0.678928 3.075858 4.243704 4.644659 -9999.0 -9999.0 -9999.0 -9999.0 -9999.0 -9999.0
-9999.0 -9999.0 -9999.0 -9999.0 -9999.0 -9999.0 -9999.0 -9999.0 -9999.0 2.326698 3.663054 4.578228 5.288819 4.126089 4.801145 4.911829 4.513434 5.962786 7.527252 9.325160 9.998140 7.457044 6.655400 8.848222 8.173514 4.859794 4.792980 5.534325 6.728552 7.336702 8.551949 4.505953 2.836089 1.994472 2.360791 2.517944 4.236704 5.004901 4.785310 6.062871 6.309503 5.231777 5.129429 8.072074 7.793188 6.469068 6.899886 6.018598 6.084854 8.943626 5.891560 3.156983 0.645816 1.073887 3.417600 5.107785 6.040437 4.409827 4.360060 -9999.0 -9999.0 -9999.0 -9999.0
-9999.0 -9999.0 -9999.0 -9999.0 -9999.0 -9999.0 -9999.0 -9999.0 -9999.0 3.133170 2.925988 3.796218 6.405876 6.045625 5.255020 4.717543 5.362737 7.225071 8.552288 11.589228 11.738134 11.366361 9.997283 8.216662 5.193085 5.539128 6.436757 7.328652 9.102588 8.687711 7.406148 4.330944 4.124887 3.800596 3.167963 2.813298 3.163751 4.186058 2.891406 4.735883 4.813570 3.892187 5.762376 8.006348 8.834748 9.660441 9.695653 8.738447 8.183743 9.054950 4.637618 0.438915 3.295008 3.483855 3.528247 4.425082 6.161748 6.882696 5.966036 -9999.0 -9999.0 -9999.0 -9999.0
-9999.0 -9999.0 -9999.0 -9999.0 -9999.0 -9999.0 -9999.0 -9999.0 -9999.0 -9999.0 2.588160 4.297370 5.777876 6.084880 6.788419 6.013660 6.558644 8.393898 10.246662 11.461560 10.784323 8.077929 6.426800 5.841801 5.765295 7.181766 8.272462 9.795851 7.570548 4.835899 4.493657 5.892914 3.530679 2.626832 4.454624 5.355880 5.240132 5.621415 3.109244 2.688815 2.028733 4.685771 6.183300 5.885052 6.168268 6.501958 7.471427 10.220558 10.929516 8.570437 5.565951 5.970686 4.084846 2.880204 2.661458 3.516180 5.650946 8.565940 8.894341 8.862380 -9999.0 -9999.0 -9999.0
-9999.0 -9999.0 -9999.0 -9999.0 -9999.0 -9999.0 -9999.0 -9999.0 -9999.0 -9999.0 2.848645 3.749118 4.480749 6.456057 9.663876 7.260248 6.324219 8.827181 10.984900 12.030575 9.648786 7.405075 6.299977 6.714800 7.116249 8.698363 10.467084 7.119972 5.243548 4.049786 3.532438 4.949236 4.255307 2.798474 3.085314 5.042981 6.579745 6.216191 4.484065 3.200666 3.199206 5.029256 4.493301 4.238551 5.233898 5.466971 6.900221 6.966734 9.074892 11.053802 8.898242 5.930414 5.427109 3.450258 4.051292 4.211983 3.640956 7.642950 10.049910 11.168251 -9999.0 -9999.0 -9999.0
-9999.0 -9999.0 -9999.0 -9999.0 -9999.0 -9999.0 -9999.0 -9999.0 4.652760 3.590485 3.631224 4.362726 5.584153 5.843322 5.766571 8.729435 9.185376 11.846723 12.209107 12.410317 11.038372 10.123904 9.314311 7.762886 8.925916 9.784246 9.501889 5.726226 5.620772 4.277191 -0.000129 3.430330 3.736080 3.926222 3.648014 2.890748 5.785735 6.718714 3.528962 3.810696 2.922516 4.541814 3.868676 2.408297 4.735043 6.274951 4.362325 6.328491 7.520819 11.042094 9.377425 7.242962 6.530126 0.333664 4.054617 5.678578 5.726342 7.988735 10.004338 11.595175 -9999.0 -9999.0 -9999.0
-9999.0 -9999.0 -9999.0 -9999.0 -9999.0 -9999.0 -9999.0 -9999.0 5.400032 5.589111 4.474490 2.968349 4.044072 6.326454 5.292505 6.855293 8.673283 9.139062 11.439563 12.855187 13.733959 13.564034 11.415232 11.457479 9.731405 10.348473 7.865636 6.974906 4.754579 3.625818 3.352931 3.279534 4.279600 2.935757 4.257894 4.681744 6.861900 7.542364 5.683423 4.287142 2.785482 2.093418 2.651781 4.566166 5.977544 5.727831 4.391233 4.896357 7.222776 9.259984 11.612831 8.687724 6.148497 5.449293 7.377424 8.243923 8.479620 9.462168 11.655197 14.188296 14.383511 -9999.0 -9999.0
-9999.0 -9999.0 -9999.0 -9999.0 -9999.0 -9999.0 -9999.0 -9999.0 3.434414 5.477545 6.239336 4.135710 5.173613 4.998060 6.374308 5.691370 8.045942 10.266849 11.525575 13.544830 13.367544 13.997082 13.792949 12.332051 12.905183 9.061501 7.542034 5.452001 4.515821 4.379535 3.860744 5.532657 4.900447 4.970666 5.132065 6.680564 0.283159 8.664800 5.769705 5.338075 3.877463 2.975386 4.118522 4.887880 5.001445 4.660902 3.507467 4.708602 5.688447 8.115936 11.601574 10.387370 7.374516 7.050362 9.808520 10.410840 11.327288 12.043097 14.022582 14.356303 14.342593 -9999.0 -9999.0
-9999.0 -9999.0 -9999.0 -9999.0 -9999.0 -9999.0 -9999.0 -9999.0 3.052487 4.935046 6.835291 4.841289 5.439732 6.273388 6.396816 7.623690 10.636162 11.535550 12.052473 11.901149 13.067573 13.526630 14.255282 13.928163 10.806060 8.152980 6.535799 4.972724 5.864210 6.596140 6.108841 6.420716 7.192559 7.499936 6.012295 5.657475 6.930929 9.614898 0.995056 6.151655 4.682937 4.855510 4.982992 4.877709 4.184593 4.341870 5.347081 5.595482 5.468782 7.486166 9.603757 12.036341 11.264847 10.757572 12.442819 12.401276 13.158079 12.622529 13.885384 14.213637 13.188607 10.676217 -9999.0
-9999.0 -9999.0 -9999.0 -9999.0 -9999.0 -9999.0 -9999.0 -9999.0 3.757691 4.802726 5.866214 5.652388 6.635145 7.187170 9.594235 10.378917 11.473980 8.868099 7.793711 9.874200 11.432918 13.378413 13.687907 13.789418 12.406651 8.526868 5.858152 7.362765 8.093200 8.198853 5.849006 7.671609 9.066637 8.143285 0.314540 0.359226 8.465704 10.936824 9.565473 8.331186 7.208443 6.281344 7.524520 7.075987 5.708202 6.134515 6.882069 7.913229 7.621197 9.501740 11.712260 11.714254 12.578746 13.423421 13.442846 13.509268 14.306842 14.255739 14.121678 13.251093 11.506461 9.772874 -9999.0
-9999.0 -9999.0 4.060247 4.510698 5.056367 5.126154 5.732886 4.921462 3.654100 4.504788 5.575476 7.356401 7.451996 9.375875 12.064586 10.777443 7.445074 5.822960 6.735468 7.631413 10.059960 12.392583 13.472097 13.092091 12.319178 9.778830 8.411097 7.551374 8.689736 9.534753 6.620967 7.081026 10.048976 8.412711 9.774177 9.045640 11.156174 12.461376 10.686424 8.925095 9.465847 9.629758 8.858090 9.079945 6.698740 7.760467 9.242683 8.634482 10.737485 12.544370 13.509720 13.933793 14.253390 14.258102 14.237014 14.839538 13.202042 13.284526 11.934324 11.255623 10.439017 8.759781 -9999.0
-9999.0 5.741005 5.690200 5.569255 5.206047 5.891103 5.661540 4.461492 3.726243 3.716862 5.766305 6.519801 8.427019 10.473533 11.470878 7.130943 6.731611 5.853430 6.446364 7.575205 10.183022 11.677051 13.731163 12.615518 13.724607 12.122522 12.209003 12.179723 12.036541 10.270398 10.555364 10.301500 10.347895 11.617171 11.727600 12.539467 13.484144 14.505144 13.575051 12.554076 11.981398 11.942680 11.530945 9.310458 9.575710 10.139950 11.908160 12.352570 13.722195 13.784790 13.869983 13.860458 12.954830 12.791496 12.829864 12.266988 10.580509 10.242976 10.447730 9.689015 7.930765 8.321356 -9999.0
-9999.0 5.869865 6.685916 6.855428 7.511956 6.766341 4.110936 4.326689 3.623267 3.809099 5.614929 6.306080 8.487737 11.523963 7.673071 5.663462 5.554133 5.645314 7.525647 7.828768 9.951267 9.894268 11.929198 12.916713 13.660176 13.827059 12.478329 13.074148 12.980531 12.302436 12.357958 11.999477 11.663283 12.143005 13.380684 14.969951 16.949557 17.723851 15.396865 15.870159 15.382806 13.734580 13.029906 13.011206 13.191496 13.329245 13.913525 14.159546 13.876479 13.849055 12.932344 11.399461 11.109738 11.239251 10.724288 9.391681 9.342380 8.385671 7.924563 7.070378 6.905918 -9999.0 -9999.0
-9999.0 4.742775 6.459677 6.330450 7.719569 7.986314 7.798858 4.823517 5.522751 5.675092 6.680517 7.462384 10.551605 9.490822 6.379993 5.015755 4.998751 6.038472 5.699168 7.475676 7.463268 9.139572 11.125152 13.460212 13.529821 12.864514 12.909235 12.852573 12.863869 12.855546 12.983728 13.352775 13.418734 13.582146 14.180149 14.977662 15.687032 17.201374 16.193870 16.075141 15.644343 15.961641 14.657336 14.451649 14.174401 13.905761 13.475212 12.259536 11.494531 10.409349 9.456368 9.572601 8.806813 10.433906 8.625821 7.758190 7.430950 6.768542 6.387284 -9999.0 -9999.0 -9999.0 -9999.0
