user2019/resources/simulation/Vinschgau/output-maps/TsL0008N0062.asc
ncols         63
nrows         48
xllcorner     598000.000000
yllcorner     5145000.000000
cellsize      1000.000000
NODATA_value  -9999.0
[rows 0 to 27 of 48, columns 0 to 62 of 63]
-9999.0 -9999.0 -9999.0 -9999.0 -9999.0 -9999.0 -9999.0 -9999.0 -9999.0 -9999.0 -9999.0 -9999.0 -9999.0 -9999.0 -9999.0 -9999.0 -9999.0 -9999.0 -9999.0 -9999.0 -9999.0 -9999.0 -9999.0 -9999.0 -9999.0 -9999.0 -9999.0 -9999.0 -9999.0 -9999.0 -9999.0 -9999.0 -9999.0 -9999.0 -9999.0 -9999.0 -9999.0 -9999.0 -9999.0 -9999.0 -9999.0 -9999.0 -9999.0 -9999.0 -9999.0 -9999.0 -9999.0 -9999.0 -9999.0 -9999.0 -9999.0 -9999.0 -9999.0 -9999.0 -9999.0 -9999.0 -9999.0 -9999.0 -9999.0 -9999.0 -9999.0 -9999.0 -9999.0
-9999.0 -9999.0 -9999.0 -9999.0 -9999.0 -9999.0 -9999.0 -9999.0 -9999.0 -9999.0 -9999.0 -9999.0 -9999.0 -9999.0 -9999.0 -9999.0 -9999.0 -9999.0 -9999.0 -9999.0 -9999.0 -9999.0 -9999.0 -9999.0 -9999.0 -9999.0 -9999.0 -0.002382 -0.002190 -0.002963 -0.004406 -0.007738 -0.009183 -9999.0 -9999.0 -9999.0 -9999.0 -9999.0 -9999.0 -9999.0 -9999.0 -9999.0 -9999.0 -9999.0 -9999.0 -9999.0 -9999.0 -9999.0 -9999.0 -9999.0 -9999.0 -9999.0 -9999.0 -9999.0 -9999.0 -9999.0 -9999.0 -9999.0 -9999.0 -9999.0 -9999.0 -9999.0 -9999.0
-9999.0 -9999.0 -9999.0 -9999.0 -9999.0 -9999.0 -9999.0 -9999.0 -9999.0 -9999.0 -9999.0 -9999.0 -9999.0 -9999.0 -9999.0 -9999.0 -9999.0 -9999.0 -9999.0 -9999.0 -9999.0 -9999.0 -9999.0 -9999.0 0.016668 0.016938 -0.002153 -0.002141 -0.002060 -0.002444 -0.002957 -9999.0 -9999.0 -9999.0 -9999.0 -9999.0 -9999.0 -9999.0 -9999.0 -9999.0 -9999.0 -9999.0 -9999.0 -9999.0 -9999.0 -9999.0 -9999.0 -9999.0 -9999.0 -9999.0 -9999.0 -9999.0 -9999.0 -9999.0 -9999.0 -9999.0 -9999.0 -9999.0 -9999.0 -9999.0 -9999.0 -9999.0 -9999.0
-9999.0 -9999.0 -9999.0 -9999.0 -9999.0 -9999.0 -9999.0 -9999.0 -9999.0 -9999.0 -9999.0 -9999.0 -9999.0 -9999.0 -9999.0 -9999.0 -9999.0 -9999.0 -9999.0 -9999.0 -9999.0 -9999.0 -9999.0 0.012224 0.035982 0.191677 0.271021 0.234832 0.166181 -0.003125 -0.002708 -0.002047 -9999.0 -9999.0 -9999.0 -9999.0 -9999.0 -9999.0 -9999.0 -9999.0 -9999.0 -9999.0 -9999.0 -9999.0 -9999.0 -9999.0 -9999.0 -9999.0 -9999.0 -9999.0 -9999.0 -9999.0 -9999.0 -9999.0 -9999.0 -9999.0 -9999.0 -9999.0 -9999.0 -9999.0 -9999.0 -9999.0 -9999.0
-9999.0 -9999.0 -9999.0 -9999.0 -9999.0 -9999.0 -9999.0 -9999.0 -9999.0 -9999.0 -9999.0 -9999.0 -9999.0 -9999.0 -9999.0 -9999.0 -9999.0 -9999.0 0.715504 0.103269 -9999.0 0.008067 0.029284 0.231262 0.483199 1.420381 0.044618 0.052791 1.416822 0.023246 -0.003363 -0.002455 -0.004148 -0.005512 -9999.0 -9999.0 -9999.0 -9999.0 -9999.0 -9999.0 -9999.0 -9999.0 -9999.0 -9999.0 -9999.0 -9999.0 -9999.0 -9999.0 -9999.0 -9999.0 -9999.0 -9999.0 -9999.0 -9999.0 -9999.0 -9999.0 -9999.0 -9999.0 -9999.0 -9999.0 -9999.0 -9999.0 -9999.0
-9999.0 -9999.0 -9999.0 -9999.0 -9999.0 -9999.0 -9999.0 -9999.0 -9999.0 -9999.0 -9999.0 -9999.0 -9999.0 -9999.0 -9999.0 -9999.0 -9999.0 2.972011 1.827503 0.031009 -0.002242 0.019934 0.017550 0.013829 1.159849 -0.002469 -0.002037 0.024677 -0.002023 0.043732 0.011237 -0.003098 -0.003288 -0.004236 -0.004270 -0.216983 -9999.0 -9999.0 -9999.0 -9999.0 -9999.0 -9999.0 -9999.0 -9999.0 -9999.0 -9999.0 -9999.0 -9999.0 -9999.0 -9999.0 -9999.0 -9999.0 -9999.0 -9999.0 -9999.0 -9999.0 -9999.0 -9999.0 -9999.0 -9999.0 -9999.0 -9999.0 -9999.0
-9999.0 -9999.0 -9999.0 -9999.0 -9999.0 -9999.0 -9999.0 -9999.0 -9999.0 -9999.0 -9999.0 -9999.0 -9999.0 -0.002059 0.126297 1.126292 2.401580 3.537454 2.580630 0.750240 0.642621 0.981372 1.448221 0.992249 -0.002206 -0.002342 -0.002989 -0.002045 -0.002247 0.015888 0.028992 -0.002270 -0.003344 -0.013990 -0.641617 -1.045791 -9999.0 -9999.0 -9999.0 -9999.0 -9999.0 -9999.0 -9999.0 -9999.0 -9999.0 -9999.0 -9999.0 -9999.0 -9999.0 -9999.0 -9999.0 -9999.0 -9999.0 -9999.0 -9999.0 -9999.0 -9999.0 -9999.0 -9999.0 -9999.0 -9999.0 -9999.0 -9999.0
-9999.0 -9999.0 -9999.0 -9999.0 -9999.0 -9999.0 -9999.0 -9999.0 -9999.0 -9999.0 -9999.0 -9999.0 -9999.0 0.006654 0.968685 1.507941 1.490632 2.347366 3.737954 1.671241 2.083157 0.006878 0.807064 0.260008 0.020886 -0.002044 -0.002397 -0.012480 -0.016083 -0.002746 0.003107 -0.012375 -0.797011 -1.498327 -1.364956 -9999.0 -9999.0 -9999.0 -9999.0 -9999.0 -9999.0 -9999.0 -9999.0 -9999.0 -9999.0 -9999.0 -9999.0 -9999.0 -9999.0 -9999.0 -9999.0 -9999.0 -9999.0 -9999.0 -9999.0 -9999.0 -9999.0 -9999.0 -9999.0 -9999.0 -9999.0 -9999.0 -9999.0
-9999.0 -9999.0 -9999.0 -9999.0 -9999.0 -9999.0 -9999.0 -9999.0 -9999.0 -9999.0 -9999.0 -9999.0 -9999.0 0.340585 1.487282 1.403199 0.976518 1.759948 3.591509 2.418585 0.320036 -0.003610 -0.002069 -0.001896 0.032908 0.055885 -0.002765 -0.016577 -0.002418 -0.182760 -0.010048 -1.178990 -1.162773 -1.538068 -1.656245 -9999.0 -9999.0 -9999.0 -9999.0 -9999.0 -9999.0 -9999.0 -9999.0 -9999.0 -9999.0 -9999.0 -9999.0 -9999.0 -9999.0 -9999.0 -9999.0 -9999.0 -9999.0 -9999.0 -9999.0 -9999.0 -9999.0 -9999.0 -9999.0 -9999.0 -9999.0 -9999.0 -9999.0
-9999.0 -9999.0 -9999.0 -9999.0 -9999.0 -9999.0 -9999.0 -9999.0 -9999.0 -9999.0 -9999.0 -9999.0 0.107339 0.753982 0.626260 -0.002187 0.021412 1.428443 3.108214 1.869729 0.295978 -0.002009 -0.002341 0.006726 0.039609 -0.006927 0.012173 -0.002107 -0.002549 -0.064558 -0.012532 -0.003677 -0.003373 -0.083306 -9999.0 -9999.0 -9999.0 -9999.0 -9999.0 -9999.0 -9999.0 -9999.0 -9999.0 -9999.0 -9999.0 -9999.0 -9999.0 -9999.0 -9999.0 -9999.0 -9999.0 -9999.0 -9999.0 -9999.0 -9999.0 -9999.0 -9999.0 -9999.0 -9999.0 -9999.0 -9999.0 -9999.0 -9999.0
-9999.0 -9999.0 -9999.0 -9999.0 -9999.0 -9999.0 -9999.0 -9999.0 -9999.0 -9999.0 -9999.0 0.002473 -0.001725 0.577256 -0.002014 -0.002068 -0.004282 1.127505 3.208027 2.095412 0.760150 0.451920 -0.002221 -0.004158 -0.002218 -0.002288 -0.007922 -0.002105 -0.002009 -0.607036 -0.003078 -0.002522 -0.004799 -0.138791 -0.009296 -0.013955 -0.021843 -0.003093 -0.002404 -9999.0 -9999.0 -9999.0 -0.017681 -9999.0 -9999.0 -9999.0 -9999.0 -9999.0 -9999.0 -9999.0 -9999.0 -9999.0 -9999.0 -9999.0 -9999.0 -9999.0 -9999.0 -9999.0 -9999.0 -9999.0 -9999.0 -9999.0 -9999.0
-9999.0 -9999.0 -9999.0 -9999.0 -9999.0 -9999.0 -9999.0 -9999.0 -9999.0 -9999.0 -9999.0 -0.002009 0.007547 0.069335 -0.002008 -0.003446 0.219722 1.835917 3.206183 2.388243 1.613244 0.275525 -0.001565 -0.002158 -0.002048 -0.003513 -0.002414 -0.002322 -0.002861 -0.012056 -0.002886 -0.003332 -0.004602 -0.003407 -0.006244 -0.011933 0.199668 0.229695 0.047226 -2.183431 -1.038039 -0.430734 -0.004620 -0.007810 -9999.0 -9999.0 -9999.0 0.149354 -0.000136 -0.002011 0.009859 -0.002010 -0.002013 0.187396 0.190554 -0.002384 -9999.0 -9999.0 -9999.0 -9999.0 -9999.0 -9999.0 -9999.0
-9999.0 -9999.0 -9999.0 -9999.0 -9999.0 -9999.0 -9999.0 -9999.0 -9999.0 -9999.0 -9999.0 -0.002008 -0.002012 -0.002990 0.007139 -0.002650 -0.002008 1.133786 2.532072 2.589803 1.431082 -0.002010 -0.002009 0.000714 -0.004429 -0.003273 -0.002011 -0.002659 -0.006771 -0.003336 -0.013132 -0.003947 -0.002434 -0.004729 -0.017276 -0.002499 -0.002014 -0.002048 0.464634 -0.004705 -0.002011 -0.009706 -0.002591 -0.003930 -0.002230 -9999.0 -0.003784 0.000886 0.048396 0.072922 0.059622 -0.002009 0.063612 0.078122 0.055312 0.022891 -9999.0 -9999.0 -9999.0 -9999.0 -9999.0 -9999.0 -9999.0
-9999.0 -9999.0 -9999.0 -9999.0 -9999.0 -9999.0 -9999.0 -9999.0 -9999.0 -9999.0 -9999.0 -9999.0 -0.002010 0.005781 0.000238 -0.002008 -0.002092 0.555247 3.244656 2.655449 1.218005 0.093332 0.092927 -0.001072 -0.002533 -0.002010 0.343734 -0.004695 -0.003515 -0.002981 -0.002520 -0.003322 -0.003473 -0.003624 -0.007638 -0.009953 -0.009787 -0.002009 1.347507 -0.002214 0.022278 -0.002535 -0.002173 0.027566 -0.003438 -0.002008 -0.002105 0.000167 -0.002012 -0.002009 0.030098 0.010198 0.218486 0.039291 -0.002008 -0.001240 0.021666 -9999.0 -9999.0 -9999.0 -9999.0 -9999.0 -9999.0
-9999.0 -9999.0 -9999.0 -9999.0 -9999.0 -9999.0 -9999.0 -9999.0 -9999.0 -9999.0 -9999.0 -0.002008 -0.002119 -0.002799 -0.002008 -0.002008 0.005285 0.436897 2.659236 2.733024 1.645708 0.817949 0.006282 -0.002305 -0.002009 0.013794 0.016472 -0.004272 -0.002348 -0.003101 -0.002060 -0.002130 -0.002008 -0.003327 -0.703708 -0.008792 -1.255522 -0.006034 0.183107 0.833465 -0.002053 0.239317 0.456039 -0.002864 0.226912 -0.002008 0.026983 -0.002035 0.002026 -0.002567 -0.003194 -0.002658 -0.002011 -0.004872 -0.003421 -0.005240 -0.002013 -9999.0 -9999.0 -9999.0 -9999.0 -9999.0 -9999.0
-9999.0 -9999.0 -9999.0 -9999.0 -9999.0 -9999.0 -9999.0 -9999.0 -9999.0 -9999.0 0.032786 -0.002010 -0.002008 -0.002076 0.005934 0.045056 -0.002011 -0.002061 2.091473 2.724503 2.417681 0.422419 -0.002158 0.557096 0.182803 0.018114 -0.002558 -0.006476 -0.002058 0.062158 0.017187 -0.002010 -0.002309 -0.005700 -1.816106 -0.011140 -0.004569 -0.003288 -0.002120 0.677418 0.893067 0.319274 -0.002035 1.440021 0.024208 -0.003205 0.033616 -0.002188 0.025204 0.021015 -0.002837 -0.004611 -0.003957 -0.005217 -0.004354 0.043009 0.027105 -9999.0 -9999.0 -9999.0 -9999.0 -9999.0 -9999.0
-9999.0 -9999.0 -9999.0 -9999.0 -9999.0 -9999.0 -9999.0 -9999.0 -9999.0 -0.002410 0.020920 0.015961 0.011171 -0.002019 0.015811 -0.002015 -0.002103 0.277800 2.266659 2.899615 2.775301 0.239480 0.171277 0.349394 0.014236 -0.002966 -0.002175 0.179189 0.033563 0.156682 0.254959 -0.004055 -0.232116 -0.684094 -0.033705 -0.746156 -0.003074 -0.004482 -0.003919 -0.003051 0.380358 -0.002452 -0.003498 1.533642 1.071995 0.012459 0.612420 -0.002287 -0.002264 0.229593 -0.002246 -0.002016 -0.005545 -0.003363 -0.002120 -0.002011 0.021696 0.045241 0.008467 -9999.0 -9999.0 -9999.0 -9999.0
-9999.0 -9999.0 -9999.0 -9999.0 -9999.0 -9999.0 -9999.0 -9999.0 -9999.0 -0.002541 -0.002164 -0.002257 0.819281 0.047412 -0.002008 -0.002011 0.217653 0.237856 2.869426 3.392178 3.316586 3.164715 0.008507 0.010530 -0.002687 -0.002008 0.011292 0.208600 0.370573 0.021055 -0.002080 -0.005125 -0.003935 -0.002411 -0.003077 -0.004897 -0.006344 -0.005325 -0.009574 -0.002523 0.009210 -0.003527 -0.002008 0.161048 1.978890 1.840653 1.653818 0.433581 0.111534 0.031145 -0.002366 -0.002036 -0.003627 -0.002459 -0.004088 0.018773 -0.001266 0.044731 0.068638 -9999.0 -9999.0 -9999.0 -9999.0
-9999.0 -9999.0 -9999.0 -9999.0 -9999.0 -9999.0 -9999.0 -9999.0 -9999.0 -9999.0 -0.002165 -0.002295 -0.002012 0.574182 0.171472 0.009425 0.010394 0.574225 3.707983 3.303409 2.638925 2.012535 0.173070 -0.002062 -0.002008 0.170065 0.509654 1.032510 -0.002008 -0.002184 -0.003105 0.016541 -0.004057 -0.005191 -0.002429 -0.002008 0.019932 0.004905 -0.004431 -0.006301 -0.009039 0.022223 0.016972 -0.002054 -0.003196 -0.002305 0.906236 0.182593 2.135817 0.264372 -0.002536 -0.002017 -0.002010 -0.003646 0.000528 -0.002617 -0.002008 0.002383 0.042677 0.014810 -9999.0 -9999.0 -9999.0
-9999.0 -9999.0 -9999.0 -9999.0 -9999.0 -9999.0 -9999.0 -9999.0 -9999.0 -9999.0 -0.002146 -0.002174 -0.000005 0.008071 1.598489 0.308581 0.191261 2.035812 4.238257 3.773904 2.577924 0.924869 0.176378 0.138683 0.116401 1.080725 2.076440 0.087491 -0.002033 -0.004280 -0.004587 0.000248 -0.005263 -0.004752 -0.005101 -0.002534 -0.002008 -0.002599 -0.003914 -0.003683 -0.002008 -0.002137 -0.002008 -0.003752 0.007685 -0.002108 0.020117 -0.002253 2.159987 1.903047 0.146793 0.002191 0.015955 -0.002010 -0.002522 -0.002009 -0.002468 0.018606 2.078885 2.240449 -9999.0 -9999.0 -9999.0
-9999.0 -9999.0 -9999.0 -9999.0 -9999.0 -9999.0 -9999.0 -9999.0 0.029727 -0.002050 -0.003153 0.003937 -0.002048 -0.002105 -0.002062 1.384624 2.264016 3.784207 4.091799 4.163256 3.965149 3.020224 2.414842 0.963021 0.449913 2.583846 0.491441 -0.001851 0.000974 -0.002583 -0.026602 -0.003998 -0.003011 -0.002418 -0.002008 -0.006201 0.005832 -0.002188 -0.005137 -0.002296 -0.004211 -0.002274 -0.005786 -0.008433 -0.001737 0.056666 -0.002957 0.020468 0.005854 1.876723 0.319586 -0.002122 0.020891 -0.002064 0.014158 0.080998 0.062505 0.131656 0.719713 4.290883 -9999.0 -9999.0 -9999.0
-9999.0 -9999.0 -9999.0 -9999.0 -9999.0 -9999.0 -9999.0 -9999.0 -0.003257 -0.002008 -0.003018 -0.003410 -0.002161 -0.002010 -0.002059 0.239010 1.511417 0.900834 4.428414 4.583592 5.828818 4.987901 3.932015 2.498886 2.887842 3.326838 1.446257 0.000132 -0.003807 -0.002008 -0.002009 -0.002769 0.000996 -0.002075 0.029975 0.070625 0.030064 0.006106 -0.002541 0.016539 -0.002969 -0.008293 -0.005714 0.037339 0.088647 0.005550 -0.003644 -0.002932 -0.000044 1.939361 2.055884 0.005900 -0.002020 0.053202 0.040791 -0.002238 -0.000093 0.059743 2.917010 4.836778 5.032488 -9999.0 -9999.0
-9999.0 -9999.0 -9999.0 -9999.0 -9999.0 -9999.0 -9999.0 -9999.0 -0.002302 -0.002042 0.007160 -0.003399 0.001174 -0.003654 0.009510 -0.002147 1.102261 0.878226 4.490507 5.052533 4.977190 5.147710 5.052104 3.831913 4.428278 2.677820 1.009448 -0.002035 -0.007165 -0.002195 -0.002549 0.065723 -0.002188 -0.003426 0.079003 0.091104 0.000748 0.040617 -0.002594 -0.002013 -0.002010 -0.002017 0.033715 -0.002008 -0.002008 -0.002012 -0.001770 0.045302 -0.001012 0.374559 3.203547 0.930899 -0.002369 -0.002332 0.035726 0.797271 1.589487 3.286635 4.697283 4.978917 4.907253 -9999.0 -9999.0
-9999.0 -9999.0 -9999.0 -9999.0 -9999.0 -9999.0 -9999.0 -9999.0 -0.009768 -0.002016 0.108636 -0.004002 0.039067 0.034339 0.015798 1.403648 3.630792 4.500074 2.493889 4.590181 4.440978 4.812193 4.982943 4.450368 2.650663 1.065215 0.008545 -0.002543 0.199064 -0.002011 -0.002239 -0.002191 0.049854 0.011805 -0.002214 0.058510 0.048138 0.141299 -0.003337 -0.002107 0.016992 0.062329 0.064964 -0.002201 0.056452 0.016234 0.056213 0.018818 0.074645 -0.002132 0.820997 3.591935 1.465464 0.626752 1.579750 3.197688 4.280913 4.329609 5.256114 4.803295 3.851060 2.412998 -9999.0
-9999.0 -9999.0 -9999.0 -9999.0 -9999.0 -9999.0 -9999.0 -9999.0 -0.002008 0.024309 0.030078 -0.002105 0.003241 0.475520 1.816469 2.588124 1.840516 2.304557 1.193910 2.251582 3.732233 4.476390 4.527704 4.339068 1.453329 0.192919 -0.002103 0.047714 0.231758 0.149681 -0.002171 0.036577 0.305930 0.013045 -0.002332 -0.002331 -0.002009 0.956097 0.050065 -0.001711 -0.002755 -0.002647 -0.002011 -0.002247 -0.002216 0.086576 -0.002190 0.005270 -0.002010 0.097092 2.042045 3.146255 2.214405 3.696220 1.895028 1.721424 4.318127 4.442823 4.573366 3.975109 3.362380 1.613614 -9999.0
-9999.0 -9999.0 -0.002300 0.022364 0.001845 -0.002009 -0.002008 -0.002018 0.006549 0.020402 -0.002008 1.018860 0.618559 0.990976 3.072163 1.857374 0.262485 -0.002019 -0.001105 0.188692 2.215782 4.667086 4.334890 4.129119 2.940103 1.728546 0.156163 0.181881 2.071830 1.291480 0.030488 0.097462 2.032658 0.569382 0.811904 0.063331 0.684061 0.958612 0.577520 -0.002083 0.006381 0.094777 0.256846 0.154429 -0.002217 0.000011 0.931746 1.424688 2.375580 3.648324 4.487757 4.457701 4.355260 1.888370 1.707587 4.474197 3.854922 3.801528 2.921830 3.175628 0.792815 0.069126 -9999.0
-9999.0 0.000823 0.001502 -0.002008 -0.002008 0.000827 0.000882 -0.001784 -0.002008 -0.002013 0.002601 0.002132 1.502872 2.486477 1.754608 0.258256 -0.000029 0.002674 0.026683 0.168153 2.293769 3.928024 3.567208 4.260717 4.480314 3.156011 3.669655 3.815769 3.481130 2.392346 1.939280 1.475497 2.125705 3.621919 2.710383 2.134915 2.283753 2.980365 2.389833 1.043332 1.076147 2.943157 2.895642 1.718999 1.297939 1.981559 3.093851 4.651773 5.030638 4.140169 4.173610 3.927718 3.637059 1.559371 1.481884 1.293120 1.813243 1.783887 0.400683 0.068175 0.084938 0.091448 -9999.0
-9999.0 0.024964 0.011077 0.049627 0.790335 0.031632 -0.002263 -0.002082 0.002575 -0.002612 -0.002008 0.007129 1.078527 1.728092 0.412098 -0.002022 -0.002022 -0.002011 0.062893 1.175718 0.904234 2.382940 3.742547 2.930565 4.374756 5.083098 4.633179 4.418411 4.352469 4.996710 4.812950 4.174265 3.850045 3.826587 4.587532 4.427938 5.774056 6.438297 5.069495 4.822029 4.971109 4.886754 4.652059 4.412549 4.862083 5.246167 5.207986 5.253175 4.398589 4.287330 3.355566 2.856455 1.707710 1.620148 1.647253 0.351690 0.842654 0.080137 0.045502 0.074427 0.082973 -9999.0 -9999.0
