user2019/resources/simulation/Vinschgau/output-maps/TsL0002N1139.asc
ncols         63
nrows         48
xllcorner     598000.000000
yllcorner     5145000.000000
cellsize      1000.000000
NODATA_value  -9999.0
[rows 0 to 27 of 48, columns 0 to 62 of 63]
-9999.0 -9999.0 -9999.0 -9999.0 -9999.0 -9999.0 -9999.0 -9999.0 -9999.0 -9999.0 -9999.0 -9999.0 -9999.0 -9999.0 -9999.0 -9999.0 -9999.0 -9999.0 -9999.0 -9999.0 -9999.0 -9999.0 -9999.0 -9999.0 -9999.0 -9999.0 -9999.0 -9999.0 -9999.0 -9999.0 -9999.0 -9999.0 -9999.0 -9999.0 -9999.0 -9999.0 -9999.0 -9999.0 -9999.0 -9999.0 -9999.0 -9999.0 -9999.0 -9999.0 -9999.0 -9999.0 -9999.0 -9999.0 -9999.0 -9999.0 -9999.0 -9999.0 -9999.0 -9999.0 -9999.0 -9999.0 -9999.0 -9999.0 -9999.0 -9999.0 -9999.0 -9999.0 -9999.0
-9999.0 -9999.0 -9999.0 -9999.0 -9999.0 -9999.0 -9999.0 -9999.0 -9999.0 -9999.0 -9999.0 -9999.0 -9999.0 -9999.0 -9999.0 -9999.0 -9999.0 -9999.0 -9999.0 -9999.0 -9999.0 -9999.0 -9999.0 -9999.0 -9999.0 -9999.0 -9999.0 -0.001986 -0.000961 -0.000337 -0.002367 -0.003167 -0.008208 -9999.0 -9999.0 -9999.0 -9999.0 -9999.0 -9999.0 -9999.0 -9999.0 -9999.0 -9999.0 -9999.0 -9999.0 -9999.0 -9999.0 -9999.0 -9999.0 -9999.0 -9999.0 -9999.0 -9999.0 -9999.0 -9999.0 -9999.0 -9999.0 -9999.0 -9999.0 -9999.0 -9999.0 -9999.0 -9999.0
-9999.0 -9999.0 -9999.0 -9999.0 -9999.0 -9999.0 -9999.0 -9999.0 -9999.0 -9999.0 -9999.0 -9999.0 -9999.0 -9999.0 -9999.0 -9999.0 -9999.0 -9999.0 -9999.0 -9999.0 -9999.0 -9999.0 -9999.0 -9999.0 0.006523 0.017062 0.023739 0.013269 -0.001084 -0.002090 -0.005140 -9999.0 -9999.0 -9999.0 -9999.0 -9999.0 -9999.0 -9999.0 -9999.0 -9999.0 -9999.0 -9999.0 -9999.0 -9999.0 -9999.0 -9999.0 -9999.0 -9999.0 -9999.0 -9999.0 -9999.0 -9999.0 -9999.0 -9999.0 -9999.0 -9999.0 -9999.0 -9999.0 -9999.0 -9999.0 -9999.0 -9999.0 -9999.0
-9999.0 -9999.0 -9999.0 -9999.0 -9999.0 -9999.0 -9999.0 -9999.0 -9999.0 -9999.0 -9999.0 -9999.0 -9999.0 -9999.0 -9999.0 -9999.0 -9999.0 -9999.0 -9999.0 -9999.0 -9999.0 -9999.0 -9999.0 0.019745 0.039845 2.069121 2.378910 2.673518 1.862669 0.023471 -0.002752 -0.003220 -9999.0 -9999.0 -9999.0 -9999.0 -9999.0 -9999.0 -9999.0 -9999.0 -9999.0 -9999.0 -9999.0 -9999.0 -9999.0 -9999.0 -9999.0 -9999.0 -9999.0 -9999.0 -9999.0 -9999.0 -9999.0 -9999.0 -9999.0 -9999.0 -9999.0 -9999.0 -9999.0 -9999.0 -9999.0 -9999.0 -9999.0
-9999.0 -9999.0 -9999.0 -9999.0 -9999.0 -9999.0 -9999.0 -9999.0 -9999.0 -9999.0 -9999.0 -9999.0 -9999.0 -9999.0 -9999.0 -9999.0 -9999.0 -9999.0 1.805515 0.107466 -9999.0 0.028697 0.108064 1.933845 1.844093 2.965593 1.586392 1.576303 1.421716 -0.002267 0.015066 -0.002420 -0.431878 -1.440311 -9999.0 -9999.0 -9999.0 -9999.0 -9999.0 -9999.0 -9999.0 -9999.0 -9999.0 -9999.0 -9999.0 -9999.0 -9999.0 -9999.0 -9999.0 -9999.0 -9999.0 -9999.0 -9999.0 -9999.0 -9999.0 -9999.0 -9999.0 -9999.0 -9999.0 -9999.0 -9999.0 -9999.0 -9999.0
-9999.0 -9999.0 -9999.0 -9999.0 -9999.0 -9999.0 -9999.0 -9999.0 -9999.0 -9999.0 -9999.0 -9999.0 -9999.0 -9999.0 -9999.0 -9999.0 -9999.0 4.688855 3.324492 3.462208 0.302327 -0.000459 -0.003908 1.166706 1.895481 -0.004866 -0.151035 -0.003168 -0.041253 1.101991 0.137538 0.018240 0.094833 -0.001845 -0.473049 -1.078719 -9999.0 -9999.0 -9999.0 -9999.0 -9999.0 -9999.0 -9999.0 -9999.0 -9999.0 -9999.0 -9999.0 -9999.0 -9999.0 -9999.0 -9999.0 -9999.0 -9999.0 -9999.0 -9999.0 -9999.0 -9999.0 -9999.0 -9999.0 -9999.0 -9999.0 -9999.0 -9999.0
-9999.0 -9999.0 -9999.0 -9999.0 -9999.0 -9999.0 -9999.0 -9999.0 -9999.0 -9999.0 -9999.0 -9999.0 -9999.0 0.231756 1.182156 2.969171 4.334760 7.193031 4.430050 2.548690 2.207475 1.411144 2.578584 1.853112 -0.012342 0.109120 -0.004027 -0.027826 -0.017102 -0.004570 -0.872429 -0.000558 -0.000919 -0.003127 -0.392067 -1.196798 -9999.0 -9999.0 -9999.0 -9999.0 -9999.0 -9999.0 -9999.0 -9999.0 -9999.0 -9999.0 -9999.0 -9999.0 -9999.0 -9999.0 -9999.0 -9999.0 -9999.0 -9999.0 -9999.0 -9999.0 -9999.0 -9999.0 -9999.0 -9999.0 -9999.0 -9999.0 -9999.0
-9999.0 -9999.0 -9999.0 -9999.0 -9999.0 -9999.0 -9999.0 -9999.0 -9999.0 -9999.0 -9999.0 -9999.0 -9999.0 0.569474 3.284125 3.672526 3.506901 5.301384 7.261798 4.050003 3.512316 3.519907 2.164257 0.694106 0.827784 -0.000422 -0.000871 -0.000646 -0.396332 -0.036710 -0.109759 -0.001728 -0.413227 -6.368769 -0.478168 -9999.0 -9999.0 -9999.0 -9999.0 -9999.0 -9999.0 -9999.0 -9999.0 -9999.0 -9999.0 -9999.0 -9999.0 -9999.0 -9999.0 -9999.0 -9999.0 -9999.0 -9999.0 -9999.0 -9999.0 -9999.0 -9999.0 -9999.0 -9999.0 -9999.0 -9999.0 -9999.0 -9999.0
-9999.0 -9999.0 -9999.0 -9999.0 -9999.0 -9999.0 -9999.0 -9999.0 -9999.0 -9999.0 -9999.0 -9999.0 -9999.0 3.339487 2.547354 4.549172 3.279261 3.986488 7.501270 4.377897 3.185797 2.087271 -0.003599 -0.020194 0.635762 -0.004852 0.108106 -0.429442 -0.003361 -5.987254 -0.002359 -6.346255 -6.838121 -6.774618 -1.355124 -9999.0 -9999.0 -9999.0 -9999.0 -9999.0 -9999.0 -9999.0 -9999.0 -9999.0 -9999.0 -9999.0 -9999.0 -9999.0 -9999.0 -9999.0 -9999.0 -9999.0 -9999.0 -9999.0 -9999.0 -9999.0 -9999.0 -9999.0 -9999.0 -9999.0 -9999.0 -9999.0 -9999.0
-9999.0 -9999.0 -9999.0 -9999.0 -9999.0 -9999.0 -9999.0 -9999.0 -9999.0 -9999.0 -9999.0 -9999.0 1.936056 2.005089 4.153948 1.922563 1.796222 3.472436 6.017423 4.876996 2.239114 -0.005758 -0.010325 -0.014064 -1.083336 -0.000848 -2.385080 -0.002771 -0.003348 -0.432229 -6.475703 -0.450959 -0.003284 -1.582643 -9999.0 -9999.0 -9999.0 -9999.0 -9999.0 -9999.0 -9999.0 -9999.0 -9999.0 -9999.0 -9999.0 -9999.0 -9999.0 -9999.0 -9999.0 -9999.0 -9999.0 -9999.0 -9999.0 -9999.0 -9999.0 -9999.0 -9999.0 -9999.0 -9999.0 -9999.0 -9999.0 -9999.0 -9999.0
-9999.0 -9999.0 -9999.0 -9999.0 -9999.0 -9999.0 -9999.0 -9999.0 -9999.0 -9999.0 -9999.0 0.263306 3.150310 1.761898 3.554319 1.447675 4.135720 3.825642 5.576111 6.463498 2.273893 1.435700 0.103815 0.008404 -1.187138 -0.000735 -0.003054 -0.001836 -0.002839 -0.527326 -0.461167 -0.000910 -0.379465 -0.552831 -0.470396 -0.011847 -0.003125 -0.004537 -0.001827 -9999.0 -9999.0 -9999.0 -0.967969 -9999.0 -9999.0 -9999.0 -9999.0 -9999.0 -9999.0 -9999.0 -9999.0 -9999.0 -9999.0 -9999.0 -9999.0 -9999.0 -9999.0 -9999.0 -9999.0 -9999.0 -9999.0 -9999.0 -9999.0
-9999.0 -9999.0 -9999.0 -9999.0 -9999.0 -9999.0 -9999.0 -9999.0 -9999.0 -9999.0 -9999.0 0.225946 3.191642 4.847170 4.605311 0.432208 5.931788 4.363517 5.963424 4.558539 2.986899 0.457541 0.037974 -2.200671 -3.322933 -0.000974 -0.002197 -0.000898 -0.000278 -0.516359 -0.001798 -0.001156 -0.003322 -0.004527 -0.005328 -0.001820 -0.000674 0.103280 -0.004976 -0.499622 -0.509699 -0.906703 -0.004576 -0.432561 -9999.0 -9999.0 -9999.0 -0.011652 -0.162698 -0.450239 -0.004467 -0.650352 -0.958880 -0.008396 -0.011330 -1.327222 -9999.0 -9999.0 -9999.0 -9999.0 -9999.0 -9999.0 -9999.0
-9999.0 -9999.0 -9999.0 -9999.0 -9999.0 -9999.0 -9999.0 -9999.0 -9999.0 -9999.0 -9999.0 0.163043 0.237271 0.008389 1.258863 0.806011 0.812011 3.482843 5.577688 4.630298 1.882605 -0.001478 -0.411669 0.013989 -0.000957 -0.001476 -2.696774 -2.968495 -0.003825 -0.004614 -0.396463 -3.444681 -0.001874 -0.003810 -0.434033 -0.002325 -2.626056 -2.311607 0.132225 -0.367991 -0.001417 -0.003232 -0.002557 -0.001530 -0.008763 -9999.0 -1.557409 -0.004045 -0.002140 -0.000964 -0.000722 0.088295 -0.001552 -0.002423 -0.015322 -0.003847 -9999.0 -9999.0 -9999.0 -9999.0 -9999.0 -9999.0 -9999.0
-9999.0 -9999.0 -9999.0 -9999.0 -9999.0 -9999.0 -9999.0 -9999.0 -9999.0 -9999.0 -9999.0 -9999.0 0.185536 -0.015624 0.387398 0.479133 0.202105 2.541038 5.386984 4.539215 1.870766 -0.003806 -0.897392 -1.286178 -2.300956 -1.815016 0.028786 0.004209 -0.004937 -0.433473 -0.002128 -3.254038 -0.000285 -0.002770 -0.007192 -0.001325 -3.222199 -2.176567 0.639823 0.080384 0.082147 0.097058 -2.667739 0.025850 -0.418822 -0.010828 -0.485912 -0.022401 -3.874870 -1.189711 -0.020613 -3.114407 -3.195327 -3.744797 -4.324729 -0.003289 -0.003689 -9999.0 -9999.0 -9999.0 -9999.0 -9999.0 -9999.0
-9999.0 -9999.0 -9999.0 -9999.0 -9999.0 -9999.0 -9999.0 -9999.0 -9999.0 -9999.0 -9999.0 -1.517280 0.077247 0.246646 -0.016086 -0.004200 0.418060 1.855499 4.896414 3.882445 2.192689 0.242295 -0.016680 -0.771026 -0.864321 -1.971039 -1.046562 -0.002557 -0.003133 -0.000814 -2.726448 -2.428391 -0.000550 -0.002497 -0.005115 -0.001805 -0.000942 -0.119937 -0.005299 0.208672 -0.037394 -0.011071 -0.352791 -0.001942 0.104265 -0.002463 -0.003486 -0.000736 0.098071 -0.015566 -2.783555 -0.002255 -4.550659 -4.933937 -5.662025 -5.998417 -0.436797 -9999.0 -9999.0 -9999.0 -9999.0 -9999.0 -9999.0
-9999.0 -9999.0 -9999.0 -9999.0 -9999.0 -9999.0 -9999.0 -9999.0 -9999.0 -9999.0 0.033580 -0.382776 0.101969 0.114614 0.234469 -0.000515 -0.000653 -0.009053 3.053360 3.533662 2.716552 1.774704 -0.610866 0.131730 -0.018176 -1.637227 -2.299157 -3.760224 0.005527 0.078405 -1.871900 -1.946861 0.023830 -0.002411 -1.185688 -0.384695 -0.000677 -2.547304 -0.394972 0.043519 0.061407 1.077861 3.775270 0.501691 -0.016615 -0.000599 -0.000806 -0.574504 -0.960758 -0.013248 -4.638516 -0.458844 -6.068032 -6.513800 -6.928046 -0.002742 -0.002419 -9999.0 -9999.0 -9999.0 -9999.0 -9999.0 -9999.0
-9999.0 -9999.0 -9999.0 -9999.0 -9999.0 -9999.0 -9999.0 -9999.0 -9999.0 -0.000881 0.031760 -0.112883 -0.022033 -0.038872 -1.461023 -0.024253 -0.017991 0.998246 2.978802 3.606381 3.000894 0.347692 -0.007233 0.074276 -0.000499 -1.415016 -2.115512 0.083947 -0.308856 -0.022095 -0.000409 -1.613200 -0.005727 -0.514709 -0.579422 -0.404277 -0.000643 -2.209801 -2.535332 -0.033964 -1.259556 -0.503410 -0.585484 1.186034 0.496952 -0.016512 0.208001 -0.121673 -0.110671 -0.001843 -2.055510 -0.438153 -7.252375 -1.648600 -0.533232 -4.307001 -3.927191 -0.423204 -0.483153 -9999.0 -9999.0 -9999.0 -9999.0
-9999.0 -9999.0 -9999.0 -9999.0 -9999.0 -9999.0 -9999.0 -9999.0 -9999.0 -0.000933 -0.000879 0.088195 0.253720 -0.008857 -0.019050 -0.049614 0.169744 0.089155 3.555446 4.320369 3.844531 3.435919 1.987990 0.597760 -1.023641 -1.185205 -0.054101 -0.013082 0.097213 0.688774 0.117899 -1.993226 -0.001036 -0.003710 -0.002444 -0.426825 -0.002812 0.090923 -0.000979 0.024886 -2.941852 -1.906116 -0.024804 0.307840 2.041279 1.516745 1.202435 0.069081 -0.008738 -0.003870 -2.868350 -4.759115 -2.516333 -4.815245 -3.753868 -5.279059 -2.978728 -3.346990 -0.002079 -9999.0 -9999.0 -9999.0 -9999.0
-9999.0 -9999.0 -9999.0 -9999.0 -9999.0 -9999.0 -9999.0 -9999.0 -9999.0 -9999.0 -0.002208 -0.000582 -0.020255 -0.697035 -0.001242 -0.017674 -0.010488 1.051225 4.351734 4.053087 3.864145 2.128250 -0.018719 -0.406459 -0.744309 -0.021757 -0.000377 0.589367 0.132880 -1.549755 -1.896993 -2.808367 -3.077810 -0.003098 -0.002861 -0.000721 0.029170 0.033840 -0.002212 -0.001802 -0.002324 0.029498 0.138163 -0.016257 -0.012054 -0.007852 0.924801 2.330361 1.891804 -0.004470 -1.828475 -3.757014 -0.574095 -2.888882 -4.050475 -0.004476 -0.003060 -1.626203 -1.276996 -0.015221 -9999.0 -9999.0 -9999.0
-9999.0 -9999.0 -9999.0 -9999.0 -9999.0 -9999.0 -9999.0 -9999.0 -9999.0 -9999.0 -0.002534 -0.000765 0.027948 -0.011489 1.556169 -0.006715 -0.011459 2.078289 4.779834 4.890893 2.869847 0.877056 -0.023240 -0.018871 -0.016316 0.178270 1.223550 -0.008838 -1.238789 -2.793275 -0.001262 -0.001293 -4.188070 -0.003808 -0.001368 0.031737 -1.572535 -0.034810 -2.492247 -0.002830 -0.001603 0.110219 -0.614714 0.021168 0.109791 -0.489678 -0.011857 -0.011605 2.224678 1.622889 -0.000487 -2.834553 -3.509889 -0.478387 -4.313243 -2.812549 -0.005226 -0.321005 0.707742 1.527203 -9999.0 -9999.0 -9999.0
-9999.0 -9999.0 -9999.0 -9999.0 -9999.0 -9999.0 -9999.0 -9999.0 -0.001075 -0.002223 -0.003332 -0.000864 -2.728944 -0.925465 -0.054065 1.154585 2.376578 4.349063 5.007262 5.334726 4.611167 3.452534 2.448277 0.599871 0.046977 1.493135 1.622398 -0.744281 -2.697769 -2.711779 -5.940075 -0.001816 -0.001721 -0.003671 -0.003466 -0.000866 0.202861 -0.031067 -2.493088 -0.412109 -0.000615 0.027802 -2.728828 -0.007891 0.110453 0.086389 -2.312398 -0.041747 -0.008689 1.799240 0.011270 -2.341872 -4.078044 -5.224763 -1.942154 -0.006959 -0.414944 0.104645 0.112700 3.644847 -9999.0 -9999.0 -9999.0
-9999.0 -9999.0 -9999.0 -9999.0 -9999.0 -9999.0 -9999.0 -9999.0 -3.096794 -3.138914 -2.250740 -0.002981 -0.000848 -2.150351 -0.879260 -0.007253 1.388579 1.984496 5.023306 5.845578 6.548572 6.045279 5.014928 3.988963 2.817110 2.809401 0.426955 -0.030215 -3.322621 -0.002823 -0.003837 -0.010009 -0.001076 -0.001904 -0.000722 0.023775 0.570417 -0.000447 -0.033229 0.016326 -0.001940 -4.555496 -0.001273 0.017708 0.020288 -1.598531 -3.187896 -0.000712 -0.024330 1.093247 1.366146 -0.019193 -4.244121 -0.004223 -0.001005 -2.435740 -0.551404 -0.010965 2.051341 4.508952 5.790016 -9999.0 -9999.0
-9999.0 -9999.0 -9999.0 -9999.0 -9999.0 -9999.0 -9999.0 -9999.0 -0.001370 -0.000707 -0.000987 -3.068270 -0.002559 -2.539509 -0.147676 -0.737068 -0.007662 2.016828 4.955184 6.527521 6.312656 6.734245 6.422862 4.753069 4.495896 2.723315 0.016538 -1.189962 -4.704411 -0.001905 -0.001131 0.026487 -2.274009 -2.949674 0.036609 0.282103 -0.000805 1.203876 -0.032850 -2.025638 -0.000701 -0.000752 0.014608 -0.000741 -2.625845 -0.000682 -0.426068 -0.001217 -2.173091 -0.015365 2.183433 -0.001845 -2.822742 -4.055208 -1.561850 -0.119500 0.623669 1.924078 4.155278 4.811478 5.241811 -9999.0 -9999.0
-9999.0 -9999.0 -9999.0 -9999.0 -9999.0 -9999.0 -9999.0 -9999.0 -0.448754 -0.000670 -2.355473 -4.368486 -0.000770 -2.432742 -0.465065 -0.004403 3.511547 4.758955 4.551508 5.237975 5.757323 6.152289 6.558441 5.818536 3.139043 0.549237 -0.057335 -1.946836 0.026623 -1.077180 -1.315309 -0.828772 -0.007153 -0.027800 -0.018254 0.183692 1.129785 3.568959 0.223067 -0.013742 0.085574 0.091790 0.088798 0.109837 -0.000889 -0.000756 0.006607 0.088329 -0.000929 -0.401072 -0.011787 1.796746 0.044977 -1.481258 0.243683 1.167138 2.661439 4.248317 5.260567 4.939662 3.955176 2.151859 -9999.0
-9999.0 -9999.0 -9999.0 -9999.0 -9999.0 -9999.0 -9999.0 -9999.0 -0.009436 -0.000914 -2.319530 -1.538487 -0.639512 -0.069229 0.848300 1.622739 2.917979 1.956010 0.279113 2.388688 4.285886 5.576790 5.776376 5.474330 3.589293 -0.008300 -1.053750 -0.016504 -0.000774 -0.020721 -0.372455 -0.000393 1.575916 0.617194 0.002389 0.511381 2.023435 5.557272 4.970917 1.462809 0.073804 0.029955 -0.000337 -0.004529 -0.191400 0.105533 -0.020248 -0.867762 -0.021569 -0.000394 0.876998 1.198364 1.511138 1.182465 1.936017 2.294914 2.863832 3.639415 4.282022 4.095807 3.713800 1.546079 -9999.0
-9999.0 -9999.0 -0.000422 -0.000718 -3.568578 -2.418758 -3.124235 -4.203598 -0.003060 -0.004066 -2.913001 -0.844538 -0.100817 -0.000503 2.010372 1.165382 -0.016086 -1.178143 -0.032608 -0.005938 2.254331 4.984605 4.665776 5.694608 3.561541 1.532615 -0.009144 -0.006050 1.849726 1.762793 -0.017129 0.157993 3.596830 2.872124 3.089770 4.110030 6.117384 7.834642 6.729204 4.042587 3.664416 3.313661 3.657561 1.760980 -0.008472 -0.004109 0.987278 1.009774 1.671889 2.638294 3.652138 3.068165 2.524398 2.081489 2.035239 3.675045 2.654431 3.018439 2.649133 3.034076 2.370433 0.772678 -9999.0
-9999.0 -0.550195 -0.915486 -2.266859 -2.006225 -2.770676 -1.517927 -2.443699 -3.431138 -0.003098 -2.099307 -0.810136 -0.002923 1.375080 1.389873 -0.405374 -2.443722 -2.170847 -1.087614 -0.013835 1.907424 3.784715 4.198476 4.397692 5.107638 3.314362 3.194097 3.398694 3.907346 2.278198 2.352839 2.536150 4.130834 5.973057 6.813680 7.944067 9.675407 10.747601 9.759346 7.909528 7.317670 7.202994 6.392181 4.316296 3.016240 3.425615 3.610111 5.475733 5.701116 5.640867 3.931516 3.152622 2.424301 1.690087 1.627071 1.219745 0.449098 0.794372 0.971662 1.383287 0.090074 0.562336 -9999.0
-9999.0 0.156952 -0.019618 -0.030021 0.029120 -0.033477 -2.485979 -2.973151 -0.003410 -0.003594 -2.125432 -1.209538 -0.004601 1.427269 -0.119227 -3.415823 -2.263113 -2.113964 -0.796101 -0.011676 1.862735 1.494865 2.561460 2.177442 3.994875 5.026179 5.015952 5.274766 5.141350 5.955457 6.112298 5.869869 6.025950 7.019658 8.853163 10.101851 12.635462 13.707188 12.724858 11.646169 10.899948 9.915413 8.909983 7.626349 7.515041 7.376147 6.901287 6.584367 5.922281 5.012731 3.106928 1.545566 0.553034 1.145905 0.380850 -0.032434 -0.822278 -0.083562 -0.050216 -0.200100 -0.025000 -9999.0 -9999.0
