user2019/resources/simulation/Vinschgau/output-maps/TsL0006N0617.asc
ncols         63
nrows         48
xllcorner     598000.000000
yllcorner     5145000.000000
cellsize      1000.000000
NODATA_value  -9999.0
[rows 0 to 27 of 48, columns 0 to 61 of 63]
-9999.0 -9999.0 -9999.0 -9999.0 -9999.0 -9999.0 -9999.0 -9999.0 -9999.0 -9999.0 -9999.0 -9999.0 -9999.0 -9999.0 -9999.0 -9999.0 -9999.0 -9999.0 -9999.0 -9999.0 -9999.0 -9999.0 -9999.0 -9999.0 -9999.0 -9999.0 -9999.0 -9999.0 -9999.0 -9999.0 -9999.0 -9999.0 -9999.0 -9999.0 -9999.0 -9999.0 -9999.0 -9999.0 -9999.0 -9999.0 -9999.0 -9999.0 -9999.0 -9999.0 -9999.0 -9999.0 -9999.0 -9999.0 -9999.0 -9999.0 -9999.0 -9999.0 -9999.0 -9999.0 -9999.0 -9999.0 -9999.0 -9999.0 -9999.0 -9999.0 -9999.0 -9999.0
-9999.0 -9999.0 -9999.0 -9999.0 -9999.0 -9999.0 -9999.0 -9999.0 -9999.0 -9999.0 -9999.0 -9999.0 -9999.0 -9999.0 -9999.0 -9999.0 -9999.0 -9999.0 -9999.0 -9999.0 -9999.0 -9999.0 -9999.0 -9999.0 -9999.0 -9999.0 -9999.0 14.403041 14.957692 14.892305 13.788958 13.039951 13.513388 -9999.0 -9999.0 -9999.0 -9999.0 -9999.0 -9999.0 -9999.0 -9999.0 -9999.0 -9999.0 -9999.0 -9999.0 -9999.0 -9999.0 -9999.0 -9999.0 -9999.0 -9999.0 -9999.0 -9999.0 -9999.0 -9999.0 -9999.0 -9999.0 -9999.0 -9999.0 -9999.0 -9999.0 -9999.0
-9999.0 -9999.0 -9999.0 -9999.0 -9999.0 -9999.0 -9999.0 -9999.0 -9999.0 -9999.0 -9999.0 -9999.0 -9999.0 -9999.0 -9999.0 -9999.0 -9999.0 -9999.0 -9999.0 -9999.0 -9999.0 -9999.0 -9999.0 -9999.0 15.695027 16.464845 16.288998 16.509743 15.843377 15.534302 13.664445 -9999.0 -9999.0 -9999.0 -9999.0 -9999.0 -9999.0 -9999.0 -9999.0 -9999.0 -9999.0 -9999.0 -9999.0 -9999.0 -9999.0 -9999.0 -9999.0 -9999.0 -9999.0 -9999.0 -9999.0 -9999.0 -9999.0 -9999.0 -9999.0 -9999.0 -9999.0 -9999.0 -9999.0 -9999.0 -9999.0 -9999.0
-9999.0 -9999.0 -9999.0 -9999.0 -9999.0 -9999.0 -9999.0 -9999.0 -9999.0 -9999.0 -9999.0 -9999.0 -9999.0 -9999.0 -9999.0 -9999.0 -9999.0 -9999.0 -9999.0 -9999.0 -9999.0 -9999.0 -9999.0 16.500875 16.733394 16.113929 16.288636 16.202987 15.967611 16.586868 14.919854 13.602758 -9999.0 -9999.0 -9999.0 -9999.0 -9999.0 -9999.0 -9999.0 -9999.0 -9999.0 -9999.0 -9999.0 -9999.0 -9999.0 -9999.0 -9999.0 -9999.0 -9999.0 -9999.0 -9999.0 -9999.0 -9999.0 -9999.0 -9999.0 -9999.0 -9999.0 -9999.0 -9999.0 -9999.0 -9999.0 -9999.0
-9999.0 -9999.0 -9999.0 -9999.0 -9999.0 -9999.0 -9999.0 -9999.0 -9999.0 -9999.0 -9999.0 -9999.0 -9999.0 -9999.0 -9999.0 -9999.0 -9999.0 -9999.0 17.956692 16.700024 -9999.0 16.048107 16.593642 16.204140 16.307649 17.684618 18.048290 17.991399 17.935939 16.230852 15.716456 14.516546 13.694138 14.499104 -9999.0 -9999.0 -9999.0 -9999.0 -9999.0 -9999.0 -9999.0 -9999.0 -9999.0 -9999.0 -9999.0 -9999.0 -9999.0 -9999.0 -9999.0 -9999.0 -9999.0 -9999.0 -9999.0 -9999.0 -9999.0 -9999.0 -9999.0 -9999.0 -9999.0 -9999.0 -9999.0 -9999.0
-9999.0 -9999.0 -9999.0 -9999.0 -9999.0 -9999.0 -9999.0 -9999.0 -9999.0 -9999.0 -9999.0 -9999.0 -9999.0 -9999.0 -9999.0 -9999.0 -9999.0 17.237160 14.874929 15.738700 18.919039 13.788254 15.316402 15.967797 20.318867 13.664360 12.479846 12.973591 12.726755 14.415642 16.663000 15.634059 15.484383 14.456082 12.869617 10.969477 -9999.0 -9999.0 -9999.0 -9999.0 -9999.0 -9999.0 -9999.0 -9999.0 -9999.0 -9999.0 -9999.0 -9999.0 -9999.0 -9999.0 -9999.0 -9999.0 -9999.0 -9999.0 -9999.0 -9999.0 -9999.0 -9999.0 -9999.0 -9999.0 -9999.0 -9999.0
-9999.0 -9999.0 -9999.0 -9999.0 -9999.0 -9999.0 -9999.0 -9999.0 -9999.0 -9999.0 -9999.0 -9999.0 -9999.0 15.810987 14.623265 14.671473 16.349572 25.524908 16.824227 16.253843 16.328154 17.324334 18.311074 19.957048 12.979609 15.108301 11.594014 10.954731 13.228138 13.730362 12.723813 14.470737 14.317583 13.073479 13.087141 10.424789 -9999.0 -9999.0 -9999.0 -9999.0 -9999.0 -9999.0 -9999.0 -9999.0 -9999.0 -9999.0 -9999.0 -9999.0 -9999.0 -9999.0 -9999.0 -9999.0 -9999.0 -9999.0 -9999.0 -9999.0 -9999.0 -9999.0 -9999.0 -9999.0 -9999.0 -9999.0
-9999.0 -9999.0 -9999.0 -9999.0 -9999.0 -9999.0 -9999.0 -9999.0 -9999.0 -9999.0 -9999.0 -9999.0 -9999.0 16.329322 15.300680 14.987413 14.637033 20.686059 25.708838 18.637908 16.673631 17.836682 14.358162 14.058049 15.640795 14.330914 15.686437 13.572565 13.011926 11.234868 10.667698 12.740066 12.415146 10.320873 11.305833 -9999.0 -9999.0 -9999.0 -9999.0 -9999.0 -9999.0 -9999.0 -9999.0 -9999.0 -9999.0 -9999.0 -9999.0 -9999.0 -9999.0 -9999.0 -9999.0 -9999.0 -9999.0 -9999.0 -9999.0 -9999.0 -9999.0 -9999.0 -9999.0 -9999.0 -9999.0 -9999.0
-9999.0 -9999.0 -9999.0 -9999.0 -9999.0 -9999.0 -9999.0 -9999.0 -9999.0 -9999.0 -9999.0 -9999.0 -9999.0 15.205069 16.314196 15.942524 14.133971 15.319361 25.420226 16.361972 18.321442 15.616325 11.692344 12.549297 15.152565 11.556062 15.034033 12.545054 14.408741 12.032937 12.545795 0.986813 9.830160 1.036835 10.333602 -9999.0 -9999.0 -9999.0 -9999.0 -9999.0 -9999.0 -9999.0 -9999.0 -9999.0 -9999.0 -9999.0 -9999.0 -9999.0 -9999.0 -9999.0 -9999.0 -9999.0 -9999.0 -9999.0 -9999.0 -9999.0 -9999.0 -9999.0 -9999.0 -9999.0 -9999.0 -9999.0
-9999.0 -9999.0 -9999.0 -9999.0 -9999.0 -9999.0 -9999.0 -9999.0 -9999.0 -9999.0 -9999.0 -9999.0 14.850935 15.808009 15.419624 13.663869 11.781925 14.278173 21.254139 17.433426 15.350399 12.868716 11.475369 11.316804 12.862777 13.785176 10.517519 14.338962 14.993268 12.311629 1.029480 13.407856 13.366572 10.208588 -9999.0 -9999.0 -9999.0 -9999.0 -9999.0 -9999.0 -9999.0 -9999.0 -9999.0 -9999.0 -9999.0 -9999.0 -9999.0 -9999.0 -9999.0 -9999.0 -9999.0 -9999.0 -9999.0 -9999.0 -9999.0 -9999.0 -9999.0 -9999.0 -9999.0 -9999.0 -9999.0 -9999.0
-9999.0 -9999.0 -9999.0 -9999.0 -9999.0 -9999.0 -9999.0 -9999.0 -9999.0 -9999.0 -9999.0 14.216476 12.155699 12.379637 13.137753 14.395200 13.318578 13.361241 21.204587 15.127639 13.945546 15.062935 14.978732 14.886274 12.589702 14.317756 12.605968 14.726227 14.291851 1.009756 13.092986 15.242907 13.833237 12.526026 13.114284 14.238616 17.330985 19.408827 19.958789 -9999.0 -9999.0 -9999.0 15.387402 -9999.0 -9999.0 -9999.0 -9999.0 -9999.0 -9999.0 -9999.0 -9999.0 -9999.0 -9999.0 -9999.0 -9999.0 -9999.0 -9999.0 -9999.0 -9999.0 -9999.0 -9999.0 -9999.0
-9999.0 -9999.0 -9999.0 -9999.0 -9999.0 -9999.0 -9999.0 -9999.0 -9999.0 -9999.0 -9999.0 13.562819 12.085680 12.661879 13.237786 13.723141 14.505239 15.093605 21.042025 18.523512 18.089511 16.352601 15.062713 9.623255 10.590508 14.118608 15.738035 15.453835 14.611171 13.488530 14.807118 15.392773 15.154249 13.150563 14.428294 17.083184 21.724154 22.377535 20.421410 17.581424 17.872912 16.265726 16.005632 16.294511 -9999.0 -9999.0 -9999.0 12.590956 13.109443 13.842063 14.122434 13.416045 13.147244 13.485836 13.347691 1.286065 -9999.0 -9999.0 -9999.0 -9999.0 -9999.0 -9999.0
-9999.0 -9999.0 -9999.0 -9999.0 -9999.0 -9999.0 -9999.0 -9999.0 -9999.0 -9999.0 -9999.0 14.206689 14.130356 10.932170 13.992336 14.914627 11.117350 11.876925 18.710601 19.477955 12.431819 12.906315 11.426008 15.200924 13.719321 17.840783 10.819904 11.311273 13.499444 13.364341 13.528205 11.625797 15.650891 13.883615 16.603283 19.009864 15.052624 15.721712 23.513550 20.503751 20.285889 16.963294 18.230124 16.501741 14.521328 -9999.0 12.125232 13.791311 15.246466 16.176906 16.625814 16.429254 16.150404 15.637513 15.641318 14.886396 -9999.0 -9999.0 -9999.0 -9999.0 -9999.0 -9999.0
-9999.0 -9999.0 -9999.0 -9999.0 -9999.0 -9999.0 -9999.0 -9999.0 -9999.0 -9999.0 -9999.0 -9999.0 13.716627 9.839747 16.009031 15.630285 10.198837 12.158971 20.168804 19.677352 12.740184 13.519954 13.375270 12.179525 9.835809 10.795994 16.759996 14.204571 13.961127 15.398420 15.254895 10.668454 16.831824 15.064434 14.222912 17.210949 13.295416 15.201408 25.595603 20.895177 22.501169 21.165546 13.684167 17.970834 16.738188 14.052183 13.478292 13.874272 10.740822 13.270285 14.438872 12.139805 13.220125 10.394748 11.209096 14.009760 14.566833 -9999.0 -9999.0 -9999.0 -9999.0 -9999.0
-9999.0 -9999.0 -9999.0 -9999.0 -9999.0 -9999.0 -9999.0 -9999.0 -9999.0 -9999.0 -9999.0 9.448139 13.999535 14.417043 11.197810 11.266599 12.041132 11.623925 18.978149 14.967558 13.240290 12.611161 12.904190 11.069227 10.996728 13.195549 11.917665 13.797566 15.736161 15.036452 10.914498 12.776271 16.446857 14.191696 12.970187 16.391906 17.266075 14.249738 16.201393 24.511680 14.605254 15.754340 15.172193 14.166983 17.735796 15.182244 15.583065 15.527212 15.915583 14.727488 11.473160 13.740122 10.431513 9.608659 9.679816 13.422351 14.509026 -9999.0 -9999.0 -9999.0 -9999.0 -9999.0
-9999.0 -9999.0 -9999.0 -9999.0 -9999.0 -9999.0 -9999.0 -9999.0 -9999.0 -9999.0 15.144586 10.929595 16.242174 16.027693 16.767588 12.453855 11.844867 11.650114 14.828483 15.307245 18.456337 16.861130 11.960931 18.406385 13.713152 12.616103 10.228210 10.681935 16.621913 16.836121 13.364866 12.523656 14.935722 13.161482 13.505195 15.866544 18.664537 13.591050 13.552002 17.515737 17.134721 16.057060 21.969274 14.735094 13.906802 18.330813 15.709615 13.490954 14.175424 14.305497 11.102875 12.907678 8.552592 1.009453 12.427513 15.495162 15.301312 -9999.0 -9999.0 -9999.0 -9999.0 -9999.0
-9999.0 -9999.0 -9999.0 -9999.0 -9999.0 -9999.0 -9999.0 -9999.0 -9999.0 13.856009 14.483675 10.010454 12.275042 11.436591 10.548905 10.438295 10.967921 18.340818 15.002970 16.261930 20.356567 13.905561 13.539600 15.565892 13.762985 11.079058 11.191918 17.515499 13.675145 14.065197 14.709577 10.375773 13.643734 13.129713 15.099026 13.455093 14.624862 12.030996 10.840983 13.357002 13.602118 12.266619 12.386004 15.497930 14.945445 14.443794 19.181333 13.777651 13.750763 15.083117 11.868431 13.904507 1.061444 1.247978 13.519670 11.721708 12.269643 15.488073 14.589046 -9999.0 -9999.0 -9999.0
-9999.0 -9999.0 -9999.0 -9999.0 -9999.0 -9999.0 -9999.0 -9999.0 -9999.0 13.915586 13.810865 15.107564 17.355813 13.479404 12.667077 11.770500 17.815312 14.413301 15.879880 22.154754 21.853432 21.952586 18.015371 16.543766 11.352933 11.379864 13.436761 14.265731 15.777805 16.474170 15.689616 10.101675 14.105966 13.686947 14.492779 17.882953 18.132188 18.821290 15.323991 15.525797 11.615484 10.245306 13.630661 14.824289 15.239313 17.232400 16.936029 16.020176 15.381631 14.912297 11.066140 9.606685 11.647526 13.171417 13.779740 9.592587 11.797657 12.139723 16.392994 -9999.0 -9999.0 -9999.0
-9999.0 -9999.0 -9999.0 -9999.0 -9999.0 -9999.0 -9999.0 -9999.0 -9999.0 -9999.0 14.896681 15.021790 12.283295 12.426802 14.409802 13.301148 13.743517 15.478085 16.867116 18.507851 20.593551 14.823509 12.579667 11.869295 11.435424 14.278310 15.386757 16.199384 15.842743 10.061154 10.097318 11.632454 9.011137 12.975465 15.416703 16.412732 18.032028 16.606472 17.251064 13.504368 13.055749 16.902849 16.495766 12.875286 12.944525 13.116106 14.071289 18.779593 17.688079 15.410586 12.151559 12.814013 13.828240 1.291869 1.329961 14.232461 15.272389 15.286907 15.893753 15.892953 -9999.0 -9999.0
-9999.0 -9999.0 -9999.0 -9999.0 -9999.0 -9999.0 -9999.0 -9999.0 -9999.0 -9999.0 13.969489 14.785427 15.794786 12.917167 19.782601 13.735485 13.363437 15.232296 17.847245 18.918400 16.423742 14.540408 13.002364 13.684129 14.238359 16.248641 16.910504 13.483907 11.373895 9.074090 13.631673 14.986834 10.383968 12.883623 13.613018 14.555732 13.254236 12.818287 11.153622 13.040821 14.468082 15.856783 0.321627 14.654902 15.463791 12.213355 13.242770 13.368060 15.446739 17.727538 15.686159 0.356704 11.675885 14.421429 15.626375 16.605338 14.015668 14.117759 16.474658 17.955199 -9999.0 -9999.0
-9999.0 -9999.0 -9999.0 -9999.0 -9999.0 -9999.0 -9999.0 -9999.0 15.992199 16.454018 15.835153 14.678704 10.804395 11.155094 12.202901 14.814710 16.149826 22.747819 19.494445 19.520785 18.145531 16.916835 15.897837 14.442568 15.948654 16.167803 18.400308 12.067353 10.570453 9.688192 1.101986 13.741524 14.064481 13.819755 14.288417 13.111547 16.271484 12.895148 9.580215 15.735151 13.658165 14.564917 10.528740 14.382660 18.125405 16.368802 10.044420 12.637968 13.849338 17.104006 16.039954 13.677614 12.584364 10.261861 17.216465 16.506143 16.396203 19.085992 17.244751 17.959471 -9999.0 -9999.0
-9999.0 -9999.0 -9999.0 -9999.0 -9999.0 -9999.0 -9999.0 -9999.0 11.328810 11.251923 10.647001 14.684693 15.423558 11.163074 12.108266 13.576740 14.854776 15.362160 18.403313 20.153413 26.091002 24.200608 22.331856 21.709188 16.825839 16.420096 14.268380 13.146200 11.117357 15.100646 14.602684 17.068496 14.664737 14.660793 14.742466 15.210740 17.266733 13.608753 10.979489 14.640571 12.965666 11.414755 13.094639 15.300207 16.754796 11.774631 10.794987 14.918564 13.664010 15.397267 17.868737 15.087673 11.172836 16.525336 18.279373 15.221277 15.391597 16.414977 18.668627 20.669614 21.332727 -9999.0
-9999.0 -9999.0 -9999.0 -9999.0 -9999.0 -9999.0 -9999.0 -9999.0 14.411355 15.924584 16.371298 10.944895 16.139334 11.589857 12.170615 12.814071 14.437078 17.488214 18.752539 25.263587 20.681656 24.810206 24.536871 19.704263 23.274338 15.268777 13.615299 11.438775 11.286504 15.331562 17.262943 16.180898 10.984062 11.515158 15.413032 17.107121 0.869203 13.946535 10.706513 11.360625 13.891854 13.508905 14.560557 14.819424 10.898567 14.532599 17.027900 15.915269 11.676258 14.323916 17.181699 16.955852 13.308929 12.968867 16.583138 17.100213 18.144453 18.919364 20.146266 20.665466 20.773834 -9999.0
-9999.0 -9999.0 -9999.0 -9999.0 -9999.0 -9999.0 -9999.0 -9999.0 14.474647 15.647476 13.433861 11.939869 16.606818 13.342566 13.421134 14.693184 17.347171 19.334418 19.825281 18.769639 20.005353 20.651033 25.378282 24.940774 16.895227 14.308698 12.407606 10.684078 17.924117 13.316731 11.524232 12.947061 13.897848 13.525569 11.254979 17.109429 17.850085 14.457561 0.646658 11.889819 14.285559 15.077688 15.360296 15.933653 15.723384 16.244765 16.121071 16.058487 17.594921 14.660283 15.357244 18.043126 17.866817 17.090359 18.573180 19.120843 19.932581 18.742335 20.024508 20.756034 19.231842 16.608224
-9999.0 -9999.0 -9999.0 -9999.0 -9999.0 -9999.0 -9999.0 -9999.0 14.697880 15.504345 0.366039 12.993175 13.827341 14.282504 19.836156 17.977105 19.079301 15.660081 14.318855 15.988644 18.159678 20.374663 20.600346 20.464019 22.177680 14.245698 12.103136 13.952615 14.766575 14.375437 11.902520 13.942530 15.459531 14.034384 0.357982 0.364728 14.417623 15.440173 14.646027 13.825878 13.127582 0.435800 14.001326 13.629245 11.977283 16.749471 13.689061 14.813723 14.855822 16.794198 18.616276 18.067334 18.608469 20.237798 20.069456 20.031886 20.631649 20.584655 20.274792 19.441338 17.606045 15.866863
-9999.0 -9999.0 16.821302 16.432690 11.448355 11.828820 12.411076 11.596411 15.867631 15.233365 0.364919 14.266678 14.704604 16.826894 22.424669 16.504789 14.030924 12.143251 13.040560 14.073147 16.287965 19.480274 19.948912 20.253201 18.973885 15.979992 14.360863 14.153197 15.274561 18.292191 12.875895 12.843734 18.681974 13.846181 15.658966 14.060703 16.700511 16.597022 15.388508 13.619895 15.321928 15.718632 14.413877 15.180860 12.561975 14.434730 15.743670 14.538837 17.412473 19.314008 20.715553 21.161404 20.685899 20.757489 20.457818 25.399847 19.353861 19.086739 18.279103 16.959177 19.037187 14.876186
-9999.0 12.854880 12.490825 12.449125 12.342698 12.762666 12.166223 10.100395 9.901660 14.728337 11.488348 13.582803 15.562272 20.449892 20.412514 14.213925 13.048458 11.009339 13.202154 14.184079 16.726663 17.596819 22.961162 19.343950 25.430095 19.458898 23.540428 23.679027 18.565936 17.193872 17.436910 16.753369 16.294643 20.217180 17.444899 18.581863 18.929877 18.322002 18.628002 17.769223 17.580149 17.647792 17.355662 14.765622 14.942348 15.699967 18.171203 18.104633 20.627049 20.202745 20.089049 19.744642 19.063105 19.064235 18.980341 18.208597 16.542767 16.309695 16.657237 18.036226 14.462243 14.556419
-9999.0 16.026989 13.401896 13.580039 18.186858 13.347716 10.936841 10.857437 16.485546 16.980755 12.866075 13.731229 15.847924 20.722193 15.051380 12.502252 11.223991 11.313897 14.164007 13.825199 17.926771 15.637956 17.564199 19.208347 25.153330 26.644693 20.036979 20.755843 19.750375 19.555657 19.551822 18.852995 17.464320 17.877152 21.898322 20.105675 26.320912 26.880016 20.365198 20.845018 20.474232 19.169870 18.619364 18.438474 19.366226 19.784092 20.872909 20.783163 19.450225 19.649684 17.996352 16.625414 16.373136 17.257822 16.713761 15.161343 15.386501 14.358386 14.167622 13.362128 13.412715 -9999.0
