user2019/resources/simulation/Vinschgau/output-maps/TsL0004N0974.asc
ncols         63
nrows         48
xllcorner     598000.000000
yllcorner     5145000.000000
cellsize      1000.000000
NODATA_value  -9999.0
[rows 0 to 27 of 48, columns 0 to 62 of 63]
-9999.0 -9999.0 -9999.0 -9999.0 -9999.0 -9999.0 -9999.0 -9999.0 -9999.0 -9999.0 -9999.0 -9999.0 -9999.0 -9999.0 -9999.0 -9999.0 -9999.0 -9999.0 -9999.0 -9999.0 -9999.0 -9999.0 -9999.0 -9999.0 -9999.0 -9999.0 -9999.0 -9999.0 -9999.0 -9999.0 -9999.0 -9999.0 -9999.0 -9999.0 -9999.0 -9999.0 -9999.0 -9999.0 -9999.0 -9999.0 -9999.0 -9999.0 -9999.0 -9999.0 -9999.0 -9999.0 -9999.0 -9999.0 -9999.0 -9999.0 -9999.0 -9999.0 -9999.0 -9999.0 -9999.0 -9999.0 -9999.0 -9999.0 -9999.0 -9999.0 -9999.0 -9999.0 -9999.0
-9999.0 -9999.0 -9999.0 -9999.0 -9999.0 -9999.0 -9999.0 -9999.0 -9999.0 -9999.0 -9999.0 -9999.0 -9999.0 -9999.0 -9999.0 -9999.0 -9999.0 -9999.0 -9999.0 -9999.0 -9999.0 -9999.0 -9999.0 -9999.0 -9999.0 -9999.0 -9999.0 -2.383152 -2.631110 -1.632817 -1.814768 -2.528746 -3.391915 -9999.0 -9999.0 -9999.0 -9999.0 -9999.0 -9999.0 -9999.0 -9999.0 -9999.0 -9999.0 -9999.0 -9999.0 -9999.0 -9999.0 -9999.0 -9999.0 -9999.0 -9999.0 -9999.0 -9999.0 -9999.0 -9999.0 -9999.0 -9999.0 -9999.0 -9999.0 -9999.0 -9999.0 -9999.0 -9999.0
-9999.0 -9999.0 -9999.0 -9999.0 -9999.0 -9999.0 -9999.0 -9999.0 -9999.0 -9999.0 -9999.0 -9999.0 -9999.0 -9999.0 -9999.0 -9999.0 -9999.0 -9999.0 -9999.0 -9999.0 -9999.0 -9999.0 -9999.0 -9999.0 -1.325078 -1.262687 -1.885609 -1.016238 -1.808185 -1.719015 -2.131328 -9999.0 -9999.0 -9999.0 -9999.0 -9999.0 -9999.0 -9999.0 -9999.0 -9999.0 -9999.0 -9999.0 -9999.0 -9999.0 -9999.0 -9999.0 -9999.0 -9999.0 -9999.0 -9999.0 -9999.0 -9999.0 -9999.0 -9999.0 -9999.0 -9999.0 -9999.0 -9999.0 -9999.0 -9999.0 -9999.0 -9999.0 -9999.0
-9999.0 -9999.0 -9999.0 -9999.0 -9999.0 -9999.0 -9999.0 -9999.0 -9999.0 -9999.0 -9999.0 -9999.0 -9999.0 -9999.0 -9999.0 -9999.0 -9999.0 -9999.0 -9999.0 -9999.0 -9999.0 -9999.0 -9999.0 -0.869184 -0.436732 0.413391 1.142696 1.602050 0.364819 -0.750909 -2.006365 -2.589918 -9999.0 -9999.0 -9999.0 -9999.0 -9999.0 -9999.0 -9999.0 -9999.0 -9999.0 -9999.0 -9999.0 -9999.0 -9999.0 -9999.0 -9999.0 -9999.0 -9999.0 -9999.0 -9999.0 -9999.0 -9999.0 -9999.0 -9999.0 -9999.0 -9999.0 -9999.0 -9999.0 -9999.0 -9999.0 -9999.0 -9999.0
-9999.0 -9999.0 -9999.0 -9999.0 -9999.0 -9999.0 -9999.0 -9999.0 -9999.0 -9999.0 -9999.0 -9999.0 -9999.0 -9999.0 -9999.0 -9999.0 -9999.0 -9999.0 -0.002538 -0.553434 -9999.0 -0.676508 -0.460163 -0.009819 0.730770 1.932447 -0.010469 -0.011012 -0.003206 -0.026695 -0.987216 -1.782088 -3.495491 -4.547519 -9999.0 -9999.0 -9999.0 -9999.0 -9999.0 -9999.0 -9999.0 -9999.0 -9999.0 -9999.0 -9999.0 -9999.0 -9999.0 -9999.0 -9999.0 -9999.0 -9999.0 -9999.0 -9999.0 -9999.0 -9999.0 -9999.0 -9999.0 -9999.0 -9999.0 -9999.0 -9999.0 -9999.0 -9999.0
-9999.0 -9999.0 -9999.0 -9999.0 -9999.0 -9999.0 -9999.0 -9999.0 -9999.0 -9999.0 -9999.0 -9999.0 -9999.0 -9999.0 -9999.0 -9999.0 -9999.0 4.472035 2.987051 1.761963 -0.628083 -0.073364 -0.027519 -0.014742 -0.008711 -0.016777 -0.143139 -0.039254 -0.094615 -0.011931 -0.557836 -0.924960 -1.286195 -2.294959 -3.823050 -4.634387 -9999.0 -9999.0 -9999.0 -9999.0 -9999.0 -9999.0 -9999.0 -9999.0 -9999.0 -9999.0 -9999.0 -9999.0 -9999.0 -9999.0 -9999.0 -9999.0 -9999.0 -9999.0 -9999.0 -9999.0 -9999.0 -9999.0 -9999.0 -9999.0 -9999.0 -9999.0 -9999.0
-9999.0 -9999.0 -9999.0 -9999.0 -9999.0 -9999.0 -9999.0 -9999.0 -9999.0 -9999.0 -9999.0 -9999.0 -9999.0 -0.291213 -0.011771 2.402877 4.002058 6.790541 4.071651 0.808507 0.362729 -0.005233 0.835866 -0.009301 -0.018893 -0.467098 -1.700835 -0.384901 -0.553511 -0.068259 -1.662353 -1.540469 -2.473473 -1.920360 -3.074402 -5.045078 -9999.0 -9999.0 -9999.0 -9999.0 -9999.0 -9999.0 -9999.0 -9999.0 -9999.0 -9999.0 -9999.0 -9999.0 -9999.0 -9999.0 -9999.0 -9999.0 -9999.0 -9999.0 -9999.0 -9999.0 -9999.0 -9999.0 -9999.0 -9999.0 -9999.0 -9999.0 -9999.0
-9999.0 -9999.0 -9999.0 -9999.0 -9999.0 -9999.0 -9999.0 -9999.0 -9999.0 -9999.0 -9999.0 -9999.0 -9999.0 -0.047998 1.773839 3.223462 3.295009 5.257027 6.821042 2.040789 3.037733 1.961728 1.272324 -0.003718 -0.037510 -0.483630 -1.640818 -2.039726 -3.059283 -1.237589 -0.686921 -1.757339 -3.506133 -8.197961 -4.357821 -9999.0 -9999.0 -9999.0 -9999.0 -9999.0 -9999.0 -9999.0 -9999.0 -9999.0 -9999.0 -9999.0 -9999.0 -9999.0 -9999.0 -9999.0 -9999.0 -9999.0 -9999.0 -9999.0 -9999.0 -9999.0 -9999.0 -9999.0 -9999.0 -9999.0 -9999.0 -9999.0 -9999.0
-9999.0 -9999.0 -9999.0 -9999.0 -9999.0 -9999.0 -9999.0 -9999.0 -9999.0 -9999.0 -9999.0 -9999.0 -9999.0 1.401439 1.846606 2.544617 2.749037 3.479269 7.171833 3.969669 2.846849 -0.006709 -0.036243 -0.068369 -0.014190 -0.018159 -1.383148 -3.337970 -2.516852 -7.055238 -2.225947 -9.090571 -9.274192 -12.404688 -5.196877 -9999.0 -9999.0 -9999.0 -9999.0 -9999.0 -9999.0 -9999.0 -9999.0 -9999.0 -9999.0 -9999.0 -9999.0 -9999.0 -9999.0 -9999.0 -9999.0 -9999.0 -9999.0 -9999.0 -9999.0 -9999.0 -9999.0 -9999.0 -9999.0 -9999.0 -9999.0 -9999.0 -9999.0
-9999.0 -9999.0 -9999.0 -9999.0 -9999.0 -9999.0 -9999.0 -9999.0 -9999.0 -9999.0 -9999.0 -9999.0 -0.013371 -0.007652 1.975862 -0.005878 0.934079 2.950766 5.950713 2.951607 -0.004830 -0.074574 -0.475047 -0.305807 -1.396017 -1.772600 -2.991401 -2.254400 -1.459031 -3.684036 -8.857958 -3.600603 -2.752461 -5.480789 -9999.0 -9999.0 -9999.0 -9999.0 -9999.0 -9999.0 -9999.0 -9999.0 -9999.0 -9999.0 -9999.0 -9999.0 -9999.0 -9999.0 -9999.0 -9999.0 -9999.0 -9999.0 -9999.0 -9999.0 -9999.0 -9999.0 -9999.0 -9999.0 -9999.0 -9999.0 -9999.0 -9999.0 -9999.0
-9999.0 -9999.0 -9999.0 -9999.0 -9999.0 -9999.0 -9999.0 -9999.0 -9999.0 -9999.0 -9999.0 -0.486342 1.191966 1.054367 1.258761 -0.017578 1.918856 3.078668 5.540028 2.185043 1.716621 -0.006355 -0.510356 -1.872936 -1.575538 -2.414266 -2.592604 -2.648000 -2.570631 -4.936130 -3.711902 -2.303126 -3.000250 -4.332611 -3.793998 -2.636343 -2.291419 -1.926767 -2.591048 -9999.0 -9999.0 -9999.0 -4.136032 -9999.0 -9999.0 -9999.0 -9999.0 -9999.0 -9999.0 -9999.0 -9999.0 -9999.0 -9999.0 -9999.0 -9999.0 -9999.0 -9999.0 -9999.0 -9999.0 -9999.0 -9999.0 -9999.0 -9999.0
-9999.0 -9999.0 -9999.0 -9999.0 -9999.0 -9999.0 -9999.0 -9999.0 -9999.0 -9999.0 -9999.0 -0.341470 1.509693 2.808105 2.721087 -0.259192 4.350916 3.934098 6.006595 3.747366 2.802716 -0.074619 -0.539859 -2.195198 -1.376668 -1.888907 -1.960825 -2.262723 -1.568073 -4.522574 -2.012541 -1.913345 -2.610157 -3.192946 -3.432229 -1.858918 -1.863723 -0.586608 -1.162250 -4.042599 -3.918287 -4.185510 -1.619482 -3.472202 -9999.0 -9999.0 -9999.0 -4.311709 -3.888930 -3.911865 -3.325081 -4.774773 -4.930515 -4.516472 -4.341727 -5.219307 -9999.0 -9999.0 -9999.0 -9999.0 -9999.0 -9999.0 -9999.0
-9999.0 -9999.0 -9999.0 -9999.0 -9999.0 -9999.0 -9999.0 -9999.0 -9999.0 -9999.0 -9999.0 -0.392739 -0.345554 -0.248730 -0.075421 -0.075611 -0.003869 3.315826 4.393179 3.792040 1.637699 -0.020804 -1.088855 -1.430114 -1.868287 -2.194238 -1.281879 -3.178169 -2.707616 -3.464535 -3.010873 -3.674396 -1.480461 -3.089947 -3.437919 -2.088354 -2.752515 -2.212034 -0.390007 -2.875318 -2.613744 -2.362424 -2.164669 -2.588669 -3.212466 -9999.0 -5.062553 -3.110314 -1.669677 -2.297661 -1.443149 -2.193053 -2.642098 -1.880719 -2.036369 -2.885567 -9999.0 -9999.0 -9999.0 -9999.0 -9999.0 -9999.0 -9999.0
-9999.0 -9999.0 -9999.0 -9999.0 -9999.0 -9999.0 -9999.0 -9999.0 -9999.0 -9999.0 -9999.0 -9999.0 -0.295044 -0.275120 -0.110736 -0.079141 -0.005610 2.457944 5.375406 3.742941 1.485630 -0.016244 -0.443589 -0.611428 -2.613031 -1.411575 -0.832900 -2.284579 -1.949235 -3.337118 -2.717944 -3.404021 -1.874778 -2.191434 -2.698582 -1.550932 -1.281814 -1.980904 -0.023657 -0.777018 -1.269325 -1.048574 -2.663950 -0.602219 -3.063375 -3.290667 -4.129714 -2.965178 -2.562184 -0.722226 -0.192360 -3.290896 -2.774963 -3.992666 -2.893156 -1.935801 -2.830387 -9999.0 -9999.0 -9999.0 -9999.0 -9999.0 -9999.0
-9999.0 -9999.0 -9999.0 -9999.0 -9999.0 -9999.0 -9999.0 -9999.0 -9999.0 -9999.0 -9999.0 -0.400176 -0.751952 -0.303580 -0.540562 -0.025054 -0.009581 1.502879 4.672216 3.697455 1.938366 -0.005466 -0.093219 -1.375343 -1.252595 -0.436385 -0.390505 -2.227763 -2.255419 -1.885561 -1.389082 -2.548253 -1.441008 -2.110609 -3.629040 -2.792018 -1.961949 -0.516151 -0.025563 -0.239187 -0.521605 -0.066454 -1.158623 -0.652949 -0.415657 -2.050803 -2.497323 -1.695403 -1.024863 -0.138691 -3.593672 -2.026239 -5.704829 -6.528941 -7.459689 -8.769605 -3.643525 -9999.0 -9999.0 -9999.0 -9999.0 -9999.0 -9999.0
-9999.0 -9999.0 -9999.0 -9999.0 -9999.0 -9999.0 -9999.0 -9999.0 -9999.0 -9999.0 -0.705309 -0.565216 -0.582617 -0.555791 -0.235497 -0.383125 -0.431726 -0.013902 3.039970 3.315116 2.185303 -0.004313 -0.487508 -0.246096 -0.076322 -1.298912 -1.984936 -4.653316 -2.108409 -0.633389 -1.990381 -2.111993 -0.656765 -2.178846 -5.323413 -2.950326 -2.094804 -0.936983 -0.080326 -0.015002 -0.014508 0.517608 2.680482 0.586335 -0.130478 -1.859121 -2.282655 -0.479787 -1.761085 -0.065965 -5.591041 -4.258567 -7.941703 -9.378138 -8.538750 -2.071126 -1.987063 -9999.0 -9999.0 -9999.0 -9999.0 -9999.0 -9999.0
-9999.0 -9999.0 -9999.0 -9999.0 -9999.0 -9999.0 -9999.0 -9999.0 -9999.0 -1.733908 -0.522275 -2.229495 -0.714003 -0.632984 -0.890473 -0.137258 -0.150795 -0.018118 2.709823 3.598066 2.528190 -0.008143 -0.010636 -0.013955 -0.019255 -1.386406 -2.809553 -0.614241 -0.522755 -0.362061 -0.017845 -1.584155 -2.880893 -8.061878 -3.985588 -2.986697 -2.082794 -1.485666 -1.132110 -0.302570 -0.198297 -0.238103 -0.386253 1.367786 0.635431 -0.155951 -0.312504 -0.835943 -0.799971 -0.016799 -1.924143 -3.786770 -10.385469 -6.079815 -4.817127 -5.739153 -4.831116 -3.291338 -4.499299 -9999.0 -9999.0 -9999.0 -9999.0
-9999.0 -9999.0 -9999.0 -9999.0 -9999.0 -9999.0 -9999.0 -9999.0 -9999.0 -3.074234 -2.508625 -0.608933 -0.132516 -0.035466 -0.215284 -0.669263 -0.166784 -0.012376 3.434561 3.601016 3.168205 2.567167 0.365274 -0.029954 -0.999666 -1.632476 -0.425974 -0.072442 -0.012441 -0.026463 -0.118974 -1.958031 -2.559578 -2.967683 -1.757647 -2.956902 -2.438670 -1.983166 -2.068028 -0.761866 -0.549871 -1.931197 -0.295783 -0.008765 1.904901 1.324655 0.961452 -0.014594 -0.038862 -0.016052 -2.831078 -5.714755 -6.056891 -5.063805 -3.878537 -6.722814 -4.639515 -3.868314 -2.312569 -9999.0 -9999.0 -9999.0 -9999.0
-9999.0 -9999.0 -9999.0 -9999.0 -9999.0 -9999.0 -9999.0 -9999.0 -9999.0 -9999.0 -1.754152 -1.623801 -0.151357 -0.451047 -0.027550 -0.149612 -0.048106 0.811281 4.331738 3.437905 3.170589 2.079865 -0.018549 -0.165026 -1.288275 -0.128315 -0.016573 -0.004457 -0.132453 -1.520027 -1.862435 -3.011184 -4.040853 -2.386632 -2.193606 -1.252170 -0.616695 -0.466461 -2.551726 -1.935672 -1.949119 -0.569514 -0.279184 -0.145796 -0.014794 -0.012215 0.826250 1.568924 1.616461 -0.017210 -1.777908 -4.400086 -5.024410 -5.920078 -5.263952 -3.212794 -1.334897 -1.821628 -1.544534 -0.094023 -9999.0 -9999.0 -9999.0
-9999.0 -9999.0 -9999.0 -9999.0 -9999.0 -9999.0 -9999.0 -9999.0 -9999.0 -9999.0 -1.953684 -1.593755 -0.670494 -0.077564 -0.009424 -0.010437 -0.014257 1.915447 4.698110 4.714779 2.954824 0.706038 -0.023877 -0.249772 -0.128151 -0.012096 0.905992 -0.014805 -1.208439 -3.735745 -1.611801 -1.754153 -5.004784 -3.118833 -1.696758 -0.934927 -1.718968 -0.388677 -2.058266 -2.341293 -1.686359 -1.165077 -2.382803 -0.807197 -0.294100 -0.224224 -0.057801 -0.014621 2.219221 1.281437 -0.025261 -2.231391 -4.404015 -4.590754 -6.581456 -5.667151 -3.335103 -0.949809 1.220788 1.237344 -9999.0 -9999.0 -9999.0
-9999.0 -9999.0 -9999.0 -9999.0 -9999.0 -9999.0 -9999.0 -9999.0 -2.224800 -2.762079 -2.429254 -2.074741 -2.869852 -0.452461 -0.059633 1.158882 2.294957 3.494622 4.198008 5.217153 4.730350 3.513456 2.289960 -0.007781 -0.014928 1.527423 -0.009487 -0.732901 -1.739492 -3.725736 -7.665918 -1.758991 -2.060048 -2.705739 -2.623385 -1.698575 -0.184820 -0.459827 -2.460659 -3.061101 -1.812732 -0.933187 -3.673595 -2.712151 -0.976844 -0.645997 -2.281208 -0.337395 -0.013581 1.500291 -0.016105 -0.642512 -4.850284 -6.137907 -5.222202 -2.475426 -2.930298 -0.404234 -0.012635 3.306745 -9999.0 -9999.0 -9999.0
-9999.0 -9999.0 -9999.0 -9999.0 -9999.0 -9999.0 -9999.0 -9999.0 -3.200915 -1.242335 -3.041074 -2.377163 -1.462754 -2.259987 -0.839990 -0.012450 1.210672 1.918464 5.149921 5.773173 6.463285 5.063645 3.959801 2.584762 2.725877 2.615738 0.489261 -0.331002 -5.040157 -2.227142 -2.906293 -2.481802 -2.572471 -2.305107 -2.198928 -0.720378 -0.248725 -0.373482 -0.425248 -2.140122 -1.983922 -6.549543 -2.241810 -1.007078 -0.911946 -0.908178 -4.111342 -1.472546 -0.289066 1.215558 1.052427 -0.284364 -4.809403 -3.049072 -1.564897 -2.840233 -1.225507 -0.073708 1.816738 4.262204 5.686200 -9999.0 -9999.0
-9999.0 -9999.0 -9999.0 -9999.0 -9999.0 -9999.0 -9999.0 -9999.0 -2.566362 -1.391910 -1.242692 -3.837073 -2.176296 -3.398656 -0.840916 -0.700520 -0.009628 1.484018 5.030459 6.472273 6.235263 5.898067 5.423625 4.440107 3.746793 2.529218 -0.003692 -1.158989 -5.208161 -2.651959 -1.950907 -0.587570 -2.142259 -1.706813 -0.502533 -0.485670 -0.031871 1.263604 -0.025936 -0.567224 -2.231037 -1.801849 -2.022157 -1.506749 -1.516339 -2.172750 -2.978050 -2.528304 -2.428139 -0.015948 2.181360 -0.016491 -3.915368 -4.623125 -1.857662 -0.691187 -0.003787 1.708538 3.913609 4.497407 4.909604 -9999.0 -9999.0
-9999.0 -9999.0 -9999.0 -9999.0 -9999.0 -9999.0 -9999.0 -9999.0 -3.896228 -1.908294 -1.843165 -5.295623 -2.183490 -1.583400 -0.225712 -0.004317 3.597233 4.808432 3.878366 5.326813 5.607054 6.000121 5.780367 5.479888 3.118471 0.599948 -0.072647 -1.901061 -0.656404 -0.450468 -0.816708 -0.440647 -0.048152 -0.566452 -0.353576 -0.307018 -0.014752 3.238863 0.252577 -0.098537 -0.687311 -0.601713 -0.670543 -0.999516 -2.429504 -1.774294 -1.202867 -1.932918 -1.628185 -1.045372 -0.014482 1.770726 -0.015733 -1.130874 -0.014250 0.919586 2.501653 3.925741 4.892811 4.679214 3.759058 2.077970 -9999.0
-9999.0 -9999.0 -9999.0 -9999.0 -9999.0 -9999.0 -9999.0 -9999.0 -3.800685 -1.399401 -2.409099 -1.478889 -0.335328 -0.098537 -0.023165 1.336562 2.175173 1.926478 0.379270 2.309730 4.319378 5.303956 5.633383 5.324691 2.832941 -0.012356 -1.010966 -0.132049 -0.025224 -0.286514 -0.214615 -0.017434 1.261337 -0.005549 -0.016232 -0.005686 1.634738 5.436258 4.943052 1.144346 -0.014340 -0.021820 -0.147714 -0.039151 -0.949296 -0.428422 -0.384462 -1.119560 -0.329429 -0.017780 0.611798 1.209597 1.531478 1.045947 1.555271 1.850920 2.624849 3.462364 4.067920 3.742393 3.423825 1.507397 -9999.0
-9999.0 -9999.0 -1.486714 -1.562198 -3.635046 -1.819788 -3.303645 -2.762306 -2.194449 -1.742225 -1.220611 -0.238757 -0.094716 -0.227584 0.574283 0.847878 -0.016887 -1.144706 -0.366819 -0.010528 2.196056 4.862918 4.201602 5.816808 3.374785 1.474565 -0.013961 -0.009123 1.605899 -0.006904 -0.017457 -0.004909 2.856803 2.498111 2.764748 3.959965 5.133669 7.760918 6.778317 4.018791 2.841812 2.773717 3.118800 1.520117 -0.012429 -0.017351 0.692644 1.061476 1.557667 2.497926 3.215753 3.008674 2.378197 1.914312 1.804657 3.410279 2.434056 2.839618 2.456253 2.708804 1.769367 0.772832 -9999.0
-9999.0 -0.587587 -0.773544 -1.056172 -1.669625 -0.713363 -3.305705 -3.254175 -4.210684 -2.383449 -2.402897 -0.769790 -0.024948 -0.079775 -0.012199 -0.244716 -1.332005 -2.173556 -0.874316 -0.015498 1.911672 3.605990 3.403459 3.943720 4.645505 3.043828 2.654028 2.865515 3.108149 2.045795 1.930859 1.945641 3.342944 5.221688 5.702666 6.860881 8.915823 10.779203 8.471217 6.947813 6.260275 6.033673 5.265571 4.201822 2.942104 3.232183 3.301457 5.394149 4.804312 5.259098 3.751234 2.970140 2.204894 1.453797 1.372765 0.934825 0.498118 0.840265 0.640825 -0.011339 -0.003756 0.574145 -9999.0
-9999.0 -0.317262 -0.769013 -0.186546 -0.143053 -0.761299 -2.436086 -3.743459 -2.526022 -2.628748 -2.914713 -1.147228 -0.008958 -0.011532 -0.103828 -3.738526 -3.087324 -2.478670 -0.332938 -0.060829 -0.006717 1.417377 2.310132 1.810244 4.029059 5.165459 5.155402 5.241781 4.471169 5.938475 6.195436 5.927701 5.092155 5.974735 7.707365 8.886976 12.279061 13.475120 11.430501 10.718770 9.743822 8.585582 7.753722 7.624791 7.647127 7.451406 6.020484 5.754567 5.211078 4.521431 2.911431 1.504311 0.606099 1.247552 0.474651 -0.037889 -0.201933 -0.068606 -0.045306 -0.098386 -0.031725 -9999.0 -9999.0
