user2019/resources/simulation/Vinschgau/output-maps/TsL0007N0765.asc
ncols         63
nrows         48
xllcorner     598000.000000
yllcorner     5145000.000000
cellsize      1000.000000
NODATA_value  -9999.0
[rows 0 to 27 of 48, columns 0 to 62 of 63]
-9999.0 -9999.0 -9999.0 -9999.0 -9999.0 -9999.0 -9999.0 -9999.0 -9999.0 -9999.0 -9999.0 -9999.0 -9999.0 -9999.0 -9999.0 -9999.0 -9999.0 -9999.0 -9999.0 -9999.0 -9999.0 -9999.0 -9999.0 -9999.0 -9999.0 -9999.0 -9999.0 -9999.0 -9999.0 -9999.0 -9999.0 -9999.0 -9999.0 -9999.0 -9999.0 -9999.0 -9999.0 -9999.0 -9999.0 -9999.0 -9999.0 -9999.0 -9999.0 -9999.0 -9999.0 -9999.0 -9999.0 -9999.0 -9999.0 -9999.0 -9999.0 -9999.0 -9999.0 -9999.0 -9999.0 -9999.0 -9999.0 -9999.0 -9999.0 -9999.0 -9999.0 -9999.0 -9999.0
-9999.0 -9999.0 -9999.0 -9999.0 -9999.0 -9999.0 -9999.0 -9999.0 -9999.0 -9999.0 -9999.0 -9999.0 -9999.0 -9999.0 -9999.0 -9999.0 -9999.0 -9999.0 -9999.0 -9999.0 -9999.0 -9999.0 -9999.0 -9999.0 -9999.0 -9999.0 -9999.0 -1.482257 -0.001313 -1.689967 -2.064331 -1.584654 -1.945793 -9999.0 -9999.0 -9999.0 -9999.0 -9999.0 -9999.0 -9999.0 -9999.0 -9999.0 -9999.0 -9999.0 -9999.0 -9999.0 -9999.0 -9999.0 -9999.0 -9999.0 -9999.0 -9999.0 -9999.0 -9999.0 -9999.0 -9999.0 -9999.0 -9999.0 -9999.0 -9999.0 -9999.0 -9999.0 -9999.0
-9999.0 -9999.0 -9999.0 -9999.0 -9999.0 -9999.0 -9999.0 -9999.0 -9999.0 -9999.0 -9999.0 -9999.0 -9999.0 -9999.0 -9999.0 -9999.0 -9999.0 -9999.0 -9999.0 -9999.0 -9999.0 -9999.0 -9999.0 -9999.0 0.072582 0.133469 0.181275 0.125319 0.053075 -0.001694 -0.145711 -9999.0 -9999.0 -9999.0 -9999.0 -9999.0 -9999.0 -9999.0 -9999.0 -9999.0 -9999.0 -9999.0 -9999.0 -9999.0 -9999.0 -9999.0 -9999.0 -9999.0 -9999.0 -9999.0 -9999.0 -9999.0 -9999.0 -9999.0 -9999.0 -9999.0 -9999.0 -9999.0 -9999.0 -9999.0 -9999.0 -9999.0 -9999.0
-9999.0 -9999.0 -9999.0 -9999.0 -9999.0 -9999.0 -9999.0 -9999.0 -9999.0 -9999.0 -9999.0 -9999.0 -9999.0 -9999.0 -9999.0 -9999.0 -9999.0 -9999.0 -9999.0 -9999.0 -9999.0 -9999.0 -9999.0 0.129906 0.254539 1.359715 1.355481 1.461374 0.172149 0.104988 -0.002659 -1.360132 -9999.0 -9999.0 -9999.0 -9999.0 -9999.0 -9999.0 -9999.0 -9999.0 -9999.0 -9999.0 -9999.0 -9999.0 -9999.0 -9999.0 -9999.0 -9999.0 -9999.0 -9999.0 -9999.0 -9999.0 -9999.0 -9999.0 -9999.0 -9999.0 -9999.0 -9999.0 -9999.0 -9999.0 -9999.0 -9999.0 -9999.0
-9999.0 -9999.0 -9999.0 -9999.0 -9999.0 -9999.0 -9999.0 -9999.0 -9999.0 -9999.0 -9999.0 -9999.0 -9999.0 -9999.0 -9999.0 -9999.0 -9999.0 -9999.0 1.681164 0.223188 -9999.0 0.126306 0.213207 0.753670 0.849351 1.951037 1.250299 1.152155 1.528909 0.334548 0.058421 -0.004543 -1.853504 -2.866886 -9999.0 -9999.0 -9999.0 -9999.0 -9999.0 -9999.0 -9999.0 -9999.0 -9999.0 -9999.0 -9999.0 -9999.0 -9999.0 -9999.0 -9999.0 -9999.0 -9999.0 -9999.0 -9999.0 -9999.0 -9999.0 -9999.0 -9999.0 -9999.0 -9999.0 -9999.0 -9999.0 -9999.0 -9999.0
-9999.0 -9999.0 -9999.0 -9999.0 -9999.0 -9999.0 -9999.0 -9999.0 -9999.0 -9999.0 -9999.0 -9999.0 -9999.0 -9999.0 -9999.0 -9999.0 -9999.0 4.546532 2.359796 1.804543 -0.010579 0.277175 0.313414 0.162871 1.943028 0.161289 0.095451 0.077907 0.059900 0.273342 0.165149 -0.002349 -1.506726 -1.922586 -3.050964 -5.207702 -9999.0 -9999.0 -9999.0 -9999.0 -9999.0 -9999.0 -9999.0 -9999.0 -9999.0 -9999.0 -9999.0 -9999.0 -9999.0 -9999.0 -9999.0 -9999.0 -9999.0 -9999.0 -9999.0 -9999.0 -9999.0 -9999.0 -9999.0 -9999.0 -9999.0 -9999.0 -9999.0
-9999.0 -9999.0 -9999.0 -9999.0 -9999.0 -9999.0 -9999.0 -9999.0 -9999.0 -9999.0 -9999.0 -9999.0 -9999.0 0.120938 0.562474 2.209823 4.074863 5.480863 4.129152 1.217133 0.962638 0.845461 0.903994 1.645586 0.134921 0.098009 -0.689515 -1.372061 0.103404 0.152890 0.133803 0.027004 -1.245442 -1.967148 -2.483809 -4.434180 -9999.0 -9999.0 -9999.0 -9999.0 -9999.0 -9999.0 -9999.0 -9999.0 -9999.0 -9999.0 -9999.0 -9999.0 -9999.0 -9999.0 -9999.0 -9999.0 -9999.0 -9999.0 -9999.0 -9999.0 -9999.0 -9999.0 -9999.0 -9999.0 -9999.0 -9999.0 -9999.0
-9999.0 -9999.0 -9999.0 -9999.0 -9999.0 -9999.0 -9999.0 -9999.0 -9999.0 -9999.0 -9999.0 -9999.0 -9999.0 0.401545 1.937531 2.866152 3.144000 4.502257 5.559368 2.814258 2.619443 1.796641 1.170183 0.194742 0.152911 0.050114 0.008738 -1.796311 -1.705261 -0.535338 -0.001540 -1.207995 -2.633260 -6.387438 -4.633193 -9999.0 -9999.0 -9999.0 -9999.0 -9999.0 -9999.0 -9999.0 -9999.0 -9999.0 -9999.0 -9999.0 -9999.0 -9999.0 -9999.0 -9999.0 -9999.0 -9999.0 -9999.0 -9999.0 -9999.0 -9999.0 -9999.0 -9999.0 -9999.0 -9999.0 -9999.0 -9999.0 -9999.0
-9999.0 -9999.0 -9999.0 -9999.0 -9999.0 -9999.0 -9999.0 -9999.0 -9999.0 -9999.0 -9999.0 -9999.0 -9999.0 1.640836 2.101159 2.859746 2.504766 3.364643 5.809129 3.820904 2.313176 0.461844 0.070996 0.084710 0.315635 0.109059 -0.930586 -1.865044 -0.161327 -5.651779 -2.183036 -6.127502 -6.448528 -3.535760 -6.275438 -9999.0 -9999.0 -9999.0 -9999.0 -9999.0 -9999.0 -9999.0 -9999.0 -9999.0 -9999.0 -9999.0 -9999.0 -9999.0 -9999.0 -9999.0 -9999.0 -9999.0 -9999.0 -9999.0 -9999.0 -9999.0 -9999.0 -9999.0 -9999.0 -9999.0 -9999.0 -9999.0 -9999.0
-9999.0 -9999.0 -9999.0 -9999.0 -9999.0 -9999.0 -9999.0 -9999.0 -9999.0 -9999.0 -9999.0 -9999.0 0.373293 1.565447 2.140043 0.549513 0.775501 2.733132 5.226912 3.050500 0.978356 0.157176 0.038919 0.100533 0.241867 -0.002478 -0.000217 -0.009890 -0.009651 -3.635942 -3.162951 -2.097259 -2.376590 -4.741063 -9999.0 -9999.0 -9999.0 -9999.0 -9999.0 -9999.0 -9999.0 -9999.0 -9999.0 -9999.0 -9999.0 -9999.0 -9999.0 -9999.0 -9999.0 -9999.0 -9999.0 -9999.0 -9999.0 -9999.0 -9999.0 -9999.0 -9999.0 -9999.0 -9999.0 -9999.0 -9999.0 -9999.0 -9999.0
-9999.0 -9999.0 -9999.0 -9999.0 -9999.0 -9999.0 -9999.0 -9999.0 -9999.0 -9999.0 -9999.0 0.082654 0.308084 1.511794 1.101150 0.478260 1.551521 2.594336 5.478666 2.328123 1.043037 0.848161 0.052869 -0.001205 -0.540601 -0.542963 -2.426709 -0.003656 -0.000401 -4.092865 -2.151279 -0.007549 -2.129454 -2.987727 -3.029589 -2.042634 -1.447285 -1.017797 -1.000960 -9999.0 -9999.0 -9999.0 -2.967438 -9999.0 -9999.0 -9999.0 -9999.0 -9999.0 -9999.0 -9999.0 -9999.0 -9999.0 -9999.0 -9999.0 -9999.0 -9999.0 -9999.0 -9999.0 -9999.0 -9999.0 -9999.0 -9999.0 -9999.0
-9999.0 -9999.0 -9999.0 -9999.0 -9999.0 -9999.0 -9999.0 -9999.0 -9999.0 -9999.0 -9999.0 0.051820 0.939283 1.404425 2.144005 0.030566 3.334952 3.115880 5.567224 3.955628 2.467846 0.282447 0.070141 0.009950 -0.001805 -0.003715 -0.001806 -0.004342 -1.605677 -3.171703 -1.754687 -0.001128 -0.077823 -1.794730 -2.062460 -1.665508 0.088216 0.167036 -0.363708 -2.138021 -2.136678 -2.454964 -1.992875 -1.843536 -9999.0 -9999.0 -9999.0 -0.005755 -2.156035 -2.782052 -1.816495 -3.130281 -3.816338 -0.004730 -0.007372 -4.647111 -9999.0 -9999.0 -9999.0 -9999.0 -9999.0 -9999.0 -9999.0
-9999.0 -9999.0 -9999.0 -9999.0 -9999.0 -9999.0 -9999.0 -9999.0 -9999.0 -9999.0 -9999.0 0.053591 0.056928 0.034529 0.598611 0.292395 0.278158 2.242749 3.879050 4.381426 1.737772 0.116176 0.074628 0.052629 -0.005539 -1.418789 0.028978 -0.001393 -1.538650 -1.916319 -1.688999 -1.754018 -0.004984 -1.690874 -1.870519 -1.410824 -0.002888 -1.013988 0.517147 -1.623504 -0.017814 -1.498235 -1.360531 -0.003143 -1.704224 -9999.0 -4.681443 -1.753535 -1.230196 -0.018269 -1.476482 -1.552506 -1.071609 -0.039830 -2.238386 -1.629072 -9999.0 -9999.0 -9999.0 -9999.0 -9999.0 -9999.0 -9999.0
-9999.0 -9999.0 -9999.0 -9999.0 -9999.0 -9999.0 -9999.0 -9999.0 -9999.0 -9999.0 -9999.0 -9999.0 0.041128 0.039024 0.360695 0.335375 0.073776 1.721572 4.088023 4.365796 1.155397 0.081755 0.050048 0.026182 0.014152 0.036952 0.327087 -0.891777 -1.282705 -1.829281 -0.002922 -0.001474 -0.475708 -1.360693 -1.624236 -1.032897 0.035407 0.486242 2.372874 -0.010638 0.400987 -0.795767 -1.376540 0.068632 -1.693649 -1.750997 -2.481558 -1.689671 -2.077351 0.001980 0.380493 -0.000894 0.142220 -0.002980 -0.499734 -1.127054 -0.003460 -9999.0 -9999.0 -9999.0 -9999.0 -9999.0 -9999.0
-9999.0 -9999.0 -9999.0 -9999.0 -9999.0 -9999.0 -9999.0 -9999.0 -9999.0 -9999.0 -9999.0 0.040699 0.018116 0.031592 0.043436 0.053072 0.179854 0.949821 3.676532 3.556271 1.354270 0.087174 0.101807 0.048369 0.063403 0.051591 0.046002 -0.982752 -0.005999 -1.296598 0.022570 0.034725 0.039148 -1.287403 -2.063467 -1.985954 -1.064477 -0.166424 1.073372 1.040629 -0.275185 0.268543 0.065664 -0.399354 0.204038 -0.004086 -1.066556 -1.241756 -0.939662 0.091638 -1.520426 -1.266415 -2.203096 -4.287085 -4.676149 -2.285699 -3.036822 -9999.0 -9999.0 -9999.0 -9999.0 -9999.0 -9999.0
-9999.0 -9999.0 -9999.0 -9999.0 -9999.0 -9999.0 -9999.0 -9999.0 -9999.0 -9999.0 0.273446 0.017257 0.152909 0.132291 0.294591 0.225697 0.126654 0.120306 2.695629 3.269369 2.824548 1.333660 0.043985 0.346724 0.204437 0.163229 -0.897893 -2.139275 -0.002567 0.067828 0.064131 0.014010 -0.001829 -1.349241 -4.421197 -1.672998 0.020226 -0.005740 0.032244 0.115593 0.093679 0.585815 1.926132 0.366651 0.065434 -1.229489 -0.002300 -1.316696 0.064231 0.069890 -2.242827 -3.519584 -5.434205 -4.036128 -6.378985 -2.118842 -2.042586 -9999.0 -9999.0 -9999.0 -9999.0 -9999.0 -9999.0
-9999.0 -9999.0 -9999.0 -9999.0 -9999.0 -9999.0 -9999.0 -9999.0 -9999.0 -0.004878 0.078125 0.047870 0.060256 0.082052 0.106667 0.032357 0.079817 0.797056 2.292067 3.759151 3.287858 0.242290 0.140928 0.390682 0.371389 -0.489797 0.027057 0.113782 0.080824 0.146049 0.080596 -1.707483 -1.590446 -6.328695 -2.486139 -1.686307 -0.013067 -0.102658 -0.001804 0.024541 0.010307 0.067943 0.037672 1.009192 0.412648 0.140503 0.370456 0.099186 0.090901 0.642547 -1.732002 -3.305164 -4.896466 -5.705450 -3.966754 -2.440099 -0.013756 -1.786257 -2.493367 -9999.0 -9999.0 -9999.0 -9999.0
-9999.0 -9999.0 -9999.0 -9999.0 -9999.0 -9999.0 -9999.0 -9999.0 -9999.0 -1.912915 -1.774182 -0.001213 0.869023 0.132274 0.148702 0.093002 0.330064 0.324638 2.817654 4.576453 4.187208 2.885471 1.713449 0.321184 0.016006 0.057010 0.144624 0.235234 0.116370 0.236663 0.086165 -2.371681 -1.618132 -1.619513 -1.977388 -1.698978 -1.508610 -1.057683 -0.004651 -0.001463 0.019605 0.009792 0.123998 0.128947 1.783035 1.291372 0.864250 0.123415 0.065832 0.096524 -2.777202 -2.614998 -5.288787 -3.356631 -3.747432 -0.008548 -1.994382 -0.001503 -1.411872 -9999.0 -9999.0 -9999.0 -9999.0
-9999.0 -9999.0 -9999.0 -9999.0 -9999.0 -9999.0 -9999.0 -9999.0 -9999.0 -9999.0 -0.006732 -0.001569 0.025066 0.360589 0.184221 0.168905 0.193157 1.053045 3.474108 4.355499 3.694064 1.312001 0.134976 0.043553 0.086545 0.225810 0.082034 0.307706 0.098362 -0.001887 -1.758532 0.006019 -1.712445 -1.489283 -0.003520 -0.000672 0.238928 0.153870 -1.505537 -1.142363 -0.989105 0.066080 0.217283 0.052361 0.052237 0.140101 0.347540 2.208490 1.950109 0.091814 -1.987016 -1.941994 -3.736048 -5.224978 -2.525952 -1.920526 -0.000996 0.139070 0.106171 0.255013 -9999.0 -9999.0 -9999.0
-9999.0 -9999.0 -9999.0 -9999.0 -9999.0 -9999.0 -9999.0 -9999.0 -9999.0 -9999.0 -1.335667 -0.002709 0.053117 0.038309 2.208426 0.181832 0.177666 1.908915 4.149385 4.902719 2.922838 0.512673 0.150213 0.168991 0.199509 0.470898 1.060284 0.060348 -0.003929 -1.590193 -0.772623 0.010873 -2.625816 -1.736206 -0.005479 0.012645 0.038315 0.052649 -0.975196 -1.157252 -0.431459 -1.000397 -0.000859 0.009437 0.091744 -0.049320 0.081674 0.029836 1.294379 1.681792 0.033573 -1.485085 -1.822291 -3.853174 -5.367093 -4.118221 -1.843802 0.058948 0.761341 2.008591 -9999.0 -9999.0 -9999.0
-9999.0 -9999.0 -9999.0 -9999.0 -9999.0 -9999.0 -9999.0 -9999.0 0.051539 -0.001526 -1.538221 -0.000523 -0.000482 0.006973 0.003266 1.754409 1.744340 3.700623 5.164681 5.265851 4.738152 2.833323 1.874762 0.228473 0.348984 1.466059 1.500038 0.004726 -0.001673 -2.392022 -4.778578 -1.894631 -0.051805 -1.444497 -1.467491 -0.005316 0.067215 0.088927 -2.217737 -1.708113 -1.259442 0.008118 -1.623116 -1.586017 -0.868166 0.119431 -1.960602 0.063272 0.019472 2.753447 0.065217 -2.114729 -0.894182 -4.338435 -3.683729 -1.525632 -1.679792 0.359984 0.070621 2.820930 -9999.0 -9999.0 -9999.0
-9999.0 -9999.0 -9999.0 -9999.0 -9999.0 -9999.0 -9999.0 -9999.0 -1.549914 -0.001451 -1.342936 -1.221211 -0.001923 0.026170 0.038438 0.092121 0.894074 1.409726 4.243291 5.683815 6.710593 5.925105 4.237964 2.702238 2.273046 2.101781 0.130601 0.054987 -1.692326 -0.025701 -1.497786 -1.535814 -0.802959 -1.468440 -0.000500 0.038460 0.157472 0.055177 0.035536 -0.000966 -0.014514 -2.298223 -1.421500 0.011004 0.113808 0.011172 -1.716743 -0.001473 0.062994 0.833546 1.688312 0.081372 -3.135435 -1.147612 -0.002573 -1.246557 0.112695 0.046551 2.141960 5.523011 6.355748 -9999.0 -9999.0
-9999.0 -9999.0 -9999.0 -9999.0 -9999.0 -9999.0 -9999.0 -9999.0 -0.021371 -0.000363 -0.003874 -1.673957 0.010269 -1.364730 0.059018 0.031859 0.129183 1.314672 4.637542 6.774377 6.098929 6.744932 5.624841 4.564896 4.497789 1.995400 0.197435 0.015931 -1.759832 -0.003235 -1.333286 0.067037 -0.002576 -0.796248 0.030249 0.261012 0.067623 1.369462 0.014558 -0.584279 -0.003431 -1.277777 0.018412 0.034362 -0.000926 0.008596 -1.694442 0.020762 0.018439 0.096746 2.064380 0.058545 -2.220901 -2.993341 0.085909 0.035732 0.204882 2.025070 4.058050 5.173313 5.976474 -9999.0 -9999.0
-9999.0 -9999.0 -9999.0 -9999.0 -9999.0 -9999.0 -9999.0 -9999.0 -2.633915 -0.001384 0.071646 -1.803204 -0.000583 -0.002026 -0.440036 0.101286 2.819744 4.377961 4.399511 5.435071 5.629291 6.183581 6.773985 6.422158 3.112951 0.556781 0.112123 -1.323780 0.206163 -1.271730 0.050299 -1.170070 -0.696469 0.157527 -0.160882 0.201715 0.805887 2.477292 0.140900 0.053195 0.042168 0.059716 0.036334 -0.866157 0.060446 -1.257957 -0.002361 -1.010227 0.045917 0.099494 0.042048 1.561571 0.082270 0.412716 0.475152 1.296148 2.719146 4.077562 5.271080 5.777877 4.311662 2.063415 -9999.0
-9999.0 -9999.0 -9999.0 -9999.0 -9999.0 -9999.0 -9999.0 -9999.0 -0.002780 -0.000215 0.060651 -1.166409 -1.809302 0.003298 0.695071 1.804032 3.187108 1.670364 0.268702 1.753336 4.244084 5.763435 5.923560 5.648567 3.112327 0.223846 0.045129 0.205197 0.294109 0.217615 0.056205 0.158350 0.753860 0.318861 0.185333 0.448196 1.665129 4.041996 3.352149 1.406824 0.213264 0.161135 0.186214 0.146121 0.064808 0.193024 0.093484 0.090586 0.149320 0.062846 1.132602 1.271575 1.324214 1.588414 2.300378 3.325571 4.163098 4.770977 4.687375 3.865133 2.565219 1.084523 -9999.0
-9999.0 -9999.0 -0.005608 0.052597 -0.000957 0.036927 -0.001169 -0.769190 -0.000752 -0.000704 0.008236 0.123919 0.005816 0.425588 2.183218 2.198760 0.021300 0.024643 0.068657 0.163237 1.706799 4.283044 5.125717 6.082334 4.068753 1.208477 0.203597 0.208413 1.362457 1.004143 0.162559 0.192689 3.069352 1.715894 2.789513 3.183666 4.916831 5.923486 4.873282 3.000599 2.754436 2.738330 2.223301 1.650410 0.122636 0.203137 0.588139 0.720357 1.822262 2.838614 3.675505 4.586922 3.893153 3.514450 3.397191 4.629017 3.460050 3.338705 1.925295 2.072783 1.382954 0.463634 -9999.0
-9999.0 0.073694 0.014971 0.019039 0.026762 -0.000902 -0.001160 -0.004342 -1.390785 -1.409057 -0.000987 0.000026 0.717498 1.949709 2.033544 0.001921 0.025044 0.016873 0.210047 0.165268 1.685912 2.784537 4.166207 4.177624 5.154728 3.605109 3.541573 3.668757 3.254724 2.671676 2.325997 1.554524 2.277037 4.900179 5.353069 6.932383 8.021623 9.028469 8.183763 7.052828 6.065783 5.727961 4.826275 2.898968 1.982282 2.753600 4.228429 4.286103 4.922215 4.474892 4.835009 4.231313 3.193531 2.639311 2.588259 1.578968 0.715680 1.052618 0.629536 0.454657 0.086943 0.298708 -9999.0
-9999.0 0.109039 0.035974 0.082762 1.043196 0.028571 -0.003590 -0.001363 -0.000382 -1.626655 0.007755 0.006412 0.179260 2.099557 0.032556 -0.442358 -1.355448 0.016364 0.020473 0.047557 0.601022 1.054923 1.352449 1.417813 4.867002 6.023236 5.399956 5.822302 5.404272 4.855291 5.792495 5.243971 4.668313 5.662112 7.204422 8.649011 11.183973 12.701928 10.459405 9.925123 9.063984 8.205652 6.700577 7.009382 7.575197 6.693203 6.871736 6.523535 5.905803 5.400446 3.416139 1.174701 0.864137 0.900230 0.580691 0.041424 0.009636 0.058276 0.030122 0.049701 0.043772 -9999.0 -9999.0
