user2019/resources/simulation/Vinschgau/output-maps/TsL0002N1145.asc
ncols         63
nrows         48
xllcorner     598000.000000
yllcorner     5145000.000000
cellsize      1000.000000
NODATA_value  -9999.0
[rows 0 to 27 of 48, columns 0 to 62 of 63]
-9999.0 -9999.0 -9999.0 -9999.0 -9999.0 -9999.0 -9999.0 -9999.0 -9999.0 -9999.0 -9999.0 -9999.0 -9999.0 -9999.0 -9999.0 -9999.0 -9999.0 -9999.0 -9999.0 -9999.0 -9999.0 -9999.0 -9999.0 -9999.0 -9999.0 -9999.0 -9999.0 -9999.0 -9999.0 -9999.0 -9999.0 -9999.0 -9999.0 -9999.0 -9999.0 -9999.0 -9999.0 -9999.0 -9999.0 -9999.0 -9999.0 -9999.0 -9999.0 -9999.0 -9999.0 -9999.0 -9999.0 -9999.0 -9999.0 -9999.0 -9999.0 -9999.0 -9999.0 -9999.0 -9999.0 -9999.0 -9999.0 -9999.0 -9999.0 -9999.0 -9999.0 -9999.0 -9999.0
-9999.0 -9999.0 -9999.0 -9999.0 -9999.0 -9999.0 -9999.0 -9999.0 -9999.0 -9999.0 -9999.0 -9999.0 -9999.0 -9999.0 -9999.0 -9999.0 -9999.0 -9999.0 -9999.0 -9999.0 -9999.0 -9999.0 -9999.0 -9999.0 -9999.0 -9999.0 -9999.0 -0.001540 -0.000899 0.001944 -0.004593 -0.003082 -0.006473 -9999.0 -9999.0 -9999.0 -9999.0 -9999.0 -9999.0 -9999.0 -9999.0 -9999.0 -9999.0 -9999.0 -9999.0 -9999.0 -9999.0 -9999.0 -9999.0 -9999.0 -9999.0 -9999.0 -9999.0 -9999.0 -9999.0 -9999.0 -9999.0 -9999.0 -9999.0 -9999.0 -9999.0 -9999.0 -9999.0
-9999.0 -9999.0 -9999.0 -9999.0 -9999.0 -9999.0 -9999.0 -9999.0 -9999.0 -9999.0 -9999.0 -9999.0 -9999.0 -9999.0 -9999.0 -9999.0 -9999.0 -9999.0 -9999.0 -9999.0 -9999.0 -9999.0 -9999.0 -9999.0 0.015683 0.020211 0.027378 0.016274 -0.000620 -0.001976 -0.002641 -9999.0 -9999.0 -9999.0 -9999.0 -9999.0 -9999.0 -9999.0 -9999.0 -9999.0 -9999.0 -9999.0 -9999.0 -9999.0 -9999.0 -9999.0 -9999.0 -9999.0 -9999.0 -9999.0 -9999.0 -9999.0 -9999.0 -9999.0 -9999.0 -9999.0 -9999.0 -9999.0 -9999.0 -9999.0 -9999.0 -9999.0 -9999.0
-9999.0 -9999.0 -9999.0 -9999.0 -9999.0 -9999.0 -9999.0 -9999.0 -9999.0 -9999.0 -9999.0 -9999.0 -9999.0 -9999.0 -9999.0 -9999.0 -9999.0 -9999.0 -9999.0 -9999.0 -9999.0 -9999.0 -9999.0 0.023038 0.112232 2.158527 2.519317 2.719696 1.932244 0.081557 -0.002521 -0.003067 -9999.0 -9999.0 -9999.0 -9999.0 -9999.0 -9999.0 -9999.0 -9999.0 -9999.0 -9999.0 -9999.0 -9999.0 -9999.0 -9999.0 -9999.0 -9999.0 -9999.0 -9999.0 -9999.0 -9999.0 -9999.0 -9999.0 -9999.0 -9999.0 -9999.0 -9999.0 -9999.0 -9999.0 -9999.0 -9999.0 -9999.0
-9999.0 -9999.0 -9999.0 -9999.0 -9999.0 -9999.0 -9999.0 -9999.0 -9999.0 -9999.0 -9999.0 -9999.0 -9999.0 -9999.0 -9999.0 -9999.0 -9999.0 -9999.0 1.866991 0.112811 -9999.0 0.032404 0.114891 1.998671 1.937648 3.005724 1.641702 1.632256 1.461164 -0.002877 0.018852 -0.002145 -0.434468 -1.404071 -9999.0 -9999.0 -9999.0 -9999.0 -9999.0 -9999.0 -9999.0 -9999.0 -9999.0 -9999.0 -9999.0 -9999.0 -9999.0 -9999.0 -9999.0 -9999.0 -9999.0 -9999.0 -9999.0 -9999.0 -9999.0 -9999.0 -9999.0 -9999.0 -9999.0 -9999.0 -9999.0 -9999.0 -9999.0
-9999.0 -9999.0 -9999.0 -9999.0 -9999.0 -9999.0 -9999.0 -9999.0 -9999.0 -9999.0 -9999.0 -9999.0 -9999.0 -9999.0 -9999.0 -9999.0 -9999.0 4.704133 3.342564 3.509948 0.443063 -0.002162 -0.004686 1.228602 1.961382 -0.004595 -0.111127 -0.003260 -0.037097 1.150712 0.143904 0.021337 0.101503 -0.001442 -0.475847 -0.706656 -9999.0 -9999.0 -9999.0 -9999.0 -9999.0 -9999.0 -9999.0 -9999.0 -9999.0 -9999.0 -9999.0 -9999.0 -9999.0 -9999.0 -9999.0 -9999.0 -9999.0 -9999.0 -9999.0 -9999.0 -9999.0 -9999.0 -9999.0 -9999.0 -9999.0 -9999.0 -9999.0
-9999.0 -9999.0 -9999.0 -9999.0 -9999.0 -9999.0 -9999.0 -9999.0 -9999.0 -9999.0 -9999.0 -9999.0 -9999.0 0.250416 1.230978 2.992332 4.352948 7.287845 4.448669 2.598186 2.275346 1.467322 2.670787 1.909616 -0.012181 0.114170 -0.002983 -0.029531 -0.016527 -0.002454 -0.786946 -0.000520 -0.000741 -0.001536 -0.392953 -1.153413 -9999.0 -9999.0 -9999.0 -9999.0 -9999.0 -9999.0 -9999.0 -9999.0 -9999.0 -9999.0 -9999.0 -9999.0 -9999.0 -9999.0 -9999.0 -9999.0 -9999.0 -9999.0 -9999.0 -9999.0 -9999.0 -9999.0 -9999.0 -9999.0 -9999.0 -9999.0 -9999.0
-9999.0 -9999.0 -9999.0 -9999.0 -9999.0 -9999.0 -9999.0 -9999.0 -9999.0 -9999.0 -9999.0 -9999.0 -9999.0 0.653514 3.347335 3.693994 3.522932 5.407191 7.357174 4.147360 3.531663 3.636115 2.203435 0.717294 0.897513 -0.000348 -0.000828 -0.000527 -0.253435 -0.725385 -0.358466 -0.001100 -0.418074 -6.283464 -0.479121 -9999.0 -9999.0 -9999.0 -9999.0 -9999.0 -9999.0 -9999.0 -9999.0 -9999.0 -9999.0 -9999.0 -9999.0 -9999.0 -9999.0 -9999.0 -9999.0 -9999.0 -9999.0 -9999.0 -9999.0 -9999.0 -9999.0 -9999.0 -9999.0 -9999.0 -9999.0 -9999.0 -9999.0
-9999.0 -9999.0 -9999.0 -9999.0 -9999.0 -9999.0 -9999.0 -9999.0 -9999.0 -9999.0 -9999.0 -9999.0 -9999.0 3.404879 2.601485 4.615220 3.302832 4.008418 7.598125 4.397468 3.299503 2.190674 -0.003592 -0.017810 0.685651 0.021183 0.114765 -0.429678 -0.003275 -5.952746 -0.002258 -6.280125 -6.779068 -6.752436 -1.335797 -9999.0 -9999.0 -9999.0 -9999.0 -9999.0 -9999.0 -9999.0 -9999.0 -9999.0 -9999.0 -9999.0 -9999.0 -9999.0 -9999.0 -9999.0 -9999.0 -9999.0 -9999.0 -9999.0 -9999.0 -9999.0 -9999.0 -9999.0 -9999.0 -9999.0 -9999.0 -9999.0 -9999.0
-9999.0 -9999.0 -9999.0 -9999.0 -9999.0 -9999.0 -9999.0 -9999.0 -9999.0 -9999.0 -9999.0 -9999.0 2.048600 2.061138 4.220097 2.085443 1.830445 3.494448 6.122435 4.937108 2.347209 -0.005123 -0.005103 -0.013518 -1.021593 -0.000810 -2.360647 -0.002675 -0.003212 -0.432954 -6.409916 -0.451582 -0.003188 -1.573787 -9999.0 -9999.0 -9999.0 -9999.0 -9999.0 -9999.0 -9999.0 -9999.0 -9999.0 -9999.0 -9999.0 -9999.0 -9999.0 -9999.0 -9999.0 -9999.0 -9999.0 -9999.0 -9999.0 -9999.0 -9999.0 -9999.0 -9999.0 -9999.0 -9999.0 -9999.0 -9999.0 -9999.0 -9999.0
-9999.0 -9999.0 -9999.0 -9999.0 -9999.0 -9999.0 -9999.0 -9999.0 -9999.0 -9999.0 -9999.0 0.274773 3.271863 1.792310 3.630284 1.515558 4.205559 3.854448 5.663075 6.536056 2.296780 1.489616 0.108600 0.012639 -0.022946 -0.000703 -0.002943 -0.001694 -0.002714 -0.523965 -0.461704 -0.000743 -0.024367 -0.530383 -0.470802 -0.005449 -0.002940 -0.004926 -0.001614 -9999.0 -9999.0 -9999.0 -0.535620 -9999.0 -9999.0 -9999.0 -9999.0 -9999.0 -9999.0 -9999.0 -9999.0 -9999.0 -9999.0 -9999.0 -9999.0 -9999.0 -9999.0 -9999.0 -9999.0 -9999.0 -9999.0 -9999.0 -9999.0
-9999.0 -9999.0 -9999.0 -9999.0 -9999.0 -9999.0 -9999.0 -9999.0 -9999.0 -9999.0 -9999.0 0.248559 3.281255 4.935802 4.654996 0.464158 5.981815 4.383285 6.072994 4.679021 3.053267 0.522480 0.107457 -2.416925 -3.301855 -0.000904 -0.001592 -0.000725 0.092755 -0.515141 -0.001663 -0.001036 -0.003248 -0.017315 -0.005169 -0.001686 -0.000633 0.110290 -0.005091 -0.499360 -0.505599 -0.824887 -0.002064 -0.437859 -9999.0 -9999.0 -9999.0 -0.010928 -0.005778 -0.451097 -0.004209 -0.567508 -0.897798 -0.007985 -0.007890 -1.315011 -9999.0 -9999.0 -9999.0 -9999.0 -9999.0 -9999.0 -9999.0
-9999.0 -9999.0 -9999.0 -9999.0 -9999.0 -9999.0 -9999.0 -9999.0 -9999.0 -9999.0 -9999.0 0.178670 0.248333 0.024746 1.333491 0.858805 0.839463 3.494235 5.695329 4.731214 1.916044 -0.003038 -0.347668 0.017184 -0.000895 -0.001221 -1.670060 -2.947880 -0.001883 -0.004486 -0.280981 -3.424470 -0.000685 -0.003655 -0.438440 -0.000782 -2.606178 -2.291866 0.138266 -0.185876 -0.002452 -0.003125 -0.002458 -0.001093 -0.003923 -9999.0 -1.553526 -0.008765 -0.004743 -0.000918 -0.000274 0.095152 -0.001394 -0.002463 -0.002691 -0.007950 -9999.0 -9999.0 -9999.0 -9999.0 -9999.0 -9999.0 -9999.0
-9999.0 -9999.0 -9999.0 -9999.0 -9999.0 -9999.0 -9999.0 -9999.0 -9999.0 -9999.0 -9999.0 -9999.0 0.203369 -0.021539 0.429311 0.544877 0.218824 2.550881 5.501433 4.649442 1.884610 0.008729 -0.760679 -0.436877 -2.243430 -2.721309 0.032417 0.006283 -0.002389 -0.437722 -0.001559 -3.234018 0.008003 -0.002613 -0.003407 -0.001115 -2.854995 -2.151482 0.703585 0.086945 0.109146 0.103544 -2.647907 0.029600 -0.391651 -0.004237 -0.486903 -0.003768 -4.100584 -0.610059 -0.020153 -3.094153 -3.175921 -3.724151 -4.303720 -0.002194 -0.003530 -9999.0 -9999.0 -9999.0 -9999.0 -9999.0 -9999.0
-9999.0 -9999.0 -9999.0 -9999.0 -9999.0 -9999.0 -9999.0 -9999.0 -9999.0 -9999.0 -9999.0 -0.175933 0.107173 0.291508 -0.020948 -0.004707 0.444389 1.869127 5.012329 3.893656 2.203059 0.253032 -0.016070 -0.717826 -0.744336 -1.949659 -0.867761 -0.002463 -0.002965 -0.000690 -1.792401 -2.408189 0.029470 -0.004731 -0.004953 -0.004042 -0.000887 -1.275780 -0.005292 0.236867 -0.032849 -0.010453 -0.236574 -0.001349 0.108930 -0.002368 -0.003540 -0.000618 0.104477 -0.015366 -2.747392 -0.002156 -4.557417 -4.909662 -5.629895 -5.911226 -0.437784 -9999.0 -9999.0 -9999.0 -9999.0 -9999.0 -9999.0
-9999.0 -9999.0 -9999.0 -9999.0 -9999.0 -9999.0 -9999.0 -9999.0 -9999.0 -9999.0 0.094880 -0.634113 0.111234 0.120238 0.244073 -0.000506 -0.000514 -0.009435 3.061731 3.544284 2.770813 1.828449 -0.680814 0.137859 -0.021716 -1.609404 -2.304592 -3.722548 0.022051 0.086888 -1.849690 -1.924808 0.027277 -0.004656 -1.136647 -0.243996 0.018333 -1.575114 -0.311070 0.051525 0.067301 1.104606 3.854477 0.511947 -0.016306 -0.000487 -0.000771 -0.549521 -1.572988 -0.012708 -4.649044 -0.458241 -6.028496 -6.452948 -6.981697 -0.002598 -0.004859 -9999.0 -9999.0 -9999.0 -9999.0 -9999.0 -9999.0
-9999.0 -9999.0 -9999.0 -9999.0 -9999.0 -9999.0 -9999.0 -9999.0 -9999.0 -0.000838 0.036163 -0.046158 -0.026988 -0.034093 -1.269301 -0.022226 -0.017647 1.054905 2.987323 3.614989 3.118349 0.359388 -0.007263 0.080546 -0.000863 -1.408303 -2.087646 0.088350 -0.024546 -0.017752 -0.000398 -1.606553 -0.003612 -0.506618 -0.513055 -0.334928 0.003505 -2.779335 -1.991491 -0.559921 -1.191250 -0.408396 -0.512075 1.189089 0.508966 -0.016248 0.216638 -0.092424 -0.082936 -0.002326 -2.421100 -0.439934 -6.556638 -1.490259 -0.506769 -4.276436 -3.937710 -0.423724 -0.480692 -9999.0 -9999.0 -9999.0 -9999.0
-9999.0 -9999.0 -9999.0 -9999.0 -9999.0 -9999.0 -9999.0 -9999.0 -9999.0 -0.000747 -0.000837 0.092893 0.278335 -0.008222 -0.018684 -0.040743 0.208390 0.096064 3.563863 4.409581 3.945041 3.526408 2.040058 0.661527 -1.016557 -1.136000 -0.648442 -0.012512 0.120543 0.749468 0.146771 -1.986697 -0.000797 -0.003600 -0.004614 -0.409432 -0.001861 0.099085 -0.000911 0.031920 -2.921856 -1.530580 -0.023922 0.331951 2.068006 1.538654 1.224238 0.074908 -0.008133 -0.003741 -2.862042 -4.724296 -2.042569 -3.567177 -3.589179 -5.227863 -2.993740 -3.376309 -0.001339 -9999.0 -9999.0 -9999.0 -9999.0
-9999.0 -9999.0 -9999.0 -9999.0 -9999.0 -9999.0 -9999.0 -9999.0 -9999.0 -9999.0 -0.001748 0.026334 -0.019053 -0.694242 -0.000794 -0.017355 -0.009904 1.074993 4.359992 4.098753 3.969824 2.141433 -0.018522 -0.307356 -0.691620 -0.016843 -0.000368 0.611099 0.143832 -1.543123 -1.890286 -2.788016 -3.041038 -0.002988 -0.002737 -0.000548 0.032807 0.038405 -0.001533 -0.001660 -0.002221 0.033582 0.144391 -0.015972 -0.011848 -0.007671 0.978050 2.380152 1.916288 -0.004230 -1.822419 -3.770258 -0.518180 -2.506899 -3.517563 -0.004018 -0.002927 -1.604519 -1.236631 -0.014940 -9999.0 -9999.0 -9999.0
-9999.0 -9999.0 -9999.0 -9999.0 -9999.0 -9999.0 -9999.0 -9999.0 -9999.0 -9999.0 -0.004752 -0.000736 0.031879 -0.010493 1.609407 -0.006562 -0.011311 2.087856 4.789225 4.921089 2.876870 0.905969 -0.022894 -0.018478 -0.016034 0.202072 1.243883 -0.008557 -1.232154 -2.756696 -0.001093 -0.000833 -4.189688 -0.003715 -0.001044 0.037145 -1.540606 -0.032834 -2.526795 -0.002685 -0.001406 0.187849 -0.721373 0.076306 0.115646 -0.511504 -0.011207 -0.011387 2.268472 1.643586 -0.000478 -2.083305 -3.475616 -0.478098 -4.051983 -2.440579 -0.004244 -0.230288 0.710034 1.547399 -9999.0 -9999.0 -9999.0
-9999.0 -9999.0 -9999.0 -9999.0 -9999.0 -9999.0 -9999.0 -9999.0 -0.000696 -0.002112 -0.003248 -0.000692 -2.708671 -1.037149 -0.049885 1.162248 2.388354 4.433030 5.052512 5.356784 4.616811 3.460724 2.482741 0.611880 0.055007 1.498735 1.672964 -0.737066 -1.854727 -2.675411 -5.898986 -0.001105 -0.001058 -0.003591 -0.003541 -0.000827 0.211434 -0.023814 -2.486379 -0.336060 -0.000501 0.031765 -2.691942 -0.002994 0.112525 0.103615 -2.305723 -0.589019 -0.008456 1.820712 0.016334 -2.346133 -4.080270 -5.189911 -1.416533 -0.003264 -0.418004 0.109464 0.137494 3.660612 -9999.0 -9999.0 -9999.0
-9999.0 -9999.0 -9999.0 -9999.0 -9999.0 -9999.0 -9999.0 -9999.0 -3.078300 -3.125792 -2.220306 -0.002807 -0.000812 -2.129951 -0.872227 -0.007054 1.398356 1.992665 5.028239 5.872693 6.643430 6.140400 5.116715 4.086045 2.825568 2.822997 0.431874 -0.037281 -3.575452 -0.002692 -0.003698 -0.002798 -0.000798 -0.001513 -0.000694 0.027355 0.739009 -0.000394 -0.027786 0.019402 -0.001205 -4.461475 -0.001063 0.020716 0.023230 -2.086978 -3.150553 0.012754 -0.021711 1.096436 1.386914 -0.018806 -4.278056 -0.004081 -0.000885 -2.436545 -0.427438 -0.010346 2.071099 4.534206 5.816503 -9999.0 -9999.0
-9999.0 -9999.0 -9999.0 -9999.0 -9999.0 -9999.0 -9999.0 -9999.0 -0.001061 -0.000686 -0.000960 -3.033228 -0.002362 -2.506146 -0.182508 -0.730387 -0.007905 2.062755 4.960700 6.615034 6.339455 6.812906 6.510457 4.785649 4.584293 2.732633 0.017740 -1.183333 -4.690783 -0.001160 -0.000958 0.030404 -2.295291 -2.022604 0.056234 0.301191 -0.000681 1.217359 -0.031648 -0.094634 0.014751 -0.000636 0.017879 -0.000717 -2.237426 0.016614 -0.404223 -0.001064 -2.075389 -0.015181 2.190833 0.003329 -2.832249 -4.096122 -1.561754 -0.058386 0.643602 1.943385 4.234471 4.836830 5.307593 -9999.0 -9999.0
-9999.0 -9999.0 -9999.0 -9999.0 -9999.0 -9999.0 -9999.0 -9999.0 -0.451749 0.015516 -2.361289 -4.364000 0.000374 -1.980512 -1.922619 -0.003342 3.516246 4.764999 4.652012 5.243316 5.785637 6.182062 6.635484 5.887256 3.147135 0.555967 -0.054837 -1.940324 0.030030 -0.296370 -1.178402 -0.879935 -0.005382 -0.026343 -0.019327 0.191201 1.172563 3.578539 0.229475 -0.013272 0.090119 0.096362 0.095465 0.116395 -0.000841 -0.000640 0.059888 0.095840 -0.000878 -0.349926 -0.011544 1.807315 0.053872 -1.479958 0.271035 1.186584 2.680391 4.280072 5.273205 5.016382 3.980388 2.172520 -9999.0
-9999.0 -9999.0 -9999.0 -9999.0 -9999.0 -9999.0 -9999.0 -9999.0 -0.007130 -0.000749 -2.304232 -1.532564 -0.627393 -0.334435 0.901936 1.643827 2.966837 1.957029 0.288074 2.396591 4.292891 5.606900 5.805526 5.502428 3.687606 -0.008147 -1.047102 -0.016224 -0.000662 -0.018999 -0.444877 -0.001828 1.599646 0.639605 0.029813 0.531953 2.092188 5.567787 4.976624 1.484808 0.079920 0.037750 -0.000326 -0.003007 -0.154724 0.136816 -0.019626 -0.878564 -0.021008 -0.000387 0.895763 1.214652 1.518227 1.199814 1.961170 2.315354 2.882886 3.660511 4.306427 4.162650 3.724157 1.556422 -9999.0
-9999.0 -9999.0 -0.000141 0.013962 -3.552102 -2.476026 -3.104470 -4.183668 -0.002935 -0.001602 -2.894122 -0.816401 -0.099176 -0.000494 2.056875 1.186622 -0.015913 -1.171711 -0.029819 -0.005836 2.262145 4.993490 4.735646 5.699399 3.590932 1.540810 -0.008995 -0.005908 1.898638 1.812680 -0.016953 0.172600 3.645000 2.884815 3.189524 4.119370 6.158034 7.841008 6.736675 4.049153 3.726867 3.411268 3.688502 1.783880 -0.008298 -0.004284 1.008760 1.015160 1.691285 2.661175 3.705034 3.090462 2.542919 2.099567 2.053473 3.724519 2.673473 3.038542 2.670205 3.048225 2.419209 0.781798 -9999.0
-9999.0 -1.281033 -0.441066 -2.631555 -1.396265 -2.196213 -1.508467 -2.408180 -3.395571 -0.002998 -2.215907 -0.803459 -0.002000 1.464666 1.447313 -0.409643 -1.738795 -2.401017 -1.023514 -0.013640 1.931496 3.793180 4.248186 4.411986 5.180843 3.345240 3.273649 3.482457 3.960526 2.304162 2.406040 2.591752 4.208925 6.085109 6.846383 7.987371 9.702511 10.753104 9.800811 7.969304 7.348655 7.236323 6.447205 4.325551 3.024694 3.434410 3.676477 5.483993 5.733260 5.652569 3.957537 3.173033 2.443605 1.708984 1.645770 1.239905 0.453652 0.799230 0.993316 1.435799 0.097133 0.571297 -9999.0
-9999.0 0.164117 -0.018256 -0.029092 0.032171 -0.035640 -2.479642 -2.939023 -0.003330 -0.003504 -2.097932 -1.203616 -0.004570 1.479109 -0.119108 -3.429745 -2.228858 -2.167857 -0.764737 -0.011003 1.916104 1.505772 2.576304 2.200125 4.055289 5.111325 5.020625 5.300947 5.186219 5.961703 6.117304 5.875268 6.085140 7.076146 8.943588 10.142256 12.719761 13.791363 12.763686 11.679557 10.935584 9.955897 8.937721 7.632394 7.519473 7.380984 6.938139 6.628686 5.971360 5.068964 3.130341 1.555013 0.558040 1.150390 0.384228 -0.031941 -0.033100 -0.072481 -0.038865 -0.191511 -0.024671 -9999.0 -9999.0
