user2019/resources/simulation/Vinschgau/output-maps/TsL0007N0818.asc
ncols         63
nrows         48
xllcorner     598000.000000
yllcorner     5145000.000000
cellsize      1000.000000
NODATA_value  -9999.0
[rows 0 to 27 of 48, columns 0 to 62 of 63]
-9999.0 -9999.0 -9999.0 -9999.0 -9999.0 -9999.0 -9999.0 -9999.0 -9999.0 -9999.0 -9999.0 -9999.0 -9999.0 -9999.0 -9999.0 -9999.0 -9999.0 -9999.0 -9999.0 -9999.0 -9999.0 -9999.0 -9999.0 -9999.0 -9999.0 -9999.0 -9999.0 -9999.0 -9999.0 -9999.0 -9999.0 -9999.0 -9999.0 -9999.0 -9999.0 -9999.0 -9999.0 -9999.0 -9999.0 -9999.0 -9999.0 -9999.0 -9999.0 -9999.0 -9999.0 -9999.0 -9999.0 -9999.0 -9999.0 -9999.0 -9999.0 -9999.0 -9999.0 -9999.0 -9999.0 -9999.0 -9999.0 -9999.0 -9999.0 -9999.0 -9999.0 -9999.0 -9999.0
-9999.0 -9999.0 -9999.0 -9999.0 -9999.0 -9999.0 -9999.0 -9999.0 -9999.0 -9999.0 -9999.0 -9999.0 -9999.0 -9999.0 -9999.0 -9999.0 -9999.0 -9999.0 -9999.0 -9999.0 -9999.0 -9999.0 -9999.0 -9999.0 -9999.0 -9999.0 -9999.0 -5.249322 -2.739115 -4.611993 -4.598778 -5.356935 -5.752574 -9999.0 -9999.0 -9999.0 -9999.0 -9999.0 -9999.0 -9999.0 -9999.0 -9999.0 -9999.0 -9999.0 -9999.0 -9999.0 -9999.0 -9999.0 -9999.0 -9999.0 -9999.0 -9999.0 -9999.0 -9999.0 -9999.0 -9999.0 -9999.0 -9999.0 -9999.0 -9999.0 -9999.0 -9999.0 -9999.0
-9999.0 -9999.0 -9999.0 -9999.0 -9999.0 -9999.0 -9999.0 -9999.0 -9999.0 -9999.0 -9999.0 -9999.0 -9999.0 -9999.0 -9999.0 -9999.0 -9999.0 -9999.0 -9999.0 -9999.0 -9999.0 -9999.0 -9999.0 -9999.0 -1.483117 -1.104008 -0.002279 -1.398917 -1.941364 -3.919929 -4.603326 -9999.0 -9999.0 -9999.0 -9999.0 -9999.0 -9999.0 -9999.0 -9999.0 -9999.0 -9999.0 -9999.0 -9999.0 -9999.0 -9999.0 -9999.0 -9999.0 -9999.0 -9999.0 -9999.0 -9999.0 -9999.0 -9999.0 -9999.0 -9999.0 -9999.0 -9999.0 -9999.0 -9999.0 -9999.0 -9999.0 -9999.0 -9999.0
-9999.0 -9999.0 -9999.0 -9999.0 -9999.0 -9999.0 -9999.0 -9999.0 -9999.0 -9999.0 -9999.0 -9999.0 -9999.0 -9999.0 -9999.0 -9999.0 -9999.0 -9999.0 -9999.0 -9999.0 -9999.0 -9999.0 -9999.0 -0.621368 -0.000346 0.140312 0.488904 0.704807 -0.002092 -1.340279 -4.288197 -5.226398 -9999.0 -9999.0 -9999.0 -9999.0 -9999.0 -9999.0 -9999.0 -9999.0 -9999.0 -9999.0 -9999.0 -9999.0 -9999.0 -9999.0 -9999.0 -9999.0 -9999.0 -9999.0 -9999.0 -9999.0 -9999.0 -9999.0 -9999.0 -9999.0 -9999.0 -9999.0 -9999.0 -9999.0 -9999.0 -9999.0 -9999.0
-9999.0 -9999.0 -9999.0 -9999.0 -9999.0 -9999.0 -9999.0 -9999.0 -9999.0 -9999.0 -9999.0 -9999.0 -9999.0 -9999.0 -9999.0 -9999.0 -9999.0 -9999.0 0.095814 -0.001120 -9999.0 -0.002925 -0.000515 0.010034 0.148168 1.003869 0.046728 0.038848 0.076743 0.000838 -1.459758 -4.055892 -6.347720 -8.530269 -9999.0 -9999.0 -9999.0 -9999.0 -9999.0 -9999.0 -9999.0 -9999.0 -9999.0 -9999.0 -9999.0 -9999.0 -9999.0 -9999.0 -9999.0 -9999.0 -9999.0 -9999.0 -9999.0 -9999.0 -9999.0 -9999.0 -9999.0 -9999.0 -9999.0 -9999.0 -9999.0 -9999.0 -9999.0
-9999.0 -9999.0 -9999.0 -9999.0 -9999.0 -9999.0 -9999.0 -9999.0 -9999.0 -9999.0 -9999.0 -9999.0 -9999.0 -9999.0 -9999.0 -9999.0 -9999.0 4.006720 2.090430 1.115165 -1.316959 0.002955 0.000455 -0.001322 0.096045 -0.001510 -0.002242 -0.001602 -0.002209 0.006759 -1.440541 -4.217028 -4.650143 -5.183348 -7.100250 -8.329351 -9999.0 -9999.0 -9999.0 -9999.0 -9999.0 -9999.0 -9999.0 -9999.0 -9999.0 -9999.0 -9999.0 -9999.0 -9999.0 -9999.0 -9999.0 -9999.0 -9999.0 -9999.0 -9999.0 -9999.0 -9999.0 -9999.0 -9999.0 -9999.0 -9999.0 -9999.0 -9999.0
-9999.0 -9999.0 -9999.0 -9999.0 -9999.0 -9999.0 -9999.0 -9999.0 -9999.0 -9999.0 -9999.0 -9999.0 -9999.0 -0.001441 0.007093 1.775409 3.520661 3.424069 3.580630 0.091753 0.053794 0.019888 0.206261 0.051744 -0.001201 -0.000751 -1.468221 -0.857490 -0.500675 -0.001486 -0.003127 -1.701183 -4.937143 -5.727980 -6.239661 -8.595102 -9999.0 -9999.0 -9999.0 -9999.0 -9999.0 -9999.0 -9999.0 -9999.0 -9999.0 -9999.0 -9999.0 -9999.0 -9999.0 -9999.0 -9999.0 -9999.0 -9999.0 -9999.0 -9999.0 -9999.0 -9999.0 -9999.0 -9999.0 -9999.0 -9999.0 -9999.0 -9999.0
-9999.0 -9999.0 -9999.0 -9999.0 -9999.0 -9999.0 -9999.0 -9999.0 -9999.0 -9999.0 -9999.0 -9999.0 -9999.0 0.000697 1.036963 2.485852 2.782911 2.778658 3.462732 1.430082 2.425342 0.522509 0.873910 -0.000318 -0.000795 -0.002107 -2.689637 -4.828574 -5.911227 -0.803453 -0.562148 -4.247876 -6.278603 -9.661727 -7.649369 -9999.0 -9999.0 -9999.0 -9999.0 -9999.0 -9999.0 -9999.0 -9999.0 -9999.0 -9999.0 -9999.0 -9999.0 -9999.0 -9999.0 -9999.0 -9999.0 -9999.0 -9999.0 -9999.0 -9999.0 -9999.0 -9999.0 -9999.0 -9999.0 -9999.0 -9999.0 -9999.0 -9999.0
-9999.0 -9999.0 -9999.0 -9999.0 -9999.0 -9999.0 -9999.0 -9999.0 -9999.0 -9999.0 -9999.0 -9999.0 -9999.0 0.608533 0.548034 1.787977 2.065120 3.046693 3.729542 3.450456 0.783054 -0.030919 -0.001806 -0.001771 0.002463 -0.001485 -3.537645 -6.195289 -5.164222 -8.558768 -4.933111 -10.082440 -10.532669 -10.875363 -9.008967 -9999.0 -9999.0 -9999.0 -9999.0 -9999.0 -9999.0 -9999.0 -9999.0 -9999.0 -9999.0 -9999.0 -9999.0 -9999.0 -9999.0 -9999.0 -9999.0 -9999.0 -9999.0 -9999.0 -9999.0 -9999.0 -9999.0 -9999.0 -9999.0 -9999.0 -9999.0 -9999.0 -9999.0
-9999.0 -9999.0 -9999.0 -9999.0 -9999.0 -9999.0 -9999.0 -9999.0 -9999.0 -9999.0 -9999.0 -9999.0 0.000993 0.087511 1.195637 0.009736 0.496170 2.347762 3.328491 2.134340 0.036864 -0.001714 -0.060175 -0.001510 -0.004162 -3.140621 -1.459665 -4.715168 -4.828275 -6.517910 -9.987550 -6.676027 -6.285268 -9.402539 -9999.0 -9999.0 -9999.0 -9999.0 -9999.0 -9999.0 -9999.0 -9999.0 -9999.0 -9999.0 -9999.0 -9999.0 -9999.0 -9999.0 -9999.0 -9999.0 -9999.0 -9999.0 -9999.0 -9999.0 -9999.0 -9999.0 -9999.0 -9999.0 -9999.0 -9999.0 -9999.0 -9999.0 -9999.0
-9999.0 -9999.0 -9999.0 -9999.0 -9999.0 -9999.0 -9999.0 -9999.0 -9999.0 -9999.0 -9999.0 -0.000316 0.382400 0.608620 0.448886 0.003396 0.849535 2.266657 3.397374 1.551680 0.798120 0.030835 -1.037989 -1.865704 -1.428209 -2.753290 -5.457718 -3.534599 -2.102592 -8.155177 -6.889752 -4.739131 -6.271412 -7.781526 -7.042672 -6.036316 -4.959255 -3.757918 -3.505449 -9999.0 -9999.0 -9999.0 -7.894532 -9999.0 -9999.0 -9999.0 -9999.0 -9999.0 -9999.0 -9999.0 -9999.0 -9999.0 -9999.0 -9999.0 -9999.0 -9999.0 -9999.0 -9999.0 -9999.0 -9999.0 -9999.0 -9999.0 -9999.0
-9999.0 -9999.0 -9999.0 -9999.0 -9999.0 -9999.0 -9999.0 -9999.0 -9999.0 -9999.0 -9999.0 -0.000836 0.727159 1.703145 1.784788 -0.001670 2.933990 2.919855 3.550582 2.323666 0.822710 0.000283 -0.002270 -1.231836 -1.779779 -3.445972 -3.678370 -3.188869 -4.839874 -7.775373 -4.015088 -3.332923 -5.172455 -6.243622 -6.930113 -4.113742 -1.349921 -1.199858 -3.153790 -7.390532 -7.356951 -7.868555 -4.335387 -6.362416 -9999.0 -9999.0 -9999.0 -3.605818 -7.217686 -6.904489 -6.142426 -7.942238 -8.195379 -3.368398 -3.175718 -8.729978 -9999.0 -9999.0 -9999.0 -9999.0 -9999.0 -9999.0 -9999.0
-9999.0 -9999.0 -9999.0 -9999.0 -9999.0 -9999.0 -9999.0 -9999.0 -9999.0 -9999.0 -9999.0 -0.655275 -0.000399 -0.169683 0.011294 0.000405 0.004752 2.340660 2.572865 2.440861 1.266597 -0.001371 -0.001604 -1.482656 -3.557227 -5.017784 -0.363198 -1.554821 -5.429179 -6.595081 -5.862155 -4.163310 -2.601000 -5.817448 -6.389403 -3.939023 -2.575594 -2.373324 -0.891396 -5.632164 -2.965158 -5.128371 -3.182310 -3.287984 -5.898270 -9999.0 -9.248596 -5.973581 -4.270888 -3.104591 -2.780350 -3.982236 -3.780331 -4.300177 -4.892278 -5.686326 -9999.0 -9999.0 -9999.0 -9999.0 -9999.0 -9999.0 -9999.0
-9999.0 -9999.0 -9999.0 -9999.0 -9999.0 -9999.0 -9999.0 -9999.0 -9999.0 -9999.0 -9999.0 -9999.0 -0.000893 -0.001671 -0.000193 -0.000151 -0.001694 1.633519 2.900436 2.439913 1.000321 -0.001655 -0.336072 -0.005445 -1.384308 -0.018040 -0.005202 -3.119887 -4.583278 -6.282534 -3.814971 -3.327563 -2.407603 -4.839452 -5.502885 -3.574551 -0.782495 -0.198398 0.036506 -1.593365 -1.027553 -3.147111 -3.258244 -0.003538 -5.885338 -6.156673 -7.358375 -5.778343 -3.439634 -0.643206 0.001397 -2.800478 -1.650950 -1.873209 -4.912112 -4.532125 -5.204517 -9999.0 -9999.0 -9999.0 -9999.0 -9999.0 -9999.0
-9999.0 -9999.0 -9999.0 -9999.0 -9999.0 -9999.0 -9999.0 -9999.0 -9999.0 -9999.0 -9999.0 -0.002904 -1.365229 -0.843894 -0.004256 -0.001058 0.000304 0.926673 2.321634 3.006460 1.242964 -0.001708 -0.000900 -0.939273 -0.002761 -0.352854 -0.002958 -4.709786 -4.812265 -4.693124 -0.907666 -1.395604 -2.197963 -4.665227 -6.966795 -4.177004 -3.687264 -0.539461 0.054553 -0.576648 -0.550973 -0.007490 -0.766022 -0.614738 -0.002675 -4.329002 -5.070910 -4.594458 -3.608903 -0.179129 -4.202793 -4.508815 -5.627020 -7.115290 -8.374236 -8.645522 -6.546791 -9999.0 -9999.0 -9999.0 -9999.0 -9999.0 -9999.0
-9999.0 -9999.0 -9999.0 -9999.0 -9999.0 -9999.0 -9999.0 -9999.0 -9999.0 -9999.0 -0.004237 -0.001425 -0.001530 -0.001382 -0.000211 -0.000236 -0.000275 -0.001797 2.416912 2.671342 0.988708 0.123304 -0.580680 -0.000254 -0.000852 -0.004553 -1.918382 -5.135588 -1.871517 -1.222394 -1.164332 -1.165924 -1.165459 -4.751166 -8.779983 -5.835057 -1.548002 -0.806128 -0.025178 -0.000684 -0.001075 0.085150 0.557189 0.262014 -0.001308 -4.431218 -2.626787 -1.270209 -1.145344 -0.000999 -5.171008 -7.105605 -8.917065 -9.584278 -9.884176 -4.846486 -4.980349 -9999.0 -9999.0 -9999.0 -9999.0 -9999.0 -9999.0
-9999.0 -9999.0 -9999.0 -9999.0 -9999.0 -9999.0 -9999.0 -9999.0 -9999.0 -3.251473 -0.010102 -0.009180 -0.562814 -0.001190 -0.003618 -0.001165 -0.000986 0.009105 2.111749 3.100846 1.326648 -0.001431 -0.001314 0.003576 0.007535 -1.636843 -1.476565 -1.186617 -0.297349 -0.001084 -0.000828 -1.842245 -5.555486 -8.430959 -7.619188 -5.937424 -4.169814 -2.841034 -0.830780 -0.002209 -0.017237 -0.002109 -0.120524 0.872673 0.249082 -0.001594 0.000111 -0.721241 -0.709700 0.019149 -2.884557 -6.589821 -10.473170 -9.617729 -7.800942 -6.636018 -4.693136 -6.047997 -7.387439 -9999.0 -9999.0 -9999.0 -9999.0
-9999.0 -9999.0 -9999.0 -9999.0 -9999.0 -9999.0 -9999.0 -9999.0 -9999.0 -5.469839 -5.381306 -1.202685 0.008057 -0.000804 -0.001311 -0.001269 -0.000203 0.002986 2.661923 2.349577 1.974557 0.933114 0.146100 0.001792 -1.232660 -0.709567 -0.001232 -0.000553 -0.000182 0.003997 -0.002172 -2.228384 -3.703411 -5.726750 -4.517746 -5.850860 -5.308825 -3.934595 -3.466508 -0.970693 -0.004246 -1.205775 -0.002185 0.000422 1.553771 0.773296 0.414262 -0.001359 -0.001680 -0.000651 -3.085816 -6.210361 -9.118337 -8.051706 -6.952690 -5.395365 -5.353950 -3.506838 -4.909614 -9999.0 -9999.0 -9999.0 -9999.0
-9999.0 -9999.0 -9999.0 -9999.0 -9999.0 -9999.0 -9999.0 -9999.0 -9999.0 -9999.0 -4.140982 -1.223817 -0.000888 -0.000118 -0.000953 -0.001313 -0.000455 0.255132 3.380298 2.931503 1.932622 1.249225 -0.001179 -0.001209 -0.002971 -0.001002 -0.000831 0.004878 -0.000916 -1.698747 -2.127077 -1.318329 -4.537834 -5.190686 -4.436247 -2.233252 -0.001737 -0.000916 -5.273919 -4.083315 -4.430102 -0.002124 -0.000063 -0.001161 -0.001017 -0.001185 0.345021 0.521804 1.077195 -0.001329 -2.039982 -3.437805 -7.898948 -8.871749 -8.141301 -6.041714 -4.088075 -0.991979 -1.013291 -0.000686 -9999.0 -9999.0 -9999.0
-9999.0 -9999.0 -9999.0 -9999.0 -9999.0 -9999.0 -9999.0 -9999.0 -9999.0 -9999.0 -4.718973 -2.604757 -0.006631 -0.005034 0.167241 -0.001834 -0.001637 1.413359 3.864603 3.647062 2.506362 0.179496 -0.001650 -0.001635 -0.001218 0.005671 0.488303 -0.002061 -1.444069 -4.158285 -4.015138 -1.894783 -4.660853 -5.959670 -3.703679 -1.542808 -0.402921 -0.007334 -2.627992 -4.905812 -3.573092 -3.207891 -1.954439 -1.358347 -0.002475 -0.406841 -0.000794 -0.001058 1.549158 0.811960 -0.002594 -2.653134 -4.751855 -7.420052 -9.512606 -8.672555 -6.020719 -0.744665 0.658404 0.645919 -9999.0 -9999.0 -9999.0
-9999.0 -9999.0 -9999.0 -9999.0 -9999.0 -9999.0 -9999.0 -9999.0 -1.446928 -3.612607 -5.230716 -1.376164 -1.561313 -1.470606 -0.152063 0.900165 1.653805 1.823814 3.662171 4.224539 4.311536 2.633898 1.623565 -0.001792 0.002736 1.350539 0.061622 -0.575714 -1.030895 -4.274822 -8.797783 -4.160009 -3.814466 -5.570645 -4.020575 -3.297888 -0.000898 -0.001027 -2.730417 -5.921219 -4.666120 -1.161138 -4.209507 -5.548458 -3.095273 -0.002584 -2.539968 -0.000846 -0.001126 1.251171 -0.002138 -0.967970 -3.445154 -6.714111 -8.191625 -5.163401 -5.709540 -0.000283 -0.000957 2.415910 -9999.0 -9999.0 -9999.0
-9999.0 -9999.0 -9999.0 -9999.0 -9999.0 -9999.0 -9999.0 -9999.0 -3.732749 -1.069718 -3.604987 -4.994701 -2.891332 -1.226853 -0.003013 -0.001253 0.652261 1.198315 4.427379 4.717079 4.296934 3.467239 1.959524 0.623861 2.011198 2.154741 0.210610 -0.001222 -4.314548 -4.734969 -5.673127 -5.413480 -4.996631 -5.236348 -1.460845 -1.182767 -0.000984 -0.000827 -0.464783 -1.484090 -3.979082 -7.385465 -5.126871 -1.421263 -1.416908 -0.559901 -4.571021 -1.664262 -0.011091 0.861655 0.640470 -0.000883 -3.673866 -5.699860 -2.950240 -3.338492 -0.781191 -0.001685 1.320606 3.906396 4.853541 -9999.0 -9999.0
-9999.0 -9999.0 -9999.0 -9999.0 -9999.0 -9999.0 -9999.0 -9999.0 -3.809489 -1.651742 -1.503649 -4.427827 -2.363452 -3.860410 -0.001118 -0.914640 -0.002510 0.758289 4.504587 4.427453 5.170153 4.327305 3.542493 3.300185 2.357207 1.846245 0.000279 -1.082945 -4.890840 -3.590079 -4.809780 -1.103138 -1.249535 -2.191020 -0.769585 -0.002263 -0.060886 1.085136 -0.001969 -0.596746 -2.225482 -4.694478 -1.445795 -1.731079 -0.945457 -1.460153 -5.844676 -1.821206 -1.256379 -0.000900 1.902304 -0.001834 -3.324030 -3.539037 -1.119161 -0.000821 0.002855 1.232719 3.282678 3.669120 4.494539 -9999.0 -9999.0
-9999.0 -9999.0 -9999.0 -9999.0 -9999.0 -9999.0 -9999.0 -9999.0 -6.848789 -1.421332 -0.014039 -4.760003 -3.637989 -0.011706 -0.415665 -0.000486 2.694084 4.193479 2.718080 4.955301 4.560563 5.019752 4.414939 3.915681 2.573228 0.268167 -0.001783 -2.164677 -0.002009 -0.554829 -0.709761 -0.385656 -0.034128 -0.000907 -0.273940 -0.001829 0.005849 2.606879 0.000129 -0.001781 -1.293245 -1.181841 -1.189134 -3.127114 -1.737341 -4.557877 -1.729717 -3.739623 -2.460871 -0.802814 -0.001409 1.513415 -0.001188 0.000712 0.002966 0.436243 1.917933 3.026096 4.298326 4.269220 3.246830 1.723333 -9999.0
-9999.0 -9999.0 -9999.0 -9999.0 -9999.0 -9999.0 -9999.0 -9999.0 -6.426703 -1.502756 -0.009746 -1.742594 -2.220152 -0.254408 0.007040 0.904137 1.283578 1.378763 0.000270 1.573877 3.862487 4.406477 4.667463 4.377237 1.400525 -0.001384 -0.054697 -0.001156 0.001195 -0.000936 -0.001327 -0.000886 0.368470 0.002436 -0.000457 0.003692 0.964730 4.385970 3.731116 0.652412 0.000080 -0.000048 -0.001055 -0.000655 -0.765483 -0.003279 -0.074614 -0.202126 -0.143682 -0.001406 0.154272 0.910993 1.281144 0.541740 1.178913 1.653586 2.415720 3.113435 3.580807 3.128976 2.809697 1.137636 -9999.0
-9999.0 -9999.0 -3.112163 -1.485895 -2.413401 -1.046345 -3.026834 -3.222772 -3.730856 -1.924341 -0.815447 -0.003828 -0.855996 -0.000627 0.135354 0.642907 -0.001139 -0.517624 -0.000993 -0.000956 1.493400 4.019921 3.685553 5.500119 2.563229 0.910189 -0.001752 -0.001109 1.217462 0.029480 -0.001213 -0.000304 1.376994 1.838876 2.155609 3.127182 4.372796 6.509392 5.416189 3.018003 2.134674 2.149770 2.500712 0.950213 -0.000848 -0.000416 0.178234 0.703645 0.918323 1.945831 2.620528 2.730208 2.094289 1.677342 1.618217 2.085283 2.035286 2.366042 1.867013 2.253047 0.544435 0.425752 -9999.0
-9999.0 -0.001265 -0.010381 -0.007774 -1.022653 -2.128815 -3.013070 -3.164315 -4.571512 -5.050327 -1.219626 -0.797869 0.014291 0.107414 0.138139 -0.392021 -0.004626 -1.205694 -0.002609 -0.001272 1.332499 2.695630 2.108657 3.240810 2.915448 2.197941 1.195520 1.453475 2.410454 1.494401 1.277191 1.213649 2.420560 3.633031 4.829683 6.093776 7.463774 9.567762 7.649532 6.240229 5.364350 5.158721 4.429435 3.178428 2.096235 2.537989 2.827104 4.264564 4.034954 4.321248 3.363496 2.634426 1.794656 1.047359 1.006107 0.589779 0.312352 0.616308 0.228948 0.014618 -0.000027 0.221589 -9999.0
-9999.0 -0.000805 -0.714834 -0.001645 0.031261 -1.157228 -2.685109 -3.331546 -4.139562 -5.409684 -1.451762 -1.181245 -0.001429 0.145402 -0.002622 -2.622795 -3.531606 -1.345946 -0.001446 -0.003076 0.018062 1.010460 1.694279 0.985790 2.309079 3.267551 4.837537 4.502227 3.970202 4.881907 5.697926 5.269516 4.168514 5.087472 6.143099 8.011962 9.838387 10.975661 10.116794 9.299778 8.514326 7.642340 6.465122 7.030124 7.286087 6.839278 5.425052 5.185469 4.685388 4.059878 2.400531 1.191293 0.390811 0.775955 0.301912 -0.000810 -0.002359 -0.000875 -0.001877 -0.000839 -0.000628 -9999.0 -9999.0
