user2019/resources/simulation/Vinschgau/output-maps/TsL0001N0537.asc
ncols         63
nrows         48
xllcorner     598000.000000
yllcorner     5145000.000000
cellsize      1000.000000
NODATA_value  -9999.0
[rows 0 to 27 of 48, columns 0 to 62 of 63]
-9999.0 -9999.0 -9999.0 -9999.0 -9999.0 -9999.0 -9999.0 -9999.0 -9999.0 -9999.0 -9999.0 -9999.0 -9999.0 -9999.0 -9999.0 -9999.0 -9999.0 -9999.0 -9999.0 -9999.0 -9999.0 -9999.0 -9999.0 -9999.0 -9999.0 -9999.0 -9999.0 -9999.0 -9999.0 -9999.0 -9999.0 -9999.0 -9999.0 -9999.0 -9999.0 -9999.0 -9999.0 -9999.0 -9999.0 -9999.0 -9999.0 -9999.0 -9999.0 -9999.0 -9999.0 -9999.0 -9999.0 -9999.0 -9999.0 -9999.0 -9999.0 -9999.0 -9999.0 -9999.0 -9999.0 -9999.0 -9999.0 -9999.0 -9999.0 -9999.0 -9999.0 -9999.0 -9999.0
-9999.0 -9999.0 -9999.0 -9999.0 -9999.0 -9999.0 -9999.0 -9999.0 -9999.0 -9999.0 -9999.0 -9999.0 -9999.0 -9999.0 -9999.0 -9999.0 -9999.0 -9999.0 -9999.0 -9999.0 -9999.0 -9999.0 -9999.0 -9999.0 -9999.0 -9999.0 -9999.0 8.534773 9.623892 8.685862 8.305656 7.950794 6.778901 -9999.0 -9999.0 -9999.0 -9999.0 -9999.0 -9999.0 -9999.0 -9999.0 -9999.0 -9999.0 -9999.0 -9999.0 -9999.0 -9999.0 -9999.0 -9999.0 -9999.0 -9999.0 -9999.0 -9999.0 -9999.0 -9999.0 -9999.0 -9999.0 -9999.0 -9999.0 -9999.0 -9999.0 -9999.0 -9999.0
-9999.0 -9999.0 -9999.0 -9999.0 -9999.0 -9999.0 -9999.0 -9999.0 -9999.0 -9999.0 -9999.0 -9999.0 -9999.0 -9999.0 -9999.0 -9999.0 -9999.0 -9999.0 -9999.0 -9999.0 -9999.0 -9999.0 -9999.0 -9999.0 10.186968 10.325646 10.684405 10.151708 8.631845 8.443248 8.581263 -9999.0 -9999.0 -9999.0 -9999.0 -9999.0 -9999.0 -9999.0 -9999.0 -9999.0 -9999.0 -9999.0 -9999.0 -9999.0 -9999.0 -9999.0 -9999.0 -9999.0 -9999.0 -9999.0 -9999.0 -9999.0 -9999.0 -9999.0 -9999.0 -9999.0 -9999.0 -9999.0 -9999.0 -9999.0 -9999.0 -9999.0 -9999.0
-9999.0 -9999.0 -9999.0 -9999.0 -9999.0 -9999.0 -9999.0 -9999.0 -9999.0 -9999.0 -9999.0 -9999.0 -9999.0 -9999.0 -9999.0 -9999.0 -9999.0 -9999.0 -9999.0 -9999.0 -9999.0 -9999.0 -9999.0 10.380299 11.212836 12.894100 12.835213 12.661980 12.379674 10.306082 8.766062 8.244728 -9999.0 -9999.0 -9999.0 -9999.0 -9999.0 -9999.0 -9999.0 -9999.0 -9999.0 -9999.0 -9999.0 -9999.0 -9999.0 -9999.0 -9999.0 -9999.0 -9999.0 -9999.0 -9999.0 -9999.0 -9999.0 -9999.0 -9999.0 -9999.0 -9999.0 -9999.0 -9999.0 -9999.0 -9999.0 -9999.0 -9999.0
-9999.0 -9999.0 -9999.0 -9999.0 -9999.0 -9999.0 -9999.0 -9999.0 -9999.0 -9999.0 -9999.0 -9999.0 -9999.0 -9999.0 -9999.0 -9999.0 -9999.0 -9999.0 13.088916 10.685450 -9999.0 10.670229 11.141870 13.148553 13.253904 14.169210 13.469892 13.577769 14.036205 12.758319 10.013447 8.878044 7.773219 6.745811 -9999.0 -9999.0 -9999.0 -9999.0 -9999.0 -9999.0 -9999.0 -9999.0 -9999.0 -9999.0 -9999.0 -9999.0 -9999.0 -9999.0 -9999.0 -9999.0 -9999.0 -9999.0 -9999.0 -9999.0 -9999.0 -9999.0 -9999.0 -9999.0 -9999.0 -9999.0 -9999.0 -9999.0 -9999.0
-9999.0 -9999.0 -9999.0 -9999.0 -9999.0 -9999.0 -9999.0 -9999.0 -9999.0 -9999.0 -9999.0 -9999.0 -9999.0 -9999.0 -9999.0 -9999.0 -9999.0 15.789035 13.435451 15.378983 13.015332 11.654924 12.379245 13.133590 14.337868 11.280899 9.984208 11.481835 9.926357 12.097357 10.743120 7.812059 7.024656 8.239387 6.978292 3.835977 -9999.0 -9999.0 -9999.0 -9999.0 -9999.0 -9999.0 -9999.0 -9999.0 -9999.0 -9999.0 -9999.0 -9999.0 -9999.0 -9999.0 -9999.0 -9999.0 -9999.0 -9999.0 -9999.0 -9999.0 -9999.0 -9999.0 -9999.0 -9999.0 -9999.0 -9999.0 -9999.0
-9999.0 -9999.0 -9999.0 -9999.0 -9999.0 -9999.0 -9999.0 -9999.0 -9999.0 -9999.0 -9999.0 -9999.0 -9999.0 11.008472 12.711414 13.336433 14.980092 19.514833 15.424318 13.947296 13.859248 14.386678 15.639749 14.472510 10.993587 10.643404 11.024792 10.671993 10.610174 11.042173 9.336436 7.937457 6.892462 6.045970 5.381632 6.292000 -9999.0 -9999.0 -9999.0 -9999.0 -9999.0 -9999.0 -9999.0 -9999.0 -9999.0 -9999.0 -9999.0 -9999.0 -9999.0 -9999.0 -9999.0 -9999.0 -9999.0 -9999.0 -9999.0 -9999.0 -9999.0 -9999.0 -9999.0 -9999.0 -9999.0 -9999.0 -9999.0
-9999.0 -9999.0 -9999.0 -9999.0 -9999.0 -9999.0 -9999.0 -9999.0 -9999.0 -9999.0 -9999.0 -9999.0 -9999.0 11.596569 13.428830 13.971222 13.624430 15.318237 19.751528 16.292645 14.650074 14.628018 12.944327 12.128493 12.803528 11.815800 9.656967 7.590794 7.954088 9.698835 10.123955 6.396712 5.480695 3.737121 3.992521 -9999.0 -9999.0 -9999.0 -9999.0 -9999.0 -9999.0 -9999.0 -9999.0 -9999.0 -9999.0 -9999.0 -9999.0 -9999.0 -9999.0 -9999.0 -9999.0 -9999.0 -9999.0 -9999.0 -9999.0 -9999.0 -9999.0 -9999.0 -9999.0 -9999.0 -9999.0 -9999.0 -9999.0
-9999.0 -9999.0 -9999.0 -9999.0 -9999.0 -9999.0 -9999.0 -9999.0 -9999.0 -9999.0 -9999.0 -9999.0 -9999.0 13.381625 12.684545 14.482968 13.277282 14.280568 19.701000 15.050298 13.947067 14.353240 11.300177 10.742939 12.742013 12.203357 9.439043 7.365220 8.564524 6.955188 6.531515 3.936987 3.359885 -2.268619 2.810228 -9999.0 -9999.0 -9999.0 -9999.0 -9999.0 -9999.0 -9999.0 -9999.0 -9999.0 -9999.0 -9999.0 -9999.0 -9999.0 -9999.0 -9999.0 -9999.0 -9999.0 -9999.0 -9999.0 -9999.0 -9999.0 -9999.0 -9999.0 -9999.0 -9999.0 -9999.0 -9999.0 -9999.0
-9999.0 -9999.0 -9999.0 -9999.0 -9999.0 -9999.0 -9999.0 -9999.0 -9999.0 -9999.0 -9999.0 -9999.0 12.907341 12.161588 13.910596 12.625990 11.405276 13.294513 15.671856 16.262011 13.719217 11.221625 11.505101 10.970803 10.597293 9.227862 9.300948 8.793486 8.229561 6.171795 6.112139 7.214202 5.723027 3.167488 -9999.0 -9999.0 -9999.0 -9999.0 -9999.0 -9999.0 -9999.0 -9999.0 -9999.0 -9999.0 -9999.0 -9999.0 -9999.0 -9999.0 -9999.0 -9999.0 -9999.0 -9999.0 -9999.0 -9999.0 -9999.0 -9999.0 -9999.0 -9999.0 -9999.0 -9999.0 -9999.0 -9999.0 -9999.0
-9999.0 -9999.0 -9999.0 -9999.0 -9999.0 -9999.0 -9999.0 -9999.0 -9999.0 -9999.0 -9999.0 10.811672 12.527692 11.269172 12.177547 11.069630 13.323542 12.849025 15.834268 13.189624 12.371724 13.173197 11.108252 9.897639 11.493585 10.141118 8.184821 9.753427 8.221922 7.481346 8.280028 7.343644 5.939791 7.340512 8.832383 10.050121 7.237926 8.677449 9.794398 -9999.0 -9999.0 -9999.0 8.336577 -9999.0 -9999.0 -9999.0 -9999.0 -9999.0 -9999.0 -9999.0 -9999.0 -9999.0 -9999.0 -9999.0 -9999.0 -9999.0 -9999.0 -9999.0 -9999.0 -9999.0 -9999.0 -9999.0 -9999.0
-9999.0 -9999.0 -9999.0 -9999.0 -9999.0 -9999.0 -9999.0 -9999.0 -9999.0 -9999.0 -9999.0 10.393915 12.339035 12.143037 12.682571 9.832740 13.259733 14.233747 15.687001 15.321954 14.295093 12.471665 11.123734 8.607928 8.874142 9.863596 9.710589 10.170903 8.354050 7.923313 9.034013 8.040384 7.672831 7.022772 5.753150 7.352972 10.288295 10.973898 9.453299 9.828156 9.179918 8.115325 7.676042 10.022907 -9999.0 -9999.0 -9999.0 5.792455 7.263420 6.849818 8.338723 7.140355 6.596322 7.086525 6.555911 6.388873 -9999.0 -9999.0 -9999.0 -9999.0 -9999.0 -9999.0 -9999.0
-9999.0 -9999.0 -9999.0 -9999.0 -9999.0 -9999.0 -9999.0 -9999.0 -9999.0 -9999.0 -9999.0 9.450298 10.146450 9.511582 11.109267 10.749845 10.280647 11.973735 15.468162 15.509731 12.190527 11.332417 9.638795 10.780388 9.772371 11.559676 9.598162 8.684287 10.195229 7.663387 9.836991 7.158806 9.597422 6.870087 9.733167 8.661988 10.701956 11.424378 12.035884 12.536963 9.855212 7.703861 9.136499 8.853616 7.602772 -9999.0 5.847838 7.564183 9.600611 10.356581 11.072983 9.484952 10.542124 10.481964 9.224733 8.842306 -9999.0 -9999.0 -9999.0 -9999.0 -9999.0 -9999.0 -9999.0
-9999.0 -9999.0 -9999.0 -9999.0 -9999.0 -9999.0 -9999.0 -9999.0 -9999.0 -9999.0 -9999.0 -9999.0 10.462681 9.241333 10.970918 11.019490 9.792823 11.687687 15.399478 15.762078 12.304837 11.941639 11.508578 10.334371 8.816194 9.733212 10.885498 10.279258 9.321039 10.108942 9.390657 7.540502 9.699247 7.919401 6.667014 7.565337 9.624804 11.718681 14.287410 10.864085 11.702805 13.240790 9.403827 10.528035 10.882499 8.023598 7.895361 8.294378 8.324423 9.937377 10.695353 9.030015 9.637459 9.084652 8.508607 9.165317 9.675058 -9999.0 -9999.0 -9999.0 -9999.0 -9999.0 -9999.0
-9999.0 -9999.0 -9999.0 -9999.0 -9999.0 -9999.0 -9999.0 -9999.0 -9999.0 -9999.0 -9999.0 8.974357 9.687427 10.941140 9.444909 10.060797 11.025738 11.530330 15.743134 14.014665 12.704649 11.731703 11.533587 9.978973 10.028788 11.104017 10.156300 9.191555 9.363862 11.518987 9.030815 8.616605 10.761210 8.066263 5.960812 7.719077 8.785044 10.724297 12.339259 13.399841 11.275573 12.465203 11.804937 11.990708 11.320118 8.897694 9.016184 11.566012 12.345513 11.035259 8.115699 8.806807 0.413434 0.536574 1.312876 7.523894 8.703942 -9999.0 -9999.0 -9999.0 -9999.0 -9999.0 -9999.0
-9999.0 -9999.0 -9999.0 -9999.0 -9999.0 -9999.0 -9999.0 -9999.0 -9999.0 -9999.0 10.491321 9.996529 10.947926 10.766428 11.544732 10.589500 10.466848 10.656898 13.646916 14.184762 15.622287 14.515419 10.150992 12.440698 11.707318 10.702448 9.540192 8.188395 11.126904 11.352896 9.712949 9.073396 10.320843 8.224884 7.582880 10.030528 8.985192 10.070625 11.166056 13.395642 13.715655 14.345350 17.091626 12.008804 10.278276 11.928625 10.109653 10.021382 10.778749 11.149182 7.774593 7.459978 6.344794 6.234096 6.848344 9.473496 9.583066 -9999.0 -9999.0 -9999.0 -9999.0 -9999.0 -9999.0
-9999.0 -9999.0 -9999.0 -9999.0 -9999.0 -9999.0 -9999.0 -9999.0 -9999.0 9.885149 10.578398 9.692258 10.698973 9.567787 10.406347 10.459168 9.969424 13.060907 13.636329 14.648870 15.959457 12.152973 11.929455 12.794878 12.038472 9.619780 8.998202 11.873200 11.189245 11.478026 11.715527 8.315115 9.791360 7.870085 8.625718 9.974658 9.104516 7.836823 8.277600 9.873226 11.169893 10.243348 9.951583 12.894831 11.749300 10.468779 12.366845 9.859895 10.080394 12.092473 9.319987 7.986230 4.952368 5.859627 7.509286 8.750492 0.544930 9.496531 8.231585 -9999.0 -9999.0 -9999.0 -9999.0
-9999.0 -9999.0 -9999.0 -9999.0 -9999.0 -9999.0 -9999.0 -9999.0 -9999.0 8.785359 8.850391 10.980330 12.241597 11.368399 10.556888 10.086605 12.433558 12.377395 14.332651 16.685266 16.432711 15.931692 14.742272 14.036945 10.095682 10.148129 10.997766 11.872975 12.802877 13.060695 12.794793 8.254130 9.437117 8.036582 8.897792 10.632676 11.024406 12.045434 8.547619 10.699107 8.917945 8.573795 9.807129 11.773154 12.897976 13.236815 13.105662 12.167474 11.616879 12.178396 8.398833 6.813128 6.334498 6.872987 8.769527 7.969815 10.331402 10.963714 10.482266 -9999.0 -9999.0 -9999.0 -9999.0
-9999.0 -9999.0 -9999.0 -9999.0 -9999.0 -9999.0 -9999.0 -9999.0 -9999.0 -9999.0 9.797288 11.310673 11.101214 11.195910 12.024493 11.004454 11.675103 13.482880 15.194588 15.918693 16.402688 13.565704 11.535127 10.858889 10.476494 11.947755 12.975814 13.547892 13.315441 9.219640 8.706184 9.040508 0.309023 8.286148 9.996167 10.343930 10.251071 10.563168 10.921730 8.897929 8.203266 10.687097 10.729146 10.023094 10.469129 10.796223 11.842968 14.456564 14.319689 12.779035 9.463931 9.929399 7.608596 6.907783 6.844422 8.819839 10.561420 13.033020 13.488808 13.792643 -9999.0 -9999.0 -9999.0
-9999.0 -9999.0 -9999.0 -9999.0 -9999.0 -9999.0 -9999.0 -9999.0 -9999.0 -9999.0 9.642722 10.812567 11.390842 11.540163 14.933003 12.006681 11.831298 13.687013 16.356618 16.413637 14.649643 12.868200 11.511238 11.350371 11.896480 13.526180 14.360915 11.966608 9.746697 8.026485 9.533612 9.552713 7.671859 7.817032 8.951086 8.911866 9.214313 9.675073 8.091904 8.279076 9.231707 9.483087 8.507017 10.149481 11.048647 9.603913 10.842926 11.177356 13.527026 14.783537 12.619833 10.693235 8.668901 8.543503 6.706325 7.397600 8.775355 12.082281 14.923393 15.878638 -9999.0 -9999.0 -9999.0
-9999.0 -9999.0 -9999.0 -9999.0 -9999.0 -9999.0 -9999.0 -9999.0 11.544861 10.512092 9.700925 11.105725 10.352804 10.581173 11.085658 13.420680 14.152606 16.845920 16.744596 16.884669 16.447823 15.274444 14.327179 12.733546 12.994554 13.854300 15.365223 10.328227 9.630428 0.386983 8.187595 8.422771 9.492313 8.059753 8.180186 8.465512 11.241757 10.114680 6.856581 7.786270 7.619927 8.860175 7.274020 8.132320 11.335942 10.616106 7.949829 10.318552 11.862343 14.688119 13.247852 11.582945 0.542014 8.106915 8.081494 10.204328 10.323925 13.798739 15.378427 16.692856 -9999.0 -9999.0 -9999.0
-9999.0 -9999.0 -9999.0 -9999.0 -9999.0 -9999.0 -9999.0 -9999.0 10.287782 10.782767 9.184895 9.689767 10.731440 11.100285 10.604549 12.268238 13.277824 13.799685 16.643814 17.393624 19.202112 19.104527 17.114177 15.918808 14.725780 14.573515 12.815775 11.464524 8.648691 9.675479 8.756768 10.171057 8.798092 7.898495 8.698208 9.990316 10.781532 10.317444 9.176348 8.410335 7.290106 6.595683 7.468152 8.965686 10.214135 9.133134 0.584828 9.673221 11.097205 13.825492 15.438344 12.917247 1.320759 9.917803 11.654872 12.555004 13.100156 14.640147 17.061540 18.843198 19.311738 -9999.0 -9999.0
-9999.0 -9999.0 -9999.0 -9999.0 -9999.0 -9999.0 -9999.0 -9999.0 10.273837 11.214131 12.604507 8.741150 10.614319 10.186248 11.629701 11.042801 12.620092 14.493120 17.124799 18.653244 17.918590 19.893326 19.542011 16.741165 17.399741 14.245142 12.418885 10.124619 8.858142 10.434343 11.107137 10.259483 0.418734 0.423603 9.437298 10.658536 9.871260 11.269298 8.782684 8.313481 7.922957 7.261718 8.494360 9.219510 0.440234 9.190469 9.194899 10.042039 9.926599 12.660183 15.478393 14.729921 1.546547 10.559264 14.138651 14.877910 16.091227 17.302379 18.637667 18.347879 19.189461 -9999.0 -9999.0
-9999.0 -9999.0 -9999.0 -9999.0 -9999.0 -9999.0 -9999.0 -9999.0 9.785840 11.826324 11.516651 10.501756 10.601289 11.131130 12.020621 13.119041 15.349273 16.988956 16.594984 17.182500 17.427594 17.868494 19.888994 18.982236 15.060941 12.939277 11.185934 9.576989 11.916525 11.270492 10.720975 10.581406 10.891859 10.814260 0.486815 10.679935 11.967647 12.044728 9.622863 8.756554 7.961246 8.601617 8.975750 8.750514 9.248442 8.630898 9.875416 10.088261 11.277763 12.180834 13.699357 16.246439 15.762472 14.855157 16.498704 17.228830 17.942698 17.564215 18.346649 19.004531 18.054109 16.000775 -9999.0
-9999.0 -9999.0 -9999.0 -9999.0 -9999.0 -9999.0 -9999.0 -9999.0 8.431700 11.556770 11.851282 11.055085 12.013056 12.911540 15.969737 15.642477 16.345723 14.314681 12.975419 14.319185 16.286768 17.572355 17.706090 17.477410 16.547754 12.427081 10.398821 11.918183 12.564312 12.632441 10.255351 12.035724 12.693139 11.521242 10.578529 11.197689 12.047311 13.195183 12.452929 11.099897 10.018000 10.298922 10.857075 10.442393 0.468912 10.880660 11.105719 11.848909 12.283868 14.348141 16.096949 15.899869 16.963438 18.153922 18.421774 18.380001 18.937584 18.928468 18.635931 18.085910 16.745929 15.172341 -9999.0
-9999.0 -9999.0 11.097668 11.408381 9.762808 9.837732 10.428705 0.507014 10.407653 11.156466 11.742785 12.815249 12.918608 15.121214 17.492923 15.189903 12.923819 10.986911 11.602884 12.667404 14.487301 16.976433 17.399169 18.008313 15.947429 13.881191 12.390270 12.335150 13.530307 15.246451 11.058493 11.385917 14.401473 12.304174 13.593193 12.288455 14.650045 14.394519 13.069781 11.024239 12.461998 12.814768 11.971748 12.830860 10.148378 11.994985 13.461608 13.039681 15.164849 16.604798 17.838847 18.395434 18.801613 18.978449 18.984303 20.086395 18.033929 18.191747 17.401464 16.352447 17.068964 14.183878 -9999.0
-9999.0 10.757547 10.800809 10.685315 10.319811 10.632740 10.378791 0.505953 0.766679 10.349600 10.838947 11.966123 14.109334 16.315637 16.859184 12.659811 11.694918 10.631025 11.227551 12.639048 14.724190 15.821752 17.786129 17.010333 19.169273 16.052408 16.749609 16.625515 15.795567 14.696097 14.133260 13.757781 13.837746 15.602610 15.462503 15.959000 16.911776 16.090119 16.190865 15.771257 15.439722 15.527021 14.926930 13.168980 12.674199 13.424334 15.322866 15.917835 17.575904 17.695825 17.989339 18.188371 17.625120 17.625854 17.698881 17.067038 15.390931 15.572094 15.946241 16.163626 13.749718 13.829649 -9999.0
-9999.0 12.707945 11.860490 12.029367 13.486494 11.358162 9.401553 0.526818 10.096730 10.262045 10.489355 11.649647 14.469940 17.030028 13.296721 10.631070 10.429996 10.463379 12.698905 12.923579 15.930987 15.043750 16.121391 17.198846 18.232909 18.724757 17.354276 17.098356 16.908946 16.547628 16.539922 15.831172 15.086537 15.345200 17.318377 17.448079 19.391359 19.995944 18.223292 18.126946 17.759525 16.598014 16.903979 15.957128 16.522502 16.994126 17.456312 17.808907 17.602035 17.742829 16.932193 15.552247 15.451438 16.094539 15.494533 13.739400 14.010395 13.043169 13.019555 12.299751 12.448244 -9999.0 -9999.0
