user2019/resources/simulation/Vinschgau/output-maps/TsL0002N1138.asc
ncols         63
nrows         48
xllcorner     598000.000000
yllcorner     5145000.000000
cellsize      1000.000000
NODATA_value  -9999.0
[rows 0 to 27 of 48, columns 0 to 62 of 63]
-9999.0 -9999.0 -9999.0 -9999.0 -9999.0 -9999.0 -9999.0 -9999.0 -9999.0 -9999.0 -9999.0 -9999.0 -9999.0 -9999.0 -9999.0 -9999.0 -9999.0 -9999.0 -9999.0 -9999.0 -9999.0 -9999.0 -9999.0 -9999.0 -9999.0 -9999.0 -9999.0 -9999.0 -9999.0 -9999.0 -9999.0 -9999.0 -9999.0 -9999.0 -9999.0 -9999.0 -9999.0 -9999.0 -9999.0 -9999.0 -9999.0 -9999.0 -9999.0 -9999.0 -9999.0 -9999.0 -9999.0 -9999.0 -9999.0 -9999.0 -9999.0 -9999.0 -9999.0 -9999.0 -9999.0 -9999.0 -9999.0 -9999.0 -9999.0 -9999.0 -9999.0 -9999.0 -9999.0
-9999.0 -9999.0 -9999.0 -9999.0 -9999.0 -9999.0 -9999.0 -9999.0 -9999.0 -9999.0 -9999.0 -9999.0 -9999.0 -9999.0 -9999.0 -9999.0 -9999.0 -9999.0 -9999.0 -9999.0 -9999.0 -9999.0 -9999.0 -9999.0 -9999.0 -9999.0 -9999.0 1.704529 -0.005318 3.594239 -0.007039 -0.008602 -0.093625 -9999.0 -9999.0 -9999.0 -9999.0 -9999.0 -9999.0 -9999.0 -9999.0 -9999.0 -9999.0 -9999.0 -9999.0 -9999.0 -9999.0 -9999.0 -9999.0 -9999.0 -9999.0 -9999.0 -9999.0 -9999.0 -9999.0 -9999.0 -9999.0 -9999.0 -9999.0 -9999.0 -9999.0 -9999.0 -9999.0
-9999.0 -9999.0 -9999.0 -9999.0 -9999.0 -9999.0 -9999.0 -9999.0 -9999.0 -9999.0 -9999.0 -9999.0 -9999.0 -9999.0 -9999.0 -9999.0 -9999.0 -9999.0 -9999.0 -9999.0 -9999.0 -9999.0 -9999.0 -9999.0 -0.003164 -0.000756 1.978853 -0.002019 -0.005591 -0.006982 -0.007644 -9999.0 -9999.0 -9999.0 -9999.0 -9999.0 -9999.0 -9999.0 -9999.0 -9999.0 -9999.0 -9999.0 -9999.0 -9999.0 -9999.0 -9999.0 -9999.0 -9999.0 -9999.0 -9999.0 -9999.0 -9999.0 -9999.0 -9999.0 -9999.0 -9999.0 -9999.0 -9999.0 -9999.0 -9999.0 -9999.0 -9999.0 -9999.0
-9999.0 -9999.0 -9999.0 -9999.0 -9999.0 -9999.0 -9999.0 -9999.0 -9999.0 -9999.0 -9999.0 -9999.0 -9999.0 -9999.0 -9999.0 -9999.0 -9999.0 -9999.0 -9999.0 -9999.0 -9999.0 -9999.0 -9999.0 0.842004 3.905128 4.523997 4.946574 5.411908 3.980597 1.156997 -0.010029 -0.014447 -9999.0 -9999.0 -9999.0 -9999.0 -9999.0 -9999.0 -9999.0 -9999.0 -9999.0 -9999.0 -9999.0 -9999.0 -9999.0 -9999.0 -9999.0 -9999.0 -9999.0 -9999.0 -9999.0 -9999.0 -9999.0 -9999.0 -9999.0 -9999.0 -9999.0 -9999.0 -9999.0 -9999.0 -9999.0 -9999.0 -9999.0
-9999.0 -9999.0 -9999.0 -9999.0 -9999.0 -9999.0 -9999.0 -9999.0 -9999.0 -9999.0 -9999.0 -9999.0 -9999.0 -9999.0 -9999.0 -9999.0 -9999.0 -9999.0 10.603228 4.486018 -9999.0 2.583843 4.660958 4.614072 4.263605 5.702997 6.830084 6.943862 3.191708 -0.002027 -0.002313 -0.007787 0.964020 2.320685 -9999.0 -9999.0 -9999.0 -9999.0 -9999.0 -9999.0 -9999.0 -9999.0 -9999.0 -9999.0 -9999.0 -9999.0 -9999.0 -9999.0 -9999.0 -9999.0 -9999.0 -9999.0 -9999.0 -9999.0 -9999.0 -9999.0 -9999.0 -9999.0 -9999.0 -9999.0 -9999.0 -9999.0 -9999.0
-9999.0 -9999.0 -9999.0 -9999.0 -9999.0 -9999.0 -9999.0 -9999.0 -9999.0 -9999.0 -9999.0 -9999.0 -9999.0 -9999.0 -9999.0 -9999.0 -9999.0 5.973555 4.589381 5.469554 8.272309 -0.000975 0.267787 3.412427 7.476887 -0.006103 -0.039801 -0.003049 -0.035294 2.713286 5.263196 0.014699 4.548158 1.033636 1.045337 1.367242 -9999.0 -9999.0 -9999.0 -9999.0 -9999.0 -9999.0 -9999.0 -9999.0 -9999.0 -9999.0 -9999.0 -9999.0 -9999.0 -9999.0 -9999.0 -9999.0 -9999.0 -9999.0 -9999.0 -9999.0 -9999.0 -9999.0 -9999.0 -9999.0 -9999.0 -9999.0 -9999.0
-9999.0 -9999.0 -9999.0 -9999.0 -9999.0 -9999.0 -9999.0 -9999.0 -9999.0 -9999.0 -9999.0 -9999.0 -9999.0 8.133912 3.598097 4.261201 5.672234 16.629099 5.696232 5.412629 4.849966 3.734019 5.299732 7.461376 -0.014071 4.470789 -0.025478 -0.041638 -0.023933 -0.005471 -0.104652 -0.005416 -0.004720 -0.080255 0.956404 1.188767 -9999.0 -9999.0 -9999.0 -9999.0 -9999.0 -9999.0 -9999.0 -9999.0 -9999.0 -9999.0 -9999.0 -9999.0 -9999.0 -9999.0 -9999.0 -9999.0 -9999.0 -9999.0 -9999.0 -9999.0 -9999.0 -9999.0 -9999.0 -9999.0 -9999.0 -9999.0 -9999.0
-9999.0 -9999.0 -9999.0 -9999.0 -9999.0 -9999.0 -9999.0 -9999.0 -9999.0 -9999.0 -9999.0 -9999.0 -9999.0 10.100517 6.426590 5.012958 4.902521 16.512610 16.704715 7.185128 4.878235 10.678591 3.279560 1.663362 2.665399 -0.000878 -0.005684 2.587959 1.022856 -0.057833 -0.296781 -0.007682 0.937507 -2.391148 1.018773 -9999.0 -9999.0 -9999.0 -9999.0 -9999.0 -9999.0 -9999.0 -9999.0 -9999.0 -9999.0 -9999.0 -9999.0 -9999.0 -9999.0 -9999.0 -9999.0 -9999.0 -9999.0 -9999.0 -9999.0 -9999.0 -9999.0 -9999.0 -9999.0 -9999.0 -9999.0 -9999.0 -9999.0
-9999.0 -9999.0 -9999.0 -9999.0 -9999.0 -9999.0 -9999.0 -9999.0 -9999.0 -9999.0 -9999.0 -9999.0 -9999.0 6.617358 7.754752 7.683182 4.702998 5.389017 17.360291 5.721888 13.398209 4.011208 -0.004305 -0.024128 2.661773 1.241369 5.124255 1.005229 -0.008186 -2.044346 -0.008846 -3.424132 -3.074886 -7.324162 1.612653 -9999.0 -9999.0 -9999.0 -9999.0 -9999.0 -9999.0 -9999.0 -9999.0 -9999.0 -9999.0 -9999.0 -9999.0 -9999.0 -9999.0 -9999.0 -9999.0 -9999.0 -9999.0 -9999.0 -9999.0 -9999.0 -9999.0 -9999.0 -9999.0 -9999.0 -9999.0 -9999.0 -9999.0
-9999.0 -9999.0 -9999.0 -9999.0 -9999.0 -9999.0 -9999.0 -9999.0 -9999.0 -9999.0 -9999.0 -9999.0 5.262928 7.335717 7.391321 4.765190 3.237299 5.003420 17.858468 7.346337 4.778928 -0.007088 -0.010719 -0.017957 -0.118519 -0.005797 -1.027158 -0.007887 -0.031499 0.967336 -2.973690 1.021903 -0.029634 1.502152 -9999.0 -9999.0 -9999.0 -9999.0 -9999.0 -9999.0 -9999.0 -9999.0 -9999.0 -9999.0 -9999.0 -9999.0 -9999.0 -9999.0 -9999.0 -9999.0 -9999.0 -9999.0 -9999.0 -9999.0 -9999.0 -9999.0 -9999.0 -9999.0 -9999.0 -9999.0 -9999.0 -9999.0 -9999.0
-9999.0 -9999.0 -9999.0 -9999.0 -9999.0 -9999.0 -9999.0 -9999.0 -9999.0 -9999.0 -9999.0 8.312173 6.113697 3.637517 6.940669 12.325632 6.774362 5.272819 16.441855 8.775922 3.664930 3.556548 4.390089 -0.003263 -0.121328 -0.003941 -0.008921 -0.005827 -0.019207 1.082879 1.056404 -0.004110 0.997565 1.167365 1.070691 1.181089 -0.007468 -0.005900 -0.008063 -9999.0 -9999.0 -9999.0 1.902141 -9999.0 -9999.0 -9999.0 -9999.0 -9999.0 -9999.0 -9999.0 -9999.0 -9999.0 -9999.0 -9999.0 -9999.0 -9999.0 -9999.0 -9999.0 -9999.0 -9999.0 -9999.0 -9999.0 -9999.0
-9999.0 -9999.0 -9999.0 -9999.0 -9999.0 -9999.0 -9999.0 -9999.0 -9999.0 -9999.0 -9999.0 7.178172 6.091069 8.034871 7.843975 11.279996 9.442992 5.920177 17.541177 12.051985 12.571624 8.223406 3.275790 -0.209920 -1.624655 -0.005719 -0.006205 -0.003612 2.738363 1.133060 -0.006270 -0.008293 -0.009858 -0.105605 -0.007046 -0.006102 -0.005399 3.720240 -0.005140 1.121643 1.431706 2.264525 -0.011210 0.990329 -9999.0 -9999.0 -9999.0 -0.007006 -0.018901 0.922020 -0.063928 0.814770 0.918658 -0.089139 -0.116395 1.013812 -9999.0 -9999.0 -9999.0 -9999.0 -9999.0 -9999.0 -9999.0
-9999.0 -9999.0 -9999.0 -9999.0 -9999.0 -9999.0 -9999.0 -9999.0 -9999.0 -9999.0 -9999.0 6.565566 8.195029 1.712161 11.918190 12.686977 4.073167 4.764470 14.392096 12.113431 2.837604 -0.001398 -0.057024 -0.002177 -0.005662 1.871131 -0.120264 -1.352705 1.018673 -0.009210 1.009344 -1.733654 -0.004663 -0.021279 1.003092 -0.007139 -0.929260 -0.442325 5.543222 1.010385 -0.006187 -0.007662 -0.007485 -0.006448 -0.026699 -9999.0 2.131229 -0.026594 -0.007083 -0.004630 -0.003536 4.145967 -0.006828 -0.008009 -0.077824 -0.067435 -9999.0 -9999.0 -9999.0 -9999.0 -9999.0 -9999.0 -9999.0
-9999.0 -9999.0 -9999.0 -9999.0 -9999.0 -9999.0 -9999.0 -9999.0 -9999.0 -9999.0 -9999.0 -9999.0 7.178720 -0.019357 9.971243 10.809413 1.474941 3.785420 16.215942 11.693751 2.876410 0.026573 -0.088066 -0.480411 -0.231800 -0.216002 1.984300 -0.003080 -0.012246 1.013102 -0.006458 -1.510591 -0.003176 -0.008884 -0.013877 -0.005521 -1.475689 -0.281287 8.108719 1.089305 4.440730 5.003296 -0.965181 2.218211 0.997754 -0.021454 1.020880 -0.086888 -1.902081 -0.449651 -0.030042 -1.476971 -1.492073 -2.108451 -2.674487 -0.103167 -0.044790 -9999.0 -9999.0 -9999.0 -9999.0 -9999.0 -9999.0
-9999.0 -9999.0 -9999.0 -9999.0 -9999.0 -9999.0 -9999.0 -9999.0 -9999.0 -9999.0 -9999.0 -0.051573 3.423603 8.095322 -0.019250 -0.003504 3.132823 2.981607 15.469851 4.824365 3.193539 1.101956 -0.025973 -0.068192 -0.071572 -0.343083 -0.379878 -0.008080 -0.007165 2.595941 -0.118955 -0.736571 1.967053 -0.008311 -0.008507 -0.006478 -0.005575 -0.054760 -0.005206 7.514554 -0.040612 -0.012243 -0.068675 -0.021493 4.232192 -0.008126 -0.005050 2.692363 5.042801 -0.021875 -0.861432 -0.008021 -2.932842 -2.389005 -2.905254 -4.512320 0.957292 -9999.0 -9999.0 -9999.0 -9999.0 -9999.0 -9999.0
-9999.0 -9999.0 -9999.0 -9999.0 -9999.0 -9999.0 -9999.0 -9999.0 -9999.0 -9999.0 3.271587 -0.045116 4.248979 5.231564 7.670596 -0.001052 -0.001264 -0.010235 4.041994 4.464262 8.988855 6.990311 -0.086516 5.562876 -0.025232 -0.210075 -0.176565 -1.746638 -0.002248 3.166558 -0.271898 -0.378279 1.844874 -0.009113 1.210686 1.015370 -0.002519 -0.108980 -0.148768 1.292422 1.544894 2.877168 10.209717 1.226026 -0.023174 2.474108 -0.004283 -0.057352 -0.250182 -0.016422 -2.866544 0.882758 -3.266966 -4.129089 -3.191328 -0.007628 -0.008430 -9999.0 -9999.0 -9999.0 -9999.0 -9999.0 -9999.0
-9999.0 -9999.0 -9999.0 -9999.0 -9999.0 -9999.0 -9999.0 -9999.0 -9999.0 -0.004749 3.558871 -0.104424 -0.031374 -0.042683 -0.114764 -0.035636 -0.025448 9.103134 3.972315 4.550634 9.479752 1.374718 -0.008661 2.036999 -0.000996 -0.664976 -0.257913 3.664143 -0.034646 -0.039945 -0.000945 -0.864691 0.992253 0.951864 2.122836 1.023316 -0.001871 -0.174405 -0.102786 -0.050284 -0.704364 -0.079397 -0.069998 2.055713 1.252790 -0.023110 6.336674 -0.048081 -0.046752 -0.001770 -0.224490 0.927434 -5.452087 -0.000060 -0.000206 -1.822497 -2.403721 0.979072 0.726107 -9999.0 -9999.0 -9999.0 -9999.0
-9999.0 -9999.0 -9999.0 -9999.0 -9999.0 -9999.0 -9999.0 -9999.0 -9999.0 -0.005796 -0.005046 3.991999 6.379264 -0.009310 -0.027718 -0.043307 6.128927 2.130779 4.541212 11.356684 10.646130 11.034368 7.247712 5.145671 -0.295760 -0.082646 -0.049963 -0.015897 1.826240 5.281846 3.443534 -1.227806 -0.005723 -0.011828 -0.006823 1.044793 1.628251 4.653260 -0.005354 2.573606 -1.270528 -0.138742 -0.035401 2.141421 2.842808 3.654059 3.276674 1.747739 -0.009134 -0.003397 -2.126553 -2.934094 -0.001754 -0.250274 -0.011683 -2.698357 -0.993604 -2.052310 1.028050 -9999.0 -9999.0 -9999.0 -9999.0
-9999.0 -9999.0 -9999.0 -9999.0 -9999.0 -9999.0 -9999.0 -9999.0 -9999.0 -9999.0 -0.006422 1.755828 -0.029188 -0.204047 -0.002427 -0.025100 -0.011473 3.317897 5.337221 6.694063 10.447811 3.183740 -0.021375 -0.450485 -0.063665 -0.036569 -0.000854 2.373964 3.725806 -0.807607 -1.124770 -1.184581 -1.232811 -0.007464 -0.008108 -0.005170 2.562580 3.279549 1.069571 -0.006258 -0.006842 3.067765 5.399720 -0.022396 -0.013270 -0.008043 1.855446 7.581868 4.267687 -0.004081 -1.077319 -2.331675 -0.000837 -0.002443 -0.226534 -0.048740 -0.017384 -0.180427 -0.111182 -0.020872 -9999.0 -9999.0 -9999.0
-9999.0 -9999.0 -9999.0 -9999.0 -9999.0 -9999.0 -9999.0 -9999.0 -9999.0 -9999.0 -0.006780 -0.003872 2.672817 -0.012583 6.196015 -0.007238 -0.013087 3.047404 5.700786 7.732951 3.923430 2.029398 -0.024382 -0.027804 -0.022766 1.958235 3.155936 -0.009122 -0.502369 -0.994781 -0.006372 -0.006441 -2.585177 -0.010184 -0.005960 3.926137 -0.147903 -0.063071 -0.199015 -0.008027 -0.005582 3.664741 -0.056316 1.326291 4.647664 -0.060566 -0.013633 -0.012627 3.107042 3.691427 -0.000967 -0.182814 -1.694826 0.008111 -0.197393 -0.001913 -0.064709 -0.055214 1.259428 3.234851 -9999.0 -9999.0 -9999.0
-9999.0 -9999.0 -9999.0 -9999.0 -9999.0 -9999.0 -9999.0 -9999.0 -0.004126 -0.006985 -0.007760 -0.007086 -1.047912 -0.055120 -0.030984 1.967156 3.391037 11.914045 7.796943 8.296057 5.672249 4.669438 3.733499 2.075804 1.506846 2.250278 6.603626 -0.135869 -0.139236 -0.871187 -2.330553 -0.006123 -0.006474 -0.007261 -0.004995 -0.004920 6.508971 -0.036001 -1.715118 1.046281 3.165012 3.098554 -0.788417 1.348205 5.574155 3.678284 -1.551387 -0.047836 -0.008957 3.703096 0.760266 -1.744928 -2.574014 -3.373824 -0.001280 -0.106704 0.992799 4.513654 2.001641 4.468795 -9999.0 -9999.0 -9999.0
-9999.0 -9999.0 -9999.0 -9999.0 -9999.0 -9999.0 -9999.0 -9999.0 -1.269045 -1.420818 -0.399636 -0.007509 -0.004739 -0.508534 -0.174383 -0.008539 2.381464 2.981280 6.036916 8.822624 16.879077 14.564630 14.662507 14.403951 3.920244 3.696889 1.175340 -0.043284 -1.528321 -0.007745 -0.012624 1.492464 -0.005087 1.818542 -0.003081 1.959708 7.576085 0.588039 -0.053763 -0.001878 -0.006398 -1.676597 1.867401 0.535581 0.976061 -0.940532 -1.273067 -0.003378 -0.036664 1.798476 3.119358 -0.028124 -3.113328 -0.028144 -0.006540 -0.474941 -0.063241 -0.012014 3.920781 6.731652 8.517286 -9999.0 -9999.0
-9999.0 -9999.0 -9999.0 -9999.0 -9999.0 -9999.0 -9999.0 -9999.0 -0.006124 -0.004910 -0.005015 -1.120484 -0.006748 -0.572074 -0.048472 -0.117855 -0.007957 4.927816 5.947220 16.295725 9.264937 14.524628 14.903699 8.011370 11.388174 3.666638 0.617656 -0.455385 -3.245810 -0.006151 2.045581 3.076735 -0.190663 -0.144763 3.668327 7.035848 -0.001438 1.843053 -0.042257 -0.758997 -0.003263 3.000142 -0.001403 -0.005256 -0.160777 -0.003177 1.039022 -0.005733 -0.177970 -0.017974 2.854722 -0.001538 -1.160705 -2.867494 -0.332110 -0.058285 2.351095 3.786239 6.550812 6.979175 7.547149 -9999.0 -9999.0
-9999.0 -9999.0 -9999.0 -9999.0 -9999.0 -9999.0 -9999.0 -9999.0 0.925348 -0.002692 -0.788939 -2.644436 -0.004088 -0.141224 -0.154676 -0.004224 4.474322 5.724180 10.885901 6.165315 8.622956 8.957775 13.696341 13.033398 4.055312 1.409046 -0.032840 -1.154942 2.171467 -0.067818 -0.049219 -0.209050 -0.007930 -0.048236 -0.025427 6.485548 9.851126 4.544483 1.001994 -0.016787 3.271891 3.955396 3.765560 5.327163 -0.005213 2.828290 -0.002004 4.495704 -0.005310 -0.055600 -0.012923 2.536823 1.322318 -0.161742 1.830970 2.873615 4.708698 5.037622 6.064839 7.227650 6.214201 3.008011 -9999.0
-9999.0 -9999.0 -9999.0 -9999.0 -9999.0 -9999.0 -9999.0 -9999.0 -0.092676 -0.004167 -0.546933 -0.776095 -0.074282 -0.129981 5.406192 3.745609 7.909269 2.835813 1.138222 3.342226 5.216487 8.272164 8.569585 8.287502 10.550134 -0.008984 -0.306204 -0.023152 -0.001387 -0.033543 -0.060357 -0.000868 3.364012 2.564134 -0.002348 2.831414 4.890403 6.545813 5.967407 3.438299 1.792699 0.681971 0.886709 -0.005209 -0.051213 4.704540 -0.029155 -0.095073 -0.031156 -0.000872 2.860276 2.101179 2.304722 3.256738 3.597750 4.021233 4.885464 5.813876 6.488773 6.489833 4.595656 2.423490 -9999.0
-9999.0 -9999.0 -0.004845 -0.003254 -1.653903 -0.169867 -1.433917 -2.496122 -0.007266 -0.012609 -1.249757 -0.485493 -0.036549 -0.001005 6.737799 2.738084 -0.019039 -0.462261 -0.039748 -0.006724 3.225097 5.874825 7.076739 6.644764 6.330329 2.505026 -0.010368 -0.006380 2.757372 6.564483 -0.020169 1.082569 9.193186 3.853509 5.653190 5.123226 9.142944 8.859726 7.775140 5.116377 6.845887 6.058621 4.647577 3.911556 -0.009109 -0.003525 2.891645 1.794095 3.885724 4.898957 6.275658 5.474932 4.645198 4.122464 3.950769 11.118019 4.649952 5.126634 4.837194 3.902212 8.016580 1.676863 -9999.0
-9999.0 -0.053941 -0.090934 -1.038194 -0.133976 -1.037505 -0.532128 -0.571858 -1.502620 -0.007902 -0.207742 -0.156225 -0.003271 5.758897 5.480514 -0.061484 -0.117913 -0.183190 -0.078450 -0.015981 2.878370 4.723410 9.915349 5.255046 12.391081 6.204865 10.301629 10.349430 6.698378 4.679197 5.205956 5.417979 6.873698 12.672638 9.795297 10.865490 12.694148 11.771987 12.666615 10.679177 10.402172 10.224894 9.284945 5.294675 4.018366 4.402003 6.092222 6.415188 8.530149 6.452660 6.234325 5.274943 4.443541 3.612223 3.532843 2.853697 1.135281 1.495547 2.679295 6.209788 0.876274 1.491310 -9999.0
-9999.0 5.875219 -0.026726 -0.070675 2.076699 -0.063870 -1.702590 -1.051566 -0.008971 -0.010234 -0.286929 -0.457992 0.374041 5.660563 -0.040650 -2.454845 -0.445993 -0.202254 -0.190786 -0.012409 6.470693 2.296506 3.426332 4.325881 12.703254 14.657686 5.972245 8.185959 7.693637 6.924766 7.079393 6.863878 8.629508 9.613090 15.919178 12.742495 22.596354 23.694300 15.693999 14.620161 13.879425 12.752430 11.921036 8.562375 8.464880 8.338628 9.538386 9.060147 8.316146 7.362513 5.331995 2.341033 1.285965 1.746266 0.979899 -0.028140 -0.306484 -0.035232 -0.028409 -0.045442 -0.024932 -9999.0 -9999.0
