user2019/resources/simulation/Vinschgau/output-maps/TsL0003N0233.asc
ncols         63
nrows         48
xllcorner     598000.000000
yllcorner     5145000.000000
cellsize      1000.000000
NODATA_value  -9999.0
[rows 0 to 27 of 48, columns 0 to 61 of 63]
-9999.0 -9999.0 -9999.0 -9999.0 -9999.0 -9999.0 -9999.0 -9999.0 -9999.0 -9999.0 -9999.0 -9999.0 -9999.0 -9999.0 -9999.0 -9999.0 -9999.0 -9999.0 -9999.0 -9999.0 -9999.0 -9999.0 -9999.0 -9999.0 -9999.0 -9999.0 -9999.0 -9999.0 -9999.0 -9999.0 -9999.0 -9999.0 -9999.0 -9999.0 -9999.0 -9999.0 -9999.0 -9999.0 -9999.0 -9999.0 -9999.0 -9999.0 -9999.0 -9999.0 -9999.0 -9999.0 -9999.0 -9999.0 -9999.0 -9999.0 -9999.0 -9999.0 -9999.0 -9999.0 -9999.0 -9999.0 -9999.0 -9999.0 -9999.0 -9999.0 -9999.0 -9999.0
-9999.0 -9999.0 -9999.0 -9999.0 -9999.0 -9999.0 -9999.0 -9999.0 -9999.0 -9999.0 -9999.0 -9999.0 -9999.0 -9999.0 -9999.0 -9999.0 -9999.0 -9999.0 -9999.0 -9999.0 -9999.0 -9999.0 -9999.0 -9999.0 -9999.0 -9999.0 -9999.0 -5.722079 -5.695569 -5.537455 -6.798529 -7.953792 -7.980228 -9999.0 -9999.0 -9999.0 -9999.0 -9999.0 -9999.0 -9999.0 -9999.0 -9999.0 -9999.0 -9999.0 -9999.0 -9999.0 -9999.0 -9999.0 -9999.0 -9999.0 -9999.0 -9999.0 -9999.0 -9999.0 -9999.0 -9999.0 -9999.0 -9999.0 -9999.0 -9999.0 -9999.0 -9999.0
-9999.0 -9999.0 -9999.0 -9999.0 -9999.0 -9999.0 -9999.0 -9999.0 -9999.0 -9999.0 -9999.0 -9999.0 -9999.0 -9999.0 -9999.0 -9999.0 -9999.0 -9999.0 -9999.0 -9999.0 -9999.0 -9999.0 -9999.0 -9999.0 -3.443725 -3.581298 -2.562812 -3.868714 -3.300439 -4.852735 -6.924911 -9999.0 -9999.0 -9999.0 -9999.0 -9999.0 -9999.0 -9999.0 -9999.0 -9999.0 -9999.0 -9999.0 -9999.0 -9999.0 -9999.0 -9999.0 -9999.0 -9999.0 -9999.0 -9999.0 -9999.0 -9999.0 -9999.0 -9999.0 -9999.0 -9999.0 -9999.0 -9999.0 -9999.0 -9999.0 -9999.0 -9999.0
-9999.0 -9999.0 -9999.0 -9999.0 -9999.0 -9999.0 -9999.0 -9999.0 -9999.0 -9999.0 -9999.0 -9999.0 -9999.0 -9999.0 -9999.0 -9999.0 -9999.0 -9999.0 -9999.0 -9999.0 -9999.0 -9999.0 -9999.0 -3.460161 -1.272309 -0.159028 -1.630454 -2.329559 -2.494218 -4.413009 -6.001352 -6.055291 -9999.0 -9999.0 -9999.0 -9999.0 -9999.0 -9999.0 -9999.0 -9999.0 -9999.0 -9999.0 -9999.0 -9999.0 -9999.0 -9999.0 -9999.0 -9999.0 -9999.0 -9999.0 -9999.0 -9999.0 -9999.0 -9999.0 -9999.0 -9999.0 -9999.0 -9999.0 -9999.0 -9999.0 -9999.0 -9999.0
-9999.0 -9999.0 -9999.0 -9999.0 -9999.0 -9999.0 -9999.0 -9999.0 -9999.0 -9999.0 -9999.0 -9999.0 -9999.0 -9999.0 -9999.0 -9999.0 -9999.0 -9999.0 -0.573977 -0.058630 -9999.0 -3.418033 -2.046471 -0.103417 -2.840568 -3.135910 -4.208024 -4.253179 -2.272891 -1.687863 -3.505964 -6.190173 -6.251501 -7.680715 -9999.0 -9999.0 -9999.0 -9999.0 -9999.0 -9999.0 -9999.0 -9999.0 -9999.0 -9999.0 -9999.0 -9999.0 -9999.0 -9999.0 -9999.0 -9999.0 -9999.0 -9999.0 -9999.0 -9999.0 -9999.0 -9999.0 -9999.0 -9999.0 -9999.0 -9999.0 -9999.0 -9999.0
-9999.0 -9999.0 -9999.0 -9999.0 -9999.0 -9999.0 -9999.0 -9999.0 -9999.0 -9999.0 -9999.0 -9999.0 -9999.0 -9999.0 -9999.0 -9999.0 -9999.0 0.170122 -1.859247 -2.285677 -1.918059 -0.067467 -0.379632 -3.600120 -3.603715 -5.441614 -5.742105 -4.475296 -5.729276 -4.598113 -1.648084 -4.427820 -2.464166 -6.001702 -7.559443 -8.882892 -9999.0 -9999.0 -9999.0 -9999.0 -9999.0 -9999.0 -9999.0 -9999.0 -9999.0 -9999.0 -9999.0 -9999.0 -9999.0 -9999.0 -9999.0 -9999.0 -9999.0 -9999.0 -9999.0 -9999.0 -9999.0 -9999.0 -9999.0 -9999.0 -9999.0 -9999.0
-9999.0 -9999.0 -9999.0 -9999.0 -9999.0 -9999.0 -9999.0 -9999.0 -9999.0 -9999.0 -9999.0 -9999.0 -9999.0 -3.891895 -0.079404 -3.328533 -2.585877 -2.969549 -0.000082 -3.098765 -3.850174 -3.462454 -4.042115 -3.867804 -4.993311 -5.917259 -6.841876 -5.953105 -6.764637 -4.996483 -5.361338 -6.710264 -7.217996 -9.157231 -9.235841 -9.644876 -9999.0 -9999.0 -9999.0 -9999.0 -9999.0 -9999.0 -9999.0 -9999.0 -9999.0 -9999.0 -9999.0 -9999.0 -9999.0 -9999.0 -9999.0 -9999.0 -9999.0 -9999.0 -9999.0 -9999.0 -9999.0 -9999.0 -9999.0 -9999.0 -9999.0 -9999.0
-9999.0 -9999.0 -9999.0 -9999.0 -9999.0 -9999.0 -9999.0 -9999.0 -9999.0 -9999.0 -9999.0 -9999.0 -9999.0 -0.370703 -0.061836 -0.065282 -0.078151 -1.806278 -3.079126 -0.135228 -0.000244 -5.594225 -3.678938 -4.383602 -3.260397 -4.879397 -5.500324 -7.903637 -8.400392 -7.012264 -5.722852 -9.017678 -9.103978 -9.944434 -9.988997 -9999.0 -9999.0 -9999.0 -9999.0 -9999.0 -9999.0 -9999.0 -9999.0 -9999.0 -9999.0 -9999.0 -9999.0 -9999.0 -9999.0 -9999.0 -9999.0 -9999.0 -9999.0 -9999.0 -9999.0 -9999.0 -9999.0 -9999.0 -9999.0 -9999.0 -9999.0 -9999.0
-9999.0 -9999.0 -9999.0 -9999.0 -9999.0 -9999.0 -9999.0 -9999.0 -9999.0 -9999.0 -9999.0 -9999.0 -9999.0 -0.059368 -1.655499 -0.087271 -0.053024 -2.011483 -3.000609 -0.000165 -0.412805 -6.494566 -4.860206 -4.692143 -3.471347 -2.057310 -5.291367 -8.175039 -5.505707 -8.930418 -8.640530 -10.224931 -9.910062 -10.640685 -10.068100 -9999.0 -9999.0 -9999.0 -9999.0 -9999.0 -9999.0 -9999.0 -9999.0 -9999.0 -9999.0 -9999.0 -9999.0 -9999.0 -9999.0 -9999.0 -9999.0 -9999.0 -9999.0 -9999.0 -9999.0 -9999.0 -9999.0 -9999.0 -9999.0 -9999.0 -9999.0 -9999.0
-9999.0 -9999.0 -9999.0 -9999.0 -9999.0 -9999.0 -9999.0 -9999.0 -9999.0 -9999.0 -9999.0 -9999.0 -0.173703 -0.828455 -0.098005 -4.904174 -0.363339 -1.389428 -0.538759 -3.171760 -2.437069 -5.337986 -5.157323 -4.514057 -1.058199 -7.535010 -4.658166 -5.516804 -4.881767 -8.406498 -9.001500 -7.167494 -7.294796 -9.439180 -9999.0 -9999.0 -9999.0 -9999.0 -9999.0 -9999.0 -9999.0 -9999.0 -9999.0 -9999.0 -9999.0 -9999.0 -9999.0 -9999.0 -9999.0 -9999.0 -9999.0 -9999.0 -9999.0 -9999.0 -9999.0 -9999.0 -9999.0 -9999.0 -9999.0 -9999.0 -9999.0 -9999.0
-9999.0 -9999.0 -9999.0 -9999.0 -9999.0 -9999.0 -9999.0 -9999.0 -9999.0 -9999.0 -9999.0 -2.848711 -3.439245 -0.032568 -4.627830 -4.657083 -6.000080 -0.908700 -0.051182 -2.984424 -3.172880 -0.578963 -4.606592 -6.514438 -4.896234 -5.700556 -8.251873 -5.108963 -5.187982 -8.962534 -6.786469 -5.124447 -7.760176 -9.267226 -9.343160 -9.226204 -9.550754 -8.958917 -9.383581 -9999.0 -9999.0 -9999.0 -9.716488 -9999.0 -9999.0 -9999.0 -9999.0 -9999.0 -9999.0 -9999.0 -9999.0 -9999.0 -9999.0 -9999.0 -9999.0 -9999.0 -9999.0 -9999.0 -9999.0 -9999.0 -9999.0 -9999.0
-9999.0 -9999.0 -9999.0 -9999.0 -9999.0 -9999.0 -9999.0 -9999.0 -9999.0 -9999.0 -9999.0 -4.243077 -3.552942 -1.633370 -1.372574 -5.695506 -0.131260 -2.785224 -0.050727 -1.921615 -2.200223 -0.037212 -3.790254 -4.887400 -5.150398 -6.327205 -4.961489 -3.990913 -5.920262 -8.278846 -5.502931 -5.865752 -6.393068 -8.348509 -10.210101 -9.023763 -0.001202 -0.027258 -0.020972 -10.856724 -10.565897 -10.825308 -6.994125 -8.479308 -9999.0 -9999.0 -9999.0 -0.299562 -2.438210 -3.272032 -0.753094 -2.275180 -2.244330 -0.158669 -0.154071 -2.000985 -9999.0 -9999.0 -9999.0 -9999.0 -9999.0 -9999.0
-9999.0 -9999.0 -9999.0 -9999.0 -9999.0 -9999.0 -9999.0 -9999.0 -9999.0 -9999.0 -9999.0 -3.226242 -4.481044 -5.004928 -0.758290 -4.412507 -0.412914 -1.941447 -2.321662 -0.037137 -2.553040 -0.734300 -0.512851 -3.152353 -6.688585 -5.184128 -1.126863 -5.884706 -7.417676 -6.674441 -8.179052 -6.672951 -4.919698 -9.029672 -9.904911 -8.384264 -0.103640 -0.011071 -0.411330 -1.772658 -0.002763 -9.182911 -6.390225 -5.183172 -6.762966 -9999.0 -6.475606 -3.283678 -0.981114 -0.041936 -0.109473 -0.162891 -0.038064 -0.028126 -0.051053 -0.122104 -9999.0 -9999.0 -9999.0 -9999.0 -9999.0 -9999.0
-9999.0 -9999.0 -9999.0 -9999.0 -9999.0 -9999.0 -9999.0 -9999.0 -9999.0 -9999.0 -9999.0 -9999.0 -3.802209 -1.082316 -0.044996 -0.814698 -0.832953 -1.646942 -2.409582 -0.035377 -3.525090 -0.680320 -1.536677 -0.681922 -4.960702 -1.163715 -0.187189 -6.926697 -6.564595 -5.837853 -5.711627 -5.537359 -6.157614 -8.084665 -10.561067 -10.268062 -3.229437 -1.669971 -0.040715 -0.021948 -3.949297 -7.170191 -5.540506 -4.124854 -5.494631 -4.889657 -4.807690 -3.651810 -3.752000 -0.711602 -0.047689 -1.452663 -0.029107 -0.492479 -2.217339 -2.119438 -1.108254 -9999.0 -9999.0 -9999.0 -9999.0 -9999.0
-9999.0 -9999.0 -9999.0 -9999.0 -9999.0 -9999.0 -9999.0 -9999.0 -9999.0 -9999.0 -9999.0 -0.078040 -4.838854 -4.895741 -0.126852 -0.125586 -0.141263 -3.411454 -2.523661 0.316938 -3.570170 -2.490025 -2.114433 -2.989436 -0.963022 -0.742412 -1.630229 -7.169844 -5.047956 -5.082545 -1.747648 -2.873267 -2.931963 -8.064125 -11.000537 -10.147428 -11.887895 -2.469320 -0.088585 -0.009235 -2.165855 -0.000418 -0.057611 -4.997316 -4.149351 -4.869692 -2.856454 -2.597035 -2.527769 -2.093716 -5.298474 -5.054698 -3.773449 -5.843906 -4.820487 -5.466446 -1.653941 -9999.0 -9999.0 -9999.0 -9999.0 -9999.0
-9999.0 -9999.0 -9999.0 -9999.0 -9999.0 -9999.0 -9999.0 -9999.0 -9999.0 -9999.0 -1.108916 -0.173054 -0.043850 -3.608511 -0.052089 -0.690834 -4.846488 -3.600290 -2.579330 0.071244 -2.192377 -0.052786 -1.230762 -0.070896 -2.292650 -0.916224 -5.991531 -5.932438 -1.331189 -0.802928 -3.104325 -5.729133 -6.675233 -8.274507 -10.977412 -10.126992 -8.744881 -2.394098 -0.077143 -0.004527 -0.004164 -3.627990 -4.674796 -0.000227 -4.401982 -4.103883 -2.862721 -2.236222 -3.713881 -2.439679 -3.437228 -5.560637 -5.447363 -5.700681 -5.250868 -0.296024 -0.231315 -9999.0 -9999.0 -9999.0 -9999.0 -9999.0
-9999.0 -9999.0 -9999.0 -9999.0 -9999.0 -9999.0 -9999.0 -9999.0 -9999.0 -5.078484 -1.336771 -1.152669 -0.910250 -0.218788 -0.041147 -4.328593 -4.650946 -0.038131 -2.673880 0.334049 -0.005190 -4.052892 -3.904973 -3.098728 -1.382699 -5.969752 -1.950970 -0.449825 -3.556597 -3.860762 -4.302777 -6.530066 -8.769414 -9.803757 -8.906037 -9.430995 -9.215621 -8.526360 -9.243128 -7.172075 -0.000986 -7.356482 -6.998027 0.001053 -0.056655 -4.582219 -4.122623 -1.827878 -1.033925 -3.758369 -0.727242 -2.987029 -6.112278 -4.531919 -2.771541 -1.328224 -0.177568 -0.339173 -0.957900 -9999.0 -9999.0 -9999.0
-9999.0 -9999.0 -9999.0 -9999.0 -9999.0 -9999.0 -9999.0 -9999.0 -9999.0 -5.110873 -4.888351 -4.914259 -2.643612 -0.888079 -0.067176 -0.152932 -0.031355 -2.682417 -0.000477 -0.001362 -0.000100 0.084158 -1.311901 -0.092405 -5.736274 -0.983754 -2.435771 -3.719005 -2.606315 -3.827920 -5.447791 -4.335480 -7.206192 -6.401945 -6.275978 -5.115402 -6.611249 -6.143193 -9.378250 -7.856051 -5.738630 -7.907148 -3.326086 -4.166005 0.011888 -0.000108 -0.000120 -2.754339 -3.854296 -2.833547 -3.004223 -2.545571 -4.493745 -3.902077 -5.359786 -0.709043 -0.848406 -0.037106 -0.023316 -9999.0 -9999.0 -9999.0
-9999.0 -9999.0 -9999.0 -9999.0 -9999.0 -9999.0 -9999.0 -9999.0 -9999.0 -9999.0 -4.815308 -4.745522 -4.061499 -2.219355 -2.081060 -0.042324 -0.035712 -3.287856 1.239279 0.120359 -1.966389 -2.915028 -0.917676 -3.318141 -1.225120 -3.613217 -0.097103 -0.000098 -4.764488 -6.070766 -6.638676 -2.365160 -7.162330 -7.605740 -4.731365 -2.396385 -2.655323 -3.037931 -6.897803 -8.750466 -8.965816 -4.054437 -5.709591 -5.694426 -6.656793 -6.788612 -4.597922 -1.196399 -0.000111 -4.483858 -0.395111 -0.220904 -2.473793 -4.190787 -2.689157 -4.424134 -1.698330 -1.795808 -2.799882 -0.462113 -9999.0 -9999.0
-9999.0 -9999.0 -9999.0 -9999.0 -9999.0 -9999.0 -9999.0 -9999.0 -9999.0 -9999.0 -4.806015 -4.797964 -3.795228 -1.154875 -2.920996 -3.984228 -3.086034 -1.577921 1.509630 0.303322 0.131904 -2.663037 -4.276135 -2.386914 -2.740184 -0.000327 0.006285 -2.549794 -4.754303 -7.493075 -7.099806 -4.563821 -5.780920 -7.447404 -7.353291 -6.756322 -3.960082 -1.992331 -5.223439 -7.337847 -5.076407 -5.368137 -5.029566 -6.447638 -1.471599 -4.689946 -3.423209 -5.904259 -0.000071 -0.018550 -3.960691 -0.171378 -0.273403 -2.316529 -3.584640 -1.806260 -4.475121 -0.778339 -0.000582 -0.000295 -9999.0 -9999.0
-9999.0 -9999.0 -9999.0 -9999.0 -9999.0 -9999.0 -9999.0 -9999.0 -0.038941 -0.136434 -4.683575 -3.894622 -4.210570 -4.176724 -1.877117 -0.000253 -0.000070 0.143783 1.029287 1.279115 1.605482 0.694471 0.043403 -3.392033 -3.021355 1.797528 -0.075394 -5.209782 -4.322790 -6.073776 -8.427040 -6.883312 -6.007309 -5.898557 -4.761553 -7.849139 -4.367814 -1.631080 -5.320909 -5.436876 -6.660415 -5.991093 -7.187427 -7.620479 -3.403967 -1.356818 -5.788576 -1.334744 -5.060935 -0.000843 -3.784877 -0.830270 -0.384132 -2.980676 -1.827256 -0.043877 -0.349192 -0.025091 -3.360028 0.141846 -9999.0 -9999.0
-9999.0 -9999.0 -9999.0 -9999.0 -9999.0 -9999.0 -9999.0 -9999.0 -5.209691 -0.050432 -3.170212 -6.237745 -5.329977 -3.803475 -1.679608 -3.171973 -0.454708 -1.851850 2.084735 1.498243 0.815677 0.944295 0.304533 0.103092 0.403479 1.725449 -0.067388 -2.616904 -6.560390 -4.333580 -4.636108 -3.764404 -3.902174 -4.825155 -1.941682 -1.405617 -1.035242 -1.528502 -3.225995 -3.191271 -6.015333 -8.122453 -6.883044 -2.087362 -0.156543 -2.367500 -5.991091 -5.362570 -4.336034 -2.359253 -0.065897 -1.240911 -0.422229 -0.157622 -0.563312 -2.533020 -2.034417 -3.599414 -0.000122 1.033845 1.173786 -9999.0
-9999.0 -9999.0 -9999.0 -9999.0 -9999.0 -9999.0 -9999.0 -9999.0 -5.227219 -3.923741 -0.043155 -4.966286 -2.170894 -6.032693 -0.034131 -2.482612 -1.032986 -0.126483 1.661345 0.209388 1.729872 0.939564 0.953754 0.818744 0.532722 -2.485381 -3.019950 -4.199797 -4.903911 -2.810984 -3.964942 -0.350523 -2.669542 -2.213739 -0.483069 -0.254264 -3.379730 -3.062823 -2.892331 -3.503756 -3.860991 -4.287745 -1.025092 -3.800157 -4.249946 -4.514472 -2.911362 -0.919847 -3.280122 -4.938077 -0.000064 -2.112138 -1.385361 -1.330106 -4.639103 -3.658473 -0.003314 -0.000122 0.021826 0.298677 1.278746 -9999.0
-9999.0 -9999.0 -9999.0 -9999.0 -9999.0 -9999.0 -9999.0 -9999.0 -7.271463 -3.941075 -0.071852 -2.644341 -0.037286 -0.028647 -2.435474 -0.076446 0.035765 1.579015 -0.001237 1.914601 0.455838 1.510616 0.666205 0.304893 -2.577344 -1.070682 -0.621316 -1.301784 -0.062157 -1.910416 -0.972150 -1.066387 -3.161953 -2.500877 -3.223478 -1.350376 -0.657929 -3.118853 -0.644576 -2.000589 -2.278870 -0.567030 -0.100664 -1.404016 -0.596534 -2.589776 -0.053428 -0.807371 -0.052137 -1.104338 -2.418460 -0.000110 -0.069540 -2.813819 -0.070109 -0.014097 -0.000176 0.397586 1.595635 1.202777 0.152450 -0.028746
-9999.0 -9999.0 -9999.0 -9999.0 -9999.0 -9999.0 -9999.0 -9999.0 -4.109894 -2.411118 -0.034708 -0.116133 -2.589209 -2.850982 -2.539338 -0.000095 -1.542221 -4.584061 -3.382938 -3.143445 1.153400 1.151570 1.123651 0.002111 -2.947862 -3.916880 -1.818877 -0.759841 -4.139051 -3.751118 -1.085139 -0.147540 -2.104503 -0.685702 -0.634577 -0.433190 -1.117569 -2.949365 -3.258687 -0.514946 -0.438188 -0.608323 -2.101604 -1.396799 -1.138032 -0.099709 -1.065345 -3.449313 -2.891412 -2.928796 -0.056337 -0.044108 -0.000409 -0.023618 -0.008527 -0.000509 -0.000087 0.001291 0.077608 0.096111 -0.053782 -0.027734
-9999.0 -9999.0 -3.260787 -1.685673 -3.057171 -1.580834 -0.128903 -1.616566 -2.276572 -2.142041 -2.196247 -0.042525 -2.993312 -1.594247 -0.000122 -1.453525 -5.177644 -4.560454 -4.035860 -1.496492 -2.589799 1.573698 0.319856 1.194806 -0.000099 -0.090217 -3.103172 -3.326109 -0.000683 -3.782690 -2.397875 -1.284662 -0.045964 -3.359895 -0.092690 -3.188446 -0.000853 -0.000333 -3.053222 -2.382636 -3.205057 -2.958035 -2.753117 -3.754885 -1.924973 -2.539779 -0.082453 -0.079415 -0.000358 -0.000124 -0.000093 -0.000096 -0.000101 -0.000358 -0.002847 -0.000212 -0.004213 -0.000507 -1.292666 -2.357233 -0.024706 -0.023349
-9999.0 -0.064054 -0.072180 -0.053815 -0.136402 -0.038014 -2.817937 -3.593173 -3.760799 -4.305477 -2.817056 -0.041272 -0.651185 -1.347993 -0.813466 -0.399164 -3.773057 -3.504133 -0.038053 -2.668955 -3.194503 0.338335 -0.000129 1.019114 -0.000085 -0.000052 0.210631 0.214194 -0.000079 -0.000138 -0.000134 -0.090499 -1.421370 -0.000106 -0.000081 0.000551 0.102376 1.335098 0.046432 -0.000029 -0.000080 -0.000064 -0.000083 -1.272650 -0.065120 -0.001317 -0.000100 0.080220 0.009725 0.622481 -0.000032 -0.000313 -0.007417 -0.032592 -0.054998 -3.715090 -0.167773 -0.313047 -0.030838 -0.059177 -0.028543 -0.023244
-9999.0 -2.505446 -0.059829 -0.285991 -0.272168 -0.057177 -0.287709 -0.545287 -1.627008 -2.410568 -0.178585 -0.048703 -2.132328 -0.241730 -1.348808 -3.315137 -4.052449 -3.280168 -1.228363 -3.298889 -0.127922 -2.669907 -0.000083 -0.000115 0.127565 0.228243 1.349826 0.971230 0.786459 1.756527 1.707189 1.197423 0.001720 0.011038 0.230702 1.221158 0.898174 3.710108 1.919872 1.690172 1.475608 1.305052 0.229273 0.857424 1.542601 1.837331 1.416467 1.384369 0.205757 0.028885 -0.000566 -5.021947 -0.806615 -2.357230 -3.983332 -0.699169 -0.750425 -0.570014 -1.028527 -0.088262 -0.066920 -9999.0
