user2019/resources/simulation/Vinschgau/output-maps/TsL0003N0364.asc
ncols         63
nrows         48
xllcorner     598000.000000
yllcorner     5145000.000000
cellsize      1000.000000
NODATA_value  -9999.0
[rows 0 to 27 of 48, columns 0 to 62 of 63]
-9999.0 -9999.0 -9999.0 -9999.0 -9999.0 -9999.0 -9999.0 -9999.0 -9999.0 -9999.0 -9999.0 -9999.0 -9999.0 -9999.0 -9999.0 -9999.0 -9999.0 -9999.0 -9999.0 -9999.0 -9999.0 -9999.0 -9999.0 -9999.0 -9999.0 -9999.0 -9999.0 -9999.0 -9999.0 -9999.0 -9999.0 -9999.0 -9999.0 -9999.0 -9999.0 -9999.0 -9999.0 -9999.0 -9999.0 -9999.0 -9999.0 -9999.0 -9999.0 -9999.0 -9999.0 -9999.0 -9999.0 -9999.0 -9999.0 -9999.0 -9999.0 -9999.0 -9999.0 -9999.0 -9999.0 -9999.0 -9999.0 -9999.0 -9999.0 -9999.0 -9999.0 -9999.0 -9999.0
-9999.0 -9999.0 -9999.0 -9999.0 -9999.0 -9999.0 -9999.0 -9999.0 -9999.0 -9999.0 -9999.0 -9999.0 -9999.0 -9999.0 -9999.0 -9999.0 -9999.0 -9999.0 -9999.0 -9999.0 -9999.0 -9999.0 -9999.0 -9999.0 -9999.0 -9999.0 -9999.0 -1.689033 -1.229287 -1.376642 -1.068037 -1.463628 -1.140250 -9999.0 -9999.0 -9999.0 -9999.0 -9999.0 -9999.0 -9999.0 -9999.0 -9999.0 -9999.0 -9999.0 -9999.0 -9999.0 -9999.0 -9999.0 -9999.0 -9999.0 -9999.0 -9999.0 -9999.0 -9999.0 -9999.0 -9999.0 -9999.0 -9999.0 -9999.0 -9999.0 -9999.0 -9999.0 -9999.0
-9999.0 -9999.0 -9999.0 -9999.0 -9999.0 -9999.0 -9999.0 -9999.0 -9999.0 -9999.0 -9999.0 -9999.0 -9999.0 -9999.0 -9999.0 -9999.0 -9999.0 -9999.0 -9999.0 -9999.0 -9999.0 -9999.0 -9999.0 -9999.0 -1.692533 0.380375 -0.002321 5.545351 2.459887 -0.004574 -1.587024 -9999.0 -9999.0 -9999.0 -9999.0 -9999.0 -9999.0 -9999.0 -9999.0 -9999.0 -9999.0 -9999.0 -9999.0 -9999.0 -9999.0 -9999.0 -9999.0 -9999.0 -9999.0 -9999.0 -9999.0 -9999.0 -9999.0 -9999.0 -9999.0 -9999.0 -9999.0 -9999.0 -9999.0 -9999.0 -9999.0 -9999.0 -9999.0
-9999.0 -9999.0 -9999.0 -9999.0 -9999.0 -9999.0 -9999.0 -9999.0 -9999.0 -9999.0 -9999.0 -9999.0 -9999.0 -9999.0 -9999.0 -9999.0 -9999.0 -9999.0 -9999.0 -9999.0 -9999.0 -9999.0 -9999.0 -0.775645 7.112449 -0.034483 -0.011139 -0.012464 -0.027653 -0.006771 -1.952371 -2.839110 -9999.0 -9999.0 -9999.0 -9999.0 -9999.0 -9999.0 -9999.0 -9999.0 -9999.0 -9999.0 -9999.0 -9999.0 -9999.0 -9999.0 -9999.0 -9999.0 -9999.0 -9999.0 -9999.0 -9999.0 -9999.0 -9999.0 -9999.0 -9999.0 -9999.0 -9999.0 -9999.0 -9999.0 -9999.0 -9999.0 -9999.0
-9999.0 -9999.0 -9999.0 -9999.0 -9999.0 -9999.0 -9999.0 -9999.0 -9999.0 -9999.0 -9999.0 -9999.0 -9999.0 -9999.0 -9999.0 -9999.0 -9999.0 -9999.0 10.748733 10.142991 -9999.0 -1.434314 9.115701 -0.019062 -0.008338 6.435606 4.627264 4.421689 5.025158 -0.038429 -0.004976 -2.327721 -2.070065 -4.613416 -9999.0 -9999.0 -9999.0 -9999.0 -9999.0 -9999.0 -9999.0 -9999.0 -9999.0 -9999.0 -9999.0 -9999.0 -9999.0 -9999.0 -9999.0 -9999.0 -9999.0 -9999.0 -9999.0 -9999.0 -9999.0 -9999.0 -9999.0 -9999.0 -9999.0 -9999.0 -9999.0 -9999.0 -9999.0
-9999.0 -9999.0 -9999.0 -9999.0 -9999.0 -9999.0 -9999.0 -9999.0 -9999.0 -9999.0 -9999.0 -9999.0 -9999.0 -9999.0 -9999.0 -9999.0 -9999.0 -0.002441 -0.009359 5.196724 14.158503 -0.255315 -0.055425 -0.032369 10.936683 -0.434652 -1.845365 -0.988885 -1.048191 -0.025920 1.219043 -0.004175 12.021800 8.819610 -3.489293 -2.523767 -9999.0 -9999.0 -9999.0 -9999.0 -9999.0 -9999.0 -9999.0 -9999.0 -9999.0 -9999.0 -9999.0 -9999.0 -9999.0 -9999.0 -9999.0 -9999.0 -9999.0 -9999.0 -9999.0 -9999.0 -9999.0 -9999.0 -9999.0 -9999.0 -9999.0 -9999.0 -9999.0
-9999.0 -9999.0 -9999.0 -9999.0 -9999.0 -9999.0 -9999.0 -9999.0 -9999.0 -9999.0 -9999.0 -9999.0 -9999.0 -1.040815 -0.057743 -0.098051 -0.058035 21.033586 2.074122 2.054461 3.623206 -0.005036 2.825507 10.746955 -0.808514 -1.899468 -0.889024 -0.919017 -1.122767 -1.023607 -1.230737 -2.661031 -2.878980 -3.390716 -2.895605 -4.229826 -9999.0 -9999.0 -9999.0 -9999.0 -9999.0 -9999.0 -9999.0 -9999.0 -9999.0 -9999.0 -9999.0 -9999.0 -9999.0 -9999.0 -9999.0 -9999.0 -9999.0 -9999.0 -9999.0 -9999.0 -9999.0 -9999.0 -9999.0 -9999.0 -9999.0 -9999.0 -9999.0
-9999.0 -9999.0 -9999.0 -9999.0 -9999.0 -9999.0 -9999.0 -9999.0 -9999.0 -9999.0 -9999.0 -9999.0 -9999.0 -0.688894 -0.021464 -0.096134 -0.097295 12.086715 20.995573 7.054568 3.492407 5.507475 -0.014522 -0.141335 -0.061312 -0.559497 -2.387611 -0.492699 -1.263887 -1.701374 -2.005827 -2.808301 -2.671561 -5.459517 -4.134004 -9999.0 -9999.0 -9999.0 -9999.0 -9999.0 -9999.0 -9999.0 -9999.0 -9999.0 -9999.0 -9999.0 -9999.0 -9999.0 -9999.0 -9999.0 -9999.0 -9999.0 -9999.0 -9999.0 -9999.0 -9999.0 -9999.0 -9999.0 -9999.0 -9999.0 -9999.0 -9999.0 -9999.0
-9999.0 -9999.0 -9999.0 -9999.0 -9999.0 -9999.0 -9999.0 -9999.0 -9999.0 -9999.0 -9999.0 -9999.0 -9999.0 -0.002468 9.572223 -0.080622 -0.393892 -0.096896 22.141241 3.103812 5.065983 -2.849631 -0.526578 -1.274067 -1.283865 -1.328146 -1.234069 -0.776461 -2.098883 -2.641677 -2.329521 -6.328809 -5.215842 -8.314301 -5.741233 -9999.0 -9999.0 -9999.0 -9999.0 -9999.0 -9999.0 -9999.0 -9999.0 -9999.0 -9999.0 -9999.0 -9999.0 -9999.0 -9999.0 -9999.0 -9999.0 -9999.0 -9999.0 -9999.0 -9999.0 -9999.0 -9999.0 -9999.0 -9999.0 -9999.0 -9999.0 -9999.0 -9999.0
-9999.0 -9999.0 -9999.0 -9999.0 -9999.0 -9999.0 -9999.0 -9999.0 -9999.0 -9999.0 -9999.0 -9999.0 -0.302814 8.705960 -0.259261 -1.855395 -1.253872 -0.095969 16.692283 7.304149 0.002379 -2.013803 -1.356737 -0.897796 -0.229305 -0.549350 -1.237185 -3.044046 -0.007462 -1.240219 -3.389295 -2.439930 -4.117097 -4.164812 -9999.0 -9999.0 -9999.0 -9999.0 -9999.0 -9999.0 -9999.0 -9999.0 -9999.0 -9999.0 -9999.0 -9999.0 -9999.0 -9999.0 -9999.0 -9999.0 -9999.0 -9999.0 -9999.0 -9999.0 -9999.0 -9999.0 -9999.0 -9999.0 -9999.0 -9999.0 -9999.0 -9999.0 -9999.0
-9999.0 -9999.0 -9999.0 -9999.0 -9999.0 -9999.0 -9999.0 -9999.0 -9999.0 -9999.0 -9999.0 -0.959574 -0.844980 -0.063909 -2.953704 -2.289814 -1.230898 -0.071135 16.342753 3.831173 -0.117255 -0.014000 -1.596044 -0.919629 -0.959825 -2.550698 -1.802671 -1.575935 -1.970066 -2.324824 -2.022473 4.335853 -3.452057 -5.022491 -2.640789 10.469356 7.224748 11.836738 18.918312 -9999.0 -9999.0 -9999.0 -4.472662 -9999.0 -9999.0 -9999.0 -9999.0 -9999.0 -9999.0 -9999.0 -9999.0 -9999.0 -9999.0 -9999.0 -9999.0 -9999.0 -9999.0 -9999.0 -9999.0 -9999.0 -9999.0 -9999.0 -9999.0
-9999.0 -9999.0 -9999.0 -9999.0 -9999.0 -9999.0 -9999.0 -9999.0 -9999.0 -9999.0 -9999.0 -2.937658 -1.006939 -0.277350 -2.109642 -2.593997 -0.248703 -0.095480 16.478584 10.154002 9.674609 4.024085 -1.671647 -1.056366 -1.991857 -1.672419 -1.453087 3.220418 -2.262901 -1.433235 4.602961 -0.033314 -0.004695 -4.782334 -3.188976 1.188724 13.472262 24.206491 19.485515 16.027294 15.915773 -2.559979 3.361423 -4.175485 -9999.0 -9999.0 -9999.0 -0.009012 -0.027559 -0.270793 -0.037714 -0.015447 -0.015547 -0.011928 -0.011136 -0.015596 -9999.0 -9999.0 -9999.0 -9999.0 -9999.0 -9999.0 -9999.0
-9999.0 -9999.0 -9999.0 -9999.0 -9999.0 -9999.0 -9999.0 -9999.0 -9999.0 -9999.0 -9999.0 -1.941096 -2.109801 -1.149276 -2.119080 -1.412659 -0.441976 -0.102104 11.164117 10.238157 -0.065255 -0.045418 -0.064146 -1.023384 -0.099793 -1.052350 -0.054126 -1.945214 -1.904467 -1.831272 -1.675232 -0.356301 -0.006907 -5.264219 -1.947153 3.250411 -0.125635 2.722683 24.648139 14.914774 10.440734 7.511276 3.745647 -0.005546 -4.672984 -9999.0 -0.595418 -0.796135 -1.258267 3.647375 7.528130 12.590971 -0.001462 -0.859941 -0.235855 -0.013326 -9999.0 -9999.0 -9999.0 -9999.0 -9999.0 -9999.0 -9999.0
-9999.0 -9999.0 -9999.0 -9999.0 -9999.0 -9999.0 -9999.0 -9999.0 -9999.0 -9999.0 -9999.0 -9999.0 -0.678087 -1.677903 -1.385714 -1.432588 -1.352012 -0.092473 13.940031 10.061089 -0.063058 -0.025791 -0.032063 -0.062867 -1.814989 -0.054339 5.945608 -1.643957 -2.031620 -1.738090 -1.054813 -0.425107 -0.006648 -2.023834 -5.362417 3.815036 -0.073788 2.197196 21.366597 18.280305 19.988562 22.903884 -0.055369 -0.002996 9.392016 -2.694958 -2.014440 -0.423150 -1.027198 -0.052305 0.246129 -0.023152 -0.035801 -0.014481 -0.029048 -0.036141 -0.012145 -9999.0 -9999.0 -9999.0 -9999.0 -9999.0 -9999.0
-9999.0 -9999.0 -9999.0 -9999.0 -9999.0 -9999.0 -9999.0 -9999.0 -9999.0 -9999.0 -9999.0 -1.236623 -1.139230 -0.969607 -0.362352 -0.314223 -0.054104 -0.109117 14.056933 1.687156 -0.059627 -0.063161 -0.059694 -0.031381 -0.053773 -0.032551 -0.421882 -0.117006 -1.574165 -0.066445 -0.054139 -0.055299 -0.002755 -3.672594 -6.561766 -0.004335 -0.004099 -0.049224 -0.026146 26.834066 2.545133 4.181091 -0.019877 2.494924 7.153851 -3.741583 -0.855930 12.662657 12.351889 -0.000517 -0.030475 -0.058342 -0.044962 -0.061941 -0.049918 -0.351086 -0.013745 -9999.0 -9999.0 -9999.0 -9999.0 -9999.0 -9999.0
-9999.0 -9999.0 -9999.0 -9999.0 -9999.0 -9999.0 -9999.0 -9999.0 -9999.0 -9999.0 -0.825437 -0.437470 -0.953014 -1.131825 -0.002689 -0.050660 -0.454931 -0.239869 -0.007940 2.774151 10.369979 3.774956 -0.055862 15.459470 -0.015074 -0.068535 -2.589596 -1.935569 7.759915 9.235675 -0.032835 -0.396312 -2.135187 -4.489711 -5.486020 -1.853730 6.629894 -0.128482 -0.456861 2.705961 5.020112 2.624350 12.063134 -0.060398 -0.064071 8.141250 -0.819583 -0.049846 -0.032584 0.016681 -1.926190 -0.049463 -0.061390 -0.073976 -0.052163 -0.013154 -0.013242 -9999.0 -9999.0 -9999.0 -9999.0 -9999.0 -9999.0
-9999.0 -9999.0 -9999.0 -9999.0 -9999.0 -9999.0 -9999.0 -9999.0 -9999.0 -0.067575 -0.277238 -0.803063 -0.060566 -0.499927 -0.054899 -1.081295 -0.468714 15.230275 2.402134 4.394402 11.524140 -0.015796 -0.020330 4.837745 -0.002425 -1.218961 -0.037584 10.692071 -0.032370 -0.013087 0.061481 -1.427885 -1.961729 -3.027785 -2.711335 -2.348923 -1.247610 -0.146610 -0.815953 -0.057244 -0.126480 -0.810743 -0.054856 -0.007033 -0.061969 -0.036560 12.668284 -0.017506 -0.007133 0.012929 -0.066615 -0.017232 -0.167446 -0.028748 -0.016854 -0.016984 -0.175892 -0.146185 -0.010618 -9999.0 -9999.0 -9999.0 -9999.0
-9999.0 -9999.0 -9999.0 -9999.0 -9999.0 -9999.0 -9999.0 -9999.0 -9999.0 -0.567992 -0.057266 -0.443530 14.521308 -0.030293 -0.007812 -0.378351 8.701516 3.772708 3.809162 19.853521 16.740379 18.113307 6.393371 3.685835 -0.982126 -0.017516 0.010949 3.128285 5.444218 -0.001066 0.024638 -1.606115 -2.923497 -3.887521 2.941649 17.686366 17.200825 12.658904 -1.927766 -0.016015 -1.751874 -1.501286 -0.020551 -0.033365 -0.002717 5.855935 6.064423 3.664053 3.600026 0.055034 -0.682932 -1.569529 -0.025670 -0.032905 -0.034338 -0.007300 -0.014684 -0.025716 10.445975 -9999.0 -9999.0 -9999.0 -9999.0
-9999.0 -9999.0 -9999.0 -9999.0 -9999.0 -9999.0 -9999.0 -9999.0 -9999.0 -9999.0 -0.057134 -0.589230 -0.301083 -0.056841 0.670734 -0.000965 1.137457 5.507547 4.949698 8.262116 11.062736 0.109456 -0.036198 -0.059037 -0.015689 2.745447 5.332333 4.934341 0.033631 -1.830568 -0.684711 -0.532743 -0.681757 -0.902944 3.509449 7.504373 13.865514 -0.004799 -1.637612 -2.544169 -3.703250 12.398793 4.346252 -0.804869 -0.387170 -0.097891 -0.057807 7.583021 7.189905 0.024318 -0.415004 -0.040305 -0.014477 -0.021054 -0.043677 -0.029923 -0.012300 5.030747 5.333772 6.872489 -9999.0 -9999.0 -9999.0
-9999.0 -9999.0 -9999.0 -9999.0 -9999.0 -9999.0 -9999.0 -9999.0 -9999.0 -9999.0 -0.134563 -0.293513 -0.252711 -0.050998 14.955488 -0.013865 -0.027348 3.602332 7.358926 9.346698 5.236619 0.004188 -0.033989 -0.013989 2.053533 6.194247 5.670467 -0.060097 -0.740448 -0.186278 -0.093446 -0.772082 -1.284524 -0.107230 -0.540037 -0.820619 -0.033477 -0.062907 -0.558487 -0.749577 -1.278826 -0.896020 -2.003506 -0.137147 -0.293768 -0.754133 -0.603825 -0.059443 -0.008037 7.155306 1.708590 -0.037897 -0.499584 -0.013465 -0.019232 -0.013407 -0.039455 -0.072681 5.917392 8.286075 -9999.0 -9999.0 -9999.0
-9999.0 -9999.0 -9999.0 -9999.0 -9999.0 -9999.0 -9999.0 -9999.0 5.045424 -0.002502 -0.741617 -0.283416 -0.647099 -0.624270 -0.104174 2.965467 4.800388 20.592398 13.819848 12.140813 8.704795 6.112126 3.560617 -0.012204 5.732654 4.693982 8.151599 -0.371408 -0.592161 -2.440385 -0.939306 -0.233407 -1.148036 -0.065863 -0.829482 -1.790151 -0.983995 -0.041932 -1.746261 -3.094830 -0.456976 -0.395689 -0.052530 -0.585829 -0.849975 -0.577881 -0.040340 -0.452654 -0.055887 6.126490 3.183261 -0.057732 -0.216199 -0.021235 -0.285542 11.237409 5.297147 15.910525 8.101376 8.054217 -9999.0 -9999.0 -9999.0
-9999.0 -9999.0 -9999.0 -9999.0 -9999.0 -9999.0 -9999.0 -9999.0 -0.502447 -0.036424 -0.354589 -0.062662 -0.044386 -0.231381 -0.187631 -0.050790 1.764999 2.868233 7.769716 13.596938 28.031373 24.098151 19.872932 17.775981 5.618379 4.769092 -0.040381 -0.039173 -1.998117 -1.668315 -0.961285 -0.996212 -1.364106 -0.984648 -1.114088 -0.850400 11.353410 -0.012470 -0.085253 -1.602233 -0.058956 -1.848228 -0.049304 -0.951668 10.572766 -0.670525 -0.032613 -0.031350 -0.130221 -0.003943 6.844663 0.045303 -0.130390 -0.782145 15.207696 6.876617 3.716255 7.246124 10.249657 12.330048 14.147930 -9999.0 -9999.0
-9999.0 -9999.0 -9999.0 -9999.0 -9999.0 -9999.0 -9999.0 -9999.0 -0.040999 3.813255 5.499828 -0.749159 4.665004 -0.231068 0.914767 -0.032167 1.139984 9.112318 9.625060 24.963119 14.102223 23.967725 24.301773 13.339452 17.067130 -0.011967 -0.060364 -0.210403 -0.615609 -0.000800 8.537548 10.394956 -0.407635 -0.276037 -0.843775 12.151841 -0.387380 -0.002294 -0.468422 -1.334520 -0.032174 -0.030521 -0.306954 -0.053329 -0.033717 -0.034557 -1.198366 -0.393639 -0.025122 -0.033248 5.876307 6.123109 -0.054685 -0.050380 7.617648 8.095345 9.673301 10.567071 11.585898 10.903484 11.331699 -9999.0 -9999.0
-9999.0 -9999.0 -9999.0 -9999.0 -9999.0 -9999.0 -9999.0 -9999.0 -0.054106 -0.753910 -0.007767 -0.234099 11.130798 0.107368 -0.008677 3.447801 7.649299 7.358670 8.486543 7.687231 11.432821 12.955022 22.109053 19.985312 4.274692 0.010018 -0.036399 -0.061502 14.667129 -0.031462 -0.036731 -0.033854 -0.004470 -0.002726 -0.239798 12.992498 15.300306 0.020880 -0.068161 -0.250784 -1.551846 -1.154782 -0.826910 12.634969 -1.051119 -1.086481 4.090706 13.886300 14.721759 3.099131 2.074718 8.399217 8.517163 6.675435 10.381535 10.875944 11.605668 8.866071 9.825266 11.020309 7.746043 5.238271 -9999.0
-9999.0 -9999.0 -9999.0 -9999.0 -9999.0 -9999.0 -9999.0 -9999.0 -0.591669 -0.732297 -0.011231 -0.051537 -0.046688 -0.008835 16.795236 8.854187 7.295203 -0.007092 -0.057186 3.473384 6.732805 11.758739 11.870518 10.256804 14.463899 0.006093 -0.049548 2.797236 4.858054 0.019296 -0.070472 -0.001950 5.566377 0.011335 -0.004927 -0.002976 3.686207 3.526227 0.045181 0.015850 -0.006627 -0.006663 -0.002558 -0.006242 -0.053821 10.666660 -0.018471 0.312459 3.868088 7.939066 10.489781 8.537153 8.964814 12.321384 11.842442 10.625521 11.715265 11.359234 9.544283 8.548931 6.254453 4.554660 -9999.0
-9999.0 -9999.0 -0.770833 -0.770837 -0.874125 -0.226615 -0.050725 -0.251684 -0.879986 -0.520944 -0.032619 -0.005401 -0.004739 8.199187 18.832419 3.996223 -0.039276 -0.855720 -0.369752 -0.054862 3.989375 5.960753 9.632271 8.669147 8.312000 4.162302 0.010255 0.011301 -0.007628 11.359669 -0.032287 -0.056218 13.018310 -0.035555 4.969017 0.038721 8.156924 5.565187 3.133701 -0.037981 5.422480 5.800050 -0.005901 2.420971 -0.057016 -0.000947 5.361353 -0.010317 8.640206 9.999063 11.756709 10.729627 11.943398 11.807140 10.901360 20.269307 8.641670 7.955828 7.373842 5.912454 8.964757 3.143012 -9999.0
-9999.0 -0.005555 -0.034109 -0.035726 -0.007621 -0.028544 -0.359752 -0.760312 -0.459028 -0.084455 -0.292146 -0.047168 5.173027 15.495158 10.711748 -0.036248 -0.225044 -1.024790 0.003807 0.467590 5.551939 5.876666 14.265502 7.561174 20.449359 11.989696 20.517787 20.420432 7.530975 5.961684 8.155368 7.336991 6.739816 15.524448 8.465829 9.662747 11.084094 8.265400 9.249065 8.433582 9.849841 8.942651 7.927638 0.004174 2.498963 4.017380 7.889149 6.687893 10.711794 7.595527 10.121910 9.862353 8.316942 8.492809 8.090582 6.673852 5.298470 4.829959 4.305253 6.721766 -0.009219 2.506755 -9999.0
-9999.0 0.959933 -0.004010 -0.001115 13.064071 -0.003377 -0.059669 -0.311399 -0.850712 6.027488 -0.031934 -0.010173 5.600145 11.845399 -0.005183 -0.264397 -0.580957 -0.118104 1.762479 -0.011571 8.801350 5.139969 6.887621 8.704585 21.382141 25.788850 11.142358 13.961187 9.972939 7.348179 10.203974 8.681085 8.086295 7.891812 16.015623 10.810876 23.308519 25.893032 11.774339 12.811714 11.249970 10.044811 9.633113 7.780486 10.970496 10.218154 11.756919 11.698564 9.474338 9.710181 6.590534 5.078285 5.045519 6.756483 5.819863 -0.001571 0.064430 -0.021993 -0.034103 -0.098941 -0.150037 -9999.0 -9999.0
