user2019/resources/simulation/Vinschgau/output-maps/TsL0002N0754.asc
ncols         63
nrows         48
xllcorner     598000.000000
yllcorner     5145000.000000
cellsize      1000.000000
NODATA_value  -9999.0
[rows 0 to 27 of 48, columns 0 to 62 of 63]
-9999.0 -9999.0 -9999.0 -9999.0 -9999.0 -9999.0 -9999.0 -9999.0 -9999.0 -9999.0 -9999.0 -9999.0 -9999.0 -9999.0 -9999.0 -9999.0 -9999.0 -9999.0 -9999.0 -9999.0 -9999.0 -9999.0 -9999.0 -9999.0 -9999.0 -9999.0 -9999.0 -9999.0 -9999.0 -9999.0 -9999.0 -9999.0 -9999.0 -9999.0 -9999.0 -9999.0 -9999.0 -9999.0 -9999.0 -9999.0 -9999.0 -9999.0 -9999.0 -9999.0 -9999.0 -9999.0 -9999.0 -9999.0 -9999.0 -9999.0 -9999.0 -9999.0 -9999.0 -9999.0 -9999.0 -9999.0 -9999.0 -9999.0 -9999.0 -9999.0 -9999.0 -9999.0 -9999.0
-9999.0 -9999.0 -9999.0 -9999.0 -9999.0 -9999.0 -9999.0 -9999.0 -9999.0 -9999.0 -9999.0 -9999.0 -9999.0 -9999.0 -9999.0 -9999.0 -9999.0 -9999.0 -9999.0 -9999.0 -9999.0 -9999.0 -9999.0 -9999.0 -9999.0 -9999.0 -9999.0 -0.224781 -0.060255 -0.709110 -0.713089 -0.309344 -0.653998 -9999.0 -9999.0 -9999.0 -9999.0 -9999.0 -9999.0 -9999.0 -9999.0 -9999.0 -9999.0 -9999.0 -9999.0 -9999.0 -9999.0 -9999.0 -9999.0 -9999.0 -9999.0 -9999.0 -9999.0 -9999.0 -9999.0 -9999.0 -9999.0 -9999.0 -9999.0 -9999.0 -9999.0 -9999.0 -9999.0
-9999.0 -9999.0 -9999.0 -9999.0 -9999.0 -9999.0 -9999.0 -9999.0 -9999.0 -9999.0 -9999.0 -9999.0 -9999.0 -9999.0 -9999.0 -9999.0 -9999.0 -9999.0 -9999.0 -9999.0 -9999.0 -9999.0 -9999.0 -9999.0 -0.039657 -0.039370 -0.038795 -0.039629 -0.074534 -0.074327 -0.149358 -9999.0 -9999.0 -9999.0 -9999.0 -9999.0 -9999.0 -9999.0 -9999.0 -9999.0 -9999.0 -9999.0 -9999.0 -9999.0 -9999.0 -9999.0 -9999.0 -9999.0 -9999.0 -9999.0 -9999.0 -9999.0 -9999.0 -9999.0 -9999.0 -9999.0 -9999.0 -9999.0 -9999.0 -9999.0 -9999.0 -9999.0 -9999.0
-9999.0 -9999.0 -9999.0 -9999.0 -9999.0 -9999.0 -9999.0 -9999.0 -9999.0 -9999.0 -9999.0 -9999.0 -9999.0 -9999.0 -9999.0 -9999.0 -9999.0 -9999.0 -9999.0 -9999.0 -9999.0 -9999.0 -9999.0 -0.039176 -0.029980 1.603076 1.752142 1.973874 -0.015661 -0.039336 -0.065924 -0.173826 -9999.0 -9999.0 -9999.0 -9999.0 -9999.0 -9999.0 -9999.0 -9999.0 -9999.0 -9999.0 -9999.0 -9999.0 -9999.0 -9999.0 -9999.0 -9999.0 -9999.0 -9999.0 -9999.0 -9999.0 -9999.0 -9999.0 -9999.0 -9999.0 -9999.0 -9999.0 -9999.0 -9999.0 -9999.0 -9999.0 -9999.0
-9999.0 -9999.0 -9999.0 -9999.0 -9999.0 -9999.0 -9999.0 -9999.0 -9999.0 -9999.0 -9999.0 -9999.0 -9999.0 -9999.0 -9999.0 -9999.0 -9999.0 -9999.0 3.365956 -0.030329 -9999.0 -0.038638 -0.030011 1.212102 1.362863 2.534725 2.271519 1.977108 1.546111 -0.003079 -0.039647 -0.117690 -0.737055 -0.771602 -9999.0 -9999.0 -9999.0 -9999.0 -9999.0 -9999.0 -9999.0 -9999.0 -9999.0 -9999.0 -9999.0 -9999.0 -9999.0 -9999.0 -9999.0 -9999.0 -9999.0 -9999.0 -9999.0 -9999.0 -9999.0 -9999.0 -9999.0 -9999.0 -9999.0 -9999.0 -9999.0 -9999.0 -9999.0
-9999.0 -9999.0 -9999.0 -9999.0 -9999.0 -9999.0 -9999.0 -9999.0 -9999.0 -9999.0 -9999.0 -9999.0 -9999.0 -9999.0 -9999.0 -9999.0 -9999.0 4.500499 2.533628 2.382794 -0.008729 -0.011303 -0.003176 0.009386 3.073993 -0.002559 -0.043479 -0.267211 -0.037003 0.014900 -0.042583 -0.076770 -0.373117 -1.106948 -2.017478 -2.477302 -9999.0 -9999.0 -9999.0 -9999.0 -9999.0 -9999.0 -9999.0 -9999.0 -9999.0 -9999.0 -9999.0 -9999.0 -9999.0 -9999.0 -9999.0 -9999.0 -9999.0 -9999.0 -9999.0 -9999.0 -9999.0 -9999.0 -9999.0 -9999.0 -9999.0 -9999.0 -9999.0
-9999.0 -9999.0 -9999.0 -9999.0 -9999.0 -9999.0 -9999.0 -9999.0 -9999.0 -9999.0 -9999.0 -9999.0 -9999.0 -0.020955 0.834839 2.373176 4.238760 8.795927 4.076472 1.793041 1.404054 1.262539 1.530769 3.006765 -0.005084 -0.030878 -0.696710 -1.951680 -0.040458 -0.024014 -0.197031 -0.071870 -0.358942 -0.681147 -1.716287 -1.499804 -9999.0 -9999.0 -9999.0 -9999.0 -9999.0 -9999.0 -9999.0 -9999.0 -9999.0 -9999.0 -9999.0 -9999.0 -9999.0 -9999.0 -9999.0 -9999.0 -9999.0 -9999.0 -9999.0 -9999.0 -9999.0 -9999.0 -9999.0 -9999.0 -9999.0 -9999.0 -9999.0
-9999.0 -9999.0 -9999.0 -9999.0 -9999.0 -9999.0 -9999.0 -9999.0 -9999.0 -9999.0 -9999.0 -9999.0 -9999.0 -0.003489 2.500449 3.070382 3.358625 7.143716 8.912641 3.386282 2.870860 3.302832 1.341102 0.014027 -0.017076 -0.030436 -0.041541 -1.005304 -0.511442 -0.322206 -1.244559 -0.144749 -2.015164 -5.676578 -2.527670 -9999.0 -9999.0 -9999.0 -9999.0 -9999.0 -9999.0 -9999.0 -9999.0 -9999.0 -9999.0 -9999.0 -9999.0 -9999.0 -9999.0 -9999.0 -9999.0 -9999.0 -9999.0 -9999.0 -9999.0 -9999.0 -9999.0 -9999.0 -9999.0 -9999.0 -9999.0 -9999.0 -9999.0
-9999.0 -9999.0 -9999.0 -9999.0 -9999.0 -9999.0 -9999.0 -9999.0 -9999.0 -9999.0 -9999.0 -9999.0 -9999.0 2.213961 3.812467 3.367137 2.702694 3.527363 9.379911 3.883508 4.673992 0.896148 -0.017438 -0.026447 0.017313 -0.025388 -0.263959 -0.696737 -0.166591 -4.906687 -1.457488 -5.218001 -5.493101 -5.037006 -3.241322 -9999.0 -9999.0 -9999.0 -9999.0 -9999.0 -9999.0 -9999.0 -9999.0 -9999.0 -9999.0 -9999.0 -9999.0 -9999.0 -9999.0 -9999.0 -9999.0 -9999.0 -9999.0 -9999.0 -9999.0 -9999.0 -9999.0 -9999.0 -9999.0 -9999.0 -9999.0 -9999.0 -9999.0
-9999.0 -9999.0 -9999.0 -9999.0 -9999.0 -9999.0 -9999.0 -9999.0 -9999.0 -9999.0 -9999.0 -9999.0 0.522980 3.209074 2.689595 1.033718 0.971911 2.940977 8.142020 3.699646 1.470576 -0.024082 -0.032455 -0.035717 -0.219065 -0.060778 -1.059721 -0.111150 -0.300144 -2.154849 -4.220447 -0.729010 -1.265227 -1.507490 -9999.0 -9999.0 -9999.0 -9999.0 -9999.0 -9999.0 -9999.0 -9999.0 -9999.0 -9999.0 -9999.0 -9999.0 -9999.0 -9999.0 -9999.0 -9999.0 -9999.0 -9999.0 -9999.0 -9999.0 -9999.0 -9999.0 -9999.0 -9999.0 -9999.0 -9999.0 -9999.0 -9999.0 -9999.0
-9999.0 -9999.0 -9999.0 -9999.0 -9999.0 -9999.0 -9999.0 -9999.0 -9999.0 -9999.0 -9999.0 -0.039687 0.427528 1.932188 1.728262 -0.001840 2.344248 2.826046 7.921607 2.885104 1.287099 1.022546 -0.038217 -0.056897 -0.231078 -0.250258 -3.369167 -0.119513 -0.090750 -1.651664 -0.802527 -0.223850 -1.593800 -1.023451 -2.095222 -1.346317 -0.148163 -0.113126 -0.101253 -9999.0 -9999.0 -9999.0 -0.747178 -9999.0 -9999.0 -9999.0 -9999.0 -9999.0 -9999.0 -9999.0 -9999.0 -9999.0 -9999.0 -9999.0 -9999.0 -9999.0 -9999.0 -9999.0 -9999.0 -9999.0 -9999.0 -9999.0 -9999.0
-9999.0 -9999.0 -9999.0 -9999.0 -9999.0 -9999.0 -9999.0 -9999.0 -9999.0 -9999.0 -9999.0 -0.041212 1.625371 1.970657 2.744787 -0.028506 4.018212 3.421503 8.223625 5.293447 4.883237 -0.002883 -0.038299 -0.238222 -1.170275 -0.101286 -0.062418 -0.129040 -0.782730 -1.291172 -0.495038 -0.074083 -0.141815 -2.047823 -0.215841 -0.524263 -0.038901 -0.017925 -0.050270 -0.869900 -0.730495 -0.883118 -0.612271 -0.748076 -9999.0 -9999.0 -9999.0 -0.260439 -0.488199 -2.284099 -0.225941 -1.595832 -1.665645 -0.323084 -0.338455 -1.753741 -9999.0 -9999.0 -9999.0 -9999.0 -9999.0 -9999.0 -9999.0
-9999.0 -9999.0 -9999.0 -9999.0 -9999.0 -9999.0 -9999.0 -9999.0 -9999.0 -9999.0 -9999.0 -0.041212 -0.029389 -0.037030 -0.002103 -0.003711 0.678532 2.468668 5.676906 5.612553 1.537821 -0.021283 -0.058143 -0.058170 -0.118323 -0.203183 -0.097874 -1.427793 -0.321862 -0.223751 -0.493619 -2.467994 -0.081035 -0.208361 -0.730140 -0.076132 -0.818183 -1.099259 0.826143 -0.277657 -0.060358 -0.250215 -0.175513 -0.060297 -0.219870 -9999.0 -1.271181 -2.079714 -0.659992 -0.261082 -0.227847 -0.565597 -0.506941 -0.140999 -1.341641 -0.220928 -9999.0 -9999.0 -9999.0 -9999.0 -9999.0 -9999.0 -9999.0
-9999.0 -9999.0 -9999.0 -9999.0 -9999.0 -9999.0 -9999.0 -9999.0 -9999.0 -9999.0 -9999.0 -9999.0 -0.040210 -0.083704 -0.005870 -0.004879 -0.000339 1.949522 6.291646 5.401978 1.269575 -0.047942 -0.127279 -0.886051 -0.379737 -0.063478 -0.033292 -0.104891 -0.172672 -0.633829 -0.062956 -1.118942 -0.095677 -0.154424 -0.271957 -0.116850 -0.064829 -0.039752 4.898757 -0.018143 -0.016883 -0.088997 -1.617812 -0.038685 -0.448566 -0.215592 -1.076603 -0.193578 -3.166549 -0.902371 -0.027835 -1.096702 -1.108410 -1.390575 -2.487551 -0.911120 -0.189054 -9999.0 -9999.0 -9999.0 -9999.0 -9999.0 -9999.0
-9999.0 -9999.0 -9999.0 -9999.0 -9999.0 -9999.0 -9999.0 -9999.0 -9999.0 -9999.0 -9999.0 -0.070446 -0.039083 -0.036266 -0.071719 -0.066361 -0.009403 1.171599 6.283077 3.250966 1.446404 -0.040679 -0.102452 -0.064509 -0.060455 -0.221904 -0.902614 -0.157224 -0.066683 -0.182401 -0.105714 -0.743772 -0.044672 -0.150810 -0.450187 -0.687665 -0.121618 -0.055466 0.047027 1.788261 -0.062989 -0.029374 -0.090616 -0.114348 -0.030244 -0.066223 -0.307083 -0.671722 -0.152563 -0.025578 -2.208321 -0.147037 -2.905362 -4.188504 -4.160455 -4.010006 -2.066056 -9999.0 -9999.0 -9999.0 -9999.0 -9999.0 -9999.0
-9999.0 -9999.0 -9999.0 -9999.0 -9999.0 -9999.0 -9999.0 -9999.0 -9999.0 -9999.0 -0.040502 -0.667865 -0.038339 -0.030853 -0.014972 -0.027069 -0.042815 -0.002712 2.752650 2.920186 3.721349 1.625593 -0.068005 -0.021152 -0.023413 -0.185304 -0.194580 -2.864202 -0.055237 -0.038514 -0.199168 -0.559141 -0.074035 -0.282193 -1.780016 -0.426707 -0.040009 -0.988986 -0.401976 -0.002143 -0.001588 1.237483 4.360444 -0.020758 -0.035964 -0.174191 -0.087155 -1.366461 -0.187640 -0.024296 -3.011648 -1.446054 -4.668845 -4.557674 -5.834231 -0.824726 -0.805143 -9999.0 -9999.0 -9999.0 -9999.0 -9999.0 -9999.0
-9999.0 -9999.0 -9999.0 -9999.0 -9999.0 -9999.0 -9999.0 -9999.0 -9999.0 -0.112953 -0.069188 -0.609900 -0.149601 -0.041377 -0.175253 -0.164895 -0.035986 0.050806 2.371120 3.352162 4.229858 0.008736 0.000402 0.022535 -0.001480 -0.563003 -0.389005 -0.038515 -0.045956 -0.037982 -0.006003 -1.434859 -0.456187 -5.252057 -0.744631 -0.425116 -0.182424 -1.188532 -0.128462 -0.541004 -0.721267 -0.054395 -0.062319 1.117822 0.570795 -0.025213 -0.003911 -0.041835 -0.041435 0.029508 -2.698803 -2.242553 -4.713209 -2.570715 -1.816909 -3.803032 -2.309066 -0.655793 -1.551484 -9999.0 -9999.0 -9999.0 -9999.0
-9999.0 -9999.0 -9999.0 -9999.0 -9999.0 -9999.0 -9999.0 -9999.0 -9999.0 -0.715931 -0.386240 -0.067603 0.054497 -0.022135 -0.036646 -0.040913 -0.013119 0.019407 2.882818 5.556001 5.057018 4.440847 2.894646 -0.000437 -0.215154 -0.068694 -0.039605 -0.023249 0.002232 -0.001437 -0.044710 -3.318425 -0.421330 -0.197403 -0.631746 -0.343820 -0.232126 -0.142206 -0.060282 -0.066099 -1.011412 -0.082803 -0.038297 0.006520 1.759681 1.897278 1.472002 -0.002053 -0.022387 -0.003567 -2.564887 -3.659226 -2.709649 -2.052469 -2.390013 -3.496408 -2.999765 -1.287068 -0.216776 -9999.0 -9999.0 -9999.0 -9999.0
-9999.0 -9999.0 -9999.0 -9999.0 -9999.0 -9999.0 -9999.0 -9999.0 -9999.0 -9999.0 -0.128433 -0.067525 -0.197120 -0.129275 -0.003641 -0.029961 -0.016308 1.531866 3.526097 4.287607 4.679962 1.445697 -0.006511 -0.046186 -0.061062 -0.024683 -0.004708 0.590092 -0.043723 -0.645112 -1.540359 -0.955041 -2.429050 -0.163645 -0.080714 -0.044249 -0.030531 -0.038197 -0.255105 -0.143598 -0.142412 -0.038166 -0.022042 -0.034991 -0.020755 -0.011131 0.581452 3.291212 2.376019 -0.005598 -1.685246 -3.108725 -1.955519 -2.678603 -1.842245 -2.267653 -0.086512 -0.168552 -0.125741 -0.024310 -9999.0 -9999.0 -9999.0
-9999.0 -9999.0 -9999.0 -9999.0 -9999.0 -9999.0 -9999.0 -9999.0 -9999.0 -9999.0 -0.709613 -0.101317 -0.038620 -0.136407 2.928665 0.000757 -0.003002 1.822800 4.066307 4.990682 2.833184 0.613950 -0.022502 -0.036309 -0.024776 0.035483 1.586801 -0.269870 -0.466403 -2.159794 -0.129636 -0.073963 -3.289595 -0.206803 -0.110047 -0.065226 -0.147373 -0.232071 -1.630803 -0.162941 -0.372444 -0.140965 -0.887101 -0.045592 -0.037723 -0.081115 -0.032978 -0.020187 1.181542 2.116594 -0.073737 -2.617405 -3.191521 -2.859921 -3.166290 -2.438676 -0.253690 -0.057921 0.944644 1.986783 -9999.0 -9999.0 -9999.0
-9999.0 -9999.0 -9999.0 -9999.0 -9999.0 -9999.0 -9999.0 -9999.0 -0.058219 -0.063774 -0.165969 -0.078678 -0.903408 -0.806309 -1.118935 1.294097 1.935468 5.240852 5.054583 5.415036 4.666805 2.921387 1.996207 0.008666 0.016361 1.660827 2.286210 -0.244955 -1.189434 -3.727273 -4.365285 -0.523327 -0.126116 -0.178024 -0.317761 -0.058973 -0.029234 -0.126759 -2.025654 -0.435396 -0.767522 -0.070989 -2.248578 -0.324839 -0.087752 -0.040621 -1.795159 -0.051720 -0.019354 2.600717 -0.042503 -2.015478 -2.438111 -4.190559 -2.133606 -0.169217 -0.422798 -0.025152 -0.000514 2.795635 -9999.0 -9999.0 -9999.0
-9999.0 -9999.0 -9999.0 -9999.0 -9999.0 -9999.0 -9999.0 -9999.0 -2.009148 -1.076298 -1.785107 -0.162127 -0.059088 -0.636109 -0.170933 -0.002580 0.977886 1.502516 4.332649 5.853875 8.584210 7.136846 6.140748 4.961594 2.333468 2.303436 0.005295 -0.257158 -2.416544 -0.156566 -0.191421 -0.228570 -0.292976 -0.209939 -0.079886 -0.054618 -0.021550 -0.042120 -0.048953 -0.055923 -0.130920 -3.100751 -0.209692 -0.054470 -0.041364 -0.977598 -2.514313 -0.056160 -0.046377 1.093849 1.998172 -0.247318 -3.954351 -0.207211 -0.059527 -1.870050 -0.046368 -0.031126 2.601926 5.241222 6.232190 -9999.0 -9999.0
-9999.0 -9999.0 -9999.0 -9999.0 -9999.0 -9999.0 -9999.0 -9999.0 -0.125813 -0.065491 -0.061438 -2.306787 -0.078204 -1.950683 -0.055081 -0.135591 -0.003504 1.972759 4.640812 8.645813 6.244982 7.873035 7.236879 4.925422 5.655256 2.072015 0.010789 -0.459809 -2.729591 -0.119087 -0.178525 -0.063008 -1.416417 -0.788782 -0.067978 -0.022107 -0.087893 1.495191 -0.030807 -1.417953 -0.199956 -0.170079 -0.056378 -0.069404 -0.129138 -0.057331 -0.381169 -0.063367 -0.323379 -0.008251 2.147499 -0.042334 -2.081584 -2.865174 -0.054299 -0.088805 0.014077 2.211954 4.037663 4.883147 5.708187 -9999.0 -9999.0
-9999.0 -9999.0 -9999.0 -9999.0 -9999.0 -9999.0 -9999.0 -9999.0 -1.148123 -0.054318 -0.786264 -2.690332 -0.081968 -1.170879 -0.211961 0.001271 2.885117 4.359024 5.425439 5.184189 5.751896 6.199412 7.728482 7.532317 2.971858 0.623120 -0.029002 -0.832312 -0.031405 -0.734960 -0.054542 -0.636450 -0.099036 -0.049927 -0.066083 -0.021204 1.136145 2.730364 -0.002262 -0.037709 -0.039021 -0.038312 -0.050490 -0.088957 -0.040760 -0.170801 -0.054969 -0.133508 -0.040530 -0.044474 -0.010694 1.787748 -0.015679 -0.026977 0.034542 1.602330 2.965224 3.426243 4.644077 5.503384 4.423214 2.005298 -9999.0
-9999.0 -9999.0 -9999.0 -9999.0 -9999.0 -9999.0 -9999.0 -9999.0 -0.086344 -0.057472 -0.690274 -0.849867 -1.728310 -0.887276 0.040744 1.877690 3.961118 1.674461 0.019532 1.839668 4.102494 5.717669 5.953107 5.721634 4.543095 0.001382 -0.212457 -0.024956 -0.002048 -0.048026 -0.049315 -0.047194 1.377707 0.019792 -0.001250 0.829275 2.217173 4.361650 3.685028 1.910035 0.010337 -0.001839 -0.026854 -0.012020 -0.056507 -0.029966 -0.036743 -0.116419 -0.037448 -0.006027 1.542596 1.327359 1.553283 1.944827 2.470787 2.950172 3.820290 4.467873 4.401645 4.210612 2.860340 1.326327 -9999.0
-9999.0 -9999.0 -0.058428 -0.055021 -1.235283 -0.076201 -1.085453 -2.213736 -0.067696 -0.061260 -1.018112 -0.504858 -0.791796 -0.002127 3.301117 1.985133 -0.022586 -0.272566 -0.040592 0.000480 1.792508 4.194938 4.975597 5.885808 4.071354 1.288104 -0.003536 0.004816 1.476877 1.594664 -0.004077 0.010278 4.098825 1.994915 3.299935 3.330420 5.445584 6.306921 5.181812 3.170143 3.314873 3.303696 2.003847 2.147395 -0.001402 -0.001463 1.246206 0.958131 2.259894 3.210499 3.970187 4.233711 3.530560 3.133362 3.041476 5.913178 3.144177 3.285850 2.452893 2.363481 2.954162 0.673635 -9999.0
-9999.0 -0.041233 -0.071829 -0.086849 -0.071022 -0.890115 -1.090842 -1.241525 -1.802815 -0.163223 -0.385754 -0.266873 -0.044626 2.361740 2.506282 -0.086048 -0.120525 -0.134935 -0.066756 -0.002567 1.701825 2.822318 4.834968 3.649163 6.640900 3.841064 4.904582 4.934549 3.591178 2.835795 2.749869 2.249045 2.950402 5.934632 5.804226 7.238877 8.471161 9.139539 8.520935 7.368455 6.529023 6.177997 4.838270 3.165628 2.247659 2.810778 4.092079 4.285230 5.234872 3.896235 4.586356 3.960886 2.904992 2.320534 2.267496 1.652461 0.479183 1.014868 0.968755 0.026295 -0.007995 0.496350 -9999.0
-9999.0 -0.041030 -0.150224 -0.150043 -0.002923 -0.218172 -1.144235 -0.759008 -0.073160 -0.179589 -0.464496 -0.462142 -0.081953 2.613419 -0.059432 -1.227176 -1.774539 -0.251870 -0.593981 -0.382601 0.696128 0.883405 1.387844 1.925639 6.303749 7.762248 5.265547 5.870888 5.261671 4.876737 5.766400 5.279269 4.801771 5.639431 8.090265 8.863040 13.329516 14.765075 10.752301 10.247637 9.355330 8.394247 6.908147 6.965527 7.562170 6.712984 6.690399 6.307492 5.755477 5.205455 3.553472 1.396737 0.796570 1.049662 0.644115 -0.035811 -0.292569 -0.039004 -0.032697 -0.051098 -0.030690 -9999.0 -9999.0
