user2019/resources/simulation/Vinschgau/output-maps/TsL0002N0644.asc
ncols         63
nrows         48
xllcorner     598000.000000
yllcorner     5145000.000000
cellsize      1000.000000
NODATA_value  -9999.0
[rows 0 to 27 of 48, columns 0 to 61 of 63]
-9999.0 -9999.0 -9999.0 -9999.0 -9999.0 -9999.0 -9999.0 -9999.0 -9999.0 -9999.0 -9999.0 -9999.0 -9999.0 -9999.0 -9999.0 -9999.0 -9999.0 -9999.0 -9999.0 -9999.0 -9999.0 -9999.0 -9999.0 -9999.0 -9999.0 -9999.0 -9999.0 -9999.0 -9999.0 -9999.0 -9999.0 -9999.0 -9999.0 -9999.0 -9999.0 -9999.0 -9999.0 -9999.0 -9999.0 -9999.0 -9999.0 -9999.0 -9999.0 -9999.0 -9999.0 -9999.0 -9999.0 -9999.0 -9999.0 -9999.0 -9999.0 -9999.0 -9999.0 -9999.0 -9999.0 -9999.0 -9999.0 -9999.0 -9999.0 -9999.0 -9999.0 -9999.0
-9999.0 -9999.0 -9999.0 -9999.0 -9999.0 -9999.0 -9999.0 -9999.0 -9999.0 -9999.0 -9999.0 -9999.0 -9999.0 -9999.0 -9999.0 -9999.0 -9999.0 -9999.0 -9999.0 -9999.0 -9999.0 -9999.0 -9999.0 -9999.0 -9999.0 -9999.0 -9999.0 27.545191 24.739375 27.246785 20.491158 20.354594 18.798733 -9999.0 -9999.0 -9999.0 -9999.0 -9999.0 -9999.0 -9999.0 -9999.0 -9999.0 -9999.0 -9999.0 -9999.0 -9999.0 -9999.0 -9999.0 -9999.0 -9999.0 -9999.0 -9999.0 -9999.0 -9999.0 -9999.0 -9999.0 -9999.0 -9999.0 -9999.0 -9999.0 -9999.0 -9999.0
-9999.0 -9999.0 -9999.0 -9999.0 -9999.0 -9999.0 -9999.0 -9999.0 -9999.0 -9999.0 -9999.0 -9999.0 -9999.0 -9999.0 -9999.0 -9999.0 -9999.0 -9999.0 -9999.0 -9999.0 -9999.0 -9999.0 -9999.0 -9999.0 24.706383 26.116765 26.035014 26.905431 26.160290 21.702917 20.006761 -9999.0 -9999.0 -9999.0 -9999.0 -9999.0 -9999.0 -9999.0 -9999.0 -9999.0 -9999.0 -9999.0 -9999.0 -9999.0 -9999.0 -9999.0 -9999.0 -9999.0 -9999.0 -9999.0 -9999.0 -9999.0 -9999.0 -9999.0 -9999.0 -9999.0 -9999.0 -9999.0 -9999.0 -9999.0 -9999.0 -9999.0
-9999.0 -9999.0 -9999.0 -9999.0 -9999.0 -9999.0 -9999.0 -9999.0 -9999.0 -9999.0 -9999.0 -9999.0 -9999.0 -9999.0 -9999.0 -9999.0 -9999.0 -9999.0 -9999.0 -9999.0 -9999.0 -9999.0 -9999.0 25.752985 27.049422 20.459356 21.394367 21.501888 17.908812 24.418870 23.091845 20.683686 -9999.0 -9999.0 -9999.0 -9999.0 -9999.0 -9999.0 -9999.0 -9999.0 -9999.0 -9999.0 -9999.0 -9999.0 -9999.0 -9999.0 -9999.0 -9999.0 -9999.0 -9999.0 -9999.0 -9999.0 -9999.0 -9999.0 -9999.0 -9999.0 -9999.0 -9999.0 -9999.0 -9999.0 -9999.0 -9999.0
-9999.0 -9999.0 -9999.0 -9999.0 -9999.0 -9999.0 -9999.0 -9999.0 -9999.0 -9999.0 -9999.0 -9999.0 -9999.0 -9999.0 -9999.0 -9999.0 -9999.0 -9999.0 24.020872 24.102575 -9999.0 25.116518 26.186476 20.697186 20.651193 22.605314 22.360576 21.878474 22.483343 19.704383 24.908830 22.465746 25.606384 23.701431 -9999.0 -9999.0 -9999.0 -9999.0 -9999.0 -9999.0 -9999.0 -9999.0 -9999.0 -9999.0 -9999.0 -9999.0 -9999.0 -9999.0 -9999.0 -9999.0 -9999.0 -9999.0 -9999.0 -9999.0 -9999.0 -9999.0 -9999.0 -9999.0 -9999.0 -9999.0 -9999.0 -9999.0
-9999.0 -9999.0 -9999.0 -9999.0 -9999.0 -9999.0 -9999.0 -9999.0 -9999.0 -9999.0 -9999.0 -9999.0 -9999.0 -9999.0 -9999.0 -9999.0 -9999.0 18.433321 16.215625 18.396215 26.797635 16.241618 18.816929 19.756538 28.269200 14.997146 13.429782 14.922758 13.940008 14.848125 24.791541 22.184252 24.375568 22.529178 20.700898 18.623376 -9999.0 -9999.0 -9999.0 -9999.0 -9999.0 -9999.0 -9999.0 -9999.0 -9999.0 -9999.0 -9999.0 -9999.0 -9999.0 -9999.0 -9999.0 -9999.0 -9999.0 -9999.0 -9999.0 -9999.0 -9999.0 -9999.0 -9999.0 -9999.0 -9999.0 -9999.0
-9999.0 -9999.0 -9999.0 -9999.0 -9999.0 -9999.0 -9999.0 -9999.0 -9999.0 -9999.0 -9999.0 -9999.0 -9999.0 22.638733 16.893412 15.746390 17.574285 33.808125 18.102130 17.988280 19.647947 21.391250 22.194239 26.732793 13.892358 18.650871 14.116492 13.889815 14.537396 15.097353 13.698244 17.420855 18.763958 16.323651 17.038856 16.359182 -9999.0 -9999.0 -9999.0 -9999.0 -9999.0 -9999.0 -9999.0 -9999.0 -9999.0 -9999.0 -9999.0 -9999.0 -9999.0 -9999.0 -9999.0 -9999.0 -9999.0 -9999.0 -9999.0 -9999.0 -9999.0 -9999.0 -9999.0 -9999.0 -9999.0 -9999.0
-9999.0 -9999.0 -9999.0 -9999.0 -9999.0 -9999.0 -9999.0 -9999.0 -9999.0 -9999.0 -9999.0 -9999.0 -9999.0 23.296610 18.307373 16.346221 15.972897 27.822834 33.208425 21.886148 19.072646 19.323354 15.310168 14.929225 17.697533 15.045678 21.321104 18.498848 22.904911 12.394907 12.281818 15.263956 16.386132 14.538413 16.824575 -9999.0 -9999.0 -9999.0 -9999.0 -9999.0 -9999.0 -9999.0 -9999.0 -9999.0 -9999.0 -9999.0 -9999.0 -9999.0 -9999.0 -9999.0 -9999.0 -9999.0 -9999.0 -9999.0 -9999.0 -9999.0 -9999.0 -9999.0 -9999.0 -9999.0 -9999.0 -9999.0
-9999.0 -9999.0 -9999.0 -9999.0 -9999.0 -9999.0 -9999.0 -9999.0 -9999.0 -9999.0 -9999.0 -9999.0 -9999.0 18.181295 22.833687 17.600607 15.231980 16.390266 34.351520 18.041289 22.663533 15.724346 13.251122 13.091921 16.305253 14.517552 21.677837 17.391005 23.463272 20.113947 14.792523 2.135238 14.968346 2.501778 17.613124 -9999.0 -9999.0 -9999.0 -9999.0 -9999.0 -9999.0 -9999.0 -9999.0 -9999.0 -9999.0 -9999.0 -9999.0 -9999.0 -9999.0 -9999.0 -9999.0 -9999.0 -9999.0 -9999.0 -9999.0 -9999.0 -9999.0 -9999.0 -9999.0 -9999.0 -9999.0 -9999.0
-9999.0 -9999.0 -9999.0 -9999.0 -9999.0 -9999.0 -9999.0 -9999.0 -9999.0 -9999.0 -9999.0 -9999.0 18.569748 22.637207 17.452585 14.573371 13.031547 15.839596 29.601999 19.169334 16.070846 13.270454 13.098039 13.642783 13.655152 15.833656 11.566806 19.777022 20.663362 16.244063 13.558065 22.312055 18.059096 16.805783 -9999.0 -9999.0 -9999.0 -9999.0 -9999.0 -9999.0 -9999.0 -9999.0 -9999.0 -9999.0 -9999.0 -9999.0 -9999.0 -9999.0 -9999.0 -9999.0 -9999.0 -9999.0 -9999.0 -9999.0 -9999.0 -9999.0 -9999.0 -9999.0 -9999.0 -9999.0 -9999.0 -9999.0
-9999.0 -9999.0 -9999.0 -9999.0 -9999.0 -9999.0 -9999.0 -9999.0 -9999.0 -9999.0 -9999.0 21.243202 14.597357 14.040269 14.421492 20.000253 14.032268 14.830410 29.009462 16.652421 15.177241 16.912377 20.033028 20.528715 14.128650 18.688158 14.263963 22.059332 18.057922 12.886661 22.250908 23.660186 19.911809 19.410489 22.148945 27.876365 31.000346 34.189138 19.025475 -9999.0 -9999.0 -9999.0 27.420026 -9999.0 -9999.0 -9999.0 -9999.0 -9999.0 -9999.0 -9999.0 -9999.0 -9999.0 -9999.0 -9999.0 -9999.0 -9999.0 -9999.0 -9999.0 -9999.0 -9999.0 -9999.0 -9999.0
-9999.0 -9999.0 -9999.0 -9999.0 -9999.0 -9999.0 -9999.0 -9999.0 -9999.0 -9999.0 -9999.0 18.024445 14.498326 13.993008 14.856947 19.626276 17.559438 17.080336 29.401163 22.980737 25.114336 21.757442 20.451933 12.472506 11.562142 19.142388 24.075086 23.248536 19.518633 16.220313 22.983509 19.712040 22.173603 19.232361 23.315969 27.968741 38.308884 36.707768 33.739088 26.173037 27.426556 27.266968 26.261870 24.105655 -9999.0 -9999.0 -9999.0 23.348182 22.324106 22.891003 21.402423 22.148845 21.849473 22.870880 21.424177 20.519641 -9999.0 -9999.0 -9999.0 -9999.0 -9999.0 -9999.0
-9999.0 -9999.0 -9999.0 -9999.0 -9999.0 -9999.0 -9999.0 -9999.0 -9999.0 -9999.0 -9999.0 20.446610 19.836704 13.238681 19.918066 22.299343 14.123067 13.565488 25.161075 23.345189 13.839310 13.906514 13.450086 21.775019 17.982512 24.476144 14.534058 11.359395 17.633032 18.062137 20.633809 13.674348 23.491465 18.524591 26.712019 33.685807 19.271756 18.861097 36.963565 26.920635 34.409406 31.846677 29.635097 24.025622 20.565943 -9999.0 20.924325 21.822753 23.183660 24.240381 24.443999 24.822763 23.354094 22.976286 22.551099 21.301586 -9999.0 -9999.0 -9999.0 -9999.0 -9999.0 -9999.0
-9999.0 -9999.0 -9999.0 -9999.0 -9999.0 -9999.0 -9999.0 -9999.0 -9999.0 -9999.0 -9999.0 -9999.0 19.508289 11.730509 22.081538 22.682982 11.790936 13.361317 28.953958 23.128617 13.976892 14.874387 14.994448 13.744473 11.640773 14.400745 22.105284 17.283785 18.808380 22.426979 22.406889 14.057163 23.171966 21.403545 20.606360 29.122921 16.180670 18.194857 34.968981 31.467988 37.449115 34.281355 18.452309 25.538204 26.284906 22.959432 23.275853 23.213560 13.840828 15.793281 16.903074 12.472323 15.459865 12.036834 11.467073 17.012770 19.884443 -9999.0 -9999.0 -9999.0 -9999.0 -9999.0
-9999.0 -9999.0 -9999.0 -9999.0 -9999.0 -9999.0 -9999.0 -9999.0 -9999.0 -9999.0 -9999.0 12.185506 19.315814 20.985118 14.045187 14.097126 14.741602 13.130116 28.142930 15.783090 14.433875 13.436070 13.356983 12.327386 14.380973 15.615865 12.470801 16.093616 24.626847 23.981988 14.612883 14.968545 21.996132 19.234018 20.187706 25.011102 27.436166 18.408561 19.484447 38.954905 20.006172 20.888768 18.260160 17.305720 25.772329 20.811020 23.225181 30.466465 31.288760 16.645531 11.637104 16.788185 10.938733 9.930748 1.258514 20.451842 20.751517 -9999.0 -9999.0 -9999.0 -9999.0 -9999.0
-9999.0 -9999.0 -9999.0 -9999.0 -9999.0 -9999.0 -9999.0 -9999.0 -9999.0 -9999.0 21.693012 13.148063 22.455425 22.702215 23.681313 15.315143 13.191572 12.349819 15.584304 16.067895 22.567664 18.789186 12.307464 27.680593 15.981496 12.698508 11.206559 12.304034 23.985401 24.480556 15.889595 13.212117 18.113373 16.140944 16.463040 25.350912 32.422746 17.214174 15.074631 21.855415 21.889115 16.352559 25.225044 16.124037 15.036994 24.707006 26.321908 16.085031 16.855767 14.177361 12.662254 17.965277 1.220433 2.847892 19.369704 23.007438 20.227309 -9999.0 -9999.0 -9999.0 -9999.0 -9999.0
-9999.0 -9999.0 -9999.0 -9999.0 -9999.0 -9999.0 -9999.0 -9999.0 -9999.0 20.017126 20.501321 12.914511 14.058488 12.750900 14.304274 12.723221 12.708731 27.459874 15.828463 16.742231 23.753708 14.483886 14.226755 17.439158 13.548682 11.245114 12.661319 24.764849 16.027065 16.403497 15.103423 10.857640 14.842452 15.679446 26.796024 21.441881 21.381658 14.220915 14.024842 15.365819 14.507759 12.783226 13.110572 17.067986 16.067484 16.283956 28.666446 15.470948 16.000803 15.354151 13.324145 18.913527 3.751463 20.665759 22.581813 13.855456 13.659903 26.658782 26.315925 -9999.0 -9999.0 -9999.0
-9999.0 -9999.0 -9999.0 -9999.0 -9999.0 -9999.0 -9999.0 -9999.0 -9999.0 18.331418 19.621811 21.053506 25.740463 15.090634 14.325928 14.338590 24.431938 16.804191 16.708238 28.490786 27.217059 28.725228 19.064879 18.578244 11.590728 14.968628 15.994372 16.924717 18.119140 17.247348 17.176863 11.117614 17.901944 18.097883 22.111047 28.760001 28.680786 29.874543 21.948233 22.429348 11.813275 12.070076 17.438123 16.901288 16.111603 20.992870 20.108168 19.144201 18.509281 14.500038 11.169429 1.438118 18.962693 20.751131 19.044270 12.144591 14.655308 15.222155 28.118195 -9999.0 -9999.0 -9999.0
-9999.0 -9999.0 -9999.0 -9999.0 -9999.0 -9999.0 -9999.0 -9999.0 -9999.0 -9999.0 20.228928 21.440414 13.813009 13.780358 15.680045 14.547599 15.902433 17.706482 17.586174 19.849747 23.351092 14.595380 12.619255 12.257623 15.105201 16.864349 17.903009 17.191672 17.246433 11.080435 11.008869 11.873553 9.415842 19.225382 23.208298 24.191325 27.155091 23.043250 22.842552 18.357785 18.371060 26.336145 22.193412 13.768558 13.557827 13.905326 15.033659 21.610342 19.116096 16.795460 12.994267 13.851048 20.888334 19.732124 18.009010 20.519709 21.039058 18.275689 18.137643 18.522743 -9999.0 -9999.0
-9999.0 -9999.0 -9999.0 -9999.0 -9999.0 -9999.0 -9999.0 -9999.0 -9999.0 -9999.0 20.377946 20.576353 20.427768 14.517792 26.486796 14.369440 14.168831 16.073888 18.370132 19.435676 16.344250 14.726599 13.316950 14.969006 16.509434 18.705335 18.090936 13.898850 11.740252 9.227382 18.336380 20.852207 12.154339 15.926260 19.490452 19.192651 15.787145 14.023689 12.072326 17.814370 23.855892 22.489484 11.054009 21.020115 22.393884 12.667077 14.198776 14.131671 16.495217 18.538961 16.776973 13.088575 13.339355 21.023989 23.302529 28.817815 20.775217 15.991804 18.104191 20.484599 -9999.0 -9999.0
-9999.0 -9999.0 -9999.0 -9999.0 -9999.0 -9999.0 -9999.0 -9999.0 22.249817 21.992831 22.190700 20.253722 12.886664 13.482059 12.798107 15.853141 16.980314 30.959168 21.607449 20.577164 17.855590 16.754741 15.873467 15.342279 18.898949 17.513494 20.977531 12.373158 12.278730 10.777340 2.832317 19.402520 18.832698 21.477745 21.166018 18.477756 23.928360 13.351467 9.602189 22.950825 21.179884 19.945522 11.024384 21.716311 30.855718 22.402164 10.460849 13.882215 14.778367 18.772744 17.341102 14.504873 13.716823 1.557860 29.955621 27.142153 30.874145 29.583529 19.948446 19.520249 -9999.0 -9999.0
-9999.0 -9999.0 -9999.0 -9999.0 -9999.0 -9999.0 -9999.0 -9999.0 12.734693 14.055863 12.512850 18.591808 19.885727 13.898322 12.581837 13.859615 15.161326 15.539007 18.532842 21.449282 33.910878 28.999900 25.210904 26.840318 17.939783 16.981992 14.985228 13.475726 11.677606 20.077963 20.898102 23.906933 19.932929 22.718361 21.277859 25.156998 24.546757 14.297422 12.548669 21.918516 17.454121 15.261176 20.025921 25.348244 24.673591 12.455882 11.429776 22.931258 14.984015 16.541743 18.233811 16.097415 13.181772 26.740543 29.261179 18.769481 18.133125 19.258087 21.831411 22.727861 23.943674 -9999.0
-9999.0 -9999.0 -9999.0 -9999.0 -9999.0 -9999.0 -9999.0 -9999.0 19.581514 22.386682 20.226975 12.843619 23.246740 12.703284 15.443127 13.478479 15.373453 20.131249 18.753647 32.317975 21.644778 29.578173 29.278382 20.877218 30.118623 15.667692 14.000145 11.791029 12.306195 22.457444 24.244302 24.165506 12.521870 13.289111 22.525821 24.661435 1.154238 13.441354 11.320822 11.791385 18.914481 22.924299 21.381785 20.703088 11.669321 18.944821 25.855984 24.990982 13.188669 15.265486 18.114541 18.220484 14.535360 14.765396 19.363986 19.723083 20.968993 21.947554 22.955932 22.906412 22.578137 -9999.0
-9999.0 -9999.0 -9999.0 -9999.0 -9999.0 -9999.0 -9999.0 -9999.0 20.278052 22.351660 14.144854 12.864149 23.981240 15.532206 14.120328 15.574917 18.165915 19.796719 21.175794 18.388891 20.728550 21.470548 30.460833 30.258346 16.510014 14.120765 12.577141 11.762685 27.493691 15.627940 14.068722 14.810352 15.967200 14.546743 12.679012 25.820518 26.977641 14.594277 1.448423 12.150304 20.790992 24.470136 24.775456 28.970382 23.389723 29.156144 26.177925 30.948481 27.178518 17.178074 16.009482 19.687332 19.829046 20.173226 21.433348 21.663721 22.337837 20.339187 21.789102 22.493816 20.003190 17.550132
-9999.0 -9999.0 -9999.0 -9999.0 -9999.0 -9999.0 -9999.0 -9999.0 21.849697 22.453501 14.060206 13.528729 14.468226 15.093970 26.739501 19.891389 19.038482 15.433796 13.984788 16.118833 17.890074 21.625761 21.490465 22.161994 26.549950 14.275874 12.274301 16.167834 17.241307 15.619839 12.313884 16.060960 17.673951 14.941628 1.317213 1.388747 16.080557 15.351305 14.619214 14.236401 13.903657 14.128331 16.003581 15.040047 12.968441 27.262702 16.260689 17.466926 17.464192 19.523304 21.108762 20.052086 20.123560 22.959713 22.216408 22.004004 22.280053 22.289193 21.582755 20.204644 18.471949 16.862801
-9999.0 -9999.0 22.841081 22.715701 13.136934 14.211484 13.513141 13.002837 22.595146 21.550612 13.596826 15.270397 15.268364 18.582962 27.949061 15.453563 13.847248 12.048930 14.013243 14.236943 16.591687 19.246020 21.400095 19.802914 19.929380 16.297877 15.050155 14.992679 16.202717 23.163669 13.300309 13.999691 24.098712 14.432403 17.216717 14.540167 18.450045 15.918762 14.759836 12.708614 16.856630 17.602966 15.040999 16.768411 13.094702 16.934483 18.640746 16.255315 20.518511 22.830582 24.437856 24.254455 22.474693 22.247889 21.563018 31.143541 20.550509 19.860777 18.835009 17.984549 21.424297 16.128083
-9999.0 14.595379 14.559611 14.293038 14.600014 14.868498 12.905194 11.556501 11.091303 20.528214 13.894297 14.019246 16.282027 24.610737 20.942560 13.853924 12.845853 12.400069 15.549171 14.801195 17.554447 18.479501 28.817898 19.864549 31.708811 21.715200 31.344638 32.638260 20.555287 18.801461 20.499770 19.736469 18.116179 25.499851 19.310607 19.960907 20.364758 17.669777 19.481844 19.197089 19.685635 19.743618 18.761971 15.785188 15.871313 16.906846 20.939178 19.800566 23.949929 22.017229 21.531074 20.613951 20.215886 20.390908 20.041505 18.597966 17.534240 17.283704 17.172228 20.138137 15.582524 16.209667
-9999.0 21.309570 15.357519 15.533786 23.548071 14.399159 11.361558 12.665051 22.182764 23.087425 14.866669 14.241041 16.448580 21.829472 14.663741 12.416927 12.232746 14.470984 16.552006 14.850888 20.861812 16.613234 18.813273 21.254449 33.979180 36.394905 20.615140 23.094799 21.766842 20.396268 20.377069 19.833707 19.282911 19.535212 27.397234 21.522018 34.196374 34.723994 21.191247 22.112983 21.494758 20.414350 20.156691 19.577356 20.798525 21.291116 24.643695 23.577315 20.273940 20.408338 18.796221 17.613613 17.607168 18.593376 17.569941 15.886275 16.325574 15.179451 14.893982 14.384475 14.705636 -9999.0
