user2019/resources/simulation/Vinschgau/output-maps/TsL0002N0353.asc
ncols         63
nrows         48
xllcorner     598000.000000
yllcorner     5145000.000000
cellsize      1000.000000
NODATA_value  -9999.0
[rows 0 to 27 of 48, columns 0 to 62 of 63]
-9999.0 -9999.0 -9999.0 -9999.0 -9999.0 -9999.0 -9999.0 -9999.0 -9999.0 -9999.0 -9999.0 -9999.0 -9999.0 -9999.0 -9999.0 -9999.0 -9999.0 -9999.0 -9999.0 -9999.0 -9999.0 -9999.0 -9999.0 -9999.0 -9999.0 -9999.0 -9999.0 -9999.0 -9999.0 -9999.0 -9999.0 -9999.0 -9999.0 -9999.0 -9999.0 -9999.0 -9999.0 -9999.0 -9999.0 -9999.0 -9999.0 -9999.0 -9999.0 -9999.0 -9999.0 -9999.0 -9999.0 -9999.0 -9999.0 -9999.0 -9999.0 -9999.0 -9999.0 -9999.0 -9999.0 -9999.0 -9999.0 -9999.0 -9999.0 -9999.0 -9999.0 -9999.0 -9999.0
-9999.0 -9999.0 -9999.0 -9999.0 -9999.0 -9999.0 -9999.0 -9999.0 -9999.0 -9999.0 -9999.0 -9999.0 -9999.0 -9999.0 -9999.0 -9999.0 -9999.0 -9999.0 -9999.0 -9999.0 -9999.0 -9999.0 -9999.0 -9999.0 -9999.0 -9999.0 -9999.0 -0.122101 -1.655303 -2.339241 -0.065632 -0.138621 -0.112704 -9999.0 -9999.0 -9999.0 -9999.0 -9999.0 -9999.0 -9999.0 -9999.0 -9999.0 -9999.0 -9999.0 -9999.0 -9999.0 -9999.0 -9999.0 -9999.0 -9999.0 -9999.0 -9999.0 -9999.0 -9999.0 -9999.0 -9999.0 -9999.0 -9999.0 -9999.0 -9999.0 -9999.0 -9999.0 -9999.0
-9999.0 -9999.0 -9999.0 -9999.0 -9999.0 -9999.0 -9999.0 -9999.0 -9999.0 -9999.0 -9999.0 -9999.0 -9999.0 -9999.0 -9999.0 -9999.0 -9999.0 -9999.0 -9999.0 -9999.0 -9999.0 -9999.0 -9999.0 -9999.0 -0.708634 -3.468616 0.107934 -4.238514 -0.001719 -3.634924 -0.064969 -9999.0 -9999.0 -9999.0 -9999.0 -9999.0 -9999.0 -9999.0 -9999.0 -9999.0 -9999.0 -9999.0 -9999.0 -9999.0 -9999.0 -9999.0 -9999.0 -9999.0 -9999.0 -9999.0 -9999.0 -9999.0 -9999.0 -9999.0 -9999.0 -9999.0 -9999.0 -9999.0 -9999.0 -9999.0 -9999.0 -9999.0 -9999.0
-9999.0 -9999.0 -9999.0 -9999.0 -9999.0 -9999.0 -9999.0 -9999.0 -9999.0 -9999.0 -9999.0 -9999.0 -9999.0 -9999.0 -9999.0 -9999.0 -9999.0 -9999.0 -9999.0 -9999.0 -9999.0 -9999.0 -9999.0 -2.640528 0.294227 1.515599 2.875592 3.431253 3.155174 -0.003444 -2.001423 -0.057695 -9999.0 -9999.0 -9999.0 -9999.0 -9999.0 -9999.0 -9999.0 -9999.0 -9999.0 -9999.0 -9999.0 -9999.0 -9999.0 -9999.0 -9999.0 -9999.0 -9999.0 -9999.0 -9999.0 -9999.0 -9999.0 -9999.0 -9999.0 -9999.0 -9999.0 -9999.0 -9999.0 -9999.0 -9999.0 -9999.0 -9999.0
-9999.0 -9999.0 -9999.0 -9999.0 -9999.0 -9999.0 -9999.0 -9999.0 -9999.0 -9999.0 -9999.0 -9999.0 -9999.0 -9999.0 -9999.0 -9999.0 -9999.0 -9999.0 3.338127 0.277227 -9999.0 -1.114814 -1.527718 2.504298 2.841047 5.975560 0.096932 -0.000402 5.355816 2.094366 0.169270 -1.701394 -2.509284 -0.765779 -9999.0 -9999.0 -9999.0 -9999.0 -9999.0 -9999.0 -9999.0 -9999.0 -9999.0 -9999.0 -9999.0 -9999.0 -9999.0 -9999.0 -9999.0 -9999.0 -9999.0 -9999.0 -9999.0 -9999.0 -9999.0 -9999.0 -9999.0 -9999.0 -9999.0 -9999.0 -9999.0 -9999.0 -9999.0
-9999.0 -9999.0 -9999.0 -9999.0 -9999.0 -9999.0 -9999.0 -9999.0 -9999.0 -9999.0 -9999.0 -9999.0 -9999.0 -9999.0 -9999.0 -9999.0 -9999.0 3.559188 2.832723 3.354338 -0.001624 -0.000482 0.920085 1.465862 5.861940 0.381796 -0.050394 -0.035541 -0.054487 -0.188258 1.716612 -0.004264 0.318661 -3.807903 -0.110284 -0.430390 -9999.0 -9999.0 -9999.0 -9999.0 -9999.0 -9999.0 -9999.0 -9999.0 -9999.0 -9999.0 -9999.0 -9999.0 -9999.0 -9999.0 -9999.0 -9999.0 -9999.0 -9999.0 -9999.0 -9999.0 -9999.0 -9999.0 -9999.0 -9999.0 -9999.0 -9999.0 -9999.0
-9999.0 -9999.0 -9999.0 -9999.0 -9999.0 -9999.0 -9999.0 -9999.0 -9999.0 -9999.0 -9999.0 -9999.0 -9999.0 -0.056185 0.089485 1.548497 2.841664 9.398483 4.325899 5.143505 2.634864 3.415218 4.466267 5.654583 0.000135 -0.060837 -0.069411 -0.041270 -0.082665 -0.047504 -0.573627 -0.129380 -0.086308 -0.491097 -0.341050 -0.813666 -9999.0 -9999.0 -9999.0 -9999.0 -9999.0 -9999.0 -9999.0 -9999.0 -9999.0 -9999.0 -9999.0 -9999.0 -9999.0 -9999.0 -9999.0 -9999.0 -9999.0 -9999.0 -9999.0 -9999.0 -9999.0 -9999.0 -9999.0 -9999.0 -9999.0 -9999.0 -9999.0
-9999.0 -9999.0 -9999.0 -9999.0 -9999.0 -9999.0 -9999.0 -9999.0 -9999.0 -9999.0 -9999.0 -9999.0 -9999.0 -2.564853 1.600849 1.605641 1.640103 3.444964 9.802977 5.556513 5.342969 4.587985 2.832279 1.345468 0.286294 -2.062227 -1.698098 -0.084325 -0.176521 -0.102316 -0.068865 -0.403523 -0.446128 -4.051224 -0.886374 -9999.0 -9999.0 -9999.0 -9999.0 -9999.0 -9999.0 -9999.0 -9999.0 -9999.0 -9999.0 -9999.0 -9999.0 -9999.0 -9999.0 -9999.0 -9999.0 -9999.0 -9999.0 -9999.0 -9999.0 -9999.0 -9999.0 -9999.0 -9999.0 -9999.0 -9999.0 -9999.0 -9999.0
-9999.0 -9999.0 -9999.0 -9999.0 -9999.0 -9999.0 -9999.0 -9999.0 -9999.0 -9999.0 -9999.0 -9999.0 -9999.0 0.341874 3.464154 0.369769 0.759549 1.835782 9.128825 4.979249 3.083219 -0.113247 -0.061464 -0.037626 -0.099952 -0.030686 -2.176876 -0.144109 -1.095034 -0.772389 -0.321641 -6.668236 -4.358512 -8.509210 -3.802550 -9999.0 -9999.0 -9999.0 -9999.0 -9999.0 -9999.0 -9999.0 -9999.0 -9999.0 -9999.0 -9999.0 -9999.0 -9999.0 -9999.0 -9999.0 -9999.0 -9999.0 -9999.0 -9999.0 -9999.0 -9999.0 -9999.0 -9999.0 -9999.0 -9999.0 -9999.0 -9999.0 -9999.0
-9999.0 -9999.0 -9999.0 -9999.0 -9999.0 -9999.0 -9999.0 -9999.0 -9999.0 -9999.0 -9999.0 -9999.0 -1.983389 2.792205 -0.027848 -1.175131 -0.561255 1.513100 5.769079 4.242015 2.499978 -0.066709 -0.036178 -0.049212 -0.481462 -0.109585 -0.057302 -0.052894 -3.519137 -0.259712 -1.856556 -1.046718 -2.524829 -0.517506 -9999.0 -9999.0 -9999.0 -9999.0 -9999.0 -9999.0 -9999.0 -9999.0 -9999.0 -9999.0 -9999.0 -9999.0 -9999.0 -9999.0 -9999.0 -9999.0 -9999.0 -9999.0 -9999.0 -9999.0 -9999.0 -9999.0 -9999.0 -9999.0 -9999.0 -9999.0 -9999.0 -9999.0 -9999.0
-9999.0 -9999.0 -9999.0 -9999.0 -9999.0 -9999.0 -9999.0 -9999.0 -9999.0 -9999.0 -9999.0 -0.032261 -1.574610 0.477450 -0.279898 -0.059713 -0.076114 1.072246 5.883593 4.226907 1.977252 2.397808 -0.343974 -0.069045 -0.554633 -0.041614 -0.375889 -0.684009 -2.442870 -0.480463 -0.103521 -0.002648 -1.721271 -0.939402 -3.459187 -3.353009 0.468687 0.584390 1.064269 -9999.0 -9999.0 -9999.0 -2.129034 -9999.0 -9999.0 -9999.0 -9999.0 -9999.0 -9999.0 -9999.0 -9999.0 -9999.0 -9999.0 -9999.0 -9999.0 -9999.0 -9999.0 -9999.0 -9999.0 -9999.0 -9999.0 -9999.0 -9999.0
-9999.0 -9999.0 -9999.0 -9999.0 -9999.0 -9999.0 -9999.0 -9999.0 -9999.0 -9999.0 -9999.0 -0.052215 -0.039699 -0.657333 -1.285730 -0.135730 -0.131727 1.903533 5.654055 3.777574 3.883135 1.986686 -0.960805 -0.036809 -0.043699 -0.055191 -1.379665 -3.415122 -0.082872 -0.175160 -3.688371 0.311174 -5.289487 -1.166648 -4.303572 0.232971 1.514547 2.564422 0.968156 1.610698 0.728347 -6.063044 0.191311 -1.987039 -9999.0 -9999.0 -9999.0 -0.008193 -0.028876 -0.020606 -0.020983 -0.016541 -0.016698 -0.010810 -0.010122 -0.016657 -9999.0 -9999.0 -9999.0 -9999.0 -9999.0 -9999.0 -9999.0
-9999.0 -9999.0 -9999.0 -9999.0 -9999.0 -9999.0 -9999.0 -9999.0 -9999.0 -9999.0 -9999.0 -0.039628 -0.081750 -1.650122 -0.052802 -0.574934 -0.000800 1.190979 4.608231 6.454346 2.309843 2.125081 0.057117 -2.020249 -0.075207 -1.721731 0.102174 -0.862725 -0.063863 -0.076255 -0.093650 -2.946891 0.384641 -2.890089 -4.692449 0.391226 0.566082 2.711375 4.163267 4.141483 1.158861 0.475026 0.420112 0.325886 -1.052779 -9999.0 -0.094098 -0.028982 -0.589583 -3.369294 0.954831 1.120019 -2.277769 -0.010504 -0.010123 -0.011732 -9999.0 -9999.0 -9999.0 -9999.0 -9999.0 -9999.0 -9999.0
-9999.0 -9999.0 -9999.0 -9999.0 -9999.0 -9999.0 -9999.0 -9999.0 -9999.0 -9999.0 -9999.0 -9999.0 -0.051835 -0.048020 -2.458663 -1.175725 -0.000580 1.051948 4.574865 6.779565 2.487023 2.851477 2.740185 0.583721 -1.317788 -0.000359 3.133537 -0.064906 -0.049710 -0.106789 -2.331871 -0.000793 -0.000566 -3.506956 -2.076072 0.295265 -0.005146 1.523536 6.174849 3.312063 2.781704 5.586776 1.031011 1.914192 -4.078255 -0.390085 -0.042154 -0.030709 -0.036838 1.240902 2.893649 -0.024356 0.704178 -0.013254 -0.032575 -0.038907 -0.010705 -9999.0 -9999.0 -9999.0 -9999.0 -9999.0 -9999.0
-9999.0 -9999.0 -9999.0 -9999.0 -9999.0 -9999.0 -9999.0 -9999.0 -9999.0 -9999.0 -9999.0 -1.869042 -0.072494 -0.046844 -0.000531 -0.000400 -0.000261 1.206220 4.707181 4.782775 3.259261 2.288083 0.185928 -0.000515 -0.000246 1.883241 -1.097425 -0.086639 -1.385446 -2.571598 0.098615 0.284606 1.785751 -2.940738 -1.161572 -0.002847 0.205218 0.123856 0.843497 5.964404 2.808403 4.407917 3.747598 2.360607 2.944459 -1.160126 -2.289567 -3.072996 -2.200757 3.425087 -0.042986 -0.073484 -0.050617 -0.100062 -0.078653 -0.178063 -0.014007 -9999.0 -9999.0 -9999.0 -9999.0 -9999.0 -9999.0
-9999.0 -9999.0 -9999.0 -9999.0 -9999.0 -9999.0 -9999.0 -9999.0 -9999.0 -9999.0 -0.013937 -1.809899 -2.480840 -0.044223 -2.411112 1.453237 -1.472821 -0.000980 4.269957 4.922107 5.255923 3.574578 2.503651 2.827218 3.016792 0.146783 -0.040648 -1.267362 0.815629 1.594187 1.751018 -0.378645 -1.621230 -0.355942 -1.052747 -4.264068 1.591184 -0.000842 0.927377 4.345342 4.978592 5.502742 6.527187 3.288597 1.981344 -0.923722 -2.045821 1.993373 2.695728 3.963990 -0.534913 -0.079479 -0.099395 -0.122143 -0.083273 -0.011570 -0.011685 -9999.0 -9999.0 -9999.0 -9999.0 -9999.0 -9999.0
-9999.0 -9999.0 -9999.0 -9999.0 -9999.0 -9999.0 -9999.0 -9999.0 -9999.0 -0.055275 -0.020878 -0.022093 1.441016 -2.301589 -0.000255 -0.217434 -0.034941 3.518365 5.092284 5.588975 5.948301 4.837404 4.122634 5.068231 1.611856 -0.329382 -0.000385 2.335449 2.809526 3.115405 4.463622 -1.839529 -0.313124 -0.667690 -0.964079 -1.922923 -3.769754 -0.000799 -0.000680 1.179290 2.943090 0.819784 0.691239 5.001800 3.511046 2.744860 3.955452 2.790860 1.885316 3.828981 1.403185 -0.019559 -0.181836 -0.040200 -0.018876 -0.017993 -0.011076 -0.004391 -0.009729 -9999.0 -9999.0 -9999.0 -9999.0
-9999.0 -9999.0 -9999.0 -9999.0 -9999.0 -9999.0 -9999.0 -9999.0 -9999.0 -0.042990 -0.054905 -0.040417 3.302582 2.299452 0.705530 -2.322144 0.172621 3.271314 5.581575 7.551024 7.761690 9.190317 4.440587 3.728722 -0.064232 0.734407 3.189810 3.381522 5.156614 0.642430 1.447090 -0.000483 -0.061460 -0.095881 -3.803148 -0.051460 -0.546700 0.243025 -1.225216 -2.572580 -1.216638 -0.099731 2.104051 3.780250 4.816423 4.997556 5.991268 5.090061 4.291992 4.787161 -1.517347 -0.021291 -0.034437 -0.035542 -0.051221 -0.008415 -0.011503 0.019587 -1.050347 -9999.0 -9999.0 -9999.0 -9999.0
-9999.0 -9999.0 -9999.0 -9999.0 -9999.0 -9999.0 -9999.0 -9999.0 -9999.0 -9999.0 -0.040896 -0.029968 -1.157018 2.303370 3.491500 2.385298 2.809677 4.055515 5.305477 7.469079 6.884662 4.070740 2.299995 0.331480 0.904613 4.064126 5.049063 5.943138 2.643832 -0.041457 -0.040725 -1.384999 -0.075949 -0.096664 -3.627738 1.802961 2.814884 1.562274 -3.241237 -0.175122 -0.669750 -0.001404 0.136026 -0.036883 -0.008111 2.296020 3.500916 4.275596 7.739045 4.478130 1.598098 0.376513 -0.015134 -0.025891 -0.049019 -0.033028 -0.018694 4.751365 5.320216 5.466711 -9999.0 -9999.0 -9999.0
-9999.0 -9999.0 -9999.0 -9999.0 -9999.0 -9999.0 -9999.0 -9999.0 -9999.0 -9999.0 -0.039838 -0.037571 -0.033041 -0.000190 6.401614 3.369618 3.891289 4.956639 8.128400 8.166676 7.325631 5.355287 3.883463 3.367495 3.811198 5.572906 6.392770 3.480428 -0.044684 -0.093552 -0.075855 -0.029643 -1.550052 -0.103047 -0.082297 -0.059322 2.217164 1.402434 -1.940347 -0.101987 -0.045398 -0.708862 -0.038702 -0.070356 -0.017495 -0.024439 -0.024224 2.391567 5.015878 7.595599 4.874148 0.190819 -0.053810 -0.013860 -0.022914 -0.013639 -0.044788 -0.011726 6.393760 6.584234 -9999.0 -9999.0 -9999.0
-9999.0 -9999.0 -9999.0 -9999.0 -9999.0 -9999.0 -9999.0 -9999.0 0.057285 -2.663016 -0.025319 -0.032068 -0.025581 -0.031702 0.819144 4.592640 5.791697 9.674315 9.893154 9.945490 10.255456 7.794345 6.439558 4.738772 4.858516 6.460566 5.738557 0.175537 -0.776358 -0.032654 -0.299567 -0.057296 -0.035484 -0.044095 -0.031253 -0.338864 -0.035260 2.004707 -2.549753 -0.033152 -0.047570 -0.048762 -0.077329 -0.216205 -1.618326 -0.079572 -0.046538 -0.021410 3.406470 5.287293 5.212058 3.221999 -0.327882 -0.022399 -0.012004 -0.000437 -0.004933 4.553717 6.372981 8.511886 -9999.0 -9999.0 -9999.0
-9999.0 -9999.0 -9999.0 -9999.0 -9999.0 -9999.0 -9999.0 -9999.0 -0.027418 1.049426 -2.470491 -0.065992 -0.042208 -0.930527 -0.026247 2.643909 4.614453 5.517446 8.773501 10.810608 12.276979 12.728412 10.586126 9.043057 6.712810 6.877511 4.053234 2.297244 -0.029956 -0.040205 -0.031077 -2.030371 -0.026301 -0.023847 -0.025032 -1.394412 3.401676 3.287140 -0.020367 -0.034511 -0.072817 -0.895712 -0.077360 -0.026513 1.542706 -0.024420 -0.047260 -0.033647 -0.030748 5.118959 7.403301 4.703904 0.064095 -0.010892 3.731270 4.390870 4.761814 5.747365 8.630517 11.543736 11.856230 -9999.0 -9999.0
-9999.0 -9999.0 -9999.0 -9999.0 -9999.0 -9999.0 -9999.0 -9999.0 -0.044750 -0.618317 2.644829 -0.023480 -1.922828 -0.033594 2.725331 3.029891 4.685066 6.185747 10.199629 10.750220 11.925377 12.732631 13.069929 10.371789 10.890777 5.053365 3.450926 0.456678 -2.572231 -3.220042 -1.951541 1.389746 -1.840615 -0.005141 -0.026818 3.771326 -0.021152 5.095241 0.298485 -0.026961 -0.030168 -0.025653 -0.022953 -0.032059 -0.036194 -0.036316 -0.016749 -0.014904 -0.025011 3.992167 7.128279 6.223809 2.918044 2.250437 5.712939 6.325436 7.541478 8.678874 10.401482 10.451117 11.850448 -9999.0 -9999.0
-9999.0 -9999.0 -9999.0 -9999.0 -9999.0 -9999.0 -9999.0 -9999.0 -0.075284 -0.021448 2.603903 0.022087 1.234648 1.698157 3.116611 4.898548 7.567037 8.400999 5.793366 9.072746 9.528855 11.086410 12.083309 11.383223 6.691966 3.548304 1.679125 1.702477 2.552939 2.826274 1.880507 2.125923 3.528384 3.754509 -1.503623 -2.099049 2.758916 6.127269 3.586103 -0.513677 -0.024851 -0.028083 -0.769692 -2.778134 -0.019626 -0.015023 -1.769653 0.064112 -0.001799 3.626965 5.017215 8.146801 7.197758 4.474948 7.841736 8.728445 9.860771 8.806478 10.706603 11.680854 8.961252 7.174869 -9999.0
-9999.0 -9999.0 -9999.0 -9999.0 -9999.0 -9999.0 -9999.0 -9999.0 -0.031245 -0.017472 1.432469 2.613458 3.609753 4.126236 6.717251 6.851870 5.419127 5.003179 3.118168 5.791381 7.984379 10.078563 10.457554 9.592765 9.390796 4.604809 2.915008 3.987544 4.867919 4.134103 2.522392 3.017641 5.183365 4.235869 3.921995 4.452050 5.334259 7.759846 6.684523 5.174468 4.140793 3.860350 4.186825 3.652985 -0.007732 1.944996 3.260030 4.169691 3.802995 5.645204 8.135016 7.494969 8.395118 9.851625 9.822606 9.039271 10.723833 10.992675 9.608007 9.621077 8.325334 6.898126 -9999.0
-9999.0 -9999.0 -1.259920 -0.778396 -0.024436 -1.497182 -0.000329 -1.162695 -0.256137 -0.022623 0.046203 3.881984 4.572542 6.091282 10.552830 5.337937 3.990719 -0.024974 -0.023113 2.970616 5.967991 8.459862 9.793089 10.355168 7.945670 6.098183 4.561656 4.565134 4.671137 6.170309 3.828313 3.068616 5.961035 4.910322 6.303886 6.805709 8.045118 9.793681 8.306924 6.345574 6.946416 6.314994 5.596686 5.351424 3.220458 4.123190 5.310815 4.259432 6.998366 8.140572 10.335354 8.880212 10.576040 10.354580 9.924106 11.236662 8.667944 8.528217 8.199067 7.749592 7.076299 6.756126 -9999.0
-9999.0 1.054719 1.173087 0.532597 -0.000225 0.885002 -0.094054 -0.026587 -0.028698 -0.031518 -0.021182 3.185052 5.078449 8.504821 8.252369 4.096375 -0.021713 -0.024308 1.222271 4.204915 6.104124 6.517141 8.058159 8.591977 10.715040 8.317089 9.651888 9.703729 7.134904 5.072769 6.611304 6.385779 6.414504 8.749415 9.006896 9.895224 12.018351 12.748368 10.887825 10.085441 9.690987 8.903151 8.228348 5.914793 6.039515 5.468160 6.319901 7.517347 9.521488 8.232827 10.128224 9.724396 8.309850 8.122254 8.039210 6.549233 5.688022 5.780566 5.595295 4.319721 1.694497 5.013885 -9999.0
-9999.0 -0.502938 2.652585 3.238421 3.951925 2.947124 0.312438 -1.438277 -1.459887 -1.898776 0.000347 3.306830 5.682935 8.480209 4.741276 -0.029188 -0.024504 -1.774851 3.583539 3.883908 4.213641 5.615591 6.760956 7.455498 10.219676 10.841406 10.614158 10.222830 9.612747 8.641784 10.526057 9.494545 7.756943 8.331121 10.735878 11.786922 15.272888 16.619082 13.846256 13.708437 11.881542 10.782984 10.299514 9.954325 11.948039 10.679757 11.111889 11.240783 10.277582 10.266127 7.229150 5.662718 5.377065 6.512309 6.376746 4.441190 5.360831 3.306654 0.683559 -0.009310 -0.009179 -9999.0 -9999.0
