user2019/resources/simulation/Vinschgau/output-maps/TsL0008N0871.asc
ncols         63
nrows         48
xllcorner     598000.000000
yllcorner     5145000.000000
cellsize      1000.000000
NODATA_value  -9999.0
[rows 0 to 27 of 48, columns 0 to 62 of 63]
-9999.0 -9999.0 -9999.0 -9999.0 -9999.0 -9999.0 -9999.0 -9999.0 -9999.0 -9999.0 -9999.0 -9999.0 -9999.0 -9999.0 -9999.0 -9999.0 -9999.0 -9999.0 -9999.0 -9999.0 -9999.0 -9999.0 -9999.0 -9999.0 -9999.0 -9999.0 -9999.0 -9999.0 -9999.0 -9999.0 -9999.0 -9999.0 -9999.0 -9999.0 -9999.0 -9999.0 -9999.0 -9999.0 -9999.0 -9999.0 -9999.0 -9999.0 -9999.0 -9999.0 -9999.0 -9999.0 -9999.0 -9999.0 -9999.0 -9999.0 -9999.0 -9999.0 -9999.0 -9999.0 -9999.0 -9999.0 -9999.0 -9999.0 -9999.0 -9999.0 -9999.0 -9999.0 -9999.0
-9999.0 -9999.0 -9999.0 -9999.0 -9999.0 -9999.0 -9999.0 -9999.0 -9999.0 -9999.0 -9999.0 -9999.0 -9999.0 -9999.0 -9999.0 -9999.0 -9999.0 -9999.0 -9999.0 -9999.0 -9999.0 -9999.0 -9999.0 -9999.0 -9999.0 -9999.0 -9999.0 -5.806053 -4.401594 -4.924444 -5.072892 -5.822801 -6.058089 -9999.0 -9999.0 -9999.0 -9999.0 -9999.0 -9999.0 -9999.0 -9999.0 -9999.0 -9999.0 -9999.0 -9999.0 -9999.0 -9999.0 -9999.0 -9999.0 -9999.0 -9999.0 -9999.0 -9999.0 -9999.0 -9999.0 -9999.0 -9999.0 -9999.0 -9999.0 -9999.0 -9999.0 -9999.0 -9999.0
-9999.0 -9999.0 -9999.0 -9999.0 -9999.0 -9999.0 -9999.0 -9999.0 -9999.0 -9999.0 -9999.0 -9999.0 -9999.0 -9999.0 -9999.0 -9999.0 -9999.0 -9999.0 -9999.0 -9999.0 -9999.0 -9999.0 -9999.0 -9999.0 -3.223737 -2.648082 -0.118199 -2.964123 -3.199980 -4.672150 -5.374444 -9999.0 -9999.0 -9999.0 -9999.0 -9999.0 -9999.0 -9999.0 -9999.0 -9999.0 -9999.0 -9999.0 -9999.0 -9999.0 -9999.0 -9999.0 -9999.0 -9999.0 -9999.0 -9999.0 -9999.0 -9999.0 -9999.0 -9999.0 -9999.0 -9999.0 -9999.0 -9999.0 -9999.0 -9999.0 -9999.0 -9999.0 -9999.0
-9999.0 -9999.0 -9999.0 -9999.0 -9999.0 -9999.0 -9999.0 -9999.0 -9999.0 -9999.0 -9999.0 -9999.0 -9999.0 -9999.0 -9999.0 -9999.0 -9999.0 -9999.0 -9999.0 -9999.0 -9999.0 -9999.0 -9999.0 -2.406241 -0.002397 0.003736 0.322513 0.745094 -0.002308 -2.842836 -5.298593 -5.922795 -9999.0 -9999.0 -9999.0 -9999.0 -9999.0 -9999.0 -9999.0 -9999.0 -9999.0 -9999.0 -9999.0 -9999.0 -9999.0 -9999.0 -9999.0 -9999.0 -9999.0 -9999.0 -9999.0 -9999.0 -9999.0 -9999.0 -9999.0 -9999.0 -9999.0 -9999.0 -9999.0 -9999.0 -9999.0 -9999.0 -9999.0
-9999.0 -9999.0 -9999.0 -9999.0 -9999.0 -9999.0 -9999.0 -9999.0 -9999.0 -9999.0 -9999.0 -9999.0 -9999.0 -9999.0 -9999.0 -9999.0 -9999.0 -9999.0 0.002756 -0.007864 -9999.0 -0.534297 -0.002781 -0.002328 0.003609 0.840175 -0.000538 0.000255 0.003221 -0.002037 -3.340754 -5.003063 -6.870292 -9.200754 -9999.0 -9999.0 -9999.0 -9999.0 -9999.0 -9999.0 -9999.0 -9999.0 -9999.0 -9999.0 -9999.0 -9999.0 -9999.0 -9999.0 -9999.0 -9999.0 -9999.0 -9999.0 -9999.0 -9999.0 -9999.0 -9999.0 -9999.0 -9999.0 -9999.0 -9999.0 -9999.0 -9999.0 -9999.0
-9999.0 -9999.0 -9999.0 -9999.0 -9999.0 -9999.0 -9999.0 -9999.0 -9999.0 -9999.0 -9999.0 -9999.0 -9999.0 -9999.0 -9999.0 -9999.0 -9999.0 3.960592 2.181630 0.945359 -3.088981 -0.000854 -0.002032 -0.002280 0.001819 -0.002332 -0.002435 -0.001601 -0.002217 -0.000248 -0.209088 -3.788873 -4.980359 -5.667658 -7.623425 -8.871843 -9999.0 -9999.0 -9999.0 -9999.0 -9999.0 -9999.0 -9999.0 -9999.0 -9999.0 -9999.0 -9999.0 -9999.0 -9999.0 -9999.0 -9999.0 -9999.0 -9999.0 -9999.0 -9999.0 -9999.0 -9999.0 -9999.0 -9999.0 -9999.0 -9999.0 -9999.0 -9999.0
-9999.0 -9999.0 -9999.0 -9999.0 -9999.0 -9999.0 -9999.0 -9999.0 -9999.0 -9999.0 -9999.0 -9999.0 -9999.0 -0.004165 -0.001765 1.758451 3.452055 3.027701 3.532703 -0.002328 -0.002034 -0.002047 0.007632 -0.000754 -0.001976 -0.003610 -2.386074 -1.032234 -0.006084 -0.001839 -0.001024 -3.868480 -5.334755 -6.042666 -6.533391 -9.182647 -9999.0 -9999.0 -9999.0 -9999.0 -9999.0 -9999.0 -9999.0 -9999.0 -9999.0 -9999.0 -9999.0 -9999.0 -9999.0 -9999.0 -9999.0 -9999.0 -9999.0 -9999.0 -9999.0 -9999.0 -9999.0 -9999.0 -9999.0 -9999.0 -9999.0 -9999.0 -9999.0
-9999.0 -9999.0 -9999.0 -9999.0 -9999.0 -9999.0 -9999.0 -9999.0 -9999.0 -9999.0 -9999.0 -9999.0 -9999.0 -0.000331 0.831658 2.519983 2.751178 2.279948 3.093503 1.162280 2.553698 0.214697 0.848556 -0.002036 -0.001787 -0.002251 -4.368314 -5.258446 -6.384957 -1.835078 -1.350300 -4.807311 -6.740425 -9.911500 -7.986747 -9999.0 -9999.0 -9999.0 -9999.0 -9999.0 -9999.0 -9999.0 -9999.0 -9999.0 -9999.0 -9999.0 -9999.0 -9999.0 -9999.0 -9999.0 -9999.0 -9999.0 -9999.0 -9999.0 -9999.0 -9999.0 -9999.0 -9999.0 -9999.0 -9999.0 -9999.0 -9999.0 -9999.0
-9999.0 -9999.0 -9999.0 -9999.0 -9999.0 -9999.0 -9999.0 -9999.0 -9999.0 -9999.0 -9999.0 -9999.0 -9999.0 0.356852 0.131947 1.520002 2.095841 3.055088 3.296692 3.434312 0.353832 -0.002429 -0.002202 -0.002205 -0.001571 -0.001445 -4.158536 -6.660683 -5.907504 -8.811442 -5.402299 -10.492761 -10.921587 -12.663993 -9.557922 -9999.0 -9999.0 -9999.0 -9999.0 -9999.0 -9999.0 -9999.0 -9999.0 -9999.0 -9999.0 -9999.0 -9999.0 -9999.0 -9999.0 -9999.0 -9999.0 -9999.0 -9999.0 -9999.0 -9999.0 -9999.0 -9999.0 -9999.0 -9999.0 -9999.0 -9999.0 -9999.0 -9999.0
-9999.0 -9999.0 -9999.0 -9999.0 -9999.0 -9999.0 -9999.0 -9999.0 -9999.0 -9999.0 -9999.0 -9999.0 -0.002280 0.001684 0.955484 -0.001389 0.500753 2.385424 2.800030 2.101987 -0.002034 -0.002029 -0.002557 -0.001521 -0.000311 -4.399815 -3.439245 -5.528826 -5.298754 -6.934872 -10.463737 -7.165115 -6.027619 -10.065513 -9999.0 -9999.0 -9999.0 -9999.0 -9999.0 -9999.0 -9999.0 -9999.0 -9999.0 -9999.0 -9999.0 -9999.0 -9999.0 -9999.0 -9999.0 -9999.0 -9999.0 -9999.0 -9999.0 -9999.0 -9999.0 -9999.0 -9999.0 -9999.0 -9999.0 -9999.0 -9999.0 -9999.0 -9999.0
-9999.0 -9999.0 -9999.0 -9999.0 -9999.0 -9999.0 -9999.0 -9999.0 -9999.0 -9999.0 -9999.0 -0.001732 0.199889 0.364408 0.202986 -0.000234 0.687188 2.270166 2.812143 1.413157 0.872144 -0.000162 -1.513013 -3.945273 -0.674329 -3.703909 -5.801997 -4.594102 -4.744827 -8.701913 -7.394669 -5.222329 -6.379910 -8.360619 -7.529628 -6.111822 -5.651198 -4.731602 -4.465739 -9999.0 -9999.0 -9999.0 -8.492057 -9999.0 -9999.0 -9999.0 -9999.0 -9999.0 -9999.0 -9999.0 -9999.0 -9999.0 -9999.0 -9999.0 -9999.0 -9999.0 -9999.0 -9999.0 -9999.0 -9999.0 -9999.0 -9999.0 -9999.0
-9999.0 -9999.0 -9999.0 -9999.0 -9999.0 -9999.0 -9999.0 -9999.0 -9999.0 -9999.0 -9999.0 -0.003121 0.611761 1.753396 1.682619 -0.003914 2.878681 3.081411 2.982338 1.890604 0.389187 -0.000959 -0.007534 -2.874137 -2.276058 -4.517599 -4.907325 -3.636734 -5.141138 -8.308531 -4.624532 -4.356580 -5.924541 -6.766124 -7.559252 -4.637043 -2.944466 -2.910259 -4.524667 -8.008411 -7.946075 -8.443263 -4.869504 -6.895824 -9999.0 -9999.0 -9999.0 -6.881105 -7.760788 -7.389897 -6.672158 -8.479055 -8.701931 -4.796403 -4.658191 -9.274828 -9999.0 -9999.0 -9999.0 -9999.0 -9999.0 -9999.0 -9999.0
-9999.0 -9999.0 -9999.0 -9999.0 -9999.0 -9999.0 -9999.0 -9999.0 -9999.0 -9999.0 -9999.0 -0.754871 -0.002599 -0.002742 -0.000642 -0.001455 -0.000833 2.488282 2.210262 1.946530 1.270658 -0.001827 -0.004329 -3.170806 -4.542706 -5.619585 -0.052880 -3.790044 -5.914541 -7.183832 -6.343167 -4.359286 -3.468225 -6.403609 -6.879539 -3.326326 -3.479997 -3.009406 -1.460201 -6.263432 -4.235616 -5.719848 -3.484673 -4.450187 -6.501001 -9999.0 -9.879383 -6.451516 -4.904224 -3.829391 -3.564487 -4.368528 -4.397334 -5.103024 -5.265252 -6.243112 -9999.0 -9999.0 -9999.0 -9999.0 -9999.0 -9999.0 -9999.0
-9999.0 -9999.0 -9999.0 -9999.0 -9999.0 -9999.0 -9999.0 -9999.0 -9999.0 -9999.0 -9999.0 -9999.0 -0.002479 -0.000875 -0.000949 -0.000515 -0.002076 1.732235 2.476997 1.970599 1.062360 -0.001960 -0.010182 -0.004552 -3.382560 -0.064750 -0.001543 -3.839892 -5.190774 -6.787720 -4.875811 -4.136156 -3.509305 -5.456169 -6.009898 -4.252424 -1.555409 -0.036897 -0.002030 -3.589461 -2.273167 -4.255315 -1.971211 -0.050081 -6.407481 -6.796198 -7.872759 -6.322948 -3.509482 -1.425092 -0.000669 -3.962731 -0.004336 -4.269756 -5.247890 -5.020954 -6.103848 -9999.0 -9999.0 -9999.0 -9999.0 -9999.0 -9999.0
-9999.0 -9999.0 -9999.0 -9999.0 -9999.0 -9999.0 -9999.0 -9999.0 -9999.0 -9999.0 -9999.0 -0.000930 -2.781904 -0.169753 -0.002550 -0.001064 -0.000842 1.009825 1.921806 3.051762 1.354430 -0.002206 -0.000928 -2.066484 -0.007668 -0.005207 -0.000830 -5.416669 -5.653863 -5.259432 -1.246103 -3.214371 -2.881680 -5.302699 -7.538729 -4.654122 -4.502360 -0.348868 -0.004827 -0.006967 -0.615201 -0.002140 -0.006452 -1.420259 -0.008748 -5.255388 -4.220654 -5.112643 -4.200461 -0.003056 -4.390291 -5.130520 -6.692308 -7.692006 -8.778276 -9.575751 -6.994455 -9999.0 -9999.0 -9999.0 -9999.0 -9999.0 -9999.0
-9999.0 -9999.0 -9999.0 -9999.0 -9999.0 -9999.0 -9999.0 -9999.0 -9999.0 -9999.0 -0.000561 -0.002044 -0.007750 -0.009442 -0.001321 -0.000675 -0.000723 -0.002241 2.506838 2.708898 0.532954 0.013743 -0.755571 -0.001559 -0.001058 -0.000381 -2.845263 -5.328176 -3.615250 -2.427849 -2.408802 -2.364367 -2.635628 -5.298919 -9.341561 -6.314876 -3.395024 -1.817343 -0.041593 -0.001804 -0.001551 0.002361 0.220014 0.266291 -0.001317 -5.071621 -4.054119 -1.345644 -1.554789 -0.000986 -6.208428 -7.537917 -9.272089 -10.455655 -10.131399 -5.337588 -5.151548 -9999.0 -9999.0 -9999.0 -9999.0 -9999.0 -9999.0
-9999.0 -9999.0 -9999.0 -9999.0 -9999.0 -9999.0 -9999.0 -9999.0 -9999.0 -4.319591 -0.001671 -0.002493 -0.004596 -0.002175 -0.000858 -0.002006 -0.001010 -0.000204 2.251547 3.139464 0.870816 -0.003272 -0.001702 -0.001733 -0.000386 -1.662493 -3.577993 -2.141442 -0.003779 -0.001084 -0.000912 -1.858758 -6.016655 -9.142530 -8.205715 -6.439683 -4.667313 -2.495451 -1.506154 -0.002049 -0.180692 -0.002150 -0.628537 0.947507 0.307997 -0.002483 -0.001985 -0.714050 -0.513259 -0.000165 -2.931056 -7.020730 -11.432725 -10.127307 -8.246538 -6.959625 -5.847447 -6.549783 -7.862530 -9999.0 -9999.0 -9999.0 -9999.0
-9999.0 -9999.0 -9999.0 -9999.0 -9999.0 -9999.0 -9999.0 -9999.0 -9999.0 -5.751597 -4.553588 -2.662300 -0.000007 -0.001171 -0.001341 -0.002317 -0.000949 -0.001024 2.839020 1.832290 1.466357 0.528066 0.007364 -0.000235 -1.275079 -1.032864 -0.002023 -0.001089 -0.001086 -0.000593 -0.002260 -2.241159 -4.224601 -6.332985 -5.082219 -6.429932 -5.884203 -4.582839 -4.524000 -2.058523 -0.001000 -2.762296 -0.002035 -0.001184 1.585032 0.634218 0.297111 -0.002033 -0.001977 -0.000985 -3.104223 -6.409466 -9.590245 -8.474209 -7.192154 -7.683223 -5.741817 -4.526178 -5.502602 -9999.0 -9999.0 -9999.0 -9999.0
-9999.0 -9999.0 -9999.0 -9999.0 -9999.0 -9999.0 -9999.0 -9999.0 -9999.0 -9999.0 -5.079457 -2.761005 -0.000973 -0.000159 -0.001772 -0.001322 -0.001061 0.106105 3.633894 2.688388 1.510974 1.411679 -0.001879 -0.010826 -0.008546 -0.001191 -0.001146 -0.000579 -0.002146 -1.789375 -2.144257 -0.003035 -4.767400 -5.732266 -3.630798 -3.958607 -0.031003 -0.003669 -5.853626 -4.701893 -5.146641 -0.011306 -0.000274 -0.002180 -0.001153 -0.001818 0.420091 0.127116 0.966059 -0.001732 -2.054981 -3.586104 -8.355440 -9.315255 -8.613208 -6.461271 -4.333088 -0.001508 -2.155353 -0.001127 -9999.0 -9999.0 -9999.0
-9999.0 -9999.0 -9999.0 -9999.0 -9999.0 -9999.0 -9999.0 -9999.0 -9999.0 -9999.0 -5.310209 -4.049394 -1.128851 -0.002045 0.017652 -0.002787 -0.002549 1.455962 4.031557 3.595026 2.546817 0.233023 -0.002434 -0.002031 -0.001299 -0.001082 0.338326 -0.002012 -1.481434 -4.442259 -4.773937 -4.343833 -5.335095 -6.533297 -4.674788 -1.726498 -0.001293 -0.002658 -2.974415 -5.592192 -4.414614 -3.678762 -2.350711 -3.101777 -0.000732 -0.426834 -0.000788 -0.001171 1.678873 0.689545 -0.002317 -2.921338 -5.059693 -7.848437 -9.972682 -9.139693 -6.516146 -0.968417 0.642327 0.450568 -9999.0 -9999.0 -9999.0
-9999.0 -9999.0 -9999.0 -9999.0 -9999.0 -9999.0 -9999.0 -9999.0 -3.106792 -4.909560 -5.865376 -3.383262 -3.549324 -2.420413 -0.069616 0.855062 1.764933 1.450424 3.406507 4.134013 4.336285 2.899560 1.733109 -0.003438 -0.001719 1.336344 0.001689 -0.990482 -2.532773 -4.409249 -9.200338 -4.707372 -4.658221 -6.225901 -4.260397 -4.356411 -0.002258 -0.002009 -2.750347 -6.461146 -5.156660 -2.378019 -4.389103 -6.026384 -4.074805 -0.001284 -2.559368 -0.001999 -0.001232 0.987294 -0.002032 -0.899118 -3.959046 -6.867393 -8.653215 -5.710568 -6.223773 -0.001705 -0.001339 2.670642 -9999.0 -9999.0 -9999.0
-9999.0 -9999.0 -9999.0 -9999.0 -9999.0 -9999.0 -9999.0 -9999.0 -3.911365 -2.130351 -3.882265 -5.692466 -4.359114 -0.892385 -1.061299 -0.001877 0.718204 1.292145 4.672694 4.655463 3.729159 2.887683 1.412595 0.111714 2.165454 2.223274 0.225576 -0.001996 -5.083204 -5.511199 -6.307531 -5.983199 -4.287767 -5.792032 -3.596498 -1.899653 -0.002047 -0.001983 -0.008194 -3.494651 -4.843665 -7.808537 -5.621231 -3.302975 -0.002856 -0.012042 -4.756578 -3.685680 -0.003086 0.924839 0.491518 -0.001740 -4.009072 -6.337681 -4.243839 -4.072520 -1.213795 -0.001968 1.212181 3.640738 4.713229 -9999.0 -9999.0
-9999.0 -9999.0 -9999.0 -9999.0 -9999.0 -9999.0 -9999.0 -9999.0 -4.658563 -2.842870 -3.414120 -4.696033 -4.874739 -4.093118 -0.002762 -0.979458 -0.003052 0.649759 4.611036 3.870288 5.120448 3.778199 3.092499 3.210272 1.915886 1.946532 -0.001640 -1.427164 -5.096762 -4.659797 -5.410920 -1.911337 -3.023919 -2.648102 -0.067578 -0.015494 -0.003034 1.064691 -0.002744 -1.247919 -3.681578 -5.267485 -3.291185 -2.577410 -1.939587 -3.426637 -6.389585 -4.497768 -2.915803 -0.001114 1.915812 -0.002031 -4.668051 -4.098621 -2.415686 -0.002691 -0.000284 1.094941 3.209184 3.437804 4.283162 -9999.0 -9999.0
-9999.0 -9999.0 -9999.0 -9999.0 -9999.0 -9999.0 -9999.0 -9999.0 -7.301400 -3.361635 -0.002855 -4.956194 -4.312509 -0.001818 -0.431188 -0.001627 2.967185 4.356048 2.306937 4.970674 4.520838 4.953501 3.887365 3.354960 2.624100 0.299994 -0.001918 -2.194560 -0.020275 -1.252709 -0.995733 -0.565658 -0.003141 -0.002000 -0.005223 -0.004508 -0.000463 2.724517 -0.000790 -0.002158 -2.701977 -2.216814 -2.432548 -4.133644 -4.183405 -5.168517 -3.544917 -4.423736 -4.282335 -1.336890 -0.001767 1.523055 -0.001969 -0.000656 -0.000595 0.337397 1.848629 2.920321 4.346069 4.055040 3.109886 1.748942 -9999.0
-9999.0 -9999.0 -9999.0 -9999.0 -9999.0 -9999.0 -9999.0 -9999.0 -7.248956 -3.606758 -0.001134 -1.762079 -0.655811 -0.082566 -0.000212 0.730486 0.841800 1.458447 -0.002320 1.678092 3.922941 4.251162 4.584763 4.284499 1.040740 -0.002874 -1.281951 -0.001153 -0.001129 -0.001057 -0.263012 -0.000865 0.613667 -0.000647 -0.001424 -0.001405 0.859450 4.588506 3.982194 0.510893 -0.001334 -0.001557 -0.001699 -0.002278 -1.061517 -0.012977 -0.003770 -0.006096 -0.004346 -0.001660 0.011745 0.912021 1.285781 0.415644 1.042700 1.396411 2.128838 2.860813 3.428733 3.049316 2.922273 1.179469 -9999.0
-9999.0 -9999.0 -4.227996 -3.268526 -4.332563 -1.799575 -3.990546 -3.647376 -5.519529 -4.505232 -0.948461 -0.000407 -0.088615 -0.000666 0.003434 0.371849 -0.001238 -1.392994 -0.002012 -0.001951 1.585308 4.174387 3.480547 5.485457 2.320630 0.961019 -0.002925 -0.002573 1.279651 -0.000047 -0.002062 -0.001889 1.066426 1.955936 2.050008 3.247500 4.290910 6.875785 5.802019 3.176618 2.043142 2.060443 2.631841 0.836797 -0.001182 -0.001501 0.052184 0.753565 0.821521 1.822310 2.494900 2.409762 1.813124 1.376517 1.325983 1.522183 1.885146 2.225812 1.806085 2.333957 0.218264 0.454164 -9999.0
-9999.0 -0.002163 -0.006402 -0.009327 -1.671654 -3.590716 -3.981848 -4.017858 -5.043062 -5.648724 -2.982296 -1.035522 -0.000016 0.004030 0.013338 -0.436720 -0.011177 -2.678429 -0.000894 -0.002140 1.406255 2.863846 1.681450 3.296350 2.454233 2.003747 0.701380 0.993480 2.318619 1.342950 1.129820 1.125956 2.507714 3.412777 4.780400 5.986994 7.445751 10.116906 7.597597 6.127235 5.292560 5.113625 4.407391 3.377800 2.231869 2.643256 2.607747 4.529079 3.955353 4.545103 3.135001 2.391123 1.646629 0.924596 0.858458 0.413110 0.290212 0.617503 0.096715 -0.000042 -0.000382 0.247947 -9999.0
-9999.0 -0.001971 -0.019268 -0.002027 -0.000027 -2.438962 -2.727275 -4.531464 -5.842572 -5.977060 -3.543072 -1.424486 -0.001922 0.014283 -0.021492 -2.646685 -3.835795 -3.171393 -0.002023 -0.003180 0.000006 1.093198 1.835602 0.867079 1.752908 2.639062 4.824450 4.288141 3.739379 5.261328 5.794766 5.457849 4.227900 5.112310 5.871060 7.968358 9.492790 10.566102 10.139369 9.276017 8.494726 7.614392 6.503210 7.171937 7.306915 7.010475 5.207923 5.003703 4.514494 3.868504 2.265202 1.227231 0.378615 1.036163 0.281096 -0.001105 -0.002661 -0.001320 -0.001789 -0.001644 -0.000839 -9999.0 -9999.0
