user2019/resources/simulation/Vinschgau/output-maps/TsL0007N0147.asc
ncols         63
nrows         48
xllcorner     598000.000000
yllcorner     5145000.000000
cellsize      1000.000000
NODATA_value  -9999.0
[rows 0 to 27 of 48, columns 0 to 61 of 63]
-9999.0 -9999.0 -9999.0 -9999.0 -9999.0 -9999.0 -9999.0 -9999.0 -9999.0 -9999.0 -9999.0 -9999.0 -9999.0 -9999.0 -9999.0 -9999.0 -9999.0 -9999.0 -9999.0 -9999.0 -9999.0 -9999.0 -9999.0 -9999.0 -9999.0 -9999.0 -9999.0 -9999.0 -9999.0 -9999.0 -9999.0 -9999.0 -9999.0 -9999.0 -9999.0 -9999.0 -9999.0 -9999.0 -9999.0 -9999.0 -9999.0 -9999.0 -9999.0 -9999.0 -9999.0 -9999.0 -9999.0 -9999.0 -9999.0 -9999.0 -9999.0 -9999.0 -9999.0 -9999.0 -9999.0 -9999.0 -9999.0 -9999.0 -9999.0 -9999.0 -9999.0 -9999.0
-9999.0 -9999.0 -9999.0 -9999.0 -9999.0 -9999.0 -9999.0 -9999.0 -9999.0 -9999.0 -9999.0 -9999.0 -9999.0 -9999.0 -9999.0 -9999.0 -9999.0 -9999.0 -9999.0 -9999.0 -9999.0 -9999.0 -9999.0 -9999.0 -9999.0 -9999.0 -9999.0 -1.477135 -1.710472 -2.831994 -2.983063 -3.979190 -4.197674 -9999.0 -9999.0 -9999.0 -9999.0 -9999.0 -9999.0 -9999.0 -9999.0 -9999.0 -9999.0 -9999.0 -9999.0 -9999.0 -9999.0 -9999.0 -9999.0 -9999.0 -9999.0 -9999.0 -9999.0 -9999.0 -9999.0 -9999.0 -9999.0 -9999.0 -9999.0 -9999.0 -9999.0 -9999.0
-9999.0 -9999.0 -9999.0 -9999.0 -9999.0 -9999.0 -9999.0 -9999.0 -9999.0 -9999.0 -9999.0 -9999.0 -9999.0 -9999.0 -9999.0 -9999.0 -9999.0 -9999.0 -9999.0 -9999.0 -9999.0 -9999.0 -9999.0 -9999.0 -0.611439 -0.670349 -1.707263 -1.917153 -1.406446 -2.370477 -2.170020 -9999.0 -9999.0 -9999.0 -9999.0 -9999.0 -9999.0 -9999.0 -9999.0 -9999.0 -9999.0 -9999.0 -9999.0 -9999.0 -9999.0 -9999.0 -9999.0 -9999.0 -9999.0 -9999.0 -9999.0 -9999.0 -9999.0 -9999.0 -9999.0 -9999.0 -9999.0 -9999.0 -9999.0 -9999.0 -9999.0 -9999.0
-9999.0 -9999.0 -9999.0 -9999.0 -9999.0 -9999.0 -9999.0 -9999.0 -9999.0 -9999.0 -9999.0 -9999.0 -9999.0 -9999.0 -9999.0 -9999.0 -9999.0 -9999.0 -9999.0 -9999.0 -9999.0 -9999.0 -9999.0 -0.631879 -0.632607 -0.004033 -0.003291 -0.002907 -0.735545 -3.311200 -2.878525 -0.927964 -9999.0 -9999.0 -9999.0 -9999.0 -9999.0 -9999.0 -9999.0 -9999.0 -9999.0 -9999.0 -9999.0 -9999.0 -9999.0 -9999.0 -9999.0 -9999.0 -9999.0 -9999.0 -9999.0 -9999.0 -9999.0 -9999.0 -9999.0 -9999.0 -9999.0 -9999.0 -9999.0 -9999.0 -9999.0 -9999.0
-9999.0 -9999.0 -9999.0 -9999.0 -9999.0 -9999.0 -9999.0 -9999.0 -9999.0 -9999.0 -9999.0 -9999.0 -9999.0 -9999.0 -9999.0 -9999.0 -9999.0 -9999.0 -0.002400 -0.004188 -9999.0 -0.602763 -0.622187 -0.001540 -0.002437 -4.474005 -0.855023 -0.773575 -0.003197 -0.665392 -3.587794 -2.404341 -4.079859 -4.823704 -9999.0 -9999.0 -9999.0 -9999.0 -9999.0 -9999.0 -9999.0 -9999.0 -9999.0 -9999.0 -9999.0 -9999.0 -9999.0 -9999.0 -9999.0 -9999.0 -9999.0 -9999.0 -9999.0 -9999.0 -9999.0 -9999.0 -9999.0 -9999.0 -9999.0 -9999.0 -9999.0 -9999.0
-9999.0 -9999.0 -9999.0 -9999.0 -9999.0 -9999.0 -9999.0 -9999.0 -9999.0 -9999.0 -9999.0 -9999.0 -9999.0 -9999.0 -9999.0 -9999.0 -9999.0 -3.193426 -1.640470 -1.214510 -0.857500 -0.020403 -0.501968 -0.876143 -0.004026 -1.094142 -0.633813 -0.615501 -0.687124 -0.866409 -0.743000 -3.460055 -4.001079 -4.541109 -3.562578 -5.200527 -9999.0 -9999.0 -9999.0 -9999.0 -9999.0 -9999.0 -9999.0 -9999.0 -9999.0 -9999.0 -9999.0 -9999.0 -9999.0 -9999.0 -9999.0 -9999.0 -9999.0 -9999.0 -9999.0 -9999.0 -9999.0 -9999.0 -9999.0 -9999.0 -9999.0 -9999.0
-9999.0 -9999.0 -9999.0 -9999.0 -9999.0 -9999.0 -9999.0 -9999.0 -9999.0 -9999.0 -9999.0 -9999.0 -9999.0 -0.579870 -0.004962 -0.010613 -0.015099 -1.706325 -2.994437 -0.470515 -0.003121 -0.002840 -1.205611 -0.002643 -1.890139 -1.007657 -2.245073 -0.703987 -1.258933 -0.617197 -0.659153 -1.238360 -2.633607 -4.997858 -5.766406 -5.912654 -9999.0 -9999.0 -9999.0 -9999.0 -9999.0 -9999.0 -9999.0 -9999.0 -9999.0 -9999.0 -9999.0 -9999.0 -9999.0 -9999.0 -9999.0 -9999.0 -9999.0 -9999.0 -9999.0 -9999.0 -9999.0 -9999.0 -9999.0 -9999.0 -9999.0 -9999.0
-9999.0 -9999.0 -9999.0 -9999.0 -9999.0 -9999.0 -9999.0 -9999.0 -9999.0 -9999.0 -9999.0 -9999.0 -9999.0 -0.459931 -0.002039 -0.008584 -0.008862 -0.003046 -2.270206 -2.247110 -5.721789 -1.343728 -0.565668 -0.876196 -0.719845 -0.639387 -2.029580 -4.264328 -4.501651 -1.938330 -0.647224 -4.766120 -5.751252 -6.341056 -6.231083 -9999.0 -9999.0 -9999.0 -9999.0 -9999.0 -9999.0 -9999.0 -9999.0 -9999.0 -9999.0 -9999.0 -9999.0 -9999.0 -9999.0 -9999.0 -9999.0 -9999.0 -9999.0 -9999.0 -9999.0 -9999.0 -9999.0 -9999.0 -9999.0 -9999.0 -9999.0 -9999.0
-9999.0 -9999.0 -9999.0 -9999.0 -9999.0 -9999.0 -9999.0 -9999.0 -9999.0 -9999.0 -9999.0 -9999.0 -9999.0 -0.004850 -0.002496 -0.003516 -0.008851 -0.011402 -2.289856 -0.015591 -0.006669 -2.531582 -0.780731 -0.589150 -0.580125 -0.301029 -2.106309 -4.322667 -2.129496 -5.138157 -4.456089 -5.962536 -6.053529 -6.520337 -6.656732 -9999.0 -9999.0 -9999.0 -9999.0 -9999.0 -9999.0 -9999.0 -9999.0 -9999.0 -9999.0 -9999.0 -9999.0 -9999.0 -9999.0 -9999.0 -9999.0 -9999.0 -9999.0 -9999.0 -9999.0 -9999.0 -9999.0 -9999.0 -9999.0 -9999.0 -9999.0 -9999.0
-9999.0 -9999.0 -9999.0 -9999.0 -9999.0 -9999.0 -9999.0 -9999.0 -9999.0 -9999.0 -9999.0 -9999.0 -0.525815 -0.002241 -0.002230 -0.883805 -0.006441 -0.009112 -0.002232 -4.078855 -0.828006 -0.603392 -0.613351 -0.610374 -0.021752 -3.593538 -0.634620 -0.845436 -2.326293 -4.748511 -4.674666 -3.703232 -4.111684 -5.654992 -9999.0 -9999.0 -9999.0 -9999.0 -9999.0 -9999.0 -9999.0 -9999.0 -9999.0 -9999.0 -9999.0 -9999.0 -9999.0 -9999.0 -9999.0 -9999.0 -9999.0 -9999.0 -9999.0 -9999.0 -9999.0 -9999.0 -9999.0 -9999.0 -9999.0 -9999.0 -9999.0 -9999.0
-9999.0 -9999.0 -9999.0 -9999.0 -9999.0 -9999.0 -9999.0 -9999.0 -9999.0 -9999.0 -9999.0 -0.532785 -0.621856 -0.004175 -0.624806 -0.602135 -2.593876 -0.009738 0.000615 -3.685751 -1.574927 -0.005946 -0.598491 -2.434702 -0.631908 -0.853505 -3.818209 -0.810835 -0.911179 -5.254354 -2.501476 -3.395870 -4.224636 -6.288547 -6.450188 -8.177025 -10.280929 -11.735166 -11.635857 -9999.0 -9999.0 -9999.0 -6.589559 -9999.0 -9999.0 -9999.0 -9999.0 -9999.0 -9999.0 -9999.0 -9999.0 -9999.0 -9999.0 -9999.0 -9999.0 -9999.0 -9999.0 -9999.0 -9999.0 -9999.0 -9999.0 -9999.0
-9999.0 -9999.0 -9999.0 -9999.0 -9999.0 -9999.0 -9999.0 -9999.0 -9999.0 -9999.0 -9999.0 -0.602263 -0.585142 -0.675005 -0.458362 -1.202819 -0.036080 -1.303962 0.000223 -0.000619 -0.002594 -0.001993 -0.595928 -0.622638 -0.621250 -2.084910 -1.341409 -1.464862 -1.782495 -4.344629 -3.063086 -3.940059 -5.469028 -4.069331 -6.655084 -9.085437 -11.213506 -13.957416 -15.026341 -13.848510 -12.776778 -9.212128 -6.998255 -5.489328 -9999.0 -9999.0 -9999.0 -0.005843 -0.634233 -0.642842 -0.114622 -0.683314 -0.653015 -0.004283 -0.004155 -0.573427 -9999.0 -9999.0 -9999.0 -9999.0 -9999.0 -9999.0
-9999.0 -9999.0 -9999.0 -9999.0 -9999.0 -9999.0 -9999.0 -9999.0 -9999.0 -9999.0 -9999.0 -0.581795 -0.581851 -1.977277 -0.024080 -1.058986 -0.749744 -1.386175 -0.003000 -0.004463 -0.006677 -0.757776 -0.665431 -0.636396 -2.657300 -2.359780 -0.659073 -1.439297 -3.478952 -2.423592 -4.437432 -3.836807 -4.042981 -5.456275 -7.552835 -10.694940 -11.646726 -8.178214 -7.158686 -15.402890 -12.016850 -11.213421 -6.917792 -5.745102 -2.206717 -9999.0 -2.091261 -0.636854 -0.503473 -0.006330 -0.529998 -0.608265 -0.001101 -0.000979 -0.000576 -0.002028 -9999.0 -9999.0 -9999.0 -9999.0 -9999.0 -9999.0
-9999.0 -9999.0 -9999.0 -9999.0 -9999.0 -9999.0 -9999.0 -9999.0 -9999.0 -9999.0 -9999.0 -9999.0 -0.582669 -0.028601 -0.004957 -0.467938 -0.766657 -1.152197 -0.003423 -0.004646 -1.192148 -0.741394 -0.636110 -0.686378 -1.284642 -0.641766 -0.002827 -2.956457 -2.252666 -2.118262 -2.010530 -3.474253 -4.216647 -4.760023 -6.548356 -9.721854 -10.955290 -8.630175 -7.166020 -9.978808 -10.621262 -10.238930 -8.602984 -1.043684 -4.368519 -0.724596 -0.707534 -0.670081 -0.567802 -0.519389 -0.016957 -0.008637 -0.005886 -0.006567 -0.555861 -0.562666 -0.005013 -9999.0 -9999.0 -9999.0 -9999.0 -9999.0
-9999.0 -9999.0 -9999.0 -9999.0 -9999.0 -9999.0 -9999.0 -9999.0 -9999.0 -9999.0 -9999.0 -0.026240 -0.626957 -0.594137 -0.540452 -0.539526 -0.635101 -1.084043 -0.002461 -2.412540 -1.314025 -0.003446 -0.469620 -0.699057 -0.632599 -0.006159 -0.032962 -2.816775 -1.508726 -2.457135 -1.883834 -2.283517 -1.538590 -4.412331 -7.182205 -9.050047 -12.685005 -10.002675 -3.141082 -10.585973 -9.590263 -8.308713 -8.275924 -8.027415 -0.942351 -0.630202 -0.601180 -0.797383 -0.603763 -2.924476 -1.061325 -0.691873 -0.615444 -1.997016 -0.997155 -1.906320 -0.574341 -9999.0 -9999.0 -9999.0 -9999.0 -9999.0
-9999.0 -9999.0 -9999.0 -9999.0 -9999.0 -9999.0 -9999.0 -9999.0 -9999.0 -9999.0 -0.010337 -0.532666 -0.005409 -0.567013 -0.004481 -0.025146 -0.674020 -0.771053 -0.008913 -0.009782 -0.003196 -0.005756 -0.761029 -0.003293 -0.007511 -0.015786 -1.371278 -3.745090 -0.692392 -0.632356 -0.904462 -0.898507 -2.066001 -4.540911 -7.191145 -7.931300 -10.896341 -11.061084 -8.129742 -6.879255 -7.426856 -8.498730 -6.311427 -4.040427 -1.355528 -3.871004 -0.591717 -2.086804 -0.662183 -0.763830 -0.845870 -1.907636 -1.605364 -2.085213 -1.592290 -0.002599 -0.002520 -9999.0 -9999.0 -9999.0 -9999.0 -9999.0
-9999.0 -9999.0 -9999.0 -9999.0 -9999.0 -9999.0 -9999.0 -9999.0 -9999.0 -0.648251 -0.012055 -0.012803 -0.046011 -0.637414 -0.006959 -0.600459 -0.578238 -0.003657 -1.412279 -2.334720 -0.004936 -1.015210 -1.032420 -0.948835 -0.013231 -1.724440 -1.933369 -0.029320 -0.879934 -0.831280 -1.568782 -3.224766 -5.311906 -5.744523 -5.972741 -6.952209 -5.956553 -7.798621 -7.647385 -8.879354 -8.182091 -4.314824 -4.630453 -5.553111 -7.590379 -3.265378 -0.004928 -1.920745 -0.903134 -0.009110 -0.636438 -0.639469 -2.285732 -0.673860 -0.606162 -0.554441 -0.004570 -0.016460 -0.348150 -9999.0 -9999.0 -9999.0
-9999.0 -9999.0 -9999.0 -9999.0 -9999.0 -9999.0 -9999.0 -9999.0 -9999.0 -0.671838 -0.629712 -0.567361 -0.002445 -0.179501 -0.025768 -0.490809 -0.002927 -0.812402 -1.843260 -0.005289 -0.005512 -2.598458 -0.009151 -0.004059 -1.291985 -0.749344 -0.728703 -0.465682 -1.657072 -0.872828 -1.550328 -3.958498 -2.957446 -1.919058 -3.839003 -5.670197 -6.481009 -6.467474 -5.802339 -3.679953 -1.036586 -3.638441 -1.749605 -3.572090 -2.405237 -2.993852 -5.861838 -4.630405 -0.664567 -0.871026 -0.550753 -0.689347 -0.661657 -0.627137 -1.458917 -0.007730 -0.004260 -0.005191 -0.172886 -9999.0 -9999.0 -9999.0
-9999.0 -9999.0 -9999.0 -9999.0 -9999.0 -9999.0 -9999.0 -9999.0 -9999.0 -9999.0 -0.626500 -0.565598 -0.618350 -0.011862 -0.853588 -0.006209 -0.005041 -0.003017 -5.583548 -0.019597 -0.004302 -1.203616 -0.004531 -0.656883 -0.779446 -0.727745 -1.547963 -5.214098 -0.763939 -0.759250 -1.936123 -0.119488 -2.871245 -3.373224 -2.434360 -0.935060 -0.817306 -2.592057 -4.693877 -4.375806 -4.766507 -0.681151 -1.032253 -0.668234 -3.393347 -5.520390 -2.688968 -0.003758 -6.151144 -2.578458 -0.614403 -0.574705 -0.677950 -0.630230 -0.617560 -0.626291 -0.482947 -0.371248 -0.003554 -0.003065 -9999.0 -9999.0
-9999.0 -9999.0 -9999.0 -9999.0 -9999.0 -9999.0 -9999.0 -9999.0 -9999.0 -9999.0 -0.635581 -0.611280 -0.585620 -0.007124 -0.002850 -0.477111 -0.871189 -0.008723 -3.030094 -1.670954 -2.067698 -1.153702 -0.004116 -0.682524 -0.732969 -4.411132 -2.506642 -1.103331 -0.700668 -3.167966 -2.968750 -0.631091 -3.505244 -3.137511 -3.190642 -1.639725 -2.529995 -3.455266 -3.980028 -2.756747 -0.628468 -0.669952 -0.597705 -2.313282 -0.015971 -0.548659 -0.499626 -1.977473 -6.534993 -3.687968 -2.328300 -0.539485 -0.018440 -0.631636 -0.655047 -0.625531 -0.604077 -0.003553 -3.071920 -0.005721 -9999.0 -9999.0
-9999.0 -9999.0 -9999.0 -9999.0 -9999.0 -9999.0 -9999.0 -9999.0 -0.005136 -0.539301 -1.002514 -0.621574 -0.568585 -0.580117 -0.089834 -0.012011 -1.631100 -1.865505 -0.017482 -0.018222 -3.551697 -5.816488 -5.334009 -1.475336 -1.439869 -5.120335 -0.004004 -0.752124 -0.657716 -1.547308 -4.578869 -2.621778 -1.626460 -1.009368 -0.644020 -3.604304 -0.606757 -2.212671 -3.836840 -0.993710 -2.590440 -0.799528 -3.173364 -3.613697 -0.614023 -0.006554 -1.174952 -0.008501 -1.356517 -0.008752 -0.035194 -0.526100 -0.005315 -0.634243 -0.654362 -0.000609 -0.150144 -0.002872 -0.564653 -4.039113 -9999.0 -9999.0
-9999.0 -9999.0 -9999.0 -9999.0 -9999.0 -9999.0 -9999.0 -9999.0 -0.830439 -0.047198 -1.215480 -1.777170 -0.649768 -0.630220 -0.381521 -0.880860 -0.003458 -0.007191 -2.892387 -0.009156 -0.013473 -0.315275 -2.664378 -4.603770 -6.132857 -3.710565 -0.009207 -0.782910 -2.692879 -0.721220 -0.713991 -1.865283 -0.660761 -0.714530 -0.487388 -0.517176 -0.597799 -0.730119 -1.692972 -0.654382 -1.481242 -3.680291 -2.944144 -0.530534 -0.496789 -0.504979 -1.747967 -0.836599 -0.484600 -0.477572 -1.707212 -0.505190 -0.320201 -0.001622 -0.594302 -0.541560 -0.501606 -0.605857 -2.928301 -0.000347 0.002547 -9999.0
-9999.0 -9999.0 -9999.0 -9999.0 -9999.0 -9999.0 -9999.0 -9999.0 -0.634697 -0.559739 -0.011329 -1.231658 -0.593805 -1.687605 -0.004900 -0.762515 -2.717304 -1.417044 -2.799500 -0.041172 -0.005729 -0.090213 -2.000688 -2.901259 -0.439113 -1.744741 -1.056112 -0.710034 -4.164381 -1.151821 -1.480076 -0.583489 -1.256828 -2.713632 -0.005823 -0.410372 -0.582208 -1.263581 -1.007130 -0.659473 -0.692411 -0.699565 -0.006184 -0.592509 -0.609371 -0.640297 -0.667688 -0.004636 -0.553804 -0.699965 -0.009774 -0.612341 -0.537678 -0.524239 -0.941518 -0.514485 -0.890274 -2.915195 -2.196612 -0.003471 0.000931 -9999.0
-9999.0 -9999.0 -9999.0 -9999.0 -9999.0 -9999.0 -9999.0 -9999.0 -3.361552 -0.578631 -0.004544 -2.422711 -0.004450 -0.005174 -0.687769 -2.406775 -5.517489 -1.934793 -2.354274 -0.153331 -0.012024 -0.002349 -0.002961 -0.007999 -0.006081 -0.002893 -0.004438 -1.352147 -0.003714 -0.569745 -1.141987 -0.684643 -0.757342 -0.681862 -0.643305 -0.685324 -0.596842 -0.003744 -1.636300 -0.713514 -0.692445 -0.380569 -0.102210 -0.931414 -0.005068 -0.687978 -0.004980 -0.620021 -0.003413 -0.513388 -0.003028 -2.055603 -0.812454 -0.003053 -1.205422 -2.604021 -2.510160 -0.006505 0.004015 0.001347 -0.005347 -0.001479
-9999.0 -9999.0 -9999.0 -9999.0 -9999.0 -9999.0 -9999.0 -9999.0 -0.672828 -0.541079 -0.004916 -0.008692 -0.002095 -1.026853 -0.002569 -0.012006 -0.005740 -1.377322 -0.004647 -0.749644 -2.496043 -0.003033 -0.002929 -0.009631 -1.426359 -0.002746 -0.712393 -0.004836 -0.006049 -0.003462 -0.654584 -0.003319 -2.580706 -0.004400 -1.059326 -0.624470 -0.643540 -0.002689 -2.947673 -0.563854 -1.205993 -0.827492 -0.671860 -0.735359 -0.755292 -0.427564 -0.585805 -0.632535 -0.613820 -2.579976 -2.241127 -3.569704 -2.105885 -2.850813 -2.605662 -0.004373 -0.000862 -0.000777 -0.003913 -2.807009 -2.695612 -0.001438
-9999.0 -9999.0 -0.612628 -0.565755 -0.563065 -0.557597 -0.507306 -0.589020 -0.623620 -0.490637 -0.520046 -0.005450 -0.009800 -0.002707 -1.693006 -0.004215 -1.183003 -0.566759 -0.557677 -0.003185 -0.522201 -3.061784 -0.003376 -2.696797 -0.358185 -3.322391 -0.005242 -0.988938 -4.654981 -0.002526 -0.024309 -0.003522 -0.001773 -0.993919 -0.918126 -0.652934 -0.739256 -0.426043 -1.005306 -0.682188 -0.626766 -0.932630 -4.516631 -0.015115 -0.629644 -0.636554 -0.900840 -0.008498 -3.657401 -3.688295 -2.478182 -0.004268 -0.000829 -0.001495 -0.001596 -0.002931 -0.004841 -0.005494 -2.484039 -2.491424 -0.000638 -0.000573
-9999.0 -0.025449 -0.042429 -0.252984 -0.553839 -0.005502 -0.543504 -0.609762 -0.616988 -0.621824 -0.544261 -0.003989 -0.003596 0.013010 0.004452 -0.002760 -0.555611 -0.584055 -0.008252 -0.003502 -1.138813 -4.643073 -0.010456 -0.005262 -0.014099 -2.768468 -1.588944 -1.531481 -4.859816 -1.479041 -2.769469 -0.850324 -1.008219 -0.008229 -0.882210 -0.007668 -0.838966 -0.815905 -0.005314 -0.007550 -0.657004 -1.216636 -1.688292 -1.031297 -1.734750 -3.967087 -2.598294 -4.388703 -2.239312 -0.010152 -0.001086 -0.001858 -0.005961 -0.006558 -0.006399 -0.007716 -0.001784 -0.001526 -0.001441 -0.001837 -0.000234 -0.000358
-9999.0 -0.480716 -0.003951 -0.003800 -0.001960 -0.003928 -0.614529 -0.677519 -0.629955 -0.635056 -0.590703 -0.004010 -0.003329 0.005987 -0.790493 -0.542384 -0.580947 -0.568101 -0.003330 -0.730681 -0.001905 -0.006495 -2.835143 -0.015012 -0.006463 -0.005704 -0.005483 -0.003041 -0.003176 -4.127048 -3.676977 -3.006891 -2.744889 -1.243666 -0.006428 -0.008189 -0.001748 0.020569 -0.002944 -0.003713 -0.004849 -0.004897 -2.299818 -1.339115 -2.547935 -2.493206 0.004707 0.010375 -0.000653 -0.000672 -0.013312 -1.532516 -0.002256 -0.182184 -0.223556 -0.002464 -0.002493 -0.006012 -0.004957 -0.004065 -0.003260 -9999.0
