user2019/resources/simulation/Vinschgau/output-maps/TsL0005N0662.asc
ncols         63
nrows         48
xllcorner     598000.000000
yllcorner     5145000.000000
cellsize      1000.000000
NODATA_value  -9999.0
[rows 0 to 27 of 48, columns 0 to 62 of 63]
-9999.0 -9999.0 -9999.0 -9999.0 -9999.0 -9999.0 -9999.0 -9999.0 -9999.0 -9999.0 -9999.0 -9999.0 -9999.0 -9999.0 -9999.0 -9999.0 -9999.0 -9999.0 -9999.0 -9999.0 -9999.0 -9999.0 -9999.0 -9999.0 -9999.0 -9999.0 -9999.0 -9999.0 -9999.0 -9999.0 -9999.0 -9999.0 -9999.0 -9999.0 -9999.0 -9999.0 -9999.0 -9999.0 -9999.0 -9999.0 -9999.0 -9999.0 -9999.0 -9999.0 -9999.0 -9999.0 -9999.0 -9999.0 -9999.0 -9999.0 -9999.0 -9999.0 -9999.0 -9999.0 -9999.0 -9999.0 -9999.0 -9999.0 -9999.0 -9999.0 -9999.0 -9999.0 -9999.0
-9999.0 -9999.0 -9999.0 -9999.0 -9999.0 -9999.0 -9999.0 -9999.0 -9999.0 -9999.0 -9999.0 -9999.0 -9999.0 -9999.0 -9999.0 -9999.0 -9999.0 -9999.0 -9999.0 -9999.0 -9999.0 -9999.0 -9999.0 -9999.0 -9999.0 -9999.0 -9999.0 12.796652 11.136055 12.941153 9.045843 9.383798 9.449776 -9999.0 -9999.0 -9999.0 -9999.0 -9999.0 -9999.0 -9999.0 -9999.0 -9999.0 -9999.0 -9999.0 -9999.0 -9999.0 -9999.0 -9999.0 -9999.0 -9999.0 -9999.0 -9999.0 -9999.0 -9999.0 -9999.0 -9999.0 -9999.0 -9999.0 -9999.0 -9999.0 -9999.0 -9999.0 -9999.0
-9999.0 -9999.0 -9999.0 -9999.0 -9999.0 -9999.0 -9999.0 -9999.0 -9999.0 -9999.0 -9999.0 -9999.0 -9999.0 -9999.0 -9999.0 -9999.0 -9999.0 -9999.0 -9999.0 -9999.0 -9999.0 -9999.0 -9999.0 -9999.0 11.051336 12.170760 12.792869 13.318444 12.678381 11.579974 8.768136 -9999.0 -9999.0 -9999.0 -9999.0 -9999.0 -9999.0 -9999.0 -9999.0 -9999.0 -9999.0 -9999.0 -9999.0 -9999.0 -9999.0 -9999.0 -9999.0 -9999.0 -9999.0 -9999.0 -9999.0 -9999.0 -9999.0 -9999.0 -9999.0 -9999.0 -9999.0 -9999.0 -9999.0 -9999.0 -9999.0 -9999.0 -9999.0
-9999.0 -9999.0 -9999.0 -9999.0 -9999.0 -9999.0 -9999.0 -9999.0 -9999.0 -9999.0 -9999.0 -9999.0 -9999.0 -9999.0 -9999.0 -9999.0 -9999.0 -9999.0 -9999.0 -9999.0 -9999.0 -9999.0 -9999.0 11.698920 13.070978 12.872235 13.625967 13.795651 12.602234 12.778969 10.355218 9.610220 -9999.0 -9999.0 -9999.0 -9999.0 -9999.0 -9999.0 -9999.0 -9999.0 -9999.0 -9999.0 -9999.0 -9999.0 -9999.0 -9999.0 -9999.0 -9999.0 -9999.0 -9999.0 -9999.0 -9999.0 -9999.0 -9999.0 -9999.0 -9999.0 -9999.0 -9999.0 -9999.0 -9999.0 -9999.0 -9999.0 -9999.0
-9999.0 -9999.0 -9999.0 -9999.0 -9999.0 -9999.0 -9999.0 -9999.0 -9999.0 -9999.0 -9999.0 -9999.0 -9999.0 -9999.0 -9999.0 -9999.0 -9999.0 -9999.0 12.584748 11.244935 -9999.0 11.199957 12.492614 12.719152 13.185080 15.008883 13.771189 13.743115 15.219264 12.944245 11.846946 9.969593 12.124765 10.799722 -9999.0 -9999.0 -9999.0 -9999.0 -9999.0 -9999.0 -9999.0 -9999.0 -9999.0 -9999.0 -9999.0 -9999.0 -9999.0 -9999.0 -9999.0 -9999.0 -9999.0 -9999.0 -9999.0 -9999.0 -9999.0 -9999.0 -9999.0 -9999.0 -9999.0 -9999.0 -9999.0 -9999.0 -9999.0
-9999.0 -9999.0 -9999.0 -9999.0 -9999.0 -9999.0 -9999.0 -9999.0 -9999.0 -9999.0 -9999.0 -9999.0 -9999.0 -9999.0 -9999.0 -9999.0 -9999.0 13.025034 11.104813 11.179284 13.013660 10.448776 11.866770 12.750150 16.273864 10.276015 9.235870 10.123766 9.615565 11.027832 12.934167 11.815950 14.474996 12.414958 10.715289 9.586606 -9999.0 -9999.0 -9999.0 -9999.0 -9999.0 -9999.0 -9999.0 -9999.0 -9999.0 -9999.0 -9999.0 -9999.0 -9999.0 -9999.0 -9999.0 -9999.0 -9999.0 -9999.0 -9999.0 -9999.0 -9999.0 -9999.0 -9999.0 -9999.0 -9999.0 -9999.0 -9999.0
-9999.0 -9999.0 -9999.0 -9999.0 -9999.0 -9999.0 -9999.0 -9999.0 -9999.0 -9999.0 -9999.0 -9999.0 -9999.0 10.808202 10.643388 10.800513 12.182224 21.696745 12.619388 12.101561 12.732166 13.762797 14.723378 15.621451 9.624179 9.794790 8.605671 8.751406 9.927310 10.530099 10.050297 10.001634 9.700347 8.026829 9.450015 7.806094 -9999.0 -9999.0 -9999.0 -9999.0 -9999.0 -9999.0 -9999.0 -9999.0 -9999.0 -9999.0 -9999.0 -9999.0 -9999.0 -9999.0 -9999.0 -9999.0 -9999.0 -9999.0 -9999.0 -9999.0 -9999.0 -9999.0 -9999.0 -9999.0 -9999.0 -9999.0 -9999.0
-9999.0 -9999.0 -9999.0 -9999.0 -9999.0 -9999.0 -9999.0 -9999.0 -9999.0 -9999.0 -9999.0 -9999.0 -9999.0 11.659134 11.600337 10.802352 10.657416 14.880716 21.232979 14.279630 12.327783 12.841116 10.743123 10.492257 11.959344 9.697084 9.941872 9.931745 11.085718 7.944832 8.578281 7.417595 8.741938 7.026582 8.287080 -9999.0 -9999.0 -9999.0 -9999.0 -9999.0 -9999.0 -9999.0 -9999.0 -9999.0 -9999.0 -9999.0 -9999.0 -9999.0 -9999.0 -9999.0 -9999.0 -9999.0 -9999.0 -9999.0 -9999.0 -9999.0 -9999.0 -9999.0 -9999.0 -9999.0 -9999.0 -9999.0 -9999.0
-9999.0 -9999.0 -9999.0 -9999.0 -9999.0 -9999.0 -9999.0 -9999.0 -9999.0 -9999.0 -9999.0 -9999.0 -9999.0 11.407526 13.233978 11.515532 9.924153 11.212877 22.154901 12.206872 12.384356 10.360469 8.724312 9.049722 11.576602 9.794603 12.285849 8.966687 10.499488 9.376686 3.559528 5.925648 7.408300 1.895570 2.324057 -9999.0 -9999.0 -9999.0 -9999.0 -9999.0 -9999.0 -9999.0 -9999.0 -9999.0 -9999.0 -9999.0 -9999.0 -9999.0 -9999.0 -9999.0 -9999.0 -9999.0 -9999.0 -9999.0 -9999.0 -9999.0 -9999.0 -9999.0 -9999.0 -9999.0 -9999.0 -9999.0 -9999.0
-9999.0 -9999.0 -9999.0 -9999.0 -9999.0 -9999.0 -9999.0 -9999.0 -9999.0 -9999.0 -9999.0 -9999.0 10.778341 12.816249 11.108728 8.673623 7.498163 10.343230 17.178245 12.182910 11.173576 9.253045 8.974730 9.074551 9.885004 3.870199 8.348524 8.961300 10.245732 8.814915 5.879505 12.781754 8.714809 7.938491 -9999.0 -9999.0 -9999.0 -9999.0 -9999.0 -9999.0 -9999.0 -9999.0 -9999.0 -9999.0 -9999.0 -9999.0 -9999.0 -9999.0 -9999.0 -9999.0 -9999.0 -9999.0 -9999.0 -9999.0 -9999.0 -9999.0 -9999.0 -9999.0 -9999.0 -9999.0 -9999.0 -9999.0 -9999.0
-9999.0 -9999.0 -9999.0 -9999.0 -9999.0 -9999.0 -9999.0 -9999.0 -9999.0 -9999.0 -9999.0 10.023656 8.964283 9.043145 7.993602 9.256008 8.537759 9.593035 17.078392 12.022205 9.070396 10.661223 10.369725 10.277718 9.653910 9.197807 6.954907 10.774478 9.214526 2.426141 12.854132 12.002957 10.920117 10.199098 12.128442 13.139079 13.087570 15.286532 13.902451 -9999.0 -9999.0 -9999.0 12.558954 -9999.0 -9999.0 -9999.0 -9999.0 -9999.0 -9999.0 -9999.0 -9999.0 -9999.0 -9999.0 -9999.0 -9999.0 -9999.0 -9999.0 -9999.0 -9999.0 -9999.0 -9999.0 -9999.0 -9999.0
-9999.0 -9999.0 -9999.0 -9999.0 -9999.0 -9999.0 -9999.0 -9999.0 -9999.0 -9999.0 -9999.0 8.117381 8.697228 9.113704 8.620150 8.653199 10.241973 10.764264 17.191001 13.745677 13.472732 11.962289 10.619033 7.045800 7.610831 9.718327 11.566035 11.746960 10.790025 7.854248 11.259102 10.906515 9.490708 9.170809 10.796996 11.919668 18.383858 18.146746 15.665327 13.933089 15.775628 13.555842 11.551174 11.684019 -9999.0 -9999.0 -9999.0 9.736396 10.338473 13.430598 10.402777 12.118367 12.535692 10.403556 10.174623 11.329039 -9999.0 -9999.0 -9999.0 -9999.0 -9999.0 -9999.0 -9999.0
-9999.0 -9999.0 -9999.0 -9999.0 -9999.0 -9999.0 -9999.0 -9999.0 -9999.0 -9999.0 -9999.0 9.318942 9.525106 7.409709 9.279416 9.827225 7.803968 8.383910 14.199984 15.019071 9.661313 9.431499 8.377653 10.585848 8.662932 14.625898 9.215274 8.087946 3.115293 8.091997 12.383186 8.784513 11.465165 8.028410 13.055301 15.571883 11.739011 12.295008 19.814983 14.297492 15.620656 13.375429 13.217466 11.134603 8.961812 -9999.0 10.586461 10.392180 12.136780 13.255037 13.928828 15.529533 13.225769 12.458843 12.550131 11.184778 -9999.0 -9999.0 -9999.0 -9999.0 -9999.0 -9999.0 -9999.0
-9999.0 -9999.0 -9999.0 -9999.0 -9999.0 -9999.0 -9999.0 -9999.0 -9999.0 -9999.0 -9999.0 -9999.0 7.648386 6.673183 10.064437 10.295824 6.489154 8.326585 15.742292 15.186987 9.760500 10.193796 10.131650 9.083162 6.912415 9.052473 12.768536 8.957153 9.751883 13.007690 11.633060 9.099190 11.544700 9.646093 8.948151 13.055518 9.864692 12.019774 20.083758 16.097898 18.037186 20.084850 10.869308 12.695333 11.859687 10.237684 12.619881 10.531192 8.856468 10.753887 12.040007 9.328579 10.848133 8.973785 8.487032 9.808386 10.675016 -9999.0 -9999.0 -9999.0 -9999.0 -9999.0 -9999.0
-9999.0 -9999.0 -9999.0 -9999.0 -9999.0 -9999.0 -9999.0 -9999.0 -9999.0 -9999.0 -9999.0 6.727582 9.343067 9.177587 8.039560 8.131655 8.912773 8.567144 15.490195 11.796896 10.313282 9.719828 9.756330 8.316843 9.103536 10.518226 8.795989 8.005351 10.957964 14.381633 9.366476 10.064401 12.323482 8.814615 8.313830 11.352537 12.750308 11.434808 13.214271 20.736112 11.679243 12.693602 11.986699 11.279246 13.312983 9.376707 12.279944 15.092847 16.047686 11.944062 8.338475 9.298350 7.635511 7.252821 6.275930 8.899737 12.480581 -9999.0 -9999.0 -9999.0 -9999.0 -9999.0 -9999.0
-9999.0 -9999.0 -9999.0 -9999.0 -9999.0 -9999.0 -9999.0 -9999.0 -9999.0 -9999.0 11.706201 7.996402 10.538156 10.784684 12.132221 9.508369 8.652542 8.311181 11.503376 12.113507 14.750679 12.721688 8.473217 14.326845 10.907190 9.577481 7.569429 7.002717 12.638561 13.345127 10.800359 9.546712 10.235810 3.949047 7.506824 12.600886 15.076137 10.399870 10.390114 14.178607 14.206677 12.405315 16.720396 11.742441 10.440276 12.616069 12.659081 10.764870 11.724480 11.421478 8.488855 6.677090 5.637017 8.330921 11.342672 12.568025 11.410091 -9999.0 -9999.0 -9999.0 -9999.0 -9999.0 -9999.0
-9999.0 -9999.0 -9999.0 -9999.0 -9999.0 -9999.0 -9999.0 -9999.0 -9999.0 9.820686 10.691308 8.174513 9.041459 7.793479 8.874332 8.289548 8.050194 14.076651 11.319023 12.614158 15.163090 10.539446 10.150268 12.559839 10.629674 7.815282 7.696102 13.418308 10.749418 11.348469 11.556603 7.594133 2.657821 7.787448 12.501015 12.548937 10.793053 8.954177 8.891867 10.273995 10.275887 9.077587 9.105635 12.571728 11.690845 11.194761 15.157513 10.637913 10.893895 12.247908 9.566454 10.615974 7.322250 12.072851 12.314665 9.191164 9.763387 14.053446 13.461628 -9999.0 -9999.0 -9999.0 -9999.0
-9999.0 -9999.0 -9999.0 -9999.0 -9999.0 -9999.0 -9999.0 -9999.0 -9999.0 8.889862 9.401493 10.889270 14.891992 9.814826 9.088470 8.753583 13.396050 11.266861 11.969510 17.974805 17.265564 17.514545 13.547444 12.386048 8.178100 9.489461 10.384899 11.390132 13.044207 12.062164 11.386457 7.490105 9.111908 8.602205 11.153524 14.438951 14.400923 14.856205 10.436062 11.665112 8.342442 7.890320 10.915435 12.098488 12.599493 14.452200 14.169440 13.167562 12.735482 12.086372 8.095959 6.336657 10.527772 9.746604 11.603885 8.196509 10.249590 11.019072 15.527743 -9999.0 -9999.0 -9999.0 -9999.0
-9999.0 -9999.0 -9999.0 -9999.0 -9999.0 -9999.0 -9999.0 -9999.0 -9999.0 -9999.0 10.295195 11.402402 9.278593 9.806373 10.424964 9.664979 10.503277 12.277068 12.938112 14.739545 15.179740 11.163148 9.548057 8.937539 9.717538 11.211449 12.353931 12.995597 11.405673 7.790185 7.526767 8.676555 5.633179 9.675349 12.439637 13.523682 13.969951 12.156551 11.808689 3.757056 7.582574 13.241770 13.596087 9.773056 10.111650 10.451698 11.401461 15.082627 14.666426 12.561922 9.303197 9.691783 7.644452 11.250102 8.814213 11.046146 12.561480 13.503653 13.694418 13.977670 -9999.0 -9999.0 -9999.0
-9999.0 -9999.0 -9999.0 -9999.0 -9999.0 -9999.0 -9999.0 -9999.0 -9999.0 -9999.0 10.504066 10.226069 10.984580 9.990230 16.548271 10.442451 9.959088 12.071704 14.496723 14.957632 12.637279 11.049264 9.763406 10.370900 11.127560 12.850594 13.732288 10.418319 8.245161 5.631638 9.249603 11.587361 8.030006 7.776447 8.952560 11.298449 11.022379 10.047301 8.053812 3.745048 11.287772 14.269514 8.028369 10.800216 12.101169 9.364623 10.626444 10.804051 12.939520 14.654190 12.812970 9.493220 8.928455 11.970252 11.106004 13.731131 10.612588 11.923582 14.626573 16.128129 -9999.0 -9999.0 -9999.0
-9999.0 -9999.0 -9999.0 -9999.0 -9999.0 -9999.0 -9999.0 -9999.0 11.434817 10.763393 11.654664 10.876783 8.742478 9.134672 9.167618 11.940210 12.634494 19.034831 15.899661 15.609980 14.275332 13.136461 12.172466 10.970687 12.789265 13.127514 14.094275 8.756961 8.367306 6.316441 8.432614 9.836123 9.462463 10.223723 9.652591 7.897374 12.960555 10.220532 6.870293 11.130569 12.974197 11.403345 7.647655 9.369315 16.042135 13.706904 7.711801 10.097479 11.378968 14.875426 13.353531 10.891199 9.756621 6.731167 14.576005 14.103015 16.250823 16.619151 15.285944 16.243998 -9999.0 -9999.0 -9999.0
-9999.0 -9999.0 -9999.0 -9999.0 -9999.0 -9999.0 -9999.0 -9999.0 8.833868 9.164119 7.518839 9.185896 10.159312 9.683285 8.711082 10.218439 11.577026 12.102632 14.756263 16.238446 21.514485 19.378571 17.369796 16.890643 13.157444 13.283413 11.292714 9.745445 7.489058 4.010633 10.386713 13.938252 10.274769 13.213839 11.628253 12.706028 14.953990 11.149351 9.241783 11.170937 9.121038 4.331503 12.053471 12.654764 14.487867 9.135162 7.945005 11.865966 11.132938 13.093331 14.913428 12.222174 9.219102 13.332954 15.840315 13.723267 12.831916 14.172496 16.897189 18.645130 19.305171 -9999.0 -9999.0
-9999.0 -9999.0 -9999.0 -9999.0 -9999.0 -9999.0 -9999.0 -9999.0 8.689498 12.601360 11.635420 7.187466 12.694406 8.655840 10.214383 9.232973 11.272319 14.174310 14.978365 20.803389 16.584785 19.874124 19.522799 15.633284 18.801232 12.190362 10.715835 8.364891 7.529941 11.283352 14.831933 13.502224 8.266158 8.910104 12.737319 14.814757 8.670154 11.667960 9.279246 8.868672 10.603254 13.676982 11.837951 11.975162 8.366199 10.752239 13.107626 12.593191 9.276655 11.908146 14.985263 14.245709 10.552197 10.253844 13.991167 14.642796 15.894519 17.090595 18.354945 18.649145 18.592938 -9999.0 -9999.0
-9999.0 -9999.0 -9999.0 -9999.0 -9999.0 -9999.0 -9999.0 -9999.0 11.478076 12.166786 10.063498 8.410823 13.070380 10.173504 10.117942 11.327983 13.838378 15.129865 15.356786 15.020967 16.027120 16.620053 20.186639 19.536004 13.137539 11.001393 9.410479 7.917388 14.085337 10.482629 9.550865 10.213797 11.494969 11.068027 9.557485 14.293696 15.557755 12.931489 9.276532 9.777951 11.305570 12.652536 12.809151 15.469513 12.072345 15.178840 13.660221 16.126767 15.085114 12.150810 12.890937 15.638517 15.524324 14.725917 16.534441 16.675412 17.666632 17.305236 18.231026 18.329216 16.823893 14.782521 -9999.0
-9999.0 -9999.0 -9999.0 -9999.0 -9999.0 -9999.0 -9999.0 -9999.0 10.745492 12.199322 9.534243 9.230957 10.355312 11.021857 16.261140 14.375166 14.491382 11.923662 10.901099 12.598397 14.377364 16.473129 16.588440 16.436214 16.924187 10.942205 8.863253 11.014091 11.968742 11.547036 9.012831 11.617726 13.179279 11.652741 9.106145 9.894165 12.882952 14.300138 13.281685 12.150378 11.263516 11.077445 12.017601 11.329877 9.420562 14.343495 11.338258 12.462200 12.446289 14.426732 15.921718 15.565429 16.171266 17.659478 17.497685 17.546486 18.064075 18.071853 17.799525 16.789587 15.503722 13.792758 -9999.0
-9999.0 -9999.0 11.492038 11.660641 8.389176 8.832549 8.993580 8.181628 11.370504 11.282987 9.210904 11.278147 11.289807 13.598807 18.654112 13.107350 10.662825 8.767644 9.849474 10.762461 12.842124 15.496000 16.410559 15.922136 15.101276 12.495117 11.156917 10.988028 12.058524 14.777762 10.050893 10.579756 16.511799 11.905187 13.812187 12.854941 15.555170 15.696057 14.427284 12.549869 13.832580 14.001669 12.673008 13.058787 10.398439 12.205147 13.657413 12.487407 15.195107 17.030871 18.241569 18.491250 18.076770 17.990641 17.736777 21.625441 17.039815 16.758127 15.819836 14.982938 15.791559 12.700427 -9999.0
-9999.0 9.336677 9.333033 9.125971 9.095911 9.675747 8.704685 7.120025 6.488759 10.151262 9.177965 10.113475 12.497361 16.719414 15.475663 10.462435 9.356274 8.524873 10.250065 10.849894 13.167517 13.949099 19.185071 15.638183 19.853718 15.496100 18.944163 19.351021 14.620284 13.743996 14.279845 14.118615 14.141009 18.103204 15.738324 16.766640 17.749213 17.811938 17.770926 17.091010 16.678342 16.187697 15.489808 13.133178 13.083949 13.772841 15.976011 15.992726 18.128997 18.028815 17.385219 17.112945 16.519621 16.479267 16.369597 15.716405 14.314173 14.217762 14.128296 14.659907 12.236271 12.356025 -9999.0
-9999.0 12.170078 10.264237 10.381713 13.589776 9.967511 7.294189 7.380464 11.588485 11.723464 9.392748 10.019151 12.518378 15.868255 11.193349 8.759433 8.206539 9.279083 11.413540 11.112624 14.415077 12.943905 14.267943 16.020915 20.955044 21.918200 16.095284 16.796966 16.192665 15.402332 16.186895 15.771841 15.369348 15.908400 19.581612 18.709803 24.911278 26.146134 19.597799 19.838018 19.089187 17.733495 16.849327 16.761035 17.529804 17.537511 18.928270 18.522584 17.009416 16.931183 15.763065 14.526241 14.324968 14.926488 14.317738 12.774077 12.835775 11.898038 11.698891 11.009103 11.063597 -9999.0 -9999.0
