user2019/resources/simulation/Vinschgau/output-maps/TsL0004N1206.asc
ncols         63
nrows         48
xllcorner     598000.000000
yllcorner     5145000.000000
cellsize      1000.000000
NODATA_value  -9999.0
[rows 0 to 27 of 48, columns 0 to 62 of 63]
-9999.0 -9999.0 -9999.0 -9999.0 -9999.0 -9999.0 -9999.0 -9999.0 -9999.0 -9999.0 -9999.0 -9999.0 -9999.0 -9999.0 -9999.0 -9999.0 -9999.0 -9999.0 -9999.0 -9999.0 -9999.0 -9999.0 -9999.0 -9999.0 -9999.0 -9999.0 -9999.0 -9999.0 -9999.0 -9999.0 -9999.0 -9999.0 -9999.0 -9999.0 -9999.0 -9999.0 -9999.0 -9999.0 -9999.0 -9999.0 -9999.0 -9999.0 -9999.0 -9999.0 -9999.0 -9999.0 -9999.0 -9999.0 -9999.0 -9999.0 -9999.0 -9999.0 -9999.0 -9999.0 -9999.0 -9999.0 -9999.0 -9999.0 -9999.0 -9999.0 -9999.0 -9999.0 -9999.0
-9999.0 -9999.0 -9999.0 -9999.0 -9999.0 -9999.0 -9999.0 -9999.0 -9999.0 -9999.0 -9999.0 -9999.0 -9999.0 -9999.0 -9999.0 -9999.0 -9999.0 -9999.0 -9999.0 -9999.0 -9999.0 -9999.0 -9999.0 -9999.0 -9999.0 -9999.0 -9999.0 4.969476 2.150590 5.679475 0.121735 -0.000171 -0.025042 -9999.0 -9999.0 -9999.0 -9999.0 -9999.0 -9999.0 -9999.0 -9999.0 -9999.0 -9999.0 -9999.0 -9999.0 -9999.0 -9999.0 -9999.0 -9999.0 -9999.0 -9999.0 -9999.0 -9999.0 -9999.0 -9999.0 -9999.0 -9999.0 -9999.0 -9999.0 -9999.0 -9999.0 -9999.0 -9999.0
-9999.0 -9999.0 -9999.0 -9999.0 -9999.0 -9999.0 -9999.0 -9999.0 -9999.0 -9999.0 -9999.0 -9999.0 -9999.0 -9999.0 -9999.0 -9999.0 -9999.0 -9999.0 -9999.0 -9999.0 -9999.0 -9999.0 -9999.0 -9999.0 3.349669 3.606728 4.316402 3.325677 3.956991 3.476799 -0.000127 -9999.0 -9999.0 -9999.0 -9999.0 -9999.0 -9999.0 -9999.0 -9999.0 -9999.0 -9999.0 -9999.0 -9999.0 -9999.0 -9999.0 -9999.0 -9999.0 -9999.0 -9999.0 -9999.0 -9999.0 -9999.0 -9999.0 -9999.0 -9999.0 -9999.0 -9999.0 -9999.0 -9999.0 -9999.0 -9999.0 -9999.0 -9999.0
-9999.0 -9999.0 -9999.0 -9999.0 -9999.0 -9999.0 -9999.0 -9999.0 -9999.0 -9999.0 -9999.0 -9999.0 -9999.0 -9999.0 -9999.0 -9999.0 -9999.0 -9999.0 -9999.0 -9999.0 -9999.0 -9999.0 -9999.0 4.184933 5.257867 4.884105 5.175045 5.323424 5.462945 4.171723 -0.000116 -0.000375 -9999.0 -9999.0 -9999.0 -9999.0 -9999.0 -9999.0 -9999.0 -9999.0 -9999.0 -9999.0 -9999.0 -9999.0 -9999.0 -9999.0 -9999.0 -9999.0 -9999.0 -9999.0 -9999.0 -9999.0 -9999.0 -9999.0 -9999.0 -9999.0 -9999.0 -9999.0 -9999.0 -9999.0 -9999.0 -9999.0 -9999.0
-9999.0 -9999.0 -9999.0 -9999.0 -9999.0 -9999.0 -9999.0 -9999.0 -9999.0 -9999.0 -9999.0 -9999.0 -9999.0 -9999.0 -9999.0 -9999.0 -9999.0 -9999.0 10.224605 5.153008 -9999.0 4.798054 5.329556 4.795903 4.734932 5.609057 6.715343 7.094523 3.355244 1.821823 3.761736 0.452090 1.380066 1.922225 -9999.0 -9999.0 -9999.0 -9999.0 -9999.0 -9999.0 -9999.0 -9999.0 -9999.0 -9999.0 -9999.0 -9999.0 -9999.0 -9999.0 -9999.0 -9999.0 -9999.0 -9999.0 -9999.0 -9999.0 -9999.0 -9999.0 -9999.0 -9999.0 -9999.0 -9999.0 -9999.0 -9999.0 -9999.0
-9999.0 -9999.0 -9999.0 -9999.0 -9999.0 -9999.0 -9999.0 -9999.0 -9999.0 -9999.0 -9999.0 -9999.0 -9999.0 -9999.0 -9999.0 -9999.0 -9999.0 5.897711 4.548993 5.670989 8.999788 1.040940 2.342784 4.610034 7.671643 0.306660 -0.040236 1.312933 -0.029634 3.055141 5.563924 3.980831 6.073500 4.166642 0.740555 0.991126 -9999.0 -9999.0 -9999.0 -9999.0 -9999.0 -9999.0 -9999.0 -9999.0 -9999.0 -9999.0 -9999.0 -9999.0 -9999.0 -9999.0 -9999.0 -9999.0 -9999.0 -9999.0 -9999.0 -9999.0 -9999.0 -9999.0 -9999.0 -9999.0 -9999.0 -9999.0 -9999.0
-9999.0 -9999.0 -9999.0 -9999.0 -9999.0 -9999.0 -9999.0 -9999.0 -9999.0 -9999.0 -9999.0 -9999.0 -9999.0 9.428736 4.319508 4.272119 5.627400 16.613619 5.657060 5.353247 5.091672 4.527340 5.533945 7.935404 -0.008050 5.103463 -0.003308 -0.035367 -0.020784 -0.002550 -0.130173 4.124010 2.536112 0.495949 2.835473 -0.000805 -9999.0 -9999.0 -9999.0 -9999.0 -9999.0 -9999.0 -9999.0 -9999.0 -9999.0 -9999.0 -9999.0 -9999.0 -9999.0 -9999.0 -9999.0 -9999.0 -9999.0 -9999.0 -9999.0 -9999.0 -9999.0 -9999.0 -9999.0 -9999.0 -9999.0 -9999.0 -9999.0
-9999.0 -9999.0 -9999.0 -9999.0 -9999.0 -9999.0 -9999.0 -9999.0 -9999.0 -9999.0 -9999.0 -9999.0 -9999.0 10.241582 6.463456 5.013393 4.831789 15.845620 16.639374 7.382140 4.947754 10.644150 3.438827 1.927630 3.141953 1.535756 2.632134 5.631889 3.209828 -0.060182 -0.389742 1.076911 1.957429 -0.002470 -0.000591 -9999.0 -9999.0 -9999.0 -9999.0 -9999.0 -9999.0 -9999.0 -9999.0 -9999.0 -9999.0 -9999.0 -9999.0 -9999.0 -9999.0 -9999.0 -9999.0 -9999.0 -9999.0 -9999.0 -9999.0 -9999.0 -9999.0 -9999.0 -9999.0 -9999.0 -9999.0 -9999.0 -9999.0
-9999.0 -9999.0 -9999.0 -9999.0 -9999.0 -9999.0 -9999.0 -9999.0 -9999.0 -9999.0 -9999.0 -9999.0 -9999.0 6.640839 7.332220 7.772480 4.733700 5.366641 17.339421 5.685668 13.066948 4.508157 0.493622 -0.017733 3.462029 2.501066 7.175034 2.700325 -0.000223 0.019327 -0.000124 -2.151365 -0.001713 -5.199810 2.087359 -9999.0 -9999.0 -9999.0 -9999.0 -9999.0 -9999.0 -9999.0 -9999.0 -9999.0 -9999.0 -9999.0 -9999.0 -9999.0 -9999.0 -9999.0 -9999.0 -9999.0 -9999.0 -9999.0 -9999.0 -9999.0 -9999.0 -9999.0 -9999.0 -9999.0 -9999.0 -9999.0 -9999.0
-9999.0 -9999.0 -9999.0 -9999.0 -9999.0 -9999.0 -9999.0 -9999.0 -9999.0 -9999.0 -9999.0 -9999.0 5.547016 6.900962 7.504499 5.816838 3.336332 5.044989 17.121653 7.711990 5.461638 0.440477 1.069193 -0.012829 -0.158592 2.531475 -0.914913 -0.000904 1.522569 1.619457 -0.130393 1.640927 -0.000437 1.679801 -9999.0 -9999.0 -9999.0 -9999.0 -9999.0 -9999.0 -9999.0 -9999.0 -9999.0 -9999.0 -9999.0 -9999.0 -9999.0 -9999.0 -9999.0 -9999.0 -9999.0 -9999.0 -9999.0 -9999.0 -9999.0 -9999.0 -9999.0 -9999.0 -9999.0 -9999.0 -9999.0 -9999.0 -9999.0
-9999.0 -9999.0 -9999.0 -9999.0 -9999.0 -9999.0 -9999.0 -9999.0 -9999.0 -9999.0 -9999.0 9.084793 6.972790 3.531901 7.106565 12.705006 7.145010 5.362109 16.320034 9.141639 3.645916 4.123186 5.660113 3.780209 1.233063 3.488159 -0.000156 1.917423 -0.000462 -0.000618 2.251139 2.747835 2.768763 1.364896 1.552482 3.605670 -0.001687 2.403524 2.511508 -9999.0 -9999.0 -9999.0 2.085441 -9999.0 -9999.0 -9999.0 -9999.0 -9999.0 -9999.0 -9999.0 -9999.0 -9999.0 -9999.0 -9999.0 -9999.0 -9999.0 -9999.0 -9999.0 -9999.0 -9999.0 -9999.0 -9999.0 -9999.0
-9999.0 -9999.0 -9999.0 -9999.0 -9999.0 -9999.0 -9999.0 -9999.0 -9999.0 -9999.0 -9999.0 8.038233 6.503590 8.083324 7.873531 12.821384 9.375498 5.867875 16.814019 12.140852 12.697521 8.597950 4.800336 -0.428031 -0.558235 1.986823 1.303863 3.132748 5.414146 1.133995 1.630772 3.251934 -0.000363 -0.000554 -0.000527 1.748500 4.244618 5.501475 2.835460 1.388177 2.046944 3.025561 0.260597 2.038389 -9999.0 -9999.0 -9999.0 -0.003706 -0.006456 -0.000814 -0.006644 -0.004736 -0.003662 -0.036282 -0.037076 -0.002948 -9999.0 -9999.0 -9999.0 -9999.0 -9999.0 -9999.0 -9999.0
-9999.0 -9999.0 -9999.0 -9999.0 -9999.0 -9999.0 -9999.0 -9999.0 -9999.0 -9999.0 -9999.0 7.627198 9.087045 2.437667 11.736805 13.876690 4.535909 4.708709 14.223721 12.020738 2.901463 0.098500 -0.092843 3.210740 2.040293 5.384746 -0.160138 -1.292673 3.480184 -0.000473 3.264455 -0.351274 3.342328 -0.000502 2.108458 3.903910 -0.200616 -0.244589 6.912215 3.241188 2.768327 0.008444 3.557609 1.668649 -0.000708 -9999.0 2.853707 -0.003120 0.084312 2.556449 3.364060 5.713882 1.386732 -0.000127 -0.000144 -0.000547 -9999.0 -9999.0 -9999.0 -9999.0 -9999.0 -9999.0 -9999.0
-9999.0 -9999.0 -9999.0 -9999.0 -9999.0 -9999.0 -9999.0 -9999.0 -9999.0 -9999.0 -9999.0 -9999.0 8.353260 -0.000307 10.364673 11.091423 1.558266 3.704034 15.660889 11.690180 2.839846 1.816715 -0.056846 -0.145420 -0.464702 -0.160430 3.914672 3.431286 -0.000112 2.273060 1.257923 -0.164897 3.678911 -0.000147 -0.000412 3.029748 -0.126083 -0.305761 7.753806 5.099742 6.319352 7.111951 -0.165998 4.223990 2.378852 -0.001930 -0.000808 -0.000578 -0.446444 -0.118231 -0.026238 -1.409311 -1.456636 -1.158504 -0.554991 -0.000145 -0.000468 -9999.0 -9999.0 -9999.0 -9999.0 -9999.0 -9999.0
-9999.0 -9999.0 -9999.0 -9999.0 -9999.0 -9999.0 -9999.0 -9999.0 -9999.0 -9999.0 -9999.0 -0.224693 5.660700 10.218809 -0.015399 1.642310 3.240648 2.947557 15.046195 4.770877 3.121217 1.089591 -0.004274 -0.119587 -0.129750 -0.369945 -0.167880 -0.001023 -0.000153 5.670188 -0.133480 -0.706539 4.570902 -0.000131 -0.000538 0.982991 2.813380 -0.042538 1.159688 8.374064 -0.041665 -0.009649 -0.037749 0.003895 5.191563 -0.000109 2.347932 5.404190 6.537533 -0.017290 -0.663660 -0.001179 -2.395734 -3.319165 -3.767312 -2.591397 0.557866 -9999.0 -9999.0 -9999.0 -9999.0 -9999.0 -9999.0
-9999.0 -9999.0 -9999.0 -9999.0 -9999.0 -9999.0 -9999.0 -9999.0 -9999.0 -9999.0 4.018838 -0.135595 5.229125 5.835161 8.347521 0.188257 0.065325 -0.006644 3.976180 4.416717 9.257707 6.784451 -0.145821 6.161586 -0.021312 -0.274243 -0.229030 -1.460126 3.898575 4.610832 -0.324774 -0.385546 4.089065 -0.000131 0.811377 3.638118 4.120396 -0.111825 -0.335527 1.580090 1.726602 3.014424 10.295580 1.268531 -0.019014 5.508218 3.220658 -0.344896 -0.180947 -0.011428 -3.291764 -0.001285 -4.181257 -3.129500 -0.147831 -0.000136 -0.000130 -9999.0 -9999.0 -9999.0 -9999.0 -9999.0 -9999.0
-9999.0 -9999.0 -9999.0 -9999.0 -9999.0 -9999.0 -9999.0 -9999.0 -9999.0 2.728196 4.521726 -0.024008 -0.018549 -0.057211 -0.086245 -0.090745 -0.021451 9.004952 3.907826 4.474545 9.752938 1.304830 0.603508 2.228849 0.734226 -0.666669 -0.467309 4.501822 -0.029577 -0.017728 1.003752 -0.864191 3.650628 0.743831 3.026246 3.475177 4.094491 -0.147912 -0.128129 -0.113038 -0.663620 -0.156424 -0.121538 1.945578 1.369935 -0.019587 7.051049 -0.072441 -0.068694 1.115222 -0.409267 -0.000629 -3.160206 -0.003848 -0.006246 -3.006693 -2.507346 1.791362 -0.004779 -9999.0 -9999.0 -9999.0 -9999.0
-9999.0 -9999.0 -9999.0 -9999.0 -9999.0 -9999.0 -9999.0 -9999.0 -9999.0 2.633724 2.450563 5.041304 6.205575 -0.006393 -0.023889 -0.059942 7.050882 2.244770 4.482500 11.205555 10.603995 10.699215 7.283863 5.220537 -0.318148 -0.151557 -0.069777 -0.011869 1.856415 5.287640 4.375351 -1.231762 2.117001 -0.000441 0.079975 3.372978 4.641406 6.931520 2.843303 4.895865 -0.132932 -0.181791 -0.036312 2.193190 3.015502 3.652129 3.309603 1.905379 -0.006078 1.433447 -2.130937 -2.727054 -0.082070 -0.183869 -0.000906 -4.045205 -2.356420 -0.974214 3.911450 -9999.0 -9999.0 -9999.0 -9999.0
-9999.0 -9999.0 -9999.0 -9999.0 -9999.0 -9999.0 -9999.0 -9999.0 -9999.0 -9999.0 1.221520 4.690793 -0.017864 -0.226319 -0.003447 -0.021081 -0.009088 3.424802 5.264059 6.730224 10.598834 3.156392 -0.015609 -0.409559 -0.111955 -0.018962 1.363554 2.384240 4.400264 -0.803263 -1.116665 -1.132173 -1.017717 -0.000160 3.101709 4.728910 4.675140 4.791036 4.419388 1.801989 0.975575 4.728818 5.089112 -0.018913 -0.010453 -0.006974 2.076646 7.613563 4.959327 1.502189 -1.083985 -0.659022 -0.018661 -0.097564 -0.200558 -0.005075 1.750147 -0.254721 -0.184186 -0.015002 -9999.0 -9999.0 -9999.0
-9999.0 -9999.0 -9999.0 -9999.0 -9999.0 -9999.0 -9999.0 -9999.0 -9999.0 -9999.0 0.020838 3.383611 4.634767 -0.011357 6.214365 0.082666 -0.008467 2.985458 5.655589 7.578794 3.814520 1.973039 -0.020572 -0.024104 -0.017737 1.925066 3.118109 -0.008615 -0.510404 -0.787286 1.601815 3.740237 -0.987462 -0.000412 1.878934 5.173812 -0.232600 -0.063886 -0.427964 -0.000135 2.241373 7.497993 -0.331273 4.416269 4.876615 -0.100457 -0.010319 -0.009683 3.405785 3.729452 0.400350 -0.370703 -1.483111 -0.008735 -0.208323 -0.093197 -0.007921 -0.077636 1.183871 3.114954 -9999.0 -9999.0 -9999.0
-9999.0 -9999.0 -9999.0 -9999.0 -9999.0 -9999.0 -9999.0 -9999.0 2.948728 0.823483 -0.000224 3.383975 -0.991527 -0.046289 -0.037999 1.910479 3.333456 11.519075 7.809493 8.050894 5.548448 4.535166 3.683124 2.005194 1.900818 2.197770 6.365543 -0.208570 -0.377429 -0.687714 -0.001983 1.794999 1.629631 -0.000274 2.478192 3.025646 7.476177 -0.039445 -1.720052 3.415987 6.031439 4.642644 -0.579493 4.407567 7.718549 4.480187 -1.548392 -0.042892 -0.007664 3.709111 1.665541 -1.786375 -2.814496 -3.176309 -0.060993 -0.000282 2.506061 5.029213 2.057670 4.730493 -9999.0 -9999.0 -9999.0
-9999.0 -9999.0 -9999.0 -9999.0 -9999.0 -9999.0 -9999.0 -9999.0 -1.292708 -0.626412 -0.589509 -0.000146 2.819209 -0.484100 -0.223669 -0.006819 2.314489 2.905237 5.921472 8.612658 16.001603 14.091197 14.090323 13.365729 3.835174 3.676179 1.094143 -0.057234 -2.427599 -0.000136 -0.000480 3.889260 2.476028 4.733303 3.338076 4.424785 8.583322 1.021078 -0.032433 3.865204 1.539337 -0.000224 5.245599 4.274755 3.448407 -0.177075 -0.986167 3.675495 -0.027855 1.710961 3.042618 -0.023694 -3.955000 -0.004809 1.821374 -0.878075 -0.087771 -0.010794 4.003808 6.994694 8.357972 -9999.0 -9999.0
-9999.0 -9999.0 -9999.0 -9999.0 -9999.0 -9999.0 -9999.0 -9999.0 1.772925 2.314486 -0.000126 -0.931533 2.481461 -0.429801 -0.073220 -0.194839 0.537959 4.986466 5.843811 15.476998 9.048956 14.083897 14.477974 7.797723 11.264562 3.597819 0.609173 -0.466588 -1.314027 1.597449 5.302118 4.552566 -0.264061 -0.165479 5.037835 7.862998 -0.002837 1.909862 -0.031998 -0.322121 3.830956 6.091315 3.539322 2.339664 -0.304800 3.289161 3.238725 0.982795 -0.398944 -0.012217 2.833682 1.431023 -2.697276 -3.761876 -0.035367 -0.020677 2.224542 3.785225 6.986153 7.199857 7.776159 -9999.0 -9999.0
-9999.0 -9999.0 -9999.0 -9999.0 -9999.0 -9999.0 -9999.0 -9999.0 -0.000713 3.848263 -0.068618 -3.218210 2.748226 -0.152943 -0.372160 0.419236 4.372685 5.621760 10.963830 6.069471 8.459068 8.829846 13.322049 12.544057 3.985894 1.336479 -0.034080 -1.161059 4.514049 -0.298791 -0.074413 -0.139647 -0.001797 -0.021001 -0.020752 7.454685 10.271276 4.484521 0.988374 -0.014547 4.605597 4.965463 4.812205 7.528431 2.298257 6.061246 4.096400 6.536161 2.428020 -0.091281 -0.008970 2.563929 1.595636 -0.027545 1.833051 2.776814 4.675301 5.130117 6.044716 7.498546 6.452572 3.028518 -9999.0
-9999.0 -9999.0 -9999.0 -9999.0 -9999.0 -9999.0 -9999.0 -9999.0 -0.024558 2.822198 -0.661691 -0.782859 -0.132793 -0.073349 5.308115 3.715230 7.810154 2.748336 1.163648 3.273111 5.145925 8.168096 8.432798 8.115830 10.617762 0.301774 -0.337898 -0.018077 -0.000467 -0.003597 -0.088898 1.388229 3.465621 2.416256 1.606120 2.951626 5.358790 6.497886 5.845856 3.450346 1.978175 1.677419 1.814856 -0.001753 -0.079882 5.864163 -0.026771 -0.121216 -0.029722 1.228904 2.887127 2.081311 2.272428 3.124109 3.629958 4.054309 4.828314 5.802002 6.669085 6.899602 4.545861 2.442742 -9999.0
-9999.0 -9999.0 3.176385 3.263645 -1.756337 -0.188708 -1.302705 -0.539746 -0.000169 0.843668 -0.371111 -0.643117 -0.068339 0.949901 6.696160 2.653377 -0.013673 -0.466408 -0.047142 -0.005501 3.152375 5.841057 7.359972 6.533274 6.184543 2.413937 -0.006919 0.179411 2.911562 6.552834 -0.014005 1.142981 9.271360 3.800964 6.278009 5.065485 9.017908 8.747670 7.665509 4.987368 6.785996 6.734167 4.686814 3.949074 -0.007441 1.560137 2.874876 1.742060 3.971402 5.177687 6.430558 5.583342 4.564540 4.023924 3.884730 10.712140 4.592205 5.086040 4.861980 3.889283 7.935515 1.644823 -9999.0
-9999.0 -0.087730 -0.115242 -0.125672 -0.158249 -0.152817 -0.798904 -0.569725 -1.319718 -0.000162 -0.405324 -0.218476 -0.003785 5.875686 5.276662 -0.114309 -0.164748 -0.400781 -0.136881 -0.010611 2.926240 4.666293 10.195014 5.239892 11.935453 6.038609 10.014658 10.197538 6.741569 4.856886 5.361590 5.557216 7.244161 12.823149 9.602503 10.814380 12.470094 11.647662 12.600867 10.955273 10.174465 10.027795 9.291386 5.243168 3.943478 4.339332 6.286727 6.343459 8.370940 6.426041 6.443521 5.246329 4.385196 3.550482 3.464869 2.835052 1.066413 1.430220 2.662215 6.079539 0.832234 1.453745 -9999.0
-9999.0 6.244796 -0.016071 -0.029876 3.123445 -0.078843 -1.712633 -0.893503 -0.000367 -0.000235 -0.467781 -0.469191 0.513747 5.631766 -0.063760 -3.088751 -0.526205 -0.442270 -0.308755 -0.011677 6.454462 2.301319 3.414970 4.328348 12.379749 13.833281 5.860189 7.962463 7.734148 6.823634 6.966927 6.750047 8.924023 9.804200 15.813876 12.775817 21.724894 22.724945 15.555892 14.470335 13.764445 12.686782 11.674474 8.480534 8.349507 8.226509 9.509139 9.115393 8.445768 7.537851 5.464115 2.330688 1.225670 1.713096 0.907418 -0.025481 -0.303732 -0.046494 -0.030527 -0.066974 -0.021506 -9999.0 -9999.0
