user2019/resources/simulation/Vinschgau/output-maps/TsL0006N0930.asc
ncols         63
nrows         48
xllcorner     598000.000000
yllcorner     5145000.000000
cellsize      1000.000000
NODATA_value  -9999.0
[rows 0 to 27 of 48, columns 0 to 62 of 63]
-9999.0 -9999.0 -9999.0 -9999.0 -9999.0 -9999.0 -9999.0 -9999.0 -9999.0 -9999.0 -9999.0 -9999.0 -9999.0 -9999.0 -9999.0 -9999.0 -9999.0 -9999.0 -9999.0 -9999.0 -9999.0 -9999.0 -9999.0 -9999.0 -9999.0 -9999.0 -9999.0 -9999.0 -9999.0 -9999.0 -9999.0 -9999.0 -9999.0 -9999.0 -9999.0 -9999.0 -9999.0 -9999.0 -9999.0 -9999.0 -9999.0 -9999.0 -9999.0 -9999.0 -9999.0 -9999.0 -9999.0 -9999.0 -9999.0 -9999.0 -9999.0 -9999.0 -9999.0 -9999.0 -9999.0 -9999.0 -9999.0 -9999.0 -9999.0 -9999.0 -9999.0 -9999.0 -9999.0
-9999.0 -9999.0 -9999.0 -9999.0 -9999.0 -9999.0 -9999.0 -9999.0 -9999.0 -9999.0 -9999.0 -9999.0 -9999.0 -9999.0 -9999.0 -9999.0 -9999.0 -9999.0 -9999.0 -9999.0 -9999.0 -9999.0 -9999.0 -9999.0 -9999.0 -9999.0 -9999.0 -5.660358 -4.222160 -4.775976 -4.857047 -5.609176 -5.911328 -9999.0 -9999.0 -9999.0 -9999.0 -9999.0 -9999.0 -9999.0 -9999.0 -9999.0 -9999.0 -9999.0 -9999.0 -9999.0 -9999.0 -9999.0 -9999.0 -9999.0 -9999.0 -9999.0 -9999.0 -9999.0 -9999.0 -9999.0 -9999.0 -9999.0 -9999.0 -9999.0 -9999.0 -9999.0 -9999.0
-9999.0 -9999.0 -9999.0 -9999.0 -9999.0 -9999.0 -9999.0 -9999.0 -9999.0 -9999.0 -9999.0 -9999.0 -9999.0 -9999.0 -9999.0 -9999.0 -9999.0 -9999.0 -9999.0 -9999.0 -9999.0 -9999.0 -9999.0 -9999.0 -3.499755 -3.262074 -2.785313 -3.454697 -2.999558 -4.548218 -5.171778 -9999.0 -9999.0 -9999.0 -9999.0 -9999.0 -9999.0 -9999.0 -9999.0 -9999.0 -9999.0 -9999.0 -9999.0 -9999.0 -9999.0 -9999.0 -9999.0 -9999.0 -9999.0 -9999.0 -9999.0 -9999.0 -9999.0 -9999.0 -9999.0 -9999.0 -9999.0 -9999.0 -9999.0 -9999.0 -9999.0 -9999.0 -9999.0
-9999.0 -9999.0 -9999.0 -9999.0 -9999.0 -9999.0 -9999.0 -9999.0 -9999.0 -9999.0 -9999.0 -9999.0 -9999.0 -9999.0 -9999.0 -9999.0 -9999.0 -9999.0 -9999.0 -9999.0 -9999.0 -9999.0 -9999.0 -3.159754 -1.846595 -0.004875 0.431473 1.102140 -0.004188 -2.944209 -5.102834 -5.705572 -9999.0 -9999.0 -9999.0 -9999.0 -9999.0 -9999.0 -9999.0 -9999.0 -9999.0 -9999.0 -9999.0 -9999.0 -9999.0 -9999.0 -9999.0 -9999.0 -9999.0 -9999.0 -9999.0 -9999.0 -9999.0 -9999.0 -9999.0 -9999.0 -9999.0 -9999.0 -9999.0 -9999.0 -9999.0 -9999.0 -9999.0
-9999.0 -9999.0 -9999.0 -9999.0 -9999.0 -9999.0 -9999.0 -9999.0 -9999.0 -9999.0 -9999.0 -9999.0 -9999.0 -9999.0 -9999.0 -9999.0 -9999.0 -9999.0 -0.002366 -2.497329 -9999.0 -2.781201 -2.029118 -0.006722 0.049930 0.919896 -0.002772 -0.002109 -0.001206 -0.004360 -3.287394 -4.805684 -6.732157 -9.024413 -9999.0 -9999.0 -9999.0 -9999.0 -9999.0 -9999.0 -9999.0 -9999.0 -9999.0 -9999.0 -9999.0 -9999.0 -9999.0 -9999.0 -9999.0 -9999.0 -9999.0 -9999.0 -9999.0 -9999.0 -9999.0 -9999.0 -9999.0 -9999.0 -9999.0 -9999.0 -9999.0 -9999.0 -9999.0
-9999.0 -9999.0 -9999.0 -9999.0 -9999.0 -9999.0 -9999.0 -9999.0 -9999.0 -9999.0 -9999.0 -9999.0 -9999.0 -9999.0 -9999.0 -9999.0 -9999.0 4.027686 2.477476 0.952034 -3.073549 -0.002989 -0.004203 -0.002482 -0.003179 -0.002890 -0.080525 -0.005269 -0.004176 -0.002127 -1.449554 -3.135293 -4.912923 -5.547532 -7.478402 -8.697074 -9999.0 -9999.0 -9999.0 -9999.0 -9999.0 -9999.0 -9999.0 -9999.0 -9999.0 -9999.0 -9999.0 -9999.0 -9999.0 -9999.0 -9999.0 -9999.0 -9999.0 -9999.0 -9999.0 -9999.0 -9999.0 -9999.0 -9999.0 -9999.0 -9999.0 -9999.0 -9999.0
-9999.0 -9999.0 -9999.0 -9999.0 -9999.0 -9999.0 -9999.0 -9999.0 -9999.0 -9999.0 -9999.0 -9999.0 -9999.0 -1.590377 -0.002875 1.854767 3.511807 3.205836 3.607001 -0.006931 -0.004231 -0.004342 0.058446 -0.002633 -0.002670 -2.078983 -2.398618 -0.993060 -1.102095 -0.005501 -1.387758 -3.826456 -3.878358 -5.900430 -6.184966 -9.001512 -9999.0 -9999.0 -9999.0 -9999.0 -9999.0 -9999.0 -9999.0 -9999.0 -9999.0 -9999.0 -9999.0 -9999.0 -9999.0 -9999.0 -9999.0 -9999.0 -9999.0 -9999.0 -9999.0 -9999.0 -9999.0 -9999.0 -9999.0 -9999.0 -9999.0 -9999.0 -9999.0
-9999.0 -9999.0 -9999.0 -9999.0 -9999.0 -9999.0 -9999.0 -9999.0 -9999.0 -9999.0 -9999.0 -9999.0 -9999.0 -0.351428 0.901423 2.706519 2.819765 2.318554 3.237176 1.229815 2.678195 0.321439 0.923158 -0.002610 -0.004012 -0.083112 -4.203413 -5.111261 -6.228065 -1.864250 -1.298888 -4.608048 -6.581536 -9.790219 -7.803575 -9999.0 -9999.0 -9999.0 -9999.0 -9999.0 -9999.0 -9999.0 -9999.0 -9999.0 -9999.0 -9999.0 -9999.0 -9999.0 -9999.0 -9999.0 -9999.0 -9999.0 -9999.0 -9999.0 -9999.0 -9999.0 -9999.0 -9999.0 -9999.0 -9999.0 -9999.0 -9999.0 -9999.0
-9999.0 -9999.0 -9999.0 -9999.0 -9999.0 -9999.0 -9999.0 -9999.0 -9999.0 -9999.0 -9999.0 -9999.0 -9999.0 0.443172 0.259730 1.578671 2.233250 3.129940 3.430548 3.525118 0.495450 -0.049634 -0.003201 -0.003040 -0.002541 -0.002549 -4.031750 -6.513663 -5.694746 -8.661273 -5.182268 -10.409499 -10.812808 -12.972863 -9.332055 -9999.0 -9999.0 -9999.0 -9999.0 -9999.0 -9999.0 -9999.0 -9999.0 -9999.0 -9999.0 -9999.0 -9999.0 -9999.0 -9999.0 -9999.0 -9999.0 -9999.0 -9999.0 -9999.0 -9999.0 -9999.0 -9999.0 -9999.0 -9999.0 -9999.0 -9999.0 -9999.0 -9999.0
-9999.0 -9999.0 -9999.0 -9999.0 -9999.0 -9999.0 -9999.0 -9999.0 -9999.0 -9999.0 -9999.0 -9999.0 -0.003512 -0.002232 1.047247 -0.002557 0.588605 2.554371 2.825863 2.186836 -0.004035 -0.005486 -0.491986 -0.272508 -1.443999 -4.218782 -3.467679 -5.327979 -3.721724 -6.785697 -10.320478 -7.009781 -5.781686 -9.886739 -9999.0 -9999.0 -9999.0 -9999.0 -9999.0 -9999.0 -9999.0 -9999.0 -9999.0 -9999.0 -9999.0 -9999.0 -9999.0 -9999.0 -9999.0 -9999.0 -9999.0 -9999.0 -9999.0 -9999.0 -9999.0 -9999.0 -9999.0 -9999.0 -9999.0 -9999.0 -9999.0 -9999.0 -9999.0
-9999.0 -9999.0 -9999.0 -9999.0 -9999.0 -9999.0 -9999.0 -9999.0 -9999.0 -9999.0 -9999.0 -0.942367 0.314442 0.393946 0.307482 -0.013176 0.785749 2.440726 2.803726 1.445716 1.191320 -0.002364 -2.492644 -3.778422 -0.127159 -3.510917 -5.586018 -4.391848 -4.963833 -8.514758 -7.227069 -3.601548 -6.165537 -8.187638 -7.364385 -5.886566 -5.471197 -4.611639 -4.360360 -9999.0 -9999.0 -9999.0 -8.309650 -9999.0 -9999.0 -9999.0 -9999.0 -9999.0 -9999.0 -9999.0 -9999.0 -9999.0 -9999.0 -9999.0 -9999.0 -9999.0 -9999.0 -9999.0 -9999.0 -9999.0 -9999.0 -9999.0 -9999.0
-9999.0 -9999.0 -9999.0 -9999.0 -9999.0 -9999.0 -9999.0 -9999.0 -9999.0 -9999.0 -9999.0 -1.737838 0.711162 1.933155 1.828391 -1.384461 3.230827 3.340578 2.942720 1.885259 0.519370 -0.304502 -2.647298 -3.089706 -2.225280 -4.323182 -4.708325 -3.419846 -4.468030 -8.145820 -4.403238 -4.244379 -5.721680 -6.522902 -7.279564 -4.424731 -2.878485 -3.098337 -4.453997 -7.846313 -7.782850 -8.245122 -4.650967 -6.744564 -9999.0 -9999.0 -9999.0 -9.005261 -7.502610 -7.226369 -6.455014 -8.313390 -8.537588 -8.389864 -7.938111 -9.086249 -9999.0 -9999.0 -9999.0 -9999.0 -9999.0 -9999.0 -9999.0
-9999.0 -9999.0 -9999.0 -9999.0 -9999.0 -9999.0 -9999.0 -9999.0 -9999.0 -9999.0 -9999.0 -2.410727 -1.682203 -0.460235 -0.215406 -0.549867 -0.002111 2.729530 2.305914 1.903424 1.356261 -0.002026 -1.837859 -3.485310 -4.345339 -5.470180 -2.138950 -3.825890 -5.773538 -6.946027 -6.187238 -4.332613 -3.280105 -6.193445 -6.723567 -3.096316 -3.462191 -3.041677 -2.393088 -6.142334 -4.123166 -5.542851 -3.271719 -4.265295 -6.292915 -9999.0 -9.647501 -6.224661 -4.689838 -3.623737 -3.371449 -4.228060 -4.200431 -4.899874 -5.053822 -6.019606 -9999.0 -9999.0 -9999.0 -9999.0 -9999.0 -9999.0 -9999.0
-9999.0 -9999.0 -9999.0 -9999.0 -9999.0 -9999.0 -9999.0 -9999.0 -9999.0 -9999.0 -9999.0 -9999.0 -1.205099 -0.272070 -0.843231 -0.719162 -0.003530 1.918629 2.547443 1.943206 1.165114 -0.002193 -0.116867 -1.282093 -3.491314 -2.280187 -2.607971 -3.650376 -4.980379 -6.635690 -4.671669 -4.110700 -3.339385 -5.246719 -5.789868 -4.055909 -2.141486 -2.809294 -0.225618 -3.631410 -2.895335 -4.145698 -1.467161 -2.575736 -6.272567 -6.563156 -7.710215 -6.098941 -3.444755 -1.573951 -0.357013 -3.947373 -2.371004 -4.612794 -3.958488 -4.809284 -5.895378 -9999.0 -9999.0 -9999.0 -9999.0 -9999.0 -9999.0
-9999.0 -9999.0 -9999.0 -9999.0 -9999.0 -9999.0 -9999.0 -9999.0 -9999.0 -9999.0 -9999.0 -0.909370 -3.147300 -1.722498 -0.490284 -0.003263 -0.002067 1.133124 2.028860 3.254056 1.537383 -0.002926 -0.012173 -2.239591 -2.090050 -0.592628 -0.757358 -5.212843 -5.443162 -5.115124 -2.262067 -3.256194 -2.943275 -5.098467 -7.263397 -4.441552 -4.342899 -1.477431 -0.011312 -1.519111 -1.521301 -0.040711 -0.783604 -1.552509 -1.976018 -5.064508 -3.951769 -4.977317 -4.067636 -0.309667 -4.363318 -4.929634 -6.844750 -7.753422 -8.704163 -9.572970 -6.840634 -9999.0 -9999.0 -9999.0 -9999.0 -9999.0 -9999.0
-9999.0 -9999.0 -9999.0 -9999.0 -9999.0 -9999.0 -9999.0 -9999.0 -9999.0 -9999.0 -1.776889 -0.510020 -2.598201 -2.557274 -0.869413 -0.810732 -0.829394 -0.003101 2.688198 2.899900 0.532992 -0.000750 -0.749732 -1.024460 -0.003472 -1.472241 -2.829575 -5.322584 -3.455105 -2.700775 -2.694104 -2.774233 -2.586448 -5.093209 -9.159947 -6.159057 -3.253318 -1.798702 -0.060809 -0.002491 -0.001687 -0.000995 0.307406 0.353462 -0.146545 -4.947437 -3.864726 -1.289719 -0.647377 -0.003201 -6.829628 -7.387557 -9.184711 -10.471718 -10.028626 -5.119894 -4.938479 -9999.0 -9999.0 -9999.0 -9999.0 -9999.0 -9999.0
-9999.0 -9999.0 -9999.0 -9999.0 -9999.0 -9999.0 -9999.0 -9999.0 -9999.0 -4.117744 -1.879134 -2.498753 -1.711170 -0.900145 -0.420083 -0.387636 -0.259639 -0.003559 2.463484 3.270098 0.854078 -0.005318 -0.001872 -0.002848 -0.002263 -1.652227 -3.674311 -2.652029 -0.506604 -0.004110 -0.002031 -1.850334 -5.869796 -9.930019 -8.007956 -6.274963 -2.991810 -2.350617 -1.975002 -0.474894 -0.222113 -0.197152 -0.626922 1.064558 0.404889 -0.371610 -0.686403 -1.693987 -1.658525 -0.002136 -2.785174 -6.879521 -11.393068 -9.926511 -8.085400 -6.996958 -5.956058 -6.405696 -7.715828 -9999.0 -9999.0 -9999.0 -9999.0
-9999.0 -9999.0 -9999.0 -9999.0 -9999.0 -9999.0 -9999.0 -9999.0 -9999.0 -5.618389 -4.285748 -2.654328 -0.795491 -0.002379 -0.311583 -0.922824 -0.800813 -0.002114 3.068355 1.768532 1.414847 0.595108 -0.001429 -0.003485 -1.265316 -2.518897 -0.842202 -0.003742 -0.001994 -0.002506 -0.507524 -2.230807 -4.018452 -6.119005 -4.861460 -6.285209 -5.737562 -4.443543 -4.329379 -2.647247 -0.994333 -2.791171 -0.742987 -0.001867 1.675484 0.673824 0.340727 -0.002214 -0.002528 -0.002076 -3.096607 -6.383854 -9.432534 -8.243293 -6.825329 -7.945169 -5.833828 -4.943376 -5.371527 -9999.0 -9999.0 -9999.0 -9999.0
-9999.0 -9999.0 -9999.0 -9999.0 -9999.0 -9999.0 -9999.0 -9999.0 -9999.0 -9999.0 -4.862611 -3.217892 -0.102260 -0.356942 -0.001982 -0.254008 -0.002433 0.154760 3.956747 2.685389 1.501947 1.672854 -0.002570 -0.298588 -2.134931 -0.016919 -0.002243 -0.001228 -0.562324 -1.778685 -2.132969 -3.576258 -4.736553 -5.508010 -3.363543 -3.562237 -2.653750 -2.094303 -5.717321 -4.491788 -4.944320 -2.503432 -1.156410 -0.332579 -0.001284 -0.002595 0.532466 0.206535 1.001431 -0.001879 -2.047174 -5.603683 -8.213560 -9.157560 -8.380967 -6.240409 -3.698399 -1.781456 -2.207055 -0.007608 -9999.0 -9999.0 -9999.0
-9999.0 -9999.0 -9999.0 -9999.0 -9999.0 -9999.0 -9999.0 -9999.0 -9999.0 -9999.0 -5.079982 -3.854664 -2.817567 -0.076013 -0.001001 -0.004142 -0.003403 1.566159 4.331825 3.757559 2.620310 0.344394 -0.003225 -0.664971 -0.019748 -0.001835 0.347043 -0.002771 -1.469991 -4.414379 -4.568670 -2.727580 -6.102636 -6.311488 -4.469697 -3.024018 -1.467676 -0.654287 -2.932521 -5.385858 -4.202653 -3.585654 -1.486554 -3.029942 -1.228089 -0.420731 -0.003208 -0.001303 1.882039 0.720130 -0.012425 -2.900802 -5.027663 -7.703994 -9.822095 -8.982766 -6.303230 -1.723798 0.644526 0.442399 -9999.0 -9999.0 -9999.0
-9999.0 -9999.0 -9999.0 -9999.0 -9999.0 -9999.0 -9999.0 -9999.0 -3.402438 -4.723586 -5.645386 -3.289711 -3.553482 -1.247713 -0.060213 0.914719 1.937889 1.517682 3.405257 4.242755 4.400958 3.101081 1.923999 -0.005694 -0.002682 1.339357 -0.001656 -0.986600 -2.533643 -4.375637 -9.120206 -4.489686 -4.456703 -5.994013 -4.030216 -4.163395 -0.786339 -0.466416 -2.739953 -6.321208 -5.005445 -2.804182 -4.369050 -5.872920 -3.951343 -1.783176 -2.548495 -0.770472 -0.001368 0.949945 -0.002921 -0.890473 -5.681527 -6.834536 -8.502050 -5.506714 -6.078505 -1.218745 -0.001453 2.997823 -9999.0 -9999.0 -9999.0
-9999.0 -9999.0 -9999.0 -9999.0 -9999.0 -9999.0 -9999.0 -9999.0 -3.871672 -2.102192 -3.847223 -5.471706 -4.168156 -2.933547 -1.113080 -0.002523 0.850118 1.472620 4.813495 4.784217 3.695386 2.833970 1.444158 0.317706 2.335448 2.325690 0.280335 -0.491978 -6.174716 -5.305450 -6.085631 -5.843181 -3.939193 -5.648410 -3.452909 -2.912913 -0.363385 -0.213253 -1.010417 -3.374169 -4.639646 -7.715434 -5.471986 -3.198649 -3.119714 -1.700689 -4.740836 -3.525834 -0.475053 1.017324 0.518318 -0.528463 -5.704977 -6.125834 -4.075523 -4.107694 -1.827833 -0.012847 1.239040 3.657984 4.798929 -9999.0 -9999.0
-9999.0 -9999.0 -9999.0 -9999.0 -9999.0 -9999.0 -9999.0 -9999.0 -4.455248 -3.764593 -3.344315 -4.658101 -4.767964 -4.079114 -1.215759 -0.975772 -0.004525 0.700131 4.714662 3.824627 5.255092 3.713264 3.142156 3.365137 1.936043 2.120656 -0.002370 -1.421192 -5.424440 -4.460883 -5.272314 -2.933339 -3.029426 -2.619366 -2.385631 -2.155258 -0.034667 1.084728 -0.004126 -1.404890 -3.498789 -5.124979 -3.387250 -3.946577 -2.365530 -3.437049 -6.255005 -4.384263 -3.153769 -0.001202 1.976388 -0.002632 -5.016460 -5.605796 -3.003191 -1.268226 -0.000844 1.129313 3.277419 3.857217 4.298090 -9999.0 -9999.0
-9999.0 -9999.0 -9999.0 -9999.0 -9999.0 -9999.0 -9999.0 -9999.0 -7.144852 -3.219100 -0.785590 -6.488823 -3.824972 -1.806436 -0.425644 -0.002501 3.245910 4.486616 2.275088 5.038876 4.668166 5.083912 3.814413 3.277623 2.794646 0.369007 -0.002928 -2.184316 -2.762652 -1.250634 -1.668883 -0.891385 -0.047978 -0.584019 -0.436911 -1.580998 -0.000862 2.881404 0.011441 -0.189072 -2.861316 -2.868474 -3.224872 -4.021434 -4.156808 -5.030492 -3.389677 -4.296807 -4.113637 -1.877454 -0.002285 1.562713 -0.002641 -1.608740 -0.001446 0.363989 1.904098 3.572956 4.552556 4.069882 3.147937 1.820155 -9999.0
-9999.0 -9999.0 -9999.0 -9999.0 -9999.0 -9999.0 -9999.0 -9999.0 -7.019624 -3.583106 -2.237730 -1.751570 -0.568670 -0.089312 -0.001970 0.750964 0.811995 1.600000 0.032896 1.871250 4.018159 4.405800 4.710319 4.401029 1.105137 -0.004148 -1.287561 -0.033946 -0.002127 -0.076213 -0.404094 -0.001953 0.685834 -0.001444 -0.001561 -0.001570 0.905235 4.958519 4.458623 0.547556 -0.001464 -0.008036 -0.002168 -0.044321 -1.807000 -2.054997 -0.560237 -0.120619 -0.659191 -0.001795 0.070964 0.952681 1.316456 0.446931 1.057033 1.356663 2.084534 2.865964 3.470552 3.114149 3.082308 1.248038 -9999.0
-9999.0 -9999.0 -4.045984 -3.481872 -4.335675 -2.695199 -3.973347 -3.588902 -5.331232 -4.351090 -2.034133 -0.145997 -0.091770 -0.080528 -0.000323 0.330423 -0.001299 -1.396022 -0.811854 -0.002862 1.764996 4.477590 3.542099 5.525857 2.430604 1.078369 -0.003988 -0.003580 1.354360 -0.001345 -0.002641 -0.002938 1.416067 2.113239 2.102125 3.457033 4.368094 7.346550 6.357375 3.509005 2.098381 2.110780 2.789910 0.886098 -0.001292 -0.001644 0.112923 0.819795 0.878699 1.861637 2.539346 2.350869 1.786779 1.341754 1.280599 1.472118 1.882494 2.255730 1.859132 2.433200 0.293020 0.511831 -9999.0
-9999.0 -0.877295 -1.556388 -1.877568 -2.548331 -1.685530 -3.964624 -4.001793 -5.008645 -5.434479 -3.054808 -1.027550 -0.004709 -0.348736 -0.000467 -0.430373 -2.087267 -3.010462 -1.302705 -0.002696 1.530416 3.118314 1.638028 3.553715 2.451782 2.099095 0.698354 1.005999 2.394229 1.378864 1.166110 1.186643 2.644606 3.523838 4.894882 6.069369 7.633832 10.414239 7.706504 6.194061 5.400588 5.232078 4.524631 3.720800 2.471353 2.800686 2.616831 4.968846 4.047322 4.857589 3.130765 2.386085 1.643256 0.912099 0.853182 0.412220 0.311437 0.649155 0.118337 -0.001994 -0.002226 0.305123 -9999.0
-9999.0 -0.912161 -1.370606 -0.428498 -0.441615 -1.754190 -2.715800 -4.531953 -5.656345 -5.773369 -3.611115 -1.416213 -0.002531 -0.000437 -0.108271 -4.349142 -3.807116 -3.330413 -0.483617 -0.007944 -0.001955 1.179522 2.002801 1.124022 1.737257 2.542205 4.861515 4.293843 3.749086 5.575473 5.888368 5.600682 4.382032 5.264438 5.945191 8.106815 9.573240 10.625290 10.357741 9.577368 8.680394 7.771238 6.711000 7.315771 7.356788 7.138598 5.247534 5.054960 4.554917 3.892872 2.302726 1.282236 0.404601 1.054965 0.303963 -0.002795 -0.207019 -0.003292 -0.002478 -0.005096 -0.002428 -9999.0 -9999.0
