user2019/resources/simulation/Vinschgau/rec/SoilPressure0000L0007.asc
ncols         63
nrows         48
xllcorner     598000.000000
yllcorner     5145000.000000
cellsize      1000.000000
NODATA_value  -9999.0
[rows 0 to 24 of 48, columns 0 to 55 of 63]
-9999.0 -9999.0 -9999.0 -9999.0 -9999.0 -9999.0 -9999.0 -9999.0 -9999.0 -9999.0 -9999.0 -9999.0 -9999.0 -9999.0 -9999.0 -9999.0 -9999.0 -9999.0 -9999.0 -9999.0 -9999.0 -9999.0 -9999.0 -9999.0 -9999.0 -9999.0 -9999.0 -9999.0 -9999.0 -9999.0 -9999.0 -9999.0 -9999.0 -9999.0 -9999.0 -9999.0 -9999.0 -9999.0 -9999.0 -9999.0 -9999.0 -9999.0 -9999.0 -9999.0 -9999.0 -9999.0 -9999.0 -9999.0 -9999.0 -9999.0 -9999.0 -9999.0 -9999.0 -9999.0 -9999.0 -9999.0
-9999.0 -9999.0 -9999.0 -9999.0 -9999.0 -9999.0 -9999.0 -9999.0 -9999.0 -9999.0 -9999.0 -9999.0 -9999.0 -9999.0 -9999.0 -9999.0 -9999.0 -9999.0 -9999.0 -9999.0 -9999.0 -9999.0 -9999.0 -9999.0 -9999.0 -9999.0 -9999.0 -216417.296180 -46661.022762 -157382.449499 -168866.905914 -359744.884193 -555463.912265 -9999.0 -9999.0 -9999.0 -9999.0 -9999.0 -9999.0 -9999.0 -9999.0 -9999.0 -9999.0 -9999.0 -9999.0 -9999.0 -9999.0 -9999.0 -9999.0 -9999.0 -9999.0 -9999.0 -9999.0 -9999.0 -9999.0 -9999.0
-9999.0 -9999.0 -9999.0 -9999.0 -9999.0 -9999.0 -9999.0 -9999.0 -9999.0 -9999.0 -9999.0 -9999.0 -9999.0 -9999.0 -9999.0 -9999.0 -9999.0 -9999.0 -9999.0 -9999.0 -9999.0 -9999.0 -9999.0 -9999.0 -126.358231 -94.881402 -72.356307 -121.835905 -66.405089 -83.924394 -185103.929119 -9999.0 -9999.0 -9999.0 -9999.0 -9999.0 -9999.0 -9999.0 -9999.0 -9999.0 -9999.0 -9999.0 -9999.0 -9999.0 -9999.0 -9999.0 -9999.0 -9999.0 -9999.0 -9999.0 -9999.0 -9999.0 -9999.0 -9999.0 -9999.0 -9999.0
-9999.0 -9999.0 -9999.0 -9999.0 -9999.0 -9999.0 -9999.0 -9999.0 -9999.0 -9999.0 -9999.0 -9999.0 -9999.0 -9999.0 -9999.0 -9999.0 -9999.0 -9999.0 -9999.0 -9999.0 -9999.0 -9999.0 -9999.0 -83.083970 -74.449094 -1052.172786 -10697.448055 -30646.971855 -28281.633500 -146.665993 -180838.558293 -423761.490601 -9999.0 -9999.0 -9999.0 -9999.0 -9999.0 -9999.0 -9999.0 -9999.0 -9999.0 -9999.0 -9999.0 -9999.0 -9999.0 -9999.0 -9999.0 -9999.0 -9999.0 -9999.0 -9999.0 -9999.0 -9999.0 -9999.0 -9999.0 -9999.0
-9999.0 -9999.0 -9999.0 -9999.0 -9999.0 -9999.0 -9999.0 -9999.0 -9999.0 -9999.0 -9999.0 -9999.0 -9999.0 -9999.0 -9999.0 -9999.0 -9999.0 -9999.0 -578.425449 -82.237837 -9999.0 -75.187005 -75.708166 -25376.092476 -6389.104912 -26816.551856 -648.235888 -705.434217 -702.279502 -1237.619308 -165.601720 -165982.927667 -510762.413905 -698658.892018 -9999.0 -9999.0 -9999.0 -9999.0 -9999.0 -9999.0 -9999.0 -9999.0 -9999.0 -9999.0 -9999.0 -9999.0 -9999.0 -9999.0 -9999.0 -9999.0 -9999.0 -9999.0 -9999.0 -9999.0 -9999.0 -9999.0
-9999.0 -9999.0 -9999.0 -9999.0 -9999.0 -9999.0 -9999.0 -9999.0 -9999.0 -9999.0 -9999.0 -9999.0 -9999.0 -9999.0 -9999.0 -9999.0 -9999.0 -1142.589537 -27583.429979 -26649.653548 -814.036415 -588.736415 -1135.300883 -20103.704514 -724.894597 -795.402166 -14370.310645 -460.924488 -4711.690049 -649.975090 -72.756131 -111.984579 -127709.674241 -204534.527779 -582104.229061 -694880.940012 -9999.0 -9999.0 -9999.0 -9999.0 -9999.0 -9999.0 -9999.0 -9999.0 -9999.0 -9999.0 -9999.0 -9999.0 -9999.0 -9999.0 -9999.0 -9999.0 -9999.0 -9999.0 -9999.0 -9999.0
-9999.0 -9999.0 -9999.0 -9999.0 -9999.0 -9999.0 -9999.0 -9999.0 -9999.0 -9999.0 -9999.0 -9999.0 -9999.0 -118.305929 -951.416434 -1237.652478 -1811.458345 -591.571885 -1121.385509 -23232.165714 -5938.092411 -4631.239393 -23125.495606 -132.654980 -557.929059 -78.275202 -182894.891163 -98662.389536 -113499.402549 -409.780084 -210061.069297 -67.508121 -309.155231 -153617.571260 -376664.356548 -724720.933887 -9999.0 -9999.0 -9999.0 -9999.0 -9999.0 -9999.0 -9999.0 -9999.0 -9999.0 -9999.0 -9999.0 -9999.0 -9999.0 -9999.0 -9999.0 -9999.0 -9999.0 -9999.0 -9999.0 -9999.0
-9999.0 -9999.0 -9999.0 -9999.0 -9999.0 -9999.0 -9999.0 -9999.0 -9999.0 -9999.0 -9999.0 -9999.0 -9999.0 -90.011840 -9819.135833 -1559.242404 -1698.069841 -696.091420 -591.186366 -10358.379048 -137337.740802 -581.477117 -8299.483184 -1935.038945 -704.839883 -18003.188293 -111671.878433 -175911.314095 -414859.903633 -122525.691901 -57391.036603 -158846.433237 -483539.918157 -675321.069917 -623934.108498 -9999.0 -9999.0 -9999.0 -9999.0 -9999.0 -9999.0 -9999.0 -9999.0 -9999.0 -9999.0 -9999.0 -9999.0 -9999.0 -9999.0 -9999.0 -9999.0 -9999.0 -9999.0 -9999.0 -9999.0 -9999.0
-9999.0 -9999.0 -9999.0 -9999.0 -9999.0 -9999.0 -9999.0 -9999.0 -9999.0 -9999.0 -9999.0 -9999.0 -9999.0 -11515.779628 610.182981 -1110.366728 -1582.259845 -1607.458462 -590.995108 -1191.109682 -108.046854 -20733.066025 -916.261704 -1321.565432 -713.895305 -543.890944 -118237.408259 -469574.554910 -421012.220224 -564025.836619 -198038.484602 -729584.293600 -752446.014391 -1340168.483230 -761156.727327 -9999.0 -9999.0 -9999.0 -9999.0 -9999.0 -9999.0 -9999.0 -9999.0 -9999.0 -9999.0 -9999.0 -9999.0 -9999.0 -9999.0 -9999.0 -9999.0 -9999.0 -9999.0 -9999.0 -9999.0 -9999.0
-9999.0 -9999.0 -9999.0 -9999.0 -9999.0 -9999.0 -9999.0 -9999.0 -9999.0 -9999.0 -9999.0 -9999.0 -23611.341130 6504.620185 -10693.983880 -2103.902045 -1040.507946 -1392.547958 -794.148007 -28077.439332 -5864.861652 -669.525109 -17505.728975 -1967.368572 -231875.166829 -121328.121069 -370104.785241 -234316.383080 -280.838143 -520809.486573 -642098.568495 -541765.510942 -445842.829559 -788745.266932 -9999.0 -9999.0 -9999.0 -9999.0 -9999.0 -9999.0 -9999.0 -9999.0 -9999.0 -9999.0 -9999.0 -9999.0 -9999.0 -9999.0 -9999.0 -9999.0 -9999.0 -9999.0 -9999.0 -9999.0 -9999.0 -9999.0
-9999.0 -9999.0 -9999.0 -9999.0 -9999.0 -9999.0 -9999.0 -9999.0 -9999.0 -9999.0 -9999.0 -85.196196 -2574.638913 -303.890655 -10507.360695 -95.732960 -27144.255690 -1539.284247 -586.479020 -30968.975749 -152229.088170 -854.530325 -102.774046 -434.173559 -18033.061847 -207.550490 -399415.613917 -131474.045227 -431499.119059 -685977.143434 -560433.582191 -223.755330 -383074.381626 -639500.924292 -575886.087259 -321444.192340 -327269.008856 -148248.348267 -137577.074294 -9999.0 -9999.0 -9999.0 -655053.640051 -9999.0 -9999.0 -9999.0 -9999.0 -9999.0 -9999.0 -9999.0 -9999.0 -9999.0 -9999.0 -9999.0 -9999.0 -9999.0
-9999.0 -9999.0 -9999.0 -9999.0 -9999.0 -9999.0 -9999.0 -9999.0 -9999.0 -9999.0 -9999.0 -85.301210 -7010.319703 -31423.968090 -16320.898330 -151.038034 -21178.133738 -44033.724543 -612.717272 -699.787543 -102.139465 -90.469173 -69.191016 -292168.531233 -187399.089062 -113174.485654 -158108.672952 -159.570091 -146550.177157 -646554.091516 -141650.001207 -72.295446 -436918.735453 -515991.081078 -577813.693445 -149238.194451 -348.599695 -1685.415440 -137722.853535 -609819.625488 -603819.227495 -653882.475740 -161354.119798 -499330.047317 -9999.0 -9999.0 -9999.0 -728062.966626 -618920.059418 -584463.606550 -528231.340618 -701506.252827 -726462.514768 -693052.841579 -658251.240403 -767716.786708
-9999.0 -9999.0 -9999.0 -9999.0 -9999.0 -9999.0 -9999.0 -9999.0 -9999.0 -9999.0 -9999.0 -80.122672 -88.799145 -17692.322450 -570.395719 -103.389320 -283.639443 -18546.483958 -121.723560 -706.314611 -671.851251 -13148.007016 -156830.855929 -105.099396 -127657.768892 -192962.742520 -179216.343418 -425422.949083 -288467.771292 -552545.885672 -410398.985023 -215137.724798 -157.677416 -494403.405603 -507904.006912 -415.370391 -106287.556186 -179082.615489 -544.710710 -386518.488370 -127910.676689 -302265.659494 -318.491943 -134699.719885 -508727.189159 -9999.0 -784685.344267 -504717.069513 -162691.024930 -243.111091 -281.949394 -131406.200246 -131060.849381 -171789.594076 -193770.908881 -476173.672079
-9999.0 -9999.0 -9999.0 -9999.0 -9999.0 -9999.0 -9999.0 -9999.0 -9999.0 -9999.0 -9999.0 -9999.0 -81.671141 -1726.308499 -90.577812 -91.217700 -1193.456562 -12256.802165 -666.646756 -698.604829 -4670.789877 -15733.591220 -53733.906818 -106936.218048 -341759.160670 -195907.341266 1895.323610 -1072.768131 -174728.963952 -490739.673194 -158010.641296 -180574.062334 -425.256289 -274545.280721 -448106.017982 -130863.363596 -172361.336054 -137514.451021 -298.834981 -99461.790133 -408.543068 -122532.746336 -106845.867907 -70.282571 -426231.653876 -528024.875557 -626418.176311 -489413.745514 -336547.203316 -118081.535705 -2363.763530 -164167.889936 -445318.482427 -261714.383685 -349259.931360 -167269.532717
-9999.0 -9999.0 -9999.0 -9999.0 -9999.0 -9999.0 -9999.0 -9999.0 -9999.0 -9999.0 -9999.0 -121664.289022 -81.090985 -195.699545 -1984.356665 -233.841295 -221.955412 -4563.919135 -109.842343 -830.356988 -6566.091864 -644.933060 -796.888998 -187898.558580 -177212.132793 -71913.009847 -111337.295101 -189669.439410 -333626.656837 -174823.955374 -192578.365632 -144718.890536 -84.787782 -184873.394141 -581248.325282 -152450.198918 -141969.314954 -113116.653164 -894.906075 -542.687658 -114489.649955 -1263.697871 -2546.330137 -104617.192805 -99.586307 -180022.635637 -585.042327 -167579.583533 -121246.496213 -63219.672951 -468621.418992 -175237.582224 -475464.084497 -766786.694605 -853997.759073 -707472.081608
-9999.0 -9999.0 -9999.0 -9999.0 -9999.0 -9999.0 -9999.0 -9999.0 -9999.0 -9999.0 2494.718758 -51355.054285 -75.505296 -78.667891 -84.393163 -984.305578 -1363.948495 -500.802332 -1139.109997 -802.683240 -644.080857 -527.063196 -75568.226836 -77.077605 -750.321517 -254111.507446 -260979.698785 -699532.448971 -401.064280 -102.275484 -14436.276565 -251751.612300 -105.393982 -222473.783141 -746196.850750 -401057.571573 -642.658121 -139383.402692 -10001.121576 -177.279494 -14286.920125 -15593.249657 -571.928303 -480.887145 -5617.151543 -166391.022054 -400.228103 -92041.570531 -24854.603338 -204.168756 -679815.306166 -617625.713843 -911349.335427 -805980.514185 -753094.220880 -258589.485131
-9999.0 -9999.0 -9999.0 -9999.0 -9999.0 -9999.0 -9999.0 -9999.0 -9999.0 -1970.995833 -389.582120 -17836.991720 -3321.194413 -115987.173133 -5741.941125 -3974.123591 -22279.519525 -88.551684 -13080.395057 -851.552377 -660.958138 -1647.145517 -26367.821632 -362.576307 -289.056838 -188154.697716 -373285.840155 -99.359857 -45203.096358 -1631.018792 -108.209623 -212675.621479 -335886.821218 -665226.357914 -616775.314096 -406856.113900 -123.081098 -202558.925067 -159712.615574 -19295.571529 -31096.061570 -43718.322810 -61385.319450 -1589.768002 -28984.825013 -54720.018814 -84.956890 -130189.068826 -127292.429968 -199.530286 -252215.062740 -546199.424847 -877675.667085 -878974.310926 -703631.458448 -494557.316372
-9999.0 -9999.0 -9999.0 -9999.0 -9999.0 -9999.0 -9999.0 -9999.0 -9999.0 -133687.838324 -22619.843243 -117.395596 4994.225946 -225.893493 -28745.254340 -119350.820076 -78.518846 -200.256930 -18217.669982 -707.479428 -689.016688 -176.981575 -648.547224 -75.223683 -139966.986147 -224115.720348 -107080.717057 -280.339619 -119.926727 -428.558189 -282.033265 -259880.262623 -1951.367136 -483337.623545 -169163.028776 -415499.501902 -245359.666996 -139188.029181 -141002.472444 -105.338793 -140922.107099 -257320.819284 -89208.500586 -157.025081 -642.844643 -705.672564 -293.526577 -15728.270442 -15038.269225 -162.965591 -368092.134026 -721337.819525 -847742.054772 -730890.706354 -564749.339008 -611864.782379
-9999.0 -9999.0 -9999.0 -9999.0 -9999.0 -9999.0 -9999.0 -9999.0 -9999.0 -9999.0 -164447.530090 -102.347663 -3612.667361 -44644.808588 -13253.532618 -20808.871342 -213.057619 -277.964587 -25622.390584 -873.228408 -678.978708 -152793.299880 -342.119968 -24027.480949 -182281.630671 -7908.069331 -113.562306 -100.607842 -277.925086 -204749.319282 -248168.079898 -399642.984703 -517423.216350 -372391.295941 -157.083991 -78.029163 -81.321402 -73.129482 -240246.674638 -150184.380966 -176063.089085 -69.838520 5128.059244 -20426.146112 -17000.144882 -378.508457 -29434.688298 -650.007739 -20620.867928 -13461.631637 -237336.667804 -441901.486336 -718778.498796 -833895.882128 -749579.673483 -511217.542922
-9999.0 -9999.0 -9999.0 -9999.0 -9999.0 -9999.0 -9999.0 -9999.0 -9999.0 -9999.0 -177197.946139 -346.701860 -73.341064 -1665.386069 -409.985074 -782.751613 -640.029120 -994.572546 -1387.668396 -1021.024962 -1309.602586 -5418.876314 -488.438075 -68673.631126 -5761.009749 -99.377442 -481.444552 -293.055972 -165943.424417 -479835.284468 -154535.140571 -60.820409 -586888.451768 -496062.424667 -146754.734181 -69.342717 -246431.361509 -21464.760644 -270849.636495 -277115.194722 -73134.724118 -561.618618 -108607.732868 -151.392711 -413.360449 -92435.241178 -177.180090 -15826.689833 -118824.631048 -15448.232234 -5979.457547 -290935.190094 -557465.034816 -663210.488909 -914603.643806 -812500.139172
-9999.0 -9999.0 -9999.0 -9999.0 -9999.0 -9999.0 -9999.0 -9999.0 -92.636212 -161581.288934 -373790.368186 -66.908422 -133520.728782 -87852.544107 -5322.104809 -556.856905 -30721.350682 -175.165498 -847.213458 -1066.009500 -1733.217379 -27714.079542 -19840.891732 -8543.609657 -330.677936 -464.419498 -370.148306 -105959.287451 -233531.172415 -470178.059690 -618856.776606 -149655.208680 -145551.178123 -452911.787812 -1084.772237 -126741.937213 -102.977982 -3813.235466 -322702.003125 -411308.711068 -168745.108757 -68.249403 -471851.632621 -321538.448941 -112712.479936 2345.440140 -299884.611493 -97652.426776 -10932.709720 -521.812843 -404.193237 -144831.042696 -558217.903780 -777298.277816 -758951.125354 -425873.078996
-9999.0 -9999.0 -9999.0 -9999.0 -9999.0 -9999.0 -9999.0 -9999.0 -431761.638825 -173597.593759 -402712.734401 -346026.020118 -21557.366098 -313079.974234 -121301.029772 -384.596167 -3257.963772 -7143.200982 -152744.715439 -1072.538345 -622.391516 -746.271840 -959.513157 -170.595813 -16914.348573 -892.319586 -351.698365 -49431.823960 -600024.338437 -254347.727607 -484641.727219 -289422.646759 -417.368704 -213130.500883 -94.672799 -71.306372 -72.401158 -132.230548 -73191.973982 -160.841264 -155940.672211 -311910.300000 -192862.334144 -136.674469 2520.421884 -133588.836534 -626139.109016 -272.064469 -40840.871909 -422.852312 -437.637194 -49206.432998 -575847.679938 -502798.080502 -133207.912742 -249304.650119
-9999.0 -9999.0 -9999.0 -9999.0 -9999.0 -9999.0 -9999.0 -9999.0 -150095.248696 1039.096072 -109166.511792 -503166.282574 -57.710390 -439869.343038 -133037.389239 -103902.735177 -919.518158 -3618.149277 -35867.363353 -625.836293 -1076.563403 -760.515980 -975.649588 -1128.304125 -894.382568 -7838.829486 -307.151403 -159791.561139 -662782.620943 -143869.221211 -181796.080097 -64.174276 -284338.753662 -229786.066832 -67.197509 -66.704338 -24662.435397 -1484.236987 -13629.447039 -100459.447313 -193.809704 -171770.159378 -101.405945 777.417733 -205609.896172 -112.966928 -415420.689731 -677.059307 -328138.591704 -2716.620698 -541.676130 -286.871222 -347835.499219 -562540.243963 -153363.756006 -2409.192337
-9999.0 -9999.0 -9999.0 -9999.0 -9999.0 -9999.0 -9999.0 -9999.0 -583360.931615 -155.848817 -98029.157892 -649166.358538 -141.998908 -219533.811979 -145763.099076 -330.153320 -152045.247561 -30178.322010 -683.532941 -1182.150883 -1049.089475 -1028.256002 -750.866231 -777.435531 -1119.272352 -966.560938 -409.559526 -253725.507781 -72.873888 -87601.623206 -126778.322269 -55384.323412 -19558.924092 -2200.532488 -84270.509628 -144.179116 -120.400499 -11152.064181 -9034.473804 -33255.507650 -119.997828 -101.292464 -97.510661 -114266.155198 -313.300444 -169404.482063 -337.272993 -133647.100170 -126227.372760 -153682.254304 -285.182907 -526.455963 -292.433439 -154956.246610 -41.076244 -68.136997
-9999.0 -9999.0 -9999.0 -9999.0 -9999.0 -9999.0 -9999.0 -9999.0 -587727.191321 -110.560017 -321392.495607 -201156.166039 -53980.359576 -8729.460207 -59.198074 -645.119433 -546.049047 -4353.807255 -771.512912 -7981.674079 -1406.945295 -974.003647 -1021.530211 -1036.041918 -172.213621 -708.480358 -142497.836673 -9581.969886 -187.522013 -1293.592394 -34550.750855 -136.291276 -953.973951 -121.122877 -13823.779274 -16491.129053 -19134.786130 -27610.858711 -152649.544292 -126.949032 -14148.177101 -14920.850061 -14220.005238 -13222.932801 -140056.269560 -105.208156 -55209.919404 -23039.232076 -70017.104228 -8797.719334 -15995.070654 -1121.652394 -502.869601 -211.319550 -80.339275 -433.457319
