simulations/ton-toss/maps/thetaliqL0001N0044.asc
ncols         411
nrows         277
xllcorner     657839.306648
yllcorner     5122219.670830
cellsize      20.004541
NODATA_value  -9999.0
[rows 84 to 111 of 277, columns 128 to 191 of 411]
-9999.0 -9999.0 -9999.0 -9999.0 -9999.0 -9999.0 0.339044 0.338700 0.338413 0.338335 0.338214 0.337789 0.338220 0.338140 0.338214 0.337994 0.337799 0.337396 0.337125 0.337383 0.337725 0.337885 0.337750 0.337835 0.337768 0.337920 0.337768 0.338156 0.337853 0.337630 0.337085 0.336945 0.337266 0.337186 0.337296 0.336739 0.336734 0.337297 0.337503 0.337798 0.337882 0.337872 0.338003 0.337948 0.338262 0.338278 0.338723 0.338906 0.338920 0.338725 0.338632 0.338455 0.338214 0.338045 0.338093 0.338135 0.338163 0.338204 0.338095 0.337971 0.337670 0.337410 0.336915 0.336649
-9999.0 -9999.0 -9999.0 -9999.0 -9999.0 0.338936 0.339010 0.338558 0.338345 0.338381 0.338253 0.338193 0.337812 0.338096 0.338081 0.337833 0.337534 0.337241 0.337420 0.337497 0.337781 0.337644 0.337832 0.337846 0.338078 0.337925 0.337953 0.338140 0.337890 0.337599 0.337140 0.336926 0.337279 0.337144 0.336994 0.336831 0.336631 0.336824 0.337279 0.337634 0.338056 0.338021 0.338071 0.338057 0.338235 0.338663 0.338739 0.338830 0.338578 0.338502 0.338146 0.337947 0.337857 0.337802 0.337758 0.337790 0.337913 0.337653 0.337851 0.337813 0.337560 0.337272 0.336688 0.336585
-9999.0 -9999.0 -9999.0 -9999.0 0.338723 0.338975 0.338499 0.338409 0.338423 0.338152 0.337895 0.338174 0.337763 0.338079 0.337873 0.337766 0.337304 0.337400 0.337257 0.337741 0.337940 0.337861 0.337919 0.338094 0.338180 0.338417 0.338339 0.337935 0.337808 0.337350 0.337179 0.337312 0.337602 0.337241 0.337492 0.337001 0.336799 0.336930 0.337126 0.337334 0.337319 0.337679 0.337740 0.338003 0.338326 0.338481 0.338431 0.338184 0.338076 0.338050 0.338074 0.338068 0.337988 0.338111 0.337837 0.337751 0.337625 0.337643 0.337453 0.337727 0.337508 0.337076 0.336598 0.336254
-9999.0 -9999.0 -9999.0 0.338744 0.338904 0.338409 0.338289 0.338269 0.337960 0.337799 0.337726 0.337771 0.337726 0.337810 0.337810 0.337465 0.337244 0.337224 0.337579 0.337824 0.337738 0.338033 0.338062 0.338066 0.338298 0.338380 0.338283 0.337925 0.337706 0.337780 0.337716 0.337320 0.337649 0.337879 0.337712 0.337452 0.337188 0.336988 0.337019 0.336927 0.337046 0.337292 0.337599 0.337938 0.338145 0.338123 0.338088 0.337969 0.337937 0.337953 0.337967 0.338021 0.338037 0.338174 0.338002 0.337780 0.337576 0.337390 0.337311 0.337266 0.337063 0.336873 0.336419 0.336004
-9999.0 -9999.0 -9999.0 0.338884 0.338479 0.338360 0.338056 0.337854 0.337601 0.337735 0.337594 0.337638 0.337922 0.337879 0.337574 0.337537 0.337427 0.337567 0.337699 0.337914 0.338010 0.338068 0.338029 0.338025 0.338284 0.338347 0.338082 0.337897 0.337925 0.338196 0.338057 0.338143 0.338263 0.337922 0.338057 0.337861 0.337665 0.337275 0.337197 0.336990 0.337077 0.337146 0.337372 0.337984 0.338213 0.338205 0.338169 0.338020 0.338007 0.337984 0.338008 0.337998 0.338112 0.337990 0.337774 0.337435 0.337302 0.337154 0.336955 0.337157 0.336787 0.336604 0.336359 0.336127
-9999.0 -9999.0 -9999.0 0.338935 0.338500 0.338174 0.337904 0.337746 0.337697 0.337735 0.337671 0.337798 0.337733 0.337698 0.337772 0.337696 0.337871 0.337785 0.337967 0.338016 0.338078 0.338154 0.338139 0.337956 0.338215 0.338385 0.338223 0.338176 0.338291 0.337732 0.337758 0.338114 0.338354 0.338166 0.338161 0.338051 0.337773 0.337401 0.337268 0.337357 0.337122 0.337121 0.337577 0.337944 0.338062 0.338255 0.338172 0.338081 0.337988 0.337945 0.337947 0.337840 0.337825 0.337635 0.337516 0.337133 0.336916 0.336927 0.336627 0.336942 0.336456 0.336733 0.336517 0.336327
-9999.0 -9999.0 0.339120 0.338956 0.338423 0.338193 0.337887 0.337876 0.337623 0.337634 0.337728 0.337811 0.337750 0.337793 0.337847 0.337798 0.337904 0.337951 0.337958 0.337966 0.338087 0.338056 0.337890 0.337947 0.338189 0.338100 0.338046 0.338149 0.338152 0.338038 0.338134 0.338020 0.337711 0.338042 0.338222 0.337855 0.337570 0.337485 0.337358 0.337563 0.337452 0.337366 0.337353 0.337755 0.338105 0.338345 0.338192 0.337961 0.337810 0.337687 0.337756 0.337609 0.337448 0.337498 0.337133 0.337018 0.336723 0.336670 0.336335 0.336667 0.336626 0.337022 0.336901 0.336915
-9999.0 0.339024 0.339043 0.338608 0.338355 0.338371 0.337865 0.337864 0.337962 0.338006 0.338063 0.338071 0.337893 0.337863 0.337765 0.337775 0.337927 0.338035 0.337952 0.338057 0.338086 0.338265 0.337914 0.337868 0.337849 0.337917 0.338005 0.337749 0.337572 0.337542 0.337654 0.337415 0.337597 0.337642 0.337552 0.337624 0.337493 0.337359 0.337370 0.337364 0.337265 0.337219 0.337309 0.337531 0.337894 0.338155 0.338208 0.338086 0.337786 0.337364 0.337542 0.337461 0.337465 0.337272 0.336952 0.337191 0.336846 0.336455 0.335926 0.336161 0.336315 0.336770 0.336915 0.336930
-9999.0 0.339043 0.338643 0.338476 0.338150 0.337989 0.338303 0.337977 0.338231 0.338264 0.338330 0.338162 0.338183 0.337799 0.337626 0.337859 0.337821 0.337969 0.337994 0.338030 0.338090 0.337994 0.337839 0.337916 0.337828 0.337810 0.337739 0.337525 0.337325 0.337277 0.337163 0.337219 0.337131 0.337146 0.336997 0.337140 0.337146 0.337029 0.337043 0.337171 0.337164 0.337170 0.337052 0.337283 0.337509 0.337898 0.337966 0.337728 0.337519 0.337239 0.337739 0.337241 0.337332 0.337385 0.337125 0.337485 0.336998 0.336531 0.335803 0.335699 0.335716 0.336574 0.336841 0.336819
0.339031 0.339029 0.338486 0.338499 0.338175 0.338120 0.338086 0.338279 0.338239 0.338382 0.338446 0.338319 0.338204 0.337873 0.337623 0.337795 0.337739 0.338026 0.337891 0.338057 0.338233 0.337920 0.337894 0.337955 0.337841 0.337758 0.337555 0.337461 0.337343 0.337181 0.336902 0.336827 0.336786 0.336970 0.336801 0.336902 0.337000 0.337008 0.336917 0.336965 0.337069 0.336975 0.336991 0.337131 0.337161 0.337397 0.337441 0.337530 0.337586 0.337428 0.337404 0.337531 0.337529 0.337610 0.337479 0.337630 0.337463 0.336898 0.335972 0.335369 0.336073 0.336439 0.336649 0.336793
0.338863 0.338554 0.338541 0.338334 0.338216 0.338483 0.338178 0.338282 0.338309 0.338444 0.338460 0.338980 0.338750 0.337826 0.337640 0.337819 0.337971 0.337919 0.338059 0.338037 0.338138 0.337875 0.338127 0.337977 0.337857 0.337604 0.337364 0.337254 0.337091 0.336968 0.336917 0.336763 0.336904 0.336953 0.336963 0.337159 0.337167 0.337119 0.337099 0.336922 0.336930 0.336947 0.336753 0.336751 0.336898 0.337059 0.337182 0.337525 0.337626 0.338343 0.337621 0.337628 0.337781 0.337736 0.337782 0.338035 0.337991 0.337804 0.337281 0.336802 0.336878 0.337130 0.337321 0.337340
0.338439 0.338558 0.338519 0.338333 0.338443 0.338452 0.338243 0.338301 0.338381 0.338474 0.339255 0.339121 0.338906 0.337736 0.337661 0.337928 0.338045 0.338100 0.338045 0.338008 0.338080 0.338063 0.337952 0.337933 0.337820 0.337586 0.337469 0.337279 0.337115 0.337299 0.337082 0.336961 0.337023 0.337100 0.337142 0.337273 0.337301 0.337301 0.337182 0.336995 0.336968 0.336796 0.336867 0.336856 0.336606 0.336820 0.337357 0.337648 0.337987 0.338143 0.337915 0.337836 0.337870 0.337830 0.338193 0.338436 0.338793 0.338523 0.338360 0.338283 0.338236 0.338403 0.338390 0.338543
0.338378 0.338448 0.338278 0.338269 0.338163 0.338195 0.338335 0.338361 0.338415 0.338596 0.338725 0.338641 0.338676 0.337632 0.337427 0.337809 0.337995 0.338078 0.338107 0.337997 0.337930 0.337895 0.337780 0.337838 0.337811 0.337783 0.337661 0.337477 0.337223 0.337203 0.337205 0.337345 0.337425 0.337484 0.337528 0.337583 0.337595 0.337513 0.337436 0.337171 0.337008 0.336992 0.337063 0.337199 0.336886 0.337011 0.337529 0.338562 0.338228 0.338372 0.338271 0.338122 0.338217 0.338194 0.338597 0.338991 0.339027 0.339624 0.339379 0.339453 0.339395 0.339455 0.339603 0.339010
0.338395 0.338164 0.338435 0.338508 0.338410 0.338166 0.338279 0.338218 0.338390 0.338461 0.338572 0.338174 0.337776 0.337146 0.337078 0.337740 0.338008 0.338008 0.338013 0.338006 0.337951 0.337854 0.337791 0.337808 0.337803 0.337835 0.337831 0.337750 0.337609 0.337601 0.337504 0.337572 0.337679 0.337625 0.337611 0.337688 0.337651 0.337571 0.337437 0.337376 0.337155 0.337067 0.337140 0.337270 0.337385 0.337387 0.337909 0.338150 0.338343 0.338475 0.338549 0.338731 0.338373 0.338529 0.338802 0.339637 0.339737 0.339597 0.339343 0.339686 0.339821 0.339848 0.339777 0.339826
0.338197 0.338102 0.338102 0.338458 0.338105 0.338171 0.338201 0.338215 0.338267 0.338361 0.338260 0.337995 0.337262 0.336619 0.336905 0.337563 0.337914 0.338058 0.338015 0.338024 0.337942 0.337915 0.337850 0.337774 0.337825 0.337913 0.337910 0.337855 0.337761 0.337637 0.337553 0.337487 0.337642 0.337664 0.337617 0.337709 0.337690 0.337613 0.337588 0.337492 0.337344 0.337121 0.337283 0.337322 0.337300 0.337616 0.337675 0.338135 0.338341 0.338639 0.338714 0.339747 0.339690 0.340507 0.340657 0.340618 0.340047 0.339987 0.339350 0.339718 0.339842 0.339747 0.339777 0.339800
0.338089 0.338041 0.338620 0.338604 0.338056 0.338104 0.338192 0.338195 0.338197 0.338179 0.338033 0.337472 0.336831 0.336337 0.337026 0.337638 0.337950 0.338028 0.337914 0.337986 0.338012 0.337979 0.337917 0.337869 0.337889 0.337951 0.337776 0.337727 0.337634 0.337639 0.337557 0.337650 0.337513 0.337398 0.337434 0.337496 0.337556 0.337589 0.337651 0.337614 0.337568 0.337386 0.337182 0.337049 0.337221 0.337464 0.337862 0.337970 0.338303 0.338513 0.339497 0.339770 0.340686 0.341715 0.341861 0.341486 0.341076 0.340731 0.339792 0.339590 0.339346 0.339674 0.339628 0.339782
0.338555 0.338552 0.338205 0.338568 0.338613 0.338147 0.338142 0.338131 0.338030 0.337892 0.337783 0.337412 0.336459 0.336299 0.337304 0.337725 0.337928 0.337839 0.337906 0.338145 0.338019 0.337991 0.337892 0.337888 0.337759 0.337712 0.337583 0.337490 0.337345 0.337306 0.337206 0.337180 0.337232 0.337255 0.337381 0.337378 0.337432 0.337592 0.337756 0.337810 0.337771 0.337631 0.337281 0.337017 0.337217 0.337259 0.337990 0.338007 0.339440 0.339431 0.340138 0.340608 0.341390 0.342135 0.343320 0.343022 0.342128 0.341145 0.340344 0.340049 0.339981 0.339705 0.339367 0.339302
0.338502 0.338229 0.338609 0.338532 0.338612 0.338057 0.338113 0.338096 0.337923 0.337854 0.337426 0.336740 0.336882 0.336614 0.337466 0.337820 0.337985 0.338362 0.338039 0.338082 0.337958 0.337947 0.337919 0.337711 0.337448 0.337421 0.337363 0.337278 0.337180 0.337035 0.336926 0.337005 0.337110 0.337307 0.337370 0.337539 0.337712 0.337987 0.338197 0.338349 0.338056 0.337698 0.337406 0.337279 0.337114 0.337246 0.338691 0.338679 0.339864 0.340193 0.340544 0.340772 0.341212 0.342194 0.343010 0.343380 0.342906 0.342146 0.341318 0.340298 0.340172 0.339652 0.339729 0.339107
0.337833 0.337979 0.337927 0.338488 0.338708 0.338582 0.338023 0.337846 0.337805 0.337674 0.337242 0.336463 0.336974 0.336848 0.337553 0.337836 0.338071 0.337731 0.337879 0.337788 0.337681 0.337858 0.337570 0.337422 0.337264 0.337294 0.337476 0.337555 0.337757 0.337729 0.337692 0.337664 0.337608 0.337695 0.338085 0.337737 0.337844 0.338100 0.338694 0.338367 0.338169 0.337829 0.337626 0.337475 0.336499 0.337644 0.338315 0.339294 0.340468 0.340846 0.340928 0.340887 0.340874 0.341442 0.342293 0.342881 0.342824 0.342541 0.341925 0.341260 0.340395 0.340126 0.339888 0.339501
0.337769 0.337788 0.337858 0.338472 0.338606 0.337896 0.337886 0.337702 0.338376 0.337297 0.336700 0.336244 0.337087 0.337122 0.337671 0.337860 0.337818 0.337633 0.337396 0.337348 0.337477 0.337471 0.337336 0.337402 0.337446 0.337663 0.337894 0.337869 0.338412 0.338393 0.337826 0.337818 0.338337 0.338745 0.338441 0.338301 0.338312 0.338461 0.338418 0.339025 0.338205 0.337809 0.338223 0.337921 0.336010 0.336180 0.337880 0.339523 0.340953 0.341229 0.341092 0.341054 0.340859 0.341339 0.341744 0.342288 0.342585 0.342567 0.342649 0.341975 0.341386 0.340846 0.340811 0.340494
0.337659 0.337768 0.337890 0.338435 0.338506 0.338434 0.338333 0.338221 0.337383 0.337029 0.336507 0.336416 0.337510 0.337526 0.337724 0.337883 0.337725 0.337712 0.337455 0.337315 0.337253 0.337343 0.337220 0.337531 0.337680 0.337744 0.338436 0.338354 0.338488 0.338528 0.338469 0.338366 0.338276 0.338412 0.338300 0.338454 0.338508 0.338396 0.338277 0.338184 0.337768 0.337676 0.338593 0.337742 0.335683 0.334988 0.336564 0.339331 0.340898 0.341484 0.341372 0.341278 0.341151 0.341152 0.341945 0.341939 0.342414 0.342829 0.343061 0.342995 0.342302 0.341717 0.341279 0.340981
0.337576 0.337581 0.337631 0.338377 0.338410 0.338408 0.337666 0.337176 0.336926 0.336637 0.336458 0.336646 0.337901 0.337665 0.337932 0.337776 0.337733 0.337689 0.337482 0.337472 0.337268 0.337265 0.337607 0.337805 0.338245 0.338140 0.338464 0.338857 0.338836 0.338892 0.338825 0.338383 0.338342 0.338230 0.337410 0.337264 0.337201 0.337380 0.337946 0.337709 0.337212 0.337883 0.338837 0.338036 0.335025 0.334041 0.334886 0.337167 0.339880 0.341169 0.341464 0.341387 0.341054 0.341280 0.341406 0.342103 0.342486 0.342924 0.343593 0.343819 0.343621 0.342910 0.342145 0.341704
0.337425 0.337480 0.337516 0.337630 0.337770 0.337501 0.337223 0.336728 0.336398 0.336235 0.336537 0.336825 0.338014 0.337730 0.337849 0.337840 0.337971 0.337954 0.337854 0.337589 0.337555 0.337477 0.337795 0.338051 0.338025 0.338263 0.338178 0.338126 0.338035 0.338229 0.338309 0.337647 0.337558 0.337134 0.336850 0.336582 0.336575 0.336818 0.336941 0.336835 0.336922 0.338325 0.338225 0.338062 0.335014 0.333998 0.334079 0.335670 0.338508 0.340298 0.341214 0.340976 0.341030 0.340930 0.340960 0.341563 0.342224 0.343102 0.344014 0.344469 0.344732 0.344333 0.343251 0.342515
0.337314 0.337348 0.337319 0.337384 0.337355 0.337252 0.336702 0.336221 0.335733 0.335749 0.336476 0.336992 0.338013 0.337770 0.337943 0.337893 0.338301 0.338839 0.338872 0.337853 0.337866 0.337792 0.337892 0.337904 0.337808 0.337960 0.338068 0.337619 0.337567 0.337767 0.337842 0.337499 0.337190 0.336395 0.335165 0.334226 0.334416 0.334680 0.335273 0.336187 0.337336 0.339008 0.339274 0.337524 0.335650 0.334704 0.333998 0.334740 0.337119 0.339179 0.340370 0.340544 0.340153 0.340235 0.340654 0.341099 0.341849 0.343084 0.344233 0.344864 0.345083 0.345070 0.344455 0.343310
0.337219 0.337226 0.337178 0.337095 0.337101 0.336643 0.336100 0.335545 0.335584 0.335896 0.336549 0.337245 0.338282 0.337818 0.337954 0.338279 0.338410 0.338287 0.338851 0.338857 0.338123 0.338017 0.337896 0.337731 0.337829 0.337416 0.337335 0.337275 0.337223 0.337391 0.337538 0.337480 0.337667 0.335950 0.334378 0.333881 0.333926 0.334287 0.335406 0.336469 0.338307 0.338784 0.338704 0.337621 0.336650 0.335777 0.334790 0.334850 0.336589 0.338603 0.339818 0.339639 0.339504 0.339562 0.339791 0.340641 0.341374 0.342562 0.343919 0.344853 0.345236 0.345423 0.345099 0.344030
0.337286 0.337298 0.337007 0.336874 0.336521 0.336277 0.335675 0.335495 0.335784 0.336547 0.336878 0.337283 0.337543 0.337879 0.338119 0.338348 0.338406 0.338368 0.338761 0.338835 0.337945 0.337665 0.337534 0.337274 0.337394 0.337141 0.336874 0.336508 0.336416 0.336771 0.337243 0.337377 0.336784 0.336236 0.335677 0.335825 0.336532 0.336896 0.337420 0.338174 0.338275 0.339310 0.338679 0.338081 0.337562 0.336599 0.335925 0.335658 0.337216 0.338724 0.339434 0.339666 0.339416 0.339197 0.339508 0.340168 0.341167 0.342030 0.343085 0.344170 0.344798 0.345333 0.345283 0.344845
0.336931 0.337037 0.336839 0.336589 0.336643 0.336015 0.335602 0.335886 0.336409 0.336938 0.337350 0.337371 0.337682 0.338014 0.338048 0.338183 0.338114 0.338335 0.337784 0.337949 0.337627 0.337424 0.337116 0.336947 0.336744 0.336482 0.335443 0.334645 0.334518 0.334915 0.335515 0.336737 0.336266 0.336428 0.337908 0.337281 0.337834 0.340177 0.340596 0.340426 0.339739 0.339505 0.339054 0.338877 0.338377 0.337508 0.336575 0.336211 0.337417 0.339093 0.339657 0.339646 0.339350 0.339399 0.339026 0.339760 0.340647 0.341126 0.342047 0.343081 0.344053 0.344359 0.344689 0.344354
0.336941 0.337119 0.336840 0.336717 0.336520 0.336086 0.336042 0.336179 0.336963 0.337150 0.337515 0.337518 0.337542 0.337650 0.337806 0.337891 0.337683 0.337739 0.337616 0.337302 0.337234 0.336564 0.336245 0.336038 0.336117 0.334847 0.333739 0.333373 0.333779 0.333204 0.334084 0.335884 0.336887 0.337380 0.338404 0.339378 0.339874 0.340554 0.340988 0.341195 0.340871 0.340363 0.339788 0.339454 0.338995 0.337863 0.336830 0.336584 0.337743 0.338982 0.339740 0.339940 0.339632 0.339203 0.339136 0.339395 0.340150 0.340558 0.341143 0.341933 0.342496 0.343109 0.343713 0.343676
