simulations/ton-toss/maps/thetaliqL0003N0053.asc
ncols         411
nrows         277
xllcorner     657839.306648
yllcorner     5122219.670830
cellsize      20.004541
NODATA_value  -9999.0
[rows 196 to 223 of 277, columns 192 to 255 of 411]
0.375608 0.375836 0.375858 0.376047 0.376236 0.376268 0.376203 0.376402 0.376295 0.376197 0.376094 0.376488 0.376854 0.376943 0.376465 0.375432 0.375249 0.374768 0.374416 0.374004 0.373432 0.373157 0.373206 0.373748 0.374157 0.374333 0.374183 0.373796 0.374379 0.375725 0.373859 0.372803 0.372383 0.372225 0.371696 0.370878 0.369578 0.368932 0.368588 0.368112 0.367399 0.366522 0.366015 0.365839 0.365840 0.366009 0.366285 0.366504 0.366588 0.366529 0.366114 0.365556 0.365909 0.366908 0.368968 0.370077 0.370196 0.369856 0.369183 0.368122 0.367876 0.367512 0.367156 0.366836
0.375646 0.375721 0.375906 0.376155 0.375917 0.375801 0.376104 0.376040 0.376111 0.375765 0.376000 0.376529 0.376846 0.376967 0.376624 0.375837 0.375456 0.375545 0.375605 0.375364 0.374748 0.374810 0.374579 0.374040 0.374314 0.374713 0.374208 0.373747 0.373825 0.374504 0.374150 0.372666 0.372339 0.372285 0.371864 0.371114 0.369364 0.368559 0.368223 0.367866 0.367339 0.366623 0.366164 0.365870 0.365856 0.366117 0.366407 0.366641 0.366786 0.366499 0.365952 0.365723 0.366088 0.366695 0.368184 0.369386 0.369886 0.369697 0.368882 0.367830 0.367526 0.367407 0.367140 0.366453
0.375718 0.375877 0.376145 0.375986 0.376073 0.375855 0.375971 0.375871 0.375864 0.375908 0.376024 0.376610 0.376996 0.376984 0.376580 0.375831 0.375489 0.375679 0.376248 0.376165 0.375952 0.375676 0.375778 0.376230 0.376354 0.376498 0.375730 0.374457 0.374078 0.374242 0.374177 0.372711 0.372796 0.373267 0.372659 0.371960 0.369855 0.368595 0.368143 0.367745 0.367248 0.366701 0.366295 0.366151 0.366189 0.366432 0.366555 0.366727 0.366780 0.366576 0.366468 0.366130 0.366038 0.366591 0.367542 0.368655 0.369535 0.369191 0.368572 0.367786 0.367302 0.367161 0.366936 0.366246
0.375818 0.376176 0.376321 0.376385 0.376366 0.376116 0.376199 0.375826 0.375561 0.375738 0.375994 0.376651 0.376917 0.376843 0.376289 0.375832 0.375276 0.375656 0.376346 0.376509 0.376613 0.376482 0.376720 0.377309 0.377671 0.377392 0.376809 0.376656 0.374950 0.375319 0.374432 0.373207 0.373073 0.373499 0.373172 0.372203 0.371062 0.369080 0.368312 0.367668 0.367120 0.366644 0.366470 0.366501 0.366558 0.366596 0.366611 0.366649 0.366784 0.366875 0.366594 0.366391 0.366089 0.366205 0.366961 0.367660 0.368609 0.369005 0.368676 0.367937 0.367224 0.367241 0.366781 0.366200
0.376072 0.376073 0.376572 0.376677 0.376738 0.376644 0.376049 0.375931 0.375522 0.375217 0.376051 0.376403 0.376954 0.377028 0.376417 0.375627 0.375231 0.375496 0.375970 0.376423 0.376721 0.376850 0.377412 0.378043 0.378090 0.377403 0.376837 0.376399 0.376022 0.375456 0.374422 0.373581 0.372957 0.372665 0.372703 0.372304 0.371672 0.369937 0.368764 0.367941 0.367159 0.366577 0.366509 0.366579 0.366624 0.366548 0.366637 0.366743 0.366840 0.367001 0.366771 0.366548 0.366048 0.365556 0.365887 0.367017 0.367665 0.368747 0.368816 0.368317 0.367834 0.366996 0.366974 0.366314
0.376020 0.376197 0.376694 0.376753 0.376824 0.376711 0.376252 0.375827 0.375395 0.375380 0.375861 0.376438 0.377058 0.377161 0.376621 0.375842 0.375369 0.375492 0.375729 0.376175 0.376652 0.377148 0.377791 0.378070 0.377336 0.376332 0.375754 0.375124 0.374873 0.374598 0.374116 0.373244 0.372004 0.371717 0.371696 0.371850 0.371851 0.370658 0.369290 0.368338 0.367349 0.366725 0.366589 0.366596 0.366552 0.366549 0.366632 0.366731 0.367192 0.367044 0.366850 0.366405 0.365516 0.364480 0.364443 0.365853 0.367119 0.368685 0.369200 0.368912 0.368393 0.367659 0.366957 0.366456
0.375617 0.376093 0.376517 0.376600 0.376705 0.376618 0.376505 0.376386 0.375735 0.375553 0.375768 0.376389 0.377022 0.377228 0.376752 0.376111 0.375693 0.375587 0.375722 0.375930 0.376770 0.377323 0.378104 0.377583 0.376808 0.375791 0.375198 0.374615 0.374295 0.374107 0.373737 0.372652 0.371266 0.370794 0.370844 0.371458 0.371329 0.370547 0.369561 0.368690 0.367669 0.366910 0.366553 0.366357 0.366263 0.366389 0.366545 0.366677 0.367078 0.366901 0.366957 0.366135 0.364954 0.363694 0.363920 0.365313 0.367050 0.368743 0.369447 0.369282 0.368665 0.368048 0.367153 0.366863
0.375474 0.376057 0.376477 0.376550 0.376704 0.376620 0.376567 0.376239 0.375835 0.375333 0.375725 0.376298 0.376988 0.377181 0.376817 0.376349 0.375981 0.375772 0.375857 0.376285 0.376913 0.377554 0.377940 0.377283 0.376438 0.375401 0.374698 0.374244 0.373876 0.373656 0.372932 0.371713 0.370723 0.370350 0.370420 0.370809 0.370652 0.370059 0.369403 0.368707 0.367738 0.366948 0.366402 0.366048 0.366035 0.366194 0.366344 0.366476 0.366616 0.366253 0.366044 0.365126 0.363974 0.363120 0.363536 0.365025 0.367172 0.369054 0.369643 0.369437 0.368840 0.368227 0.367411 0.366994
0.375403 0.375865 0.376542 0.376611 0.376771 0.376802 0.376856 0.376114 0.375671 0.375420 0.375556 0.376075 0.376603 0.376912 0.376605 0.376339 0.376071 0.376084 0.376316 0.376820 0.377254 0.377538 0.377575 0.377279 0.375979 0.375149 0.374379 0.374031 0.373735 0.373180 0.372239 0.371267 0.370550 0.370260 0.370470 0.370282 0.369832 0.369519 0.368970 0.368329 0.367431 0.366666 0.365983 0.365700 0.365789 0.365874 0.366254 0.366191 0.366280 0.365399 0.364688 0.364115 0.363412 0.362973 0.363515 0.365395 0.367345 0.369244 0.369718 0.369496 0.368845 0.368274 0.367436 0.366950
0.375464 0.375688 0.376192 0.376690 0.377065 0.377162 0.376827 0.376706 0.376009 0.375700 0.375634 0.375900 0.376144 0.376459 0.376549 0.376412 0.376244 0.376216 0.376911 0.377484 0.377801 0.377620 0.377542 0.377213 0.375987 0.374746 0.374084 0.373731 0.373253 0.372463 0.371812 0.371049 0.370461 0.370196 0.369926 0.369729 0.369636 0.369128 0.368632 0.367958 0.367022 0.366182 0.365558 0.365330 0.365670 0.365861 0.365788 0.365490 0.364995 0.364212 0.363805 0.363437 0.363362 0.363642 0.364324 0.366088 0.367395 0.369406 0.369771 0.369515 0.368853 0.368221 0.367267 0.365611
0.375723 0.375481 0.375999 0.376773 0.377376 0.377570 0.377364 0.376977 0.376444 0.376100 0.375953 0.376035 0.376174 0.376374 0.376425 0.376261 0.376119 0.376576 0.377259 0.377919 0.377920 0.377657 0.377647 0.377109 0.375729 0.374483 0.373664 0.373193 0.372767 0.372101 0.371658 0.371107 0.370521 0.369568 0.369382 0.369403 0.369457 0.369086 0.368355 0.367525 0.366582 0.365914 0.365039 0.364812 0.365003 0.365245 0.365311 0.364487 0.363991 0.363288 0.363201 0.363578 0.363794 0.364447 0.365224 0.366457 0.367936 0.369469 0.369720 0.369553 0.368990 0.368334 0.367298 0.366931
0.375933 0.375386 0.375784 0.376680 0.377315 0.377696 0.377725 0.377368 0.376831 0.376562 0.376443 0.376369 0.376505 0.376666 0.376470 0.376272 0.376290 0.376839 0.377602 0.377739 0.377562 0.377593 0.377520 0.376932 0.375311 0.374089 0.373233 0.372898 0.372293 0.371885 0.371467 0.371347 0.370121 0.369364 0.369056 0.369356 0.369379 0.368984 0.368114 0.366998 0.366277 0.365700 0.364779 0.364141 0.364060 0.364412 0.364419 0.364134 0.363488 0.363211 0.363576 0.364103 0.364756 0.365284 0.366144 0.366922 0.368485 0.369522 0.369595 0.369349 0.368968 0.368380 0.367393 0.367016
0.376480 0.375553 0.375563 0.376224 0.377283 0.377859 0.377966 0.377657 0.377170 0.376825 0.376715 0.376655 0.376894 0.376934 0.376813 0.376459 0.376661 0.377349 0.377383 0.377276 0.377093 0.377077 0.377212 0.376527 0.374941 0.373877 0.373191 0.372666 0.372278 0.371680 0.371214 0.371011 0.370062 0.369357 0.368863 0.369046 0.369313 0.368408 0.367352 0.366346 0.365769 0.365120 0.364366 0.363246 0.363256 0.364028 0.364069 0.364146 0.363881 0.363532 0.364283 0.364988 0.365710 0.366229 0.367009 0.367521 0.369026 0.369496 0.369597 0.369306 0.368921 0.368440 0.367610 0.367203
0.376664 0.375901 0.375617 0.376130 0.377105 0.377749 0.377878 0.377788 0.377398 0.376838 0.376715 0.376821 0.377033 0.377280 0.377194 0.377193 0.377613 0.377933 0.377593 0.377227 0.376746 0.376606 0.376772 0.376219 0.375171 0.374141 0.373362 0.373052 0.372331 0.371506 0.371298 0.370725 0.369888 0.369226 0.368792 0.368442 0.367823 0.367231 0.366371 0.365609 0.365114 0.364823 0.364237 0.364043 0.363224 0.363235 0.364325 0.364862 0.364950 0.364809 0.365034 0.365545 0.366107 0.366350 0.366791 0.367856 0.368789 0.369358 0.369462 0.369158 0.368818 0.368387 0.367644 0.366856
0.377083 0.376505 0.375660 0.376036 0.376795 0.377512 0.377826 0.377782 0.377442 0.376902 0.376674 0.376810 0.377138 0.377331 0.377440 0.377905 0.378018 0.377438 0.377247 0.377513 0.376867 0.376522 0.376589 0.376122 0.375424 0.374647 0.373959 0.373354 0.372512 0.371816 0.370965 0.370161 0.369641 0.369115 0.368730 0.367834 0.366900 0.366064 0.365427 0.364773 0.364747 0.365152 0.364859 0.364285 0.363703 0.363916 0.364672 0.365156 0.365441 0.365740 0.365764 0.366127 0.366021 0.366503 0.366905 0.367368 0.368149 0.369166 0.369404 0.369150 0.368822 0.368343 0.367649 0.366910
0.377146 0.376468 0.375899 0.376004 0.376516 0.377320 0.377670 0.377458 0.377836 0.377184 0.376770 0.376758 0.377075 0.377172 0.377681 0.378311 0.377570 0.376501 0.376366 0.376981 0.377431 0.376846 0.376702 0.375976 0.375618 0.375187 0.374443 0.373625 0.372650 0.371622 0.370621 0.369793 0.369296 0.368836 0.368245 0.367321 0.366368 0.365284 0.364810 0.364482 0.364963 0.365631 0.365568 0.365068 0.364679 0.364704 0.365271 0.365994 0.366270 0.366365 0.366290 0.366260 0.366404 0.366284 0.366424 0.366833 0.367609 0.368434 0.369210 0.369305 0.368836 0.368273 0.367677 0.367066
0.377031 0.376381 0.375773 0.375645 0.376030 0.377123 0.377130 0.376942 0.378183 0.377678 0.377050 0.377071 0.377106 0.377263 0.377652 0.378212 0.377449 0.376144 0.375719 0.375944 0.376602 0.376802 0.376291 0.375917 0.375842 0.375313 0.374571 0.373654 0.372625 0.371504 0.370178 0.369327 0.368673 0.368146 0.367541 0.366836 0.365954 0.364933 0.364023 0.364975 0.365760 0.366670 0.366287 0.365357 0.365005 0.365124 0.365543 0.365345 0.365982 0.366342 0.366378 0.366457 0.366420 0.366197 0.365874 0.365932 0.366517 0.367397 0.369121 0.369792 0.369845 0.368622 0.367501 0.367184
0.376748 0.376096 0.375160 0.375271 0.375644 0.376802 0.377355 0.377089 0.378093 0.377852 0.377498 0.377368 0.377286 0.377437 0.377806 0.378191 0.377228 0.375904 0.375203 0.375099 0.375543 0.375811 0.375697 0.375670 0.375781 0.375229 0.374246 0.373373 0.372527 0.371089 0.369770 0.368653 0.367846 0.367290 0.366954 0.366459 0.365955 0.365089 0.364930 0.366016 0.367007 0.366775 0.366244 0.365842 0.365478 0.365735 0.365629 0.365627 0.365643 0.365933 0.366249 0.366591 0.366309 0.365834 0.365475 0.365123 0.365390 0.366639 0.368586 0.371228 0.369557 0.368461 0.367262 0.367324
0.377156 0.376414 0.375144 0.374226 0.374114 0.374866 0.375693 0.377406 0.377876 0.377771 0.377629 0.377381 0.377589 0.377689 0.377887 0.378215 0.376848 0.375421 0.374473 0.374220 0.374445 0.374675 0.375067 0.375403 0.375245 0.374712 0.373601 0.372943 0.371928 0.370443 0.369389 0.367852 0.367038 0.366764 0.366682 0.366424 0.366250 0.365894 0.366761 0.366535 0.366934 0.366083 0.365963 0.365432 0.365371 0.365652 0.365967 0.366089 0.365527 0.365725 0.365830 0.365933 0.366179 0.365671 0.365126 0.364548 0.364263 0.364045 -9999.0 -9999.0 -9999.0 0.367810 0.367294 0.367382
0.376667 0.377414 0.376641 0.374824 0.373871 0.373774 0.374349 0.375169 0.376909 0.376858 0.376957 0.377180 0.377449 0.377677 0.377771 0.377352 0.375773 0.374298 0.373569 0.373513 0.373704 0.373888 0.374176 0.375089 0.374990 0.374381 0.372982 0.372178 0.371212 0.370223 0.369128 0.367839 0.367046 0.366808 0.366858 0.366957 0.366858 0.367096 0.367202 0.366465 0.366677 0.365774 0.365213 0.364986 0.366224 0.365543 0.365865 0.366067 0.366015 0.365501 0.366187 0.365588 0.365664 0.365340 0.364873 0.364181 0.363746 0.364046 -9999.0 -9999.0 -9999.0 -9999.0 -9999.0 -9999.0
0.375386 0.375298 0.377452 0.377211 0.374449 0.374379 0.374222 0.374619 0.375199 0.375043 0.376035 0.376074 0.376764 0.377046 0.377301 0.376846 0.374897 0.373377 0.372822 0.373017 0.373251 0.373353 0.373745 0.374806 0.374666 0.374102 0.372666 0.372016 0.371097 0.370399 0.369550 0.368692 0.368025 0.367510 0.367516 0.367633 0.367695 0.367713 0.367495 0.366955 0.366787 0.365426 0.365192 0.364810 0.365154 0.367382 0.366872 0.366356 0.366206 0.365751 0.365364 0.365296 0.365253 0.365119 0.364566 0.364001 0.363714 0.363846 -9999.0 -9999.0 -9999.0 -9999.0 -9999.0 -9999.0
0.374500 0.373550 0.374193 0.375073 0.377212 0.376668 0.375830 0.374813 0.375046 0.374812 0.374750 0.375104 0.375862 0.376569 0.376977 0.376700 0.374525 0.372707 0.372104 0.372636 0.373173 0.373334 0.373695 0.374105 0.374090 0.373625 0.372686 0.372272 0.371532 0.370914 0.370324 0.369894 0.369045 0.368463 0.368229 0.368488 0.368120 0.367968 0.367719 0.367185 0.366078 0.365690 0.364888 0.364082 0.364931 0.366746 0.366205 0.366504 0.366451 0.365788 0.365292 0.365082 0.364910 0.364477 0.364053 0.363528 0.363302 0.363357 -9999.0 -9999.0 -9999.0 -9999.0 -9999.0 -9999.0
0.374123 0.372742 0.373051 0.374878 0.377814 0.377521 0.376919 0.376865 0.376917 0.376099 0.375434 0.375088 0.375713 0.376640 0.377137 0.376913 0.374613 0.372429 0.371472 0.372160 0.373186 0.373720 0.373866 0.373872 0.373413 0.373200 0.372710 0.372552 0.371914 0.371355 0.370704 0.370329 0.369774 0.369067 0.368546 0.368491 0.368136 0.367950 0.367801 0.367521 0.366219 0.365740 0.365316 0.364599 0.363766 0.365004 0.365182 0.365382 0.365869 0.365561 0.365114 0.365151 0.364466 0.364089 0.363731 0.362925 0.362599 0.362470 -9999.0 -9999.0 -9999.0 -9999.0 -9999.0 -9999.0
0.373745 0.372635 0.372968 0.374658 0.377841 0.378148 0.377907 0.377882 0.377831 0.377417 0.376331 0.375935 0.376280 0.377256 0.377477 0.376951 0.374579 0.372141 0.371150 0.371968 0.373350 0.374025 0.373926 0.373243 0.372904 0.372732 0.372470 0.372643 0.372167 0.371438 0.370584 0.370152 0.369568 0.368935 0.368752 0.368333 0.368093 0.367880 0.367829 0.367329 0.366596 0.365511 0.364561 0.364862 0.363197 0.364918 0.363584 0.365603 0.365292 0.365200 0.364850 0.364368 0.364186 0.363856 0.362775 0.362456 -9999.0 -9999.0 -9999.0 -9999.0 -9999.0 -9999.0 -9999.0 -9999.0
0.373390 0.373135 0.373698 0.375691 0.376813 0.377611 0.378055 0.378130 0.378111 0.377769 0.377193 0.376767 0.376936 0.377818 0.378140 0.376640 0.373881 0.371596 0.370879 0.371913 0.373302 0.373793 0.373332 0.372661 0.372375 0.372322 0.372263 0.372392 0.371944 0.371188 0.370211 0.369737 0.369081 0.368975 0.368525 0.368175 0.368069 0.367958 0.367793 0.367130 0.366518 0.365899 0.364807 0.364198 0.364439 0.362584 0.363703 0.363976 0.364861 0.364912 0.364597 0.364098 0.363610 0.362394 0.362687 -9999.0 -9999.0 -9999.0 -9999.0 -9999.0 -9999.0 -9999.0 -9999.0 -9999.0
0.374093 0.374293 0.374995 0.375864 0.376982 0.377626 0.377953 0.378305 0.377844 0.377200 0.377012 0.377093 0.377753 0.378167 0.377175 0.375270 0.372630 0.370838 0.370846 0.372342 0.373227 0.373151 0.372436 0.371930 0.371960 0.371993 0.372139 0.371919 0.371665 0.370801 0.370095 0.369378 0.369153 0.368664 0.368317 0.368140 0.367960 0.367725 0.367536 0.366861 0.366378 0.365877 0.365235 0.364642 0.363935 0.363298 0.362684 0.363840 0.363844 0.364486 0.364070 0.363629 0.362156 0.362451 -9999.0 -9999.0 -9999.0 -9999.0 -9999.0 -9999.0 -9999.0 -9999.0 -9999.0 -9999.0
0.374956 0.375280 0.375421 0.375631 0.376322 0.377494 0.377973 0.377905 0.377546 0.377452 0.377530 0.377504 0.377501 0.377381 0.376429 0.373767 0.371296 0.370298 0.371214 0.372830 0.373091 0.372422 0.371700 0.371832 0.371587 0.371598 0.371266 0.371398 0.371104 0.370456 0.369975 0.369241 0.368990 0.368377 0.368086 0.367994 0.367940 0.367729 0.367143 0.366581 0.366316 0.366055 0.365222 0.364228 0.363861 0.363711 0.363480 0.363861 0.363804 0.364126 0.363832 0.363951 -9999.0 -9999.0 -9999.0 -9999.0 -9999.0 -9999.0 -9999.0 -9999.0 -9999.0 -9999.0 -9999.0 -9999.0
0.375260 0.375559 0.375066 0.374671 0.375476 0.376340 0.378158 0.377361 0.377663 0.377829 0.376954 0.376512 0.376810 0.376591 0.375227 0.372894 0.370722 0.370262 0.371791 0.373023 0.372690 0.372505 0.371297 0.371014 0.370960 0.370765 0.370539 0.370613 0.370409 0.370236 0.369860 0.369663 0.368928 0.368107 0.367822 0.367799 0.367469 0.367340 0.366847 0.366452 0.366238 0.366046 0.365381 0.363908 0.364032 0.364124 0.365261 0.364438 0.363947 0.363828 0.363983 0.363308 -9999.0 -9999.0 -9999.0 -9999.0 -9999.0 -9999.0 -9999.0 -9999.0 -9999.0 -9999.0 -9999.0 -9999.0
