simulations/ton-toss/maps/thetaliqL0002N0043.asc
ncols         411
nrows         277
xllcorner     657839.306648
yllcorner     5122219.670830
cellsize      20.004541
NODATA_value  -9999.0
[rows 168 to 195 of 277, columns 192 to 255 of 411]
0.356657 0.356540 0.356305 0.356233 0.355489 0.355047 0.355578 0.355235 0.355216 0.354942 0.354874 0.354375 0.353919 0.353823 0.353828 0.353539 0.353118 0.352563 0.351936 0.351591 0.350774 0.349935 0.348770 0.348552 0.347881 0.347716 0.347711 0.347631 0.347155 0.346843 0.346306 0.345800 0.345228 0.345016 0.344560 0.344255 0.341892 0.341140 0.336398 0.337352 0.333331 0.335966 0.337456 0.339454 0.347523 0.348604 0.349759 0.348701 0.347350 0.346768 0.345914 0.345799 0.345380 0.344291 0.342241 0.341087 0.336986 0.333857 0.333905 0.334043 0.329843 0.328648 0.330882 0.337214
0.355828 0.355840 0.355726 0.355412 0.355007 0.355433 0.355169 0.355023 0.355274 0.355251 0.354957 0.354422 0.354151 0.353831 0.353597 0.353251 0.352662 0.351960 0.351590 0.351232 0.350346 0.349597 0.348857 0.348180 0.347796 0.347845 0.347259 0.346785 0.346542 0.346163 0.345865 0.345449 0.345322 0.344779 0.344490 0.342081 0.342089 0.341022 0.335519 0.334496 0.332077 0.334173 0.336636 0.339192 0.345333 0.355603 0.349199 0.347634 0.346535 0.346047 0.345729 0.345477 0.345237 0.344156 0.341837 0.342366 0.336205 0.337363 0.332185 0.332447 0.330776 0.330463 0.330544 0.334528
0.355425 0.355223 0.355207 0.355186 0.355529 0.355143 0.354704 0.355093 0.355323 0.355299 0.355088 0.354727 0.354243 0.353932 0.353376 0.352958 0.352373 0.351910 0.351676 0.350947 0.350090 0.349314 0.348988 0.348267 0.348083 0.347862 0.347167 0.346619 0.346160 0.345881 0.345633 0.345674 0.343207 0.342924 0.342651 0.342791 0.342307 0.341375 0.339106 0.335160 0.332081 0.331712 0.334998 0.337356 0.339851 0.350170 0.343864 0.346295 0.345394 0.344982 0.345173 0.344593 0.344623 0.343561 0.340639 0.341515 0.342668 0.336233 0.336863 0.332229 0.333335 0.331647 0.329937 0.330171
0.355528 0.355567 0.355878 0.355620 0.355197 0.354648 0.354846 0.355111 0.355329 0.355351 0.355120 0.354812 0.354352 0.353776 0.353217 0.352800 0.352210 0.352329 0.351654 0.350801 0.349837 0.349408 0.348588 0.348255 0.347990 0.347919 0.347029 0.346636 0.346351 0.344187 0.344218 0.343475 0.343110 0.343537 0.343476 0.342814 0.342899 0.342363 0.341107 0.334434 0.332748 0.330531 0.333479 0.334884 0.338136 0.347208 0.350449 0.345919 0.345115 0.344899 0.344865 0.344378 0.343662 0.342861 0.342729 0.341900 0.340134 0.334361 0.339778 0.332066 0.331780 0.330939 0.329002 0.330933
0.355626 0.356234 0.355553 0.355193 0.354727 0.354761 0.354926 0.355275 0.355252 0.355172 0.354996 0.354789 0.354257 0.353537 0.352958 0.352640 0.352593 0.352132 0.351441 0.350563 0.349734 0.349308 0.348481 0.348341 0.347820 0.347788 0.347050 0.344990 0.344575 0.344445 0.344129 0.343854 0.344084 0.343923 0.343425 0.343292 0.343200 0.342720 0.341536 0.337182 0.332740 0.332211 0.331896 0.338129 0.335999 0.344017 0.348686 0.349191 0.345568 0.344815 0.344216 0.343490 0.342883 0.342070 0.341677 0.340796 0.339335 0.334796 0.336277 0.331890 0.331944 0.329100 0.329592 0.327757
0.355251 0.355816 0.355420 0.355227 0.354930 0.354894 0.355236 0.355427 0.355270 0.354978 0.354568 0.354388 0.354109 0.353166 0.352422 0.351816 0.352040 0.351425 0.350700 0.349876 0.349527 0.348661 0.348261 0.348111 0.347840 0.347725 0.345302 0.344845 0.344692 0.344568 0.344185 0.344346 0.344194 0.343710 0.343551 0.343293 0.342623 0.342877 0.341957 0.338505 0.334304 0.333014 0.335691 0.330391 0.333782 0.340466 0.346231 0.343601 0.344701 0.344246 0.343509 0.342984 0.341972 0.341260 0.340647 0.338439 0.338928 0.338196 0.334400 0.329673 0.331768 0.329350 0.328938 0.326605
0.355511 0.355474 0.355412 0.355307 0.355179 0.355327 0.355530 0.355477 0.354942 0.354587 0.354432 0.354344 0.353720 0.352809 0.352041 0.351397 0.351126 0.350488 0.349510 0.349423 0.349036 0.348309 0.348279 0.348115 0.347902 0.347211 0.344841 0.344724 0.344683 0.344206 0.344344 0.344161 0.343988 0.343525 0.343333 0.342599 0.342598 0.342271 0.341428 0.340794 0.333423 0.330065 0.329597 0.330697 0.332393 0.337483 0.346846 0.339997 0.344908 0.343909 0.343475 0.342500 0.341628 0.340898 0.340394 0.337975 0.337395 0.340304 0.332302 0.338059 0.328826 0.330480 0.329837 0.326176
0.355224 0.355375 0.355389 0.355357 0.355401 0.355529 0.355458 0.355009 0.354816 0.354543 0.354640 0.354484 0.353823 0.352719 0.351642 0.351288 0.350429 0.349364 0.349160 0.348971 0.348338 0.348356 0.347984 0.348036 0.347743 0.345314 0.344652 0.344538 0.344119 0.344195 0.344059 0.343325 0.343489 0.343319 0.342705 0.342470 0.342351 0.341832 0.340990 0.338845 0.335707 0.327027 0.329174 0.329912 0.331284 0.335676 0.339895 0.341168 0.343658 0.343163 0.342592 0.342073 0.341682 0.340944 0.340317 0.337873 0.337382 0.336195 0.339475 0.333225 0.332400 0.328721 0.329431 0.330232
0.354852 0.355432 0.355505 0.355503 0.355423 0.355274 0.354881 0.354801 0.354611 0.354705 0.354629 0.354662 0.353983 0.352399 0.351309 0.351007 0.350204 0.349395 0.349122 0.348402 0.348040 0.348006 0.348026 0.347821 0.347538 0.345135 0.344563 0.344426 0.344227 0.344232 0.343767 0.343309 0.343132 0.342818 0.342761 0.342656 0.342193 0.341912 0.340602 0.339631 0.337010 0.332390 0.328656 0.330036 0.331385 0.333951 0.338477 0.341220 0.339634 0.343046 0.342414 0.341841 0.341129 0.341043 0.337476 0.337962 0.337871 0.337243 0.336810 0.336360 0.338197 0.332665 0.327878 0.331117
0.355209 0.355545 0.355643 0.355410 0.355302 0.355131 0.354627 0.354470 0.354617 0.354424 0.354614 0.354874 0.353919 0.352004 0.351257 0.350894 0.349933 0.349438 0.348535 0.348166 0.348056 0.347853 0.347800 0.347211 0.345214 0.344646 0.344842 0.344724 0.344726 0.344247 0.344002 0.343414 0.343024 0.343236 0.343011 0.342529 0.341968 0.341517 0.340447 0.340011 0.339004 0.334324 0.330157 0.328222 0.330289 0.332291 0.335978 0.343193 0.338789 0.342705 0.342140 0.341619 0.341005 0.340410 0.337408 0.337664 0.338469 0.336499 0.336191 0.335839 0.341000 0.337608 0.336209 0.332110
0.355285 0.355556 0.355565 0.355492 0.355188 0.354843 0.354513 0.354430 0.354390 0.354086 0.354251 0.354599 0.353720 0.351546 0.350933 0.350705 0.349998 0.349476 0.348395 0.347925 0.347568 0.347594 0.347047 0.345120 0.344525 0.344628 0.344902 0.345167 0.344760 0.344514 0.343696 0.343653 0.343414 0.343107 0.342757 0.342587 0.341750 0.341029 0.340461 0.340213 0.339734 0.338111 0.333156 0.329417 0.328823 0.331387 0.333587 0.339943 0.342178 0.339987 0.341546 0.341066 0.340206 0.337120 0.337462 0.337673 0.337835 0.336757 0.335810 0.339365 0.343979 0.334075 0.338688 0.331602
0.355363 0.355476 0.355338 0.355055 0.355089 0.354869 0.355016 0.354748 0.353951 0.353831 0.353750 0.354265 0.353491 0.351675 0.350913 0.350804 0.350260 0.349395 0.348212 0.347731 0.347147 0.347152 0.346567 0.344719 0.344597 0.344790 0.345150 0.344963 0.344660 0.344462 0.344207 0.343806 0.343360 0.342822 0.342309 0.342234 0.341230 0.340903 0.341067 0.340505 0.339847 0.339362 0.338528 0.333239 0.329834 0.329386 0.329492 0.331819 0.339977 0.338368 0.338865 0.338281 0.337627 0.336628 0.336554 0.338035 0.337543 0.336773 0.338895 0.338169 0.333885 0.333554 0.333789 0.330590
0.355512 0.355397 0.354883 0.354801 0.354921 0.355367 0.355111 0.354811 0.354167 0.353619 0.353510 0.353676 0.353494 0.352076 0.351213 0.351168 0.350989 0.349622 0.348439 0.347679 0.347211 0.346599 0.344590 0.344523 0.344800 0.344971 0.344823 0.344404 0.344304 0.344136 0.343863 0.343895 0.343073 0.342381 0.341870 0.341241 0.341066 0.341354 0.340727 0.340081 0.339681 0.339708 0.338409 0.337514 0.331753 0.330821 0.329172 0.330065 0.340958 0.344495 0.339349 0.338615 0.337747 0.337574 0.337278 0.337627 0.337691 0.338210 0.336514 0.338263 0.331322 0.332396 0.331911 0.328059
0.355561 0.355190 0.354864 0.354400 0.354523 0.354760 0.354905 0.354811 0.354291 0.353640 0.353275 0.353337 0.353491 0.352680 0.351749 0.351613 0.351181 0.350034 0.349045 0.347945 0.347358 0.347074 0.344706 0.345154 0.345315 0.344956 0.344329 0.344082 0.343861 0.343919 0.343666 0.343285 0.342844 0.341993 0.341587 0.340991 0.341107 0.341042 0.340569 0.339914 0.339306 0.340019 0.338420 0.339596 0.336278 0.330874 0.328168 0.328903 0.330911 0.341242 0.345009 0.338584 0.338205 0.338357 0.338315 0.338708 0.338308 0.337832 0.337133 0.336407 0.336013 0.329803 0.329328 0.332608
0.354997 0.354937 0.354710 0.354389 0.354096 0.354239 0.354402 0.354740 0.354322 0.353850 0.353246 0.353096 0.352832 0.352683 0.352479 0.352137 0.351164 0.350497 0.349405 0.348341 0.347628 0.345431 0.345585 0.345723 0.345435 0.344669 0.344134 0.343682 0.342999 0.343187 0.342928 0.342797 0.342375 0.341954 0.341152 0.340850 0.341053 0.340746 0.340322 0.339967 0.339625 0.339285 0.339819 0.337685 0.338590 0.331492 0.327700 0.326203 0.328215 0.339311 0.333444 0.339278 0.338688 0.338564 0.339337 0.338911 0.338978 0.338459 0.337424 0.336033 0.333927 0.335984 0.336295 0.338035
0.354314 0.354193 0.354357 0.353927 0.353838 0.353310 0.353289 0.353691 0.354045 0.353841 0.353336 0.352859 0.352350 0.352038 0.351845 0.351784 0.351175 0.350465 0.349587 0.348617 0.348016 0.346129 0.346149 0.345675 0.344889 0.344000 0.343593 0.343317 0.343418 0.342771 0.342753 0.342577 0.342279 0.341934 0.341085 0.341038 0.340697 0.340561 0.340048 0.339553 0.338811 0.339312 0.339550 0.335712 0.335997 0.330988 0.329448 0.327222 0.327023 0.330591 0.333994 0.336602 0.339237 0.339228 0.339755 0.339388 0.339191 0.338586 0.338723 0.336254 0.334262 0.334236 0.335501 0.336841
0.353623 0.353476 0.353382 0.353279 0.352944 0.352619 0.352438 0.352561 0.353036 0.353347 0.353005 0.352587 0.351928 0.351481 0.351067 0.350831 0.350411 0.349928 0.349273 0.348558 0.348135 0.346280 0.345683 0.345166 0.344096 0.343538 0.343272 0.343254 0.342700 0.342645 0.342569 0.342448 0.342202 0.341786 0.340945 0.340618 0.339867 0.339700 0.339381 0.339178 0.339051 0.338518 0.336795 0.340114 0.333553 0.332511 0.327540 0.326883 0.326952 0.329007 0.334781 0.338608 0.337954 0.339126 0.338826 0.339030 0.338764 0.338281 0.337767 0.336666 0.336005 0.336086 0.337920 0.337717
0.353151 0.352670 0.352303 0.351735 0.351983 0.351824 0.351551 0.351430 0.351430 0.352530 0.352638 0.352245 0.351644 0.351053 0.350549 0.350039 0.349521 0.349427 0.349017 0.348613 0.348430 0.347544 0.345136 0.344305 0.343667 0.343173 0.343153 0.343087 0.342626 0.342422 0.342316 0.342431 0.341736 0.340784 0.340493 0.339708 0.339438 0.339078 0.338993 0.338655 0.339345 0.337540 0.337836 0.337112 0.336880 0.335482 0.335215 0.332010 0.327112 0.327784 0.329969 0.335380 0.337939 0.337808 0.337700 0.337682 0.337437 0.337422 0.337274 0.337078 0.336585 0.337086 0.337199 0.336507
0.352635 0.352124 0.351151 0.350837 0.351012 0.351119 0.350636 0.350397 0.350344 0.350785 0.351373 0.351408 0.351439 0.350838 0.349874 0.349226 0.348821 0.348400 0.348253 0.348484 0.347874 0.347197 0.346661 0.346076 0.343236 0.343021 0.342933 0.342455 0.342452 0.342261 0.342011 0.341656 0.341183 0.340480 0.339616 0.339344 0.338888 0.338651 0.338143 0.338894 0.338223 0.338454 0.337786 0.337821 0.337787 0.337741 0.337631 0.335403 0.327982 0.328686 0.331370 0.337172 0.337964 0.337970 0.337843 0.336415 0.336268 0.337154 0.336965 0.336864 0.337349 0.337303 0.337034 0.335071
0.351815 0.351301 0.350928 0.350481 0.349964 0.350284 0.350415 0.349975 0.349591 0.349532 0.350268 0.350777 0.350745 0.350743 0.349731 0.349065 0.348531 0.348206 0.347942 0.347829 0.347320 0.346720 0.346117 0.345630 0.342988 0.343066 0.342336 0.342592 0.342344 0.341755 0.341395 0.341364 0.340873 0.340028 0.339431 0.339000 0.338709 0.338819 0.338129 0.338167 0.338175 0.338138 0.337798 0.338189 0.338244 0.338450 0.338213 0.337155 0.335985 0.332539 0.331757 0.337424 0.338408 0.338421 0.337925 0.337459 0.335662 0.336229 0.336914 0.337253 0.337415 0.338085 0.335998 0.337534
0.351589 0.351319 0.350703 0.349846 0.349475 0.349677 0.350619 0.350609 0.349393 0.348833 0.348935 0.350133 0.350617 0.350327 0.349793 0.349357 0.348731 0.348060 0.347635 0.347073 0.346641 0.346344 0.345607 0.345139 0.342868 0.342979 0.342945 0.342739 0.342505 0.341815 0.341463 0.341543 0.340906 0.340332 0.339601 0.339068 0.339038 0.338222 0.338087 0.338009 0.337910 0.338089 0.338233 0.338402 0.339020 0.338975 0.338907 0.338467 0.337121 0.334688 0.334928 0.337764 0.338600 0.339157 0.338511 0.337674 0.337116 0.336971 0.337279 0.337441 0.337627 0.337723 0.336901 0.338199
0.351936 0.351417 0.350353 0.349871 0.349594 0.349763 0.350036 0.350569 0.349919 0.348879 0.348771 0.349379 0.350143 0.350252 0.349743 0.349049 0.348862 0.348119 0.347381 0.346654 0.346137 0.345881 0.345592 0.345479 0.343439 0.343339 0.343088 0.342817 0.342885 0.341855 0.341652 0.342017 0.341496 0.340930 0.339946 0.340102 0.338620 0.338342 0.338058 0.337847 0.337847 0.337831 0.338084 0.338932 0.339078 0.339085 0.339104 0.338966 0.338272 0.336294 0.335785 0.337234 0.338511 0.338990 0.338829 0.338458 0.338545 0.337359 0.337317 0.337486 0.337552 0.337989 0.337505 0.337400
0.351933 0.351052 0.350457 0.350200 0.349580 0.348185 0.349998 0.350369 0.349807 0.349064 0.348659 0.348843 0.349580 0.349949 0.349792 0.349370 0.348817 0.348179 0.347576 0.346637 0.346081 0.345557 0.345333 0.343241 0.343400 0.343181 0.343105 0.342761 0.341919 0.341603 0.341795 0.341483 0.341625 0.340652 0.340287 0.339987 0.339084 0.338392 0.337864 0.337922 0.337719 0.337629 0.338085 0.338707 0.338920 0.338961 0.338966 0.339135 0.338865 0.338326 0.336909 0.337141 0.338451 0.339172 0.339035 0.338776 0.338881 0.338100 0.337435 0.337533 0.337986 0.337991 0.338658 0.337854
0.351397 0.350911 0.350508 0.349701 0.347868 0.347816 0.348049 0.350113 0.349798 0.348982 0.346678 0.346990 0.347590 0.349589 0.349584 0.349161 0.348649 0.348365 0.346839 0.346554 0.346079 0.345551 0.343534 0.343491 0.343660 0.343269 0.342961 0.342423 0.341419 0.341510 0.341329 0.341274 0.341087 0.340585 0.340776 0.340085 0.339235 0.338537 0.338303 0.337927 0.337678 0.337202 0.337260 0.337912 0.338569 0.338652 0.338565 0.338661 0.338676 0.338340 0.337689 0.337338 0.338306 0.339235 0.339131 0.338929 0.338593 0.338443 0.337450 0.337907 0.337416 0.337753 0.335817 0.334651
0.351093 0.350718 0.350185 0.348028 0.347750 0.347252 0.349232 0.349305 0.349519 0.348701 0.346601 0.346267 0.346802 0.347451 0.348889 0.348722 0.348296 0.347675 0.347286 0.346473 0.345893 0.345535 0.343396 0.343435 0.343172 0.343041 0.342597 0.342115 0.341167 0.340940 0.340902 0.340887 0.340748 0.341084 0.340404 0.340171 0.339361 0.338673 0.338337 0.338025 0.337800 0.336965 0.336850 0.337410 0.337761 0.337772 0.337691 0.337600 0.337910 0.337788 0.337467 0.337207 0.338080 0.339414 0.338796 0.338867 0.338380 0.338354 0.337600 0.337814 0.337505 0.336698 0.335137 0.333952
0.350691 0.350541 0.350202 0.347965 0.347230 0.346888 0.348534 0.348753 0.348664 0.346804 0.346185 0.345870 0.345940 0.346550 0.348892 0.348322 0.347646 0.347132 0.346998 0.346266 0.346132 0.343928 0.343837 0.343590 0.343522 0.343061 0.342660 0.342347 0.341071 0.340848 0.340396 0.340219 0.340245 0.340609 0.340061 0.340046 0.339116 0.338671 0.338877 0.338342 0.337819 0.336847 0.336657 0.336901 0.337080 0.337253 0.337366 0.337169 0.337340 0.336953 0.336705 0.336772 0.337606 0.338630 0.338676 0.338714 0.338273 0.338204 0.338467 0.336917 0.336496 0.337051 0.336539 0.335757
0.350451 0.350094 0.350040 0.347570 0.347125 0.346689 0.346458 0.348362 0.348315 0.346732 0.346051 0.345256 0.345005 0.345427 0.347789 0.347755 0.347416 0.346980 0.346826 0.346677 0.346660 0.344711 0.344568 0.344219 0.344282 0.343627 0.343384 0.342552 0.341986 0.340952 0.340282 0.339880 0.339934 0.339879 0.339709 0.339411 0.338988 0.339457 0.339270 0.338941 0.338486 0.337482 0.336948 0.336877 0.337113 0.337343 0.337308 0.337364 0.336786 0.336406 0.336333 0.336268 0.337362 0.338446 0.338869 0.339036 0.338715 0.338406 0.338420 0.337670 0.337247 0.336942 0.335681 0.335717
0.350044 0.349977 0.349291 0.347322 0.347252 0.347144 0.346998 0.346893 0.346949 0.346644 0.346225 0.345392 0.344887 0.345067 0.345437 0.347203 0.347082 0.346951 0.346898 0.347207 0.345829 0.345216 0.345007 0.345614 0.345175 0.344916 0.343392 0.343175 0.342523 0.341479 0.340664 0.340528 0.340240 0.339987 0.340081 0.339250 0.339074 0.339273 0.339687 0.339461 0.339070 0.338520 0.337821 0.337471 0.337513 0.337671 0.337690 0.337204 0.336970 0.336505 0.335532 0.335251 0.336194 0.337701 0.339180 0.339149 0.338761 0.338498 0.338393 0.337768 0.337108 0.337053 0.336653 0.336428
